Avg_MHz	Busy%	Bzy_MHz	TSC_MHz	IPC	IRQ	NMI	SMI	LLCMRPS	LLC%hit	POLL%	C1%	C1E%	C6%	CPU%c1	CPU%c6	CoreTmp	CoreThr	PkgTmp	Pkg%pc2	Pkg%pc6	PkgWatt	RAMWatt	PKG_%	RAM_%	UncMHz
360	17.14	2083	2116	0.00	255	0	0	0	nan	0.00	0.00	29.79	53.62	82.86	0.00	38	0	42	0.00	0.00	64.40	7.70	0.00	0.00	2000
451	19.95	2225	2132	0.00	228	0	0	0	nan	0.04	1.31	13.72	66.51	80.05	0.00	38	0	43	0.00	0.00	70.61	7.84	0.00	0.00	2000
88	7.30	1201	2098	0.00	222	0	0	0	nan	0.00	0.02	9.46	83.23	92.70	0.00	37	0	42	0.00	0.00	57.07	7.05	0.00	0.00	2000
72	6.70	1076	2106	0.00	195	0	0	0	nan	0.00	0.00	2.91	90.68	93.30	0.00	37	0	43	0.00	0.00	60.27	7.59	0.00	0.00	2000
75	6.54	1149	2110	0.00	193	0	0	0	nan	0.00	0.01	1.86	91.98	93.46	0.00	38	0	43	0.00	0.00	58.45	7.48	0.00	0.00	2000
73	6.52	1108	2118	0.00	192	0	0	0	nan	0.00	0.01	2.00	92.22	93.48	0.00	37	0	42	0.00	0.00	60.90	7.74	0.00	0.00	2000
73	6.66	1099	2095	0.00	194	0	0	0	nan	0.00	0.00	2.76	90.40	93.34	0.00	37	0	43	0.00	0.00	56.16	7.01	0.00	0.00	2000
74	6.67	1104	2096	0.00	194	0	0	0	nan	0.00	0.00	2.65	90.50	93.33	0.00	37	0	42	0.00	0.00	59.25	7.56	0.00	0.00	2000
72	6.55	1108	2084	0.00	193	0	0	0	nan	0.00	0.02	2.24	90.43	93.45	0.00	37	0	42	0.00	0.00	59.00	7.54	0.00	0.00	2000
71	6.88	1037	2104	0.00	193	0	0	0	nan	0.00	0.02	3.03	90.30	93.12	0.00	37	0	42	0.00	0.00	58.18	7.49	0.00	0.00	2000
74	6.69	1101	2099	0.00	212	0	0	0	nan	0.00	0.05	4.81	88.40	93.31	0.00	37	0	43	0.00	0.00	57.40	7.31	0.00	0.00	2000
73	6.83	1069	2100	0.00	195	0	0	0	nan	0.00	0.00	3.32	89.84	93.17	0.00	37	0	43	0.00	0.00	58.04	7.23	0.00	0.00	2000
73	6.90	1050	2121	0.00	192	0	0	0	nan	0.00	0.00	2.23	91.92	93.10	0.00	37	0	42	0.00	0.00	60.99	7.70	0.00	0.00	2000
73	6.72	1089	2107	0.00	193	0	0	0	nan	0.00	0.02	2.76	90.74	93.28	0.00	37	0	43	0.00	0.00	59.70	7.45	0.00	0.00	2000
73	6.40	1151	2091	0.00	193	0	0	0	nan	0.00	0.00	3.09	90.06	93.60	0.00	37	0	43	0.00	0.00	58.40	7.46	0.00	0.00	2000
72	6.61	1094	2079	0.00	194	0	0	1	88.09	0.00	0.00	3.10	89.44	93.39	0.00	38	0	42	0.00	0.00	56.72	7.04	0.00	0.00	2000
75	6.76	1099	2121	0.07	194	0	0	2	87.05	0.00	0.00	2.03	92.15	93.24	0.00	37	0	43	0.00	0.00	61.05	7.69	0.00	0.00	2000
73	6.50	1118	2097	0.00	193	0	0	0	nan	0.00	0.00	2.45	90.83	93.50	0.00	37	0	42	0.00	0.00	59.14	7.47	0.00	0.00	2000
140	8.37	1677	2100	0.00	213	0	0	0	nan	0.00	0.02	4.86	86.70	91.63	0.00	38	0	43	0.00	0.00	60.40	7.29	0.00	0.00	2000
228	11.17	2052	2093	0.00	203	0	0	0	nan	0.01	0.00	4.32	84.29	88.83	0.00	40	0	43	0.00	0.00	66.63	7.62	0.00	0.00	2000
265	12.50	2110	2112	0.00	202	0	0	0	nan	0.00	0.00	3.35	84.70	87.50	0.00	40	0	43	0.00	0.00	64.94	7.58	0.00	0.00	2000
232	11.17	2089	2090	0.00	201	0	0	0	nan	0.00	0.00	4.39	84.06	88.83	0.00	41	0	43	0.00	0.00	63.63	7.33	0.00	0.00	2000
230	11.09	2074	2105	0.00	240	0	0	0	nan	0.00	0.00	3.80	85.33	88.91	0.00	39	0	42	0.00	0.00	67.83	7.63	0.00	0.00	2000
225	10.72	2103	2099	0.00	200	0	0	0	nan	0.00	0.00	6.14	83.12	89.28	0.00	38	0	42	0.00	0.00	63.60	7.52	0.00	0.00	2000
218	10.89	2051	2055	0.00	198	0	0	0	nan	0.00	0.01	5.60	81.63	89.11	0.00	37	0	43	0.00	0.00	58.78	6.96	0.00	0.00	2000
231	10.88	2079	2143	0.00	238	0	0	0	nan	0.00	0.00	5.94	85.05	89.12	0.00	38	0	42	0.00	0.00	73.95	8.65	0.00	0.00	2000
235	11.33	2065	2112	0.00	198	0	0	0	nan	0.00	0.01	4.79	84.49	88.67	0.00	38	0	42	0.00	0.00	68.20	8.07	0.00	0.00	2000
229	10.99	2088	2097	0.00	199	0	0	0	nan	0.00	0.02	3.48	85.30	89.01	0.00	38	0	43	0.00	0.00	65.03	7.45	0.00	0.00	2000
227	11.17	2063	2072	0.00	198	0	0	0	nan	0.00	0.01	4.34	83.44	88.83	0.00	38	0	42	0.00	0.00	63.41	7.24	0.00	0.00	2000
233	10.88	2122	2120	0.00	199	0	0	0	nan	0.00	0.01	3.10	86.96	89.13	0.00	39	0	42	0.00	0.00	66.11	7.56	0.00	0.00	2000
231	11.27	2060	2093	0.00	208	0	0	0	nan	0.00	0.01	4.01	84.42	88.73	0.00	39	0	43	0.00	0.00	66.19	7.60	0.00	0.00	2000
233	11.22	2054	2120	0.00	216	0	0	0	nan	0.00	0.00	7.33	82.34	88.78	0.00	39	0	43	0.00	0.00	64.71	7.35	0.00	0.00	2000
226	11.25	2039	2072	0.09	196	0	0	7	81.50	0.00	0.00	5.22	82.49	88.75	0.00	39	0	42	0.00	0.00	61.79	7.00	0.00	0.00	2000
236	11.03	2103	2134	0.54	202	0	0	13	89.68	0.00	0.02	6.28	84.15	88.97	0.00	38	0	42	0.00	0.00	68.22	7.59	0.00	0.00	2000
234	11.36	2067	2097	0.00	198	0	0	0	nan	0.00	0.00	5.06	83.54	88.64	0.00	39	0	43	0.00	0.00	64.90	7.67	0.00	0.00	2000
227	11.09	2069	2075	0.00	204	0	0	0	nan	0.00	0.00	5.57	82.36	88.91	0.00	39	0	43	0.00	0.00	66.52	7.51	0.00	0.00	2000
236	10.92	2133	2129	0.00	199	0	0	0	nan	0.00	0.00	6.74	83.67	89.08	0.00	40	0	42	0.00	0.00	66.66	7.66	0.00	0.00	2000
229	10.77	2143	2087	0.00	183	0	0	0	nan	0.00	0.01	4.15	84.55	89.23	0.00	40	0	43	0.00	0.00	62.49	7.35	0.00	0.00	2000
226	10.66	2134	2086	0.00	215	0	0	0	nan	0.00	0.00	5.93	82.79	89.34	0.00	40	0	43	0.00	0.00	63.91	7.09	0.00	0.00	2000
231	11.01	2110	2091	0.00	199	0	0	0	nan	0.00	0.02	3.79	84.89	88.99	0.00	39	0	42	0.00	0.00	65.46	7.58	0.00	0.00	2000
233	11.09	2099	2104	0.00	205	0	0	0	nan	0.00	0.00	3.14	86.04	88.91	0.00	39	0	43	0.00	0.00	65.80	7.76	0.00	0.00	2000
233	10.94	2117	2116	0.00	198	0	0	0	nan	0.00	1.08	6.57	82.14	89.06	0.00	39	0	43	0.00	0.00	66.63	7.78	0.00	0.00	2000
231	11.04	2090	2098	0.00	198	0	0	0	nan	0.00	0.00	5.12	83.82	88.96	0.00	39	0	42	0.00	0.00	66.09	7.60	0.00	0.00	2000
233	11.11	2076	2119	0.00	197	0	0	0	nan	0.00	0.97	4.65	84.21	88.89	0.00	39	0	42	0.00	0.00	66.23	7.41	0.00	0.00	2000
226	10.65	2159	2064	0.00	198	0	0	0	nan	0.00	0.00	5.26	82.56	89.35	0.00	40	0	42	0.00	0.00	64.37	7.54	0.00	0.00	2000
233	10.95	2104	2127	0.00	212	0	0	0	nan	0.00	0.02	5.83	84.18	89.05	0.00	38	0	43	0.00	0.00	65.25	7.75	0.00	0.00	2000
229	10.99	2096	2090	0.00	204	0	0	0	nan	0.00	0.00	2.84	85.86	89.01	0.00	40	0	43	0.00	0.00	67.19	7.59	0.00	0.00	2000
231	11.05	2082	2106	0.00	203	0	0	0	nan	0.00	0.00	3.00	86.27	88.95	0.00	41	0	43	0.00	0.00	63.56	7.48	0.00	0.00	2000
230	11.09	2081	2095	0.00	204	0	0	0	nan	0.01	0.04	2.36	86.30	88.91	0.00	41	0	42	0.00	0.00	67.31	7.87	0.00	0.00	2000
229	10.83	2117	2101	0.10	203	0	0	4	78.62	0.00	0.02	3.35	85.92	89.17	0.00	41	0	43	0.00	0.00	62.88	7.53	0.00	0.00	2000
234	11.17	2097	2101	0.76	212	0	0	8	80.71	0.00	0.02	3.14	85.78	88.83	0.00	41	0	43	0.00	0.00	67.49	7.94	0.00	0.00	2000
236	10.82	2157	2120	0.00	206	0	0	0	nan	0.00	0.00	5.20	84.86	89.18	0.00	41	0	42	0.00	0.00	64.45	7.61	0.00	0.00	2000
228	10.83	2134	2074	0.00	205	0	0	0	nan	0.00	0.01	3.24	84.94	89.17	0.00	41	0	43	0.00	0.00	63.83	7.46	0.00	0.00	2000
232	10.96	2095	2118	0.00	219	0	0	0	nan	0.00	0.00	3.38	86.51	89.04	0.00	42	0	43	0.00	0.00	67.72	8.08	0.00	0.00	2000
230	10.68	2152	2099	0.00	203	0	0	0	nan	0.00	0.00	3.32	86.00	89.32	0.00	41	0	42	0.00	0.00	64.96	7.69	0.00	0.00	2000
233	10.91	2126	2111	0.00	187	0	0	0	nan	0.00	0.00	3.94	85.76	89.09	0.00	41	0	43	0.00	0.00	63.88	7.44	0.00	0.00	2000
231	11.03	2101	2094	0.00	210	0	0	0	nan	0.00	0.00	4.22	84.56	88.97	0.00	41	0	43	0.00	0.00	66.78	7.70	0.00	0.00	2000
225	10.72	2116	2082	0.00	203	0	0	0	nan	0.00	0.00	3.17	85.38	89.28	0.00	41	0	42	0.00	0.00	63.56	7.46	0.00	0.00	2000
232	10.87	2121	2114	0.00	220	0	0	0	nan	0.00	0.00	3.07	86.71	89.13	0.00	42	0	43	0.00	0.00	68.84	7.92	0.00	0.00	2000
227	10.74	2129	2088	0.00	187	0	0	0	nan	0.00	0.00	3.25	85.53	89.26	0.00	42	0	43	0.00	0.00	63.15	7.42	0.00	0.00	2000
233	11.18	2075	2108	0.00	204	0	0	0	nan	0.00	0.00	3.22	86.02	88.82	0.00	41	0	42	0.00	0.00	66.11	7.65	0.00	0.00	2000
230	10.99	2086	2103	0.00	212	0	0	0	nan	0.00	0.02	2.77	86.42	89.01	0.00	41	0	42	0.00	0.00	64.87	7.75	0.00	0.00	2000
226	11.08	2064	2074	0.00	202	0	0	0	nan	0.00	0.00	3.12	84.81	88.92	0.00	41	0	43	0.00	0.00	63.70	7.53	0.00	0.00	2000
231	10.78	2123	2116	0.00	203	0	0	0	nan	0.00	0.00	4.22	85.74	89.22	0.00	42	0	42	0.00	0.00	65.79	7.73	0.00	0.00	2000
233	10.94	2125	2100	0.00	204	0	0	0	nan	0.00	0.00	3.69	85.42	89.06	0.00	42	0	42	0.00	0.00	65.15	7.68	0.00	0.00	2000
229	11.35	2031	2082	0.00	204	0	0	0	nan	0.00	0.02	4.53	83.36	88.65	0.00	42	0	43	0.00	0.00	64.58	7.68	0.00	0.00	2000
230	11.05	2071	2113	0.00	213	0	0	3	80.80	0.00	0.00	3.81	85.80	88.95	0.00	42	0	43	0.00	0.00	66.07	7.81	0.00	0.00	2000
229	10.87	2115	2094	0.92	219	0	0	8	80.93	0.00	0.02	3.97	84.94	89.13	0.00	41	0	42	0.00	0.00	66.10	7.83	0.00	0.00	2000
234	11.07	2094	2116	0.00	203	0	0	0	nan	0.00	0.02	2.50	87.12	88.93	0.00	42	0	43	0.00	0.00	66.11	7.89	0.00	0.00	2000
228	11.10	2054	2098	0.00	202	0	0	0	nan	0.00	0.02	3.02	85.86	88.90	0.00	42	0	43	0.00	0.00	64.20	7.63	0.00	0.00	2000
233	11.56	2007	2107	0.00	203	0	0	0	nan	0.00	0.01	2.67	86.10	88.44	0.00	42	0	43	0.00	0.00	66.86	7.82	0.00	0.00	2000
230	11.03	2087	2095	0.00	215	0	0	0	nan	0.00	0.00	3.89	85.01	88.97	0.00	41	0	43	0.00	0.00	64.37	7.58	0.00	0.00	2000
230	11.28	2036	2105	0.00	205	0	0	0	nan	0.00	0.00	3.62	85.42	88.72	0.00	41	0	43	0.00	0.00	65.08	7.60	0.00	0.00	2000
227	11.24	2030	2090	0.00	204	0	0	0	nan	0.00	0.00	4.06	84.37	88.76	0.00	42	0	43	0.00	0.00	65.48	7.66	0.00	0.00	2000
233	11.05	2093	2117	0.00	204	0	0	0	nan	0.00	0.02	2.72	87.01	88.95	0.00	42	0	42	0.00	0.00	66.46	7.79	0.00	0.00	2000
229	10.84	2125	2089	0.00	203	0	0	0	nan	0.01	0.02	3.38	85.29	89.16	0.00	42	0	43	0.00	0.00	64.49	7.36	0.00	0.00	2000
226	10.84	2108	2078	0.00	213	0	0	0	nan	0.00	0.01	3.70	84.63	89.16	0.00	42	0	42	0.00	0.00	64.99	7.64	0.00	0.00	2000
234	11.25	2051	2134	0.00	205	0	0	0	nan	0.01	0.01	2.67	87.58	88.75	0.00	42	0	43	0.00	0.00	66.73	7.69	0.00	0.00	2000
229	10.93	2101	2096	0.00	203	0	0	0	nan	0.00	0.02	3.62	85.34	89.07	0.00	42	0	42	0.00	0.00	65.32	7.53	0.00	0.00	2000
228	11.33	2012	2098	0.00	204	0	0	0	nan	0.00	0.00	2.93	85.79	88.68	0.00	42	0	43	0.00	0.00	65.26	7.69	0.00	0.00	2000
227	11.17	2050	2082	0.00	203	0	0	0	nan	0.00	0.02	2.61	85.46	88.83	0.00	42	0	42	0.00	0.00	63.41	7.48	0.00	0.00	2000
236	11.04	2109	2129	0.00	213	0	0	0	nan	0.00	0.03	3.66	86.45	88.96	0.00	42	0	42	0.00	0.00	65.12	7.63	0.00	0.00	2000
231	10.96	2103	2101	0.00	204	0	0	0	nan	0.00	0.00	3.39	85.75	89.04	0.00	42	0	43	0.00	0.00	65.24	7.65	0.00	0.00	2000
225	10.78	2114	2076	0.00	203	0	0	1	85.50	0.00	0.00	3.54	84.73	89.22	0.00	42	0	43	0.00	0.00	65.40	7.77	0.00	0.00	2000
233	10.95	2107	2119	0.98	219	0	0	10	80.42	0.00	0.00	2.99	86.94	89.05	0.00	41	0	43	0.00	0.00	65.04	7.74	0.00	0.00	2000
230	10.87	2122	2091	0.01	188	0	0	0	nan	0.00	0.02	3.20	85.57	89.13	0.00	42	0	43	0.00	0.00	65.16	7.72	0.00	0.00	2000
229	10.93	2120	2077	0.00	214	0	0	0	nan	0.00	0.00	3.49	84.68	89.07	0.00	42	0	43	0.00	0.00	64.70	7.68	0.00	0.00	2000
229	10.99	2072	2110	0.00	219	0	0	0	nan	0.00	0.00	3.01	86.58	89.01	0.00	42	0	43	0.00	0.00	65.08	7.64	0.00	0.00	2000
230	11.08	2069	2110	0.00	202	0	0	0	nan	0.00	0.00	3.74	85.71	88.92	0.00	42	0	43	0.00	0.00	65.12	7.63	0.00	0.00	2000
237	10.99	2164	2093	0.00	220	0	0	0	nan	0.00	0.00	6.60	82.13	89.01	0.00	41	0	43	0.00	0.00	66.67	7.66	0.00	0.00	2000
232	11.24	2068	2097	0.00	205	0	0	0	nan	0.01	0.00	2.94	85.82	88.76	0.00	42	0	43	0.00	0.00	65.19	7.67	0.00	0.00	2000
236	10.84	2147	2127	0.00	214	0	0	0	nan	0.00	0.02	2.97	87.29	89.16	0.00	42	0	42	0.00	0.00	65.58	7.72	0.00	0.00	2000
231	10.93	2119	2091	0.00	204	0	0	0	nan	0.00	0.00	3.82	84.97	89.07	0.00	42	0	43	0.00	0.00	64.52	7.66	0.00	0.00	2000
226	11.19	2027	2092	0.00	202	0	0	0	nan	0.00	0.00	2.96	85.62	88.81	0.00	42	0	43	0.00	0.00	66.44	7.71	0.00	0.00	2000
231	11.32	2034	2103	0.00	203	0	0	0	nan	0.00	0.00	2.44	86.55	88.68	0.00	42	0	42	0.00	0.00	66.35	7.70	0.00	0.00	2000
227	11.15	2046	2093	0.00	203	0	0	0	nan	0.00	0.00	3.34	85.31	88.85	0.00	42	0	42	0.00	0.00	62.40	7.42	0.00	0.00	2000
229	11.16	2069	2087	0.00	213	0	0	0	nan	0.00	0.00	3.79	84.65	88.84	0.00	42	0	43	0.00	0.00	64.55	7.64	0.00	0.00	2000
231	10.85	2103	2127	0.00	220	0	0	0	nan	0.00	0.00	4.35	85.93	89.15	0.00	42	0	43	0.00	0.00	68.16	7.87	0.00	0.00	2000
230	11.07	2076	2101	0.00	203	0	0	0	nan	0.00	0.00	3.38	85.72	88.93	0.00	42	0	43	0.00	0.00	64.59	7.59	0.00	0.00	2000
236	11.18	2121	2088	0.00	184	0	0	0	nan	0.01	0.00	2.88	85.46	88.82	0.00	42	0	43	0.00	0.00	64.05	7.47	0.00	0.00	2000
230	10.95	2109	2093	0.00	219	0	0	1	85.51	0.00	0.00	3.12	85.65	89.05	0.00	42	0	43	0.00	0.00	65.43	7.60	0.00	0.00	2000
232	11.01	2103	2107	1.01	213	0	0	11	80.37	0.00	0.00	4.31	85.02	88.99	0.00	42	0	43	0.00	0.00	66.17	7.85	0.00	0.00	2000
232	11.12	2073	2115	0.02	204	0	0	0	nan	0.00	0.02	2.28	87.37	88.88	0.00	42	0	43	0.00	0.00	66.22	7.85	0.00	0.00	2000
226	11.17	2046	2076	0.00	203	0	0	0	nan	0.00	0.00	3.06	84.73	88.83	0.00	42	0	42	0.00	0.00	64.00	7.60	0.00	0.00	2000
231	11.09	2075	2111	0.00	203	0	0	0	nan	0.00	0.00	2.80	86.64	88.91	0.00	42	0	42	0.00	0.00	66.14	7.73	0.00	0.00	2000
269	12.36	2184	2089	0.00	203	0	0	0	nan	0.00	0.02	3.64	83.56	87.64	0.00	42	0	43	0.00	0.00	67.15	7.46	0.00	0.00	2000
233	11.14	2099	2096	0.00	212	0	0	0	nan	0.00	0.00	2.60	86.18	88.86	0.00	42	0	43	0.00	0.00	64.82	7.86	0.00	0.00	2000
233	11.15	2077	2113	0.00	207	0	0	0	nan	0.00	0.00	3.78	85.66	88.85	0.00	42	0	43	0.00	0.00	64.54	7.61	0.00	0.00	2000
231	11.14	2064	2112	0.00	220	0	0	0	nan	0.00	0.00	3.03	86.44	88.86	0.00	42	0	43	0.00	0.00	66.79	7.78	0.00	0.00	2000
226	10.83	2096	2089	0.00	200	0	0	0	nan	0.00	0.00	3.00	85.69	89.17	0.00	42	0	43	0.00	0.00	63.71	7.44	0.00	0.00	2000
233	11.25	2065	2106	0.00	222	0	0	0	nan	0.00	0.01	3.65	85.44	88.75	0.00	42	0	43	0.00	0.00	66.69	7.59	0.00	0.00	2000
230	11.03	2078	2103	0.00	214	0	0	0	nan	0.00	0.00	3.43	85.72	88.97	0.00	42	0	42	0.00	0.00	64.83	7.96	0.00	0.00	2000
232	11.08	2087	2104	0.00	207	0	0	0	nan	0.00	0.00	6.62	82.57	88.92	0.00	42	0	43	0.00	0.00	65.73	7.52	0.00	0.00	2000
228	10.87	2110	2088	0.00	187	0	0	0	nan	0.00	0.00	3.51	85.15	89.13	0.00	42	0	43	0.00	0.00	64.04	7.43	0.00	0.00	2000
229	10.85	2116	2099	0.00	205	0	0	0	nan	0.00	0.00	4.31	84.88	89.15	0.00	42	0	42	0.00	0.00	65.48	7.82	0.00	0.00	2000
231	10.95	2094	2119	0.00	203	0	0	0	nan	0.00	0.00	3.57	86.32	89.05	0.00	42	0	43	0.00	0.00	67.04	7.78	0.00	0.00	2000
230	11.04	2107	2079	0.00	212	0	0	0	nan	0.00	0.00	3.59	84.52	88.96	0.00	42	0	43	0.00	0.00	63.94	7.63	0.00	0.00	2000
229	11.03	2065	2114	0.00	203	0	0	0	nan	0.01	0.00	3.43	86.20	88.97	0.00	42	0	43	0.00	0.00	66.11	7.99	0.00	0.00	2000
232	11.24	2063	2102	1.00	204	0	0	10	80.42	0.00	0.02	3.59	85.34	88.76	0.00	42	0	43	0.00	0.00	66.37	7.76	0.00	0.00	2000
225	11.00	2070	2072	0.05	204	0	0	0	nan	0.00	0.00	3.28	84.60	89.00	0.00	42	0	43	0.00	0.00	63.64	7.56	0.00	0.00	2000
238	11.22	2104	2113	0.00	205	1	0	0	nan	0.00	0.00	4.10	85.26	88.78	0.00	42	0	43	0.00	0.00	66.58	8.43	0.00	0.00	2000
252	11.84	2132	2095	0.00	247	0	0	0	nan	0.00	0.02	3.38	84.65	88.16	0.00	42	0	43	0.00	0.00	68.47	8.68	0.00	0.00	2000
226	10.93	2073	2100	0.00	202	0	0	0	nan	0.00	0.03	3.20	85.98	89.07	0.00	42	0	43	0.00	0.00	67.05	8.64	0.00	0.00	2000
228	11.01	2069	2106	0.00	220	0	0	0	nan	0.00	0.01	3.41	85.84	88.99	0.00	43	0	43	0.00	0.00	67.21	8.59	0.00	0.00	2000
228	10.85	2118	2083	0.00	219	0	0	0	nan	0.01	0.00	3.62	84.85	89.15	0.00	43	0	43	0.00	0.00	63.91	8.32	0.00	0.00	2000
230	11.02	2072	2118	0.00	213	0	0	0	nan	0.00	0.00	3.26	86.57	88.98	0.00	42	0	43	0.00	0.00	70.23	9.06	0.00	0.00	2000
229	11.06	2068	2101	0.00	204	0	0	0	nan	0.00	0.03	3.47	85.60	88.94	0.00	42	0	43	0.00	0.00	66.98	8.47	0.00	0.00	2000
228	11.12	2054	2093	0.00	205	0	0	0	nan	0.00	0.02	2.74	85.96	88.88	0.00	42	0	42	0.00	0.00	66.78	8.61	0.00	0.00	2000
225	11.11	2044	2080	0.00	218	0	0	0	nan	0.01	0.00	2.78	85.31	88.89	0.00	42	0	43	0.00	0.00	65.90	8.41	0.00	0.00	2000
229	10.82	2093	2125	0.00	212	0	0	0	nan	0.00	0.02	4.26	86.04	89.18	0.00	42	0	43	0.00	0.00	67.46	8.70	0.00	0.00	2000
229	10.94	2087	2103	0.00	219	0	0	0	nan	0.00	0.00	3.17	86.10	89.06	0.00	43	0	43	0.00	0.00	67.23	8.63	0.00	0.00	2000
228	10.91	2099	2091	0.00	201	0	0	0	nan	0.00	0.02	2.70	86.03	89.09	0.00	43	0	43	0.00	0.00	66.74	8.41	0.00	0.00	2000
229	11.04	2065	2107	0.00	223	0	0	0	nan	0.00	0.00	4.53	84.80	88.96	0.00	43	0	43	0.00	0.00	63.98	8.19	0.00	0.00	2000
230	10.92	2104	2104	0.00	213	0	0	0	nan	0.00	0.02	3.13	86.19	89.08	0.00	43	0	43	0.00	0.00	71.00	9.10	0.00	0.00	2000
229	10.73	2141	2091	0.39	203	0	0	25	7.04	0.00	0.00	3.55	85.38	89.27	0.00	42	0	43	0.00	0.00	66.55	8.46	0.00	0.00	2000
229	10.86	2105	2104	1.23	204	0	0	25	7.46	0.00	0.01	3.14	86.26	89.14	0.00	43	0	43	0.00	0.00	63.97	7.99	0.00	0.00	2000
227	10.75	2117	2090	0.00	223	0	0	0	nan	0.00	0.00	3.48	85.31	89.25	0.00	42	0	43	0.00	0.00	69.76	8.73	0.00	0.00	2000
232	11.15	2069	2108	0.00	217	0	0	0	nan	0.00	0.00	4.72	84.53	88.85	0.00	42	0	42	0.00	0.00	67.77	8.14	0.00	0.00	2000
232	10.64	2161	2116	0.00	213	0	0	0	nan	0.00	0.00	3.62	86.52	89.36	0.00	42	0	43	0.00	0.00	64.37	8.56	0.00	0.00	2000
225	11.16	2035	2079	0.00	202	0	0	0	nan	0.00	0.05	2.95	85.09	88.84	0.00	43	0	43	0.00	0.00	65.79	8.41	0.00	0.00	2000
227	10.90	2078	2107	0.00	218	0	0	0	nan	0.00	0.00	3.62	85.82	89.10	0.00	43	0	43	0.00	0.00	67.17	8.68	0.00	0.00	2000
229	10.89	2084	2114	0.00	203	0	0	0	nan	0.00	0.01	3.52	86.27	89.11	0.00	43	0	43	0.00	0.00	67.73	8.63	0.00	0.00	2000
233	11.36	2040	2110	0.00	203	0	0	0	nan	0.00	0.02	3.26	85.88	88.64	0.00	43	0	43	0.00	0.00	67.30	8.48	0.00	0.00	2000
230	10.92	2101	2101	0.00	211	0	0	0	nan	0.00	0.02	3.31	85.83	89.08	0.00	42	0	43	0.00	0.00	67.65	8.66	0.00	0.00	2000
222	10.88	2078	2063	0.00	203	0	0	0	nan	0.00	0.00	3.33	84.28	89.12	0.00	43	0	43	0.00	0.00	64.93	8.24	0.00	0.00	2000
227	10.93	2067	2108	0.00	203	0	0	0	nan	0.00	0.00	3.98	85.59	89.07	0.00	42	0	43	0.00	0.00	67.15	8.52	0.00	0.00	2000
230	11.14	2075	2094	0.00	237	0	0	0	nan	0.00	0.00	3.57	85.02	88.86	0.00	43	0	43	0.00	0.00	66.66	8.50	0.00	0.00	2000
233	10.94	2100	2133	0.00	215	0	0	0	nan	0.00	0.00	4.37	86.21	89.06	0.00	42	0	43	0.00	0.00	68.81	8.69	0.00	0.00	2000
229	10.75	2130	2103	0.00	203	0	0	0	nan	0.00	0.00	3.25	86.26	89.25	0.00	42	0	43	0.00	0.00	67.32	8.36	0.00	0.00	2000
222	11.06	2041	2063	0.00	202	0	0	0	nan	0.00	0.00	3.32	84.16	88.94	0.00	43	0	43	0.00	0.00	65.15	8.30	0.00	0.00	2000
228	10.79	2107	2108	0.00	203	0	0	0	nan	0.00	0.02	3.71	85.87	89.21	0.00	43	0	43	0.00	0.00	67.42	8.50	0.00	0.00	2000
236	10.92	2128	2129	1.07	220	0	0	45	4.51	0.00	0.00	4.00	86.27	89.08	0.00	43	0	43	0.00	0.00	69.01	8.77	0.00	0.00	2000
226	10.89	2100	2073	0.63	214	0	0	7	23.20	0.00	0.00	3.42	84.69	89.11	0.00	42	0	43	0.00	0.00	65.96	8.35	0.00	0.00	2000
232	10.98	2080	2129	0.00	203	0	0	0	nan	0.00	0.01	3.65	86.57	89.02	0.00	43	0	43	0.00	0.00	68.67	8.75	0.00	0.00	2000
230	10.88	2112	2101	0.00	204	0	0	0	nan	0.00	0.00	3.68	85.53	89.12	0.00	42	0	43	0.00	0.00	67.20	8.64	0.00	0.00	2000
223	10.73	2109	2067	0.00	203	0	0	0	nan	0.00	0.00	3.84	84.11	89.27	0.00	43	0	43	0.00	0.00	65.04	8.16	0.00	0.00	2000
233	11.09	2070	2132	0.00	203	0	0	0	nan	0.00	0.02	4.01	86.36	88.91	0.00	43	0	43	0.00	0.00	68.00	8.68	0.00	0.00	2000
224	10.63	2127	2076	0.00	228	0	0	0	nan	0.00	0.01	3.10	85.23	89.37	0.00	42	0	43	0.00	0.00	66.77	8.37	0.00	0.00	2000
231	10.99	2096	2103	0.00	203	0	0	0	nan	0.01	0.01	3.01	86.21	89.01	0.00	43	0	43	0.00	0.00	66.96	8.48	0.00	0.00	2000
230	10.86	2109	2108	0.00	205	0	0	0	nan	0.00	0.02	3.19	86.36	89.14	0.00	43	0	43	0.00	0.00	67.14	8.49	0.00	0.00	2000
229	10.79	2122	2104	0.00	204	0	0	0	nan	0.00	0.02	3.87	85.55	89.21	0.00	43	0	43	0.00	0.00	67.09	8.65	0.00	0.00	2000
227	10.78	2125	2083	0.00	204	0	0	0	nan	0.00	0.02	3.03	85.55	89.22	0.00	43	0	43	0.00	0.00	66.55	8.45	0.00	0.00	2000
231	10.68	2147	2115	0.00	212	0	0	0	nan	0.00	0.00	2.70	87.26	89.32	0.00	42	0	43	0.00	0.00	67.46	8.39	0.00	0.00	2000
227	10.64	2147	2091	0.00	204	0	0	0	nan	0.00	0.02	3.55	85.50	89.36	0.00	43	0	43	0.00	0.00	66.74	8.61	0.00	0.00	2000
232	10.99	2103	2109	0.00	202	0	0	0	nan	0.00	0.00	3.21	86.23	89.01	0.00	42	0	43	0.00	0.00	67.75	8.56	0.00	0.00	2000
230	10.98	2079	2112	0.00	203	0	0	0	nan	0.00	0.00	3.52	85.99	89.02	0.00	42	0	43	0.00	0.00	64.33	7.67	0.00	0.00	2000
228	10.90	2112	2078	0.00	203	0	0	0	nan	0.00	0.00	3.74	84.50	89.10	0.00	42	0	43	0.00	0.00	66.02	7.61	0.00	0.00	2000
230	11.02	2079	2106	0.00	214	0	0	0	nan	0.00	0.02	2.85	86.42	88.98	0.00	42	0	43	0.00	0.00	63.48	7.35	0.00	0.00	2000
228	10.81	2103	2106	0.52	202	0	0	1	85.68	0.00	0.00	4.35	85.16	89.19	0.00	42	0	43	0.00	0.00	65.16	7.48	0.00	0.00	2000
224	10.82	2094	2080	0.51	202	0	0	2	47.90	0.00	0.02	2.91	85.46	89.18	0.00	42	0	43	0.00	0.00	65.43	7.67	0.00	0.00	2000
228	11.25	2020	2105	0.00	220	0	0	0	nan	0.00	0.00	3.54	85.51	88.75	0.00	42	0	43	0.00	0.00	65.17	7.73	0.00	0.00	2000
233	10.91	2116	2115	0.00	203	0	0	0	nan	0.00	0.00	3.55	86.25	89.09	0.00	42	0	43	0.00	0.00	63.24	7.67	0.00	0.00	2000
231	11.02	2095	2102	0.00	216	0	0	0	nan	0.00	0.00	4.81	84.33	88.98	0.00	42	0	43	0.00	0.00	67.95	7.48	0.00	0.00	2000
229	10.63	2152	2101	0.00	204	0	0	0	nan	0.00	0.02	3.38	86.04	89.37	0.00	41	0	43	0.00	0.00	62.80	7.48	0.00	0.00	2000
150	9.47	1613	2069	0.00	228	0	0	0	nan	0.00	0.00	9.66	79.57	90.53	0.00	39	0	43	0.00	0.00	62.52	7.58	0.00	0.00	2000
77	6.91	1099	2134	0.00	209	0	0	0	nan	0.00	0.00	4.34	90.17	93.09	0.00	38	0	43	0.00	0.00	58.89	7.57	0.00	0.00	2000
108	8.12	1394	2009	0.00	65	0	0	0	nan	0.00	0.04	8.08	80.06	91.88	0.00	38	0	43	0.00	0.00	56.70	7.15	0.00	0.00	2000
