Avg_MHz	Busy%	Bzy_MHz	TSC_MHz	IPC	IRQ	NMI	SMI	LLCMRPS	LLC%hit	POLL%	C1%	C1E%	C6%	CPU%c1	CPU%c6	CoreTmp	CoreThr	PkgTmp	Pkg%pc2	Pkg%pc6	PkgWatt	RAMWatt	PKG_%	RAM_%	UncMHz
389	19.58	1933	2160	0.00	242	0	0	0	nan	0.00	0.44	34.70	47.65	80.42	0.00	37	0	43	0.00	0.00	68.61	8.12	0.00	0.00	2000
405	19.14	2124	2091	0.00	233	0	0	0	nan	0.02	1.01	21.66	58.06	80.86	0.00	37	0	43	0.00	0.00	63.49	7.47	0.00	0.00	2000
78	7.31	1062	2111	0.00	212	0	0	0	nan	0.00	0.00	6.19	87.02	92.69	0.00	37	0	43	0.00	0.00	60.41	7.90	0.00	0.00	2000
73	6.49	1120	2117	0.00	196	0	0	0	nan	0.00	0.00	2.90	91.39	93.51	0.00	37	0	43	0.00	0.00	59.56	7.53	0.00	0.00	2000
73	6.51	1133	2086	0.00	194	0	0	0	nan	0.00	0.02	3.05	89.78	93.49	0.00	37	0	43	0.00	0.00	57.56	7.43	0.00	0.00	2000
73	6.82	1057	2118	0.00	210	0	0	0	nan	0.00	0.01	2.24	91.75	93.18	0.00	37	0	43	0.00	0.00	56.58	7.34	0.00	0.00	2000
73	6.84	1056	2108	0.00	194	0	0	0	nan	0.00	0.00	4.13	89.36	93.16	0.00	37	0	43	0.00	0.00	57.46	7.56	0.00	0.00	2000
70	6.73	1057	2079	0.00	193	0	0	0	nan	0.00	0.00	3.42	88.96	93.27	0.00	37	0	42	0.00	0.00	58.98	7.38	0.00	0.00	2000
74	6.61	1110	2123	0.00	193	0	0	0	nan	0.00	0.02	1.72	92.70	93.39	0.00	37	0	43	0.00	0.00	59.72	7.88	0.00	0.00	2000
72	6.52	1113	2096	0.00	195	0	0	0	nan	0.00	0.03	2.20	91.04	93.48	0.00	37	0	43	0.00	0.00	57.80	7.50	0.00	0.00	2000
73	6.62	1104	2103	0.00	194	0	0	0	nan	0.00	0.01	2.99	90.57	93.38	0.00	37	0	42	0.00	0.00	58.67	7.54	0.00	0.00	2000
71	6.50	1107	2082	0.00	194	0	0	0	nan	0.00	0.02	2.26	90.47	93.50	0.00	37	0	43	0.00	0.00	58.48	7.42	0.00	0.00	2000
73	6.89	1049	2112	0.00	193	0	0	0	nan	0.00	0.00	2.87	90.85	93.11	0.00	37	0	43	0.00	0.00	57.62	7.51	0.00	0.00	2000
72	6.78	1062	2089	0.00	209	0	0	0	nan	0.00	0.00	2.46	90.24	93.22	0.00	37	0	43	0.00	0.00	57.97	7.58	0.00	0.00	2000
74	7.10	1033	2106	0.00	194	0	0	0	nan	0.00	0.00	4.22	89.01	92.90	0.00	37	0	43	0.00	0.00	58.04	7.55	0.00	0.00	2000
74	6.66	1098	2111	0.00	177	0	0	1	88.84	0.00	0.00	4.02	89.78	93.34	0.00	37	0	43	0.00	0.00	60.47	7.82	0.00	0.00	2000
73	6.29	1183	2071	0.30	194	0	0	1	87.89	0.00	0.00	3.28	89.10	93.71	0.00	37	0	43	0.00	0.00	53.41	6.69	0.00	0.00	2000
72	6.58	1094	2095	0.00	193	0	0	0	nan	0.00	0.00	1.70	91.52	93.42	0.00	37	0	42	0.00	0.00	62.64	8.01	0.00	0.00	2000
199	10.60	1879	2103	0.00	228	0	0	0	nan	0.00	0.18	5.22	84.22	89.40	0.00	39	0	43	0.00	0.00	63.22	7.52	0.00	0.00	2000
234	11.05	2087	2134	0.00	229	0	0	0	nan	0.00	0.00	4.04	86.48	88.95	0.00	40	0	43	0.00	0.00	65.02	7.71	0.00	0.00	2000
228	10.80	2125	2090	0.00	205	0	0	0	nan	0.00	0.00	3.07	85.67	89.20	0.00	40	0	43	0.00	0.00	64.22	7.34	0.00	0.00	2000
228	10.78	2120	2093	0.00	202	0	0	0	nan	0.00	0.00	3.85	85.13	89.22	0.00	41	0	43	0.00	0.00	65.13	7.42	0.00	0.00	2000
241	11.44	2100	2103	0.00	194	0	0	0	nan	0.00	0.01	6.32	82.42	88.56	0.00	38	0	42	0.00	0.00	65.21	7.80	0.00	0.00	2000
225	10.88	2068	2104	0.00	200	0	0	0	nan	0.00	0.46	8.08	80.81	89.12	0.00	38	0	43	0.00	0.00	66.29	8.13	0.00	0.00	2000
216	10.66	2044	2082	0.00	193	0	0	0	nan	0.02	2.21	7.31	79.25	89.34	0.00	39	0	43	0.00	0.00	65.32	7.92	0.00	0.00	2000
231	11.06	2081	2112	0.00	219	0	0	0	nan	0.00	0.02	3.74	85.86	88.94	0.00	39	0	43	0.00	0.00	66.63	7.96	0.00	0.00	2000
233	11.04	2101	2112	0.00	201	0	0	0	nan	0.00	0.03	3.13	86.35	88.96	0.00	40	0	42	0.00	0.00	64.40	7.52	0.00	0.00	2000
228	10.87	2098	2098	0.00	205	0	0	0	nan	0.00	0.02	3.88	85.20	89.13	0.00	40	0	42	0.00	0.00	65.32	7.57	0.00	0.00	2000
234	10.99	2120	2111	0.00	203	0	0	0	nan	0.00	0.02	3.35	86.22	89.01	0.00	40	0	43	0.00	0.00	63.05	7.37	0.00	0.00	2000
226	10.65	2146	2078	0.00	213	0	0	0	nan	0.00	0.00	3.41	85.15	89.35	0.00	40	0	43	0.00	0.00	65.34	7.62	0.00	0.00	2000
237	11.08	2113	2123	0.00	205	0	0	0	nan	0.00	0.00	3.28	86.69	88.92	0.00	41	0	42	0.00	0.00	66.54	7.70	0.00	0.00	2000
224	10.85	2099	2069	0.00	203	0	0	0	nan	0.00	0.00	3.47	84.46	89.15	0.00	41	0	43	0.00	0.00	66.78	7.60	0.00	0.00	2000
231	10.93	2094	2120	0.00	219	0	0	5	85.58	0.00	0.02	3.74	86.20	89.07	0.00	41	0	43	0.00	0.00	63.82	7.34	0.00	0.00	2000
230	10.79	2140	2090	0.73	204	0	0	14	90.56	0.00	0.06	3.13	85.71	89.21	0.00	41	0	42	0.00	0.00	62.47	7.17	0.00	0.00	2000
236	11.39	2075	2097	0.00	244	0	0	0	nan	0.00	0.02	5.76	82.82	88.61	0.00	41	0	42	0.00	0.00	67.07	7.73	0.00	0.00	2000
232	10.93	2122	2104	0.00	205	0	0	0	nan	0.00	0.00	3.37	85.90	89.07	0.00	40	0	43	0.00	0.00	63.60	7.49	0.00	0.00	2000
231	11.01	2094	2103	0.00	202	0	0	0	nan	0.00	0.03	3.56	85.69	88.99	0.00	41	0	43	0.00	0.00	65.06	7.60	0.00	0.00	2000
229	10.75	2117	2111	0.00	270	0	0	0	nan	0.03	0.00	5.66	84.02	89.25	0.00	39	0	43	0.00	0.00	67.51	7.97	0.00	0.00	2000
222	11.17	1997	2090	0.00	206	0	0	0	nan	0.00	0.02	4.58	83.95	88.83	0.00	40	0	43	0.00	0.00	64.48	7.76	0.00	0.00	2000
233	10.79	2161	2100	0.00	203	0	0	0	nan	0.00	0.02	2.67	86.39	89.21	0.00	40	0	43	0.00	0.00	64.00	7.96	0.00	0.00	2000
234	10.93	2142	2099	0.00	219	0	0	0	nan	0.00	0.00	3.38	85.69	89.07	0.00	41	0	43	0.00	0.00	67.34	7.97	0.00	0.00	2000
231	11.00	2125	2075	0.00	197	0	0	0	nan	0.00	0.02	3.50	84.49	89.00	0.00	41	0	42	0.00	0.00	62.16	7.35	0.00	0.00	2000
234	11.11	2079	2130	0.00	219	0	0	0	nan	0.00	0.00	5.43	84.76	88.89	0.00	40	0	42	0.00	0.00	69.99	8.47	0.00	0.00	2000
228	11.34	2019	2095	0.00	209	0	0	0	nan	0.00	0.00	5.20	83.34	88.66	0.00	40	0	43	0.00	0.00	61.67	7.55	0.00	0.00	2000
232	10.97	2124	2089	0.00	203	0	0	0	nan	0.00	0.00	3.42	85.07	89.03	0.00	41	0	42	0.00	0.00	65.17	7.84	0.00	0.00	2000
231	10.93	2113	2099	0.00	204	0	0	0	nan	0.00	0.03	3.17	85.93	89.08	0.00	41	0	43	0.00	0.00	64.76	7.77	0.00	0.00	2000
233	10.71	2159	2115	0.00	213	0	0	0	nan	0.00	0.00	3.90	85.94	89.29	0.00	41	0	43	0.00	0.00	66.42	7.59	0.00	0.00	2000
225	10.92	2070	2092	0.00	204	0	0	0	nan	0.00	0.00	3.16	85.67	89.08	0.00	41	0	43	0.00	0.00	64.30	7.54	0.00	0.00	2000
229	10.95	2086	2106	0.00	233	0	0	0	nan	0.00	0.01	3.31	86.04	89.05	0.00	42	0	43	0.00	0.00	68.05	7.83	0.00	0.00	2000
228	11.12	2061	2085	0.45	204	0	0	8	57.92	0.00	0.00	3.17	85.16	88.88	0.00	41	0	43	0.00	0.00	62.34	7.45	0.00	0.00	2000
236	11.04	2119	2119	0.24	213	0	0	1	85.50	0.00	0.00	3.20	86.62	88.96	0.00	42	0	43	0.00	0.00	65.57	7.68	0.00	0.00	2000
226	10.70	2126	2087	0.00	205	0	0	0	nan	0.00	0.00	3.76	85.07	89.30	0.00	41	0	43	0.00	0.00	64.47	7.30	0.00	0.00	2000
226	10.94	2072	2090	0.00	218	0	0	0	nan	0.01	0.00	2.84	85.86	89.06	0.00	41	0	42	0.00	0.00	63.87	7.64	0.00	0.00	2000
231	10.75	2114	2131	0.00	204	0	0	0	nan	0.00	0.00	3.72	86.92	89.25	0.00	42	0	43	0.00	0.00	67.66	7.89	0.00	0.00	2000
231	10.63	2167	2104	0.00	203	0	0	0	nan	0.00	0.02	3.26	86.33	89.37	0.00	41	0	42	0.00	0.00	66.43	7.66	0.00	0.00	2000
227	10.61	2145	2098	0.00	230	0	0	0	nan	0.00	0.01	3.44	85.93	89.39	0.00	42	0	43	0.00	0.00	65.62	7.60	0.00	0.00	2000
225	11.00	2066	2079	0.00	201	0	0	0	nan	0.00	0.00	3.15	85.00	89.00	0.00	41	0	43	0.00	0.00	60.74	7.00	0.00	0.00	2000
228	10.62	2139	2105	0.00	202	0	0	0	nan	0.00	0.02	3.17	86.33	89.38	0.00	41	0	43	0.00	0.00	65.17	7.51	0.00	0.00	2000
226	11.10	2037	2096	0.00	219	0	0	0	nan	0.00	0.01	3.21	85.65	88.90	0.00	41	0	43	0.00	0.00	64.60	7.60	0.00	0.00	2000
230	11.20	2056	2101	0.00	214	0	0	0	nan	0.00	0.03	3.84	85.03	88.80	0.00	42	0	43	0.00	0.00	64.72	7.58	0.00	0.00	2000
232	11.00	2086	2124	0.00	203	0	0	0	nan	0.00	0.00	3.47	86.58	89.00	0.00	42	0	43	0.00	0.00	66.35	7.74	0.00	0.00	2000
227	10.67	2144	2087	0.00	203	0	0	0	nan	0.00	0.02	3.57	85.30	89.33	0.00	42	0	43	0.00	0.00	61.90	7.89	0.00	0.00	2000
228	10.82	2120	2088	0.00	205	0	0	0	nan	0.00	0.00	3.41	85.30	89.18	0.00	41	0	43	0.00	0.00	68.07	7.59	0.00	0.00	2000
232	11.08	2082	2115	0.00	208	0	0	0	nan	0.00	0.01	4.21	85.45	88.92	0.00	41	0	43	0.00	0.00	65.81	7.86	0.00	0.00	2000
231	10.92	2117	2094	0.00	212	0	0	0	nan	0.00	0.04	3.29	85.59	89.08	0.00	41	0	43	0.00	0.00	64.65	7.40	0.00	0.00	2000
231	11.10	2085	2095	0.00	204	0	0	0	nan	0.00	0.02	3.09	85.64	88.90	0.00	41	0	43	0.00	0.00	64.45	7.43	0.00	0.00	2000
232	10.91	2106	2119	0.61	204	0	0	6	72.90	0.00	0.00	2.80	87.18	89.09	0.00	42	0	43	0.00	0.00	66.22	7.76	0.00	0.00	2000
228	10.96	2089	2092	0.06	219	0	0	0	nan	0.00	0.01	4.02	84.77	89.04	0.00	42	0	43	0.00	0.00	62.46	7.38	0.00	0.00	2000
231	10.84	2119	2108	0.00	204	0	0	0	nan	0.00	0.00	3.56	85.98	89.16	0.00	42	0	43	0.00	0.00	67.67	7.44	0.00	0.00	2000
226	10.77	2128	2074	0.00	212	0	0	0	nan	0.00	0.01	3.23	84.96	89.23	0.00	42	0	43	0.00	0.00	63.62	7.40	0.00	0.00	2000
230	11.18	2052	2106	0.00	204	0	0	0	nan	0.00	0.02	3.46	85.75	88.82	0.00	42	0	43	0.00	0.00	65.45	7.68	0.00	0.00	2000
228	11.01	2073	2102	0.00	205	0	0	0	nan	0.00	0.02	3.51	85.63	88.99	0.00	42	0	43	0.00	0.00	65.20	7.54	0.00	0.00	2000
232	10.79	2145	2103	0.00	207	0	0	0	nan	0.00	0.02	4.18	85.11	89.21	0.00	42	0	43	0.00	0.00	65.27	7.46	0.00	0.00	2000
229	10.70	2136	2105	0.00	205	0	0	0	nan	0.00	0.02	3.78	85.80	89.30	0.00	42	0	43	0.00	0.00	65.34	7.52	0.00	0.00	2000
230	11.07	2081	2097	0.00	213	0	0	0	nan	0.00	0.03	3.79	85.06	88.93	0.00	42	0	43	0.00	0.00	64.74	7.34	0.00	0.00	2000
223	10.80	2082	2083	0.00	203	0	0	0	nan	0.00	0.00	3.06	85.52	89.20	0.00	42	0	43	0.00	0.00	64.42	7.51	0.00	0.00	2000
232	10.73	2126	2132	0.00	237	0	0	0	nan	0.00	0.02	3.81	86.73	89.27	0.00	42	0	43	0.00	0.00	66.25	7.67	0.00	0.00	2000
223	10.76	2100	2069	0.00	202	0	0	0	nan	0.00	0.00	3.24	84.73	89.24	0.00	42	0	43	0.00	0.00	63.91	7.35	0.00	0.00	2000
233	11.10	2070	2127	0.00	214	0	0	0	nan	0.00	0.00	3.13	87.03	88.90	0.00	42	0	43	0.00	0.00	66.01	7.39	0.00	0.00	2000
227	10.79	2104	2104	0.00	219	0	0	0	nan	0.00	0.01	3.63	85.75	89.21	0.00	42	0	43	0.00	0.00	64.38	7.56	0.00	0.00	2000
224	10.88	2083	2074	0.00	203	0	0	0	nan	0.00	0.00	3.21	84.91	89.12	0.00	42	0	43	0.00	0.00	64.41	7.65	0.00	0.00	2000
228	10.92	2084	2100	0.00	203	0	0	0	nan	0.00	0.02	2.78	86.42	89.08	0.00	41	0	43	0.00	0.00	65.08	7.76	0.00	0.00	2000
234	11.11	2078	2127	0.00	203	0	0	0	nan	0.00	0.00	3.24	86.84	88.89	0.00	42	0	42	0.00	0.00	66.61	7.85	0.00	0.00	2000
234	11.14	2099	2097	1.13	213	0	0	11	62.20	0.00	0.02	5.42	83.38	88.86	0.00	41	0	43	0.00	0.00	65.46	7.58	0.00	0.00	2000
224	11.08	2058	2066	0.06	205	0	0	0	nan	0.00	0.03	3.59	84.00	88.92	0.00	41	0	42	0.00	0.00	63.49	7.36	0.00	0.00	2000
226	10.93	2069	2099	0.00	203	0	0	0	nan	0.00	0.00	3.93	85.15	89.07	0.00	42	0	43	0.00	0.00	65.12	7.59	0.00	0.00	2000
227	11.06	2047	2109	0.00	235	0	0	0	nan	0.00	0.00	4.21	85.24	88.94	0.00	41	0	43	0.00	0.00	65.12	7.49	0.00	0.00	2000
231	10.91	2101	2115	0.00	213	0	0	0	nan	0.00	0.01	4.67	85.17	89.09	0.00	42	0	43	0.00	0.00	65.83	7.47	0.00	0.00	2000
226	10.83	2101	2090	0.00	200	0	0	0	nan	0.00	0.00	3.40	85.46	89.17	0.00	41	0	43	0.00	0.00	64.45	7.48	0.00	0.00	2000
228	10.77	2106	2111	0.00	204	0	0	0	nan	0.00	0.00	3.30	86.51	89.23	0.00	42	0	43	0.00	0.00	62.73	7.53	0.00	0.00	2000
230	10.72	2135	2115	0.00	219	0	0	0	nan	0.00	0.02	3.31	86.65	89.28	0.00	42	0	43	0.00	0.00	68.10	7.38	0.00	0.00	2000
222	10.91	2079	2058	0.00	203	0	0	0	nan	0.00	0.00	3.84	83.56	89.09	0.00	42	0	43	0.00	0.00	62.93	7.36	0.00	0.00	2000
230	10.82	2108	2119	0.00	216	0	0	0	nan	0.00	0.02	3.94	86.08	89.18	0.00	42	0	43	0.00	0.00	64.07	7.29	0.00	0.00	2000
228	11.16	2036	2107	0.00	219	0	0	0	nan	0.00	0.00	4.09	85.13	88.84	0.00	42	0	43	0.00	0.00	64.74	7.58	0.00	0.00	2000
226	11.19	2023	2097	0.00	203	0	0	0	nan	0.00	0.00	3.84	84.95	88.81	0.00	41	0	43	0.00	0.00	66.55	7.74	0.00	0.00	2000
228	10.85	2102	2101	0.00	202	0	0	0	nan	0.00	0.00	3.25	86.02	89.15	0.00	41	0	43	0.00	0.00	64.38	7.48	0.00	0.00	2000
229	11.10	2072	2095	0.00	205	0	0	0	nan	0.00	0.00	3.70	85.00	88.90	0.00	42	0	43	0.00	0.00	65.89	7.61	0.00	0.00	2000
232	10.90	2107	2122	0.00	215	0	0	0	nan	0.00	0.00	3.70	86.30	89.10	0.00	41	0	43	0.00	0.00	63.12	7.26	0.00	0.00	2000
225	10.87	2093	2080	0.00	204	0	0	0	nan	0.00	0.00	3.58	84.75	89.13	0.00	41	0	42	0.00	0.00	62.46	7.18	0.00	0.00	2000
229	10.98	2075	2113	0.00	204	0	0	1	89.64	0.00	0.00	2.65	87.02	89.02	0.00	42	0	43	0.00	0.00	65.61	7.44	0.00	0.00	2000
229	10.90	2106	2093	0.74	204	0	0	6	93.69	0.00	0.02	2.92	85.90	89.10	0.00	41	0	43	0.00	0.00	66.93	7.58	0.00	0.00	2000
227	10.63	2152	2083	0.00	203	0	0	0	nan	0.00	0.00	2.75	86.00	89.37	0.00	42	0	43	0.00	0.00	64.09	7.08	0.00	0.00	2000
228	10.95	2085	2093	0.00	210	0	0	0	nan	0.00	0.02	2.44	86.39	89.05	0.00	41	0	42	0.00	0.00	61.74	7.55	0.00	0.00	2000
229	11.03	2069	2106	0.00	206	0	0	0	nan	0.00	0.03	3.74	85.59	88.97	0.00	42	0	43	0.00	0.00	69.55	7.91	0.00	0.00	2000
231	11.03	2079	2120	0.00	205	0	0	0	nan	0.01	0.02	4.49	85.41	88.97	0.00	41	0	43	0.00	0.00	65.88	7.92	0.00	0.00	2000
228	10.37	2198	2101	0.00	203	0	0	0	nan	0.01	0.00	2.99	86.63	89.63	0.00	42	0	43	0.00	0.00	66.30	8.43	0.00	0.00	2000
230	11.02	2087	2099	0.00	219	0	0	0	nan	0.00	0.00	3.66	85.33	88.98	0.00	42	0	43	0.00	0.00	64.01	7.55	0.00	0.00	2000
230	10.87	2123	2093	0.00	198	0	0	0	nan	0.00	0.00	3.26	85.59	89.13	0.00	43	0	43	0.00	0.00	63.42	7.13	0.00	0.00	2000
229	11.01	2074	2105	0.00	204	0	0	0	nan	0.00	0.02	3.11	86.11	88.99	0.00	42	0	43	0.00	0.00	65.81	7.61	0.00	0.00	2000
231	11.18	2050	2115	0.00	204	0	0	0	nan	0.00	0.00	3.33	86.20	88.82	0.00	42	0	43	0.00	0.00	65.79	7.78	0.00	0.00	2000
223	10.71	2116	2070	0.00	203	0	0	0	nan	0.00	0.00	3.40	84.75	89.29	0.00	43	0	43	0.00	0.00	62.29	7.41	0.00	0.00	2000
226	11.01	2057	2095	0.00	203	0	0	0	nan	0.00	0.01	1.81	87.08	88.99	0.00	43	0	43	0.00	0.00	66.26	7.79	0.00	0.00	2000
234	10.94	2123	2112	0.00	216	0	0	0	nan	0.00	0.00	4.50	85.15	89.06	0.00	42	0	43	0.00	0.00	66.75	7.77	0.00	0.00	2000
225	11.04	2050	2087	0.00	221	0	0	0	nan	0.00	0.00	4.42	84.09	88.96	0.00	42	0	43	0.00	0.00	64.16	7.94	0.00	0.00	2000
233	11.00	2086	2131	0.00	220	0	0	0	nan	0.00	0.00	4.46	85.93	89.00	0.00	42	0	43	0.00	0.00	67.23	7.85	0.00	0.00	2000
228	10.54	2163	2099	0.00	203	0	0	0	nan	0.00	0.01	3.11	86.23	89.46	0.00	42	0	43	0.00	0.00	65.26	7.81	0.00	0.00	2000
226	11.04	2085	2059	0.00	187	0	0	1	86.04	0.00	0.02	2.88	84.48	88.96	0.00	43	0	43	0.00	0.00	61.20	7.11	0.00	0.00	2000
234	11.31	2029	2142	1.45	230	0	0	6	41.93	0.00	0.00	4.99	85.54	88.69	0.00	43	0	43	0.00	0.00	68.01	7.86	0.00	0.00	2000
225	11.10	2048	2081	0.00	203	0	0	0	nan	0.00	0.01	3.65	84.56	88.91	0.00	42	0	43	0.00	0.00	63.96	7.60	0.00	0.00	2000
230	10.91	2083	2123	0.00	218	0	0	0	nan	0.00	0.02	3.00	87.15	89.09	0.00	43	0	43	0.00	0.00	66.13	7.83	0.00	0.00	2000
229	11.20	2046	2100	0.00	204	0	0	0	nan	0.00	0.02	3.51	85.33	88.80	0.00	42	0	43	0.00	0.00	66.38	8.28	0.00	0.00	2000
230	10.80	2131	2098	0.00	204	0	0	0	nan	0.00	0.01	4.41	84.72	89.20	0.00	43	0	43	0.00	0.00	63.91	7.46	0.00	0.00	2000
226	10.84	2093	2088	0.00	213	0	0	0	nan	0.00	0.00	3.14	85.65	89.16	0.00	43	0	43	0.00	0.00	66.86	7.95	0.00	0.00	2000
226	11.01	2074	2084	0.00	206	0	0	0	nan	0.00	0.00	4.30	83.99	88.99	0.00	43	0	43	0.00	0.00	61.32	7.28	0.00	0.00	2000
228	10.83	2101	2102	0.00	204	0	0	0	nan	0.00	0.00	3.20	86.15	89.17	0.00	42	0	42	0.00	0.00	68.54	7.85	0.00	0.00	2000
228	10.85	2106	2094	0.00	221	0	0	0	nan	0.00	0.00	4.85	84.08	89.15	0.00	43	0	43	0.00	0.00	62.45	7.11	0.00	0.00	2000
232	10.80	2126	2126	0.00	212	0	0	0	nan	0.00	0.00	2.02	88.36	89.20	0.00	42	0	43	0.00	0.00	65.21	7.39	0.00	0.00	2000
225	10.83	2102	2072	0.00	203	0	0	0	nan	0.00	0.02	3.07	84.99	89.17	0.00	42	0	43	0.00	0.00	66.06	8.28	0.00	0.00	2000
228	11.11	2049	2104	0.00	204	0	0	0	nan	0.00	0.00	2.26	86.85	88.89	0.00	43	0	43	0.00	0.00	65.10	7.47	0.00	0.00	2000
230	11.11	2048	2121	0.00	220	0	0	0	nan	0.00	0.00	4.40	85.43	88.89	0.00	42	0	43	0.00	0.00	66.07	7.69	0.00	0.00	2000
233	11.37	2043	2109	0.00	202	0	0	0	nan	0.00	0.01	2.73	86.30	88.63	0.00	42	0	43	0.00	0.00	66.16	7.51	0.00	0.00	2000
224	10.93	2066	2082	0.00	209	0	0	0	nan	0.00	0.02	2.99	85.36	89.07	0.00	42	0	43	0.00	0.00	64.74	7.36	0.00	0.00	2000
233	10.94	2105	2124	0.00	203	0	0	0	nan	0.00	0.00	2.25	87.87	89.06	0.00	43	0	43	0.00	0.00	64.69	7.49	0.00	0.00	2000
226	10.74	2119	2084	0.00	203	0	0	2	53.31	0.00	0.00	3.54	85.13	89.26	0.00	43	0	43	0.00	0.00	64.33	7.48	0.00	0.00	2000
227	10.94	2098	2076	0.75	206	0	0	7	72.97	0.00	0.00	4.39	83.72	89.06	0.00	39	0	43	0.00	0.00	62.10	7.24	0.00	0.00	2000
231	10.85	2122	2105	0.00	218	0	0	0	nan	0.00	0.00	5.68	83.67	89.15	0.00	40	0	43	0.00	0.00	67.67	7.66	0.00	0.00	2000
232	10.87	2112	2125	0.00	215	0	0	0	nan	0.00	0.01	5.80	84.41	89.13	0.00	41	0	43	0.00	0.00	63.63	7.49	0.00	0.00	2000
227	10.61	2149	2093	0.00	196	0	0	0	nan	0.01	0.02	4.84	84.37	89.39	0.00	41	0	43	0.00	0.00	67.79	7.63	0.00	0.00	2000
232	10.86	2121	2110	0.00	198	0	0	0	nan	0.00	0.03	3.63	85.94	89.14	0.00	41	0	43	0.00	0.00	65.54	7.55	0.00	0.00	2000
223	10.47	2141	2086	0.00	198	0	0	0	nan	0.01	0.01	3.88	85.00	89.53	0.00	40	0	43	0.00	0.00	63.60	7.50	0.00	0.00	2000
233	10.92	2107	2123	0.00	261	0	0	0	nan	0.00	0.02	3.43	86.65	89.08	0.00	41	0	43	0.00	0.00	66.17	7.84	0.00	0.00	2000
225	10.60	2143	2086	0.00	202	0	0	0	nan	0.00	0.02	4.05	84.88	89.40	0.00	42	0	43	0.00	0.00	64.44	7.36	0.00	0.00	2000
228	10.81	2118	2096	0.00	202	0	0	0	nan	0.00	0.04	3.75	85.28	89.19	0.00	42	0	43	0.00	0.00	64.76	7.49	0.00	0.00	2000
235	11.03	2108	2121	0.00	206	0	0	0	nan	0.00	0.00	5.77	84.20	88.97	0.00	42	0	43	0.00	0.00	65.95	7.56	0.00	0.00	2000
225	10.86	2095	2079	0.00	214	0	0	0	nan	0.00	0.00	3.37	84.99	89.14	0.00	42	0	43	0.00	0.00	63.82	7.15	0.00	0.00	2000
229	10.92	2085	2110	0.00	220	0	0	0	nan	0.00	0.02	3.75	85.83	89.08	0.00	42	0	43	0.00	0.00	65.72	7.50	0.00	0.00	2000
224	10.97	2101	2043	0.00	205	0	0	0	nan	0.00	0.01	3.21	83.49	89.03	0.00	42	0	43	0.00	0.00	57.75	6.65	0.00	0.00	2000
234	10.72	2107	2176	0.00	251	0	0	0	nan	0.00	0.02	4.10	88.44	89.28	0.00	41	0	43	0.00	0.00	74.49	8.29	0.00	0.00	2000
229	11.07	2068	2100	0.00	197	0	0	0	nan	0.00	0.02	5.03	84.01	88.93	0.00	41	0	43	0.00	0.00	64.94	7.37	0.00	0.00	2000
229	10.93	2121	2077	0.00	200	0	0	0	nan	0.01	0.04	4.03	84.07	89.07	0.00	41	0	43	0.00	0.00	63.96	7.32	0.00	0.00	2000
232	10.96	2103	2110	0.58	198	0	0	7	90.05	0.00	0.10	3.98	85.51	89.04	0.00	40	0	43	0.00	0.00	61.91	7.41	0.00	0.00	2000
226	11.01	2069	2083	0.13	220	0	0	0	nan	0.02	0.00	2.77	85.57	88.99	0.00	41	0	43	0.00	0.00	66.63	7.26	0.00	0.00	2000
232	10.86	2107	2126	0.00	216	0	0	0	nan	0.00	0.00	4.11	86.27	89.14	0.00	41	0	43	0.00	0.00	65.20	7.34	0.00	0.00	2000
230	11.02	2076	2110	0.00	213	0	0	0	nan	0.00	0.01	4.22	85.21	88.98	0.00	41	0	43	0.00	0.00	66.34	7.57	0.00	0.00	2000
229	10.85	2118	2094	0.00	205	0	0	0	nan	0.00	0.00	3.63	85.34	89.15	0.00	41	0	43	0.00	0.00	64.84	7.27	0.00	0.00	2000
226	10.88	2084	2096	0.00	203	0	0	0	nan	0.00	0.00	3.48	85.61	89.12	0.00	41	0	43	0.00	0.00	64.67	7.48	0.00	0.00	2000
232	11.10	2085	2103	0.00	205	0	0	0	nan	0.00	0.00	3.52	85.60	88.90	0.00	41	0	43	0.00	0.00	65.39	7.68	0.00	0.00	2000
228	10.76	2126	2097	0.00	215	0	0	0	nan	0.00	0.02	4.24	84.97	89.24	0.00	41	0	43	0.00	0.00	66.67	9.32	0.00	0.00	2000
231	10.93	2111	2104	0.00	203	0	0	0	nan	0.00	0.00	3.37	85.84	89.07	0.00	41	0	43	0.00	0.00	65.78	7.99	0.00	0.00	2000
224	10.35	2179	2084	0.00	203	0	0	0	nan	0.00	0.21	3.60	85.23	89.65	0.00	40	0	42	0.00	0.00	64.02	7.42	0.00	0.00	2000
182	9.71	1862	2108	0.00	224	0	0	0	nan	0.00	0.02	5.17	85.42	90.29	0.00	39	0	43	0.00	0.00	62.63	7.35	0.00	0.00	2000
121	7.92	1531	2094	0.00	224	0	0	0	nan	0.00	1.14	10.44	80.28	92.08	0.00	38	0	43	0.00	0.00	60.35	7.31	0.00	0.00	2000
198	10.80	1885	2040	0.00	33	0	0	0	nan	0.00	0.00	25.61	61.17	89.20	0.00	38	0	43	0.00	0.00	64.53	7.44	0.00	0.00	2000
