Avg_MHz	Busy%	Bzy_MHz	TSC_MHz	IPC	IRQ	NMI	SMI	LLCMRPS	LLC%hit	POLL%	C1%	C1E%	C6%	CPU%c1	CPU%c6	CoreTmp	CoreThr	PkgTmp	Pkg%pc2	Pkg%pc6	PkgWatt	RAMWatt	PKG_%	RAM_%	UncMHz
416	19.24	2117	2144	0.00	257	0	0	0	nan	0.04	0.43	44.01	38.03	80.76	0.00	38	0	42	0.00	0.00	68.18	7.88	0.00	0.00	2000
408	18.42	2209	2107	0.00	237	0	0	0	nan	0.00	1.54	22.15	58.25	81.58	0.00	38	0	42	0.00	0.00	67.14	7.79	0.00	0.00	2000
78	6.65	1172	2107	0.00	195	0	0	0	nan	0.00	0.00	4.88	88.76	93.35	0.00	37	0	42	0.00	0.00	59.27	7.60	0.00	0.00	2000
74	6.76	1104	2075	0.00	194	0	0	0	nan	0.00	0.00	3.53	88.63	93.24	0.00	37	0	42	0.00	0.00	59.55	7.66	0.00	0.00	2000
75	6.63	1107	2140	0.00	195	0	0	0	nan	0.00	0.00	2.22	92.84	93.37	0.00	37	0	42	0.00	0.00	59.62	7.60	0.00	0.00	2000
71	6.68	1077	2066	0.00	193	0	0	0	nan	0.00	0.00	3.16	88.73	93.32	0.00	37	0	42	0.00	0.00	56.56	7.43	0.00	0.00	2000
74	6.62	1099	2123	0.00	212	0	0	0	nan	0.00	0.00	3.70	90.65	93.38	0.00	37	0	42	0.00	0.00	60.17	7.56	0.00	0.00	2000
72	6.09	1180	2099	0.00	193	0	0	0	nan	0.00	0.00	3.24	90.48	93.91	0.00	37	0	42	0.00	0.00	59.82	7.79	0.00	0.00	2000
74	6.24	1179	2105	0.00	194	0	0	0	nan	0.01	0.00	3.38	90.54	93.76	0.00	37	0	42	0.00	0.00	58.38	7.38	0.00	0.00	2000
71	6.35	1128	2065	0.00	193	0	0	0	nan	0.00	0.02	2.98	89.04	93.65	0.00	37	0	42	0.00	0.00	59.95	7.57	0.00	0.00	2000
75	6.46	1151	2117	0.00	194	0	0	0	nan	0.00	0.03	2.40	91.84	93.54	0.00	37	0	43	0.00	0.00	59.29	7.68	0.00	0.00	2000
72	6.41	1127	2105	0.00	193	0	0	0	nan	0.00	0.00	1.96	91.73	93.59	0.00	37	0	42	0.00	0.00	58.05	7.38	0.00	0.00	2000
73	6.48	1123	2110	0.00	194	0	0	0	nan	0.00	0.02	2.68	91.26	93.52	0.00	37	0	42	0.00	0.00	61.37	7.84	0.00	0.00	2000
73	6.05	1213	2089	0.00	194	0	0	0	nan	0.00	0.00	2.60	90.80	93.95	0.00	37	0	42	0.00	0.00	57.17	7.28	0.00	0.00	2000
78	6.95	1119	2099	0.00	210	0	0	0	nan	0.00	0.00	5.44	87.56	93.05	0.00	37	0	42	0.00	0.00	58.60	7.65	0.00	0.00	2000
79	6.77	1156	2118	0.00	197	0	0	0	93.90	0.00	0.02	3.56	90.47	93.23	0.00	37	0	42	0.00	0.00	57.98	7.42	0.00	0.00	2000
76	6.52	1159	2101	0.29	192	0	0	1	84.81	0.00	0.04	2.67	90.75	93.48	0.00	37	0	43	0.00	0.00	58.91	7.49	0.00	0.00	2000
71	6.84	1059	2071	0.05	193	0	0	0	nan	0.00	0.00	3.12	88.88	93.16	0.00	37	0	42	0.00	0.00	59.61	7.61	0.00	0.00	2000
209	10.79	1915	2120	0.00	225	0	0	0	nan	0.00	0.71	6.02	83.44	89.21	0.00	39	0	43	0.00	0.00	63.53	7.43	0.00	0.00	2000
226	10.90	2077	2095	0.00	204	0	0	0	nan	0.00	0.00	6.46	82.52	89.10	0.00	39	0	42	0.00	0.00	64.98	7.65	0.00	0.00	2000
221	10.94	2067	2049	0.00	198	0	0	0	nan	0.00	0.04	5.92	81.02	89.06	0.00	40	0	42	0.00	0.00	64.13	7.43	0.00	0.00	2000
223	10.76	2031	2139	0.00	198	0	0	0	nan	0.01	0.00	5.10	85.90	89.24	0.00	40	0	42	0.00	0.00	65.25	7.53	0.00	0.00	2000
217	10.88	1983	2113	0.00	199	0	0	0	nan	0.00	0.10	3.95	85.81	89.12	0.00	38	0	42	0.00	0.00	67.61	7.96	0.00	0.00	2000
233	11.12	2080	2113	0.00	203	0	0	0	nan	0.00	0.03	3.83	85.69	88.88	0.00	39	0	42	0.00	0.00	64.94	7.75	0.00	0.00	2000
230	11.26	2131	2018	0.00	213	0	0	0	nan	0.00	0.00	3.05	82.28	88.74	0.00	40	0	42	0.00	0.00	58.80	7.11	0.00	0.00	2000
231	10.62	2085	2195	0.00	247	0	0	0	nan	0.00	0.00	6.77	86.66	89.38	0.00	37	0	42	0.00	0.00	75.33	8.68	0.00	0.00	2000
229	11.06	2088	2081	0.00	196	0	0	0	nan	0.00	0.02	4.74	83.39	88.94	0.00	37	0	42	0.00	0.00	67.25	7.56	0.00	0.00	2000
231	10.83	2124	2107	0.00	199	0	0	0	nan	0.00	0.02	4.17	85.33	89.17	0.00	38	0	42	0.00	0.00	63.16	7.50	0.00	0.00	2000
232	11.05	2109	2086	0.00	203	0	0	0	nan	0.00	0.01	5.28	83.12	88.95	0.00	38	0	42	0.00	0.00	66.90	7.48	0.00	0.00	2000
230	10.95	2088	2115	0.00	199	0	0	0	nan	0.00	0.00	4.83	84.88	89.05	0.00	38	0	42	0.00	0.00	63.16	7.51	0.00	0.00	2000
230	10.88	2112	2106	0.00	198	0	0	0	nan	0.00	0.02	4.56	84.90	89.12	0.00	39	0	43	0.00	0.00	68.00	7.58	0.00	0.00	2000
231	11.05	2077	2113	0.00	199	0	0	0	nan	0.00	0.03	3.29	86.29	88.95	0.00	39	0	42	0.00	0.00	63.59	7.31	0.00	0.00	2000
227	11.13	2071	2064	0.00	198	0	0	10	86.07	0.00	0.02	4.18	83.29	88.87	0.00	39	0	42	0.00	0.00	62.30	7.18	0.00	0.00	2000
239	11.37	2159	2044	0.49	222	0	0	12	53.05	0.00	0.06	4.46	81.87	88.63	0.00	37	0	42	0.00	0.00	66.92	7.79	0.00	0.00	2000
237	11.11	2053	2182	0.00	200	0	0	0	nan	0.00	0.00	4.53	87.97	88.89	0.00	37	0	42	0.00	0.00	65.37	7.68	0.00	0.00	2000
217	11.01	2034	2037	0.00	226	0	0	0	nan	0.00	0.00	4.47	81.89	88.99	0.00	38	0	42	0.00	0.00	59.11	7.15	0.00	0.00	2000
235	10.67	2137	2161	0.00	233	0	0	0	nan	0.00	0.02	6.33	85.55	89.33	0.00	38	0	43	0.00	0.00	73.23	8.50	0.00	0.00	2000
238	11.19	2101	2127	0.00	201	0	0	0	nan	0.00	0.03	6.66	83.34	88.82	0.00	39	0	42	0.00	0.00	67.82	7.97	0.00	0.00	2000
231	11.12	2074	2100	0.00	199	0	0	0	nan	0.00	0.01	6.11	82.84	88.88	0.00	38	0	43	0.00	0.00	64.70	7.56	0.00	0.00	2000
231	11.02	2097	2099	0.00	198	0	0	0	nan	0.01	0.00	4.75	84.13	88.98	0.00	39	0	42	0.00	0.00	65.43	7.95	0.00	0.00	2000
232	11.05	2097	2107	0.00	199	0	0	0	nan	0.01	0.00	4.95	84.33	88.95	0.00	39	0	42	0.00	0.00	65.82	7.96	0.00	0.00	2000
230	11.07	2082	2090	0.00	203	0	0	0	nan	0.00	0.00	5.63	83.00	88.93	0.00	39	0	43	0.00	0.00	65.25	7.84	0.00	0.00	2000
232	11.22	2067	2103	0.00	198	0	0	0	nan	0.00	0.02	5.41	83.55	88.78	0.00	39	0	43	0.00	0.00	65.10	7.57	0.00	0.00	2000
232	10.98	2113	2098	0.00	198	0	0	0	nan	0.00	0.02	4.94	84.04	89.02	0.00	39	0	42	0.00	0.00	66.86	7.81	0.00	0.00	2000
230	10.97	2105	2089	0.00	198	0	0	0	nan	0.00	0.02	5.22	83.37	89.03	0.00	39	0	43	0.00	0.00	62.07	8.03	0.00	0.00	2000
233	11.18	2071	2109	0.00	198	0	0	0	nan	0.00	0.00	5.36	83.94	88.82	0.00	39	0	42	0.00	0.00	65.40	7.91	0.00	0.00	2000
231	11.00	2100	2100	0.00	199	0	0	0	nan	0.00	0.00	5.05	83.97	89.00	0.00	39	0	43	0.00	0.00	65.49	7.85	0.00	0.00	2000
234	11.03	2122	2100	0.00	203	0	0	0	nan	0.00	0.02	3.54	85.44	88.97	0.00	39	0	43	0.00	0.00	65.08	7.83	0.00	0.00	2000
230	11.16	2072	2091	0.00	198	0	0	0	nan	0.00	0.50	4.93	83.12	88.84	0.00	39	0	43	0.00	0.00	64.52	7.79	0.00	0.00	2000
232	10.75	2152	2109	0.00	198	0	0	2	62.24	0.00	0.00	6.61	82.95	89.25	0.00	39	0	42	0.00	0.00	66.20	8.03	0.00	0.00	2000
230	11.13	2078	2092	0.83	198	0	0	2	73.34	0.00	0.00	5.75	82.82	88.87	0.00	39	0	42	0.00	0.00	64.61	7.82	0.00	0.00	2000
231	11.05	2106	2086	0.00	198	0	0	0	nan	0.00	0.00	5.75	82.65	88.95	0.00	39	0	42	0.00	0.00	64.58	8.49	0.00	0.00	2000
228	11.07	2087	2073	0.00	204	0	0	0	nan	0.00	0.00	5.87	81.92	88.93	0.00	40	0	42	0.00	0.00	66.40	9.03	0.00	0.00	2000
233	10.82	2095	2162	0.00	214	0	0	0	nan	0.00	0.00	5.48	86.40	89.18	0.00	39	0	42	0.00	0.00	72.73	9.71	0.00	0.00	2000
221	11.11	2049	2039	0.00	198	0	0	0	nan	0.00	0.00	4.85	81.47	88.89	0.00	39	0	43	0.00	0.00	62.14	8.25	0.00	0.00	2000
227	10.85	2092	2102	0.00	214	0	0	0	nan	0.00	0.02	3.94	85.29	89.15	0.00	39	0	43	0.00	0.00	66.70	8.64	0.00	0.00	2000
233	11.16	2088	2104	0.00	221	0	0	0	nan	0.00	0.06	6.09	82.98	88.84	0.00	39	0	42	0.00	0.00	66.90	8.85	0.00	0.00	2000
231	11.05	2072	2123	0.00	219	0	0	0	nan	0.00	0.00	4.67	85.33	88.95	0.00	39	0	43	0.00	0.00	68.16	9.12	0.00	0.00	2000
228	11.01	2068	2098	0.00	214	0	0	0	nan	0.00	0.02	4.29	84.72	88.99	0.00	39	0	43	0.00	0.00	66.64	9.00	0.00	0.00	2000
225	10.93	2083	2076	0.00	221	0	0	0	nan	0.00	0.01	5.51	82.58	89.07	0.00	39	0	43	0.00	0.00	65.79	8.71	0.00	0.00	2000
229	11.03	2074	2103	0.00	214	0	0	0	nan	0.00	0.00	2.37	86.78	88.97	0.00	39	0	43	0.00	0.00	66.75	8.75	0.00	0.00	2000
227	10.86	2090	2096	0.00	214	0	0	0	nan	0.01	0.04	1.75	87.20	89.14	0.00	39	0	43	0.00	0.00	66.51	8.92	0.00	0.00	2000
231	10.92	2103	2110	0.00	214	0	0	0	nan	0.00	0.01	4.07	85.49	89.08	0.00	39	0	43	0.00	0.00	67.41	8.91	0.00	0.00	2000
232	11.19	2046	2127	0.00	211	0	0	0	nan	0.00	0.02	3.16	86.90	88.81	0.00	39	0	42	0.00	0.00	68.28	9.05	0.00	0.00	2000
226	10.71	2117	2090	0.00	210	0	0	0	nan	0.00	0.00	3.32	85.59	89.29	0.00	39	0	43	0.00	0.00	65.10	8.51	0.00	0.00	2000
224	10.90	2077	2081	0.00	194	0	0	10	7.82	0.00	0.02	2.64	85.76	89.10	0.00	39	0	42	0.00	0.00	66.97	8.80	0.00	0.00	2000
231	11.02	2095	2097	1.41	211	0	0	29	7.79	0.00	0.02	2.53	86.40	88.98	0.00	39	0	43	0.00	0.00	66.56	8.97	0.00	0.00	2000
235	10.94	2087	2161	0.00	211	0	0	0	nan	0.00	0.00	2.62	89.06	89.06	0.00	39	0	43	0.00	0.00	68.46	9.15	0.00	0.00	2000
228	11.16	2062	2076	0.00	195	0	0	0	nan	0.00	0.00	3.21	84.62	88.84	0.00	39	0	42	0.00	0.00	66.80	8.62	0.00	0.00	2000
224	10.63	2122	2087	0.00	210	0	0	0	nan	0.00	0.00	3.45	85.41	89.37	0.00	39	0	43	0.00	0.00	63.58	7.41	0.00	0.00	2000
234	11.07	2082	2133	0.00	211	0	0	0	nan	0.02	0.02	3.25	87.19	88.93	0.00	38	0	43	0.00	0.00	64.66	8.09	0.00	0.00	2000
114	8.07	1430	2072	0.00	226	0	0	0	nan	0.00	0.02	8.97	81.70	91.93	0.00	37	0	43	0.00	0.00	61.02	7.20	0.00	0.00	2000
79	7.15	1101	2115	0.00	193	0	0	0	nan	0.00	0.02	2.59	90.86	92.85	0.00	37	0	43	0.00	0.00	61.87	7.76	0.00	0.00	2000
73	6.52	1112	2111	0.00	194	0	0	0	nan	0.00	0.02	2.92	91.07	93.48	0.00	37	0	42	0.00	0.00	58.43	7.47	0.00	0.00	2000
73	6.48	1132	2087	0.00	194	0	0	0	nan	0.00	0.02	2.74	90.23	93.52	0.00	37	0	43	0.00	0.00	58.00	7.20	0.00	0.00	2000
78	7.08	1102	2109	0.00	177	0	0	0	nan	0.00	0.04	4.59	88.65	92.92	0.00	37	0	43	0.00	0.00	57.33	7.27	0.00	0.00	2000
