Avg_MHz	Busy%	Bzy_MHz	TSC_MHz	IPC	IRQ	NMI	SMI	LLCMRPS	LLC%hit	POLL%	C1%	C1E%	C6%	CPU%c1	CPU%c6	CoreTmp	CoreThr	PkgTmp	Pkg%pc2	Pkg%pc6	PkgWatt	RAMWatt	PKG_%	RAM_%	UncMHz
241	12.87	1866	2108	0.00	249	0	0	0	nan	0.00	0.05	36.37	51.01	87.13	0.00	37	0	43	0.00	0.00	61.94	7.51	0.00	0.00	2000
406	19.27	2079	2130	0.00	231	1	0	0	nan	0.01	0.50	22.01	59.52	80.73	0.00	37	0	43	0.00	0.00	67.47	7.85	0.00	0.00	2000
411	18.76	2190	2102	0.00	224	0	0	0	nan	0.02	0.79	25.37	55.46	81.24	0.00	37	0	43	0.00	0.00	67.10	7.73	0.00	0.00	2000
77	6.60	1163	2114	0.00	193	0	0	0	nan	0.00	0.00	4.41	89.56	93.40	0.00	37	0	42	0.00	0.00	59.41	7.30	0.00	0.00	2000
75	6.50	1162	2094	0.00	195	0	0	0	nan	0.01	0.03	4.35	88.80	93.50	0.00	37	0	43	0.00	0.00	59.48	7.56	0.00	0.00	2000
73	6.73	1087	2106	0.00	194	0	0	0	nan	0.00	0.00	2.62	90.94	93.27	0.00	37	0	43	0.00	0.00	58.07	7.36	0.00	0.00	2000
72	6.56	1114	2075	0.00	193	0	0	0	nan	0.00	0.00	2.88	89.44	93.44	0.00	37	0	43	0.00	0.00	55.72	7.08	0.00	0.00	2000
73	6.93	1036	2126	0.00	210	0	0	0	nan	0.00	0.00	3.81	90.37	93.07	0.00	37	0	43	0.00	0.00	60.56	7.70	0.00	0.00	2000
74	6.40	1154	2101	0.00	193	0	0	0	nan	0.00	0.00	3.32	90.26	93.60	0.00	37	0	43	0.00	0.00	58.93	7.61	0.00	0.00	2000
72	6.40	1131	2099	0.00	196	0	0	0	nan	0.00	0.00	2.94	90.57	93.60	0.00	37	0	42	0.00	0.00	58.02	7.39	0.00	0.00	2000
76	7.12	1082	2074	0.00	182	0	0	0	nan	0.00	0.00	4.94	86.88	92.88	0.00	37	0	43	0.00	0.00	55.88	7.08	0.00	0.00	2000
74	6.66	1094	2124	0.00	210	0	0	0	nan	0.00	0.00	5.17	89.22	93.34	0.00	37	0	43	0.00	0.00	61.16	7.68	0.00	0.00	2000
74	6.69	1097	2107	0.00	194	0	0	0	nan	0.00	0.01	3.43	90.09	93.31	0.00	37	0	43	0.00	0.00	56.71	7.27	0.00	0.00	2000
73	6.65	1098	2096	0.00	196	0	0	0	nan	0.00	0.00	5.25	87.95	93.35	0.00	37	0	43	0.00	0.00	59.30	7.57	0.00	0.00	2000
75	6.67	1121	2098	0.00	194	0	0	0	nan	0.00	0.00	4.02	89.04	93.33	0.00	37	0	43	0.00	0.00	57.66	7.32	0.00	0.00	2000
74	6.53	1123	2105	0.00	195	0	0	1	87.30	0.00	0.00	2.48	91.21	93.47	0.00	37	0	43	0.00	0.00	61.16	7.34	0.00	0.00	2000
72	6.55	1114	2083	0.29	193	0	0	1	86.95	0.00	0.00	3.75	88.97	93.45	0.00	37	0	43	0.00	0.00	57.93	7.58	0.00	0.00	2000
73	6.11	1188	2114	0.00	195	0	0	0	nan	0.00	0.00	2.35	92.03	93.89	0.00	37	0	42	0.00	0.00	56.64	7.22	0.00	0.00	2000
72	6.68	1084	2103	0.00	193	0	0	0	nan	0.00	0.00	2.80	90.66	93.32	0.00	37	0	42	0.00	0.00	60.04	7.72	0.00	0.00	2000
209	10.36	2095	2022	0.00	210	0	0	0	nan	0.00	0.92	8.20	77.24	89.64	0.00	37	0	42	0.00	0.00	59.30	6.97	0.00	0.00	2000
236	10.90	2087	2178	0.00	203	0	0	0	nan	0.00	0.00	6.35	86.05	89.10	0.00	37	0	43	0.00	0.00	69.34	8.05	0.00	0.00	2000
230	11.05	2083	2100	0.00	199	0	0	0	nan	0.00	0.00	6.67	82.42	88.95	0.00	37	0	42	0.00	0.00	63.33	7.45	0.00	0.00	2000
232	11.06	2098	2097	0.00	197	0	0	0	nan	0.01	0.00	3.91	84.91	88.94	0.00	37	0	42	0.00	0.00	65.24	7.65	0.00	0.00	2000
223	10.70	2112	2074	0.00	199	0	0	0	nan	0.00	0.01	4.24	83.96	89.30	0.00	37	0	43	0.00	0.00	65.80	7.85	0.00	0.00	2000
236	11.43	2072	2089	0.00	199	0	0	0	nan	0.00	0.00	3.47	84.69	88.57	0.00	37	0	43	0.00	0.00	64.13	7.73	0.00	0.00	2000
231	10.94	2077	2137	0.00	219	0	0	0	nan	0.00	0.00	4.91	85.83	89.06	0.00	37	0	42	0.00	0.00	68.41	7.99	0.00	0.00	2000
223	10.43	2134	2104	0.00	199	0	0	0	nan	0.00	0.01	6.03	83.68	89.57	0.00	38	0	43	0.00	0.00	64.91	8.08	0.00	0.00	2000
224	10.65	2109	2097	0.00	198	0	0	0	nan	0.00	0.00	5.34	83.83	89.36	0.00	38	0	43	0.00	0.00	65.02	8.10	0.00	0.00	2000
223	10.53	2115	2105	0.00	198	0	0	0	nan	0.00	0.01	4.88	84.87	89.47	0.00	39	0	43	0.00	0.00	65.39	7.47	0.00	0.00	2000
222	10.62	2090	2096	0.00	198	0	0	0	nan	0.00	0.02	4.86	84.37	89.38	0.00	39	0	43	0.00	0.00	63.82	7.32	0.00	0.00	2000
224	10.81	2086	2084	0.00	183	0	0	0	nan	0.00	0.00	4.98	83.52	89.19	0.00	39	0	42	0.00	0.00	63.96	7.36	0.00	0.00	2000
219	11.07	2090	1983	0.00	213	0	0	0	nan	0.00	0.02	2.61	81.36	88.93	0.00	40	0	42	0.00	0.00	61.53	7.16	0.00	0.00	2000
222	10.45	2063	2160	0.00	194	0	0	2	94.86	0.00	0.02	2.19	89.86	89.55	0.00	40	0	43	0.00	0.00	67.30	7.87	0.00	0.00	2000
223	10.76	2072	2096	0.60	213	0	0	20	89.39	0.00	0.01	2.43	86.61	89.24	0.00	40	0	42	0.00	0.00	64.66	7.72	0.00	0.00	2000
225	10.25	2118	2176	0.00	196	0	0	0	nan	0.00	0.00	3.09	89.91	89.75	0.00	40	0	42	0.00	0.00	67.19	7.78	0.00	0.00	2000
225	10.95	2075	2077	0.00	196	0	0	0	nan	0.00	0.00	2.80	85.36	89.05	0.00	40	0	42	0.00	0.00	62.81	7.26	0.00	0.00	2000
221	10.34	2113	2128	0.00	211	0	0	0	nan	0.00	0.00	3.37	87.54	89.66	0.00	39	0	42	0.00	0.00	67.08	7.91	0.00	0.00	2000
217	10.63	2080	2064	0.00	194	0	0	0	nan	0.00	0.00	3.59	84.32	89.37	0.00	38	0	43	0.00	0.00	64.75	7.91	0.00	0.00	2000
238	11.25	2076	2137	0.00	195	0	0	0	nan	0.00	0.00	2.14	88.30	88.75	0.00	38	0	43	0.00	0.00	67.23	8.17	0.00	0.00	2000
230	11.20	2064	2093	0.00	196	0	0	0	nan	0.00	0.00	2.78	85.89	88.80	0.00	38	0	42	0.00	0.00	65.94	7.76	0.00	0.00	2000
232	11.06	2088	2106	0.00	196	0	0	0	nan	0.00	0.00	3.38	85.94	88.94	0.00	39	0	42	0.00	0.00	62.50	7.67	0.00	0.00	2000
225	11.14	2049	2069	0.00	193	0	0	0	nan	0.00	0.00	3.67	84.02	88.86	0.00	39	0	42	0.00	0.00	64.39	7.00	0.00	0.00	2000
228	11.34	2040	2065	0.00	195	0	0	0	nan	0.00	0.00	3.09	84.26	88.66	0.00	39	0	43	0.00	0.00	65.43	7.75	0.00	0.00	2000
232	10.91	2056	2169	0.00	211	0	0	0	nan	0.00	0.02	3.01	89.04	89.09	0.00	38	0	42	0.00	0.00	67.69	8.02	0.00	0.00	2000
231	11.09	2083	2105	0.00	197	0	0	0	nan	0.00	0.00	3.97	85.22	88.91	0.00	39	0	43	0.00	0.00	66.88	7.74	0.00	0.00	2000
207	11.29	1979	1945	0.00	199	0	0	0	nan	0.00	0.01	4.10	78.17	88.71	0.00	38	0	43	0.00	0.00	55.81	6.60	0.00	0.00	2000
239	10.78	2089	2229	0.00	226	0	0	0	nan	0.00	0.00	3.54	91.29	89.22	0.00	39	0	43	0.00	0.00	71.57	8.82	0.00	0.00	2000
230	11.03	2063	2120	0.00	211	0	0	0	nan	0.00	0.00	5.08	84.87	88.97	0.00	39	0	43	0.00	0.00	65.56	7.92	0.00	0.00	2000
239	11.42	2069	2128	0.00	196	0	0	0	nan	0.00	0.00	3.49	86.33	88.58	0.00	39	0	43	0.00	0.00	69.06	8.42	0.00	0.00	2000
230	11.33	2032	2096	0.00	195	0	0	2	65.76	0.00	0.00	4.04	84.55	88.67	0.00	39	0	42	0.00	0.00	64.86	7.52	0.00	0.00	2000
232	11.02	2112	2096	0.54	195	0	0	3	65.55	0.00	0.00	4.11	84.82	88.98	0.00	39	0	43	0.00	0.00	62.69	8.00	0.00	0.00	2000
231	11.00	2102	2102	0.00	194	0	0	0	nan	0.01	0.00	3.57	85.60	89.00	0.00	39	0	43	0.00	0.00	64.97	7.87	0.00	0.00	2000
233	11.24	2069	2102	0.00	195	0	0	0	nan	0.00	0.00	3.57	85.24	88.76	0.00	39	0	43	0.00	0.00	64.44	7.87	0.00	0.00	2000
233	11.35	2059	2091	0.00	199	0	0	0	nan	0.00	0.00	4.96	83.35	88.65	0.00	40	0	42	0.00	0.00	64.34	7.70	0.00	0.00	2000
223	10.95	2063	2075	0.00	195	0	0	0	nan	0.00	0.00	3.68	84.39	89.05	0.00	40	0	43	0.00	0.00	63.41	7.37	0.00	0.00	2000
231	11.08	2060	2121	0.00	193	0	0	0	nan	0.00	0.00	2.19	87.72	88.92	0.00	40	0	43	0.00	0.00	68.30	8.01	0.00	0.00	2000
228	11.01	2068	2101	0.00	195	0	0	0	nan	0.00	0.01	2.53	86.63	88.99	0.00	40	0	42	0.00	0.00	65.67	7.71	0.00	0.00	2000
230	11.27	2037	2109	0.00	194	0	0	0	nan	0.00	0.00	2.23	86.86	88.73	0.00	40	0	43	0.00	0.00	62.32	7.43	0.00	0.00	2000
229	11.17	2083	2064	0.00	195	0	0	0	nan	0.00	0.00	3.32	84.02	88.83	0.00	40	0	42	0.00	0.00	66.27	7.72	0.00	0.00	2000
224	10.71	2088	2107	0.00	210	0	0	0	nan	0.00	0.02	2.85	86.78	89.29	0.00	40	0	43	0.00	0.00	62.59	7.19	0.00	0.00	2000
227	10.72	2114	2102	0.00	196	0	0	0	nan	0.00	0.00	3.84	85.63	89.28	0.00	40	0	43	0.00	0.00	64.37	7.97	0.00	0.00	2000
226	11.21	2035	2079	0.00	193	0	0	0	nan	0.00	0.00	2.15	85.86	88.79	0.00	40	0	42	0.00	0.00	66.62	7.32	0.00	0.00	2000
233	11.01	2071	2147	0.00	210	0	0	0	nan	0.00	0.01	4.12	86.97	88.99	0.00	40	0	42	0.00	0.00	65.06	7.55	0.00	0.00	2000
230	11.20	2052	2102	0.00	197	0	0	0	nan	0.00	0.00	4.38	84.54	88.80	0.00	40	0	43	0.00	0.00	64.46	7.42	0.00	0.00	2000
227	11.11	2044	2095	0.00	195	0	0	0	nan	0.00	0.00	4.47	84.32	88.89	0.00	40	0	42	0.00	0.00	64.31	7.40	0.00	0.00	2000
227	11.24	2018	2105	0.00	194	0	0	0	nan	0.00	0.00	3.03	86.01	88.76	0.00	40	0	42	0.00	0.00	65.03	7.52	0.00	0.00	2000
230	11.00	2085	2104	0.00	194	0	0	2	93.77	0.00	0.00	2.74	86.47	89.00	0.00	40	0	42	0.00	0.00	65.60	7.52	0.00	0.00	2000
226	10.89	2088	2090	0.67	194	0	0	4	96.16	0.00	0.00	4.04	84.81	89.11	0.00	40	0	43	0.00	0.00	64.34	7.31	0.00	0.00	2000
231	11.00	2115	2086	0.00	196	0	0	0	nan	0.00	0.00	3.74	84.72	89.00	0.00	40	0	42	0.00	0.00	64.80	7.77	0.00	0.00	2000
233	10.95	2104	2125	0.00	193	0	0	0	nan	0.00	0.00	2.85	87.22	89.05	0.00	40	0	43	0.00	0.00	65.90	7.58	0.00	0.00	2000
224	11.00	2065	2067	0.00	194	0	0	0	nan	0.00	0.00	3.26	84.40	89.00	0.00	40	0	42	0.00	0.00	63.37	7.51	0.00	0.00	2000
228	10.69	2129	2107	0.00	193	0	0	0	nan	0.00	0.00	2.14	87.49	89.31	0.00	40	0	43	0.00	0.00	65.23	7.36	0.00	0.00	2000
232	11.36	2050	2087	0.00	195	0	0	0	nan	0.00	0.01	2.26	85.83	88.64	0.00	40	0	43	0.00	0.00	66.39	7.58	0.00	0.00	2000
233	10.63	2158	2135	0.00	214	0	0	0	nan	0.00	0.00	5.51	85.40	89.38	0.00	40	0	42	0.00	0.00	64.92	7.47	0.00	0.00	2000
229	10.90	2092	2107	0.00	195	0	0	0	nan	0.00	0.00	5.04	84.52	89.10	0.00	40	0	43	0.00	0.00	65.06	7.54	0.00	0.00	2000
225	11.05	2066	2065	0.00	195	0	0	0	nan	0.00	0.01	4.03	83.51	88.95	0.00	41	0	42	0.00	0.00	63.16	7.41	0.00	0.00	2000
229	11.20	2056	2087	0.00	196	0	0	0	nan	0.00	0.00	3.03	85.36	88.80	0.00	41	0	43	0.00	0.00	65.87	7.64	0.00	0.00	2000
226	10.88	2068	2106	0.00	211	0	0	0	nan	0.00	0.02	3.89	85.60	89.12	0.00	41	0	42	0.00	0.00	63.84	7.39	0.00	0.00	2000
232	11.08	2051	2145	0.00	194	0	0	0	nan	0.00	0.00	2.98	87.93	88.92	0.00	40	0	42	0.00	0.00	65.50	7.56	0.00	0.00	2000
225	11.31	2053	2034	0.00	194	0	0	0	nan	0.00	0.02	2.39	83.55	88.69	0.00	40	0	43	0.00	0.00	62.81	7.27	0.00	0.00	2000
239	11.04	2101	2167	0.00	211	0	0	0	nan	0.00	0.00	3.00	88.80	88.96	0.00	40	0	43	0.00	0.00	68.76	7.71	0.00	0.00	2000
228	10.84	2109	2092	0.00	194	0	0	0	nan	0.00	0.00	3.80	85.12	89.16	0.00	40	0	43	0.00	0.00	65.18	7.49	0.00	0.00	2000
230	11.18	2044	2112	0.00	195	0	0	0	nan	0.00	0.00	4.14	85.30	88.82	0.00	40	0	43	0.00	0.00	64.98	7.37	0.00	0.00	2000
227	10.74	2113	2098	0.10	193	0	0	2	79.69	0.00	0.00	3.97	85.30	89.26	0.00	40	0	43	0.00	0.00	64.21	7.24	0.00	0.00	2000
230	10.82	2126	2096	0.91	194	0	0	2	81.25	0.00	0.02	3.20	85.89	89.19	0.00	40	0	42	0.00	0.00	65.17	7.59	0.00	0.00	2000
228	11.15	2085	2059	0.00	180	0	0	0	nan	0.00	0.00	4.54	82.69	88.85	0.00	41	0	43	0.00	0.00	60.60	7.05	0.00	0.00	2000
232	11.24	2026	2138	0.00	211	0	0	0	nan	0.00	0.03	4.28	86.12	88.76	0.00	40	0	42	0.00	0.00	69.66	8.06	0.00	0.00	2000
230	11.11	2083	2091	0.00	201	0	0	0	nan	0.00	0.00	3.93	84.68	88.89	0.00	40	0	43	0.00	0.00	64.26	7.52	0.00	0.00	2000
228	11.19	2026	2113	0.00	195	0	0	0	nan	0.00	0.00	3.41	86.05	88.81	0.00	40	0	42	0.00	0.00	64.45	7.42	0.00	0.00	2000
226	10.90	2080	2092	0.00	195	0	0	0	nan	0.00	0.02	2.44	86.36	89.10	0.00	40	0	42	0.00	0.00	65.44	7.60	0.00	0.00	2000
231	11.04	2091	2105	0.00	194	0	0	0	nan	0.00	0.02	2.73	86.51	88.96	0.00	40	0	43	0.00	0.00	63.49	7.61	0.00	0.00	2000
222	10.90	2076	2063	0.00	194	0	0	0	nan	0.00	0.00	3.83	83.81	89.10	0.00	40	0	42	0.00	0.00	63.68	7.20	0.00	0.00	2000
231	11.07	2107	2081	0.00	195	0	0	0	nan	0.00	0.00	3.24	84.95	88.93	0.00	40	0	42	0.00	0.00	63.63	7.32	0.00	0.00	2000
230	10.72	2085	2164	0.00	212	0	0	0	nan	0.00	0.00	3.72	88.32	89.28	0.00	40	0	43	0.00	0.00	68.18	7.86	0.00	0.00	2000
227	10.90	2108	2077	0.00	197	0	0	0	nan	0.00	0.00	4.55	83.60	89.10	0.00	40	0	43	0.00	0.00	64.49	7.35	0.00	0.00	2000
227	11.00	2047	2121	0.00	194	0	0	0	nan	0.00	0.00	3.54	86.41	89.00	0.00	40	0	43	0.00	0.00	65.13	7.47	0.00	0.00	2000
229	11.13	2064	2094	0.00	194	0	0	0	nan	0.00	0.00	2.78	85.96	88.87	0.00	40	0	42	0.00	0.00	65.19	7.48	0.00	0.00	2000
224	11.02	2057	2076	0.00	195	0	0	0	nan	0.00	0.00	3.54	84.48	88.98	0.00	40	0	42	0.00	0.00	63.76	7.49	0.00	0.00	2000
228	10.74	2122	2105	0.00	193	0	0	0	nan	0.00	0.01	2.31	87.18	89.26	0.00	40	0	43	0.00	0.00	65.07	7.45	0.00	0.00	2000
230	11.04	2069	2118	0.00	194	0	0	0	nan	0.00	0.00	2.16	87.68	88.96	0.00	40	0	43	0.00	0.00	65.69	7.61	0.00	0.00	2000
226	11.20	2050	2072	0.06	195	0	0	2	84.17	0.00	0.00	2.87	84.76	88.80	0.00	40	0	42	0.00	0.00	64.03	7.44	0.00	0.00	2000
224	11.01	2057	2077	0.63	195	0	0	3	89.80	0.00	0.02	2.99	85.17	88.99	0.00	40	0	43	0.00	0.00	62.13	7.27	0.00	0.00	2000
235	11.26	2058	2131	0.00	211	0	0	0	nan	0.00	0.00	3.45	86.68	88.74	0.00	40	0	43	0.00	0.00	66.94	7.72	0.00	0.00	2000
228	10.79	2087	2127	0.00	211	0	0	0	nan	0.00	0.00	4.69	85.71	89.21	0.00	40	0	42	0.00	0.00	67.45	7.99	0.00	0.00	2000
225	10.86	2092	2083	0.00	194	0	0	0	nan	0.00	0.00	4.47	84.07	89.14	0.00	40	0	43	0.00	0.00	64.68	7.51	0.00	0.00	2000
227	10.96	2054	2120	0.00	195	0	0	0	nan	0.00	0.00	4.32	85.64	89.04	0.00	40	0	42	0.00	0.00	64.97	7.59	0.00	0.00	2000
230	11.28	2040	2097	0.00	195	0	0	0	nan	0.00	0.01	3.29	85.41	88.72	0.00	40	0	42	0.00	0.00	66.00	7.75	0.00	0.00	2000
227	10.91	2076	2107	0.00	193	0	0	0	nan	0.00	0.02	1.94	87.43	89.09	0.00	40	0	42	0.00	0.00	62.39	7.41	0.00	0.00	2000
226	10.85	2097	2090	0.00	193	0	0	0	nan	0.00	0.02	2.13	86.68	89.15	0.00	40	0	42	0.00	0.00	65.98	7.58	0.00	0.00	2000
225	10.89	2086	2081	0.00	195	0	0	0	nan	0.00	0.00	3.20	85.14	89.11	0.00	41	0	42	0.00	0.00	64.37	7.56	0.00	0.00	2000
226	10.79	2092	2100	0.00	194	0	0	0	nan	0.00	0.00	2.91	86.41	89.21	0.00	40	0	42	0.00	0.00	64.26	7.43	0.00	0.00	2000
231	11.17	2053	2116	0.00	194	0	0	0	nan	0.00	0.01	1.83	87.78	88.83	0.00	40	0	43	0.00	0.00	65.85	7.57	0.00	0.00	2000
230	11.26	2033	2111	0.00	194	0	0	0	nan	0.00	0.01	2.19	87.18	88.74	0.00	40	0	42	0.00	0.00	64.72	7.61	0.00	0.00	2000
225	11.01	2060	2083	0.00	194	0	0	0	nan	0.00	0.00	2.78	85.64	88.99	0.00	40	0	42	0.00	0.00	65.27	7.93	0.00	0.00	2000
232	11.28	2036	2117	0.00	198	0	0	0	nan	0.00	0.00	4.70	84.84	88.72	0.00	41	0	42	0.00	0.00	64.40	7.43	0.00	0.00	2000
225	10.83	2094	2086	0.00	196	0	0	0	nan	0.00	0.00	3.03	85.68	89.17	0.00	41	0	42	0.00	0.00	65.96	7.72	0.00	0.00	2000
231	11.10	2083	2100	0.00	196	0	0	0	nan	0.00	0.00	3.33	85.67	88.90	0.00	41	0	43	0.00	0.00	64.62	7.69	0.00	0.00	2000
230	11.15	2047	2116	0.00	194	0	0	3	86.58	0.00	0.00	3.65	86.05	88.85	0.00	41	0	43	0.00	0.00	65.78	7.73	0.00	0.00	2000
228	11.03	2078	2088	1.18	195	0	0	5	88.18	0.00	0.00	4.53	84.04	88.97	0.00	41	0	43	0.00	0.00	65.01	7.53	0.00	0.00	2000
224	11.07	2049	2078	0.00	194	0	0	0	nan	0.00	0.00	4.41	83.72	88.93	0.00	41	0	43	0.00	0.00	63.87	7.20	0.00	0.00	2000
228	10.90	2088	2106	0.00	195	0	0	0	nan	0.00	0.00	3.34	86.15	89.10	0.00	40	0	42	0.00	0.00	64.59	7.48	0.00	0.00	2000
229	11.18	2050	2095	0.00	194	0	0	0	nan	0.00	0.00	3.37	85.34	88.82	0.00	40	0	43	0.00	0.00	60.23	7.42	0.00	0.00	2000
229	11.07	2074	2094	0.00	196	0	0	0	nan	0.00	0.02	2.15	86.63	88.93	0.00	41	0	43	0.00	0.00	65.91	7.34	0.00	0.00	2000
231	11.11	2050	2132	0.00	212	0	0	0	nan	0.00	0.00	4.05	86.36	88.89	0.00	41	0	43	0.00	0.00	67.27	7.84	0.00	0.00	2000
226	11.12	2037	2099	0.00	195	0	0	0	nan	0.00	0.00	3.60	85.26	88.88	0.00	41	0	43	0.00	0.00	66.72	7.73	0.00	0.00	2000
223	10.85	2090	2066	0.00	195	0	0	0	nan	0.00	0.00	3.32	84.47	89.15	0.00	41	0	43	0.00	0.00	61.50	7.22	0.00	0.00	2000
242	11.54	2059	2140	0.00	197	0	0	0	nan	0.00	0.00	4.34	85.81	88.46	0.00	41	0	43	0.00	0.00	67.47	7.73	0.00	0.00	2000
227	11.13	2048	2089	0.00	194	0	0	0	nan	0.00	0.02	2.22	86.23	88.87	0.00	40	0	42	0.00	0.00	64.97	7.90	0.00	0.00	2000
228	11.21	2034	2101	0.00	194	0	0	0	nan	0.00	0.00	3.04	85.92	88.79	0.00	40	0	42	0.00	0.00	65.20	7.54	0.00	0.00	2000
225	11.12	2048	2079	0.00	194	0	0	0	nan	0.00	0.02	2.86	85.19	88.88	0.00	41	0	43	0.00	0.00	63.95	7.48	0.00	0.00	2000
233	11.05	2092	2119	0.00	194	0	0	0	nan	0.01	0.00	2.64	87.22	88.95	0.00	41	0	42	0.00	0.00	65.49	7.81	0.00	0.00	2000
225	10.78	2101	2089	0.00	194	0	0	0	nan	0.00	0.00	3.22	85.56	89.22	0.00	40	0	43	0.00	0.00	62.29	7.48	0.00	0.00	2000
232	11.12	2078	2108	0.00	195	0	0	0	nan	0.00	0.00	3.29	85.97	88.88	0.00	40	0	43	0.00	0.00	68.13	7.96	0.00	0.00	2000
225	11.13	2037	2081	0.00	195	0	0	0	nan	0.00	0.00	3.01	85.09	88.87	0.00	41	0	43	0.00	0.00	61.29	7.11	0.00	0.00	2000
230	11.03	2090	2098	0.00	198	0	0	2	79.90	0.00	0.02	3.03	85.95	88.97	0.00	41	0	42	0.00	0.00	65.57	7.53	0.00	0.00	2000
234	11.23	2052	2130	1.09	212	0	0	6	78.17	0.00	0.03	2.27	87.87	88.77	0.00	41	0	43	0.00	0.00	66.03	8.01	0.00	0.00	2000
231	10.87	2123	2105	0.00	195	0	0	0	nan	0.00	0.00	3.33	86.11	89.13	0.00	41	0	43	0.00	0.00	63.20	7.37	0.00	0.00	2000
226	10.68	2126	2089	0.00	178	0	0	0	nan	0.00	0.00	2.70	86.25	89.32	0.00	40	0	43	0.00	0.00	66.13	7.77	0.00	0.00	2000
227	11.11	2069	2071	0.00	194	0	0	0	nan	0.00	0.00	1.79	85.98	88.89	0.00	41	0	43	0.00	0.00	64.39	7.53	0.00	0.00	2000
231	11.05	2060	2134	0.00	209	0	0	0	nan	0.01	0.00	1.26	89.14	88.95	0.00	41	0	43	0.00	0.00	64.09	7.56	0.00	0.00	2000
229	10.97	2087	2103	0.00	194	0	0	0	nan	0.00	0.01	3.50	85.67	89.03	0.00	41	0	43	0.00	0.00	67.10	7.76	0.00	0.00	2000
229	11.21	2046	2100	0.00	195	0	0	0	nan	0.00	0.00	4.23	84.71	88.79	0.00	41	0	43	0.00	0.00	64.07	7.57	0.00	0.00	2000
227	11.16	2040	2093	0.00	195	0	0	0	nan	0.00	0.00	4.39	84.25	88.84	0.00	41	0	43	0.00	0.00	64.08	7.52	0.00	0.00	2000
228	11.22	2030	2105	0.00	195	0	0	0	nan	0.00	0.00	3.22	85.88	88.78	0.00	41	0	43	0.00	0.00	67.28	7.97	0.00	0.00	2000
228	11.17	2041	2102	0.00	194	0	0	0	nan	0.00	0.00	2.55	86.48	88.83	0.00	41	0	43	0.00	0.00	64.63	7.58	0.00	0.00	2000
226	10.91	2083	2086	0.00	195	0	0	0	nan	0.00	0.02	2.50	86.12	89.09	0.00	40	0	43	0.00	0.00	62.58	7.38	0.00	0.00	2000
235	11.34	2053	2122	0.00	196	0	0	0	nan	0.00	0.00	3.21	86.40	88.66	0.00	40	0	43	0.00	0.00	67.91	7.86	0.00	0.00	2000
227	10.91	2099	2082	0.00	195	0	0	0	nan	0.00	0.02	3.32	85.17	89.09	0.00	41	0	43	0.00	0.00	62.05	7.26	0.00	0.00	2000
229	11.09	2058	2106	0.00	194	0	0	0	nan	0.00	0.00	3.23	85.99	88.91	0.00	41	0	43	0.00	0.00	67.52	7.88	0.00	0.00	2000
230	10.97	2084	2109	0.00	194	0	0	0	nan	0.00	0.02	2.69	86.80	89.03	0.00	41	0	43	0.00	0.00	63.49	7.38	0.00	0.00	2000
228	11.03	2078	2084	0.00	195	0	0	0	nan	0.00	0.00	3.48	84.86	88.97	0.00	40	0	43	0.00	0.00	64.23	7.37	0.00	0.00	2000
230	11.29	2022	2114	0.00	195	0	0	2	76.56	0.00	0.00	4.07	85.31	88.71	0.00	40	0	43	0.00	0.00	65.22	7.93	0.00	0.00	2000
231	10.99	2114	2089	1.08	195	0	0	7	69.78	0.00	0.00	3.88	84.71	89.01	0.00	41	0	42	0.00	0.00	65.49	7.65	0.00	0.00	2000
228	10.99	2070	2109	0.00	193	0	0	0	nan	0.00	0.00	4.27	85.16	89.01	0.00	40	0	43	0.00	0.00	62.64	7.33	0.00	0.00	2000
229	11.09	2064	2100	0.00	194	0	0	0	nan	0.00	0.00	3.84	85.13	88.91	0.00	41	0	42	0.00	0.00	64.65	7.60	0.00	0.00	2000
225	10.92	2097	2067	0.00	197	0	0	0	nan	0.00	0.02	4.24	83.52	89.08	0.00	41	0	42	0.00	0.00	64.95	7.85	0.00	0.00	2000
234	11.11	2082	2127	0.00	194	0	0	0	nan	0.00	0.00	4.88	85.18	88.89	0.00	41	0	43	0.00	0.00	67.30	7.84	0.00	0.00	2000
229	11.06	2064	2105	0.00	195	0	0	0	nan	0.00	0.00	5.23	84.03	88.94	0.00	41	0	43	0.00	0.00	62.66	7.25	0.00	0.00	2000
230	11.13	2076	2095	0.00	194	0	0	0	nan	0.00	0.00	4.39	84.38	88.89	0.00	41	0	43	0.00	0.00	66.81	7.79	0.00	0.00	2000
228	10.63	2138	2105	0.00	195	0	0	0	nan	0.00	0.00	4.93	84.77	89.37	0.00	40	0	42	0.00	0.00	64.21	7.39	0.00	0.00	2000
229	10.85	2110	2098	0.00	195	0	0	0	nan	0.00	0.01	3.48	85.67	89.15	0.00	40	0	43	0.00	0.00	64.58	7.64	0.00	0.00	2000
228	10.83	2108	2094	0.00	194	0	0	0	nan	0.00	0.02	3.73	85.28	89.17	0.00	40	0	43	0.00	0.00	65.27	7.52	0.00	0.00	2000
230	11.21	2048	2103	0.00	195	0	0	0	nan	0.00	0.02	4.52	84.49	88.79	0.00	40	0	43	0.00	0.00	63.42	7.45	0.00	0.00	2000
229	10.93	2087	2104	0.00	195	0	0	0	nan	0.00	0.00	4.91	84.39	89.07	0.00	40	0	43	0.00	0.00	65.12	7.52	0.00	0.00	2000
229	10.84	2117	2099	0.00	194	0	0	0	nan	0.00	0.00	3.88	85.33	89.16	0.00	40	0	43	0.00	0.00	65.78	7.68	0.00	0.00	2000
229	11.12	2089	2066	0.00	194	0	0	0	nan	0.00	0.00	3.31	84.18	88.88	0.00	40	0	43	0.00	0.00	64.01	7.51	0.00	0.00	2000
229	11.05	2058	2114	0.00	194	0	0	0	nan	0.00	0.00	4.25	85.41	88.95	0.00	40	0	43	0.00	0.00	63.85	7.61	0.00	0.00	2000
235	11.03	2102	2133	0.00	194	0	0	0	nan	0.00	0.00	3.62	86.77	88.97	0.00	41	0	43	0.00	0.00	68.31	7.86	0.00	0.00	2000
231	10.98	2123	2084	0.00	196	0	0	0	nan	0.00	0.00	3.97	84.47	89.02	0.00	40	0	43	0.00	0.00	65.31	7.66	0.00	0.00	2000
228	10.83	2112	2095	1.09	178	0	0	6	64.76	0.00	0.01	3.42	85.65	89.17	0.00	40	0	43	0.00	0.00	61.42	7.28	0.00	0.00	2000
239	11.13	2136	2106	0.11	230	0	0	0	nan	0.00	0.00	7.79	81.38	88.87	0.00	41	0	42	0.00	0.00	67.20	7.81	0.00	0.00	2000
228	10.88	2097	2101	0.00	194	0	0	0	nan	0.00	0.00	3.84	85.31	89.12	0.00	40	0	43	0.00	0.00	64.63	7.55	0.00	0.00	2000
232	10.94	2116	2102	0.00	195	0	0	0	nan	0.00	0.00	5.14	84.03	89.06	0.00	41	0	42	0.00	0.00	65.35	7.39	0.00	0.00	2000
225	11.14	2051	2067	0.00	203	0	0	0	nan	0.00	0.00	6.61	80.98	88.86	0.00	41	0	43	0.00	0.00	63.24	7.51	0.00	0.00	2000
230	10.99	2084	2110	0.00	198	0	0	0	nan	0.00	0.02	5.30	84.16	89.01	0.00	41	0	42	0.00	0.00	67.36	7.59	0.00	0.00	2000
232	11.12	2071	2119	0.00	203	0	0	0	nan	0.00	0.00	5.30	84.43	88.88	0.00	41	0	43	0.00	0.00	63.98	7.89	0.00	0.00	2000
230	10.87	2113	2106	0.00	201	0	0	0	nan	0.00	0.00	3.38	86.04	89.13	0.00	41	0	42	0.00	0.00	65.98	7.62	0.00	0.00	2000
234	11.18	2089	2103	0.00	199	0	0	0	nan	0.00	0.01	4.24	84.71	88.82	0.00	40	0	42	0.00	0.00	64.61	7.53	0.00	0.00	2000
227	11.00	2076	2090	0.00	206	0	0	0	nan	0.00	0.02	2.95	85.77	89.00	0.00	41	0	43	0.00	0.00	63.58	7.26	0.00	0.00	2000
225	10.89	2095	2076	0.00	198	0	0	0	nan	0.00	0.03	2.64	85.47	89.11	0.00	40	0	42	0.00	0.00	64.84	7.79	0.00	0.00	2000
233	11.30	2041	2118	0.00	200	0	0	0	nan	0.00	0.00	5.05	84.56	88.70	0.00	41	0	43	0.00	0.00	64.96	7.63	0.00	0.00	2000
227	11.07	2068	2078	0.00	198	0	0	0	nan	0.00	0.00	4.87	83.24	88.93	0.00	40	0	42	0.00	0.00	64.15	7.45	0.00	0.00	2000
232	11.01	2097	2106	0.00	196	0	0	0	nan	0.00	0.01	4.55	84.78	88.99	0.00	40	0	43	0.00	0.00	66.13	7.86	0.00	0.00	2000
234	11.07	2088	2123	0.00	204	0	0	0	nan	0.00	0.00	5.13	84.87	88.93	0.00	40	0	42	0.00	0.00	65.04	7.56	0.00	0.00	2000
227	10.89	2109	2072	0.00	201	0	0	0	nan	0.00	0.02	4.94	83.00	89.11	0.00	41	0	43	0.00	0.00	63.96	7.59	0.00	0.00	2000
234	11.09	2114	2098	0.00	198	0	0	0	nan	0.00	0.00	3.56	85.31	88.91	0.00	40	0	43	0.00	0.00	63.29	7.46	0.00	0.00	2000
228	10.75	2086	2138	0.97	214	0	0	8	49.14	0.00	0.00	6.35	84.64	89.25	0.00	40	0	43	0.00	0.00	68.60	8.24	0.00	0.00	2000
231	11.05	2094	2096	0.19	198	0	0	0	nan	0.01	0.00	6.24	82.68	88.95	0.00	41	0	43	0.00	0.00	65.12	7.73	0.00	0.00	2000
229	10.97	2090	2101	0.00	204	0	0	0	nan	0.00	0.02	6.84	82.28	89.03	0.00	40	0	42	0.00	0.00	64.90	7.68	0.00	0.00	2000
227	11.04	2056	2097	0.00	198	0	0	0	nan	0.00	0.00	5.68	83.23	88.96	0.00	40	0	43	0.00	0.00	64.56	7.65	0.00	0.00	2000
225	11.03	2070	2073	0.00	198	0	0	0	nan	0.00	0.00	5.35	82.58	88.97	0.00	41	0	43	0.00	0.00	63.63	7.54	0.00	0.00	2000
230	11.06	2066	2114	0.00	198	0	0	0	nan	0.00	0.00	4.62	85.03	88.94	0.00	40	0	42	0.00	0.00	64.66	7.58	0.00	0.00	2000
232	11.28	2045	2116	0.00	198	0	0	0	nan	0.00	0.00	4.36	85.07	88.72	0.00	41	0	42	0.00	0.00	65.19	7.75	0.00	0.00	2000
225	11.07	2055	2077	0.00	204	0	0	0	nan	0.00	0.05	3.73	84.34	88.93	0.00	40	0	42	0.00	0.00	65.02	7.66	0.00	0.00	2000
232	11.16	2058	2118	0.00	199	0	0	0	nan	0.00	0.53	4.20	85.00	88.84	0.00	40	0	42	0.00	0.00	64.86	7.65	0.00	0.00	2000
230	11.21	2055	2094	0.00	201	0	0	0	nan	0.00	0.00	6.00	82.70	88.79	0.00	39	0	43	0.00	0.00	65.04	7.69	0.00	0.00	2000
233	10.94	2114	2112	0.00	198	0	0	0	nan	0.00	0.00	5.89	83.73	89.06	0.00	40	0	43	0.00	0.00	65.91	8.12	0.00	0.00	2000
222	11.00	2053	2065	0.00	199	0	0	0	nan	0.00	0.00	6.54	81.14	89.00	0.00	40	0	43	0.00	0.00	63.23	7.57	0.00	0.00	2000
234	11.33	2045	2120	0.00	203	0	0	0	nan	0.00	0.00	5.52	84.09	88.67	0.00	40	0	42	0.00	0.00	65.99	7.94	0.00	0.00	2000
226	11.11	2059	2077	0.00	199	0	0	0	nan	0.00	0.00	4.64	83.37	88.89	0.00	40	0	43	0.00	0.00	63.69	7.62	0.00	0.00	2000
230	11.18	2053	2107	0.00	230	0	0	0	nan	0.00	0.02	6.86	82.37	88.82	0.00	40	0	43	0.00	0.00	66.49	7.76	0.00	0.00	2000
233	11.33	2020	2137	0.00	199	0	0	0	nan	0.00	0.00	5.94	84.41	88.67	0.00	40	0	43	0.00	0.00	65.26	7.83	0.00	0.00	2000
232	11.33	2066	2085	0.00	199	0	0	0	nan	0.00	0.02	5.80	82.39	88.67	0.00	40	0	42	0.00	0.00	65.44	7.62	0.00	0.00	2000
228	11.23	2033	2101	0.86	203	0	0	7	60.25	0.01	0.00	6.24	82.68	88.77	0.00	40	0	42	0.00	0.00	64.05	7.44	0.00	0.00	2000
232	11.26	2045	2111	0.30	198	0	0	0	nan	0.00	0.00	3.88	85.33	88.74	0.00	40	0	42	0.00	0.00	64.60	7.46	0.00	0.00	2000
228	11.02	2076	2098	0.00	200	0	0	0	nan	0.00	0.00	4.12	84.88	88.98	0.00	40	0	43	0.00	0.00	64.66	7.53	0.00	0.00	2000
227	10.96	2089	2084	0.00	198	0	0	0	nan	0.00	0.01	3.28	85.13	89.04	0.00	40	0	43	0.00	0.00	63.22	7.60	0.00	0.00	2000
234	10.91	2133	2113	0.00	219	0	0	0	nan	0.00	0.04	2.06	87.59	89.09	0.00	40	0	43	0.00	0.00	67.23	7.76	0.00	0.00	2000
223	10.99	2061	2070	0.00	199	0	0	0	nan	0.00	2.89	2.77	82.25	89.01	0.00	40	0	42	0.00	0.00	62.43	7.39	0.00	0.00	2000
238	11.41	2059	2131	0.00	201	0	0	0	nan	0.00	0.46	6.83	82.62	88.59	0.00	41	0	42	0.00	0.00	68.60	7.90	0.00	0.00	2000
230	11.25	2043	2101	0.00	197	0	0	0	nan	0.00	0.03	5.54	83.32	88.75	0.00	40	0	43	0.00	0.00	65.16	7.82	0.00	0.00	2000
230	11.12	2058	2106	0.00	198	0	0	0	nan	0.00	0.00	5.75	83.43	88.88	0.00	40	0	42	0.00	0.00	65.65	7.58	0.00	0.00	2000
231	11.11	2089	2089	0.00	201	0	0	0	nan	0.00	0.00	6.27	82.26	88.89	0.00	40	0	43	0.00	0.00	62.10	7.34	0.00	0.00	2000
232	11.06	2083	2110	0.00	203	0	0	0	nan	0.00	0.00	7.44	82.01	88.94	0.00	40	0	42	0.00	0.00	65.57	7.55	0.00	0.00	2000
224	11.05	2056	2070	0.00	198	0	0	0	nan	0.00	0.00	6.03	81.75	88.95	0.00	40	0	43	0.00	0.00	63.31	7.42	0.00	0.00	2000
233	11.16	2064	2121	0.00	198	0	0	0	nan	0.00	0.00	6.26	83.57	88.84	0.00	40	0	43	0.00	0.00	65.62	7.70	0.00	0.00	2000
232	11.21	2065	2108	0.00	200	0	0	0	nan	0.00	0.02	6.79	82.52	88.79	0.00	40	0	43	0.00	0.00	68.36	8.08	0.00	0.00	2000
230	11.15	2058	2102	0.00	199	0	0	0	nan	0.00	0.00	6.78	82.22	88.85	0.00	41	0	43	0.00	0.00	65.25	8.00	0.00	0.00	2000
231	10.99	2107	2090	0.00	203	0	0	0	nan	0.00	0.00	6.50	82.14	89.01	0.00	41	0	43	0.00	0.00	65.31	7.76	0.00	0.00	2000
225	11.13	2045	2077	0.00	198	0	0	0	nan	0.00	0.00	5.99	81.99	88.87	0.00	40	0	42	0.00	0.00	60.52	7.35	0.00	0.00	2000
231	11.10	2066	2118	0.67	199	0	0	35	10.41	0.00	0.00	4.52	85.24	88.90	0.00	40	0	42	0.00	0.00	69.14	8.52	0.00	0.00	2000
226	11.30	2029	2072	0.54	198	0	0	0	94.03	0.00	0.02	3.12	84.51	88.70	0.00	41	0	42	0.00	0.00	62.16	7.39	0.00	0.00	2000
230	11.10	2078	2098	0.00	220	0	0	0	nan	0.01	0.04	1.63	87.26	88.90	0.00	41	0	43	0.00	0.00	64.93	7.60	0.00	0.00	2000
226	11.13	2033	2101	0.00	198	0	0	0	nan	0.00	0.49	5.21	83.24	88.87	0.00	41	0	43	0.00	0.00	65.12	7.51	0.00	0.00	2000
232	10.83	2115	2130	0.00	197	0	0	0	nan	0.00	0.00	5.43	85.12	89.17	0.00	41	0	43	0.00	0.00	65.65	7.71	0.00	0.00	2000
228	10.80	2111	2103	0.00	198	0	0	0	nan	0.00	0.00	5.99	83.46	89.20	0.00	42	0	43	0.00	0.00	66.58	7.72	0.00	0.00	2000
226	11.18	2057	2065	0.00	199	0	0	0	nan	0.00	0.03	3.72	83.70	88.82	0.00	41	0	43	0.00	0.00	64.15	7.48	0.00	0.00	2000
230	11.25	2027	2114	0.00	220	0	0	0	nan	0.00	0.00	6.83	82.57	88.75	0.00	40	0	43	0.00	0.00	66.52	7.58	0.00	0.00	2000
233	11.35	2053	2098	0.00	198	0	0	0	nan	0.00	0.01	5.20	83.53	88.65	0.00	41	0	42	0.00	0.00	63.81	7.99	0.00	0.00	2000
229	10.58	2139	2123	0.00	198	0	0	0	nan	0.00	0.00	5.06	85.39	89.42	0.00	41	0	43	0.00	0.00	65.51	7.66	0.00	0.00	2000
227	10.97	2092	2079	0.00	215	0	0	0	nan	0.00	0.01	4.78	83.39	89.03	0.00	42	0	43	0.00	0.00	64.96	7.47	0.00	0.00	2000
229	10.73	2112	2125	0.00	198	0	0	0	nan	0.00	0.00	7.25	83.13	89.27	0.00	41	0	43	0.00	0.00	66.32	7.65	0.00	0.00	2000
225	11.20	2037	2069	0.00	195	0	0	0	nan	0.00	0.00	4.20	83.43	88.80	0.00	42	0	42	0.00	0.00	62.49	7.24	0.00	0.00	2000
229	10.99	2077	2102	0.00	194	0	0	0	nan	0.00	0.00	2.71	86.40	89.01	0.00	41	0	42	0.00	0.00	65.58	7.68	0.00	0.00	2000
231	10.99	2076	2130	0.00	211	0	0	0	nan	0.00	0.00	3.03	87.29	89.01	0.00	42	0	43	0.00	0.00	66.25	7.82	0.00	0.00	2000
230	10.79	2132	2100	0.00	194	0	0	0	nan	0.00	0.00	4.39	84.82	89.21	0.00	41	0	43	0.00	0.00	65.79	8.23	0.00	0.00	2000
226	10.81	2117	2075	0.00	198	0	0	0	nan	0.00	0.01	5.48	82.68	89.19	0.00	42	0	43	0.00	0.00	64.03	7.61	0.00	0.00	2000
231	11.00	2084	2115	1.31	196	0	0	5	21.49	0.00	0.00	2.98	86.78	89.00	0.00	41	0	43	0.00	0.00	65.43	7.62	0.00	0.00	2000
230	11.23	2031	2116	0.23	194	0	0	0	nan	0.00	0.00	2.98	86.58	88.77	0.00	42	0	43	0.00	0.00	65.40	7.76	0.00	0.00	2000
226	11.00	2059	2091	0.00	194	0	0	0	nan	0.00	0.00	3.43	85.28	89.00	0.00	41	0	43	0.00	0.00	65.08	7.60	0.00	0.00	2000
227	11.01	2074	2088	0.00	195	0	0	0	nan	0.00	0.00	3.56	85.02	88.99	0.00	42	0	43	0.00	0.00	64.10	7.50	0.00	0.00	2000
230	11.10	2070	2107	0.00	195	0	0	0	nan	0.00	0.00	3.64	85.57	88.90	0.00	42	0	43	0.00	0.00	65.22	7.64	0.00	0.00	2000
230	11.24	2034	2112	0.00	195	0	0	0	nan	0.00	0.00	4.21	85.12	88.76	0.00	41	0	42	0.00	0.00	66.42	8.26	0.00	0.00	2000
229	11.23	2033	2105	0.00	194	0	0	0	nan	0.00	0.00	3.68	85.34	88.77	0.00	42	0	42	0.00	0.00	65.15	7.58	0.00	0.00	2000
231	11.20	2071	2091	0.00	196	0	0	0	nan	0.00	0.00	4.53	83.97	88.80	0.00	41	0	43	0.00	0.00	62.58	7.23	0.00	0.00	2000
228	10.96	2082	2099	0.00	194	0	0	0	nan	0.00	0.00	4.51	84.61	89.04	0.00	41	0	43	0.00	0.00	67.63	7.89	0.00	0.00	2000
227	10.85	2092	2098	0.00	195	0	0	0	nan	0.00	0.00	4.98	84.18	89.15	0.00	42	0	43	0.00	0.00	62.84	7.47	0.00	0.00	2000
231	11.13	2073	2101	0.00	195	0	0	0	nan	0.00	0.00	4.48	84.52	88.87	0.00	41	0	42	0.00	0.00	65.18	7.49	0.00	0.00	2000
229	10.91	2096	2105	0.00	195	0	0	0	nan	0.00	0.00	4.67	84.76	89.09	0.00	42	0	42	0.00	0.00	64.81	7.62	0.00	0.00	2000
218	12.03	2004	1902	0.00	194	0	0	0	nan	0.00	0.00	3.63	76.12	87.97	0.00	39	0	43	0.00	0.00	56.62	6.63	0.00	0.00	2000
238	10.46	2098	2273	0.00	244	0	0	0	nan	0.00	0.02	2.91	94.13	89.54	0.00	39	0	43	0.00	0.00	71.91	8.10	0.00	0.00	2000
232	10.98	2045	2173	0.00	213	0	0	0	nan	0.00	0.00	4.46	87.71	89.02	0.00	39	0	43	0.00	0.00	68.26	8.06	0.00	0.00	2000
230	11.24	2048	2099	0.00	197	0	0	0	nan	0.00	0.00	5.11	83.70	88.76	0.00	39	0	43	0.00	0.00	64.93	7.42	0.00	0.00	2000
228	10.95	2092	2092	0.00	195	0	0	1	87.96	0.00	0.00	4.55	84.21	89.05	0.00	39	0	42	0.00	0.00	65.08	7.52	0.00	0.00	2000
231	10.86	2124	2104	1.22	195	0	0	10	67.17	0.00	0.00	5.29	84.11	89.14	0.00	40	0	42	0.00	0.00	64.58	7.50	0.00	0.00	2000
230	11.34	2024	2102	0.00	195	0	0	0	nan	0.00	0.00	5.36	83.50	88.66	0.00	40	0	43	0.00	0.00	64.73	7.54	0.00	0.00	2000
231	11.12	2076	2102	0.00	197	0	0	0	nan	0.00	0.00	5.40	83.65	88.88	0.00	40	0	43	0.00	0.00	64.87	7.46	0.00	0.00	2000
224	10.95	2087	2060	0.00	195	0	0	0	nan	0.00	0.00	4.63	82.81	89.05	0.00	40	0	43	0.00	0.00	64.12	7.21	0.00	0.00	2000
232	11.35	2050	2089	0.00	195	0	0	0	nan	0.00	0.00	4.57	83.63	88.65	0.00	40	0	43	0.00	0.00	65.89	7.24	0.00	0.00	2000
229	10.76	2085	2149	0.00	210	0	0	0	nan	0.00	0.02	4.38	86.99	89.24	0.00	40	0	43	0.00	0.00	64.90	7.78	0.00	0.00	2000
227	10.96	2098	2069	0.00	195	0	0	0	nan	0.00	0.02	4.31	83.47	89.04	0.00	40	0	43	0.00	0.00	63.72	7.23	0.00	0.00	2000
223	11.19	2050	2044	0.00	194	0	0	0	nan	0.00	0.00	3.58	82.91	88.81	0.00	40	0	43	0.00	0.00	62.04	7.05	0.00	0.00	2000
234	10.76	2092	2184	0.00	210	0	0	0	nan	0.00	0.00	3.39	89.60	89.24	0.00	40	0	43	0.00	0.00	68.26	7.72	0.00	0.00	2000
228	10.98	2080	2098	0.00	195	0	0	0	nan	0.00	0.00	3.18	85.85	89.02	0.00	40	0	42	0.00	0.00	65.28	7.47	0.00	0.00	2000
229	11.00	2090	2087	0.00	195	0	0	0	nan	0.00	0.02	3.61	84.86	89.00	0.00	40	0	42	0.00	0.00	64.41	7.32	0.00	0.00	2000
231	11.16	2042	2131	0.00	194	0	0	0	nan	0.00	0.00	3.44	86.73	88.84	0.00	40	0	42	0.00	0.00	65.94	7.36	0.00	0.00	2000
228	11.18	2048	2092	0.00	193	0	0	0	nan	0.00	0.02	3.85	84.64	88.82	0.00	40	0	43	0.00	0.00	64.48	7.39	0.00	0.00	2000
229	11.20	2038	2102	0.00	195	0	0	0	nan	0.00	0.01	4.04	84.90	88.80	0.00	40	0	42	0.00	0.00	65.27	7.42	0.00	0.00	2000
233	11.25	2066	2106	0.00	195	0	0	0	nan	0.00	0.02	3.89	85.21	88.75	0.00	40	0	42	0.00	0.00	66.01	7.48	0.00	0.00	2000
226	10.86	2110	2069	0.00	195	0	0	0	nan	0.00	0.00	4.59	83.29	89.14	0.00	40	0	43	0.00	0.00	63.73	7.35	0.00	0.00	2000
231	11.09	2066	2117	0.00	194	0	0	1	88.22	0.00	0.00	4.25	85.49	88.91	0.00	40	0	43	0.00	0.00	65.25	7.29	0.00	0.00	2000
230	11.06	2078	2102	1.24	195	0	0	10	69.20	0.00	0.00	4.46	84.61	88.94	0.00	40	0	43	0.00	0.00	65.76	7.45	0.00	0.00	2000
229	11.06	2069	2099	0.00	194	0	0	0	nan	0.00	0.00	4.77	84.23	88.94	0.00	40	0	43	0.00	0.00	65.26	7.53	0.00	0.00	2000
228	11.26	2011	2111	0.00	194	0	0	0	nan	0.00	0.00	5.28	83.95	88.74	0.00	40	0	42	0.00	0.00	64.75	7.47	0.00	0.00	2000
226	11.54	2018	2035	0.00	194	0	0	0	nan	0.00	0.00	4.33	81.55	88.46	0.00	40	0	43	0.00	0.00	61.27	7.22	0.00	0.00	2000
232	11.03	2037	2170	0.00	212	0	0	0	nan	0.00	0.01	4.21	87.90	88.97	0.00	40	0	43	0.00	0.00	68.11	7.89	0.00	0.00	2000
226	10.89	2101	2069	0.00	196	0	0	0	nan	0.00	0.00	4.27	83.70	89.11	0.00	40	0	43	0.00	0.00	63.93	7.49	0.00	0.00	2000
225	11.38	2030	2050	0.00	195	0	0	0	nan	0.01	0.00	2.90	83.76	88.62	0.00	40	0	43	0.00	0.00	62.42	7.30	0.00	0.00	2000
236	10.67	2119	2190	0.00	210	0	0	0	nan	0.00	0.03	2.67	90.59	89.33	0.00	40	0	43	0.00	0.00	68.68	7.95	0.00	0.00	2000
227	11.05	2099	2055	0.00	197	0	0	0	nan	0.00	0.00	3.28	83.87	88.95	0.00	40	0	43	0.00	0.00	63.63	7.34	0.00	0.00	2000
225	11.42	2004	2068	0.00	193	0	0	0	nan	0.00	0.00	3.63	83.69	88.58	0.00	40	0	43	0.00	0.00	61.88	7.04	0.00	0.00	2000
230	11.14	2045	2123	0.00	210	0	0	0	nan	0.00	0.00	2.67	87.27	88.86	0.00	40	0	43	0.00	0.00	66.37	7.52	0.00	0.00	2000
225	10.53	2122	2117	0.00	210	0	0	0	nan	0.00	0.00	3.47	86.82	89.47	0.00	40	0	43	0.00	0.00	66.31	7.82	0.00	0.00	2000
232	10.94	2108	2114	0.00	196	0	0	0	nan	0.00	0.00	4.29	85.48	89.06	0.00	40	0	43	0.00	0.00	65.85	7.55	0.00	0.00	2000
232	11.13	2071	2110	0.00	194	0	0	0	nan	0.00	0.00	3.47	85.89	88.87	0.00	40	0	43	0.00	0.00	64.57	7.48	0.00	0.00	2000
228	11.03	2072	2094	0.00	194	0	0	0	nan	0.00	0.02	3.32	85.42	88.97	0.00	40	0	43	0.00	0.00	65.46	7.45	0.00	0.00	2000
233	11.04	2093	2118	0.00	194	0	0	0	nan	0.00	0.00	3.67	86.10	88.96	0.00	40	0	43	0.00	0.00	66.06	7.58	0.00	0.00	2000
224	11.04	2070	2060	0.00	195	0	0	3	71.82	0.00	0.00	3.87	83.49	88.96	0.00	40	0	43	0.00	0.00	61.00	7.41	0.00	0.00	2000
233	11.18	2046	2144	1.14	195	0	0	8	70.46	0.00	0.00	5.10	85.65	88.82	0.00	40	0	43	0.00	0.00	69.15	7.43	0.00	0.00	2000
228	11.09	2059	2094	0.00	194	0	0	0	nan	0.00	0.02	4.58	84.13	88.91	0.00	40	0	42	0.00	0.00	64.47	7.47	0.00	0.00	2000
226	11.01	2077	2077	0.00	194	0	0	0	nan	0.00	0.00	4.92	83.18	88.99	0.00	40	0	43	0.00	0.00	63.97	7.36	0.00	0.00	2000
228	10.96	2084	2097	0.00	195	0	0	0	nan	0.00	0.00	4.22	84.75	89.04	0.00	40	0	43	0.00	0.00	64.64	7.34	0.00	0.00	2000
243	11.13	2156	2131	0.00	196	0	0	0	nan	0.00	0.02	4.47	85.72	88.87	0.00	40	0	43	0.00	0.00	66.43	7.64	0.00	0.00	2000
231	11.12	2084	2092	0.00	195	0	0	0	nan	0.00	0.00	3.92	84.69	88.88	0.00	40	0	43	0.00	0.00	64.93	7.47	0.00	0.00	2000
227	10.77	2124	2081	0.00	193	0	0	0	nan	0.00	0.00	4.15	84.36	89.23	0.00	40	0	43	0.00	0.00	63.94	7.35	0.00	0.00	2000
223	11.32	2033	2036	0.00	194	0	0	0	nan	0.00	0.00	3.53	82.52	88.68	0.00	40	0	43	0.00	0.00	61.56	7.13	0.00	0.00	2000
236	11.14	2070	2145	0.00	214	0	0	0	nan	0.00	0.02	3.39	87.39	88.86	0.00	40	0	43	0.00	0.00	66.49	7.53	0.00	0.00	2000
228	10.75	2108	2114	0.00	211	0	0	0	nan	0.00	0.02	3.90	85.96	89.25	0.00	40	0	43	0.00	0.00	63.93	7.41	0.00	0.00	2000
230	11.11	2052	2118	0.00	196	0	0	0	nan	0.00	0.00	4.37	85.32	88.89	0.00	40	0	43	0.00	0.00	67.84	7.89	0.00	0.00	2000
230	11.06	2075	2105	0.00	194	0	0	0	nan	0.00	0.02	3.59	85.66	88.94	0.00	40	0	43	0.00	0.00	65.44	7.52	0.00	0.00	2000
229	11.09	2072	2097	0.00	196	0	0	0	nan	0.00	0.00	3.87	85.00	88.91	0.00	40	0	43	0.00	0.00	64.88	7.27	0.00	0.00	2000
229	11.09	2074	2093	0.00	194	0	0	0	nan	0.00	0.00	4.03	84.64	88.91	0.00	40	0	43	0.00	0.00	64.89	7.57	0.00	0.00	2000
229	11.00	2075	2103	0.00	194	0	0	0	nan	0.00	0.00	4.11	85.10	89.00	0.00	40	0	43	0.00	0.00	64.73	7.49	0.00	0.00	2000
237	11.27	2086	2119	0.00	204	0	0	0	nan	0.00	0.00	5.21	84.39	88.73	0.00	40	0	43	0.00	0.00	66.17	7.62	0.00	0.00	2000
227	11.15	2044	2093	0.00	200	0	0	3	69.46	0.00	0.04	4.10	84.53	88.85	0.00	40	0	43	0.00	0.00	64.17	7.27	0.00	0.00	2000
227	11.11	2070	2073	1.13	199	0	0	8	66.69	0.00	0.02	4.93	82.92	88.89	0.00	40	0	42	0.00	0.00	61.69	7.06	0.00	0.00	2000
233	10.88	2119	2124	0.00	198	0	0	0	nan	0.00	0.00	5.93	84.30	89.12	0.00	40	0	43	0.00	0.00	69.06	7.85	0.00	0.00	2000
223	11.47	2017	2026	0.00	198	0	0	0	nan	0.00	0.00	5.50	80.05	88.53	0.00	40	0	43	0.00	0.00	61.60	7.17	0.00	0.00	2000
230	11.34	2030	2094	0.00	219	0	0	0	nan	0.00	0.00	6.66	81.82	88.66	0.00	40	0	43	0.00	0.00	64.59	7.38	0.00	0.00	2000
236	10.57	2138	2196	0.00	215	0	0	0	nan	0.00	0.00	5.81	87.74	89.43	0.00	40	0	43	0.00	0.00	69.68	8.00	0.00	0.00	2000
232	10.81	2149	2098	0.00	198	0	0	0	nan	0.00	0.00	6.20	82.93	89.19	0.00	40	0	43	0.00	0.00	65.25	7.46	0.00	0.00	2000
222	11.05	2044	2068	0.00	198	0	0	0	nan	0.00	0.00	6.28	81.37	88.95	0.00	40	0	43	0.00	0.00	62.93	7.39	0.00	0.00	2000
230	11.33	2082	2050	0.00	203	0	0	0	nan	0.00	0.00	5.87	80.74	88.67	0.00	40	0	43	0.00	0.00	62.57	7.18	0.00	0.00	2000
232	10.66	2100	2178	0.00	214	0	0	0	nan	0.00	0.00	6.16	86.56	89.34	0.00	40	0	43	0.00	0.00	68.71	7.87	0.00	0.00	2000
227	10.84	2111	2083	0.00	198	0	0	0	nan	0.00	0.00	5.48	83.02	89.16	0.00	40	0	43	0.00	0.00	61.36	7.03	0.00	0.00	2000
229	11.31	2049	2079	0.00	198	0	0	0	nan	0.00	0.00	4.91	82.96	88.69	0.00	40	0	43	0.00	0.00	66.40	7.59	0.00	0.00	2000
235	11.03	2076	2151	0.00	223	0	0	0	nan	0.00	0.00	7.61	83.64	88.97	0.00	40	0	42	0.00	0.00	64.73	7.52	0.00	0.00	2000
226	10.91	2105	2063	0.00	198	0	0	0	nan	0.00	0.04	5.46	82.11	89.09	0.00	40	0	43	0.00	0.00	63.71	7.22	0.00	0.00	2000
229	11.19	2054	2096	0.00	199	0	0	0	nan	0.00	0.00	3.03	85.70	88.81	0.00	40	0	43	0.00	0.00	64.77	7.27	0.00	0.00	2000
231	11.00	2072	2130	0.00	214	0	0	0	nan	0.00	1.11	3.40	85.92	89.00	0.00	40	0	43	0.00	0.00	66.31	7.39	0.00	0.00	2000
226	10.83	2112	2076	0.00	199	0	0	0	nan	0.00	0.00	7.13	81.11	89.17	0.00	40	0	43	0.00	0.00	63.70	7.53	0.00	0.00	2000
232	11.07	2073	2128	0.36	203	0	0	7	71.63	0.00	0.00	6.86	83.36	88.93	0.00	39	0	42	0.00	0.00	68.59	7.54	0.00	0.00	2000
230	11.23	2052	2099	0.88	198	0	0	5	74.34	0.00	0.00	6.44	82.47	88.77	0.00	39	0	43	0.00	0.00	64.67	7.29	0.00	0.00	2000
226	10.99	2077	2082	0.00	198	0	0	0	nan	0.00	0.00	4.75	83.60	89.01	0.00	40	0	43	0.00	0.00	61.12	7.11	0.00	0.00	2000
229	11.18	2069	2076	0.00	199	0	0	0	nan	0.00	0.01	4.73	83.08	88.82	0.00	40	0	43	0.00	0.00	65.50	7.38	0.00	0.00	2000
231	10.94	2078	2130	0.00	215	0	0	0	nan	0.00	0.00	5.49	84.96	89.06	0.00	40	0	43	0.00	0.00	64.58	7.29	0.00	0.00	2000
233	10.98	2098	2122	0.00	207	0	0	0	nan	0.00	0.00	4.93	85.05	89.02	0.00	41	0	43	0.00	0.00	66.04	7.49	0.00	0.00	2000
230	11.07	2078	2102	0.00	198	0	0	0	nan	0.00	0.00	6.24	82.88	88.93	0.00	41	0	43	0.00	0.00	64.95	7.37	0.00	0.00	2000
236	11.32	2099	2084	0.00	199	0	0	0	nan	0.00	0.00	6.31	81.86	88.68	0.00	41	0	43	0.00	0.00	62.22	7.45	0.00	0.00	2000
230	11.04	2070	2113	0.00	198	0	0	0	nan	0.00	0.00	5.98	83.61	88.96	0.00	40	0	43	0.00	0.00	65.37	7.25	0.00	0.00	2000
228	11.05	2075	2093	0.00	198	0	0	0	nan	0.00	0.00	5.37	83.34	88.95	0.00	40	0	43	0.00	0.00	66.95	7.67	0.00	0.00	2000
231	11.23	2063	2091	0.00	195	0	0	0	nan	0.00	0.00	3.21	85.35	88.77	0.00	40	0	43	0.00	0.00	64.92	7.47	0.00	0.00	2000
229	11.20	2044	2104	0.00	195	0	0	0	nan	0.00	0.00	3.26	85.81	88.80	0.00	40	0	42	0.00	0.00	64.53	7.51	0.00	0.00	2000
233	11.25	2061	2115	0.00	196	0	0	0	nan	0.00	0.00	3.84	85.60	88.75	0.00	40	0	42	0.00	0.00	63.14	7.37	0.00	0.00	2000
225	11.49	2025	2030	0.00	196	0	0	0	nan	0.00	0.00	3.66	82.02	88.51	0.00	41	0	42	0.00	0.00	61.29	7.19	0.00	0.00	2000
232	10.74	2105	2151	0.00	211	0	0	0	nan	0.00	0.03	2.31	89.15	89.26	0.00	41	0	42	0.00	0.00	67.97	7.82	0.00	0.00	2000
230	10.85	2123	2095	0.00	198	0	0	0	nan	0.00	0.00	3.78	85.30	89.15	0.00	40	0	43	0.00	0.00	64.53	7.41	0.00	0.00	2000
228	11.29	2051	2067	0.00	196	0	0	0	nan	0.00	0.00	2.51	84.92	88.71	0.00	41	0	43	0.00	0.00	62.87	7.22	0.00	0.00	2000
229	11.45	2003	2092	0.62	227	0	0	8	68.27	0.00	0.02	5.28	83.03	88.55	0.00	41	0	43	0.00	0.00	64.93	7.44	0.00	0.00	2000
232	11.14	2061	2122	0.60	211	0	0	2	84.07	0.00	0.00	3.17	86.58	88.86	0.00	41	0	43	0.00	0.00	68.73	7.93	0.00	0.00	2000
229	10.95	2045	2149	0.00	211	0	0	0	nan	0.00	0.02	4.10	87.07	89.05	0.00	41	0	43	0.00	0.00	64.65	7.42	0.00	0.00	2000
229	10.96	2091	2096	0.00	194	0	0	0	nan	0.00	0.00	4.28	84.61	89.04	0.00	41	0	43	0.00	0.00	65.56	7.58	0.00	0.00	2000
229	11.10	2063	2103	0.00	194	0	0	0	nan	0.00	0.00	5.09	84.04	88.90	0.00	41	0	43	0.00	0.00	64.78	7.53	0.00	0.00	2000
229	10.97	2090	2097	0.00	194	0	0	0	nan	0.00	0.00	4.67	84.30	89.03	0.00	41	0	43	0.00	0.00	64.73	7.63	0.00	0.00	2000
232	11.18	2071	2102	0.00	195	0	0	0	nan	0.00	0.00	5.36	83.72	88.82	0.00	41	0	43	0.00	0.00	64.86	7.56	0.00	0.00	2000
224	10.87	2094	2069	0.00	195	0	0	0	nan	0.00	0.02	4.97	82.93	89.13	0.00	41	0	43	0.00	0.00	64.14	7.38	0.00	0.00	2000
233	10.77	2126	2135	0.00	194	0	0	0	nan	0.00	0.00	3.69	87.12	89.23	0.00	41	0	43	0.00	0.00	65.90	7.58	0.00	0.00	2000
227	10.70	2127	2093	0.00	194	0	0	0	nan	0.00	0.03	4.05	84.93	89.30	0.00	41	0	43	0.00	0.00	64.79	7.37	0.00	0.00	2000
223	10.83	2096	2062	0.00	195	0	0	0	nan	0.00	0.00	4.47	83.17	89.17	0.00	41	0	43	0.00	0.00	63.14	7.18	0.00	0.00	2000
233	11.05	2072	2135	0.00	195	0	0	0	nan	0.00	0.00	4.25	86.22	88.95	0.00	41	0	43	0.00	0.00	65.43	7.59	0.00	0.00	2000
228	10.94	2108	2080	0.00	194	0	0	0	nan	0.00	0.00	2.94	85.36	89.06	0.00	41	0	43	0.00	0.00	64.36	7.36	0.00	0.00	2000
230	11.09	2054	2119	0.00	194	0	0	0	nan	0.00	0.00	2.58	87.24	88.91	0.00	41	0	42	0.00	0.00	65.98	7.50	0.00	0.00	2000
228	11.32	2051	2058	0.00	195	0	0	0	nan	0.00	0.00	2.70	84.29	88.68	0.00	41	0	43	0.00	0.00	62.20	7.30	0.00	0.00	2000
229	10.94	2054	2139	0.00	212	0	0	0	nan	0.00	0.01	3.75	87.10	89.06	0.00	41	0	43	0.00	0.00	67.45	7.95	0.00	0.00	2000
230	11.34	2019	2111	0.00	195	0	0	0	nan	0.00	0.00	4.14	85.16	88.66	0.00	41	0	43	0.00	0.00	65.75	7.48	0.00	0.00	2000
230	11.05	2080	2107	0.67	194	0	0	8	67.93	0.00	0.02	2.97	86.34	88.95	0.00	40	0	43	0.00	0.00	65.07	7.68	0.00	0.00	2000
230	10.94	2106	2094	0.61	197	0	0	2	82.09	0.00	0.00	6.01	82.95	89.06	0.00	41	0	43	0.00	0.00	65.09	7.59	0.00	0.00	2000
229	11.05	2077	2098	0.00	197	0	0	0	nan	0.00	0.00	5.69	83.27	88.95	0.00	41	0	43	0.00	0.00	65.03	7.51	0.00	0.00	2000
229	10.93	2090	2103	0.00	194	0	0	0	nan	0.00	0.00	4.98	84.32	89.07	0.00	41	0	43	0.00	0.00	64.94	7.57	0.00	0.00	2000
228	11.00	2085	2090	0.00	195	0	0	0	nan	0.00	0.00	5.17	83.49	89.00	0.00	41	0	43	0.00	0.00	64.10	7.41	0.00	0.00	2000
232	10.99	2089	2118	0.00	195	0	0	0	nan	0.00	0.00	3.59	86.30	89.01	0.00	41	0	43	0.00	0.00	65.85	7.51	0.00	0.00	2000
230	11.12	2078	2086	0.00	195	0	0	0	nan	0.00	0.00	4.68	83.69	88.88	0.00	41	0	43	0.00	0.00	64.62	7.48	0.00	0.00	2000
230	10.92	2092	2113	0.00	194	0	0	0	nan	0.00	0.00	4.45	85.24	89.08	0.00	40	0	43	0.00	0.00	64.96	7.52	0.00	0.00	2000
228	11.02	2071	2098	0.00	194	0	0	0	nan	0.00	0.00	3.93	85.01	88.98	0.00	41	0	43	0.00	0.00	65.92	7.49	0.00	0.00	2000
233	10.93	2137	2099	0.00	197	0	0	0	nan	0.00	0.00	4.98	84.09	89.07	0.00	41	0	43	0.00	0.00	64.89	7.45	0.00	0.00	2000
229	10.92	2097	2100	0.00	195	0	0	0	nan	0.00	0.00	4.56	84.60	89.08	0.00	41	0	43	0.00	0.00	64.31	7.44	0.00	0.00	2000
223	11.00	2056	2069	0.00	194	0	0	0	nan	0.00	0.00	4.36	83.37	89.00	0.00	41	0	43	0.00	0.00	62.77	7.35	0.00	0.00	2000
232	10.81	2134	2109	0.00	193	0	0	0	nan	0.00	0.00	2.68	86.92	89.19	0.00	41	0	43	0.00	0.00	65.07	7.54	0.00	0.00	2000
232	11.45	2037	2086	0.00	194	0	0	0	nan	0.00	0.01	2.25	85.81	88.55	0.00	41	0	43	0.00	0.00	63.49	7.25	0.00	0.00	2000
231	10.74	2118	2134	0.00	211	0	0	0	nan	0.00	0.00	4.57	86.14	89.26	0.00	41	0	43	0.00	0.00	68.18	7.70	0.00	0.00	2000
230	10.96	2102	2096	0.00	196	0	0	0	nan	0.00	0.00	4.95	83.96	89.04	0.00	41	0	43	0.00	0.00	64.49	7.50	0.00	0.00	2000
229	10.80	2113	2108	0.00	194	0	0	0	nan	0.00	0.00	5.23	84.36	89.20	0.00	41	0	43	0.00	0.00	64.95	7.51	0.00	0.00	2000
229	10.92	2088	2105	0.50	194	0	0	7	65.96	0.00	0.00	4.66	84.76	89.08	0.00	41	0	43	0.00	0.00	65.01	7.52	0.00	0.00	2000
223	10.93	2084	2056	0.76	194	0	0	3	76.10	0.00	0.00	4.17	83.12	89.07	0.00	41	0	43	0.00	0.00	63.27	7.32	0.00	0.00	2000
239	11.16	2127	2116	0.00	198	0	0	0	nan	0.00	0.00	4.28	85.38	88.84	0.00	41	0	42	0.00	0.00	64.91	7.41	0.00	0.00	2000
226	11.16	2069	2057	0.00	193	0	0	0	nan	0.00	0.00	1.64	85.50	88.84	0.00	41	0	43	0.00	0.00	61.91	7.16	0.00	0.00	2000
230	11.18	2049	2109	0.00	211	0	0	0	nan	0.00	0.00	2.00	87.31	88.82	0.00	41	0	43	0.00	0.00	65.71	7.61	0.00	0.00	2000
235	10.79	2114	2163	0.00	213	0	0	0	nan	0.00	0.01	3.40	88.43	89.21	0.00	40	0	43	0.00	0.00	69.53	7.97	0.00	0.00	2000
232	11.26	2056	2102	0.00	196	0	0	0	nan	0.00	0.04	4.03	84.91	88.74	0.00	41	0	43	0.00	0.00	64.60	7.48	0.00	0.00	2000
222	11.12	2028	2068	0.00	194	0	0	0	nan	0.00	0.00	3.70	83.93	88.88	0.00	41	0	43	0.00	0.00	63.56	7.23	0.00	0.00	2000
228	11.31	2050	2068	0.00	193	0	0	0	nan	0.00	0.02	2.52	84.89	88.69	0.00	41	0	43	0.00	0.00	62.46	7.10	0.00	0.00	2000
229	10.82	2060	2157	0.00	210	0	0	0	nan	0.00	0.02	3.24	88.44	89.18	0.00	41	0	43	0.00	0.00	67.80	7.75	0.00	0.00	2000
229	11.13	2059	2102	0.00	194	0	0	0	nan	0.00	0.01	3.56	85.44	88.87	0.00	41	0	43	0.00	0.00	65.21	7.41	0.00	0.00	2000
235	11.16	2094	2107	0.00	195	0	0	0	nan	0.00	0.00	3.77	85.34	88.84	0.00	41	0	43	0.00	0.00	65.73	7.50	0.00	0.00	2000
231	10.71	2162	2096	0.00	194	0	0	0	nan	0.00	0.00	5.12	84.04	89.29	0.00	40	0	43	0.00	0.00	65.34	7.62	0.00	0.00	2000
222	10.68	2120	2060	0.00	194	0	0	0	nan	0.00	0.00	4.92	82.80	89.32	0.00	40	0	43	0.00	0.00	63.28	7.15	0.00	0.00	2000
234	11.37	2048	2108	0.00	195	0	0	0	nan	0.00	0.00	3.10	86.02	88.63	0.00	41	0	43	0.00	0.00	63.40	7.61	0.00	0.00	2000
229	10.87	2065	2141	0.00	210	0	0	0	nan	0.00	0.00	4.29	86.62	89.13	0.00	41	0	43	0.00	0.00	68.43	7.83	0.00	0.00	2000
229	11.17	2066	2087	0.00	195	0	0	0	nan	0.00	0.00	3.72	84.69	88.83	0.00	41	0	43	0.00	0.00	64.57	7.37	0.00	0.00	2000
230	10.98	2097	2099	0.79	194	0	0	9	62.96	0.00	0.00	3.95	85.10	89.02	0.00	41	0	43	0.00	0.00	62.25	7.14	0.00	0.00	2000
230	11.10	2058	2110	0.47	196	0	0	0	93.64	0.00	0.00	4.45	85.02	88.90	0.00	40	0	42	0.00	0.00	68.14	7.79	0.00	0.00	2000
230	10.75	2145	2096	0.00	194	0	0	0	nan	0.00	0.00	4.33	84.79	89.25	0.00	41	0	43	0.00	0.00	64.80	7.45	0.00	0.00	2000
231	10.66	2160	2102	0.00	193	0	0	0	nan	0.00	0.00	4.37	85.09	89.34	0.00	41	0	43	0.00	0.00	65.11	7.38	0.00	0.00	2000
225	10.87	2066	2101	0.00	204	0	0	0	nan	0.00	0.00	4.73	84.50	89.13	0.00	39	0	43	0.00	0.00	62.16	7.19	0.00	0.00	2000
230	10.73	2152	2095	0.00	203	0	0	0	nan	0.00	0.01	3.92	85.16	89.27	0.00	40	0	43	0.00	0.00	64.91	7.41	0.00	0.00	2000
228	11.00	2076	2096	0.00	203	0	0	0	nan	0.00	0.00	3.37	85.45	89.00	0.00	41	0	43	0.00	0.00	64.79	7.43	0.00	0.00	2000
228	10.87	2091	2102	0.00	203	0	0	0	nan	0.00	0.02	3.33	85.98	89.13	0.00	41	0	42	0.00	0.00	64.92	7.61	0.00	0.00	2000
230	11.18	2069	2085	0.00	231	0	0	0	nan	0.00	0.03	3.77	84.49	88.82	0.00	41	0	43	0.00	0.00	64.30	7.31	0.00	0.00	2000
227	11.14	2038	2101	0.00	220	0	0	0	nan	0.00	0.00	4.45	84.57	88.86	0.00	42	0	43	0.00	0.00	64.64	7.45	0.00	0.00	2000
227	11.06	2047	2107	0.00	203	0	0	0	nan	0.00	0.00	3.70	85.70	88.94	0.00	41	0	43	0.00	0.00	64.97	7.69	0.00	0.00	2000
232	10.83	2133	2112	0.00	219	0	0	0	nan	0.00	0.01	3.63	86.04	89.17	0.00	41	0	43	0.00	0.00	65.84	7.70	0.00	0.00	2000
233	10.97	2114	2112	0.00	203	0	0	0	nan	0.00	0.01	3.93	85.68	89.04	0.00	41	0	43	0.00	0.00	66.21	7.71	0.00	0.00	2000
229	10.79	2131	2093	0.00	210	0	0	0	nan	0.00	0.00	3.46	85.51	89.21	0.00	41	0	43	0.00	0.00	64.13	7.20	0.00	0.00	2000
228	10.70	2133	2098	0.00	203	0	0	0	nan	0.00	0.00	3.27	86.05	89.30	0.00	41	0	43	0.00	0.00	64.76	7.48	0.00	0.00	2000
228	11.04	2078	2090	0.00	203	0	0	0	nan	0.00	0.00	3.01	85.57	88.96	0.00	41	0	43	0.00	0.00	64.01	7.45	0.00	0.00	2000
229	10.92	2089	2108	0.00	204	0	0	0	nan	0.00	0.00	4.04	85.50	89.08	0.00	41	0	43	0.00	0.00	65.44	7.47	0.00	0.00	2000
232	10.98	2108	2107	1.07	203	0	0	9	62.26	0.01	0.02	4.15	85.27	89.02	0.00	41	0	42	0.00	0.00	64.87	7.37	0.00	0.00	2000
228	10.98	2094	2083	0.18	212	0	0	0	nan	0.00	0.00	3.08	85.31	89.02	0.00	42	0	42	0.00	0.00	61.78	7.52	0.00	0.00	2000
230	10.80	2126	2105	0.00	202	0	0	0	nan	0.00	0.00	3.37	86.10	89.20	0.00	41	0	43	0.00	0.00	67.65	7.59	0.00	0.00	2000
228	10.96	2085	2095	0.00	205	0	0	0	nan	0.00	0.00	2.95	85.98	89.04	0.00	42	0	43	0.00	0.00	65.03	7.55	0.00	0.00	2000
228	10.98	2085	2094	0.00	219	0	0	0	nan	0.00	0.00	3.40	85.48	89.02	0.00	42	0	43	0.00	0.00	64.61	7.45	0.00	0.00	2000
231	11.01	2088	2113	0.00	214	0	0	0	nan	0.00	0.00	4.05	85.59	88.99	0.00	42	0	43	0.00	0.00	65.51	7.56	0.00	0.00	2000
243	11.27	2140	2116	0.00	206	0	0	0	nan	0.00	0.02	4.64	84.75	88.73	0.00	42	0	43	0.00	0.00	66.03	7.60	0.00	0.00	2000
224	10.94	2083	2068	0.00	203	0	0	0	nan	0.00	0.01	3.53	84.29	89.06	0.00	42	0	43	0.00	0.00	63.51	7.29	0.00	0.00	2000
232	10.86	2101	2133	0.00	218	0	0	0	nan	0.01	0.00	3.84	86.69	89.14	0.00	41	0	43	0.00	0.00	66.55	7.98	0.00	0.00	2000
227	10.91	2091	2091	0.00	204	0	0	0	nan	0.00	0.00	4.46	84.35	89.09	0.00	42	0	43	0.00	0.00	64.48	7.26	0.00	0.00	2000
234	11.09	2119	2089	0.00	217	0	0	0	nan	0.00	0.02	4.78	83.62	88.91	0.00	41	0	42	0.00	0.00	64.74	7.52	0.00	0.00	2000
230	10.91	2108	2098	0.00	206	0	0	0	nan	0.00	0.01	4.06	85.05	89.09	0.00	42	0	43	0.00	0.00	65.16	7.59	0.00	0.00	2000
232	10.92	2114	2109	0.00	203	0	0	0	nan	0.00	0.02	3.29	86.21	89.08	0.00	42	0	42	0.00	0.00	65.72	7.61	0.00	0.00	2000
225	10.84	2098	2079	0.00	206	0	0	0	nan	0.00	0.00	3.35	85.01	89.16	0.00	42	0	43	0.00	0.00	63.71	7.49	0.00	0.00	2000
228	11.15	2050	2097	0.00	219	0	0	0	nan	0.00	0.01	3.38	85.42	88.85	0.00	42	0	43	0.00	0.00	65.01	7.61	0.00	0.00	2000
231	11.13	2061	2115	0.00	211	0	0	0	nan	0.00	0.03	3.87	85.76	88.87	0.00	41	0	43	0.00	0.00	65.19	7.51	0.00	0.00	2000
227	10.87	2099	2090	0.00	219	0	0	0	91.27	0.01	0.00	3.63	85.14	89.13	0.00	42	0	43	0.00	0.00	64.73	7.54	0.00	0.00	2000
231	10.81	2118	2119	1.28	204	0	0	9	69.24	0.00	0.01	4.38	85.67	89.19	0.00	42	0	43	0.00	0.00	65.79	7.56	0.00	0.00	2000
226	10.92	2080	2086	0.02	204	0	0	0	nan	0.00	0.00	3.35	85.22	89.08	0.00	42	0	43	0.00	0.00	64.27	7.52	0.00	0.00	2000
227	11.14	2046	2096	0.00	246	0	0	0	nan	0.00	0.00	3.12	85.70	88.86	0.00	42	0	43	0.00	0.00	64.59	7.51	0.00	0.00	2000
230	10.97	2087	2113	0.00	203	0	0	0	nan	0.00	0.01	4.17	85.49	89.03	0.00	42	0	43	0.00	0.00	65.52	7.66	0.00	0.00	2000
230	10.87	2103	2112	0.00	204	0	0	0	nan	0.00	0.02	3.60	86.12	89.13	0.00	42	0	43	0.00	0.00	65.59	7.51	0.00	0.00	2000
226	11.02	2079	2073	0.00	203	0	0	0	nan	0.00	0.00	3.57	84.34	88.98	0.00	42	0	42	0.00	0.00	63.35	7.36	0.00	0.00	2000
228	11.08	2058	2102	0.00	228	0	0	0	nan	0.00	0.00	4.48	84.61	88.92	0.00	42	0	43	0.00	0.00	62.51	7.31	0.00	0.00	2000
230	11.09	2066	2106	0.00	203	0	0	0	nan	0.00	0.00	2.56	86.71	88.91	0.00	42	0	43	0.00	0.00	67.23	7.81	0.00	0.00	2000
227	10.88	2087	2096	0.00	220	0	0	0	nan	0.01	0.01	2.58	86.41	89.12	0.00	42	0	43	0.00	0.00	64.64	7.58	0.00	0.00	2000
230	11.03	2071	2114	0.00	203	0	0	0	nan	0.00	0.04	3.31	86.29	88.97	0.00	41	0	43	0.00	0.00	65.42	7.65	0.00	0.00	2000
233	10.89	2137	2106	0.00	204	0	0	0	nan	0.00	0.00	3.52	85.86	89.11	0.00	42	0	43	0.00	0.00	65.10	7.56	0.00	0.00	2000
230	11.10	2070	2105	0.00	213	0	0	0	nan	0.00	0.00	3.66	85.64	88.90	0.00	42	0	43	0.00	0.00	62.65	7.68	0.00	0.00	2000
225	11.08	2054	2074	0.00	204	0	0	0	nan	0.00	0.00	3.14	84.82	88.92	0.00	42	0	43	0.00	0.00	66.15	7.25	0.00	0.00	2000
231	11.13	2050	2126	0.00	219	0	0	0	nan	0.00	0.00	3.49	86.64	88.87	0.00	42	0	43	0.00	0.00	62.36	7.16	0.00	0.00	2000
228	11.13	2056	2095	0.00	206	0	0	0	nan	0.00	0.00	3.55	85.21	88.87	0.00	42	0	43	0.00	0.00	65.86	7.58	0.00	0.00	2000
228	10.98	2100	2080	0.00	214	0	0	0	nan	0.00	0.00	4.16	84.04	89.02	0.00	42	0	43	0.00	0.00	66.09	7.84	0.00	0.00	2000
230	10.93	2085	2116	0.00	204	0	0	4	70.75	0.00	0.00	4.85	85.00	89.07	0.00	42	0	43	0.00	0.00	63.09	7.72	0.00	0.00	2000
226	10.91	2086	2088	1.06	220	0	0	6	71.76	0.00	0.00	3.01	85.68	89.09	0.00	42	0	43	0.00	0.00	66.72	7.15	0.00	0.00	2000
232	11.01	2075	2130	0.00	203	0	0	0	nan	0.00	0.00	3.63	86.67	88.99	0.00	42	0	43	0.00	0.00	64.12	7.57	0.00	0.00	2000
228	10.84	2111	2089	0.00	203	0	0	0	nan	0.00	0.00	3.55	85.26	89.16	0.00	42	0	43	0.00	0.00	64.72	7.40	0.00	0.00	2000
226	11.12	2056	2076	0.00	213	0	0	0	nan	0.00	0.00	3.86	84.05	88.88	0.00	42	0	43	0.00	0.00	63.84	7.32	0.00	0.00	2000
229	11.07	2053	2114	0.00	203	0	0	0	nan	0.00	0.00	3.45	86.23	88.93	0.00	42	0	43	0.00	0.00	65.34	7.89	0.00	0.00	2000
229	10.79	2114	2108	0.00	220	0	0	0	nan	0.00	0.00	2.86	86.71	89.21	0.00	42	0	43	0.00	0.00	65.95	7.64	0.00	0.00	2000
227	10.99	2086	2080	0.00	204	0	0	0	nan	0.00	0.00	2.54	85.71	89.01	0.00	42	0	43	0.00	0.00	63.68	7.40	0.00	0.00	2000
236	11.17	2075	2136	0.00	205	0	0	0	nan	0.01	0.01	4.20	86.27	88.83	0.00	42	0	42	0.00	0.00	66.44	7.76	0.00	0.00	2000
226	10.98	2083	2071	0.00	212	0	0	0	nan	0.00	0.00	3.47	84.52	89.02	0.00	42	0	43	0.00	0.00	60.73	7.03	0.00	0.00	2000
234	11.07	2082	2130	0.00	203	0	0	0	nan	0.00	0.01	3.35	86.97	88.93	0.00	42	0	43	0.00	0.00	70.15	7.93	0.00	0.00	2000
227	10.78	2120	2090	0.00	204	0	0	0	nan	0.00	0.00	3.68	85.21	89.22	0.00	42	0	43	0.00	0.00	61.57	7.12	0.00	0.00	2000
231	11.00	2087	2110	0.00	205	0	0	0	nan	0.00	0.00	3.85	85.63	89.00	0.00	42	0	43	0.00	0.00	64.58	7.70	0.00	0.00	2000
227	10.98	2083	2080	0.00	204	0	0	0	nan	0.00	0.00	3.63	84.57	89.02	0.00	42	0	43	0.00	0.00	64.30	7.36	0.00	0.00	2000
232	10.76	2141	2111	0.00	213	0	0	0	nan	0.00	0.02	3.08	86.66	89.24	0.00	42	0	43	0.00	0.00	65.60	7.47	0.00	0.00	2000
229	10.86	2112	2100	0.00	203	0	0	0	nan	0.00	0.00	3.43	85.80	89.14	0.00	42	0	43	0.00	0.00	65.08	7.54	0.00	0.00	2000
223	10.80	2092	2073	0.00	203	0	0	0	nan	0.00	0.00	3.52	84.68	89.20	0.00	42	0	43	0.00	0.00	62.91	7.27	0.00	0.00	2000
230	11.31	2034	2102	0.13	223	0	0	5	66.66	0.00	0.00	4.54	84.36	88.69	0.00	42	0	43	0.00	0.00	68.02	7.81	0.00	0.00	2000
236	11.24	2066	2137	1.03	215	0	0	6	72.50	0.00	0.03	4.95	85.52	88.76	0.00	42	0	43	0.00	0.00	66.39	7.85	0.00	0.00	2000
227	10.94	2092	2081	0.00	203	0	0	0	nan	0.00	0.00	2.95	85.45	89.06	0.00	42	0	43	0.00	0.00	61.35	7.16	0.00	0.00	2000
231	11.08	2067	2120	0.00	203	0	0	0	nan	0.00	0.01	2.47	87.31	88.92	0.00	42	0	43	0.00	0.00	65.78	7.63	0.00	0.00	2000
228	10.99	2083	2090	0.00	205	0	0	0	nan	0.00	0.00	3.40	85.28	89.01	0.00	42	0	43	0.00	0.00	64.73	7.38	0.00	0.00	2000
231	10.89	2110	2111	0.00	203	0	0	0	nan	0.00	0.00	3.31	86.29	89.11	0.00	42	0	43	0.00	0.00	65.16	7.60	0.00	0.00	2000
229	10.90	2115	2088	0.00	202	0	0	0	nan	0.00	0.00	3.71	84.98	89.10	0.00	42	0	43	0.00	0.00	64.57	7.60	0.00	0.00	2000
229	10.83	2125	2091	0.00	214	0	0	0	nan	0.00	0.00	3.77	85.06	89.17	0.00	42	0	43	0.00	0.00	64.76	7.25	0.00	0.00	2000
234	11.38	2106	2054	0.00	203	0	0	0	nan	0.00	0.02	4.32	82.44	88.62	0.00	40	0	43	0.00	0.00	64.14	7.53	0.00	0.00	2000
225	10.84	2052	2121	0.00	214	0	0	0	nan	0.00	0.02	5.45	84.70	89.16	0.00	38	0	43	0.00	0.00	67.08	7.70	0.00	0.00	2000
233	11.35	2068	2083	0.00	197	0	0	0	nan	0.00	0.02	4.33	83.68	88.65	0.00	39	0	43	0.00	0.00	62.66	7.35	0.00	0.00	2000
234	11.00	2073	2155	0.00	220	0	0	0	nan	0.00	0.00	6.97	84.39	89.00	0.00	39	0	43	0.00	0.00	66.41	7.92	0.00	0.00	2000
230	10.89	2119	2096	0.00	200	0	0	0	nan	0.00	0.00	7.15	81.88	89.11	0.00	39	0	43	0.00	0.00	67.29	7.42	0.00	0.00	2000
228	11.11	2056	2100	0.00	198	0	0	0	nan	0.00	0.00	5.66	83.26	88.89	0.00	40	0	43	0.00	0.00	62.62	7.10	0.00	0.00	2000
230	10.92	2111	2100	0.00	197	0	0	0	nan	0.00	0.00	6.74	82.38	89.08	0.00	39	0	43	0.00	0.00	67.58	7.81	0.00	0.00	2000
224	11.18	2039	2068	0.00	198	0	0	0	nan	0.00	0.00	5.78	81.79	88.82	0.00	40	0	43	0.00	0.00	63.93	7.23	0.00	0.00	2000
229	11.26	2083	2048	0.00	204	0	0	0	nan	0.00	0.00	5.37	81.29	88.74	0.00	40	0	43	0.00	0.00	61.96	7.22	0.00	0.00	2000
233	10.96	2039	2185	0.15	214	0	0	5	69.66	0.01	0.84	2.53	89.29	89.04	0.00	40	0	43	0.00	0.00	68.49	7.94	0.00	0.00	2000
233	11.23	2061	2111	1.07	198	0	0	6	71.60	0.00	0.00	4.58	84.71	88.77	0.00	40	0	43	0.00	0.00	63.17	7.22	0.00	0.00	2000
230	11.15	2067	2097	0.00	198	0	0	0	nan	0.00	0.00	6.59	82.23	88.85	0.00	39	0	43	0.00	0.00	65.27	7.58	0.00	0.00	2000
230	10.94	2108	2097	0.00	198	0	0	0	nan	0.00	0.00	7.25	81.73	89.06	0.00	40	0	43	0.00	0.00	65.34	7.49	0.00	0.00	2000
232	11.09	2096	2101	0.00	208	0	0	0	nan	0.00	0.00	9.16	79.82	88.91	0.00	40	0	43	0.00	0.00	64.76	7.59	0.00	0.00	2000
230	11.08	2074	2104	0.00	199	0	0	0	nan	0.00	0.00	7.21	81.99	88.92	0.00	40	0	43	0.00	0.00	64.65	7.52	0.00	0.00	2000
229	10.97	2091	2097	0.00	198	0	0	0	nan	0.00	0.00	6.43	82.50	89.03	0.00	40	0	43	0.00	0.00	65.18	7.41	0.00	0.00	2000
230	11.15	2070	2093	0.00	199	0	0	0	nan	0.00	0.00	6.47	82.27	88.85	0.00	40	0	43	0.00	0.00	61.94	7.23	0.00	0.00	2000
225	11.15	2021	2098	0.00	198	0	0	0	nan	0.00	0.00	7.10	81.77	88.85	0.00	40	0	43	0.00	0.00	67.17	7.75	0.00	0.00	2000
229	11.63	2028	2038	0.00	204	0	0	0	nan	0.00	0.00	5.44	80.46	88.37	0.00	40	0	43	0.00	0.00	61.81	7.20	0.00	0.00	2000
232	10.82	2076	2166	0.00	214	0	0	0	nan	0.01	0.00	4.82	87.34	89.18	0.00	40	0	43	0.00	0.00	68.36	7.73	0.00	0.00	2000
224	11.43	2030	2031	0.00	199	0	0	0	nan	0.00	0.00	5.18	80.57	88.57	0.00	40	0	43	0.00	0.00	61.69	7.12	0.00	0.00	2000
226	11.11	2036	2101	0.00	214	0	0	0	nan	0.00	0.00	3.89	85.05	88.89	0.00	40	0	43	0.00	0.00	64.84	7.56	0.00	0.00	2000
229	11.16	2058	2095	0.00	221	0	0	0	nan	0.00	0.00	4.08	84.63	88.84	0.00	40	0	43	0.00	0.00	64.76	7.35	0.00	0.00	2000
232	10.87	2055	2185	0.00	214	0	0	0	nan	0.01	0.04	2.78	90.06	89.13	0.00	40	0	43	0.00	0.00	68.55	7.92	0.00	0.00	2000
233	11.26	2054	2111	0.00	199	0	0	0	nan	0.00	1.02	5.12	83.14	88.74	0.00	40	0	43	0.00	0.00	65.55	7.46	0.00	0.00	2000
229	11.06	2076	2096	0.00	198	0	0	0	nan	0.00	0.00	6.20	82.61	88.94	0.00	40	0	43	0.00	0.00	62.26	7.14	0.00	0.00	2000
234	11.17	2093	2099	0.51	201	0	0	8	66.80	0.00	0.00	6.96	81.83	88.83	0.00	40	0	43	0.00	0.00	65.13	7.43	0.00	0.00	2000
230	11.23	2042	2106	0.75	198	0	0	4	75.73	0.00	0.00	7.69	81.42	88.77	0.00	40	0	43	0.00	0.00	68.17	7.55	0.00	0.00	2000
230	11.10	2073	2095	0.00	198	0	0	0	nan	0.00	0.00	7.01	81.76	88.90	0.00	40	0	43	0.00	0.00	61.92	7.31	0.00	0.00	2000
228	11.01	2081	2091	0.00	199	0	0	0	nan	0.00	0.00	7.00	81.74	88.99	0.00	40	0	43	0.00	0.00	64.98	7.40	0.00	0.00	2000
231	10.94	2104	2107	0.00	198	0	0	0	nan	0.00	0.00	6.59	82.75	89.06	0.00	40	0	43	0.00	0.00	64.98	7.40	0.00	0.00	2000
231	11.36	2030	2102	0.00	198	0	0	0	nan	0.00	0.00	6.98	81.80	88.64	0.00	40	0	43	0.00	0.00	64.73	7.54	0.00	0.00	2000
226	11.50	2033	2030	0.00	207	0	0	0	nan	0.00	0.00	5.19	80.40	88.50	0.00	40	0	43	0.00	0.00	64.59	7.35	0.00	0.00	2000
237	11.18	2040	2183	0.00	219	0	0	0	nan	0.00	0.00	6.80	85.61	88.82	0.00	40	0	43	0.00	0.00	65.71	7.54	0.00	0.00	2000
231	11.06	2091	2098	0.00	201	0	0	0	nan	0.00	0.02	6.13	82.73	88.94	0.00	40	0	43	0.00	0.00	65.10	7.43	0.00	0.00	2000
229	11.24	2039	2100	0.00	199	0	0	0	nan	0.00	0.04	4.72	84.09	88.76	0.00	40	0	43	0.00	0.00	64.64	7.54	0.00	0.00	2000
232	11.36	2038	2102	0.00	204	0	0	0	nan	0.00	0.04	5.34	83.49	88.64	0.00	40	0	43	0.00	0.00	64.81	7.46	0.00	0.00	2000
229	11.19	2062	2086	0.00	199	0	0	0	nan	0.00	0.03	4.11	84.21	88.81	0.00	40	0	43	0.00	0.00	65.24	7.29	0.00	0.00	2000
230	11.09	2059	2111	0.00	200	0	0	0	nan	0.00	0.00	6.05	83.50	88.91	0.00	40	0	43	0.00	0.00	65.25	7.47	0.00	0.00	2000
228	11.07	2056	2099	0.00	197	0	0	0	nan	0.00	0.00	6.01	82.93	88.93	0.00	40	0	43	0.00	0.00	64.48	7.59	0.00	0.00	2000
231	11.23	2050	2103	0.00	197	0	0	0	nan	0.00	0.00	6.50	82.49	88.77	0.00	40	0	43	0.00	0.00	65.48	7.47	0.00	0.00	2000
231	11.33	2041	2095	0.00	204	0	0	0	nan	0.00	0.00	7.10	81.38	88.67	0.00	39	0	43	0.00	0.00	64.87	7.57	0.00	0.00	2000
232	11.51	2009	2103	0.00	214	0	0	0	nan	0.00	0.00	9.27	79.48	88.49	0.00	40	0	43	0.00	0.00	64.51	7.43	0.00	0.00	2000
228	11.24	2032	2098	0.35	198	0	0	6	65.77	0.00	0.00	6.72	82.06	88.76	0.00	40	0	42	0.00	0.00	65.16	7.62	0.00	0.00	2000
231	11.18	2069	2097	0.96	198	0	0	4	75.49	0.00	0.02	6.23	82.59	88.82	0.00	40	0	43	0.00	0.00	65.03	7.50	0.00	0.00	2000
227	11.37	1996	2102	0.00	199	0	0	0	nan	0.00	0.00	6.96	81.98	88.63	0.00	40	0	43	0.00	0.00	64.63	7.43	0.00	0.00	2000
232	11.40	2031	2105	0.00	199	0	0	0	nan	0.00	0.00	6.43	82.53	88.60	0.00	40	0	43	0.00	0.00	64.79	7.38	0.00	0.00	2000
229	10.92	2104	2095	0.00	207	0	0	0	nan	0.00	0.00	5.57	83.35	89.08	0.00	40	0	43	0.00	0.00	65.19	7.38	0.00	0.00	2000
230	10.96	2101	2100	0.00	198	0	0	0	nan	0.00	0.00	6.42	82.77	89.04	0.00	40	0	43	0.00	0.00	64.57	7.32	0.00	0.00	2000
229	11.14	2056	2101	0.00	198	0	0	0	nan	0.00	0.00	6.85	82.15	88.86	0.00	40	0	43	0.00	0.00	65.02	7.35	0.00	0.00	2000
228	10.98	2090	2084	0.00	198	0	0	0	nan	0.00	0.00	5.95	82.52	89.02	0.00	40	0	43	0.00	0.00	64.07	7.33	0.00	0.00	2000
222	11.45	2000	2036	0.00	198	0	0	0	nan	0.00	0.00	4.00	81.95	88.55	0.00	40	0	43	0.00	0.00	61.49	6.97	0.00	0.00	2000
232	11.28	2058	2102	0.00	220	0	0	0	nan	0.00	0.49	4.83	83.62	88.72	0.00	40	0	43	0.00	0.00	64.83	7.31	0.00	0.00	2000
228	11.11	2049	2107	0.00	215	0	0	0	nan	0.00	0.00	5.59	83.71	88.89	0.00	40	0	43	0.00	0.00	65.29	7.64	0.00	0.00	2000
232	10.70	2112	2158	0.00	216	0	0	0	nan	0.00	0.01	5.12	86.70	89.30	0.00	39	0	43	0.00	0.00	68.37	7.79	0.00	0.00	2000
229	11.02	2093	2086	0.00	202	0	0	0	nan	0.00	0.00	6.15	82.30	88.98	0.00	40	0	43	0.00	0.00	64.82	7.42	0.00	0.00	2000
232	11.38	2051	2085	0.00	198	0	0	0	nan	0.00	0.00	5.86	82.22	88.62	0.00	40	0	43	0.00	0.00	63.14	7.39	0.00	0.00	2000
229	10.84	2063	2148	0.00	215	0	0	0	nan	0.00	0.02	5.68	85.61	89.16	0.00	40	0	43	0.00	0.00	67.60	7.73	0.00	0.00	2000
232	11.13	2076	2105	0.00	198	0	0	0	nan	0.00	0.00	6.53	82.56	88.87	0.00	40	0	43	0.00	0.00	64.85	7.48	0.00	0.00	2000
228	11.33	2012	2095	0.00	198	0	0	0	nan	0.00	0.00	5.86	82.69	88.67	0.00	40	0	43	0.00	0.00	64.77	7.38	0.00	0.00	2000
228	11.06	2093	2068	0.66	203	0	0	8	67.96	0.00	0.01	6.98	80.71	88.94	0.00	40	0	42	0.00	0.00	63.89	7.26	0.00	0.00	2000
231	11.05	2070	2124	0.62	198	0	0	2	81.95	0.00	0.00	6.80	83.20	88.95	0.00	40	0	43	0.00	0.00	65.90	7.48	0.00	0.00	2000
225	11.01	2072	2073	0.00	198	0	0	0	nan	0.00	0.00	6.26	81.70	88.99	0.00	40	0	43	0.00	0.00	64.25	7.36	0.00	0.00	2000
230	11.20	2068	2086	0.00	199	0	0	0	nan	0.00	0.00	5.16	83.11	88.80	0.00	40	0	43	0.00	0.00	62.46	7.20	0.00	0.00	2000
231	11.16	2023	2152	0.00	229	0	0	0	nan	0.00	0.02	6.32	84.83	88.84	0.00	40	0	43	0.00	0.00	68.03	7.82	0.00	0.00	2000
231	11.16	2075	2097	0.00	203	0	0	0	nan	0.00	0.05	5.24	83.51	88.84	0.00	40	0	43	0.00	0.00	64.91	7.51	0.00	0.00	2000
226	11.02	2063	2089	0.00	199	0	0	0	nan	0.00	1.00	4.98	82.66	88.98	0.00	40	0	43	0.00	0.00	64.82	7.30	0.00	0.00	2000
230	11.37	2066	2060	0.00	198	0	0	0	nan	0.00	0.01	5.02	81.94	88.63	0.00	40	0	43	0.00	0.00	62.97	7.30	0.00	0.00	2000
233	10.93	2078	2158	0.00	213	0	0	0	nan	0.00	0.00	5.68	85.97	89.07	0.00	40	0	42	0.00	0.00	67.69	7.75	0.00	0.00	2000
226	11.06	2089	2059	0.00	199	0	0	0	nan	0.00	0.00	5.74	81.56	88.94	0.00	40	0	43	0.00	0.00	63.29	7.28	0.00	0.00	2000
231	11.42	2017	2106	0.00	207	0	0	0	nan	0.00	0.00	5.55	83.41	88.58	0.00	39	0	43	0.00	0.00	63.63	7.43	0.00	0.00	2000
225	10.85	2084	2093	0.00	214	0	0	0	nan	0.00	0.00	6.52	82.42	89.15	0.00	38	0	43	0.00	0.00	65.95	7.59	0.00	0.00	2000
231	11.22	2058	2103	0.00	199	0	0	0	nan	0.00	0.00	5.17	83.78	88.78	0.00	38	0	43	0.00	0.00	62.34	7.46	0.00	0.00	2000
237	10.96	2136	2124	0.00	227	0	0	0	nan	0.00	0.02	8.02	82.12	89.04	0.00	38	0	43	0.00	0.00	68.49	8.22	0.00	0.00	2000
233	11.13	2084	2105	0.00	200	0	0	0	nan	0.00	0.00	4.56	84.60	88.87	0.00	39	0	43	0.00	0.00	65.37	7.52	0.00	0.00	2000
227	11.09	2043	2105	0.00	194	0	0	0	nan	0.00	0.00	3.71	85.47	88.91	0.00	39	0	43	0.00	0.00	64.19	7.52	0.00	0.00	2000
232	11.08	2091	2105	0.00	194	0	0	0	nan	0.00	0.00	3.34	85.87	88.92	0.00	39	0	43	0.00	0.00	65.82	7.71	0.00	0.00	2000
225	10.93	2066	2089	0.72	194	0	0	7	39.84	0.00	0.00	4.38	84.28	89.07	0.00	39	0	43	0.00	0.00	63.94	7.52	0.00	0.00	2000
226	10.96	2079	2081	0.27	195	0	0	0	nan	0.00	0.00	3.84	84.52	89.04	0.00	39	0	43	0.00	0.00	63.87	7.46	0.00	0.00	2000
232	11.10	2081	2112	0.00	194	0	0	0	nan	0.00	0.02	2.10	87.34	88.90	0.00	39	0	43	0.00	0.00	63.23	7.32	0.00	0.00	2000
227	10.92	2103	2080	0.00	194	0	0	0	nan	0.00	0.00	1.00	87.33	89.08	0.00	39	0	43	0.00	0.00	64.21	7.51	0.00	0.00	2000
226	10.67	2104	2113	0.00	210	0	0	0	nan	0.00	0.00	3.11	86.83	89.33	0.00	39	0	43	0.00	0.00	67.61	7.67	0.00	0.00	2000
229	11.20	2052	2090	0.00	194	0	0	0	nan	0.00	0.00	3.10	85.38	88.80	0.00	39	0	43	0.00	0.00	62.67	7.35	0.00	0.00	2000
224	10.85	2070	2093	0.00	211	0	0	0	nan	0.00	0.00	3.30	85.67	89.15	0.00	39	0	43	0.00	0.00	66.22	7.65	0.00	0.00	2000
230	11.34	2040	2089	0.00	194	0	0	0	nan	0.00	0.00	2.86	85.48	88.66	0.00	39	0	43	0.00	0.00	62.66	7.23	0.00	0.00	2000
231	10.93	2108	2102	0.00	241	0	0	0	nan	0.00	0.01	2.43	86.74	89.07	0.00	39	0	43	0.00	0.00	65.23	7.60	0.00	0.00	2000
232	10.63	2140	2143	0.00	211	0	0	0	nan	0.01	0.00	4.30	86.98	89.37	0.00	39	0	43	0.00	0.00	68.59	7.85	0.00	0.00	2000
227	10.93	2091	2087	0.00	195	0	0	0	nan	0.00	0.00	4.12	84.49	89.07	0.00	39	0	43	0.00	0.00	64.64	7.52	0.00	0.00	2000
229	11.05	2054	2117	0.00	194	0	0	0	nan	0.00	0.00	3.65	86.04	88.95	0.00	39	0	43	0.00	0.00	65.40	7.42	0.00	0.00	2000
226	11.26	2036	2073	0.00	194	0	0	0	nan	0.00	0.00	2.90	84.78	88.74	0.00	39	0	43	0.00	0.00	61.91	7.31	0.00	0.00	2000
231	10.89	2105	2113	0.00	211	0	0	0	nan	0.00	0.02	3.07	86.59	89.11	0.00	39	0	43	0.00	0.00	66.11	7.57	0.00	0.00	2000
229	10.92	2080	2112	0.00	194	0	0	0	nan	0.00	0.00	5.08	84.61	89.08	0.00	39	0	43	0.00	0.00	67.89	7.84	0.00	0.00	2000
228	11.00	2073	2098	0.00	195	0	0	0	nan	0.00	0.00	3.73	85.24	89.00	0.00	39	0	43	0.00	0.00	64.45	7.47	0.00	0.00	2000
229	11.44	2030	2072	0.00	196	0	0	1	63.06	0.00	0.02	3.49	83.87	88.56	0.00	40	0	43	0.00	0.00	60.75	7.07	0.00	0.00	2000
227	10.86	2060	2130	0.89	213	0	0	7	53.51	0.00	0.02	3.82	86.61	89.14	0.00	39	0	43	0.00	0.00	69.95	8.00	0.00	0.00	2000
228	10.98	2078	2095	0.00	194	0	0	0	nan	0.00	0.00	2.76	86.13	89.02	0.00	39	0	43	0.00	0.00	64.90	7.57	0.00	0.00	2000
230	11.23	2062	2085	0.00	194	0	0	0	nan	0.00	0.00	2.95	85.19	88.77	0.00	39	0	43	0.00	0.00	61.27	7.09	0.00	0.00	2000
224	10.77	2080	2104	0.00	211	0	0	0	nan	0.00	0.00	2.65	86.85	89.23	0.00	39	0	43	0.00	0.00	68.24	8.08	0.00	0.00	2000
229	11.12	2073	2090	0.00	195	0	0	0	nan	0.00	0.00	3.07	85.43	88.88	0.00	39	0	43	0.00	0.00	61.00	7.03	0.00	0.00	2000
227	10.55	2119	2134	0.00	212	1	0	0	nan	0.00	0.00	3.73	87.25	89.45	0.00	39	0	43	0.00	0.00	67.73	7.97	0.00	0.00	2000
232	11.04	2093	2107	0.00	195	0	0	0	nan	0.00	0.00	4.37	84.99	88.96	0.00	39	0	43	0.00	0.00	64.67	7.43	0.00	0.00	2000
226	11.00	2079	2076	0.00	194	0	0	0	nan	0.00	0.00	4.15	83.94	89.00	0.00	40	0	43	0.00	0.00	61.41	7.21	0.00	0.00	2000
229	10.98	2071	2113	0.00	195	0	0	0	nan	0.00	0.00	3.97	85.71	89.02	0.00	39	0	43	0.00	0.00	68.17	7.94	0.00	0.00	2000
222	10.93	2059	2076	0.00	194	0	0	0	nan	0.00	0.00	3.63	84.47	89.07	0.00	39	0	43	0.00	0.00	63.26	7.58	0.00	0.00	2000
232	11.13	2084	2100	0.00	195	0	0	0	nan	0.00	0.00	2.53	86.32	88.87	0.00	39	0	43	0.00	0.00	63.71	7.45	0.00	0.00	2000
227	10.81	2093	2111	0.00	211	0	0	0	nan	0.00	0.02	4.15	85.59	89.19	0.00	39	0	43	0.00	0.00	67.13	7.66	0.00	0.00	2000
230	10.98	2078	2114	0.00	195	0	0	0	nan	0.00	0.00	3.35	86.26	89.02	0.00	40	0	43	0.00	0.00	64.73	7.53	0.00	0.00	2000
226	11.10	2059	2076	0.00	194	0	0	0	nan	0.00	0.00	2.42	85.46	88.90	0.00	40	0	43	0.00	0.00	63.93	7.58	0.00	0.00	2000
227	10.72	2115	2106	0.00	210	0	0	0	nan	0.00	0.02	2.54	87.06	89.28	0.00	39	0	43	0.00	0.00	62.70	7.40	0.00	0.00	2000
226	11.11	2060	2079	0.00	194	0	0	0	nan	0.00	0.00	3.02	85.02	88.89	0.00	39	0	43	0.00	0.00	66.29	8.86	0.00	0.00	2000
238	11.10	2100	2142	0.14	211	0	0	21	18.38	0.00	0.00	3.13	87.66	88.90	0.00	39	0	43	0.00	0.00	69.46	9.27	0.00	0.00	2000
229	11.06	2066	2102	0.74	194	0	0	15	20.36	0.00	0.00	2.98	86.09	88.94	0.00	39	0	43	0.00	0.00	65.08	7.73	0.00	0.00	2000
227	11.65	2115	1937	0.00	195	0	0	0	nan	0.00	0.00	3.34	78.30	88.35	0.00	38	0	43	0.00	0.00	57.43	6.67	0.00	0.00	2000
166	9.95	1669	2101	0.00	213	0	0	0	nan	0.00	0.00	5.60	84.64	90.05	0.00	38	0	43	0.00	0.00	63.85	7.78	0.00	0.00	2000
107	7.64	1272	2308	0.00	229	0	0	0	nan	0.03	0.00	9.97	91.58	92.36	0.00	38	0	43	0.00	0.00	67.36	8.62	0.00	0.00	2000
