Avg_MHz	Busy%	Bzy_MHz	TSC_MHz	IPC	IRQ	NMI	SMI	LLCMRPS	LLC%hit	POLL%	C1%	C1E%	C6%	CPU%c1	CPU%c6	CoreTmp	CoreThr	PkgTmp	Pkg%pc2	Pkg%pc6	PkgWatt	RAMWatt	PKG_%	RAM_%	UncMHz
375	19.29	1934	2108	0.00	267	0	0	0	nan	0.00	0.34	39.03	41.60	80.71	0.00	38	0	42	0.00	0.00	62.59	7.26	0.00	0.00	2000
427	19.52	2147	2138	0.00	215	0	0	0	nan	0.04	0.89	22.21	58.99	80.48	0.00	37	0	43	0.00	0.00	71.27	8.22	0.00	0.00	2000
78	6.54	1191	2093	0.00	195	0	0	0	nan	0.00	0.00	5.12	88.00	93.46	0.00	37	0	43	0.00	0.00	58.34	7.56	0.00	0.00	2000
73	6.84	1066	2095	0.00	193	0	0	0	nan	0.00	0.00	1.99	90.95	93.16	0.00	37	0	43	0.00	0.00	56.16	7.14	0.00	0.00	2000
74	6.82	1070	2128	0.00	209	0	0	0	nan	0.00	0.00	4.30	90.09	93.18	0.00	37	0	43	0.00	0.00	60.04	7.67	0.00	0.00	2000
73	6.41	1145	2098	0.00	193	0	0	0	nan	0.00	0.01	3.43	90.01	93.59	0.00	37	0	43	0.00	0.00	59.49	7.52	0.00	0.00	2000
72	6.58	1104	2073	0.00	194	0	0	0	nan	0.00	0.00	3.62	88.63	93.42	0.00	37	0	43	0.00	0.00	58.02	7.40	0.00	0.00	2000
73	6.69	1087	2104	0.00	193	0	0	0	nan	0.00	0.02	1.64	91.78	93.31	0.00	37	0	43	0.00	0.00	57.14	7.32	0.00	0.00	2000
75	6.46	1146	2127	0.00	210	0	0	0	nan	0.00	0.04	2.37	92.23	93.54	0.00	37	0	43	0.00	0.00	59.89	7.60	0.00	0.00	2000
72	6.43	1135	2080	0.00	178	0	0	0	nan	0.00	0.00	2.59	90.09	93.57	0.00	37	0	43	0.00	0.00	56.14	7.20	0.00	0.00	2000
73	6.58	1103	2099	0.00	194	0	0	0	nan	0.00	0.01	2.77	90.67	93.42	0.00	38	0	43	0.00	0.00	57.82	7.46	0.00	0.00	2000
73	6.51	1114	2103	0.00	197	0	0	0	nan	0.00	0.02	3.90	89.71	93.49	0.00	37	0	43	0.00	0.00	58.11	7.36	0.00	0.00	2000
73	6.74	1086	2102	0.00	210	0	0	0	nan	0.00	0.00	3.75	89.54	93.26	0.00	37	0	42	0.00	0.00	58.25	7.47	0.00	0.00	2000
71	6.32	1117	2113	0.00	177	0	0	0	nan	0.00	0.00	3.90	90.37	93.68	0.00	37	0	43	0.00	0.00	58.62	7.42	0.00	0.00	2000
71	6.56	1091	2076	0.00	211	0	0	0	nan	0.00	0.01	2.75	89.60	93.44	0.00	37	0	43	0.00	0.00	58.35	7.49	0.00	0.00	2000
72	6.48	1104	2110	0.00	193	0	0	1	87.55	0.00	0.00	2.52	91.51	93.52	0.00	37	0	43	0.00	0.00	60.31	7.72	0.00	0.00	2000
72	6.78	1076	2086	0.29	194	0	0	1	86.46	0.00	0.00	2.08	90.59	93.22	0.00	37	0	43	0.00	0.00	55.51	7.18	0.00	0.00	2000
71	6.79	1045	2105	0.00	193	0	0	0	nan	0.00	0.03	3.99	89.44	93.21	0.00	37	0	43	0.00	0.00	57.82	7.53	0.00	0.00	2000
221	10.79	2038	2107	0.00	222	0	0	0	nan	0.00	0.96	8.16	80.51	89.21	0.00	38	0	43	0.00	0.00	66.92	7.89	0.00	0.00	2000
223	10.36	2135	2121	0.00	195	0	0	0	nan	0.00	0.02	3.12	87.44	89.64	0.00	39	0	43	0.00	0.00	63.44	7.32	0.00	0.00	2000
221	10.81	2048	2100	0.00	194	0	0	0	nan	0.00	0.02	2.79	86.48	89.19	0.00	39	0	43	0.00	0.00	63.77	7.74	0.00	0.00	2000
222	10.99	2017	2100	0.00	195	0	0	0	nan	0.00	0.02	3.03	86.07	89.01	0.00	40	0	43	0.00	0.00	66.26	7.74	0.00	0.00	2000
212	10.46	2040	2085	0.00	194	0	0	0	nan	0.00	0.00	2.98	86.01	89.54	0.00	38	0	43	0.00	0.00	63.42	7.41	0.00	0.00	2000
236	11.02	2118	2123	0.00	203	0	0	0	nan	0.00	0.00	3.49	86.37	88.98	0.00	39	0	43	0.00	0.00	67.72	8.08	0.00	0.00	2000
232	10.95	2130	2093	0.00	261	0	0	0	nan	0.00	0.00	3.12	85.77	89.05	0.00	38	0	43	0.00	0.00	64.66	7.43	0.00	0.00	2000
231	11.18	2066	2097	0.00	202	0	0	0	nan	0.00	0.00	7.03	81.72	88.82	0.00	38	0	42	0.00	0.00	65.77	8.07	0.00	0.00	2000
223	10.89	2050	2102	0.00	198	0	0	0	nan	0.00	0.02	4.29	84.94	89.11	0.00	39	0	43	0.00	0.00	64.63	7.69	0.00	0.00	2000
223	10.78	2094	2070	0.00	200	0	0	0	nan	0.00	0.01	4.73	83.18	89.22	0.00	39	0	43	0.00	0.00	64.16	7.43	0.00	0.00	2000
223	10.59	2070	2134	0.00	197	0	0	0	nan	0.00	0.00	2.95	88.00	89.41	0.00	39	0	43	0.00	0.00	65.45	7.49	0.00	0.00	2000
220	10.73	2111	2043	0.00	194	0	0	0	nan	0.00	0.04	3.06	83.79	89.27	0.00	40	0	43	0.00	0.00	63.25	7.34	0.00	0.00	2000
221	10.53	2048	2148	0.00	195	0	0	0	nan	0.00	0.00	3.36	88.27	89.47	0.00	40	0	43	0.00	0.00	67.09	7.80	0.00	0.00	2000
222	10.82	2078	2077	0.00	198	0	0	0	nan	0.00	0.02	2.25	86.03	89.18	0.00	40	0	43	0.00	0.00	62.28	7.33	0.00	0.00	2000
223	10.75	2062	2117	0.01	195	0	0	9	77.84	0.00	0.00	3.80	86.28	89.25	0.00	40	0	43	0.00	0.00	67.38	7.78	0.00	0.00	2000
223	10.88	2036	2114	0.65	195	0	0	9	92.98	0.00	0.01	3.93	85.92	89.12	0.00	40	0	43	0.00	0.00	63.11	7.34	0.00	0.00	2000
221	10.63	2091	2091	0.00	194	0	0	0	nan	0.00	0.02	3.07	85.95	89.37	0.00	40	0	43	0.00	0.00	65.32	7.59	0.00	0.00	2000
222	10.55	2096	2105	0.00	196	0	0	0	nan	0.00	0.00	3.45	86.26	89.45	0.00	40	0	43	0.00	0.00	62.39	7.23	0.00	0.00	2000
226	11.21	2073	2041	0.00	197	0	0	0	nan	0.00	0.00	3.37	82.95	88.79	0.00	40	0	43	0.00	0.00	62.36	7.15	0.00	0.00	2000
225	10.63	2054	2162	0.00	213	0	0	0	nan	0.00	0.02	3.34	88.66	89.37	0.00	40	0	43	0.00	0.00	67.86	7.94	0.00	0.00	2000
218	10.65	2061	2086	0.00	196	0	0	0	nan	0.00	0.00	3.89	84.99	89.35	0.00	39	0	43	0.00	0.00	63.80	7.24	0.00	0.00	2000
238	11.17	2110	2119	0.00	196	0	0	0	nan	0.00	0.01	3.50	86.19	88.83	0.00	40	0	43	0.00	0.00	66.13	7.65	0.00	0.00	2000
229	11.18	2056	2094	0.00	193	0	0	0	nan	0.00	0.01	3.54	85.15	88.82	0.00	40	0	43	0.00	0.00	64.96	7.43	0.00	0.00	2000
228	10.70	2140	2087	0.00	195	0	0	0	nan	0.00	0.00	3.39	85.48	89.30	0.00	41	0	43	0.00	0.00	61.01	7.05	0.00	0.00	2000
233	11.04	2108	2098	0.00	198	1	0	0	nan	0.00	0.02	3.11	85.85	88.96	0.00	41	0	43	0.00	0.00	67.55	7.71	0.00	0.00	2000
229	10.98	2081	2103	0.00	195	0	0	0	nan	0.00	0.02	3.02	86.17	89.02	0.00	40	0	43	0.00	0.00	65.85	7.61	0.00	0.00	2000
231	10.81	2143	2092	0.00	194	0	0	0	nan	0.00	0.00	2.82	86.07	89.19	0.00	40	0	43	0.00	0.00	65.89	7.72	0.00	0.00	2000
234	11.30	2046	2122	0.00	193	0	0	0	nan	0.00	0.02	1.91	87.86	88.70	0.00	40	0	43	0.00	0.00	65.62	7.51	0.00	0.00	2000
233	11.04	2103	2103	0.00	194	0	0	0	nan	0.00	0.00	2.63	86.43	88.96	0.00	40	0	43	0.00	0.00	64.89	7.58	0.00	0.00	2000
228	11.12	2057	2093	0.00	195	0	0	0	nan	0.00	0.00	3.59	85.10	88.88	0.00	41	0	42	0.00	0.00	65.65	7.58	0.00	0.00	2000
231	11.15	2078	2097	0.00	195	0	0	0	nan	0.00	0.01	3.26	85.56	88.85	0.00	41	0	43	0.00	0.00	65.46	7.47	0.00	0.00	2000
235	11.33	2102	2070	0.00	207	0	0	6	52.25	0.00	0.02	3.09	84.39	88.67	0.00	39	0	43	0.00	0.00	64.08	7.35	0.00	0.00	2000
230	11.16	2033	2125	0.56	198	0	0	9	59.90	0.00	0.01	3.72	86.28	88.84	0.00	38	0	43	0.00	0.00	64.22	7.92	0.00	0.00	2000
227	11.14	2024	2112	0.00	202	0	0	0	nan	0.00	0.00	4.42	85.01	88.86	0.00	39	0	43	0.00	0.00	66.00	7.88	0.00	0.00	2000
403	18.55	2370	1926	0.00	212	0	0	0	nan	0.00	0.00	4.10	70.69	81.45	0.00	40	0	43	0.00	0.00	62.53	7.11	0.00	0.00	2000
489	18.65	2427	2267	0.00	283	0	0	0	nan	0.00	0.00	5.00	82.86	81.35	0.00	38	0	43	0.00	0.00	81.61	8.46	0.00	0.00	2000
237	11.07	2109	2134	0.00	204	0	0	0	nan	0.00	0.00	1.63	88.85	88.93	0.00	40	0	43	0.00	0.00	65.17	7.47	0.00	0.00	2000
231	10.94	2100	2110	0.00	204	0	0	0	nan	0.00	0.00	3.42	86.08	89.06	0.00	40	0	43	0.00	0.00	65.48	7.65	0.00	0.00	2000
228	11.15	2052	2092	0.00	204	0	0	0	nan	0.00	0.00	3.47	85.15	88.85	0.00	41	0	43	0.00	0.00	64.56	7.68	0.00	0.00	2000
229	10.97	2096	2090	0.00	211	0	0	0	nan	0.00	0.00	2.76	85.88	89.03	0.00	41	0	43	0.00	0.00	62.37	7.32	0.00	0.00	2000
229	11.18	2044	2100	0.00	204	0	0	0	nan	0.00	0.02	2.03	86.92	88.82	0.00	41	0	43	0.00	0.00	65.08	7.68	0.00	0.00	2000
231	10.76	2133	2118	0.00	203	0	0	0	nan	0.00	0.00	3.14	86.90	89.24	0.00	41	0	43	0.00	0.00	67.01	7.69	0.00	0.00	2000
227	11.14	2049	2087	0.00	204	0	0	0	nan	0.00	0.00	3.46	84.96	88.86	0.00	41	0	43	0.00	0.00	64.23	7.24	0.00	0.00	2000
227	10.74	2124	2091	0.00	203	0	0	0	nan	0.00	0.00	3.82	85.11	89.26	0.00	41	0	43	0.00	0.00	63.51	7.33	0.00	0.00	2000
230	10.93	2096	2104	0.00	203	0	0	0	nan	0.00	0.02	3.61	85.73	89.07	0.00	41	0	43	0.00	0.00	64.47	7.46	0.00	0.00	2000
228	10.82	2115	2094	0.00	197	0	0	0	nan	0.01	0.00	3.42	85.53	89.18	0.00	42	0	43	0.00	0.00	65.68	7.57	0.00	0.00	2000
229	10.69	2135	2105	0.00	204	0	0	0	nan	0.00	0.00	3.75	85.85	89.31	0.00	41	0	43	0.00	0.00	65.42	7.44	0.00	0.00	2000
229	10.93	2076	2120	0.00	202	0	0	0	nan	0.00	0.01	3.55	86.40	89.07	0.00	41	0	43	0.00	0.00	66.40	7.77	0.00	0.00	2000
223	10.81	2099	2066	0.00	204	0	0	1	87.16	0.00	0.00	3.27	84.59	89.19	0.00	42	0	43	0.00	0.00	62.67	7.23	0.00	0.00	2000
217	12.45	2139	1714	0.53	204	0	0	1	90.15	0.00	0.03	2.93	68.58	87.55	0.00	41	0	43	0.00	0.00	52.60	6.05	0.00	0.00	2000
249	9.68	2075	2607	0.00	253	0	0	0	nan	0.00	0.00	5.13	107.07	90.32	0.00	38	0	43	0.00	0.00	81.61	9.90	0.00	0.00	2000
208	9.99	2077	2102	0.00	201	0	0	0	nan	0.00	0.06	4.22	85.85	90.01	0.00	38	0	43	0.00	0.00	63.14	7.47	0.00	0.00	2000
78	6.63	1182	2101	0.00	200	0	0	0	nan	0.00	0.01	5.77	87.66	93.37	0.00	37	0	43	0.00	0.00	61.03	7.77	0.00	0.00	2000
79	6.98	1138	2082	0.00	202	0	0	0	nan	0.00	0.03	6.16	86.00	93.02	0.00	38	0	42	0.00	0.00	56.71	7.19	0.00	0.00	2000
83	7.27	1127	2118	0.00	215	0	0	0	nan	0.00	0.00	5.54	88.03	92.73	0.00	37	0	43	0.00	0.00	58.18	7.57	0.00	0.00	2000
98	7.47	1315	2093	0.00	195	0	0	0	nan	0.00	0.03	4.03	88.08	92.53	0.00	37	0	43	0.00	0.00	58.42	7.46	0.00	0.00	2000
223	11.06	2024	2096	0.00	199	0	0	0	nan	0.00	0.00	5.38	83.48	88.94	0.00	38	0	43	0.00	0.00	65.61	7.75	0.00	0.00	2000
228	11.19	2032	2106	0.00	203	0	0	0	nan	0.00	0.00	5.15	83.95	88.81	0.00	39	0	43	0.00	0.00	64.69	7.44	0.00	0.00	2000
230	10.88	2126	2083	0.00	196	0	0	0	nan	0.00	0.00	5.00	83.46	89.12	0.00	39	0	43	0.00	0.00	64.28	7.33	0.00	0.00	2000
99	7.12	1378	2122	0.00	201	0	0	0	nan	0.00	0.00	6.02	87.91	92.88	0.00	37	0	43	0.00	0.00	61.56	7.66	0.00	0.00	2000
110	7.82	1428	2069	0.00	203	0	0	0	nan	0.00	0.00	4.51	86.35	92.18	0.00	38	0	43	0.00	0.00	56.97	7.19	0.00	0.00	2000
229	10.82	2087	2125	0.00	211	0	0	0	nan	0.00	0.01	6.00	84.35	89.18	0.00	38	0	43	0.00	0.00	65.18	7.92	0.00	0.00	2000
231	11.15	2070	2097	0.00	198	0	0	0	nan	0.00	0.00	3.53	85.30	88.85	0.00	39	0	43	0.00	0.00	67.81	7.33	0.00	0.00	2000
225	10.98	2071	2075	0.00	195	0	0	0	nan	0.00	0.00	4.36	83.59	89.02	0.00	39	0	43	0.00	0.00	62.63	7.24	0.00	0.00	2000
229	11.10	2080	2080	0.00	194	0	0	0	nan	0.00	0.00	2.26	85.89	88.90	0.00	39	0	43	0.00	0.00	63.33	7.53	0.00	0.00	2000
233	11.03	2060	2154	0.15	210	0	0	3	71.10	0.00	0.02	1.93	89.41	88.97	0.00	39	0	43	0.00	0.00	67.52	7.74	0.00	0.00	2000
233	11.10	2122	2075	0.50	201	0	0	3	79.90	0.00	0.00	4.55	83.37	88.90	0.00	39	0	43	0.00	0.00	64.51	7.42	0.00	0.00	2000
299	13.12	2325	2060	0.00	206	0	0	0	nan	0.00	1.42	7.98	76.03	86.88	0.00	38	0	43	0.00	0.00	65.13	7.48	0.00	0.00	2000
190	10.88	1721	2132	0.00	248	0	0	0	nan	0.00	0.01	13.67	76.90	89.12	0.00	37	0	43	0.00	0.00	64.67	7.89	0.00	0.00	2000
80	7.23	1084	2137	0.00	193	0	0	0	nan	0.00	0.00	3.71	90.67	92.77	0.00	37	0	43	0.00	0.00	60.55	7.78	0.00	0.00	2000
75	6.40	1181	2094	0.00	194	0	0	0	nan	0.00	0.00	3.93	89.35	93.60	0.00	37	0	43	0.00	0.00	58.41	7.59	0.00	0.00	2000
