Avg_MHz	Busy%	Bzy_MHz	TSC_MHz	IPC	IRQ	NMI	SMI	LLCMRPS	LLC%hit	POLL%	C1%	C1E%	C6%	CPU%c1	CPU%c6	CoreTmp	CoreThr	PkgTmp	Pkg%pc2	Pkg%pc6	PkgWatt	RAMWatt	PKG_%	RAM_%	UncMHz
141	9.83	1479	2039	0.00	336	0	0	0	nan	0.00	0.01	11.07	76.55	90.17	0.00	37	0	43	0.00	0.00	59.42	7.39	0.00	0.00	2000
401	20.05	2038	2064	0.00	238	0	0	0	nan	0.05	1.10	16.02	61.74	79.95	0.00	38	0	43	0.00	0.00	69.56	7.81	0.00	0.00	2000
274	14.53	1723	2295	0.00	251	0	0	0	nan	0.00	0.36	17.52	75.62	85.47	0.00	37	0	43	0.00	0.00	69.99	8.36	0.00	0.00	2000
74	6.95	1073	2079	0.00	194	0	0	0	nan	0.00	0.00	3.07	89.17	93.05	0.00	37	0	43	0.00	0.00	57.84	7.27	0.00	0.00	2000
74	7.39	984	2128	0.00	209	0	0	0	nan	0.00	0.00	4.18	89.80	92.61	0.00	37	0	43	0.00	0.00	61.18	7.71	0.00	0.00	2000
71	6.91	1041	2079	0.00	193	0	0	0	nan	0.00	0.01	3.18	89.12	93.09	0.00	37	0	43	0.00	0.00	56.28	7.21	0.00	0.00	2000
74	6.90	1066	2117	0.00	195	0	0	0	nan	0.00	0.00	2.68	91.24	93.10	0.00	37	0	43	0.00	0.00	61.63	7.70	0.00	0.00	2000
72	6.86	1039	2106	0.00	194	0	0	0	nan	0.00	0.00	2.62	90.92	93.14	0.00	37	0	43	0.00	0.00	60.13	7.57	0.00	0.00	2000
74	6.86	1085	2085	0.00	193	0	0	0	nan	0.00	0.02	3.26	89.34	93.14	0.00	37	0	43	0.00	0.00	56.00	7.37	0.00	0.00	2000
71	6.83	1036	2115	0.00	193	0	0	0	nan	0.00	0.00	2.38	91.63	93.17	0.00	37	0	43	0.00	0.00	61.81	7.78	0.00	0.00	2000
73	7.08	1035	2082	0.00	194	0	0	0	nan	0.00	0.00	3.40	88.79	92.92	0.00	37	0	42	0.00	0.00	57.65	7.27	0.00	0.00	2000
71	7.01	1016	2102	0.00	210	0	0	0	nan	0.00	0.00	3.52	89.66	92.99	0.00	37	0	43	0.00	0.00	59.00	7.58	0.00	0.00	2000
72	7.23	990	2119	0.00	193	0	0	0	nan	0.00	0.04	4.24	89.48	92.77	0.00	37	0	43	0.00	0.00	60.81	7.82	0.00	0.00	2000
72	6.95	1031	2105	0.00	193	0	0	0	nan	0.00	0.01	3.54	89.86	93.05	0.00	37	0	43	0.00	0.00	59.00	7.60	0.00	0.00	2000
73	6.71	1085	2094	0.00	194	0	0	0	nan	0.00	0.00	2.89	90.22	93.29	0.00	37	0	43	0.00	0.00	58.51	7.39	0.00	0.00	2000
72	6.61	1085	2104	0.01	194	0	0	1	86.13	0.00	0.00	2.20	91.41	93.39	0.00	37	0	43	0.00	0.00	59.05	7.48	0.00	0.00	2000
74	6.85	1073	2105	0.16	193	0	0	1	89.12	0.00	0.01	2.68	90.84	93.15	0.00	37	0	43	0.00	0.00	59.17	7.53	0.00	0.00	2000
73	6.73	1085	2099	0.00	197	0	0	0	nan	0.00	0.02	4.14	89.13	93.27	0.00	37	0	43	0.00	0.00	58.78	7.62	0.00	0.00	2000
139	8.60	1632	2085	0.00	212	0	0	0	nan	0.02	0.02	5.06	85.80	91.40	0.00	38	0	43	0.00	0.00	62.81	7.75	0.00	0.00	2000
230	11.28	2029	2112	0.00	221	0	0	0	nan	0.00	0.00	3.42	85.99	88.72	0.00	40	0	43	0.00	0.00	64.44	7.49	0.00	0.00	2000
229	11.09	2068	2096	0.00	203	0	0	0	nan	0.00	0.00	3.05	85.81	88.91	0.00	41	0	43	0.00	0.00	64.09	7.28	0.00	0.00	2000
232	11.14	2076	2105	0.00	214	0	0	0	nan	0.00	0.00	3.91	85.20	88.86	0.00	41	0	43	0.00	0.00	66.70	7.46	0.00	0.00	2000
230	11.21	2057	2097	0.00	210	0	0	0	nan	0.00	0.01	5.71	83.14	88.79	0.00	39	0	43	0.00	0.00	65.11	7.53	0.00	0.00	2000
223	10.89	2052	2099	0.00	197	0	0	0	nan	0.01	0.00	7.36	81.81	89.11	0.00	38	0	43	0.00	0.00	65.89	8.21	0.00	0.00	2000
219	10.71	2048	2100	0.00	199	0	0	0	nan	0.00	0.00	6.19	83.22	89.29	0.00	38	0	43	0.00	0.00	65.87	7.96	0.00	0.00	2000
234	11.27	2091	2087	0.00	200	0	0	0	nan	0.00	0.01	5.32	83.04	88.73	0.00	38	0	43	0.00	0.00	66.81	8.08	0.00	0.00	2000
235	11.35	2076	2097	0.00	203	0	0	0	nan	0.00	0.04	5.29	83.23	88.65	0.00	38	0	43	0.00	0.00	65.72	7.96	0.00	0.00	2000
229	10.92	2088	2106	0.00	199	0	0	0	nan	0.00	0.00	4.73	84.73	89.08	0.00	38	0	43	0.00	0.00	66.74	7.28	0.00	0.00	2000
229	11.62	1970	2101	0.00	198	0	0	0	nan	0.00	0.00	5.43	83.23	88.38	0.00	39	0	43	0.00	0.00	64.33	7.88	0.00	0.00	2000
230	11.46	2004	2107	0.00	199	0	0	0	nan	0.00	0.00	4.81	84.23	88.54	0.00	39	0	43	0.00	0.00	65.90	7.58	0.00	0.00	2000
229	11.16	2062	2088	0.00	198	0	0	0	nan	0.00	0.00	6.00	82.48	88.84	0.00	39	0	43	0.00	0.00	62.02	7.21	0.00	0.00	2000
229	11.41	2022	2082	0.00	202	0	0	0	nan	0.00	0.00	7.01	81.04	88.59	0.00	39	0	43	0.00	0.00	64.67	7.40	0.00	0.00	2000
230	11.06	2061	2123	0.00	199	0	0	7	77.49	0.00	0.00	6.27	83.72	88.94	0.00	39	0	43	0.00	0.00	68.64	7.83	0.00	0.00	2000
231	11.54	1992	2111	0.68	199	0	0	5	86.55	0.00	0.02	5.87	83.22	88.46	0.00	39	0	42	0.00	0.00	65.57	7.51	0.00	0.00	2000
229	11.22	2044	2094	0.00	199	0	0	0	nan	0.00	0.02	5.42	83.22	88.78	0.00	39	0	43	0.00	0.00	65.49	7.52	0.00	0.00	2000
225	11.20	2039	2068	0.00	199	0	0	0	nan	0.00	0.05	3.66	83.86	88.80	0.00	39	0	43	0.00	0.00	64.32	7.36	0.00	0.00	2000
230	11.02	2067	2122	0.00	210	0	0	0	nan	0.00	0.00	5.95	84.03	88.98	0.00	38	0	43	0.00	0.00	64.57	7.44	0.00	0.00	2000
235	11.08	2102	2115	0.00	221	0	0	0	nan	0.00	0.02	4.88	84.75	88.92	0.00	40	0	43	0.00	0.00	65.14	7.90	0.00	0.00	2000
233	11.31	2059	2099	0.00	190	0	0	0	nan	0.00	0.02	3.17	85.66	88.69	0.00	40	0	43	0.00	0.00	66.73	8.05	0.00	0.00	2000
229	10.77	2156	2074	0.00	204	0	0	0	nan	0.01	0.00	2.78	85.45	89.23	0.00	41	0	43	0.00	0.00	65.81	7.85	0.00	0.00	2000
233	10.95	2109	2118	0.00	203	0	0	0	nan	0.00	0.00	2.87	87.10	89.05	0.00	41	0	43	0.00	0.00	65.96	8.01	0.00	0.00	2000
234	11.35	2053	2112	0.00	202	0	0	0	nan	0.00	0.02	3.20	86.07	88.65	0.00	41	0	43	0.00	0.00	65.77	7.82	0.00	0.00	2000
230	11.06	2086	2093	0.00	225	0	0	0	nan	0.00	0.02	3.23	85.55	88.94	0.00	41	0	43	0.00	0.00	64.16	7.96	0.00	0.00	2000
230	10.90	2109	2102	0.00	188	0	0	0	nan	0.00	0.01	3.52	85.75	89.10	0.00	40	0	43	0.00	0.00	66.35	8.05	0.00	0.00	2000
230	10.89	2112	2104	0.00	204	0	0	0	nan	0.00	0.00	3.32	85.99	89.11	0.00	42	0	43	0.00	0.00	66.40	7.93	0.00	0.00	2000
225	11.03	2060	2080	0.00	203	0	0	0	nan	0.00	0.02	3.36	84.84	88.97	0.00	42	0	43	0.00	0.00	63.80	7.43	0.00	0.00	2000
233	11.21	2061	2118	0.00	203	0	0	0	nan	0.00	0.00	3.86	85.70	88.79	0.00	42	0	43	0.00	0.00	66.29	7.62	0.00	0.00	2000
227	10.92	2083	2096	0.00	212	0	0	0	nan	0.00	0.01	3.49	85.50	89.08	0.00	41	0	42	0.00	0.00	66.33	7.63	0.00	0.00	2000
234	10.96	2120	2114	0.00	204	0	0	0	nan	0.00	0.00	2.67	87.03	89.04	0.00	41	0	43	0.00	0.00	65.66	7.90	0.00	0.00	2000
225	10.91	2085	2080	0.00	203	0	0	2	88.90	0.00	0.00	3.33	84.98	89.09	0.00	41	0	43	0.00	0.00	63.43	7.37	0.00	0.00	2000
229	10.81	2116	2101	0.68	202	0	0	6	92.09	0.00	0.00	3.47	85.90	89.19	0.00	41	0	43	0.00	0.00	66.20	7.56	0.00	0.00	2000
231	11.30	2040	2104	0.00	203	0	0	0	nan	0.00	0.03	3.14	85.86	88.70	0.00	42	0	43	0.00	0.00	65.15	7.56	0.00	0.00	2000
229	11.15	2064	2086	0.00	213	0	0	0	nan	0.00	0.00	3.88	84.51	88.85	0.00	42	0	43	0.00	0.00	65.39	7.56	0.00	0.00	2000
230	10.93	2087	2119	0.00	203	0	0	0	nan	0.00	0.00	2.14	87.88	89.07	0.00	42	0	43	0.00	0.00	64.51	7.45	0.00	0.00	2000
226	11.26	2014	2096	0.00	218	0	0	0	nan	0.00	0.00	3.11	85.65	88.74	0.00	42	0	43	0.00	0.00	64.46	7.47	0.00	0.00	2000
226	10.92	2079	2091	0.00	203	0	0	0	nan	0.00	0.00	2.30	86.54	89.08	0.00	42	0	43	0.00	0.00	66.16	7.47	0.00	0.00	2000
235	11.28	2057	2127	0.00	201	0	0	0	nan	0.00	0.02	4.04	85.93	88.72	0.00	42	0	43	0.00	0.00	66.42	7.61	0.00	0.00	2000
226	10.96	2079	2084	0.00	215	0	0	0	nan	0.00	0.02	4.82	83.77	89.04	0.00	42	0	43	0.00	0.00	64.46	7.54	0.00	0.00	2000
229	10.83	2105	2104	0.00	204	0	0	0	nan	0.00	0.02	3.88	85.64	89.17	0.00	42	0	43	0.00	0.00	65.42	7.66	0.00	0.00	2000
228	10.98	2072	2103	0.00	203	0	0	0	nan	0.00	0.01	3.26	86.00	89.02	0.00	42	0	43	0.00	0.00	65.15	7.56	0.00	0.00	2000
230	11.03	2083	2098	0.00	204	0	0	0	nan	0.00	0.02	3.81	85.23	88.97	0.00	42	0	43	0.00	0.00	65.68	7.96	0.00	0.00	2000
228	10.83	2131	2075	0.00	203	0	0	0	nan	0.00	0.02	3.85	84.34	89.17	0.00	42	0	43	0.00	0.00	62.76	7.37	0.00	0.00	2000
233	11.50	2024	2103	0.00	212	0	0	0	nan	0.00	0.02	2.54	86.16	88.50	0.00	42	0	42	0.00	0.00	66.69	8.06	0.00	0.00	2000
232	11.17	2045	2134	0.00	203	0	0	0	nan	0.00	0.00	4.38	85.91	88.83	0.00	42	0	43	0.00	0.00	66.87	7.82	0.00	0.00	2000
228	11.14	2048	2098	0.00	204	0	0	0	nan	0.00	0.00	4.26	84.59	88.86	0.00	42	0	43	0.00	0.00	65.13	7.47	0.00	0.00	2000
227	11.09	2049	2100	0.00	203	0	0	0	nan	0.00	0.00	3.64	85.41	88.91	0.00	42	0	43	0.00	0.00	65.30	7.49	0.00	0.00	2000
228	11.10	2057	2100	0.00	203	0	0	1	86.90	0.00	0.00	3.61	85.45	88.90	0.00	42	0	43	0.00	0.00	65.03	7.31	0.00	0.00	2000
227	11.27	2040	2072	1.12	214	0	0	4	87.30	0.00	0.01	3.68	84.03	88.73	0.00	42	0	43	0.00	0.00	63.26	7.30	0.00	0.00	2000
234	11.22	2069	2113	0.00	224	0	0	0	nan	0.00	0.00	4.35	85.13	88.78	0.00	42	0	43	0.00	0.00	64.28	7.50	0.00	0.00	2000
225	10.75	2100	2090	0.00	204	0	0	0	nan	0.00	0.02	3.33	85.55	89.25	0.00	43	0	43	0.00	0.00	65.88	7.39	0.00	0.00	2000
227	11.14	2039	2099	0.00	220	0	0	0	nan	0.00	0.02	3.15	85.85	88.86	0.00	42	0	43	0.00	0.00	64.84	7.49	0.00	0.00	2000
233	11.10	2077	2117	0.00	214	0	0	0	nan	0.00	0.01	3.88	85.87	88.90	0.00	42	0	43	0.00	0.00	65.76	7.50	0.00	0.00	2000
225	10.81	2107	2077	0.00	220	0	0	0	nan	0.00	0.04	3.74	84.52	89.19	0.00	42	0	43	0.00	0.00	59.57	7.22	0.00	0.00	2000
232	11.18	2039	2135	0.00	204	0	0	0	nan	0.00	0.00	3.95	86.54	88.82	0.00	42	0	43	0.00	0.00	67.48	7.43	0.00	0.00	2000
225	10.81	2090	2088	0.00	203	0	0	0	nan	0.00	0.00	2.91	85.85	89.19	0.00	42	0	43	0.00	0.00	67.99	7.78	0.00	0.00	2000
227	10.97	2092	2080	0.00	203	0	0	0	nan	0.00	0.01	2.75	85.58	89.03	0.00	43	0	43	0.00	0.00	63.97	7.58	0.00	0.00	2000
233	11.30	2028	2132	0.00	211	0	0	0	nan	0.00	0.00	4.04	86.21	88.70	0.00	42	0	43	0.00	0.00	66.02	7.68	0.00	0.00	2000
227	11.13	2049	2090	0.00	204	0	0	0	nan	0.00	0.02	4.70	83.93	88.87	0.00	42	0	43	0.00	0.00	64.71	7.50	0.00	0.00	2000
228	11.08	2064	2096	0.00	204	0	0	0	nan	0.00	0.02	3.11	85.85	88.92	0.00	42	0	43	0.00	0.00	61.20	7.19	0.00	0.00	2000
228	11.07	2047	2114	0.00	204	0	0	0	nan	0.00	0.00	2.96	86.77	88.93	0.00	42	0	43	0.00	0.00	68.90	7.96	0.00	0.00	2000
225	10.99	2065	2086	0.00	203	0	0	0	nan	0.00	0.00	3.28	85.32	89.01	0.00	42	0	43	0.00	0.00	64.15	7.45	0.00	0.00	2000
231	11.07	2079	2105	0.00	215	0	0	0	nan	0.00	0.00	3.31	85.97	88.93	0.00	42	0	43	0.00	0.00	65.25	7.84	0.00	0.00	2000
226	11.07	2053	2089	0.00	205	0	0	0	nan	0.00	0.02	2.96	85.71	88.93	0.00	42	0	43	0.00	0.00	61.93	7.19	0.00	0.00	2000
226	10.92	2067	2099	0.17	219	0	0	26	97.96	0.00	0.00	2.47	86.72	89.08	0.00	42	0	43	0.00	0.00	65.00	7.55	0.00	0.00	2000
230	10.97	2087	2106	0.66	219	0	0	5	62.11	0.00	0.01	3.57	85.88	89.03	0.00	42	0	43	0.00	0.00	64.96	7.58	0.00	0.00	2000
228	10.89	2103	2091	0.00	213	0	0	0	nan	0.00	0.02	3.03	85.71	89.11	0.00	42	0	43	0.00	0.00	64.92	7.34	0.00	0.00	2000
228	11.05	2053	2106	0.00	235	0	0	0	nan	0.00	0.00	3.42	85.97	88.95	0.00	42	0	43	0.00	0.00	64.51	7.61	0.00	0.00	2000
227	11.23	2020	2104	0.00	204	0	0	0	nan	0.00	0.00	2.84	86.30	88.77	0.00	42	0	43	0.00	0.00	65.25	7.55	0.00	0.00	2000
229	10.88	2105	2101	0.00	204	0	0	0	nan	0.00	0.00	2.72	86.63	89.12	0.00	42	0	43	0.00	0.00	65.18	7.22	0.00	0.00	2000
231	11.46	2000	2117	0.00	203	0	0	0	nan	0.00	0.00	3.29	86.14	88.54	0.00	42	0	43	0.00	0.00	65.42	7.51	0.00	0.00	2000
228	11.10	2049	2100	0.00	213	0	0	0	nan	0.00	0.00	3.45	85.62	88.90	0.00	42	0	43	0.00	0.00	62.47	7.43	0.00	0.00	2000
223	11.05	2033	2086	0.00	202	0	0	0	nan	0.00	0.00	3.66	84.90	88.95	0.00	42	0	43	0.00	0.00	65.45	7.58	0.00	0.00	2000
228	10.89	2089	2102	0.00	202	0	0	0	nan	0.00	0.00	2.44	86.83	89.11	0.00	42	0	43	0.00	0.00	66.43	7.65	0.00	0.00	2000
228	10.81	2105	2101	0.00	205	0	0	0	nan	0.00	0.02	2.95	86.41	89.19	0.00	42	0	43	0.00	0.00	62.50	7.28	0.00	0.00	2000
231	11.11	2078	2103	0.00	203	0	0	0	nan	0.00	0.00	3.78	85.35	88.89	0.00	42	0	43	0.00	0.00	64.96	7.62	0.00	0.00	2000
224	10.71	2108	2078	0.00	213	0	0	0	nan	0.00	0.03	3.59	84.86	89.29	0.00	41	0	43	0.00	0.00	65.42	7.54	0.00	0.00	2000
229	10.94	2082	2116	0.00	203	0	0	0	nan	0.00	0.02	2.08	87.85	89.06	0.00	42	0	43	0.00	0.00	64.13	7.35	0.00	0.00	2000
228	11.11	2051	2103	0.00	204	0	0	0	nan	0.00	0.01	4.09	85.07	88.89	0.00	42	0	43	0.00	0.00	64.95	7.52	0.00	0.00	2000
229	10.89	2104	2096	0.00	205	0	0	0	nan	0.00	0.02	4.00	85.11	89.11	0.00	42	0	43	0.00	0.00	64.69	7.36	0.00	0.00	2000
229	10.95	2079	2115	0.00	203	0	0	0	nan	0.00	0.00	3.45	86.30	89.05	0.00	42	0	43	0.00	0.00	65.98	7.63	0.00	0.00	2000
229	11.08	2074	2097	0.16	212	0	0	3	92.42	0.00	0.00	4.14	84.76	88.92	0.00	42	0	43	0.00	0.00	65.04	7.60	0.00	0.00	2000
225	11.02	2063	2077	0.51	204	0	0	4	95.02	0.00	0.01	3.55	84.60	88.98	0.00	42	0	43	0.00	0.00	64.21	7.34	0.00	0.00	2000
230	11.05	2073	2106	0.00	204	0	0	0	nan	0.00	0.01	3.23	86.09	88.95	0.00	42	0	43	0.00	0.00	65.63	7.47	0.00	0.00	2000
225	11.03	2050	2094	0.00	203	0	0	0	nan	0.00	0.00	3.07	85.80	88.97	0.00	42	0	43	0.00	0.00	65.21	8.14	0.00	0.00	2000
229	11.38	2009	2103	0.00	219	0	0	0	nan	0.00	0.02	3.47	85.42	88.62	0.00	42	0	43	0.00	0.00	69.79	8.43	0.00	0.00	2000
234	11.01	2107	2117	0.00	214	0	0	0	nan	0.00	0.00	4.52	85.24	88.99	0.00	42	0	43	0.00	0.00	62.11	7.56	0.00	0.00	2000
228	10.78	2128	2091	0.00	186	0	0	0	nan	0.00	0.00	3.08	85.89	89.22	0.00	42	0	43	0.00	0.00	66.96	7.83	0.00	0.00	2000
230	10.88	2098	2114	0.00	203	0	0	0	nan	0.00	0.00	3.23	86.64	89.12	0.00	43	0	43	0.00	0.00	66.43	7.82	0.00	0.00	2000
226	11.26	2038	2069	0.00	205	0	0	0	nan	0.00	0.00	3.56	83.96	88.74	0.00	43	0	43	0.00	0.00	64.88	7.47	0.00	0.00	2000
231	10.74	2124	2123	0.00	203	0	0	0	nan	0.00	0.02	4.41	85.85	89.26	0.00	43	0	43	0.00	0.00	67.71	7.97	0.00	0.00	2000
233	11.34	2047	2111	0.00	204	0	0	0	nan	0.01	0.00	3.66	85.52	88.66	0.00	43	0	43	0.00	0.00	67.46	7.68	0.00	0.00	2000
227	11.17	2038	2099	0.00	213	0	0	0	nan	0.00	0.01	3.69	85.31	88.83	0.00	43	0	43	0.00	0.00	66.90	7.68	0.00	0.00	2000
225	11.16	2042	2076	0.00	201	0	0	0	nan	0.00	0.00	3.17	84.74	88.84	0.00	43	0	43	0.00	0.00	64.99	7.62	0.00	0.00	2000
228	11.12	2027	2123	0.00	219	0	0	0	nan	0.00	0.00	2.57	87.46	88.88	0.00	43	0	43	0.00	0.00	67.75	7.86	0.00	0.00	2000
227	10.76	2123	2090	0.00	204	0	0	0	nan	0.00	0.00	3.84	85.08	89.24	0.00	43	0	43	0.00	0.00	65.99	7.68	0.00	0.00	2000
226	11.24	2034	2072	0.00	215	0	0	0	nan	0.00	0.00	3.46	84.26	88.76	0.00	43	0	43	0.00	0.00	65.08	7.53	0.00	0.00	2000
227	11.04	2057	2102	0.00	220	0	0	0	nan	0.00	0.02	3.10	86.08	88.96	0.00	43	0	43	0.00	0.00	66.53	7.70	0.00	0.00	2000
230	10.91	2082	2125	0.36	203	0	0	13	22.59	0.01	0.00	3.57	86.79	89.09	0.00	43	0	43	0.00	0.00	67.58	7.92	0.00	0.00	2000
229	11.22	2056	2085	0.77	208	0	0	19	9.60	0.00	0.02	4.00	84.23	88.78	0.00	42	0	43	0.00	0.00	64.55	7.44	0.00	0.00	2000
230	11.06	2087	2097	0.00	204	0	0	0	nan	0.00	0.02	4.68	84.20	88.94	0.00	42	0	43	0.00	0.00	64.90	7.44	0.00	0.00	2000
229	11.16	2037	2114	0.00	228	0	0	0	nan	0.00	0.00	4.28	85.23	88.84	0.00	41	0	43	0.00	0.00	66.11	7.94	0.00	0.00	2000
230	10.97	2081	2112	0.00	203	0	0	0	nan	0.00	0.02	3.34	86.28	89.03	0.00	42	0	43	0.00	0.00	65.82	7.67	0.00	0.00	2000
230	10.99	2088	2102	0.00	204	0	0	0	nan	0.00	0.00	4.13	85.10	89.01	0.00	42	0	43	0.00	0.00	64.97	7.46	0.00	0.00	2000
223	11.03	2048	2075	0.00	202	0	0	0	nan	0.00	0.02	3.62	84.43	88.97	0.00	42	0	43	0.00	0.00	64.50	7.42	0.00	0.00	2000
230	11.30	2032	2100	0.00	202	0	0	0	nan	0.00	0.02	2.65	86.19	88.70	0.00	42	0	43	0.00	0.00	64.85	7.65	0.00	0.00	2000
226	11.08	2023	2116	0.00	230	0	0	0	nan	0.00	0.00	3.21	86.47	88.92	0.00	42	0	43	0.00	0.00	66.25	7.84	0.00	0.00	2000
171	9.97	1739	2065	0.00	235	0	0	0	nan	0.00	0.02	13.71	74.95	90.03	0.00	39	0	43	0.00	0.00	62.69	7.43	0.00	0.00	2000
77	7.15	1063	2133	0.00	209	0	0	0	nan	0.00	0.00	4.64	89.66	92.85	0.00	38	0	43	0.00	0.00	62.31	7.55	0.00	0.00	2000
75	6.70	1116	2104	0.00	194	0	0	0	nan	0.00	0.02	2.60	90.92	93.30	0.00	38	0	43	0.00	0.00	59.32	7.47	0.00	0.00	2000
70	7.06	1012	2071	0.00	193	0	0	0	nan	0.00	0.00	3.16	88.61	92.94	0.00	38	0	43	0.00	0.00	57.63	7.21	0.00	0.00	2000
91	7.59	1189	2117	0.00	114	0	0	0	nan	0.00	0.06	3.63	89.58	92.41	0.00	38	0	43	0.00	0.00	60.73	7.46	0.00	0.00	2000
