Avg_MHz	Busy%	Bzy_MHz	TSC_MHz	IPC	IRQ	NMI	SMI	LLCMRPS	LLC%hit	POLL%	C1%	C1E%	C6%	CPU%c1	CPU%c6	CoreTmp	CoreThr	PkgTmp	Pkg%pc2	Pkg%pc6	PkgWatt	RAMWatt	PKG_%	RAM_%	UncMHz
301	16.03	1962	2008	0.00	238	0	0	0	nan	0.00	0.04	28.92	51.28	83.97	0.00	38	0	43	0.00	0.00	56.40	6.99	0.00	0.00	2000
445	19.83	2101	2241	0.00	268	0	0	0	nan	0.05	1.15	26.91	57.73	80.17	0.00	38	0	43	0.00	0.00	76.14	8.48	0.00	0.00	2000
80	6.70	1179	2136	0.00	196	0	0	0	nan	0.00	0.11	13.66	81.01	93.30	0.00	37	0	43	0.00	0.00	64.17	8.21	0.00	0.00	2000
75	6.69	1114	2110	0.00	193	0	0	0	nan	0.00	0.01	3.46	90.20	93.31	0.00	37	0	43	0.00	0.00	60.15	7.38	0.00	0.00	2000
74	6.73	1110	2090	0.00	194	0	0	0	nan	0.00	0.00	2.90	89.93	93.27	0.00	37	0	43	0.00	0.00	57.88	7.09	0.00	0.00	2000
74	6.81	1077	2109	0.00	193	0	0	0	nan	0.00	0.03	2.79	90.79	93.19	0.00	37	0	43	0.00	0.00	54.78	6.76	0.00	0.00	2000
74	6.71	1100	2096	0.00	194	0	0	0	nan	0.00	0.00	2.52	90.59	93.29	0.00	38	0	43	0.00	0.00	63.05	7.92	0.00	0.00	2000
72	6.83	1055	2099	0.00	194	0	0	0	nan	0.00	0.02	2.71	90.53	93.17	0.00	37	0	43	0.00	0.00	55.98	7.15	0.00	0.00	2000
73	6.76	1092	2075	0.00	193	0	0	0	nan	0.00	0.02	2.79	89.34	93.24	0.00	37	0	43	0.00	0.00	56.07	7.10	0.00	0.00	2000
73	6.62	1090	2125	0.00	193	0	0	0	nan	0.00	0.00	2.35	92.09	93.38	0.00	37	0	43	0.00	0.00	63.54	8.23	0.00	0.00	2000
74	6.72	1092	2105	0.00	210	0	0	0	nan	0.00	0.02	3.31	90.28	93.28	0.00	38	0	43	0.00	0.00	58.25	7.50	0.00	0.00	2000
72	6.60	1095	2101	0.00	195	0	0	0	nan	0.00	0.00	2.85	90.60	93.40	0.00	37	0	43	0.00	0.00	58.89	7.50	0.00	0.00	2000
74	6.73	1093	2101	0.00	195	0	0	0	nan	0.00	0.02	3.35	89.97	93.27	0.00	37	0	43	0.00	0.00	58.52	7.37	0.00	0.00	2000
72	6.56	1102	2100	0.00	193	0	0	0	nan	0.00	0.00	3.34	90.17	93.44	0.00	37	0	43	0.00	0.00	57.48	7.32	0.00	0.00	2000
72	6.68	1092	2068	0.00	194	0	0	0	nan	0.00	0.00	3.34	88.58	93.32	0.00	37	0	43	0.00	0.00	56.56	7.17	0.00	0.00	2000
73	6.78	1072	2100	0.00	194	0	0	1	85.79	0.00	0.01	2.80	90.42	93.22	0.00	37	0	43	0.00	0.00	58.69	7.40	0.00	0.00	2000
74	6.64	1100	2128	0.06	209	0	0	1	88.33	0.00	0.00	2.12	92.48	93.36	0.00	37	0	43	0.00	0.00	62.87	7.90	0.00	0.00	2000
74	6.53	1131	2091	0.00	180	0	0	0	nan	0.00	0.02	4.10	89.04	93.47	0.00	37	0	43	0.00	0.00	57.84	7.34	0.00	0.00	2000
150	8.38	1786	2110	0.00	224	0	0	0	nan	0.00	0.95	5.35	85.81	91.62	0.00	38	0	43	0.00	0.00	61.61	7.30	0.00	0.00	2000
224	10.78	2073	2103	0.00	201	0	0	0	nan	0.00	0.00	5.87	83.54	89.22	0.00	39	0	43	0.00	0.00	66.45	7.81	0.00	0.00	2000
223	10.86	2057	2095	0.00	199	0	0	0	nan	0.00	0.00	4.52	84.44	89.14	0.00	39	0	43	0.00	0.00	65.81	7.55	0.00	0.00	2000
225	11.22	2015	2093	0.00	184	0	0	0	nan	0.00	0.00	4.54	84.12	88.78	0.00	39	0	43	0.00	0.00	60.26	7.05	0.00	0.00	2000
227	10.84	2093	2105	0.00	204	0	0	0	nan	0.00	0.00	5.91	83.55	89.16	0.00	39	0	43	0.00	0.00	66.02	7.52	0.00	0.00	2000
218	11.23	2006	2037	0.00	200	0	0	0	nan	0.00	0.00	5.71	80.44	88.77	0.00	37	0	43	0.00	0.00	64.54	7.54	0.00	0.00	2000
235	10.52	2163	2173	0.00	214	0	0	0	nan	0.00	0.02	5.24	87.46	89.48	0.00	38	0	43	0.00	0.00	70.20	8.20	0.00	0.00	2000
226	11.09	2039	2096	0.00	198	0	0	0	nan	0.01	0.00	4.78	84.00	88.91	0.00	38	0	43	0.00	0.00	63.74	7.42	0.00	0.00	2000
227	10.85	2088	2101	0.00	197	0	0	0	nan	0.00	0.05	2.93	86.30	89.15	0.00	39	0	43	0.00	0.00	65.81	8.03	0.00	0.00	2000
223	10.83	2061	2101	0.00	204	0	0	0	nan	0.00	0.02	6.73	82.54	89.17	0.00	39	0	43	0.00	0.00	65.50	7.87	0.00	0.00	2000
221	11.16	1997	2085	0.00	201	0	0	0	nan	0.00	0.02	6.95	81.34	88.84	0.00	39	0	43	0.00	0.00	64.22	7.39	0.00	0.00	2000
221	10.85	2023	2114	0.00	198	0	0	0	nan	0.00	0.00	4.97	84.78	89.15	0.00	39	0	43	0.00	0.00	64.83	7.28	0.00	0.00	2000
220	10.96	2056	2049	0.00	198	0	0	0	nan	0.00	0.00	5.03	81.87	89.04	0.00	39	0	43	0.00	0.00	63.45	7.32	0.00	0.00	2000
223	10.65	2071	2125	0.00	200	0	0	0	nan	0.00	0.01	5.44	85.00	89.35	0.00	40	0	43	0.00	0.00	64.88	7.45	0.00	0.00	2000
223	10.94	2028	2107	0.00	196	0	0	4	87.43	0.00	0.02	3.07	86.35	89.06	0.00	40	0	43	0.00	0.00	64.68	7.50	0.00	0.00	2000
221	10.80	2076	2072	0.61	195	0	0	15	78.96	0.00	0.00	3.50	84.54	89.20	0.00	39	0	43	0.00	0.00	65.40	7.49	0.00	0.00	2000
218	10.85	2078	2027	0.00	195	0	0	0	nan	0.00	0.00	2.70	83.44	89.15	0.00	40	0	43	0.00	0.00	60.91	7.01	0.00	0.00	2000
226	10.40	2047	2230	0.00	209	0	0	0	nan	0.00	0.02	3.00	92.19	89.60	0.00	40	0	43	0.00	0.00	70.84	8.20	0.00	0.00	2000
222	11.02	2057	2056	0.00	196	0	0	0	nan	0.00	0.00	3.10	84.03	88.99	0.00	40	0	43	0.00	0.00	63.19	7.29	0.00	0.00	2000
225	10.98	2013	2142	0.00	210	0	0	0	nan	0.00	0.40	7.16	83.36	89.02	0.00	39	0	43	0.00	0.00	66.00	7.63	0.00	0.00	2000
222	10.57	2099	2105	0.00	215	0	0	0	nan	0.00	0.89	7.22	81.64	89.43	0.00	40	0	43	0.00	0.00	66.19	7.59	0.00	0.00	2000
224	10.74	2087	2099	0.00	199	0	0	0	nan	0.00	0.00	6.10	83.16	89.26	0.00	40	0	43	0.00	0.00	65.86	7.56	0.00	0.00	2000
223	11.03	2021	2098	0.00	202	0	0	0	nan	0.00	0.00	4.78	84.23	88.97	0.00	40	0	43	0.00	0.00	64.28	7.50	0.00	0.00	2000
225	10.98	2045	2104	0.00	202	0	0	0	nan	0.00	0.02	6.10	83.13	89.02	0.00	41	0	43	0.00	0.00	67.12	7.52	0.00	0.00	2000
224	10.69	2094	2098	0.00	199	0	0	0	nan	0.00	0.00	4.88	84.44	89.31	0.00	40	0	43	0.00	0.00	60.44	7.03	0.00	0.00	2000
213	11.65	2076	1852	0.00	182	0	0	0	nan	0.00	0.00	4.61	73.37	88.35	0.00	38	0	43	0.00	0.00	56.04	6.67	0.00	0.00	2000
239	10.48	2018	2377	0.00	232	0	0	0	nan	0.00	0.00	5.34	96.12	89.52	0.00	37	0	43	0.00	0.00	75.38	8.85	0.00	0.00	2000
232	11.28	2058	2101	0.00	198	0	0	0	nan	0.00	0.00	4.97	83.96	88.72	0.00	38	0	43	0.00	0.00	65.64	7.53	0.00	0.00	2000
232	11.06	2089	2110	0.00	198	0	0	0	nan	0.00	0.03	3.90	85.52	88.94	0.00	38	0	43	0.00	0.00	66.54	7.50	0.00	0.00	2000
228	11.41	2054	2039	0.00	194	0	0	0	nan	0.00	0.00	3.35	82.76	88.59	0.00	38	0	43	0.00	0.00	63.51	7.51	0.00	0.00	2000
229	11.28	2023	2103	0.00	199	0	0	0	nan	0.00	0.02	3.21	85.73	88.72	0.00	38	0	43	0.00	0.00	64.59	7.46	0.00	0.00	2000
221	10.96	1964	2156	0.00	195	0	0	2	70.88	0.00	0.00	4.19	87.46	89.04	0.00	39	0	43	0.00	0.00	66.72	7.80	0.00	0.00	2000
223	10.94	2060	2076	1.45	195	0	0	7	58.30	0.00	0.00	3.14	85.09	89.06	0.00	40	0	43	0.00	0.00	64.87	7.71	0.00	0.00	2000
227	11.62	2147	1907	0.00	225	0	0	0	nan	0.00	0.74	4.02	75.65	88.38	0.00	38	0	43	0.00	0.00	54.84	6.30	0.00	0.00	2000
218	10.04	1990	2296	0.00	287	0	0	0	nan	0.00	0.01	6.79	91.69	89.96	0.00	38	0	43	0.00	0.00	73.93	8.85	0.00	0.00	2000
114	8.32	1377	2095	0.00	229	0	0	0	nan	0.00	0.00	7.23	84.24	91.68	0.00	37	0	43	0.00	0.00	60.26	7.52	0.00	0.00	2000
77	7.19	1069	2095	0.00	209	0	0	0	nan	0.00	0.00	3.80	88.87	92.81	0.00	37	0	43	0.00	0.00	58.79	7.54	0.00	0.00	2000
74	6.82	1067	2127	0.00	193	0	0	0	nan	0.00	0.00	2.19	92.19	93.18	0.00	37	0	43	0.00	0.00	60.75	7.77	0.00	0.00	2000
137	9.46	1480	2048	0.00	48	0	0	0	nan	0.00	0.06	12.68	75.74	90.54	0.00	37	0	43	0.00	0.00	56.42	6.68	0.00	0.00	2000
