Avg_MHz	Busy%	Bzy_MHz	TSC_MHz	IPC	IRQ	NMI	SMI	LLCMRPS	LLC%hit	POLL%	C1%	C1E%	C6%	CPU%c1	CPU%c6	CoreTmp	CoreThr	PkgTmp	Pkg%pc2	Pkg%pc6	PkgWatt	RAMWatt	PKG_%	RAM_%	UncMHz
445	20.85	2111	2126	0.00	247	0	0	0	nan	0.01	1.01	39.54	39.85	79.15	0.00	38	0	43	0.00	0.00	65.49	7.76	0.00	0.00	2000
376	18.44	2036	2106	0.00	253	0	0	0	nan	0.00	2.03	24.62	55.43	81.56	0.00	37	0	42	0.00	0.00	66.28	7.73	0.00	0.00	2000
79	7.01	1114	2126	0.00	196	0	0	0	nan	0.00	0.04	5.00	89.23	92.99	0.00	37	0	42	0.00	0.00	59.45	7.53	0.00	0.00	2000
72	6.60	1102	2084	0.00	193	0	0	0	nan	0.01	0.00	3.33	89.42	93.40	0.00	37	0	43	0.00	0.00	58.08	7.06	0.00	0.00	2000
74	6.92	1056	2114	0.00	194	0	0	0	nan	0.00	0.02	2.42	91.22	93.08	0.00	37	0	42	0.00	0.00	60.05	7.90	0.00	0.00	2000
72	6.80	1070	2074	0.00	193	0	0	0	nan	0.00	0.00	2.19	89.88	93.20	0.00	37	0	43	0.00	0.00	57.00	7.34	0.00	0.00	2000
75	7.06	1049	2120	0.00	209	0	0	0	nan	0.00	0.01	2.37	91.59	92.94	0.00	37	0	43	0.00	0.00	57.14	7.38	0.00	0.00	2000
71	6.85	1039	2081	0.00	194	0	0	0	nan	0.00	0.00	3.21	89.17	93.15	0.00	37	0	42	0.00	0.00	56.48	7.18	0.00	0.00	2000
75	6.97	1056	2129	0.00	193	0	0	0	nan	0.00	0.02	2.82	91.60	93.03	0.00	37	0	43	0.00	0.00	57.88	7.36	0.00	0.00	2000
72	7.03	1022	2102	0.00	193	0	0	0	nan	0.00	0.00	2.51	90.64	92.97	0.00	37	0	42	0.00	0.00	61.47	7.41	0.00	0.00	2000
73	7.15	1027	2097	0.00	195	0	0	0	nan	0.00	0.00	3.39	89.46	92.85	0.00	37	0	43	0.00	0.00	58.09	7.63	0.00	0.00	2000
72	6.75	1073	2088	0.00	193	0	0	0	nan	0.00	0.02	2.64	90.16	93.25	0.00	37	0	42	0.00	0.00	56.25	7.29	0.00	0.00	2000
73	6.95	1046	2112	0.00	193	0	0	0	nan	0.00	0.00	4.08	89.57	93.05	0.00	37	0	43	0.00	0.00	58.32	7.49	0.00	0.00	2000
71	6.67	1083	2074	0.00	193	0	0	0	nan	0.00	0.01	3.37	88.92	93.33	0.00	37	0	42	0.00	0.00	57.86	7.38	0.00	0.00	2000
74	6.83	1065	2123	0.00	194	0	0	0	nan	0.00	0.00	3.54	90.62	93.17	0.00	37	0	43	0.00	0.00	58.03	7.38	0.00	0.00	2000
72	6.69	1078	2088	0.00	193	0	0	0	95.12	0.00	0.00	2.61	90.29	93.31	0.00	38	0	43	0.00	0.00	58.72	7.57	0.00	0.00	2000
73	7.32	992	2118	0.29	193	0	0	1	87.49	0.00	0.00	3.48	90.27	92.68	0.00	37	0	43	0.00	0.00	59.67	7.57	0.00	0.00	2000
72	6.89	1056	2090	0.04	193	0	0	0	nan	0.00	0.00	2.61	90.20	93.11	0.00	37	0	43	0.00	0.00	56.19	7.28	0.00	0.00	2000
213	11.07	1976	2044	0.00	206	0	0	0	nan	0.00	1.39	6.07	79.34	88.93	0.00	38	0	43	0.00	0.00	60.97	7.06	0.00	0.00	2000
229	10.77	2075	2150	0.00	220	0	0	0	nan	0.00	0.00	5.85	85.72	89.23	0.00	38	0	43	0.00	0.00	68.33	7.60	0.00	0.00	2000
231	11.36	2032	2101	0.00	198	0	0	0	nan	0.00	0.00	7.23	81.60	88.64	0.00	39	0	42	0.00	0.00	64.89	7.31	0.00	0.00	2000
232	10.85	2134	2104	0.00	199	0	0	0	nan	0.00	0.52	6.32	82.60	89.15	0.00	39	0	42	0.00	0.00	67.01	7.64	0.00	0.00	2000
236	11.19	2101	2109	0.00	208	0	0	0	nan	0.00	0.00	9.92	79.30	88.81	0.00	38	0	43	0.00	0.00	63.02	7.94	0.00	0.00	2000
226	10.95	2078	2082	0.00	191	0	0	0	nan	0.00	0.55	6.55	81.31	89.05	0.00	38	0	42	0.00	0.00	67.98	7.90	0.00	0.00	2000
223	11.02	2028	2093	0.00	200	0	0	0	nan	0.00	0.02	7.54	81.23	88.98	0.00	38	0	42	0.00	0.00	61.91	7.30	0.00	0.00	2000
232	11.63	2023	2069	0.00	198	0	0	0	nan	0.00	0.05	5.02	82.19	88.37	0.00	38	0	42	0.00	0.00	63.86	7.85	0.00	0.00	2000
233	11.18	2026	2157	0.00	214	0	0	0	nan	0.00	0.00	5.87	85.58	88.82	0.00	39	0	42	0.00	0.00	67.83	7.95	0.00	0.00	2000
228	11.13	2056	2089	0.00	200	0	0	0	nan	0.00	0.00	4.11	84.43	88.87	0.00	39	0	42	0.00	0.00	65.23	7.57	0.00	0.00	2000
234	11.41	2042	2112	0.00	199	0	0	0	nan	0.00	0.00	4.39	84.81	88.59	0.00	39	0	42	0.00	0.00	63.69	7.32	0.00	0.00	2000
228	11.13	2064	2080	0.00	204	0	0	0	nan	0.00	0.00	3.98	84.24	88.87	0.00	39	0	42	0.00	0.00	66.58	7.51	0.00	0.00	2000
231	11.26	2074	2076	0.00	199	0	0	0	nan	0.00	0.00	4.45	83.31	88.74	0.00	39	0	43	0.00	0.00	64.03	7.49	0.00	0.00	2000
232	10.56	2158	2140	0.00	200	0	0	0	nan	0.00	0.03	2.62	88.52	89.44	0.00	39	0	42	0.00	0.00	69.23	7.47	0.00	0.00	2000
234	11.41	2090	2064	0.00	217	0	0	1	92.31	0.00	0.02	5.69	81.52	88.59	0.00	39	0	43	0.00	0.00	61.98	7.38	0.00	0.00	2000
233	11.23	2043	2132	0.56	201	0	0	21	60.89	0.00	0.06	7.34	82.93	88.77	0.00	39	0	42	0.00	0.00	66.21	7.73	0.00	0.00	2000
228	11.65	1984	2073	0.03	204	0	0	0	nan	0.00	0.00	5.72	81.72	88.35	0.00	39	0	42	0.00	0.00	62.05	7.23	0.00	0.00	2000
218	10.36	2097	2111	0.00	216	0	0	0	nan	0.00	0.90	4.00	85.34	89.64	0.00	38	0	43	0.00	0.00	65.67	7.60	0.00	0.00	2000
236	11.16	2089	2125	0.00	196	0	0	0	nan	0.00	0.00	6.75	83.23	88.84	0.00	39	0	43	0.00	0.00	67.72	7.89	0.00	0.00	2000
226	10.82	2084	2107	0.00	198	0	0	0	nan	0.00	0.01	5.25	84.31	89.18	0.00	39	0	42	0.00	0.00	63.13	7.54	0.00	0.00	2000
227	11.02	2061	2096	0.00	199	0	0	0	nan	0.00	0.03	7.42	81.41	88.98	0.00	39	0	42	0.00	0.00	64.74	7.74	0.00	0.00	2000
223	11.02	2024	2103	0.00	198	0	0	0	nan	0.00	0.00	7.08	82.20	88.98	0.00	40	0	43	0.00	0.00	65.32	7.94	0.00	0.00	2000
223	10.91	2048	2100	0.00	197	0	0	0	nan	0.00	0.00	4.99	84.26	89.09	0.00	40	0	43	0.00	0.00	63.74	7.69	0.00	0.00	2000
224	10.69	2097	2097	0.00	198	0	0	0	nan	0.00	0.01	5.62	83.62	89.31	0.00	40	0	43	0.00	0.00	64.98	7.91	0.00	0.00	2000
224	10.83	2065	2102	0.00	199	0	0	0	nan	0.00	0.01	6.15	83.15	89.17	0.00	40	0	42	0.00	0.00	64.77	7.69	0.00	0.00	2000
227	11.04	2056	2101	0.00	200	0	0	0	nan	0.00	0.00	6.70	82.43	88.96	0.00	40	0	42	0.00	0.00	66.45	7.98	0.00	0.00	2000
223	10.62	2107	2095	0.00	201	0	0	0	nan	0.00	0.00	5.73	83.47	89.38	0.00	40	0	42	0.00	0.00	61.55	7.25	0.00	0.00	2000
222	11.10	2017	2085	0.00	196	0	0	0	nan	0.00	0.00	5.74	82.68	88.90	0.00	40	0	42	0.00	0.00	64.37	7.88	0.00	0.00	2000
223	10.85	2039	2118	0.00	198	0	0	0	nan	0.00	0.00	4.74	85.32	89.15	0.00	40	0	42	0.00	0.00	61.54	7.60	0.00	0.00	2000
223	11.08	2011	2099	0.00	195	0	0	0	nan	0.00	2.16	2.94	84.01	88.92	0.00	40	0	42	0.00	0.00	67.70	7.70	0.00	0.00	2000
225	10.97	2045	2103	0.00	216	0	0	0	nan	0.00	0.02	3.66	85.62	89.03	0.00	40	0	42	0.00	0.00	65.30	7.89	0.00	0.00	2000
221	10.90	2110	2017	0.00	196	0	0	0	70.90	0.00	0.00	6.40	79.23	89.10	0.00	40	0	43	0.00	0.00	62.42	7.38	0.00	0.00	2000
227	10.83	2009	2190	0.85	196	0	0	4	58.22	0.00	0.01	7.69	85.42	89.17	0.00	40	0	42	0.00	0.00	65.39	7.87	0.00	0.00	2000
224	10.95	2051	2096	0.02	198	0	0	0	nan	0.00	0.00	5.11	83.93	89.05	0.00	40	0	42	0.00	0.00	65.23	7.84	0.00	0.00	2000
220	10.90	2072	2047	0.00	195	0	0	0	nan	0.00	0.00	5.68	81.22	89.10	0.00	40	0	42	0.00	0.00	63.82	8.32	0.00	0.00	2000
224	10.86	2029	2136	0.00	202	0	0	0	nan	0.00	0.00	6.79	83.99	89.14	0.00	40	0	42	0.00	0.00	65.80	8.97	0.00	0.00	2000
221	10.87	2055	2075	0.00	197	0	0	0	nan	0.00	0.00	7.42	80.71	89.13	0.00	40	0	43	0.00	0.00	66.13	8.98	0.00	0.00	2000
222	10.68	2068	2110	0.00	198	0	0	0	nan	0.00	0.01	6.87	82.93	89.32	0.00	40	0	42	0.00	0.00	65.96	8.79	0.00	0.00	2000
221	10.87	2016	2121	0.00	198	0	0	0	nan	0.00	0.00	6.28	83.87	89.13	0.00	40	0	42	0.00	0.00	65.75	8.96	0.00	0.00	2000
221	10.80	2052	2093	0.00	197	0	0	0	nan	0.00	0.00	5.18	83.77	89.20	0.00	40	0	43	0.00	0.00	65.89	8.63	0.00	0.00	2000
224	11.10	2042	2079	0.00	198	0	0	0	nan	0.00	0.00	6.67	81.44	88.90	0.00	40	0	43	0.00	0.00	65.89	8.73	0.00	0.00	2000
222	10.02	2198	2120	0.00	198	0	0	0	nan	0.00	2.08	6.98	81.89	89.98	0.00	40	0	43	0.00	0.00	67.39	8.87	0.00	0.00	2000
222	10.90	2056	2078	0.00	198	0	0	0	nan	0.00	0.00	6.95	81.27	89.10	0.00	40	0	42	0.00	0.00	65.78	8.89	0.00	0.00	2000
223	10.66	2080	2107	0.00	197	0	0	0	nan	0.00	0.04	3.13	86.54	89.34	0.00	40	0	43	0.00	0.00	66.28	8.85	0.00	0.00	2000
223	10.46	2111	2123	0.00	199	0	0	0	nan	0.00	0.03	3.41	87.10	89.54	0.00	40	0	43	0.00	0.00	65.88	8.74	0.00	0.00	2000
223	11.17	2041	2054	0.00	197	0	0	0	nan	0.00	0.00	7.29	79.70	88.83	0.00	40	0	43	0.00	0.00	66.04	8.78	0.00	0.00	2000
223	10.57	2084	2128	0.00	204	0	0	0	nan	0.00	0.01	6.47	84.21	89.43	0.00	40	0	42	0.00	0.00	65.69	8.96	0.00	0.00	2000
221	10.62	2096	2088	0.00	195	0	0	0	nan	0.00	0.02	7.85	81.05	89.38	0.00	40	0	42	0.00	0.00	65.90	8.97	0.00	0.00	2000
221	10.76	2044	2115	0.00	198	0	0	0	nan	0.00	0.00	5.98	84.01	89.24	0.00	40	0	42	0.00	0.00	65.88	8.84	0.00	0.00	2000
221	10.78	2075	2072	1.13	198	0	0	39	21.70	0.00	0.00	5.25	82.89	89.22	0.00	40	0	43	0.00	0.00	65.73	8.79	0.00	0.00	2000
227	10.62	2101	2137	0.40	199	0	0	0	nan	0.00	0.00	5.17	85.77	89.38	0.00	40	0	43	0.00	0.00	66.40	9.00	0.00	0.00	2000
231	11.29	2048	2102	0.00	203	0	0	0	nan	0.00	0.00	5.98	82.90	88.71	0.00	40	0	43	0.00	0.00	66.12	8.66	0.00	0.00	2000
223	11.03	2014	2107	0.00	197	0	0	0	nan	0.00	0.00	7.33	82.06	88.97	0.00	40	0	43	0.00	0.00	66.30	8.79	0.00	0.00	2000
221	10.93	2064	2053	0.00	197	0	0	0	nan	0.00	0.00	6.09	81.09	89.07	0.00	40	0	43	0.00	0.00	65.91	8.75	0.00	0.00	2000
220	10.24	2081	2165	0.00	199	0	0	0	nan	0.00	0.00	5.93	86.67	89.76	0.00	40	0	43	0.00	0.00	67.70	9.01	0.00	0.00	2000
367	17.52	2213	1986	0.00	198	0	0	0	nan	0.02	0.95	2.46	74.74	82.48	0.00	38	0	43	0.00	0.00	60.64	7.10	0.00	0.00	2000
379	16.97	2188	2141	0.00	236	0	0	0	nan	0.00	1.03	3.07	80.81	83.03	0.00	38	0	43	0.00	0.00	67.39	7.63	0.00	0.00	2000
382	17.65	2167	2097	0.00	220	0	0	0	nan	0.00	0.00	6.91	75.50	82.35	0.00	38	0	42	0.00	0.00	64.52	7.49	0.00	0.00	2000
376	17.63	2195	2037	0.00	214	0	0	0	nan	0.00	0.00	4.76	75.24	82.37	0.00	38	0	43	0.00	0.00	61.62	7.17	0.00	0.00	2000
385	17.00	2196	2166	0.00	237	0	0	0	nan	0.00	0.02	5.17	80.63	83.00	0.00	38	0	42	0.00	0.00	68.41	7.83	0.00	0.00	2000
378	17.44	2161	2104	0.00	215	0	0	0	nan	0.00	0.00	5.44	77.50	82.56	0.00	38	0	42	0.00	0.00	64.71	7.49	0.00	0.00	2000
376	17.41	2183	2079	0.00	215	0	0	0	nan	0.00	0.02	5.09	76.84	82.59	0.00	38	0	42	0.00	0.00	61.85	7.15	0.00	0.00	2000
385	17.54	2174	2119	0.00	222	0	0	0	nan	0.00	0.00	5.58	77.84	82.46	0.00	38	0	43	0.00	0.00	65.70	7.60	0.00	0.00	2000
377	17.26	2199	2086	0.00	211	0	0	0	nan	0.00	0.00	5.03	77.35	82.74	0.00	38	0	43	0.00	0.00	64.89	7.48	0.00	0.00	2000
379	17.20	2185	2118	0.00	218	0	0	0	nan	0.00	0.00	6.35	77.26	82.80	0.00	38	0	42	0.00	0.00	67.79	7.79	0.00	0.00	2000
380	17.25	2225	2081	0.11	215	0	0	24	99.11	0.00	0.06	3.82	78.33	82.75	0.00	38	0	42	0.00	0.00	61.90	7.15	0.00	0.00	2000
379	17.72	2167	2074	0.07	220	0	0	0	86.03	0.00	0.02	4.68	76.78	82.28	0.00	38	0	42	0.00	0.00	63.27	7.23	0.00	0.00	2000
376	17.02	2182	2126	0.00	232	0	0	0	nan	0.00	0.00	4.82	79.38	82.98	0.00	38	0	43	0.00	0.00	66.45	7.59	0.00	0.00	2000
379	17.76	2165	2068	0.00	215	0	0	0	nan	0.00	0.01	5.55	75.62	82.24	0.00	38	0	42	0.00	0.00	64.73	7.40	0.00	0.00	2000
375	16.95	2187	2123	0.00	235	0	0	0	nan	0.00	0.00	6.19	77.97	83.05	0.00	38	0	42	0.00	0.00	62.14	6.88	0.00	0.00	2000
381	17.58	2181	2087	0.00	214	0	0	0	nan	0.00	0.00	4.87	77.11	82.42	0.00	38	0	43	0.00	0.00	65.47	7.56	0.00	0.00	2000
381	17.20	2184	2131	0.00	233	0	0	0	nan	0.00	0.00	5.38	78.85	82.80	0.00	38	0	43	0.00	0.00	64.83	7.37	0.00	0.00	2000
375	17.33	2161	2102	0.00	218	0	0	0	nan	0.00	0.00	7.06	75.87	82.67	0.00	38	0	43	0.00	0.00	66.18	7.77	0.00	0.00	2000
381	17.24	2215	2098	0.00	216	0	0	0	nan	0.00	0.00	4.98	77.78	82.76	0.00	38	0	43	0.00	0.00	63.56	7.31	0.00	0.00	2000
379	17.07	2221	2098	0.00	215	0	0	0	nan	0.00	0.00	6.14	76.80	82.93	0.00	38	0	43	0.00	0.00	64.93	7.46	0.00	0.00	2000
379	17.12	2212	2104	0.00	218	0	0	0	nan	0.00	0.00	5.51	77.67	82.88	0.00	38	0	43	0.00	0.00	65.49	7.43	0.00	0.00	2000
380	17.56	2192	2072	0.00	215	0	0	0	nan	0.00	0.00	4.49	77.00	82.44	0.00	38	0	43	0.00	0.00	65.61	7.41	0.00	0.00	2000
381	16.81	2234	2133	0.00	231	0	0	0	nan	0.00	1.02	3.53	80.17	83.19	0.00	38	0	42	0.00	0.00	64.89	7.53	0.00	0.00	2000
377	17.01	2213	2106	0.00	220	0	0	0	nan	0.00	0.05	5.47	77.91	82.99	0.00	38	0	42	0.00	0.00	64.60	7.38	0.00	0.00	2000
321	14.60	2166	2135	0.00	231	0	0	0	nan	0.00	0.00	5.60	81.34	85.40	0.00	38	0	42	0.00	0.00	70.02	7.96	0.00	0.00	2000
209	11.19	2012	1953	0.04	219	0	0	16	68.36	0.00	0.00	4.15	78.53	88.81	0.00	38	0	43	0.00	0.00	55.33	6.49	0.00	0.00	2000
212	10.16	1892	2320	0.48	288	0	0	18	86.61	0.00	0.19	11.01	88.33	89.84	0.00	38	0	42	0.00	0.00	72.84	8.67	0.00	0.00	2000
80	6.79	1179	2112	0.00	197	0	0	0	nan	0.00	0.01	5.36	88.43	93.21	0.00	38	0	43	0.00	0.00	59.38	7.41	0.00	0.00	2000
73	6.91	1054	2096	0.00	195	0	0	0	nan	0.00	0.00	3.46	89.52	93.09	0.00	37	0	43	0.00	0.00	58.51	7.57	0.00	0.00	2000
74	6.91	1063	2103	0.00	193	0	0	0	nan	0.00	0.00	2.99	90.38	93.09	0.00	38	0	43	0.00	0.00	58.57	7.55	0.00	0.00	2000
96	7.47	1272	2119	0.00	98	0	0	0	nan	0.00	0.02	5.47	87.98	92.53	0.00	37	0	43	0.00	0.00	63.72	7.92	0.00	0.00	2000
