Avg_MHz	Busy%	Bzy_MHz	TSC_MHz	IPC	IRQ	NMI	SMI	LLCMRPS	LLC%hit	POLL%	C1%	C1E%	C6%	CPU%c1	CPU%c6	CoreTmp	CoreThr	PkgTmp	Pkg%pc2	Pkg%pc6	PkgWatt	RAMWatt	PKG_%	RAM_%	UncMHz
321	16.26	1901	2182	0.00	245	0	0	0	nan	0.01	0.06	33.39	53.55	83.74	0.00	38	0	43	0.00	0.00	63.08	7.38	0.00	0.00	2000
471	21.51	2208	2082	0.00	228	0	0	0	nan	0.05	1.09	19.50	57.50	78.49	0.00	38	0	43	0.00	0.00	64.68	7.57	0.00	0.00	2000
90	7.65	1162	2130	0.00	231	0	0	0	nan	0.00	0.00	16.85	77.03	92.35	0.00	37	0	43	0.00	0.00	65.42	7.58	0.00	0.00	2000
73	6.79	1079	2104	0.00	177	0	0	0	nan	0.00	0.02	3.31	90.19	93.21	0.00	37	0	43	0.00	0.00	60.51	7.55	0.00	0.00	2000
73	6.50	1135	2085	0.00	194	0	0	0	nan	0.00	0.01	2.56	90.32	93.50	0.00	37	0	43	0.00	0.00	57.65	7.38	0.00	0.00	2000
71	7.02	1010	2092	0.00	193	0	0	0	nan	0.00	0.01	2.40	90.38	92.98	0.00	37	0	43	0.00	0.00	57.05	7.33	0.00	0.00	2000
75	7.03	1061	2124	0.00	209	0	0	0	nan	0.00	0.00	3.90	90.08	92.97	0.00	37	0	43	0.00	0.00	60.48	7.36	0.00	0.00	2000
72	6.81	1060	2084	0.00	194	0	0	0	nan	0.00	0.02	4.41	88.23	93.19	0.00	37	0	43	0.00	0.00	56.81	7.37	0.00	0.00	2000
73	6.98	1033	2116	0.00	193	0	0	0	nan	0.00	0.00	4.27	89.54	93.02	0.00	37	0	43	0.00	0.00	60.47	7.47	0.00	0.00	2000
71	6.65	1080	2086	0.00	193	0	0	0	nan	0.00	0.01	3.40	89.37	93.35	0.00	37	0	43	0.00	0.00	56.50	7.08	0.00	0.00	2000
74	6.52	1132	2114	0.00	193	0	0	0	nan	0.00	0.00	3.94	90.10	93.48	0.00	37	0	43	0.00	0.00	60.96	7.53	0.00	0.00	2000
73	7.03	1042	2086	0.00	194	0	0	0	nan	0.00	0.03	3.89	88.62	92.97	0.00	37	0	43	0.00	0.00	57.18	7.07	0.00	0.00	2000
72	6.70	1076	2086	0.00	193	0	0	0	nan	0.00	0.00	4.03	88.74	93.30	0.00	37	0	43	0.00	0.00	57.14	7.29	0.00	0.00	2000
74	7.03	1040	2123	0.00	196	0	0	0	nan	0.00	0.01	3.66	90.40	92.97	0.00	37	0	43	0.00	0.00	64.33	7.76	0.00	0.00	2000
72	7.01	1037	2078	0.00	194	0	0	0	nan	0.00	0.00	2.54	89.55	92.99	0.00	37	0	43	0.00	0.00	56.30	7.37	0.00	0.00	2000
70	6.93	1018	2099	0.00	210	0	0	1	86.95	0.00	0.00	3.02	90.08	93.07	0.00	37	0	43	0.00	0.00	57.52	7.19	0.00	0.00	2000
74	6.97	1041	2127	0.29	194	0	0	2	85.72	0.00	0.00	4.07	90.24	93.03	0.00	37	0	43	0.00	0.00	62.80	7.61	0.00	0.00	2000
70	6.89	1036	2074	0.00	193	0	0	0	nan	0.00	0.00	2.59	89.40	93.11	0.00	37	0	43	0.00	0.00	54.98	7.21	0.00	0.00	2000
141	8.93	1558	2126	0.00	213	0	0	0	nan	0.03	0.00	4.09	88.25	91.07	0.00	39	0	43	0.00	0.00	63.37	7.62	0.00	0.00	2000
229	11.40	2006	2106	0.00	201	0	0	0	nan	0.00	0.01	5.68	83.37	88.60	0.00	40	0	43	0.00	0.00	65.44	7.43	0.00	0.00	2000
226	11.15	2041	2082	0.00	203	0	0	0	nan	0.00	0.00	2.66	85.62	88.85	0.00	41	0	43	0.00	0.00	63.28	7.33	0.00	0.00	2000
233	11.20	2068	2113	0.00	242	0	0	0	nan	0.00	0.02	3.68	85.75	88.80	0.00	41	0	43	0.00	0.00	64.81	7.38	0.00	0.00	2000
236	11.34	2083	2097	0.00	178	0	0	0	nan	0.01	0.00	5.93	82.79	88.66	0.00	39	0	43	0.00	0.00	64.27	7.54	0.00	0.00	2000
225	11.09	2027	2102	0.00	200	0	0	0	nan	0.00	0.03	7.06	82.06	88.91	0.00	38	0	43	0.00	0.00	65.86	8.13	0.00	0.00	2000
212	11.25	2094	1889	0.00	214	0	0	0	nan	0.00	0.00	4.83	75.06	88.75	0.00	37	0	43	0.00	0.00	50.95	6.18	0.00	0.00	2000
244	10.69	2020	2373	0.00	247	0	0	0	nan	0.04	0.02	9.43	91.52	89.31	0.00	37	0	43	0.00	0.00	83.09	9.89	0.00	0.00	2000
232	11.12	2090	2099	0.00	182	0	0	0	nan	0.00	0.02	5.96	82.96	88.88	0.00	37	0	43	0.00	0.00	64.95	7.82	0.00	0.00	2000
229	10.88	2121	2088	0.00	199	0	0	0	nan	0.00	0.56	4.03	84.19	89.12	0.00	37	0	43	0.00	0.00	65.15	7.40	0.00	0.00	2000
231	11.00	2089	2113	0.00	198	0	0	0	nan	0.00	0.04	4.44	85.12	89.00	0.00	37	0	43	0.00	0.00	64.92	7.62	0.00	0.00	2000
229	11.20	2096	2048	0.00	199	0	0	0	nan	0.00	0.00	6.43	80.24	88.80	0.00	38	0	43	0.00	0.00	61.11	6.69	0.00	0.00	2000
234	10.77	2145	2131	0.00	214	0	0	0	nan	0.01	0.98	7.03	82.61	89.23	0.00	38	0	43	0.00	0.00	67.79	8.06	0.00	0.00	2000
231	11.02	2082	2113	0.00	181	0	0	0	nan	0.02	1.42	8.28	79.88	88.98	0.00	38	0	43	0.00	0.00	65.51	7.22	0.00	0.00	2000
231	11.29	2056	2090	0.00	211	0	0	10	76.10	0.00	0.00	9.50	78.92	88.71	0.00	38	0	43	0.00	0.00	64.52	7.49	0.00	0.00	2000
248	11.66	2106	2120	0.66	184	0	0	11	89.76	0.00	0.00	8.22	80.97	88.34	0.00	38	0	43	0.00	0.00	63.79	7.28	0.00	0.00	2000
231	11.26	2091	2060	0.00	198	0	0	0	nan	0.00	0.00	7.98	79.07	88.74	0.00	38	0	43	0.00	0.00	66.05	7.68	0.00	0.00	2000
235	11.32	2038	2140	0.00	213	0	0	0	nan	0.00	0.00	8.41	82.09	88.68	0.00	38	0	43	0.00	0.00	66.20	7.62	0.00	0.00	2000
228	10.76	2123	2099	0.00	202	0	0	0	nan	0.00	0.02	6.55	82.71	89.24	0.00	39	0	43	0.00	0.00	61.93	7.31	0.00	0.00	2000
230	11.23	2044	2108	0.00	196	0	0	0	nan	0.00	1.00	4.46	83.89	88.77	0.00	39	0	43	0.00	0.00	64.98	7.50	0.00	0.00	2000
247	12.39	2230	1877	0.00	226	0	0	0	nan	0.00	0.01	5.75	72.69	87.61	0.00	39	0	43	0.00	0.00	56.06	6.36	0.00	0.00	2000
220	10.54	1869	2343	0.00	281	0	0	0	nan	0.00	0.00	15.76	84.09	89.46	0.00	37	0	43	0.00	0.00	77.79	9.28	0.00	0.00	2000
82	7.58	1069	2135	0.00	195	0	0	0	nan	0.00	0.01	3.68	90.42	92.42	0.00	37	0	43	0.00	0.00	57.75	7.43	0.00	0.00	2000
73	6.73	1081	2101	0.00	193	0	0	0	nan	0.00	0.02	3.06	90.39	93.27	0.00	37	0	43	0.00	0.00	58.20	7.41	0.00	0.00	2000
73	6.59	1115	2091	0.00	194	0	0	0	nan	0.00	0.00	2.84	90.18	93.41	0.00	37	0	43	0.00	0.00	57.39	7.35	0.00	0.00	2000
79	7.18	1098	2098	0.00	161	0	0	0	nan	0.00	0.02	4.31	88.56	92.82	0.00	37	0	43	0.00	0.00	58.54	7.34	0.00	0.00	2000
