Avg_MHz	Busy%	Bzy_MHz	TSC_MHz	IPC	IRQ	NMI	SMI	LLCMRPS	LLC%hit	POLL%	C1%	C1E%	C6%	CPU%c1	CPU%c6	CoreTmp	CoreThr	PkgTmp	Pkg%pc2	Pkg%pc6	PkgWatt	RAMWatt	PKG_%	RAM_%	UncMHz
336	17.29	1902	2146	0.00	271	0	0	0	nan	0.00	0.10	37.20	47.32	82.71	0.00	37	0	43	0.00	0.00	68.96	8.41	0.00	0.00	2000
436	19.72	2186	2122	0.00	218	0	0	0	nan	0.02	1.18	21.19	58.96	80.28	0.00	38	0	43	0.00	0.00	67.79	7.67	0.00	0.00	2000
79	7.00	1115	2113	0.00	193	0	0	0	nan	0.00	0.01	8.99	84.55	93.00	0.00	38	0	43	0.00	0.00	57.19	7.39	0.00	0.00	2000
74	6.57	1132	2100	0.00	193	0	0	0	nan	0.00	0.00	2.80	90.65	93.43	0.00	37	0	43	0.00	0.00	59.32	7.67	0.00	0.00	2000
73	6.73	1085	2106	0.00	193	0	0	0	nan	0.00	0.00	3.23	90.42	93.27	0.00	37	0	43	0.00	0.00	56.81	7.38	0.00	0.00	2000
74	6.62	1125	2094	0.00	195	0	0	0	nan	0.00	0.03	2.59	90.51	93.38	0.00	37	0	43	0.00	0.00	58.40	7.64	0.00	0.00	2000
108	7.73	1398	2107	0.00	215	0	0	0	nan	0.00	0.00	4.20	88.31	92.27	0.00	37	0	43	0.00	0.00	58.08	7.14	0.00	0.00	2000
71	6.61	1084	2090	0.00	194	0	0	0	nan	0.00	0.01	3.61	89.23	93.39	0.00	37	0	43	0.00	0.00	60.29	7.59	0.00	0.00	2000
73	6.34	1152	2092	0.00	193	0	0	0	nan	0.00	0.00	3.05	90.12	93.66	0.00	37	0	43	0.00	0.00	58.26	7.31	0.00	0.00	2000
71	6.43	1114	2092	0.00	195	0	0	0	nan	0.00	0.00	3.05	90.17	93.57	0.00	37	0	43	0.00	0.00	57.00	7.44	0.00	0.00	2000
75	7.08	1041	2133	0.00	194	0	0	0	nan	0.00	0.00	1.90	92.58	92.92	0.00	37	0	43	0.00	0.00	58.68	7.51	0.00	0.00	2000
72	6.66	1086	2094	0.00	194	0	0	0	nan	0.00	0.00	3.43	89.72	93.34	0.00	37	0	43	0.00	0.00	59.25	7.48	0.00	0.00	2000
73	6.78	1088	2076	0.00	194	0	0	0	nan	0.00	0.01	2.58	89.52	93.22	0.00	37	0	43	0.00	0.00	57.18	7.36	0.00	0.00	2000
72	6.78	1047	2128	0.00	210	0	0	0	nan	0.00	0.00	4.20	90.35	93.22	0.00	37	0	43	0.00	0.00	57.29	7.27	0.00	0.00	2000
73	6.79	1077	2097	0.00	193	0	0	0	nan	0.00	0.02	3.66	89.54	93.21	0.00	37	0	43	0.00	0.00	59.92	7.66	0.00	0.00	2000
72	6.75	1061	2102	0.00	194	0	0	1	88.98	0.00	0.00	3.26	90.22	93.25	0.00	37	0	42	0.00	0.00	58.89	7.43	0.00	0.00	2000
73	6.61	1107	2099	0.29	193	0	0	1	88.67	0.00	0.00	3.33	90.08	93.39	0.00	37	0	43	0.00	0.00	57.76	7.35	0.00	0.00	2000
70	6.72	1055	2069	0.00	193	0	0	0	nan	0.00	0.01	2.99	88.98	93.28	0.00	37	0	43	0.00	0.00	56.35	7.29	0.00	0.00	2000
158	9.11	1719	2124	0.00	216	0	0	0	nan	0.00	0.10	4.99	86.95	90.89	0.00	38	0	43	0.00	0.00	63.68	7.78	0.00	0.00	2000
232	10.99	2101	2111	0.00	206	0	0	0	nan	0.00	0.00	5.28	84.26	89.01	0.00	40	0	43	0.00	0.00	64.17	7.36	0.00	0.00	2000
226	11.04	2070	2073	0.00	203	0	0	0	nan	0.00	0.00	2.65	85.25	88.96	0.00	41	0	43	0.00	0.00	64.65	7.46	0.00	0.00	2000
232	10.96	2108	2110	0.00	213	0	0	0	nan	0.00	0.00	3.85	85.76	89.04	0.00	41	0	43	0.00	0.00	63.45	7.27	0.00	0.00	2000
239	11.04	2150	2111	0.00	199	0	0	0	nan	0.00	0.00	5.32	84.15	88.96	0.00	39	0	43	0.00	0.00	65.36	7.70	0.00	0.00	2000
226	11.04	2044	2102	0.00	196	0	0	0	nan	0.02	1.46	8.25	79.44	88.96	0.00	38	0	43	0.00	0.00	65.33	8.14	0.00	0.00	2000
221	10.73	2063	2102	0.00	196	0	0	0	nan	0.00	0.04	6.50	82.94	89.27	0.00	39	0	43	0.00	0.00	65.14	7.85	0.00	0.00	2000
227	11.44	2032	2051	0.00	198	0	0	0	nan	0.00	0.00	4.32	82.22	88.56	0.00	38	0	43	0.00	0.00	64.67	7.90	0.00	0.00	2000
237	10.73	2158	2147	0.00	219	0	0	0	nan	0.00	0.00	8.08	83.25	89.27	0.00	38	0	43	0.00	0.00	67.35	7.96	0.00	0.00	2000
227	11.03	2089	2070	0.00	201	0	0	0	nan	0.00	0.00	6.63	81.10	88.97	0.00	38	0	43	0.00	0.00	64.01	7.51	0.00	0.00	2000
232	11.04	2079	2121	0.00	196	0	0	0	nan	0.00	0.00	5.39	84.53	88.96	0.00	39	0	43	0.00	0.00	64.65	7.44	0.00	0.00	2000
234	11.24	2069	2107	0.00	200	0	0	0	nan	0.00	0.03	4.38	84.71	88.76	0.00	39	0	43	0.00	0.00	65.15	7.49	0.00	0.00	2000
229	10.78	2133	2093	0.00	198	0	0	0	nan	0.00	0.00	4.56	84.42	89.22	0.00	39	0	42	0.00	0.00	64.75	7.62	0.00	0.00	2000
228	10.98	2100	2080	0.00	202	0	0	0	nan	0.00	0.02	5.93	82.31	89.02	0.00	39	0	43	0.00	0.00	64.12	7.29	0.00	0.00	2000
234	10.88	2120	2132	0.00	198	0	0	4	79.19	0.00	0.03	3.04	87.36	89.12	0.00	39	0	43	0.00	0.00	65.76	7.54	0.00	0.00	2000
229	11.07	2084	2086	0.67	197	0	0	15	87.29	0.00	0.00	5.22	83.22	88.93	0.00	39	0	43	0.00	0.00	64.83	7.43	0.00	0.00	2000
226	11.03	2063	2087	0.01	197	0	0	0	nan	0.00	0.00	5.99	82.51	88.97	0.00	39	0	43	0.00	0.00	64.34	7.35	0.00	0.00	2000
236	10.99	2122	2125	0.00	203	0	0	0	nan	0.00	0.00	6.35	83.72	89.01	0.00	40	0	43	0.00	0.00	66.03	7.50	0.00	0.00	2000
233	11.28	2076	2092	0.00	213	0	0	0	nan	0.00	0.00	8.79	79.65	88.72	0.00	40	0	42	0.00	0.00	65.01	7.49	0.00	0.00	2000
232	11.01	2112	2098	0.00	198	0	0	0	nan	0.00	0.00	7.22	81.79	88.99	0.00	39	0	43	0.00	0.00	65.51	7.64	0.00	0.00	2000
227	11.04	2059	2100	0.00	197	0	0	0	nan	0.00	0.00	8.20	80.86	88.96	0.00	39	0	43	0.00	0.00	65.29	7.46	0.00	0.00	2000
230	10.92	2104	2099	0.00	197	0	0	0	nan	0.00	0.00	6.23	82.81	89.08	0.00	39	0	43	0.00	0.00	65.48	7.51	0.00	0.00	2000
235	11.10	2106	2107	0.00	199	0	0	0	nan	0.00	0.00	6.30	82.99	88.90	0.00	39	0	43	0.00	0.00	64.77	7.32	0.00	0.00	2000
230	10.82	2119	2102	0.00	198	0	0	0	nan	0.00	0.03	4.91	84.36	89.18	0.00	40	0	43	0.00	0.00	65.81	7.53	0.00	0.00	2000
233	11.02	2113	2098	0.00	195	0	0	0	nan	0.00	0.00	4.02	84.86	88.98	0.00	39	0	43	0.00	0.00	64.50	7.53	0.00	0.00	2000
231	11.02	2098	2099	0.00	195	0	0	0	nan	0.00	0.00	4.00	84.98	88.98	0.00	39	0	43	0.00	0.00	65.04	7.42	0.00	0.00	2000
230	10.93	2112	2096	0.00	195	0	0	0	nan	0.00	0.02	4.01	84.91	89.07	0.00	39	0	43	0.00	0.00	64.89	7.43	0.00	0.00	2000
227	10.93	2078	2103	0.00	194	0	0	0	nan	0.00	0.00	3.88	85.43	89.07	0.00	39	0	43	0.00	0.00	65.08	7.52	0.00	0.00	2000
240	11.49	2081	2105	0.00	199	0	0	0	nan	0.00	0.00	4.61	84.17	88.51	0.00	40	0	43	0.00	0.00	65.07	7.41	0.00	0.00	2000
225	11.09	2033	2093	0.00	213	0	0	0	nan	0.00	0.00	3.83	84.90	88.91	0.00	39	0	43	0.00	0.00	62.07	7.26	0.00	0.00	2000
223	11.03	2019	2100	0.00	211	0	0	0	nan	0.00	0.00	3.24	85.80	88.97	0.00	39	0	43	0.00	0.00	67.64	7.88	0.00	0.00	2000
229	11.19	2038	2109	0.00	194	0	0	3	53.01	0.00	0.00	4.39	84.84	88.81	0.00	39	0	43	0.00	0.00	65.38	7.95	0.00	0.00	2000
226	11.49	2043	2026	1.64	195	0	0	29	34.73	0.00	0.00	3.88	81.58	88.51	0.00	40	0	43	0.00	0.00	63.28	7.97	0.00	0.00	2000
229	10.67	2083	2166	0.00	259	0	0	0	nan	0.00	0.00	3.17	89.08	89.33	0.00	39	0	43	0.00	0.00	67.43	8.37	0.00	0.00	2000
222	10.86	2044	2104	0.00	196	0	0	0	nan	0.00	0.02	3.34	86.01	89.14	0.00	39	0	43	0.00	0.00	64.19	7.54	0.00	0.00	2000
220	10.84	2028	2103	0.00	194	0	0	0	nan	0.00	0.00	3.35	86.05	89.16	0.00	39	0	43	0.00	0.00	66.20	7.65	0.00	0.00	2000
222	10.76	2066	2098	0.00	196	0	0	0	nan	0.00	0.00	3.12	86.13	89.24	0.00	39	0	43	0.00	0.00	62.25	7.21	0.00	0.00	2000
219	10.59	2070	2100	0.00	178	0	0	0	nan	0.00	0.03	3.06	86.41	89.41	0.00	40	0	43	0.00	0.00	65.67	7.81	0.00	0.00	2000
219	10.71	2047	2100	0.00	195	0	0	0	nan	0.00	0.02	2.51	86.84	89.29	0.00	40	0	43	0.00	0.00	64.69	7.56	0.00	0.00	2000
220	10.68	2053	2104	0.00	194	0	0	0	nan	0.00	0.00	2.65	86.89	89.32	0.00	40	0	43	0.00	0.00	64.22	7.47	0.00	0.00	2000
220	10.69	2062	2097	0.00	194	0	0	0	nan	0.00	0.00	2.78	86.49	89.31	0.00	40	0	43	0.00	0.00	62.61	7.38	0.00	0.00	2000
216	10.93	2120	1955	0.00	195	0	0	0	nan	0.00	0.00	2.79	80.12	89.07	0.00	40	0	43	0.00	0.00	61.31	7.16	0.00	0.00	2000
226	10.20	2065	2258	0.00	195	0	0	0	nan	0.00	0.01	2.94	93.70	89.80	0.00	40	0	43	0.00	0.00	69.52	8.24	0.00	0.00	2000
221	10.56	2094	2097	0.00	194	0	0	0	nan	0.00	0.02	2.98	86.37	89.44	0.00	40	0	43	0.00	0.00	65.30	7.19	0.00	0.00	2000
216	10.89	2095	1986	0.00	194	0	0	0	nan	0.00	0.00	3.00	81.26	89.11	0.00	40	0	43	0.00	0.00	59.07	7.19	0.00	0.00	2000
225	10.47	2027	2224	0.00	194	0	0	0	nan	0.00	0.00	2.44	92.46	89.53	0.00	40	0	43	0.00	0.00	68.79	8.09	0.00	0.00	2000
221	10.67	2071	2100	0.00	196	0	0	0	nan	0.00	0.00	4.01	85.34	89.33	0.00	40	0	43	0.00	0.00	66.02	7.35	0.00	0.00	2000
218	10.97	2136	1951	0.00	196	0	0	0	nan	0.00	0.00	2.99	79.64	89.03	0.00	40	0	43	0.00	0.00	59.29	7.07	0.00	0.00	2000
227	10.16	2077	2254	0.00	196	0	0	5	51.27	0.00	0.00	2.94	93.58	89.84	0.00	39	0	43	0.00	0.00	68.57	8.01	0.00	0.00	2000
222	11.11	2031	2070	0.53	195	0	0	14	36.56	0.00	0.00	3.40	84.33	88.89	0.00	39	0	43	0.00	0.00	64.38	7.92	0.00	0.00	2000
197	9.73	2024	2096	0.00	197	0	0	0	nan	0.00	0.05	4.99	85.09	90.27	0.00	38	0	43	0.00	0.00	62.90	7.55	0.00	0.00	2000
77	6.88	1112	2127	0.00	196	0	0	0	nan	0.00	0.02	4.01	90.26	93.12	0.00	37	0	43	0.00	0.00	60.69	7.94	0.00	0.00	2000
149	9.02	1674	2067	0.00	198	0	0	0	nan	0.00	0.02	3.38	86.21	90.98	0.00	37	0	43	0.00	0.00	56.41	7.07	0.00	0.00	2000
226	10.46	2130	2134	0.00	211	0	0	0	nan	0.00	0.00	5.34	85.65	89.54	0.00	39	0	43	0.00	0.00	68.25	7.78	0.00	0.00	2000
231	10.95	2108	2098	0.00	200	0	0	0	nan	0.00	0.00	5.03	83.96	89.05	0.00	39	0	43	0.00	0.00	64.80	7.44	0.00	0.00	2000
173	9.48	1836	2091	0.00	200	0	0	0	nan	0.00	0.00	5.50	84.80	90.52	0.00	38	0	43	0.00	0.00	61.86	7.48	0.00	0.00	2000
76	6.70	1124	2111	0.00	194	0	0	0	nan	0.00	0.02	3.34	90.39	93.30	0.00	38	0	43	0.00	0.00	58.58	7.48	0.00	0.00	2000
153	8.80	1734	2106	0.00	202	0	0	0	nan	0.00	0.00	4.91	86.57	91.20	0.00	38	0	43	0.00	0.00	62.31	7.54	0.00	0.00	2000
232	11.00	2127	2087	0.00	195	0	0	0	nan	0.00	0.02	4.19	84.28	89.00	0.00	39	0	43	0.00	0.00	64.15	7.35	0.00	0.00	2000
231	10.91	2116	2099	0.00	201	0	0	0	nan	0.00	0.03	5.41	83.67	89.09	0.00	39	0	43	0.00	0.00	65.26	7.66	0.00	0.00	2000
228	11.05	2057	2106	0.00	194	0	0	0	nan	0.00	0.00	4.68	84.60	88.95	0.00	39	0	43	0.00	0.00	64.25	7.43	0.00	0.00	2000
227	10.93	2082	2094	0.00	194	0	0	0	nan	0.00	0.00	4.38	84.52	89.07	0.00	39	0	43	0.00	0.00	65.18	7.56	0.00	0.00	2000
235	11.49	2032	2109	0.00	195	0	0	0	nan	0.00	0.00	5.45	83.54	88.51	0.00	39	0	43	0.00	0.00	64.84	7.43	0.00	0.00	2000
227	10.67	2129	2103	0.00	195	0	0	0	nan	0.00	0.00	4.92	84.58	89.33	0.00	39	0	43	0.00	0.00	66.87	7.26	0.00	0.00	2000
311	14.27	2185	2095	0.00	200	0	0	0	nan	0.00	1.35	7.15	77.12	85.73	0.00	39	0	43	0.00	0.00	65.18	8.15	0.00	0.00	2000
135	8.86	1536	2083	0.00	228	0	0	2	85.57	0.00	0.00	10.93	79.53	91.14	0.00	38	0	43	0.00	0.00	60.01	7.55	0.00	0.00	2000
78	7.23	1079	2088	0.31	193	0	0	4	92.62	0.00	0.00	3.54	88.69	92.77	0.00	38	0	43	0.00	0.00	56.30	7.23	0.00	0.00	2000
96	7.72	1216	2157	0.00	147	0	0	0	nan	0.00	0.00	6.28	88.50	92.28	0.00	38	0	43	0.00	0.00	62.70	7.97	0.00	0.00	2000
