Avg_MHz	Busy%	Bzy_MHz	TSC_MHz	IPC	IRQ	NMI	SMI	LLCMRPS	LLC%hit	POLL%	C1%	C1E%	C6%	CPU%c1	CPU%c6	CoreTmp	CoreThr	PkgTmp	Pkg%pc2	Pkg%pc6	PkgWatt	RAMWatt	PKG_%	RAM_%	UncMHz
294	15.85	1815	2143	0.00	256	0	0	0	nan	0.00	0.00	34.17	51.61	84.15	0.00	38	0	43	0.00	0.00	62.75	7.85	0.00	0.00	2000
450	20.26	2249	2075	0.00	202	0	0	0	nan	0.01	1.63	18.32	59.13	79.74	0.00	37	0	43	0.00	0.00	63.86	7.18	0.00	0.00	2000
102	7.28	1380	2135	0.00	235	0	0	0	nan	0.00	0.04	15.46	78.69	92.72	0.00	37	0	43	0.00	0.00	64.56	7.85	0.00	0.00	2000
73	6.69	1099	2087	0.00	194	0	0	0	nan	0.00	0.00	3.32	89.47	93.31	0.00	37	0	43	0.00	0.00	58.49	7.50	0.00	0.00	2000
74	6.63	1106	2114	0.00	194	0	0	0	nan	0.00	0.02	2.44	91.59	93.37	0.00	38	0	43	0.00	0.00	58.36	7.53	0.00	0.00	2000
73	6.52	1115	2093	0.00	194	0	0	0	nan	0.00	0.00	2.73	90.35	93.48	0.00	37	0	43	0.00	0.00	58.33	7.57	0.00	0.00	2000
75	6.76	1099	2117	0.00	197	0	0	0	nan	0.00	0.02	3.40	90.59	93.24	0.00	37	0	43	0.00	0.00	58.17	7.62	0.00	0.00	2000
74	6.05	1236	2092	0.00	195	0	0	0	nan	0.00	0.02	2.92	90.60	93.95	0.00	37	0	43	0.00	0.00	60.29	7.54	0.00	0.00	2000
73	6.57	1123	2083	0.00	193	0	0	0	nan	0.00	0.00	2.45	90.21	93.43	0.00	37	0	43	0.00	0.00	57.42	7.37	0.00	0.00	2000
74	6.61	1102	2120	0.00	193	0	0	0	nan	0.00	0.00	2.51	91.69	93.39	0.00	37	0	43	0.00	0.00	58.29	7.39	0.00	0.00	2000
73	6.44	1143	2095	0.00	194	0	0	0	nan	0.00	0.00	3.37	89.94	93.56	0.00	37	0	43	0.00	0.00	58.82	7.60	0.00	0.00	2000
71	6.66	1076	2090	0.00	194	0	0	0	nan	0.00	0.02	2.61	90.45	93.34	0.00	37	0	43	0.00	0.00	58.08	7.54	0.00	0.00	2000
74	6.66	1099	2124	0.00	194	0	0	0	nan	0.00	0.02	2.65	91.72	93.34	0.00	37	0	43	0.00	0.00	58.70	7.43	0.00	0.00	2000
73	6.36	1151	2090	0.00	194	0	0	0	nan	0.00	0.00	2.66	90.43	93.64	0.00	37	0	43	0.00	0.00	60.04	7.65	0.00	0.00	2000
73	6.85	1077	2092	0.00	194	0	0	0	nan	0.00	0.02	2.73	90.07	93.15	0.00	37	0	43	0.00	0.00	57.96	7.57	0.00	0.00	2000
72	6.84	1057	2097	0.00	193	0	0	1	91.09	0.00	0.00	2.77	90.29	93.16	0.00	37	0	43	0.00	0.00	58.69	7.45	0.00	0.00	2000
73	6.52	1120	2110	0.30	194	0	0	2	88.53	0.00	0.03	2.87	90.97	93.48	0.00	37	0	43	0.00	0.00	58.77	7.35	0.00	0.00	2000
72	6.63	1091	2087	0.03	193	0	0	0	nan	0.00	0.01	2.63	90.24	93.37	0.00	37	0	43	0.00	0.00	58.50	7.54	0.00	0.00	2000
125	8.09	1554	2091	0.00	215	0	0	0	nan	0.00	0.02	3.87	87.63	91.91	0.00	38	0	43	0.00	0.00	59.59	7.39	0.00	0.00	2000
234	11.10	2073	2132	0.00	234	0	0	0	nan	0.00	0.00	4.59	85.77	88.90	0.00	40	0	43	0.00	0.00	64.69	7.59	0.00	0.00	2000
229	11.15	2056	2101	0.00	203	0	0	0	nan	0.00	0.02	3.88	85.09	88.85	0.00	41	0	43	0.00	0.00	64.54	7.48	0.00	0.00	2000
230	10.74	2154	2092	0.00	201	0	0	0	nan	0.00	0.00	3.91	85.04	89.26	0.00	41	0	43	0.00	0.00	64.82	7.40	0.00	0.00	2000
242	11.46	2108	2101	0.00	202	0	0	0	nan	0.00	0.00	5.62	83.10	88.54	0.00	40	0	43	0.00	0.00	65.02	7.49	0.00	0.00	2000
233	11.26	2064	2102	0.00	196	0	0	0	nan	0.02	0.91	8.76	79.26	88.74	0.00	38	0	43	0.00	0.00	66.64	8.23	0.00	0.00	2000
227	12.20	2135	1829	0.00	185	0	0	0	nan	0.00	0.00	5.94	70.59	87.80	0.00	38	0	43	0.00	0.00	52.21	6.23	0.00	0.00	2000
244	10.72	1958	2441	0.00	259	0	0	0	nan	0.00	0.00	7.91	96.03	89.28	0.00	39	0	43	0.00	0.00	81.68	9.72	0.00	0.00	2000
235	11.21	2090	2104	0.00	188	0	0	0	nan	0.00	0.00	8.36	80.56	88.79	0.00	39	0	43	0.00	0.00	66.91	7.93	0.00	0.00	2000
231	11.06	2084	2102	0.00	197	0	0	0	nan	0.00	0.00	8.44	80.71	88.94	0.00	39	0	43	0.00	0.00	63.42	7.27	0.00	0.00	2000
229	11.17	2070	2083	0.00	194	0	0	0	nan	0.00	0.00	6.06	82.12	88.83	0.00	39	0	43	0.00	0.00	64.17	7.40	0.00	0.00	2000
229	11.28	2081	2052	0.00	195	0	0	0	nan	0.00	0.02	5.25	81.47	88.72	0.00	39	0	43	0.00	0.00	62.06	7.26	0.00	0.00	2000
236	11.32	2041	2145	0.00	211	0	0	0	nan	0.06	0.00	7.87	82.82	88.68	0.00	40	0	43	0.00	0.00	67.56	7.66	0.00	0.00	2000
232	11.17	2063	2113	0.00	185	0	0	0	nan	0.00	0.00	7.66	81.79	88.83	0.00	40	0	43	0.00	0.00	66.49	7.73	0.00	0.00	2000
232	10.98	2118	2092	0.00	198	0	0	7	92.83	0.00	0.03	5.15	83.59	89.02	0.00	40	0	43	0.00	0.00	65.46	7.66	0.00	0.00	2000
229	11.01	2143	2042	0.75	196	0	0	9	87.77	0.04	0.54	2.38	83.68	88.99	0.00	40	0	43	0.00	0.00	57.69	6.67	0.00	0.00	2000
235	10.85	2098	2167	0.00	216	0	0	0	nan	0.00	0.04	3.76	88.32	89.15	0.00	40	0	43	0.00	0.00	70.44	8.27	0.00	0.00	2000
222	11.21	2053	2030	0.00	186	0	0	0	nan	0.00	0.39	8.02	77.53	88.79	0.00	38	0	43	0.00	0.00	60.63	7.16	0.00	0.00	2000
238	10.66	2149	2179	0.00	232	0	0	0	nan	0.00	0.00	7.00	85.70	89.34	0.00	37	0	43	0.00	0.00	73.19	8.80	0.00	0.00	2000
227	11.02	2079	2082	0.00	197	0	0	0	nan	0.01	0.01	4.63	83.63	88.98	0.00	38	0	43	0.00	0.00	62.64	7.32	0.00	0.00	2000
233	11.00	2099	2116	0.00	200	0	0	0	nan	0.00	0.00	3.81	85.91	89.00	0.00	38	0	43	0.00	0.00	68.79	7.90	0.00	0.00	2000
232	10.76	2156	2097	0.00	198	0	0	0	nan	0.01	0.00	4.44	84.60	89.24	0.00	39	0	43	0.00	0.00	62.11	7.03	0.00	0.00	2000
237	10.66	2205	2117	0.00	201	0	0	0	nan	0.00	0.03	4.79	85.20	89.35	0.00	39	0	43	0.00	0.00	70.31	8.09	0.00	0.00	2000
226	10.78	2131	2066	0.00	197	0	0	0	nan	0.00	0.00	4.70	83.10	89.22	0.00	39	0	43	0.00	0.00	61.60	7.12	0.00	0.00	2000
229	11.05	2059	2118	0.00	195	0	0	0	nan	0.00	0.00	5.10	84.64	88.95	0.00	39	0	43	0.00	0.00	66.28	7.72	0.00	0.00	2000
232	10.95	2104	2118	0.00	198	0	0	0	nan	0.00	0.53	2.92	86.42	89.05	0.00	39	0	43	0.00	0.00	64.02	7.39	0.00	0.00	2000
231	10.93	2109	2100	0.00	196	0	0	0	nan	0.00	0.00	4.63	84.52	89.07	0.00	40	0	43	0.00	0.00	64.95	7.36	0.00	0.00	2000
232	11.23	2062	2106	0.00	197	0	0	0	nan	0.00	0.00	5.57	83.51	88.77	0.00	40	0	43	0.00	0.00	66.38	7.58	0.00	0.00	2000
230	11.57	1998	2093	0.00	202	0	0	0	nan	0.00	0.02	4.89	83.42	88.43	0.00	40	0	43	0.00	0.00	65.10	7.58	0.00	0.00	2000
228	11.26	2029	2099	0.00	201	0	0	0	nan	0.00	0.00	6.72	82.03	88.74	0.00	40	0	43	0.00	0.00	65.20	7.36	0.00	0.00	2000
227	10.88	2123	2067	0.00	196	0	0	0	nan	0.00	0.00	5.91	81.72	89.12	0.00	39	0	43	0.00	0.00	64.34	7.37	0.00	0.00	2000
231	11.10	2078	2104	0.00	197	0	0	6	67.61	0.00	0.01	4.12	84.90	88.91	0.00	40	0	43	0.00	0.00	65.52	7.50	0.00	0.00	2000
238	11.14	2109	2130	0.30	195	0	0	32	88.83	0.00	0.03	4.98	85.24	88.86	0.00	40	0	43	0.00	0.00	68.98	7.87	0.00	0.00	2000
230	11.21	2059	2089	0.00	200	0	0	0	nan	0.00	0.00	4.94	83.55	88.79	0.00	40	0	43	0.00	0.00	64.02	7.30	0.00	0.00	2000
235	11.09	2099	2116	0.00	197	0	0	0	nan	0.00	0.00	5.01	84.57	88.91	0.00	40	0	43	0.00	0.00	65.25	7.68	0.00	0.00	2000
224	11.71	2217	1815	0.00	199	0	0	0	nan	0.00	0.00	4.60	71.82	88.29	0.00	39	0	43	0.00	0.00	54.37	6.23	0.00	0.00	2000
239	10.16	2039	2426	0.00	234	0	0	0	nan	0.01	1.06	4.41	98.47	89.84	0.00	38	0	43	0.00	0.00	81.47	9.51	0.00	0.00	2000
234	11.17	2092	2106	0.00	202	0	0	0	nan	0.01	0.00	7.42	81.67	88.83	0.00	37	0	43	0.00	0.00	64.99	7.67	0.00	0.00	2000
233	11.41	2079	2065	0.00	198	0	0	0	nan	0.03	0.03	7.10	80.08	88.59	0.00	38	0	43	0.00	0.00	58.82	6.98	0.00	0.00	2000
231	10.87	2088	2137	0.00	197	0	0	0	nan	0.00	2.16	5.08	83.64	89.13	0.00	38	0	43	0.00	0.00	71.32	8.34	0.00	0.00	2000
232	11.16	2077	2098	0.00	197	0	0	0	nan	0.00	0.04	3.69	85.05	88.84	0.00	38	0	43	0.00	0.00	61.21	7.01	0.00	0.00	2000
231	10.99	2104	2103	0.00	200	0	0	0	nan	0.00	0.00	6.50	82.70	89.01	0.00	38	0	43	0.00	0.00	65.93	7.59	0.00	0.00	2000
235	11.40	2067	2096	0.00	197	0	0	0	nan	0.00	0.00	6.27	82.28	88.61	0.00	38	0	43	0.00	0.00	65.00	7.50	0.00	0.00	2000
231	11.14	2071	2104	0.00	196	0	0	0	nan	0.00	0.37	7.60	81.12	88.86	0.00	38	0	43	0.00	0.00	65.17	7.65	0.00	0.00	2000
243	12.13	2013	2093	0.00	196	0	0	0	nan	0.00	0.00	7.62	80.09	87.87	0.00	38	0	43	0.00	0.00	64.70	7.44	0.00	0.00	2000
232	11.13	2079	2101	0.00	196	0	0	0	nan	0.00	0.00	5.66	83.31	88.87	0.00	38	0	43	0.00	0.00	65.25	7.52	0.00	0.00	2000
232	10.94	2117	2106	0.00	196	0	0	0	nan	0.01	0.00	4.37	84.95	89.06	0.00	38	0	43	0.00	0.00	65.55	7.52	0.00	0.00	2000
234	11.07	2118	2098	0.00	198	0	0	0	nan	0.00	0.00	5.21	83.65	88.93	0.00	38	0	43	0.00	0.00	65.00	7.59	0.00	0.00	2000
233	11.28	2070	2094	0.00	203	0	0	6	82.94	0.00	0.00	5.36	83.15	88.72	0.00	38	0	43	0.00	0.00	64.71	7.39	0.00	0.00	2000
233	11.14	2082	2106	0.75	200	0	0	15	83.21	0.00	0.00	7.43	81.72	88.86	0.00	38	0	43	0.00	0.00	66.18	7.74	0.00	0.00	2000
235	11.25	2093	2094	0.00	196	0	0	0	nan	0.00	0.01	6.30	82.29	88.75	0.00	38	0	43	0.00	0.00	62.96	7.36	0.00	0.00	2000
232	11.18	2064	2108	0.00	198	0	0	0	nan	0.00	0.00	6.14	83.15	88.82	0.00	38	0	43	0.00	0.00	65.13	7.66	0.00	0.00	2000
232	11.09	2123	2069	0.00	181	0	0	0	nan	0.00	0.00	6.32	81.38	88.91	0.00	38	0	43	0.00	0.00	61.30	7.06	0.00	0.00	2000
551	24.19	2467	1940	0.00	222	0	0	0	nan	0.00	0.47	5.12	64.60	75.81	0.00	38	0	43	0.00	0.00	65.27	7.51	0.00	0.00	2000
688	27.50	2500	2101	0.00	251	0	0	0	nan	0.00	0.00	3.44	69.20	72.50	0.00	39	0	43	0.00	0.00	74.37	8.32	0.00	0.00	2000
689	27.55	2500	2101	0.00	260	0	0	0	nan	0.00	0.00	4.46	68.14	72.45	0.00	39	0	43	0.00	0.00	74.66	8.48	0.00	0.00	2000
687	27.47	2500	2101	0.00	232	0	0	0	nan	0.00	0.00	3.43	69.25	72.53	0.00	40	0	43	0.00	0.00	74.25	8.32	0.00	0.00	2000
689	27.59	2500	2099	0.00	253	1	0	0	nan	0.00	0.01	3.94	68.55	72.41	0.00	40	0	43	0.00	0.00	74.58	8.41	0.00	0.00	2000
687	27.49	2500	2101	0.00	244	0	0	0	nan	0.00	0.00	3.78	68.88	72.51	0.00	40	0	43	0.00	0.00	74.48	8.24	0.00	0.00	2000
687	27.47	2500	2100	0.00	250	0	0	0	nan	0.00	0.01	3.33	69.32	72.53	0.00	40	0	43	0.00	0.00	74.58	8.39	0.00	0.00	2000
688	27.55	2500	2097	0.00	243	0	0	0	nan	0.00	0.00	3.37	69.11	72.45	0.00	40	0	43	0.00	0.00	74.43	8.40	0.00	0.00	2000
688	27.50	2500	2101	0.00	251	0	0	0	nan	0.01	0.00	4.01	68.65	72.50	0.00	40	0	43	0.00	0.00	74.48	8.36	0.00	0.00	2000
690	27.58	2500	2100	0.00	245	0	0	0	nan	0.00	0.00	3.37	69.19	72.42	0.00	40	0	43	0.00	0.00	74.63	8.39	0.00	0.00	2000
687	27.51	2500	2098	0.00	249	0	0	19	71.11	0.00	0.01	3.58	68.95	72.49	0.00	41	0	43	0.00	0.00	75.03	8.27	0.00	0.00	2000
691	27.62	2500	2102	0.55	261	0	0	39	72.06	0.00	0.00	4.06	68.53	72.38	0.00	40	0	43	0.00	0.00	74.64	8.22	0.00	0.00	2000
686	27.45	2500	2100	0.00	234	0	0	0	nan	0.00	0.00	3.37	69.31	72.55	0.00	40	0	43	0.00	0.00	74.56	8.40	0.00	0.00	2000
692	27.61	2500	2107	0.00	267	0	0	0	nan	0.00	0.00	3.99	68.75	72.39	0.00	41	0	43	0.00	0.00	74.40	8.31	0.00	0.00	2000
481	20.03	2417	2085	0.00	260	0	0	0	nan	0.00	0.01	7.46	72.04	79.97	0.00	39	0	43	0.00	0.00	68.51	7.58	0.00	0.00	2000
228	10.23	2017	2317	0.00	261	0	0	0	nan	0.00	0.00	6.89	92.20	89.77	0.00	41	0	43	0.00	0.00	75.90	8.98	0.00	0.00	2000
229	11.04	2084	2091	0.00	212	0	0	0	nan	0.00	0.00	3.25	85.32	88.96	0.00	41	0	43	0.00	0.00	64.80	7.56	0.00	0.00	2000
231	10.73	2147	2102	0.00	203	0	0	0	nan	0.00	0.00	3.18	86.13	89.27	0.00	41	0	43	0.00	0.00	65.18	7.65	0.00	0.00	2000
227	10.82	2106	2091	0.00	203	0	0	0	nan	0.00	0.00	3.01	85.75	89.18	0.00	41	0	43	0.00	0.00	64.41	7.51	0.00	0.00	2000
235	10.97	2110	2136	0.00	203	0	0	0	nan	0.00	0.03	3.19	87.50	89.03	0.00	41	0	43	0.00	0.00	66.21	7.62	0.00	0.00	2000
228	10.92	2088	2100	0.00	203	0	0	0	nan	0.00	0.00	3.45	85.66	89.08	0.00	42	0	43	0.00	0.00	65.14	7.61	0.00	0.00	2000
228	10.76	2141	2078	0.00	203	0	0	0	nan	0.01	0.00	3.21	85.16	89.24	0.00	42	0	43	0.00	0.00	62.87	7.29	0.00	0.00	2000
228	10.68	2126	2103	0.00	215	0	0	0	nan	0.00	0.00	2.89	86.64	89.32	0.00	42	0	43	0.00	0.00	65.40	7.51	0.00	0.00	2000
227	10.77	2117	2086	0.00	202	0	0	0	nan	0.00	0.00	2.69	85.96	89.23	0.00	42	0	43	0.00	0.00	64.47	7.34	0.00	0.00	2000
227	11.02	2058	2105	0.00	204	0	0	0	nan	0.00	0.00	2.62	86.61	88.98	0.00	42	0	43	0.00	0.00	64.61	7.40	0.00	0.00	2000
239	11.09	2144	2114	0.00	235	0	0	0	nan	0.00	0.00	6.08	83.46	88.91	0.00	42	0	43	0.00	0.00	64.31	7.46	0.00	0.00	2000
228	11.02	2091	2080	0.00	187	0	0	1	85.43	0.00	0.00	3.24	84.98	88.98	0.00	41	0	43	0.00	0.00	64.61	7.32	0.00	0.00	2000
232	11.00	2088	2120	0.62	227	0	0	2	86.73	0.00	0.03	3.54	86.36	89.00	0.00	42	0	43	0.00	0.00	64.85	7.45	0.00	0.00	2000
228	10.74	2126	2094	0.00	189	0	0	0	nan	0.00	0.02	3.67	85.36	89.26	0.00	42	0	43	0.00	0.00	65.42	7.44	0.00	0.00	2000
229	10.65	2165	2089	0.00	202	0	0	0	nan	0.00	0.00	3.37	85.49	89.35	0.00	41	0	43	0.00	0.00	65.18	7.46	0.00	0.00	2000
233	10.75	2145	2121	0.00	204	0	0	0	nan	0.01	0.01	2.86	87.27	89.25	0.00	40	0	43	0.00	0.00	66.91	7.86	0.00	0.00	2000
232	10.87	2140	2097	0.00	201	0	0	0	nan	0.00	0.02	3.87	85.15	89.13	0.00	41	0	43	0.00	0.00	65.72	7.49	0.00	0.00	2000
228	10.74	2132	2092	0.00	212	0	0	0	nan	0.00	0.02	2.94	86.02	89.26	0.00	41	0	43	0.00	0.00	64.03	7.55	0.00	0.00	2000
230	10.73	2156	2090	0.00	204	0	0	0	nan	0.00	0.01	3.85	85.03	89.27	0.00	42	0	43	0.00	0.00	64.48	7.52	0.00	0.00	2000
231	11.30	2033	2115	0.00	203	0	0	0	nan	0.00	0.02	4.41	85.06	88.70	0.00	41	0	43	0.00	0.00	65.80	7.72	0.00	0.00	2000
229	10.70	2151	2092	0.00	207	0	0	0	nan	0.00	0.00	3.59	85.34	89.30	0.00	42	0	43	0.00	0.00	64.35	7.30	0.00	0.00	2000
230	10.50	2176	2112	0.00	205	0	0	0	nan	0.00	0.02	3.21	86.73	89.50	0.00	42	0	43	0.00	0.00	65.24	7.65	0.00	0.00	2000
199	10.35	1914	2106	0.00	206	0	0	0	nan	0.00	0.33	5.71	84.02	89.65	0.00	40	0	43	0.00	0.00	64.47	7.58	0.00	0.00	2000
75	7.01	1081	2069	0.00	195	0	0	0	nan	0.00	0.02	9.24	82.45	92.99	0.00	38	0	43	0.00	0.00	56.15	7.02	0.00	0.00	2000
188	10.24	1815	2125	0.00	216	0	0	0	nan	0.00	0.00	9.70	81.13	89.76	0.00	38	0	43	0.00	0.00	63.64	7.55	0.00	0.00	2000
230	11.05	2088	2090	0.00	182	0	0	0	nan	0.00	0.02	7.39	81.17	88.95	0.00	38	0	43	0.00	0.00	65.04	7.54	0.00	0.00	2000
231	11.25	2041	2111	0.00	206	0	0	0	nan	0.00	0.00	8.28	81.02	88.75	0.00	38	0	43	0.00	0.00	64.71	7.51	0.00	0.00	2000
141	8.33	1689	2098	0.00	206	0	0	0	nan	0.01	0.00	10.05	81.47	91.67	0.00	37	0	43	0.00	0.00	62.30	7.55	0.00	0.00	2000
77	7.03	1090	2106	0.00	211	0	0	0	nan	0.00	0.00	6.69	86.56	92.97	0.00	37	0	43	0.00	0.00	57.30	7.40	0.00	0.00	2000
199	10.56	1893	2091	1.00	186	0	0	8	75.56	0.00	0.02	8.66	80.53	89.44	0.00	38	0	43	0.00	0.00	63.22	7.57	0.00	0.00	2000
232	11.20	2069	2106	0.21	223	0	0	0	nan	0.00	0.00	8.58	80.48	88.80	0.00	39	0	43	0.00	0.00	65.96	7.76	0.00	0.00	2000
233	10.96	2118	2108	0.00	181	0	0	0	nan	0.00	0.00	6.37	83.07	89.04	0.00	39	0	43	0.00	0.00	63.50	7.18	0.00	0.00	2000
232	11.41	2107	2030	0.00	197	0	0	0	nan	0.04	0.00	6.63	79.05	88.59	0.00	39	0	43	0.00	0.00	59.04	7.23	0.00	0.00	2000
231	10.98	2055	2151	0.00	196	0	0	0	nan	0.00	0.00	8.36	82.91	89.02	0.00	39	0	43	0.00	0.00	69.56	8.27	0.00	0.00	2000
231	11.13	2066	2112	0.00	199	0	0	0	nan	0.00	0.05	5.02	84.46	88.87	0.00	39	0	43	0.00	0.00	64.85	7.38	0.00	0.00	2000
231	11.27	2054	2094	0.00	198	0	0	0	nan	0.00	0.05	3.83	84.79	88.73	0.00	39	0	43	0.00	0.00	61.89	7.64	0.00	0.00	2000
232	11.21	2065	2101	0.00	212	0	0	0	nan	0.00	0.00	6.65	82.28	88.79	0.00	39	0	43	0.00	0.00	67.46	7.41	0.00	0.00	2000
233	10.89	2146	2091	0.00	181	0	0	0	nan	0.00	0.97	6.90	80.92	89.11	0.00	39	0	43	0.00	0.00	65.81	7.72	0.00	0.00	2000
218	11.41	2111	1899	0.00	222	0	0	0	nan	0.00	0.01	7.13	72.99	88.59	0.00	39	0	43	0.00	0.00	50.19	5.88	0.00	0.00	2000
260	11.07	2107	2343	0.00	275	0	0	0	nan	0.00	0.02	8.83	90.52	88.93	0.00	38	0	43	0.00	0.00	82.09	9.85	0.00	0.00	2000
118	8.77	1349	2096	0.00	226	0	0	0	nan	0.00	0.01	10.79	80.32	91.23	0.00	37	0	43	0.00	0.00	60.99	7.59	0.00	0.00	2000
79	6.96	1111	2141	0.00	209	0	0	0	nan	0.00	0.02	2.95	91.85	93.04	0.00	37	0	43	0.00	0.00	60.70	7.68	0.00	0.00	2000
