Avg_MHz	Busy%	Bzy_MHz	TSC_MHz	IPC	IRQ	NMI	SMI	LLCMRPS	LLC%hit	POLL%	C1%	C1E%	C6%	CPU%c1	CPU%c6	CoreTmp	CoreThr	PkgTmp	Pkg%pc2	Pkg%pc6	PkgWatt	RAMWatt	PKG_%	RAM_%	UncMHz
397	19.42	2017	2127	0.00	228	0	0	0	nan	0.01	0.65	39.08	42.15	80.58	0.00	38	0	42	0.00	0.00	63.79	7.36	0.00	0.00	2000
388	18.51	2076	2121	0.00	246	0	0	0	nan	0.04	1.27	21.51	59.80	81.49	0.00	37	0	43	0.00	0.00	67.08	7.80	0.00	0.00	2000
79	6.77	1175	2086	0.00	195	0	0	0	nan	0.00	0.00	5.11	87.40	93.23	0.00	38	0	43	0.00	0.00	59.91	7.41	0.00	0.00	2000
75	6.76	1099	2115	0.00	195	0	0	0	nan	0.01	0.00	3.11	90.77	93.24	0.00	37	0	43	0.00	0.00	58.64	7.47	0.00	0.00	2000
72	6.47	1121	2094	0.00	194	0	0	0	nan	0.00	0.00	2.80	90.33	93.53	0.00	37	0	42	0.00	0.00	57.64	7.38	0.00	0.00	2000
71	6.73	1056	2113	0.00	193	0	0	0	nan	0.00	0.00	3.23	90.68	93.27	0.00	37	0	43	0.00	0.00	58.19	7.34	0.00	0.00	2000
74	6.40	1159	2105	0.00	210	0	0	0	nan	0.00	0.00	3.48	90.13	93.60	0.00	37	0	43	0.00	0.00	58.58	7.45	0.00	0.00	2000
70	6.62	1067	2074	0.00	195	0	0	0	nan	0.00	0.00	3.76	88.45	93.38	0.00	37	0	43	0.00	0.00	56.09	7.23	0.00	0.00	2000
74	6.87	1068	2129	0.00	194	0	0	0	nan	0.00	0.00	2.66	91.79	93.13	0.00	37	0	43	0.00	0.00	60.88	7.75	0.00	0.00	2000
73	6.66	1095	2097	0.00	193	0	0	0	nan	0.00	0.00	3.04	90.17	93.34	0.00	37	0	43	0.00	0.00	58.55	7.38	0.00	0.00	2000
73	6.89	1069	2078	0.00	194	0	0	0	nan	0.00	0.00	3.12	88.95	93.11	0.00	38	0	42	0.00	0.00	56.43	7.20	0.00	0.00	2000
73	7.01	1027	2124	0.00	195	0	0	0	nan	0.00	0.03	2.81	91.40	92.99	0.00	37	0	43	0.00	0.00	59.32	7.44	0.00	0.00	2000
72	6.70	1098	2069	0.00	193	0	0	0	nan	0.00	0.00	2.48	89.41	93.30	0.00	37	0	43	0.00	0.00	56.50	7.06	0.00	0.00	2000
72	6.46	1096	2131	0.00	194	0	0	0	nan	0.00	0.00	2.15	92.70	93.54	0.00	37	0	42	0.00	0.00	60.84	7.60	0.00	0.00	2000
73	6.68	1096	2105	0.00	194	0	0	0	nan	0.00	0.01	3.23	90.31	93.32	0.00	37	0	43	0.00	0.00	57.76	7.50	0.00	0.00	2000
71	6.74	1062	2095	0.00	196	0	0	1	88.38	0.00	0.00	2.85	90.27	93.26	0.00	37	0	42	0.00	0.00	58.65	7.34	0.00	0.00	2000
75	6.93	1072	2112	0.30	196	0	0	2	87.98	0.00	0.00	4.30	89.28	93.07	0.00	37	0	43	0.00	0.00	56.32	7.21	0.00	0.00	2000
72	6.85	1053	2097	0.02	194	0	0	0	nan	0.00	0.00	3.79	89.30	93.15	0.00	37	0	43	0.00	0.00	57.88	7.25	0.00	0.00	2000
190	9.92	1932	2084	0.00	214	0	0	0	nan	0.00	0.00	5.02	84.50	90.08	0.00	39	0	43	0.00	0.00	64.67	7.54	0.00	0.00	2000
235	11.25	2067	2122	0.00	204	0	0	0	nan	0.00	0.00	3.68	86.05	88.75	0.00	40	0	43	0.00	0.00	63.72	7.30	0.00	0.00	2000
227	10.97	2087	2080	0.00	208	0	0	0	nan	0.00	0.02	3.03	85.14	89.03	0.00	40	0	43	0.00	0.00	66.22	7.47	0.00	0.00	2000
227	10.77	2118	2091	0.00	202	0	0	0	nan	0.00	0.00	3.40	85.48	89.23	0.00	40	0	43	0.00	0.00	63.03	7.11	0.00	0.00	2000
235	11.50	2029	2119	0.00	211	0	0	0	nan	0.00	0.06	5.99	83.42	88.50	0.00	38	0	42	0.00	0.00	66.18	7.81	0.00	0.00	2000
223	11.13	2021	2084	0.00	200	0	0	0	nan	0.00	0.00	5.95	82.46	88.87	0.00	39	0	43	0.00	0.00	64.66	7.95	0.00	0.00	2000
223	11.00	2014	2111	0.00	201	0	0	0	nan	0.00	0.00	6.52	83.07	89.00	0.00	38	0	43	0.00	0.00	65.33	7.30	0.00	0.00	2000
230	11.13	2066	2100	0.00	199	0	0	0	nan	0.00	0.00	5.99	82.97	88.87	0.00	37	0	43	0.00	0.00	65.32	8.25	0.00	0.00	2000
226	11.16	2079	2050	0.00	197	0	0	0	nan	0.00	0.01	2.55	84.14	88.84	0.00	38	0	43	0.00	0.00	62.01	7.28	0.00	0.00	2000
236	10.92	2099	2164	0.00	213	0	0	0	nan	0.01	0.08	2.63	89.16	89.08	0.00	38	0	42	0.00	0.00	69.05	7.87	0.00	0.00	2000
230	10.95	2130	2075	0.00	198	0	0	0	nan	0.01	0.02	2.99	84.99	89.05	0.00	38	0	43	0.00	0.00	64.95	7.60	0.00	0.00	2000
230	10.86	2117	2105	0.00	218	0	0	0	nan	0.00	1.03	3.96	84.50	89.14	0.00	39	0	43	0.00	0.00	62.74	7.18	0.00	0.00	2000
231	11.04	2072	2118	0.00	194	0	0	0	nan	0.00	0.00	5.88	83.91	88.96	0.00	39	0	42	0.00	0.00	67.84	7.82	0.00	0.00	2000
231	11.10	2082	2097	0.00	197	0	0	0	nan	0.01	0.00	5.00	83.82	88.90	0.00	39	0	42	0.00	0.00	62.27	7.20	0.00	0.00	2000
228	11.08	2058	2101	0.00	197	0	0	3	95.55	0.00	0.00	5.72	83.35	88.92	0.00	40	0	42	0.00	0.00	67.71	7.74	0.00	0.00	2000
233	10.82	2150	2105	0.84	197	0	0	18	93.44	0.00	0.00	5.56	83.90	89.18	0.00	40	0	42	0.00	0.00	63.85	7.18	0.00	0.00	2000
231	11.18	2078	2084	0.00	201	0	0	0	nan	0.00	0.02	5.14	83.11	88.82	0.00	39	0	43	0.00	0.00	63.95	7.29	0.00	0.00	2000
229	10.84	2114	2098	0.00	197	0	0	0	nan	0.00	0.00	6.46	82.59	89.16	0.00	39	0	43	0.00	0.00	64.12	7.32	0.00	0.00	2000
232	11.22	2075	2089	0.00	200	0	0	0	nan	0.00	0.00	5.13	83.30	88.78	0.00	38	0	43	0.00	0.00	67.40	7.73	0.00	0.00	2000
231	10.88	2109	2118	0.00	220	0	0	0	nan	0.00	0.02	4.94	84.97	89.12	0.00	38	0	42	0.00	0.00	64.01	7.51	0.00	0.00	2000
233	11.01	2108	2106	0.00	201	0	0	0	nan	0.00	0.00	5.96	83.36	88.99	0.00	39	0	43	0.00	0.00	67.28	7.75	0.00	0.00	2000
233	11.44	2063	2076	0.00	202	0	0	0	nan	0.00	0.01	7.14	80.54	88.56	0.00	39	0	43	0.00	0.00	61.68	7.20	0.00	0.00	2000
231	11.01	2095	2107	0.00	199	0	0	0	nan	0.00	0.00	5.45	83.96	88.99	0.00	39	0	43	0.00	0.00	67.03	7.78	0.00	0.00	2000
228	10.92	2099	2087	0.00	194	0	0	0	nan	0.00	0.01	4.24	84.30	89.08	0.00	39	0	43	0.00	0.00	64.90	7.64	0.00	0.00	2000
233	11.06	2095	2110	0.00	214	0	0	0	nan	0.00	0.45	6.14	82.88	88.94	0.00	39	0	43	0.00	0.00	64.41	7.43	0.00	0.00	2000
233	11.11	2077	2124	0.00	200	0	0	0	nan	0.00	0.00	7.03	82.97	88.89	0.00	39	0	42	0.00	0.00	66.29	7.76	0.00	0.00	2000
231	11.35	2034	2097	0.00	197	0	0	0	nan	0.00	0.00	6.33	82.25	88.65	0.00	40	0	42	0.00	0.00	65.62	7.53	0.00	0.00	2000
230	11.17	2065	2091	0.00	197	0	0	0	nan	0.00	0.00	6.07	82.47	88.83	0.00	39	0	43	0.00	0.00	64.12	7.51	0.00	0.00	2000
221	10.62	2094	2083	0.00	203	0	0	0	nan	0.00	0.00	6.01	82.70	89.38	0.00	39	0	43	0.00	0.00	65.03	7.68	0.00	0.00	2000
233	11.07	2091	2117	0.00	203	0	0	0	nan	0.00	0.00	2.65	87.07	88.93	0.00	40	0	43	0.00	0.00	66.02	7.64	0.00	0.00	2000
236	11.13	2109	2115	0.00	203	0	0	0	nan	0.00	0.01	3.60	85.98	88.87	0.00	41	0	43	0.00	0.00	66.31	8.20	0.00	0.00	2000
226	11.21	2029	2084	0.00	212	0	0	9	58.10	0.00	0.00	3.27	84.94	88.79	0.00	41	0	43	0.00	0.00	66.56	8.18	0.00	0.00	2000
227	10.93	2073	2105	1.04	200	0	0	23	58.00	0.00	0.02	5.25	84.04	89.07	0.00	40	0	43	0.00	0.00	65.80	7.76	0.00	0.00	2000
182	10.03	1845	2069	0.00	234	0	0	0	nan	0.00	0.02	12.15	76.52	89.97	0.00	39	0	43	0.00	0.00	62.04	7.69	0.00	0.00	2000
102	8.24	1203	2168	0.00	129	0	0	0	nan	0.00	0.03	9.27	85.35	91.76	0.00	38	0	42	0.00	0.00	62.29	7.91	0.00	0.00	2000
