Avg_MHz	Busy%	Bzy_MHz	TSC_MHz	IPC	IRQ	NMI	SMI	LLCMRPS	LLC%hit	POLL%	C1%	C1E%	C6%	CPU%c1	CPU%c6	CoreTmp	CoreThr	PkgTmp	Pkg%pc2	Pkg%pc6	PkgWatt	RAMWatt	PKG_%	RAM_%	UncMHz
183	9.42	1816	2243	0.00	259	0	0	0	nan	0.00	1.02	35.53	60.14	90.58	0.00	37	0	42	0.00	0.00	69.67	8.63	0.00	0.00	2000
468	21.41	2198	2088	0.00	202	0	0	0	nan	0.00	1.73	18.74	57.89	78.59	0.00	38	0	42	0.00	0.00	67.51	7.73	0.00	0.00	2000
331	16.90	1953	2105	0.00	249	0	0	0	nan	0.00	0.78	18.24	64.61	83.10	0.00	37	0	42	0.00	0.00	65.48	7.93	0.00	0.00	2000
76	6.57	1156	2107	0.00	209	0	0	0	nan	0.00	0.02	3.41	90.26	93.43	0.00	37	0	42	0.00	0.00	58.00	7.46	0.00	0.00	2000
74	6.89	1064	2109	0.00	193	0	0	0	nan	0.00	0.00	3.27	90.41	93.11	0.00	37	0	42	0.00	0.00	58.01	7.41	0.00	0.00	2000
73	6.70	1088	2094	0.00	177	0	0	0	nan	0.00	0.02	2.81	90.33	93.30	0.00	37	0	42	0.00	0.00	59.42	7.62	0.00	0.00	2000
72	6.94	1054	2075	0.00	195	0	0	0	nan	0.00	0.01	3.44	88.68	93.06	0.00	37	0	42	0.00	0.00	55.91	7.17	0.00	0.00	2000
72	7.02	1012	2117	0.00	209	0	0	0	nan	0.00	0.00	4.12	89.63	92.98	0.00	37	0	42	0.00	0.00	57.87	7.50	0.00	0.00	2000
79	6.75	1173	2097	0.00	196	0	0	0	nan	0.00	0.00	4.67	88.55	93.25	0.00	37	0	42	0.00	0.00	58.07	7.25	0.00	0.00	2000
73	6.93	1038	2120	0.00	193	0	0	0	nan	0.00	0.02	2.70	91.42	93.07	0.00	37	0	42	0.00	0.00	58.46	7.67	0.00	0.00	2000
71	6.76	1072	2069	0.00	194	0	0	0	nan	0.00	0.02	3.76	88.25	93.24	0.00	37	0	42	0.00	0.00	56.29	7.28	0.00	0.00	2000
72	7.12	1005	2103	0.00	195	0	0	0	nan	0.00	0.01	1.64	91.49	92.88	0.00	37	0	42	0.00	0.00	59.20	7.57	0.00	0.00	2000
71	7.02	1015	2099	0.00	209	0	0	0	nan	0.00	0.04	3.06	89.87	92.98	0.00	37	0	42	0.00	0.00	58.05	7.37	0.00	0.00	2000
72	6.78	1048	2123	0.00	193	0	0	0	nan	0.01	0.00	2.38	91.97	93.22	0.00	37	0	42	0.00	0.00	60.23	7.67	0.00	0.00	2000
74	7.00	1048	2105	0.00	194	0	0	0	nan	0.00	0.02	2.53	90.91	93.00	0.00	37	0	42	0.00	0.00	58.18	7.47	0.00	0.00	2000
70	6.90	1038	2069	0.00	194	0	0	1	89.12	0.00	0.00	2.46	89.33	93.10	0.00	37	0	42	0.00	0.00	58.76	7.50	0.00	0.00	2000
75	6.88	1063	2140	0.29	193	0	0	2	89.55	0.00	0.03	3.16	91.79	93.12	0.00	37	0	42	0.00	0.00	57.37	7.34	0.00	0.00	2000
73	6.21	1179	2097	0.00	193	0	0	0	nan	0.00	0.02	3.04	90.45	93.79	0.00	37	0	42	0.00	0.00	57.55	7.10	0.00	0.00	2000
123	7.55	1633	2096	0.00	255	0	0	0	nan	0.00	0.80	4.27	87.26	92.45	0.00	37	0	43	0.00	0.00	60.99	7.59	0.00	0.00	2000
224	10.40	2161	2092	0.00	198	0	0	0	nan	0.00	0.02	5.70	83.47	89.60	0.00	39	0	42	0.00	0.00	64.73	7.60	0.00	0.00	2000
223	10.75	2066	2106	0.00	199	0	0	0	nan	0.00	0.01	5.81	83.76	89.25	0.00	39	0	42	0.00	0.00	64.98	7.58	0.00	0.00	2000
223	10.95	2071	2069	0.00	205	0	0	0	nan	0.00	0.02	5.91	81.86	89.05	0.00	40	0	42	0.00	0.00	64.02	7.43	0.00	0.00	2000
227	10.64	2105	2126	0.00	203	0	0	0	nan	0.00	0.00	6.01	84.49	89.36	0.00	40	0	42	0.00	0.00	64.91	7.52	0.00	0.00	2000
222	10.94	2048	2080	0.00	198	0	0	0	nan	0.00	0.00	6.41	81.94	89.06	0.00	37	0	42	0.00	0.00	65.75	7.74	0.00	0.00	2000
235	11.43	2044	2115	0.00	198	0	0	0	nan	0.00	0.00	3.99	85.36	88.57	0.00	38	0	42	0.00	0.00	64.47	7.69	0.00	0.00	2000
240	11.56	2063	2109	0.00	199	0	0	0	nan	0.00	0.05	4.29	84.70	88.44	0.00	37	0	42	0.00	0.00	67.00	8.07	0.00	0.00	2000
232	10.82	2158	2090	0.00	198	0	0	0	nan	0.00	0.00	5.01	83.65	89.18	0.00	37	0	42	0.00	0.00	65.23	8.10	0.00	0.00	2000
232	11.37	2132	2006	0.00	206	0	0	0	nan	0.00	0.03	5.84	78.78	88.63	0.00	38	0	42	0.00	0.00	63.32	7.54	0.00	0.00	2000
232	10.43	2125	2203	0.00	198	0	0	0	nan	0.00	0.00	5.79	88.22	89.57	0.00	38	0	42	0.00	0.00	67.59	7.86	0.00	0.00	2000
231	11.11	2081	2103	0.00	198	0	0	0	nan	0.00	0.00	5.87	83.14	88.89	0.00	38	0	43	0.00	0.00	63.57	7.47	0.00	0.00	2000
228	11.35	2044	2067	0.00	198	0	0	0	nan	0.00	0.02	4.70	82.59	88.65	0.00	39	0	42	0.00	0.00	63.83	7.42	0.00	0.00	2000
230	11.17	2031	2129	0.00	199	0	0	0	nan	0.00	0.00	5.86	84.27	88.84	0.00	39	0	42	0.00	0.00	65.78	7.57	0.00	0.00	2000
231	11.54	2059	2046	0.00	205	0	0	8	81.46	0.00	0.00	6.18	80.07	88.46	0.00	39	0	42	0.00	0.00	64.17	7.42	0.00	0.00	2000
231	11.01	2043	2153	0.56	201	0	0	11	81.86	0.00	0.00	5.42	85.94	88.99	0.00	39	0	42	0.00	0.00	65.74	7.69	0.00	0.00	2000
229	11.20	2072	2074	0.00	199	0	0	0	nan	0.00	0.00	6.20	81.57	88.80	0.00	39	0	43	0.00	0.00	64.11	7.48	0.00	0.00	2000
230	11.41	2008	2106	0.00	200	0	0	0	nan	0.00	0.00	6.75	82.20	88.59	0.00	39	0	42	0.00	0.00	64.59	7.55	0.00	0.00	2000
230	10.98	2076	2116	0.00	198	0	0	0	nan	0.00	0.00	5.17	84.62	89.02	0.00	39	0	42	0.00	0.00	64.57	7.52	0.00	0.00	2000
231	11.42	2045	2073	0.00	199	0	0	0	nan	0.00	0.00	6.07	81.43	88.58	0.00	39	0	42	0.00	0.00	65.14	7.56	0.00	0.00	2000
233	11.16	2056	2136	0.00	206	0	0	0	nan	0.00	0.44	7.42	82.61	88.84	0.00	38	0	42	0.00	0.00	64.84	7.73	0.00	0.00	2000
233	11.24	2066	2108	0.00	200	0	0	0	nan	0.00	0.02	7.11	82.15	88.76	0.00	39	0	42	0.00	0.00	66.76	7.67	0.00	0.00	2000
232	10.90	2131	2097	0.00	198	0	0	0	nan	0.00	0.00	5.88	83.09	89.10	0.00	39	0	42	0.00	0.00	65.59	7.68	0.00	0.00	2000
233	11.32	2057	2101	0.00	200	0	0	0	nan	0.00	0.00	6.44	82.35	88.68	0.00	39	0	43	0.00	0.00	66.63	7.83	0.00	0.00	2000
248	11.83	2104	2094	0.00	201	0	0	0	nan	0.00	0.02	5.51	82.51	88.17	0.00	39	0	42	0.00	0.00	61.07	7.13	0.00	0.00	2000
236	11.18	2111	2100	0.00	188	0	0	0	nan	0.00	0.02	6.63	82.18	88.83	0.00	39	0	42	0.00	0.00	66.78	7.87	0.00	0.00	2000
232	10.95	2121	2099	0.00	201	0	0	0	nan	0.00	0.01	5.41	83.61	89.05	0.00	38	0	42	0.00	0.00	65.07	7.50	0.00	0.00	2000
231	11.30	2040	2104	0.00	199	0	0	0	nan	0.00	0.00	5.37	83.66	88.70	0.00	39	0	42	0.00	0.00	65.99	7.68	0.00	0.00	2000
232	10.92	2133	2092	0.00	199	0	0	0	nan	0.00	0.00	4.86	83.88	89.08	0.00	39	0	42	0.00	0.00	64.36	7.48	0.00	0.00	2000
237	11.66	2076	2057	0.00	199	0	0	0	nan	0.00	0.00	5.41	81.17	88.34	0.00	39	0	42	0.00	0.00	63.31	7.49	0.00	0.00	2000
222	10.57	2047	2151	0.00	222	0	0	0	nan	0.00	0.00	6.65	85.05	89.43	0.00	38	0	42	0.00	0.00	66.81	7.84	0.00	0.00	2000
225	10.68	2107	2096	0.00	199	0	0	1	74.76	0.00	0.01	5.44	83.67	89.32	0.00	39	0	42	0.00	0.00	64.91	7.64	0.00	0.00	2000
222	11.17	2027	2061	1.14	201	0	0	16	34.24	0.00	0.00	7.60	79.61	88.83	0.00	40	0	42	0.00	0.00	63.81	7.98	0.00	0.00	2000
224	10.88	2060	2096	0.02	199	0	0	0	nan	0.00	0.02	5.51	83.52	89.12	0.00	40	0	42	0.00	0.00	63.53	8.46	0.00	0.00	2000
216	11.16	2009	2018	0.00	201	0	0	0	nan	0.00	0.02	3.22	82.24	88.84	0.00	40	0	43	0.00	0.00	63.14	7.45	0.00	0.00	2000
206	10.43	1870	2218	0.00	249	0	0	0	nan	0.00	0.51	8.92	85.52	89.57	0.00	38	0	42	0.00	0.00	68.75	8.42	0.00	0.00	2000
81	6.86	1170	2106	0.00	193	0	0	0	nan	0.00	0.00	4.66	88.78	93.14	0.00	37	0	42	0.00	0.00	59.61	7.62	0.00	0.00	2000
74	7.00	1051	2107	0.00	209	0	0	0	nan	0.00	0.00	4.27	89.17	93.00	0.00	37	0	42	0.00	0.00	60.80	7.89	0.00	0.00	2000
105	8.35	1291	2050	0.00	81	0	0	0	nan	0.00	0.00	9.99	79.48	91.65	0.00	37	0	42	0.00	0.00	51.94	6.56	0.00	0.00	2000
