Avg_MHz	Busy%	Bzy_MHz	TSC_MHz	IPC	IRQ	NMI	SMI	LLCMRPS	LLC%hit	POLL%	C1%	C1E%	C6%	CPU%c1	CPU%c6	CoreTmp	CoreThr	PkgTmp	Pkg%pc2	Pkg%pc6	PkgWatt	RAMWatt	PKG_%	RAM_%	UncMHz
322	17.00	1851	2148	0.00	254	0	0	0	nan	0.00	0.04	35.73	49.13	83.00	0.00	37	0	43	0.00	0.00	65.13	7.96	0.00	0.00	2000
461	19.91	2286	2130	0.00	249	0	0	0	nan	0.02	1.41	20.10	60.00	80.09	0.00	37	0	42	0.00	0.00	72.16	8.05	0.00	0.00	2000
79	6.81	1166	2102	0.00	211	0	0	0	nan	0.00	0.02	10.44	82.71	93.19	0.00	37	0	43	0.00	0.00	58.99	7.43	0.00	0.00	2000
73	6.64	1091	2112	0.00	178	0	0	0	nan	0.00	0.01	5.33	88.64	93.36	0.00	37	0	42	0.00	0.00	57.94	7.54	0.00	0.00	2000
74	6.33	1164	2104	0.00	194	0	0	0	nan	0.00	0.00	3.15	90.59	93.67	0.00	37	0	42	0.00	0.00	59.52	7.79	0.00	0.00	2000
72	6.79	1068	2090	0.00	195	0	0	0	nan	0.00	0.01	3.21	89.64	93.21	0.00	37	0	42	0.00	0.00	57.31	7.48	0.00	0.00	2000
73	6.91	1055	2105	0.00	210	0	0	0	nan	0.00	0.00	3.13	90.17	93.09	0.00	37	0	42	0.00	0.00	56.96	7.40	0.00	0.00	2000
72	6.50	1106	2106	0.00	193	0	0	0	nan	0.00	0.00	3.34	90.43	93.50	0.00	37	0	42	0.00	0.00	57.90	7.56	0.00	0.00	2000
71	6.67	1083	2065	0.00	194	0	0	0	nan	0.00	0.00	3.33	88.50	93.33	0.00	37	0	43	0.00	0.00	58.21	7.47	0.00	0.00	2000
74	6.65	1108	2112	0.00	197	0	0	0	nan	0.00	0.03	3.01	90.82	93.35	0.00	37	0	42	0.00	0.00	58.18	7.56	0.00	0.00	2000
73	6.74	1081	2097	0.00	195	0	0	0	nan	0.00	0.02	2.69	90.50	93.26	0.00	37	0	42	0.00	0.00	58.15	7.59	0.00	0.00	2000
73	6.68	1075	2124	0.00	209	0	0	0	nan	0.00	0.00	4.02	90.37	93.32	0.00	37	0	42	0.00	0.00	58.45	7.51	0.00	0.00	2000
72	6.38	1141	2076	0.00	193	0	0	0	nan	0.00	0.00	3.20	89.34	93.62	0.00	37	0	43	0.00	0.00	57.71	7.40	0.00	0.00	2000
73	6.62	1092	2111	0.00	193	0	0	0	nan	0.00	0.00	4.28	89.59	93.38	0.00	37	0	43	0.00	0.00	59.57	7.68	0.00	0.00	2000
79	7.17	1095	2107	0.00	194	0	0	0	nan	0.00	0.02	4.74	88.36	92.83	0.00	37	0	42	0.00	0.00	57.52	7.62	0.00	0.00	2000
72	6.59	1098	2085	0.00	179	0	0	1	87.78	0.00	0.02	3.69	89.08	93.41	0.00	37	0	42	0.00	0.00	57.65	7.51	0.00	0.00	2000
74	6.82	1066	2124	0.29	209	0	0	2	87.33	0.00	0.00	4.44	89.80	93.18	0.00	37	0	42	0.00	0.00	57.47	7.47	0.00	0.00	2000
72	6.70	1083	2097	0.00	194	0	0	0	nan	0.00	0.02	3.36	89.80	93.30	0.00	37	0	42	0.00	0.00	58.48	7.59	0.00	0.00	2000
159	8.86	1798	2100	0.00	207	0	0	0	nan	0.00	0.99	4.02	86.28	91.14	0.00	38	0	42	0.00	0.00	62.58	7.65	0.00	0.00	2000
222	11.16	1991	2095	0.00	200	0	0	0	nan	0.04	0.03	4.26	84.48	88.84	0.00	39	0	42	0.00	0.00	64.63	7.58	0.00	0.00	2000
221	10.86	2047	2085	0.00	199	0	0	0	nan	0.00	0.05	3.59	84.94	89.14	0.00	39	0	42	0.00	0.00	61.74	7.15	0.00	0.00	2000
224	10.58	2102	2117	0.00	204	0	0	0	nan	0.00	0.03	3.18	86.99	89.42	0.00	40	0	42	0.00	0.00	67.16	7.61	0.00	0.00	2000
216	10.58	2049	2097	0.00	199	0	0	0	nan	0.00	0.27	4.25	84.81	89.42	0.00	38	0	42	0.00	0.00	63.24	7.71	0.00	0.00	2000
230	10.97	2097	2097	0.00	241	0	0	0	nan	0.00	0.02	3.27	85.71	89.03	0.00	39	0	42	0.00	0.00	65.49	7.96	0.00	0.00	2000
232	10.82	2146	2100	0.00	214	0	0	0	nan	0.00	0.02	3.42	85.75	89.18	0.00	39	0	42	0.00	0.00	68.11	8.00	0.00	0.00	2000
236	11.84	1998	2093	0.00	192	0	0	0	nan	0.00	0.00	5.27	82.70	88.16	0.00	38	0	42	0.00	0.00	61.64	7.74	0.00	0.00	2000
221	11.21	2063	2001	0.00	215	0	0	0	nan	0.01	0.00	5.20	79.41	88.79	0.00	39	0	42	0.00	0.00	63.44	7.75	0.00	0.00	2000
226	10.33	2060	2228	0.00	198	0	0	0	nan	0.00	0.00	5.31	89.92	89.67	0.00	39	0	42	0.00	0.00	65.69	7.84	0.00	0.00	2000
219	10.58	2079	2095	0.00	215	0	0	0	nan	0.00	0.01	4.60	84.66	89.42	0.00	39	0	42	0.00	0.00	65.09	7.56	0.00	0.00	2000
225	11.11	2029	2098	0.00	203	0	0	0	nan	0.00	0.00	5.82	83.08	88.90	0.00	40	0	42	0.00	0.00	64.78	7.64	0.00	0.00	2000
219	10.87	2075	2041	0.00	204	0	0	0	nan	0.00	0.02	5.56	81.08	89.13	0.00	40	0	42	0.00	0.00	62.47	7.27	0.00	0.00	2000
224	10.56	2064	2160	0.00	196	0	0	0	nan	0.00	0.04	2.87	89.12	89.44	0.00	40	0	42	0.00	0.00	65.70	7.76	0.00	0.00	2000
220	10.69	2105	2055	0.00	198	0	0	7	85.17	0.00	0.08	2.92	84.47	89.31	0.00	40	0	42	0.00	0.00	63.06	7.34	0.00	0.00	2000
221	10.69	2061	2110	0.78	198	0	0	7	81.07	0.00	0.00	5.62	84.17	89.31	0.00	40	0	42	0.00	0.00	64.78	7.28	0.00	0.00	2000
228	10.74	2084	2141	0.00	223	0	0	0	nan	0.00	0.47	6.60	83.98	89.26	0.00	40	0	43	0.00	0.00	66.68	7.97	0.00	0.00	2000
221	10.82	2042	2101	0.00	230	0	0	0	nan	0.00	0.01	5.22	84.08	89.18	0.00	41	0	42	0.00	0.00	65.88	7.58	0.00	0.00	2000
223	10.76	2075	2095	0.00	199	0	0	0	nan	0.00	0.02	4.75	84.37	89.24	0.00	41	0	42	0.00	0.00	63.20	7.28	0.00	0.00	2000
221	10.99	2029	2081	0.00	182	0	0	0	nan	0.00	0.00	4.37	83.87	89.01	0.00	41	0	42	0.00	0.00	64.45	7.48	0.00	0.00	2000
225	11.11	2004	2125	0.00	221	0	0	0	nan	0.00	0.00	4.89	85.12	88.89	0.00	41	0	42	0.00	0.00	65.38	7.47	0.00	0.00	2000
222	10.79	2057	2095	0.00	198	0	0	0	nan	0.00	0.03	5.27	83.82	89.21	0.00	41	0	42	0.00	0.00	63.21	7.38	0.00	0.00	2000
221	10.72	2061	2101	0.00	199	0	0	0	nan	0.00	0.01	5.36	84.06	89.28	0.00	41	0	42	0.00	0.00	64.80	7.48	0.00	0.00	2000
214	11.20	2121	1892	0.00	184	0	0	0	nan	0.00	0.00	3.51	76.61	88.80	0.00	39	0	42	0.00	0.00	54.74	6.57	0.00	0.00	2000
236	10.82	2060	2223	0.00	248	0	0	0	nan	0.00	0.00	4.61	89.78	89.18	0.00	39	0	42	0.00	0.00	70.04	8.26	0.00	0.00	2000
234	10.68	2083	2209	0.00	196	0	0	0	nan	0.00	0.00	3.44	90.57	89.32	0.00	40	0	42	0.00	0.00	71.01	8.26	0.00	0.00	2000
231	11.14	2068	2103	0.00	195	0	0	0	nan	0.00	0.00	3.26	85.75	88.86	0.00	40	0	42	0.00	0.00	64.45	7.56	0.00	0.00	2000
228	11.17	2059	2084	0.00	195	0	0	0	nan	0.00	0.00	2.83	85.41	88.83	0.00	40	0	42	0.00	0.00	63.92	7.53	0.00	0.00	2000
224	11.37	2032	2035	0.00	216	0	0	0	nan	0.00	0.00	3.47	82.48	88.63	0.00	38	0	42	0.00	0.00	60.47	7.12	0.00	0.00	2000
227	10.74	2073	2145	0.00	212	0	0	0	nan	0.00	0.02	2.96	88.30	89.26	0.00	38	0	42	0.00	0.00	68.21	8.09	0.00	0.00	2000
224	11.14	1977	2137	0.00	196	0	0	0	nan	0.00	0.00	3.81	86.72	88.86	0.00	39	0	42	0.00	0.00	67.52	8.01	0.00	0.00	2000
223	11.09	2008	2104	0.46	196	0	0	9	75.73	0.00	0.00	3.36	85.83	88.91	0.00	40	0	42	0.00	0.00	63.08	7.59	0.00	0.00	2000
222	10.78	2061	2099	0.48	209	0	0	0	89.76	0.00	0.00	2.75	86.56	89.22	0.00	40	0	42	0.00	0.00	64.48	7.79	0.00	0.00	2000
241	11.97	2008	2103	0.00	196	0	0	0	nan	0.00	0.00	4.17	84.14	88.03	0.00	40	0	42	0.00	0.00	66.16	7.95	0.00	0.00	2000
219	11.13	2077	1993	0.00	194	0	0	0	nan	0.00	0.01	2.91	81.57	88.87	0.00	41	0	42	0.00	0.00	59.90	7.31	0.00	0.00	2000
224	10.66	2031	2171	0.00	197	0	0	0	nan	0.00	0.00	2.87	89.59	89.34	0.00	41	0	42	0.00	0.00	68.77	8.67	0.00	0.00	2000
223	10.60	2094	2114	0.00	195	0	0	0	nan	0.00	0.00	3.52	86.48	89.40	0.00	40	0	42	0.00	0.00	64.71	7.84	0.00	0.00	2000
174	9.06	1906	2118	0.00	196	0	0	0	nan	0.00	0.00	4.44	87.33	90.94	0.00	38	0	42	0.00	0.00	64.82	7.96	0.00	0.00	2000
116	8.99	1303	2082	0.00	224	0	0	0	nan	0.00	0.01	8.30	82.03	91.01	0.00	37	0	42	0.00	0.00	58.83	7.44	0.00	0.00	2000
76	7.25	1036	2121	0.00	212	0	0	0	nan	0.00	0.00	4.53	89.08	92.75	0.00	38	0	42	0.00	0.00	57.99	7.47	0.00	0.00	2000
75	6.62	1130	2107	0.00	193	0	0	0	nan	0.00	0.00	3.87	89.80	93.38	0.00	38	0	42	0.00	0.00	57.23	7.56	0.00	0.00	2000
101	6.61	1564	2041	0.00	81	0	0	0	nan	0.00	0.04	8.00	82.77	93.39	0.00	37	0	42	0.00	0.00	62.54	8.04	0.00	0.00	2000
