Avg_MHz	Busy%	Bzy_MHz	TSC_MHz	IPC	IRQ	NMI	SMI	LLCMRPS	LLC%hit	POLL%	C1%	C1E%	C6%	CPU%c1	CPU%c6	CoreTmp	CoreThr	PkgTmp	Pkg%pc2	Pkg%pc6	PkgWatt	RAMWatt	PKG_%	RAM_%	UncMHz
403	18.17	2195	2120	0.00	233	0	0	0	nan	0.00	0.48	50.41	31.84	81.83	0.00	38	0	43	0.00	0.00	69.77	8.05	0.00	0.00	2000
403	19.83	2036	2097	0.00	217	0	0	0	nan	0.05	0.76	25.45	54.02	80.17	0.00	37	0	43	0.00	0.00	64.93	7.42	0.00	0.00	2000
77	7.06	1083	2125	0.00	211	0	0	0	nan	0.00	0.00	7.84	86.24	92.94	0.00	37	0	43	0.00	0.00	57.34	7.30	0.00	0.00	2000
74	6.47	1132	2127	0.00	193	0	0	0	nan	0.00	0.00	2.30	92.26	93.53	0.00	38	0	43	0.00	0.00	61.70	7.74	0.00	0.00	2000
74	6.30	1172	2096	0.00	194	0	0	0	nan	0.00	0.02	3.05	90.39	93.70	0.00	37	0	43	0.00	0.00	59.41	7.55	0.00	0.00	2000
72	6.54	1107	2095	0.00	193	0	0	0	nan	0.00	0.02	2.78	90.40	93.46	0.00	38	0	43	0.00	0.00	58.93	7.38	0.00	0.00	2000
73	6.71	1094	2100	0.00	194	0	0	0	nan	0.00	0.00	2.34	90.95	93.29	0.00	37	0	43	0.00	0.00	61.21	7.68	0.00	0.00	2000
73	6.42	1132	2107	0.00	194	0	0	0	nan	0.00	0.00	2.84	91.05	93.58	0.00	38	0	43	0.00	0.00	57.10	7.15	0.00	0.00	2000
79	6.88	1143	2099	0.00	195	0	0	0	nan	0.01	0.00	3.18	89.85	93.12	0.00	38	0	43	0.00	0.00	61.63	7.47	0.00	0.00	2000
71	6.62	1085	2070	0.00	193	0	0	0	nan	0.01	0.00	3.11	88.96	93.38	0.00	37	0	43	0.00	0.00	57.28	7.66	0.00	0.00	2000
74	6.66	1107	2119	0.00	196	0	0	0	nan	0.00	0.00	3.58	90.57	93.34	0.00	37	0	43	0.00	0.00	59.28	7.53	0.00	0.00	2000
72	6.39	1130	2106	0.00	195	0	0	0	nan	0.00	0.00	3.07	90.75	93.61	0.00	38	0	43	0.00	0.00	59.50	7.50	0.00	0.00	2000
74	6.32	1168	2097	0.00	194	0	0	0	nan	0.00	0.00	2.37	91.16	93.68	0.00	37	0	43	0.00	0.00	60.24	7.61	0.00	0.00	2000
71	6.60	1080	2081	0.00	194	0	0	0	nan	0.00	0.00	2.72	89.76	93.40	0.00	37	0	43	0.00	0.00	58.32	7.23	0.00	0.00	2000
74	6.71	1090	2127	0.00	210	0	0	0	nan	0.00	0.00	4.26	90.14	93.29	0.00	38	0	43	0.00	0.00	58.29	7.04	0.00	0.00	2000
72	6.60	1088	2095	0.00	193	0	0	1	85.87	0.00	0.02	3.35	89.82	93.40	0.00	38	0	43	0.00	0.00	59.04	7.37	0.00	0.00	2000
72	6.77	1074	2075	0.29	195	0	0	1	87.61	0.00	0.02	3.33	88.80	93.23	0.00	38	0	43	0.00	0.00	57.20	7.29	0.00	0.00	2000
73	6.49	1112	2122	0.00	192	0	0	0	nan	0.00	0.04	1.91	92.48	93.51	0.00	38	0	43	0.00	0.00	59.46	7.63	0.00	0.00	2000
185	10.27	1813	2088	0.00	215	0	0	0	nan	0.02	0.02	4.65	84.63	89.73	0.00	39	0	43	0.00	0.00	66.40	7.92	0.00	0.00	2000
233	11.10	2084	2115	0.00	202	0	0	0	nan	0.00	0.00	3.76	85.93	88.90	0.00	40	0	43	0.00	0.00	63.47	7.13	0.00	0.00	2000
227	11.06	2078	2076	0.00	210	0	0	0	nan	0.00	0.00	3.18	84.92	88.94	0.00	40	0	43	0.00	0.00	65.88	7.52	0.00	0.00	2000
232	11.17	2047	2128	0.00	219	0	0	0	nan	0.00	0.00	4.56	85.60	88.83	0.00	41	0	43	0.00	0.00	65.11	7.52	0.00	0.00	2000
236	11.29	2096	2096	0.00	195	0	0	0	nan	0.00	2.06	4.91	81.77	88.71	0.00	39	0	43	0.00	0.00	65.19	7.72	0.00	0.00	2000
225	10.93	2065	2092	0.00	199	0	0	0	nan	0.00	0.06	4.59	84.22	89.07	0.00	38	0	42	0.00	0.00	63.18	7.64	0.00	0.00	2000
226	11.07	2028	2113	0.00	195	0	0	0	nan	0.06	0.00	7.30	82.25	88.93	0.00	38	0	43	0.00	0.00	64.56	7.79	0.00	0.00	2000
228	11.02	2102	2068	0.00	199	0	0	0	nan	0.00	0.00	5.69	82.10	88.98	0.00	38	0	43	0.00	0.00	66.18	8.01	0.00	0.00	2000
235	11.31	2046	2136	0.00	198	0	0	0	nan	0.00	0.00	6.11	84.10	88.69	0.00	39	0	43	0.00	0.00	69.08	8.04	0.00	0.00	2000
225	10.77	2126	2063	0.00	198	0	0	0	nan	0.00	0.03	5.36	82.33	89.23	0.00	39	0	43	0.00	0.00	61.96	7.12	0.00	0.00	2000
230	10.74	2135	2104	0.00	197	0	0	0	nan	0.00	0.00	4.22	85.25	89.26	0.00	39	0	43	0.00	0.00	65.01	7.45	0.00	0.00	2000
228	11.53	2031	2047	0.00	196	0	0	0	nan	0.00	0.00	3.77	82.62	88.47	0.00	40	0	43	0.00	0.00	65.05	7.50	0.00	0.00	2000
232	11.09	2075	2117	0.00	218	0	0	0	nan	0.00	0.00	4.43	85.29	88.91	0.00	40	0	43	0.00	0.00	66.03	7.57	0.00	0.00	2000
232	11.41	2018	2117	0.00	218	0	0	0	nan	0.00	0.02	5.13	84.29	88.59	0.00	40	0	43	0.00	0.00	65.76	7.40	0.00	0.00	2000
230	10.85	2080	2136	0.00	214	0	0	6	94.76	0.00	0.01	2.84	87.97	89.15	0.00	40	0	43	0.00	0.00	64.81	7.47	0.00	0.00	2000
234	11.07	2105	2111	0.58	195	0	0	8	87.35	0.00	0.08	4.27	85.15	88.93	0.00	40	0	43	0.00	0.00	65.76	7.58	0.00	0.00	2000
226	11.03	2082	2068	0.00	201	0	0	0	nan	0.00	0.69	4.31	82.65	88.97	0.00	40	0	43	0.00	0.00	63.37	7.26	0.00	0.00	2000
235	11.24	2053	2135	0.00	196	0	0	0	nan	0.00	0.97	5.11	84.27	88.76	0.00	40	0	43	0.00	0.00	65.78	7.45	0.00	0.00	2000
227	11.48	2013	2061	0.00	197	0	0	0	nan	0.00	0.02	5.57	81.41	88.52	0.00	40	0	43	0.00	0.00	63.79	7.41	0.00	0.00	2000
225	10.95	2063	2093	0.00	213	0	0	0	nan	0.00	0.00	4.78	84.08	89.05	0.00	40	0	43	0.00	0.00	66.43	7.60	0.00	0.00	2000
238	11.39	2039	2148	0.00	201	0	0	0	nan	0.00	0.00	6.84	83.82	88.61	0.00	40	0	43	0.00	0.00	65.89	7.56	0.00	0.00	2000
231	11.40	2029	2097	0.00	199	0	0	0	nan	0.00	0.02	6.39	82.14	88.60	0.00	40	0	42	0.00	0.00	65.72	7.50	0.00	0.00	2000
223	11.00	2043	2086	0.00	198	0	0	0	nan	0.00	0.00	6.03	82.49	89.00	0.00	40	0	43	0.00	0.00	65.64	7.75	0.00	0.00	2000
232	11.01	2092	2117	0.00	194	0	0	0	nan	0.00	0.00	6.05	83.70	88.99	0.00	40	0	43	0.00	0.00	66.50	7.74	0.00	0.00	2000
230	11.33	2037	2097	0.00	199	0	0	0	nan	0.00	0.02	5.55	83.06	88.67	0.00	41	0	43	0.00	0.00	64.17	7.40	0.00	0.00	2000
240	11.73	2070	2078	0.00	197	0	0	0	nan	0.00	0.02	5.03	82.38	88.27	0.00	40	0	43	0.00	0.00	65.17	7.49	0.00	0.00	2000
231	10.61	2145	2129	0.00	201	0	0	0	nan	0.00	0.08	6.34	84.26	89.39	0.00	40	0	42	0.00	0.00	66.12	7.57	0.00	0.00	2000
230	11.14	2068	2097	0.00	196	0	0	0	nan	0.00	0.00	5.91	82.92	88.86	0.00	40	0	43	0.00	0.00	65.89	7.83	0.00	0.00	2000
232	11.07	2103	2090	0.00	196	0	0	0	nan	0.00	0.00	5.42	83.16	88.93	0.00	40	0	43	0.00	0.00	64.67	7.50	0.00	0.00	2000
231	11.03	2093	2103	0.00	199	0	0	0	nan	0.00	0.00	6.23	82.95	88.97	0.00	40	0	43	0.00	0.00	65.36	7.60	0.00	0.00	2000
231	11.73	1966	2109	0.00	198	0	0	0	nan	0.00	0.00	5.56	83.23	88.27	0.00	40	0	43	0.00	0.00	64.95	7.33	0.00	0.00	2000
231	11.13	2107	2069	0.00	197	0	0	7	86.45	0.00	0.00	6.23	81.37	88.87	0.00	40	0	43	0.00	0.00	64.74	7.52	0.00	0.00	2000
222	10.80	2031	2126	0.91	250	0	0	10	81.45	0.00	0.00	5.68	84.76	89.20	0.00	39	0	43	0.00	0.00	65.63	7.63	0.00	0.00	2000
364	16.05	2288	2085	0.00	311	0	0	0	nan	0.02	0.64	5.36	77.43	83.95	0.00	38	0	43	0.00	0.00	68.64	7.59	0.00	0.00	2000
237	11.12	2118	2114	0.00	253	0	0	0	nan	0.00	1.24	16.52	71.89	88.88	0.00	39	0	43	0.00	0.00	63.99	7.38	0.00	0.00	2000
179	10.18	1791	2065	0.00	230	0	0	0	nan	0.00	0.00	11.02	77.38	89.82	0.00	38	0	43	0.00	0.00	63.89	7.58	0.00	0.00	2000
79	7.36	1076	2105	0.00	210	0	0	0	nan	0.00	0.00	4.79	88.11	92.64	0.00	38	0	43	0.00	0.00	59.06	7.46	0.00	0.00	2000
80	7.10	1108	2132	0.00	177	0	0	0	nan	0.00	0.02	3.72	90.63	92.90	0.00	38	0	43	0.00	0.00	60.53	7.53	0.00	0.00	2000
