Avg_MHz	Busy%	Bzy_MHz	TSC_MHz	IPC	IRQ	NMI	SMI	LLCMRPS	LLC%hit	POLL%	C1%	C1E%	C6%	CPU%c1	CPU%c6	CoreTmp	CoreThr	PkgTmp	Pkg%pc2	Pkg%pc6	PkgWatt	RAMWatt	PKG_%	RAM_%	UncMHz
90	6.68	1297	2174	0.00	265	0	0	0	nan	0.00	1.01	33.71	61.79	93.32	0.00	37	0	43	0.00	0.00	67.20	8.32	0.00	0.00	2000
457	22.31	2088	2060	0.00	197	0	0	0	nan	0.00	1.20	19.20	56.06	77.69	0.00	37	0	43	0.00	0.00	65.60	7.35	0.00	0.00	2000
344	17.50	1947	2118	0.00	251	0	0	0	nan	0.04	0.49	30.40	52.30	82.50	0.00	37	0	42	0.00	0.00	65.29	7.70	0.00	0.00	2000
76	6.88	1095	2105	0.00	195	0	0	0	nan	0.00	0.02	4.05	89.47	93.12	0.00	37	0	43	0.00	0.00	58.14	7.36	0.00	0.00	2000
74	6.66	1109	2113	0.00	210	0	0	0	nan	0.00	0.04	4.09	89.71	93.34	0.00	37	0	42	0.00	0.00	61.72	7.72	0.00	0.00	2000
81	7.01	1153	2098	0.00	209	0	0	0	nan	0.00	0.00	7.28	85.63	92.99	0.00	37	0	43	0.00	0.00	59.31	7.68	0.00	0.00	2000
75	6.63	1118	2112	0.00	195	0	0	0	nan	0.00	0.00	3.86	90.03	93.37	0.00	37	0	42	0.00	0.00	57.94	7.46	0.00	0.00	2000
73	6.60	1112	2087	0.00	194	0	0	0	nan	0.00	0.02	3.57	89.24	93.40	0.00	37	0	43	0.00	0.00	57.11	7.38	0.00	0.00	2000
72	6.82	1061	2097	0.00	193	0	0	0	nan	0.00	0.00	4.25	88.88	93.18	0.00	37	0	43	0.00	0.00	61.13	7.85	0.00	0.00	2000
74	6.64	1114	2108	0.00	194	0	0	0	nan	0.00	0.00	4.93	88.64	93.36	0.00	37	0	43	0.00	0.00	59.19	7.34	0.00	0.00	2000
74	6.30	1173	2091	0.00	194	0	0	0	nan	0.00	0.00	3.69	89.45	93.70	0.00	37	0	42	0.00	0.00	55.55	7.61	0.00	0.00	2000
73	6.45	1125	2115	0.00	195	0	0	0	nan	0.00	0.00	4.49	89.71	93.55	0.00	38	0	42	0.00	0.00	57.49	7.19	0.00	0.00	2000
74	6.26	1190	2097	0.00	194	0	0	0	nan	0.00	0.00	2.71	90.81	93.74	0.00	37	0	43	0.00	0.00	58.88	7.44	0.00	0.00	2000
71	6.36	1131	2073	0.00	193	0	0	0	nan	0.00	0.00	2.97	89.49	93.64	0.00	37	0	43	0.00	0.00	58.56	7.50	0.00	0.00	2000
75	6.34	1160	2129	0.00	193	0	0	0	nan	0.00	0.00	3.79	90.98	93.66	0.00	37	0	43	0.00	0.00	62.68	8.01	0.00	0.00	2000
72	6.49	1110	2095	0.00	194	0	0	0	90.04	0.00	0.00	3.89	89.32	93.51	0.00	37	0	43	0.00	0.00	59.02	7.33	0.00	0.00	2000
100	8.66	1175	2073	0.26	193	0	0	6	42.18	0.00	0.00	4.79	85.52	91.34	0.00	38	0	43	0.00	0.00	57.43	7.31	0.00	0.00	2000
73	6.85	1062	2109	0.12	193	0	0	0	nan	0.00	0.00	2.38	91.13	93.15	0.00	37	0	43	0.00	0.00	55.96	7.14	0.00	0.00	2000
109	7.72	1403	2116	0.00	212	0	0	0	nan	0.01	0.00	4.69	88.21	92.28	0.00	38	0	43	0.00	0.00	60.94	7.57	0.00	0.00	2000
232	10.99	2096	2112	0.00	252	0	0	0	nan	0.00	0.02	3.91	85.71	89.01	0.00	39	0	43	0.00	0.00	66.93	7.77	0.00	0.00	2000
232	11.22	2073	2097	0.00	206	0	0	0	nan	0.00	0.00	4.41	84.28	88.79	0.00	40	0	43	0.00	0.00	65.47	7.35	0.00	0.00	2000
228	10.71	2140	2090	0.00	202	0	0	0	nan	0.00	0.00	3.17	85.61	89.29	0.00	41	0	43	0.00	0.00	65.23	7.53	0.00	0.00	2000
231	11.13	2105	2068	0.00	204	0	0	0	nan	0.00	0.19	3.23	84.11	88.87	0.00	40	0	43	0.00	0.00	58.15	6.71	0.00	0.00	2000
233	10.99	2087	2129	0.00	236	0	0	0	nan	0.00	0.02	7.66	82.49	89.01	0.00	38	0	43	0.00	0.00	72.58	8.50	0.00	0.00	2000
232	10.92	2127	2096	0.00	197	0	0	0	nan	0.00	0.00	5.74	83.32	89.08	0.00	39	0	43	0.00	0.00	66.36	7.64	0.00	0.00	2000
236	11.55	2032	2109	0.00	195	0	0	0	nan	0.00	0.04	5.87	83.06	88.45	0.00	38	0	43	0.00	0.00	65.60	8.03	0.00	0.00	2000
227	11.18	2024	2108	0.00	215	0	0	0	nan	0.00	0.00	6.69	82.60	88.82	0.00	39	0	42	0.00	0.00	66.60	8.13	0.00	0.00	2000
223	10.89	2051	2096	0.00	196	0	0	0	nan	0.00	0.00	7.51	81.55	89.11	0.00	39	0	43	0.00	0.00	64.49	7.58	0.00	0.00	2000
220	11.13	2009	2063	0.00	196	0	0	0	nan	0.00	0.00	7.33	80.17	88.87	0.00	39	0	43	0.00	0.00	62.82	7.18	0.00	0.00	2000
223	11.14	1975	2131	0.00	198	0	0	0	nan	0.00	0.00	7.65	82.76	88.86	0.00	39	0	43	0.00	0.00	64.33	7.60	0.00	0.00	2000
216	11.44	2018	1965	0.00	195	0	0	0	nan	0.00	0.06	5.71	77.32	88.56	0.00	40	0	43	0.00	0.00	59.49	6.87	0.00	0.00	2000
228	10.63	2003	2245	0.00	217	0	0	0	nan	0.00	0.00	6.41	89.30	89.37	0.00	40	0	43	0.00	0.00	71.05	8.16	0.00	0.00	2000
221	10.62	2081	2102	0.07	196	0	0	16	94.11	0.00	0.02	7.32	82.24	89.38	0.00	40	0	43	0.00	0.00	64.70	7.45	0.00	0.00	2000
222	11.01	2041	2074	0.60	196	0	0	7	76.56	0.00	0.00	6.51	81.50	88.99	0.00	40	0	42	0.00	0.00	63.52	7.51	0.00	0.00	2000
222	10.92	2023	2107	0.00	213	0	0	0	nan	0.00	0.00	5.12	84.35	89.09	0.00	40	0	43	0.00	0.00	65.27	7.60	0.00	0.00	2000
225	10.97	2056	2098	0.00	198	0	0	0	nan	0.00	0.02	6.18	82.82	89.03	0.00	41	0	43	0.00	0.00	63.86	7.47	0.00	0.00	2000
256	12.06	2131	2093	0.00	205	0	0	0	nan	0.00	0.00	3.78	83.99	87.94	0.00	40	0	43	0.00	0.00	65.35	7.50	0.00	0.00	2000
222	10.60	2095	2096	0.00	198	0	0	0	nan	0.00	0.04	3.21	86.15	89.40	0.00	41	0	43	0.00	0.00	64.51	7.47	0.00	0.00	2000
223	10.66	2080	2110	0.00	199	0	0	0	nan	0.00	0.02	4.71	85.12	89.34	0.00	40	0	43	0.00	0.00	64.55	7.44	0.00	0.00	2000
226	10.58	2096	2135	0.00	199	0	0	0	nan	0.00	0.02	7.86	83.06	89.42	0.00	40	0	43	0.00	0.00	65.71	7.79	0.00	0.00	2000
225	10.85	2073	2103	0.00	196	0	0	0	nan	0.00	0.00	6.49	82.88	89.15	0.00	40	0	43	0.00	0.00	65.57	7.70	0.00	0.00	2000
223	10.91	2046	2097	0.00	200	0	0	0	nan	0.00	0.00	7.05	82.01	89.09	0.00	40	0	43	0.00	0.00	64.49	7.45	0.00	0.00	2000
221	11.02	2053	2052	0.00	194	0	0	0	nan	0.00	0.00	7.36	79.70	88.99	0.00	41	0	43	0.00	0.00	63.62	7.28	0.00	0.00	2000
223	10.73	2029	2152	0.00	194	0	0	0	nan	0.00	0.00	6.38	85.26	89.27	0.00	40	0	43	0.00	0.00	65.56	7.61	0.00	0.00	2000
222	10.93	2036	2096	0.00	213	0	0	0	nan	0.00	0.02	6.65	82.37	89.07	0.00	40	0	43	0.00	0.00	65.39	7.69	0.00	0.00	2000
225	10.93	2099	2059	0.00	200	0	0	0	nan	0.00	0.00	5.35	82.13	89.07	0.00	40	0	43	0.00	0.00	63.05	7.37	0.00	0.00	2000
224	10.72	2042	2147	0.00	195	0	0	0	nan	0.00	0.02	7.86	83.48	89.28	0.00	40	0	43	0.00	0.00	65.47	7.69	0.00	0.00	2000
223	10.84	2064	2092	0.00	197	0	0	0	nan	0.00	0.00	5.80	83.10	89.16	0.00	41	0	43	0.00	0.00	64.83	7.58	0.00	0.00	2000
222	10.88	2041	2097	0.00	200	0	0	0	nan	0.00	0.02	6.30	82.82	89.12	0.00	40	0	43	0.00	0.00	64.27	7.59	0.00	0.00	2000
223	11.19	2047	2048	0.13	202	0	0	15	55.20	0.00	0.00	6.58	80.11	88.81	0.00	39	0	43	0.00	0.00	57.40	6.70	0.00	0.00	2000
223	10.59	2062	2147	0.45	215	0	0	4	83.37	0.00	0.05	6.40	85.04	89.41	0.00	38	0	42	0.00	0.00	67.95	7.89	0.00	0.00	2000
236	11.34	2060	2121	0.00	198	0	0	0	nan	0.00	0.45	2.87	86.38	88.66	0.00	38	0	43	0.00	0.00	70.81	8.42	0.00	0.00	2000
226	10.85	2134	2054	0.00	199	0	0	0	nan	0.00	0.02	5.04	82.24	89.15	0.00	39	0	43	0.00	0.00	62.19	7.84	0.00	0.00	2000
242	10.93	2163	2148	0.00	248	0	0	0	nan	0.00	0.00	5.98	85.13	89.07	0.00	38	0	43	0.00	0.00	69.86	8.48	0.00	0.00	2000
235	12.08	2066	1973	0.00	188	0	0	0	nan	0.00	0.02	8.30	74.34	87.92	0.00	38	0	42	0.00	0.00	59.82	7.08	0.00	0.00	2000
84	6.69	1188	2232	0.00	259	0	0	0	nan	0.00	0.81	7.59	90.85	93.31	0.00	38	0	43	0.00	0.00	64.85	8.32	0.00	0.00	2000
139	10.24	1346	2113	0.00	48	0	0	0	nan	0.00	0.03	13.10	77.28	89.76	0.00	38	0	42	0.00	0.00	63.07	7.68	0.00	0.00	2000
