Avg_MHz	Busy%	Bzy_MHz	TSC_MHz	IPC	IRQ	NMI	SMI	LLCMRPS	LLC%hit	POLL%	C1%	C1E%	C6%	CPU%c1	CPU%c6	CoreTmp	CoreThr	PkgTmp	Pkg%pc2	Pkg%pc6	PkgWatt	RAMWatt	PKG_%	RAM_%	UncMHz
446	20.32	2026	2276	0.00	264	0	0	0	nan	0.02	1.52	33.13	51.78	79.68	0.00	38	0	42	0.00	0.00	69.14	8.21	0.00	0.00	2000
465	20.60	2269	2089	0.00	210	0	0	0	nan	0.05	1.21	14.60	63.45	79.40	0.00	37	0	43	0.00	0.00	68.77	7.62	0.00	0.00	2000
85	7.48	1134	2095	0.00	221	0	0	0	nan	0.00	0.00	12.15	80.31	92.52	0.00	37	0	42	0.00	0.00	61.53	7.78	0.00	0.00	2000
73	7.13	1014	2112	0.00	210	0	0	0	nan	0.00	0.00	4.02	89.50	92.87	0.00	37	0	43	0.00	0.00	57.82	7.29	0.00	0.00	2000
73	7.21	1007	2125	0.00	194	0	0	0	nan	0.00	0.00	4.63	89.38	92.79	0.00	37	0	42	0.00	0.00	57.55	7.37	0.00	0.00	2000
72	6.85	1050	2098	0.00	193	0	0	0	nan	0.00	0.02	3.59	89.63	93.15	0.00	37	0	42	0.00	0.00	55.29	7.17	0.00	0.00	2000
72	7.02	1040	2074	0.00	194	0	0	0	nan	0.00	0.01	2.82	89.21	92.98	0.00	37	0	43	0.00	0.00	59.12	6.89	0.00	0.00	2000
74	7.08	1028	2128	0.00	195	0	0	0	nan	0.00	0.02	2.75	91.69	92.92	0.00	37	0	43	0.00	0.00	59.57	7.60	0.00	0.00	2000
73	6.65	1108	2086	0.00	193	0	0	0	nan	0.00	0.00	2.90	89.94	93.35	0.00	37	0	43	0.00	0.00	58.86	7.63	0.00	0.00	2000
73	6.76	1077	2110	0.00	193	0	0	0	nan	0.00	0.00	4.03	89.78	93.24	0.00	37	0	43	0.00	0.00	59.03	7.47	0.00	0.00	2000
71	7.21	1000	2076	0.00	196	0	0	0	nan	0.00	0.00	4.07	87.82	92.79	0.00	37	0	42	0.00	0.00	55.31	7.26	0.00	0.00	2000
72	7.01	1024	2095	0.00	194	0	0	0	nan	0.00	0.01	2.95	89.84	92.99	0.00	37	0	43	0.00	0.00	58.58	7.48	0.00	0.00	2000
73	7.12	1012	2133	0.00	210	0	0	0	nan	0.00	0.00	4.15	90.22	92.88	0.00	37	0	42	0.00	0.00	59.54	7.53	0.00	0.00	2000
71	6.89	1033	2099	0.00	193	0	0	0	nan	0.00	0.00	3.49	89.74	93.11	0.00	37	0	43	0.00	0.00	58.04	7.38	0.00	0.00	2000
72	6.69	1082	2093	0.00	193	0	0	0	nan	0.00	0.00	3.00	90.13	93.31	0.00	37	0	43	0.00	0.00	58.12	7.35	0.00	0.00	2000
72	7.05	1019	2108	0.00	194	0	0	1	88.58	0.00	0.02	3.60	89.81	92.95	0.00	37	0	42	0.00	0.00	57.73	7.32	0.00	0.00	2000
73	6.90	1057	2099	0.30	193	0	0	1	87.27	0.00	0.02	2.94	90.23	93.10	0.00	37	0	42	0.00	0.00	58.52	7.34	0.00	0.00	2000
72	6.93	1037	2100	0.00	193	0	0	0	nan	0.00	0.01	3.65	89.49	93.07	0.00	37	0	42	0.00	0.00	57.38	7.42	0.00	0.00	2000
136	8.96	1526	2082	0.00	211	0	0	0	nan	0.03	0.00	4.60	85.74	91.04	0.00	38	0	42	0.00	0.00	58.55	7.05	0.00	0.00	2000
230	10.83	2130	2089	0.00	204	0	0	0	nan	0.00	0.00	4.10	84.61	89.17	0.00	39	0	43	0.00	0.00	65.26	7.58	0.00	0.00	2000
234	11.07	2085	2126	0.00	203	0	0	0	nan	0.00	0.02	2.51	87.58	88.93	0.00	40	0	43	0.00	0.00	65.39	7.63	0.00	0.00	2000
231	11.03	2102	2097	0.00	204	0	0	0	nan	0.00	0.00	3.44	85.45	88.97	0.00	40	0	43	0.00	0.00	64.98	7.52	0.00	0.00	2000
231	11.30	2047	2100	0.00	236	0	0	0	nan	0.00	0.01	5.45	83.37	88.70	0.00	38	0	43	0.00	0.00	65.22	7.66	0.00	0.00	2000
224	11.16	2007	2104	0.00	195	0	0	0	nan	0.00	0.00	7.91	81.25	88.84	0.00	39	0	43	0.00	0.00	66.13	8.35	0.00	0.00	2000
221	10.86	2037	2097	0.00	197	0	0	0	nan	0.04	0.01	7.70	81.55	89.14	0.00	39	0	43	0.00	0.00	64.00	7.71	0.00	0.00	2000
230	11.01	2097	2089	0.00	197	0	0	0	nan	0.00	0.52	6.26	81.90	88.99	0.00	37	0	42	0.00	0.00	66.71	8.12	0.00	0.00	2000
237	11.27	2092	2112	0.00	201	0	0	0	nan	0.00	0.03	3.80	85.45	88.73	0.00	38	0	43	0.00	0.00	66.24	7.75	0.00	0.00	2000
226	11.21	2050	2064	0.00	198	0	0	0	nan	0.00	0.04	5.62	81.72	88.79	0.00	38	0	43	0.00	0.00	64.47	7.36	0.00	0.00	2000
231	11.05	2077	2111	0.00	197	0	0	0	nan	0.00	0.01	4.95	84.53	88.95	0.00	38	0	43	0.00	0.00	63.16	7.26	0.00	0.00	2000
232	11.02	2098	2110	0.00	197	0	0	0	nan	0.00	0.02	4.59	84.91	88.98	0.00	39	0	43	0.00	0.00	65.97	7.61	0.00	0.00	2000
232	11.17	2110	2063	0.00	199	0	0	0	nan	0.00	0.01	3.79	83.49	88.83	0.00	39	0	43	0.00	0.00	64.89	7.48	0.00	0.00	2000
232	10.77	2121	2136	0.00	220	0	0	0	nan	0.00	0.00	6.36	84.44	89.23	0.00	38	0	43	0.00	0.00	66.24	7.60	0.00	0.00	2000
244	11.59	2097	2108	0.00	196	0	0	5	85.19	0.00	0.00	8.01	80.85	88.41	0.00	39	0	43	0.00	0.00	64.55	7.44	0.00	0.00	2000
231	11.27	2044	2107	0.70	199	0	0	9	86.21	0.00	0.00	5.76	83.39	88.73	0.00	39	0	43	0.00	0.00	67.86	7.85	0.00	0.00	2000
229	10.92	2108	2090	0.00	197	0	0	0	nan	0.00	0.03	5.59	83.14	89.08	0.00	39	0	43	0.00	0.00	62.66	7.27	0.00	0.00	2000
233	11.30	2050	2108	0.00	199	0	0	0	nan	0.01	0.52	5.07	83.42	88.70	0.00	38	0	43	0.00	0.00	64.84	7.58	0.00	0.00	2000
237	11.37	2083	2101	0.00	206	0	0	0	nan	0.00	0.21	6.47	82.04	88.63	0.00	39	0	43	0.00	0.00	65.26	7.54	0.00	0.00	2000
230	10.71	2145	2102	0.00	198	0	0	0	nan	0.00	0.02	6.73	82.66	89.29	0.00	39	0	42	0.00	0.00	66.13	7.70	0.00	0.00	2000
230	10.92	2113	2094	0.00	196	0	0	0	nan	0.00	0.00	5.97	82.93	89.08	0.00	40	0	43	0.00	0.00	64.33	7.58	0.00	0.00	2000
228	10.89	2092	2100	0.00	196	0	0	0	nan	0.00	0.00	7.15	82.01	89.11	0.00	40	0	43	0.00	0.00	65.41	7.52	0.00	0.00	2000
227	10.97	2101	2069	0.00	198	0	0	0	nan	0.00	0.00	6.29	81.55	89.04	0.00	39	0	42	0.00	0.00	63.31	7.25	0.00	0.00	2000
235	11.26	2085	2105	0.00	197	0	0	0	nan	0.00	0.00	4.97	84.04	88.74	0.00	39	0	43	0.00	0.00	66.06	7.98	0.00	0.00	2000
233	11.00	2098	2116	0.00	197	0	0	0	nan	0.00	0.04	6.06	83.64	89.00	0.00	39	0	43	0.00	0.00	65.83	7.65	0.00	0.00	2000
233	10.95	2117	2108	0.00	213	0	0	0	nan	0.00	0.01	5.97	83.40	89.05	0.00	39	0	43	0.00	0.00	64.93	7.55	0.00	0.00	2000
232	10.77	2149	2105	0.00	199	0	0	0	nan	0.00	0.02	6.13	83.24	89.23	0.00	39	0	43	0.00	0.00	65.10	7.48	0.00	0.00	2000
223	11.50	2140	1901	0.00	196	0	0	0	nan	0.03	0.00	5.59	74.57	88.50	0.00	39	0	42	0.00	0.00	60.89	7.14	0.00	0.00	2000
228	10.66	1919	2336	0.00	256	0	0	0	nan	0.00	0.00	6.90	92.57	89.34	0.00	39	0	42	0.00	0.00	71.70	8.52	0.00	0.00	2000
232	10.69	2160	2110	0.00	203	0	0	0	nan	0.00	0.00	3.15	86.55	89.31	0.00	40	0	43	0.00	0.00	66.22	7.72	0.00	0.00	2000
226	10.57	2170	2070	0.00	204	0	0	0	nan	0.00	0.02	3.68	84.46	89.43	0.00	40	0	42	0.00	0.00	65.44	7.75	0.00	0.00	2000
238	11.06	2121	2133	0.32	204	0	0	8	79.00	0.00	0.02	2.25	88.11	88.94	0.00	40	0	42	0.00	0.00	65.75	7.57	0.00	0.00	2000
228	10.83	2121	2085	0.63	211	0	0	4	84.09	0.00	0.00	2.98	85.58	89.17	0.00	41	0	43	0.00	0.00	62.94	7.52	0.00	0.00	2000
232	11.20	2066	2104	0.00	207	0	0	0	nan	0.00	0.02	3.74	85.21	88.80	0.00	41	0	43	0.00	0.00	65.70	7.60	0.00	0.00	2000
230	10.99	2099	2092	0.00	204	0	0	0	nan	0.00	0.02	3.15	85.56	89.01	0.00	41	0	43	0.00	0.00	64.10	7.33	0.00	0.00	2000
231	11.11	2070	2109	0.00	203	0	0	0	nan	0.00	0.00	3.21	86.08	88.89	0.00	41	0	43	0.00	0.00	64.93	7.61	0.00	0.00	2000
231	10.98	2115	2091	0.00	202	0	0	0	nan	0.00	0.00	3.42	85.20	89.02	0.00	41	0	43	0.00	0.00	65.74	7.73	0.00	0.00	2000
230	10.70	2138	2108	0.00	213	0	0	0	nan	0.00	0.01	2.97	86.72	89.30	0.00	41	0	42	0.00	0.00	68.16	7.98	0.00	0.00	2000
231	10.83	2132	2105	0.00	204	0	0	0	nan	0.00	0.00	3.55	85.89	89.17	0.00	41	0	42	0.00	0.00	67.47	7.93	0.00	0.00	2000
227	11.00	2073	2089	0.00	203	0	0	0	nan	0.00	0.02	3.10	85.53	89.00	0.00	41	0	42	0.00	0.00	59.99	7.24	0.00	0.00	2000
232	10.94	2125	2099	0.00	204	0	0	0	nan	0.00	0.00	2.31	86.58	89.06	0.00	41	0	43	0.00	0.00	66.22	7.65	0.00	0.00	2000
232	11.07	2081	2111	0.00	203	0	0	0	nan	0.00	0.00	3.29	86.15	88.93	0.00	41	0	42	0.00	0.00	66.32	7.80	0.00	0.00	2000
235	11.14	2106	2102	0.00	215	0	0	0	nan	0.00	0.02	3.87	85.07	88.86	0.00	41	0	42	0.00	0.00	65.84	7.64	0.00	0.00	2000
228	10.91	2096	2091	0.00	204	0	0	0	nan	0.00	0.00	3.70	85.10	89.09	0.00	41	0	43	0.00	0.00	65.07	7.77	0.00	0.00	2000
230	10.50	2190	2095	0.00	204	0	0	0	nan	0.00	0.00	3.85	85.41	89.50	0.00	41	0	43	0.00	0.00	67.12	8.13	0.00	0.00	2000
241	11.02	2167	2118	0.00	203	0	0	0	nan	0.00	0.02	3.65	86.10	88.98	0.00	42	0	43	0.00	0.00	64.53	7.48	0.00	0.00	2000
229	10.59	2176	2084	0.00	220	0	0	0	nan	0.00	0.00	5.53	83.23	89.41	0.00	41	0	42	0.00	0.00	63.23	7.43	0.00	0.00	2000
230	10.90	2111	2100	0.00	211	0	0	0	nan	0.00	0.00	3.58	85.58	89.10	0.00	41	0	43	0.00	0.00	65.80	7.88	0.00	0.00	2000
230	11.12	2063	2105	0.07	203	0	0	5	81.14	0.00	0.00	3.22	85.89	88.88	0.00	42	0	43	0.00	0.00	64.16	7.58	0.00	0.00	2000
229	10.96	2097	2094	0.86	203	0	0	6	82.38	0.00	0.00	2.77	86.09	89.04	0.00	41	0	42	0.00	0.00	65.99	7.81	0.00	0.00	2000
232	11.03	2096	2108	0.00	203	0	0	0	nan	0.00	0.02	3.38	86.08	88.97	0.00	41	0	43	0.00	0.00	67.93	8.10	0.00	0.00	2000
232	10.98	2097	2112	0.00	207	0	0	0	nan	0.00	0.00	2.86	86.68	89.02	0.00	41	0	43	0.00	0.00	66.18	7.80	0.00	0.00	2000
232	10.90	2132	2093	0.00	213	0	0	0	nan	0.00	0.00	3.62	85.22	89.10	0.00	41	0	43	0.00	0.00	62.35	7.42	0.00	0.00	2000
228	11.09	2069	2091	0.00	207	0	0	0	nan	0.00	0.00	3.77	84.90	88.91	0.00	42	0	43	0.00	0.00	63.41	7.44	0.00	0.00	2000
230	11.01	2089	2099	0.00	204	0	0	0	nan	0.00	0.00	3.11	86.02	88.99	0.00	41	0	43	0.00	0.00	65.85	7.61	0.00	0.00	2000
229	10.95	2091	2104	0.00	205	0	0	0	nan	0.00	0.02	3.62	85.69	89.05	0.00	41	0	43	0.00	0.00	68.28	7.99	0.00	0.00	2000
231	10.78	2137	2106	0.00	204	0	0	0	nan	0.00	0.00	2.86	86.61	89.22	0.00	42	0	43	0.00	0.00	65.22	7.80	0.00	0.00	2000
231	11.21	2058	2105	0.00	204	0	0	0	nan	0.00	0.02	2.92	86.18	88.79	0.00	42	0	43	0.00	0.00	66.05	7.81	0.00	0.00	2000
230	11.07	2091	2087	0.00	214	0	0	0	nan	0.00	0.00	4.01	84.46	88.93	0.00	42	0	43	0.00	0.00	60.18	7.16	0.00	0.00	2000
228	11.23	2033	2094	0.00	203	0	0	0	nan	0.00	0.01	2.72	85.77	88.77	0.00	41	0	43	0.00	0.00	65.78	7.80	0.00	0.00	2000
230	11.30	2034	2104	0.00	202	0	0	0	nan	0.00	0.02	2.21	86.70	88.70	0.00	41	0	43	0.00	0.00	64.95	7.73	0.00	0.00	2000
227	10.75	2127	2089	0.00	203	0	0	0	nan	0.00	0.00	2.75	86.13	89.25	0.00	42	0	43	0.00	0.00	68.38	8.03	0.00	0.00	2000
234	11.10	2088	2118	0.00	202	0	0	0	nan	0.00	0.01	3.39	86.36	88.90	0.00	41	0	42	0.00	0.00	66.13	7.55	0.00	0.00	2000
227	10.64	2154	2078	0.00	215	0	0	0	nan	0.00	0.02	3.64	84.78	89.36	0.00	41	0	43	0.00	0.00	60.71	7.13	0.00	0.00	2000
234	11.16	2071	2124	0.00	203	0	0	0	nan	0.00	0.00	1.75	88.26	88.84	0.00	42	0	43	0.00	0.00	65.42	7.74	0.00	0.00	2000
230	10.71	2147	2103	0.00	200	0	0	3	82.94	0.00	0.02	3.13	86.36	89.29	0.00	41	0	43	0.00	0.00	67.67	7.89	0.00	0.00	2000
225	10.94	2081	2077	0.94	202	0	0	8	82.00	0.00	0.00	3.24	85.00	89.06	0.00	42	0	43	0.00	0.00	64.94	7.72	0.00	0.00	2000
234	11.21	2076	2115	0.00	204	0	0	0	nan	0.00	0.02	4.28	85.28	88.79	0.00	42	0	43	0.00	0.00	68.40	7.64	0.00	0.00	2000
229	10.75	2136	2090	0.00	212	0	0	0	nan	0.00	0.00	3.03	85.86	89.25	0.00	42	0	43	0.00	0.00	60.45	7.34	0.00	0.00	2000
233	11.09	2081	2122	0.00	202	0	0	0	nan	0.00	0.01	2.46	87.47	88.91	0.00	42	0	43	0.00	0.00	65.90	7.86	0.00	0.00	2000
228	11.10	2064	2088	0.00	204	0	0	0	nan	0.00	0.00	3.07	85.48	88.90	0.00	42	0	43	0.00	0.00	64.71	7.58	0.00	0.00	2000
226	10.89	2095	2082	0.00	202	0	0	0	nan	0.00	0.00	2.97	85.43	89.11	0.00	42	0	43	0.00	0.00	63.95	7.55	0.00	0.00	2000
231	10.88	2117	2105	0.00	203	0	0	0	nan	0.00	0.00	3.42	85.83	89.12	0.00	42	0	43	0.00	0.00	65.34	7.71	0.00	0.00	2000
235	11.22	2078	2118	0.00	212	0	0	0	nan	0.00	0.02	4.57	85.10	88.78	0.00	42	0	43	0.00	0.00	67.28	7.88	0.00	0.00	2000
232	10.95	2111	2105	0.00	205	0	0	0	nan	0.00	0.02	3.00	86.25	89.05	0.00	42	0	43	0.00	0.00	65.70	7.64	0.00	0.00	2000
225	10.78	2113	2069	0.00	203	0	0	0	nan	0.00	0.00	3.16	84.58	89.22	0.00	41	0	43	0.00	0.00	64.08	7.44	0.00	0.00	2000
236	11.30	2056	2132	0.00	201	0	0	0	nan	0.00	0.00	2.73	87.40	88.70	0.00	41	0	43	0.00	0.00	65.86	7.87	0.00	0.00	2000
229	11.05	2067	2101	0.00	201	0	0	0	nan	0.00	0.03	3.40	85.73	88.95	0.00	41	0	43	0.00	0.00	65.54	7.62	0.00	0.00	2000
268	12.34	2174	2101	0.00	211	0	0	0	nan	0.00	0.00	4.13	83.60	87.66	0.00	42	0	43	0.00	0.00	66.30	7.73	0.00	0.00	2000
224	10.83	2094	2072	0.00	202	0	0	0	nan	0.00	0.00	3.38	84.76	89.17	0.00	41	0	43	0.00	0.00	63.83	7.52	0.00	0.00	2000
229	10.90	2101	2097	0.00	204	0	0	0	nan	0.00	0.00	3.99	85.06	89.10	0.00	41	0	43	0.00	0.00	65.05	7.77	0.00	0.00	2000
233	11.03	2083	2129	0.00	204	0	0	0	nan	0.00	0.00	3.84	86.43	88.97	0.00	41	0	43	0.00	0.00	67.45	7.86	0.00	0.00	2000
229	11.26	2038	2095	0.00	200	0	0	0	nan	0.00	0.02	3.05	85.54	88.74	0.00	42	0	42	0.00	0.00	65.93	7.67	0.00	0.00	2000
232	11.08	2089	2108	0.98	202	0	0	9	78.86	0.00	0.01	3.03	86.33	88.92	0.00	41	0	43	0.00	0.00	64.32	7.51	0.00	0.00	2000
228	11.00	2095	2077	0.05	214	0	0	0	nan	0.00	0.00	3.58	84.54	89.00	0.00	42	0	43	0.00	0.00	63.82	7.47	0.00	0.00	2000
231	10.86	2116	2106	0.00	202	0	0	0	nan	0.00	0.02	3.68	85.75	89.14	0.00	41	0	42	0.00	0.00	66.33	7.71	0.00	0.00	2000
234	10.86	2139	2117	0.00	203	0	0	0	nan	0.00	0.00	2.94	86.95	89.14	0.00	41	0	43	0.00	0.00	67.49	7.77	0.00	0.00	2000
229	11.23	2049	2091	0.00	204	0	0	0	nan	0.00	0.02	2.99	85.47	88.77	0.00	42	0	43	0.00	0.00	65.23	7.79	0.00	0.00	2000
229	11.08	2083	2082	0.00	205	0	0	0	nan	0.00	0.00	3.04	85.14	88.92	0.00	42	0	43	0.00	0.00	62.55	7.30	0.00	0.00	2000
231	11.04	2081	2111	0.00	212	0	0	0	nan	0.00	0.02	3.50	86.01	88.96	0.00	42	0	43	0.00	0.00	66.09	7.70	0.00	0.00	2000
233	11.17	2070	2116	0.00	202	0	0	0	nan	0.00	0.00	2.68	86.92	88.83	0.00	42	0	43	0.00	0.00	66.77	7.76	0.00	0.00	2000
230	10.91	2110	2099	0.00	203	0	0	0	nan	0.00	0.02	3.68	85.40	89.09	0.00	41	0	43	0.00	0.00	67.05	7.73	0.00	0.00	2000
231	11.09	2086	2095	0.00	204	0	0	0	nan	0.00	0.00	4.27	84.50	88.91	0.00	41	0	43	0.00	0.00	65.11	7.78	0.00	0.00	2000
231	11.29	2048	2095	0.00	201	0	0	0	nan	0.00	0.00	5.30	83.20	88.71	0.00	41	0	43	0.00	0.00	65.09	7.57	0.00	0.00	2000
239	11.49	2085	2090	0.00	214	0	0	0	nan	0.00	0.00	6.05	82.09	88.51	0.00	41	0	43	0.00	0.00	61.93	7.17	0.00	0.00	2000
230	10.74	2134	2110	0.00	201	0	0	0	nan	0.00	0.00	3.64	86.08	89.26	0.00	42	0	43	0.00	0.00	66.53	7.72	0.00	0.00	2000
231	10.83	2133	2104	0.00	205	0	0	0	nan	0.00	0.00	3.19	86.13	89.17	0.00	41	0	43	0.00	0.00	65.17	7.76	0.00	0.00	2000
229	11.19	2039	2104	0.00	203	0	0	0	nan	0.00	0.00	3.11	85.98	88.81	0.00	41	0	43	0.00	0.00	65.73	7.68	0.00	0.00	2000
226	10.69	2137	2074	0.00	203	0	0	0	nan	0.00	0.00	3.12	85.11	89.31	0.00	42	0	43	0.00	0.00	65.87	7.49	0.00	0.00	2000
239	10.96	2147	2129	0.00	209	0	0	0	nan	0.00	0.00	2.65	87.59	89.04	0.00	42	0	43	0.00	0.00	66.56	8.00	0.00	0.00	2000
228	10.63	2178	2073	0.84	206	0	0	9	79.79	0.00	0.00	3.87	84.38	89.37	0.00	42	0	43	0.00	0.00	62.33	7.22	0.00	0.00	2000
233	10.88	2126	2117	0.16	206	0	0	0	nan	0.00	0.02	3.84	86.01	89.12	0.00	41	0	43	0.00	0.00	66.67	7.73	0.00	0.00	2000
231	10.84	2122	2105	0.00	203	0	0	0	nan	0.00	0.02	2.93	86.48	89.16	0.00	41	0	43	0.00	0.00	66.24	7.66	0.00	0.00	2000
228	10.49	2171	2102	0.00	203	0	0	0	nan	0.00	0.03	2.74	86.84	89.51	0.00	42	0	43	0.00	0.00	65.57	8.19	0.00	0.00	2000
231	10.77	2158	2087	0.00	205	0	0	0	nan	0.00	0.02	3.40	85.20	89.23	0.00	42	0	43	0.00	0.00	66.12	8.38	0.00	0.00	2000
227	10.72	2125	2090	0.00	211	0	0	0	nan	0.00	0.00	3.66	85.21	89.28	0.00	42	0	43	0.00	0.00	66.68	8.49	0.00	0.00	2000
227	10.72	2115	2097	0.00	202	0	0	0	nan	0.00	0.02	2.85	86.40	89.28	0.00	42	0	43	0.00	0.00	66.55	8.54	0.00	0.00	2000
227	10.84	2082	2111	0.00	235	0	0	0	nan	0.00	0.00	3.27	86.49	89.16	0.00	42	0	43	0.00	0.00	67.67	8.66	0.00	0.00	2000
235	11.07	2095	2126	0.00	203	0	0	0	nan	0.00	0.01	3.48	86.59	88.93	0.00	42	0	43	0.00	0.00	68.10	8.87	0.00	0.00	2000
224	10.96	2075	2065	0.00	213	0	0	0	nan	0.00	0.00	3.84	83.89	89.04	0.00	42	0	43	0.00	0.00	65.25	8.35	0.00	0.00	2000
226	10.98	2065	2098	0.00	202	0	0	0	nan	0.00	0.01	3.20	85.84	89.02	0.00	42	0	43	0.00	0.00	66.92	8.67	0.00	0.00	2000
231	10.64	2140	2129	0.00	218	0	0	0	nan	0.00	0.01	3.58	86.96	89.36	0.00	43	0	43	0.00	0.00	68.46	8.88	0.00	0.00	2000
230	10.79	2123	2109	0.00	202	0	0	0	nan	0.00	0.00	3.19	86.26	89.21	0.00	42	0	43	0.00	0.00	67.50	8.71	0.00	0.00	2000
231	10.69	2163	2100	0.00	211	0	0	0	nan	0.00	0.02	4.58	84.65	89.31	0.00	42	0	43	0.00	0.00	67.20	8.60	0.00	0.00	2000
228	10.77	2130	2090	0.00	205	0	0	0	nan	0.00	0.00	4.40	84.49	89.23	0.00	42	0	43	0.00	0.00	66.45	8.47	0.00	0.00	2000
229	11.09	2060	2108	0.00	204	0	0	0	nan	0.00	0.00	3.59	85.76	88.91	0.00	42	0	43	0.00	0.00	67.27	8.65	0.00	0.00	2000
227	10.94	2083	2093	0.00	205	0	0	0	nan	0.00	0.00	3.22	85.71	89.06	0.00	42	0	43	0.00	0.00	66.23	8.56	0.00	0.00	2000
226	10.74	2129	2072	1.64	204	0	0	48	2.98	0.00	0.00	2.86	85.28	89.26	0.00	42	0	43	0.00	0.00	65.73	8.51	0.00	0.00	2000
232	11.11	2065	2125	0.07	230	0	0	0	nan	0.00	0.00	3.94	86.02	88.89	0.00	42	0	43	0.00	0.00	68.13	8.76	0.00	0.00	2000
228	10.60	2145	2103	0.00	202	0	0	0	nan	0.00	0.02	3.09	86.41	89.40	0.00	42	0	43	0.00	0.00	67.25	8.72	0.00	0.00	2000
228	10.85	2095	2107	0.00	203	0	0	0	nan	0.00	0.00	2.78	86.68	89.15	0.00	42	0	43	0.00	0.00	67.03	8.68	0.00	0.00	2000
224	10.92	2081	2067	0.00	217	0	0	0	nan	0.00	0.02	3.31	84.40	89.08	0.00	42	0	43	0.00	0.00	65.50	8.32	0.00	0.00	2000
228	11.07	2061	2100	0.00	203	0	0	0	nan	0.00	0.02	4.27	84.76	88.93	0.00	42	0	43	0.00	0.00	64.16	8.34	0.00	0.00	2000
231	10.94	2091	2118	0.00	229	0	0	0	nan	0.00	0.00	2.93	86.95	89.06	0.00	42	0	43	0.00	0.00	70.39	8.84	0.00	0.00	2000
229	10.60	2176	2080	0.00	203	0	0	0	nan	0.00	0.00	2.97	85.56	89.40	0.00	42	0	43	0.00	0.00	66.53	8.42	0.00	0.00	2000
231	11.04	2061	2134	0.00	201	0	0	0	nan	0.00	0.02	3.18	87.32	88.96	0.00	42	0	43	0.00	0.00	68.45	8.77	0.00	0.00	2000
230	10.81	2129	2097	0.00	219	0	0	0	nan	0.00	0.00	3.99	85.12	89.19	0.00	42	0	43	0.00	0.00	67.41	8.32	0.00	0.00	2000
224	10.64	2135	2067	0.00	213	0	0	0	nan	0.00	0.01	3.28	84.76	89.36	0.00	42	0	43	0.00	0.00	65.17	8.30	0.00	0.00	2000
232	10.85	2102	2135	0.00	220	0	0	0	nan	0.00	0.01	3.74	86.92	89.15	0.00	42	0	43	0.00	0.00	68.67	8.72	0.00	0.00	2000
222	11.12	2034	2066	0.00	201	0	0	0	nan	0.00	0.00	3.35	84.23	88.88	0.00	42	0	43	0.00	0.00	65.08	8.32	0.00	0.00	2000
229	10.96	2094	2096	0.00	219	0	0	0	nan	0.00	0.02	3.24	85.61	89.04	0.00	42	0	43	0.00	0.00	66.93	8.55	0.00	0.00	2000
228	10.96	2075	2109	0.00	211	0	0	0	nan	0.00	0.00	3.80	85.69	89.04	0.00	42	0	43	0.00	0.00	67.16	8.57	0.00	0.00	2000
230	11.24	2020	2127	0.00	219	0	0	0	nan	0.00	0.02	3.64	86.39	88.76	0.00	42	0	43	0.00	0.00	68.38	8.61	0.00	0.00	2000
224	10.81	2102	2070	0.20	202	0	0	25	5.41	0.00	0.02	3.34	84.62	89.19	0.00	42	0	43	0.00	0.00	64.97	8.42	0.00	0.00	2000
229	11.03	2071	2103	1.29	222	0	0	24	8.46	0.00	0.00	3.52	85.57	88.97	0.00	42	0	43	0.00	0.00	67.23	8.64	0.00	0.00	2000
233	10.98	2106	2117	0.00	214	0	0	0	nan	0.00	0.02	3.42	86.26	89.02	0.00	42	0	43	0.00	0.00	67.97	8.57	0.00	0.00	2000
230	11.17	2046	2110	0.00	200	0	0	0	nan	0.00	0.02	2.96	86.47	88.83	0.00	42	0	43	0.00	0.00	64.62	8.12	0.00	0.00	2000
229	10.81	2114	2103	0.00	202	0	0	0	nan	0.00	0.02	3.39	86.01	89.19	0.00	42	0	43	0.00	0.00	67.08	8.52	0.00	0.00	2000
228	11.22	2032	2100	0.00	203	0	0	0	nan	0.00	0.00	3.30	85.62	88.78	0.00	42	0	43	0.00	0.00	67.10	8.52	0.00	0.00	2000
223	10.84	2091	2067	0.00	200	0	0	0	nan	0.00	0.00	3.44	84.38	89.16	0.00	42	0	43	0.00	0.00	67.75	8.43	0.00	0.00	2000
236	11.33	2054	2131	0.00	231	0	0	0	nan	0.00	0.00	4.27	85.81	88.67	0.00	42	0	43	0.00	0.00	66.16	8.46	0.00	0.00	2000
224	10.90	2086	2068	0.00	203	0	0	0	nan	0.00	0.02	4.31	83.55	89.10	0.00	42	0	43	0.00	0.00	65.33	8.78	0.00	0.00	2000
227	11.01	2056	2104	0.00	219	0	0	0	nan	0.00	0.00	3.92	85.26	88.99	0.00	42	0	43	0.00	0.00	67.20	8.20	0.00	0.00	2000
227	10.95	2070	2103	0.00	203	0	0	0	nan	0.00	0.02	3.46	85.66	89.05	0.00	42	0	43	0.00	0.00	69.15	8.94	0.00	0.00	2000
236	11.02	2116	2127	0.00	204	0	0	0	nan	0.00	0.00	3.85	86.25	88.98	0.00	42	0	43	0.00	0.00	65.97	8.27	0.00	0.00	2000
226	10.89	2084	2088	0.00	212	0	0	0	nan	0.00	0.00	3.80	84.87	89.11	0.00	42	0	42	0.00	0.00	66.45	8.43	0.00	0.00	2000
229	10.83	2114	2099	0.00	203	0	0	0	nan	0.00	0.01	3.04	86.16	89.17	0.00	43	0	43	0.00	0.00	66.86	8.48	0.00	0.00	2000
228	10.69	2130	2102	0.00	201	0	0	0	nan	0.00	0.00	2.99	86.50	89.31	0.00	42	0	43	0.00	0.00	67.08	8.48	0.00	0.00	2000
226	10.70	2128	2084	0.00	203	0	0	0	nan	0.00	0.02	2.98	85.62	89.30	0.00	41	0	43	0.00	0.00	66.46	7.58	0.00	0.00	2000
229	11.17	2058	2090	0.00	204	0	0	0	nan	0.00	0.01	3.82	84.59	88.83	0.00	42	0	43	0.00	0.00	59.66	7.20	0.00	0.00	2000
231	10.92	2098	2120	0.27	214	0	0	1	86.68	0.00	0.00	4.00	85.97	89.08	0.00	42	0	43	0.00	0.00	66.02	7.58	0.00	0.00	2000
229	10.86	2101	2104	0.93	203	0	0	1	90.12	0.00	0.00	2.84	86.55	89.14	0.00	41	0	43	0.00	0.00	66.66	7.49	0.00	0.00	2000
232	10.77	2143	2114	0.00	200	0	0	0	nan	0.00	0.02	2.64	87.20	89.23	0.00	41	0	43	0.00	0.00	66.73	7.92	0.00	0.00	2000
228	10.91	2094	2098	0.00	201	0	0	0	nan	0.00	0.02	4.37	84.79	89.09	0.00	41	0	43	0.00	0.00	65.04	7.75	0.00	0.00	2000
229	11.06	2096	2071	0.00	207	0	0	0	nan	0.00	0.00	5.10	82.70	88.94	0.00	42	0	43	0.00	0.00	63.81	7.39	0.00	0.00	2000
232	10.79	2130	2120	0.00	212	0	0	0	nan	0.00	0.01	3.70	86.36	89.21	0.00	41	0	43	0.00	0.00	62.57	7.38	0.00	0.00	2000
223	10.76	2087	2083	0.00	199	0	0	0	nan	0.00	0.82	3.65	84.13	89.24	0.00	41	0	43	0.00	0.00	67.81	7.91	0.00	0.00	2000
210	10.88	1916	2111	0.00	246	0	0	0	nan	0.00	0.02	14.42	75.34	89.12	0.00	39	0	43	0.00	0.00	65.00	7.90	0.00	0.00	2000
110	8.50	1277	2125	0.00	82	0	0	0	nan	0.00	0.00	10.63	81.96	91.50	0.00	38	0	43	0.00	0.00	57.56	7.12	0.00	0.00	2000
