Avg_MHz	Busy%	Bzy_MHz	TSC_MHz	IPC	IRQ	NMI	SMI	LLCMRPS	LLC%hit	POLL%	C1%	C1E%	C6%	CPU%c1	CPU%c6	CoreTmp	CoreThr	PkgTmp	Pkg%pc2	Pkg%pc6	PkgWatt	RAMWatt	PKG_%	RAM_%	UncMHz
296	17.25	1759	2052	0.00	262	0	0	0	nan	0.00	0.00	30.44	50.51	82.75	0.00	38	0	43	0.00	0.00	60.19	7.29	0.00	0.00	2000
453	19.17	2227	2228	0.00	242	0	0	0	nan	0.02	2.01	22.67	61.33	80.83	0.00	38	0	43	0.00	0.00	73.89	8.23	0.00	0.00	2000
79	7.00	1121	2111	0.00	212	0	0	0	nan	0.00	0.00	9.21	84.38	93.00	0.00	37	0	43	0.00	0.00	58.42	7.44	0.00	0.00	2000
72	7.00	1045	2080	0.00	194	0	0	0	nan	0.00	0.00	3.76	88.49	93.00	0.00	37	0	43	0.00	0.00	59.49	7.38	0.00	0.00	2000
79	7.14	1091	2119	0.00	210	0	0	0	nan	0.00	0.00	6.04	87.73	92.86	0.00	37	0	43	0.00	0.00	60.50	7.45	0.00	0.00	2000
73	6.61	1117	2077	0.00	195	0	0	0	nan	0.00	0.00	3.34	89.15	93.39	0.00	37	0	43	0.00	0.00	56.05	7.21	0.00	0.00	2000
75	6.54	1131	2132	0.00	195	0	0	0	nan	0.00	0.00	2.19	92.60	93.46	0.00	37	0	43	0.00	0.00	62.64	7.82	0.00	0.00	2000
72	6.66	1090	2097	0.00	194	0	0	0	nan	0.00	0.00	3.12	90.03	93.34	0.00	38	0	43	0.00	0.00	59.30	7.62	0.00	0.00	2000
74	6.80	1094	2099	0.00	195	0	0	0	nan	0.00	0.00	3.38	89.82	93.20	0.00	37	0	43	0.00	0.00	59.12	7.61	0.00	0.00	2000
73	6.37	1138	2101	0.00	193	0	0	0	nan	0.00	0.01	2.61	90.89	93.63	0.00	37	0	43	0.00	0.00	56.50	7.17	0.00	0.00	2000
73	6.98	1043	2099	0.00	195	0	0	0	nan	0.00	0.00	3.01	89.99	93.02	0.00	37	0	43	0.00	0.00	59.88	7.57	0.00	0.00	2000
72	6.71	1070	2096	0.00	195	0	0	0	nan	0.00	0.00	2.56	90.58	93.29	0.00	38	0	43	0.00	0.00	56.25	7.38	0.00	0.00	2000
74	7.02	1042	2110	0.00	193	0	0	0	nan	0.00	0.02	2.38	91.06	92.98	0.00	37	0	43	0.00	0.00	60.28	7.21	0.00	0.00	2000
72	6.54	1104	2094	0.00	193	0	0	0	nan	0.00	0.00	2.97	90.15	93.46	0.00	37	0	43	0.00	0.00	58.91	7.51	0.00	0.00	2000
74	6.61	1118	2098	0.00	193	0	0	0	nan	0.00	0.02	2.97	90.29	93.39	0.00	37	0	43	0.00	0.00	56.59	7.01	0.00	0.00	2000
70	6.60	1071	2079	0.00	194	0	0	1	87.85	0.00	0.00	3.30	89.17	93.40	0.00	37	0	43	0.00	0.00	57.70	7.52	0.00	0.00	2000
75	6.78	1102	2095	0.28	194	0	0	2	84.81	0.00	0.01	1.91	91.06	93.22	0.00	38	0	43	0.00	0.00	59.90	7.52	0.00	0.00	2000
72	6.73	1058	2122	0.00	210	0	0	0	nan	0.00	0.02	3.12	91.11	93.27	0.00	37	0	43	0.00	0.00	57.41	7.29	0.00	0.00	2000
161	9.13	1785	2077	0.00	197	0	0	0	nan	0.06	0.87	6.19	82.83	90.87	0.00	38	0	43	0.00	0.00	63.38	7.66	0.00	0.00	2000
231	11.00	2082	2118	0.00	197	0	0	0	nan	0.00	0.02	6.33	83.49	89.00	0.00	38	0	43	0.00	0.00	64.56	7.50	0.00	0.00	2000
231	11.28	2040	2108	0.00	198	0	0	0	nan	0.00	0.00	5.79	83.31	88.72	0.00	39	0	43	0.00	0.00	65.14	7.29	0.00	0.00	2000
232	11.01	2124	2087	0.00	203	0	0	0	nan	0.00	0.01	5.39	83.08	88.99	0.00	39	0	43	0.00	0.00	65.17	7.58	0.00	0.00	2000
232	11.13	2070	2111	0.00	195	0	0	0	nan	0.02	0.01	4.42	84.96	88.87	0.00	38	0	43	0.00	0.00	65.16	7.41	0.00	0.00	2000
226	10.94	2062	2101	0.00	196	0	0	0	nan	0.00	0.00	5.44	83.70	89.06	0.00	38	0	43	0.00	0.00	63.19	7.61	0.00	0.00	2000
223	10.97	2037	2099	0.00	196	0	0	0	nan	0.00	0.01	5.47	83.69	89.03	0.00	38	0	43	0.00	0.00	66.09	7.97	0.00	0.00	2000
216	11.27	1978	2035	0.00	184	0	0	0	nan	0.00	0.01	6.56	79.54	88.73	0.00	38	0	43	0.00	0.00	65.19	7.98	0.00	0.00	2000
238	11.33	2040	2167	0.00	215	0	0	0	nan	0.00	0.00	7.06	84.61	88.67	0.00	38	0	43	0.00	0.00	65.94	7.92	0.00	0.00	2000
228	10.87	2122	2074	0.00	198	0	0	0	nan	0.00	0.00	7.16	80.95	89.13	0.00	38	0	43	0.00	0.00	65.27	7.51	0.00	0.00	2000
235	11.12	2083	2132	0.00	196	0	0	0	nan	0.00	0.02	4.55	85.77	88.88	0.00	39	0	43	0.00	0.00	68.02	7.72	0.00	0.00	2000
222	11.31	2048	2009	0.00	198	0	0	0	nan	0.00	0.00	3.41	81.59	88.69	0.00	39	0	43	0.00	0.00	59.27	6.94	0.00	0.00	2000
230	10.90	2106	2108	0.00	212	0	0	0	nan	0.00	0.00	3.77	85.76	89.10	0.00	39	0	43	0.00	0.00	64.85	7.29	0.00	0.00	2000
240	11.29	2050	2179	0.00	220	0	0	0	nan	0.00	0.05	7.24	84.94	88.71	0.00	39	0	43	0.00	0.00	67.90	7.95	0.00	0.00	2000
226	11.09	2082	2056	0.00	196	0	0	5	81.81	0.00	0.01	5.12	81.99	88.91	0.00	39	0	43	0.00	0.00	62.88	7.41	0.00	0.00	2000
235	10.92	2149	2106	0.52	199	0	0	13	84.60	0.00	0.00	4.29	85.06	89.08	0.00	39	0	43	0.00	0.00	63.48	7.42	0.00	0.00	2000
230	10.75	2096	2144	0.00	213	0	0	0	nan	0.00	1.04	5.72	84.45	89.25	0.00	39	0	43	0.00	0.00	67.90	7.78	0.00	0.00	2000
226	11.74	2129	1897	0.00	203	0	0	0	nan	0.00	0.00	6.47	73.27	88.26	0.00	39	0	43	0.00	0.00	59.76	6.83	0.00	0.00	2000
228	10.41	1970	2339	0.00	249	0	0	0	nan	0.00	0.02	7.45	92.34	89.59	0.00	39	0	43	0.00	0.00	72.66	8.63	0.00	0.00	2000
231	11.69	1973	2107	0.00	197	0	0	0	nan	0.00	0.00	6.84	81.94	88.31	0.00	39	0	42	0.00	0.00	63.99	7.75	0.00	0.00	2000
234	11.10	2109	2099	0.00	198	0	0	0	nan	0.00	0.00	5.91	83.00	88.90	0.00	39	0	43	0.00	0.00	65.33	7.87	0.00	0.00	2000
231	11.27	2058	2090	0.00	202	0	0	0	nan	0.00	0.00	7.14	81.34	88.73	0.00	39	0	43	0.00	0.00	65.80	7.97	0.00	0.00	2000
232	11.23	2047	2117	0.00	195	0	0	0	nan	0.00	0.00	7.49	82.08	88.77	0.00	39	0	43	0.00	0.00	64.00	7.63	0.00	0.00	2000
230	11.31	2036	2098	0.00	197	0	0	0	nan	0.00	0.00	5.30	83.47	88.69	0.00	39	0	43	0.00	0.00	64.34	7.94	0.00	0.00	2000
238	11.25	2117	2096	0.00	200	0	0	0	nan	0.00	1.11	5.29	82.33	88.75	0.00	39	0	43	0.00	0.00	66.25	7.71	0.00	0.00	2000
232	11.24	2065	2103	0.00	197	0	0	0	nan	0.00	0.00	6.10	82.93	88.76	0.00	39	0	43	0.00	0.00	64.35	7.76	0.00	0.00	2000
234	11.27	2069	2107	0.00	202	0	0	0	nan	0.00	0.00	6.60	82.53	88.73	0.00	39	0	43	0.00	0.00	64.84	7.95	0.00	0.00	2000
231	11.30	2047	2094	0.00	199	0	0	0	nan	0.00	0.02	9.43	79.10	88.70	0.00	39	0	43	0.00	0.00	64.74	7.91	0.00	0.00	2000
227	11.56	2029	2029	0.00	196	0	0	0	nan	0.00	0.00	6.03	79.52	88.44	0.00	39	0	43	0.00	0.00	61.52	7.31	0.00	0.00	2000
233	10.77	2092	2174	0.00	215	0	0	0	nan	0.00	0.01	4.69	87.77	89.23	0.00	39	0	42	0.00	0.00	68.74	8.22	0.00	0.00	2000
233	11.35	2057	2098	0.00	197	0	0	0	nan	0.00	0.00	6.36	82.22	88.65	0.00	39	0	43	0.00	0.00	65.44	7.89	0.00	0.00	2000
228	11.27	2038	2084	0.07	202	0	0	3	66.86	0.00	0.00	6.42	81.73	88.73	0.00	39	0	43	0.00	0.00	65.01	7.91	0.00	0.00	2000
235	11.30	2054	2126	0.81	196	0	0	2	73.93	0.00	0.00	7.99	81.90	88.70	0.00	39	0	43	0.00	0.00	65.13	7.89	0.00	0.00	2000
230	11.28	2047	2094	0.00	198	0	0	0	nan	0.00	0.00	5.12	83.55	88.72	0.00	39	0	43	0.00	0.00	65.85	8.48	0.00	0.00	2000
230	11.15	2057	2107	0.00	198	0	0	0	nan	0.00	0.00	6.30	83.02	88.85	0.00	40	0	43	0.00	0.00	66.95	8.79	0.00	0.00	2000
229	11.08	2083	2081	0.00	198	0	0	0	nan	0.00	0.00	5.75	82.50	88.92	0.00	39	0	43	0.00	0.00	66.52	8.96	0.00	0.00	2000
229	11.21	2051	2091	0.00	201	0	0	0	nan	0.00	0.00	6.81	81.80	88.79	0.00	39	0	43	0.00	0.00	66.26	8.83	0.00	0.00	2000
231	10.95	2090	2117	0.00	197	0	0	0	nan	0.00	0.02	6.79	83.01	89.05	0.00	40	0	43	0.00	0.00	67.51	8.91	0.00	0.00	2000
229	11.04	2080	2099	0.00	196	0	0	0	nan	0.00	1.01	6.87	81.19	88.96	0.00	39	0	43	0.00	0.00	66.74	8.83	0.00	0.00	2000
229	11.22	2039	2099	0.00	196	0	0	0	nan	0.00	0.00	8.27	80.64	88.78	0.00	39	0	43	0.00	0.00	66.80	9.05	0.00	0.00	2000
229	10.87	2107	2101	0.00	198	0	0	0	nan	0.00	0.00	6.20	83.07	89.13	0.00	39	0	43	0.00	0.00	66.50	8.88	0.00	0.00	2000
232	11.06	2095	2099	0.00	200	0	0	0	nan	0.00	0.00	7.78	81.19	88.94	0.00	39	0	43	0.00	0.00	67.03	8.69	0.00	0.00	2000
225	11.44	2030	2033	0.00	198	0	0	0	nan	0.00	0.02	7.47	78.35	88.56	0.00	39	0	43	0.00	0.00	63.06	8.23	0.00	0.00	2000
231	11.12	2051	2130	0.00	213	0	0	0	nan	0.00	0.00	5.08	85.14	88.88	0.00	39	0	43	0.00	0.00	67.77	9.18	0.00	0.00	2000
231	10.69	2104	2153	0.00	211	0	0	0	nan	0.00	0.02	5.45	86.21	89.31	0.00	39	0	43	0.00	0.00	70.51	9.40	0.00	0.00	2000
227	11.10	2072	2072	0.00	196	0	0	0	nan	0.00	0.00	6.25	81.57	88.90	0.00	39	0	43	0.00	0.00	66.19	8.76	0.00	0.00	2000
229	11.18	2078	2073	0.00	201	0	0	0	nan	0.00	0.00	6.77	80.95	88.82	0.00	39	0	43	0.00	0.00	64.66	8.46	0.00	0.00	2000
234	10.69	2133	2150	0.00	214	0	0	0	nan	0.00	0.02	6.66	84.94	89.31	0.00	40	0	43	0.00	0.00	69.82	9.19	0.00	0.00	2000
230	10.83	2135	2093	0.43	198	0	0	35	5.22	0.00	0.00	6.14	82.85	89.17	0.00	39	0	43	0.00	0.00	67.12	8.92	0.00	0.00	2000
227	11.07	2070	2082	1.19	198	0	0	6	23.38	0.00	0.01	5.89	82.37	88.93	0.00	39	0	43	0.00	0.00	62.67	8.31	0.00	0.00	2000
234	11.15	2076	2121	0.00	202	0	0	0	nan	0.00	0.02	6.17	83.59	88.85	0.00	39	0	43	0.00	0.00	70.56	9.34	0.00	0.00	2000
254	14.14	2212	1705	0.00	197	0	0	0	nan	0.01	0.00	4.53	65.21	85.86	0.00	39	0	43	0.00	0.00	51.93	6.69	0.00	0.00	2000
382	15.14	2202	2408	0.00	243	0	0	0	nan	0.00	0.00	5.62	91.75	84.86	0.00	38	0	43	0.00	0.00	75.58	8.85	0.00	0.00	2000
374	16.56	2275	2086	0.00	218	0	0	0	nan	0.00	0.43	5.28	77.18	83.44	0.00	38	0	43	0.00	0.00	65.55	7.62	0.00	0.00	2000
373	16.76	2223	2105	0.00	213	0	0	0	nan	0.00	0.02	6.53	77.02	83.24	0.00	38	0	43	0.00	0.00	65.30	7.45	0.00	0.00	2000
372	16.56	2240	2106	0.00	213	0	0	0	nan	0.00	0.00	4.93	78.78	83.44	0.00	38	0	43	0.00	0.00	65.25	7.65	0.00	0.00	2000
373	16.98	2207	2093	0.00	213	0	0	0	nan	0.00	0.00	4.67	78.18	83.02	0.00	38	0	43	0.00	0.00	64.95	7.61	0.00	0.00	2000
371	16.60	2249	2085	0.00	215	0	0	0	nan	0.00	0.00	5.97	76.90	83.40	0.00	38	0	43	0.00	0.00	65.24	7.45	0.00	0.00	2000
390	16.41	2222	2247	0.00	212	0	0	0	nan	0.00	0.00	6.32	83.21	83.59	0.00	38	0	43	0.00	0.00	68.34	8.11	0.00	0.00	2000
359	17.66	2231	1913	0.00	194	0	0	0	nan	0.00	0.00	5.02	70.03	82.34	0.00	38	0	43	0.00	0.00	59.52	6.52	0.00	0.00	2000
376	16.34	2228	2169	0.00	230	0	0	0	nan	0.00	0.02	6.25	80.21	83.66	0.00	38	0	43	0.00	0.00	67.63	8.08	0.00	0.00	2000
372	16.66	2240	2095	0.00	215	0	0	0	nan	0.00	0.02	7.18	76.01	83.34	0.00	38	0	43	0.00	0.00	65.15	7.61	0.00	0.00	2000
372	16.57	2242	2106	0.00	211	0	0	0	nan	0.00	0.00	5.50	78.23	83.43	0.00	38	0	43	0.00	0.00	65.02	7.63	0.00	0.00	2000
378	17.16	2216	2085	0.00	213	0	0	0	nan	0.00	0.00	4.78	77.54	82.84	0.00	37	0	43	0.00	0.00	64.81	7.36	0.00	0.00	2000
374	16.63	2225	2123	0.10	218	0	0	21	98.47	0.00	0.01	4.80	79.61	83.37	0.00	37	0	43	0.00	0.00	65.06	7.51	0.00	0.00	2000
374	16.82	2230	2094	0.07	215	0	0	0	78.78	0.02	1.38	6.45	75.18	83.18	0.00	38	0	43	0.00	0.00	64.92	7.53	0.00	0.00	2000
373	16.77	2220	2104	0.00	215	0	0	0	nan	0.02	1.38	8.40	73.69	83.23	0.00	38	0	43	0.00	0.00	65.02	7.49	0.00	0.00	2000
374	16.40	2293	2091	0.00	218	0	0	0	nan	0.00	0.92	6.29	76.02	83.60	0.00	38	0	43	0.00	0.00	65.45	7.48	0.00	0.00	2000
372	16.62	2213	2123	0.00	212	0	0	0	nan	0.00	0.00	5.21	79.15	83.38	0.00	38	0	43	0.00	0.00	64.96	7.58	0.00	0.00	2000
372	16.88	2214	2088	0.00	214	0	0	0	nan	0.00	0.04	5.91	76.82	83.12	0.00	37	0	43	0.00	0.00	64.33	7.57	0.00	0.00	2000
374	16.95	2187	2120	0.00	214	0	0	0	nan	0.00	0.00	7.16	76.78	83.05	0.00	38	0	43	0.00	0.00	64.83	7.57	0.00	0.00	2000
371	17.12	2189	2077	0.00	211	0	0	0	nan	0.00	0.04	7.56	74.53	82.88	0.00	38	0	43	0.00	0.00	64.18	7.67	0.00	0.00	2000
373	15.90	2187	2251	0.00	212	0	0	0	nan	0.04	0.01	6.72	83.52	84.10	0.00	38	0	43	0.00	0.00	70.07	8.23	0.00	0.00	2000
221	10.69	2078	2088	0.00	195	0	0	0	nan	0.00	0.00	6.46	82.41	89.31	0.00	38	0	43	0.00	0.00	63.15	7.55	0.00	0.00	2000
221	11.20	2033	2039	0.00	198	0	0	0	nan	0.00	0.03	6.23	80.03	88.80	0.00	37	0	43	0.00	0.00	60.24	7.37	0.00	0.00	2000
231	10.61	2060	2219	0.00	236	0	0	0	nan	0.00	0.01	7.35	87.01	89.39	0.00	38	0	43	0.00	0.00	71.66	8.45	0.00	0.00	2000
173	9.43	1849	2077	0.00	202	0	0	0	nan	0.00	0.02	3.70	85.83	90.57	0.00	38	0	43	0.00	0.00	62.18	7.62	0.00	0.00	2000
120	8.41	1419	2103	0.00	228	0	0	0	nan	0.00	0.00	9.67	82.16	91.59	0.00	38	0	43	0.00	0.00	59.35	7.60	0.00	0.00	2000
78	7.08	1098	2119	0.00	193	0	0	0	nan	0.00	0.00	2.18	91.59	92.92	0.00	38	0	43	0.00	0.00	58.91	7.44	0.00	0.00	2000
74	6.21	1192	2106	0.00	194	0	0	0	nan	0.01	0.00	2.73	91.20	93.79	0.00	37	0	43	0.00	0.00	59.57	7.71	0.00	0.00	2000
73	6.54	1123	2080	0.01	194	0	0	1	87.44	0.00	0.02	2.48	89.99	93.46	0.00	37	0	43	0.00	0.00	58.59	7.48	0.00	0.00	2000
82	6.59	1239	2099	0.45	145	0	0	2	90.15	0.00	0.01	3.27	89.91	93.41	0.00	38	0	43	0.00	0.00	59.00	7.62	0.00	0.00	2000
