Avg_MHz	Busy%	Bzy_MHz	TSC_MHz	IPC	IRQ	NMI	SMI	LLCMRPS	LLC%hit	POLL%	C1%	C1E%	C6%	CPU%c1	CPU%c6	CoreTmp	CoreThr	PkgTmp	Pkg%pc2	Pkg%pc6	PkgWatt	RAMWatt	PKG_%	RAM_%	UncMHz
267	15.21	1735	2126	0.00	242	0	0	0	nan	0.00	0.00	24.60	61.22	84.79	0.00	37	0	42	0.00	0.00	63.06	7.91	0.00	0.00	2000
466	21.05	2207	2108	0.00	224	0	0	0	nan	0.04	1.35	19.12	59.11	78.95	0.00	38	0	42	0.00	0.00	63.68	7.17	0.00	0.00	2000
101	7.72	1282	2144	0.00	258	0	0	0	nan	0.00	0.04	15.59	78.58	92.28	0.00	37	0	42	0.00	0.00	64.34	8.02	0.00	0.00	2000
80	7.16	1107	2117	0.00	194	0	0	0	nan	0.00	0.02	3.53	90.16	92.84	0.00	37	0	42	0.00	0.00	60.53	7.73	0.00	0.00	2000
75	6.68	1124	2092	0.00	195	0	0	0	nan	0.00	0.00	3.63	89.35	93.32	0.00	37	0	43	0.00	0.00	58.98	7.50	0.00	0.00	2000
73	6.66	1095	2102	0.00	193	0	0	0	nan	0.00	0.00	2.87	90.48	93.34	0.00	37	0	42	0.00	0.00	55.78	7.06	0.00	0.00	2000
73	6.66	1104	2080	0.00	193	0	0	0	nan	0.00	0.02	2.95	89.53	93.34	0.00	37	0	42	0.00	0.00	57.24	7.20	0.00	0.00	2000
73	6.66	1092	2092	0.00	194	0	0	0	nan	0.00	0.00	2.04	90.92	93.34	0.00	37	0	42	0.00	0.00	59.57	7.68	0.00	0.00	2000
74	6.98	1045	2117	0.00	193	0	0	0	nan	0.00	0.00	2.57	91.29	93.02	0.00	37	0	42	0.00	0.00	58.51	7.43	0.00	0.00	2000
74	6.62	1108	2118	0.00	193	0	0	0	nan	0.01	0.00	2.96	91.16	93.38	0.00	37	0	42	0.00	0.00	59.99	7.77	0.00	0.00	2000
73	6.64	1108	2095	0.00	193	0	0	0	nan	0.00	0.02	2.76	90.39	93.36	0.00	37	0	42	0.00	0.00	55.40	7.26	0.00	0.00	2000
72	6.32	1147	2083	0.00	193	0	0	0	nan	0.00	0.00	2.43	90.53	93.68	0.00	37	0	42	0.00	0.00	57.95	7.46	0.00	0.00	2000
74	6.97	1053	2121	0.00	193	0	0	0	nan	0.00	0.00	2.37	91.61	93.03	0.00	37	0	42	0.00	0.00	58.46	7.55	0.00	0.00	2000
72	6.93	1036	2099	0.00	194	0	0	0	nan	0.00	0.00	2.82	90.31	93.07	0.00	37	0	42	0.00	0.00	58.24	7.39	0.00	0.00	2000
84	6.55	1288	2082	0.00	229	0	0	0	nan	0.00	1.60	4.73	86.28	93.45	0.00	37	0	42	0.00	0.00	60.71	7.69	0.00	0.00	2000
73	6.49	1125	2107	0.00	197	0	0	1	86.42	0.00	0.00	4.97	88.82	93.51	0.00	37	0	42	0.00	0.00	57.16	7.45	0.00	0.00	2000
75	6.59	1134	2118	0.29	195	0	0	2	87.68	0.00	0.00	3.03	91.17	93.41	0.00	37	0	42	0.00	0.00	58.15	7.64	0.00	0.00	2000
72	6.71	1073	2098	0.00	193	0	0	0	nan	0.00	0.00	2.79	90.38	93.29	0.00	37	0	42	0.00	0.00	58.63	7.57	0.00	0.00	2000
119	8.22	1469	2070	0.00	210	0	0	0	nan	0.00	0.00	4.60	85.81	91.78	0.00	38	0	42	0.00	0.00	60.79	7.69	0.00	0.00	2000
233	11.05	2083	2123	0.00	219	0	0	0	nan	0.00	0.00	5.02	84.99	88.95	0.00	39	0	43	0.00	0.00	64.76	7.61	0.00	0.00	2000
232	11.01	2111	2097	0.00	203	0	0	0	nan	0.00	0.02	3.70	85.15	88.99	0.00	40	0	42	0.00	0.00	66.83	7.90	0.00	0.00	2000
229	11.04	2076	2100	0.00	203	0	0	0	nan	0.00	0.02	3.63	85.49	88.96	0.00	40	0	42	0.00	0.00	65.20	7.52	0.00	0.00	2000
237	11.49	2157	2005	0.00	206	0	0	0	nan	0.00	0.52	3.96	80.14	88.51	0.00	40	0	42	0.00	0.00	62.79	7.15	0.00	0.00	2000
235	10.95	2040	2205	0.00	215	0	0	0	nan	0.00	0.00	9.35	84.23	89.05	0.00	38	0	42	0.00	0.00	65.34	8.18	0.00	0.00	2000
233	11.20	2079	2101	0.00	194	0	0	0	nan	0.00	0.00	8.33	80.62	88.80	0.00	39	0	42	0.00	0.00	65.68	8.03	0.00	0.00	2000
225	11.51	1995	2060	0.00	183	0	0	0	nan	0.00	0.01	5.35	81.63	88.49	0.00	37	0	42	0.00	0.00	62.54	7.61	0.00	0.00	2000
233	11.11	2057	2142	0.00	214	0	0	0	nan	0.00	0.00	6.30	84.36	88.89	0.00	37	0	42	0.00	0.00	69.84	8.37	0.00	0.00	2000
233	11.33	2073	2082	0.00	201	0	0	0	nan	0.00	0.02	6.80	81.25	88.67	0.00	37	0	42	0.00	0.00	63.51	7.36	0.00	0.00	2000
234	11.11	2086	2119	0.00	195	0	0	0	nan	0.00	0.00	6.73	82.99	88.89	0.00	38	0	42	0.00	0.00	64.28	7.55	0.00	0.00	2000
225	11.00	2095	2054	0.00	199	0	0	0	nan	0.00	0.03	3.77	83.36	89.00	0.00	38	0	42	0.00	0.00	65.86	7.63	0.00	0.00	2000
230	11.02	2085	2100	0.00	195	0	0	0	nan	0.00	0.03	3.94	85.09	88.98	0.00	38	0	42	0.00	0.00	63.59	7.24	0.00	0.00	2000
234	11.31	2029	2139	0.00	215	0	0	0	nan	0.00	0.02	6.04	84.40	88.69	0.00	38	0	42	0.00	0.00	67.32	7.79	0.00	0.00	2000
233	10.94	2126	2103	0.00	195	0	0	5	95.95	0.01	0.00	3.49	85.70	89.06	0.00	38	0	42	0.00	0.00	65.44	7.75	0.00	0.00	2000
228	11.22	2029	2100	0.83	195	0	0	11	87.13	0.00	0.00	4.12	84.80	88.78	0.00	39	0	42	0.00	0.00	62.10	7.30	0.00	0.00	2000
225	10.95	2097	2056	0.00	195	0	0	0	nan	0.00	0.00	3.56	83.74	89.05	0.00	39	0	42	0.00	0.00	65.74	7.71	0.00	0.00	2000
236	11.52	2050	2102	0.00	198	0	0	0	nan	0.00	0.00	3.87	84.76	88.48	0.00	38	0	42	0.00	0.00	61.51	7.11	0.00	0.00	2000
231	10.99	2063	2136	0.00	212	0	0	0	nan	0.00	0.00	5.15	85.49	89.01	0.00	38	0	42	0.00	0.00	68.07	7.95	0.00	0.00	2000
230	11.10	2067	2110	0.00	194	0	0	0	nan	0.00	0.00	4.05	85.36	88.90	0.00	39	0	42	0.00	0.00	64.99	7.60	0.00	0.00	2000
228	11.17	2048	2090	0.00	194	0	0	0	nan	0.00	0.00	4.31	84.23	88.83	0.00	39	0	42	0.00	0.00	64.50	7.50	0.00	0.00	2000
230	11.26	2035	2107	0.00	195	0	0	0	nan	0.00	0.00	4.63	84.44	88.74	0.00	39	0	42	0.00	0.00	62.25	7.58	0.00	0.00	2000
248	11.80	2097	2101	0.00	195	0	0	0	nan	0.00	0.00	4.45	83.89	88.20	0.00	39	0	42	0.00	0.00	68.83	7.55	0.00	0.00	2000
227	11.26	2043	2071	0.00	194	0	0	0	nan	0.00	0.00	4.20	83.45	88.75	0.00	39	0	42	0.00	0.00	62.94	7.41	0.00	0.00	2000
235	11.21	2081	2116	0.00	194	0	0	0	nan	0.00	0.03	2.66	86.88	88.79	0.00	39	0	43	0.00	0.00	67.15	8.10	0.00	0.00	2000
227	10.57	2156	2088	0.00	195	0	0	0	nan	0.00	0.02	2.38	86.51	89.43	0.00	39	0	42	0.00	0.00	62.75	7.33	0.00	0.00	2000
232	11.14	2066	2119	0.00	193	0	0	0	nan	0.00	0.00	2.46	87.30	88.86	0.00	39	0	42	0.00	0.00	67.91	8.02	0.00	0.00	2000
232	11.12	2085	2101	0.00	196	0	0	0	nan	0.00	0.00	2.72	86.31	88.88	0.00	39	0	42	0.00	0.00	62.83	7.35	0.00	0.00	2000
231	11.47	2017	2099	0.00	196	0	0	0	nan	0.00	0.06	3.53	85.02	88.53	0.00	38	0	42	0.00	0.00	65.33	7.91	0.00	0.00	2000
224	11.33	2011	2069	0.00	208	0	0	0	nan	0.00	0.03	3.63	83.84	88.67	0.00	38	0	42	0.00	0.00	61.90	7.36	0.00	0.00	2000
235	10.75	2140	2149	0.00	214	0	0	0	nan	0.00	0.00	7.39	83.97	89.25	0.00	38	0	42	0.00	0.00	69.12	8.19	0.00	0.00	2000
229	10.96	2095	2092	0.00	198	0	0	1	75.58	0.00	0.00	5.90	82.81	89.05	0.00	38	0	42	0.00	0.00	64.52	7.67	0.00	0.00	2000
232	11.16	2079	2103	0.91	197	0	0	4	66.52	0.00	0.00	6.26	82.84	88.84	0.00	39	0	42	0.00	0.00	64.95	7.75	0.00	0.00	2000
235	11.29	2084	2099	0.00	201	0	0	0	nan	0.00	0.00	6.72	82.08	88.71	0.00	39	0	42	0.00	0.00	61.53	7.31	0.00	0.00	2000
232	11.46	2023	2101	0.00	208	0	0	0	nan	0.00	0.02	5.59	83.11	88.54	0.00	38	0	42	0.00	0.00	67.06	7.76	0.00	0.00	2000
230	11.00	2087	2103	0.00	198	0	0	0	nan	0.00	0.00	6.46	82.70	89.00	0.00	39	0	42	0.00	0.00	64.97	7.80	0.00	0.00	2000
231	10.77	2147	2093	0.00	198	0	0	0	nan	0.00	0.00	5.67	83.28	89.23	0.00	39	0	42	0.00	0.00	62.51	7.39	0.00	0.00	2000
231	10.98	2103	2103	0.00	198	0	0	0	nan	0.00	0.02	5.86	83.32	89.02	0.00	39	0	42	0.00	0.00	64.55	7.83	0.00	0.00	2000
234	11.34	2063	2104	0.00	201	0	0	0	nan	0.00	0.00	7.43	81.49	88.66	0.00	39	0	42	0.00	0.00	63.75	7.43	0.00	0.00	2000
230	11.22	2055	2095	0.00	197	0	0	0	nan	0.00	0.01	3.92	84.69	88.78	0.00	39	0	42	0.00	0.00	67.68	7.90	0.00	0.00	2000
232	11.33	2043	2102	0.00	194	0	0	0	nan	0.00	0.00	3.91	84.96	88.67	0.00	39	0	42	0.00	0.00	63.78	7.53	0.00	0.00	2000
228	11.18	2035	2105	0.00	194	0	0	0	nan	0.01	0.00	2.96	86.13	88.82	0.00	39	0	42	0.00	0.00	64.88	7.56	0.00	0.00	2000
232	11.18	2074	2100	0.00	195	0	0	0	nan	0.00	0.00	3.16	85.72	88.82	0.00	39	0	42	0.00	0.00	65.17	7.66	0.00	0.00	2000
229	10.98	2090	2097	0.00	194	0	0	0	nan	0.00	0.00	3.26	85.69	89.02	0.00	39	0	42	0.00	0.00	62.40	7.45	0.00	0.00	2000
231	11.15	2074	2098	0.00	195	0	0	0	nan	0.00	0.02	3.56	85.29	88.85	0.00	39	0	42	0.00	0.00	64.77	7.69	0.00	0.00	2000
232	10.81	2138	2109	0.00	194	0	0	0	nan	0.00	0.00	3.48	86.14	89.19	0.00	39	0	42	0.00	0.00	67.02	7.97	0.00	0.00	2000
230	10.84	2128	2089	0.00	178	0	0	0	nan	0.00	0.00	2.83	85.91	89.16	0.00	39	0	42	0.00	0.00	64.55	7.79	0.00	0.00	2000
227	10.91	2091	2088	0.00	194	0	0	0	nan	0.00	0.02	2.37	86.29	89.09	0.00	39	0	42	0.00	0.00	64.34	7.72	0.00	0.00	2000
230	11.19	2089	2066	0.00	194	0	0	0	90.17	0.00	0.02	2.26	85.19	88.81	0.00	39	0	42	0.00	0.00	63.86	7.94	0.00	0.00	2000
231	10.96	2064	2147	1.59	211	0	0	23	6.94	0.00	0.02	4.98	86.06	89.04	0.00	40	0	42	0.00	0.00	66.64	8.41	0.00	0.00	2000
229	11.09	2072	2094	0.04	195	0	0	0	nan	0.00	0.00	4.82	83.89	88.91	0.00	40	0	42	0.00	0.00	65.78	8.28	0.00	0.00	2000
228	11.22	2029	2106	0.00	194	0	0	0	nan	0.00	0.00	4.56	84.69	88.78	0.00	40	0	43	0.00	0.00	66.81	8.41	0.00	0.00	2000
227	11.32	2001	2102	0.00	194	0	0	0	nan	0.00	0.00	4.56	84.40	88.68	0.00	40	0	42	0.00	0.00	69.22	8.61	0.00	0.00	2000
224	11.05	2062	2067	0.00	194	0	0	0	nan	0.00	0.01	3.91	83.79	88.95	0.00	40	0	42	0.00	0.00	62.34	7.87	0.00	0.00	2000
229	11.19	2033	2115	0.00	196	0	0	0	nan	0.00	0.00	4.80	84.87	88.81	0.00	40	0	42	0.00	0.00	66.09	8.33	0.00	0.00	2000
227	11.04	2061	2091	0.00	194	0	0	0	nan	0.00	0.00	3.25	85.52	88.96	0.00	40	0	42	0.00	0.00	66.20	8.19	0.00	0.00	2000
226	11.42	2022	2053	0.00	194	0	0	0	nan	0.00	0.00	3.20	83.58	88.58	0.00	40	0	42	0.00	0.00	63.98	7.79	0.00	0.00	2000
228	10.69	2086	2147	0.00	217	0	0	0	nan	0.00	0.02	3.97	87.43	89.31	0.00	40	0	42	0.00	0.00	69.04	8.83	0.00	0.00	2000
232	11.18	2052	2121	0.00	206	0	0	0	nan	0.00	0.02	5.17	84.65	88.82	0.00	40	0	42	0.00	0.00	66.53	8.34	0.00	0.00	2000
232	11.38	2030	2112	0.00	197	0	0	0	nan	0.00	0.00	3.66	85.53	88.62	0.00	40	0	42	0.00	0.00	67.59	8.36	0.00	0.00	2000
228	11.07	2073	2087	0.00	194	0	0	0	nan	0.00	0.00	3.79	84.69	88.93	0.00	40	0	42	0.00	0.00	66.23	8.28	0.00	0.00	2000
228	11.08	2047	2112	0.00	194	0	0	0	nan	0.00	0.00	4.23	85.27	88.92	0.00	39	0	42	0.00	0.00	66.53	8.36	0.00	0.00	2000
228	11.05	2065	2100	0.00	194	0	0	0	nan	0.00	0.00	4.06	84.98	88.95	0.00	40	0	42	0.00	0.00	66.38	8.38	0.00	0.00	2000
226	11.12	2033	2099	0.00	195	0	0	0	nan	0.00	0.00	5.06	83.81	88.88	0.00	40	0	42	0.00	0.00	66.56	8.11	0.00	0.00	2000
232	11.31	2045	2105	0.00	195	0	0	0	nan	0.00	0.00	4.59	84.45	88.69	0.00	40	0	43	0.00	0.00	66.32	8.34	0.00	0.00	2000
228	11.04	2067	2097	0.00	194	0	0	0	nan	0.00	0.00	4.08	84.73	88.96	0.00	40	0	42	0.00	0.00	66.28	8.24	0.00	0.00	2000
225	11.06	2040	2097	1.43	194	0	0	22	4.82	0.00	0.00	4.56	84.35	88.94	0.00	40	0	42	0.00	0.00	65.85	8.07	0.00	0.00	2000
231	11.30	2035	2107	0.23	195	0	0	0	nan	0.00	0.00	4.33	84.78	88.70	0.00	40	0	42	0.00	0.00	67.07	8.27	0.00	0.00	2000
231	11.27	2085	2066	0.00	196	0	0	0	nan	0.00	0.01	4.29	83.08	88.73	0.00	40	0	42	0.00	0.00	65.07	8.15	0.00	0.00	2000
235	11.13	2078	2135	0.00	195	0	0	0	nan	0.00	0.00	3.91	86.59	88.87	0.00	40	0	42	0.00	0.00	67.92	8.49	0.00	0.00	2000
229	11.19	2045	2100	0.00	194	0	0	0	nan	0.00	0.00	4.21	84.69	88.81	0.00	40	0	42	0.00	0.00	66.45	8.43	0.00	0.00	2000
229	11.02	2081	2094	0.00	195	0	0	0	nan	0.00	0.00	4.42	84.41	88.98	0.00	40	0	43	0.00	0.00	63.98	8.18	0.00	0.00	2000
229	11.14	2048	2105	0.00	194	0	0	0	nan	0.00	0.00	3.90	85.22	88.86	0.00	40	0	42	0.00	0.00	68.87	8.16	0.00	0.00	2000
227	10.93	2102	2071	0.00	194	0	0	0	nan	0.00	0.00	3.66	84.27	89.07	0.00	40	0	42	0.00	0.00	66.33	8.10	0.00	0.00	2000
233	11.06	2076	2134	0.00	194	0	0	0	nan	0.00	0.00	4.34	86.06	88.94	0.00	40	0	42	0.00	0.00	67.20	8.38	0.00	0.00	2000
228	10.96	2094	2089	0.00	196	0	0	0	nan	0.00	0.00	4.04	84.56	89.04	0.00	40	0	42	0.00	0.00	65.91	8.19	0.00	0.00	2000
230	11.14	2054	2107	0.00	194	0	0	0	nan	0.00	0.00	4.02	85.18	88.87	0.00	40	0	42	0.00	0.00	66.23	8.23	0.00	0.00	2000
227	11.06	2054	2095	0.00	194	0	0	0	nan	0.00	0.00	4.50	84.35	88.94	0.00	40	0	42	0.00	0.00	66.22	8.16	0.00	0.00	2000
221	11.20	2049	2021	0.00	194	0	0	0	nan	0.00	0.00	3.96	81.55	88.80	0.00	40	0	42	0.00	0.00	62.59	7.68	0.00	0.00	2000
230	11.19	2049	2104	0.00	216	0	0	0	nan	0.00	0.02	3.96	85.09	88.81	0.00	40	0	42	0.00	0.00	66.14	8.25	0.00	0.00	2000
231	11.08	2051	2135	0.00	210	0	0	0	nan	0.00	0.00	2.29	88.11	88.92	0.00	40	0	42	0.00	0.00	67.42	8.43	0.00	0.00	2000
227	10.75	2096	2113	0.00	210	0	0	0	nan	0.00	0.01	4.07	85.85	89.25	0.00	39	0	42	0.00	0.00	68.22	8.30	0.00	0.00	2000
231	10.94	2074	2141	0.00	194	0	0	0	87.44	0.00	0.00	4.48	86.31	89.06	0.00	38	0	42	0.00	0.00	65.24	7.62	0.00	0.00	2000
225	10.95	2051	2102	0.54	198	0	0	2	84.64	0.00	0.02	4.23	84.90	89.05	0.00	39	0	42	0.00	0.00	64.20	7.32	0.00	0.00	2000
221	10.39	2125	2104	0.10	179	0	0	0	nan	0.01	0.00	2.46	87.29	89.61	0.00	39	0	42	0.00	0.00	65.91	7.64	0.00	0.00	2000
223	10.77	2067	2099	0.00	194	0	0	0	nan	0.00	0.00	3.40	85.92	89.23	0.00	39	0	43	0.00	0.00	63.29	7.44	0.00	0.00	2000
220	10.59	2072	2100	0.00	194	0	0	0	nan	0.01	0.00	2.58	86.92	89.41	0.00	40	0	43	0.00	0.00	62.72	7.37	0.00	0.00	2000
209	10.88	2113	1913	0.00	178	0	0	0	nan	0.00	0.00	1.86	79.39	89.12	0.00	38	0	42	0.00	0.00	61.42	7.20	0.00	0.00	2000
236	10.86	1962	2323	0.00	244	0	0	0	nan	0.00	0.00	5.37	93.37	89.14	0.00	39	0	42	0.00	0.00	68.20	8.03	0.00	0.00	2000
229	10.73	2128	2104	0.00	178	0	0	0	nan	0.00	0.02	3.04	86.47	89.27	0.00	39	0	42	0.00	0.00	63.49	7.38	0.00	0.00	2000
228	10.88	2101	2097	0.00	194	0	0	0	nan	0.00	0.00	3.00	86.03	89.12	0.00	39	0	42	0.00	0.00	64.68	7.67	0.00	0.00	2000
235	11.43	2058	2099	0.00	211	0	0	0	nan	0.01	0.00	7.50	81.08	88.57	0.00	40	0	42	0.00	0.00	62.83	7.30	0.00	0.00	2000
229	11.21	2044	2100	0.00	179	0	0	0	nan	0.00	0.04	3.27	85.59	88.79	0.00	39	0	42	0.00	0.00	66.00	7.63	0.00	0.00	2000
229	11.19	2047	2101	0.00	195	0	0	0	nan	0.00	0.00	2.89	86.07	88.81	0.00	40	0	42	0.00	0.00	62.59	7.51	0.00	0.00	2000
230	10.98	2093	2101	0.00	195	0	0	0	nan	0.00	0.00	3.40	85.79	89.02	0.00	40	0	42	0.00	0.00	64.72	7.60	0.00	0.00	2000
226	10.97	2066	2097	0.00	194	0	0	0	nan	0.00	0.02	3.02	86.03	89.03	0.00	40	0	42	0.00	0.00	63.68	7.49	0.00	0.00	2000
228	11.00	2115	2055	0.00	180	0	0	0	nan	0.00	0.02	3.01	84.16	89.00	0.00	39	0	42	0.00	0.00	62.72	7.32	0.00	0.00	2000
230	11.13	2029	2140	0.00	212	0	0	0	nan	0.00	0.00	4.38	86.22	88.88	0.00	39	0	42	0.00	0.00	65.94	8.05	0.00	0.00	2000
231	11.02	2101	2094	0.00	179	0	0	0	nan	0.00	0.00	3.19	85.66	88.98	0.00	39	0	42	0.00	0.00	62.04	7.68	0.00	0.00	2000
185	10.40	1791	2088	0.00	198	0	0	0	nan	0.00	0.01	5.84	83.38	89.60	0.00	38	0	42	0.00	0.00	63.78	7.79	0.00	0.00	2000
79	6.94	1129	2109	0.32	214	0	0	2	77.88	0.00	0.00	3.72	89.85	93.06	0.00	37	0	42	0.00	0.00	61.58	7.88	0.00	0.00	2000
166	9.45	1763	2095	0.09	197	0	0	0	nan	0.00	0.00	4.01	86.33	90.55	0.00	38	0	42	0.00	0.00	61.70	7.61	0.00	0.00	2000
229	10.94	2085	2107	0.00	194	0	0	0	nan	0.00	0.00	5.15	84.24	89.06	0.00	38	0	42	0.00	0.00	62.19	7.15	0.00	0.00	2000
227	10.64	2136	2096	0.00	201	0	0	0	nan	0.00	0.00	4.80	84.43	89.36	0.00	39	0	42	0.00	0.00	65.88	7.62	0.00	0.00	2000
137	8.51	1602	2114	0.00	195	0	0	0	nan	0.00	0.02	4.74	87.42	91.49	0.00	38	0	42	0.00	0.00	60.37	7.24	0.00	0.00	2000
73	7.11	1045	2074	0.00	196	0	0	0	nan	0.00	0.00	3.79	88.04	92.89	0.00	37	0	42	0.00	0.00	58.48	7.54	0.00	0.00	2000
78	6.92	1110	2134	0.00	194	0	0	0	nan	0.00	0.01	2.08	92.47	93.08	0.00	37	0	42	0.00	0.00	58.76	7.60	0.00	0.00	2000
85	7.16	1192	2080	0.00	194	0	0	0	nan	0.00	0.00	4.53	87.47	92.84	0.00	37	0	42	0.00	0.00	60.30	7.70	0.00	0.00	2000
75	7.11	1053	2115	0.00	196	0	0	0	nan	0.00	0.00	3.34	90.32	92.89	0.00	37	0	42	0.00	0.00	58.07	7.33	0.00	0.00	2000
75	7.20	1041	2102	0.00	194	0	0	0	nan	0.00	0.00	2.61	90.35	92.80	0.00	37	0	42	0.00	0.00	57.99	7.32	0.00	0.00	2000
77	6.79	1138	2095	0.00	199	0	0	0	nan	0.00	0.00	4.09	88.96	93.21	0.00	37	0	42	0.00	0.00	59.37	7.48	0.00	0.00	2000
73	7.04	1037	2101	0.00	194	0	0	0	nan	0.01	0.00	2.76	90.24	92.96	0.00	37	0	42	0.00	0.00	57.76	7.31	0.00	0.00	2000
74	6.81	1095	2098	0.00	194	0	0	0	nan	0.00	0.00	3.56	89.59	93.19	0.00	37	0	42	0.00	0.00	59.26	7.41	0.00	0.00	2000
73	6.71	1095	2087	0.00	195	0	0	0	nan	0.00	0.00	3.70	89.01	93.29	0.00	37	0	42	0.00	0.00	56.48	7.06	0.00	0.00	2000
75	6.51	1142	2122	0.00	194	0	0	0	nan	0.00	0.01	2.17	92.24	93.49	0.00	37	0	42	0.00	0.00	60.87	7.59	0.00	0.00	2000
76	6.99	1085	2096	0.00	195	0	0	0	nan	0.00	0.00	3.86	89.08	93.01	0.00	37	0	42	0.00	0.00	59.37	7.54	0.00	0.00	2000
76	6.87	1109	2096	0.00	196	0	0	0	nan	0.00	0.01	4.09	88.77	93.13	0.00	37	0	42	0.00	0.00	58.37	7.28	0.00	0.00	2000
74	6.96	1077	2076	0.28	196	0	0	2	85.67	0.00	0.00	3.66	88.34	93.04	0.00	37	0	42	0.00	0.00	57.69	7.38	0.00	0.00	2000
76	6.84	1101	2129	0.23	195	0	0	2	90.88	0.00	0.02	3.08	91.42	93.16	0.00	37	0	42	0.00	0.00	59.51	7.52	0.00	0.00	2000
75	6.70	1115	2096	0.00	197	0	0	0	nan	0.00	0.00	3.82	89.37	93.30	0.00	37	0	42	0.00	0.00	58.82	7.49	0.00	0.00	2000
79	6.68	1181	2106	0.00	196	0	0	0	nan	0.00	0.01	3.30	90.27	93.32	0.00	37	0	42	0.00	0.00	58.51	7.57	0.00	0.00	2000
73	6.93	1062	2092	0.00	195	0	0	0	nan	0.00	0.00	4.32	88.50	93.07	0.00	37	0	42	0.00	0.00	58.07	7.39	0.00	0.00	2000
75	6.49	1166	2076	0.00	194	0	0	0	nan	0.00	0.00	3.17	89.21	93.51	0.00	37	0	42	0.00	0.00	58.20	7.26	0.00	0.00	2000
74	7.02	1047	2108	0.00	193	0	0	0	nan	0.00	0.02	2.84	90.49	92.98	0.00	37	0	42	0.00	0.00	57.56	7.33	0.00	0.00	2000
100	7.53	1328	2090	0.00	202	0	0	0	nan	0.00	0.01	4.93	87.03	92.47	0.00	37	0	42	0.00	0.00	59.55	7.32	0.00	0.00	2000
76	7.14	1054	2118	0.00	212	0	0	0	nan	0.00	0.00	5.49	88.14	92.86	0.00	37	0	42	0.00	0.00	59.61	7.42	0.00	0.00	2000
76	6.99	1077	2110	0.00	198	0	0	0	nan	0.00	0.03	4.50	88.88	93.01	0.00	37	0	42	0.00	0.00	58.53	7.44	0.00	0.00	2000
74	6.59	1132	2090	0.00	194	0	0	0	nan	0.00	0.00	3.61	89.37	93.41	0.00	37	0	42	0.00	0.00	59.01	7.61	0.00	0.00	2000
200	10.61	1895	2089	0.00	200	0	0	0	nan	0.00	0.02	5.05	83.87	89.39	0.00	37	0	43	0.00	0.00	62.22	7.55	0.00	0.00	2000
225	10.88	2086	2081	0.00	197	0	0	0	nan	0.00	0.00	5.95	82.49	89.12	0.00	38	0	42	0.00	0.00	63.41	7.38	0.00	0.00	2000
230	11.35	2033	2089	0.00	199	0	0	0	nan	0.00	0.00	4.46	83.82	88.65	0.00	39	0	42	0.00	0.00	66.28	7.62	0.00	0.00	2000
230	10.95	2054	2147	0.00	210	0	0	0	nan	0.00	0.00	4.17	86.97	89.05	0.00	39	0	42	0.00	0.00	64.21	7.47	0.00	0.00	2000
224	11.09	2051	2069	0.00	194	0	0	0	nan	0.00	0.00	4.02	83.70	88.91	0.00	38	0	42	0.00	0.00	63.50	7.37	0.00	0.00	2000
233	11.03	2076	2135	0.00	196	0	0	0	nan	0.00	0.00	3.18	87.36	88.97	0.00	39	0	42	0.00	0.00	65.84	7.63	0.00	0.00	2000
225	10.85	2081	2091	0.36	194	0	0	7	56.65	0.00	0.01	6.23	82.73	89.15	0.00	38	0	42	0.00	0.00	64.72	7.60	0.00	0.00	2000
235	11.27	2085	2101	0.27	213	0	0	3	78.39	0.00	0.00	4.48	84.39	88.73	0.00	40	0	42	0.00	0.00	64.89	7.81	0.00	0.00	2000
230	10.52	2169	2112	0.00	200	0	0	0	nan	0.00	1.38	5.58	83.16	89.48	0.00	38	0	42	0.00	0.00	67.49	7.59	0.00	0.00	2000
220	11.11	2009	2074	0.00	208	0	0	0	nan	0.00	0.00	2.72	85.23	88.89	0.00	39	0	42	0.00	0.00	64.32	7.69	0.00	0.00	2000
251	12.54	2088	2014	0.00	224	0	0	0	nan	0.00	0.00	3.38	80.62	87.46	0.00	39	0	42	0.00	0.00	60.55	7.40	0.00	0.00	2000
253	12.92	1859	2216	0.00	293	0	0	0	nan	0.00	0.00	13.73	78.17	87.08	0.00	38	0	42	0.00	0.00	70.02	8.24	0.00	0.00	2000
80	7.32	1082	2107	0.00	193	0	0	0	nan	0.00	0.02	3.76	89.29	92.68	0.00	37	0	43	0.00	0.00	58.73	7.45	0.00	0.00	2000
77	6.59	1178	2095	0.00	177	0	0	0	nan	0.00	0.01	3.46	89.58	93.41	0.00	37	0	42	0.00	0.00	58.59	7.34	0.00	0.00	2000
