Avg_MHz	Busy%	Bzy_MHz	TSC_MHz	IPC	IRQ	NMI	SMI	LLCMRPS	LLC%hit	POLL%	C1%	C1E%	C6%	CPU%c1	CPU%c6	CoreTmp	CoreThr	PkgTmp	Pkg%pc2	Pkg%pc6	PkgWatt	RAMWatt	PKG_%	RAM_%	UncMHz
398	18.65	2095	2139	0.00	240	0	0	0	nan	0.00	0.52	37.00	45.41	81.35	0.00	38	0	42	0.00	0.00	67.05	7.82	0.00	0.00	2000
387	18.42	2085	2119	0.00	242	0	0	0	nan	0.01	1.36	15.91	65.17	81.58	0.00	37	0	42	0.00	0.00	65.83	7.81	0.00	0.00	2000
78	6.85	1127	2133	0.00	211	0	0	0	nan	0.00	0.00	5.96	88.62	93.15	0.00	37	0	42	0.00	0.00	62.36	8.09	0.00	0.00	2000
72	6.80	1063	2079	0.00	194	0	0	0	nan	0.00	0.02	3.17	89.08	93.20	0.00	37	0	42	0.00	0.00	56.73	7.51	0.00	0.00	2000
73	6.89	1050	2118	0.00	193	0	0	0	nan	0.00	0.00	2.14	91.85	93.11	0.00	36	0	42	0.00	0.00	58.54	7.48	0.00	0.00	2000
72	6.79	1072	2079	0.00	193	0	0	0	nan	0.00	0.00	2.75	89.54	93.21	0.00	37	0	42	0.00	0.00	57.20	7.44	0.00	0.00	2000
72	6.83	1058	2101	0.00	193	0	0	0	nan	0.00	0.02	2.16	90.99	93.17	0.00	37	0	43	0.00	0.00	56.83	7.29	0.00	0.00	2000
73	6.91	1053	2102	0.00	194	0	0	0	nan	0.00	0.00	3.43	89.81	93.09	0.00	37	0	42	0.00	0.00	58.03	7.61	0.00	0.00	2000
73	6.78	1065	2122	0.00	210	0	0	0	nan	0.00	0.00	3.92	90.25	93.22	0.00	37	0	42	0.00	0.00	61.78	8.04	0.00	0.00	2000
72	6.50	1113	2100	0.00	194	0	0	0	nan	0.00	0.00	4.22	89.27	93.50	0.00	37	0	42	0.00	0.00	54.47	7.02	0.00	0.00	2000
73	7.05	1043	2095	0.00	194	0	0	0	nan	0.00	0.01	3.27	89.63	92.95	0.00	37	0	42	0.00	0.00	57.39	7.35	0.00	0.00	2000
72	6.68	1080	2105	0.00	195	0	0	0	nan	0.00	0.00	3.78	89.84	93.32	0.00	37	0	42	0.00	0.00	57.41	7.51	0.00	0.00	2000
73	6.45	1137	2096	0.00	196	0	0	0	nan	0.00	0.02	4.81	88.55	93.55	0.00	37	0	42	0.00	0.00	60.83	7.75	0.00	0.00	2000
73	6.55	1124	2094	0.00	195	0	0	0	nan	0.00	0.00	3.98	89.28	93.45	0.00	37	0	42	0.00	0.00	56.34	7.03	0.00	0.00	2000
72	7.02	1034	2086	0.00	193	0	0	0	nan	0.00	0.02	3.27	89.19	92.98	0.00	37	0	42	0.00	0.00	57.22	7.31	0.00	0.00	2000
96	8.29	1182	2049	0.00	195	0	0	4	45.91	0.00	0.00	4.07	85.54	91.71	0.00	37	0	42	0.00	0.00	57.53	7.38	0.00	0.00	2000
77	7.17	1048	2148	0.07	209	0	0	3	78.23	0.00	0.00	3.80	91.29	92.83	0.00	37	0	42	0.00	0.00	61.05	7.85	0.00	0.00	2000
74	7.00	1047	2126	0.00	194	0	0	0	nan	0.00	0.00	2.10	92.15	93.00	0.00	37	0	42	0.00	0.00	58.92	7.56	0.00	0.00	2000
214	11.13	1933	2090	0.00	215	0	0	0	nan	0.00	0.02	4.64	83.84	88.87	0.00	39	0	42	0.00	0.00	62.26	7.28	0.00	0.00	2000
232	11.12	2074	2112	0.00	232	0	0	0	nan	0.00	0.02	3.50	85.98	88.88	0.00	39	0	42	0.00	0.00	64.45	7.52	0.00	0.00	2000
231	10.83	2134	2094	0.00	188	0	0	0	nan	0.00	0.00	3.15	85.84	89.17	0.00	40	0	42	0.00	0.00	65.44	7.62	0.00	0.00	2000
229	10.81	2130	2090	0.00	201	0	0	0	nan	0.00	0.00	3.12	85.68	89.20	0.00	40	0	42	0.00	0.00	65.52	7.54	0.00	0.00	2000
239	11.39	2081	2115	0.00	196	0	0	0	nan	0.00	0.05	4.71	84.64	88.61	0.00	38	0	42	0.00	0.00	62.77	7.64	0.00	0.00	2000
225	10.87	2089	2082	0.00	196	0	0	0	nan	0.00	0.56	3.16	84.75	89.13	0.00	38	0	42	0.00	0.00	66.85	8.07	0.00	0.00	2000
218	10.74	2039	2087	0.00	198	0	0	0	nan	0.00	0.03	5.97	82.85	89.26	0.00	37	0	42	0.00	0.00	61.54	7.46	0.00	0.00	2000
238	11.25	2075	2138	0.00	198	0	0	0	nan	0.00	0.02	5.20	85.19	88.75	0.00	37	0	42	0.00	0.00	67.51	8.34	0.00	0.00	2000
228	11.18	2070	2068	0.00	198	0	0	0	nan	0.00	0.00	4.99	82.54	88.82	0.00	37	0	42	0.00	0.00	66.20	7.95	0.00	0.00	2000
229	10.98	2093	2092	0.00	197	0	0	0	nan	0.00	0.05	4.41	84.32	89.02	0.00	38	0	42	0.00	0.00	62.54	7.35	0.00	0.00	2000
237	11.03	2109	2143	0.00	215	0	0	0	nan	0.00	0.02	5.12	85.63	88.97	0.00	38	0	43	0.00	0.00	69.01	7.93	0.00	0.00	2000
230	10.80	2136	2095	0.00	198	0	0	0	nan	0.00	0.02	5.69	83.36	89.20	0.00	38	0	42	0.00	0.00	60.01	6.96	0.00	0.00	2000
228	10.96	2082	2100	0.00	198	0	0	0	nan	0.00	0.00	5.73	83.45	89.04	0.00	38	0	42	0.00	0.00	67.67	7.79	0.00	0.00	2000
229	11.25	2040	2098	0.00	198	0	0	0	nan	0.00	0.05	4.09	84.68	88.75	0.00	38	0	42	0.00	0.00	64.86	7.46	0.00	0.00	2000
229	10.88	2116	2087	0.00	197	0	0	3	90.93	0.00	0.00	4.22	84.39	89.12	0.00	38	0	42	0.00	0.00	61.80	7.21	0.00	0.00	2000
232	11.33	2062	2087	0.81	200	0	0	10	78.83	0.00	0.02	4.98	83.32	88.67	0.00	39	0	42	0.00	0.00	63.32	7.18	0.00	0.00	2000
232	11.14	2074	2110	0.00	203	0	0	0	nan	0.00	0.00	3.46	85.98	88.86	0.00	39	0	42	0.00	0.00	67.82	8.05	0.00	0.00	2000
229	11.27	2053	2075	0.00	199	0	0	0	nan	0.00	0.00	5.99	81.75	88.73	0.00	38	0	42	0.00	0.00	62.56	7.43	0.00	0.00	2000
232	10.84	2111	2132	0.00	215	0	0	0	nan	0.00	0.53	5.68	84.51	89.16	0.00	38	0	42	0.00	0.00	70.03	8.42	0.00	0.00	2000
230	11.06	2085	2099	0.00	212	0	0	0	nan	0.00	0.02	5.08	83.89	88.94	0.00	38	0	42	0.00	0.00	64.01	7.60	0.00	0.00	2000
239	11.23	2115	2118	0.00	186	0	0	0	nan	0.00	0.00	7.94	81.68	88.77	0.00	38	0	43	0.00	0.00	63.57	7.37	0.00	0.00	2000
229	10.97	2099	2085	0.00	201	0	0	0	nan	0.00	0.01	5.46	82.97	89.03	0.00	39	0	42	0.00	0.00	63.79	7.55	0.00	0.00	2000
229	11.11	2083	2076	0.00	196	0	0	0	nan	0.00	0.02	4.61	83.36	88.89	0.00	38	0	42	0.00	0.00	63.46	7.49	0.00	0.00	2000
234	10.95	2120	2121	0.00	196	0	0	0	nan	0.00	0.00	4.12	85.92	89.05	0.00	39	0	42	0.00	0.00	66.21	8.16	0.00	0.00	2000
236	10.90	2143	2121	0.00	196	0	0	0	nan	0.00	0.03	4.38	85.69	89.10	0.00	39	0	42	0.00	0.00	68.93	7.75	0.00	0.00	2000
227	10.67	2159	2064	0.00	197	0	0	0	nan	0.00	0.02	4.40	83.40	89.33	0.00	39	0	42	0.00	0.00	62.26	7.40	0.00	0.00	2000
239	11.21	2090	2137	0.00	204	0	0	0	nan	0.01	0.05	3.24	87.14	88.79	0.00	39	0	42	0.00	0.00	66.53	7.78	0.00	0.00	2000
223	11.33	2009	2060	0.00	196	0	0	0	nan	0.00	0.00	4.80	82.32	88.67	0.00	39	0	42	0.00	0.00	62.28	7.19	0.00	0.00	2000
218	12.67	2047	1765	0.00	198	0	0	0	nan	0.00	0.05	3.23	70.28	87.33	0.00	38	0	42	0.00	0.00	55.84	6.71	0.00	0.00	2000
239	9.75	2055	2504	0.00	243	0	0	0	nan	0.01	0.03	3.26	104.48	90.25	0.00	39	0	42	0.00	0.00	76.31	8.81	0.00	0.00	2000
226	10.58	2110	2121	0.00	203	0	0	0	nan	0.00	0.00	6.59	83.80	89.42	0.00	40	0	42	0.00	0.00	66.68	8.05	0.00	0.00	2000
211	10.36	2017	2118	0.01	220	0	0	6	64.94	0.00	0.00	7.79	82.61	89.64	0.00	37	0	42	0.00	0.00	63.40	7.36	0.00	0.00	2000
192	10.23	1870	2106	0.41	208	0	0	27	75.28	0.00	0.01	4.21	85.90	89.77	0.00	37	0	42	0.00	0.00	65.50	7.87	0.00	0.00	2000
116	8.68	1342	2094	0.00	226	0	0	0	nan	0.00	0.02	13.42	77.71	91.32	0.00	37	0	42	0.00	0.00	59.21	7.27	0.00	0.00	2000
120	8.20	1503	2054	0.00	81	0	0	0	nan	0.00	0.00	8.49	81.21	91.80	0.00	37	0	42	0.00	0.00	53.32	7.50	0.00	0.00	2000
