Avg_MHz	Busy%	Bzy_MHz	TSC_MHz	IPC	IRQ	NMI	SMI	LLCMRPS	LLC%hit	POLL%	C1%	C1E%	C6%	CPU%c1	CPU%c6	CoreTmp	CoreThr	PkgTmp	Pkg%pc2	Pkg%pc6	PkgWatt	RAMWatt	PKG_%	RAM_%	UncMHz
419	20.96	1987	2113	0.00	245	0	0	0	nan	0.00	0.86	36.39	42.38	79.04	0.00	37	0	42	0.00	0.00	69.42	8.24	0.00	0.00	2000
387	18.39	2088	2114	0.00	253	0	0	0	nan	0.06	0.40	28.00	53.83	81.61	0.00	37	0	42	0.00	0.00	64.84	7.57	0.00	0.00	2000
80	6.93	1139	2123	0.00	195	0	0	0	nan	0.00	0.03	3.48	90.71	93.07	0.00	37	0	42	0.00	0.00	61.31	7.83	0.00	0.00	2000
74	6.87	1066	2117	0.00	193	0	0	0	nan	0.00	0.02	2.83	91.17	93.13	0.00	37	0	42	0.00	0.00	59.05	7.52	0.00	0.00	2000
74	6.83	1081	2091	0.00	193	0	0	0	nan	0.00	0.00	2.98	89.85	93.17	0.00	37	0	42	0.00	0.00	56.28	7.43	0.00	0.00	2000
71	6.85	1054	2077	0.00	193	0	0	0	nan	0.00	0.00	2.32	89.88	93.15	0.00	37	0	42	0.00	0.00	56.63	7.32	0.00	0.00	2000
75	6.69	1099	2136	0.00	195	0	0	0	nan	0.00	0.03	2.48	92.49	93.31	0.00	37	0	42	0.00	0.00	59.79	7.62	0.00	0.00	2000
73	7.05	1035	2094	0.00	193	0	0	0	nan	0.00	0.02	2.79	90.00	92.95	0.00	37	0	42	0.00	0.00	57.76	7.58	0.00	0.00	2000
73	7.05	1037	2108	0.00	193	0	0	0	nan	0.00	0.02	2.50	90.91	92.95	0.00	37	0	42	0.00	0.00	58.39	7.58	0.00	0.00	2000
71	6.78	1064	2073	0.00	193	0	0	0	nan	0.00	0.01	2.99	89.13	93.22	0.00	37	0	42	0.00	0.00	55.75	7.26	0.00	0.00	2000
74	6.89	1069	2115	0.00	196	0	0	0	nan	0.00	0.02	2.57	91.29	93.11	0.00	37	0	42	0.00	0.00	62.01	8.04	0.00	0.00	2000
71	6.98	1028	2077	0.00	193	0	0	0	nan	0.00	0.00	2.68	89.55	93.02	0.00	37	0	42	0.00	0.00	54.74	7.24	0.00	0.00	2000
74	6.92	1056	2119	0.00	209	0	0	0	nan	0.00	0.00	2.16	91.84	93.08	0.00	37	0	42	0.00	0.00	59.62	7.78	0.00	0.00	2000
71	6.72	1071	2084	0.00	177	0	0	0	nan	0.00	0.00	3.29	89.38	93.28	0.00	37	0	42	0.00	0.00	58.18	7.53	0.00	0.00	2000
73	6.91	1048	2126	0.00	209	0	0	0	nan	0.00	0.02	3.41	91.01	93.09	0.00	37	0	42	0.00	0.00	57.46	7.64	0.00	0.00	2000
72	6.75	1076	2095	0.00	194	0	0	0	96.35	0.00	0.03	3.22	89.93	93.25	0.00	37	0	42	0.00	0.00	58.46	7.54	0.00	0.00	2000
73	6.82	1072	2102	0.30	194	0	0	1	79.20	0.00	0.02	3.65	89.85	93.18	0.00	37	0	42	0.00	0.00	57.18	7.43	0.00	0.00	2000
72	6.82	1058	2101	0.12	194	0	0	0	nan	0.00	0.00	3.72	89.53	93.18	0.00	37	0	42	0.00	0.00	57.21	7.47	0.00	0.00	2000
206	10.98	1893	2078	0.00	218	0	0	0	nan	0.02	0.02	7.27	81.02	89.02	0.00	39	0	42	0.00	0.00	65.40	7.74	0.00	0.00	2000
236	11.15	2093	2127	0.00	215	0	0	0	nan	0.00	0.00	5.03	85.16	88.85	0.00	40	0	42	0.00	0.00	66.23	7.40	0.00	0.00	2000
228	10.92	2101	2082	0.00	204	0	0	0	nan	0.00	0.04	3.07	85.43	89.08	0.00	40	0	42	0.00	0.00	64.05	7.46	0.00	0.00	2000
230	11.21	2043	2110	0.00	203	0	0	0	nan	0.00	0.02	3.46	85.95	88.79	0.00	40	0	42	0.00	0.00	65.26	7.48	0.00	0.00	2000
235	11.45	2046	2105	0.00	196	0	0	0	nan	0.00	0.00	6.28	82.61	88.55	0.00	38	0	42	0.00	0.00	62.64	7.49	0.00	0.00	2000
226	10.81	2090	2098	0.00	196	0	0	0	nan	0.00	0.51	7.98	80.75	89.19	0.00	39	0	42	0.00	0.00	62.77	7.78	0.00	0.00	2000
216	10.86	2015	2072	0.00	199	0	0	0	nan	0.00	0.02	5.95	82.09	89.14	0.00	38	0	42	0.00	0.00	65.54	7.86	0.00	0.00	2000
234	11.31	2044	2123	0.00	199	0	0	0	nan	0.00	0.00	5.92	83.95	88.69	0.00	38	0	42	0.00	0.00	66.40	8.15	0.00	0.00	2000
233	11.33	2048	2109	0.00	199	0	0	0	nan	0.00	0.00	5.43	83.77	88.67	0.00	39	0	42	0.00	0.00	66.79	8.19	0.00	0.00	2000
226	11.11	2063	2071	0.00	198	0	0	0	nan	0.00	0.00	5.41	82.37	88.89	0.00	39	0	42	0.00	0.00	61.09	6.96	0.00	0.00	2000
228	11.17	2046	2098	0.00	213	0	0	0	nan	0.00	0.02	4.46	84.42	88.83	0.00	39	0	42	0.00	0.00	67.06	7.70	0.00	0.00	2000
234	11.45	2027	2118	0.00	206	0	0	0	nan	0.00	0.02	4.52	84.94	88.55	0.00	39	0	42	0.00	0.00	63.41	7.62	0.00	0.00	2000
229	11.33	2016	2103	0.00	198	0	0	0	nan	0.00	0.03	3.69	85.23	88.67	0.00	40	0	42	0.00	0.00	63.72	7.13	0.00	0.00	2000
228	11.08	2063	2098	0.00	214	0	0	0	nan	0.00	0.00	6.59	82.46	88.92	0.00	39	0	42	0.00	0.00	69.01	7.83	0.00	0.00	2000
228	11.25	2037	2093	0.00	198	0	0	0	95.54	0.00	0.00	6.94	81.64	88.75	0.00	39	0	42	0.00	0.00	64.01	7.47	0.00	0.00	2000
236	11.40	2058	2115	0.57	198	0	0	24	73.64	0.01	1.01	5.47	82.98	88.60	0.00	39	0	42	0.00	0.00	64.06	7.48	0.00	0.00	2000
230	11.29	2044	2095	0.02	202	0	0	0	nan	0.00	0.00	6.76	81.94	88.71	0.00	39	0	42	0.00	0.00	65.25	7.68	0.00	0.00	2000
226	11.38	2012	2077	0.00	197	0	0	0	nan	0.00	0.00	5.86	82.01	88.62	0.00	40	0	42	0.00	0.00	64.10	7.41	0.00	0.00	2000
235	11.51	2006	2136	0.00	198	0	0	0	nan	0.00	0.02	4.59	85.60	88.49	0.00	40	0	42	0.00	0.00	65.45	7.66	0.00	0.00	2000
229	11.39	2015	2094	0.00	198	0	0	0	nan	0.00	0.03	5.97	82.54	88.61	0.00	40	0	43	0.00	0.00	64.76	7.64	0.00	0.00	2000
231	11.51	2023	2087	0.00	200	0	0	0	nan	0.00	0.00	4.89	83.24	88.49	0.00	40	0	42	0.00	0.00	66.39	7.84	0.00	0.00	2000
230	11.17	2067	2095	0.00	197	0	0	0	nan	0.01	0.00	3.51	85.33	88.83	0.00	40	0	42	0.00	0.00	62.53	7.27	0.00	0.00	2000
231	11.01	2096	2102	0.00	194	0	0	0	nan	0.00	0.00	3.17	86.07	88.99	0.00	39	0	42	0.00	0.00	65.21	7.73	0.00	0.00	2000
232	11.33	2029	2123	0.00	194	0	0	0	nan	0.00	0.00	2.67	87.20	88.67	0.00	40	0	42	0.00	0.00	65.65	7.82	0.00	0.00	2000
230	11.27	2044	2099	0.00	195	0	0	0	nan	0.00	0.00	3.31	85.57	88.73	0.00	40	0	42	0.00	0.00	65.89	7.58	0.00	0.00	2000
228	11.43	1995	2096	0.00	194	0	0	0	nan	0.00	0.00	3.34	85.30	88.57	0.00	40	0	43	0.00	0.00	64.83	7.65	0.00	0.00	2000
234	11.02	2117	2104	0.00	196	0	0	0	nan	0.00	0.00	3.49	85.74	88.98	0.00	40	0	42	0.00	0.00	66.00	7.63	0.00	0.00	2000
235	11.49	2050	2095	0.00	200	0	0	0	nan	0.00	0.00	4.44	83.96	88.51	0.00	38	0	42	0.00	0.00	65.35	7.63	0.00	0.00	2000
224	11.37	1977	2093	0.00	194	0	0	0	nan	0.00	0.00	3.43	85.01	88.63	0.00	37	0	42	0.00	0.00	63.78	7.64	0.00	0.00	2000
234	11.61	2030	2087	0.00	194	0	0	0	nan	0.00	0.02	3.89	84.14	88.39	0.00	38	0	42	0.00	0.00	62.00	7.24	0.00	0.00	2000
228	11.14	2039	2104	0.00	194	0	0	0	nan	0.00	0.00	4.88	84.38	88.86	0.00	38	0	42	0.00	0.00	67.60	7.98	0.00	0.00	2000
231	11.37	2030	2102	0.00	195	0	0	0	nan	0.00	0.00	3.52	85.42	88.63	0.00	38	0	42	0.00	0.00	65.44	7.93	0.00	0.00	2000
230	11.49	1995	2106	0.74	194	0	0	10	82.83	0.00	0.00	4.55	84.38	88.51	0.00	38	0	42	0.00	0.00	63.64	7.56	0.00	0.00	2000
229	11.32	2019	2103	0.27	195	0	0	0	nan	0.00	0.02	3.99	84.95	88.68	0.00	38	0	42	0.00	0.00	64.55	7.76	0.00	0.00	2000
230	11.33	2036	2093	0.00	195	0	0	0	nan	0.00	0.02	3.75	84.85	88.67	0.00	39	0	42	0.00	0.00	65.13	7.74	0.00	0.00	2000
228	11.44	1993	2105	0.00	195	0	0	0	nan	0.00	0.00	3.81	85.11	88.56	0.00	39	0	42	0.00	0.00	64.31	7.61	0.00	0.00	2000
249	12.18	2056	2087	0.00	194	0	0	0	nan	0.00	0.00	3.65	83.75	87.82	0.00	39	0	42	0.00	0.00	64.69	7.67	0.00	0.00	2000
230	11.23	2043	2103	0.00	195	0	0	0	nan	0.00	0.00	3.12	85.94	88.77	0.00	39	0	42	0.00	0.00	65.21	7.67	0.00	0.00	2000
232	11.60	1986	2115	0.00	196	0	0	0	nan	0.00	0.00	3.50	85.76	88.40	0.00	39	0	42	0.00	0.00	64.07	7.62	0.00	0.00	2000
226	11.19	2035	2087	0.00	194	0	0	0	nan	0.00	0.02	2.75	85.69	88.81	0.00	39	0	42	0.00	0.00	65.39	7.85	0.00	0.00	2000
232	11.39	2030	2107	0.00	197	0	0	0	nan	0.00	0.00	4.66	84.48	88.61	0.00	39	0	42	0.00	0.00	65.11	7.80	0.00	0.00	2000
231	10.99	2091	2107	0.00	195	0	0	0	nan	0.00	0.00	3.84	85.64	89.01	0.00	39	0	42	0.00	0.00	62.61	7.49	0.00	0.00	2000
229	11.31	2052	2074	0.00	196	0	0	0	nan	0.00	0.02	3.40	84.32	88.69	0.00	39	0	42	0.00	0.00	64.13	7.63	0.00	0.00	2000
230	11.19	2047	2104	0.00	197	0	0	0	nan	0.00	0.03	5.12	83.99	88.81	0.00	39	0	42	0.00	0.00	65.18	7.57	0.00	0.00	2000
228	11.25	2028	2096	0.00	194	0	0	0	nan	0.00	0.00	4.16	84.62	88.75	0.00	39	0	42	0.00	0.00	64.38	7.65	0.00	0.00	2000
229	11.47	1981	2121	0.00	194	0	0	0	nan	0.00	0.00	4.15	85.40	88.53	0.00	39	0	42	0.00	0.00	64.50	7.72	0.00	0.00	2000
228	11.36	2012	2098	0.00	195	0	0	0	nan	0.00	0.00	4.14	84.55	88.64	0.00	39	0	42	0.00	0.00	67.29	7.96	0.00	0.00	2000
231	11.15	2072	2097	0.00	197	0	0	0	nan	0.00	0.00	4.23	84.59	88.85	0.00	39	0	42	0.00	0.00	62.04	7.43	0.00	0.00	2000
230	11.51	1992	2112	0.00	194	0	0	0	nan	0.00	0.00	4.47	84.69	88.49	0.00	39	0	42	0.00	0.00	67.82	7.91	0.00	0.00	2000
225	11.25	2039	2063	0.54	196	0	0	11	82.45	0.00	0.00	3.98	83.41	88.75	0.00	39	0	42	0.00	0.00	60.18	7.28	0.00	0.00	2000
235	11.38	2027	2140	0.50	194	0	0	1	88.52	0.00	0.00	3.50	87.03	88.62	0.00	39	0	42	0.00	0.00	68.17	8.04	0.00	0.00	2000
227	11.20	2038	2087	0.00	195	0	0	0	nan	0.00	0.00	3.17	85.31	88.80	0.00	39	0	42	0.00	0.00	62.15	7.51	0.00	0.00	2000
226	11.79	1983	2029	0.00	195	0	0	0	nan	0.00	0.00	3.52	81.88	88.21	0.00	39	0	42	0.00	0.00	63.69	7.64	0.00	0.00	2000
233	10.74	2088	2180	0.00	210	0	0	0	nan	0.00	0.00	2.57	90.25	89.26	0.00	39	0	42	0.00	0.00	65.98	7.68	0.00	0.00	2000
230	11.40	2010	2105	0.00	194	0	0	0	nan	0.00	0.00	3.29	85.70	88.60	0.00	39	0	42	0.00	0.00	67.07	7.89	0.00	0.00	2000
228	11.10	2063	2092	0.00	195	0	0	0	nan	0.00	0.00	2.72	85.98	88.90	0.00	39	0	42	0.00	0.00	62.46	7.39	0.00	0.00	2000
232	11.15	2067	2117	0.00	194	0	0	0	nan	0.00	0.02	3.66	86.10	88.85	0.00	39	0	42	0.00	0.00	63.12	7.65	0.00	0.00	2000
230	10.95	2110	2088	0.00	179	0	0	0	nan	0.00	0.00	3.27	85.41	89.05	0.00	39	0	42	0.00	0.00	66.31	7.91	0.00	0.00	2000
232	10.99	2098	2113	0.00	194	0	0	0	nan	0.00	0.02	2.99	86.71	89.01	0.00	39	0	42	0.00	0.00	66.08	7.86	0.00	0.00	2000
222	11.19	2028	2055	0.00	195	0	0	0	nan	0.00	0.00	2.65	84.43	88.81	0.00	40	0	42	0.00	0.00	63.58	7.65	0.00	0.00	2000
233	11.21	2039	2136	0.00	210	0	0	0	nan	0.01	0.01	1.42	89.11	88.79	0.00	39	0	42	0.00	0.00	63.90	7.65	0.00	0.00	2000
229	11.13	2062	2099	0.00	197	0	0	0	nan	0.00	0.01	3.89	85.09	88.87	0.00	39	0	42	0.00	0.00	64.57	7.62	0.00	0.00	2000
231	11.20	2060	2101	0.00	196	0	0	0	nan	0.00	0.00	4.15	84.90	88.80	0.00	39	0	43	0.00	0.00	64.29	7.69	0.00	0.00	2000
228	11.09	2060	2101	0.00	195	0	0	0	nan	0.00	0.02	3.69	85.44	88.91	0.00	39	0	42	0.00	0.00	65.34	7.92	0.00	0.00	2000
227	11.33	2037	2063	0.00	194	0	0	0	nan	0.00	0.00	2.90	84.42	88.67	0.00	39	0	42	0.00	0.00	64.27	7.65	0.00	0.00	2000
229	11.33	1983	2139	0.00	194	0	0	0	nan	0.00	0.00	4.58	85.97	88.67	0.00	39	0	42	0.00	0.00	64.46	7.65	0.00	0.00	2000
228	11.20	2040	2091	0.42	194	0	0	10	83.56	0.00	0.02	2.87	85.75	88.80	0.00	39	0	42	0.00	0.00	65.01	7.70	0.00	0.00	2000
232	11.42	2036	2099	0.64	197	0	0	3	83.15	0.00	0.00	4.15	84.60	88.58	0.00	40	0	42	0.00	0.00	64.95	7.73	0.00	0.00	2000
230	11.52	1989	2107	0.00	194	0	0	0	nan	0.00	0.00	4.17	84.83	88.48	0.00	39	0	42	0.00	0.00	63.96	7.46	0.00	0.00	2000
230	11.21	2050	2097	0.00	194	0	0	0	nan	0.00	0.00	3.26	85.56	88.79	0.00	40	0	42	0.00	0.00	65.51	7.73	0.00	0.00	2000
230	11.06	2071	2110	0.00	194	0	0	0	nan	0.00	0.00	3.61	85.93	88.94	0.00	40	0	42	0.00	0.00	62.86	7.40	0.00	0.00	2000
226	11.23	2024	2087	0.00	195	0	0	0	nan	0.00	0.00	3.33	85.11	88.77	0.00	39	0	42	0.00	0.00	64.66	7.48	0.00	0.00	2000
233	11.48	2040	2086	0.00	194	0	0	0	nan	0.00	0.00	4.07	84.10	88.52	0.00	39	0	42	0.00	0.00	66.28	7.85	0.00	0.00	2000
226	11.09	2029	2112	0.00	194	0	0	0	nan	0.00	0.00	4.50	85.12	88.91	0.00	40	0	42	0.00	0.00	62.23	7.42	0.00	0.00	2000
231	11.57	1987	2107	0.00	194	0	0	0	nan	0.00	0.00	3.11	85.82	88.43	0.00	39	0	42	0.00	0.00	66.15	7.87	0.00	0.00	2000
228	11.22	2035	2095	0.00	194	0	0	0	nan	0.00	0.00	3.04	85.72	88.78	0.00	40	0	42	0.00	0.00	62.99	7.52	0.00	0.00	2000
226	11.23	2034	2081	0.00	195	0	0	0	nan	0.00	0.00	4.21	83.96	88.77	0.00	39	0	42	0.00	0.00	64.00	7.49	0.00	0.00	2000
227	11.84	1966	2048	0.00	195	0	0	0	nan	0.00	0.00	3.55	82.65	88.16	0.00	40	0	42	0.00	0.00	61.57	7.58	0.00	0.00	2000
234	11.10	2021	2187	0.00	210	0	0	0	nan	0.00	0.00	2.40	90.39	88.90	0.00	39	0	42	0.00	0.00	69.83	7.79	0.00	0.00	2000
227	11.41	1995	2097	0.00	194	0	0	0	nan	0.00	0.00	2.89	85.80	88.59	0.00	39	0	42	0.00	0.00	65.18	7.79	0.00	0.00	2000
225	11.12	2044	2074	0.00	195	0	0	0	nan	0.00	0.02	2.88	85.09	88.88	0.00	39	0	42	0.00	0.00	62.06	7.34	0.00	0.00	2000
232	11.38	2016	2124	0.00	196	0	0	0	nan	0.00	0.00	3.00	86.78	88.62	0.00	40	0	42	0.00	0.00	67.10	8.11	0.00	0.00	2000
232	11.59	1996	2104	0.00	195	0	0	0	nan	0.00	0.00	2.75	86.00	88.41	0.00	39	0	42	0.00	0.00	64.05	7.67	0.00	0.00	2000
229	11.20	2054	2090	0.34	194	0	0	9	81.84	0.00	0.02	2.26	86.22	88.80	0.00	39	0	42	0.00	0.00	62.92	7.41	0.00	0.00	2000
240	11.73	2034	2110	0.70	197	0	0	4	87.72	0.00	0.04	2.81	86.01	88.27	0.00	40	0	42	0.00	0.00	64.68	7.68	0.00	0.00	2000
228	11.35	2011	2097	0.00	194	0	0	0	nan	0.00	0.02	2.46	86.24	88.65	0.00	39	0	42	0.00	0.00	65.00	7.63	0.00	0.00	2000
229	11.24	2043	2094	0.00	194	0	0	0	nan	0.00	0.00	2.62	86.08	88.76	0.00	39	0	42	0.00	0.00	65.11	7.67	0.00	0.00	2000
231	11.58	1985	2108	0.00	194	0	0	0	nan	0.00	0.00	3.61	85.33	88.42	0.00	40	0	42	0.00	0.00	61.39	7.57	0.00	0.00	2000
224	11.59	2011	2021	0.00	195	0	0	0	nan	0.00	0.00	3.22	82.03	88.41	0.00	40	0	42	0.00	0.00	64.23	7.22	0.00	0.00	2000
231	11.24	1981	2180	0.00	210	0	0	0	nan	0.00	0.00	2.70	89.59	88.76	0.00	40	0	42	0.00	0.00	67.08	7.91	0.00	0.00	2000
228	11.17	2053	2092	0.00	194	0	0	0	nan	0.00	0.00	2.10	86.49	88.83	0.00	40	0	42	0.00	0.00	65.89	7.77	0.00	0.00	2000
232	11.25	2043	2118	0.00	194	0	0	0	nan	0.00	0.01	1.92	87.75	88.75	0.00	40	0	42	0.00	0.00	65.30	7.76	0.00	0.00	2000
230	11.25	2050	2094	0.00	196	0	0	0	nan	0.00	0.00	3.83	84.89	88.75	0.00	39	0	42	0.00	0.00	63.15	7.47	0.00	0.00	2000
226	11.15	2038	2090	0.00	194	0	0	0	nan	0.00	0.00	3.11	85.53	88.85	0.00	39	0	42	0.00	0.00	65.76	7.74	0.00	0.00	2000
230	11.19	2046	2108	0.00	194	0	0	0	nan	0.00	0.00	4.47	84.85	88.81	0.00	40	0	42	0.00	0.00	64.45	7.71	0.00	0.00	2000
227	11.27	2028	2088	0.00	194	0	0	0	nan	0.00	0.00	4.19	84.23	88.73	0.00	40	0	43	0.00	0.00	65.58	7.80	0.00	0.00	2000
231	11.29	2031	2118	0.00	196	0	0	0	nan	0.00	0.00	5.00	84.62	88.71	0.00	39	0	42	0.00	0.00	64.21	7.62	0.00	0.00	2000
231	11.20	2061	2103	0.00	195	0	0	0	nan	0.00	0.00	4.22	84.91	88.80	0.00	40	0	43	0.00	0.00	66.04	7.80	0.00	0.00	2000
228	11.04	2070	2095	0.00	195	0	0	0	nan	0.00	0.02	3.14	85.68	88.96	0.00	40	0	42	0.00	0.00	63.68	7.65	0.00	0.00	2000
229	10.95	2097	2097	0.00	178	0	0	0	nan	0.00	0.00	3.38	85.70	89.05	0.00	40	0	42	0.00	0.00	66.09	7.91	0.00	0.00	2000
232	11.57	2046	2059	0.11	227	0	0	9	71.06	0.00	0.01	6.04	80.80	88.43	0.00	39	0	42	0.00	0.00	61.96	7.46	0.00	0.00	2000
235	11.35	2023	2152	0.85	196	0	0	6	87.91	0.00	0.00	5.46	85.61	88.65	0.00	39	0	42	0.00	0.00	65.04	7.84	0.00	0.00	2000
233	11.04	2114	2096	0.00	196	0	0	0	nan	0.00	0.00	2.73	86.18	88.96	0.00	40	0	43	0.00	0.00	67.04	8.37	0.00	0.00	2000
224	11.19	2037	2066	0.00	194	0	0	0	nan	0.00	0.00	4.60	82.97	88.81	0.00	40	0	42	0.00	0.00	65.31	8.59	0.00	0.00	2000
230	10.89	2086	2126	0.00	194	0	0	0	nan	0.00	0.00	3.91	86.45	89.11	0.00	40	0	42	0.00	0.00	67.35	8.73	0.00	0.00	2000
225	11.21	2029	2077	0.00	195	0	0	0	nan	0.00	0.00	4.38	83.65	88.79	0.00	40	0	42	0.00	0.00	65.68	8.34	0.00	0.00	2000
227	11.48	2012	2060	0.00	194	0	0	0	nan	0.00	0.00	3.03	84.00	88.52	0.00	40	0	42	0.00	0.00	63.80	8.28	0.00	0.00	2000
232	11.07	2035	2162	0.00	212	0	0	0	nan	0.00	0.00	3.17	88.61	88.93	0.00	40	0	42	0.00	0.00	70.37	8.98	0.00	0.00	2000
226	11.13	2042	2088	0.00	194	0	0	0	nan	0.00	0.00	4.09	84.48	88.87	0.00	40	0	42	0.00	0.00	65.88	8.58	0.00	0.00	2000
226	11.00	2061	2095	0.00	195	0	0	0	nan	0.00	0.00	4.41	84.48	89.00	0.00	40	0	42	0.00	0.00	66.11	8.49	0.00	0.00	2000
229	11.54	2006	2079	0.00	194	0	0	0	nan	0.00	0.00	3.09	84.70	88.46	0.00	40	0	42	0.00	0.00	64.78	8.18	0.00	0.00	2000
227	10.96	2043	2129	0.00	210	0	0	0	nan	0.00	0.00	3.62	86.83	89.04	0.00	40	0	42	0.00	0.00	69.63	8.87	0.00	0.00	2000
230	11.20	2036	2119	0.00	195	0	0	0	nan	0.00	0.00	4.21	85.61	88.80	0.00	40	0	42	0.00	0.00	66.48	8.63	0.00	0.00	2000
223	11.63	1982	2028	0.00	195	0	0	0	nan	0.00	0.00	3.96	81.60	88.37	0.00	40	0	42	0.00	0.00	62.83	8.17	0.00	0.00	2000
233	11.02	2032	2182	0.00	210	0	0	0	nan	0.00	0.00	2.70	89.99	88.98	0.00	40	0	42	0.00	0.00	70.18	9.10	0.00	0.00	2000
226	11.35	1992	2097	0.00	193	0	0	0	nan	0.00	0.00	3.73	84.98	88.65	0.00	40	0	43	0.00	0.00	66.02	8.60	0.00	0.00	2000
231	11.43	2045	2079	0.00	199	0	0	0	nan	0.00	0.00	5.05	82.84	88.57	0.00	40	0	42	0.00	0.00	65.98	8.59	0.00	0.00	2000
230	11.22	2033	2118	0.48	202	0	0	38	4.64	0.00	0.00	6.55	83.22	88.78	0.00	40	0	43	0.00	0.00	67.22	8.63	0.00	0.00	2000
230	11.16	2061	2097	1.23	198	0	0	13	11.55	0.00	0.00	6.84	82.02	88.84	0.00	40	0	42	0.00	0.00	66.72	8.72	0.00	0.00	2000
228	11.19	2040	2097	0.00	199	0	0	0	nan	0.00	0.00	7.08	81.81	88.81	0.00	40	0	42	0.00	0.00	66.56	8.68	0.00	0.00	2000
223	11.54	1991	2038	0.00	198	0	0	0	nan	0.00	0.00	6.18	79.90	88.46	0.00	40	0	42	0.00	0.00	62.71	8.12	0.00	0.00	2000
243	12.43	1954	2100	0.00	220	0	0	0	nan	0.00	0.02	5.88	81.88	87.57	0.00	40	0	42	0.00	0.00	66.95	8.47	0.00	0.00	2000
237	10.88	2092	2185	0.00	216	0	0	0	nan	0.00	0.02	7.90	84.85	89.12	0.00	40	0	42	0.00	0.00	71.00	9.16	0.00	0.00	2000
225	11.14	2056	2067	0.00	198	0	0	0	nan	0.00	0.00	6.61	81.03	88.86	0.00	40	0	42	0.00	0.00	65.44	8.42	0.00	0.00	2000
228	11.51	2016	2061	0.00	198	0	0	0	nan	0.00	0.00	5.29	81.77	88.49	0.00	40	0	42	0.00	0.00	63.86	8.25	0.00	0.00	2000
231	10.93	2067	2146	0.00	220	0	0	0	nan	0.00	0.00	4.43	86.77	89.07	0.00	40	0	42	0.00	0.00	69.71	8.99	0.00	0.00	2000
235	11.10	2086	2131	0.00	201	0	0	0	nan	0.01	0.02	4.76	85.52	88.90	0.00	40	0	42	0.00	0.00	67.92	8.84	0.00	0.00	2000
227	11.12	2054	2090	0.00	199	0	0	0	nan	0.00	0.00	5.32	83.30	88.88	0.00	40	0	42	0.00	0.00	66.32	8.73	0.00	0.00	2000
228	10.85	2098	2099	0.00	198	0	0	0	nan	0.00	0.98	6.31	82.00	89.15	0.00	40	0	42	0.00	0.00	66.56	8.69	0.00	0.00	2000
228	11.25	2025	2107	0.00	198	0	0	0	nan	0.00	0.00	6.35	82.80	88.76	0.00	40	0	42	0.00	0.00	66.74	8.64	0.00	0.00	2000
231	11.35	2042	2091	0.00	205	0	0	0	nan	0.00	0.02	6.47	82.01	88.65	0.00	40	0	42	0.00	0.00	66.17	8.68	0.00	0.00	2000
226	11.17	2048	2078	0.00	201	0	0	0	nan	0.00	0.00	7.36	80.69	88.83	0.00	40	0	42	0.00	0.00	62.86	8.23	0.00	0.00	2000
226	11.48	2012	2056	0.00	200	0	0	0	nan	0.00	0.00	5.93	80.95	88.52	0.00	40	0	42	0.00	0.00	66.23	8.47	0.00	0.00	2000
235	10.81	2093	2183	0.00	214	0	0	0	nan	0.00	0.00	4.32	88.52	89.19	0.00	40	0	42	0.00	0.00	71.22	9.19	0.00	0.00	2000
227	11.20	2049	2080	0.87	198	0	0	49	2.94	0.00	0.00	5.99	82.19	88.80	0.00	40	0	42	0.00	0.00	62.92	8.11	0.00	0.00	2000
231	11.32	2029	2110	0.84	203	0	0	1	89.63	0.00	0.00	7.82	81.48	88.68	0.00	40	0	42	0.00	0.00	69.83	8.88	0.00	0.00	2000
224	11.62	1988	2035	0.00	198	0	0	0	nan	0.00	0.00	5.61	80.24	88.38	0.00	40	0	42	0.00	0.00	62.89	8.19	0.00	0.00	2000
228	11.01	2030	2147	0.00	215	0	0	0	nan	0.00	0.00	4.24	86.97	88.99	0.00	40	0	42	0.00	0.00	66.13	8.61	0.00	0.00	2000
227	11.49	2013	2064	0.00	199	0	0	0	nan	0.00	0.00	4.20	83.02	88.51	0.00	40	0	42	0.00	0.00	66.82	8.81	0.00	0.00	2000
229	11.07	2035	2137	0.00	219	0	0	0	nan	0.00	0.00	4.17	86.55	88.93	0.00	40	0	42	0.00	0.00	65.84	8.44	0.00	0.00	2000
226	11.45	2015	2053	0.00	198	0	0	0	nan	0.00	0.05	3.30	83.45	88.55	0.00	40	0	42	0.00	0.00	66.76	8.49	0.00	0.00	2000
232	11.24	2032	2130	0.00	216	0	0	0	nan	0.00	0.03	3.98	86.19	88.76	0.00	40	0	42	0.00	0.00	68.05	8.71	0.00	0.00	2000
229	10.97	2049	2139	0.00	216	0	0	0	nan	0.00	0.00	5.98	84.92	89.03	0.00	40	0	42	0.00	0.00	65.94	8.56	0.00	0.00	2000
229	11.10	2069	2094	0.00	202	0	0	0	nan	0.00	0.00	6.79	82.01	88.90	0.00	40	0	42	0.00	0.00	66.48	8.46	0.00	0.00	2000
229	11.03	2059	2114	0.00	198	0	0	0	nan	0.00	0.00	8.20	81.51	88.97	0.00	40	0	42	0.00	0.00	66.67	8.67	0.00	0.00	2000
226	11.08	2066	2076	0.00	199	0	0	0	nan	0.00	0.00	6.55	81.49	88.92	0.00	40	0	42	0.00	0.00	66.39	8.63	0.00	0.00	2000
224	11.45	2000	2054	0.00	198	0	0	0	nan	0.00	0.00	5.59	81.21	88.55	0.00	40	0	42	0.00	0.00	66.22	8.52	0.00	0.00	2000
230	10.80	2059	2169	0.00	214	0	0	0	nan	0.01	0.00	4.45	87.90	89.20	0.00	40	0	42	0.00	0.00	65.74	7.85	0.00	0.00	2000
235	11.22	2073	2123	0.00	203	0	0	0	nan	0.00	0.00	6.23	83.72	88.78	0.00	40	0	42	0.00	0.00	63.56	7.45	0.00	0.00	2000
228	11.05	2078	2088	0.00	182	0	0	0	nan	0.00	0.00	5.86	82.81	88.95	0.00	40	0	42	0.00	0.00	66.23	7.69	0.00	0.00	2000
225	10.94	2080	2077	0.00	199	0	0	0	nan	0.00	0.02	6.22	81.98	89.06	0.00	40	0	42	0.00	0.00	64.80	7.51	0.00	0.00	2000
231	11.54	2026	2078	0.77	199	0	0	7	34.19	0.00	0.01	2.81	84.88	88.46	0.00	39	0	42	0.00	0.00	64.20	7.57	0.00	0.00	2000
227	10.89	2068	2116	0.17	214	0	0	0	nan	0.01	0.00	5.44	84.49	89.11	0.00	39	0	42	0.00	0.00	63.36	7.51	0.00	0.00	2000
231	11.13	2065	2107	0.00	203	0	0	0	nan	0.00	0.00	6.04	83.33	88.87	0.00	39	0	42	0.00	0.00	64.65	7.62	0.00	0.00	2000
228	11.63	2007	2049	0.00	199	0	0	0	nan	0.00	0.00	3.98	82.45	88.37	0.00	39	0	42	0.00	0.00	64.64	7.68	0.00	0.00	2000
205	10.20	1958	2151	0.00	223	0	0	0	nan	0.00	0.05	2.67	89.48	89.80	0.00	38	0	42	0.00	0.00	66.14	7.85	0.00	0.00	2000
118	9.19	1275	2124	0.00	243	0	0	0	nan	0.00	0.02	11.55	80.43	90.81	0.00	38	0	42	0.00	0.00	59.70	7.61	0.00	0.00	2000
76	7.50	1030	2074	0.00	193	0	0	0	nan	0.00	0.01	2.97	88.55	92.50	0.00	37	0	42	0.00	0.00	53.98	7.40	0.00	0.00	2000
144	10.22	1325	2227	0.00	66	0	0	0	nan	0.00	0.00	18.82	76.45	89.78	0.00	37	0	42	0.00	0.00	77.08	8.10	0.00	0.00	2000
