Avg_MHz	Busy%	Bzy_MHz	TSC_MHz	IPC	IRQ	NMI	SMI	LLCMRPS	LLC%hit	POLL%	C1%	C1E%	C6%	CPU%c1	CPU%c6	CoreTmp	CoreThr	PkgTmp	Pkg%pc2	Pkg%pc6	PkgWatt	RAMWatt	PKG_%	RAM_%	UncMHz
479	21.41	2204	2129	0.00	253	0	0	0	nan	0.00	1.03	41.85	37.11	78.59	0.00	37	0	42	0.00	0.00	70.08	7.89	0.00	0.00	2000
333	16.91	1959	2109	0.00	229	0	0	0	nan	0.00	0.32	16.03	67.16	83.09	0.00	37	0	42	0.00	0.00	62.51	7.42	0.00	0.00	2000
78	7.06	1091	2117	0.00	209	0	0	0	nan	0.00	0.02	4.85	88.85	92.94	0.00	37	0	42	0.00	0.00	59.97	7.58	0.00	0.00	2000
73	6.72	1083	2103	0.00	195	0	0	0	nan	0.00	0.00	3.90	89.59	93.28	0.00	37	0	42	0.00	0.00	58.60	7.47	0.00	0.00	2000
74	6.75	1099	2101	0.00	193	0	0	0	nan	0.00	0.01	3.49	89.93	93.25	0.00	37	0	42	0.00	0.00	58.95	7.47	0.00	0.00	2000
73	6.40	1148	2095	0.00	193	0	0	0	nan	0.00	0.00	3.53	89.69	93.60	0.00	37	0	42	0.00	0.00	56.54	7.28	0.00	0.00	2000
80	7.17	1114	2101	0.00	195	0	0	0	nan	0.00	0.02	3.47	89.45	92.83	0.00	36	0	42	0.00	0.00	58.48	7.29	0.00	0.00	2000
73	6.79	1075	2103	0.00	194	0	0	0	nan	0.00	0.00	3.60	89.89	93.21	0.00	37	0	42	0.00	0.00	58.28	7.39	0.00	0.00	2000
71	6.71	1074	2067	0.00	193	0	0	0	nan	0.00	0.00	3.24	88.64	93.29	0.00	37	0	42	0.00	0.00	57.95	7.41	0.00	0.00	2000
73	6.56	1102	2109	0.00	192	0	0	0	nan	0.00	0.02	1.89	91.86	93.44	0.00	37	0	42	0.00	0.00	59.91	7.58	0.00	0.00	2000
71	6.66	1076	2093	0.00	209	0	0	0	nan	0.00	0.02	2.57	90.47	93.34	0.00	37	0	42	0.00	0.00	58.12	7.30	0.00	0.00	2000
73	6.88	1049	2118	0.00	194	0	0	0	nan	0.00	0.00	4.12	89.86	93.12	0.00	37	0	42	0.00	0.00	58.82	7.52	0.00	0.00	2000
74	6.89	1063	2114	0.00	193	0	0	0	nan	0.00	0.00	4.08	89.71	93.11	0.00	36	0	42	0.00	0.00	58.83	7.14	0.00	0.00	2000
72	6.75	1081	2084	0.00	193	0	0	0	nan	0.00	0.00	3.19	89.44	93.25	0.00	37	0	42	0.00	0.00	56.19	7.48	0.00	0.00	2000
72	7.14	1011	2083	0.00	193	0	0	0	nan	0.00	0.03	4.07	88.14	92.86	0.00	37	0	42	0.00	0.00	57.25	7.31	0.00	0.00	2000
73	7.08	1012	2137	0.00	195	0	0	1	86.50	0.00	0.04	2.35	92.31	92.92	0.00	37	0	42	0.00	0.00	61.17	7.73	0.00	0.00	2000
73	6.69	1095	2084	0.29	193	0	0	2	86.20	0.00	0.00	2.89	89.78	93.31	0.00	37	0	42	0.00	0.00	57.42	7.52	0.00	0.00	2000
121	7.80	1554	2091	0.00	211	0	0	0	nan	0.01	0.16	4.10	87.64	92.20	0.00	38	0	42	0.00	0.00	60.29	7.34	0.00	0.00	2000
234	11.08	2088	2123	0.00	254	0	0	0	nan	0.00	0.02	6.72	83.30	88.92	0.00	39	0	42	0.00	0.00	63.64	7.31	0.00	0.00	2000
235	11.01	2137	2100	0.00	205	0	0	0	nan	0.00	0.02	7.10	81.97	88.99	0.00	40	0	42	0.00	0.00	66.81	7.57	0.00	0.00	2000
231	11.08	2081	2105	0.00	203	0	0	0	nan	0.00	0.03	3.43	85.78	88.92	0.00	40	0	42	0.00	0.00	66.42	7.52	0.00	0.00	2000
242	11.55	2147	2045	0.00	203	0	0	0	nan	0.00	0.00	4.71	81.44	88.45	0.00	40	0	42	0.00	0.00	61.25	7.02	0.00	0.00	2000
235	11.38	2016	2149	0.00	194	0	0	0	nan	0.00	0.04	8.77	82.08	88.62	0.00	37	0	42	0.00	0.00	68.69	8.51	0.00	0.00	2000
233	11.19	2084	2096	0.00	195	0	0	0	nan	0.00	0.00	7.53	81.14	88.81	0.00	37	0	42	0.00	0.00	60.44	7.85	0.00	0.00	2000
224	10.84	2072	2091	0.00	197	0	0	0	nan	0.00	0.02	4.79	84.15	89.16	0.00	37	0	42	0.00	0.00	68.18	8.01	0.00	0.00	2000
231	11.64	1981	2107	0.00	201	0	0	0	nan	0.00	0.00	5.41	83.42	88.36	0.00	37	0	42	0.00	0.00	65.31	7.80	0.00	0.00	2000
231	11.39	2038	2091	0.00	201	0	0	0	nan	0.00	0.01	4.75	83.64	88.61	0.00	38	0	42	0.00	0.00	64.98	7.58	0.00	0.00	2000
226	10.96	2081	2080	0.00	198	0	0	0	nan	0.01	0.00	5.58	82.64	89.04	0.00	38	0	42	0.00	0.00	61.91	7.06	0.00	0.00	2000
234	11.47	2016	2126	0.00	195	0	0	0	nan	0.00	0.00	4.73	85.09	88.53	0.00	38	0	42	0.00	0.00	69.36	8.14	0.00	0.00	2000
227	11.38	2040	2057	0.00	198	0	0	0	nan	0.00	0.51	2.30	84.18	88.62	0.00	39	0	42	0.00	0.00	59.01	6.79	0.00	0.00	2000
231	10.91	2065	2150	0.00	214	0	0	0	nan	0.00	0.00	4.54	86.82	89.09	0.00	38	0	42	0.00	0.00	67.70	7.84	0.00	0.00	2000
227	11.04	2095	2061	0.00	202	0	0	0	nan	0.00	0.02	5.38	81.97	88.96	0.00	38	0	42	0.00	0.00	65.42	7.51	0.00	0.00	2000
230	11.22	2048	2102	0.00	195	0	0	2	82.65	0.00	0.03	2.98	86.08	88.78	0.00	39	0	42	0.00	0.00	63.04	7.24	0.00	0.00	2000
232	11.09	2098	2090	0.73	198	0	0	10	86.33	0.00	0.01	2.12	86.48	88.91	0.00	39	0	42	0.00	0.00	65.35	7.50	0.00	0.00	2000
233	10.68	2141	2136	0.00	217	0	0	0	nan	0.00	0.00	6.23	84.72	89.32	0.00	38	0	42	0.00	0.00	64.91	7.35	0.00	0.00	2000
232	11.81	1961	2106	0.00	199	0	0	0	nan	0.00	0.00	6.07	82.51	88.19	0.00	38	0	42	0.00	0.00	67.55	7.85	0.00	0.00	2000
233	11.61	2004	2104	0.00	203	0	0	0	nan	0.01	0.00	5.08	83.69	88.39	0.00	38	0	42	0.00	0.00	65.52	7.81	0.00	0.00	2000
228	11.19	2041	2098	0.00	198	0	0	0	nan	0.00	0.01	4.10	84.73	88.81	0.00	38	0	42	0.00	0.00	65.41	7.56	0.00	0.00	2000
226	11.25	2050	2062	0.00	198	0	0	0	nan	0.00	0.03	5.07	82.22	88.75	0.00	38	0	42	0.00	0.00	63.25	7.33	0.00	0.00	2000
234	10.95	2105	2134	0.00	198	0	0	0	nan	0.00	0.00	3.57	86.94	89.05	0.00	38	0	42	0.00	0.00	65.90	7.43	0.00	0.00	2000
233	11.64	2047	2051	0.00	198	0	0	0	nan	0.00	0.03	3.88	82.49	88.36	0.00	39	0	42	0.00	0.00	62.36	7.12	0.00	0.00	2000
227	10.59	2114	2132	0.00	222	0	0	0	nan	0.00	0.00	6.32	84.55	89.41	0.00	38	0	42	0.00	0.00	68.33	7.92	0.00	0.00	2000
231	11.45	2008	2113	0.00	195	0	0	0	nan	0.00	0.02	5.25	83.99	88.55	0.00	39	0	42	0.00	0.00	65.11	7.50	0.00	0.00	2000
233	11.07	2082	2119	0.00	199	0	0	0	nan	0.00	0.02	4.69	85.16	88.93	0.00	39	0	42	0.00	0.00	66.52	7.63	0.00	0.00	2000
229	10.82	2119	2095	0.00	198	0	0	0	nan	0.00	0.06	3.67	85.33	89.18	0.00	39	0	42	0.00	0.00	63.92	7.26	0.00	0.00	2000
239	11.13	2161	2087	0.00	198	0	0	0	nan	0.00	0.02	4.18	84.15	88.87	0.00	39	0	42	0.00	0.00	64.76	7.38	0.00	0.00	2000
227	10.98	2065	2102	0.00	199	0	0	0	nan	0.00	0.00	6.90	82.41	89.02	0.00	40	0	42	0.00	0.00	65.57	7.41	0.00	0.00	2000
228	11.39	1997	2101	0.00	196	0	0	0	nan	0.00	0.03	6.81	82.05	88.61	0.00	39	0	42	0.00	0.00	64.36	7.46	0.00	0.00	2000
235	11.35	2062	2105	0.00	204	0	0	0	nan	0.00	0.00	7.34	81.63	88.65	0.00	39	0	42	0.00	0.00	65.45	7.57	0.00	0.00	2000
228	11.25	2044	2078	0.00	199	0	0	8	98.12	0.00	0.00	6.08	81.81	88.75	0.00	39	0	42	0.00	0.00	63.93	7.49	0.00	0.00	2000
236	11.48	2027	2130	0.46	199	0	0	40	91.34	0.00	0.00	5.39	84.55	88.52	0.00	39	0	42	0.00	0.00	64.48	7.37	0.00	0.00	2000
230	11.13	2071	2093	0.00	201	0	0	0	nan	0.00	0.00	4.54	84.12	88.87	0.00	40	0	42	0.00	0.00	66.66	7.76	0.00	0.00	2000
231	11.38	2025	2104	0.00	200	0	0	0	nan	0.00	0.00	6.51	82.41	88.62	0.00	39	0	42	0.00	0.00	64.46	7.48	0.00	0.00	2000
218	10.76	2042	2086	0.00	197	0	0	0	nan	0.00	0.00	5.98	82.78	89.24	0.00	38	0	42	0.00	0.00	63.67	7.72	0.00	0.00	2000
236	11.20	2090	2122	0.00	251	0	0	0	nan	0.00	0.02	3.67	86.17	88.80	0.00	39	0	42	0.00	0.00	67.77	8.03	0.00	0.00	2000
228	11.11	2060	2089	0.00	196	0	0	0	nan	0.00	0.00	3.79	84.78	88.89	0.00	40	0	42	0.00	0.00	60.38	7.14	0.00	0.00	2000
311	17.06	2273	1684	0.00	216	0	0	0	nan	0.00	0.00	2.94	63.66	82.94	0.00	39	0	42	0.00	0.00	48.49	5.52	0.00	0.00	2000
457	16.34	2283	2573	0.00	340	0	0	0	nan	0.00	0.00	5.89	96.80	83.66	0.00	39	0	42	0.00	0.00	92.87	10.59	0.00	0.00	2000
188	10.04	1892	2084	0.00	266	0	0	0	nan	0.00	0.00	8.47	80.90	89.96	0.00	38	0	42	0.00	0.00	63.56	7.63	0.00	0.00	2000
120	8.57	1391	2120	0.00	226	0	0	0	nan	0.00	0.00	9.26	83.02	91.43	0.00	37	0	42	0.00	0.00	58.48	7.45	0.00	0.00	2000
