Avg_MHz	Busy%	Bzy_MHz	TSC_MHz	IPC	IRQ	NMI	SMI	LLCMRPS	LLC%hit	POLL%	C1%	C1E%	C6%	CPU%c1	CPU%c6	CoreTmp	CoreThr	PkgTmp	Pkg%pc2	Pkg%pc6	PkgWatt	RAMWatt	PKG_%	RAM_%	UncMHz
411	19.76	2066	2113	0.00	255	0	0	0	nan	0.00	0.49	49.50	30.87	80.24	0.00	37	0	43	0.00	0.00	66.41	7.69	0.00	0.00	2000
396	19.33	2019	2130	0.00	223	0	0	0	nan	0.08	0.98	18.99	62.15	80.67	0.00	38	0	43	0.00	0.00	64.93	7.53	0.00	0.00	2000
78	6.89	1118	2118	0.00	210	0	0	0	nan	0.00	0.00	6.64	87.22	93.11	0.00	37	0	43	0.00	0.00	60.31	7.43	0.00	0.00	2000
71	6.72	1068	2075	0.00	193	0	0	0	nan	0.00	0.00	3.47	88.71	93.28	0.00	37	0	42	0.00	0.00	56.97	7.27	0.00	0.00	2000
73	7.02	1047	2093	0.00	194	0	0	0	nan	0.00	0.00	2.16	90.59	92.98	0.00	37	0	43	0.00	0.00	59.88	7.50	0.00	0.00	2000
73	7.11	1012	2135	0.00	209	0	0	0	nan	0.00	0.00	4.14	90.30	92.89	0.00	37	0	43	0.00	0.00	60.57	7.57	0.00	0.00	2000
72	6.80	1079	2074	0.00	195	0	0	0	nan	0.00	0.00	3.38	88.79	93.20	0.00	38	0	43	0.00	0.00	57.72	7.39	0.00	0.00	2000
73	6.52	1109	2120	0.00	193	0	0	0	nan	0.00	0.00	3.84	90.56	93.48	0.00	38	0	43	0.00	0.00	59.33	7.49	0.00	0.00	2000
74	6.94	1060	2100	0.00	196	0	0	0	nan	0.00	0.02	4.55	88.52	93.06	0.00	37	0	43	0.00	0.00	58.06	7.57	0.00	0.00	2000
71	6.64	1085	2080	0.00	195	0	0	0	nan	0.00	0.00	3.36	89.16	93.36	0.00	38	0	43	0.00	0.00	57.17	7.33	0.00	0.00	2000
99	7.86	1266	2090	0.00	196	0	0	0	nan	0.00	0.00	2.55	89.11	92.14	0.00	38	0	43	0.00	0.00	59.93	7.80	0.00	0.00	2000
85	7.42	1122	2138	0.00	210	0	0	0	nan	0.00	0.02	3.63	90.71	92.58	0.00	37	0	43	0.00	0.00	58.86	7.65	0.00	0.00	2000
74	6.81	1094	2095	0.00	194	0	0	0	nan	0.00	0.00	3.66	89.38	93.19	0.00	37	0	43	0.00	0.00	58.99	7.70	0.00	0.00	2000
73	6.63	1101	2101	0.00	193	0	0	0	nan	0.00	0.00	4.02	89.46	93.37	0.00	37	0	43	0.00	0.00	55.41	7.30	0.00	0.00	2000
73	6.72	1090	2101	0.00	194	0	0	0	nan	0.00	0.00	4.03	89.27	93.28	0.00	37	0	43	0.00	0.00	59.94	7.77	0.00	0.00	2000
72	6.77	1078	2075	0.00	196	0	0	1	89.13	0.00	0.00	4.27	87.84	93.23	0.00	37	0	43	0.00	0.00	55.66	7.15	0.00	0.00	2000
73	6.87	1061	2095	0.09	194	0	0	1	86.79	0.00	0.00	3.45	89.37	93.13	0.00	37	0	43	0.00	0.00	58.92	7.43	0.00	0.00	2000
72	6.54	1092	2120	0.00	193	0	0	0	nan	0.00	0.01	2.07	92.11	93.46	0.00	37	0	43	0.00	0.00	59.86	7.67	0.00	0.00	2000
220	10.71	2058	2097	0.00	231	0	0	0	nan	0.00	0.52	4.90	83.79	89.29	0.00	39	0	43	0.00	0.00	64.67	7.58	0.00	0.00	2000
230	10.67	2151	2104	0.00	213	0	0	0	nan	0.00	0.02	3.40	86.08	89.33	0.00	40	0	43	0.00	0.00	66.03	7.63	0.00	0.00	2000
232	11.07	2084	2113	0.00	203	0	0	0	nan	0.00	0.00	3.10	86.43	88.93	0.00	40	0	43	0.00	0.00	65.73	7.74	0.00	0.00	2000
232	11.24	2060	2101	0.00	202	0	0	0	nan	0.00	0.00	4.51	84.34	88.76	0.00	41	0	43	0.00	0.00	64.42	7.58	0.00	0.00	2000
237	11.56	2084	2065	0.00	214	0	0	0	nan	0.00	0.00	7.03	80.09	88.44	0.00	38	0	43	0.00	0.00	62.88	7.51	0.00	0.00	2000
229	10.51	2142	2132	0.00	198	0	0	0	nan	0.00	0.01	5.68	85.20	89.49	0.00	38	0	43	0.00	0.00	66.03	7.92	0.00	0.00	2000
218	10.86	2021	2087	0.00	198	0	0	0	nan	0.01	0.03	4.54	84.16	89.14	0.00	38	0	43	0.00	0.00	64.58	7.82	0.00	0.00	2000
233	11.58	1999	2115	0.00	195	0	0	0	nan	0.00	0.04	4.15	85.00	88.42	0.00	38	0	43	0.00	0.00	65.53	7.97	0.00	0.00	2000
231	11.10	2081	2102	0.00	198	0	0	0	nan	0.00	0.00	4.15	84.98	88.90	0.00	38	0	43	0.00	0.00	65.56	7.52	0.00	0.00	2000
229	11.20	2044	2101	0.00	196	0	0	0	nan	0.00	0.00	5.45	83.50	88.80	0.00	38	0	43	0.00	0.00	65.17	7.49	0.00	0.00	2000
235	11.22	2099	2097	0.00	203	0	0	0	nan	0.00	1.08	4.12	83.49	88.78	0.00	38	0	43	0.00	0.00	66.11	7.65	0.00	0.00	2000
227	11.16	2066	2067	0.00	200	0	0	0	nan	0.00	0.02	6.47	81.00	88.84	0.00	39	0	43	0.00	0.00	62.99	7.22	0.00	0.00	2000
235	11.15	2070	2137	0.00	196	0	0	0	nan	0.00	0.03	5.90	84.60	88.85	0.00	38	0	43	0.00	0.00	65.74	7.58	0.00	0.00	2000
231	11.20	2063	2097	0.00	197	0	0	0	nan	0.00	0.03	5.46	83.25	88.80	0.00	39	0	43	0.00	0.00	65.14	7.40	0.00	0.00	2000
232	11.23	2079	2088	0.00	199	0	0	6	37.84	0.00	0.00	4.85	83.47	88.77	0.00	38	0	43	0.00	0.00	62.43	7.33	0.00	0.00	2000
224	10.54	2146	2085	0.58	217	0	0	10	52.22	0.00	0.00	6.05	82.79	89.46	0.00	39	0	43	0.00	0.00	66.19	7.68	0.00	0.00	2000
227	11.81	2166	1863	0.00	196	0	0	0	nan	0.00	0.00	3.82	74.52	88.19	0.00	39	0	43	0.00	0.00	58.06	6.71	0.00	0.00	2000
235	10.95	1950	2309	0.00	270	0	0	0	nan	0.00	0.00	4.42	93.55	89.05	0.00	38	0	43	0.00	0.00	70.86	8.34	0.00	0.00	2000
241	11.12	2056	2218	0.00	199	0	0	0	nan	0.00	0.01	7.17	86.83	88.88	0.00	37	0	42	0.00	0.00	68.49	8.33	0.00	0.00	2000
232	11.10	2086	2100	0.00	197	0	0	0	nan	0.00	0.00	7.68	81.29	88.90	0.00	37	0	43	0.00	0.00	65.39	7.92	0.00	0.00	2000
234	11.25	2078	2098	0.00	198	0	0	0	nan	0.00	0.00	5.51	83.26	88.75	0.00	37	0	43	0.00	0.00	64.92	7.69	0.00	0.00	2000
232	11.20	2063	2105	0.00	197	0	0	0	nan	0.00	0.06	4.06	85.05	88.80	0.00	37	0	43	0.00	0.00	63.66	7.72	0.00	0.00	2000
233	11.19	2088	2094	0.00	196	0	0	0	nan	0.03	0.01	2.64	85.98	88.81	0.00	37	0	43	0.00	0.00	66.38	7.94	0.00	0.00	2000
234	11.19	2098	2096	0.00	183	0	0	0	nan	0.00	1.00	7.33	80.48	88.81	0.00	37	0	42	0.00	0.00	64.45	7.95	0.00	0.00	2000
233	11.07	2101	2105	0.00	218	0	0	0	nan	0.00	0.41	5.14	83.70	88.93	0.00	37	0	43	0.00	0.00	65.71	8.05	0.00	0.00	2000
233	11.11	2092	2102	0.00	181	0	0	0	nan	0.00	0.01	7.62	81.42	88.89	0.00	37	0	43	0.00	0.00	64.23	7.80	0.00	0.00	2000
232	11.00	2112	2098	0.00	196	0	0	0	nan	0.02	0.02	6.41	82.53	89.00	0.00	37	0	43	0.00	0.00	63.38	7.73	0.00	0.00	2000
233	11.33	2064	2096	0.00	208	0	0	0	nan	0.00	0.01	7.98	80.65	88.67	0.00	37	0	43	0.00	0.00	65.36	7.99	0.00	0.00	2000
232	11.30	2051	2105	0.00	203	0	0	0	nan	0.00	0.00	7.78	81.23	88.70	0.00	37	0	43	0.00	0.00	66.02	7.97	0.00	0.00	2000
234	11.39	2057	2100	0.00	198	0	0	0	nan	0.00	0.00	7.51	81.29	88.61	0.00	37	0	43	0.00	0.00	66.17	7.79	0.00	0.00	2000
232	11.26	2061	2100	0.00	181	0	0	0	nan	0.00	0.02	7.47	81.35	88.74	0.00	37	0	43	0.00	0.00	60.47	7.10	0.00	0.00	2000
232	11.20	2068	2101	0.00	198	0	0	2	55.10	0.00	0.00	7.39	81.56	88.80	0.00	37	0	43	0.00	0.00	66.92	7.98	0.00	0.00	2000
230	11.25	2111	2036	0.95	198	0	0	3	64.43	0.00	0.00	4.83	81.27	88.75	0.00	37	0	43	0.00	0.00	63.25	7.90	0.00	0.00	2000
231	10.93	2057	2157	0.00	197	0	0	0	nan	0.01	0.00	6.25	85.34	89.07	0.00	37	0	43	0.00	0.00	69.24	9.30	0.00	0.00	2000
233	11.40	2036	2107	0.00	199	0	0	0	nan	0.00	0.00	6.91	82.14	88.60	0.00	37	0	43	0.00	0.00	67.03	8.92	0.00	0.00	2000
229	11.17	2095	2058	0.00	196	0	0	0	nan	0.00	0.07	4.62	82.52	88.83	0.00	37	0	43	0.00	0.00	65.58	8.52	0.00	0.00	2000
229	10.94	2064	2133	0.00	195	0	0	0	nan	0.01	2.05	4.22	84.31	89.06	0.00	37	0	43	0.00	0.00	66.41	9.28	0.00	0.00	2000
228	11.23	2036	2097	0.00	196	0	0	0	nan	0.00	0.00	7.45	81.32	88.77	0.00	37	0	43	0.00	0.00	66.18	8.83	0.00	0.00	2000
236	11.34	2069	2110	0.00	201	0	0	0	nan	0.00	0.00	7.77	81.33	88.66	0.00	37	0	43	0.00	0.00	66.88	8.89	0.00	0.00	2000
231	11.34	2081	2054	0.00	195	0	0	0	nan	0.00	0.02	6.15	80.52	88.66	0.00	37	0	43	0.00	0.00	63.85	8.62	0.00	0.00	2000
232	10.77	2105	2149	0.00	199	0	0	0	nan	0.00	0.53	8.43	82.41	89.23	0.00	37	0	43	0.00	0.00	69.75	9.41	0.00	0.00	2000
229	11.09	2101	2059	0.00	194	0	0	0	nan	0.00	0.02	8.31	78.99	88.91	0.00	37	0	42	0.00	0.00	64.03	8.62	0.00	0.00	2000
230	11.09	2071	2108	0.00	198	0	0	0	nan	0.00	0.00	8.29	81.01	88.91	0.00	37	0	43	0.00	0.00	66.07	8.82	0.00	0.00	2000
229	11.12	2066	2096	0.00	196	0	0	0	nan	0.02	0.00	8.00	80.84	88.88	0.00	38	0	43	0.00	0.00	66.21	9.10	0.00	0.00	2000
234	11.24	2048	2132	0.00	196	0	0	0	nan	0.04	0.00	8.42	81.82	88.76	0.00	37	0	43	0.00	0.00	69.19	9.34	0.00	0.00	2000
230	11.30	2072	2062	0.00	201	0	0	0	nan	0.00	0.00	6.27	80.94	88.70	0.00	37	0	43	0.00	0.00	63.89	8.47	0.00	0.00	2000
231	11.09	2074	2112	0.00	198	0	0	0	nan	0.00	0.00	8.73	80.73	88.91	0.00	37	0	43	0.00	0.00	66.53	8.87	0.00	0.00	2000
228	11.19	2061	2080	0.00	198	0	0	0	nan	0.00	0.00	6.71	81.40	88.81	0.00	37	0	43	0.00	0.00	65.59	8.86	0.00	0.00	2000
232	10.88	2092	2141	0.00	194	0	0	11	10.35	0.00	0.03	6.38	84.55	89.12	0.00	37	0	43	0.00	0.00	69.66	9.49	0.00	0.00	2000
228	11.10	2074	2079	1.57	196	0	0	30	7.11	0.00	0.00	7.45	80.61	88.90	0.00	37	0	43	0.00	0.00	63.12	8.58	0.00	0.00	2000
233	11.29	2070	2097	0.00	199	0	0	0	nan	0.00	2.08	4.57	82.08	88.71	0.00	37	0	43	0.00	0.00	66.67	8.98	0.00	0.00	2000
230	10.89	2121	2093	0.00	201	0	0	0	nan	0.00	0.00	6.76	82.04	89.11	0.00	37	0	43	0.00	0.00	66.58	8.88	0.00	0.00	2000
233	11.01	2078	2134	0.00	196	0	0	0	nan	0.00	0.01	7.09	83.47	88.99	0.00	37	0	43	0.00	0.00	67.60	8.37	0.00	0.00	2000
217	10.55	2054	2103	0.00	198	0	0	0	nan	0.00	0.00	7.62	82.03	89.45	0.00	38	0	42	0.00	0.00	62.71	7.72	0.00	0.00	2000
137	8.76	1560	2106	0.00	207	0	0	0	nan	0.00	0.03	5.52	86.00	91.24	0.00	37	0	43	0.00	0.00	61.62	7.82	0.00	0.00	2000
117	8.65	1359	2088	0.00	229	0	0	0	nan	0.00	0.00	15.60	75.32	91.35	0.00	37	0	43	0.00	0.00	60.37	7.63	0.00	0.00	2000
80	7.03	1126	2118	0.00	193	0	0	0	nan	0.00	0.00	3.81	89.96	92.97	0.00	37	0	43	0.00	0.00	60.51	7.72	0.00	0.00	2000
73	6.54	1115	2092	0.00	193	0	0	0	nan	0.00	0.00	3.10	90.01	93.46	0.00	37	0	43	0.00	0.00	59.18	7.56	0.00	0.00	2000
74	6.62	1119	2111	0.00	194	0	0	0	nan	0.00	0.01	2.43	91.42	93.38	0.00	37	0	42	0.00	0.00	58.54	7.51	0.00	0.00	2000
165	9.67	1739	2063	0.00	49	0	0	0	nan	0.00	0.08	16.78	71.84	90.33	0.00	38	0	43	0.00	0.00	65.01	7.48	0.00	0.00	2000
