Avg_MHz	Busy%	Bzy_MHz	TSC_MHz	IPC	IRQ	NMI	SMI	LLCMRPS	LLC%hit	POLL%	C1%	C1E%	C6%	CPU%c1	CPU%c6	CoreTmp	CoreThr	PkgTmp	Pkg%pc2	Pkg%pc6	PkgWatt	RAMWatt	PKG_%	RAM_%	UncMHz
389	19.84	1942	2117	0.00	239	0	0	0	nan	0.00	0.41	45.72	34.77	80.16	0.00	38	0	42	0.00	0.00	66.14	7.69	0.00	0.00	2000
389	18.05	2132	2121	0.00	227	0	0	0	nan	0.05	1.01	23.82	58.18	81.95	0.00	37	0	43	0.00	0.00	67.25	7.80	0.00	0.00	2000
78	6.74	1152	2120	0.00	212	0	0	0	nan	0.00	0.00	4.96	89.16	93.26	0.00	37	0	43	0.00	0.00	59.54	7.56	0.00	0.00	2000
73	6.60	1106	2105	0.00	193	0	0	0	nan	0.00	0.00	3.92	89.65	93.40	0.00	37	0	43	0.00	0.00	58.75	7.47	0.00	0.00	2000
72	6.61	1098	2097	0.00	193	0	0	0	nan	0.00	0.00	3.57	89.70	93.39	0.00	37	0	43	0.00	0.00	57.42	7.35	0.00	0.00	2000
74	6.48	1132	2110	0.00	195	0	0	0	nan	0.00	0.02	3.07	90.85	93.52	0.00	37	0	43	0.00	0.00	58.93	7.57	0.00	0.00	2000
74	6.47	1152	2096	0.00	194	0	0	0	nan	0.00	0.00	3.42	89.88	93.53	0.00	37	0	42	0.00	0.00	59.19	7.51	0.00	0.00	2000
74	6.72	1111	2092	0.00	198	0	0	0	nan	0.00	0.02	4.54	88.29	93.28	0.00	37	0	42	0.00	0.00	56.79	6.80	0.00	0.00	2000
73	6.84	1074	2102	0.00	193	0	0	0	nan	0.00	0.00	4.10	89.07	93.16	0.00	37	0	42	0.00	0.00	60.21	7.68	0.00	0.00	2000
70	6.54	1085	2079	0.00	193	0	0	0	nan	0.00	0.00	3.77	88.72	93.46	0.00	37	0	42	0.00	0.00	56.23	7.26	0.00	0.00	2000
73	6.28	1160	2096	0.00	193	0	0	0	nan	0.00	0.02	1.91	91.44	93.72	0.00	37	0	43	0.00	0.00	58.36	7.39	0.00	0.00	2000
74	6.49	1124	2138	0.00	194	0	0	0	nan	0.00	0.02	2.30	92.85	93.51	0.00	37	0	43	0.00	0.00	60.64	7.79	0.00	0.00	2000
73	6.58	1111	2101	0.00	193	0	0	0	nan	0.00	0.02	2.87	90.59	93.42	0.00	37	0	42	0.00	0.00	58.84	7.45	0.00	0.00	2000
76	6.92	1113	2064	0.00	195	0	0	0	nan	0.00	0.01	3.71	87.76	93.08	0.00	37	0	42	0.00	0.00	56.60	7.10	0.00	0.00	2000
74	6.95	1046	2132	0.00	197	0	0	0	nan	0.00	0.00	1.94	92.63	93.05	0.00	37	0	43	0.00	0.00	60.10	7.84	0.00	0.00	2000
73	6.29	1163	2100	0.00	191	0	0	1	88.03	0.00	0.00	3.19	90.37	93.71	0.00	37	0	42	0.00	0.00	59.91	7.67	0.00	0.00	2000
73	6.42	1156	2075	0.31	195	0	0	2	85.50	0.00	0.01	3.06	89.41	93.58	0.00	37	0	43	0.00	0.00	55.75	7.06	0.00	0.00	2000
74	6.71	1082	2132	0.10	194	0	0	0	nan	0.00	0.00	2.15	92.55	93.29	0.00	37	0	43	0.00	0.00	62.00	8.07	0.00	0.00	2000
185	9.74	1925	2070	0.00	216	0	0	0	nan	0.00	0.00	5.08	83.94	90.26	0.00	39	0	43	0.00	0.00	61.31	7.25	0.00	0.00	2000
235	11.08	2100	2123	0.00	220	0	0	0	nan	0.00	0.00	4.48	85.40	88.92	0.00	40	0	43	0.00	0.00	65.06	7.50	0.00	0.00	2000
229	10.79	2125	2100	0.00	208	0	0	0	nan	0.00	0.01	3.18	86.05	89.21	0.00	40	0	43	0.00	0.00	63.56	7.37	0.00	0.00	2000
230	11.16	2053	2109	0.00	201	0	0	0	nan	0.00	0.00	2.88	86.37	88.84	0.00	40	0	42	0.00	0.00	65.21	7.52	0.00	0.00	2000
238	11.35	2173	2030	0.00	196	0	0	0	nan	0.04	0.02	7.70	78.10	88.65	0.00	38	0	42	0.00	0.00	62.92	7.59	0.00	0.00	2000
234	11.07	2052	2160	0.00	213	0	0	0	nan	0.00	0.01	7.80	83.74	88.93	0.00	39	0	42	0.00	0.00	68.44	8.64	0.00	0.00	2000
231	11.44	2021	2097	0.00	200	0	0	0	nan	0.00	2.13	4.09	82.44	88.56	0.00	37	0	42	0.00	0.00	63.35	7.82	0.00	0.00	2000
234	10.87	2152	2098	0.00	196	0	0	0	nan	0.00	0.00	6.05	82.99	89.13	0.00	37	0	43	0.00	0.00	69.35	8.60	0.00	0.00	2000
233	10.86	2127	2115	0.00	198	0	0	0	nan	0.00	0.00	6.38	83.43	89.14	0.00	37	0	42	0.00	0.00	64.38	7.52	0.00	0.00	2000
230	11.21	2063	2092	0.00	198	0	0	0	nan	0.00	0.00	5.65	82.86	88.79	0.00	38	0	42	0.00	0.00	64.74	7.57	0.00	0.00	2000
231	11.03	2091	2100	0.00	199	0	0	0	nan	0.00	0.00	5.20	83.66	88.97	0.00	38	0	42	0.00	0.00	64.74	7.62	0.00	0.00	2000
225	10.84	2121	2052	0.00	198	0	0	0	nan	0.00	0.00	5.58	81.56	89.16	0.00	38	0	43	0.00	0.00	65.24	7.74	0.00	0.00	2000
232	11.19	2065	2109	0.00	223	0	0	0	nan	0.00	0.02	3.50	85.74	88.81	0.00	38	0	42	0.00	0.00	60.94	7.02	0.00	0.00	2000
230	10.84	2083	2135	0.00	199	0	0	0	nan	0.00	0.00	6.05	84.75	89.16	0.00	38	0	43	0.00	0.00	69.03	7.78	0.00	0.00	2000
233	11.18	2073	2106	0.00	198	0	0	3	95.29	0.00	0.00	4.36	84.77	88.82	0.00	39	0	42	0.00	0.00	64.59	7.62	0.00	0.00	2000
230	11.28	2031	2104	0.82	197	0	0	12	84.38	0.00	0.02	3.34	85.61	88.72	0.00	39	0	43	0.00	0.00	66.07	7.62	0.00	0.00	2000
235	10.92	2175	2080	0.00	202	0	0	0	nan	0.00	0.02	4.75	83.50	89.08	0.00	39	0	43	0.00	0.00	64.65	7.39	0.00	0.00	2000
223	10.52	2113	2107	0.00	198	0	0	0	nan	0.00	0.00	5.53	84.33	89.48	0.00	38	0	42	0.00	0.00	65.54	7.79	0.00	0.00	2000
233	11.12	2086	2107	0.00	251	0	0	0	nan	0.00	0.00	3.26	86.00	88.88	0.00	39	0	43	0.00	0.00	66.38	7.91	0.00	0.00	2000
233	11.21	2064	2111	0.00	187	0	0	0	nan	0.00	0.02	2.97	86.32	88.79	0.00	40	0	43	0.00	0.00	67.80	7.76	0.00	0.00	2000
231	11.21	2066	2093	0.00	212	0	0	0	nan	0.00	0.00	3.22	85.44	88.79	0.00	40	0	43	0.00	0.00	63.93	7.42	0.00	0.00	2000
229	10.91	2097	2102	0.00	201	0	0	0	nan	0.00	0.00	3.31	85.91	89.09	0.00	40	0	42	0.00	0.00	65.67	7.67	0.00	0.00	2000
230	11.09	2084	2086	0.00	203	0	0	0	nan	0.00	0.00	3.24	85.17	88.91	0.00	41	0	42	0.00	0.00	63.33	7.33	0.00	0.00	2000
230	10.84	2124	2097	0.00	203	0	0	0	nan	0.00	0.00	2.60	86.57	89.16	0.00	40	0	43	0.00	0.00	65.71	7.71	0.00	0.00	2000
228	11.19	2025	2110	0.00	218	0	0	0	nan	0.00	0.02	4.17	85.18	88.81	0.00	40	0	42	0.00	0.00	64.98	7.58	0.00	0.00	2000
231	11.13	2077	2099	0.00	198	0	0	0	nan	0.00	0.02	3.81	85.13	88.87	0.00	41	0	43	0.00	0.00	65.48	7.69	0.00	0.00	2000
231	10.71	2158	2103	0.00	220	0	0	0	nan	0.00	0.00	3.69	85.75	89.29	0.00	41	0	43	0.00	0.00	64.32	7.34	0.00	0.00	2000
225	11.02	2055	2082	0.00	203	0	0	0	nan	0.00	0.02	3.29	85.04	88.98	0.00	42	0	43	0.00	0.00	65.16	7.50	0.00	0.00	2000
232	11.13	2073	2115	0.00	204	0	0	0	nan	0.00	0.00	2.53	87.00	88.87	0.00	41	0	43	0.00	0.00	65.96	7.49	0.00	0.00	2000
231	11.06	2082	2110	0.00	206	0	0	0	nan	0.00	0.02	5.23	84.20	88.94	0.00	41	0	42	0.00	0.00	66.75	7.26	0.00	0.00	2000
240	11.28	2137	2087	0.00	212	0	0	0	nan	0.00	0.00	4.36	83.87	88.72	0.00	41	0	43	0.00	0.00	62.17	7.59	0.00	0.00	2000
226	11.05	2059	2085	0.00	206	0	0	7	74.06	0.00	0.00	3.74	84.65	88.95	0.00	41	0	42	0.00	0.00	65.43	7.79	0.00	0.00	2000
233	11.17	2065	2119	0.32	218	0	0	41	93.54	0.00	0.00	4.29	85.41	88.83	0.00	41	0	42	0.00	0.00	65.01	7.64	0.00	0.00	2000
229	11.21	2045	2098	0.00	202	0	0	0	nan	0.00	0.00	3.55	85.27	88.79	0.00	41	0	43	0.00	0.00	64.91	7.51	0.00	0.00	2000
233	11.10	2088	2112	0.00	204	0	0	0	nan	0.00	0.00	4.05	85.38	88.90	0.00	41	0	43	0.00	0.00	65.28	7.47	0.00	0.00	2000
253	12.22	2166	2005	0.00	221	0	0	0	nan	0.00	0.00	9.30	74.57	87.78	0.00	40	0	42	0.00	0.00	63.37	7.34	0.00	0.00	2000
218	12.08	2164	1753	0.00	220	0	0	0	nan	0.00	0.00	6.28	67.07	87.92	0.00	38	0	42	0.00	0.00	54.13	6.43	0.00	0.00	2000
246	10.07	1959	2619	0.00	245	0	0	0	nan	0.00	0.02	5.73	106.54	89.93	0.00	38	0	42	0.00	0.00	80.43	9.46	0.00	0.00	2000
224	11.03	2017	2116	0.00	201	0	0	0	nan	0.00	0.00	6.72	83.07	88.97	0.00	39	0	43	0.00	0.00	66.09	7.74	0.00	0.00	2000
222	10.86	2053	2091	0.00	197	0	0	0	nan	0.00	0.02	6.99	81.87	89.14	0.00	40	0	43	0.00	0.00	64.39	7.58	0.00	0.00	2000
223	10.92	2030	2109	0.00	195	0	0	0	nan	0.00	0.00	7.40	82.23	89.08	0.00	40	0	43	0.00	0.00	64.90	7.51	0.00	0.00	2000
222	10.79	2067	2093	0.00	200	0	0	0	nan	0.00	0.00	4.29	84.76	89.21	0.00	40	0	43	0.00	0.00	65.34	7.68	0.00	0.00	2000
223	10.77	2071	2101	0.00	199	0	0	0	nan	0.00	2.63	4.59	82.28	89.23	0.00	40	0	42	0.00	0.00	65.01	7.48	0.00	0.00	2000
226	10.99	2054	2099	0.00	200	0	0	0	nan	0.00	0.26	3.05	85.76	89.01	0.00	40	0	43	0.00	0.00	62.55	7.31	0.00	0.00	2000
219	10.82	2141	1986	0.00	198	0	0	0	nan	0.00	0.92	5.13	78.47	89.18	0.00	40	0	43	0.00	0.00	60.12	6.93	0.00	0.00	2000
225	10.51	2036	2214	0.00	194	0	0	0	nan	0.01	0.00	8.08	86.39	89.49	0.00	39	0	43	0.00	0.00	70.24	8.13	0.00	0.00	2000
223	10.73	2075	2105	0.00	215	0	0	0	nan	0.00	0.02	5.31	84.20	89.27	0.00	40	0	43	0.00	0.00	66.08	7.87	0.00	0.00	2000
226	10.88	2077	2100	0.00	199	0	0	0	nan	0.00	0.00	4.74	84.43	89.12	0.00	40	0	43	0.00	0.00	64.05	7.58	0.00	0.00	2000
224	10.99	2037	2100	0.20	197	0	0	16	82.72	0.00	0.03	6.73	82.38	89.01	0.00	40	0	43	0.00	0.00	64.30	7.66	0.00	0.00	2000
225	10.68	2106	2104	0.62	199	0	0	4	84.33	0.00	0.00	7.62	82.00	89.32	0.00	40	0	42	0.00	0.00	66.18	7.88	0.00	0.00	2000
224	10.90	2055	2102	0.00	198	0	0	0	nan	0.00	0.00	6.77	82.50	89.10	0.00	40	0	43	0.00	0.00	64.27	7.61	0.00	0.00	2000
223	10.82	2061	2103	0.00	195	0	0	0	nan	0.00	0.00	6.15	83.26	89.18	0.00	40	0	43	0.00	0.00	63.36	7.39	0.00	0.00	2000
222	10.76	2064	2098	0.00	196	0	0	0	nan	0.00	0.00	6.11	83.19	89.24	0.00	40	0	43	0.00	0.00	61.83	7.38	0.00	0.00	2000
225	10.86	2075	2098	0.00	185	0	0	0	nan	0.00	0.00	6.76	82.44	89.14	0.00	40	0	43	0.00	0.00	65.50	7.90	0.00	0.00	2000
590	25.08	2487	1984	0.00	217	0	0	0	nan	0.00	0.13	3.44	67.32	74.92	0.00	38	0	42	0.00	0.00	66.95	7.98	0.00	0.00	2000
687	27.46	2500	2102	0.00	266	0	0	0	nan	0.00	0.02	4.03	68.67	72.54	0.00	39	0	43	0.00	0.00	74.33	8.72	0.00	0.00	2000
686	27.45	2500	2100	0.00	260	0	0	0	nan	0.00	0.00	2.99	69.67	72.55	0.00	39	0	43	0.00	0.00	74.61	8.55	0.00	0.00	2000
687	27.48	2500	2099	0.00	250	0	0	0	nan	0.00	0.00	3.32	69.29	72.52	0.00	40	0	42	0.00	0.00	74.52	8.48	0.00	0.00	2000
687	27.46	2500	2100	0.00	259	0	0	0	nan	0.00	0.00	4.03	68.65	72.54	0.00	40	0	43	0.00	0.00	74.60	8.40	0.00	0.00	2000
687	27.48	2500	2100	0.00	251	0	0	0	nan	0.00	0.00	3.61	69.05	72.52	0.00	40	0	42	0.00	0.00	74.56	8.43	0.00	0.00	2000
686	27.44	2500	2100	0.00	260	0	0	0	nan	0.00	0.00	3.61	69.06	72.56	0.00	40	0	43	0.00	0.00	74.68	8.39	0.00	0.00	2000
687	27.46	2500	2100	0.00	250	0	0	0	nan	0.00	0.00	4.01	68.66	72.54	0.00	40	0	43	0.00	0.00	74.46	8.39	0.00	0.00	2000
687	27.48	2500	2100	0.00	259	0	0	0	nan	0.00	0.00	3.25	69.37	72.52	0.00	40	0	43	0.00	0.00	74.66	8.58	0.00	0.00	2000
688	27.51	2500	2100	0.31	249	0	0	52	70.06	0.00	0.00	3.56	69.03	72.49	0.00	40	0	43	0.00	0.00	72.30	8.17	0.00	0.00	2000
717	28.71	2500	2099	0.26	259	0	0	2	76.40	0.00	0.00	3.34	68.04	71.29	0.00	40	0	43	0.00	0.00	74.91	8.40	0.00	0.00	2000
688	27.53	2500	2101	0.00	248	0	0	0	nan	0.00	0.00	3.57	69.05	72.47	0.00	40	0	43	0.00	0.00	74.75	8.51	0.00	0.00	2000
688	27.51	2500	2100	0.00	261	0	0	0	nan	0.00	0.01	3.28	69.33	72.49	0.00	40	0	43	0.00	0.00	74.40	8.48	0.00	0.00	2000
666	26.64	2500	2100	0.00	270	0	0	0	nan	0.00	0.01	4.82	68.65	73.36	0.00	39	0	43	0.00	0.00	74.51	8.28	0.00	0.00	2000
318	13.87	2149	2244	0.00	261	0	0	0	nan	0.00	0.18	7.15	84.86	86.13	0.00	38	0	43	0.00	0.00	74.50	8.76	0.00	0.00	2000
229	11.38	2014	2097	0.00	199	0	0	0	nan	0.00	0.28	7.35	80.97	88.62	0.00	40	0	43	0.00	0.00	64.24	7.38	0.00	0.00	2000
231	11.18	2057	2106	0.00	196	0	0	0	nan	0.00	0.00	6.38	82.73	88.82	0.00	40	0	43	0.00	0.00	65.08	7.48	0.00	0.00	2000
228	10.95	2091	2089	0.00	197	0	0	0	nan	0.00	0.00	5.54	83.06	89.05	0.00	40	0	43	0.00	0.00	65.49	7.44	0.00	0.00	2000
231	10.97	2102	2106	0.00	198	0	0	0	nan	0.00	0.00	6.55	82.64	89.03	0.00	40	0	43	0.00	0.00	65.31	7.62	0.00	0.00	2000
228	11.32	2017	2101	0.00	200	0	0	0	nan	0.00	0.00	6.22	82.48	88.68	0.00	40	0	43	0.00	0.00	64.04	7.33	0.00	0.00	2000
234	11.60	2010	2106	0.00	207	0	0	0	nan	0.00	0.00	5.39	83.39	88.40	0.00	41	0	43	0.00	0.00	64.29	7.34	0.00	0.00	2000
231	10.85	2119	2109	0.00	200	0	0	0	nan	0.00	0.02	5.51	84.07	89.15	0.00	40	0	42	0.00	0.00	66.83	7.75	0.00	0.00	2000
227	11.15	2061	2079	0.00	184	0	0	0	nan	0.00	0.56	3.28	84.31	88.85	0.00	40	0	43	0.00	0.00	65.43	7.64	0.00	0.00	2000
227	10.86	2094	2097	0.00	200	0	0	0	nan	0.01	0.00	4.88	84.18	89.14	0.00	40	0	43	0.00	0.00	62.93	7.21	0.00	0.00	2000
234	10.95	2113	2124	0.00	197	0	0	0	nan	0.00	0.09	2.36	87.69	89.05	0.00	40	0	43	0.00	0.00	63.66	7.28	0.00	0.00	2000
230	10.99	2102	2091	0.20	200	0	0	2	82.38	0.00	0.03	3.55	85.13	89.01	0.00	40	0	43	0.00	0.00	65.69	7.50	0.00	0.00	2000
231	10.80	2139	2101	0.49	199	0	0	1	88.93	0.00	0.47	6.36	82.48	89.20	0.00	40	0	43	0.00	0.00	65.62	7.48	0.00	0.00	2000
227	10.92	2086	2093	0.00	196	0	0	0	nan	0.00	0.00	6.87	82.00	89.08	0.00	40	0	43	0.00	0.00	65.08	7.71	0.00	0.00	2000
229	10.84	2117	2094	0.00	196	0	0	0	nan	0.00	0.00	5.48	83.41	89.16	0.00	40	0	43	0.00	0.00	65.92	7.70	0.00	0.00	2000
227	11.09	2067	2081	0.00	180	0	0	0	nan	0.00	0.00	5.59	82.48	88.91	0.00	39	0	42	0.00	0.00	64.96	7.30	0.00	0.00	2000
240	11.17	2115	2137	0.00	216	0	0	0	nan	0.00	0.00	7.18	83.26	88.83	0.00	39	0	42	0.00	0.00	67.70	8.28	0.00	0.00	2000
231	11.14	2076	2096	0.00	186	0	0	0	nan	0.00	0.01	4.88	83.99	88.86	0.00	40	0	43	0.00	0.00	61.30	7.17	0.00	0.00	2000
229	10.64	2163	2087	0.00	201	0	0	0	nan	0.00	0.01	5.61	83.17	89.36	0.00	40	0	43	0.00	0.00	65.37	7.49	0.00	0.00	2000
225	10.88	2088	2083	0.00	212	0	0	0	nan	0.00	0.00	4.12	84.27	89.12	0.00	40	0	42	0.00	0.00	65.09	7.54	0.00	0.00	2000
232	10.87	2122	2116	0.00	197	0	0	0	nan	0.00	0.00	4.01	85.89	89.13	0.00	40	0	43	0.00	0.00	68.02	7.87	0.00	0.00	2000
233	11.40	2034	2112	0.00	204	0	0	0	nan	0.00	0.51	5.20	83.57	88.60	0.00	40	0	43	0.00	0.00	62.67	7.29	0.00	0.00	2000
230	11.30	2028	2110	0.00	214	0	0	0	nan	0.00	0.47	5.91	82.80	88.70	0.00	40	0	42	0.00	0.00	65.01	7.56	0.00	0.00	2000
139	8.22	1708	2081	0.00	202	0	0	0	nan	0.00	0.03	9.10	82.08	91.78	0.00	38	0	43	0.00	0.00	62.09	7.77	0.00	0.00	2000
77	6.85	1114	2114	0.00	196	0	0	0	nan	0.00	0.00	8.39	85.29	93.15	0.00	37	0	42	0.00	0.00	57.96	7.36	0.00	0.00	2000
82	7.15	1154	2086	0.00	201	0	0	0	nan	0.00	0.95	8.33	83.08	92.85	0.00	37	0	43	0.00	0.00	61.11	7.67	0.00	0.00	2000
79	6.75	1179	2095	0.00	200	0	0	0	nan	0.00	0.01	7.42	85.61	93.25	0.00	37	0	42	0.00	0.00	58.20	7.36	0.00	0.00	2000
135	8.48	1621	2055	0.00	201	0	0	0	nan	0.01	0.00	6.34	83.18	91.52	0.00	37	0	43	0.00	0.00	56.43	6.95	0.00	0.00	2000
232	11.06	2037	2161	0.13	213	0	0	3	87.60	0.00	0.02	7.03	84.61	88.94	0.00	38	0	43	0.00	0.00	71.28	8.09	0.00	0.00	2000
230	11.08	2072	2105	1.01	180	0	0	3	93.48	0.00	0.00	7.52	81.73	88.92	0.00	38	0	43	0.00	0.00	61.30	7.03	0.00	0.00	2000
163	9.06	1802	2094	0.00	196	0	0	0	nan	0.04	0.02	6.79	83.91	90.94	0.00	38	0	43	0.00	0.00	63.75	7.62	0.00	0.00	2000
76	6.86	1127	2074	0.00	199	0	0	0	nan	0.00	0.02	5.46	86.49	93.14	0.00	37	0	43	0.00	0.00	56.48	7.26	0.00	0.00	2000
77	6.85	1107	2135	0.00	212	0	0	0	nan	0.04	0.03	9.03	85.64	93.15	0.00	37	0	43	0.00	0.00	61.62	7.81	0.00	0.00	2000
73	6.28	1179	2071	0.00	197	0	0	0	nan	0.00	1.56	5.19	85.79	93.72	0.00	37	0	43	0.00	0.00	57.68	7.33	0.00	0.00	2000
75	7.12	1044	2128	0.00	197	0	0	0	nan	0.00	0.02	4.75	89.49	92.88	0.00	37	0	43	0.00	0.00	60.75	8.07	0.00	0.00	2000
75	6.55	1147	2095	0.00	196	0	0	0	nan	0.00	0.41	6.90	85.87	93.45	0.00	37	0	43	0.00	0.00	59.07	7.43	0.00	0.00	2000
80	6.92	1152	2110	0.00	202	0	0	0	nan	0.00	0.29	3.38	89.97	93.08	0.00	37	0	42	0.00	0.00	58.38	7.49	0.00	0.00	2000
74	6.74	1109	2066	0.00	197	0	0	0	nan	0.00	0.02	9.08	82.64	93.26	0.00	37	0	43	0.00	0.00	58.12	7.17	0.00	0.00	2000
77	7.11	1071	2128	0.00	197	0	0	0	nan	0.00	0.00	5.87	88.33	92.89	0.00	37	0	43	0.00	0.00	59.00	7.50	0.00	0.00	2000
78	6.65	1164	2108	0.00	201	0	0	0	nan	0.00	0.00	7.68	86.07	93.35	0.00	37	0	43	0.00	0.00	60.99	7.77	0.00	0.00	2000
75	6.79	1118	2071	0.00	197	0	0	0	nan	0.00	0.00	6.14	85.82	93.21	0.00	37	0	42	0.00	0.00	56.58	7.19	0.00	0.00	2000
78	6.78	1136	2115	0.00	200	0	0	0	nan	0.00	0.03	4.73	89.04	93.22	0.00	37	0	43	0.00	0.00	59.33	7.47	0.00	0.00	2000
76	6.45	1173	2097	0.00	197	0	0	0	nan	0.00	0.02	8.32	85.03	93.55	0.00	37	0	43	0.00	0.00	59.98	7.59	0.00	0.00	2000
92	7.64	1209	2098	0.00	196	0	0	0	nan	0.00	0.02	8.41	83.79	92.36	0.00	37	0	43	0.00	0.00	59.16	7.30	0.00	0.00	2000
76	6.69	1134	2105	0.00	198	0	0	0	nan	0.00	0.04	4.14	89.46	93.31	0.00	37	0	43	0.00	0.00	56.82	7.24	0.00	0.00	2000
76	7.12	1066	2109	0.01	199	0	0	1	86.77	0.00	0.02	6.39	86.93	92.88	0.00	37	0	42	0.00	0.00	59.86	7.49	0.00	0.00	2000
78	6.60	1187	2096	0.19	200	0	0	2	89.32	0.00	0.57	3.86	88.95	93.40	0.00	37	0	43	0.00	0.00	58.75	7.46	0.00	0.00	2000
75	6.43	1172	2094	0.00	198	0	0	0	nan	0.00	1.03	6.36	85.93	93.57	0.00	37	0	42	0.00	0.00	60.61	7.55	0.00	0.00	2000
78	7.13	1093	2091	0.00	196	0	0	0	nan	0.00	0.00	8.92	83.62	92.87	0.00	37	0	42	0.00	0.00	57.22	7.44	0.00	0.00	2000
75	6.57	1131	2117	0.00	214	0	0	0	nan	0.00	0.02	7.12	87.07	93.43	0.00	37	0	43	0.00	0.00	60.42	7.74	0.00	0.00	2000
76	6.80	1123	2081	0.00	180	0	0	0	nan	0.00	0.01	7.09	85.27	93.20	0.00	37	0	42	0.00	0.00	58.36	7.43	0.00	0.00	2000
78	6.92	1126	2115	0.00	212	0	0	0	nan	0.02	1.36	8.41	84.03	93.08	0.00	37	0	42	0.00	0.00	59.13	7.42	0.00	0.00	2000
75	6.66	1138	2090	0.00	201	0	0	0	nan	0.00	0.00	7.70	85.22	93.34	0.00	37	0	42	0.00	0.00	58.36	7.60	0.00	0.00	2000
74	6.94	1066	2115	0.00	196	0	0	0	nan	0.00	0.00	8.16	85.45	93.06	0.00	37	0	43	0.00	0.00	61.47	7.91	0.00	0.00	2000
75	6.73	1120	2080	0.00	198	0	0	0	nan	0.00	0.00	6.70	85.74	93.27	0.00	37	0	43	0.00	0.00	56.48	7.19	0.00	0.00	2000
75	6.63	1131	2099	0.00	195	0	0	0	nan	0.00	0.00	5.01	88.25	93.37	0.00	37	0	43	0.00	0.00	57.41	7.29	0.00	0.00	2000
79	6.76	1158	2125	0.00	213	0	0	0	nan	0.04	0.00	7.93	86.48	93.24	0.00	37	0	43	0.00	0.00	60.14	7.59	0.00	0.00	2000
74	6.66	1120	2096	0.00	200	0	0	0	nan	0.00	0.00	7.33	85.91	93.34	0.00	37	0	43	0.00	0.00	56.19	7.25	0.00	0.00	2000
74	6.88	1086	2089	0.00	196	0	0	0	nan	0.00	0.02	7.55	85.07	93.12	0.00	37	0	43	0.00	0.00	60.28	7.59	0.00	0.00	2000
76	6.99	1073	2116	0.00	200	0	0	0	nan	0.00	0.00	10.41	83.27	93.01	0.00	37	0	42	0.00	0.00	60.30	7.98	0.00	0.00	2000
76	6.51	1174	2102	0.00	196	0	0	0	nan	0.00	0.03	7.05	86.56	93.49	0.00	37	0	42	0.00	0.00	58.34	7.51	0.00	0.00	2000
78	6.68	1161	2099	0.00	201	0	0	0	nan	0.00	0.00	5.88	87.33	93.32	0.00	37	0	43	0.00	0.00	58.02	7.28	0.00	0.00	2000
76	6.90	1100	2102	0.01	198	0	0	1	88.14	0.00	0.00	7.62	85.60	93.10	0.00	37	0	43	0.00	0.00	59.25	7.58	0.00	0.00	2000
75	6.36	1183	2095	0.20	196	0	0	1	90.41	0.00	0.02	8.36	85.08	93.64	0.00	37	0	42	0.00	0.00	59.33	7.58	0.00	0.00	2000
75	6.91	1091	2093	0.00	196	0	0	0	nan	0.00	0.00	6.54	86.34	93.09	0.00	37	0	43	0.00	0.00	57.79	7.25	0.00	0.00	2000
74	6.36	1162	2111	0.00	197	0	0	0	nan	0.01	0.00	5.84	88.19	93.64	0.00	37	0	43	0.00	0.00	59.02	7.59	0.00	0.00	2000
78	6.47	1213	2098	0.00	198	0	0	0	nan	0.00	0.02	8.64	84.82	93.53	0.00	37	0	42	0.00	0.00	59.14	7.49	0.00	0.00	2000
76	6.28	1216	2092	0.00	203	0	0	0	nan	0.00	0.02	5.71	87.48	93.72	0.00	37	0	43	0.00	0.00	57.63	7.21	0.00	0.00	2000
75	6.77	1110	2091	0.00	195	0	0	0	nan	0.00	0.00	6.05	86.81	93.23	0.00	37	0	42	0.00	0.00	55.65	7.24	0.00	0.00	2000
74	6.42	1143	2109	0.00	196	0	0	0	nan	0.00	0.00	8.22	85.72	93.58	0.00	37	0	43	0.00	0.00	61.13	7.73	0.00	0.00	2000
76	6.65	1146	2094	0.00	199	0	0	0	nan	0.00	0.00	7.25	85.65	93.35	0.00	37	0	43	0.00	0.00	56.56	7.30	0.00	0.00	2000
77	6.89	1123	2098	0.00	197	0	0	0	nan	0.00	0.00	8.08	84.80	93.11	0.00	37	0	43	0.00	0.00	58.59	7.61	0.00	0.00	2000
77	6.92	1109	2104	0.00	200	0	0	0	nan	0.00	0.00	8.33	84.92	93.08	0.00	37	0	43	0.00	0.00	60.28	7.71	0.00	0.00	2000
73	6.87	1069	2086	0.00	194	0	0	0	nan	0.00	0.00	8.88	83.72	93.13	0.00	37	0	43	0.00	0.00	58.24	7.45	0.00	0.00	2000
75	6.85	1093	2113	0.00	197	0	0	0	nan	0.00	0.00	10.67	83.06	93.15	0.00	37	0	43	0.00	0.00	60.67	7.86	0.00	0.00	2000
74	6.74	1105	2100	0.00	197	0	0	0	nan	0.00	0.00	7.12	86.12	93.26	0.00	37	0	43	0.00	0.00	56.37	7.27	0.00	0.00	2000
77	6.57	1169	2099	0.00	198	0	0	0	nan	0.00	0.02	5.97	87.41	93.43	0.00	37	0	42	0.00	0.00	60.09	7.51	0.00	0.00	2000
75	6.45	1167	2086	0.00	197	0	0	0	nan	0.00	0.01	6.91	85.98	93.55	0.00	37	0	42	0.00	0.00	57.06	7.14	0.00	0.00	2000
75	6.63	1142	2093	0.00	209	0	0	0	nan	0.00	0.00	10.21	82.82	93.37	0.00	37	0	42	0.00	0.00	59.17	7.42	0.00	0.00	2000
75	7.00	1075	2098	0.00	204	0	0	1	89.35	0.00	0.02	5.27	87.63	93.00	0.00	37	0	43	0.00	0.00	59.62	7.49	0.00	0.00	2000
75	7.21	1035	2123	0.11	214	0	0	2	89.60	0.00	0.01	5.40	88.45	92.79	0.00	37	0	42	0.00	0.00	57.42	7.41	0.00	0.00	2000
79	6.84	1150	2104	0.00	196	0	0	0	nan	0.03	0.03	5.21	88.20	93.16	0.00	37	0	43	0.00	0.00	59.07	7.54	0.00	0.00	2000
75	6.80	1116	2082	0.00	202	0	0	0	nan	0.00	0.39	8.75	83.30	93.20	0.00	37	0	43	0.00	0.00	58.99	7.51	0.00	0.00	2000
74	7.16	1029	2103	0.00	182	0	0	0	nan	0.00	0.00	7.90	85.22	92.84	0.00	37	0	43	0.00	0.00	58.27	7.30	0.00	0.00	2000
76	6.90	1085	2121	0.00	216	0	0	0	nan	0.00	0.03	6.44	87.59	93.10	0.00	37	0	42	0.00	0.00	58.17	7.26	0.00	0.00	2000
74	6.60	1122	2103	0.00	195	0	0	0	nan	0.00	0.01	6.02	87.54	93.40	0.00	37	0	43	0.00	0.00	59.76	7.59	0.00	0.00	2000
77	6.76	1144	2097	0.00	195	0	0	0	nan	0.00	0.01	6.71	86.33	93.24	0.00	37	0	43	0.00	0.00	58.30	7.41	0.00	0.00	2000
76	6.59	1156	2105	0.00	199	0	0	0	nan	0.00	0.00	5.48	88.15	93.41	0.00	37	0	43	0.00	0.00	61.09	7.78	0.00	0.00	2000
74	6.63	1134	2075	0.00	178	0	0	0	nan	0.00	0.02	3.28	89.00	93.37	0.00	37	0	42	0.00	0.00	57.69	7.22	0.00	0.00	2000
79	7.36	1066	2113	0.00	213	0	0	0	nan	0.00	0.03	4.76	88.56	92.64	0.00	37	0	42	0.00	0.00	58.60	7.52	0.00	0.00	2000
75	6.83	1087	2111	0.00	195	0	0	0	nan	0.00	0.00	4.11	89.50	93.17	0.00	37	0	42	0.00	0.00	58.18	7.25	0.00	0.00	2000
72	6.74	1084	2069	0.00	196	0	0	0	nan	0.00	0.00	3.39	88.51	93.26	0.00	37	0	42	0.00	0.00	59.43	7.60	0.00	0.00	2000
76	6.74	1130	2106	0.00	195	0	0	0	nan	0.00	0.00	2.49	90.99	93.26	0.00	37	0	42	0.00	0.00	58.16	7.19	0.00	0.00	2000
74	6.48	1133	2128	0.00	195	0	0	0	nan	0.00	0.04	2.84	91.85	93.52	0.00	37	0	43	0.00	0.00	58.10	7.48	0.00	0.00	2000
75	6.28	1194	2091	0.00	194	0	0	0	nan	0.00	0.01	2.84	90.37	93.72	0.00	37	0	42	0.00	0.00	60.01	7.68	0.00	0.00	2000
73	6.91	1069	2081	0.00	196	0	0	0	nan	0.00	0.02	3.06	89.19	93.09	0.00	37	0	43	0.00	0.00	58.85	7.33	0.00	0.00	2000
74	7.13	1034	2099	0.00	210	0	0	1	89.09	0.00	0.00	2.69	90.21	92.87	0.00	37	0	42	0.00	0.00	58.50	7.44	0.00	0.00	2000
75	6.99	1074	2111	0.17	195	0	0	2	89.50	0.00	0.01	3.88	89.68	93.01	0.00	37	0	42	0.00	0.00	58.49	7.43	0.00	0.00	2000
76	6.85	1100	2115	0.00	195	0	0	0	nan	0.00	0.01	3.39	90.25	93.15	0.00	37	0	42	0.00	0.00	58.27	7.32	0.00	0.00	2000
73	6.70	1100	2067	0.00	196	0	0	0	nan	0.00	0.01	3.07	88.71	93.30	0.00	37	0	42	0.00	0.00	60.18	7.80	0.00	0.00	2000
76	6.54	1157	2109	0.00	196	0	0	0	nan	0.01	0.01	2.78	91.02	93.46	0.00	37	0	42	0.00	0.00	59.64	7.51	0.00	0.00	2000
75	6.60	1129	2104	0.00	195	0	0	0	nan	0.00	0.03	2.20	91.21	93.40	0.00	37	0	42	0.00	0.00	60.86	7.66	0.00	0.00	2000
77	6.49	1183	2102	0.00	196	0	0	0	nan	0.00	0.02	4.64	88.95	93.51	0.00	37	0	43	0.00	0.00	56.18	7.29	0.00	0.00	2000
74	5.95	1239	2101	0.00	194	0	0	0	nan	0.00	0.02	2.73	91.18	94.05	0.00	37	0	43	0.00	0.00	59.01	7.46	0.00	0.00	2000
75	6.95	1081	2090	0.00	195	0	0	0	nan	0.00	0.02	2.93	89.66	93.05	0.00	37	0	42	0.00	0.00	58.21	7.53	0.00	0.00	2000
75	6.58	1117	2135	0.00	195	0	0	0	nan	0.00	0.01	3.02	91.89	93.42	0.00	37	0	42	0.00	0.00	63.18	7.89	0.00	0.00	2000
74	6.44	1169	2061	0.00	193	0	0	0	nan	0.00	0.00	3.69	88.19	93.56	0.00	37	0	42	0.00	0.00	55.05	7.17	0.00	0.00	2000
76	6.52	1161	2116	0.00	196	0	0	0	nan	0.00	0.00	2.59	91.60	93.48	0.00	37	0	43	0.00	0.00	59.14	7.53	0.00	0.00	2000
76	7.16	1048	2123	0.00	195	0	0	0	nan	0.00	0.00	3.57	90.25	92.84	0.00	37	0	43	0.00	0.00	59.44	7.64	0.00	0.00	2000
72	6.84	1068	2066	0.00	193	0	0	0	nan	0.00	0.00	3.54	88.16	93.16	0.00	37	0	42	0.00	0.00	57.42	7.27	0.00	0.00	2000
74	6.99	1052	2105	0.00	194	0	0	0	nan	0.00	0.02	2.73	90.62	93.01	0.00	37	0	43	0.00	0.00	56.70	7.25	0.00	0.00	2000
73	7.11	1015	2118	0.00	211	0	0	0	nan	0.00	0.00	4.15	89.66	92.89	0.00	37	0	43	0.00	0.00	61.64	7.62	0.00	0.00	2000
78	6.92	1143	2081	0.00	196	0	0	0	nan	0.00	0.00	4.76	87.30	93.08	0.00	37	0	43	0.00	0.00	56.18	7.14	0.00	0.00	2000
74	6.71	1092	2131	0.00	193	0	0	1	89.85	0.00	0.03	2.51	92.05	93.29	0.00	37	0	43	0.00	0.00	59.91	7.68	0.00	0.00	2000
73	6.91	1080	2061	0.32	195	0	0	2	89.32	0.00	0.01	3.15	88.30	93.09	0.00	37	0	42	0.00	0.00	57.39	7.38	0.00	0.00	2000
75	7.18	1027	2136	0.00	195	0	0	0	nan	0.00	0.03	2.73	91.82	92.82	0.00	37	0	42	0.00	0.00	59.59	7.73	0.00	0.00	2000
74	6.83	1091	2082	0.00	195	0	0	0	nan	0.01	0.01	3.69	88.77	93.17	0.00	37	0	43	0.00	0.00	59.81	7.73	0.00	0.00	2000
76	6.61	1148	2094	0.00	196	0	0	0	nan	0.00	0.00	3.92	89.24	93.39	0.00	37	0	42	0.00	0.00	56.12	7.29	0.00	0.00	2000
75	6.23	1197	2103	0.00	194	0	0	0	nan	0.00	0.02	2.77	91.05	93.77	0.00	37	0	43	0.00	0.00	59.11	7.62	0.00	0.00	2000
76	6.65	1122	2127	0.00	194	0	0	0	nan	0.00	0.02	2.45	92.04	93.35	0.00	37	0	42	0.00	0.00	60.42	7.77	0.00	0.00	2000
75	6.81	1102	2092	0.00	199	0	0	0	nan	0.00	0.00	4.46	88.43	93.19	0.00	37	0	43	0.00	0.00	57.85	7.28	0.00	0.00	2000
74	7.23	1017	2105	0.00	195	0	0	0	nan	0.00	0.00	3.39	89.66	92.77	0.00	37	0	43	0.00	0.00	57.85	7.58	0.00	0.00	2000
89	7.11	1246	2100	0.00	196	0	0	0	nan	0.00	0.00	3.93	88.91	92.89	0.00	37	0	42	0.00	0.00	61.02	7.48	0.00	0.00	2000
75	6.71	1135	2060	0.00	200	0	0	0	nan	0.00	0.00	6.04	85.53	93.29	0.00	37	0	42	0.00	0.00	57.97	7.40	0.00	0.00	2000
76	6.66	1125	2122	0.00	195	0	0	0	nan	0.01	0.01	2.73	91.52	93.34	0.00	37	0	43	0.00	0.00	59.57	7.62	0.00	0.00	2000
73	6.90	1057	2109	0.00	194	0	0	0	nan	0.00	0.03	2.57	90.99	93.10	0.00	37	0	42	0.00	0.00	58.04	7.44	0.00	0.00	2000
74	6.65	1123	2081	0.00	196	0	0	0	nan	0.00	0.00	3.09	89.39	93.35	0.00	37	0	43	0.00	0.00	57.97	7.27	0.00	0.00	2000
76	6.67	1121	2123	0.00	213	0	0	0	nan	0.00	0.00	4.61	89.72	93.33	0.00	37	0	42	0.00	0.00	59.87	7.70	0.00	0.00	2000
95	7.57	1254	2095	0.00	195	0	0	0	nan	0.00	0.00	3.56	88.63	92.43	0.00	37	0	42	0.00	0.00	59.10	7.36	0.00	0.00	2000
73	6.54	1122	2090	0.00	179	0	0	0	nan	0.00	0.00	3.52	89.50	93.46	0.00	37	0	42	0.00	0.00	58.82	7.54	0.00	0.00	2000
75	6.55	1138	2116	0.00	210	0	0	0	98.13	0.00	0.03	3.75	90.46	93.45	0.00	37	0	42	0.00	0.00	59.36	7.54	0.00	0.00	2000
75	6.89	1096	2086	0.33	199	0	0	1	89.81	0.00	0.00	4.12	88.35	93.11	0.00	37	0	43	0.00	0.00	59.05	7.53	0.00	0.00	2000
77	7.10	1074	2117	0.18	197	0	0	0	nan	0.00	0.00	5.38	88.31	92.90	0.00	37	0	42	0.00	0.00	58.67	7.75	0.00	0.00	2000
79	6.88	1147	2093	0.00	211	0	0	0	nan	0.00	0.00	7.77	84.95	93.12	0.00	37	0	42	0.00	0.00	59.10	7.34	0.00	0.00	2000
75	7.13	1047	2101	0.00	195	0	0	0	nan	0.00	0.00	3.81	89.16	92.87	0.00	37	0	42	0.00	0.00	57.91	7.59	0.00	0.00	2000
73	7.07	1040	2098	0.00	194	0	0	0	nan	0.00	0.00	4.02	88.83	92.93	0.00	37	0	42	0.00	0.00	58.26	7.38	0.00	0.00	2000
72	7.24	1012	2077	0.00	195	0	0	0	nan	0.00	0.00	4.76	87.11	92.76	0.00	37	0	42	0.00	0.00	58.70	7.44	0.00	0.00	2000
75	6.96	1073	2102	0.00	196	0	0	0	nan	0.00	0.01	3.12	90.01	93.04	0.00	37	0	43	0.00	0.00	57.94	7.48	0.00	0.00	2000
75	7.15	1034	2127	0.00	195	0	0	0	nan	0.01	0.01	2.74	91.49	92.85	0.00	37	0	42	0.00	0.00	60.33	7.77	0.00	0.00	2000
73	6.83	1076	2087	0.00	211	0	0	0	nan	0.00	0.00	2.99	89.58	93.17	0.00	37	0	43	0.00	0.00	55.58	7.07	0.00	0.00	2000
75	6.85	1095	2090	0.00	198	0	0	0	nan	0.00	0.00	5.12	87.65	93.15	0.00	37	0	43	0.00	0.00	60.27	7.74	0.00	0.00	2000
73	6.68	1090	2098	0.00	197	0	0	0	nan	0.00	0.00	4.42	88.82	93.32	0.00	37	0	42	0.00	0.00	59.35	7.61	0.00	0.00	2000
77	6.37	1192	2119	0.00	195	0	0	0	nan	0.00	0.01	1.70	92.63	93.63	0.00	38	0	43	0.00	0.00	58.36	7.35	0.00	0.00	2000
75	6.74	1103	2111	0.00	193	0	0	0	nan	0.00	0.00	3.32	90.42	93.26	0.00	37	0	42	0.00	0.00	60.43	7.66	0.00	0.00	2000
76	5.89	1288	2102	0.00	194	0	0	0	nan	0.00	0.00	3.24	90.69	94.11	0.00	37	0	43	0.00	0.00	59.87	7.52	0.00	0.00	2000
73	6.38	1162	2073	0.00	196	0	0	0	nan	0.00	0.02	3.70	88.81	93.62	0.00	37	0	42	0.00	0.00	55.65	7.15	0.00	0.00	2000
75	6.75	1105	2117	0.00	195	0	0	0	nan	0.00	0.02	2.65	91.27	93.25	0.00	37	0	42	0.00	0.00	60.83	7.78	0.00	0.00	2000
76	6.41	1181	2096	0.00	196	0	0	0	nan	0.01	0.00	3.24	90.11	93.59	0.00	37	0	42	0.00	0.00	59.98	7.34	0.00	0.00	2000
75	6.85	1085	2108	0.33	196	0	0	1	79.53	0.00	0.00	3.51	90.04	93.15	0.00	37	0	43	0.00	0.00	57.45	7.72	0.00	0.00	2000
74	6.20	1202	2083	0.18	195	0	0	0	nan	0.00	0.00	3.35	89.62	93.80	0.00	37	0	43	0.00	0.00	58.97	7.38	0.00	0.00	2000
74	6.89	1077	2090	0.00	194	0	0	0	nan	0.00	0.02	2.50	90.21	93.11	0.00	37	0	42	0.00	0.00	56.10	7.34	0.00	0.00	2000
74	6.83	1068	2130	0.00	210	0	0	0	nan	0.00	0.00	4.16	90.45	93.17	0.00	37	0	43	0.00	0.00	59.03	7.59	0.00	0.00	2000
76	6.61	1151	2089	0.00	195	0	0	0	nan	0.00	0.00	3.34	89.44	93.39	0.00	37	0	43	0.00	0.00	58.25	7.39	0.00	0.00	2000
74	6.61	1115	2102	0.00	196	0	0	0	nan	0.00	0.00	3.84	89.81	93.39	0.00	37	0	42	0.00	0.00	58.94	7.41	0.00	0.00	2000
74	6.65	1116	2100	0.00	196	0	0	0	nan	0.00	0.00	3.53	89.78	93.35	0.00	37	0	42	0.00	0.00	56.72	7.43	0.00	0.00	2000
73	6.71	1084	2100	0.00	193	0	0	0	nan	0.00	0.00	3.27	90.05	93.29	0.00	37	0	42	0.00	0.00	60.82	7.42	0.00	0.00	2000
75	6.75	1104	2106	0.00	195	0	0	0	nan	0.00	0.00	4.40	89.05	93.25	0.00	37	0	42	0.00	0.00	60.94	7.76	0.00	0.00	2000
75	6.73	1115	2097	0.00	198	0	0	0	nan	0.00	0.00	4.05	88.97	93.27	0.00	37	0	43	0.00	0.00	57.11	7.06	0.00	0.00	2000
74	6.42	1169	2073	0.00	196	0	0	0	nan	0.00	0.00	3.67	88.77	93.58	0.00	37	0	42	0.00	0.00	58.39	7.49	0.00	0.00	2000
74	6.87	1067	2122	0.00	194	0	0	0	nan	0.00	0.00	4.57	89.56	93.13	0.00	37	0	43	0.00	0.00	59.08	7.69	0.00	0.00	2000
75	6.71	1116	2096	0.00	194	0	0	0	nan	0.00	0.00	3.51	89.64	93.29	0.00	37	0	43	0.00	0.00	58.69	7.40	0.00	0.00	2000
73	6.75	1085	2103	0.00	197	0	0	0	nan	0.00	0.00	5.51	87.90	93.25	0.00	37	0	42	0.00	0.00	58.60	7.33	0.00	0.00	2000
78	6.42	1207	2112	0.00	197	0	0	0	nan	0.00	0.00	4.28	89.82	93.58	0.00	37	0	43	0.00	0.00	60.32	7.72	0.00	0.00	2000
75	6.64	1138	2094	0.00	180	0	0	0	nan	0.00	0.02	2.78	90.38	93.36	0.00	37	0	43	0.00	0.00	59.01	7.52	0.00	0.00	2000
75	6.71	1116	2101	0.00	211	0	0	0	nan	0.00	0.00	2.35	91.02	93.29	0.00	37	0	42	0.00	0.00	58.97	7.64	0.00	0.00	2000
73	6.79	1085	2072	0.32	196	0	0	1	84.45	0.00	0.00	3.33	88.65	93.21	0.00	37	0	43	0.00	0.00	57.17	7.42	0.00	0.00	2000
76	6.77	1110	2123	0.22	195	0	0	0	nan	0.00	0.00	4.71	89.60	93.23	0.00	37	0	43	0.00	0.00	58.68	7.59	0.00	0.00	2000
74	7.00	1065	2099	0.00	194	0	0	0	nan	0.00	0.00	4.20	88.80	93.00	0.00	37	0	42	0.00	0.00	58.55	7.52	0.00	0.00	2000
75	6.76	1121	2080	0.00	196	0	0	0	nan	0.00	0.00	4.51	87.87	93.24	0.00	37	0	42	0.00	0.00	59.96	7.53	0.00	0.00	2000
72	6.53	1113	2093	0.00	195	0	0	0	nan	0.00	0.00	2.66	90.35	93.47	0.00	37	0	42	0.00	0.00	57.19	7.59	0.00	0.00	2000
76	6.51	1152	2128	0.00	196	0	0	0	nan	0.00	0.00	2.90	91.77	93.49	0.00	37	0	43	0.00	0.00	59.48	7.84	0.00	0.00	2000
72	6.62	1104	2082	0.00	194	0	0	0	nan	0.00	0.00	2.40	90.07	93.38	0.00	37	0	43	0.00	0.00	59.09	7.67	0.00	0.00	2000
83	7.42	1100	2124	0.00	212	0	0	0	nan	0.00	0.00	4.27	89.40	92.58	0.00	37	0	42	0.00	0.00	57.64	7.46	0.00	0.00	2000
72	6.55	1116	2070	0.00	196	0	0	0	nan	0.01	0.00	3.79	88.35	93.45	0.00	37	0	42	0.00	0.00	58.98	7.56	0.00	0.00	2000
77	6.76	1115	2132	0.00	196	0	0	0	nan	0.00	0.00	2.98	91.67	93.24	0.00	37	0	42	0.00	0.00	59.82	7.78	0.00	0.00	2000
73	6.14	1196	2077	0.00	194	0	0	0	nan	0.00	0.00	3.14	89.56	93.86	0.00	37	0	43	0.00	0.00	58.00	7.47	0.00	0.00	2000
74	6.50	1141	2104	0.00	194	0	0	0	nan	0.00	0.01	2.33	91.24	93.50	0.00	37	0	43	0.00	0.00	60.44	7.73	0.00	0.00	2000
75	6.39	1165	2122	0.00	195	0	0	0	nan	0.00	0.00	2.90	91.65	93.61	0.00	37	0	42	0.00	0.00	59.49	7.65	0.00	0.00	2000
76	6.74	1138	2080	0.00	195	0	0	0	nan	0.00	0.00	3.69	88.60	93.26	0.00	37	0	43	0.00	0.00	58.45	7.47	0.00	0.00	2000
74	6.65	1099	2123	0.00	194	0	0	0	nan	0.00	0.00	3.29	91.12	93.35	0.00	37	0	42	0.00	0.00	59.20	7.56	0.00	0.00	2000
75	6.43	1171	2101	0.00	195	0	0	0	nan	0.00	0.02	3.30	90.14	93.57	0.00	37	0	43	0.00	0.00	57.18	7.26	0.00	0.00	2000
74	6.41	1168	2071	0.00	199	0	0	0	nan	0.00	0.00	4.72	87.65	93.59	0.00	37	0	43	0.00	0.00	55.91	7.11	0.00	0.00	2000
78	6.70	1169	2103	0.27	201	0	0	1	81.03	0.00	0.00	4.05	89.29	93.30	0.00	37	0	42	0.00	0.00	62.46	7.55	0.00	0.00	2000
77	6.82	1112	2124	0.23	195	0	0	0	nan	0.01	0.00	3.44	90.87	93.18	0.00	37	0	43	0.00	0.00	59.35	7.53	0.00	0.00	2000
74	6.74	1103	2097	0.00	211	0	0	0	nan	0.00	0.00	3.08	90.08	93.26	0.00	37	0	42	0.00	0.00	57.72	7.67	0.00	0.00	2000
73	6.16	1191	2099	0.00	194	0	0	0	nan	0.00	0.02	3.44	90.26	93.84	0.00	37	0	43	0.00	0.00	59.28	7.75	0.00	0.00	2000
74	6.52	1140	2100	0.00	179	0	0	0	nan	0.00	0.00	3.70	89.81	93.48	0.00	37	0	43	0.00	0.00	55.86	7.06	0.00	0.00	2000
74	6.01	1237	2095	0.00	196	0	0	0	nan	0.00	0.03	3.38	90.17	93.99	0.00	37	0	43	0.00	0.00	61.15	7.65	0.00	0.00	2000
76	6.42	1188	2091	0.00	195	0	0	0	nan	0.00	0.00	2.40	90.77	93.58	0.00	37	0	42	0.00	0.00	58.46	7.42	0.00	0.00	2000
74	6.68	1100	2107	0.00	195	0	0	0	nan	0.00	0.00	2.49	91.20	93.32	0.00	37	0	42	0.00	0.00	56.65	7.42	0.00	0.00	2000
74	7.00	1062	2085	0.00	193	0	0	0	nan	0.00	0.00	2.15	90.34	93.00	0.00	37	0	43	0.00	0.00	59.63	7.62	0.00	0.00	2000
74	6.73	1096	2111	0.00	197	0	0	0	nan	0.00	0.00	2.58	91.31	93.27	0.00	37	0	42	0.00	0.00	59.44	7.69	0.00	0.00	2000
75	6.60	1126	2113	0.00	194	0	0	0	nan	0.00	0.03	3.44	90.54	93.40	0.00	37	0	42	0.00	0.00	58.92	7.70	0.00	0.00	2000
75	6.58	1147	2095	0.00	196	0	0	0	nan	0.00	0.00	3.68	89.57	93.42	0.00	37	0	43	0.00	0.00	58.85	7.67	0.00	0.00	2000
75	6.68	1135	2082	0.00	197	0	0	0	nan	0.00	0.00	2.54	89.83	93.32	0.00	37	0	43	0.00	0.00	58.44	7.59	0.00	0.00	2000
75	6.20	1217	2093	0.00	196	0	0	0	nan	0.01	0.00	2.71	90.83	93.80	0.00	37	0	42	0.00	0.00	56.28	7.34	0.00	0.00	2000
76	6.08	1240	2126	0.00	195	0	0	0	nan	0.00	0.00	2.91	91.96	93.92	0.00	37	0	42	0.00	0.00	62.32	7.94	0.00	0.00	2000
73	6.57	1112	2102	0.00	194	0	0	0	nan	0.00	0.02	2.97	90.65	93.43	0.00	37	0	42	0.00	0.00	59.31	7.61	0.00	0.00	2000
77	6.64	1166	2090	0.00	196	0	0	0	nan	0.00	0.02	3.21	89.62	93.36	0.00	37	0	42	0.00	0.00	58.05	7.45	0.00	0.00	2000
75	6.48	1145	2109	0.30	212	0	0	1	85.64	0.00	0.01	2.60	91.33	93.52	0.00	37	0	42	0.00	0.00	57.79	7.30	0.00	0.00	2000
75	6.68	1123	2107	0.24	195	0	0	1	89.82	0.00	0.00	3.62	90.04	93.32	0.00	37	0	42	0.00	0.00	61.52	7.98	0.00	0.00	2000
75	6.85	1098	2092	0.00	180	0	0	0	nan	0.00	0.01	3.31	89.61	93.15	0.00	37	0	42	0.00	0.00	56.60	7.31	0.00	0.00	2000
74	6.73	1103	2105	0.00	213	0	0	0	nan	0.00	0.00	2.96	90.53	93.27	0.00	37	0	43	0.00	0.00	59.08	7.63	0.00	0.00	2000
76	6.56	1155	2099	0.00	195	0	0	0	nan	0.00	0.00	3.35	89.96	93.44	0.00	37	0	42	0.00	0.00	58.90	7.55	0.00	0.00	2000
76	6.60	1164	2084	0.00	195	0	0	0	nan	0.00	0.02	3.06	89.53	93.40	0.00	37	0	43	0.00	0.00	58.01	7.49	0.00	0.00	2000
73	6.81	1065	2113	0.00	194	0	0	0	nan	0.00	0.00	4.27	89.61	93.19	0.00	37	0	43	0.00	0.00	57.75	7.56	0.00	0.00	2000
73	6.62	1119	2069	0.00	196	0	0	0	nan	0.00	0.02	3.78	88.11	93.38	0.00	37	0	43	0.00	0.00	58.57	7.53	0.00	0.00	2000
79	7.33	1073	2107	0.00	196	0	0	0	nan	0.00	0.00	1.86	91.24	92.67	0.00	37	0	42	0.00	0.00	60.10	7.76	0.00	0.00	2000
77	6.87	1108	2134	0.00	197	0	0	0	nan	0.00	0.02	4.09	90.69	93.13	0.00	37	0	42	0.00	0.00	57.52	7.37	0.00	0.00	2000
74	6.65	1112	2097	0.00	194	0	0	0	nan	0.00	0.00	3.68	89.67	93.35	0.00	37	0	42	0.00	0.00	60.24	7.75	0.00	0.00	2000
75	6.57	1141	2098	0.00	195	0	0	0	nan	0.00	0.00	3.14	90.07	93.43	0.00	37	0	43	0.00	0.00	58.44	7.64	0.00	0.00	2000
74	6.57	1121	2103	0.00	194	0	0	0	nan	0.00	0.03	2.83	90.68	93.43	0.00	37	0	42	0.00	0.00	58.59	7.53	0.00	0.00	2000
75	6.70	1118	2100	0.00	195	0	0	0	nan	0.00	0.01	3.08	90.25	93.30	0.00	37	0	42	0.00	0.00	58.31	7.72	0.00	0.00	2000
86	7.61	1135	2096	0.00	195	0	0	0	nan	0.00	0.00	3.51	88.73	92.39	0.00	37	0	42	0.00	0.00	59.33	7.31	0.00	0.00	2000
78	6.80	1144	2109	0.00	196	0	0	0	nan	0.00	0.01	4.09	89.51	93.20	0.00	37	0	42	0.00	0.00	59.06	7.60	0.00	0.00	2000
73	7.00	1058	2061	0.00	199	0	0	0	nan	0.00	0.00	3.78	87.59	93.00	0.00	37	0	42	0.00	0.00	57.08	7.24	0.00	0.00	2000
74	6.89	1059	2129	0.26	195	0	0	1	87.43	0.00	0.00	3.78	90.80	93.11	0.00	37	0	43	0.00	0.00	60.82	7.91	0.00	0.00	2000
74	6.73	1109	2092	0.26	194	0	0	1	91.71	0.00	0.00	2.89	89.93	93.27	0.00	37	0	42	0.00	0.00	56.95	7.43	0.00	0.00	2000
75	6.95	1072	2111	0.00	211	0	0	0	nan	0.00	0.02	3.09	90.46	93.05	0.00	37	0	42	0.00	0.00	59.33	7.50	0.00	0.00	2000
73	6.70	1105	2073	0.00	197	0	0	0	nan	0.00	0.00	3.37	88.77	93.30	0.00	37	0	42	0.00	0.00	56.41	7.24	0.00	0.00	2000
74	6.97	1066	2094	0.00	195	0	0	0	nan	0.00	0.02	3.30	89.52	93.03	0.00	37	0	42	0.00	0.00	59.31	7.60	0.00	0.00	2000
74	7.09	1032	2116	0.00	195	0	0	0	nan	0.00	0.00	2.31	91.36	92.91	0.00	37	0	42	0.00	0.00	58.57	7.65	0.00	0.00	2000
75	6.66	1122	2115	0.00	213	0	0	0	nan	0.00	0.00	4.20	89.81	93.34	0.00	37	0	43	0.00	0.00	60.48	7.60	0.00	0.00	2000
75	6.61	1146	2094	0.00	198	0	0	0	nan	0.00	0.00	4.62	88.44	93.39	0.00	37	0	42	0.00	0.00	58.65	7.59	0.00	0.00	2000
74	6.85	1074	2104	0.00	195	0	0	0	nan	0.00	0.00	4.12	89.20	93.15	0.00	37	0	43	0.00	0.00	58.55	7.40	0.00	0.00	2000
74	6.80	1079	2107	0.00	193	0	0	0	nan	0.00	0.00	4.05	89.48	93.20	0.00	37	0	43	0.00	0.00	58.31	7.39	0.00	0.00	2000
75	6.40	1169	2096	0.00	194	0	0	0	nan	0.00	0.01	3.35	89.90	93.60	0.00	37	0	42	0.00	0.00	59.51	7.33	0.00	0.00	2000
73	6.68	1106	2078	0.00	195	0	0	0	nan	0.00	0.02	3.62	88.72	93.32	0.00	37	0	42	0.00	0.00	55.86	7.32	0.00	0.00	2000
76	6.60	1160	2093	0.00	196	0	0	0	nan	0.00	0.00	5.08	87.82	93.40	0.00	37	0	42	0.00	0.00	61.40	7.55	0.00	0.00	2000
75	6.56	1131	2137	0.00	195	0	0	0	nan	0.01	0.00	2.70	92.40	93.44	0.00	37	0	42	0.00	0.00	60.56	7.82	0.00	0.00	2000
75	6.28	1198	2096	0.00	194	0	0	0	nan	0.00	0.01	3.07	90.38	93.72	0.00	37	0	42	0.00	0.00	56.10	7.37	0.00	0.00	2000
75	6.69	1122	2104	0.00	195	0	0	0	nan	0.00	0.00	3.82	89.52	93.31	0.00	37	0	42	0.00	0.00	59.62	7.31	0.00	0.00	2000
74	6.30	1187	2068	0.00	196	0	0	0	nan	0.00	0.00	3.61	88.49	93.70	0.00	37	0	42	0.00	0.00	57.59	7.22	0.00	0.00	2000
75	6.90	1085	2117	0.28	194	0	0	1	88.93	0.00	0.00	2.39	91.42	93.10	0.00	37	0	42	0.00	0.00	60.14	7.58	0.00	0.00	2000
74	6.57	1133	2095	0.24	210	0	0	1	91.42	0.00	0.00	2.62	90.59	93.43	0.00	37	0	42	0.00	0.00	58.27	7.39	0.00	0.00	2000
73	7.13	1014	2119	0.00	195	0	0	0	nan	0.00	0.03	4.55	89.17	92.87	0.00	37	0	42	0.00	0.00	60.68	7.81	0.00	0.00	2000
73	6.71	1110	2066	0.00	196	0	0	0	nan	0.00	0.01	3.40	88.22	93.29	0.00	37	0	42	0.00	0.00	56.51	7.45	0.00	0.00	2000
73	6.35	1142	2114	0.00	195	0	0	0	nan	0.00	0.00	2.27	91.92	93.65	0.00	37	0	42	0.00	0.00	62.72	7.53	0.00	0.00	2000
78	6.38	1201	2128	0.00	195	0	0	0	nan	0.01	0.00	2.52	92.16	93.62	0.00	37	0	42	0.00	0.00	60.64	7.63	0.00	0.00	2000
73	6.75	1092	2093	0.00	194	0	0	0	nan	0.00	0.02	3.72	89.27	93.25	0.00	37	0	42	0.00	0.00	57.12	7.11	0.00	0.00	2000
74	6.46	1155	2093	0.00	195	0	0	0	nan	0.00	0.00	4.32	88.87	93.54	0.00	37	0	43	0.00	0.00	58.81	7.38	0.00	0.00	2000
75	6.57	1147	2099	0.00	195	0	0	0	nan	0.00	0.00	4.09	89.19	93.43	0.00	37	0	43	0.00	0.00	57.00	7.24	0.00	0.00	2000
75	6.52	1153	2104	0.00	196	0	0	0	nan	0.00	0.00	4.69	88.94	93.48	0.00	37	0	42	0.00	0.00	59.37	7.35	0.00	0.00	2000
74	6.54	1136	2099	0.00	195	0	0	0	nan	0.00	0.00	4.45	89.01	93.46	0.00	37	0	42	0.00	0.00	59.44	7.42	0.00	0.00	2000
77	6.48	1192	2093	0.00	195	0	0	0	nan	0.00	0.02	3.69	89.36	93.52	0.00	37	0	42	0.00	0.00	58.97	7.42	0.00	0.00	2000
74	6.83	1076	2100	0.00	195	0	0	0	nan	0.00	0.03	4.39	88.91	93.17	0.00	37	0	42	0.00	0.00	58.68	7.36	0.00	0.00	2000
74	6.65	1111	2109	0.00	195	0	0	0	nan	0.00	0.00	4.04	89.78	93.35	0.00	37	0	43	0.00	0.00	59.29	7.52	0.00	0.00	2000
72	6.73	1086	2072	0.00	195	0	0	0	nan	0.00	0.00	3.39	88.71	93.27	0.00	37	0	42	0.00	0.00	58.77	7.63	0.00	0.00	2000
75	6.69	1103	2124	0.00	195	0	0	0	nan	0.00	0.01	2.44	91.91	93.31	0.00	37	0	43	0.00	0.00	59.78	7.43	0.00	0.00	2000
77	6.92	1103	2113	0.00	195	0	0	0	nan	0.00	0.04	2.56	91.06	93.08	0.00	37	0	42	0.00	0.00	61.54	7.65	0.00	0.00	2000
74	6.57	1133	2087	0.02	194	0	0	1	89.29	0.00	0.01	3.44	89.44	93.43	0.00	37	0	42	0.00	0.00	57.57	7.32	0.00	0.00	2000
75	6.36	1179	2090	0.23	195	0	0	1	91.99	0.00	0.03	3.08	89.81	93.64	0.00	37	0	42	0.00	0.00	59.65	7.65	0.00	0.00	2000
74	6.92	1076	2093	0.00	194	0	0	0	nan	0.00	0.00	3.21	89.60	93.08	0.00	37	0	42	0.00	0.00	57.54	7.34	0.00	0.00	2000
73	6.78	1078	2095	0.00	194	0	0	0	nan	0.00	0.00	3.89	89.19	93.22	0.00	37	0	42	0.00	0.00	58.97	7.48	0.00	0.00	2000
81	6.86	1172	2123	0.00	211	0	0	0	nan	0.00	0.04	4.69	89.27	93.14	0.00	37	0	43	0.00	0.00	60.81	7.76	0.00	0.00	2000
74	6.30	1180	2105	0.00	197	0	0	0	nan	0.00	0.02	3.61	90.27	93.70	0.00	37	0	43	0.00	0.00	59.17	7.49	0.00	0.00	2000
74	6.63	1117	2104	0.00	195	0	0	0	nan	0.00	0.00	3.68	89.88	93.37	0.00	37	0	43	0.00	0.00	58.44	7.44	0.00	0.00	2000
71	6.41	1128	2072	0.00	195	0	0	0	nan	0.00	0.00	3.43	88.82	93.59	0.00	37	0	43	0.00	0.00	57.92	7.25	0.00	0.00	2000
77	6.63	1157	2109	0.00	195	0	0	0	nan	0.00	0.02	2.36	91.38	93.37	0.00	37	0	43	0.00	0.00	60.36	7.29	0.00	0.00	2000
73	6.57	1096	2115	0.00	195	0	0	0	nan	0.00	0.02	2.39	91.86	93.43	0.00	37	0	42	0.00	0.00	57.34	7.54	0.00	0.00	2000
75	6.71	1122	2105	0.00	194	0	0	0	nan	0.00	0.01	3.39	90.11	93.29	0.00	37	0	43	0.00	0.00	60.82	7.35	0.00	0.00	2000
72	7.00	1042	2064	0.00	194	0	0	0	nan	0.00	0.00	3.32	88.13	93.00	0.00	37	0	43	0.00	0.00	56.92	7.23	0.00	0.00	2000
76	6.93	1092	2109	0.00	197	0	0	0	nan	0.00	0.01	4.11	89.49	93.07	0.00	37	0	43	0.00	0.00	58.37	7.39	0.00	0.00	2000
73	6.56	1110	2120	0.00	195	0	0	0	nan	0.00	0.02	3.84	90.50	93.44	0.00	37	0	42	0.00	0.00	59.24	7.59	0.00	0.00	2000
77	6.79	1137	2094	0.00	212	0	0	0	nan	0.00	0.02	3.02	89.85	93.21	0.00	37	0	42	0.00	0.00	59.38	7.54	0.00	0.00	2000
74	6.55	1135	2100	0.00	195	0	0	0	nan	0.00	0.00	3.65	89.83	93.45	0.00	37	0	43	0.00	0.00	58.60	7.71	0.00	0.00	2000
76	6.91	1095	2108	0.00	195	0	0	0	nan	0.00	0.02	3.36	90.08	93.09	0.00	37	0	43	0.00	0.00	59.11	7.47	0.00	0.00	2000
73	6.38	1158	2087	0.01	180	0	0	1	87.55	0.00	0.00	3.45	89.54	93.62	0.00	37	0	43	0.00	0.00	60.05	7.62	0.00	0.00	2000
76	6.80	1108	2112	0.23	195	0	0	2	90.39	0.00	0.00	3.56	90.18	93.20	0.00	37	0	42	0.00	0.00	60.12	7.74	0.00	0.00	2000
76	6.57	1157	2098	0.00	195	0	0	0	nan	0.00	0.01	3.36	90.05	93.43	0.00	37	0	43	0.00	0.00	59.35	7.33	0.00	0.00	2000
74	6.65	1128	2074	0.00	195	0	0	0	nan	0.00	0.00	3.17	88.93	93.35	0.00	37	0	43	0.00	0.00	57.67	7.25	0.00	0.00	2000
74	7.23	1006	2133	0.00	194	0	0	0	nan	0.00	0.00	2.77	91.52	92.77	0.00	37	0	42	0.00	0.00	59.42	7.63	0.00	0.00	2000
73	6.48	1135	2088	0.00	194	0	0	0	nan	0.00	0.00	3.09	89.91	93.52	0.00	37	0	43	0.00	0.00	57.92	7.13	0.00	0.00	2000
73	6.77	1084	2085	0.00	197	0	0	0	nan	0.00	0.00	2.87	89.66	93.23	0.00	37	0	42	0.00	0.00	57.85	7.40	0.00	0.00	2000
76	7.11	1056	2128	0.00	214	0	0	0	nan	0.00	0.00	4.84	89.28	92.89	0.00	37	0	42	0.00	0.00	60.84	7.89	0.00	0.00	2000
73	6.56	1118	2095	0.00	194	0	0	0	nan	0.00	0.02	3.83	89.29	93.44	0.00	37	0	42	0.00	0.00	59.55	7.49	0.00	0.00	2000
74	7.06	1049	2104	0.00	194	0	0	0	nan	0.00	0.02	3.98	89.19	92.94	0.00	37	0	42	0.00	0.00	58.26	7.53	0.00	0.00	2000
72	6.41	1134	2068	0.00	194	0	0	0	nan	0.00	0.02	3.29	88.77	93.59	0.00	37	0	43	0.00	0.00	59.59	7.54	0.00	0.00	2000
75	7.01	1051	2124	0.00	212	0	0	0	nan	0.01	0.00	2.73	91.37	92.99	0.00	37	0	42	0.00	0.00	58.42	7.36	0.00	0.00	2000
78	6.59	1177	2100	0.00	196	0	0	0	nan	0.00	0.03	3.09	90.26	93.41	0.00	37	0	42	0.00	0.00	59.25	7.53	0.00	0.00	2000
75	6.58	1145	2100	0.00	195	0	0	0	nan	0.00	0.01	3.47	90.02	93.42	0.00	37	0	43	0.00	0.00	59.11	7.52	0.00	0.00	2000
74	6.76	1102	2093	0.00	179	0	0	0	nan	0.00	0.02	4.05	88.88	93.24	0.00	37	0	42	0.00	0.00	60.14	7.61	0.00	0.00	2000
75	6.45	1158	2103	0.00	196	0	0	0	nan	0.00	0.00	4.20	89.42	93.55	0.00	37	0	42	0.00	0.00	59.71	7.59	0.00	0.00	2000
74	6.73	1102	2097	0.00	197	0	0	0	nan	0.00	0.00	4.91	88.25	93.27	0.00	37	0	43	0.00	0.00	59.19	7.56	0.00	0.00	2000
75	7.07	1066	2088	0.00	196	0	0	1	89.73	0.00	0.00	3.94	88.37	92.93	0.00	37	0	43	0.00	0.00	57.45	7.27	0.00	0.00	2000
74	7.14	1030	2127	0.07	211	0	0	1	90.91	0.00	0.00	3.78	90.42	92.86	0.00	37	0	43	0.00	0.00	59.96	7.70	0.00	0.00	2000
75	6.81	1099	2090	0.00	195	0	0	0	nan	0.00	0.00	3.76	88.95	93.19	0.00	37	0	43	0.00	0.00	58.44	7.36	0.00	0.00	2000
72	7.09	1019	2078	0.00	195	0	0	0	nan	0.00	0.00	4.12	87.90	92.91	0.00	37	0	43	0.00	0.00	59.11	7.55	0.00	0.00	2000
75	6.65	1118	2110	0.00	194	0	0	0	nan	0.00	0.02	2.27	91.50	93.35	0.00	37	0	43	0.00	0.00	61.30	7.89	0.00	0.00	2000
75	6.68	1126	2092	0.00	196	0	0	0	nan	0.00	0.02	3.32	89.69	93.32	0.00	37	0	42	0.00	0.00	57.20	7.11	0.00	0.00	2000
75	6.59	1130	2129	0.00	211	0	0	0	nan	0.00	0.03	2.72	92.03	93.41	0.00	37	0	42	0.00	0.00	61.05	7.64	0.00	0.00	2000
73	6.62	1106	2098	0.00	195	0	0	0	nan	0.00	0.01	3.14	90.24	93.38	0.00	37	0	42	0.00	0.00	59.01	7.19	0.00	0.00	2000
117	8.83	1324	2097	0.00	248	0	0	0	nan	0.00	0.58	4.65	85.92	91.17	0.00	37	0	42	0.00	0.00	59.09	7.57	0.00	0.00	2000
75	6.47	1159	2113	0.00	214	0	0	0	nan	0.00	0.03	7.16	86.98	93.53	0.00	37	0	42	0.00	0.00	60.81	7.62	0.00	0.00	2000
75	6.84	1108	2069	0.00	195	0	0	0	nan	0.00	0.00	3.13	88.66	93.16	0.00	37	0	43	0.00	0.00	57.11	7.19	0.00	0.00	2000
75	6.89	1078	2124	0.00	211	0	0	0	nan	0.00	0.02	3.01	91.16	93.11	0.00	37	0	42	0.00	0.00	60.96	7.64	0.00	0.00	2000
75	6.65	1124	2095	0.00	178	0	0	0	nan	0.00	0.00	3.37	89.73	93.35	0.00	37	0	42	0.00	0.00	58.97	7.61	0.00	0.00	2000
74	7.03	1047	2101	0.00	197	0	0	0	nan	0.01	0.01	4.16	88.90	92.97	0.00	37	0	43	0.00	0.00	58.60	7.60	0.00	0.00	2000
74	6.96	1074	2077	0.00	195	0	0	0	nan	0.00	0.02	2.94	89.15	93.04	0.00	37	0	42	0.00	0.00	58.75	7.46	0.00	0.00	2000
74	6.76	1095	2096	0.00	197	0	0	0	nan	0.00	0.02	4.66	88.46	93.24	0.00	37	0	42	0.00	0.00	57.87	7.26	0.00	0.00	2000
75	6.87	1087	2103	0.00	210	0	0	0	nan	0.00	0.00	3.98	89.36	93.13	0.00	37	0	43	0.00	0.00	58.57	7.64	0.00	0.00	2000
73	6.74	1079	2119	0.00	195	0	0	1	89.75	0.00	0.00	4.63	89.47	93.26	0.00	37	0	42	0.00	0.00	59.16	7.50	0.00	0.00	2000
77	6.75	1128	2110	0.11	198	0	0	2	92.62	0.00	0.00	6.73	86.94	93.25	0.00	37	0	42	0.00	0.00	58.69	7.50	0.00	0.00	2000
75	7.08	1080	2069	0.00	219	0	0	0	nan	0.00	0.00	9.59	82.08	92.92	0.00	37	0	43	0.00	0.00	56.91	7.23	0.00	0.00	2000
80	6.57	1209	2105	0.00	204	0	0	0	nan	0.00	0.01	4.56	89.04	93.43	0.00	37	0	42	0.00	0.00	61.20	7.59	0.00	0.00	2000
74	6.25	1172	2125	0.00	214	0	0	0	nan	0.00	1.04	4.16	89.66	93.75	0.00	37	0	42	0.00	0.00	61.31	7.60	0.00	0.00	2000
73	6.76	1101	2071	0.00	200	0	0	0	nan	0.00	0.00	5.90	86.21	93.24	0.00	37	0	43	0.00	0.00	57.43	7.10	0.00	0.00	2000
75	6.24	1192	2131	0.00	199	0	0	0	nan	0.00	1.03	6.62	87.51	93.76	0.00	37	0	42	0.00	0.00	61.35	7.70	0.00	0.00	2000
74	6.83	1094	2084	0.00	198	0	0	0	nan	0.00	0.00	5.83	86.65	93.17	0.00	37	0	42	0.00	0.00	57.76	7.22	0.00	0.00	2000
77	6.62	1167	2104	0.00	203	0	0	0	nan	0.00	0.04	7.14	86.39	93.38	0.00	37	0	42	0.00	0.00	60.24	7.50	0.00	0.00	2000
73	6.85	1077	2090	0.00	199	0	0	0	nan	0.00	0.01	6.86	85.88	93.15	0.00	37	0	42	0.00	0.00	57.99	7.24	0.00	0.00	2000
73	7.06	1031	2095	0.00	200	0	0	0	nan	0.00	0.00	6.10	86.67	92.94	0.00	37	0	42	0.00	0.00	54.51	7.11	0.00	0.00	2000
76	6.57	1164	2098	0.00	198	0	0	0	nan	0.00	0.00	3.57	89.75	93.43	0.00	37	0	42	0.00	0.00	63.52	7.63	0.00	0.00	2000
74	6.67	1113	2100	0.00	199	0	0	0	nan	0.00	0.01	3.79	89.48	93.33	0.00	37	0	42	0.00	0.00	59.25	7.51	0.00	0.00	2000
79	6.27	1259	2104	0.00	205	0	0	0	nan	0.00	0.02	5.81	87.92	93.73	0.00	37	0	43	0.00	0.00	59.14	7.61	0.00	0.00	2000
73	6.91	1055	2094	0.00	216	0	0	0	nan	0.00	0.02	5.53	87.40	93.09	0.00	37	0	43	0.00	0.00	56.47	7.20	0.00	0.00	2000
76	6.25	1200	2132	0.00	199	0	0	0	nan	0.00	0.00	6.08	88.91	93.75	0.00	37	0	42	0.00	0.00	61.07	7.80	0.00	0.00	2000
74	6.38	1156	2104	0.00	200	0	0	0	nan	0.00	0.02	4.45	89.22	93.62	0.00	37	0	43	0.00	0.00	59.91	7.58	0.00	0.00	2000
76	5.85	1295	2099	0.00	198	0	0	1	88.93	0.00	0.55	3.98	89.39	94.15	0.00	37	0	42	0.00	0.00	58.27	7.38	0.00	0.00	2000
78	5.90	1325	2085	0.06	204	0	0	1	90.58	0.00	2.14	3.18	88.16	94.10	0.00	37	0	42	0.00	0.00	60.22	7.36	0.00	0.00	2000
76	6.66	1132	2114	0.00	198	0	0	0	nan	0.00	0.00	5.73	88.28	93.34	0.00	37	0	42	0.00	0.00	59.82	7.48	0.00	0.00	2000
75	6.51	1163	2092	0.00	199	0	0	0	nan	0.01	0.00	6.05	86.95	93.49	0.00	37	0	42	0.00	0.00	58.31	7.54	0.00	0.00	2000
75	6.69	1120	2101	0.00	199	0	0	0	nan	0.00	0.00	5.83	87.63	93.31	0.00	37	0	42	0.00	0.00	58.57	7.20	0.00	0.00	2000
75	6.95	1077	2096	0.00	201	0	0	0	nan	0.00	0.02	7.42	85.32	93.05	0.00	37	0	42	0.00	0.00	58.96	7.45	0.00	0.00	2000
77	6.82	1128	2112	0.00	205	0	0	0	nan	0.00	0.02	6.98	86.76	93.18	0.00	37	0	42	0.00	0.00	58.95	7.41	0.00	0.00	2000
74	6.66	1118	2100	0.00	198	0	0	0	nan	0.00	0.00	7.33	86.03	93.34	0.00	37	0	42	0.00	0.00	58.93	7.56	0.00	0.00	2000
75	6.76	1108	2090	0.00	198	0	0	0	nan	0.00	0.00	6.48	86.41	93.24	0.00	37	0	43	0.00	0.00	58.05	7.44	0.00	0.00	2000
74	6.44	1149	2087	0.00	181	0	0	0	nan	0.00	0.00	6.57	86.43	93.56	0.00	37	0	42	0.00	0.00	58.87	7.42	0.00	0.00	2000
75	6.82	1096	2095	0.00	215	0	0	0	nan	0.00	0.03	7.04	85.85	93.18	0.00	37	0	42	0.00	0.00	58.99	7.38	0.00	0.00	2000
77	6.92	1111	2110	0.00	203	0	0	0	nan	0.00	0.02	7.50	85.94	93.08	0.00	37	0	43	0.00	0.00	59.05	7.63	0.00	0.00	2000
75	6.85	1089	2118	0.00	198	0	0	0	nan	0.00	0.02	5.09	88.91	93.15	0.00	37	0	43	0.00	0.00	61.13	7.78	0.00	0.00	2000
72	6.77	1087	2069	0.00	200	0	0	0	nan	0.00	0.00	6.48	85.46	93.23	0.00	37	0	42	0.00	0.00	57.05	7.35	0.00	0.00	2000
77	6.63	1139	2137	0.00	199	0	0	0	nan	0.00	0.01	4.40	90.62	93.37	0.00	37	0	42	0.00	0.00	59.43	7.36	0.00	0.00	2000
75	6.84	1096	2091	0.00	200	0	0	0	nan	0.00	0.00	5.16	87.74	93.16	0.00	37	0	42	0.00	0.00	59.75	7.55	0.00	0.00	2000
77	7.09	1081	2101	0.00	202	0	0	0	nan	0.00	0.00	5.20	87.89	92.91	0.00	37	0	42	0.00	0.00	56.31	7.24	0.00	0.00	2000
75	6.62	1139	2087	0.00	199	0	0	1	89.23	0.01	0.00	6.43	86.36	93.38	0.00	37	0	42	0.00	0.00	59.74	7.68	0.00	0.00	2000
74	6.76	1097	2093	0.33	199	0	0	2	90.08	0.00	0.00	7.50	85.43	93.24	0.00	37	0	42	0.00	0.00	59.28	7.45	0.00	0.00	2000
82	6.77	1195	2126	0.00	201	0	0	0	nan	0.00	0.00	5.96	88.22	93.23	0.00	37	0	43	0.00	0.00	60.29	7.51	0.00	0.00	2000
75	6.36	1185	2097	0.00	199	0	0	0	nan	0.01	0.00	4.75	88.76	93.64	0.00	37	0	43	0.00	0.00	56.61	7.21	0.00	0.00	2000
74	7.08	1054	2067	0.00	199	0	0	0	nan	0.00	0.00	6.49	85.06	92.92	0.00	37	0	43	0.00	0.00	58.99	7.45	0.00	0.00	2000
76	6.61	1145	2123	0.00	196	0	0	0	nan	0.00	0.03	2.09	92.25	93.39	0.00	37	0	43	0.00	0.00	58.95	7.41	0.00	0.00	2000
74	6.34	1165	2104	0.00	194	0	0	0	nan	0.01	0.00	2.96	90.81	93.66	0.00	37	0	43	0.00	0.00	59.82	7.44	0.00	0.00	2000
75	6.37	1185	2079	0.00	194	0	0	0	nan	0.00	0.04	2.90	89.67	93.63	0.00	37	0	42	0.00	0.00	59.07	7.11	0.00	0.00	2000
73	6.16	1191	2097	0.00	193	0	0	0	nan	0.00	0.01	2.46	91.17	93.84	0.00	37	0	42	0.00	0.00	56.50	7.40	0.00	0.00	2000
77	6.13	1234	2126	0.00	197	0	0	0	nan	0.00	0.03	2.97	91.96	93.87	0.00	37	0	42	0.00	0.00	63.31	7.74	0.00	0.00	2000
77	6.53	1178	2105	0.00	195	0	0	0	nan	0.00	0.00	3.05	90.43	93.47	0.00	37	0	42	0.00	0.00	56.83	7.23	0.00	0.00	2000
76	6.42	1182	2103	0.00	194	0	0	0	nan	0.00	0.02	2.97	90.61	93.58	0.00	37	0	42	0.00	0.00	59.20	7.79	0.00	0.00	2000
75	6.62	1130	2098	0.00	195	0	0	0	nan	0.00	0.00	4.15	89.19	93.38	0.00	37	0	43	0.00	0.00	61.01	7.84	0.00	0.00	2000
76	6.49	1169	2092	0.00	179	0	0	0	nan	0.01	0.00	3.11	89.94	93.51	0.00	37	0	42	0.00	0.00	57.18	7.43	0.00	0.00	2000
74	6.65	1109	2104	0.00	194	0	0	0	nan	0.00	0.00	3.68	90.00	93.35	0.00	37	0	43	0.00	0.00	59.25	7.74	0.00	0.00	2000
77	6.81	1131	2094	0.00	196	0	0	0	nan	0.00	0.00	3.53	89.35	93.19	0.00	37	0	42	0.00	0.00	59.03	7.62	0.00	0.00	2000
74	6.70	1100	2107	0.00	196	0	0	0	nan	0.00	0.00	2.65	91.07	93.30	0.00	37	0	42	0.00	0.00	57.51	7.42	0.00	0.00	2000
74	6.71	1106	2096	0.00	194	0	0	0	nan	0.00	0.00	3.46	89.72	93.29	0.00	37	0	42	0.00	0.00	58.98	7.53	0.00	0.00	2000
73	6.58	1111	2100	0.33	195	0	0	1	87.06	0.00	0.01	3.34	90.06	93.42	0.00	37	0	42	0.00	0.00	59.61	7.71	0.00	0.00	2000
75	6.77	1113	2089	0.22	194	0	0	0	nan	0.00	0.00	4.10	88.72	93.23	0.00	37	0	42	0.00	0.00	58.76	7.29	0.00	0.00	2000
74	6.69	1105	2101	0.00	195	0	0	0	nan	0.00	0.00	4.67	88.70	93.31	0.00	37	0	42	0.00	0.00	58.95	7.56	0.00	0.00	2000
74	7.03	1071	2078	0.00	196	0	0	0	nan	0.00	0.02	4.54	87.42	92.97	0.00	37	0	43	0.00	0.00	56.55	7.46	0.00	0.00	2000
74	6.94	1058	2108	0.00	195	0	0	0	nan	0.00	0.00	2.42	90.96	93.06	0.00	37	0	42	0.00	0.00	60.08	7.74	0.00	0.00	2000
76	6.53	1154	2111	0.00	193	0	0	0	nan	0.00	0.03	2.38	91.41	93.47	0.00	37	0	42	0.00	0.00	58.65	7.42	0.00	0.00	2000
73	6.88	1066	2105	0.00	195	0	0	0	nan	0.00	0.02	2.80	90.54	93.12	0.00	37	0	42	0.00	0.00	58.05	7.25	0.00	0.00	2000
74	6.97	1068	2090	0.00	194	0	0	0	nan	0.00	0.00	3.13	89.55	93.03	0.00	37	0	42	0.00	0.00	56.58	7.21	0.00	0.00	2000
77	6.63	1142	2127	0.00	215	0	0	0	nan	0.00	0.00	4.67	89.90	93.37	0.00	37	0	42	0.00	0.00	60.35	7.68	0.00	0.00	2000
75	6.43	1187	2065	0.00	195	0	0	0	nan	0.00	0.01	2.88	89.20	93.57	0.00	37	0	42	0.00	0.00	57.21	7.56	0.00	0.00	2000
74	6.76	1084	2133	0.00	194	0	0	0	nan	0.00	0.04	4.47	90.15	93.24	0.00	37	0	42	0.00	0.00	61.55	8.01	0.00	0.00	2000
75	6.70	1127	2097	0.00	199	0	0	0	nan	0.00	0.02	5.25	87.99	93.30	0.00	37	0	42	0.00	0.00	56.58	7.20	0.00	0.00	2000
71	6.85	1050	2071	0.00	196	0	0	0	nan	0.00	0.01	5.06	86.85	93.15	0.00	37	0	42	0.00	0.00	59.04	7.56	0.00	0.00	2000
77	6.92	1104	2124	0.00	196	0	0	0	nan	0.00	0.02	1.83	92.33	93.08	0.00	37	0	42	0.00	0.00	59.27	7.50	0.00	0.00	2000
74	6.63	1112	2111	0.00	196	0	0	0	nan	0.00	0.00	2.19	91.67	93.37	0.00	37	0	42	0.00	0.00	60.33	7.30	0.00	0.00	2000
75	6.42	1169	2100	0.00	195	0	0	0	nan	0.00	0.00	3.59	89.96	93.58	0.00	37	0	42	0.00	0.00	58.81	7.42	0.00	0.00	2000
73	6.70	1098	2096	0.00	195	0	0	0	nan	0.00	0.01	4.49	88.71	93.30	0.00	37	0	42	0.00	0.00	59.63	7.63	0.00	0.00	2000
73	6.79	1088	2078	0.28	193	0	0	1	84.89	0.00	0.00	4.48	87.86	93.21	0.00	37	0	42	0.00	0.00	54.84	7.01	0.00	0.00	2000
77	6.86	1112	2129	0.23	196	0	0	0	nan	0.00	0.02	3.26	91.23	93.14	0.00	37	0	42	0.00	0.00	62.73	7.94	0.00	0.00	2000
83	6.67	1252	2098	0.00	195	0	0	0	nan	0.00	0.01	4.19	88.99	93.33	0.00	37	0	42	0.00	0.00	57.69	7.23	0.00	0.00	2000
73	6.70	1101	2087	0.00	194	0	0	0	nan	0.00	0.02	3.35	89.39	93.30	0.00	37	0	43	0.00	0.00	58.99	7.45	0.00	0.00	2000
75	6.88	1088	2112	0.00	195	0	0	0	nan	0.00	0.04	4.43	89.16	93.12	0.00	37	0	42	0.00	0.00	58.70	7.51	0.00	0.00	2000
73	6.84	1073	2102	0.00	194	0	0	0	nan	0.00	0.01	3.75	89.60	93.16	0.00	37	0	42	0.00	0.00	58.33	7.38	0.00	0.00	2000
76	6.73	1135	2101	0.00	196	0	0	0	nan	0.00	0.01	3.88	89.47	93.27	0.00	37	0	42	0.00	0.00	61.38	7.65	0.00	0.00	2000
90	7.56	1204	2078	0.00	195	0	0	0	nan	0.00	0.01	4.10	87.49	92.44	0.00	37	0	42	0.00	0.00	57.99	7.29	0.00	0.00	2000
76	6.79	1106	2116	0.00	196	0	0	0	nan	0.00	0.00	3.26	90.68	93.21	0.00	37	0	43	0.00	0.00	59.19	7.58	0.00	0.00	2000
75	6.54	1146	2105	0.00	194	0	0	0	nan	0.01	0.00	2.64	91.13	93.46	0.00	37	0	42	0.00	0.00	60.19	7.58	0.00	0.00	2000
76	6.93	1092	2106	0.00	200	0	0	0	nan	0.00	0.00	3.82	89.60	93.07	0.00	37	0	42	0.00	0.00	57.91	7.50	0.00	0.00	2000
76	6.66	1142	2097	0.00	195	0	0	0	nan	0.00	0.00	3.76	89.47	93.34	0.00	37	0	42	0.00	0.00	59.14	7.26	0.00	0.00	2000
74	6.65	1116	2098	0.00	195	0	0	0	nan	0.00	0.00	4.23	89.06	93.35	0.00	37	0	42	0.00	0.00	57.82	7.31	0.00	0.00	2000
73	6.55	1124	2085	0.00	194	0	0	0	nan	0.00	0.01	3.86	88.92	93.45	0.00	37	0	42	0.00	0.00	59.56	7.50	0.00	0.00	2000
73	6.65	1105	2081	0.00	194	0	0	0	nan	0.00	0.00	3.96	88.47	93.35	0.00	37	0	42	0.00	0.00	59.00	7.16	0.00	0.00	2000
75	6.81	1081	2138	0.00	197	0	0	0	nan	0.00	0.05	3.55	91.21	93.19	0.00	37	0	43	0.00	0.00	59.43	7.68	0.00	0.00	2000
77	6.88	1126	2096	0.00	198	0	0	0	nan	0.00	0.00	4.55	88.37	93.12	0.00	37	0	42	0.00	0.00	56.94	7.60	0.00	0.00	2000
74	6.41	1145	2106	0.31	196	0	0	2	88.53	0.00	0.00	2.95	90.68	93.59	0.00	37	0	42	0.00	0.00	61.67	7.41	0.00	0.00	2000
74	6.31	1197	2071	0.24	194	0	0	1	91.04	0.00	0.02	3.39	88.92	93.69	0.00	37	0	42	0.00	0.00	58.80	7.45	0.00	0.00	2000
75	6.47	1147	2130	0.00	196	0	0	0	nan	0.01	0.00	2.39	92.41	93.53	0.00	37	0	42	0.00	0.00	60.72	7.61	0.00	0.00	2000
76	6.14	1239	2092	0.00	195	0	0	0	nan	0.00	0.00	3.55	89.95	93.86	0.00	37	0	43	0.00	0.00	56.45	7.08	0.00	0.00	2000
75	6.58	1128	2109	0.00	194	0	0	0	nan	0.00	0.01	3.04	90.76	93.42	0.00	37	0	42	0.00	0.00	61.10	7.75	0.00	0.00	2000
76	6.60	1161	2084	0.00	179	0	0	0	nan	0.00	0.02	2.70	90.12	93.40	0.00	37	0	42	0.00	0.00	57.22	7.22	0.00	0.00	2000
73	6.45	1140	2099	0.00	194	0	0	0	nan	0.00	0.01	3.18	90.32	93.55	0.00	37	0	42	0.00	0.00	60.31	7.63	0.00	0.00	2000
75	6.81	1108	2083	0.00	195	0	0	0	nan	0.00	0.02	2.67	89.71	93.19	0.00	37	0	43	0.00	0.00	58.16	7.45	0.00	0.00	2000
73	6.86	1064	2096	0.00	195	0	0	0	nan	0.00	0.00	2.88	90.09	93.14	0.00	37	0	43	0.00	0.00	58.18	7.39	0.00	0.00	2000
76	7.05	1062	2129	0.00	211	0	0	0	nan	0.00	0.06	2.83	91.39	92.95	0.00	37	0	42	0.00	0.00	58.62	7.48	0.00	0.00	2000
75	6.80	1107	2084	0.00	181	0	0	0	nan	0.00	0.02	3.72	88.82	93.20	0.00	37	0	43	0.00	0.00	58.73	7.40	0.00	0.00	2000
74	6.75	1088	2109	0.00	210	0	0	0	nan	0.00	0.00	3.97	89.69	93.25	0.00	37	0	42	0.00	0.00	60.71	7.78	0.00	0.00	2000
75	6.40	1161	2110	0.00	194	0	0	0	nan	0.00	0.00	3.84	90.10	93.60	0.00	37	0	42	0.00	0.00	57.90	7.14	0.00	0.00	2000
75	6.57	1149	2095	0.00	195	0	0	0	nan	0.00	0.02	3.05	90.08	93.43	0.00	37	0	42	0.00	0.00	58.33	7.28	0.00	0.00	2000
74	6.00	1229	2100	0.00	178	0	0	0	nan	0.00	0.00	3.34	90.60	94.00	0.00	37	0	42	0.00	0.00	60.44	7.63	0.00	0.00	2000
77	6.78	1128	2103	0.00	211	0	0	0	nan	0.00	0.00	3.09	90.16	93.22	0.00	37	0	42	0.00	0.00	58.35	7.27	0.00	0.00	2000
73	6.52	1135	2069	0.00	179	0	0	0	nan	0.00	0.00	2.57	89.48	93.48	0.00	37	0	42	0.00	0.00	57.78	7.21	0.00	0.00	2000
76	6.63	1120	2137	0.01	210	0	0	1	89.74	0.00	0.00	4.23	90.69	93.37	0.00	37	0	42	0.00	0.00	59.84	7.62	0.00	0.00	2000
75	6.38	1177	2093	0.23	197	0	0	1	90.68	0.00	0.00	3.99	89.27	93.62	0.00	37	0	42	0.00	0.00	59.51	7.13	0.00	0.00	2000
75	6.51	1151	2102	0.00	196	0	0	0	nan	0.00	0.02	3.66	89.89	93.49	0.00	37	0	42	0.00	0.00	59.15	7.41	0.00	0.00	2000
75	6.65	1122	2101	0.00	195	0	0	0	nan	0.00	0.01	3.42	89.90	93.35	0.00	37	0	42	0.00	0.00	60.13	7.46	0.00	0.00	2000
75	6.67	1120	2101	0.00	196	0	0	0	nan	0.00	0.00	3.71	89.51	93.33	0.00	37	0	43	0.00	0.00	58.11	7.35	0.00	0.00	2000
74	6.66	1104	2100	0.00	195	0	0	0	nan	0.00	0.00	3.99	89.18	93.34	0.00	37	0	42	0.00	0.00	57.09	7.18	0.00	0.00	2000
75	6.91	1091	2101	0.00	209	0	0	0	nan	0.00	0.00	5.60	87.69	93.09	0.00	37	0	42	0.00	0.00	60.32	7.89	0.00	0.00	2000
73	6.65	1106	2098	0.00	195	0	0	0	nan	0.00	0.00	4.05	89.18	93.35	0.00	37	0	42	0.00	0.00	58.74	7.49	0.00	0.00	2000
77	6.74	1149	2086	0.00	195	0	0	0	nan	0.00	0.00	3.75	88.93	93.26	0.00	37	0	42	0.00	0.00	56.60	7.13	0.00	0.00	2000
73	6.56	1119	2097	0.00	195	0	0	0	nan	0.00	0.00	3.22	90.18	93.44	0.00	37	0	42	0.00	0.00	58.97	7.53	0.00	0.00	2000
75	6.82	1102	2090	0.00	195	0	0	0	nan	0.00	0.02	2.65	90.18	93.18	0.00	37	0	42	0.00	0.00	58.30	7.34	0.00	0.00	2000
75	6.67	1105	2126	0.00	195	0	0	0	nan	0.00	0.00	2.65	91.95	93.33	0.00	37	0	42	0.00	0.00	59.26	7.53	0.00	0.00	2000
74	6.84	1089	2094	0.00	194	0	0	0	nan	0.00	0.00	3.13	89.81	93.16	0.00	37	0	43	0.00	0.00	59.08	7.45	0.00	0.00	2000
75	6.72	1103	2111	0.00	194	0	0	0	nan	0.00	0.00	2.47	91.27	93.28	0.00	37	0	42	0.00	0.00	58.96	7.46	0.00	0.00	2000
75	6.51	1161	2098	0.00	195	0	0	0	nan	0.00	0.00	3.60	89.69	93.49	0.00	37	0	42	0.00	0.00	57.81	7.38	0.00	0.00	2000
73	6.59	1120	2070	0.00	194	0	0	0	nan	0.00	0.03	3.96	88.04	93.41	0.00	37	0	42	0.00	0.00	58.17	7.36	0.00	0.00	2000
77	6.62	1138	2137	0.00	194	0	0	0	nan	0.00	0.02	1.99	92.95	93.38	0.00	37	0	42	0.00	0.00	60.68	7.63	0.00	0.00	2000
80	6.54	1224	2097	0.00	196	0	0	1	89.45	0.00	0.02	3.52	89.73	93.46	0.00	37	0	43	0.00	0.00	59.44	7.48	0.00	0.00	2000
74	6.66	1119	2080	0.10	194	0	0	2	91.80	0.00	0.02	3.11	89.28	93.34	0.00	37	0	42	0.00	0.00	57.04	7.14	0.00	0.00	2000
76	6.81	1117	2093	0.00	196	0	0	0	nan	0.01	0.05	3.03	89.80	93.19	0.00	37	0	42	0.00	0.00	58.66	7.28	0.00	0.00	2000
74	6.61	1114	2122	0.00	196	0	0	0	nan	0.00	0.02	3.39	91.02	93.39	0.00	37	0	42	0.00	0.00	61.88	7.68	0.00	0.00	2000
73	6.49	1137	2093	0.00	210	0	0	0	nan	0.00	0.02	2.72	90.47	93.51	0.00	37	0	43	0.00	0.00	56.28	7.44	0.00	0.00	2000
75	6.69	1124	2082	0.00	183	0	0	0	nan	0.00	0.00	4.88	87.66	93.31	0.00	37	0	42	0.00	0.00	57.49	7.31	0.00	0.00	2000
74	6.80	1069	2131	0.00	211	0	0	0	nan	0.00	0.00	4.70	89.87	93.20	0.00	37	0	43	0.00	0.00	61.77	7.80	0.00	0.00	2000
76	6.75	1121	2099	0.00	196	0	0	0	nan	0.00	0.02	3.62	89.61	93.25	0.00	37	0	43	0.00	0.00	57.90	7.49	0.00	0.00	2000
76	6.65	1147	2088	0.00	194	0	0	0	nan	0.00	0.00	3.76	89.05	93.35	0.00	37	0	42	0.00	0.00	59.71	7.30	0.00	0.00	2000
76	6.50	1162	2115	0.00	194	0	0	0	nan	0.00	0.00	4.10	89.92	93.50	0.00	37	0	42	0.00	0.00	56.94	7.75	0.00	0.00	2000
72	6.82	1076	2066	0.00	197	0	0	0	nan	0.00	0.00	3.31	88.43	93.18	0.00	37	0	42	0.00	0.00	57.54	7.28	0.00	0.00	2000
75	6.89	1067	2133	0.00	195	0	0	0	nan	0.00	0.00	4.91	89.56	93.11	0.00	37	0	42	0.00	0.00	62.41	7.99	0.00	0.00	2000
77	6.91	1125	2075	0.00	227	0	0	0	nan	0.00	0.00	3.68	88.28	93.09	0.00	37	0	42	0.00	0.00	57.80	7.24	0.00	0.00	2000
77	6.71	1144	2102	0.00	195	0	0	0	nan	0.00	0.05	3.48	89.86	93.29	0.00	37	0	42	0.00	0.00	54.66	7.05	0.00	0.00	2000
74	6.61	1112	2113	0.00	210	0	0	0	nan	0.00	0.00	4.61	89.30	93.39	0.00	37	0	43	0.00	0.00	64.31	7.86	0.00	0.00	2000
75	6.87	1086	2110	0.00	196	0	0	0	nan	0.00	0.02	3.67	89.97	93.13	0.00	37	0	42	0.00	0.00	59.06	7.49	0.00	0.00	2000
74	6.55	1139	2094	0.00	194	0	0	0	nan	0.00	0.02	3.33	89.79	93.45	0.00	37	0	42	0.00	0.00	56.66	7.19	0.00	0.00	2000
76	6.13	1251	2073	0.00	179	0	0	1	90.40	0.00	0.02	3.36	89.21	93.87	0.00	37	0	42	0.00	0.00	57.70	7.45	0.00	0.00	2000
75	6.87	1076	2128	0.08	212	0	0	2	89.13	0.00	0.00	4.07	90.32	93.13	0.00	37	0	42	0.00	0.00	62.21	8.10	0.00	0.00	2000
73	6.81	1081	2070	0.00	195	0	0	0	nan	0.00	0.00	3.36	88.41	93.19	0.00	37	0	42	0.00	0.00	56.75	7.08	0.00	0.00	2000
74	6.71	1097	2104	0.00	195	0	0	0	nan	0.00	0.03	2.24	91.19	93.29	0.00	37	0	42	0.00	0.00	58.72	7.28	0.00	0.00	2000
75	6.35	1169	2120	0.00	193	0	0	0	nan	0.00	0.04	1.82	92.64	93.65	0.00	37	0	42	0.00	0.00	61.53	7.83	0.00	0.00	2000
74	6.94	1079	2085	0.00	196	0	0	0	nan	0.00	0.02	2.87	89.64	93.06	0.00	37	0	43	0.00	0.00	58.22	7.48	0.00	0.00	2000
74	7.06	1042	2101	0.00	212	0	0	0	nan	0.00	0.02	3.27	89.82	92.94	0.00	37	0	43	0.00	0.00	56.67	7.05	0.00	0.00	2000
72	6.80	1070	2090	0.00	194	0	0	0	nan	0.00	0.00	3.79	88.91	93.20	0.00	37	0	42	0.00	0.00	59.33	7.45	0.00	0.00	2000
76	7.07	1077	2106	0.00	214	0	0	0	nan	0.00	0.02	3.04	90.14	92.93	0.00	37	0	43	0.00	0.00	58.93	7.46	0.00	0.00	2000
76	7.38	1020	2125	0.00	199	0	0	0	nan	0.00	0.00	4.75	88.94	92.62	0.00	37	0	42	0.00	0.00	61.79	7.81	0.00	0.00	2000
76	6.71	1123	2107	0.00	195	0	0	0	nan	0.00	0.00	4.08	89.58	93.29	0.00	37	0	42	0.00	0.00	57.46	7.09	0.00	0.00	2000
73	6.81	1077	2086	0.00	194	0	0	0	nan	0.00	0.00	3.66	88.97	93.19	0.00	37	0	42	0.00	0.00	58.80	7.49	0.00	0.00	2000
75	6.70	1108	2110	0.00	195	0	0	0	nan	0.00	0.00	4.30	89.44	93.30	0.00	37	0	43	0.00	0.00	59.15	7.47	0.00	0.00	2000
72	6.58	1106	2091	0.00	195	0	0	0	nan	0.00	0.00	3.72	89.26	93.42	0.00	37	0	42	0.00	0.00	58.55	7.40	0.00	0.00	2000
77	6.70	1141	2101	0.00	195	0	0	0	nan	0.00	0.02	4.03	89.33	93.30	0.00	37	0	42	0.00	0.00	59.12	7.47	0.00	0.00	2000
72	6.67	1090	2078	0.00	196	0	0	0	nan	0.00	0.00	3.77	88.54	93.33	0.00	37	0	43	0.00	0.00	57.39	7.27	0.00	0.00	2000
76	7.01	1065	2140	0.00	195	0	0	0	nan	0.00	0.00	2.62	92.18	92.99	0.00	37	0	42	0.00	0.00	61.96	7.84	0.00	0.00	2000
74	6.74	1101	2086	0.00	195	0	0	1	89.10	0.00	0.00	3.75	88.93	93.26	0.00	37	0	42	0.00	0.00	57.51	7.48	0.00	0.00	2000
75	6.54	1139	2109	0.10	196	0	0	2	90.59	0.00	0.00	4.48	89.33	93.46	0.00	37	0	42	0.00	0.00	59.14	7.54	0.00	0.00	2000
84	7.67	1111	2078	0.00	196	0	0	0	nan	0.00	0.02	4.64	86.78	92.33	0.00	37	0	42	0.00	0.00	59.98	7.38	0.00	0.00	2000
75	7.16	1046	2090	0.00	199	0	0	0	nan	0.00	0.00	2.15	90.34	92.84	0.00	37	0	42	0.00	0.00	59.18	7.41	0.00	0.00	2000
74	6.57	1105	2133	0.00	210	0	0	0	nan	0.00	0.00	4.15	90.81	93.43	0.00	37	0	42	0.00	0.00	59.14	7.57	0.00	0.00	2000
74	6.27	1195	2088	0.00	195	0	0	0	nan	0.00	0.01	3.36	89.66	93.73	0.00	37	0	42	0.00	0.00	58.76	7.35	0.00	0.00	2000
74	6.58	1129	2106	0.00	198	0	0	0	nan	0.03	0.04	4.50	89.16	93.42	0.00	37	0	42	0.00	0.00	59.50	7.58	0.00	0.00	2000
82	6.96	1182	2089	0.00	197	0	0	0	nan	0.00	0.00	5.08	87.45	93.04	0.00	37	0	42	0.00	0.00	59.83	7.45	0.00	0.00	2000
76	6.21	1222	2112	0.00	182	0	0	0	nan	0.00	0.00	4.61	89.68	93.79	0.00	37	0	42	0.00	0.00	58.48	7.54	0.00	0.00	2000
75	6.52	1155	2098	0.00	195	0	0	0	nan	0.00	0.00	3.29	90.07	93.48	0.00	37	0	43	0.00	0.00	61.42	7.84	0.00	0.00	2000
75	6.64	1125	2110	0.00	197	0	0	0	nan	0.00	0.02	3.53	90.27	93.36	0.00	37	0	42	0.00	0.00	58.65	7.38	0.00	0.00	2000
75	6.53	1144	2101	0.00	197	0	0	0	nan	0.00	0.00	3.92	89.45	93.47	0.00	37	0	43	0.00	0.00	58.48	7.37	0.00	0.00	2000
74	6.80	1091	2097	0.00	194	0	0	0	nan	0.00	0.03	3.90	89.16	93.20	0.00	37	0	42	0.00	0.00	59.83	7.50	0.00	0.00	2000
77	6.92	1105	2104	0.00	197	0	0	0	nan	0.00	0.01	4.27	88.93	93.08	0.00	37	0	42	0.00	0.00	59.14	7.39	0.00	0.00	2000
74	6.53	1133	2095	0.00	195	0	0	0	nan	0.00	0.00	4.10	89.08	93.47	0.00	37	0	42	0.00	0.00	57.27	7.05	0.00	0.00	2000
73	6.62	1121	2074	0.00	194	0	0	0	nan	0.00	0.02	3.06	88.88	93.38	0.00	37	0	42	0.00	0.00	57.47	7.41	0.00	0.00	2000
73	6.36	1150	2111	0.00	194	0	0	0	nan	0.00	0.00	2.41	91.74	93.64	0.00	37	0	42	0.00	0.00	61.40	7.82	0.00	0.00	2000
75	6.74	1107	2120	0.00	196	0	0	1	90.62	0.00	0.02	2.99	91.14	93.26	0.00	37	0	42	0.00	0.00	59.75	7.73	0.00	0.00	2000
79	7.27	1079	2104	0.30	212	0	0	2	86.55	0.00	0.00	7.57	85.48	92.73	0.00	37	0	42	0.00	0.00	57.52	7.61	0.00	0.00	2000
74	6.45	1156	2089	0.01	195	0	0	0	nan	0.00	0.00	3.65	89.35	93.55	0.00	37	0	42	0.00	0.00	58.35	7.29	0.00	0.00	2000
75	6.11	1215	2110	0.00	194	0	0	0	nan	0.00	0.00	3.71	90.55	93.89	0.00	37	0	42	0.00	0.00	58.11	7.51	0.00	0.00	2000
73	6.45	1153	2070	0.00	179	0	0	0	nan	0.00	0.01	3.05	89.05	93.55	0.00	37	0	43	0.00	0.00	60.30	7.67	0.00	0.00	2000
74	6.81	1071	2129	0.00	210	0	0	0	nan	0.00	0.00	3.91	90.55	93.19	0.00	37	0	42	0.00	0.00	57.38	7.33	0.00	0.00	2000
76	6.89	1108	2089	0.00	195	0	0	0	nan	0.00	0.01	4.04	88.61	93.11	0.00	37	0	43	0.00	0.00	60.80	7.71	0.00	0.00	2000
74	6.68	1105	2108	0.00	195	0	0	0	nan	0.00	0.00	4.29	89.43	93.32	0.00	37	0	42	0.00	0.00	58.61	7.35	0.00	0.00	2000
106	7.91	1346	2089	0.00	208	0	0	0	nan	0.00	0.00	7.44	84.25	92.09	0.00	37	0	42	0.00	0.00	59.78	7.43	0.00	0.00	2000
75	6.64	1128	2107	0.00	195	0	0	0	nan	0.00	0.00	4.58	89.14	93.36	0.00	37	0	42	0.00	0.00	56.22	7.36	0.00	0.00	2000
75	6.98	1084	2091	0.00	198	0	0	0	nan	0.01	0.00	4.50	88.05	93.02	0.00	37	0	42	0.00	0.00	60.57	7.64	0.00	0.00	2000
151	8.82	1705	2106	0.00	206	0	0	0	nan	0.00	0.01	5.32	86.08	91.18	0.00	37	0	43	0.00	0.00	59.62	7.21	0.00	0.00	2000
222	10.55	2132	2069	0.00	199	0	0	0	nan	0.00	0.00	5.69	82.39	89.45	0.00	37	0	42	0.00	0.00	64.37	7.51	0.00	0.00	2000
234	10.93	2091	2147	0.00	197	0	0	0	nan	0.00	0.00	3.32	87.79	89.07	0.00	37	0	42	0.00	0.00	67.67	7.85	0.00	0.00	2000
229	10.83	2124	2091	0.00	195	0	0	0	nan	0.00	0.00	3.87	85.01	89.17	0.00	37	0	42	0.00	0.00	66.99	7.99	0.00	0.00	2000
226	10.93	2103	2066	0.00	197	0	0	0	nan	0.00	0.05	3.66	84.09	89.07	0.00	37	0	42	0.00	0.00	63.01	7.50	0.00	0.00	2000
231	11.12	2066	2112	0.00	196	0	0	0	nan	0.00	0.03	2.64	86.89	88.88	0.00	37	0	42	0.00	0.00	66.68	7.89	0.00	0.00	2000
230	10.90	2098	2116	0.00	210	0	0	1	63.55	0.00	0.01	2.79	87.04	89.10	0.00	38	0	42	0.00	0.00	68.59	7.99	0.00	0.00	2000
230	10.80	2125	2106	0.43	210	0	0	11	47.30	0.00	0.02	2.74	86.70	89.20	0.00	38	0	43	0.00	0.00	65.48	7.62	0.00	0.00	2000
228	11.02	2076	2095	0.00	195	0	0	0	nan	0.00	0.00	3.66	85.21	88.98	0.00	37	0	42	0.00	0.00	65.90	7.79	0.00	0.00	2000
228	10.94	2094	2089	0.00	194	0	0	0	nan	0.00	0.00	4.30	84.33	89.06	0.00	38	0	42	0.00	0.00	63.40	7.57	0.00	0.00	2000
227	10.99	2078	2090	0.00	195	0	0	0	nan	0.01	0.00	3.78	84.86	89.01	0.00	38	0	42	0.00	0.00	65.36	7.63	0.00	0.00	2000
228	10.90	2113	2080	0.00	201	0	0	0	nan	0.01	0.00	4.57	83.76	89.10	0.00	39	0	42	0.00	0.00	57.05	6.90	0.00	0.00	2000
263	13.63	1911	2122	0.00	290	0	0	0	nan	0.00	0.00	8.01	79.31	86.37	0.00	38	0	43	0.00	0.00	77.70	9.03	0.00	0.00	2000
98	7.59	1297	2099	0.00	248	0	0	0	nan	0.00	0.04	5.22	87.17	92.41	0.00	37	0	42	0.00	0.00	59.01	7.45	0.00	0.00	2000
76	6.67	1126	2113	0.00	194	0	0	0	nan	0.00	0.00	2.05	91.74	93.33	0.00	37	0	42	0.00	0.00	58.28	7.45	0.00	0.00	2000
124	8.36	1470	2122	0.00	65	0	0	0	nan	0.00	0.08	9.70	82.94	91.64	0.00	37	0	43	0.00	0.00	63.09	7.73	0.00	0.00	2000
