Avg_MHz	Busy%	Bzy_MHz	TSC_MHz	IPC	IRQ	NMI	SMI	LLCMRPS	LLC%hit	POLL%	C1%	C1E%	C6%	CPU%c1	CPU%c6	CoreTmp	CoreThr	PkgTmp	Pkg%pc2	Pkg%pc6	PkgWatt	RAMWatt	PKG_%	RAM_%	UncMHz
183	10.28	1657	2257	0.00	259	0	0	0	nan	0.00	1.09	29.31	66.16	89.72	0.00	37	0	42	0.00	0.00	70.44	8.59	0.00	0.00	2000
447	20.26	2217	2092	0.00	197	0	0	0	nan	0.01	1.26	10.85	67.57	79.74	0.00	37	0	42	0.00	0.00	67.81	7.73	0.00	0.00	2000
350	16.71	2091	2102	0.00	252	0	0	0	nan	0.00	0.81	23.46	59.27	83.29	0.00	37	0	42	0.00	0.00	64.09	7.58	0.00	0.00	2000
77	6.82	1117	2116	0.00	209	0	0	0	nan	0.00	0.00	3.66	90.21	93.18	0.00	37	0	42	0.00	0.00	59.05	7.50	0.00	0.00	2000
74	6.67	1107	2105	0.00	193	0	0	0	nan	0.00	0.00	3.54	89.93	93.33	0.00	37	0	42	0.00	0.00	57.52	7.47	0.00	0.00	2000
73	6.65	1096	2099	0.00	193	0	0	0	nan	0.00	0.00	3.44	90.00	93.35	0.00	37	0	42	0.00	0.00	58.26	7.65	0.00	0.00	2000
73	6.60	1112	2089	0.00	195	0	0	0	nan	0.00	0.01	2.94	89.97	93.40	0.00	37	0	42	0.00	0.00	58.67	7.60	0.00	0.00	2000
73	6.68	1084	2113	0.00	193	0	0	0	nan	0.00	0.02	2.64	91.20	93.32	0.00	37	0	42	0.00	0.00	60.66	7.95	0.00	0.00	2000
74	6.50	1144	2091	0.00	198	0	0	0	nan	0.00	0.00	3.56	89.44	93.50	0.00	37	0	42	0.00	0.00	56.37	7.30	0.00	0.00	2000
72	6.77	1069	2076	0.00	194	0	0	0	nan	0.00	0.00	2.40	89.69	93.23	0.00	37	0	42	0.00	0.00	60.52	7.84	0.00	0.00	2000
74	6.59	1106	2133	0.00	194	0	0	0	nan	0.00	0.00	3.73	91.04	93.41	0.00	37	0	42	0.00	0.00	59.94	7.76	0.00	0.00	2000
73	6.18	1182	2088	0.00	193	0	0	0	nan	0.00	0.01	2.68	90.53	93.82	0.00	37	0	42	0.00	0.00	56.88	7.33	0.00	0.00	2000
72	6.78	1077	2082	0.00	194	0	0	0	nan	0.00	0.00	2.51	90.03	93.22	0.00	37	0	42	0.00	0.00	56.79	7.27	0.00	0.00	2000
73	6.66	1082	2125	0.00	209	0	0	0	nan	0.00	0.03	3.66	90.80	93.34	0.00	37	0	42	0.00	0.00	62.04	8.05	0.00	0.00	2000
74	6.71	1110	2098	0.00	194	0	0	0	nan	0.00	0.02	3.64	89.57	93.29	0.00	37	0	42	0.00	0.00	58.50	7.37	0.00	0.00	2000
72	6.40	1128	2108	0.00	178	0	0	1	86.72	0.00	0.00	3.33	90.71	93.60	0.00	37	0	42	0.00	0.00	57.52	7.29	0.00	0.00	2000
73	6.03	1213	2092	0.30	193	0	0	1	88.05	0.00	0.02	3.02	90.41	93.97	0.00	37	0	42	0.00	0.00	59.56	7.59	0.00	0.00	2000
73	6.51	1111	2107	0.06	194	0	0	0	nan	0.00	0.02	2.95	90.81	93.49	0.00	37	0	42	0.00	0.00	56.95	7.29	0.00	0.00	2000
110	8.50	1373	1984	0.00	205	0	0	0	nan	0.00	0.23	3.17	83.14	91.50	0.00	37	0	42	0.00	0.00	55.56	7.12	0.00	0.00	2000
236	10.47	2120	2232	0.00	232	0	0	0	nan	0.00	0.52	7.19	87.59	89.53	0.00	38	0	42	0.00	0.00	72.58	8.56	0.00	0.00	2000
230	11.01	2090	2098	0.00	198	0	0	0	nan	0.00	0.00	6.19	82.76	88.99	0.00	38	0	42	0.00	0.00	64.75	7.66	0.00	0.00	2000
227	11.30	2021	2090	0.00	198	0	0	0	nan	0.00	0.00	6.29	82.09	88.70	0.00	38	0	42	0.00	0.00	63.73	7.46	0.00	0.00	2000
230	11.35	2025	2099	0.00	200	0	0	0	nan	0.00	0.00	6.14	82.50	88.65	0.00	38	0	43	0.00	0.00	64.86	7.55	0.00	0.00	2000
228	11.02	2086	2082	0.00	197	0	0	0	nan	0.00	0.00	4.17	84.12	88.98	0.00	38	0	42	0.00	0.00	65.74	7.97	0.00	0.00	2000
234	11.22	2068	2120	0.00	194	0	0	0	nan	0.00	0.00	3.11	86.59	88.78	0.00	38	0	42	0.00	0.00	65.87	8.09	0.00	0.00	2000
228	10.99	2068	2110	0.00	194	0	0	0	nan	0.00	0.00	3.29	86.12	89.01	0.00	37	0	42	0.00	0.00	65.43	7.94	0.00	0.00	2000
225	10.73	2099	2095	0.00	194	0	0	0	nan	0.00	0.00	2.22	86.88	89.27	0.00	38	0	42	0.00	0.00	66.11	8.10	0.00	0.00	2000
224	10.69	2085	2106	0.00	196	0	0	0	nan	0.00	0.00	3.38	86.24	89.31	0.00	39	0	42	0.00	0.00	66.31	7.96	0.00	0.00	2000
225	10.42	2173	2084	0.00	197	0	0	0	nan	0.00	0.00	3.82	84.89	89.58	0.00	39	0	42	0.00	0.00	63.78	7.25	0.00	0.00	2000
222	10.56	2083	2119	0.00	195	0	0	0	nan	0.00	0.04	2.69	87.52	89.44	0.00	39	0	42	0.00	0.00	65.62	7.51	0.00	0.00	2000
257	12.80	2040	2065	0.00	198	0	0	0	nan	0.00	0.00	3.67	82.16	87.20	0.00	39	0	42	0.00	0.00	63.32	7.39	0.00	0.00	2000
221	10.82	2063	2084	0.00	195	0	0	0	nan	0.00	0.00	3.38	85.18	89.18	0.00	39	0	42	0.00	0.00	64.63	7.47	0.00	0.00	2000
215	10.75	2108	1996	0.00	194	0	0	6	97.30	0.00	0.00	2.65	82.22	89.25	0.00	40	0	42	0.00	0.00	60.17	6.99	0.00	0.00	2000
227	10.21	2099	2225	0.63	212	0	0	17	85.57	0.00	0.00	3.24	91.97	89.79	0.00	40	0	42	0.00	0.00	70.53	8.30	0.00	0.00	2000
219	11.30	2041	1996	0.00	198	0	0	0	nan	0.00	0.00	3.93	80.49	88.70	0.00	40	0	42	0.00	0.00	60.28	7.09	0.00	0.00	2000
226	10.68	2015	2208	0.00	213	0	0	0	nan	0.00	0.00	2.79	91.17	89.32	0.00	40	0	42	0.00	0.00	70.44	8.22	0.00	0.00	2000
222	10.56	2078	2128	0.00	195	0	0	0	nan	0.00	0.02	3.01	87.59	89.44	0.00	40	0	42	0.00	0.00	64.98	7.46	0.00	0.00	2000
224	10.90	2094	2056	0.00	220	0	0	0	nan	0.00	0.02	5.38	81.88	89.10	0.00	40	0	42	0.00	0.00	65.60	7.67	0.00	0.00	2000
223	10.67	2049	2140	0.00	200	0	0	0	nan	0.00	0.02	6.14	84.95	89.33	0.00	40	0	43	0.00	0.00	64.83	7.53	0.00	0.00	2000
222	10.74	2092	2079	0.00	202	0	0	0	nan	0.00	0.00	5.81	82.57	89.26	0.00	40	0	42	0.00	0.00	65.30	7.56	0.00	0.00	2000
225	10.65	2070	2139	0.00	200	0	0	0	nan	0.00	0.02	5.07	86.02	89.35	0.00	39	0	42	0.00	0.00	64.94	8.06	0.00	0.00	2000
223	10.94	2041	2095	0.00	199	0	0	0	nan	0.00	0.00	5.25	83.66	89.06	0.00	39	0	42	0.00	0.00	65.36	8.03	0.00	0.00	2000
224	11.15	2008	2103	0.00	203	0	0	0	nan	0.00	0.05	4.80	84.31	88.85	0.00	40	0	42	0.00	0.00	64.92	7.84	0.00	0.00	2000
224	11.05	2024	2106	0.00	198	0	0	0	nan	0.00	0.04	4.21	85.11	88.95	0.00	39	0	42	0.00	0.00	66.23	7.57	0.00	0.00	2000
220	10.75	2051	2095	0.00	200	0	0	0	nan	0.00	0.00	4.33	84.75	89.25	0.00	40	0	42	0.00	0.00	64.67	7.50	0.00	0.00	2000
222	10.85	2076	2074	0.00	199	0	0	0	nan	0.00	0.06	2.99	85.11	89.15	0.00	40	0	42	0.00	0.00	64.91	7.60	0.00	0.00	2000
222	10.55	2103	2102	0.00	199	0	0	0	nan	0.00	0.03	3.48	86.14	89.45	0.00	40	0	42	0.00	0.00	65.08	7.57	0.00	0.00	2000
224	10.51	2115	2114	0.00	204	0	0	0	nan	0.00	0.99	5.54	83.65	89.49	0.00	40	0	42	0.00	0.00	65.46	7.46	0.00	0.00	2000
221	11.16	2005	2070	0.00	236	0	0	0	nan	0.00	0.00	7.10	80.55	88.84	0.00	39	0	42	0.00	0.00	65.06	7.59	0.00	0.00	2000
224	10.58	2063	2155	0.00	202	0	0	6	73.21	0.00	0.00	6.22	85.66	89.42	0.00	40	0	42	0.00	0.00	66.74	8.01	0.00	0.00	2000
223	10.68	2087	2101	0.82	199	0	0	8	87.04	0.00	0.00	5.34	83.99	89.32	0.00	40	0	42	0.00	0.00	66.58	7.89	0.00	0.00	2000
223	11.27	2066	2010	0.00	199	0	0	0	nan	0.00	0.02	5.01	80.00	88.73	0.00	40	0	43	0.00	0.00	60.36	7.18	0.00	0.00	2000
225	10.45	2093	2162	0.00	204	0	0	0	nan	0.00	0.02	5.57	86.64	89.55	0.00	40	0	42	0.00	0.00	67.84	8.09	0.00	0.00	2000
223	10.58	2075	2134	0.00	198	0	0	0	nan	0.00	0.00	5.19	85.78	89.42	0.00	40	0	42	0.00	0.00	66.41	7.83	0.00	0.00	2000
222	10.89	2075	2061	0.00	199	0	0	0	nan	0.00	0.02	5.00	82.52	89.11	0.00	40	0	42	0.00	0.00	63.81	7.78	0.00	0.00	2000
223	10.86	2021	2130	0.00	199	0	0	0	nan	0.00	0.00	4.57	85.95	89.14	0.00	40	0	43	0.00	0.00	65.65	7.79	0.00	0.00	2000
224	10.94	2043	2101	0.00	220	0	0	0	nan	0.00	0.00	3.53	85.57	89.06	0.00	40	0	42	0.00	0.00	65.78	7.88	0.00	0.00	2000
222	10.92	2030	2105	0.00	198	0	0	0	nan	0.00	0.00	6.10	83.30	89.08	0.00	40	0	42	0.00	0.00	66.50	7.78	0.00	0.00	2000
221	10.52	2103	2095	0.00	198	0	0	0	nan	0.00	0.00	5.49	83.78	89.48	0.00	40	0	42	0.00	0.00	65.19	7.56	0.00	0.00	2000
219	11.11	2065	2003	0.00	198	0	0	0	nan	0.00	0.02	4.56	80.31	88.89	0.00	40	0	42	0.00	0.00	60.61	7.18	0.00	0.00	2000
218	10.49	2035	2145	0.00	200	0	0	0	nan	0.00	0.00	5.87	85.62	89.51	0.00	37	0	42	0.00	0.00	65.82	7.98	0.00	0.00	2000
341	16.04	2294	1946	0.00	212	0	0	0	nan	0.00	0.07	2.58	75.29	83.96	0.00	38	0	42	0.00	0.00	59.92	6.89	0.00	0.00	2000
251	10.40	2176	2325	0.00	378	0	0	0	nan	0.00	1.24	9.16	88.99	89.60	0.00	37	0	42	0.00	0.00	74.52	8.69	0.00	0.00	2000
233	11.26	2052	2114	0.00	195	0	0	0	nan	0.00	0.00	5.04	84.34	88.74	0.00	38	0	42	0.00	0.00	68.28	8.07	0.00	0.00	2000
211	10.61	2014	2071	0.00	212	0	0	0	nan	0.00	0.00	5.38	82.84	89.39	0.00	37	0	42	0.00	0.00	62.63	7.58	0.00	0.00	2000
114	8.45	1333	2127	0.00	225	0	0	0	nan	0.00	0.05	10.22	82.46	91.55	0.00	38	0	42	0.00	0.00	60.09	7.67	0.00	0.00	2000
78	7.14	1098	2102	0.27	209	0	0	2	77.06	0.00	0.02	3.65	89.28	92.86	0.00	37	0	42	0.00	0.00	57.85	7.67	0.00	0.00	2000
73	6.68	1096	2105	0.21	193	0	0	0	nan	0.00	0.00	3.86	89.75	93.32	0.00	37	0	42	0.00	0.00	58.83	7.68	0.00	0.00	2000
148	10.29	1431	2108	0.00	51	0	0	0	nan	0.00	0.00	17.59	72.66	89.71	0.00	37	0	42	0.00	0.00	61.18	7.67	0.00	0.00	2000
