Avg_MHz	Busy%	Bzy_MHz	TSC_MHz	IPC	IRQ	NMI	SMI	LLCMRPS	LLC%hit	POLL%	C1%	C1E%	C6%	CPU%c1	CPU%c6	CoreTmp	CoreThr	PkgTmp	Pkg%pc2	Pkg%pc6	PkgWatt	RAMWatt	PKG_%	RAM_%	UncMHz
422	19.86	2071	2156	0.00	246	0	0	0	nan	0.01	0.62	42.67	39.15	80.14	0.00	37	0	42	0.00	0.00	68.21	8.20	0.00	0.00	2000
361	18.10	1999	2094	0.00	231	0	0	0	nan	0.01	0.64	22.47	58.58	81.90	0.00	37	0	42	0.00	0.00	65.90	7.68	0.00	0.00	2000
78	6.90	1130	2109	0.00	198	0	0	0	nan	0.00	0.00	5.18	88.32	93.10	0.00	37	0	42	0.00	0.00	59.36	7.65	0.00	0.00	2000
74	6.78	1083	2123	0.00	211	0	0	0	nan	0.00	0.04	4.07	90.11	93.22	0.00	37	0	42	0.00	0.00	59.10	7.45	0.00	0.00	2000
73	6.98	1046	2104	0.00	193	0	0	0	nan	0.00	0.00	3.66	89.65	93.02	0.00	37	0	42	0.00	0.00	58.42	7.23	0.00	0.00	2000
72	6.95	1033	2110	0.00	193	0	0	0	nan	0.00	0.00	3.72	89.90	93.05	0.00	37	0	42	0.00	0.00	57.27	7.31	0.00	0.00	2000
74	6.61	1124	2099	0.00	194	0	0	0	nan	0.00	0.01	3.44	89.90	93.39	0.00	37	0	42	0.00	0.00	57.74	7.60	0.00	0.00	2000
73	6.73	1098	2084	0.00	193	0	0	0	nan	0.00	0.00	4.16	88.37	93.27	0.00	37	0	42	0.00	0.00	56.06	7.01	0.00	0.00	2000
74	6.49	1131	2116	0.00	194	0	0	0	nan	0.00	0.00	4.51	89.76	93.51	0.00	37	0	42	0.00	0.00	61.47	7.80	0.00	0.00	2000
73	6.18	1180	2099	0.00	193	0	0	0	nan	0.00	0.00	3.12	90.48	93.82	0.00	37	0	42	0.00	0.00	56.10	7.03	0.00	0.00	2000
74	6.44	1143	2099	0.00	194	0	0	0	nan	0.00	0.00	3.60	89.78	93.56	0.00	37	0	42	0.00	0.00	60.87	7.63	0.00	0.00	2000
72	6.50	1109	2103	0.00	193	0	0	0	nan	0.00	0.00	3.69	89.91	93.50	0.00	37	0	42	0.00	0.00	55.85	7.17	0.00	0.00	2000
73	6.70	1087	2101	0.00	194	0	0	0	nan	0.00	0.00	3.12	90.24	93.30	0.00	37	0	42	0.00	0.00	59.73	7.74	0.00	0.00	2000
73	6.19	1189	2093	0.00	178	0	0	0	nan	0.00	0.00	2.98	90.42	93.81	0.00	37	0	42	0.00	0.00	57.28	7.18	0.00	0.00	2000
74	6.77	1095	2095	0.00	210	0	0	0	nan	0.00	0.02	3.43	89.55	93.23	0.00	36	0	42	0.00	0.00	57.71	7.56	0.00	0.00	2000
71	6.57	1094	2087	0.00	194	0	0	0	95.75	0.00	0.00	3.69	89.12	93.43	0.00	37	0	42	0.00	0.00	58.29	7.35	0.00	0.00	2000
74	6.70	1100	2116	0.30	193	0	0	1	82.85	0.00	0.04	4.29	89.61	93.30	0.00	37	0	42	0.00	0.00	58.97	7.50	0.00	0.00	2000
72	6.57	1096	2110	0.12	193	0	0	0	nan	0.00	0.00	3.73	90.20	93.43	0.00	36	0	42	0.00	0.00	58.36	7.63	0.00	0.00	2000
189	9.51	2005	2081	0.00	216	0	0	0	nan	0.00	0.02	4.64	85.08	90.49	0.00	38	0	42	0.00	0.00	64.08	7.52	0.00	0.00	2000
234	10.96	2118	2115	0.00	214	0	0	0	nan	0.00	0.01	4.25	85.51	89.04	0.00	40	0	42	0.00	0.00	65.62	7.44	0.00	0.00	2000
238	11.13	2137	2099	0.00	203	0	0	0	nan	0.00	0.01	3.23	85.66	88.87	0.00	40	0	42	0.00	0.00	64.90	7.52	0.00	0.00	2000
225	10.71	2130	2075	0.00	203	0	0	0	nan	0.00	0.00	2.88	85.37	89.29	0.00	40	0	42	0.00	0.00	64.38	7.22	0.00	0.00	2000
237	11.22	2086	2125	0.00	211	0	0	0	nan	0.00	0.02	6.00	83.81	88.78	0.00	38	0	42	0.00	0.00	63.84	7.62	0.00	0.00	2000
226	10.94	2078	2088	0.00	202	0	0	0	nan	0.00	0.00	7.20	81.32	89.06	0.00	39	0	42	0.00	0.00	64.85	7.98	0.00	0.00	2000
224	10.96	2036	2108	0.00	200	0	0	0	nan	0.00	0.00	6.59	82.82	89.04	0.00	37	0	42	0.00	0.00	67.38	7.69	0.00	0.00	2000
232	11.21	2062	2106	0.00	198	0	0	0	nan	0.00	0.02	6.62	82.50	88.79	0.00	37	0	42	0.00	0.00	64.41	8.21	0.00	0.00	2000
228	11.01	2111	2058	0.00	198	0	0	0	nan	0.00	0.00	4.68	82.62	88.99	0.00	37	0	42	0.00	0.00	64.53	7.62	0.00	0.00	2000
232	11.20	2039	2136	0.00	199	0	0	0	nan	0.00	0.01	5.01	85.50	88.80	0.00	37	0	42	0.00	0.00	64.77	7.46	0.00	0.00	2000
227	10.89	2105	2076	0.00	199	0	0	0	nan	0.00	0.01	3.22	84.90	89.11	0.00	37	0	42	0.00	0.00	63.56	7.28	0.00	0.00	2000
238	11.15	2095	2138	0.00	204	0	0	0	nan	0.00	0.55	2.78	87.17	88.85	0.00	37	0	42	0.00	0.00	66.60	7.53	0.00	0.00	2000
230	11.30	2078	2052	0.00	194	0	0	0	nan	0.00	0.06	4.03	82.72	88.70	0.00	38	0	42	0.00	0.00	62.63	7.13	0.00	0.00	2000
226	10.88	2072	2105	0.00	217	0	0	0	nan	0.00	0.49	5.41	83.48	89.12	0.00	38	0	42	0.00	0.00	66.40	7.60	0.00	0.00	2000
229	10.94	2086	2108	0.00	197	0	0	1	89.08	0.00	0.97	4.50	84.00	89.06	0.00	38	0	42	0.00	0.00	64.76	7.40	0.00	0.00	2000
236	11.37	2083	2094	0.62	196	0	0	16	87.78	0.00	0.00	4.35	84.15	88.63	0.00	38	0	42	0.00	0.00	62.34	6.96	0.00	0.00	2000
232	11.00	2072	2135	0.00	218	0	0	0	nan	0.01	0.00	5.92	84.61	89.00	0.00	38	0	42	0.00	0.00	67.40	7.64	0.00	0.00	2000
227	11.22	2032	2093	0.00	195	0	0	0	nan	0.00	0.01	6.98	81.62	88.78	0.00	38	0	42	0.00	0.00	65.19	7.30	0.00	0.00	2000
232	11.16	2076	2099	0.00	199	0	0	0	nan	0.00	0.00	6.39	82.51	88.84	0.00	39	0	42	0.00	0.00	66.31	7.64	0.00	0.00	2000
229	11.20	2044	2102	0.00	199	0	0	0	nan	0.00	0.00	6.28	82.68	88.80	0.00	39	0	42	0.00	0.00	64.93	7.43	0.00	0.00	2000
232	10.98	2110	2102	0.00	198	0	0	0	nan	0.00	0.00	5.94	83.17	89.02	0.00	38	0	42	0.00	0.00	64.83	7.51	0.00	0.00	2000
233	11.15	2088	2099	0.00	199	0	0	0	nan	0.00	0.00	4.95	83.94	88.85	0.00	37	0	42	0.00	0.00	65.33	7.39	0.00	0.00	2000
230	11.29	2028	2110	0.00	194	0	0	0	nan	0.00	0.00	4.01	85.22	88.71	0.00	38	0	42	0.00	0.00	63.60	7.38	0.00	0.00	2000
232	11.42	2032	2099	0.00	196	0	0	0	nan	0.00	0.00	3.68	85.02	88.58	0.00	37	0	42	0.00	0.00	66.59	7.78	0.00	0.00	2000
229	10.92	2100	2098	0.00	194	0	0	0	nan	0.00	0.00	3.83	85.13	89.08	0.00	38	0	42	0.00	0.00	64.57	7.60	0.00	0.00	2000
230	11.08	2079	2094	0.00	198	0	0	0	nan	0.00	0.00	4.75	83.97	88.92	0.00	38	0	42	0.00	0.00	65.31	7.70	0.00	0.00	2000
227	10.81	2132	2070	0.00	196	0	0	0	nan	0.00	0.00	3.61	84.31	89.19	0.00	38	0	42	0.00	0.00	63.40	7.37	0.00	0.00	2000
235	10.94	2106	2141	0.00	193	0	0	0	nan	0.00	0.02	2.54	88.23	89.06	0.00	38	0	42	0.00	0.00	66.25	7.69	0.00	0.00	2000
227	11.03	2074	2085	0.00	194	0	0	0	nan	0.02	0.00	3.27	85.03	88.97	0.00	39	0	42	0.00	0.00	65.44	7.40	0.00	0.00	2000
225	10.67	2118	2087	0.00	196	0	0	0	nan	0.00	0.03	1.53	87.32	89.33	0.00	39	0	42	0.00	0.00	62.70	7.14	0.00	0.00	2000
233	11.15	2109	2084	0.00	195	0	0	0	nan	0.00	0.00	1.92	86.20	88.85	0.00	39	0	42	0.00	0.00	64.26	7.13	0.00	0.00	2000
226	10.68	2104	2108	0.00	211	0	0	0	90.79	0.00	0.02	2.57	87.03	89.32	0.00	39	0	42	0.00	0.00	65.65	7.66	0.00	0.00	2000
234	11.22	2099	2089	0.61	195	0	0	26	88.97	0.00	0.00	2.16	86.16	88.78	0.00	38	0	42	0.00	0.00	64.06	7.43	0.00	0.00	2000
235	11.34	2040	2138	0.00	227	0	0	0	nan	0.00	0.02	7.44	82.95	88.66	0.00	38	0	42	0.00	0.00	68.60	8.08	0.00	0.00	2000
228	10.89	2106	2083	0.00	196	0	0	0	nan	0.00	0.00	4.00	84.43	89.11	0.00	39	0	42	0.00	0.00	64.55	7.58	0.00	0.00	2000
234	11.35	2034	2127	0.00	195	0	0	0	nan	0.00	0.00	4.29	85.50	88.65	0.00	38	0	42	0.00	0.00	64.37	7.48	0.00	0.00	2000
230	11.02	2085	2100	0.00	194	0	0	0	nan	0.00	0.00	3.04	85.91	88.98	0.00	39	0	42	0.00	0.00	65.56	7.46	0.00	0.00	2000
231	11.26	2049	2102	0.00	194	0	0	0	nan	0.00	0.00	3.63	85.24	88.74	0.00	38	0	42	0.00	0.00	62.85	7.76	0.00	0.00	2000
231	11.16	2071	2097	0.00	195	0	0	0	nan	0.00	0.00	3.97	84.75	88.84	0.00	38	0	42	0.00	0.00	66.55	7.43	0.00	0.00	2000
229	11.02	2080	2099	0.00	194	0	0	0	nan	0.00	0.00	3.43	85.51	88.98	0.00	38	0	42	0.00	0.00	65.38	7.66	0.00	0.00	2000
231	11.16	2064	2108	0.00	194	0	0	0	nan	0.00	0.00	3.29	85.93	88.84	0.00	39	0	42	0.00	0.00	65.99	7.66	0.00	0.00	2000
224	11.08	2081	2042	0.00	196	0	0	0	nan	0.00	0.00	2.87	83.69	88.92	0.00	39	0	42	0.00	0.00	59.61	6.86	0.00	0.00	2000
220	11.98	2038	1893	0.00	195	0	0	0	nan	0.00	0.01	3.22	76.15	88.02	0.00	38	0	42	0.00	0.00	60.04	7.10	0.00	0.00	2000
232	9.98	2004	2439	0.00	260	0	0	0	nan	0.00	0.02	3.16	101.41	90.02	0.00	39	0	42	0.00	0.00	73.93	8.53	0.00	0.00	2000
397	17.53	2290	2078	0.00	225	0	0	0	nan	0.00	0.03	7.57	74.14	82.47	0.00	38	0	42	0.00	0.00	67.05	7.70	0.00	0.00	2000
237	11.23	2112	2095	0.00	200	0	0	0	nan	0.01	0.02	3.62	85.03	88.77	0.00	39	0	42	0.00	0.00	65.23	7.58	0.00	0.00	2000
238	11.05	2114	2135	0.00	197	0	0	0	nan	0.00	0.00	2.91	87.49	88.95	0.00	39	0	42	0.00	0.00	66.52	7.66	0.00	0.00	2000
225	11.13	2031	2087	0.00	194	0	0	0	nan	0.00	0.02	3.70	84.70	88.87	0.00	39	0	42	0.00	0.00	64.67	7.60	0.00	0.00	2000
230	10.89	2108	2103	0.00	194	0	0	1	87.27	0.00	0.01	3.10	86.12	89.11	0.00	39	0	42	0.00	0.00	65.90	7.71	0.00	0.00	2000
226	11.13	2067	2063	0.54	195	0	0	2	89.60	0.00	0.00	4.18	83.21	88.87	0.00	39	0	42	0.00	0.00	62.71	7.26	0.00	0.00	2000
232	11.04	2068	2138	0.00	195	0	0	0	nan	0.00	0.00	3.09	87.55	88.96	0.00	39	0	42	0.00	0.00	65.90	7.43	0.00	0.00	2000
227	11.17	2030	2100	0.00	194	0	0	0	nan	0.00	0.01	3.45	85.41	88.83	0.00	40	0	42	0.00	0.00	64.96	7.44	0.00	0.00	2000
229	11.10	2058	2102	0.00	194	0	0	0	nan	0.00	0.01	3.07	85.95	88.90	0.00	39	0	42	0.00	0.00	64.83	7.42	0.00	0.00	2000
228	11.11	2055	2100	0.00	194	0	0	0	nan	0.00	0.00	3.72	85.21	88.89	0.00	39	0	42	0.00	0.00	64.79	7.51	0.00	0.00	2000
228	11.01	2085	2087	0.00	197	0	0	0	nan	0.00	0.00	3.76	84.78	88.99	0.00	39	0	42	0.00	0.00	61.86	7.41	0.00	0.00	2000
228	11.36	1997	2111	0.00	194	0	0	0	nan	0.00	0.00	3.67	85.52	88.64	0.00	39	0	42	0.00	0.00	67.85	7.45	0.00	0.00	2000
230	11.08	2076	2101	0.00	195	0	0	0	nan	0.00	0.00	3.32	85.75	88.92	0.00	40	0	42	0.00	0.00	61.29	7.11	0.00	0.00	2000
225	11.05	2037	2099	0.00	193	0	0	0	nan	0.00	0.00	4.04	84.95	88.95	0.00	40	0	42	0.00	0.00	64.93	7.54	0.00	0.00	2000
230	10.81	2123	2100	0.00	196	0	0	0	nan	0.00	0.00	4.58	84.61	89.19	0.00	39	0	42	0.00	0.00	65.11	7.70	0.00	0.00	2000
232	11.10	2085	2101	0.00	195	0	0	0	nan	0.00	0.00	4.16	84.86	88.90	0.00	39	0	42	0.00	0.00	65.55	7.99	0.00	0.00	2000
229	11.30	2026	2096	0.00	194	0	0	0	nan	0.00	0.00	4.64	83.95	88.70	0.00	39	0	42	0.00	0.00	64.02	7.45	0.00	0.00	2000
77	6.45	1187	2110	0.00	199	0	0	0	nan	0.00	0.00	5.93	88.01	93.55	0.00	37	0	43	0.00	0.00	59.58	7.69	0.00	0.00	2000
76	6.51	1164	2101	0.00	195	0	0	0	nan	0.00	0.02	4.37	89.05	93.49	0.00	37	0	42	0.00	0.00	58.59	7.56	0.00	0.00	2000
80	6.82	1191	2065	0.00	201	0	0	0	nan	0.00	0.00	5.38	86.30	93.18	0.00	37	0	42	0.00	0.00	59.48	7.51	0.00	0.00	2000
79	6.80	1139	2131	0.00	196	0	0	0	nan	0.00	0.02	3.62	90.97	93.20	0.00	37	0	42	0.00	0.00	58.76	7.45	0.00	0.00	2000
169	9.69	1804	2028	0.00	200	0	0	1	88.56	0.00	0.03	3.87	83.33	90.31	0.00	39	0	42	0.00	0.00	60.09	7.35	0.00	0.00	2000
236	10.87	2092	2183	1.02	210	0	0	4	91.36	0.00	0.01	3.56	89.15	89.13	0.00	39	0	42	0.00	0.00	69.65	7.99	0.00	0.00	2000
227	10.71	2136	2086	0.00	204	0	0	0	nan	0.00	0.02	5.48	83.19	89.29	0.00	40	0	42	0.00	0.00	62.40	7.38	0.00	0.00	2000
143	8.88	1625	2084	0.00	201	0	0	0	nan	0.00	0.00	6.66	83.85	91.12	0.00	38	0	42	0.00	0.00	59.46	7.14	0.00	0.00	2000
78	6.55	1199	2092	0.00	196	0	0	0	nan	0.00	0.00	2.34	90.67	93.45	0.00	37	0	42	0.00	0.00	60.12	7.56	0.00	0.00	2000
217	10.65	2048	2092	0.00	200	0	0	0	nan	0.00	0.00	3.76	85.25	89.35	0.00	38	0	42	0.00	0.00	63.24	7.50	0.00	0.00	2000
230	10.59	2137	2137	0.00	216	0	0	0	nan	0.00	0.01	5.40	85.52	89.41	0.00	39	0	42	0.00	0.00	64.88	7.43	0.00	0.00	2000
228	11.04	2060	2104	0.00	194	0	0	0	nan	0.00	0.00	4.69	84.44	88.96	0.00	39	0	42	0.00	0.00	64.42	7.44	0.00	0.00	2000
228	11.06	2056	2101	0.00	194	0	0	0	nan	0.00	0.02	3.58	85.44	88.94	0.00	40	0	42	0.00	0.00	64.81	7.59	0.00	0.00	2000
231	11.04	2097	2100	0.00	196	0	0	0	nan	0.00	0.00	3.80	85.17	88.96	0.00	40	0	42	0.00	0.00	64.98	7.57	0.00	0.00	2000
229	11.04	2080	2094	0.00	195	0	0	0	nan	0.00	0.00	4.43	84.36	88.96	0.00	40	0	42	0.00	0.00	64.72	7.40	0.00	0.00	2000
227	10.95	2096	2075	0.00	194	0	0	0	nan	0.00	0.02	7.06	80.90	89.05	0.00	38	0	42	0.00	0.00	63.24	7.36	0.00	0.00	2000
229	10.93	2089	2105	0.00	194	0	0	0	nan	0.00	0.02	2.60	86.67	89.07	0.00	38	0	42	0.00	0.00	66.66	7.57	0.00	0.00	2000
313	14.06	2218	2109	0.00	207	0	0	0	nan	0.00	1.50	5.22	79.69	85.94	0.00	39	0	42	0.00	0.00	66.55	7.83	0.00	0.00	2000
176	10.13	1735	2102	0.00	148	0	0	0	nan	0.00	0.07	14.93	74.83	89.87	0.00	38	0	42	0.00	0.00	61.95	7.34	0.00	0.00	2000
