Avg_MHz	Busy%	Bzy_MHz	TSC_MHz	IPC	IRQ	NMI	SMI	LLCMRPS	LLC%hit	POLL%	C1%	C1E%	C6%	CPU%c1	CPU%c6	CoreTmp	CoreThr	PkgTmp	Pkg%pc2	Pkg%pc6	PkgWatt	RAMWatt	PKG_%	RAM_%	UncMHz
423	20.00	2053	2162	0.00	247	0	0	0	nan	0.00	1.17	36.30	45.09	80.00	0.00	37	0	42	0.00	0.00	70.99	7.90	0.00	0.00	2000
388	18.72	2082	2093	0.00	254	0	0	0	nan	0.06	1.53	32.98	46.60	81.28	0.00	37	0	42	0.00	0.00	64.32	7.42	0.00	0.00	2000
78	7.11	1094	2097	0.00	210	0	0	0	nan	0.01	0.03	3.19	89.61	92.89	0.00	37	0	42	0.00	0.00	56.89	7.19	0.00	0.00	2000
73	6.81	1061	2132	0.00	193	0	0	0	nan	0.00	0.00	4.13	90.39	93.19	0.00	37	0	42	0.00	0.00	60.17	7.54	0.00	0.00	2000
79	6.61	1209	2086	0.00	195	0	0	0	nan	0.00	0.02	3.00	89.71	93.39	0.00	37	0	42	0.00	0.00	60.36	7.70	0.00	0.00	2000
72	6.94	1034	2110	0.00	192	0	0	0	nan	0.00	0.00	2.90	90.70	93.06	0.00	37	0	42	0.00	0.00	58.60	7.45	0.00	0.00	2000
74	6.76	1084	2110	0.00	193	0	0	0	nan	0.00	0.03	2.48	91.19	93.24	0.00	37	0	42	0.00	0.00	58.68	7.48	0.00	0.00	2000
72	6.54	1117	2071	0.00	194	0	0	0	nan	0.00	0.00	3.00	89.25	93.46	0.00	37	0	42	0.00	0.00	55.72	7.07	0.00	0.00	2000
73	6.68	1096	2092	0.00	194	0	0	0	nan	0.00	0.01	1.75	91.28	93.32	0.00	37	0	42	0.00	0.00	59.86	7.59	0.00	0.00	2000
71	6.56	1084	2101	0.00	194	0	0	0	nan	0.00	0.03	1.62	91.87	93.44	0.00	37	0	42	0.00	0.00	57.21	7.26	0.00	0.00	2000
73	7.07	1024	2126	0.00	211	0	0	0	nan	0.00	0.03	4.34	89.77	92.93	0.00	37	0	42	0.00	0.00	60.53	7.74	0.00	0.00	2000
73	6.30	1164	2091	0.00	193	0	0	0	nan	0.00	0.00	3.50	89.75	93.70	0.00	37	0	42	0.00	0.00	56.12	7.26	0.00	0.00	2000
74	6.51	1140	2107	0.00	197	0	0	0	nan	0.00	0.00	5.26	88.55	93.49	0.00	37	0	42	0.00	0.00	58.68	7.47	0.00	0.00	2000
73	6.53	1105	2111	0.00	194	0	0	0	nan	0.00	0.00	3.59	90.47	93.47	0.00	37	0	42	0.00	0.00	58.43	7.51	0.00	0.00	2000
73	6.55	1125	2082	0.00	177	0	0	0	nan	0.00	0.00	2.66	89.93	93.45	0.00	37	0	42	0.00	0.00	58.88	7.45	0.00	0.00	2000
73	6.44	1124	2120	0.00	196	0	0	1	89.07	0.00	0.02	3.22	91.19	93.56	0.00	37	0	42	0.00	0.00	59.55	7.57	0.00	0.00	2000
72	6.94	1045	2097	0.30	194	0	0	1	88.30	0.00	0.00	3.15	89.96	93.06	0.00	37	0	42	0.00	0.00	56.46	7.24	0.00	0.00	2000
72	6.70	1066	2104	0.07	193	0	0	0	nan	0.00	0.00	2.95	90.49	93.30	0.00	37	0	42	0.00	0.00	58.20	7.32	0.00	0.00	2000
203	10.09	2023	2088	0.00	209	0	0	0	nan	0.00	0.44	5.65	83.33	89.91	0.00	39	0	42	0.00	0.00	66.10	7.93	0.00	0.00	2000
227	11.05	2084	2074	0.00	211	0	0	0	nan	0.00	0.03	4.26	83.70	88.95	0.00	40	0	42	0.00	0.00	62.60	7.14	0.00	0.00	2000
233	11.12	2087	2105	0.00	203	0	0	0	nan	0.00	0.02	2.70	86.43	88.88	0.00	40	0	42	0.00	0.00	64.44	7.39	0.00	0.00	2000
234	10.97	2101	2129	0.00	203	0	0	0	nan	0.00	0.00	2.42	87.80	89.03	0.00	40	0	42	0.00	0.00	65.67	7.45	0.00	0.00	2000
238	11.28	2112	2096	0.00	196	0	0	0	nan	0.00	0.00	6.79	81.93	88.72	0.00	38	0	42	0.00	0.00	66.22	7.94	0.00	0.00	2000
222	11.10	2057	2041	0.00	198	0	0	0	nan	0.00	0.02	6.28	80.27	88.90	0.00	38	0	42	0.00	0.00	64.08	7.86	0.00	0.00	2000
221	10.54	2069	2126	0.00	199	0	0	0	nan	0.00	0.00	6.43	84.16	89.46	0.00	37	0	42	0.00	0.00	64.22	7.51	0.00	0.00	2000
236	11.15	2081	2132	0.00	214	0	0	0	nan	0.00	0.03	5.67	84.59	88.85	0.00	38	0	42	0.00	0.00	68.83	8.39	0.00	0.00	2000
234	10.77	2177	2099	0.00	197	0	0	0	nan	0.00	0.01	4.33	84.76	89.23	0.00	39	0	42	0.00	0.00	65.75	7.77	0.00	0.00	2000
229	10.73	2139	2093	0.00	182	0	0	0	nan	0.00	0.05	4.22	84.83	89.27	0.00	39	0	42	0.00	0.00	66.28	7.63	0.00	0.00	2000
233	11.06	2093	2112	0.00	196	0	0	0	nan	0.00	0.03	5.21	84.30	88.94	0.00	39	0	42	0.00	0.00	63.11	7.71	0.00	0.00	2000
229	10.91	2113	2085	0.00	198	0	0	0	nan	0.00	0.00	5.04	83.45	89.09	0.00	40	0	42	0.00	0.00	64.74	7.17	0.00	0.00	2000
231	11.20	2052	2115	0.00	222	0	0	0	nan	0.00	0.02	3.94	85.51	88.80	0.00	40	0	42	0.00	0.00	63.45	7.36	0.00	0.00	2000
224	10.89	2080	2078	0.00	197	0	0	0	nan	0.00	0.00	6.92	81.41	89.11	0.00	40	0	42	0.00	0.00	66.49	7.61	0.00	0.00	2000
232	11.18	2071	2107	0.00	200	0	0	0	nan	0.00	0.03	5.06	84.13	88.82	0.00	40	0	43	0.00	0.00	65.25	7.54	0.00	0.00	2000
228	11.09	2067	2086	0.80	197	0	0	9	80.02	0.00	0.02	4.84	83.53	88.91	0.00	40	0	42	0.00	0.00	64.65	7.45	0.00	0.00	2000
235	11.31	2079	2098	0.07	201	0	0	0	nan	0.00	0.02	5.77	82.92	88.69	0.00	39	0	42	0.00	0.00	62.59	7.12	0.00	0.00	2000
233	10.85	2131	2113	0.00	215	0	0	0	nan	0.00	0.02	7.44	82.21	89.15	0.00	39	0	42	0.00	0.00	68.76	8.12	0.00	0.00	2000
232	11.14	2075	2108	0.00	214	0	0	0	nan	0.00	0.00	4.52	84.70	88.86	0.00	39	0	42	0.00	0.00	67.53	8.12	0.00	0.00	2000
235	11.50	2036	2108	0.00	184	0	0	0	nan	0.02	0.01	3.47	85.49	88.50	0.00	39	0	42	0.00	0.00	65.31	7.62	0.00	0.00	2000
232	11.24	2067	2101	0.00	213	0	0	0	nan	0.00	0.05	3.68	85.07	88.76	0.00	39	0	42	0.00	0.00	62.95	7.42	0.00	0.00	2000
230	11.24	2047	2101	0.00	201	0	0	0	nan	0.00	0.00	6.47	82.41	88.76	0.00	39	0	42	0.00	0.00	65.60	7.60	0.00	0.00	2000
232	11.25	2057	2107	0.00	199	0	0	0	nan	0.01	0.00	5.98	83.15	88.75	0.00	39	0	42	0.00	0.00	67.77	7.90	0.00	0.00	2000
233	11.43	2105	2029	0.00	195	0	0	0	nan	0.00	0.02	5.87	79.86	88.57	0.00	38	0	42	0.00	0.00	62.54	7.15	0.00	0.00	2000
212	12.92	2157	1596	0.00	216	0	0	0	nan	0.00	0.36	4.23	61.61	87.08	0.00	39	0	42	0.00	0.00	49.42	5.59	0.00	0.00	2000
357	12.98	2064	2802	0.00	274	0	0	0	nan	0.00	0.05	8.93	107.27	87.02	0.00	37	0	42	0.00	0.00	87.26	9.91	0.00	0.00	2000
220	10.61	2071	2102	0.00	226	0	0	0	nan	0.00	0.00	3.67	85.85	89.39	0.00	39	0	42	0.00	0.00	66.78	8.10	0.00	0.00	2000
116	8.46	1364	2108	0.00	246	0	0	0	nan	0.00	0.01	17.15	74.81	91.54	0.00	37	0	42	0.00	0.00	61.24	7.57	0.00	0.00	2000
82	6.73	1212	2106	0.00	194	0	0	0	nan	0.00	0.00	3.46	90.07	93.27	0.00	37	0	42	0.00	0.00	58.03	7.35	0.00	0.00	2000
84	7.26	1150	2108	0.00	130	0	0	0	nan	0.00	0.02	4.49	88.56	92.74	0.00	37	0	42	0.00	0.00	62.14	8.09	0.00	0.00	2000
