Avg_MHz	Busy%	Bzy_MHz	TSC_MHz	IPC	IRQ	NMI	SMI	LLCMRPS	LLC%hit	POLL%	C1%	C1E%	C6%	CPU%c1	CPU%c6	CoreTmp	CoreThr	PkgTmp	Pkg%pc2	Pkg%pc6	PkgWatt	RAMWatt	PKG_%	RAM_%	UncMHz
315	15.87	1945	2146	0.00	293	0	0	0	nan	0.00	0.00	26.69	59.17	84.13	0.00	37	0	42	0.00	0.00	67.95	8.05	0.00	0.00	2000
411	19.58	2113	2087	0.00	216	0	0	0	nan	0.04	1.17	14.76	64.26	80.42	0.00	37	0	42	0.00	0.00	65.03	7.50	0.00	0.00	2000
80	6.73	1166	2138	0.00	210	0	0	0	nan	0.00	0.02	11.96	82.99	93.27	0.00	37	0	42	0.00	0.00	58.52	7.28	0.00	0.00	2000
72	6.84	1056	2081	0.00	193	0	0	0	nan	0.00	0.00	3.35	88.97	93.16	0.00	37	0	42	0.00	0.00	60.88	7.70	0.00	0.00	2000
73	6.72	1084	2104	0.00	193	0	0	0	nan	0.00	0.00	2.21	91.37	93.28	0.00	37	0	42	0.00	0.00	57.38	7.29	0.00	0.00	2000
95	7.96	1186	2116	0.00	223	0	0	0	nan	0.00	0.03	3.46	89.35	92.04	0.00	37	0	42	0.00	0.00	57.68	7.20	0.00	0.00	2000
74	6.84	1083	2088	0.00	195	0	0	0	nan	0.00	0.00	2.80	89.86	93.16	0.00	36	0	42	0.00	0.00	58.24	7.52	0.00	0.00	2000
74	6.87	1067	2111	0.00	212	0	0	0	nan	0.00	0.00	3.13	90.50	93.13	0.00	37	0	42	0.00	0.00	58.17	7.51	0.00	0.00	2000
73	6.54	1128	2088	0.00	179	0	0	0	nan	0.00	0.01	3.44	89.44	93.46	0.00	37	0	42	0.00	0.00	57.58	7.36	0.00	0.00	2000
73	6.64	1092	2117	0.00	213	0	0	0	nan	0.00	0.00	5.07	89.13	93.36	0.00	37	0	42	0.00	0.00	58.63	7.70	0.00	0.00	2000
73	6.69	1098	2100	0.00	195	0	0	0	nan	0.00	0.01	3.77	89.59	93.31	0.00	37	0	42	0.00	0.00	57.58	7.27	0.00	0.00	2000
73	6.70	1082	2099	0.00	193	0	0	0	nan	0.00	0.02	3.58	89.79	93.30	0.00	37	0	42	0.00	0.00	57.91	7.51	0.00	0.00	2000
73	6.75	1079	2105	0.00	194	0	0	0	nan	0.00	0.00	3.44	90.16	93.25	0.00	37	0	42	0.00	0.00	57.65	7.37	0.00	0.00	2000
72	6.73	1067	2099	0.00	193	0	0	0	nan	0.00	0.00	3.36	89.93	93.27	0.00	37	0	42	0.00	0.00	58.05	7.23	0.00	0.00	2000
73	6.70	1086	2095	0.00	193	0	0	0	nan	0.00	0.02	3.51	89.56	93.30	0.00	37	0	42	0.00	0.00	57.41	7.34	0.00	0.00	2000
72	6.83	1049	2103	0.00	195	0	0	1	88.22	0.00	0.02	3.68	89.68	93.17	0.00	37	0	42	0.00	0.00	60.33	7.56	0.00	0.00	2000
72	6.52	1112	2083	0.29	193	0	0	1	86.86	0.00	0.02	2.67	89.89	93.48	0.00	36	0	42	0.00	0.00	59.13	7.60	0.00	0.00	2000
72	6.69	1076	2103	0.00	193	0	0	0	nan	0.00	0.02	2.96	90.38	93.31	0.00	37	0	42	0.00	0.00	58.58	7.32	0.00	0.00	2000
156	8.94	1752	2092	0.00	216	0	0	0	nan	0.02	0.00	5.16	85.66	91.06	0.00	38	0	42	0.00	0.00	61.34	7.38	0.00	0.00	2000
231	10.82	2116	2117	0.00	236	0	0	0	nan	0.00	0.00	4.68	85.18	89.18	0.00	40	0	42	0.00	0.00	64.62	7.33	0.00	0.00	2000
231	11.16	2078	2090	0.00	187	0	0	0	nan	0.00	0.00	3.50	84.99	88.84	0.00	40	0	42	0.00	0.00	65.86	7.30	0.00	0.00	2000
229	10.83	2111	2108	0.00	229	0	0	0	nan	0.00	0.00	3.44	86.14	89.17	0.00	40	0	42	0.00	0.00	64.66	7.38	0.00	0.00	2000
235	10.92	2140	2108	0.00	179	0	0	0	nan	0.00	0.02	5.70	83.75	89.08	0.00	38	0	42	0.00	0.00	66.28	7.91	0.00	0.00	2000
225	10.64	2125	2092	0.00	197	0	0	0	nan	0.00	0.00	5.98	83.00	89.36	0.00	38	0	42	0.00	0.00	59.95	7.43	0.00	0.00	2000
222	10.60	2086	2105	0.00	195	0	0	0	nan	0.00	0.00	6.14	83.47	89.40	0.00	38	0	42	0.00	0.00	67.38	8.17	0.00	0.00	2000
226	11.69	1984	2046	0.00	198	0	0	0	nan	0.00	0.00	5.93	80.20	88.31	0.00	37	0	42	0.00	0.00	61.36	7.58	0.00	0.00	2000
232	11.25	2010	2152	0.00	217	0	0	0	nan	0.01	0.00	6.41	84.70	88.75	0.00	37	0	42	0.00	0.00	68.43	8.23	0.00	0.00	2000
229	11.17	2071	2082	0.00	199	0	0	0	nan	0.00	0.02	5.49	82.65	88.83	0.00	38	0	42	0.00	0.00	65.32	7.61	0.00	0.00	2000
231	11.21	2057	2109	0.00	195	0	0	0	nan	0.00	0.00	5.22	84.09	88.79	0.00	38	0	42	0.00	0.00	64.80	7.60	0.00	0.00	2000
231	11.20	2085	2081	0.00	201	0	0	0	nan	0.00	0.00	7.15	80.92	88.80	0.00	38	0	42	0.00	0.00	64.52	7.30	0.00	0.00	2000
231	11.56	2027	2073	0.00	199	0	0	0	nan	0.00	0.00	6.31	81.06	88.44	0.00	38	0	42	0.00	0.00	62.51	7.28	0.00	0.00	2000
227	10.79	2073	2127	0.00	216	0	0	0	nan	0.00	0.00	7.12	83.35	89.21	0.00	39	0	42	0.00	0.00	67.02	7.75	0.00	0.00	2000
227	11.29	2063	2046	0.00	197	0	0	6	96.96	0.00	0.00	5.25	81.26	88.71	0.00	39	0	42	0.00	0.00	61.99	7.31	0.00	0.00	2000
233	10.86	2058	2186	0.76	216	0	0	14	93.11	0.00	0.00	3.78	89.10	89.14	0.00	39	0	42	0.00	0.00	67.37	7.87	0.00	0.00	2000
231	11.62	2032	2056	0.00	196	0	0	0	nan	0.00	0.00	3.14	83.53	88.38	0.00	39	0	42	0.00	0.00	63.20	7.25	0.00	0.00	2000
231	10.58	2129	2153	0.00	220	0	0	0	nan	0.00	1.08	6.46	84.27	89.42	0.00	39	0	42	0.00	0.00	68.40	7.84	0.00	0.00	2000
231	10.97	2125	2081	0.00	199	0	0	0	nan	0.00	0.00	6.33	81.93	89.03	0.00	38	0	42	0.00	0.00	65.29	7.62	0.00	0.00	2000
229	10.98	2083	2101	0.00	198	0	0	0	nan	0.00	0.01	6.06	83.10	89.02	0.00	39	0	42	0.00	0.00	64.85	7.53	0.00	0.00	2000
233	11.22	2063	2118	0.00	197	0	0	0	nan	0.00	0.52	6.49	82.70	88.78	0.00	39	0	42	0.00	0.00	65.19	7.67	0.00	0.00	2000
231	11.53	2015	2089	0.00	199	0	0	0	nan	0.00	0.00	6.00	82.13	88.47	0.00	39	0	42	0.00	0.00	64.12	7.41	0.00	0.00	2000
229	11.16	2044	2108	0.00	201	0	0	0	nan	0.00	0.00	6.67	82.64	88.84	0.00	39	0	42	0.00	0.00	64.77	7.42	0.00	0.00	2000
228	11.05	2093	2071	0.00	196	0	0	0	nan	0.00	0.00	6.47	81.34	88.95	0.00	39	0	42	0.00	0.00	64.39	7.45	0.00	0.00	2000
228	11.56	2022	2054	0.00	197	0	0	0	nan	0.00	0.00	5.62	80.98	88.44	0.00	39	0	42	0.00	0.00	62.30	7.34	0.00	0.00	2000
234	10.82	2090	2169	0.00	215	0	0	0	nan	0.00	0.02	4.92	87.30	89.18	0.00	39	0	42	0.00	0.00	69.04	8.02	0.00	0.00	2000
234	11.41	2048	2106	0.00	200	0	0	0	nan	0.00	0.00	6.35	82.64	88.59	0.00	39	0	42	0.00	0.00	64.85	7.46	0.00	0.00	2000
228	11.03	2090	2074	0.00	202	0	0	0	nan	0.00	0.00	5.51	82.41	88.97	0.00	39	0	42	0.00	0.00	63.75	7.33	0.00	0.00	2000
224	10.63	2079	2128	0.00	246	0	0	0	nan	0.01	0.00	4.20	86.39	89.37	0.00	38	0	42	0.00	0.00	65.46	7.37	0.00	0.00	2000
216	10.85	2007	2087	0.00	201	0	0	0	nan	0.00	0.05	6.11	82.52	89.15	0.00	39	0	42	0.00	0.00	61.90	7.19	0.00	0.00	2000
236	10.98	2137	2113	0.00	215	0	0	0	nan	0.00	0.03	4.02	85.60	89.02	0.00	41	0	42	0.00	0.00	66.24	7.65	0.00	0.00	2000
237	11.55	2093	2060	0.46	235	0	0	12	74.05	0.00	0.72	4.83	81.41	88.45	0.00	39	0	42	0.00	0.00	59.13	6.94	0.00	0.00	2000
236	11.09	2081	2147	0.29	259	0	0	0	73.69	0.00	0.00	5.15	85.85	88.91	0.00	40	0	42	0.00	0.00	74.19	8.53	0.00	0.00	2000
136	9.60	1441	2059	0.00	164	0	0	0	nan	0.06	0.00	21.00	67.70	90.40	0.00	38	0	42	0.00	0.00	58.37	7.23	0.00	0.00	2000
