Avg_MHz	Busy%	Bzy_MHz	TSC_MHz	IPC	IRQ	NMI	SMI	LLCMRPS	LLC%hit	POLL%	C1%	C1E%	C6%	CPU%c1	CPU%c6	CoreTmp	CoreThr	PkgTmp	Pkg%pc2	Pkg%pc6	PkgWatt	RAMWatt	PKG_%	RAM_%	UncMHz
159	9.90	1628	2078	0.00	240	0	0	0	nan	0.00	0.00	21.99	67.24	90.10	0.00	37	0	42	0.00	0.00	63.27	7.83	0.00	0.00	2000
411	17.64	2257	2170	0.00	215	0	0	0	nan	0.01	1.23	15.65	68.41	82.36	0.00	37	0	42	0.00	0.00	67.84	7.43	0.00	0.00	2000
250	13.63	1773	2172	0.00	238	0	0	0	nan	0.00	0.14	22.36	66.87	86.37	0.00	37	0	42	0.00	0.00	64.33	7.67	0.00	0.00	2000
75	6.82	1101	2094	0.00	194	0	0	0	nan	0.00	0.00	2.78	90.21	93.18	0.00	37	0	42	0.00	0.00	57.77	7.25	0.00	0.00	2000
73	6.98	1056	2094	0.00	193	0	0	0	nan	0.02	0.01	2.69	90.11	93.02	0.00	37	0	42	0.00	0.00	59.70	7.77	0.00	0.00	2000
73	7.07	1029	2117	0.00	193	0	0	0	nan	0.00	0.02	2.41	91.42	92.93	0.00	37	0	42	0.00	0.00	56.61	7.23	0.00	0.00	2000
73	6.94	1057	2104	0.00	193	0	0	0	nan	0.00	0.00	2.52	90.75	93.06	0.00	37	0	42	0.00	0.00	59.95	7.63	0.00	0.00	2000
72	6.69	1079	2098	0.00	194	0	0	0	nan	0.00	0.00	2.66	90.62	93.31	0.00	37	0	42	0.00	0.00	56.39	7.11	0.00	0.00	2000
73	6.85	1055	2106	0.00	194	0	0	0	nan	0.00	0.01	2.62	90.84	93.15	0.00	37	0	42	0.00	0.00	57.84	7.28	0.00	0.00	2000
72	6.87	1045	2095	0.00	193	0	0	0	nan	0.00	0.00	2.83	90.25	93.13	0.00	37	0	42	0.00	0.00	58.17	7.52	0.00	0.00	2000
73	6.91	1049	2103	0.00	192	0	0	0	nan	0.00	0.02	2.59	90.73	93.09	0.00	37	0	42	0.00	0.00	58.26	7.31	0.00	0.00	2000
72	6.73	1066	2096	0.00	195	0	0	0	nan	0.00	0.02	2.87	90.21	93.27	0.00	37	0	42	0.00	0.00	57.97	7.27	0.00	0.00	2000
72	6.56	1109	2077	0.00	193	0	0	0	nan	0.00	0.02	2.38	90.04	93.44	0.00	37	0	42	0.00	0.00	58.26	7.35	0.00	0.00	2000
72	6.80	1050	2125	0.00	209	0	0	0	nan	0.00	0.02	3.68	90.60	93.20	0.00	37	0	42	0.00	0.00	60.24	7.59	0.00	0.00	2000
73	6.53	1115	2102	0.00	193	0	0	0	nan	0.00	0.00	3.53	90.14	93.47	0.00	37	0	42	0.00	0.00	58.20	7.48	0.00	0.00	2000
74	6.38	1166	2100	0.00	198	0	0	1	88.12	0.00	0.00	4.12	89.37	93.62	0.00	37	0	42	0.00	0.00	58.13	7.24	0.00	0.00	2000
74	6.55	1141	2089	0.30	195	0	0	2	88.45	0.00	0.00	4.21	88.75	93.45	0.00	37	0	42	0.00	0.00	58.58	7.53	0.00	0.00	2000
72	6.68	1073	2112	0.00	193	0	0	0	nan	0.00	0.00	4.75	89.23	93.32	0.00	37	0	42	0.00	0.00	58.52	7.42	0.00	0.00	2000
115	7.87	1472	2078	0.00	207	0	0	0	nan	0.00	0.42	4.11	86.80	92.13	0.00	38	0	42	0.00	0.00	55.86	6.95	0.00	0.00	2000
232	10.74	2140	2117	0.00	236	0	0	0	nan	0.00	0.02	5.92	84.06	89.26	0.00	39	0	42	0.00	0.00	65.53	7.57	0.00	0.00	2000
233	11.19	2080	2099	0.00	205	0	0	0	nan	0.00	0.02	3.30	85.54	88.81	0.00	40	0	42	0.00	0.00	64.97	7.46	0.00	0.00	2000
231	11.34	2026	2116	0.00	203	0	0	0	nan	0.00	0.02	2.89	86.60	88.66	0.00	40	0	42	0.00	0.00	65.79	7.53	0.00	0.00	2000
233	12.28	2072	1924	0.00	204	0	0	0	nan	0.00	0.11	4.23	76.24	87.72	0.00	40	0	42	0.00	0.00	58.63	6.83	0.00	0.00	2000
240	10.59	2073	2291	0.00	214	0	0	0	nan	0.00	0.51	11.83	85.29	89.41	0.00	37	0	42	0.00	0.00	72.27	8.57	0.00	0.00	2000
220	11.24	2034	2019	0.00	195	0	0	0	nan	0.00	0.02	5.60	79.82	88.76	0.00	37	0	42	0.00	0.00	59.67	7.27	0.00	0.00	2000
234	10.68	2112	2178	0.00	230	0	0	0	nan	0.00	0.00	5.17	87.54	89.32	0.00	37	0	42	0.00	0.00	73.49	8.67	0.00	0.00	2000
238	10.82	2174	2121	0.00	196	0	0	0	nan	0.00	0.00	3.80	86.39	89.18	0.00	37	0	42	0.00	0.00	67.50	7.88	0.00	0.00	2000
230	10.93	2106	2097	0.00	195	0	0	0	nan	0.00	0.00	4.22	84.75	89.07	0.00	37	0	42	0.00	0.00	64.90	7.52	0.00	0.00	2000
230	10.82	2124	2103	0.00	194	0	0	0	nan	0.00	0.00	3.75	85.58	89.18	0.00	38	0	42	0.00	0.00	62.71	7.13	0.00	0.00	2000
227	10.98	2094	2068	0.00	178	0	0	0	nan	0.00	0.00	2.74	85.03	89.02	0.00	38	0	42	0.00	0.00	62.67	6.97	0.00	0.00	2000
228	11.13	2019	2127	0.00	210	0	0	0	nan	0.00	0.00	2.79	87.32	88.87	0.00	38	0	42	0.00	0.00	67.41	7.53	0.00	0.00	2000
232	11.14	2074	2107	0.00	197	0	0	0	nan	0.00	0.00	3.88	85.29	88.86	0.00	38	0	42	0.00	0.00	65.10	7.48	0.00	0.00	2000
230	11.34	2029	2098	0.15	195	0	0	11	90.63	0.00	0.00	3.62	85.09	88.66	0.00	38	0	42	0.00	0.00	64.42	7.42	0.00	0.00	2000
223	10.83	2104	2057	0.50	194	0	0	9	96.96	0.00	0.00	2.91	84.49	89.17	0.00	39	0	42	0.00	0.00	63.03	7.14	0.00	0.00	2000
230	10.91	2096	2116	0.00	194	0	0	0	nan	0.00	0.00	2.24	87.64	89.09	0.00	39	0	42	0.00	0.00	64.77	7.33	0.00	0.00	2000
229	11.07	2098	2067	0.00	199	0	0	0	nan	0.00	0.03	3.10	84.46	88.93	0.00	39	0	42	0.00	0.00	62.56	7.14	0.00	0.00	2000
233	11.22	2067	2109	0.00	211	0	0	0	nan	0.00	0.02	2.28	87.04	88.78	0.00	38	0	42	0.00	0.00	65.23	7.50	0.00	0.00	2000
228	11.05	2006	2155	0.00	210	0	0	0	nan	0.00	0.02	2.62	88.75	88.95	0.00	39	0	42	0.00	0.00	69.66	8.08	0.00	0.00	2000
227	11.11	2058	2087	0.00	194	0	0	0	nan	0.00	0.00	3.37	85.06	88.89	0.00	39	0	43	0.00	0.00	64.37	7.42	0.00	0.00	2000
232	11.20	2056	2112	0.00	195	0	0	0	nan	0.00	0.01	4.29	85.13	88.80	0.00	39	0	42	0.00	0.00	62.42	7.10	0.00	0.00	2000
228	10.94	2100	2085	0.00	194	0	0	0	nan	0.00	0.03	3.68	84.80	89.06	0.00	39	0	42	0.00	0.00	62.82	7.04	0.00	0.00	2000
228	11.16	2066	2073	0.00	179	0	0	0	nan	0.00	0.00	3.97	83.86	88.84	0.00	39	0	42	0.00	0.00	65.62	7.78	0.00	0.00	2000
230	11.00	2080	2105	0.00	211	0	0	0	nan	0.00	0.00	3.12	86.12	89.00	0.00	38	0	42	0.00	0.00	66.59	7.60	0.00	0.00	2000
233	11.03	2082	2128	0.00	194	0	0	0	nan	0.00	0.02	2.69	87.53	88.97	0.00	39	0	42	0.00	0.00	64.73	7.32	0.00	0.00	2000
230	10.96	2096	2106	0.00	195	0	0	0	nan	0.00	0.03	2.51	86.95	89.04	0.00	39	0	42	0.00	0.00	65.37	7.55	0.00	0.00	2000
225	11.10	2081	2042	0.00	195	0	0	0	nan	0.00	0.01	2.50	83.99	88.90	0.00	39	0	42	0.00	0.00	62.09	7.17	0.00	0.00	2000
221	12.18	2050	1856	0.00	220	0	0	0	nan	0.00	0.00	1.88	75.82	87.82	0.00	38	0	42	0.00	0.00	58.51	6.84	0.00	0.00	2000
235	9.87	2020	2478	0.00	265	0	0	0	nan	0.00	0.00	4.79	101.69	90.13	0.00	38	0	43	0.00	0.00	75.05	8.82	0.00	0.00	2000
222	11.59	2043	1971	0.00	203	0	0	0	96.54	0.00	0.00	5.36	77.74	88.41	0.00	39	0	42	0.00	0.00	60.11	7.37	0.00	0.00	2000
225	10.46	2056	2201	1.23	214	0	0	36	44.81	0.00	0.00	5.50	88.37	89.54	0.00	40	0	42	0.00	0.00	72.15	8.87	0.00	0.00	2000
217	10.54	2040	2121	0.38	200	0	0	0	nan	0.00	0.00	4.47	86.01	89.46	0.00	38	0	42	0.00	0.00	64.57	7.84	0.00	0.00	2000
159	9.44	1672	2111	0.00	237	0	0	0	nan	0.00	0.02	4.25	86.90	90.56	0.00	37	0	42	0.00	0.00	60.56	7.08	0.00	0.00	2000
103	7.81	1319	2109	0.00	233	0	0	0	nan	0.00	0.00	6.14	86.54	92.19	0.00	37	0	42	0.00	0.00	58.37	7.11	0.00	0.00	2000
78	7.01	1104	2108	0.00	193	0	0	0	nan	0.00	0.02	4.08	89.28	92.99	0.00	37	0	42	0.00	0.00	59.98	7.55	0.00	0.00	2000
73	6.60	1128	2071	0.00	196	0	0	0	nan	0.00	0.00	4.22	88.02	93.40	0.00	37	0	42	0.00	0.00	58.51	7.31	0.00	0.00	2000
77	6.57	1160	2116	0.00	179	0	0	0	nan	0.00	0.00	2.78	91.36	93.43	0.00	37	0	42	0.00	0.00	59.71	7.44	0.00	0.00	2000
