Avg_MHz	Busy%	Bzy_MHz	TSC_MHz	IPC	IRQ	NMI	SMI	LLCMRPS	LLC%hit	POLL%	C1%	C1E%	C6%	CPU%c1	CPU%c6	CoreTmp	CoreThr	PkgTmp	Pkg%pc2	Pkg%pc6	PkgWatt	RAMWatt	PKG_%	RAM_%	UncMHz
212	11.51	1816	2128	0.00	264	0	0	0	nan	0.00	2.80	29.05	57.96	88.49	0.00	37	0	42	0.00	0.00	64.33	7.68	0.00	0.00	2000
477	20.45	2252	2174	0.00	211	0	0	0	nan	0.07	1.19	20.11	61.30	79.55	0.00	38	0	42	0.00	0.00	68.17	7.73	0.00	0.00	2000
307	15.96	1856	2179	0.00	237	0	0	0	nan	0.00	0.00	20.73	66.51	84.04	0.00	37	0	42	0.00	0.00	64.23	7.92	0.00	0.00	2000
77	6.26	1217	2114	0.00	194	0	0	0	nan	0.00	0.00	3.51	90.76	93.74	0.00	37	0	42	0.00	0.00	58.60	7.45	0.00	0.00	2000
74	6.56	1135	2085	0.00	193	0	0	0	nan	0.00	0.02	2.88	89.94	93.44	0.00	37	0	42	0.00	0.00	57.65	7.32	0.00	0.00	2000
73	6.89	1051	2119	0.00	193	0	0	0	nan	0.00	0.00	2.43	91.59	93.11	0.00	37	0	42	0.00	0.00	60.07	7.79	0.00	0.00	2000
72	7.09	1032	2068	0.00	193	0	0	0	nan	0.00	0.02	2.73	88.97	92.91	0.00	37	0	42	0.00	0.00	58.15	7.26	0.00	0.00	2000
73	6.89	1049	2125	0.00	194	0	0	0	nan	0.00	0.02	4.11	90.22	93.11	0.00	37	0	42	0.00	0.00	58.44	7.54	0.00	0.00	2000
74	6.78	1095	2103	0.00	210	0	0	0	nan	0.00	0.02	2.59	90.76	93.22	0.00	37	0	42	0.00	0.00	57.72	7.17	0.00	0.00	2000
73	6.43	1135	2096	0.00	193	0	0	0	nan	0.00	0.02	2.99	90.28	93.57	0.00	37	0	42	0.00	0.00	58.67	7.63	0.00	0.00	2000
72	6.67	1087	2075	0.00	193	0	0	0	nan	0.00	0.00	2.75	89.55	93.33	0.00	37	0	42	0.00	0.00	55.79	7.07	0.00	0.00	2000
73	6.61	1095	2113	0.00	196	0	0	0	nan	0.00	0.00	2.90	91.12	93.39	0.00	37	0	42	0.00	0.00	57.61	7.25	0.00	0.00	2000
73	6.94	1062	2088	0.00	192	0	0	0	nan	0.00	0.00	1.73	90.83	93.06	0.00	37	0	42	0.00	0.00	60.65	7.62	0.00	0.00	2000
73	7.07	1021	2113	0.00	196	0	0	0	nan	0.00	0.01	4.28	89.45	92.93	0.00	37	0	42	0.00	0.00	57.67	7.29	0.00	0.00	2000
74	6.52	1121	2118	0.00	210	0	0	0	nan	0.00	0.00	3.71	90.64	93.48	0.00	37	0	42	0.00	0.00	58.33	7.47	0.00	0.00	2000
72	6.56	1106	2093	0.00	180	0	0	1	86.69	0.00	0.00	3.44	89.68	93.44	0.00	37	0	42	0.00	0.00	58.79	7.49	0.00	0.00	2000
104	8.09	1303	2063	0.06	194	0	0	1	89.38	0.00	0.02	2.62	87.76	91.91	0.00	37	0	42	0.00	0.00	56.12	7.03	0.00	0.00	2000
73	6.57	1085	2148	0.00	210	0	0	0	nan	0.00	0.00	2.82	92.74	93.43	0.00	37	0	42	0.00	0.00	60.99	7.69	0.00	0.00	2000
127	8.20	1572	2070	0.00	214	0	0	0	nan	0.00	0.53	4.11	85.92	91.80	0.00	38	0	42	0.00	0.00	58.03	6.93	0.00	0.00	2000
232	11.15	2060	2121	0.00	204	0	0	0	nan	0.00	0.00	5.64	84.21	88.85	0.00	39	0	42	0.00	0.00	67.84	7.90	0.00	0.00	2000
229	10.93	2095	2101	0.00	203	0	0	0	nan	0.00	0.00	3.64	85.54	89.07	0.00	40	0	42	0.00	0.00	62.47	7.10	0.00	0.00	2000
231	11.38	2026	2109	0.00	202	0	0	0	nan	0.00	0.02	2.89	86.22	88.62	0.00	40	0	42	0.00	0.00	65.19	7.58	0.00	0.00	2000
245	11.67	2149	2051	0.00	205	0	0	0	nan	0.00	0.02	4.18	82.20	88.33	0.00	39	0	42	0.00	0.00	64.07	7.36	0.00	0.00	2000
234	10.99	2082	2147	0.00	205	0	0	0	nan	0.00	0.01	5.09	86.01	89.01	0.00	37	0	42	0.00	0.00	65.91	8.17	0.00	0.00	2000
230	10.84	2124	2100	0.00	196	0	0	0	nan	0.00	0.03	5.60	83.54	89.16	0.00	37	0	42	0.00	0.00	65.15	7.80	0.00	0.00	2000
228	11.05	2077	2089	0.00	198	0	0	0	nan	0.00	0.02	6.12	82.46	88.95	0.00	37	0	42	0.00	0.00	63.60	7.63	0.00	0.00	2000
233	11.42	2027	2110	0.00	197	0	0	0	nan	0.00	0.02	4.95	84.17	88.58	0.00	37	0	42	0.00	0.00	68.30	8.06	0.00	0.00	2000
236	11.82	1996	2096	0.00	198	0	0	0	nan	0.00	0.00	5.94	82.19	88.18	0.00	38	0	42	0.00	0.00	65.30	7.32	0.00	0.00	2000
231	10.98	2098	2110	0.00	199	0	0	0	nan	0.00	0.02	4.72	84.78	89.02	0.00	38	0	42	0.00	0.00	64.59	7.77	0.00	0.00	2000
224	10.69	2130	2063	0.00	198	0	0	0	nan	0.00	0.02	5.59	82.30	89.31	0.00	38	0	42	0.00	0.00	61.87	7.02	0.00	0.00	2000
234	11.55	2043	2080	0.00	197	0	0	0	nan	0.00	0.02	4.36	83.36	88.45	0.00	38	0	42	0.00	0.00	66.06	7.68	0.00	0.00	2000
229	10.73	2093	2141	0.00	212	0	0	0	nan	0.00	0.02	5.87	85.24	89.27	0.00	39	0	42	0.00	0.00	65.49	7.62	0.00	0.00	2000
236	11.29	2081	2107	0.00	198	0	0	7	94.99	0.00	0.00	5.97	83.07	88.71	0.00	39	0	42	0.00	0.00	64.29	7.40	0.00	0.00	2000
229	11.23	2049	2095	0.67	204	0	0	12	96.07	0.00	0.49	7.44	80.71	88.77	0.00	39	0	42	0.00	0.00	64.45	7.59	0.00	0.00	2000
224	11.58	1995	2033	0.00	199	0	0	0	nan	0.00	0.88	6.15	78.71	88.42	0.00	39	0	42	0.00	0.00	60.99	7.21	0.00	0.00	2000
231	10.85	2061	2168	0.00	213	0	0	0	nan	0.00	0.02	5.51	86.66	89.15	0.00	39	0	42	0.00	0.00	68.47	7.72	0.00	0.00	2000
234	11.22	2070	2116	0.00	199	0	0	0	nan	0.00	0.00	5.43	84.02	88.80	0.00	39	0	42	0.00	0.00	65.53	7.37	0.00	0.00	2000
232	11.35	2044	2097	0.00	200	0	0	0	nan	0.00	0.00	6.28	82.32	88.65	0.00	39	0	42	0.00	0.00	64.95	7.64	0.00	0.00	2000
225	10.87	2098	2071	0.00	197	0	0	0	nan	0.00	0.01	6.86	81.08	89.13	0.00	39	0	42	0.00	0.00	65.11	7.43	0.00	0.00	2000
227	11.41	1996	2096	0.00	196	0	0	0	nan	0.00	0.00	6.75	81.77	88.59	0.00	39	0	42	0.00	0.00	63.26	7.16	0.00	0.00	2000
234	11.50	2040	2092	0.00	195	0	0	0	nan	0.00	0.00	3.99	84.36	88.50	0.00	39	0	42	0.00	0.00	65.73	7.58	0.00	0.00	2000
228	10.94	2073	2111	0.00	217	0	0	0	nan	0.00	0.00	7.70	81.94	89.06	0.00	38	0	42	0.00	0.00	63.28	7.29	0.00	0.00	2000
236	11.33	2045	2134	0.00	199	0	0	0	nan	0.00	0.04	6.23	83.92	88.67	0.00	38	0	42	0.00	0.00	67.27	7.78	0.00	0.00	2000
230	11.52	2101	1992	0.00	194	0	0	0	nan	0.00	0.00	3.84	80.27	88.48	0.00	38	0	42	0.00	0.00	59.48	6.82	0.00	0.00	2000
221	10.56	2016	2178	0.00	198	0	0	0	nan	0.00	0.02	3.10	89.65	89.44	0.00	37	0	42	0.00	0.00	66.49	7.84	0.00	0.00	2000
418	19.35	2352	1930	0.00	195	0	0	0	nan	0.00	0.04	2.44	71.70	80.65	0.00	37	0	42	0.00	0.00	63.24	7.08	0.00	0.00	2000
236	10.28	2073	2329	0.00	281	0	0	0	nan	0.00	0.02	4.50	94.97	89.72	0.00	39	0	42	0.00	0.00	73.86	8.61	0.00	0.00	2000
127	8.92	1414	2108	0.00	246	0	0	0	nan	0.00	0.02	10.07	81.44	91.08	0.00	37	0	42	0.00	0.00	62.20	7.85	0.00	0.00	2000
