Avg_MHz	Busy%	Bzy_MHz	TSC_MHz	IPC	IRQ	NMI	SMI	LLCMRPS	LLC%hit	POLL%	C1%	C1E%	C6%	CPU%c1	CPU%c6	CoreTmp	CoreThr	PkgTmp	Pkg%pc2	Pkg%pc6	PkgWatt	RAMWatt	PKG_%	RAM_%	UncMHz
428	20.60	2048	2131	0.00	243	0	0	0	nan	0.00	1.37	39.03	40.36	79.40	0.00	37	0	42	0.00	0.00	65.87	7.56	0.00	0.00	2000
338	16.52	2039	2105	0.00	221	0	0	0	nan	0.01	1.69	24.38	57.85	83.48	0.00	37	0	43	0.00	0.00	66.01	7.80	0.00	0.00	2000
77	7.06	1092	2095	0.00	210	0	0	0	nan	0.00	0.00	4.96	87.82	92.94	0.00	37	0	43	0.00	0.00	59.16	7.54	0.00	0.00	2000
74	7.24	1004	2129	0.00	195	0	0	0	nan	0.00	0.00	2.82	91.33	92.76	0.00	37	0	42	0.00	0.00	57.95	7.43	0.00	0.00	2000
74	6.69	1098	2104	0.00	194	0	0	0	nan	0.00	0.02	2.60	90.86	93.31	0.00	37	0	42	0.00	0.00	58.35	7.51	0.00	0.00	2000
72	6.91	1049	2095	0.00	193	0	0	0	nan	0.00	0.00	3.05	89.87	93.09	0.00	37	0	42	0.00	0.00	57.93	7.53	0.00	0.00	2000
73	6.65	1094	2099	0.00	193	0	0	0	nan	0.00	0.00	3.09	90.29	93.35	0.00	37	0	43	0.00	0.00	58.20	7.41	0.00	0.00	2000
71	6.72	1070	2069	0.00	194	0	0	0	nan	0.00	0.02	3.02	88.84	93.28	0.00	37	0	42	0.00	0.00	56.70	7.26	0.00	0.00	2000
73	6.76	1074	2121	0.00	194	0	0	0	nan	0.00	0.01	2.52	91.67	93.24	0.00	37	0	42	0.00	0.00	59.52	7.57	0.00	0.00	2000
73	6.85	1064	2096	0.00	193	0	0	0	nan	0.00	0.01	3.04	90.07	93.15	0.00	37	0	43	0.00	0.00	56.25	6.98	0.00	0.00	2000
73	6.88	1064	2091	0.00	193	0	0	0	nan	0.00	0.02	3.14	89.68	93.12	0.00	37	0	43	0.00	0.00	59.92	7.66	0.00	0.00	2000
74	7.16	1014	2128	0.00	194	0	0	0	nan	0.00	0.00	3.99	90.26	92.84	0.00	37	0	42	0.00	0.00	57.29	7.35	0.00	0.00	2000
73	6.96	1065	2073	0.00	195	0	0	0	nan	0.00	0.00	3.06	88.85	93.04	0.00	37	0	43	0.00	0.00	52.31	7.28	0.00	0.00	2000
72	6.86	1032	2124	0.00	209	0	0	0	nan	0.00	0.01	3.44	90.90	93.14	0.00	37	0	42	0.00	0.00	68.18	7.76	0.00	0.00	2000
73	6.78	1080	2092	0.00	177	0	0	0	nan	0.00	0.00	3.20	89.77	93.22	0.00	37	0	43	0.00	0.00	53.64	6.93	0.00	0.00	2000
71	7.04	1020	2079	0.00	194	0	0	0	92.97	0.00	0.02	3.59	88.62	92.96	0.00	37	0	43	0.00	0.00	56.99	7.15	0.00	0.00	2000
72	7.18	995	2106	0.29	209	0	0	1	86.88	0.00	0.03	4.18	89.09	92.82	0.00	37	0	42	0.00	0.00	60.90	7.88	0.00	0.00	2000
77	7.16	1074	2108	0.00	193	0	0	0	nan	0.00	0.02	2.42	90.88	92.84	0.00	37	0	42	0.00	0.00	57.54	7.51	0.00	0.00	2000
232	11.05	2138	2064	0.00	207	0	0	0	nan	0.00	2.43	6.65	78.57	88.95	0.00	37	0	42	0.00	0.00	64.42	7.22	0.00	0.00	2000
238	11.20	2070	2152	0.00	217	0	0	0	nan	0.00	0.00	8.34	82.77	88.80	0.00	38	0	43	0.00	0.00	67.98	7.74	0.00	0.00	2000
232	10.97	2118	2100	0.00	200	0	0	0	nan	0.00	0.03	5.55	83.50	89.03	0.00	38	0	43	0.00	0.00	63.58	7.38	0.00	0.00	2000
231	11.08	2089	2094	0.00	199	0	0	0	nan	0.00	0.00	6.28	82.37	88.92	0.00	39	0	42	0.00	0.00	64.50	7.37	0.00	0.00	2000
233	11.13	2103	2086	0.00	198	0	0	0	nan	0.00	0.00	7.04	81.38	88.87	0.00	37	0	43	0.00	0.00	66.93	8.09	0.00	0.00	2000
226	10.94	2050	2120	0.00	202	0	0	0	nan	0.00	0.00	7.11	82.98	89.06	0.00	38	0	42	0.00	0.00	65.00	8.01	0.00	0.00	2000
213	10.80	2007	2068	0.00	198	0	0	0	nan	0.00	0.00	5.13	82.90	89.20	0.00	37	0	43	0.00	0.00	62.58	7.54	0.00	0.00	2000
233	10.90	2116	2124	0.00	198	0	0	0	nan	0.00	0.01	3.10	87.10	89.10	0.00	38	0	42	0.00	0.00	67.27	8.19	0.00	0.00	2000
234	11.12	2100	2105	0.00	214	0	0	0	nan	0.00	0.02	4.14	84.97	88.88	0.00	38	0	42	0.00	0.00	64.27	7.70	0.00	0.00	2000
231	10.99	2104	2098	0.00	183	0	0	0	nan	0.00	0.01	5.76	83.29	89.01	0.00	38	0	42	0.00	0.00	65.91	7.58	0.00	0.00	2000
230	11.03	2104	2081	0.00	204	0	0	0	nan	0.00	0.02	3.62	84.62	88.97	0.00	38	0	42	0.00	0.00	64.48	7.65	0.00	0.00	2000
228	11.14	2061	2084	0.00	214	0	0	0	nan	0.00	0.00	5.01	83.30	88.86	0.00	39	0	43	0.00	0.00	62.64	7.30	0.00	0.00	2000
234	11.14	2060	2138	0.00	198	0	0	0	nan	0.00	0.02	5.49	85.09	88.86	0.00	39	0	42	0.00	0.00	67.39	7.77	0.00	0.00	2000
229	10.77	2126	2096	0.00	197	0	0	0	nan	0.00	0.00	4.62	84.48	89.23	0.00	39	0	43	0.00	0.00	64.12	7.48	0.00	0.00	2000
232	10.88	2115	2112	0.00	220	0	0	5	92.93	0.00	0.03	5.94	83.83	89.12	0.00	39	0	42	0.00	0.00	68.83	7.81	0.00	0.00	2000
226	10.98	2087	2073	0.58	199	0	0	14	86.56	0.00	0.00	5.90	82.08	89.02	0.00	39	0	42	0.00	0.00	60.29	6.89	0.00	0.00	2000
233	11.00	2098	2123	0.00	214	0	0	0	nan	0.00	0.02	4.56	85.50	89.00	0.00	39	0	43	0.00	0.00	67.01	7.82	0.00	0.00	2000
227	10.79	2115	2091	0.00	182	0	0	0	nan	0.00	0.01	4.98	83.94	89.21	0.00	39	0	43	0.00	0.00	65.55	7.58	0.00	0.00	2000
228	10.88	2124	2071	0.00	199	0	0	0	nan	0.00	0.00	4.58	83.34	89.12	0.00	39	0	42	0.00	0.00	62.11	7.41	0.00	0.00	2000
233	10.75	2118	2148	0.00	219	0	0	0	nan	0.00	0.00	3.71	87.60	89.25	0.00	39	0	42	0.00	0.00	69.56	8.10	0.00	0.00	2000
226	11.08	2067	2072	0.00	197	0	0	0	nan	0.00	0.00	4.98	82.84	88.92	0.00	39	0	42	0.00	0.00	63.65	7.48	0.00	0.00	2000
231	10.90	2113	2111	0.00	199	0	0	0	nan	0.00	0.00	5.44	84.25	89.10	0.00	38	0	42	0.00	0.00	65.99	7.74	0.00	0.00	2000
231	11.14	2087	2091	0.00	203	0	0	0	nan	0.00	0.02	5.90	82.65	88.86	0.00	38	0	42	0.00	0.00	66.12	7.96	0.00	0.00	2000
236	11.21	2074	2130	0.00	199	0	0	0	nan	0.00	0.02	4.79	85.41	88.79	0.00	39	0	42	0.00	0.00	66.73	7.63	0.00	0.00	2000
228	11.48	2019	2067	0.00	200	0	0	0	nan	0.00	0.00	5.48	81.76	88.52	0.00	39	0	42	0.00	0.00	62.84	7.27	0.00	0.00	2000
233	11.08	2081	2125	0.00	214	0	0	0	nan	0.00	0.02	6.89	83.12	88.92	0.00	39	0	42	0.00	0.00	64.50	7.41	0.00	0.00	2000
229	10.96	2083	2109	0.00	198	0	0	0	nan	0.00	0.00	7.29	82.21	89.04	0.00	39	0	43	0.00	0.00	66.10	7.55	0.00	0.00	2000
224	11.11	2045	2069	0.00	198	0	0	0	nan	0.00	0.01	5.12	82.56	88.89	0.00	39	0	42	0.00	0.00	62.71	7.43	0.00	0.00	2000
237	11.07	2108	2135	0.00	198	0	0	0	nan	0.00	0.02	5.27	85.10	88.93	0.00	39	0	42	0.00	0.00	69.67	7.83	0.00	0.00	2000
222	10.85	2092	2058	0.00	203	0	0	0	nan	0.00	0.00	5.91	81.60	89.15	0.00	39	0	42	0.00	0.00	60.28	6.96	0.00	0.00	2000
229	11.04	2078	2097	0.00	197	0	0	0	nan	0.00	0.04	4.32	84.56	88.96	0.00	39	0	42	0.00	0.00	65.25	7.55	0.00	0.00	2000
229	11.08	2050	2113	0.00	215	0	0	11	93.22	0.00	0.03	2.98	86.58	88.92	0.00	39	0	42	0.00	0.00	68.26	7.77	0.00	0.00	2000
232	11.28	2047	2113	0.48	199	0	0	13	54.57	0.00	0.01	5.39	84.00	88.72	0.00	39	0	42	0.00	0.00	65.81	7.66	0.00	0.00	2000
237	11.01	2130	2122	0.00	199	0	0	0	nan	0.00	0.55	4.83	84.58	88.99	0.00	39	0	42	0.00	0.00	66.46	7.59	0.00	0.00	2000
225	11.00	2083	2060	0.00	205	0	0	0	nan	0.00	0.00	4.12	83.32	89.00	0.00	39	0	42	0.00	0.00	61.36	7.12	0.00	0.00	2000
235	11.13	2078	2137	0.00	197	0	0	0	nan	0.00	0.47	3.60	86.46	88.87	0.00	39	0	42	0.00	0.00	68.81	8.07	0.00	0.00	2000
245	11.73	2129	2063	0.00	197	0	0	0	nan	0.00	0.00	5.97	80.79	88.27	0.00	39	0	42	0.00	0.00	61.63	7.19	0.00	0.00	2000
235	11.25	2064	2127	0.00	214	0	0	0	nan	0.00	0.00	4.68	85.33	88.75	0.00	39	0	43	0.00	0.00	68.35	7.91	0.00	0.00	2000
232	11.13	2087	2096	0.00	199	0	0	0	nan	0.00	0.02	6.18	82.62	88.87	0.00	39	0	43	0.00	0.00	64.47	7.59	0.00	0.00	2000
231	11.09	2069	2116	0.00	207	0	0	0	nan	0.00	0.00	4.61	85.08	88.91	0.00	39	0	42	0.00	0.00	68.91	7.63	0.00	0.00	2000
229	10.88	2116	2086	0.00	197	0	0	0	nan	0.00	0.02	5.60	82.98	89.12	0.00	39	0	42	0.00	0.00	59.94	7.26	0.00	0.00	2000
225	11.14	2070	2044	0.00	247	0	0	0	nan	0.00	0.03	3.68	82.88	88.86	0.00	38	0	42	0.00	0.00	64.19	7.56	0.00	0.00	2000
238	10.98	2092	2173	0.00	225	0	0	0	nan	0.00	0.07	7.31	84.80	89.02	0.00	38	0	43	0.00	0.00	70.83	7.86	0.00	0.00	2000
224	11.03	2020	2109	0.00	199	0	0	0	nan	0.00	0.06	5.07	84.43	88.97	0.00	38	0	42	0.00	0.00	59.91	7.63	0.00	0.00	2000
221	10.99	2021	2086	0.00	198	0	0	0	nan	0.00	0.00	6.52	81.94	89.01	0.00	39	0	42	0.00	0.00	66.66	7.47	0.00	0.00	2000
223	10.97	2029	2106	0.00	197	0	0	0	nan	0.00	0.00	4.56	84.92	89.03	0.00	39	0	42	0.00	0.00	62.38	7.48	0.00	0.00	2000
224	10.97	2050	2093	0.00	197	0	0	0	nan	0.03	0.01	3.66	85.16	89.03	0.00	38	0	42	0.00	0.00	66.84	7.67	0.00	0.00	2000
223	11.01	2027	2095	0.00	199	0	0	0	nan	0.00	0.00	5.21	83.69	88.99	0.00	38	0	43	0.00	0.00	64.36	7.48	0.00	0.00	2000
222	10.87	2034	2110	0.18	198	0	0	16	91.87	0.00	0.49	6.79	82.44	89.13	0.00	39	0	43	0.00	0.00	67.03	7.83	0.00	0.00	2000
224	10.99	2046	2090	0.51	197	0	0	7	90.97	0.00	0.00	5.88	82.86	89.01	0.00	38	0	43	0.00	0.00	59.12	6.85	0.00	0.00	2000
223	11.13	2005	2095	0.00	198	0	0	0	nan	0.00	0.00	5.92	82.96	88.87	0.00	39	0	42	0.00	0.00	65.26	7.78	0.00	0.00	2000
228	10.88	2076	2116	0.00	198	0	0	0	nan	0.00	0.03	4.88	84.77	89.12	0.00	39	0	43	0.00	0.00	68.50	8.10	0.00	0.00	2000
219	11.48	2029	1973	0.00	201	0	0	0	nan	0.00	0.00	6.99	76.35	88.52	0.00	38	0	42	0.00	0.00	59.21	6.89	0.00	0.00	2000
227	10.47	2032	2236	0.00	211	0	0	0	nan	0.00	0.00	7.05	88.37	89.53	0.00	39	0	43	0.00	0.00	64.14	7.76	0.00	0.00	2000
222	11.02	2020	2096	0.00	199	0	0	0	nan	0.00	0.00	5.38	83.55	88.98	0.00	38	0	42	0.00	0.00	65.26	7.80	0.00	0.00	2000
222	11.04	2004	2111	0.00	197	0	0	0	nan	0.00	0.02	4.28	85.31	88.96	0.00	39	0	43	0.00	0.00	66.72	7.85	0.00	0.00	2000
226	10.68	2106	2109	0.00	215	0	0	0	nan	0.00	0.01	5.20	84.53	89.32	0.00	39	0	43	0.00	0.00	62.00	7.51	0.00	0.00	2000
584	26.04	2453	1922	0.00	218	0	0	0	nan	0.01	0.00	3.93	63.87	73.96	0.00	38	0	43	0.00	0.00	64.87	7.88	0.00	0.00	2000
692	27.63	2500	2103	0.00	253	0	0	0	nan	0.00	0.02	4.07	68.50	72.37	0.00	38	0	43	0.00	0.00	71.87	8.07	0.00	0.00	2000
687	27.47	2500	2100	0.00	261	0	0	0	nan	0.00	0.01	3.44	69.20	72.53	0.00	39	0	42	0.00	0.00	71.42	8.02	0.00	0.00	2000
691	27.62	2500	2101	0.00	252	0	0	0	nan	0.00	0.00	4.08	68.45	72.38	0.00	39	0	42	0.00	0.00	71.55	7.89	0.00	0.00	2000
688	27.52	2500	2100	0.00	260	0	0	0	nan	0.00	0.03	3.40	69.19	72.48	0.00	39	0	42	0.00	0.00	71.54	7.91	0.00	0.00	2000
690	27.60	2500	2100	0.00	254	0	0	0	nan	0.00	0.00	4.05	68.48	72.40	0.00	39	0	42	0.00	0.00	71.62	7.88	0.00	0.00	2000
686	27.45	2500	2099	0.00	261	0	0	8	86.16	0.00	0.00	3.68	68.95	72.55	0.00	39	0	43	0.00	0.00	71.43	7.83	0.00	0.00	2000
691	27.66	2500	2099	0.23	251	0	0	71	86.80	0.00	0.00	3.91	68.52	72.34	0.00	39	0	42	0.00	0.00	69.49	7.63	0.00	0.00	2000
515	19.89	2399	2265	0.00	326	0	0	0	nan	0.00	0.00	12.82	73.67	80.11	0.00	38	0	43	0.00	0.00	76.35	8.51	0.00	0.00	2000
227	10.65	2110	2119	0.00	197	0	0	0	nan	0.00	0.00	5.30	84.89	89.35	0.00	38	0	43	0.00	0.00	65.56	7.92	0.00	0.00	2000
223	10.78	2075	2097	0.00	197	0	0	0	nan	0.00	0.02	5.36	83.76	89.22	0.00	38	0	43	0.00	0.00	64.44	7.74	0.00	0.00	2000
225	10.75	2099	2097	0.00	197	0	0	0	nan	0.00	0.00	5.85	83.36	89.25	0.00	38	0	43	0.00	0.00	63.22	7.66	0.00	0.00	2000
223	10.91	2040	2104	0.00	201	0	0	0	nan	0.00	0.00	6.50	82.88	89.09	0.00	39	0	43	0.00	0.00	64.26	7.72	0.00	0.00	2000
221	10.90	2030	2098	0.00	195	0	0	0	nan	0.01	2.04	4.17	82.96	89.10	0.00	39	0	42	0.00	0.00	62.54	7.51	0.00	0.00	2000
223	10.90	2042	2103	0.00	196	0	0	0	nan	0.00	0.06	3.78	85.55	89.10	0.00	38	0	43	0.00	0.00	64.67	7.97	0.00	0.00	2000
223	10.90	2040	2102	0.00	196	0	0	0	nan	0.00	0.03	2.56	86.72	89.10	0.00	38	0	43	0.00	0.00	64.70	7.87	0.00	0.00	2000
224	10.92	2053	2097	0.00	198	0	0	0	nan	0.00	0.00	6.49	82.61	89.08	0.00	39	0	42	0.00	0.00	65.07	7.58	0.00	0.00	2000
226	10.66	2121	2096	0.00	200	0	0	0	nan	0.00	0.88	5.41	82.91	89.34	0.00	39	0	42	0.00	0.00	60.94	7.56	0.00	0.00	2000
223	11.01	2027	2100	0.00	198	0	0	0	nan	0.00	0.00	5.95	83.13	88.99	0.00	39	0	42	0.00	0.00	63.63	7.63	0.00	0.00	2000
222	11.01	2012	2103	0.00	195	0	0	0	nan	0.00	0.00	5.70	83.53	88.99	0.00	39	0	42	0.00	0.00	61.35	7.65	0.00	0.00	2000
222	11.07	1998	2104	0.00	199	0	0	0	nan	0.00	0.00	6.60	82.72	88.93	0.00	39	0	42	0.00	0.00	67.58	7.70	0.00	0.00	2000
222	10.84	2050	2101	0.00	196	0	0	0	nan	0.00	0.00	5.43	83.94	89.16	0.00	39	0	42	0.00	0.00	63.03	7.76	0.00	0.00	2000
224	10.86	2069	2097	0.00	201	0	0	0	nan	0.00	0.02	6.07	83.06	89.14	0.00	38	0	42	0.00	0.00	65.28	7.93	0.00	0.00	2000
222	10.71	2075	2101	0.14	197	0	0	6	51.36	0.01	0.00	5.19	84.32	89.29	0.00	39	0	43	0.00	0.00	61.47	7.33	0.00	0.00	2000
232	10.80	2149	2099	0.42	204	0	0	4	62.73	0.00	0.00	7.37	81.80	89.20	0.00	39	0	43	0.00	0.00	66.25	7.87	0.00	0.00	2000
222	10.80	2098	2057	0.00	199	0	0	0	nan	0.00	0.00	5.66	81.80	89.20	0.00	39	0	42	0.00	0.00	60.05	7.29	0.00	0.00	2000
212	11.06	1911	2108	0.00	197	0	0	0	nan	0.00	0.00	5.49	83.98	88.94	0.00	38	0	42	0.00	0.00	62.57	7.44	0.00	0.00	2000
153	9.22	1637	2126	0.00	251	0	0	0	nan	0.00	0.04	9.34	82.63	90.78	0.00	37	0	42	0.00	0.00	63.37	7.93	0.00	0.00	2000
77	6.98	1102	2092	0.00	193	0	0	0	nan	0.00	0.02	5.41	87.44	93.02	0.00	37	0	43	0.00	0.00	57.27	7.31	0.00	0.00	2000
