Avg_MHz	Busy%	Bzy_MHz	TSC_MHz	IPC	IRQ	NMI	SMI	LLCMRPS	LLC%hit	POLL%	C1%	C1E%	C6%	CPU%c1	CPU%c6	CoreTmp	CoreThr	PkgTmp	Pkg%pc2	Pkg%pc6	PkgWatt	RAMWatt	PKG_%	RAM_%	UncMHz
396	18.68	2058	2162	0.00	233	0	0	0	nan	0.00	0.48	41.72	41.55	81.32	0.00	38	0	42	0.00	0.00	69.36	8.10	0.00	0.00	2000
410	18.64	2195	2105	0.00	243	0	0	0	nan	0.04	0.87	17.92	62.94	81.36	0.00	37	0	43	0.00	0.00	66.48	7.68	0.00	0.00	2000
78	6.96	1114	2109	0.00	194	0	0	0	nan	0.00	0.02	5.27	88.28	93.04	0.00	37	0	42	0.00	0.00	58.82	7.46	0.00	0.00	2000
73	6.83	1072	2084	0.00	194	0	0	0	nan	0.00	0.02	3.62	88.87	93.17	0.00	37	0	42	0.00	0.00	57.92	7.25	0.00	0.00	2000
78	7.25	1055	2126	0.00	194	0	0	0	nan	0.00	0.00	2.34	91.64	92.75	0.00	37	0	42	0.00	0.00	59.12	7.43	0.00	0.00	2000
73	6.87	1058	2101	0.00	192	0	0	0	nan	0.00	0.00	3.17	90.18	93.13	0.00	37	0	42	0.00	0.00	58.25	7.51	0.00	0.00	2000
73	6.76	1095	2064	0.00	193	0	0	0	nan	0.00	0.00	2.82	88.93	93.24	0.00	37	0	43	0.00	0.00	57.49	7.22	0.00	0.00	2000
73	6.94	1030	2132	0.00	194	0	0	0	nan	0.00	0.00	2.23	92.43	93.06	0.00	37	0	42	0.00	0.00	59.69	7.64	0.00	0.00	2000
74	6.49	1136	2105	0.00	193	0	0	0	nan	0.00	0.02	2.82	91.02	93.51	0.00	37	0	43	0.00	0.00	59.14	7.59	0.00	0.00	2000
75	7.16	1051	2094	0.00	194	0	0	0	nan	0.00	0.00	3.57	89.01	92.84	0.00	37	0	42	0.00	0.00	59.46	7.44	0.00	0.00	2000
73	6.60	1104	2103	0.00	193	0	0	0	nan	0.00	0.00	3.49	90.09	93.40	0.00	37	0	42	0.00	0.00	58.04	7.30	0.00	0.00	2000
71	6.85	1040	2100	0.00	194	0	0	0	nan	0.00	0.01	3.37	89.91	93.15	0.00	37	0	42	0.00	0.00	58.57	7.42	0.00	0.00	2000
75	7.10	1053	2100	0.00	197	0	0	0	nan	0.00	0.02	4.14	88.84	92.90	0.00	37	0	43	0.00	0.00	58.57	7.28	0.00	0.00	2000
72	7.04	1022	2096	0.00	193	0	0	0	nan	0.00	0.01	2.89	89.99	92.96	0.00	37	0	43	0.00	0.00	58.92	7.59	0.00	0.00	2000
73	6.76	1086	2101	0.00	193	0	0	0	nan	0.00	0.00	3.55	89.92	93.24	0.00	37	0	42	0.00	0.00	58.51	7.49	0.00	0.00	2000
73	6.98	1042	2104	0.00	197	0	0	0	nan	0.00	0.02	3.99	89.32	93.02	0.00	37	0	42	0.00	0.00	58.09	7.43	0.00	0.00	2000
71	6.67	1080	2072	0.30	193	0	0	0	81.82	0.00	0.00	3.31	88.91	93.33	0.00	37	0	42	0.00	0.00	57.49	7.25	0.00	0.00	2000
73	6.80	1062	2122	0.18	193	0	0	0	nan	0.00	0.02	2.49	91.75	93.20	0.00	37	0	42	0.00	0.00	59.54	7.37	0.00	0.00	2000
184	9.45	1953	2096	0.00	205	0	0	0	nan	0.00	0.72	6.65	83.22	90.55	0.00	37	0	42	0.00	0.00	62.30	7.40	0.00	0.00	2000
223	10.89	2051	2102	0.00	200	0	0	0	nan	0.01	0.00	5.73	83.60	89.11	0.00	38	0	42	0.00	0.00	63.79	7.27	0.00	0.00	2000
226	10.89	2071	2102	0.00	200	0	0	0	nan	0.00	0.03	3.90	85.36	89.11	0.00	39	0	42	0.00	0.00	63.87	7.37	0.00	0.00	2000
219	11.75	2002	1951	0.00	194	0	0	0	nan	0.00	0.00	4.36	77.80	88.25	0.00	39	0	42	0.00	0.00	60.68	6.92	0.00	0.00	2000
219	10.65	1918	2245	0.00	217	0	0	0	nan	0.01	0.00	5.05	90.62	89.35	0.00	37	0	42	0.00	0.00	70.13	7.95	0.00	0.00	2000
230	10.92	2124	2083	0.00	204	0	0	0	nan	0.00	0.00	4.27	84.13	89.08	0.00	38	0	42	0.00	0.00	65.18	7.67	0.00	0.00	2000
234	11.12	2077	2129	0.00	219	0	0	0	nan	0.00	0.00	4.37	85.79	88.88	0.00	39	0	42	0.00	0.00	65.10	7.79	0.00	0.00	2000
246	12.14	2030	2096	0.00	225	0	0	0	nan	0.00	0.03	8.56	79.23	87.86	0.00	38	0	43	0.00	0.00	67.88	8.27	0.00	0.00	2000
220	11.33	2063	1979	0.00	184	0	0	0	nan	0.00	0.01	5.02	78.71	88.67	0.00	38	0	42	0.00	0.00	59.75	7.41	0.00	0.00	2000
227	10.48	2027	2242	0.00	216	0	0	0	nan	0.00	0.01	4.66	91.11	89.52	0.00	39	0	43	0.00	0.00	71.74	8.16	0.00	0.00	2000
219	10.91	2063	2040	0.00	197	0	0	0	nan	0.00	0.01	4.52	82.23	89.09	0.00	39	0	42	0.00	0.00	63.55	7.35	0.00	0.00	2000
223	10.65	2058	2135	0.00	199	0	0	0	nan	0.00	0.00	4.77	86.24	89.35	0.00	40	0	42	0.00	0.00	64.86	7.59	0.00	0.00	2000
222	10.67	2118	2059	0.00	220	0	0	0	nan	0.00	0.04	5.35	82.29	89.33	0.00	40	0	43	0.00	0.00	64.41	7.27	0.00	0.00	2000
224	10.77	2011	2170	0.00	198	0	0	0	nan	0.00	0.02	5.40	87.02	89.23	0.00	40	0	43	0.00	0.00	66.58	7.48	0.00	0.00	2000
221	10.78	2054	2099	0.00	197	0	0	0	nan	0.00	0.02	4.73	84.62	89.22	0.00	40	0	43	0.00	0.00	64.73	7.36	0.00	0.00	2000
220	11.32	2014	2024	0.56	199	0	0	16	83.57	0.00	0.04	4.99	80.62	88.68	0.00	39	0	42	0.00	0.00	60.79	6.97	0.00	0.00	2000
223	11.33	2016	2053	0.11	200	0	0	0	nan	0.00	0.01	5.25	81.62	88.67	0.00	40	0	42	0.00	0.00	62.29	7.10	0.00	0.00	2000
228	10.66	2006	2238	0.00	213	0	0	0	nan	0.00	0.00	3.47	91.92	89.34	0.00	40	0	42	0.00	0.00	72.26	8.11	0.00	0.00	2000
219	10.75	2045	2096	0.00	204	0	0	0	nan	0.00	0.00	3.90	85.32	89.25	0.00	38	0	43	0.00	0.00	65.44	7.64	0.00	0.00	2000
224	11.06	2036	2090	0.00	199	0	0	0	nan	0.00	0.02	3.85	84.85	88.94	0.00	39	0	43	0.00	0.00	59.44	7.19	0.00	0.00	2000
222	10.94	2037	2097	0.00	213	0	0	0	nan	0.00	0.00	3.17	85.90	89.06	0.00	39	0	43	0.00	0.00	67.83	8.16	0.00	0.00	2000
227	10.81	2086	2112	0.00	203	0	0	0	nan	0.00	0.00	3.50	86.39	89.19	0.00	39	0	43	0.00	0.00	64.95	7.43	0.00	0.00	2000
223	10.78	2065	2100	0.00	199	0	0	0	nan	0.00	0.03	4.45	84.85	89.22	0.00	39	0	42	0.00	0.00	65.16	8.00	0.00	0.00	2000
225	11.05	2042	2095	0.00	206	0	0	0	nan	0.00	0.02	6.52	82.33	88.95	0.00	39	0	42	0.00	0.00	64.63	7.66	0.00	0.00	2000
224	10.96	2042	2105	0.00	212	0	0	0	nan	0.00	0.49	7.93	81.04	89.04	0.00	40	0	42	0.00	0.00	67.76	8.09	0.00	0.00	2000
223	11.22	1983	2101	0.00	199	0	0	0	nan	0.00	0.00	4.93	84.11	88.78	0.00	39	0	42	0.00	0.00	60.12	7.29	0.00	0.00	2000
227	11.43	1984	2101	0.00	204	0	0	0	nan	0.00	0.01	5.01	83.72	88.57	0.00	39	0	43	0.00	0.00	66.15	8.04	0.00	0.00	2000
217	11.17	2064	1973	0.00	198	0	0	0	nan	0.00	0.00	5.48	78.19	88.83	0.00	40	0	42	0.00	0.00	62.32	7.28	0.00	0.00	2000
223	10.66	1986	2215	0.00	199	0	0	0	nan	0.00	0.01	5.21	89.16	89.34	0.00	40	0	43	0.00	0.00	70.61	8.05	0.00	0.00	2000
220	10.93	2025	2089	0.00	199	0	0	0	nan	0.00	0.00	5.89	82.73	89.07	0.00	40	0	42	0.00	0.00	65.17	7.07	0.00	0.00	2000
223	10.88	2021	2131	0.00	200	0	0	0	nan	0.00	0.00	5.22	85.36	89.12	0.00	40	0	42	0.00	0.00	60.64	7.28	0.00	0.00	2000
223	10.86	2066	2088	0.00	198	0	0	0	nan	0.00	0.00	4.77	84.02	89.14	0.00	40	0	43	0.00	0.00	65.31	7.75	0.00	0.00	2000
219	10.87	2082	2031	0.65	196	0	0	4	88.97	0.00	0.01	2.75	83.61	89.13	0.00	40	0	42	0.00	0.00	62.44	7.14	0.00	0.00	2000
222	10.55	2070	2137	0.13	196	0	0	0	nan	0.00	0.00	2.98	88.17	89.45	0.00	40	0	42	0.00	0.00	64.28	7.34	0.00	0.00	2000
220	10.68	2063	2101	0.00	195	0	0	0	nan	0.00	0.04	2.99	86.50	89.32	0.00	40	0	42	0.00	0.00	67.10	7.87	0.00	0.00	2000
227	10.75	2091	2118	0.00	197	0	0	0	nan	0.00	0.00	3.44	86.71	89.25	0.00	40	0	42	0.00	0.00	67.57	7.38	0.00	0.00	2000
222	10.94	2017	2113	0.00	195	0	0	0	nan	0.00	0.03	3.12	86.62	89.06	0.00	40	0	42	0.00	0.00	64.32	7.60	0.00	0.00	2000
218	11.18	1997	2054	0.00	194	0	0	0	nan	0.00	0.00	3.32	83.75	88.82	0.00	40	0	42	0.00	0.00	58.88	6.79	0.00	0.00	2000
217	11.05	2014	2052	0.00	195	0	0	0	nan	0.00	0.02	2.89	84.15	88.95	0.00	40	0	42	0.00	0.00	66.08	7.69	0.00	0.00	2000
222	10.77	1964	2205	0.00	210	0	0	0	nan	0.00	0.01	2.60	91.25	89.23	0.00	40	0	42	0.00	0.00	65.30	7.48	0.00	0.00	2000
216	11.04	2047	2009	0.00	195	0	0	0	nan	0.00	0.02	2.71	82.54	88.96	0.00	40	0	42	0.00	0.00	61.89	7.15	0.00	0.00	2000
222	10.86	1998	2151	0.00	195	0	0	0	nan	0.00	0.01	2.65	88.83	89.14	0.00	40	0	42	0.00	0.00	64.10	7.24	0.00	0.00	2000
220	10.69	2018	2145	0.00	196	0	0	0	nan	0.00	0.02	2.74	88.61	89.31	0.00	40	0	42	0.00	0.00	69.64	7.57	0.00	0.00	2000
221	11.00	2039	2073	0.00	195	0	0	0	nan	0.01	0.00	3.04	85.01	89.00	0.00	40	0	43	0.00	0.00	59.92	7.56	0.00	0.00	2000
221	10.66	2062	2111	0.00	197	0	0	0	nan	0.00	0.00	3.69	86.21	89.34	0.00	40	0	42	0.00	0.00	64.07	7.25	0.00	0.00	2000
221	10.93	2019	2108	0.00	195	0	0	0	nan	0.00	0.04	3.30	86.20	89.07	0.00	40	0	43	0.00	0.00	64.66	7.52	0.00	0.00	2000
220	10.78	2073	2071	0.00	211	0	0	0	nan	0.00	0.03	2.79	85.31	89.22	0.00	40	0	42	0.00	0.00	64.52	7.38	0.00	0.00	2000
220	11.06	1962	2126	0.00	196	0	0	0	nan	0.00	0.03	3.43	86.75	88.94	0.00	40	0	42	0.00	0.00	64.70	7.37	0.00	0.00	2000
221	10.95	2001	2121	0.00	195	0	0	0	90.02	0.00	0.00	2.92	87.14	89.05	0.00	40	0	42	0.00	0.00	65.64	7.45	0.00	0.00	2000
220	11.09	1999	2082	0.67	195	0	0	3	81.05	0.00	0.00	3.48	84.90	88.91	0.00	40	0	42	0.00	0.00	64.95	7.41	0.00	0.00	2000
220	11.12	2024	2051	0.19	194	0	0	0	nan	0.00	0.01	2.91	84.03	88.88	0.00	40	0	42	0.00	0.00	63.36	7.37	0.00	0.00	2000
223	11.14	1989	2111	0.00	196	0	0	0	nan	0.00	0.02	3.21	86.27	88.86	0.00	41	0	42	0.00	0.00	64.75	7.33	0.00	0.00	2000
220	10.50	2084	2115	0.00	194	0	0	0	nan	0.00	0.02	2.97	87.24	89.50	0.00	40	0	42	0.00	0.00	64.44	7.25	0.00	0.00	2000
219	10.69	2054	2089	0.00	194	0	0	0	nan	0.00	0.02	3.26	85.74	89.31	0.00	41	0	42	0.00	0.00	64.52	7.36	0.00	0.00	2000
221	10.67	2065	2109	0.00	195	0	0	0	nan	0.00	0.02	3.60	86.25	89.33	0.00	40	0	42	0.00	0.00	64.71	7.52	0.00	0.00	2000
220	10.61	2070	2101	0.00	195	0	0	0	nan	0.00	0.00	3.82	85.71	89.39	0.00	41	0	42	0.00	0.00	65.04	7.28	0.00	0.00	2000
223	10.59	2059	2142	0.00	195	0	0	0	nan	0.00	0.00	3.65	87.55	89.41	0.00	40	0	42	0.00	0.00	65.10	7.48	0.00	0.00	2000
218	10.72	2089	2040	0.00	196	1	0	0	nan	0.00	0.02	2.96	83.93	89.28	0.00	40	0	42	0.00	0.00	64.71	7.20	0.00	0.00	2000
220	10.69	2045	2115	0.00	194	0	0	0	nan	0.00	0.02	3.23	86.73	89.31	0.00	40	0	42	0.00	0.00	64.71	7.21	0.00	0.00	2000
220	10.67	2023	2143	0.00	196	0	0	0	nan	0.00	0.00	3.72	87.56	89.33	0.00	40	0	43	0.00	0.00	65.67	7.50	0.00	0.00	2000
218	10.84	2033	2082	0.00	209	0	0	0	nan	0.00	0.00	3.19	85.31	89.16	0.00	40	0	42	0.00	0.00	65.15	7.44	0.00	0.00	2000
219	11.18	2023	2032	0.00	197	0	0	0	nan	0.00	0.00	2.73	83.33	88.82	0.00	40	0	42	0.00	0.00	63.36	7.30	0.00	0.00	2000
221	10.67	2016	2159	0.00	195	0	0	0	nan	0.00	0.00	2.74	89.27	89.33	0.00	40	0	42	0.00	0.00	63.92	7.35	0.00	0.00	2000
219	10.88	2005	2107	0.00	195	0	0	0	nan	0.00	0.00	3.79	85.73	89.12	0.00	40	0	42	0.00	0.00	64.02	7.41	0.00	0.00	2000
219	10.96	2025	2074	0.00	197	0	0	0	nan	0.00	0.00	4.64	83.42	89.04	0.00	41	0	42	0.00	0.00	64.64	7.31	0.00	0.00	2000
220	10.73	2031	2118	0.00	195	0	0	0	nan	0.00	0.00	3.68	86.53	89.27	0.00	41	0	42	0.00	0.00	64.28	7.34	0.00	0.00	2000
225	10.87	2050	2118	0.74	197	0	0	18	35.26	0.00	0.00	3.71	86.31	89.13	0.00	40	0	43	0.00	0.00	64.39	7.67	0.00	0.00	2000
220	11.05	1991	2097	0.31	196	0	0	0	nan	0.00	0.00	3.64	85.42	88.95	0.00	40	0	42	0.00	0.00	64.65	7.39	0.00	0.00	2000
219	11.21	1993	2059	0.00	212	0	0	0	nan	0.00	0.00	2.90	84.31	88.79	0.00	40	0	42	0.00	0.00	63.83	7.42	0.00	0.00	2000
220	10.68	2030	2132	0.00	194	0	0	0	nan	0.00	0.00	2.78	88.04	89.32	0.00	41	0	42	0.00	0.00	64.63	7.51	0.00	0.00	2000
220	11.10	1976	2105	0.00	195	0	0	0	nan	0.00	0.00	3.36	85.91	88.90	0.00	40	0	43	0.00	0.00	64.42	7.35	0.00	0.00	2000
229	11.63	2006	2058	0.00	196	0	0	0	nan	0.00	0.00	4.32	82.44	88.37	0.00	40	0	43	0.00	0.00	64.29	7.37	0.00	0.00	2000
221	10.60	2060	2122	0.00	194	0	0	0	nan	0.00	0.00	3.17	87.26	89.40	0.00	40	0	43	0.00	0.00	64.82	7.31	0.00	0.00	2000
219	10.89	2021	2094	0.00	194	0	0	0	nan	0.00	0.02	3.08	85.91	89.11	0.00	40	0	43	0.00	0.00	64.38	7.09	0.00	0.00	2000
220	10.55	2073	2114	0.00	194	0	0	0	nan	0.00	0.00	2.88	87.20	89.45	0.00	40	0	42	0.00	0.00	64.72	7.23	0.00	0.00	2000
219	10.65	2052	2103	0.00	194	0	0	0	nan	0.00	0.00	3.70	85.81	89.35	0.00	40	0	43	0.00	0.00	64.46	7.41	0.00	0.00	2000
224	11.13	2028	2081	0.00	200	0	0	0	nan	0.00	0.00	4.84	83.30	88.87	0.00	40	0	42	0.00	0.00	64.91	7.33	0.00	0.00	2000
220	10.87	2013	2115	0.00	195	0	0	0	nan	0.00	0.02	3.11	86.83	89.13	0.00	40	0	42	0.00	0.00	65.28	7.62	0.00	0.00	2000
217	10.93	2015	2073	0.00	211	0	0	0	nan	0.00	0.00	2.80	85.25	89.07	0.00	40	0	43	0.00	0.00	63.86	7.35	0.00	0.00	2000
221	10.56	2052	2142	0.00	194	0	0	0	nan	0.00	0.02	2.95	88.42	89.44	0.00	40	0	42	0.00	0.00	65.35	7.39	0.00	0.00	2000
219	11.19	1959	2101	0.00	196	0	0	0	nan	0.00	0.03	4.03	84.99	88.81	0.00	40	0	43	0.00	0.00	64.53	7.45	0.00	0.00	2000
224	11.32	2017	2063	0.00	199	0	0	0	nan	0.00	0.00	3.82	83.42	88.68	0.00	40	0	43	0.00	0.00	64.63	7.58	0.00	0.00	2000
220	10.77	2005	2140	0.00	194	0	0	0	nan	0.00	0.02	3.26	87.83	89.23	0.00	40	0	43	0.00	0.00	64.36	7.24	0.00	0.00	2000
220	11.10	2011	2067	0.60	210	0	0	4	90.81	0.00	0.02	2.49	85.16	88.90	0.00	40	0	42	0.00	0.00	65.69	7.43	0.00	0.00	2000
222	11.01	1974	2144	0.13	197	0	0	0	nan	0.00	0.05	4.03	87.02	88.99	0.00	40	0	43	0.00	0.00	64.23	7.16	0.00	0.00	2000
220	11.14	1973	2105	0.00	212	0	0	0	nan	0.00	0.00	3.83	85.45	88.86	0.00	41	0	42	0.00	0.00	66.32	7.63	0.00	0.00	2000
219	10.92	2042	2065	0.00	196	0	0	0	nan	0.00	0.01	3.29	84.48	89.08	0.00	40	0	42	0.00	0.00	63.75	7.29	0.00	0.00	2000
220	10.79	2022	2118	0.00	197	0	0	0	nan	0.00	0.01	3.23	86.90	89.21	0.00	40	0	43	0.00	0.00	65.15	7.35	0.00	0.00	2000
219	10.82	2064	2056	0.00	195	0	0	0	nan	0.00	0.01	3.25	84.23	89.18	0.00	40	0	42	0.00	0.00	63.11	7.25	0.00	0.00	2000
222	10.43	2054	2175	0.00	194	0	0	0	nan	0.00	0.00	2.78	90.18	89.57	0.00	40	0	43	0.00	0.00	67.53	8.62	0.00	0.00	2000
222	10.85	2045	2098	0.00	195	0	0	0	nan	0.00	0.00	3.31	85.96	89.15	0.00	40	0	42	0.00	0.00	64.93	7.70	0.00	0.00	2000
222	10.71	2069	2099	0.00	195	0	0	0	nan	0.01	0.02	2.85	86.55	89.29	0.00	41	0	42	0.00	0.00	61.60	7.05	0.00	0.00	2000
221	10.95	2015	2101	0.00	195	0	0	0	nan	0.00	0.00	2.83	86.44	89.05	0.00	40	0	43	0.00	0.00	66.07	7.77	0.00	0.00	2000
215	11.32	2038	1958	0.00	178	0	0	0	nan	0.00	0.02	1.97	80.89	88.68	0.00	41	0	42	0.00	0.00	60.73	7.22	0.00	0.00	2000
225	10.48	2039	2207	0.00	211	0	0	0	nan	0.00	0.00	1.91	92.32	89.52	0.00	41	0	42	0.00	0.00	70.92	8.50	0.00	0.00	2000
220	10.63	2056	2113	0.00	195	0	0	0	nan	0.00	0.00	3.07	86.88	89.37	0.00	41	0	42	0.00	0.00	65.60	7.75	0.00	0.00	2000
222	11.04	1978	2131	0.00	213	0	0	0	nan	0.00	0.00	3.49	87.01	88.96	0.00	41	0	43	0.00	0.00	67.09	8.01	0.00	0.00	2000
216	11.18	2043	1986	0.00	194	0	0	0	nan	0.00	0.00	2.75	81.34	88.82	0.00	41	0	42	0.00	0.00	57.66	6.77	0.00	0.00	2000
223	10.43	2063	2173	0.00	195	0	0	0	nan	0.00	0.00	2.39	90.46	89.57	0.00	41	0	42	0.00	0.00	70.49	8.30	0.00	0.00	2000
220	10.42	2116	2094	0.00	194	0	0	0	99.06	0.00	0.00	2.96	86.39	89.58	0.00	41	0	42	0.00	0.00	63.14	7.74	0.00	0.00	2000
225	10.42	2110	2155	1.37	196	0	0	13	30.86	0.00	0.00	3.19	88.79	89.58	0.00	41	0	42	0.00	0.00	69.58	7.90	0.00	0.00	2000
217	11.05	2052	2015	0.29	194	0	0	0	nan	0.00	0.01	2.98	82.46	88.95	0.00	41	0	42	0.00	0.00	57.86	6.86	0.00	0.00	2000
222	10.56	2051	2155	0.00	195	0	0	0	nan	0.00	0.00	2.80	89.08	89.44	0.00	41	0	43	0.00	0.00	70.40	8.29	0.00	0.00	2000
220	10.83	2051	2076	0.00	194	0	0	0	nan	0.00	0.00	2.97	85.35	89.17	0.00	41	0	42	0.00	0.00	64.24	7.88	0.00	0.00	2000
223	10.68	2062	2127	0.00	196	0	0	0	nan	0.00	0.00	3.20	87.42	89.32	0.00	40	0	43	0.00	0.00	65.15	7.92	0.00	0.00	2000
220	11.10	1980	2103	0.00	198	0	0	0	nan	0.00	0.00	3.14	86.09	88.90	0.00	40	0	42	0.00	0.00	64.52	7.52	0.00	0.00	2000
221	11.06	2005	2094	0.00	194	0	0	0	nan	0.00	0.00	3.36	85.42	88.94	0.00	40	0	42	0.00	0.00	64.64	7.48	0.00	0.00	2000
221	11.02	2020	2082	0.00	196	0	0	0	nan	0.00	0.00	3.24	85.14	88.98	0.00	40	0	43	0.00	0.00	65.00	8.21	0.00	0.00	2000
220	10.72	2048	2108	0.00	195	0	0	0	nan	0.00	0.01	3.13	86.62	89.28	0.00	40	0	42	0.00	0.00	64.76	7.47	0.00	0.00	2000
221	10.74	2018	2137	0.00	195	0	0	0	nan	0.00	0.02	3.43	87.49	89.26	0.00	40	0	42	0.00	0.00	65.64	7.53	0.00	0.00	2000
221	11.03	1999	2100	0.00	212	0	0	0	nan	0.00	0.00	3.29	85.79	88.97	0.00	40	0	43	0.00	0.00	62.79	6.90	0.00	0.00	2000
219	10.86	2083	2034	0.00	195	0	0	0	nan	0.00	0.00	3.11	83.38	89.14	0.00	40	0	42	0.00	0.00	60.53	7.54	0.00	0.00	2000
220	10.56	2030	2155	0.00	195	0	0	0	nan	0.00	0.00	3.20	88.68	89.44	0.00	39	0	42	0.00	0.00	69.95	8.38	0.00	0.00	2000
172	9.72	1761	2113	0.00	230	0	0	0	nan	0.00	0.00	8.06	82.76	90.28	0.00	38	0	42	0.00	0.00	59.00	7.25	0.00	0.00	2000
80	7.11	1136	2087	0.00	193	0	0	0	nan	0.00	0.00	2.67	89.66	92.89	0.00	37	0	42	0.00	0.00	62.50	7.65	0.00	0.00	2000
72	7.14	1012	2087	0.00	193	0	0	0	nan	0.00	0.02	2.79	89.64	92.86	0.00	37	0	42	0.00	0.00	57.54	7.31	0.00	0.00	2000
73	6.89	1043	2130	0.00	209	0	0	0	nan	0.00	0.00	3.79	90.72	93.11	0.00	37	0	43	0.00	0.00	57.40	7.49	0.00	0.00	2000
111	7.80	1439	2082	0.01	82	0	0	4	75.83	0.00	0.02	11.21	80.03	92.20	0.00	37	0	42	0.00	0.00	63.06	7.99	0.00	0.00	2000
