Avg_MHz	Busy%	Bzy_MHz	TSC_MHz	IPC	IRQ	NMI	SMI	LLCMRPS	LLC%hit	POLL%	C1%	C1E%	C6%	CPU%c1	CPU%c6	CoreTmp	CoreThr	PkgTmp	Pkg%pc2	Pkg%pc6	PkgWatt	RAMWatt	PKG_%	RAM_%	UncMHz
401	20.22	1926	2161	0.00	254	0	0	0	nan	0.00	0.40	36.59	45.26	79.78	0.00	38	0	43	0.00	0.00	67.08	7.99	0.00	0.00	2000
416	18.91	2196	2106	0.00	246	0	0	0	nan	0.06	0.94	25.88	54.66	81.09	0.00	38	0	43	0.00	0.00	69.20	7.91	0.00	0.00	2000
78	6.88	1125	2106	0.00	193	0	0	0	nan	0.00	0.00	5.81	87.65	93.12	0.00	38	0	43	0.00	0.00	53.96	7.15	0.00	0.00	2000
73	6.78	1079	2108	0.00	194	0	0	0	nan	0.00	0.02	2.62	90.98	93.22	0.00	37	0	43	0.00	0.00	62.73	7.69	0.00	0.00	2000
74	6.79	1090	2089	0.00	193	0	0	0	nan	0.00	0.03	3.31	89.49	93.21	0.00	38	0	43	0.00	0.00	56.28	7.03	0.00	0.00	2000
73	6.84	1074	2084	0.00	194	0	0	0	nan	0.00	0.01	2.36	89.96	93.16	0.00	38	0	43	0.00	0.00	58.24	7.30	0.00	0.00	2000
74	6.90	1058	2115	0.00	194	0	0	0	nan	0.00	0.00	3.49	90.31	93.10	0.00	38	0	43	0.00	0.00	61.71	7.61	0.00	0.00	2000
72	6.33	1133	2105	0.00	193	0	0	0	nan	0.00	0.02	3.60	90.30	93.67	0.00	37	0	43	0.00	0.00	55.63	7.36	0.00	0.00	2000
73	6.69	1103	2092	0.00	194	0	0	0	nan	0.00	0.02	2.59	90.34	93.31	0.00	38	0	43	0.00	0.00	58.43	7.40	0.00	0.00	2000
73	6.64	1090	2105	0.00	193	0	0	0	nan	0.00	0.00	2.81	90.78	93.36	0.00	37	0	43	0.00	0.00	58.44	7.38	0.00	0.00	2000
74	6.63	1107	2111	0.00	210	0	0	0	nan	0.00	0.00	2.98	90.89	93.37	0.00	38	0	43	0.00	0.00	60.23	7.63	0.00	0.00	2000
72	6.38	1131	2093	0.00	178	0	0	0	nan	0.00	0.00	3.31	89.98	93.62	0.00	37	0	43	0.00	0.00	56.72	7.12	0.00	0.00	2000
73	6.56	1112	2088	0.00	193	0	0	0	nan	0.00	0.01	2.74	90.25	93.44	0.00	38	0	43	0.00	0.00	54.97	6.94	0.00	0.00	2000
73	6.41	1122	2123	0.00	193	0	0	0	nan	0.00	0.00	2.37	92.20	93.59	0.00	38	0	43	0.00	0.00	61.83	7.90	0.00	0.00	2000
73	6.25	1180	2068	0.00	194	0	0	0	nan	0.00	0.00	2.89	89.28	93.75	0.00	38	0	43	0.00	0.00	57.37	7.25	0.00	0.00	2000
72	7.03	1015	2133	0.00	195	0	0	0	90.20	0.00	0.00	2.86	91.67	92.97	0.00	37	0	43	0.00	0.00	56.58	7.25	0.00	0.00	2000
73	6.51	1137	2079	0.31	197	0	0	1	73.19	0.00	0.00	4.12	88.39	93.49	0.00	37	0	43	0.00	0.00	59.98	7.60	0.00	0.00	2000
73	6.60	1100	2122	0.16	195	0	0	0	nan	0.00	0.00	2.85	91.49	93.40	0.00	38	0	43	0.00	0.00	57.09	7.25	0.00	0.00	2000
194	10.02	1980	2051	0.00	206	0	0	0	nan	0.00	0.69	6.17	81.10	89.98	0.00	37	0	43	0.00	0.00	61.74	7.34	0.00	0.00	2000
230	10.95	2058	2142	0.00	199	0	0	0	nan	0.00	0.02	3.88	87.04	89.05	0.00	38	0	43	0.00	0.00	64.89	7.40	0.00	0.00	2000
232	11.61	2024	2073	0.00	205	0	0	0	nan	0.00	0.00	5.75	81.65	88.39	0.00	37	0	43	0.00	0.00	63.86	7.38	0.00	0.00	2000
230	11.02	2082	2110	0.00	198	0	0	0	nan	0.00	1.01	6.72	81.77	88.98	0.00	37	0	43	0.00	0.00	65.67	7.64	0.00	0.00	2000
224	11.11	1997	2118	0.00	200	0	0	0	nan	0.00	0.00	7.43	82.28	88.89	0.00	38	0	43	0.00	0.00	65.44	7.63	0.00	0.00	2000
230	11.07	2092	2083	0.00	201	0	0	0	nan	0.00	1.00	6.04	81.33	88.93	0.00	39	0	43	0.00	0.00	65.28	7.74	0.00	0.00	2000
234	12.00	2080	1971	0.00	204	0	0	0	nan	0.00	0.00	6.34	76.34	88.00	0.00	38	0	43	0.00	0.00	63.27	7.46	0.00	0.00	2000
238	10.76	2061	2258	0.00	231	0	0	0	nan	0.00	0.00	6.53	89.35	89.24	0.00	38	0	43	0.00	0.00	68.88	8.51	0.00	0.00	2000
233	11.09	2094	2104	0.00	199	0	0	0	nan	0.00	0.00	6.54	82.66	88.91	0.00	38	0	43	0.00	0.00	66.52	8.26	0.00	0.00	2000
230	11.06	2096	2088	0.00	199	0	0	0	nan	0.00	0.01	5.17	83.37	88.94	0.00	38	0	43	0.00	0.00	66.72	7.71	0.00	0.00	2000
231	10.87	2123	2105	0.00	198	0	0	0	nan	0.00	0.00	4.67	84.68	89.13	0.00	38	0	43	0.00	0.00	64.99	7.44	0.00	0.00	2000
224	11.59	2054	1974	0.00	197	0	0	0	nan	0.00	0.03	4.75	78.43	88.41	0.00	38	0	43	0.00	0.00	59.64	6.91	0.00	0.00	2000
236	10.72	2105	2197	0.00	205	0	0	0	nan	0.00	0.07	5.49	87.89	89.28	0.00	38	0	43	0.00	0.00	66.96	7.84	0.00	0.00	2000
229	10.74	2136	2095	0.00	199	0	0	0	nan	0.00	1.05	5.42	82.67	89.26	0.00	38	0	43	0.00	0.00	65.98	7.52	0.00	0.00	2000
231	10.91	2079	2135	0.00	199	0	0	0	nan	0.00	0.00	5.74	84.99	89.09	0.00	38	0	43	0.00	0.00	64.31	7.37	0.00	0.00	2000
230	11.42	2010	2103	0.45	199	0	0	17	45.97	0.00	0.02	5.86	82.95	88.58	0.00	37	0	43	0.00	0.00	65.02	7.61	0.00	0.00	2000
231	11.47	2034	2083	0.22	199	0	0	0	nan	0.00	0.00	5.93	81.93	88.53	0.00	38	0	43	0.00	0.00	64.73	7.56	0.00	0.00	2000
227	11.20	2019	2109	0.00	206	0	0	0	nan	0.00	0.00	6.14	83.10	88.80	0.00	38	0	43	0.00	0.00	65.87	7.58	0.00	0.00	2000
240	11.58	2065	2106	0.00	201	0	0	0	nan	0.00	0.01	7.52	81.23	88.42	0.00	38	0	43	0.00	0.00	66.33	7.97	0.00	0.00	2000
234	10.90	2144	2105	0.00	198	0	0	0	nan	0.00	0.03	5.01	84.37	89.10	0.00	38	0	43	0.00	0.00	66.43	8.00	0.00	0.00	2000
234	11.30	2077	2097	0.00	200	0	0	0	nan	0.00	0.03	3.24	85.47	88.70	0.00	38	0	43	0.00	0.00	61.49	7.88	0.00	0.00	2000
233	10.95	2122	2108	0.00	200	0	0	0	nan	0.00	0.00	5.01	84.42	89.05	0.00	38	0	43	0.00	0.00	69.14	7.82	0.00	0.00	2000
237	11.02	2155	2097	0.00	200	0	0	0	nan	0.00	0.00	5.38	83.52	88.98	0.00	38	0	43	0.00	0.00	62.29	7.53	0.00	0.00	2000
232	11.08	2093	2102	0.00	204	0	0	0	nan	0.00	0.08	5.38	83.63	88.92	0.00	38	0	43	0.00	0.00	65.39	7.55	0.00	0.00	2000
231	11.31	2044	2103	0.00	198	0	0	0	nan	0.00	0.01	4.36	84.59	88.69	0.00	38	0	43	0.00	0.00	62.59	7.96	0.00	0.00	2000
230	11.26	2047	2094	0.00	182	0	0	0	nan	0.00	0.02	5.46	83.07	88.74	0.00	38	0	43	0.00	0.00	65.32	7.81	0.00	0.00	2000
228	11.16	2096	2046	0.00	200	0	0	0	nan	0.00	0.90	5.64	80.11	88.84	0.00	38	0	43	0.00	0.00	63.10	7.25	0.00	0.00	2000
229	11.09	2034	2128	0.00	214	0	0	0	nan	0.00	0.02	5.38	84.75	88.91	0.00	38	0	43	0.00	0.00	64.97	7.37	0.00	0.00	2000
227	11.58	2063	1998	0.00	204	0	0	0	nan	0.00	0.02	6.01	78.20	88.42	0.00	39	0	43	0.00	0.00	61.11	7.10	0.00	0.00	2000
232	11.02	1975	2238	0.00	201	0	0	0	nan	0.00	0.00	5.79	89.22	88.98	0.00	38	0	43	0.00	0.00	70.65	8.27	0.00	0.00	2000
230	11.44	2030	2077	0.00	198	0	0	0	nan	0.00	0.03	5.31	82.42	88.56	0.00	38	0	43	0.00	0.00	63.68	7.48	0.00	0.00	2000
227	11.05	2054	2099	0.00	199	0	0	0	nan	0.00	0.05	5.15	83.79	88.95	0.00	38	0	43	0.00	0.00	64.55	7.53	0.00	0.00	2000
230	10.92	2092	2111	0.40	199	0	0	3	92.99	0.00	0.03	5.63	83.88	89.08	0.00	38	0	43	0.00	0.00	64.46	7.53	0.00	0.00	2000
231	11.40	2026	2101	0.38	204	0	0	0	nan	0.00	0.00	5.51	83.19	88.60	0.00	39	0	43	0.00	0.00	61.69	7.44	0.00	0.00	2000
231	11.14	2080	2097	0.00	200	0	0	0	nan	0.00	0.00	7.59	81.22	88.86	0.00	38	0	43	0.00	0.00	67.22	7.44	0.00	0.00	2000
228	11.06	2067	2092	0.00	198	0	0	0	nan	0.00	0.00	6.17	82.53	88.94	0.00	38	0	43	0.00	0.00	64.73	7.75	0.00	0.00	2000
228	10.96	2079	2103	0.00	198	0	0	0	nan	0.00	0.00	5.12	84.03	89.04	0.00	39	0	43	0.00	0.00	64.00	7.47	0.00	0.00	2000
227	11.14	2044	2091	0.00	198	0	0	0	nan	0.00	0.00	5.50	83.10	88.86	0.00	38	0	43	0.00	0.00	64.23	7.63	0.00	0.00	2000
231	11.21	2046	2119	0.00	204	0	0	0	nan	0.00	0.03	7.09	82.61	88.79	0.00	39	0	43	0.00	0.00	64.68	7.59	0.00	0.00	2000
230	10.99	2081	2108	0.00	201	0	0	0	nan	0.00	0.00	8.12	81.18	89.01	0.00	38	0	43	0.00	0.00	64.75	7.51	0.00	0.00	2000
229	11.22	2048	2088	0.00	200	0	0	0	nan	0.00	0.03	6.02	82.32	88.78	0.00	38	0	43	0.00	0.00	64.16	7.36	0.00	0.00	2000
230	11.30	2019	2117	0.00	199	0	0	0	nan	0.00	0.04	5.08	84.41	88.70	0.00	39	0	43	0.00	0.00	65.66	7.95	0.00	0.00	2000
230	11.24	2053	2091	0.00	199	0	0	0	nan	0.00	0.03	5.26	83.17	88.76	0.00	39	0	43	0.00	0.00	65.71	7.62	0.00	0.00	2000
229	11.43	2063	2039	0.00	199	0	0	0	nan	0.00	0.00	4.88	81.19	88.57	0.00	38	0	43	0.00	0.00	60.12	7.23	0.00	0.00	2000
231	10.69	2127	2134	0.00	204	0	0	0	nan	0.00	0.01	6.19	84.61	89.31	0.00	39	0	43	0.00	0.00	67.41	7.77	0.00	0.00	2000
227	10.91	2091	2091	0.00	198	0	0	0	nan	0.00	0.00	5.04	83.79	89.09	0.00	39	0	43	0.00	0.00	64.20	7.56	0.00	0.00	2000
231	11.12	2059	2120	0.00	199	0	0	0	nan	0.00	0.02	5.56	84.21	88.88	0.00	39	0	43	0.00	0.00	64.48	7.54	0.00	0.00	2000
230	10.81	2095	2137	0.00	200	0	0	0	nan	0.00	0.03	3.56	87.24	89.19	0.00	39	0	43	0.00	0.00	65.64	7.71	0.00	0.00	2000
229	11.24	2108	2027	0.00	197	0	0	0	nan	0.00	0.46	5.84	79.50	88.76	0.00	39	0	43	0.00	0.00	60.87	6.97	0.00	0.00	2000
229	10.49	2164	2118	0.36	203	0	0	3	84.45	0.00	0.02	3.55	86.69	89.51	0.00	39	0	43	0.00	0.00	65.02	7.35	0.00	0.00	2000
232	10.98	2102	2112	0.83	199	0	0	2	89.81	0.00	0.00	6.88	82.68	89.02	0.00	39	0	43	0.00	0.00	64.61	7.36	0.00	0.00	2000
230	10.77	2089	2148	0.00	198	0	0	0	nan	0.00	0.02	5.85	85.52	89.23	0.00	39	0	43	0.00	0.00	69.25	7.96	0.00	0.00	2000
229	10.98	2152	2035	0.00	200	0	0	0	nan	0.00	0.02	5.53	80.68	89.02	0.00	39	0	43	0.00	0.00	60.32	7.19	0.00	0.00	2000
231	11.22	2017	2144	0.00	198	0	0	0	nan	0.00	0.02	4.83	85.94	88.78	0.00	39	0	43	0.00	0.00	66.93	7.79	0.00	0.00	2000
229	11.76	2071	1973	0.00	203	0	0	0	nan	0.00	0.03	5.82	77.13	88.24	0.00	39	0	43	0.00	0.00	57.81	6.68	0.00	0.00	2000
230	10.72	2048	2202	0.00	216	0	0	0	nan	0.00	0.00	5.77	87.94	89.28	0.00	39	0	43	0.00	0.00	69.46	8.12	0.00	0.00	2000
230	11.01	2083	2109	0.00	197	0	0	0	nan	0.00	0.00	4.82	84.70	88.99	0.00	39	0	43	0.00	0.00	64.24	7.34	0.00	0.00	2000
229	10.88	2079	2124	0.00	198	0	0	0	nan	0.00	0.00	3.44	86.82	89.12	0.00	39	0	43	0.00	0.00	64.40	7.45	0.00	0.00	2000
233	11.18	2060	2125	0.00	199	0	0	0	nan	0.00	0.60	3.94	85.53	88.82	0.00	39	0	43	0.00	0.00	66.33	7.66	0.00	0.00	2000
228	11.12	2128	2019	0.00	213	0	0	0	nan	0.00	0.06	4.95	80.45	88.88	0.00	39	0	43	0.00	0.00	60.18	7.08	0.00	0.00	2000
230	10.56	2150	2125	0.00	199	0	0	0	nan	0.00	0.42	2.77	87.36	89.44	0.00	39	0	43	0.00	0.00	67.36	7.85	0.00	0.00	2000
228	10.57	2109	2151	0.00	198	0	0	0	nan	0.01	0.00	4.72	87.04	89.43	0.00	39	0	43	0.00	0.00	65.85	7.70	0.00	0.00	2000
227	11.09	2093	2054	0.00	198	0	0	0	nan	0.00	0.01	5.01	82.07	88.91	0.00	39	0	43	0.00	0.00	63.56	7.38	0.00	0.00	2000
231	11.11	2091	2091	0.00	198	0	0	0	nan	0.00	0.01	5.16	83.38	88.89	0.00	39	0	43	0.00	0.00	64.15	7.84	0.00	0.00	2000
239	11.40	2079	2122	0.00	212	0	0	0	nan	0.00	0.02	6.17	83.38	88.60	0.00	39	0	43	0.00	0.00	65.01	7.45	0.00	0.00	2000
229	10.89	2081	2121	0.00	196	0	0	0	nan	0.00	0.02	3.69	86.34	89.11	0.00	39	0	43	0.00	0.00	64.62	7.61	0.00	0.00	2000
229	11.25	2046	2087	0.11	194	0	0	2	85.31	0.00	0.03	3.42	84.89	88.75	0.00	39	0	43	0.00	0.00	64.36	7.47	0.00	0.00	2000
229	10.92	2097	2097	0.84	195	0	0	1	89.59	0.00	0.00	3.78	85.17	89.08	0.00	39	0	43	0.00	0.00	64.58	7.33	0.00	0.00	2000
228	11.05	2073	2092	0.00	195	0	0	0	nan	0.00	0.02	3.84	84.87	88.95	0.00	39	0	43	0.00	0.00	64.09	7.61	0.00	0.00	2000
230	10.91	2082	2121	0.00	195	0	0	0	nan	0.00	0.03	3.69	86.33	89.09	0.00	39	0	43	0.00	0.00	64.43	7.44	0.00	0.00	2000
229	11.14	2036	2116	0.00	195	0	0	0	nan	0.00	0.04	4.31	85.32	88.86	0.00	39	0	43	0.00	0.00	64.30	7.47	0.00	0.00	2000
226	11.07	2083	2057	0.00	195	0	0	0	nan	0.00	0.00	3.05	84.15	88.93	0.00	39	0	43	0.00	0.00	61.59	7.12	0.00	0.00	2000
229	10.60	2147	2116	0.00	196	0	0	0	nan	0.00	0.03	3.74	86.30	89.40	0.00	39	0	43	0.00	0.00	67.22	7.73	0.00	0.00	2000
227	11.03	2077	2077	0.00	194	0	0	0	nan	0.00	0.00	3.13	84.91	88.99	0.00	39	0	43	0.00	0.00	61.49	7.10	0.00	0.00	2000
232	10.90	2092	2138	0.00	194	0	0	0	nan	0.00	0.00	2.95	87.86	89.10	0.00	39	0	43	0.00	0.00	67.52	7.95	0.00	0.00	2000
227	11.16	2032	2102	0.00	194	0	0	0	nan	0.00	0.00	3.45	85.51	88.84	0.00	39	0	43	0.00	0.00	64.42	7.35	0.00	0.00	2000
228	11.14	2067	2084	0.00	196	0	0	0	nan	0.00	0.00	3.37	84.82	88.86	0.00	38	0	43	0.00	0.00	64.47	7.52	0.00	0.00	2000
227	10.94	2086	2087	0.00	195	0	0	0	nan	0.00	0.00	3.39	85.20	89.06	0.00	39	0	43	0.00	0.00	61.74	7.14	0.00	0.00	2000
228	10.93	2050	2134	0.00	194	0	0	0	nan	0.00	0.02	4.21	86.33	89.07	0.00	38	0	43	0.00	0.00	66.75	7.82	0.00	0.00	2000
227	10.97	2123	2048	0.00	195	0	0	0	nan	0.00	0.00	3.39	83.43	89.03	0.00	38	0	43	0.00	0.00	61.33	6.96	0.00	0.00	2000
231	10.76	2088	2155	0.00	198	0	0	0	nan	0.00	0.00	4.63	87.03	89.24	0.00	39	0	43	0.00	0.00	67.50	7.68	0.00	0.00	2000
227	11.13	2060	2077	0.00	195	0	0	0	nan	0.00	0.02	2.85	85.06	88.87	0.00	38	0	43	0.00	0.00	64.05	7.47	0.00	0.00	2000
229	11.00	2067	2111	0.00	195	0	0	0	nan	0.03	0.00	4.01	85.59	89.00	0.00	39	0	43	0.00	0.00	64.47	7.58	0.00	0.00	2000
227	11.04	2049	2110	0.00	195	0	0	3	80.72	0.00	0.00	3.61	85.80	88.96	0.00	38	0	43	0.00	0.00	62.85	7.28	0.00	0.00	2000
233	10.63	2181	2109	0.74	195	0	0	7	90.93	0.00	0.01	2.99	86.65	89.37	0.00	39	0	43	0.00	0.00	65.44	7.49	0.00	0.00	2000
229	10.95	2090	2098	0.00	196	0	0	0	nan	0.00	0.00	2.97	86.13	89.05	0.00	39	0	43	0.00	0.00	65.97	8.44	0.00	0.00	2000
230	11.27	2038	2104	0.00	195	0	0	0	nan	0.00	0.00	3.23	85.77	88.73	0.00	39	0	43	0.00	0.00	66.36	8.16	0.00	0.00	2000
228	11.19	2039	2101	0.00	178	0	0	0	nan	0.00	0.03	2.90	86.09	88.81	0.00	39	0	43	0.00	0.00	60.62	7.27	0.00	0.00	2000
229	11.20	2071	2072	0.00	197	0	0	0	nan	0.00	0.00	3.23	84.43	88.80	0.00	39	0	43	0.00	0.00	67.29	7.97	0.00	0.00	2000
228	11.24	2051	2074	0.00	195	0	0	0	nan	0.00	0.03	3.37	84.34	88.76	0.00	39	0	43	0.00	0.00	61.94	7.50	0.00	0.00	2000
230	10.57	2174	2102	0.00	195	0	0	0	nan	0.00	0.00	4.09	85.34	89.43	0.00	40	0	43	0.00	0.00	64.96	7.75	0.00	0.00	2000
230	10.75	2117	2119	0.00	194	0	0	0	nan	0.00	0.01	3.27	86.78	89.25	0.00	39	0	43	0.00	0.00	64.90	7.77	0.00	0.00	2000
229	11.03	2054	2124	0.00	195	0	0	0	nan	0.00	0.00	3.61	86.47	88.97	0.00	40	0	43	0.00	0.00	65.17	7.77	0.00	0.00	2000
228	11.10	2066	2089	0.00	196	0	0	0	nan	0.01	0.00	3.09	85.45	88.90	0.00	39	0	43	0.00	0.00	64.56	7.91	0.00	0.00	2000
230	11.01	2077	2109	0.00	195	0	0	0	nan	0.00	0.03	3.53	85.90	88.99	0.00	40	0	43	0.00	0.00	67.56	8.03	0.00	0.00	2000
229	11.07	2076	2092	0.00	195	0	0	0	nan	0.00	0.00	3.21	85.39	88.93	0.00	40	0	43	0.00	0.00	62.09	7.51	0.00	0.00	2000
240	12.23	2102	1963	0.00	196	0	0	0	nan	0.00	0.03	2.98	79.14	87.77	0.00	40	0	43	0.00	0.00	62.19	7.48	0.00	0.00	2000
251	10.94	2149	2238	0.00	210	0	0	0	nan	0.00	0.01	0.99	93.98	89.06	0.00	40	0	43	0.00	0.00	68.35	8.13	0.00	0.00	2000
229	11.28	2047	2081	0.00	194	0	0	0	nan	0.00	0.03	3.93	84.10	88.72	0.00	39	0	43	0.00	0.00	64.68	7.73	0.00	0.00	2000
228	10.86	2094	2104	0.00	195	0	0	0	nan	0.00	0.00	3.15	86.25	89.14	0.00	39	0	43	0.00	0.00	64.52	7.76	0.00	0.00	2000
232	11.37	2043	2100	0.00	199	0	0	2	86.81	0.00	0.02	5.15	83.57	88.63	0.00	39	0	43	0.00	0.00	64.34	7.51	0.00	0.00	2000
236	11.06	2086	2149	0.75	199	0	0	5	85.45	0.00	0.02	4.43	86.70	88.94	0.00	39	0	43	0.00	0.00	67.39	7.57	0.00	0.00	2000
227	11.11	2120	2023	0.00	196	0	0	0	nan	0.00	0.02	3.21	82.51	88.89	0.00	39	0	43	0.00	0.00	62.74	7.87	0.00	0.00	2000
229	10.82	2068	2145	0.00	195	0	0	0	nan	0.00	0.00	3.95	87.19	89.18	0.00	38	0	43	0.00	0.00	64.38	7.28	0.00	0.00	2000
228	10.75	2107	2112	0.00	195	0	0	0	nan	0.00	0.00	3.90	85.74	89.25	0.00	39	0	43	0.00	0.00	64.49	7.47	0.00	0.00	2000
230	11.10	2072	2105	0.00	196	0	0	0	nan	0.00	0.00	3.88	85.20	88.90	0.00	39	0	43	0.00	0.00	64.32	7.36	0.00	0.00	2000
229	11.10	2095	2070	0.00	195	0	0	0	nan	0.00	0.00	3.86	83.92	88.90	0.00	38	0	43	0.00	0.00	64.28	7.88	0.00	0.00	2000
224	10.94	2049	2099	0.00	196	0	0	0	nan	0.00	0.00	3.35	85.66	89.06	0.00	38	0	43	0.00	0.00	63.62	7.71	0.00	0.00	2000
170	10.14	1656	2131	0.00	245	0	0	0	nan	0.00	0.00	9.07	82.14	89.86	0.00	37	0	43	0.00	0.00	64.09	7.81	0.00	0.00	2000
89	7.53	1180	2104	0.00	129	0	0	0	nan	0.00	0.02	6.84	85.87	92.47	0.00	37	0	43	0.00	0.00	59.74	7.44	0.00	0.00	2000
