Avg_MHz	Busy%	Bzy_MHz	TSC_MHz	IPC	IRQ	NMI	SMI	LLCMRPS	LLC%hit	POLL%	C1%	C1E%	C6%	CPU%c1	CPU%c6	CoreTmp	CoreThr	PkgTmp	Pkg%pc2	Pkg%pc6	PkgWatt	RAMWatt	PKG_%	RAM_%	UncMHz
447	21.09	1954	2278	0.00	256	0	0	0	nan	0.01	0.63	39.31	45.64	78.91	0.00	37	0	42	0.00	0.00	74.17	8.66	0.00	0.00	2000
468	20.80	2239	2108	0.00	233	0	0	0	nan	0.06	1.25	17.98	60.36	79.20	0.00	37	0	42	0.00	0.00	67.15	7.52	0.00	0.00	2000
82	7.03	1158	2107	0.00	213	0	0	0	nan	0.00	0.02	10.55	82.76	92.97	0.00	37	0	42	0.00	0.00	58.46	7.37	0.00	0.00	2000
74	6.69	1106	2104	0.00	195	0	0	0	nan	0.00	0.00	4.93	88.43	93.31	0.00	37	0	42	0.00	0.00	58.27	7.33	0.00	0.00	2000
78	6.88	1137	2102	0.00	194	0	0	0	nan	0.00	0.03	4.20	89.05	93.12	0.00	37	0	42	0.00	0.00	58.12	7.32	0.00	0.00	2000
74	6.24	1196	2086	0.00	179	0	0	0	nan	0.00	0.02	3.94	89.16	93.76	0.00	37	0	42	0.00	0.00	59.50	7.58	0.00	0.00	2000
74	6.63	1111	2111	0.00	196	0	0	0	nan	0.00	0.00	3.50	90.36	93.37	0.00	37	0	42	0.00	0.00	58.20	7.54	0.00	0.00	2000
72	6.58	1096	2105	0.00	194	0	0	0	nan	0.00	0.00	2.97	90.74	93.42	0.00	37	0	42	0.00	0.00	58.18	7.60	0.00	0.00	2000
74	6.65	1109	2101	0.00	193	0	0	0	nan	0.00	0.01	2.59	90.84	93.35	0.00	37	0	42	0.00	0.00	58.48	7.48	0.00	0.00	2000
73	6.81	1083	2079	0.00	193	0	0	0	nan	0.00	0.00	2.21	90.00	93.19	0.00	37	0	42	0.00	0.00	58.47	7.34	0.00	0.00	2000
77	7.29	1051	2116	0.00	209	0	0	0	nan	0.00	0.02	6.13	87.52	92.71	0.00	37	0	42	0.00	0.00	57.75	7.44	0.00	0.00	2000
72	6.85	1059	2098	0.00	194	0	0	0	nan	0.00	0.02	2.74	90.42	93.15	0.00	37	0	42	0.00	0.00	58.55	7.30	0.00	0.00	2000
73	6.82	1068	2097	0.00	194	0	0	0	nan	0.00	0.00	3.24	89.94	93.18	0.00	37	0	42	0.00	0.00	57.86	7.33	0.00	0.00	2000
74	6.59	1108	2119	0.00	193	0	0	0	nan	0.00	0.00	2.52	91.57	93.41	0.00	37	0	42	0.00	0.00	56.21	7.28	0.00	0.00	2000
73	6.91	1060	2091	0.00	194	0	0	0	nan	0.00	0.00	3.04	89.90	93.09	0.00	37	0	42	0.00	0.00	59.18	7.56	0.00	0.00	2000
73	6.81	1078	2096	0.00	194	0	0	1	88.07	0.00	0.04	2.57	90.57	93.19	0.00	37	0	42	0.00	0.00	57.86	7.42	0.00	0.00	2000
73	6.67	1093	2101	0.29	193	0	0	2	86.64	0.00	0.00	2.43	91.01	93.33	0.00	37	0	42	0.00	0.00	57.51	7.40	0.00	0.00	2000
72	6.49	1104	2105	0.04	210	0	0	0	nan	0.00	0.00	2.80	90.84	93.51	0.00	37	0	42	0.00	0.00	57.93	7.39	0.00	0.00	2000
128	8.25	1566	2073	0.00	215	0	0	0	nan	0.00	0.03	4.30	86.30	91.75	0.00	37	0	42	0.00	0.00	61.05	7.33	0.00	0.00	2000
231	11.10	2063	2116	0.00	204	0	0	0	nan	0.00	0.00	4.66	85.03	88.90	0.00	39	0	42	0.00	0.00	65.27	7.54	0.00	0.00	2000
232	11.32	2037	2115	0.00	202	0	0	0	nan	0.00	0.00	4.27	85.16	88.68	0.00	40	0	42	0.00	0.00	63.52	7.27	0.00	0.00	2000
229	11.30	2025	2099	0.00	205	0	0	0	nan	0.00	0.00	3.91	84.92	88.70	0.00	40	0	42	0.00	0.00	65.41	7.51	0.00	0.00	2000
239	11.65	2106	2048	0.00	210	0	0	0	nan	0.00	0.00	5.16	81.11	88.35	0.00	39	0	42	0.00	0.00	60.09	6.96	0.00	0.00	2000
233	11.52	1975	2149	0.00	200	0	0	0	nan	0.00	0.04	11.95	78.81	88.48	0.00	39	0	42	0.00	0.00	68.15	8.37	0.00	0.00	2000
234	11.43	2047	2098	0.00	196	0	0	0	nan	0.03	1.43	7.43	79.79	88.57	0.00	39	0	42	0.00	0.00	65.43	7.91	0.00	0.00	2000
228	11.20	2082	2050	0.00	198	0	0	0	nan	0.00	0.00	6.56	80.20	88.80	0.00	37	0	42	0.00	0.00	64.77	7.76	0.00	0.00	2000
237	11.40	2021	2158	0.00	214	0	0	0	nan	0.00	0.00	5.52	85.68	88.60	0.00	37	0	42	0.00	0.00	65.12	7.74	0.00	0.00	2000
227	11.05	2075	2075	0.00	206	0	0	0	nan	0.00	0.00	5.45	82.52	88.95	0.00	38	0	42	0.00	0.00	65.81	7.44	0.00	0.00	2000
237	11.18	2099	2119	0.00	198	0	0	0	nan	0.00	0.00	6.23	83.56	88.82	0.00	38	0	42	0.00	0.00	66.07	7.61	0.00	0.00	2000
224	11.02	2068	2068	0.00	198	0	0	0	nan	0.00	0.00	5.57	82.24	88.98	0.00	38	0	42	0.00	0.00	63.68	7.41	0.00	0.00	2000
236	11.35	2038	2140	0.00	199	0	0	0	nan	0.00	0.00	3.26	87.21	88.65	0.00	38	0	42	0.00	0.00	65.47	7.64	0.00	0.00	2000
230	11.25	2051	2091	0.00	199	0	0	0	nan	0.00	0.54	4.52	83.46	88.75	0.00	39	0	42	0.00	0.00	65.03	7.66	0.00	0.00	2000
226	11.24	2045	2070	0.00	202	0	0	1	83.75	0.00	0.00	5.61	82.02	88.76	0.00	39	0	42	0.00	0.00	62.96	7.33	0.00	0.00	2000
233	11.00	2098	2124	0.79	197	0	0	17	90.22	0.00	0.01	6.15	83.96	89.00	0.00	39	0	42	0.00	0.00	65.50	7.50	0.00	0.00	2000
228	11.49	2007	2074	0.03	197	0	0	0	nan	0.00	0.01	4.28	83.29	88.51	0.00	39	0	42	0.00	0.00	61.89	7.23	0.00	0.00	2000
235	11.20	2073	2125	0.00	202	0	0	0	nan	0.00	0.01	6.09	83.96	88.80	0.00	38	0	42	0.00	0.00	71.05	8.36	0.00	0.00	2000
231	11.08	2085	2101	0.00	197	0	0	0	nan	0.00	0.02	7.10	82.02	88.92	0.00	38	0	42	0.00	0.00	64.04	7.65	0.00	0.00	2000
235	11.25	2080	2111	0.00	202	0	0	0	nan	0.00	0.02	6.96	82.29	88.75	0.00	38	0	42	0.00	0.00	66.37	8.03	0.00	0.00	2000
230	10.92	2119	2087	0.00	197	0	0	0	nan	0.00	0.03	5.82	82.79	89.08	0.00	38	0	42	0.00	0.00	65.27	7.47	0.00	0.00	2000
229	11.07	2092	2079	0.00	198	0	0	0	nan	0.00	0.00	4.51	83.56	88.93	0.00	38	0	42	0.00	0.00	61.50	7.06	0.00	0.00	2000
233	11.15	2062	2125	0.00	215	0	0	0	nan	0.01	0.00	3.79	86.16	88.85	0.00	39	0	42	0.00	0.00	68.75	7.89	0.00	0.00	2000
231	10.80	2126	2109	0.00	200	0	0	0	nan	0.00	0.02	7.19	82.42	89.20	0.00	38	0	42	0.00	0.00	65.98	7.59	0.00	0.00	2000
234	11.10	2113	2097	0.00	202	0	0	0	nan	0.00	0.01	6.00	82.81	88.90	0.00	39	0	42	0.00	0.00	64.09	7.44	0.00	0.00	2000
225	11.55	2144	1910	0.00	199	0	0	0	nan	0.01	0.01	4.98	75.57	88.45	0.00	38	0	42	0.00	0.00	54.42	6.15	0.00	0.00	2000
232	10.43	2028	2308	0.00	233	0	0	0	nan	0.00	0.06	7.22	91.25	89.57	0.00	38	0	42	0.00	0.00	74.74	9.30	0.00	0.00	2000
233	11.27	2059	2110	0.00	197	0	0	0	nan	0.00	0.00	5.98	83.30	88.73	0.00	38	0	42	0.00	0.00	66.20	8.14	0.00	0.00	2000
233	11.21	2090	2087	0.00	201	0	0	0	nan	0.00	0.03	3.67	84.62	88.79	0.00	38	0	42	0.00	0.00	64.73	7.64	0.00	0.00	2000
242	11.68	2059	2114	0.00	201	0	0	0	nan	0.00	0.02	6.48	82.45	88.32	0.00	38	0	42	0.00	0.00	65.36	7.93	0.00	0.00	2000
233	11.14	2095	2098	0.00	199	0	0	0	nan	0.00	0.03	6.96	81.79	88.86	0.00	38	0	42	0.00	0.00	65.87	7.90	0.00	0.00	2000
229	11.00	2096	2086	0.00	195	0	0	1	55.76	0.00	0.01	5.67	82.85	89.00	0.00	38	0	42	0.00	0.00	63.24	7.66	0.00	0.00	2000
231	11.33	2034	2103	0.58	198	0	0	4	62.09	0.00	0.00	6.19	82.66	88.67	0.00	38	0	42	0.00	0.00	64.13	7.62	0.00	0.00	2000
237	11.26	2091	2114	0.01	199	0	0	0	nan	0.00	0.03	6.16	83.27	88.74	0.00	38	0	42	0.00	0.00	66.35	7.94	0.00	0.00	2000
229	10.99	2097	2087	0.00	205	0	0	0	nan	0.00	0.00	4.89	83.68	89.01	0.00	39	0	42	0.00	0.00	64.47	7.51	0.00	0.00	2000
230	10.72	2139	2107	0.00	183	0	0	0	nan	0.00	0.00	5.19	84.42	89.28	0.00	39	0	42	0.00	0.00	65.81	7.66	0.00	0.00	2000
229	10.86	2118	2090	0.00	197	0	0	0	nan	0.00	1.06	3.03	84.79	89.14	0.00	39	0	42	0.00	0.00	61.20	7.09	0.00	0.00	2000
227	11.06	2052	2104	0.00	214	0	0	0	nan	0.00	0.01	4.33	84.87	88.94	0.00	38	0	42	0.00	0.00	68.96	8.10	0.00	0.00	2000
229	10.99	2108	2076	0.00	199	0	0	0	nan	0.00	0.00	4.99	82.99	89.01	0.00	39	0	42	0.00	0.00	62.83	7.10	0.00	0.00	2000
229	10.70	2131	2107	0.00	200	0	0	0	nan	0.00	0.38	4.50	84.78	89.30	0.00	39	0	42	0.00	0.00	65.01	7.47	0.00	0.00	2000
229	10.89	2091	2111	0.00	196	0	0	0	nan	0.00	0.02	6.14	83.49	89.11	0.00	39	0	42	0.00	0.00	64.69	7.62	0.00	0.00	2000
230	11.17	2050	2106	0.00	197	0	0	0	nan	0.00	0.04	4.47	84.65	88.83	0.00	39	0	42	0.00	0.00	62.02	7.18	0.00	0.00	2000
224	10.85	2089	2073	0.00	214	0	0	0	nan	0.00	0.00	5.21	82.88	89.16	0.00	39	0	42	0.00	0.00	66.80	7.79	0.00	0.00	2000
231	11.30	2031	2117	0.00	201	0	0	0	nan	0.00	0.00	4.81	84.72	88.70	0.00	39	0	42	0.00	0.00	62.24	7.10	0.00	0.00	2000
230	11.04	2069	2111	0.00	212	0	0	0	nan	0.00	0.02	6.43	83.05	88.96	0.00	39	0	42	0.00	0.00	68.11	8.11	0.00	0.00	2000
230	11.16	2055	2109	0.00	200	0	0	0	nan	0.00	0.00	6.75	82.58	88.84	0.00	39	0	42	0.00	0.00	65.00	7.52	0.00	0.00	2000
230	11.02	2083	2101	0.00	201	0	0	0	nan	0.00	0.02	5.04	84.07	88.98	0.00	39	0	42	0.00	0.00	64.69	7.56	0.00	0.00	2000
230	11.15	2076	2088	0.00	198	0	0	0	nan	0.00	0.00	4.36	84.10	88.85	0.00	39	0	42	0.00	0.00	62.07	7.20	0.00	0.00	2000
225	10.93	2083	2079	0.00	201	0	0	1	91.36	0.00	0.04	5.45	82.71	89.07	0.00	39	0	42	0.00	0.00	66.36	7.49	0.00	0.00	2000
229	11.15	2046	2106	0.94	195	0	0	18	29.55	0.00	0.02	2.54	86.66	88.85	0.00	39	0	42	0.00	0.00	62.97	7.50	0.00	0.00	2000
232	11.21	2061	2114	0.00	215	0	0	0	nan	0.00	0.00	6.80	82.71	88.79	0.00	38	0	42	0.00	0.00	67.54	7.71	0.00	0.00	2000
228	11.14	2060	2088	0.00	198	0	0	0	nan	0.00	0.05	3.44	84.89	88.86	0.00	39	0	42	0.00	0.00	64.73	7.66	0.00	0.00	2000
236	11.01	2109	2131	0.00	194	0	0	0	nan	0.00	0.01	4.56	85.77	88.99	0.00	39	0	42	0.00	0.00	66.91	7.61	0.00	0.00	2000
226	11.15	2041	2086	0.00	203	0	0	0	nan	0.00	0.00	6.38	81.93	88.85	0.00	39	0	42	0.00	0.00	62.05	7.19	0.00	0.00	2000
229	11.02	2099	2077	0.00	201	0	0	0	nan	0.00	0.02	5.44	82.57	88.98	0.00	39	0	42	0.00	0.00	65.50	7.75	0.00	0.00	2000
228	11.03	2063	2101	0.00	199	0	0	0	nan	0.00	0.00	4.79	84.33	88.97	0.00	39	0	42	0.00	0.00	64.68	7.59	0.00	0.00	2000
232	11.18	2055	2122	0.00	213	0	0	0	nan	0.00	0.00	4.56	85.25	88.82	0.00	39	0	42	0.00	0.00	63.82	7.33	0.00	0.00	2000
229	11.24	2028	2108	0.00	202	0	0	0	nan	0.00	0.00	6.35	82.89	88.76	0.00	39	0	42	0.00	0.00	67.72	7.70	0.00	0.00	2000
224	10.93	2080	2068	0.00	198	0	0	0	nan	0.00	0.02	5.07	82.73	89.07	0.00	39	0	42	0.00	0.00	63.08	7.38	0.00	0.00	2000
228	11.06	2068	2093	0.00	200	0	0	0	nan	0.00	0.02	3.73	84.99	88.94	0.00	39	0	42	0.00	0.00	62.39	7.24	0.00	0.00	2000
228	10.76	2113	2101	0.00	213	0	0	0	nan	0.01	0.02	2.27	87.03	89.24	0.00	39	0	42	0.00	0.00	64.36	7.51	0.00	0.00	2000
233	11.07	2069	2138	0.00	215	0	0	0	nan	0.00	0.01	4.16	86.47	88.93	0.00	39	0	42	0.00	0.00	69.26	7.74	0.00	0.00	2000
227	10.90	2098	2082	0.00	198	0	0	0	nan	0.00	0.09	5.09	83.21	89.10	0.00	39	0	42	0.00	0.00	63.21	7.17	0.00	0.00	2000
226	10.93	2085	2077	0.00	199	0	0	0	nan	0.00	1.38	3.04	83.79	89.07	0.00	39	0	42	0.00	0.00	62.10	7.11	0.00	0.00	2000
234	10.98	2082	2150	0.00	213	0	0	0	nan	0.00	0.02	5.66	85.51	89.02	0.00	39	0	42	0.00	0.00	66.75	7.60	0.00	0.00	2000
233	12.49	1921	2035	0.16	202	0	0	5	50.94	0.00	0.00	7.40	77.54	87.51	0.00	39	0	42	0.00	0.00	63.21	7.21	0.00	0.00	2000
246	11.51	2092	2141	0.86	219	0	0	3	80.25	0.00	0.00	6.86	83.44	88.49	0.00	39	0	42	0.00	0.00	64.14	7.32	0.00	0.00	2000
227	10.90	2091	2096	0.00	198	0	0	0	nan	0.00	0.00	6.11	82.87	89.10	0.00	39	0	42	0.00	0.00	65.44	7.40	0.00	0.00	2000
225	11.03	2065	2079	0.00	197	0	0	0	nan	0.00	0.00	3.96	84.11	88.97	0.00	39	0	42	0.00	0.00	64.21	7.43	0.00	0.00	2000
234	11.15	2062	2139	0.00	231	0	0	0	nan	0.00	0.02	4.82	85.74	88.85	0.00	39	0	42	0.00	0.00	64.68	7.18	0.00	0.00	2000
227	10.78	2125	2084	0.00	204	0	0	0	nan	0.00	0.00	6.93	81.70	89.22	0.00	39	0	42	0.00	0.00	63.82	7.76	0.00	0.00	2000
233	10.96	2095	2129	0.00	199	0	0	0	nan	0.01	0.00	5.64	84.67	89.04	0.00	39	0	42	0.00	0.00	69.24	7.87	0.00	0.00	2000
230	11.22	2048	2097	0.00	197	0	0	0	nan	0.00	0.05	3.54	85.18	88.78	0.00	39	0	42	0.00	0.00	64.84	7.48	0.00	0.00	2000
224	10.71	2124	2067	0.00	195	0	0	0	nan	0.00	0.00	3.52	84.51	89.29	0.00	39	0	42	0.00	0.00	60.65	6.85	0.00	0.00	2000
234	11.01	2106	2123	0.00	197	0	0	0	nan	0.01	0.02	3.68	86.32	88.99	0.00	39	0	42	0.00	0.00	66.38	7.58	0.00	0.00	2000
228	11.16	2030	2112	0.00	217	0	0	0	nan	0.00	0.48	3.75	85.37	88.84	0.00	39	0	42	0.00	0.00	64.70	7.51	0.00	0.00	2000
226	11.36	1993	2100	0.00	195	0	0	0	nan	0.00	0.00	6.20	82.58	88.64	0.00	39	0	42	0.00	0.00	67.03	7.58	0.00	0.00	2000
226	11.34	1999	2099	0.00	197	0	0	0	nan	0.00	0.00	4.74	84.07	88.66	0.00	39	0	42	0.00	0.00	64.40	7.26	0.00	0.00	2000
224	11.09	2059	2055	0.00	197	0	0	0	nan	0.00	0.00	4.23	82.93	88.91	0.00	39	0	42	0.00	0.00	60.75	6.80	0.00	0.00	2000
228	11.18	2040	2101	0.00	220	0	0	0	nan	0.00	0.01	4.70	84.29	88.82	0.00	39	0	42	0.00	0.00	64.42	7.30	0.00	0.00	2000
232	10.81	2110	2139	0.00	214	0	0	0	nan	0.00	0.00	5.93	84.96	89.19	0.00	39	0	42	0.00	0.00	68.40	7.73	0.00	0.00	2000
230	11.20	2042	2111	0.00	199	0	0	0	nan	0.00	0.00	3.81	85.60	88.80	0.00	39	0	42	0.00	0.00	65.36	7.44	0.00	0.00	2000
227	11.02	2067	2096	0.48	198	0	0	3	87.00	0.00	0.02	3.99	84.98	88.98	0.00	39	0	42	0.00	0.00	63.45	7.26	0.00	0.00	2000
231	11.06	2083	2103	0.31	199	0	0	0	nan	0.00	0.03	2.69	86.43	88.94	0.00	39	0	42	0.00	0.00	65.45	7.49	0.00	0.00	2000
232	11.10	2082	2107	0.00	197	0	0	0	nan	0.02	0.00	3.19	86.05	88.90	0.00	39	0	42	0.00	0.00	64.43	7.33	0.00	0.00	2000
224	11.04	2054	2072	0.00	198	0	0	0	nan	0.00	0.02	3.34	84.58	88.96	0.00	39	0	42	0.00	0.00	63.88	7.31	0.00	0.00	2000
227	10.98	2080	2089	0.00	213	0	0	0	nan	0.00	0.01	3.86	84.71	89.02	0.00	39	0	42	0.00	0.00	61.07	6.93	0.00	0.00	2000
232	11.02	2064	2141	0.00	196	0	0	0	nan	0.00	0.02	2.64	88.16	88.98	0.00	39	0	42	0.00	0.00	69.29	7.79	0.00	0.00	2000
228	11.29	2034	2087	0.00	193	0	0	0	nan	0.00	0.01	2.72	85.61	88.71	0.00	39	0	42	0.00	0.00	63.03	7.34	0.00	0.00	2000
224	11.01	2054	2082	0.00	211	0	0	0	nan	0.00	0.00	2.79	85.48	88.99	0.00	39	0	42	0.00	0.00	62.14	6.97	0.00	0.00	2000
229	10.83	2103	2113	0.00	194	0	0	0	nan	0.00	0.00	2.68	87.14	89.17	0.00	39	0	42	0.00	0.00	67.85	7.72	0.00	0.00	2000
229	11.05	2056	2117	0.00	195	0	0	0	nan	0.00	0.00	2.41	87.36	88.95	0.00	39	0	43	0.00	0.00	65.88	7.53	0.00	0.00	2000
227	10.87	2110	2074	0.00	194	0	0	0	nan	0.00	0.00	3.46	84.55	89.13	0.00	40	0	42	0.00	0.00	61.07	7.08	0.00	0.00	2000
232	11.10	2069	2118	0.00	195	0	0	0	nan	0.00	0.01	2.87	86.88	88.90	0.00	39	0	42	0.00	0.00	65.48	7.70	0.00	0.00	2000
229	11.21	2038	2107	0.00	193	0	0	0	nan	0.00	0.00	2.78	86.27	88.79	0.00	39	0	42	0.00	0.00	67.58	7.56	0.00	0.00	2000
227	11.07	2051	2099	0.00	195	0	0	0	nan	0.00	0.01	3.22	85.76	88.93	0.00	40	0	42	0.00	0.00	64.67	7.44	0.00	0.00	2000
230	11.04	2087	2098	0.00	193	0	0	0	nan	0.01	0.00	3.29	85.70	88.96	0.00	39	0	42	0.00	0.00	62.11	7.17	0.00	0.00	2000
226	11.01	2058	2091	0.00	195	0	0	0	nan	0.00	0.00	3.39	85.26	88.99	0.00	40	0	42	0.00	0.00	65.06	7.36	0.00	0.00	2000
231	11.02	2084	2117	0.00	195	0	0	0	nan	0.00	0.02	3.29	86.38	88.98	0.00	39	0	42	0.00	0.00	62.64	7.24	0.00	0.00	2000
227	11.05	2083	2070	0.47	197	0	0	7	75.76	0.00	0.02	3.98	83.78	88.95	0.00	39	0	42	0.00	0.00	66.82	7.14	0.00	0.00	2000
227	11.07	2056	2094	0.44	195	0	0	0	93.49	0.00	0.02	2.20	86.54	88.93	0.00	40	0	42	0.00	0.00	63.84	7.73	0.00	0.00	2000
228	11.05	2056	2108	0.00	194	0	0	0	nan	0.00	0.02	2.08	87.26	88.95	0.00	40	0	42	0.00	0.00	67.76	7.88	0.00	0.00	2000
231	11.30	2021	2126	0.00	211	0	0	0	nan	0.00	0.00	3.12	86.74	88.70	0.00	40	0	42	0.00	0.00	63.79	7.34	0.00	0.00	2000
227	10.98	2074	2090	0.00	195	0	0	0	nan	0.00	0.00	3.28	85.36	89.02	0.00	40	0	43	0.00	0.00	65.19	7.44	0.00	0.00	2000
225	11.07	2059	2073	0.00	196	0	0	0	nan	0.00	0.02	2.60	85.27	88.93	0.00	40	0	42	0.00	0.00	62.17	7.15	0.00	0.00	2000
230	10.81	2107	2116	0.00	197	0	0	0	nan	0.00	0.02	2.34	87.59	89.19	0.00	40	0	42	0.00	0.00	68.43	7.84	0.00	0.00	2000
230	11.04	2073	2110	0.00	195	0	0	0	nan	0.00	0.03	2.68	86.83	88.96	0.00	40	0	42	0.00	0.00	63.46	7.11	0.00	0.00	2000
226	10.91	2078	2096	0.00	210	0	0	0	nan	0.00	0.00	2.27	86.70	89.09	0.00	39	0	42	0.00	0.00	63.61	7.32	0.00	0.00	2000
226	10.93	2085	2083	0.00	195	0	0	0	nan	0.00	0.01	4.22	84.23	89.07	0.00	40	0	42	0.00	0.00	64.85	7.93	0.00	0.00	2000
230	11.22	2040	2108	0.00	195	0	0	0	nan	0.00	0.02	2.55	86.61	88.78	0.00	40	0	42	0.00	0.00	63.38	7.31	0.00	0.00	2000
238	11.47	2051	2124	0.00	212	0	0	0	nan	0.00	0.00	3.84	85.86	88.53	0.00	40	0	42	0.00	0.00	66.76	7.51	0.00	0.00	2000
222	11.15	2023	2068	0.00	196	0	0	0	nan	0.00	0.00	3.64	83.95	88.85	0.00	40	0	42	0.00	0.00	64.28	7.44	0.00	0.00	2000
233	10.99	2096	2129	0.00	196	0	0	0	nan	0.00	0.00	3.54	86.78	89.01	0.00	40	0	42	0.00	0.00	66.86	7.54	0.00	0.00	2000
227	10.77	2117	2095	0.00	194	0	0	0	nan	0.00	0.00	2.66	86.44	89.23	0.00	40	0	42	0.00	0.00	65.13	7.60	0.00	0.00	2000
225	10.98	2086	2064	0.00	194	0	0	0	nan	0.00	0.00	2.69	84.88	89.02	0.00	39	0	42	0.00	0.00	59.26	7.08	0.00	0.00	2000
229	11.01	2051	2125	0.00	211	0	0	0	nan	0.00	0.05	2.06	88.03	88.99	0.00	40	0	42	0.00	0.00	67.36	8.26	0.00	0.00	2000
233	11.37	2025	2123	1.39	212	0	0	5	31.13	0.00	0.01	3.49	86.24	88.63	0.00	40	0	42	0.00	0.00	66.21	7.67	0.00	0.00	2000
223	11.15	2037	2065	0.09	195	0	0	0	nan	0.00	0.00	3.15	84.33	88.85	0.00	40	0	42	0.00	0.00	64.43	7.52	0.00	0.00	2000
228	10.93	2073	2113	0.00	194	0	0	0	nan	0.00	0.02	2.43	87.26	89.07	0.00	40	0	42	0.00	0.00	65.01	7.59	0.00	0.00	2000
226	11.02	2048	2102	0.00	210	0	0	0	nan	0.00	0.00	3.01	86.15	88.98	0.00	40	0	42	0.00	0.00	64.93	7.58	0.00	0.00	2000
229	10.99	2077	2110	0.00	196	0	0	0	nan	0.00	0.00	3.36	86.20	89.01	0.00	40	0	43	0.00	0.00	65.81	7.23	0.00	0.00	2000
230	11.17	2063	2096	0.00	195	0	0	0	nan	0.00	0.02	2.73	86.06	88.83	0.00	39	0	42	0.00	0.00	65.26	8.36	0.00	0.00	2000
223	10.74	2102	2074	0.00	212	0	0	0	nan	0.00	0.00	3.08	85.08	89.26	0.00	40	0	42	0.00	0.00	63.11	7.46	0.00	0.00	2000
227	10.95	2065	2106	0.00	194	0	0	0	nan	0.00	0.00	2.46	86.93	89.05	0.00	40	0	42	0.00	0.00	62.67	7.33	0.00	0.00	2000
233	11.14	2058	2132	0.00	211	0	0	0	nan	0.00	0.00	4.43	85.88	88.86	0.00	40	0	42	0.00	0.00	67.21	7.73	0.00	0.00	2000
229	10.92	2095	2104	0.00	198	0	0	0	nan	0.00	0.00	5.63	83.70	89.08	0.00	40	0	43	0.00	0.00	65.93	7.62	0.00	0.00	2000
229	11.10	2077	2085	0.00	196	0	0	0	nan	0.00	0.00	3.67	84.70	88.90	0.00	40	0	43	0.00	0.00	64.36	7.50	0.00	0.00	2000
230	10.69	2133	2119	0.00	194	0	0	0	nan	0.00	0.00	3.25	86.92	89.31	0.00	40	0	43	0.00	0.00	64.19	7.34	0.00	0.00	2000
231	11.17	2078	2090	0.00	196	0	0	0	nan	0.00	0.02	3.95	84.53	88.83	0.00	38	0	42	0.00	0.00	65.94	7.56	0.00	0.00	2000
226	11.21	2013	2102	0.00	194	0	0	0	nan	0.00	0.02	3.75	85.20	88.79	0.00	39	0	43	0.00	0.00	64.02	7.58	0.00	0.00	2000
229	11.19	2052	2099	0.00	193	0	0	0	nan	0.00	0.01	2.81	86.10	88.81	0.00	40	0	42	0.00	0.00	65.14	7.38	0.00	0.00	2000
227	11.11	2045	2102	0.00	194	0	0	0	nan	0.00	0.00	3.40	85.64	88.89	0.00	40	0	42	0.00	0.00	64.71	7.40	0.00	0.00	2000
223	11.20	2048	2045	0.00	194	0	0	2	87.88	0.00	0.00	3.00	83.54	88.80	0.00	40	0	43	0.00	0.00	60.49	7.07	0.00	0.00	2000
229	10.71	2104	2136	1.47	210	0	0	6	91.64	0.00	0.04	2.75	88.07	89.29	0.00	40	0	42	0.00	0.00	68.10	7.68	0.00	0.00	2000
228	11.01	2072	2095	0.01	194	0	0	0	nan	0.00	0.02	3.15	85.73	88.99	0.00	39	0	42	0.00	0.00	64.18	7.25	0.00	0.00	2000
228	11.10	2075	2084	0.00	195	0	0	0	nan	0.00	0.01	3.27	84.96	88.90	0.00	39	0	43	0.00	0.00	61.78	7.07	0.00	0.00	2000
227	10.93	2072	2102	0.00	211	0	0	0	nan	0.00	0.02	3.33	85.87	89.07	0.00	39	0	42	0.00	0.00	64.77	7.44	0.00	0.00	2000
227	10.92	2063	2113	0.00	210	0	0	0	nan	0.00	0.01	2.77	86.94	89.08	0.00	40	0	42	0.00	0.00	67.45	7.71	0.00	0.00	2000
228	11.05	2074	2093	0.00	194	0	0	0	nan	0.00	0.02	3.33	85.40	88.95	0.00	40	0	42	0.00	0.00	61.97	6.92	0.00	0.00	2000
232	11.07	2073	2126	0.00	211	0	0	0	nan	0.00	0.01	2.83	87.21	88.93	0.00	40	0	43	0.00	0.00	63.78	7.09	0.00	0.00	2000
225	10.63	2131	2081	0.00	211	0	0	0	nan	0.01	0.00	3.99	84.61	89.37	0.00	40	0	43	0.00	0.00	68.43	7.82	0.00	0.00	2000
228	11.34	2049	2061	0.00	194	0	0	0	nan	0.00	0.01	2.96	84.20	88.66	0.00	38	0	42	0.00	0.00	59.28	6.67	0.00	0.00	2000
229	11.00	2057	2129	0.00	226	0	0	0	nan	0.00	0.00	4.12	86.20	89.00	0.00	39	0	42	0.00	0.00	66.63	7.80	0.00	0.00	2000
232	11.26	2021	2137	0.00	211	0	0	0	nan	0.00	0.00	2.48	87.83	88.74	0.00	39	0	42	0.00	0.00	67.97	7.76	0.00	0.00	2000
227	10.89	2105	2084	0.00	196	0	0	0	nan	0.00	0.00	2.98	85.53	89.11	0.00	40	0	43	0.00	0.00	64.38	7.39	0.00	0.00	2000
224	11.26	2025	2061	0.00	195	0	0	0	nan	0.00	0.00	3.20	83.99	88.74	0.00	39	0	42	0.00	0.00	55.60	6.65	0.00	0.00	2000
229	10.91	2052	2145	0.00	260	0	0	0	nan	0.00	0.02	3.03	88.16	89.09	0.00	39	0	42	0.00	0.00	74.68	8.58	0.00	0.00	2000
232	10.88	2098	2132	0.00	220	0	0	0	nan	0.00	0.00	4.16	86.43	89.12	0.00	39	0	42	0.00	0.00	68.39	7.95	0.00	0.00	2000
241	11.66	2104	2066	0.00	198	0	0	0	nan	0.00	0.02	3.86	83.18	88.34	0.00	39	0	42	0.00	0.00	61.90	7.08	0.00	0.00	2000
233	11.40	2014	2132	1.02	195	0	0	7	72.75	0.00	0.00	3.25	86.90	88.60	0.00	39	0	42	0.00	0.00	65.11	7.58	0.00	0.00	2000
226	11.15	2062	2067	0.06	194	0	0	0	nan	0.00	0.02	3.56	84.06	88.85	0.00	39	0	42	0.00	0.00	63.38	7.30	0.00	0.00	2000
231	10.74	2132	2117	0.00	197	0	0	0	nan	0.01	0.00	2.88	87.19	89.26	0.00	39	0	42	0.00	0.00	65.61	7.54	0.00	0.00	2000
230	10.88	2102	2109	0.00	196	0	0	0	nan	0.00	0.01	2.84	86.76	89.12	0.00	39	0	42	0.00	0.00	64.74	7.53	0.00	0.00	2000
224	11.07	2053	2070	0.00	193	0	0	0	nan	0.01	0.00	2.58	85.12	88.93	0.00	38	0	43	0.00	0.00	63.70	8.74	0.00	0.00	2000
235	11.15	2067	2142	0.00	212	0	0	0	nan	0.00	0.02	2.42	88.32	88.85	0.00	39	0	42	0.00	0.00	68.93	9.03	0.00	0.00	2000
230	10.75	2138	2098	0.00	194	0	0	0	nan	0.00	0.00	3.00	86.19	89.25	0.00	39	0	42	0.00	0.00	65.20	7.61	0.00	0.00	2000
220	10.62	2103	2072	0.00	206	0	0	0	nan	0.00	0.00	4.22	84.06	89.38	0.00	39	0	43	0.00	0.00	64.93	7.69	0.00	0.00	2000
121	8.34	1456	2087	0.00	227	0	0	0	nan	0.00	0.02	7.24	83.91	91.66	0.00	37	0	42	0.00	0.00	57.78	7.30	0.00	0.00	2000
76	7.09	1060	2122	0.00	193	0	0	0	nan	0.00	0.00	4.03	89.90	92.91	0.00	37	0	42	0.00	0.00	60.41	7.78	0.00	0.00	2000
80	7.86	1024	2092	0.00	227	0	0	0	nan	0.00	0.00	7.89	83.99	92.14	0.00	37	0	43	0.00	0.00	59.36	7.40	0.00	0.00	2000
96	7.23	1296	2161	0.00	113	0	0	0	nan	0.00	0.01	4.84	90.76	92.77	0.00	37	0	42	0.00	0.00	59.15	8.11	0.00	0.00	2000
