Avg_MHz	Busy%	Bzy_MHz	TSC_MHz	IPC	IRQ	NMI	SMI	LLCMRPS	LLC%hit	POLL%	C1%	C1E%	C6%	CPU%c1	CPU%c6	CoreTmp	CoreThr	PkgTmp	Pkg%pc2	Pkg%pc6	PkgWatt	RAMWatt	PKG_%	RAM_%	UncMHz
295	15.44	2015	1991	0.00	249	0	0	0	nan	0.00	0.00	29.38	50.81	84.56	0.00	38	0	42	0.00	0.00	57.30	7.05	0.00	0.00	2000
463	19.01	2255	2268	0.00	256	0	0	0	nan	0.02	2.13	22.48	63.26	80.99	0.00	37	0	42	0.00	0.00	76.46	8.52	0.00	0.00	2000
85	7.00	1199	2115	0.00	194	0	0	0	nan	0.00	0.00	10.66	82.97	93.00	0.00	37	0	43	0.00	0.00	58.58	7.26	0.00	0.00	2000
73	6.69	1094	2095	0.00	193	0	0	0	nan	0.01	0.00	3.27	89.94	93.31	0.00	37	0	42	0.00	0.00	58.58	7.40	0.00	0.00	2000
74	6.73	1104	2106	0.00	194	0	0	0	nan	0.00	0.00	2.58	91.02	93.27	0.00	37	0	43	0.00	0.00	58.48	7.39	0.00	0.00	2000
72	6.49	1110	2087	0.00	193	0	0	0	nan	0.00	0.00	3.03	89.88	93.51	0.00	37	0	42	0.00	0.00	58.33	7.64	0.00	0.00	2000
74	6.58	1123	2116	0.00	194	0	0	0	nan	0.00	0.00	3.30	90.83	93.42	0.00	37	0	43	0.00	0.00	58.13	7.61	0.00	0.00	2000
82	7.23	1136	2100	0.00	194	0	0	0	nan	0.00	0.02	3.30	89.56	92.77	0.00	37	0	42	0.00	0.00	58.05	7.29	0.00	0.00	2000
72	7.08	1021	2101	0.00	194	0	0	0	nan	0.00	0.00	3.07	90.00	92.92	0.00	37	0	43	0.00	0.00	57.00	7.44	0.00	0.00	2000
74	6.71	1102	2104	0.00	195	0	0	0	nan	0.00	0.06	3.14	90.38	93.29	0.00	37	0	42	0.00	0.00	59.62	7.54	0.00	0.00	2000
71	6.56	1110	2062	0.00	195	0	0	0	nan	0.00	0.00	3.38	88.50	93.44	0.00	37	0	42	0.00	0.00	56.55	7.25	0.00	0.00	2000
72	6.79	1055	2104	0.00	194	0	0	0	nan	0.00	0.01	2.04	91.41	93.21	0.00	37	0	42	0.00	0.00	58.74	7.59	0.00	0.00	2000
73	6.98	1034	2119	0.00	209	0	0	0	nan	0.00	0.00	3.18	90.80	93.02	0.00	37	0	42	0.00	0.00	59.78	7.63	0.00	0.00	2000
72	6.81	1052	2106	0.00	178	0	0	0	nan	0.00	0.00	4.17	89.48	93.19	0.00	37	0	42	0.00	0.00	58.72	7.52	0.00	0.00	2000
73	6.75	1084	2099	0.00	194	0	0	0	nan	0.00	0.00	2.87	90.44	93.25	0.00	37	0	42	0.00	0.00	58.18	7.32	0.00	0.00	2000
72	6.83	1059	2104	0.00	212	0	0	1	87.76	0.00	0.00	4.22	89.23	93.17	0.00	37	0	42	0.00	0.00	58.52	7.26	0.00	0.00	2000
73	6.73	1085	2093	0.20	194	0	0	2	88.50	0.00	0.00	3.04	90.02	93.27	0.00	37	0	42	0.00	0.00	57.73	7.37	0.00	0.00	2000
71	6.58	1083	2103	0.00	193	0	0	0	nan	0.00	0.00	3.33	90.27	93.42	0.00	37	0	42	0.00	0.00	57.47	7.23	0.00	0.00	2000
153	8.68	1759	2111	0.00	216	0	0	0	nan	0.00	0.00	6.11	85.67	91.32	0.00	38	0	43	0.00	0.00	58.83	6.98	0.00	0.00	2000
229	11.28	2032	2096	0.00	204	0	0	0	nan	0.00	0.00	3.49	85.19	88.72	0.00	39	0	42	0.00	0.00	65.66	7.35	0.00	0.00	2000
226	11.18	2050	2075	0.00	202	0	0	0	nan	0.00	0.00	4.05	83.76	88.82	0.00	40	0	42	0.00	0.00	62.79	7.29	0.00	0.00	2000
234	11.20	2077	2109	0.00	211	0	0	0	nan	0.00	0.00	3.26	85.93	88.80	0.00	40	0	42	0.00	0.00	67.41	7.67	0.00	0.00	2000
243	11.57	2090	2112	0.00	194	0	0	0	nan	0.00	1.07	5.50	82.45	88.43	0.00	38	0	42	0.00	0.00	63.76	7.36	0.00	0.00	2000
231	11.30	2135	2014	0.00	195	0	0	0	nan	0.04	0.02	10.62	74.48	88.70	0.00	37	0	42	0.00	0.00	63.18	7.72	0.00	0.00	2000
225	11.18	2019	2093	0.00	211	0	0	0	nan	0.00	0.00	6.71	81.93	88.82	0.00	37	0	42	0.00	0.00	64.83	7.78	0.00	0.00	2000
239	10.68	2131	2203	0.00	213	0	0	0	nan	0.00	0.00	7.54	86.30	89.32	0.00	38	0	42	0.00	0.00	70.33	8.35	0.00	0.00	2000
230	11.41	2027	2090	0.00	200	0	0	0	nan	0.00	0.02	5.71	82.57	88.59	0.00	38	0	42	0.00	0.00	65.53	7.75	0.00	0.00	2000
231	10.97	2100	2105	0.00	198	0	0	0	nan	0.00	0.23	4.70	84.35	89.03	0.00	38	0	42	0.00	0.00	65.36	7.47	0.00	0.00	2000
228	11.06	2072	2092	0.00	195	0	0	0	nan	0.00	0.00	4.60	84.12	88.94	0.00	39	0	42	0.00	0.00	63.79	7.30	0.00	0.00	2000
230	10.95	2108	2095	0.00	197	0	0	0	nan	0.00	0.02	5.58	83.33	89.05	0.00	39	0	42	0.00	0.00	65.26	7.42	0.00	0.00	2000
232	11.32	2042	2110	0.00	198	0	0	0	nan	0.00	0.00	7.02	82.14	88.68	0.00	39	0	42	0.00	0.00	64.68	7.24	0.00	0.00	2000
226	11.00	2094	2062	0.00	202	0	0	0	nan	0.00	0.00	6.89	80.53	89.00	0.00	39	0	43	0.00	0.00	60.98	6.98	0.00	0.00	2000
232	11.03	2077	2130	0.00	198	0	0	3	90.12	0.00	0.00	6.93	83.42	88.97	0.00	39	0	42	0.00	0.00	68.43	7.68	0.00	0.00	2000
224	11.30	2018	2064	0.62	197	0	0	17	96.14	0.00	0.00	4.81	82.48	88.70	0.00	39	0	42	0.00	0.00	62.02	7.08	0.00	0.00	2000
234	10.91	2109	2133	0.00	215	0	0	0	nan	0.00	0.02	3.50	87.01	89.09	0.00	39	0	42	0.00	0.00	64.09	7.84	0.00	0.00	2000
239	10.86	2173	2124	0.00	186	0	0	0	nan	0.00	0.00	9.69	80.50	89.14	0.00	39	0	42	0.00	0.00	67.15	7.34	0.00	0.00	2000
228	10.97	2121	2059	0.00	203	0	0	0	nan	0.00	0.00	6.30	81.10	89.03	0.00	39	0	42	0.00	0.00	64.10	7.19	0.00	0.00	2000
237	10.95	2122	2139	0.00	197	0	0	0	nan	0.00	0.03	1.91	88.84	89.05	0.00	39	0	42	0.00	0.00	66.68	7.78	0.00	0.00	2000
228	10.93	2108	2073	0.00	197	0	0	0	nan	0.00	0.56	2.67	84.72	89.07	0.00	39	0	43	0.00	0.00	63.75	7.24	0.00	0.00	2000
234	11.12	2094	2106	0.00	207	0	0	0	nan	0.00	1.02	5.30	82.92	88.88	0.00	39	0	42	0.00	0.00	66.13	7.49	0.00	0.00	2000
232	11.21	2082	2086	0.00	208	0	0	0	nan	0.00	1.07	2.83	84.41	88.79	0.00	39	0	42	0.00	0.00	63.17	7.33	0.00	0.00	2000
235	11.16	2120	2086	0.00	201	0	0	0	nan	0.00	0.00	4.59	83.74	88.84	0.00	39	0	43	0.00	0.00	66.03	7.58	0.00	0.00	2000
231	11.16	2031	2144	0.00	212	0	0	0	nan	0.00	0.02	7.19	83.62	88.84	0.00	39	0	43	0.00	0.00	68.13	7.93	0.00	0.00	2000
231	11.52	2009	2096	0.00	199	0	0	0	nan	0.00	0.00	6.41	82.01	88.48	0.00	39	0	42	0.00	0.00	64.69	7.58	0.00	0.00	2000
229	11.14	2060	2094	0.00	198	0	0	0	nan	0.00	0.00	5.92	82.81	88.86	0.00	39	0	42	0.00	0.00	65.01	7.45	0.00	0.00	2000
231	11.32	2036	2103	0.00	198	0	0	0	nan	0.00	0.00	5.84	82.94	88.68	0.00	39	0	42	0.00	0.00	64.22	7.29	0.00	0.00	2000
219	12.38	2120	1751	0.00	203	0	0	0	nan	0.00	0.00	4.55	68.61	87.62	0.00	39	0	43	0.00	0.00	49.78	5.71	0.00	0.00	2000
224	9.47	1977	2511	0.00	253	0	0	0	nan	0.00	0.00	4.98	103.29	90.53	0.00	39	0	42	0.00	0.00	79.79	9.39	0.00	0.00	2000
237	11.32	2084	2114	0.00	234	0	0	0	nan	0.00	0.01	3.90	85.45	88.68	0.00	39	0	42	0.00	0.00	64.79	7.74	0.00	0.00	2000
230	11.09	2073	2099	0.17	213	0	0	2	59.43	0.00	0.00	5.07	83.87	88.91	0.00	40	0	42	0.00	0.00	66.43	7.91	0.00	0.00	2000
235	11.04	2132	2097	0.37	206	0	0	3	66.51	0.00	0.00	4.65	84.29	88.96	0.00	40	0	42	0.00	0.00	62.34	7.47	0.00	0.00	2000
231	11.04	2089	2099	0.00	204	0	0	0	nan	0.00	0.00	3.65	85.31	88.96	0.00	40	0	42	0.00	0.00	67.13	7.84	0.00	0.00	2000
232	11.49	2008	2110	0.00	202	0	0	0	nan	0.00	0.00	4.03	85.03	88.51	0.00	40	0	43	0.00	0.00	63.91	7.53	0.00	0.00	2000
231	11.12	2078	2095	0.00	203	0	0	0	nan	0.00	0.00	3.70	85.02	88.88	0.00	40	0	42	0.00	0.00	65.26	7.37	0.00	0.00	2000
234	11.51	2026	2109	0.00	214	0	0	0	nan	0.00	0.00	3.71	85.26	88.49	0.00	40	0	42	0.00	0.00	66.40	8.08	0.00	0.00	2000
230	11.08	2094	2086	0.00	207	0	0	0	nan	0.00	0.00	3.05	85.34	88.92	0.00	40	0	43	0.00	0.00	62.39	7.51	0.00	0.00	2000
233	11.23	2063	2110	0.00	204	0	0	0	nan	0.00	0.02	3.69	85.61	88.77	0.00	40	0	42	0.00	0.00	65.18	7.86	0.00	0.00	2000
229	11.18	2051	2094	0.00	202	0	0	0	nan	0.00	0.02	3.52	85.27	88.82	0.00	40	0	43	0.00	0.00	64.75	7.68	0.00	0.00	2000
232	10.96	2110	2107	0.00	203	0	0	0	nan	0.00	0.00	4.06	85.35	89.04	0.00	40	0	43	0.00	0.00	62.82	7.37	0.00	0.00	2000
233	11.05	2109	2096	0.00	212	0	0	0	nan	0.00	0.00	3.76	85.11	88.95	0.00	40	0	42	0.00	0.00	64.87	7.66	0.00	0.00	2000
230	11.11	2073	2098	0.00	202	0	0	0	nan	0.00	0.00	3.58	85.30	88.89	0.00	40	0	42	0.00	0.00	66.21	8.06	0.00	0.00	2000
229	11.04	2083	2090	0.00	205	0	0	0	nan	0.01	0.00	3.40	85.24	88.96	0.00	41	0	43	0.00	0.00	65.12	7.56	0.00	0.00	2000
232	10.95	2114	2108	0.00	220	0	0	0	nan	0.00	0.02	2.95	86.50	89.05	0.00	40	0	42	0.00	0.00	63.43	7.65	0.00	0.00	2000
231	11.14	2076	2101	0.00	202	0	0	0	nan	0.00	0.00	4.08	84.94	88.86	0.00	40	0	42	0.00	0.00	64.58	7.61	0.00	0.00	2000
233	11.00	2115	2100	0.00	213	0	0	0	nan	0.00	0.00	3.45	85.63	89.00	0.00	41	0	42	0.00	0.00	66.40	7.85	0.00	0.00	2000
228	10.86	2105	2097	0.00	189	0	0	0	nan	0.00	0.00	3.09	86.02	89.14	0.00	40	0	42	0.00	0.00	65.80	7.91	0.00	0.00	2000
232	11.11	2098	2094	0.07	200	0	0	2	64.45	0.00	0.00	2.99	85.72	88.89	0.00	41	0	43	0.00	0.00	65.20	7.68	0.00	0.00	2000
229	11.09	2076	2092	0.56	203	0	0	3	65.37	0.00	0.00	2.50	86.11	88.91	0.00	41	0	43	0.00	0.00	63.86	7.65	0.00	0.00	2000
237	11.07	2113	2130	0.00	204	0	0	0	nan	0.00	0.03	3.40	86.87	88.93	0.00	41	0	43	0.00	0.00	67.06	7.90	0.00	0.00	2000
232	11.12	2091	2098	0.00	213	0	0	0	nan	0.00	0.00	3.64	85.20	88.88	0.00	40	0	42	0.00	0.00	60.71	7.32	0.00	0.00	2000
231	11.35	2063	2074	0.00	210	0	0	0	nan	0.00	0.00	3.24	84.39	88.65	0.00	40	0	42	0.00	0.00	65.21	7.95	0.00	0.00	2000
233	10.93	2114	2115	0.00	217	0	0	0	nan	0.00	0.02	3.20	86.50	89.07	0.00	40	0	42	0.00	0.00	67.10	7.65	0.00	0.00	2000
234	10.97	2137	2099	0.00	204	0	0	0	nan	0.00	0.01	3.86	85.13	89.03	0.00	40	0	42	0.00	0.00	65.12	7.86	0.00	0.00	2000
229	10.97	2083	2103	0.00	201	0	0	0	nan	0.00	0.00	4.91	84.28	89.03	0.00	41	0	43	0.00	0.00	64.35	7.86	0.00	0.00	2000
232	11.24	2051	2114	0.00	211	0	0	0	nan	0.00	0.00	4.20	85.25	88.76	0.00	41	0	42	0.00	0.00	68.85	8.36	0.00	0.00	2000
228	10.89	2096	2093	0.00	201	0	0	0	nan	0.00	0.01	4.35	84.57	89.11	0.00	41	0	43	0.00	0.00	66.10	8.02	0.00	0.00	2000
230	11.27	2042	2099	0.00	206	0	0	0	nan	0.00	0.02	5.18	83.67	88.73	0.00	40	0	42	0.00	0.00	61.00	7.52	0.00	0.00	2000
226	10.86	2092	2088	0.00	204	0	0	0	nan	0.00	0.00	2.89	85.87	89.14	0.00	41	0	42	0.00	0.00	66.76	8.28	0.00	0.00	2000
230	10.97	2102	2097	0.00	202	0	0	0	nan	0.00	0.02	3.20	85.74	89.03	0.00	41	0	42	0.00	0.00	66.62	8.12	0.00	0.00	2000
231	11.25	2042	2108	0.00	209	0	0	0	nan	0.00	0.00	4.94	84.20	88.75	0.00	41	0	43	0.00	0.00	65.86	8.01	0.00	0.00	2000
232	11.21	2061	2104	0.00	206	0	0	0	nan	0.00	0.00	3.32	85.68	88.79	0.00	41	0	43	0.00	0.00	66.01	8.18	0.00	0.00	2000
237	11.04	2140	2110	0.00	221	0	0	0	nan	0.00	0.00	6.56	82.82	88.96	0.00	41	0	42	0.00	0.00	69.56	8.59	0.00	0.00	2000
230	10.97	2094	2101	0.00	201	0	0	0	nan	0.00	0.00	4.11	85.17	89.03	0.00	41	0	42	0.00	0.00	66.00	8.25	0.00	0.00	2000
225	10.89	2087	2083	0.00	203	0	0	5	34.43	0.00	0.00	3.17	85.38	89.11	0.00	41	0	43	0.00	0.00	62.38	7.85	0.00	0.00	2000
235	11.16	2103	2107	0.83	207	0	0	15	30.02	0.01	0.00	3.29	85.90	88.84	0.00	41	0	42	0.00	0.00	63.77	7.88	0.00	0.00	2000
227	11.03	2071	2087	0.00	207	0	0	0	nan	0.00	0.00	4.12	84.45	88.97	0.00	41	0	42	0.00	0.00	66.34	8.14	0.00	0.00	2000
244	11.13	2174	2117	0.00	204	0	0	0	nan	0.00	0.00	3.31	86.23	88.88	0.00	41	0	43	0.00	0.00	67.61	8.19	0.00	0.00	2000
229	11.01	2087	2095	0.00	203	0	0	0	nan	0.00	0.00	4.50	84.48	88.99	0.00	41	0	43	0.00	0.00	66.71	8.25	0.00	0.00	2000
228	11.12	2056	2099	0.00	203	0	0	0	nan	0.00	0.01	4.87	84.04	88.88	0.00	41	0	42	0.00	0.00	65.20	8.03	0.00	0.00	2000
232	11.27	2046	2111	0.00	202	0	0	0	nan	0.00	0.00	4.30	85.05	88.73	0.00	40	0	43	0.00	0.00	68.84	8.24	0.00	0.00	2000
223	11.01	2064	2065	0.00	211	0	0	0	nan	0.00	0.00	3.26	84.41	88.99	0.00	42	0	42	0.00	0.00	64.73	8.87	0.00	0.00	2000
226	11.10	2030	2104	0.00	219	0	0	0	nan	0.00	0.01	3.15	86.07	88.90	0.00	42	0	43	0.00	0.00	66.83	8.74	0.00	0.00	2000
228	10.99	2072	2098	0.00	206	0	0	0	nan	0.00	0.00	4.34	84.66	89.01	0.00	42	0	43	0.00	0.00	66.69	8.74	0.00	0.00	2000
232	11.03	2081	2121	0.00	221	0	0	0	nan	0.00	0.02	4.21	85.76	88.97	0.00	42	0	42	0.00	0.00	67.74	8.84	0.00	0.00	2000
224	10.74	2103	2081	0.00	212	0	0	0	nan	0.00	0.00	2.64	85.83	89.26	0.00	42	0	42	0.00	0.00	65.61	8.45	0.00	0.00	2000
228	10.73	2123	2105	0.00	217	0	0	0	nan	0.00	0.02	3.57	85.98	89.27	0.00	42	0	43	0.00	0.00	63.61	8.20	0.00	0.00	2000
228	10.84	2101	2104	0.00	206	0	0	0	nan	0.00	0.00	3.55	85.86	89.16	0.00	42	0	43	0.00	0.00	67.85	8.79	0.00	0.00	2000
227	11.16	2049	2084	0.00	221	0	0	0	nan	0.00	0.00	4.47	83.77	88.84	0.00	42	0	43	0.00	0.00	62.44	8.06	0.00	0.00	2000
232	10.99	2082	2125	0.00	228	0	0	0	nan	0.00	0.00	4.77	85.37	89.01	0.00	42	0	42	0.00	0.00	67.94	8.99	0.00	0.00	2000
224	11.11	2038	2078	0.00	201	0	0	0	nan	0.00	0.00	2.86	85.15	88.89	0.00	42	0	42	0.00	0.00	65.61	8.60	0.00	0.00	2000
229	11.06	2046	2124	0.85	204	0	0	26	5.51	0.00	0.00	4.04	86.08	88.94	0.00	42	0	42	0.00	0.00	67.76	8.84	0.00	0.00	2000
230	10.77	2137	2099	0.88	220	0	0	10	15.81	0.00	0.01	3.07	86.22	89.23	0.00	42	0	43	0.00	0.00	66.83	8.55	0.00	0.00	2000
229	11.08	2081	2082	0.00	210	0	0	0	nan	0.00	0.01	3.30	84.96	88.92	0.00	42	0	42	0.00	0.00	65.46	8.38	0.00	0.00	2000
226	10.87	2076	2101	0.00	219	0	0	0	nan	0.00	0.00	2.81	86.46	89.13	0.00	42	0	43	0.00	0.00	67.07	8.68	0.00	0.00	2000
228	10.94	2078	2104	0.00	203	0	0	0	nan	0.00	0.00	2.89	86.41	89.06	0.00	42	0	42	0.00	0.00	67.02	8.66	0.00	0.00	2000
229	10.89	2089	2114	0.00	220	0	0	0	nan	0.01	0.00	3.28	86.49	89.11	0.00	42	0	42	0.00	0.00	67.02	8.82	0.00	0.00	2000
231	10.98	2097	2102	0.00	213	0	0	0	nan	0.00	0.03	3.32	85.88	89.02	0.00	42	0	42	0.00	0.00	66.66	8.66	0.00	0.00	2000
230	11.11	2059	2111	0.00	201	0	0	0	nan	0.00	0.00	2.98	86.43	88.89	0.00	42	0	43	0.00	0.00	67.20	8.69	0.00	0.00	2000
223	11.00	2058	2065	0.00	202	0	0	0	nan	0.00	0.00	3.26	84.37	89.00	0.00	42	0	42	0.00	0.00	65.24	8.45	0.00	0.00	2000
228	11.14	2043	2105	0.00	203	0	0	0	nan	0.00	0.03	3.52	85.69	88.86	0.00	42	0	42	0.00	0.00	66.82	8.80	0.00	0.00	2000
226	10.76	2122	2083	0.00	217	0	0	0	nan	0.00	0.00	3.71	84.84	89.24	0.00	42	0	43	0.00	0.00	66.04	8.49	0.00	0.00	2000
228	10.84	2096	2110	0.00	211	0	0	0	nan	0.00	0.00	4.26	85.40	89.16	0.00	42	0	43	0.00	0.00	67.20	8.67	0.00	0.00	2000
227	11.30	2004	2102	0.00	232	0	0	0	nan	0.00	0.00	3.41	85.50	88.70	0.00	42	0	43	0.00	0.00	66.53	8.76	0.00	0.00	2000
226	10.92	2063	2105	0.00	218	0	0	0	nan	0.00	0.02	3.60	85.76	89.08	0.00	42	0	43	0.00	0.00	66.87	8.69	0.00	0.00	2000
233	10.95	2110	2118	0.00	202	0	0	0	nan	0.00	0.00	3.36	86.50	89.05	0.00	42	0	42	0.00	0.00	67.32	8.83	0.00	0.00	2000
227	11.02	2070	2087	0.00	212	0	0	0	nan	0.00	0.02	3.01	85.53	88.98	0.00	42	0	42	0.00	0.00	66.06	8.49	0.00	0.00	2000
227	11.03	2062	2092	0.00	222	0	0	0	99.39	0.00	0.02	3.74	84.97	88.97	0.00	42	0	42	0.00	0.00	66.56	8.56	0.00	0.00	2000
234	10.99	2097	2134	1.75	202	0	0	37	4.97	0.00	0.02	4.37	86.00	89.01	0.00	42	0	42	0.00	0.00	68.38	8.91	0.00	0.00	2000
225	10.94	2081	2077	0.04	203	0	0	0	nan	0.00	0.00	3.17	85.04	89.06	0.00	42	0	43	0.00	0.00	65.50	8.51	0.00	0.00	2000
234	11.08	2093	2124	0.00	212	0	0	0	nan	0.00	0.00	3.20	86.78	88.92	0.00	42	0	42	0.00	0.00	67.99	8.68	0.00	0.00	2000
225	10.80	2114	2066	0.00	202	0	0	0	nan	0.00	0.00	4.33	83.49	89.20	0.00	42	0	43	0.00	0.00	65.30	8.30	0.00	0.00	2000
231	10.85	2112	2118	0.00	203	0	0	0	nan	0.01	0.00	3.58	86.40	89.15	0.00	42	0	42	0.00	0.00	67.59	8.76	0.00	0.00	2000
230	10.86	2115	2101	0.00	204	0	0	0	nan	0.00	0.01	3.44	85.80	89.14	0.00	42	0	42	0.00	0.00	66.94	8.60	0.00	0.00	2000
226	10.93	2082	2083	0.00	203	0	0	0	nan	0.00	0.02	2.98	85.48	89.07	0.00	42	0	42	0.00	0.00	65.93	8.56	0.00	0.00	2000
235	11.03	2094	2133	0.00	202	0	0	0	nan	0.00	0.04	3.43	86.98	88.97	0.00	42	0	42	0.00	0.00	68.14	8.97	0.00	0.00	2000
223	10.71	2107	2077	0.00	212	0	0	0	nan	0.00	0.02	3.33	84.98	89.29	0.00	42	0	43	0.00	0.00	66.14	8.49	0.00	0.00	2000
226	10.88	2079	2095	0.00	219	0	0	0	nan	0.00	0.02	3.25	85.76	89.12	0.00	42	0	42	0.00	0.00	66.64	8.78	0.00	0.00	2000
229	10.75	2117	2117	0.00	203	0	0	0	nan	0.00	0.00	3.20	86.80	89.25	0.00	42	0	43	0.00	0.00	68.04	8.69	0.00	0.00	2000
228	10.73	2142	2082	0.00	204	0	0	0	nan	0.00	0.02	2.97	85.46	89.27	0.00	42	0	43	0.00	0.00	65.72	8.53	0.00	0.00	2000
229	10.87	2108	2099	0.00	214	0	0	0	nan	0.00	0.04	3.59	85.55	89.13	0.00	42	0	43	0.00	0.00	66.63	8.69	0.00	0.00	2000
226	11.12	2031	2101	0.00	219	0	0	0	nan	0.00	0.00	3.15	85.87	88.88	0.00	42	0	43	0.00	0.00	66.85	8.59	0.00	0.00	2000
231	10.92	2091	2128	0.00	219	0	0	0	nan	0.00	0.00	3.85	86.49	89.08	0.00	42	0	43	0.00	0.00	67.40	8.37	0.00	0.00	2000
228	11.00	2105	2072	0.00	202	0	0	0	nan	0.00	0.00	4.32	83.63	89.00	0.00	41	0	43	0.00	0.00	63.60	7.57	0.00	0.00	2000
236	11.24	2065	2131	0.00	205	0	0	1	87.58	0.00	0.00	5.36	84.83	88.76	0.00	42	0	42	0.00	0.00	66.77	7.83	0.00	0.00	2000
225	10.94	2092	2063	1.20	211	0	0	8	51.51	0.00	0.00	4.18	83.38	89.06	0.00	42	0	43	0.00	0.00	63.13	7.32	0.00	0.00	2000
227	11.07	2028	2121	0.00	205	0	0	0	nan	0.00	0.00	3.91	86.08	88.93	0.00	41	0	42	0.00	0.00	65.36	7.92	0.00	0.00	2000
138	9.14	1521	2085	0.00	232	0	0	0	nan	0.00	0.02	18.91	71.32	90.86	0.00	38	0	43	0.00	0.00	60.32	7.43	0.00	0.00	2000
82	7.30	1107	2119	0.00	212	0	0	0	nan	0.00	0.02	5.78	87.81	92.70	0.00	38	0	42	0.00	0.00	58.38	7.41	0.00	0.00	2000
