Avg_MHz	Busy%	Bzy_MHz	TSC_MHz	IPC	IRQ	NMI	SMI	LLCMRPS	LLC%hit	POLL%	C1%	C1E%	C6%	CPU%c1	CPU%c6	CoreTmp	CoreThr	PkgTmp	Pkg%pc2	Pkg%pc6	PkgWatt	RAMWatt	PKG_%	RAM_%	UncMHz
305	16.62	1884	2046	0.00	233	0	0	0	nan	0.00	0.00	26.37	54.69	83.38	0.00	38	0	43	0.00	0.00	58.31	7.05	0.00	0.00	2000
519	21.49	2295	2210	0.00	263	0	0	0	nan	0.03	1.76	17.80	63.44	78.51	0.00	38	0	43	0.00	0.00	74.17	8.39	0.00	0.00	2000
84	6.92	1215	2107	0.00	211	0	0	0	nan	0.00	0.75	21.62	70.94	93.08	0.00	37	0	43	0.00	0.00	62.06	7.66	0.00	0.00	2000
75	6.56	1135	2107	0.00	193	0	0	0	nan	0.00	0.00	4.12	89.56	93.44	0.00	37	0	43	0.00	0.00	55.93	7.22	0.00	0.00	2000
74	6.50	1137	2103	0.00	193	0	0	0	nan	0.00	0.00	3.51	90.13	93.50	0.00	37	0	43	0.00	0.00	62.02	7.95	0.00	0.00	2000
72	6.56	1105	2096	0.00	193	0	0	0	nan	0.00	0.00	3.30	89.94	93.44	0.00	37	0	42	0.00	0.00	56.92	7.18	0.00	0.00	2000
73	6.46	1138	2092	0.00	194	0	0	0	nan	0.00	0.00	4.51	88.79	93.54	0.00	37	0	43	0.00	0.00	56.04	7.18	0.00	0.00	2000
87	7.04	1228	2117	0.00	193	0	0	0	nan	0.00	0.00	4.11	89.62	92.96	0.00	37	0	42	0.00	0.00	63.15	8.07	0.00	0.00	2000
77	6.55	1172	2097	0.00	196	0	0	0	nan	0.00	0.02	5.06	88.30	93.45	0.00	37	0	43	0.00	0.00	52.49	6.78	0.00	0.00	2000
72	6.66	1097	2075	0.00	179	0	0	0	nan	0.00	0.00	3.29	89.04	93.34	0.00	37	0	43	0.00	0.00	60.48	7.30	0.00	0.00	2000
74	6.66	1099	2126	0.00	211	0	0	0	nan	0.00	0.04	4.48	89.94	93.34	0.00	38	0	43	0.00	0.00	58.64	7.33	0.00	0.00	2000
73	6.57	1106	2100	0.00	193	0	0	0	nan	0.00	0.00	3.55	89.84	93.43	0.00	37	0	43	0.00	0.00	60.70	7.77	0.00	0.00	2000
74	6.54	1133	2097	0.00	198	0	0	0	nan	0.00	0.00	5.27	88.03	93.46	0.00	37	0	42	0.00	0.00	58.39	7.58	0.00	0.00	2000
73	6.57	1114	2095	0.00	194	0	0	0	nan	0.00	0.00	4.38	88.84	93.43	0.00	37	0	43	0.00	0.00	56.06	7.16	0.00	0.00	2000
74	6.26	1179	2107	0.00	194	0	0	0	nan	0.00	0.02	3.34	90.58	93.74	0.00	37	0	42	0.00	0.00	60.08	7.55	0.00	0.00	2000
72	6.40	1127	2086	0.00	177	0	0	1	87.46	0.00	0.02	2.74	90.29	93.60	0.00	38	0	43	0.00	0.00	59.18	7.51	0.00	0.00	2000
75	6.84	1092	2098	0.29	197	0	0	2	84.70	0.00	0.00	1.98	91.10	93.16	0.00	37	0	42	0.00	0.00	57.30	7.36	0.00	0.00	2000
72	6.58	1094	2111	0.00	194	0	0	0	nan	0.00	0.00	3.06	90.87	93.42	0.00	37	0	43	0.00	0.00	58.82	7.44	0.00	0.00	2000
133	8.27	1629	2067	0.00	206	0	0	0	nan	0.00	0.74	4.62	85.04	91.73	0.00	37	0	43	0.00	0.00	59.51	7.33	0.00	0.00	2000
230	11.11	2042	2132	0.00	199	0	0	0	nan	0.01	0.00	7.40	82.95	88.89	0.00	37	0	42	0.00	0.00	65.69	7.74	0.00	0.00	2000
232	11.11	2093	2096	0.00	201	0	0	0	nan	0.01	0.00	5.30	83.38	88.89	0.00	37	0	43	0.00	0.00	66.25	7.64	0.00	0.00	2000
231	11.57	1989	2104	0.00	201	0	0	0	nan	0.00	0.00	5.25	83.55	88.43	0.00	37	0	42	0.00	0.00	64.96	7.49	0.00	0.00	2000
220	11.79	1915	2048	0.00	199	0	0	0	nan	0.00	0.00	5.10	81.07	88.21	0.00	37	0	42	0.00	0.00	59.39	6.94	0.00	0.00	2000
231	11.03	2039	2156	0.00	232	0	0	0	nan	0.01	0.00	7.36	84.10	88.97	0.00	38	0	43	0.00	0.00	70.46	8.26	0.00	0.00	2000
235	11.04	2116	2114	0.00	198	0	0	0	nan	0.00	0.00	4.95	84.66	88.96	0.00	37	0	42	0.00	0.00	63.90	7.63	0.00	0.00	2000
233	11.27	2074	2091	0.00	198	0	0	0	nan	0.00	0.00	4.89	83.61	88.73	0.00	37	0	42	0.00	0.00	68.54	8.48	0.00	0.00	2000
223	11.07	2026	2089	0.00	199	0	0	0	nan	0.00	0.00	5.22	83.41	88.93	0.00	38	0	43	0.00	0.00	63.75	7.86	0.00	0.00	2000
223	11.00	2016	2112	0.00	213	0	0	0	nan	0.00	0.02	3.12	86.49	89.00	0.00	39	0	42	0.00	0.00	65.52	7.61	0.00	0.00	2000
222	10.83	2048	2104	0.00	196	0	0	0	nan	0.00	0.00	3.19	86.26	89.17	0.00	39	0	43	0.00	0.00	62.35	7.29	0.00	0.00	2000
221	10.95	2031	2083	0.00	194	0	0	0	nan	0.01	0.00	3.37	84.98	89.05	0.00	39	0	43	0.00	0.00	67.03	7.61	0.00	0.00	2000
220	10.75	2033	2117	0.00	211	0	0	0	nan	0.00	0.00	3.33	86.73	89.25	0.00	39	0	43	0.00	0.00	62.33	7.22	0.00	0.00	2000
222	10.86	2051	2088	0.00	195	0	0	0	nan	0.00	0.00	3.23	85.48	89.14	0.00	40	0	43	0.00	0.00	61.88	7.39	0.00	0.00	2000
221	11.12	2042	2038	0.00	197	0	0	7	78.36	0.00	0.00	3.75	82.54	88.88	0.00	39	0	43	0.00	0.00	65.86	7.71	0.00	0.00	2000
224	10.68	2045	2156	0.63	195	0	0	13	95.19	0.00	0.01	2.43	89.36	89.32	0.00	40	0	43	0.00	0.00	67.47	7.81	0.00	0.00	2000
221	10.97	2025	2086	0.00	195	0	0	0	nan	0.00	0.01	2.77	85.67	89.03	0.00	40	0	42	0.00	0.00	64.32	7.45	0.00	0.00	2000
224	11.15	2002	2104	0.00	199	1	0	0	nan	0.00	0.00	3.71	85.43	88.85	0.00	39	0	42	0.00	0.00	64.71	7.59	0.00	0.00	2000
223	10.91	2063	2084	0.00	212	0	0	0	nan	0.00	0.00	3.83	84.56	89.09	0.00	39	0	43	0.00	0.00	62.21	7.21	0.00	0.00	2000
220	10.82	2032	2097	0.00	194	0	0	0	nan	0.01	0.00	3.34	85.71	89.18	0.00	37	0	43	0.00	0.00	63.52	7.45	0.00	0.00	2000
231	10.89	2099	2125	0.00	211	0	0	0	nan	0.00	0.02	3.35	86.82	89.11	0.00	37	0	42	0.00	0.00	68.01	8.00	0.00	0.00	2000
231	10.92	2105	2110	0.00	195	0	0	0	nan	0.00	0.00	2.56	87.02	89.08	0.00	38	0	42	0.00	0.00	65.43	7.64	0.00	0.00	2000
234	11.30	2056	2115	0.00	195	0	0	0	nan	0.00	0.00	2.76	86.73	88.70	0.00	38	0	43	0.00	0.00	62.72	7.34	0.00	0.00	2000
227	11.31	2042	2067	0.00	194	0	0	0	nan	0.00	0.00	2.68	84.70	88.69	0.00	38	0	42	0.00	0.00	64.34	7.45	0.00	0.00	2000
230	11.04	2064	2122	0.00	210	0	0	0	nan	0.00	0.00	3.17	86.86	88.96	0.00	38	0	42	0.00	0.00	65.48	7.79	0.00	0.00	2000
231	11.31	2039	2107	0.00	195	0	0	0	nan	0.00	0.00	4.86	84.30	88.69	0.00	38	0	42	0.00	0.00	64.70	7.76	0.00	0.00	2000
228	10.96	2089	2094	0.00	194	0	0	0	nan	0.00	0.00	4.40	84.49	89.04	0.00	38	0	42	0.00	0.00	64.89	7.80	0.00	0.00	2000
231	11.20	2053	2105	0.00	195	0	0	0	nan	0.00	0.00	4.15	84.89	88.80	0.00	39	0	43	0.00	0.00	64.58	7.49	0.00	0.00	2000
231	11.26	2056	2098	0.00	194	0	0	0	nan	0.00	0.01	3.19	85.60	88.74	0.00	38	0	43	0.00	0.00	64.29	7.56	0.00	0.00	2000
233	11.35	2070	2080	0.00	199	0	0	0	nan	0.00	0.00	4.62	83.11	88.65	0.00	38	0	42	0.00	0.00	62.86	7.29	0.00	0.00	2000
224	11.21	2022	2078	0.00	195	0	0	0	nan	0.00	0.02	2.77	85.12	88.79	0.00	38	0	42	0.00	0.00	67.55	7.97	0.00	0.00	2000
238	11.31	2069	2138	0.00	211	0	0	14	85.67	0.00	0.00	4.64	85.83	88.69	0.00	39	0	43	0.00	0.00	65.43	7.72	0.00	0.00	2000
220	13.10	2098	1681	1.02	200	0	0	11	87.99	0.00	0.00	4.04	65.53	86.90	0.00	38	0	42	0.00	0.00	48.92	5.83	0.00	0.00	2000
168	7.84	1688	2660	0.00	267	0	0	0	nan	0.00	0.00	4.19	112.61	92.16	0.00	37	0	43	0.00	0.00	85.30	10.51	0.00	0.00	2000
118	8.98	1298	2121	0.00	246	0	0	0	nan	0.00	0.02	12.72	79.26	91.02	0.00	38	0	43	0.00	0.00	59.13	7.41	0.00	0.00	2000
78	6.93	1119	2110	0.00	193	0	0	0	nan	0.00	0.02	3.85	89.65	93.07	0.00	37	0	43	0.00	0.00	58.82	7.52	0.00	0.00	2000
77	6.55	1177	2099	0.00	194	0	0	0	nan	0.00	0.00	3.38	90.01	93.45	0.00	37	0	42	0.00	0.00	59.66	7.52	0.00	0.00	2000
119	7.22	1630	2116	0.00	65	0	0	0	nan	0.00	0.07	8.06	85.31	92.78	0.00	38	0	43	0.00	0.00	48.95	6.83	0.00	0.00	2000
