Avg_MHz	Busy%	Bzy_MHz	TSC_MHz	IPC	IRQ	NMI	SMI	LLCMRPS	LLC%hit	POLL%	C1%	C1E%	C6%	CPU%c1	CPU%c6	CoreTmp	CoreThr	PkgTmp	Pkg%pc2	Pkg%pc6	PkgWatt	RAMWatt	PKG_%	RAM_%	UncMHz
274	14.78	1811	2151	0.00	251	0	0	0	nan	0.00	0.00	35.58	51.60	85.22	0.00	38	0	42	0.00	0.00	64.95	8.15	0.00	0.00	2000
416	19.64	2131	2087	0.00	211	0	0	0	nan	0.02	1.10	11.81	67.18	80.36	0.00	38	0	42	0.00	0.00	64.45	7.51	0.00	0.00	2000
101	7.53	1326	2116	0.00	240	0	0	0	nan	0.00	0.02	16.64	76.56	92.47	0.00	37	0	42	0.00	0.00	64.13	8.15	0.00	0.00	2000
74	6.61	1119	2101	0.00	194	0	0	0	nan	0.00	0.00	3.07	90.44	93.39	0.00	37	0	42	0.00	0.00	58.49	7.49	0.00	0.00	2000
72	6.91	1061	2075	0.00	193	0	0	0	nan	0.00	0.00	2.78	89.28	93.09	0.00	37	0	42	0.00	0.00	56.59	7.23	0.00	0.00	2000
73	6.36	1142	2098	0.00	195	0	0	0	nan	0.00	0.00	1.62	91.77	93.64	0.00	37	0	42	0.00	0.00	57.56	7.33	0.00	0.00	2000
74	6.71	1091	2130	0.00	195	0	0	0	nan	0.00	0.02	2.59	91.92	93.29	0.00	37	0	42	0.00	0.00	60.22	7.82	0.00	0.00	2000
72	6.60	1090	2098	0.00	210	0	0	0	nan	0.00	0.00	2.69	90.67	93.40	0.00	36	0	42	0.00	0.00	57.64	7.41	0.00	0.00	2000
73	7.00	1043	2098	0.00	193	0	0	0	nan	0.00	0.00	3.42	89.50	93.00	0.00	37	0	42	0.00	0.00	60.45	7.76	0.00	0.00	2000
73	6.70	1085	2107	0.00	193	0	0	0	nan	0.00	0.00	3.77	89.85	93.30	0.00	37	0	42	0.00	0.00	58.96	7.48	0.00	0.00	2000
75	6.46	1159	2103	0.00	194	0	0	0	nan	0.00	0.00	4.00	89.74	93.54	0.00	37	0	42	0.00	0.00	56.91	7.33	0.00	0.00	2000
73	6.75	1090	2082	0.00	194	0	0	0	nan	0.00	0.02	3.77	88.62	93.25	0.00	37	0	42	0.00	0.00	57.88	7.47	0.00	0.00	2000
71	6.78	1056	2091	0.00	193	0	0	0	nan	0.00	0.04	4.28	88.56	93.22	0.00	37	0	42	0.00	0.00	58.55	7.48	0.00	0.00	2000
74	6.76	1076	2126	0.00	194	0	0	0	nan	0.00	0.00	1.72	92.70	93.24	0.00	37	0	42	0.00	0.00	58.51	7.59	0.00	0.00	2000
70	6.93	1032	2070	0.00	193	0	0	0	nan	0.00	0.00	2.64	89.20	93.07	0.00	37	0	42	0.00	0.00	57.43	7.49	0.00	0.00	2000
73	7.15	1008	2132	0.00	210	0	0	1	89.44	0.00	0.00	4.35	89.96	92.85	0.00	37	0	42	0.00	0.00	58.14	7.53	0.00	0.00	2000
73	6.91	1050	2102	0.11	193	0	0	1	87.57	0.00	0.00	3.67	89.55	93.09	0.00	37	0	42	0.00	0.00	60.21	7.76	0.00	0.00	2000
69	6.76	1044	2066	0.00	193	0	0	0	nan	0.00	0.01	3.54	88.31	93.24	0.00	37	0	42	0.00	0.00	55.83	7.19	0.00	0.00	2000
149	8.67	1696	2121	0.00	212	0	0	0	nan	0.02	0.02	4.26	88.07	91.33	0.00	38	0	42	0.00	0.00	60.47	7.50	0.00	0.00	2000
228	11.01	2084	2091	0.00	204	0	0	0	nan	0.00	0.02	3.02	85.71	88.99	0.00	39	0	42	0.00	0.00	65.26	7.54	0.00	0.00	2000
231	11.03	2082	2110	0.00	222	0	0	0	nan	0.00	0.01	4.89	84.43	88.97	0.00	40	0	42	0.00	0.00	65.61	7.91	0.00	0.00	2000
233	11.26	2056	2112	0.00	198	0	0	0	nan	0.00	0.03	4.59	84.75	88.74	0.00	40	0	42	0.00	0.00	64.10	7.33	0.00	0.00	2000
233	11.29	2068	2098	0.00	210	0	0	0	nan	0.00	1.78	4.68	82.31	88.71	0.00	38	0	42	0.00	0.00	64.10	7.43	0.00	0.00	2000
225	10.92	2062	2100	0.00	195	0	0	0	nan	0.00	0.09	3.53	85.62	89.08	0.00	37	0	42	0.00	0.00	65.23	8.01	0.00	0.00	2000
222	10.79	2064	2097	0.00	200	0	0	0	nan	0.00	0.02	5.06	84.08	89.21	0.00	38	0	42	0.00	0.00	63.82	7.86	0.00	0.00	2000
229	11.27	2096	2034	0.00	197	0	0	0	nan	0.00	0.00	5.05	81.00	88.73	0.00	37	0	42	0.00	0.00	64.23	7.84	0.00	0.00	2000
234	10.82	2097	2171	0.00	215	0	0	0	nan	0.00	0.02	6.45	85.75	89.18	0.00	38	0	42	0.00	0.00	69.19	8.26	0.00	0.00	2000
229	11.23	2041	2100	0.00	195	0	0	0	nan	0.00	0.00	6.40	82.35	88.77	0.00	38	0	42	0.00	0.00	65.07	7.66	0.00	0.00	2000
229	11.09	2073	2090	0.00	195	0	0	0	nan	0.00	0.00	5.99	82.66	88.91	0.00	38	0	42	0.00	0.00	65.41	7.39	0.00	0.00	2000
236	11.74	2003	2105	0.00	214	0	0	0	nan	0.00	0.00	9.22	79.41	88.26	0.00	39	0	42	0.00	0.00	64.20	7.55	0.00	0.00	2000
225	11.13	2107	2018	0.00	198	0	0	0	nan	0.00	0.00	5.17	80.24	88.87	0.00	39	0	42	0.00	0.00	61.20	7.04	0.00	0.00	2000
229	11.00	2072	2113	0.00	220	0	0	0	nan	0.00	0.00	4.93	84.74	89.00	0.00	39	0	42	0.00	0.00	65.35	7.54	0.00	0.00	2000
233	10.72	2103	2174	0.00	211	0	0	10	80.83	0.00	0.08	2.33	90.21	89.28	0.00	38	0	43	0.00	0.00	68.31	7.78	0.00	0.00	2000
230	10.95	2100	2104	0.75	198	0	0	12	95.07	0.00	0.01	4.41	84.89	89.05	0.00	39	0	43	0.00	0.00	65.47	7.52	0.00	0.00	2000
231	11.03	2094	2098	0.00	197	0	0	0	nan	0.00	0.04	4.51	84.39	88.97	0.00	39	0	42	0.00	0.00	64.93	7.71	0.00	0.00	2000
235	11.08	2116	2105	0.00	202	0	0	0	nan	0.00	0.00	6.82	82.33	88.92	0.00	39	0	42	0.00	0.00	65.10	7.70	0.00	0.00	2000
228	10.73	2146	2076	0.00	195	0	0	0	nan	0.00	0.00	7.18	81.03	89.27	0.00	38	0	42	0.00	0.00	65.45	7.62	0.00	0.00	2000
232	11.04	2091	2115	0.00	196	0	0	0	nan	0.00	0.00	6.75	82.90	88.96	0.00	38	0	42	0.00	0.00	67.09	8.12	0.00	0.00	2000
231	11.30	2046	2097	0.00	196	0	0	0	nan	0.00	0.03	6.12	82.54	88.70	0.00	38	0	42	0.00	0.00	62.90	7.38	0.00	0.00	2000
225	11.06	2059	2072	0.00	197	0	0	0	nan	0.00	0.00	7.02	80.83	88.94	0.00	39	0	42	0.00	0.00	65.08	7.55	0.00	0.00	2000
236	10.96	2141	2111	0.00	203	0	0	0	nan	0.00	0.00	5.44	84.10	89.04	0.00	39	0	42	0.00	0.00	64.02	7.52	0.00	0.00	2000
226	11.32	2054	2044	0.00	198	0	0	0	nan	0.00	0.00	5.53	80.83	88.68	0.00	39	0	42	0.00	0.00	63.03	7.34	0.00	0.00	2000
236	10.90	2075	2194	0.00	216	0	0	0	nan	0.00	0.02	3.54	89.51	89.10	0.00	38	0	42	0.00	0.00	64.64	8.17	0.00	0.00	2000
233	11.20	2111	2071	0.00	197	0	0	0	nan	0.02	0.05	5.01	82.65	88.80	0.00	39	0	43	0.00	0.00	68.30	7.21	0.00	0.00	2000
234	11.21	2065	2127	0.00	197	0	0	0	nan	0.00	0.01	4.09	85.97	88.79	0.00	39	0	42	0.00	0.00	65.96	7.67	0.00	0.00	2000
233	11.27	2072	2098	0.00	198	0	0	0	nan	0.00	0.01	4.81	83.91	88.73	0.00	39	0	42	0.00	0.00	65.21	7.66	0.00	0.00	2000
230	11.03	2087	2099	0.00	197	0	0	0	nan	0.00	0.00	7.06	81.91	88.97	0.00	40	0	42	0.00	0.00	62.32	7.30	0.00	0.00	2000
225	10.79	2114	2073	0.00	198	0	0	0	nan	0.00	0.00	6.83	81.33	89.21	0.00	40	0	42	0.00	0.00	65.09	7.53	0.00	0.00	2000
230	11.41	2017	2102	0.00	195	0	0	0	nan	0.00	0.03	6.28	82.53	88.59	0.00	39	0	42	0.00	0.00	64.42	7.66	0.00	0.00	2000
233	11.17	2069	2115	0.00	198	0	0	7	69.41	0.00	0.00	6.33	83.24	88.83	0.00	39	0	42	0.00	0.00	65.99	7.77	0.00	0.00	2000
235	11.47	2045	2108	0.32	201	0	0	15	70.34	0.00	0.00	7.09	81.80	88.53	0.00	39	0	42	0.00	0.00	64.38	7.56	0.00	0.00	2000
231	11.23	2055	2100	0.00	195	0	0	0	nan	0.00	0.02	6.38	82.45	88.77	0.00	39	0	42	0.00	0.00	65.37	7.62	0.00	0.00	2000
227	11.24	2045	2076	0.00	198	0	0	0	nan	0.00	0.00	5.85	81.93	88.76	0.00	39	0	42	0.00	0.00	64.76	7.67	0.00	0.00	2000
234	11.27	2055	2126	0.00	198	0	0	0	nan	0.00	0.00	4.37	85.55	88.73	0.00	40	0	42	0.00	0.00	67.06	7.81	0.00	0.00	2000
216	11.25	1935	2085	0.00	202	0	0	0	nan	0.00	0.01	5.21	83.03	88.75	0.00	38	0	42	0.00	0.00	64.76	7.74	0.00	0.00	2000
234	11.06	2094	2123	0.00	231	0	0	0	nan	0.00	0.00	3.83	86.14	88.94	0.00	39	0	42	0.00	0.00	63.53	7.69	0.00	0.00	2000
227	10.82	2126	2071	0.00	202	0	0	0	nan	0.00	0.00	3.65	84.33	89.18	0.00	40	0	42	0.00	0.00	64.69	7.70	0.00	0.00	2000
233	11.25	2040	2131	0.00	201	0	0	0	nan	0.00	0.01	2.73	87.48	88.75	0.00	41	0	42	0.00	0.00	68.08	8.02	0.00	0.00	2000
229	11.06	2077	2095	0.00	203	0	0	0	nan	0.00	0.00	4.02	84.83	88.94	0.00	42	0	42	0.00	0.00	60.09	6.90	0.00	0.00	2000
230	11.20	2052	2101	0.00	204	0	0	0	nan	0.00	0.00	3.03	85.81	88.81	0.00	41	0	42	0.00	0.00	68.01	7.71	0.00	0.00	2000
228	11.45	2018	2071	0.00	213	0	0	0	nan	0.00	0.00	3.89	83.57	88.55	0.00	41	0	42	0.00	0.00	61.49	7.25	0.00	0.00	2000
231	11.34	2040	2096	0.00	205	0	0	0	nan	0.00	0.00	2.60	85.93	88.66	0.00	41	0	42	0.00	0.00	65.69	7.94	0.00	0.00	2000
235	11.06	2101	2123	0.00	220	0	0	0	nan	0.00	0.03	2.88	87.06	88.94	0.00	41	0	42	0.00	0.00	66.87	7.79	0.00	0.00	2000
230	11.02	2078	2113	0.00	203	0	0	0	nan	0.00	0.02	3.41	86.19	88.98	0.00	41	0	42	0.00	0.00	65.22	7.64	0.00	0.00	2000
231	11.08	2093	2094	0.00	189	0	0	0	nan	0.00	0.02	3.36	85.39	88.92	0.00	41	0	42	0.00	0.00	62.55	7.32	0.00	0.00	2000
231	10.95	2116	2098	0.00	213	0	0	0	nan	0.00	0.01	3.41	85.59	89.05	0.00	40	0	42	0.00	0.00	63.10	7.26	0.00	0.00	2000
233	10.83	2141	2111	0.00	201	0	0	8	83.93	0.00	0.00	3.03	86.65	89.17	0.00	41	0	42	0.00	0.00	65.96	7.78	0.00	0.00	2000
226	10.92	2089	2083	0.76	204	0	0	14	83.98	0.00	0.01	3.48	84.97	89.08	0.00	41	0	42	0.00	0.00	65.61	7.57	0.00	0.00	2000
233	11.30	2050	2115	0.00	202	0	0	0	nan	0.00	0.02	2.90	86.46	88.70	0.00	41	0	42	0.00	0.00	63.99	7.49	0.00	0.00	2000
231	10.94	2111	2102	0.00	201	0	0	0	nan	0.00	0.00	3.43	85.74	89.06	0.00	41	0	42	0.00	0.00	64.59	7.41	0.00	0.00	2000
233	11.21	2077	2098	0.00	201	0	0	0	nan	0.00	0.03	3.81	84.97	88.79	0.00	41	0	42	0.00	0.00	65.07	7.66	0.00	0.00	2000
378	17.73	2315	1933	0.00	259	0	0	0	nan	0.00	0.00	3.74	72.06	82.27	0.00	39	0	42	0.00	0.00	58.52	6.82	0.00	0.00	2000
666	27.40	2413	2116	0.00	247	0	0	0	nan	0.00	0.84	5.06	67.39	72.60	0.00	39	0	42	0.00	0.00	75.86	8.72	0.00	0.00	2000
680	27.22	2500	2100	0.00	232	0	0	0	nan	0.00	0.00	5.49	67.42	72.78	0.00	39	0	42	0.00	0.00	74.13	8.28	0.00	0.00	2000
680	27.16	2500	2102	0.00	228	0	0	0	nan	0.00	0.00	4.75	68.28	72.84	0.00	39	0	42	0.00	0.00	74.61	8.06	0.00	0.00	2000
684	27.36	2500	2098	0.00	235	0	0	0	nan	0.00	0.01	4.71	67.99	72.64	0.00	39	0	42	0.00	0.00	74.73	8.25	0.00	0.00	2000
682	27.36	2500	2093	0.00	230	0	0	0	nan	0.00	0.00	5.10	67.40	72.64	0.00	39	0	42	0.00	0.00	72.16	7.95	0.00	0.00	2000
684	27.26	2500	2108	0.00	246	0	0	0	nan	0.00	0.00	4.41	68.73	72.74	0.00	39	0	42	0.00	0.00	78.00	8.65	0.00	0.00	2000
681	27.35	2500	2093	0.00	233	0	0	0	nan	0.00	0.01	5.61	66.91	72.65	0.00	39	0	42	0.00	0.00	72.41	7.99	0.00	0.00	2000
685	27.22	2500	2113	0.00	247	0	0	0	nan	0.00	0.00	5.23	68.12	72.78	0.00	39	0	43	0.00	0.00	77.86	8.50	0.00	0.00	2000
683	27.46	2500	2088	0.00	235	0	0	0	nan	0.00	0.00	4.37	67.89	72.54	0.00	40	0	42	0.00	0.00	72.51	7.94	0.00	0.00	2000
681	27.14	2500	2109	0.00	246	0	0	32	77.13	0.00	0.00	3.86	69.43	72.86	0.00	39	0	43	0.00	0.00	78.01	8.47	0.00	0.00	2000
685	27.52	2500	2091	0.58	235	0	0	31	76.06	0.00	0.00	4.91	67.39	72.48	0.00	39	0	42	0.00	0.00	72.56	7.88	0.00	0.00	2000
684	27.21	2500	2111	0.00	244	0	0	0	nan	0.00	0.00	4.38	68.91	72.79	0.00	39	0	42	0.00	0.00	78.47	8.45	0.00	0.00	2000
685	26.47	2500	2173	0.00	247	0	0	0	nan	0.00	0.00	5.33	70.89	73.53	0.00	39	0	43	0.00	0.00	78.01	8.59	0.00	0.00	2000
315	13.12	2352	2144	0.00	243	0	0	0	nan	0.01	0.00	8.28	80.56	86.88	0.00	39	0	43	0.00	0.00	73.79	8.56	0.00	0.00	2000
221	10.62	1997	2190	0.00	214	0	0	0	nan	0.00	0.03	4.09	89.19	89.38	0.00	39	0	42	0.00	0.00	66.08	7.73	0.00	0.00	2000
224	10.64	2102	2100	0.00	199	0	0	0	nan	0.00	0.00	5.77	83.62	89.36	0.00	39	0	43	0.00	0.00	65.98	7.74	0.00	0.00	2000
220	10.72	2056	2101	0.00	195	0	0	0	nan	0.00	0.00	6.75	82.63	89.28	0.00	40	0	42	0.00	0.00	65.91	7.58	0.00	0.00	2000
225	10.87	2070	2101	0.00	195	0	0	0	nan	0.02	0.85	8.21	80.25	89.13	0.00	40	0	43	0.00	0.00	63.56	7.33	0.00	0.00	2000
221	10.99	2005	2103	0.00	180	0	0	0	nan	0.00	0.00	7.76	81.44	89.01	0.00	40	0	43	0.00	0.00	62.82	7.37	0.00	0.00	2000
222	10.76	2065	2095	0.00	197	0	0	0	nan	0.00	0.00	8.08	81.06	89.24	0.00	40	0	43	0.00	0.00	65.62	7.73	0.00	0.00	2000
221	10.83	2036	2103	0.00	194	0	0	0	nan	0.00	0.02	5.93	83.46	89.17	0.00	40	0	43	0.00	0.00	66.32	7.85	0.00	0.00	2000
222	10.69	2079	2096	0.00	180	0	0	0	nan	0.00	0.01	5.93	83.32	89.31	0.00	40	0	42	0.00	0.00	60.27	6.95	0.00	0.00	2000
223	10.80	2059	2106	0.00	199	0	0	0	nan	0.04	0.01	6.82	82.71	89.20	0.00	40	0	42	0.00	0.00	66.33	7.81	0.00	0.00	2000
224	10.73	2093	2097	0.00	199	0	0	0	nan	0.00	0.02	7.90	81.33	89.27	0.00	40	0	42	0.00	0.00	66.14	7.65	0.00	0.00	2000
221	10.69	2066	2099	0.00	196	0	0	0	nan	0.00	1.80	4.66	82.99	89.31	0.00	40	0	43	0.00	0.00	63.88	7.47	0.00	0.00	2000
221	10.43	2120	2102	0.00	198	0	0	0	nan	0.00	0.04	3.18	86.46	89.57	0.00	40	0	42	0.00	0.00	61.44	7.16	0.00	0.00	2000
221	10.54	2090	2102	0.18	181	0	0	1	82.62	0.00	0.03	4.36	85.30	89.46	0.00	40	0	42	0.00	0.00	66.18	7.70	0.00	0.00	2000
223	10.95	2041	2097	0.50	201	0	0	1	89.27	0.00	0.00	6.96	82.06	89.05	0.00	40	0	42	0.00	0.00	65.99	7.72	0.00	0.00	2000
224	10.74	2088	2098	0.00	196	0	0	0	nan	0.00	0.00	7.19	81.97	89.26	0.00	40	0	42	0.00	0.00	65.10	7.57	0.00	0.00	2000
216	10.68	2026	2095	0.00	200	0	0	0	nan	0.00	0.00	6.76	82.46	89.32	0.00	40	0	42	0.00	0.00	62.48	7.29	0.00	0.00	2000
222	10.58	2111	2088	0.00	205	0	0	0	nan	0.01	0.00	4.62	84.40	89.42	0.00	39	0	42	0.00	0.00	64.36	7.60	0.00	0.00	2000
234	11.17	2072	2122	0.00	201	0	0	0	nan	0.00	0.02	3.85	85.95	88.83	0.00	39	0	43	0.00	0.00	68.01	8.06	0.00	0.00	2000
229	10.92	2105	2096	0.00	201	0	0	0	nan	0.00	0.01	3.46	85.59	89.08	0.00	40	0	42	0.00	0.00	65.21	7.61	0.00	0.00	2000
226	11.02	2068	2081	0.00	203	0	0	0	nan	0.00	0.00	3.66	84.59	88.98	0.00	40	0	42	0.00	0.00	63.30	7.47	0.00	0.00	2000
233	10.80	2133	2125	0.00	211	0	0	0	nan	0.00	0.03	3.13	87.09	89.20	0.00	40	0	42	0.00	0.00	66.34	7.54	0.00	0.00	2000
224	10.71	2125	2067	0.00	203	0	0	0	nan	0.00	0.01	3.74	84.27	89.29	0.00	41	0	42	0.00	0.00	63.25	7.21	0.00	0.00	2000
230	11.17	2042	2121	0.00	201	0	0	0	nan	0.00	0.00	3.60	86.23	88.83	0.00	40	0	42	0.00	0.00	67.47	7.90	0.00	0.00	2000
227	11.05	2062	2091	0.00	220	0	0	0	nan	0.00	0.02	2.82	85.81	88.95	0.00	41	0	42	0.00	0.00	62.15	7.19	0.00	0.00	2000
138	8.59	1604	2111	0.00	205	0	0	0	nan	0.00	0.00	6.86	85.05	91.41	0.00	39	0	42	0.00	0.00	64.06	7.92	0.00	0.00	2000
76	7.01	1105	2070	0.00	202	0	0	0	nan	0.00	0.02	7.10	84.50	92.99	0.00	38	0	42	0.00	0.00	54.67	6.97	0.00	0.00	2000
78	6.88	1113	2140	0.00	207	0	0	0	nan	0.00	0.00	6.49	88.36	93.12	0.00	37	0	42	0.00	0.00	63.06	8.00	0.00	0.00	2000
74	6.39	1165	2077	0.00	198	0	0	0	nan	0.00	0.00	7.17	85.38	93.61	0.00	37	0	42	0.00	0.00	55.47	7.22	0.00	0.00	2000
74	7.04	1054	2092	0.00	195	0	0	0	nan	0.00	0.00	5.08	87.65	92.96	0.00	37	0	42	0.00	0.00	59.46	7.45	0.00	0.00	2000
79	6.97	1116	2129	0.25	211	0	0	2	85.51	0.00	0.00	9.39	84.84	93.03	0.00	37	0	42	0.00	0.00	58.44	7.60	0.00	0.00	2000
77	6.60	1169	2098	0.24	200	0	0	1	88.06	0.00	0.00	7.46	85.99	93.40	0.00	37	0	43	0.00	0.00	59.70	7.63	0.00	0.00	2000
75	6.54	1150	2093	0.00	194	0	0	0	nan	0.00	0.00	8.07	85.03	93.46	0.00	37	0	42	0.00	0.00	56.53	7.45	0.00	0.00	2000
75	6.80	1107	2098	0.00	197	0	0	0	nan	0.00	0.04	4.63	88.50	93.20	0.00	37	0	43	0.00	0.00	60.62	7.42	0.00	0.00	2000
75	6.79	1097	2107	0.00	198	0	0	0	nan	0.00	0.00	6.49	87.11	93.21	0.00	37	0	42	0.00	0.00	58.46	7.31	0.00	0.00	2000
78	6.72	1159	2096	0.00	200	0	0	0	nan	0.00	0.04	6.13	86.89	93.28	0.00	37	0	42	0.00	0.00	61.36	7.32	0.00	0.00	2000
74	7.08	1044	2100	0.00	198	0	0	0	nan	0.00	0.01	8.08	84.96	92.92	0.00	37	0	42	0.00	0.00	55.98	7.39	0.00	0.00	2000
75	6.90	1085	2108	0.00	197	0	0	0	nan	0.00	0.00	8.25	85.26	93.10	0.00	37	0	42	0.00	0.00	60.74	7.74	0.00	0.00	2000
79	6.91	1150	2083	0.00	197	0	0	0	nan	0.00	0.02	7.22	85.10	93.09	0.00	37	0	42	0.00	0.00	57.03	7.07	0.00	0.00	2000
76	6.98	1086	2112	0.00	197	0	0	0	nan	0.00	0.00	7.10	86.61	93.02	0.00	37	0	42	0.00	0.00	59.72	7.65	0.00	0.00	2000
76	6.70	1130	2101	0.00	194	0	0	0	nan	0.00	0.00	7.35	86.06	93.30	0.00	37	0	42	0.00	0.00	60.02	7.55	0.00	0.00	2000
79	6.45	1236	2081	0.00	183	0	0	0	nan	0.00	0.84	9.47	82.42	93.55	0.00	37	0	42	0.00	0.00	58.79	7.54	0.00	0.00	2000
75	7.15	1038	2114	0.00	215	0	0	0	nan	0.00	0.00	8.44	85.04	92.85	0.00	37	0	43	0.00	0.00	58.63	7.37	0.00	0.00	2000
76	6.92	1100	2101	0.00	196	0	0	0	nan	0.00	0.00	7.92	85.29	93.08	0.00	37	0	43	0.00	0.00	58.72	7.42	0.00	0.00	2000
74	7.02	1054	2100	0.00	197	0	0	0	nan	0.00	0.01	5.97	87.19	92.98	0.00	37	0	42	0.00	0.00	59.03	7.37	0.00	0.00	2000
75	6.75	1114	2106	0.00	196	0	0	0	nan	0.00	0.00	7.67	85.93	93.25	0.00	37	0	42	0.00	0.00	58.32	7.40	0.00	0.00	2000
76	6.67	1150	2077	0.00	196	0	0	0	nan	0.00	0.00	7.05	85.33	93.33	0.00	37	0	43	0.00	0.00	59.04	7.39	0.00	0.00	2000
76	7.28	1035	2121	0.01	197	0	0	2	86.30	0.00	0.00	5.99	87.67	92.72	0.00	37	0	43	0.00	0.00	61.00	7.66	0.00	0.00	2000
75	6.82	1102	2106	0.17	196	0	0	1	90.24	0.00	0.00	8.12	85.44	93.18	0.00	37	0	43	0.00	0.00	59.91	7.55	0.00	0.00	2000
74	6.40	1166	2089	0.00	195	0	0	0	nan	0.01	0.03	5.97	87.19	93.60	0.00	37	0	42	0.00	0.00	60.42	7.78	0.00	0.00	2000
75	7.10	1052	2104	0.00	200	0	0	0	nan	0.00	0.01	5.20	88.01	92.90	0.00	37	0	42	0.00	0.00	59.21	7.39	0.00	0.00	2000
77	7.13	1092	2077	0.00	199	0	0	0	nan	0.00	0.00	7.62	84.32	92.87	0.00	37	0	42	0.00	0.00	57.69	7.31	0.00	0.00	2000
74	6.96	1065	2112	0.00	194	0	0	0	nan	0.00	0.03	9.30	84.22	93.04	0.00	37	0	42	0.00	0.00	60.33	7.61	0.00	0.00	2000
76	6.96	1089	2105	0.00	215	0	0	0	nan	0.00	0.00	5.63	87.71	93.04	0.00	37	0	43	0.00	0.00	58.24	7.51	0.00	0.00	2000
74	6.99	1063	2102	0.00	196	0	0	0	nan	0.00	0.00	6.52	86.64	93.01	0.00	37	0	43	0.00	0.00	59.28	7.49	0.00	0.00	2000
77	7.06	1092	2086	0.00	184	0	0	0	nan	0.00	0.01	6.07	86.31	92.94	0.00	37	0	42	0.00	0.00	58.37	7.38	0.00	0.00	2000
77	7.18	1062	2110	0.00	222	0	0	0	nan	0.00	0.00	7.05	86.34	92.82	0.00	37	0	42	0.00	0.00	58.54	7.44	0.00	0.00	2000
73	6.94	1071	2074	0.00	196	0	0	0	nan	0.01	0.01	5.06	86.97	93.06	0.00	37	0	42	0.00	0.00	55.85	7.34	0.00	0.00	2000
77	6.82	1110	2137	0.00	197	0	0	0	nan	0.00	0.07	3.05	91.81	93.18	0.00	37	0	43	0.00	0.00	60.62	7.68	0.00	0.00	2000
76	6.64	1150	2097	0.00	198	0	0	0	nan	0.00	0.02	5.07	88.10	93.36	0.00	37	0	42	0.00	0.00	58.99	7.72	0.00	0.00	2000
75	6.99	1072	2095	0.00	196	0	0	0	nan	0.00	0.00	7.76	85.15	93.01	0.00	37	0	43	0.00	0.00	61.12	7.75	0.00	0.00	2000
80	6.63	1198	2114	0.00	199	0	0	0	nan	0.04	1.11	3.39	89.52	93.37	0.00	37	0	42	0.00	0.00	57.94	7.50	0.00	0.00	2000
72	6.44	1138	2064	0.00	195	0	0	0	nan	0.00	0.00	6.21	85.78	93.56	0.00	37	0	42	0.00	0.00	58.26	7.46	0.00	0.00	2000
75	7.23	1028	2133	0.00	194	0	0	0	nan	0.00	0.02	6.17	88.25	92.77	0.00	37	0	42	0.00	0.00	59.36	7.53	0.00	0.00	2000
74	6.82	1096	2075	0.00	196	0	0	1	87.49	0.00	0.03	6.75	85.43	93.18	0.00	37	0	42	0.00	0.00	58.32	7.42	0.00	0.00	2000
77	6.71	1133	2117	0.11	210	0	0	2	90.49	0.00	0.02	6.09	87.93	93.29	0.00	37	0	42	0.00	0.00	61.26	7.74	0.00	0.00	2000
75	7.02	1085	2076	0.00	182	0	0	0	nan	0.00	0.00	8.05	83.94	92.98	0.00	37	0	42	0.00	0.00	57.97	7.31	0.00	0.00	2000
73	6.91	1064	2100	0.00	215	0	0	0	nan	0.00	0.00	10.33	82.83	93.09	0.00	37	0	42	0.00	0.00	59.03	7.31	0.00	0.00	2000
75	6.83	1083	2134	0.00	198	0	0	0	nan	0.00	0.01	5.42	89.22	93.17	0.00	37	0	42	0.00	0.00	58.68	7.53	0.00	0.00	2000
76	6.90	1100	2099	0.00	195	0	0	0	nan	0.05	0.00	7.46	85.78	93.10	0.00	37	0	43	0.00	0.00	59.17	7.50	0.00	0.00	2000
75	6.86	1105	2075	0.00	198	0	0	0	nan	0.00	0.03	4.50	87.62	93.14	0.00	37	0	43	0.00	0.00	57.34	7.22	0.00	0.00	2000
78	6.52	1186	2128	0.00	199	0	0	0	nan	0.00	0.79	4.68	89.39	93.48	0.00	37	0	42	0.00	0.00	60.85	7.76	0.00	0.00	2000
75	6.50	1155	2093	0.00	196	0	0	0	nan	0.00	1.27	6.36	85.70	93.50	0.00	37	0	42	0.00	0.00	60.67	7.41	0.00	0.00	2000
75	6.58	1144	2085	0.00	196	0	0	0	nan	0.00	0.00	9.53	83.24	93.42	0.00	37	0	42	0.00	0.00	59.40	7.27	0.00	0.00	2000
77	7.23	1069	2080	0.00	197	0	0	0	nan	0.00	0.00	8.30	83.58	92.77	0.00	37	0	42	0.00	0.00	57.04	7.11	0.00	0.00	2000
78	7.31	1045	2137	0.00	201	0	0	0	nan	0.00	0.01	5.86	88.45	92.69	0.00	37	0	42	0.00	0.00	59.04	7.40	0.00	0.00	2000
79	6.77	1163	2104	0.00	199	0	0	0	nan	0.00	0.72	8.16	84.58	93.23	0.00	37	0	42	0.00	0.00	60.39	7.59	0.00	0.00	2000
76	6.98	1087	2097	0.00	197	0	0	0	nan	0.00	0.20	8.49	84.24	93.02	0.00	37	0	42	0.00	0.00	59.28	7.46	0.00	0.00	2000
74	6.63	1113	2094	0.00	195	0	0	0	nan	0.00	0.00	6.34	86.81	93.37	0.00	37	0	42	0.00	0.00	58.54	7.38	0.00	0.00	2000
75	6.58	1146	2088	0.00	195	0	0	0	nan	0.00	0.00	5.78	87.17	93.42	0.00	37	0	42	0.00	0.00	58.45	7.40	0.00	0.00	2000
75	7.00	1074	2103	0.00	198	0	0	0	nan	0.00	0.00	6.09	87.10	93.00	0.00	37	0	42	0.00	0.00	57.97	7.23	0.00	0.00	2000
80	6.88	1148	2116	0.00	213	0	0	1	83.88	0.00	0.17	7.93	85.70	93.12	0.00	37	0	42	0.00	0.00	63.92	8.12	0.00	0.00	2000
76	6.48	1182	2085	0.11	182	0	0	1	89.55	0.00	0.04	6.55	86.20	93.52	0.00	37	0	42	0.00	0.00	55.37	6.69	0.00	0.00	2000
75	6.83	1105	2097	0.00	200	0	0	0	nan	0.02	0.01	4.18	88.72	93.17	0.00	37	0	43	0.00	0.00	58.42	7.29	0.00	0.00	2000
73	6.80	1079	2086	0.00	197	0	0	0	nan	0.01	0.00	6.43	86.27	93.20	0.00	37	0	42	0.00	0.00	60.08	7.38	0.00	0.00	2000
74	6.93	1068	2103	0.00	212	0	0	0	nan	0.00	0.03	6.80	86.49	93.07	0.00	37	0	42	0.00	0.00	59.50	7.20	0.00	0.00	2000
77	6.44	1190	2108	0.00	194	0	0	0	nan	0.02	1.09	3.22	89.76	93.56	0.00	37	0	42	0.00	0.00	59.48	7.49	0.00	0.00	2000
76	7.08	1060	2124	0.00	197	0	0	0	nan	0.00	0.00	6.03	87.97	92.92	0.00	37	0	43	0.00	0.00	59.77	7.64	0.00	0.00	2000
74	7.08	1044	2097	0.00	196	0	0	0	nan	0.00	0.00	7.34	85.53	92.92	0.00	37	0	42	0.00	0.00	59.08	7.49	0.00	0.00	2000
75	6.86	1100	2075	0.00	198	0	0	0	nan	0.00	0.00	7.12	84.89	93.14	0.00	37	0	43	0.00	0.00	57.33	7.24	0.00	0.00	2000
74	6.98	1069	2082	0.00	199	0	0	0	nan	0.00	0.02	6.85	85.42	93.02	0.00	37	0	42	0.00	0.00	60.83	7.55	0.00	0.00	2000
78	6.83	1118	2139	0.00	213	0	0	0	nan	0.00	0.00	7.97	86.95	93.17	0.00	37	0	43	0.00	0.00	62.98	7.92	0.00	0.00	2000
74	6.78	1091	2103	0.00	195	0	0	0	nan	0.00	0.00	8.22	85.27	93.22	0.00	37	0	42	0.00	0.00	58.28	7.35	0.00	0.00	2000
74	6.81	1103	2072	0.00	198	0	0	0	nan	0.00	0.00	5.54	86.43	93.19	0.00	37	0	42	0.00	0.00	57.71	7.20	0.00	0.00	2000
75	6.67	1115	2109	0.00	198	0	0	0	nan	0.00	0.02	4.60	89.24	93.33	0.00	37	0	42	0.00	0.00	57.10	7.33	0.00	0.00	2000
79	6.80	1149	2120	0.00	200	0	0	0	nan	0.00	0.06	3.95	90.16	93.20	0.00	37	0	42	0.00	0.00	62.48	7.39	0.00	0.00	2000
78	6.66	1180	2087	0.00	197	0	0	0	nan	0.07	0.66	7.83	84.43	93.34	0.00	37	0	42	0.00	0.00	59.63	7.48	0.00	0.00	2000
75	6.74	1121	2085	0.00	194	0	0	0	nan	0.00	0.03	5.22	87.42	93.26	0.00	37	0	43	0.00	0.00	58.28	7.38	0.00	0.00	2000
74	6.37	1153	2108	0.00	198	0	0	1	89.39	0.00	0.02	5.82	88.19	93.63	0.00	37	0	42	0.00	0.00	60.00	7.70	0.00	0.00	2000
75	7.05	1069	2089	0.10	196	0	0	2	88.63	0.00	0.01	4.82	87.62	92.95	0.00	37	0	42	0.00	0.00	57.82	7.35	0.00	0.00	2000
74	7.42	1002	2090	0.00	199	0	0	0	nan	0.00	0.00	5.15	87.15	92.58	0.00	37	0	42	0.00	0.00	57.11	7.39	0.00	0.00	2000
77	6.83	1109	2137	0.00	218	0	0	0	nan	0.00	0.03	8.15	86.73	93.17	0.00	37	0	42	0.00	0.00	64.74	8.11	0.00	0.00	2000
74	6.95	1069	2098	0.00	196	0	0	0	nan	0.00	0.00	8.07	84.99	93.05	0.00	37	0	42	0.00	0.00	56.75	7.24	0.00	0.00	2000
73	6.89	1068	2078	0.00	195	0	0	0	nan	0.00	0.00	7.24	85.12	93.11	0.00	37	0	42	0.00	0.00	59.38	7.67	0.00	0.00	2000
75	6.52	1136	2116	0.00	197	0	0	0	nan	0.00	0.02	3.98	90.20	93.48	0.00	37	0	43	0.00	0.00	58.72	7.32	0.00	0.00	2000
76	7.10	1079	2095	0.00	196	0	0	0	nan	0.00	0.00	5.96	86.85	92.90	0.00	37	0	42	0.00	0.00	58.01	7.38	0.00	0.00	2000
76	6.74	1114	2113	0.00	217	0	0	0	nan	0.00	0.04	4.67	89.22	93.26	0.00	37	0	42	0.00	0.00	58.46	7.42	0.00	0.00	2000
76	6.11	1233	2103	0.00	197	0	0	0	nan	0.00	0.02	5.03	88.91	93.89	0.00	37	0	42	0.00	0.00	58.16	7.30	0.00	0.00	2000
75	6.05	1244	2100	0.00	196	0	0	0	nan	0.00	2.18	4.05	87.92	93.95	0.00	37	0	42	0.00	0.00	60.03	7.44	0.00	0.00	2000
75	6.62	1134	2090	0.00	196	0	0	0	nan	0.00	0.07	3.65	89.22	93.38	0.00	37	0	42	0.00	0.00	58.56	7.38	0.00	0.00	2000
75	7.08	1070	2092	0.00	181	0	0	0	nan	0.00	0.00	7.38	85.23	92.92	0.00	37	0	43	0.00	0.00	59.10	7.42	0.00	0.00	2000
80	7.67	1037	2120	0.00	232	0	0	0	nan	0.00	0.00	11.76	81.61	92.33	0.00	37	0	42	0.00	0.00	60.13	7.81	0.00	0.00	2000
74	6.92	1073	2090	0.00	197	0	0	0	nan	0.00	0.02	7.54	85.20	93.08	0.00	37	0	42	0.00	0.00	57.46	7.18	0.00	0.00	2000
76	6.99	1079	2112	0.00	195	0	0	0	nan	0.00	0.03	7.69	85.97	93.01	0.00	37	0	42	0.00	0.00	59.38	7.45	0.00	0.00	2000
75	6.96	1076	2091	0.00	195	0	0	0	nan	0.00	0.00	6.85	85.90	93.04	0.00	37	0	42	0.00	0.00	59.22	7.34	0.00	0.00	2000
77	6.90	1110	2105	0.00	197	0	0	1	90.69	0.00	0.02	7.50	85.96	93.10	0.00	37	0	43	0.00	0.00	60.38	7.57	0.00	0.00	2000
78	6.60	1178	2105	0.17	204	0	0	2	86.93	0.00	0.02	8.52	85.03	93.40	0.00	37	0	42	0.00	0.00	57.98	7.35	0.00	0.00	2000
74	6.51	1158	2069	0.00	197	0	0	0	nan	0.04	0.00	7.59	84.49	93.49	0.00	37	0	42	0.00	0.00	59.17	7.40	0.00	0.00	2000
75	6.89	1078	2132	0.00	198	0	0	0	nan	0.00	0.07	2.65	91.82	93.11	0.00	37	0	42	0.00	0.00	61.36	7.78	0.00	0.00	2000
74	6.54	1148	2073	0.00	196	0	0	0	nan	0.00	0.04	3.14	89.17	93.46	0.00	37	0	43	0.00	0.00	56.86	7.12	0.00	0.00	2000
76	6.50	1154	2121	0.00	194	0	0	0	nan	0.00	0.06	2.88	91.47	93.50	0.00	37	0	42	0.00	0.00	59.90	7.73	0.00	0.00	2000
83	6.98	1211	2073	0.00	199	0	0	0	nan	0.06	0.02	8.27	83.58	93.02	0.00	37	0	43	0.00	0.00	57.88	7.39	0.00	0.00	2000
76	6.72	1131	2103	0.00	196	0	0	0	nan	0.06	0.02	8.57	84.84	93.28	0.00	37	0	42	0.00	0.00	58.80	7.39	0.00	0.00	2000
74	6.82	1093	2093	0.00	197	0	0	0	nan	0.00	0.00	6.74	86.19	93.18	0.00	37	0	42	0.00	0.00	60.04	7.75	0.00	0.00	2000
75	7.10	1038	2132	0.00	212	0	0	0	nan	0.00	0.00	8.97	85.38	92.90	0.00	37	0	42	0.00	0.00	58.05	7.33	0.00	0.00	2000
77	7.01	1102	2098	0.00	197	0	0	0	nan	0.00	0.00	5.73	87.21	92.99	0.00	37	0	43	0.00	0.00	59.06	7.63	0.00	0.00	2000
74	6.61	1142	2072	0.00	199	0	0	0	nan	0.00	0.00	7.72	84.51	93.39	0.00	37	0	42	0.00	0.00	58.30	7.20	0.00	0.00	2000
76	7.33	1031	2101	0.00	197	0	0	0	nan	0.00	0.00	7.79	84.92	92.67	0.00	37	0	43	0.00	0.00	60.82	7.47	0.00	0.00	2000
75	6.72	1105	2129	0.00	196	0	0	0	nan	0.00	0.02	7.50	87.14	93.28	0.00	37	0	42	0.00	0.00	60.06	7.72	0.00	0.00	2000
75	6.32	1199	2086	0.00	195	0	0	0	nan	0.00	0.00	6.39	86.71	93.68	0.00	37	0	42	0.00	0.00	56.46	7.23	0.00	0.00	2000
77	6.65	1153	2097	0.00	197	0	0	0	nan	0.00	0.00	6.16	87.08	93.35	0.00	37	0	42	0.00	0.00	58.27	7.46	0.00	0.00	2000
77	6.40	1201	2108	0.00	198	0	0	0	nan	0.00	0.00	6.72	87.18	93.60	0.00	37	0	43	0.00	0.00	60.04	7.48	0.00	0.00	2000
75	6.77	1098	2113	0.00	194	0	0	1	88.00	0.00	0.00	5.60	88.27	93.23	0.00	37	0	42	0.00	0.00	57.34	7.22	0.00	0.00	2000
76	6.12	1240	2093	0.33	197	0	0	2	88.21	0.00	1.55	4.96	87.21	93.88	0.00	37	0	43	0.00	0.00	59.12	7.38	0.00	0.00	2000
74	6.87	1094	2074	0.00	196	0	0	0	nan	0.00	0.02	6.35	85.70	93.13	0.00	37	0	42	0.00	0.00	61.71	7.96	0.00	0.00	2000
77	7.27	1044	2120	0.00	214	0	0	0	nan	0.00	0.00	8.56	84.97	92.73	0.00	37	0	42	0.00	0.00	58.94	7.48	0.00	0.00	2000
77	6.51	1176	2109	0.00	200	0	0	0	nan	0.00	0.00	8.44	85.45	93.49	0.00	37	0	43	0.00	0.00	60.15	7.51	0.00	0.00	2000
75	6.81	1114	2075	0.00	181	0	0	0	nan	0.00	0.02	8.67	83.37	93.19	0.00	37	0	42	0.00	0.00	58.32	7.20	0.00	0.00	2000
75	7.02	1058	2124	0.00	211	0	0	0	nan	0.04	0.00	9.06	85.11	92.98	0.00	37	0	42	0.00	0.00	58.39	7.35	0.00	0.00	2000
73	6.66	1107	2075	0.00	195	0	0	0	nan	0.00	0.00	8.92	83.36	93.34	0.00	37	0	42	0.00	0.00	57.52	7.20	0.00	0.00	2000
77	6.76	1123	2118	0.00	199	0	0	0	nan	0.00	0.02	4.80	89.20	93.24	0.00	37	0	42	0.00	0.00	58.95	7.45	0.00	0.00	2000
76	7.01	1091	2082	0.00	200	0	0	0	nan	0.00	0.00	6.21	86.00	92.99	0.00	37	0	42	0.00	0.00	58.88	7.51	0.00	0.00	2000
76	6.65	1126	2122	0.00	213	0	0	0	nan	0.00	0.00	8.05	86.39	93.35	0.00	37	0	42	0.00	0.00	61.17	7.79	0.00	0.00	2000
113	7.72	1467	2099	0.00	197	0	0	0	nan	0.00	0.02	5.89	86.47	92.28	0.00	37	0	42	0.00	0.00	60.25	7.50	0.00	0.00	2000
76	6.77	1116	2098	0.00	196	0	0	0	nan	0.04	0.06	4.29	88.95	93.23	0.00	37	0	42	0.00	0.00	58.16	7.45	0.00	0.00	2000
77	7.17	1065	2108	0.00	198	0	0	0	nan	0.00	0.00	7.15	86.16	92.83	0.00	37	0	42	0.00	0.00	58.15	7.61	0.00	0.00	2000
75	6.68	1119	2101	0.00	196	0	0	0	nan	0.00	0.02	3.66	89.69	93.32	0.00	37	0	42	0.00	0.00	58.79	7.53	0.00	0.00	2000
76	6.79	1124	2084	0.00	178	0	0	0	nan	0.00	0.02	3.04	89.56	93.21	0.00	37	0	42	0.00	0.00	57.64	7.25	0.00	0.00	2000
73	7.35	989	2109	0.00	211	0	0	0	nan	0.00	0.00	4.53	88.70	92.65	0.00	37	0	42	0.00	0.00	57.88	7.44	0.00	0.00	2000
74	6.88	1075	2105	0.00	195	0	0	1	88.83	0.00	0.00	5.02	88.35	93.12	0.00	37	0	42	0.00	0.00	58.07	7.32	0.00	0.00	2000
75	6.68	1122	2101	0.33	196	0	0	2	86.65	0.00	0.00	4.40	88.99	93.32	0.00	37	0	42	0.00	0.00	59.11	7.38	0.00	0.00	2000
77	6.99	1107	2080	0.02	196	0	0	0	nan	0.00	0.00	3.74	88.47	93.01	0.00	37	0	43	0.00	0.00	58.06	7.22	0.00	0.00	2000
74	6.73	1097	2105	0.00	194	0	0	0	nan	0.00	0.00	4.24	89.27	93.27	0.00	37	0	43	0.00	0.00	58.68	7.54	0.00	0.00	2000
74	6.83	1077	2114	0.00	195	0	0	0	nan	0.00	0.00	4.34	89.61	93.17	0.00	37	0	42	0.00	0.00	57.98	7.44	0.00	0.00	2000
74	6.82	1081	2102	0.00	194	0	0	0	nan	0.00	0.00	3.81	89.60	93.18	0.00	37	0	42	0.00	0.00	58.41	7.74	0.00	0.00	2000
75	6.83	1098	2091	0.00	196	0	0	0	nan	0.00	0.00	3.48	89.46	93.17	0.00	37	0	43	0.00	0.00	57.86	7.52	0.00	0.00	2000
76	6.72	1128	2105	0.00	198	0	0	0	nan	0.00	0.00	6.38	87.15	93.28	0.00	37	0	43	0.00	0.00	58.29	7.22	0.00	0.00	2000
74	6.35	1169	2107	0.00	195	0	0	0	nan	0.00	0.02	4.00	89.89	93.65	0.00	37	0	43	0.00	0.00	57.57	7.28	0.00	0.00	2000
74	6.42	1152	2105	0.00	195	0	0	0	nan	0.00	0.01	4.00	89.79	93.58	0.00	37	0	43	0.00	0.00	60.22	7.62	0.00	0.00	2000
78	6.89	1146	2079	0.00	179	0	0	0	nan	0.00	0.03	2.81	89.34	93.11	0.00	37	0	42	0.00	0.00	53.88	6.93	0.00	0.00	2000
73	6.82	1073	2089	0.00	195	0	0	0	nan	0.00	0.02	2.83	89.90	93.18	0.00	37	0	42	0.00	0.00	59.83	7.72	0.00	0.00	2000
76	7.31	1032	2120	0.00	212	0	0	0	nan	0.00	0.02	4.10	89.51	92.69	0.00	37	0	42	0.00	0.00	60.37	7.82	0.00	0.00	2000
74	6.97	1068	2096	0.00	194	0	0	0	nan	0.00	0.00	3.73	89.24	93.03	0.00	37	0	42	0.00	0.00	58.49	7.41	0.00	0.00	2000
76	6.77	1123	2109	0.00	199	0	0	0	nan	0.00	0.00	5.77	87.90	93.23	0.00	37	0	42	0.00	0.00	59.04	7.38	0.00	0.00	2000
76	6.72	1130	2099	0.00	194	0	0	0	nan	0.00	0.00	3.65	89.60	93.28	0.00	37	0	43	0.00	0.00	59.71	7.22	0.00	0.00	2000
75	6.53	1147	2099	0.00	178	0	0	0	nan	0.00	0.02	3.26	90.15	93.47	0.00	37	0	42	0.00	0.00	56.24	7.31	0.00	0.00	2000
73	6.62	1107	2095	0.00	213	0	0	0	nan	0.00	0.02	3.56	89.62	93.38	0.00	37	0	43	0.00	0.00	60.46	7.69	0.00	0.00	2000
76	6.99	1081	2098	0.32	195	0	0	1	80.30	0.00	0.01	4.06	88.89	93.01	0.00	37	0	42	0.00	0.00	57.82	7.28	0.00	0.00	2000
74	6.72	1090	2112	0.19	195	0	0	0	nan	0.00	0.00	4.36	89.51	93.28	0.00	37	0	42	0.00	0.00	58.07	7.43	0.00	0.00	2000
73	6.93	1058	2103	0.00	194	0	0	0	nan	0.00	0.00	2.63	90.53	93.07	0.00	37	0	42	0.00	0.00	57.40	7.44	0.00	0.00	2000
73	6.76	1083	2099	0.00	195	0	0	0	nan	0.00	0.00	3.30	90.01	93.24	0.00	37	0	42	0.00	0.00	58.63	7.38	0.00	0.00	2000
75	7.03	1080	2064	0.00	194	0	0	0	nan	0.00	0.00	2.93	88.50	92.97	0.00	37	0	42	0.00	0.00	56.37	7.27	0.00	0.00	2000
74	7.07	1042	2104	0.00	197	0	0	0	nan	0.00	0.03	5.43	87.68	92.93	0.00	37	0	43	0.00	0.00	60.44	7.57	0.00	0.00	2000
75	7.06	1050	2127	0.00	210	0	0	0	nan	0.00	0.00	4.12	90.03	92.94	0.00	37	0	42	0.00	0.00	61.32	7.72	0.00	0.00	2000
74	6.94	1065	2101	0.00	195	0	0	0	nan	0.00	0.00	4.67	88.43	93.06	0.00	37	0	42	0.00	0.00	58.01	7.26	0.00	0.00	2000
74	6.78	1091	2099	0.00	195	0	0	0	nan	0.00	0.00	3.60	89.64	93.22	0.00	37	0	42	0.00	0.00	58.94	7.43	0.00	0.00	2000
76	6.72	1134	2099	0.00	195	0	0	0	nan	0.00	0.02	4.71	88.52	93.28	0.00	37	0	43	0.00	0.00	56.23	7.17	0.00	0.00	2000
76	6.61	1142	2100	0.00	197	0	0	0	nan	0.00	0.00	4.65	88.84	93.39	0.00	37	0	42	0.00	0.00	59.03	7.40	0.00	0.00	2000
73	6.79	1073	2101	0.00	197	0	0	0	nan	0.00	0.02	3.76	89.53	93.21	0.00	37	0	42	0.00	0.00	61.00	7.42	0.00	0.00	2000
75	6.68	1117	2097	0.00	194	0	0	0	nan	0.00	0.00	3.70	89.50	93.32	0.00	37	0	42	0.00	0.00	58.50	7.17	0.00	0.00	2000
73	6.24	1187	2084	0.00	196	0	0	0	nan	0.00	0.00	2.98	89.89	93.76	0.00	37	0	42	0.00	0.00	57.67	7.22	0.00	0.00	2000
78	6.51	1191	2123	0.00	196	0	0	0	nan	0.00	0.00	2.42	92.03	93.49	0.00	37	0	42	0.00	0.00	59.52	7.42	0.00	0.00	2000
74	6.50	1135	2099	0.00	196	0	0	0	nan	0.00	0.02	3.03	90.39	93.50	0.00	37	0	42	0.00	0.00	59.11	7.36	0.00	0.00	2000
74	6.82	1085	2087	0.00	195	0	0	0	nan	0.00	0.00	3.70	88.97	93.18	0.00	37	0	42	0.00	0.00	57.91	7.50	0.00	0.00	2000
74	7.01	1044	2113	0.33	194	0	0	1	88.23	0.00	0.01	3.31	90.39	92.99	0.00	37	0	42	0.00	0.00	58.96	7.46	0.00	0.00	2000
73	6.82	1090	2072	0.21	194	0	0	0	nan	0.00	0.00	3.17	88.74	93.18	0.00	37	0	42	0.00	0.00	54.92	7.22	0.00	0.00	2000
72	6.77	1057	2127	0.00	194	0	0	0	nan	0.00	0.01	2.48	92.01	93.23	0.00	37	0	42	0.00	0.00	61.04	7.25	0.00	0.00	2000
76	6.98	1092	2107	0.00	196	0	0	0	nan	0.00	0.02	3.46	89.91	93.02	0.00	37	0	42	0.00	0.00	60.56	7.64	0.00	0.00	2000
73	6.53	1128	2077	0.00	196	0	0	0	nan	0.00	0.00	3.33	89.09	93.47	0.00	37	0	42	0.00	0.00	58.48	7.33	0.00	0.00	2000
74	6.60	1118	2100	0.00	194	0	0	0	nan	0.00	0.00	2.44	90.88	93.40	0.00	37	0	42	0.00	0.00	57.70	7.10	0.00	0.00	2000
73	6.51	1112	2113	0.00	195	0	0	0	nan	0.01	0.00	2.86	91.25	93.49	0.00	37	0	42	0.00	0.00	59.08	7.49	0.00	0.00	2000
74	6.87	1082	2102	0.00	196	0	0	0	nan	0.01	0.00	3.50	89.85	93.13	0.00	37	0	42	0.00	0.00	58.20	7.39	0.00	0.00	2000
78	6.79	1145	2101	0.00	199	0	0	0	nan	0.00	0.03	3.14	90.23	93.21	0.00	37	0	42	0.00	0.00	58.71	7.57	0.00	0.00	2000
74	6.70	1108	2103	0.00	194	0	0	0	nan	0.00	0.01	2.44	91.10	93.30	0.00	37	0	43	0.00	0.00	59.46	7.46	0.00	0.00	2000
73	6.43	1147	2071	0.00	196	0	0	0	nan	0.00	0.00	2.75	89.46	93.57	0.00	37	0	42	0.00	0.00	57.42	7.32	0.00	0.00	2000
74	7.06	1039	2120	0.00	210	0	0	0	nan	0.00	0.00	4.40	89.43	92.94	0.00	37	0	42	0.00	0.00	57.79	7.27	0.00	0.00	2000
72	6.88	1065	2076	0.00	194	0	0	0	nan	0.00	0.00	3.54	88.54	93.12	0.00	37	0	42	0.00	0.00	58.96	7.40	0.00	0.00	2000
78	6.92	1124	2109	0.00	200	0	0	0	nan	0.00	0.01	3.43	89.98	93.08	0.00	37	0	42	0.00	0.00	58.49	7.55	0.00	0.00	2000
180	10.23	1772	2090	0.00	203	0	0	0	nan	0.00	0.00	5.25	84.12	89.77	0.00	37	0	42	0.00	0.00	63.45	7.51	0.00	0.00	2000
228	11.05	2041	2122	0.00	196	0	0	0	nan	0.00	0.00	4.65	85.35	88.95	0.00	37	0	42	0.00	0.00	65.16	7.39	0.00	0.00	2000
227	11.02	2054	2103	0.00	201	0	0	0	nan	0.00	0.02	3.59	85.59	88.98	0.00	38	0	42	0.00	0.00	65.51	7.37	0.00	0.00	2000
116	7.97	1450	2114	0.19	194	0	0	2	82.56	0.01	0.00	3.04	89.64	92.03	0.00	37	0	43	0.00	0.00	62.09	7.60	0.00	0.00	2000
75	6.62	1139	2077	0.23	195	0	0	0	nan	0.00	0.03	3.97	88.38	93.38	0.00	37	0	42	0.00	0.00	55.52	7.00	0.00	0.00	2000
75	6.91	1080	2121	0.00	195	0	0	0	nan	0.03	0.02	3.07	91.01	93.09	0.00	37	0	42	0.00	0.00	62.58	8.04	0.00	0.00	2000
80	6.55	1215	2099	0.00	196	0	0	0	nan	0.00	0.00	3.55	89.80	93.45	0.00	37	0	43	0.00	0.00	56.49	7.22	0.00	0.00	2000
75	6.66	1121	2105	0.00	198	0	0	0	nan	0.00	0.00	4.22	89.40	93.34	0.00	37	0	42	0.00	0.00	61.28	7.77	0.00	0.00	2000
72	6.65	1095	2087	0.00	194	0	0	0	nan	0.00	0.02	3.41	89.45	93.35	0.00	37	0	42	0.00	0.00	57.34	7.49	0.00	0.00	2000
77	7.00	1098	2102	0.00	195	0	0	0	nan	0.00	0.02	2.73	90.42	93.00	0.00	37	0	42	0.00	0.00	57.04	7.19	0.00	0.00	2000
73	6.87	1075	2082	0.00	195	0	0	0	nan	0.00	0.00	3.01	89.38	93.13	0.00	37	0	42	0.00	0.00	57.72	7.30	0.00	0.00	2000
74	7.10	1045	2100	0.00	196	0	0	0	nan	0.00	0.00	2.56	90.46	92.90	0.00	37	0	42	0.00	0.00	59.39	7.58	0.00	0.00	2000
74	6.76	1082	2122	0.00	194	0	0	0	nan	0.00	0.00	4.11	90.16	93.24	0.00	37	0	42	0.00	0.00	59.30	7.47	0.00	0.00	2000
75	6.55	1142	2092	0.00	210	0	0	0	nan	0.00	0.00	3.40	89.72	93.45	0.00	37	0	42	0.00	0.00	58.26	7.53	0.00	0.00	2000
75	7.04	1064	2110	0.00	195	0	0	0	nan	0.00	0.00	4.26	89.15	92.96	0.00	37	0	42	0.00	0.00	59.19	7.49	0.00	0.00	2000
74	6.60	1137	2071	0.00	195	0	0	0	nan	0.00	0.00	3.86	88.29	93.40	0.00	37	0	42	0.00	0.00	57.69	7.31	0.00	0.00	2000
76	7.20	1039	2121	0.00	194	0	0	0	nan	0.00	0.00	4.45	89.34	92.80	0.00	37	0	42	0.00	0.00	59.62	7.66	0.00	0.00	2000
75	6.72	1106	2112	0.00	194	0	0	0	nan	0.00	0.00	4.08	89.69	93.28	0.00	37	0	43	0.00	0.00	58.49	7.32	0.00	0.00	2000
74	6.51	1130	2098	0.00	196	0	0	0	nan	0.00	0.02	3.70	89.62	93.49	0.00	37	0	42	0.00	0.00	58.68	7.49	0.00	0.00	2000
77	6.87	1136	2084	0.00	199	0	0	0	nan	0.00	0.00	4.42	88.07	93.13	0.00	37	0	42	0.00	0.00	59.70	7.47	0.00	0.00	2000
72	7.04	1031	2092	0.31	195	0	0	1	87.64	0.00	0.02	4.00	88.69	92.96	0.00	37	0	43	0.00	0.00	59.71	7.65	0.00	0.00	2000
74	7.03	1062	2092	0.23	194	0	0	0	nan	0.00	0.00	2.16	90.50	92.97	0.00	37	0	42	0.00	0.00	57.00	7.15	0.00	0.00	2000
73	7.21	1004	2130	0.00	212	0	0	0	nan	0.00	0.00	4.46	89.73	92.79	0.00	37	0	42	0.00	0.00	60.01	7.38	0.00	0.00	2000
73	7.09	1046	2069	0.00	195	0	0	0	nan	0.00	0.00	3.39	88.21	92.91	0.00	37	0	43	0.00	0.00	56.33	7.10	0.00	0.00	2000
76	6.79	1103	2138	0.00	195	0	0	0	nan	0.03	0.00	3.17	91.74	93.21	0.00	37	0	42	0.00	0.00	60.70	7.70	0.00	0.00	2000
74	6.72	1113	2092	0.00	195	0	0	0	nan	0.00	0.00	3.39	89.64	93.28	0.00	37	0	42	0.00	0.00	58.21	7.55	0.00	0.00	2000
76	6.80	1114	2100	0.00	195	0	0	0	nan	0.00	0.00	3.22	90.00	93.20	0.00	37	0	42	0.00	0.00	59.66	7.51	0.00	0.00	2000
100	7.55	1319	2101	0.00	202	0	0	0	nan	0.00	0.00	4.47	88.07	92.45	0.00	37	0	42	0.00	0.00	59.57	7.29	0.00	0.00	2000
75	7.08	1053	2103	0.00	195	0	0	0	nan	0.00	0.00	4.62	88.55	92.92	0.00	37	0	42	0.00	0.00	59.12	7.37	0.00	0.00	2000
76	6.77	1123	2104	0.00	195	0	0	0	nan	0.00	0.00	3.34	90.15	93.23	0.00	37	0	42	0.00	0.00	58.02	7.29	0.00	0.00	2000
74	6.83	1085	2099	0.00	194	0	0	0	nan	0.00	0.00	3.26	89.96	93.17	0.00	37	0	42	0.00	0.00	59.32	7.54	0.00	0.00	2000
73	7.06	1053	2066	0.00	193	0	0	0	nan	0.00	0.00	3.09	88.52	92.94	0.00	37	0	42	0.00	0.00	57.15	7.28	0.00	0.00	2000
72	7.14	1008	2097	0.00	211	0	0	0	nan	0.00	0.02	3.04	89.85	92.86	0.00	37	0	42	0.00	0.00	61.47	7.86	0.00	0.00	2000
77	7.27	1043	2131	0.00	196	0	0	0	nan	0.00	0.03	4.17	89.94	92.73	0.00	37	0	42	0.00	0.00	58.67	7.33	0.00	0.00	2000
74	6.86	1090	2071	0.00	196	0	0	0	nan	0.00	0.00	3.50	88.29	93.14	0.00	37	0	42	0.00	0.00	57.16	7.18	0.00	0.00	2000
76	6.77	1105	2126	0.00	194	0	0	0	nan	0.00	0.00	2.26	92.13	93.23	0.00	37	0	43	0.00	0.00	59.16	7.45	0.00	0.00	2000
72	6.56	1114	2077	0.00	196	0	0	0	nan	0.00	0.00	3.09	89.36	93.44	0.00	37	0	43	0.00	0.00	56.98	7.25	0.00	0.00	2000
74	6.61	1108	2124	0.27	210	0	0	1	85.66	0.00	0.03	3.17	91.34	93.39	0.00	37	0	43	0.00	0.00	62.63	7.73	0.00	0.00	2000
72	6.74	1077	2075	0.24	195	0	0	0	nan	0.00	0.00	4.01	88.26	93.26	0.00	37	0	43	0.00	0.00	56.93	7.11	0.00	0.00	2000
76	6.93	1085	2133	0.00	195	0	0	0	nan	0.00	0.02	2.55	92.02	93.07	0.00	37	0	42	0.00	0.00	57.37	7.42	0.00	0.00	2000
77	7.24	1059	2099	0.00	197	0	0	0	nan	0.00	0.02	4.31	88.49	92.76	0.00	37	0	42	0.00	0.00	59.36	7.51	0.00	0.00	2000
74	6.23	1208	2075	0.00	194	0	0	0	nan	0.00	0.02	3.19	89.47	93.77	0.00	37	0	43	0.00	0.00	55.62	7.39	0.00	0.00	2000
74	6.67	1103	2119	0.00	194	0	0	0	nan	0.00	0.03	2.01	92.19	93.33	0.00	37	0	42	0.00	0.00	62.12	7.40	0.00	0.00	2000
74	6.39	1159	2087	0.00	195	0	0	0	nan	0.00	0.00	2.75	90.28	93.61	0.00	37	0	42	0.00	0.00	57.94	7.20	0.00	0.00	2000
75	7.20	1035	2121	0.00	194	0	0	0	nan	0.00	0.01	2.49	91.36	92.80	0.00	37	0	42	0.00	0.00	59.28	7.58	0.00	0.00	2000
73	6.51	1144	2064	0.00	195	0	0	0	nan	0.00	0.01	2.69	89.25	93.49	0.00	37	0	42	0.00	0.00	57.03	7.26	0.00	0.00	2000
75	6.92	1068	2138	0.00	195	0	0	0	nan	0.00	0.01	2.28	92.51	93.08	0.00	37	0	42	0.00	0.00	59.75	7.67	0.00	0.00	2000
74	6.98	1072	2066	0.00	197	0	0	0	nan	0.01	0.00	4.09	87.42	93.02	0.00	37	0	43	0.00	0.00	57.91	7.27	0.00	0.00	2000
74	7.27	1012	2104	0.00	213	0	0	0	nan	0.00	0.00	4.54	88.54	92.73	0.00	37	0	42	0.00	0.00	58.85	7.35	0.00	0.00	2000
79	6.48	1198	2136	0.00	196	0	0	0	nan	0.00	0.00	1.91	93.17	93.52	0.00	37	0	43	0.00	0.00	59.58	7.67	0.00	0.00	2000
74	6.84	1082	2094	0.00	194	0	0	0	nan	0.00	0.00	3.25	89.83	93.16	0.00	37	0	42	0.00	0.00	58.33	7.34	0.00	0.00	2000
74	6.74	1108	2082	0.00	194	0	0	0	nan	0.00	0.03	3.31	89.16	93.26	0.00	37	0	42	0.00	0.00	57.88	7.30	0.00	0.00	2000
74	6.65	1117	2101	0.00	196	0	0	0	nan	0.00	0.00	2.76	90.59	93.35	0.00	37	0	42	0.00	0.00	58.78	7.55	0.00	0.00	2000
76	6.99	1091	2104	0.00	195	0	0	0	nan	0.00	0.00	3.28	89.98	93.01	0.00	37	0	43	0.00	0.00	57.77	7.26	0.00	0.00	2000
74	6.65	1109	2096	0.32	211	0	0	1	85.97	0.00	0.00	3.35	89.91	93.35	0.00	37	0	43	0.00	0.00	59.19	7.44	0.00	0.00	2000
73	6.94	1058	2094	0.23	178	0	0	0	nan	0.00	0.00	4.04	88.85	93.06	0.00	37	0	42	0.00	0.00	57.81	7.47	0.00	0.00	2000
74	6.63	1100	2121	0.00	212	0	0	0	nan	0.00	0.00	3.99	90.22	93.37	0.00	37	0	42	0.00	0.00	63.61	7.92	0.00	0.00	2000
75	6.59	1141	2100	0.00	196	0	0	0	nan	0.00	0.01	4.08	89.37	93.41	0.00	37	0	43	0.00	0.00	57.61	7.12	0.00	0.00	2000
74	6.78	1099	2081	0.00	195	0	0	0	nan	0.00	0.00	3.80	88.60	93.22	0.00	37	0	43	0.00	0.00	58.37	7.18	0.00	0.00	2000
76	6.84	1095	2119	0.00	196	0	0	0	nan	0.01	0.00	2.47	91.51	93.16	0.00	37	0	43	0.00	0.00	58.56	7.50	0.00	0.00	2000
73	6.48	1142	2073	0.00	198	0	0	0	nan	0.00	0.00	4.07	88.19	93.52	0.00	37	0	42	0.00	0.00	58.09	7.34	0.00	0.00	2000
76	6.53	1151	2126	0.00	196	0	0	0	nan	0.00	0.02	3.65	90.93	93.47	0.00	37	0	42	0.00	0.00	58.47	7.21	0.00	0.00	2000
73	6.51	1123	2100	0.00	211	0	0	0	nan	0.00	0.00	2.93	90.54	93.49	0.00	37	0	43	0.00	0.00	58.40	7.26	0.00	0.00	2000
76	6.68	1148	2087	0.00	179	0	0	0	nan	0.00	0.03	3.43	89.39	93.32	0.00	37	0	42	0.00	0.00	58.92	7.38	0.00	0.00	2000
72	6.74	1078	2086	0.00	194	0	0	0	nan	0.00	0.02	2.98	89.77	93.26	0.00	37	0	42	0.00	0.00	57.59	7.15	0.00	0.00	2000
75	7.23	1023	2129	0.00	211	0	0	0	nan	0.00	0.00	4.59	89.54	92.77	0.00	37	0	43	0.00	0.00	62.12	7.96	0.00	0.00	2000
75	7.13	1060	2094	0.00	194	0	0	0	nan	0.00	0.02	3.85	88.82	92.87	0.00	37	0	43	0.00	0.00	56.88	7.18	0.00	0.00	2000
74	6.91	1072	2106	0.00	195	0	0	0	nan	0.00	0.00	4.03	89.44	93.09	0.00	37	0	42	0.00	0.00	60.09	7.66	0.00	0.00	2000
74	6.92	1081	2083	0.00	195	0	0	0	nan	0.00	0.02	3.66	88.68	93.08	0.00	37	0	43	0.00	0.00	56.99	7.13	0.00	0.00	2000
73	6.99	1054	2089	0.00	195	0	0	0	nan	0.00	0.00	4.50	88.20	93.01	0.00	37	0	42	0.00	0.00	59.33	7.43	0.00	0.00	2000
73	6.66	1088	2111	0.00	194	0	0	0	nan	0.00	0.01	2.13	91.77	93.34	0.00	37	0	42	0.00	0.00	58.51	7.56	0.00	0.00	2000
73	6.63	1119	2081	0.27	195	0	0	1	86.50	0.00	0.00	2.88	89.67	93.37	0.00	37	0	42	0.00	0.00	57.98	7.31	0.00	0.00	2000
79	6.87	1140	2130	0.19	224	0	0	0	nan	0.01	0.02	3.77	90.67	93.13	0.00	37	0	42	0.00	0.00	59.30	7.62	0.00	0.00	2000
77	7.07	1094	2103	0.00	197	0	0	0	nan	0.01	0.00	4.07	88.98	92.93	0.00	37	0	42	0.00	0.00	59.60	7.65	0.00	0.00	2000
74	6.61	1123	2104	0.00	195	0	0	0	nan	0.03	0.02	3.01	90.52	93.39	0.00	37	0	42	0.00	0.00	57.19	7.33	0.00	0.00	2000
74	6.86	1079	2094	0.00	194	0	0	0	nan	0.00	0.01	2.86	90.08	93.14	0.00	37	0	42	0.00	0.00	61.06	7.63	0.00	0.00	2000
74	6.87	1073	2111	0.00	195	0	0	0	nan	0.00	0.00	3.51	90.12	93.13	0.00	37	0	42	0.00	0.00	58.28	7.46	0.00	0.00	2000
75	6.75	1109	2092	0.00	194	0	0	0	nan	0.00	0.00	3.70	89.33	93.25	0.00	37	0	43	0.00	0.00	56.52	7.11	0.00	0.00	2000
73	7.21	1017	2099	0.00	194	0	0	0	nan	0.00	0.00	3.85	88.96	92.79	0.00	37	0	42	0.00	0.00	58.46	7.49	0.00	0.00	2000
75	6.60	1140	2095	0.00	194	0	0	0	nan	0.00	0.00	2.93	90.15	93.40	0.00	37	0	42	0.00	0.00	58.97	7.54	0.00	0.00	2000
73	6.91	1057	2109	0.00	196	0	0	0	nan	0.00	0.03	3.01	90.49	93.09	0.00	37	0	43	0.00	0.00	61.44	7.72	0.00	0.00	2000
75	6.91	1079	2100	0.00	197	0	0	0	nan	0.00	0.02	3.71	89.51	93.09	0.00	37	0	43	0.00	0.00	53.21	7.14	0.00	0.00	2000
72	6.81	1073	2070	0.00	194	0	0	0	nan	0.00	0.00	3.40	88.54	93.19	0.00	37	0	43	0.00	0.00	59.22	7.45	0.00	0.00	2000
81	7.12	1121	2130	0.00	227	0	0	0	nan	0.00	0.02	6.35	87.88	92.88	0.00	37	0	42	0.00	0.00	61.10	7.79	0.00	0.00	2000
76	6.93	1095	2094	0.00	196	0	0	0	nan	0.00	0.00	3.38	89.47	93.07	0.00	37	0	42	0.00	0.00	57.98	7.40	0.00	0.00	2000
75	6.65	1133	2101	0.00	195	0	0	0	nan	0.00	0.00	4.09	89.28	93.35	0.00	37	0	42	0.00	0.00	57.85	7.35	0.00	0.00	2000
74	6.85	1075	2103	0.00	195	0	0	0	nan	0.00	0.00	3.77	89.54	93.15	0.00	37	0	42	0.00	0.00	57.55	7.55	0.00	0.00	2000
73	6.65	1106	2094	0.00	194	0	0	0	nan	0.00	0.00	3.86	89.34	93.35	0.00	37	0	43	0.00	0.00	59.33	7.34	0.00	0.00	2000
73	6.62	1097	2099	0.27	195	0	0	1	86.56	0.00	0.00	3.73	89.63	93.38	0.00	37	0	42	0.00	0.00	58.42	7.52	0.00	0.00	2000
84	6.57	1271	2111	0.33	197	0	0	1	92.42	0.00	0.00	4.19	89.69	93.43	0.00	37	0	42	0.00	0.00	60.83	7.66	0.00	0.00	2000
144	8.82	1658	2060	0.00	186	0	0	0	nan	0.00	0.02	4.07	85.48	91.18	0.00	37	0	43	0.00	0.00	58.63	7.44	0.00	0.00	2000
227	11.33	2100	2007	0.00	200	0	0	0	nan	0.00	0.00	5.12	79.70	88.67	0.00	37	0	43	0.00	0.00	62.73	6.91	0.00	0.00	2000
233	10.68	2049	2236	0.00	219	0	0	0	nan	0.00	0.00	3.74	91.40	89.32	0.00	37	0	43	0.00	0.00	71.24	8.48	0.00	0.00	2000
231	11.30	2049	2101	0.00	195	0	0	0	nan	0.00	0.00	3.69	85.09	88.70	0.00	37	0	42	0.00	0.00	62.38	7.54	0.00	0.00	2000
229	11.44	2069	2028	0.00	197	0	0	0	nan	0.00	0.04	3.55	82.04	88.56	0.00	37	0	42	0.00	0.00	60.06	7.20	0.00	0.00	2000
232	10.95	2058	2161	0.00	194	0	0	0	nan	0.00	0.02	2.72	89.03	89.05	0.00	37	0	42	0.00	0.00	70.73	8.11	0.00	0.00	2000
228	10.94	2124	2058	0.00	193	0	0	0	nan	0.01	0.00	2.77	84.56	89.06	0.00	37	0	43	0.00	0.00	57.32	7.13	0.00	0.00	2000
230	11.10	2042	2134	0.00	194	0	0	0	nan	0.00	0.02	3.82	86.61	88.90	0.00	37	0	42	0.00	0.00	70.09	8.33	0.00	0.00	2000
228	11.13	2072	2079	0.00	195	0	0	0	nan	0.00	0.00	3.99	84.13	88.87	0.00	37	0	43	0.00	0.00	61.41	7.31	0.00	0.00	2000
233	11.15	2080	2113	0.00	195	0	0	0	nan	0.00	0.01	4.18	85.24	88.85	0.00	37	0	43	0.00	0.00	67.59	7.98	0.00	0.00	2000
228	11.06	2053	2111	0.00	194	0	0	0	nan	0.00	0.00	3.88	85.64	88.94	0.00	37	0	42	0.00	0.00	64.45	7.60	0.00	0.00	2000
225	11.38	2063	2009	0.00	200	0	0	0	nan	0.00	0.91	6.70	77.25	88.62	0.00	37	0	42	0.00	0.00	60.36	7.20	0.00	0.00	2000
292	12.52	2250	2180	0.00	243	0	0	0	nan	0.00	0.00	5.47	85.42	87.48	0.00	38	0	42	0.00	0.00	68.72	8.02	0.00	0.00	2000
116	8.26	1397	2105	0.00	223	0	0	0	nan	0.00	0.00	6.54	85.49	91.74	0.00	37	0	42	0.00	0.00	61.75	7.67	0.00	0.00	2000
76	6.94	1098	2106	0.00	195	0	0	0	nan	0.00	0.00	2.79	90.49	93.06	0.00	37	0	43	0.00	0.00	57.64	7.33	0.00	0.00	2000
75	6.96	1074	2111	0.27	209	0	0	1	82.47	0.00	0.00	3.52	89.98	93.04	0.00	37	0	43	0.00	0.00	61.18	7.66	0.00	0.00	2000
81	7.44	1081	2120	0.25	146	0	0	1	90.67	0.00	0.00	6.78	86.64	92.56	0.00	37	0	42	0.00	0.00	58.39	7.41	0.00	0.00	2000
