Avg_MHz	Busy%	Bzy_MHz	TSC_MHz	IPC	IRQ	NMI	SMI	LLCMRPS	LLC%hit	POLL%	C1%	C1E%	C6%	CPU%c1	CPU%c6	CoreTmp	CoreThr	PkgTmp	Pkg%pc2	Pkg%pc6	PkgWatt	RAMWatt	PKG_%	RAM_%	UncMHz
385	18.51	2067	2112	0.00	262	0	0	0	nan	0.00	0.65	42.73	38.86	81.49	0.00	37	0	42	0.00	0.00	63.52	7.46	0.00	0.00	2000
361	17.22	2067	2130	0.00	225	0	0	0	nan	0.04	1.90	19.63	62.66	82.78	0.00	37	0	43	0.00	0.00	68.39	8.16	0.00	0.00	2000
78	6.73	1143	2122	0.00	212	0	0	0	nan	0.00	0.00	6.38	87.86	93.27	0.00	37	0	42	0.00	0.00	59.18	7.45	0.00	0.00	2000
74	6.56	1133	2092	0.00	194	0	0	0	nan	0.00	0.00	2.85	90.20	93.44	0.00	37	0	42	0.00	0.00	59.28	7.49	0.00	0.00	2000
74	6.78	1087	2105	0.00	193	0	0	0	nan	0.00	0.02	3.75	89.72	93.22	0.00	37	0	43	0.00	0.00	58.61	7.45	0.00	0.00	2000
72	6.68	1080	2105	0.00	195	0	0	0	nan	0.00	0.00	3.57	90.04	93.32	0.00	37	0	43	0.00	0.00	59.67	7.65	0.00	0.00	2000
73	6.86	1073	2082	0.00	179	0	0	0	nan	0.00	0.01	3.15	89.20	93.14	0.00	37	0	42	0.00	0.00	57.62	7.28	0.00	0.00	2000
73	6.86	1055	2116	0.00	195	0	0	0	nan	0.00	0.00	3.26	90.68	93.14	0.00	37	0	42	0.00	0.00	60.12	7.71	0.00	0.00	2000
73	6.58	1110	2095	0.00	210	0	0	0	nan	0.00	0.00	2.90	90.30	93.42	0.00	37	0	43	0.00	0.00	57.36	7.45	0.00	0.00	2000
73	6.81	1080	2099	0.00	193	0	0	0	nan	0.00	0.01	3.67	89.38	93.19	0.00	37	0	43	0.00	0.00	58.27	7.43	0.00	0.00	2000
74	6.72	1106	2097	0.00	195	0	0	0	nan	0.00	0.00	4.95	88.32	93.28	0.00	37	0	43	0.00	0.00	59.30	7.49	0.00	0.00	2000
72	6.74	1064	2114	0.00	197	0	0	0	nan	0.00	0.00	3.95	89.90	93.26	0.00	37	0	42	0.00	0.00	58.25	7.43	0.00	0.00	2000
73	6.69	1090	2096	0.00	193	0	0	0	nan	0.00	0.01	3.68	89.58	93.31	0.00	37	0	42	0.00	0.00	61.06	7.39	0.00	0.00	2000
72	6.46	1116	2104	0.00	194	0	0	0	nan	0.00	0.00	3.46	90.29	93.54	0.00	37	0	43	0.00	0.00	57.52	7.53	0.00	0.00	2000
73	6.72	1088	2090	0.00	193	0	0	0	nan	0.00	0.00	3.46	89.42	93.28	0.00	37	0	43	0.00	0.00	58.72	7.45	0.00	0.00	2000
73	6.66	1089	2104	0.00	195	0	0	0	nan	0.00	0.00	3.87	89.75	93.34	0.00	37	0	43	0.00	0.00	59.62	7.50	0.00	0.00	2000
74	6.83	1079	2097	0.30	194	0	0	0	77.58	0.00	0.00	3.70	89.33	93.17	0.00	37	0	43	0.00	0.00	58.61	7.12	0.00	0.00	2000
73	6.61	1112	2093	0.17	177	0	0	0	nan	0.00	0.00	4.38	88.78	93.39	0.00	37	0	42	0.00	0.00	60.21	7.62	0.00	0.00	2000
184	9.17	2007	2097	0.00	233	0	0	0	nan	0.01	0.86	4.84	85.00	90.83	0.00	39	0	43	0.00	0.00	63.54	7.57	0.00	0.00	2000
234	11.05	2104	2119	0.00	203	0	0	0	nan	0.00	0.01	4.52	85.30	88.95	0.00	40	0	43	0.00	0.00	66.04	7.62	0.00	0.00	2000
229	11.09	2096	2067	0.00	213	0	0	0	nan	0.00	0.00	3.51	84.00	88.91	0.00	40	0	43	0.00	0.00	63.37	7.33	0.00	0.00	2000
239	11.48	2051	2129	0.00	219	0	0	0	nan	0.00	0.00	4.99	84.90	88.52	0.00	40	0	43	0.00	0.00	64.12	7.43	0.00	0.00	2000
237	11.45	2066	2102	0.00	194	0	0	0	nan	0.00	0.00	7.53	81.26	88.55	0.00	38	0	42	0.00	0.00	63.67	7.65	0.00	0.00	2000
225	11.04	2040	2094	0.00	198	0	0	0	nan	0.00	0.01	5.69	83.12	88.96	0.00	38	0	42	0.00	0.00	65.28	8.14	0.00	0.00	2000
223	10.72	2105	2072	0.00	199	0	0	0	nan	0.00	0.00	5.44	82.72	89.28	0.00	37	0	42	0.00	0.00	64.43	7.73	0.00	0.00	2000
236	11.10	2092	2133	0.00	201	0	0	0	nan	0.01	0.01	4.68	85.69	88.90	0.00	38	0	42	0.00	0.00	67.11	8.08	0.00	0.00	2000
235	11.29	2073	2107	0.00	198	0	0	0	nan	0.00	0.02	2.03	86.95	88.71	0.00	38	0	43	0.00	0.00	68.49	8.28	0.00	0.00	2000
230	11.09	2083	2090	0.00	202	0	0	0	nan	0.01	0.56	4.05	83.99	88.91	0.00	38	0	42	0.00	0.00	64.16	7.43	0.00	0.00	2000
228	11.04	2097	2064	0.00	199	0	0	0	nan	0.00	0.00	3.36	84.24	88.96	0.00	38	0	42	0.00	0.00	62.68	7.03	0.00	0.00	2000
230	11.24	2050	2098	0.00	220	0	0	0	nan	0.00	0.01	5.89	82.90	88.76	0.00	38	0	43	0.00	0.00	65.45	7.66	0.00	0.00	2000
230	11.47	2015	2095	0.00	198	0	0	0	nan	0.00	0.00	5.34	83.14	88.53	0.00	39	0	42	0.00	0.00	63.01	7.22	0.00	0.00	2000
231	11.18	2022	2146	0.00	217	0	0	0	nan	0.00	0.00	7.90	82.96	88.82	0.00	39	0	43	0.00	0.00	68.28	7.85	0.00	0.00	2000
228	10.96	2094	2090	0.00	199	0	0	0	87.26	0.00	0.00	5.57	83.15	89.04	0.00	39	0	43	0.00	0.00	65.57	7.62	0.00	0.00	2000
234	11.26	2072	2106	0.59	199	0	0	22	86.00	0.00	0.00	6.67	82.37	88.74	0.00	39	0	43	0.00	0.00	65.02	7.48	0.00	0.00	2000
231	11.25	2056	2093	0.00	200	0	0	0	nan	0.00	0.00	7.84	80.75	88.75	0.00	38	0	43	0.00	0.00	64.95	7.67	0.00	0.00	2000
233	11.46	2021	2114	0.00	199	0	0	0	nan	0.00	0.00	7.90	81.41	88.54	0.00	39	0	43	0.00	0.00	66.19	7.52	0.00	0.00	2000
232	11.17	2096	2080	0.00	185	0	0	0	nan	0.00	0.00	6.08	81.94	88.83	0.00	40	0	43	0.00	0.00	64.43	7.33	0.00	0.00	2000
229	11.18	2033	2119	0.00	213	0	0	0	nan	0.00	0.00	7.14	82.65	88.82	0.00	40	0	42	0.00	0.00	65.57	7.58	0.00	0.00	2000
232	11.17	2073	2102	0.00	198	0	0	0	nan	0.00	0.00	6.81	82.19	88.83	0.00	40	0	43	0.00	0.00	63.20	7.29	0.00	0.00	2000
233	11.31	2062	2101	0.00	185	0	0	0	nan	0.00	0.00	7.61	81.15	88.69	0.00	40	0	43	0.00	0.00	62.69	7.34	0.00	0.00	2000
230	11.31	2094	2041	0.00	202	0	0	0	nan	0.00	0.00	3.82	82.48	88.69	0.00	39	0	43	0.00	0.00	64.23	7.68	0.00	0.00	2000
233	11.09	2065	2133	0.00	212	0	0	0	nan	0.04	0.06	4.00	86.35	88.91	0.00	39	0	43	0.00	0.00	67.23	7.96	0.00	0.00	2000
233	11.04	2079	2128	0.00	198	0	0	0	nan	0.01	0.00	4.81	85.44	88.96	0.00	39	0	43	0.00	0.00	65.85	7.51	0.00	0.00	2000
230	11.28	2043	2095	0.00	182	0	0	0	nan	0.00	0.00	6.54	82.07	88.72	0.00	40	0	43	0.00	0.00	62.28	7.22	0.00	0.00	2000
235	11.15	2105	2102	0.00	214	0	0	0	nan	0.00	0.46	7.19	81.41	88.85	0.00	39	0	43	0.00	0.00	68.11	7.68	0.00	0.00	2000
221	11.93	2117	1838	0.00	191	0	0	0	nan	0.00	0.03	5.12	71.97	88.07	0.00	40	0	43	0.00	0.00	46.83	5.74	0.00	0.00	2000
226	10.24	1943	2389	0.00	269	0	0	0	nan	0.00	0.00	7.80	94.39	89.76	0.00	38	0	43	0.00	0.00	80.23	9.48	0.00	0.00	2000
238	11.34	2067	2129	0.00	202	0	0	0	nan	0.00	0.03	5.60	84.35	88.66	0.00	39	0	43	0.00	0.00	66.55	7.68	0.00	0.00	2000
231	11.12	2084	2091	0.00	200	0	0	0	nan	0.00	0.00	5.44	83.15	88.88	0.00	40	0	43	0.00	0.00	66.60	7.84	0.00	0.00	2000
231	11.05	2084	2103	0.00	214	0	0	4	73.53	0.00	0.02	5.26	83.97	88.95	0.00	40	0	43	0.00	0.00	64.90	7.56	0.00	0.00	2000
231	11.07	2092	2095	0.91	180	0	0	9	81.87	0.00	0.07	3.47	85.37	88.93	0.00	40	0	43	0.00	0.00	65.10	7.37	0.00	0.00	2000
232	10.94	2124	2097	0.00	200	0	0	0	nan	0.00	0.01	4.53	84.49	89.06	0.00	40	0	43	0.00	0.00	62.69	7.73	0.00	0.00	2000
234	11.29	2073	2101	0.00	200	0	0	0	nan	0.00	0.03	5.48	83.35	88.72	0.00	40	0	43	0.00	0.00	65.72	7.63	0.00	0.00	2000
232	11.08	2086	2104	0.00	203	0	0	0	nan	0.00	0.02	4.87	84.25	88.92	0.00	40	0	43	0.00	0.00	66.59	7.81	0.00	0.00	2000
233	11.32	2043	2113	0.00	198	0	0	0	nan	0.00	0.00	4.96	84.35	88.68	0.00	40	0	42	0.00	0.00	65.94	7.61	0.00	0.00	2000
230	11.20	2057	2099	0.00	198	0	0	0	nan	0.00	0.01	5.48	83.35	88.80	0.00	40	0	43	0.00	0.00	66.35	7.80	0.00	0.00	2000
228	10.99	2104	2073	0.00	199	0	0	0	nan	0.00	0.02	5.91	82.03	89.01	0.00	40	0	43	0.00	0.00	59.64	6.95	0.00	0.00	2000
233	11.26	2051	2122	0.00	195	0	0	0	nan	0.00	0.00	4.65	85.16	88.74	0.00	40	0	43	0.00	0.00	69.21	7.98	0.00	0.00	2000
234	11.27	2069	2106	0.00	203	0	0	0	nan	0.00	0.02	5.79	83.28	88.73	0.00	40	0	43	0.00	0.00	66.34	7.85	0.00	0.00	2000
226	10.93	2100	2067	0.00	197	0	0	0	nan	0.00	0.00	5.80	81.95	89.07	0.00	40	0	43	0.00	0.00	65.24	7.65	0.00	0.00	2000
235	11.30	2050	2130	0.00	198	0	0	0	nan	0.00	0.02	5.03	85.00	88.70	0.00	41	0	43	0.00	0.00	65.84	7.56	0.00	0.00	2000
229	11.19	2054	2096	0.00	198	0	0	0	nan	0.00	0.00	4.01	84.68	88.81	0.00	40	0	43	0.00	0.00	65.24	7.60	0.00	0.00	2000
228	11.20	2052	2079	0.00	199	0	0	0	nan	0.00	0.00	3.79	84.17	88.80	0.00	40	0	43	0.00	0.00	63.07	7.49	0.00	0.00	2000
238	11.15	2100	2136	0.00	203	0	0	0	nan	0.00	0.03	4.74	85.73	88.85	0.00	40	0	43	0.00	0.00	66.18	7.89	0.00	0.00	2000
229	10.69	2161	2081	0.00	197	0	0	0	nan	0.00	0.00	6.17	82.41	89.31	0.00	40	0	43	0.00	0.00	64.69	7.50	0.00	0.00	2000
233	10.77	2147	2117	0.00	197	0	0	0	nan	0.00	0.05	3.26	86.73	89.23	0.00	41	0	42	0.00	0.00	66.64	7.97	0.00	0.00	2000
228	10.87	2111	2084	0.00	198	0	0	0	nan	0.00	0.01	4.60	83.96	89.13	0.00	40	0	43	0.00	0.00	62.99	7.29	0.00	0.00	2000
233	10.66	2170	2113	0.91	198	0	0	10	80.67	0.00	1.02	5.58	83.23	89.34	0.00	40	0	43	0.00	0.00	66.10	7.77	0.00	0.00	2000
234	11.51	2037	2097	0.10	199	0	0	0	nan	0.00	0.00	6.09	82.43	88.49	0.00	40	0	43	0.00	0.00	65.17	7.76	0.00	0.00	2000
231	11.06	2113	2076	0.00	208	0	0	0	nan	0.00	0.00	4.95	83.09	88.94	0.00	40	0	42	0.00	0.00	62.06	7.29	0.00	0.00	2000
233	10.96	2110	2120	0.00	214	0	0	0	nan	0.00	0.01	6.40	83.52	89.04	0.00	40	0	43	0.00	0.00	68.04	7.91	0.00	0.00	2000
231	11.13	2083	2097	0.00	202	0	0	0	nan	0.00	0.00	6.16	82.65	88.87	0.00	40	0	42	0.00	0.00	64.76	7.53	0.00	0.00	2000
231	10.90	2118	2097	0.00	200	0	0	0	nan	0.00	0.00	5.46	83.59	89.10	0.00	40	0	43	0.00	0.00	65.13	7.57	0.00	0.00	2000
233	11.33	2045	2113	0.00	199	0	0	0	nan	0.00	0.02	4.92	84.43	88.67	0.00	40	0	43	0.00	0.00	65.96	7.58	0.00	0.00	2000
233	10.72	2179	2094	0.00	203	0	0	0	nan	0.00	0.02	5.15	83.92	89.28	0.00	40	0	42	0.00	0.00	65.29	7.54	0.00	0.00	2000
230	10.63	2166	2095	0.00	183	0	0	0	nan	0.01	0.00	4.07	85.13	89.37	0.00	40	0	43	0.00	0.00	66.60	7.70	0.00	0.00	2000
232	11.00	2101	2111	0.00	199	0	0	0	nan	0.00	0.00	3.56	85.98	89.00	0.00	40	0	43	0.00	0.00	66.13	7.63	0.00	0.00	2000
229	11.38	2017	2098	0.00	200	0	0	0	nan	0.00	0.00	5.05	83.57	88.62	0.00	40	0	43	0.00	0.00	65.76	7.76	0.00	0.00	2000
227	10.85	2116	2072	0.00	198	0	0	0	nan	0.00	0.02	3.54	84.51	89.15	0.00	41	0	43	0.00	0.00	62.32	7.25	0.00	0.00	2000
234	11.21	2079	2107	0.00	204	0	0	0	nan	0.00	0.23	2.29	86.62	88.79	0.00	41	0	42	0.00	0.00	65.16	7.71	0.00	0.00	2000
230	11.32	2039	2088	0.00	198	0	0	0	nan	0.00	0.02	5.05	83.19	88.68	0.00	40	0	43	0.00	0.00	65.92	7.66	0.00	0.00	2000
232	11.09	2069	2121	0.00	197	0	0	0	nan	0.00	0.00	5.90	83.99	88.91	0.00	40	0	43	0.00	0.00	65.91	7.73	0.00	0.00	2000
230	10.87	2119	2100	0.00	198	0	0	0	nan	0.00	0.02	5.13	84.07	89.13	0.00	40	0	42	0.00	0.00	66.22	7.62	0.00	0.00	2000
228	11.11	2068	2081	0.00	198	0	0	0	nan	0.00	0.00	4.18	84.01	88.89	0.00	40	0	43	0.00	0.00	63.98	7.57	0.00	0.00	2000
237	11.12	2109	2119	0.76	202	0	0	10	80.05	0.00	0.01	5.50	84.26	88.88	0.00	40	0	43	0.00	0.00	65.77	7.81	0.00	0.00	2000
235	11.13	2095	2120	0.27	197	0	0	0	nan	0.00	0.02	5.71	84.03	88.87	0.00	41	0	43	0.00	0.00	67.76	7.88	0.00	0.00	2000
231	10.70	2166	2097	0.00	199	0	0	0	nan	0.00	0.02	4.25	84.95	89.30	0.00	41	0	43	0.00	0.00	61.71	7.42	0.00	0.00	2000
228	11.10	2058	2095	0.00	198	0	0	0	nan	0.00	0.02	3.44	85.40	88.90	0.00	41	0	43	0.00	0.00	68.74	8.01	0.00	0.00	2000
231	11.18	2061	2103	0.00	198	0	0	0	nan	0.00	0.05	3.00	86.05	88.82	0.00	41	0	43	0.00	0.00	65.45	7.55	0.00	0.00	2000
234	11.24	2084	2097	0.00	202	0	0	0	nan	0.00	0.02	5.30	83.40	88.76	0.00	40	0	42	0.00	0.00	65.54	7.65	0.00	0.00	2000
231	11.30	2046	2101	0.00	206	0	0	0	nan	0.00	0.03	4.26	84.60	88.70	0.00	40	0	43	0.00	0.00	63.36	7.35	0.00	0.00	2000
225	10.87	2100	2070	0.00	198	0	0	0	nan	0.00	0.00	4.95	82.95	89.13	0.00	41	0	43	0.00	0.00	63.54	7.38	0.00	0.00	2000
234	11.38	2034	2120	0.00	201	0	0	0	nan	0.00	0.02	6.67	82.96	88.62	0.00	41	0	43	0.00	0.00	69.22	8.00	0.00	0.00	2000
229	10.80	2129	2093	0.00	200	0	0	0	nan	0.00	0.02	5.12	83.84	89.20	0.00	41	0	43	0.00	0.00	63.67	7.24	0.00	0.00	2000
235	11.35	2052	2120	0.00	198	0	0	0	nan	0.00	0.00	4.07	85.52	88.65	0.00	41	0	43	0.00	0.00	66.27	7.77	0.00	0.00	2000
227	11.13	2063	2079	0.00	203	0	0	0	nan	0.00	0.00	5.25	82.88	88.87	0.00	40	0	43	0.00	0.00	63.49	7.65	0.00	0.00	2000
232	11.03	2091	2111	0.00	214	0	0	0	nan	0.00	0.02	5.67	83.83	88.97	0.00	41	0	43	0.00	0.00	67.42	7.73	0.00	0.00	2000
233	10.85	2124	2120	0.00	184	0	0	0	nan	0.00	0.04	5.02	85.03	89.15	0.00	41	0	43	0.00	0.00	67.36	7.94	0.00	0.00	2000
229	11.14	2069	2090	0.00	200	0	0	0	nan	0.00	0.02	4.58	84.01	88.86	0.00	41	0	43	0.00	0.00	62.72	7.42	0.00	0.00	2000
227	10.84	2114	2086	0.00	198	0	0	0	nan	0.00	0.00	4.32	84.32	89.16	0.00	40	0	43	0.00	0.00	62.96	7.37	0.00	0.00	2000
239	11.65	2063	2092	0.00	219	0	0	0	nan	0.01	0.02	7.19	80.89	88.35	0.00	40	0	43	0.00	0.00	64.93	7.73	0.00	0.00	2000
232	11.43	2018	2117	0.51	198	0	0	10	80.36	0.00	0.00	5.51	83.84	88.57	0.00	40	0	43	0.00	0.00	67.30	7.96	0.00	0.00	2000
233	11.11	2092	2106	0.53	199	0	0	2	90.35	0.01	0.00	4.94	84.29	88.89	0.00	41	0	42	0.00	0.00	65.52	7.87	0.00	0.00	2000
227	11.31	2023	2082	0.00	199	0	0	0	nan	0.01	0.00	4.91	83.10	88.69	0.00	41	0	43	0.00	0.00	63.58	7.40	0.00	0.00	2000
230	11.12	2082	2084	0.00	198	0	0	0	nan	0.00	0.02	4.82	83.40	88.88	0.00	41	0	43	0.00	0.00	67.10	7.89	0.00	0.00	2000
241	11.60	2061	2121	0.00	203	0	0	0	nan	0.00	0.00	6.49	82.95	88.40	0.00	41	0	43	0.00	0.00	66.06	7.81	0.00	0.00	2000
233	11.06	2094	2115	0.00	199	0	0	0	nan	0.00	0.00	6.76	82.90	88.94	0.00	41	0	43	0.00	0.00	65.86	7.66	0.00	0.00	2000
230	11.18	2064	2092	0.00	199	0	0	0	nan	0.00	0.00	4.81	83.76	88.82	0.00	41	0	42	0.00	0.00	63.42	7.53	0.00	0.00	2000
232	11.15	2067	2111	0.00	199	0	0	0	nan	0.00	0.00	4.33	85.08	88.85	0.00	41	0	42	0.00	0.00	65.00	7.51	0.00	0.00	2000
231	11.06	2085	2105	0.00	197	0	0	0	nan	0.00	0.00	4.32	84.90	88.94	0.00	41	0	43	0.00	0.00	65.47	7.70	0.00	0.00	2000
232	10.88	2151	2079	0.00	201	0	0	0	nan	0.00	0.00	5.34	83.00	89.12	0.00	41	0	43	0.00	0.00	64.20	7.66	0.00	0.00	2000
231	10.95	2101	2112	0.00	208	0	0	0	nan	0.00	0.02	4.72	84.91	89.05	0.00	41	0	42	0.00	0.00	66.08	7.65	0.00	0.00	2000
230	11.36	2028	2099	0.00	200	0	0	0	nan	0.00	0.49	5.37	82.93	88.64	0.00	41	0	42	0.00	0.00	65.02	7.72	0.00	0.00	2000
230	11.04	2078	2105	0.00	200	0	0	0	nan	0.00	0.00	4.83	84.42	88.96	0.00	41	0	43	0.00	0.00	65.34	7.63	0.00	0.00	2000
231	11.39	2030	2097	0.00	199	0	0	0	nan	0.00	0.00	5.80	82.79	88.61	0.00	41	0	42	0.00	0.00	63.54	7.35	0.00	0.00	2000
228	11.12	2071	2084	0.00	198	0	0	0	nan	0.00	0.00	5.34	82.88	88.88	0.00	41	0	43	0.00	0.00	65.40	7.67	0.00	0.00	2000
230	11.16	2069	2093	0.00	204	0	0	0	nan	0.00	0.00	5.23	83.37	88.84	0.00	41	0	43	0.00	0.00	65.79	7.61	0.00	0.00	2000
232	11.23	2048	2122	0.00	199	0	0	0	nan	0.00	0.03	5.46	84.38	88.77	0.00	41	0	43	0.00	0.00	65.38	7.73	0.00	0.00	2000
231	11.06	2084	2101	0.31	199	0	0	8	80.31	0.00	0.00	4.85	84.22	88.94	0.00	41	0	43	0.00	0.00	64.61	7.87	0.00	0.00	2000
230	11.04	2079	2105	0.75	199	0	0	4	85.69	0.00	0.00	5.07	84.21	88.96	0.00	41	0	43	0.00	0.00	64.35	7.38	0.00	0.00	2000
228	11.29	2048	2074	0.00	198	0	0	0	nan	0.00	0.00	4.28	83.37	88.71	0.00	41	0	43	0.00	0.00	66.11	7.59	0.00	0.00	2000
231	11.00	2081	2118	0.00	204	0	0	0	nan	0.00	0.00	4.34	85.60	89.00	0.00	41	0	43	0.00	0.00	64.65	8.24	0.00	0.00	2000
228	10.76	2129	2092	0.00	214	0	0	0	nan	0.00	0.00	6.01	83.03	89.24	0.00	41	0	43	0.00	0.00	69.26	9.27	0.00	0.00	2000
226	10.85	2096	2088	0.00	200	0	0	0	nan	0.00	0.02	3.74	85.05	89.15	0.00	41	0	43	0.00	0.00	63.31	8.22	0.00	0.00	2000
229	11.11	2071	2093	0.00	215	0	0	0	nan	0.00	0.05	3.20	85.50	88.89	0.00	41	0	43	0.00	0.00	68.94	8.59	0.00	0.00	2000
234	11.22	2053	2136	0.00	203	0	0	0	nan	0.00	0.04	4.45	86.02	88.78	0.00	41	0	43	0.00	0.00	65.51	8.82	0.00	0.00	2000
230	11.17	2059	2103	0.00	198	0	0	0	nan	0.00	0.01	4.76	84.33	88.83	0.00	41	0	42	0.00	0.00	66.95	8.56	0.00	0.00	2000
227	11.13	2041	2095	0.00	200	0	0	0	nan	0.00	0.00	5.59	83.24	88.87	0.00	41	0	42	0.00	0.00	66.44	8.44	0.00	0.00	2000
226	11.07	2066	2080	0.00	196	0	0	0	nan	0.00	0.00	4.97	83.13	88.93	0.00	41	0	43	0.00	0.00	67.81	8.79	0.00	0.00	2000
230	10.95	2092	2110	0.00	198	0	0	0	nan	0.00	0.04	4.42	85.10	89.05	0.00	41	0	42	0.00	0.00	64.88	8.34	0.00	0.00	2000
233	11.18	2069	2111	0.00	202	0	0	0	nan	0.00	0.00	5.67	83.78	88.82	0.00	41	0	43	0.00	0.00	67.52	8.65	0.00	0.00	2000
225	11.09	2051	2079	0.00	197	0	0	0	nan	0.00	0.00	5.94	82.24	88.91	0.00	41	0	43	0.00	0.00	65.43	8.40	0.00	0.00	2000
233	11.13	2079	2117	0.00	217	0	0	0	nan	0.00	0.02	6.15	83.58	88.87	0.00	41	0	43	0.00	0.00	65.44	8.33	0.00	0.00	2000
228	11.08	2051	2105	0.00	200	0	0	0	nan	0.00	0.00	5.82	83.34	88.92	0.00	41	0	43	0.00	0.00	69.77	9.00	0.00	0.00	2000
230	11.11	2080	2090	0.00	198	0	0	0	nan	0.00	0.01	4.77	83.82	88.89	0.00	41	0	43	0.00	0.00	66.57	8.58	0.00	0.00	2000
230	10.96	2094	2107	0.69	205	0	0	44	4.20	0.00	0.05	4.51	84.92	89.04	0.00	41	0	42	0.00	0.00	67.25	8.68	0.00	0.00	2000
231	11.05	2082	2106	1.03	198	0	0	7	20.16	0.00	0.00	3.95	85.31	88.95	0.00	41	0	42	0.00	0.00	67.09	8.59	0.00	0.00	2000
224	10.91	2086	2065	0.00	198	0	0	0	nan	0.00	0.00	5.89	81.86	89.09	0.00	41	0	42	0.00	0.00	65.21	8.55	0.00	0.00	2000
234	10.89	2116	2136	0.00	197	0	0	0	nan	0.00	0.00	4.52	86.14	89.11	0.00	41	0	42	0.00	0.00	68.33	8.79	0.00	0.00	2000
229	10.94	2097	2098	0.00	200	0	0	0	nan	0.00	0.53	5.18	83.34	89.06	0.00	41	0	43	0.00	0.00	67.82	8.33	0.00	0.00	2000
233	11.31	2056	2101	0.00	208	0	0	0	nan	0.00	0.00	6.15	82.65	88.69	0.00	41	0	43	0.00	0.00	66.47	8.48	0.00	0.00	2000
232	11.17	2078	2101	0.00	207	0	0	0	nan	0.00	0.00	7.00	81.85	88.83	0.00	41	0	43	0.00	0.00	66.59	8.63	0.00	0.00	2000
227	10.74	2132	2082	0.00	197	0	0	0	nan	0.00	0.02	5.99	82.60	89.26	0.00	41	0	43	0.00	0.00	66.00	8.51	0.00	0.00	2000
231	11.24	2040	2119	0.00	199	0	0	0	nan	0.00	0.00	5.34	84.41	88.76	0.00	41	0	43	0.00	0.00	67.42	8.63	0.00	0.00	2000
225	10.87	2100	2066	0.00	196	0	0	0	nan	0.00	0.01	5.17	82.57	89.13	0.00	41	0	43	0.00	0.00	65.34	8.37	0.00	0.00	2000
229	11.09	2067	2096	0.00	203	0	0	0	nan	0.00	0.01	4.81	83.93	88.91	0.00	41	0	43	0.00	0.00	63.76	8.12	0.00	0.00	2000
227	10.94	2077	2097	0.00	230	0	0	0	nan	0.00	0.01	4.69	84.32	89.06	0.00	41	0	43	0.00	0.00	66.19	8.59	0.00	0.00	2000
228	10.85	2093	2111	0.00	199	0	0	0	nan	0.00	0.00	4.65	85.04	89.15	0.00	41	0	43	0.00	0.00	67.37	8.66	0.00	0.00	2000
232	11.10	2074	2119	0.00	215	0	0	0	nan	0.00	0.02	3.96	85.76	88.90	0.00	41	0	43	0.00	0.00	67.49	8.82	0.00	0.00	2000
230	10.85	2110	2111	0.00	218	0	0	0	nan	0.00	0.00	6.52	83.07	89.15	0.00	41	0	43	0.00	0.00	70.89	8.88	0.00	0.00	2000
228	11.26	2027	2100	0.00	197	0	0	0	nan	0.00	0.00	6.42	82.48	88.74	0.00	41	0	43	0.00	0.00	66.40	8.55	0.00	0.00	2000
233	11.33	2063	2097	0.00	202	0	0	0	nan	0.00	0.00	6.26	82.41	88.67	0.00	41	0	43	0.00	0.00	67.02	8.50	0.00	0.00	2000
232	10.92	2120	2106	1.06	199	0	0	50	3.30	0.00	0.00	6.13	83.21	89.08	0.00	41	0	43	0.00	0.00	67.01	8.55	0.00	0.00	2000
231	11.15	2074	2098	0.64	200	0	0	0	nan	0.00	0.02	6.17	82.69	88.85	0.00	41	0	43	0.00	0.00	66.46	8.62	0.00	0.00	2000
231	11.17	2069	2101	0.00	202	0	0	0	nan	0.00	0.01	5.97	82.95	88.83	0.00	41	0	43	0.00	0.00	66.98	8.56	0.00	0.00	2000
225	10.85	2099	2077	0.00	199	0	0	0	nan	0.01	0.00	6.50	81.79	89.15	0.00	41	0	43	0.00	0.00	65.70	8.50	0.00	0.00	2000
228	11.01	2076	2096	0.00	198	0	0	0	nan	0.00	0.01	4.49	84.36	88.99	0.00	41	0	43	0.00	0.00	64.06	8.22	0.00	0.00	2000
231	11.24	2032	2121	0.00	212	0	0	0	nan	0.00	0.00	4.01	85.79	88.76	0.00	41	0	43	0.00	0.00	70.36	9.07	0.00	0.00	2000
232	11.16	2078	2099	0.00	202	0	0	0	nan	0.00	0.00	5.05	83.90	88.84	0.00	41	0	43	0.00	0.00	66.74	8.43	0.00	0.00	2000
228	10.68	2146	2085	0.00	197	0	0	0	nan	0.01	0.02	5.28	83.48	89.32	0.00	41	0	43	0.00	0.00	65.99	8.38	0.00	0.00	2000
227	10.86	2097	2090	0.00	200	0	0	0	nan	0.00	0.03	3.76	85.06	89.14	0.00	41	0	43	0.00	0.00	63.48	8.01	0.00	0.00	2000
228	10.92	2081	2105	0.00	215	0	0	0	nan	0.00	0.00	5.13	84.14	89.08	0.00	41	0	43	0.00	0.00	69.88	8.78	0.00	0.00	2000
229	10.67	2168	2081	0.00	198	0	0	0	nan	0.00	0.03	2.79	85.73	89.33	0.00	41	0	43	0.00	0.00	65.95	8.33	0.00	0.00	2000
234	11.18	2059	2132	0.00	204	0	0	0	nan	0.00	0.90	5.30	84.06	88.82	0.00	41	0	43	0.00	0.00	65.68	8.25	0.00	0.00	2000
225	11.05	2059	2075	0.00	214	0	0	0	nan	0.00	0.00	6.32	81.67	88.95	0.00	41	0	43	0.00	0.00	68.39	8.75	0.00	0.00	2000
234	11.20	2047	2140	0.00	198	0	0	0	nan	0.00	0.02	5.26	85.31	88.80	0.00	41	0	43	0.00	0.00	67.98	8.53	0.00	0.00	2000
229	11.18	2050	2095	0.00	198	0	0	0	nan	0.00	0.00	4.85	83.96	88.82	0.00	41	0	43	0.00	0.00	65.24	7.48	0.00	0.00	2000
229	11.10	2079	2084	0.00	198	0	0	0	nan	0.00	0.00	5.13	83.22	88.90	0.00	40	0	43	0.00	0.00	65.36	7.43	0.00	0.00	2000
229	11.21	2048	2095	0.00	204	0	0	0	nan	0.00	0.01	5.03	83.66	88.79	0.00	41	0	43	0.00	0.00	62.22	7.16	0.00	0.00	2000
228	11.06	2059	2104	0.89	198	0	0	1	79.88	0.00	0.00	4.72	84.47	88.94	0.00	41	0	43	0.00	0.00	65.11	7.32	0.00	0.00	2000
233	11.55	1997	2121	0.30	200	1	0	0	nan	0.00	0.01	2.93	86.52	88.45	0.00	40	0	43	0.00	0.00	66.37	7.64	0.00	0.00	2000
225	10.84	2105	2074	0.00	198	0	0	0	nan	0.00	0.02	3.09	84.94	89.16	0.00	41	0	43	0.00	0.00	63.79	7.38	0.00	0.00	2000
231	10.97	2115	2093	0.00	199	0	0	0	nan	0.00	0.01	5.27	83.56	89.03	0.00	41	0	43	0.00	0.00	65.10	7.46	0.00	0.00	2000
239	11.08	2118	2136	0.00	205	0	0	0	nan	0.00	0.09	2.52	87.95	88.92	0.00	41	0	43	0.00	0.00	66.12	7.79	0.00	0.00	2000
232	10.99	2114	2096	0.00	199	0	0	0	nan	0.00	0.00	5.36	83.58	89.01	0.00	40	0	43	0.00	0.00	61.52	7.37	0.00	0.00	2000
174	9.91	1787	2064	0.00	223	0	0	0	nan	0.01	0.00	12.62	76.00	90.09	0.00	38	0	43	0.00	0.00	62.93	7.58	0.00	0.00	2000
99	8.34	1151	2175	0.00	113	0	0	0	nan	0.00	0.00	8.20	86.84	91.66	0.00	38	0	43	0.00	0.00	65.16	8.26	0.00	0.00	2000
