Avg_MHz	Busy%	Bzy_MHz	TSC_MHz	IPC	IRQ	NMI	SMI	LLCMRPS	LLC%hit	POLL%	C1%	C1E%	C6%	CPU%c1	CPU%c6	CoreTmp	CoreThr	PkgTmp	Pkg%pc2	Pkg%pc6	PkgWatt	RAMWatt	PKG_%	RAM_%	UncMHz
122	8.78	1566	1859	0.00	238	0	0	0	nan	0.00	0.00	23.31	57.39	91.22	0.00	37	0	43	0.00	0.00	51.65	6.47	0.00	0.00	2000
587	23.50	2187	2397	0.00	263	0	0	0	nan	0.00	2.34	15.16	70.19	76.50	0.00	37	0	42	0.00	0.00	76.32	8.66	0.00	0.00	2000
86	7.05	1207	2131	0.00	231	0	0	0	nan	0.00	0.99	20.84	72.60	92.95	0.00	37	0	42	0.00	0.00	63.06	7.89	0.00	0.00	2000
73	6.73	1092	2096	0.00	193	0	0	0	nan	0.00	0.00	3.72	89.50	93.27	0.00	37	0	43	0.00	0.00	58.33	7.46	0.00	0.00	2000
74	6.79	1082	2104	0.00	193	0	0	0	nan	0.00	0.00	3.73	89.80	93.21	0.00	37	0	43	0.00	0.00	58.33	7.34	0.00	0.00	2000
72	6.80	1060	2104	0.00	193	0	0	0	nan	0.00	0.00	3.72	89.68	93.20	0.00	37	0	43	0.00	0.00	60.11	7.56	0.00	0.00	2000
83	7.62	1095	2089	0.00	210	0	0	0	nan	0.00	0.00	7.38	84.51	92.38	0.00	37	0	43	0.00	0.00	59.95	7.43	0.00	0.00	2000
73	6.74	1074	2114	0.00	194	0	0	0	nan	0.00	0.02	2.65	91.26	93.26	0.00	37	0	42	0.00	0.00	57.82	7.44	0.00	0.00	2000
72	6.90	1059	2074	0.00	193	0	0	0	nan	0.00	0.00	2.87	89.11	93.10	0.00	37	0	42	0.00	0.00	56.28	7.22	0.00	0.00	2000
72	7.02	1016	2119	0.00	209	0	0	0	nan	0.00	0.00	3.75	90.09	92.98	0.00	37	0	43	0.00	0.00	57.44	7.32	0.00	0.00	2000
72	6.69	1085	2082	0.00	195	0	0	0	nan	0.00	0.00	3.85	88.79	93.31	0.00	37	0	42	0.00	0.00	59.34	7.55	0.00	0.00	2000
80	7.41	1072	2120	0.00	196	0	0	0	nan	0.00	0.01	3.55	89.95	92.59	0.00	37	0	43	0.00	0.00	58.61	7.33	0.00	0.00	2000
73	7.07	1034	2100	0.00	197	0	0	0	nan	0.00	0.00	4.21	88.90	92.93	0.00	37	0	43	0.00	0.00	60.11	7.83	0.00	0.00	2000
72	6.81	1068	2070	0.00	194	0	0	0	nan	0.00	0.01	2.57	89.38	93.19	0.00	37	0	42	0.00	0.00	56.76	7.30	0.00	0.00	2000
73	6.70	1074	2128	0.00	211	0	0	0	nan	0.00	0.02	3.20	91.39	93.30	0.00	37	0	42	0.00	0.00	57.48	7.37	0.00	0.00	2000
71	6.81	1045	2096	0.02	193	0	0	1	84.82	0.00	0.00	3.37	89.65	93.19	0.00	37	0	43	0.00	0.00	57.51	7.29	0.00	0.00	2000
74	6.67	1097	2109	0.24	194	0	0	1	89.22	0.00	0.00	3.82	89.94	93.33	0.00	37	0	42	0.00	0.00	57.36	7.24	0.00	0.00	2000
70	6.54	1091	2072	0.00	194	0	0	0	nan	0.00	0.00	2.98	89.32	93.46	0.00	37	0	42	0.00	0.00	57.77	7.39	0.00	0.00	2000
154	8.77	1741	2121	0.00	213	0	0	0	nan	0.03	0.00	4.62	87.50	91.23	0.00	38	0	43	0.00	0.00	65.05	7.82	0.00	0.00	2000
231	11.12	2065	2109	0.00	204	0	0	0	nan	0.00	0.02	3.33	86.00	88.88	0.00	40	0	43	0.00	0.00	63.27	7.49	0.00	0.00	2000
226	11.09	2062	2075	0.00	205	0	0	0	nan	0.00	0.00	3.00	84.90	88.91	0.00	40	0	43	0.00	0.00	65.91	7.20	0.00	0.00	2000
231	11.00	2102	2100	0.00	213	0	0	0	nan	0.00	0.01	4.38	84.73	89.00	0.00	40	0	42	0.00	0.00	65.42	7.52	0.00	0.00	2000
243	11.66	2067	2120	0.00	197	0	0	0	nan	0.00	0.01	4.44	84.85	88.34	0.00	39	0	43	0.00	0.00	65.72	7.49	0.00	0.00	2000
232	11.30	2058	2092	0.00	197	0	0	0	nan	0.00	0.00	8.81	79.66	88.70	0.00	38	0	42	0.00	0.00	62.87	7.81	0.00	0.00	2000
216	11.35	2057	1945	0.00	196	0	0	0	nan	0.00	0.00	6.03	76.12	88.65	0.00	37	0	42	0.00	0.00	56.88	6.90	0.00	0.00	2000
241	10.80	2071	2263	0.00	235	0	0	0	nan	0.00	0.00	3.78	92.50	89.20	0.00	38	0	43	0.00	0.00	76.49	9.25	0.00	0.00	2000
234	11.21	2078	2114	0.00	217	0	0	0	nan	0.01	0.01	4.73	84.72	88.79	0.00	38	0	43	0.00	0.00	64.89	7.47	0.00	0.00	2000
229	10.85	2115	2094	0.00	183	0	0	0	nan	0.00	0.03	4.93	84.09	89.15	0.00	38	0	42	0.00	0.00	65.96	7.51	0.00	0.00	2000
233	10.71	2173	2100	0.00	198	0	0	0	nan	0.00	0.02	4.13	85.18	89.29	0.00	38	0	43	0.00	0.00	65.52	7.63	0.00	0.00	2000
228	11.14	2083	2060	0.00	199	0	0	0	nan	0.00	0.04	2.76	84.44	88.86	0.00	39	0	43	0.00	0.00	60.14	6.97	0.00	0.00	2000
236	11.10	2070	2157	0.00	218	0	0	0	nan	0.00	0.10	4.53	86.87	88.90	0.00	39	0	43	0.00	0.00	69.27	7.86	0.00	0.00	2000
230	11.12	2074	2095	0.00	201	0	0	0	nan	0.00	0.01	5.02	83.75	88.88	0.00	39	0	43	0.00	0.00	65.33	7.56	0.00	0.00	2000
229	11.30	2077	2053	0.06	183	0	0	11	81.76	0.00	0.00	6.05	80.78	88.70	0.00	39	0	43	0.00	0.00	62.62	7.42	0.00	0.00	2000
232	10.79	2099	2148	0.52	216	0	0	10	86.06	0.00	0.03	6.37	84.95	89.21	0.00	39	0	42	0.00	0.00	63.95	7.90	0.00	0.00	2000
230	11.37	2022	2102	0.00	199	0	0	0	nan	0.00	0.00	6.29	82.52	88.63	0.00	39	0	42	0.00	0.00	66.52	7.44	0.00	0.00	2000
235	11.91	2067	2005	0.00	199	0	0	0	nan	0.00	0.00	6.63	77.58	88.09	0.00	38	0	43	0.00	0.00	62.93	7.26	0.00	0.00	2000
217	10.59	1975	2182	0.00	202	0	0	0	nan	0.00	0.02	6.16	86.85	89.41	0.00	39	0	43	0.00	0.00	68.67	8.10	0.00	0.00	2000
235	11.25	2065	2122	0.00	199	0	0	0	nan	0.00	0.00	4.27	85.57	88.75	0.00	38	0	43	0.00	0.00	65.50	7.84	0.00	0.00	2000
228	11.16	2067	2076	0.00	199	0	0	0	nan	0.00	0.02	3.76	84.22	88.84	0.00	39	0	43	0.00	0.00	63.84	7.58	0.00	0.00	2000
236	10.99	2117	2129	0.00	201	0	0	0	nan	0.00	0.01	4.05	86.20	89.01	0.00	39	0	42	0.00	0.00	66.43	8.08	0.00	0.00	2000
232	11.30	2061	2092	0.00	200	0	0	0	nan	0.00	0.01	4.60	83.98	88.70	0.00	39	0	43	0.00	0.00	59.22	7.37	0.00	0.00	2000
232	10.77	2149	2105	0.00	202	0	0	0	nan	0.00	2.17	5.20	82.23	89.23	0.00	39	0	43	0.00	0.00	66.97	7.68	0.00	0.00	2000
231	11.27	2072	2080	0.00	199	0	0	0	nan	0.01	0.97	4.47	82.68	88.73	0.00	39	0	43	0.00	0.00	65.15	7.93	0.00	0.00	2000
227	11.18	2047	2087	0.00	200	0	0	0	nan	0.00	0.00	8.07	80.37	88.82	0.00	39	0	43	0.00	0.00	65.02	7.72	0.00	0.00	2000
233	11.54	1996	2125	0.00	198	0	0	0	nan	0.00	0.00	6.30	83.32	88.46	0.00	39	0	42	0.00	0.00	64.43	7.84	0.00	0.00	2000
231	11.13	2092	2081	0.00	200	0	0	0	nan	0.00	0.00	5.28	82.88	88.87	0.00	38	0	43	0.00	0.00	65.50	7.92	0.00	0.00	2000
234	10.83	2151	2113	0.00	204	0	0	0	nan	0.00	0.00	5.80	83.92	89.17	0.00	39	0	43	0.00	0.00	66.01	8.11	0.00	0.00	2000
230	10.94	2100	2106	0.00	198	0	0	0	nan	0.01	0.00	6.79	82.59	89.06	0.00	39	0	43	0.00	0.00	64.64	7.91	0.00	0.00	2000
233	11.27	2067	2098	0.00	199	0	0	0	nan	0.00	0.02	5.59	83.10	88.73	0.00	39	0	42	0.00	0.00	64.37	7.77	0.00	0.00	2000
229	10.68	2140	2105	0.00	199	0	0	2	70.79	0.00	0.00	6.21	83.45	89.32	0.00	39	0	42	0.00	0.00	65.37	7.85	0.00	0.00	2000
233	10.79	2155	2101	0.85	198	0	0	4	68.32	0.00	0.00	5.05	84.27	89.21	0.00	39	0	43	0.00	0.00	65.42	7.85	0.00	0.00	2000
231	11.36	2078	2053	0.00	188	0	0	0	nan	0.00	0.52	3.87	82.32	88.64	0.00	39	0	43	0.00	0.00	64.71	8.06	0.00	0.00	2000
232	11.00	2077	2132	0.00	219	0	0	0	nan	0.00	0.52	7.09	82.78	89.00	0.00	39	0	42	0.00	0.00	66.94	8.78	0.00	0.00	2000
230	11.10	2096	2080	0.00	198	0	0	0	nan	0.00	0.02	5.67	82.40	88.90	0.00	39	0	43	0.00	0.00	65.97	8.62	0.00	0.00	2000
233	11.42	2055	2087	0.00	199	0	0	0	nan	0.01	0.51	2.66	84.96	88.58	0.00	39	0	43	0.00	0.00	64.98	8.69	0.00	0.00	2000
231	10.61	2135	2145	0.00	215	0	0	0	nan	0.00	0.52	5.33	85.55	89.39	0.00	39	0	42	0.00	0.00	70.33	9.05	0.00	0.00	2000
226	11.10	2067	2066	0.00	203	0	0	0	nan	0.00	0.00	6.75	80.90	88.90	0.00	39	0	43	0.00	0.00	66.36	8.68	0.00	0.00	2000
232	11.31	2005	2145	0.00	199	0	0	0	nan	0.00	0.00	6.87	83.78	88.69	0.00	39	0	42	0.00	0.00	67.24	9.00	0.00	0.00	2000
225	11.05	2066	2066	0.00	198	0	0	0	nan	0.00	0.02	5.95	81.59	88.95	0.00	39	0	43	0.00	0.00	66.13	8.55	0.00	0.00	2000
228	11.09	2044	2111	0.00	197	0	0	0	nan	0.00	0.00	5.21	84.31	88.91	0.00	39	0	43	0.00	0.00	66.57	8.67	0.00	0.00	2000
234	11.60	2048	2071	0.00	199	0	0	0	nan	0.00	0.00	5.08	82.09	88.40	0.00	39	0	42	0.00	0.00	65.26	8.57	0.00	0.00	2000
231	10.99	2053	2147	0.00	219	0	0	0	nan	0.00	0.02	6.47	84.54	89.01	0.00	39	0	42	0.00	0.00	69.80	9.40	0.00	0.00	2000
227	11.00	2089	2074	0.00	198	0	0	0	nan	0.00	0.00	5.46	82.59	89.00	0.00	39	0	43	0.00	0.00	65.97	8.73	0.00	0.00	2000
230	10.97	2077	2119	0.00	198	0	0	0	nan	0.00	0.00	5.13	84.79	89.03	0.00	39	0	42	0.00	0.00	67.07	9.08	0.00	0.00	2000
232	11.31	2042	2111	0.00	200	0	0	0	nan	0.00	0.00	7.09	82.13	88.69	0.00	39	0	43	0.00	0.00	67.18	8.81	0.00	0.00	2000
233	11.05	2126	2079	0.00	199	0	0	0	nan	0.00	0.00	4.65	83.57	88.95	0.00	39	0	42	0.00	0.00	67.23	8.67	0.00	0.00	2000
231	10.92	2091	2120	0.00	203	0	0	16	8.62	0.01	0.75	5.16	84.02	89.08	0.00	39	0	42	0.00	0.00	66.96	8.78	0.00	0.00	2000
229	11.46	1995	2098	1.55	198	0	0	26	8.57	0.00	0.00	6.57	82.02	88.54	0.00	39	0	43	0.00	0.00	66.74	8.97	0.00	0.00	2000
231	10.87	2132	2097	0.00	199	0	0	0	nan	0.00	0.01	6.48	82.53	89.13	0.00	39	0	43	0.00	0.00	66.98	8.92	0.00	0.00	2000
230	10.84	2129	2090	0.00	199	0	0	0	nan	0.00	0.00	6.04	82.68	89.16	0.00	39	0	43	0.00	0.00	67.00	8.94	0.00	0.00	2000
231	11.32	2030	2114	0.00	199	0	0	0	nan	0.00	0.00	6.63	82.72	88.68	0.00	39	0	43	0.00	0.00	65.02	7.88	0.00	0.00	2000
216	10.74	2011	2103	0.00	209	0	0	0	nan	0.00	0.00	6.06	83.38	89.26	0.00	39	0	43	0.00	0.00	62.44	7.50	0.00	0.00	2000
163	9.58	1718	2079	0.00	232	0	0	0	nan	0.01	0.02	12.18	77.47	90.42	0.00	38	0	43	0.00	0.00	61.28	7.62	0.00	0.00	2000
