Avg_MHz	Busy%	Bzy_MHz	TSC_MHz	IPC	IRQ	NMI	SMI	LLCMRPS	LLC%hit	POLL%	C1%	C1E%	C6%	CPU%c1	CPU%c6	CoreTmp	CoreThr	PkgTmp	Pkg%pc2	Pkg%pc6	PkgWatt	RAMWatt	PKG_%	RAM_%	UncMHz
310	18.22	1701	2099	0.00	235	0	0	0	nan	0.00	0.04	32.54	49.26	81.78	0.00	37	0	42	0.00	0.00	60.93	7.38	0.00	0.00	2000
439	19.52	2171	2173	0.00	248	0	0	0	nan	0.02	1.19	23.15	59.25	80.48	0.00	38	0	42	0.00	0.00	72.70	8.10	0.00	0.00	2000
77	7.07	1087	2096	0.00	210	0	0	0	nan	0.00	0.00	9.25	83.59	92.93	0.00	37	0	42	0.00	0.00	59.45	7.59	0.00	0.00	2000
72	6.57	1101	2092	0.00	193	0	0	0	nan	0.00	0.00	2.13	91.08	93.43	0.00	37	0	42	0.00	0.00	56.97	7.29	0.00	0.00	2000
74	6.94	1059	2121	0.00	195	0	0	0	nan	0.00	0.01	2.80	91.35	93.06	0.00	37	0	42	0.00	0.00	58.61	7.42	0.00	0.00	2000
72	6.50	1115	2100	0.00	194	0	0	0	nan	0.00	0.00	2.39	91.12	93.50	0.00	37	0	42	0.00	0.00	58.76	7.41	0.00	0.00	2000
73	6.95	1053	2110	0.00	195	0	0	0	nan	0.00	0.02	3.17	90.43	93.05	0.00	37	0	43	0.00	0.00	59.30	7.56	0.00	0.00	2000
72	7.01	1025	2106	0.00	193	0	0	0	nan	0.00	0.00	2.75	90.71	92.99	0.00	36	0	42	0.00	0.00	58.55	7.41	0.00	0.00	2000
73	6.68	1092	2097	0.00	194	0	0	0	nan	0.00	0.01	2.79	90.61	93.32	0.00	37	0	42	0.00	0.00	58.07	7.34	0.00	0.00	2000
73	7.04	1043	2101	0.00	194	0	0	0	nan	0.00	0.02	3.32	89.84	92.96	0.00	37	0	42	0.00	0.00	57.40	7.54	0.00	0.00	2000
74	6.72	1096	2101	0.00	194	0	0	0	nan	0.00	0.00	3.86	89.59	93.28	0.00	37	0	42	0.00	0.00	58.88	7.45	0.00	0.00	2000
73	7.03	1045	2099	0.00	196	0	0	0	nan	0.00	0.00	3.95	89.15	92.97	0.00	37	0	42	0.00	0.00	57.82	7.28	0.00	0.00	2000
74	6.98	1063	2097	0.00	195	0	0	0	nan	0.00	0.00	3.28	89.75	93.02	0.00	36	0	42	0.00	0.00	58.36	7.34	0.00	0.00	2000
73	6.78	1078	2097	0.00	193	0	0	0	nan	0.00	0.02	3.22	89.92	93.22	0.00	37	0	42	0.00	0.00	59.17	7.53	0.00	0.00	2000
73	6.87	1061	2102	0.00	194	0	0	0	nan	0.00	0.00	3.71	89.63	93.13	0.00	37	0	42	0.00	0.00	55.61	6.94	0.00	0.00	2000
71	7.01	1014	2101	0.00	193	0	0	1	87.96	0.00	0.01	3.49	89.72	92.99	0.00	37	0	42	0.00	0.00	60.21	7.71	0.00	0.00	2000
73	6.75	1083	2091	0.30	195	0	0	2	85.42	0.00	0.00	3.66	89.43	93.25	0.00	37	0	42	0.00	0.00	55.71	7.23	0.00	0.00	2000
73	6.49	1121	2109	0.00	193	0	0	0	nan	0.00	0.00	4.23	89.73	93.51	0.00	37	0	42	0.00	0.00	56.89	6.72	0.00	0.00	2000
137	8.78	1583	2071	0.00	215	0	0	0	nan	0.03	0.00	6.25	83.86	91.22	0.00	38	0	42	0.00	0.00	60.93	7.49	0.00	0.00	2000
233	10.84	2115	2128	0.00	219	0	0	0	nan	0.00	0.00	5.53	84.89	89.16	0.00	39	0	42	0.00	0.00	65.16	7.30	0.00	0.00	2000
231	11.12	2080	2100	0.00	213	0	0	0	nan	0.00	0.00	4.72	84.24	88.88	0.00	40	0	42	0.00	0.00	63.97	7.32	0.00	0.00	2000
232	11.04	2098	2104	0.00	218	0	0	0	nan	0.00	0.00	4.29	84.92	88.96	0.00	40	0	42	0.00	0.00	65.35	7.34	0.00	0.00	2000
237	11.07	2135	2101	0.00	194	0	0	0	nan	0.03	1.89	4.28	83.01	88.93	0.00	38	0	42	0.00	0.00	68.99	8.06	0.00	0.00	2000
224	11.05	2029	2093	0.00	198	0	0	0	nan	0.00	0.00	9.40	79.44	88.95	0.00	37	0	42	0.00	0.00	64.51	7.63	0.00	0.00	2000
223	11.10	2006	2105	0.00	199	0	0	0	nan	0.00	0.00	5.50	83.83	88.90	0.00	38	0	42	0.00	0.00	63.10	7.79	0.00	0.00	2000
220	10.60	2080	2092	0.00	198	0	0	0	nan	0.00	0.00	5.40	83.76	89.40	0.00	37	0	42	0.00	0.00	64.84	7.86	0.00	0.00	2000
235	11.51	2035	2102	0.00	199	0	0	0	nan	0.00	0.00	6.07	82.62	88.49	0.00	38	0	42	0.00	0.00	65.37	7.86	0.00	0.00	2000
231	10.76	2150	2094	0.00	208	0	0	0	nan	0.00	0.05	4.20	84.70	89.24	0.00	38	0	42	0.00	0.00	63.91	7.52	0.00	0.00	2000
227	11.12	2064	2076	0.00	198	0	0	0	nan	0.00	0.00	6.49	81.52	88.88	0.00	38	0	42	0.00	0.00	63.68	7.29	0.00	0.00	2000
233	11.20	2058	2122	0.00	198	0	0	0	nan	0.01	0.04	2.55	87.25	88.80	0.00	38	0	42	0.00	0.00	67.30	7.82	0.00	0.00	2000
228	10.61	2150	2097	0.00	214	0	0	0	nan	0.00	0.05	3.14	86.16	89.39	0.00	38	0	42	0.00	0.00	63.96	7.38	0.00	0.00	2000
244	11.47	2110	2114	0.00	207	0	0	0	nan	0.00	0.05	5.58	83.58	88.53	0.00	38	0	42	0.00	0.00	65.20	7.29	0.00	0.00	2000
225	11.01	2067	2075	0.00	198	0	0	3	94.87	0.00	0.00	5.76	82.28	88.99	0.00	38	0	42	0.00	0.00	66.45	7.64	0.00	0.00	2000
232	10.80	2134	2119	0.87	199	0	0	12	85.97	0.00	0.45	4.67	84.97	89.20	0.00	39	0	42	0.00	0.00	66.02	7.81	0.00	0.00	2000
232	11.27	2044	2116	0.00	196	0	0	0	nan	0.00	0.00	4.61	84.88	88.73	0.00	39	0	42	0.00	0.00	65.10	7.48	0.00	0.00	2000
232	11.18	2085	2094	0.00	199	0	0	0	nan	0.00	0.03	5.47	83.12	88.82	0.00	38	0	42	0.00	0.00	62.28	7.17	0.00	0.00	2000
229	11.01	2103	2072	0.00	202	0	0	0	nan	0.00	0.02	6.28	81.60	88.99	0.00	38	0	42	0.00	0.00	64.61	7.31	0.00	0.00	2000
232	11.31	2033	2118	0.00	198	0	0	0	nan	0.00	0.01	4.89	84.67	88.69	0.00	38	0	42	0.00	0.00	63.16	7.47	0.00	0.00	2000
230	11.11	2072	2098	0.00	198	0	0	0	nan	0.00	0.00	5.05	83.86	88.89	0.00	39	0	42	0.00	0.00	65.82	7.54	0.00	0.00	2000
230	10.93	2107	2102	0.00	198	0	0	0	nan	0.00	0.00	4.55	84.63	89.07	0.00	39	0	42	0.00	0.00	66.12	7.48	0.00	0.00	2000
230	11.29	2038	2103	0.00	196	0	0	0	nan	0.00	0.00	5.44	83.48	88.71	0.00	39	0	42	0.00	0.00	63.94	7.40	0.00	0.00	2000
235	11.52	2028	2112	0.00	199	0	0	0	nan	0.00	0.04	2.94	86.06	88.48	0.00	39	0	42	0.00	0.00	66.73	7.93	0.00	0.00	2000
226	11.26	2043	2063	0.00	204	0	0	0	nan	0.00	0.46	4.33	82.53	88.74	0.00	39	0	42	0.00	0.00	64.69	7.63	0.00	0.00	2000
235	10.78	2142	2142	0.00	199	0	0	0	nan	0.01	0.03	4.23	86.77	89.22	0.00	38	0	42	0.00	0.00	70.97	7.84	0.00	0.00	2000
230	11.09	2076	2096	0.00	198	0	0	0	nan	0.00	0.00	4.46	84.34	88.91	0.00	39	0	42	0.00	0.00	64.42	7.90	0.00	0.00	2000
231	10.93	2111	2098	0.00	199	0	0	0	nan	0.00	0.00	5.07	83.95	89.07	0.00	39	0	42	0.00	0.00	62.15	7.21	0.00	0.00	2000
215	11.15	1949	2077	0.00	216	0	0	0	nan	0.00	0.00	5.06	83.00	88.85	0.00	38	0	42	0.00	0.00	64.72	7.46	0.00	0.00	2000
236	11.42	2037	2131	0.00	244	0	0	0	nan	0.00	0.01	4.05	85.94	88.58	0.00	40	0	42	0.00	0.00	66.40	7.64	0.00	0.00	2000
232	10.99	2105	2105	0.00	203	0	0	0	nan	0.00	0.02	3.31	85.98	89.01	0.00	40	0	42	0.00	0.00	66.20	7.69	0.00	0.00	2000
227	11.10	2056	2092	0.00	203	0	0	1	71.38	0.00	0.00	3.08	85.51	88.90	0.00	40	0	42	0.00	0.00	61.89	7.09	0.00	0.00	2000
234	11.19	2086	2106	0.84	212	0	0	3	73.89	0.00	0.03	3.22	85.91	88.81	0.00	40	0	42	0.00	0.00	62.88	7.37	0.00	0.00	2000
229	11.01	2092	2087	0.00	204	0	0	0	nan	0.00	0.00	3.88	84.65	88.99	0.00	40	0	42	0.00	0.00	66.37	8.00	0.00	0.00	2000
233	11.18	2077	2110	0.00	207	0	0	0	nan	0.00	0.02	3.98	85.30	88.82	0.00	40	0	42	0.00	0.00	65.21	7.81	0.00	0.00	2000
232	10.81	2135	2107	0.00	204	0	0	0	nan	0.00	0.00	3.33	86.24	89.19	0.00	40	0	42	0.00	0.00	66.77	7.94	0.00	0.00	2000
228	10.83	2114	2091	0.00	203	0	0	0	nan	0.00	0.02	2.72	86.15	89.17	0.00	41	0	43	0.00	0.00	64.44	7.56	0.00	0.00	2000
232	10.78	2141	2109	0.00	187	0	0	0	nan	0.01	0.00	3.51	86.13	89.22	0.00	40	0	42	0.00	0.00	67.14	8.02	0.00	0.00	2000
234	10.95	2134	2100	0.00	215	0	0	0	nan	0.00	0.01	3.55	85.59	89.05	0.00	40	0	42	0.00	0.00	60.85	7.26	0.00	0.00	2000
228	10.98	2090	2082	0.00	204	0	0	0	nan	0.00	0.02	3.62	84.78	89.02	0.00	41	0	42	0.00	0.00	66.12	7.63	0.00	0.00	2000
232	11.34	2031	2113	0.00	204	0	0	0	nan	0.00	0.00	3.99	85.27	88.66	0.00	40	0	42	0.00	0.00	65.20	7.87	0.00	0.00	2000
229	11.24	2039	2100	0.00	201	0	0	0	nan	0.00	0.00	3.69	85.28	88.76	0.00	40	0	42	0.00	0.00	65.55	7.74	0.00	0.00	2000
228	11.41	2007	2090	0.00	205	0	0	0	nan	0.00	0.00	3.92	84.39	88.59	0.00	41	0	42	0.00	0.00	63.75	7.38	0.00	0.00	2000
233	11.36	2044	2104	0.00	204	0	0	0	nan	0.00	0.00	4.54	84.35	88.64	0.00	41	0	42	0.00	0.00	64.93	7.74	0.00	0.00	2000
233	11.04	2103	2109	0.00	211	0	0	0	nan	0.00	0.00	3.60	85.88	88.96	0.00	40	0	42	0.00	0.00	66.26	7.83	0.00	0.00	2000
226	10.87	2096	2084	0.00	185	0	0	0	nan	0.01	0.00	2.65	85.97	89.13	0.00	41	0	42	0.00	0.00	65.44	7.80	0.00	0.00	2000
231	10.89	2116	2101	0.00	206	0	0	0	nan	0.00	0.01	3.49	85.75	89.11	0.00	40	0	42	0.00	0.00	59.93	6.94	0.00	0.00	2000
228	11.14	2054	2091	0.00	203	0	0	0	nan	0.00	0.03	2.29	86.35	88.86	0.00	40	0	42	0.00	0.00	63.86	7.45	0.00	0.00	2000
230	10.94	2101	2098	0.00	203	0	0	0	nan	0.01	0.01	3.04	86.00	89.06	0.00	42	0	42	0.00	0.00	71.74	8.41	0.00	0.00	2000
249	11.43	2150	2130	1.54	213	0	0	23	4.06	0.00	0.02	3.32	86.53	88.57	0.00	42	0	42	0.00	0.00	65.70	8.57	0.00	0.00	2000
229	10.76	2140	2091	0.06	204	0	0	0	nan	0.00	0.00	3.14	85.88	89.24	0.00	41	0	42	0.00	0.00	63.32	7.64	0.00	0.00	2000
226	10.76	2119	2087	0.00	203	0	0	0	nan	0.00	0.02	2.99	85.74	89.24	0.00	42	0	42	0.00	0.00	65.81	8.07	0.00	0.00	2000
232	10.91	2108	2116	0.00	203	0	0	0	nan	0.01	0.00	3.28	86.58	89.09	0.00	42	0	43	0.00	0.00	67.69	8.40	0.00	0.00	2000
226	11.02	2065	2089	0.00	202	0	0	0	nan	0.00	0.00	3.35	85.31	88.98	0.00	41	0	42	0.00	0.00	65.91	8.22	0.00	0.00	2000
231	11.10	2091	2094	0.00	215	0	0	0	nan	0.00	0.00	3.85	84.94	88.90	0.00	42	0	42	0.00	0.00	66.54	8.26	0.00	0.00	2000
229	11.03	2072	2103	0.00	209	0	0	0	nan	0.00	0.02	4.16	85.07	88.97	0.00	42	0	42	0.00	0.00	66.74	8.33	0.00	0.00	2000
228	11.03	2070	2097	0.00	204	0	0	0	nan	0.01	0.00	3.22	85.77	88.97	0.00	42	0	42	0.00	0.00	66.44	8.07	0.00	0.00	2000
229	10.96	2073	2116	0.00	204	0	0	0	nan	0.00	0.01	3.01	86.83	89.04	0.00	42	0	42	0.00	0.00	67.27	8.47	0.00	0.00	2000
226	10.83	2111	2075	0.00	203	0	0	0	nan	0.00	0.00	3.17	85.07	89.17	0.00	42	0	42	0.00	0.00	65.63	8.07	0.00	0.00	2000
232	10.94	2107	2111	0.00	214	0	0	0	nan	0.01	0.02	3.99	85.65	89.06	0.00	42	0	42	0.00	0.00	66.92	8.10	0.00	0.00	2000
232	10.86	2123	2116	0.00	203	0	0	0	nan	0.00	0.00	3.13	86.76	89.14	0.00	42	0	42	0.00	0.00	67.86	8.35	0.00	0.00	2000
227	10.84	2101	2088	0.00	204	0	0	0	nan	0.00	0.00	3.43	85.36	89.16	0.00	41	0	42	0.00	0.00	66.05	8.08	0.00	0.00	2000
230	11.15	2062	2100	0.00	203	0	0	0	nan	0.00	0.04	3.62	85.36	88.85	0.00	42	0	42	0.00	0.00	66.45	8.36	0.00	0.00	2000
226	11.12	2049	2079	0.00	204	0	0	0	nan	0.00	0.02	2.53	85.54	88.88	0.00	42	0	42	0.00	0.00	65.63	8.12	0.00	0.00	2000
231	10.95	2087	2124	0.00	228	0	0	0	nan	0.00	0.00	4.07	86.11	89.05	0.00	42	0	42	0.00	0.00	67.46	8.23	0.00	0.00	2000
225	11.23	2024	2081	0.00	217	0	0	0	nan	0.00	0.00	2.75	85.35	88.77	0.00	42	0	42	0.00	0.00	65.48	8.16	0.00	0.00	2000
229	11.18	2033	2121	1.51	204	0	0	22	5.78	0.00	0.00	3.23	86.64	88.82	0.00	42	0	42	0.00	0.00	67.89	8.21	0.00	0.00	2000
227	11.19	2049	2078	0.04	220	0	0	0	nan	0.00	0.00	2.84	85.15	88.81	0.00	42	0	43	0.00	0.00	65.53	8.06	0.00	0.00	2000
234	11.03	2092	2125	0.00	214	0	0	0	nan	0.00	0.02	4.00	86.12	88.97	0.00	42	0	43	0.00	0.00	67.45	8.48	0.00	0.00	2000
226	10.85	2094	2090	0.00	203	0	0	0	nan	0.00	0.01	3.06	85.80	89.15	0.00	42	0	42	0.00	0.00	66.54	8.24	0.00	0.00	2000
230	10.76	2126	2111	0.00	204	0	0	0	nan	0.00	0.02	3.32	86.50	89.24	0.00	42	0	43	0.00	0.00	66.94	8.17	0.00	0.00	2000
227	10.97	2077	2088	0.00	205	0	0	0	nan	0.00	0.02	3.03	85.50	89.03	0.00	42	0	42	0.00	0.00	65.86	7.95	0.00	0.00	2000
231	10.76	2135	2110	0.00	203	0	0	0	nan	0.00	0.00	3.25	86.49	89.24	0.00	42	0	42	0.00	0.00	67.28	8.20	0.00	0.00	2000
229	10.69	2153	2094	0.00	203	0	0	0	nan	0.00	0.00	3.93	85.15	89.31	0.00	41	0	42	0.00	0.00	67.12	8.20	0.00	0.00	2000
234	10.99	2105	2120	0.00	216	0	0	0	nan	0.00	0.01	3.72	86.17	89.01	0.00	42	0	42	0.00	0.00	66.47	8.27	0.00	0.00	2000
224	10.86	2087	2076	0.00	205	0	0	0	nan	0.00	0.00	3.53	84.72	89.14	0.00	42	0	42	0.00	0.00	65.53	7.91	0.00	0.00	2000
229	11.02	2080	2099	0.00	204	0	0	0	nan	0.00	0.02	3.21	85.78	88.98	0.00	42	0	42	0.00	0.00	66.41	8.22	0.00	0.00	2000
229	11.18	2047	2100	0.00	206	0	0	0	nan	0.00	0.00	2.66	86.10	88.82	0.00	42	0	42	0.00	0.00	66.69	8.13	0.00	0.00	2000
231	11.28	2046	2099	0.00	203	0	0	0	nan	0.00	0.00	3.35	85.51	88.72	0.00	41	0	42	0.00	0.00	65.11	8.13	0.00	0.00	2000
228	10.97	2068	2108	0.00	215	0	0	0	nan	0.00	0.00	4.57	84.87	89.03	0.00	42	0	42	0.00	0.00	68.49	8.50	0.00	0.00	2000
230	10.92	2099	2108	0.00	220	0	0	0	nan	0.00	0.01	3.30	86.22	89.08	0.00	42	0	42	0.00	0.00	66.82	8.43	0.00	0.00	2000
229	11.03	2072	2109	0.00	201	0	0	0	nan	0.00	0.00	3.00	86.44	88.97	0.00	41	0	42	0.00	0.00	66.48	7.93	0.00	0.00	2000
235	11.37	2068	2098	0.00	203	0	0	0	nan	0.00	0.02	3.69	85.05	88.63	0.00	38	0	42	0.00	0.00	65.91	7.85	0.00	0.00	2000
233	11.27	2069	2096	0.51	200	0	0	1	72.42	0.00	0.02	5.64	83.11	88.73	0.00	39	0	42	0.00	0.00	62.63	7.17	0.00	0.00	2000
230	11.29	2032	2101	0.19	202	0	0	0	nan	0.00	0.02	6.88	82.03	88.71	0.00	39	0	42	0.00	0.00	62.39	7.10	0.00	0.00	2000
227	11.41	2039	2049	0.00	180	0	0	0	nan	0.00	0.00	7.05	79.61	88.59	0.00	39	0	42	0.00	0.00	62.98	7.39	0.00	0.00	2000
229	11.15	2003	2154	0.00	199	0	0	0	nan	0.00	0.01	6.85	84.51	88.85	0.00	40	0	42	0.00	0.00	64.81	7.48	0.00	0.00	2000
229	11.28	2027	2104	0.00	199	0	0	0	nan	0.01	0.00	4.86	84.26	88.72	0.00	40	0	42	0.00	0.00	65.17	7.73	0.00	0.00	2000
228	11.09	2062	2098	0.00	199	0	0	0	nan	0.00	0.57	3.68	84.84	88.91	0.00	40	0	42	0.00	0.00	62.76	7.22	0.00	0.00	2000
231	11.19	2069	2097	0.00	199	0	0	0	nan	0.01	0.03	3.60	85.25	88.81	0.00	40	0	42	0.00	0.00	62.69	7.18	0.00	0.00	2000
228	11.43	2000	2098	0.00	184	0	0	0	nan	0.01	0.00	6.40	82.29	88.57	0.00	39	0	42	0.00	0.00	63.98	7.28	0.00	0.00	2000
228	11.41	1992	2104	0.00	196	0	0	0	nan	0.00	0.00	6.06	82.93	88.59	0.00	40	0	42	0.00	0.00	64.35	7.62	0.00	0.00	2000
230	11.31	2029	2101	0.00	200	0	0	0	nan	0.00	0.05	6.33	82.54	88.69	0.00	40	0	42	0.00	0.00	64.80	7.55	0.00	0.00	2000
227	11.19	2037	2096	0.00	195	0	0	0	nan	0.00	0.00	6.50	82.39	88.81	0.00	39	0	43	0.00	0.00	61.80	7.19	0.00	0.00	2000
229	11.37	2016	2102	0.00	198	0	0	0	nan	0.00	0.00	7.28	81.66	88.63	0.00	40	0	42	0.00	0.00	62.67	7.22	0.00	0.00	2000
232	11.43	2034	2098	0.00	187	0	0	0	nan	0.00	0.01	7.87	80.81	88.57	0.00	40	0	43	0.00	0.00	61.44	7.62	0.00	0.00	2000
229	11.92	2055	1964	0.00	198	0	0	0	nan	0.00	0.00	7.74	74.86	88.08	0.00	39	0	43	0.00	0.00	60.67	6.55	0.00	0.00	2000
233	11.15	1952	2247	0.00	214	0	0	0	nan	0.00	0.06	9.15	86.15	88.85	0.00	39	0	43	0.00	0.00	69.77	8.51	0.00	0.00	2000
232	11.48	2030	2090	0.00	196	0	0	0	nan	0.00	0.01	5.54	82.79	88.52	0.00	39	0	42	0.00	0.00	63.89	7.96	0.00	0.00	2000
194	10.80	1802	2090	0.00	201	0	0	0	nan	0.00	0.00	7.59	81.39	89.20	0.00	38	0	42	0.00	0.00	62.36	7.48	0.00	0.00	2000
78	7.11	1105	2093	0.29	217	0	0	2	73.36	0.04	0.02	7.47	85.19	92.89	0.00	37	0	43	0.00	0.00	57.31	7.29	0.00	0.00	2000
174	9.91	1800	2041	0.09	200	0	0	1	90.23	0.00	1.50	8.12	78.05	90.09	0.00	39	0	42	0.00	0.00	58.91	7.32	0.00	0.00	2000
232	10.93	2039	2182	0.00	199	0	0	0	nan	0.00	0.05	3.26	89.47	89.07	0.00	40	0	42	0.00	0.00	69.63	8.08	0.00	0.00	2000
229	11.48	2006	2093	0.00	206	0	0	0	nan	0.01	0.01	5.78	82.66	88.52	0.00	40	0	42	0.00	0.00	64.64	7.58	0.00	0.00	2000
148	9.07	1629	2099	0.00	219	0	0	0	nan	0.00	0.98	10.59	79.49	90.93	0.00	38	0	42	0.00	0.00	61.37	7.44	0.00	0.00	2000
76	6.08	1239	2113	0.00	197	0	0	0	nan	0.01	1.96	9.16	83.46	93.92	0.00	37	0	42	0.00	0.00	60.07	7.44	0.00	0.00	2000
172	9.89	1913	1907	0.00	204	0	0	0	nan	0.00	0.00	9.45	72.49	90.11	0.00	38	0	42	0.00	0.00	52.72	6.31	0.00	0.00	2000
235	10.77	1981	2317	0.00	212	0	0	0	nan	0.00	0.00	8.39	90.25	89.23	0.00	40	0	42	0.00	0.00	75.46	8.77	0.00	0.00	2000
233	11.42	2040	2096	0.00	200	0	0	0	nan	0.01	0.32	9.09	79.14	88.58	0.00	40	0	42	0.00	0.00	64.46	7.56	0.00	0.00	2000
230	11.30	2032	2101	0.00	203	0	0	0	nan	0.01	0.00	7.57	81.34	88.70	0.00	40	0	42	0.00	0.00	64.91	7.39	0.00	0.00	2000
230	11.58	2000	2084	0.00	213	0	0	0	nan	0.00	0.00	8.48	79.47	88.42	0.00	40	0	42	0.00	0.00	64.17	7.35	0.00	0.00	2000
229	11.37	2016	2100	0.00	182	0	0	0	nan	0.00	0.00	8.14	80.71	88.63	0.00	40	0	42	0.00	0.00	64.39	7.63	0.00	0.00	2000
229	11.74	2036	2016	0.00	218	0	0	0	nan	0.00	0.01	10.28	74.65	88.26	0.00	38	0	42	0.00	0.00	59.76	7.12	0.00	0.00	2000
238	11.37	1977	2226	0.00	202	0	0	0	nan	0.00	0.02	8.66	85.52	88.63	0.00	38	0	42	0.00	0.00	71.12	8.63	0.00	0.00	2000
234	11.64	2034	2074	0.00	199	0	0	0	nan	0.00	1.96	6.76	78.79	88.36	0.00	37	0	42	0.00	0.00	63.95	7.78	0.00	0.00	2000
225	11.80	2034	1970	0.00	207	0	0	0	nan	0.00	0.00	5.92	77.03	88.20	0.00	37	0	42	0.00	0.00	56.30	6.84	0.00	0.00	2000
234	10.92	2012	2238	0.00	214	0	0	0	nan	0.00	0.03	3.59	91.53	89.08	0.00	37	0	42	0.00	0.00	72.58	8.45	0.00	0.00	2000
293	13.18	2261	2067	0.55	201	0	0	27	41.21	0.00	0.02	9.34	76.26	86.82	0.00	38	0	42	0.00	0.00	65.32	7.60	0.00	0.00	2000
195	10.65	1784	2155	0.15	269	0	0	0	nan	0.04	0.00	13.07	78.77	89.35	0.00	37	0	42	0.00	0.00	62.42	7.67	0.00	0.00	2000
79	7.40	1061	2106	0.00	193	0	0	0	nan	0.00	0.00	6.55	86.45	92.60	0.00	37	0	42	0.00	0.00	59.24	7.53	0.00	0.00	2000
75	7.04	1060	2102	0.00	194	0	0	0	nan	0.00	0.00	2.71	90.46	92.96	0.00	37	0	42	0.00	0.00	58.59	7.47	0.00	0.00	2000
160	10.67	1502	2098	0.00	33	0	0	0	nan	0.00	0.00	18.48	71.01	89.33	0.00	37	0	42	0.00	0.00	74.86	9.08	0.00	0.00	2000
