Avg_MHz	Busy%	Bzy_MHz	TSC_MHz	IPC	IRQ	NMI	SMI	LLCMRPS	LLC%hit	POLL%	C1%	C1E%	C6%	CPU%c1	CPU%c6	CoreTmp	CoreThr	PkgTmp	Pkg%pc2	Pkg%pc6	PkgWatt	RAMWatt	PKG_%	RAM_%	UncMHz
346	17.60	1869	2206	0.00	276	0	0	0	nan	0.00	1.01	33.88	51.70	82.40	0.00	37	0	42	0.00	0.00	68.37	8.30	0.00	0.00	2000
482	20.67	2335	2097	0.00	211	0	0	0	nan	0.00	1.45	13.89	64.16	79.33	0.00	38	0	42	0.00	0.00	69.01	7.66	0.00	0.00	2000
102	7.72	1309	2113	0.00	237	0	0	0	nan	0.00	0.00	16.92	75.92	92.28	0.00	37	0	42	0.00	0.00	59.70	7.59	0.00	0.00	2000
75	6.45	1161	2109	0.00	193	0	0	0	nan	0.00	0.00	3.76	90.26	93.55	0.00	37	0	42	0.00	0.00	61.29	7.76	0.00	0.00	2000
73	6.48	1142	2075	0.00	178	0	0	0	nan	0.00	0.00	3.20	89.29	93.52	0.00	37	0	42	0.00	0.00	57.84	7.29	0.00	0.00	2000
73	6.40	1137	2108	0.00	193	0	0	0	nan	0.00	0.00	3.11	90.68	93.60	0.00	37	0	42	0.00	0.00	59.10	7.29	0.00	0.00	2000
73	6.78	1068	2107	0.00	210	0	0	0	nan	0.00	0.02	4.22	89.35	93.22	0.00	37	0	43	0.00	0.00	57.40	7.17	0.00	0.00	2000
72	6.72	1072	2108	0.00	194	0	0	0	nan	0.00	0.00	4.01	89.67	93.28	0.00	37	0	43	0.00	0.00	58.31	7.54	0.00	0.00	2000
70	6.30	1136	2068	0.00	193	0	0	0	nan	0.00	0.02	3.26	88.96	93.70	0.00	37	0	42	0.00	0.00	57.29	7.32	0.00	0.00	2000
73	6.56	1104	2113	0.00	198	0	0	0	nan	0.00	0.03	2.35	91.64	93.44	0.00	37	0	42	0.00	0.00	58.88	7.42	0.00	0.00	2000
74	6.70	1097	2121	0.00	205	0	0	0	nan	0.00	0.01	3.50	90.74	93.30	0.00	37	0	42	0.00	0.00	61.54	7.72	0.00	0.00	2000
72	6.65	1085	2085	0.00	193	0	0	0	nan	0.00	0.02	3.12	89.62	93.35	0.00	37	0	43	0.00	0.00	56.69	7.31	0.00	0.00	2000
74	6.50	1128	2108	0.00	193	0	0	0	nan	0.00	0.02	2.61	91.19	93.50	0.00	37	0	42	0.00	0.00	59.12	7.57	0.00	0.00	2000
72	6.34	1132	2109	0.00	194	0	0	0	nan	0.00	0.02	2.45	91.38	93.66	0.00	37	0	42	0.00	0.00	58.77	7.68	0.00	0.00	2000
72	6.44	1124	2096	0.00	194	0	0	0	nan	0.00	0.01	2.69	90.67	93.56	0.00	37	0	42	0.00	0.00	59.86	7.76	0.00	0.00	2000
73	6.76	1079	2099	0.00	197	0	0	1	88.83	0.00	0.02	4.22	88.98	93.24	0.00	37	0	42	0.00	0.00	58.84	7.40	0.00	0.00	2000
74	6.37	1159	2094	0.30	194	0	0	2	88.31	0.00	0.01	2.92	90.40	93.63	0.00	37	0	42	0.00	0.00	56.67	7.29	0.00	0.00	2000
73	6.65	1090	2109	0.00	193	0	0	0	nan	0.00	0.01	2.82	90.99	93.35	0.00	37	0	42	0.00	0.00	58.50	7.53	0.00	0.00	2000
127	8.06	1575	2105	0.00	212	0	0	0	nan	0.00	0.00	4.13	87.99	91.94	0.00	38	0	42	0.00	0.00	65.09	7.81	0.00	0.00	2000
228	10.92	2099	2094	0.00	205	0	0	0	nan	0.00	0.00	4.19	84.79	89.08	0.00	39	0	42	0.00	0.00	61.81	7.33	0.00	0.00	2000
229	11.21	2048	2091	0.00	203	0	0	0	nan	0.00	0.00	3.46	85.08	88.79	0.00	40	0	42	0.00	0.00	63.15	7.27	0.00	0.00	2000
233	11.48	2015	2114	0.00	205	0	0	0	nan	0.01	0.00	2.65	86.54	88.52	0.00	40	0	42	0.00	0.00	66.33	7.83	0.00	0.00	2000
232	11.07	2107	2092	0.00	214	0	0	0	nan	0.00	0.02	4.29	84.43	88.93	0.00	40	0	42	0.00	0.00	64.71	7.50	0.00	0.00	2000
231	11.08	2082	2102	0.00	205	0	0	0	nan	0.00	0.01	3.35	85.80	88.92	0.00	39	0	42	0.00	0.00	65.99	7.86	0.00	0.00	2000
232	11.36	2045	2096	0.00	201	0	0	0	nan	0.00	0.02	3.42	85.17	88.64	0.00	40	0	42	0.00	0.00	64.28	7.54	0.00	0.00	2000
235	11.72	2089	2015	0.00	195	0	0	0	nan	0.00	0.00	6.62	78.19	88.28	0.00	38	0	42	0.00	0.00	61.94	7.42	0.00	0.00	2000
236	10.70	2116	2189	0.00	214	0	0	0	nan	0.00	1.07	3.61	88.62	89.30	0.00	38	0	42	0.00	0.00	72.01	8.81	0.00	0.00	2000
235	11.42	2054	2101	0.00	183	0	0	0	nan	0.00	0.04	3.91	84.75	88.58	0.00	37	0	42	0.00	0.00	60.83	6.98	0.00	0.00	2000
232	11.05	2097	2105	0.00	204	0	0	0	nan	0.00	0.00	4.38	84.92	88.95	0.00	37	0	43	0.00	0.00	65.65	7.67	0.00	0.00	2000
228	11.01	2129	2042	0.00	198	0	0	0	nan	0.00	0.52	6.64	79.50	88.99	0.00	37	0	42	0.00	0.00	62.76	7.14	0.00	0.00	2000
232	11.25	2031	2137	0.00	195	0	0	0	nan	0.00	0.00	6.80	83.63	88.75	0.00	37	0	42	0.00	0.00	69.78	7.68	0.00	0.00	2000
230	11.03	2065	2116	0.00	200	0	0	0	nan	0.00	0.00	7.27	82.45	88.97	0.00	37	0	42	0.00	0.00	65.66	7.95	0.00	0.00	2000
233	11.16	2089	2098	0.00	196	0	0	0	88.34	0.00	0.00	7.29	81.51	88.84	0.00	38	0	43	0.00	0.00	60.30	6.82	0.00	0.00	2000
232	11.08	2097	2098	0.59	198	0	0	14	81.04	0.00	0.01	7.25	81.67	88.92	0.00	38	0	42	0.00	0.00	66.38	7.48	0.00	0.00	2000
231	10.83	2127	2109	0.13	198	0	0	0	nan	0.00	0.00	7.52	82.07	89.17	0.00	38	0	42	0.00	0.00	65.24	7.61	0.00	0.00	2000
230	11.46	2046	2058	0.00	196	0	0	0	nan	0.00	0.00	6.77	80.19	88.54	0.00	37	0	42	0.00	0.00	63.57	7.31	0.00	0.00	2000
227	10.57	2128	2118	0.00	223	0	0	0	nan	0.00	0.00	3.75	86.44	89.43	0.00	38	0	42	0.00	0.00	60.75	6.95	0.00	0.00	2000
233	10.89	2141	2098	0.00	215	0	0	0	nan	0.01	0.03	5.10	84.02	89.11	0.00	39	0	42	0.00	0.00	70.59	8.30	0.00	0.00	2000
216	10.36	2069	2112	0.00	204	0	0	0	nan	0.00	0.75	5.46	83.85	89.64	0.00	39	0	42	0.00	0.00	66.01	7.81	0.00	0.00	2000
116	8.51	1356	2103	0.00	228	0	0	0	nan	0.00	0.02	11.27	80.31	91.49	0.00	37	0	42	0.00	0.00	61.85	7.66	0.00	0.00	2000
212	11.90	1744	2146	0.00	37	0	0	0	nan	0.00	0.00	29.44	60.69	88.10	0.00	37	0	43	0.00	0.00	52.16	5.88	0.00	0.00	2000
