Avg_MHz	Busy%	Bzy_MHz	TSC_MHz	IPC	IRQ	NMI	SMI	LLCMRPS	LLC%hit	POLL%	C1%	C1E%	C6%	CPU%c1	CPU%c6	CoreTmp	CoreThr	PkgTmp	Pkg%pc2	Pkg%pc6	PkgWatt	RAMWatt	PKG_%	RAM_%	UncMHz
416	20.35	2002	2147	0.00	263	0	0	0	nan	0.00	0.73	43.38	37.43	79.65	0.00	37	0	42	0.00	0.00	69.82	8.25	0.00	0.00	2000
368	17.76	2057	2113	0.00	228	0	0	0	nan	0.00	1.33	20.90	60.64	82.24	0.00	37	0	42	0.00	0.00	67.16	8.01	0.00	0.00	2000
79	6.68	1168	2121	0.00	195	0	0	0	nan	0.00	0.02	4.37	89.88	93.32	0.00	37	0	42	0.00	0.00	58.57	7.43	0.00	0.00	2000
72	6.71	1091	2077	0.00	193	0	0	0	nan	0.00	0.04	2.68	89.58	93.29	0.00	37	0	43	0.00	0.00	56.21	7.13	0.00	0.00	2000
74	6.98	1053	2127	0.00	209	0	0	0	nan	0.00	0.00	4.28	89.84	93.02	0.00	37	0	42	0.00	0.00	57.93	7.28	0.00	0.00	2000
71	6.70	1071	2076	0.00	193	0	0	0	nan	0.00	0.00	3.51	88.71	93.30	0.00	37	0	42	0.00	0.00	58.24	7.30	0.00	0.00	2000
74	6.55	1121	2129	0.00	195	0	0	0	nan	0.00	0.02	1.86	92.77	93.45	0.00	37	0	42	0.00	0.00	58.38	7.74	0.00	0.00	2000
72	6.72	1084	2068	0.00	194	0	0	0	nan	0.00	0.02	2.67	89.32	93.28	0.00	37	0	42	0.00	0.00	56.64	7.38	0.00	0.00	2000
74	6.32	1157	2122	0.00	194	0	0	0	nan	0.00	0.00	1.70	92.92	93.68	0.00	37	0	42	0.00	0.00	61.18	7.74	0.00	0.00	2000
72	6.59	1084	2110	0.00	193	0	0	0	nan	0.00	0.00	2.72	91.17	93.41	0.00	37	0	43	0.00	0.00	56.33	7.32	0.00	0.00	2000
73	6.67	1102	2098	0.00	193	0	0	0	nan	0.00	0.03	3.01	90.30	93.33	0.00	37	0	43	0.00	0.00	58.65	7.51	0.00	0.00	2000
72	6.64	1084	2101	0.00	196	0	0	0	nan	0.00	0.00	2.69	90.67	93.36	0.00	37	0	42	0.00	0.00	58.67	7.42	0.00	0.00	2000
72	6.37	1140	2084	0.00	193	0	0	0	nan	0.00	0.00	2.74	90.15	93.63	0.00	37	0	42	0.00	0.00	57.46	7.19	0.00	0.00	2000
72	6.66	1074	2114	0.00	193	0	0	0	nan	0.00	0.00	2.39	91.63	93.34	0.00	37	0	43	0.00	0.00	58.90	7.53	0.00	0.00	2000
74	6.31	1168	2108	0.00	194	0	0	0	nan	0.00	0.02	2.60	91.29	93.69	0.00	37	0	43	0.00	0.00	58.81	7.23	0.00	0.00	2000
71	6.60	1096	2070	0.00	195	0	0	0	86.44	0.00	0.02	3.40	88.64	93.40	0.00	37	0	42	0.00	0.00	56.64	7.56	0.00	0.00	2000
76	6.46	1154	2133	0.29	194	0	0	2	86.39	0.00	0.00	1.88	93.04	93.54	0.00	37	0	43	0.00	0.00	58.65	7.44	0.00	0.00	2000
72	6.62	1105	2079	0.07	196	0	0	0	nan	0.00	0.00	4.37	88.20	93.38	0.00	37	0	42	0.00	0.00	56.72	7.40	0.00	0.00	2000
206	10.37	1995	2095	0.00	217	0	0	0	nan	0.00	0.02	4.73	84.84	89.63	0.00	39	0	42	0.00	0.00	65.95	7.59	0.00	0.00	2000
229	10.78	2128	2097	0.00	213	0	0	0	nan	0.00	0.00	4.28	84.84	89.22	0.00	40	0	42	0.00	0.00	64.89	7.63	0.00	0.00	2000
234	10.79	2148	2117	0.00	220	0	0	0	nan	0.00	0.00	3.50	86.44	89.21	0.00	40	0	42	0.00	0.00	64.45	7.60	0.00	0.00	2000
237	11.51	2068	2095	0.00	189	0	0	0	nan	0.00	0.02	3.54	84.87	88.49	0.00	40	0	42	0.00	0.00	65.69	7.54	0.00	0.00	2000
241	11.42	2128	2082	0.00	196	0	0	0	nan	0.00	0.02	7.69	80.18	88.58	0.00	38	0	42	0.00	0.00	62.16	7.60	0.00	0.00	2000
232	11.36	2050	2094	0.00	199	0	0	0	nan	0.00	0.00	8.16	80.35	88.64	0.00	37	0	43	0.00	0.00	66.24	7.81	0.00	0.00	2000
232	11.24	2057	2108	0.00	217	0	0	0	nan	0.00	0.02	7.05	82.12	88.76	0.00	37	0	43	0.00	0.00	63.07	7.46	0.00	0.00	2000
231	11.26	2031	2122	0.00	208	0	0	0	nan	0.00	0.00	5.72	84.08	88.74	0.00	37	0	42	0.00	0.00	66.09	8.13	0.00	0.00	2000
233	11.25	2064	2108	0.00	199	0	0	0	nan	0.00	0.00	4.96	84.09	88.75	0.00	38	0	42	0.00	0.00	67.60	7.94	0.00	0.00	2000
229	11.28	2040	2094	0.00	199	0	0	0	nan	0.00	0.01	4.98	83.64	88.72	0.00	38	0	42	0.00	0.00	62.75	7.26	0.00	0.00	2000
234	11.19	2089	2099	0.00	199	0	0	0	nan	0.01	0.00	4.61	84.25	88.81	0.00	38	0	42	0.00	0.00	64.96	7.55	0.00	0.00	2000
230	10.94	2113	2095	0.00	200	0	0	0	nan	0.00	0.00	5.09	83.70	89.06	0.00	38	0	43	0.00	0.00	65.32	7.55	0.00	0.00	2000
223	10.98	2073	2054	0.00	204	0	0	0	nan	0.00	0.00	4.45	82.77	89.02	0.00	39	0	43	0.00	0.00	62.14	7.12	0.00	0.00	2000
233	11.14	2043	2151	0.00	215	0	0	0	nan	0.00	0.01	4.38	86.77	88.86	0.00	38	0	42	0.00	0.00	67.08	7.89	0.00	0.00	2000
232	10.96	2112	2103	0.00	201	0	0	1	86.03	0.00	0.01	3.96	85.25	89.04	0.00	39	0	42	0.00	0.00	66.88	7.66	0.00	0.00	2000
232	11.44	2034	2092	0.67	197	0	0	19	95.75	0.00	0.02	4.64	83.68	88.56	0.00	39	0	42	0.00	0.00	62.87	7.14	0.00	0.00	2000
228	11.21	2053	2076	0.03	204	0	0	0	nan	0.00	0.00	5.30	82.51	88.79	0.00	39	0	42	0.00	0.00	64.34	7.54	0.00	0.00	2000
231	11.45	1997	2125	0.00	216	0	0	0	nan	0.00	0.02	5.98	83.69	88.55	0.00	39	0	42	0.00	0.00	67.45	7.64	0.00	0.00	2000
230	11.25	2057	2085	0.00	199	0	0	0	nan	0.00	0.00	5.61	82.66	88.75	0.00	38	0	42	0.00	0.00	63.23	7.15	0.00	0.00	2000
234	11.22	2063	2119	0.00	204	0	0	0	nan	0.00	0.00	6.20	83.47	88.78	0.00	38	0	42	0.00	0.00	65.36	7.34	0.00	0.00	2000
241	11.86	2110	2020	0.00	201	0	0	0	nan	0.00	0.00	7.02	77.80	88.14	0.00	38	0	43	0.00	0.00	62.75	7.53	0.00	0.00	2000
237	10.75	2123	2180	0.00	208	0	0	0	nan	0.00	0.01	6.77	85.84	89.25	0.00	37	0	42	0.00	0.00	65.38	8.03	0.00	0.00	2000
233	11.15	2096	2091	0.00	195	0	0	0	nan	0.00	0.00	6.40	82.11	88.85	0.00	37	0	43	0.00	0.00	64.90	7.68	0.00	0.00	2000
231	11.20	2089	2076	0.00	197	0	0	0	nan	0.00	0.00	5.86	81.97	88.80	0.00	37	0	43	0.00	0.00	63.79	7.32	0.00	0.00	2000
232	11.27	2035	2124	0.00	198	0	0	0	nan	0.00	0.00	6.45	83.42	88.73	0.00	37	0	42	0.00	0.00	64.40	7.46	0.00	0.00	2000
233	11.01	2096	2120	0.00	198	0	0	0	nan	0.00	0.00	7.46	82.44	88.99	0.00	37	0	42	0.00	0.00	65.92	7.69	0.00	0.00	2000
232	10.90	2130	2099	0.00	203	0	0	0	nan	0.00	0.03	3.82	85.20	89.10	0.00	37	0	42	0.00	0.00	65.52	7.44	0.00	0.00	2000
230	10.89	2124	2091	0.00	198	0	0	0	nan	0.00	0.48	5.91	82.42	89.11	0.00	37	0	42	0.00	0.00	66.04	7.57	0.00	0.00	2000
217	10.56	2080	2078	0.00	200	0	0	0	nan	0.00	0.00	3.70	84.96	89.44	0.00	38	0	42	0.00	0.00	60.03	7.16	0.00	0.00	2000
234	11.23	2056	2131	0.00	219	0	0	0	nan	0.00	0.00	4.44	85.75	88.77	0.00	40	0	42	0.00	0.00	70.23	8.24	0.00	0.00	2000
235	11.16	2108	2102	0.00	188	0	0	0	nan	0.00	0.01	3.68	85.33	88.84	0.00	40	0	43	0.00	0.00	60.86	7.08	0.00	0.00	2000
225	11.05	2063	2069	0.00	215	0	0	0	88.28	0.00	0.02	2.87	84.81	88.95	0.00	41	0	42	0.00	0.00	61.40	7.31	0.00	0.00	2000
232	11.12	2061	2127	1.01	219	0	0	7	94.51	0.00	0.00	4.51	85.57	88.88	0.00	41	0	42	0.00	0.00	69.28	7.65	0.00	0.00	2000
225	10.96	2083	2074	0.04	203	0	0	0	nan	0.00	0.01	3.49	84.51	89.05	0.00	40	0	43	0.00	0.00	66.43	7.65	0.00	0.00	2000
237	11.26	2078	2129	0.00	205	0	0	0	nan	0.00	0.00	2.71	87.33	88.74	0.00	40	0	43	0.00	0.00	63.32	7.39	0.00	0.00	2000
233	10.98	2123	2104	0.00	209	0	0	0	nan	0.00	0.02	3.50	85.69	89.02	0.00	40	0	42	0.00	0.00	66.29	7.75	0.00	0.00	2000
231	10.74	2150	2098	0.00	208	0	0	0	nan	0.00	0.00	3.56	85.70	89.26	0.00	41	0	42	0.00	0.00	64.69	7.46	0.00	0.00	2000
228	11.17	2044	2099	0.00	202	0	0	0	nan	0.00	0.00	3.54	85.29	88.83	0.00	41	0	42	0.00	0.00	64.67	7.42	0.00	0.00	2000
228	12.22	2113	1858	0.00	204	0	0	0	nan	0.00	0.01	3.46	74.28	87.78	0.00	40	0	43	0.00	0.00	55.32	6.26	0.00	0.00	2000
239	10.56	1995	2387	0.00	245	0	0	0	nan	0.00	0.00	9.02	92.62	89.44	0.00	39	0	42	0.00	0.00	76.45	8.84	0.00	0.00	2000
384	16.47	2387	2053	0.00	316	0	0	0	nan	0.00	1.89	5.62	74.27	83.53	0.00	38	0	43	0.00	0.00	68.70	7.63	0.00	0.00	2000
228	11.45	1952	2139	0.00	218	0	0	0	nan	0.00	0.01	10.43	79.87	88.55	0.00	38	0	42	0.00	0.00	66.61	7.77	0.00	0.00	2000
231	11.27	2043	2105	0.00	199	0	0	0	nan	0.00	0.00	5.71	83.33	88.73	0.00	38	0	43	0.00	0.00	64.77	7.33	0.00	0.00	2000
227	11.27	2015	2098	0.00	198	0	0	0	nan	0.00	0.00	5.49	83.28	88.73	0.00	39	0	42	0.00	0.00	64.31	7.44	0.00	0.00	2000
228	11.73	2014	2030	0.00	201	0	0	0	nan	0.00	0.00	5.11	80.33	88.27	0.00	39	0	42	0.00	0.00	61.43	7.23	0.00	0.00	2000
233	10.55	2124	2186	0.00	216	0	0	0	nan	0.00	0.16	6.39	86.66	89.45	0.00	39	0	43	0.00	0.00	66.43	7.49	0.00	0.00	2000
230	11.00	2095	2099	0.00	198	0	0	0	nan	0.00	0.00	5.24	83.91	89.00	0.00	39	0	42	0.00	0.00	62.40	6.88	0.00	0.00	2000
234	11.32	2075	2088	0.00	186	1	0	0	nan	0.01	0.03	5.49	82.77	88.68	0.00	39	0	43	0.00	0.00	65.56	7.61	0.00	0.00	2000
230	10.81	2123	2104	0.00	214	0	0	1	87.26	0.00	0.02	5.83	83.62	89.19	0.00	39	0	42	0.00	0.00	63.92	7.26	0.00	0.00	2000
232	10.95	2117	2102	0.56	202	0	0	2	88.10	0.00	0.00	5.18	84.05	89.05	0.00	39	0	42	0.00	0.00	64.30	7.33	0.00	0.00	2000
229	11.01	2087	2095	0.00	184	0	0	0	nan	0.00	0.02	6.65	82.21	88.99	0.00	39	0	42	0.00	0.00	66.00	7.56	0.00	0.00	2000
227	10.91	2089	2090	0.00	197	0	0	0	nan	0.00	0.02	6.40	82.30	89.09	0.00	39	0	42	0.00	0.00	66.07	7.44	0.00	0.00	2000
229	11.10	2063	2098	0.00	197	0	0	0	nan	0.00	0.00	4.02	84.89	88.90	0.00	39	0	43	0.00	0.00	65.01	7.40	0.00	0.00	2000
231	11.20	2042	2123	0.00	196	0	0	0	nan	0.00	0.03	3.86	86.05	88.80	0.00	39	0	42	0.00	0.00	65.59	7.33	0.00	0.00	2000
232	11.15	2079	2098	0.00	197	0	0	0	nan	0.00	0.01	4.38	84.43	88.85	0.00	39	0	42	0.00	0.00	64.95	7.32	0.00	0.00	2000
233	11.23	2070	2102	0.00	203	0	0	0	nan	0.00	0.00	5.24	83.66	88.78	0.00	39	0	43	0.00	0.00	65.96	7.67	0.00	0.00	2000
232	11.21	2071	2097	0.00	199	0	0	0	nan	0.00	0.02	4.96	83.86	88.79	0.00	39	0	42	0.00	0.00	63.16	7.46	0.00	0.00	2000
133	8.06	1649	2105	0.00	198	0	0	0	nan	0.00	0.00	9.01	83.17	91.94	0.00	38	0	43	0.00	0.00	60.86	7.35	0.00	0.00	2000
102	7.89	1445	1876	0.00	198	0	0	0	nan	0.03	0.02	3.40	79.01	92.11	0.00	37	0	42	0.00	0.00	54.81	6.92	0.00	0.00	2000
239	10.31	2049	2371	0.00	256	0	0	0	nan	0.00	0.00	8.77	92.54	89.69	0.00	39	0	42	0.00	0.00	70.65	8.14	0.00	0.00	2000
231	11.00	2100	2099	0.00	208	0	0	0	nan	0.00	0.00	7.93	81.17	89.00	0.00	40	0	42	0.00	0.00	66.79	7.51	0.00	0.00	2000
207	10.36	1981	2119	0.00	202	0	0	0	nan	0.00	0.06	6.14	84.18	89.64	0.00	38	0	43	0.00	0.00	63.69	7.29	0.00	0.00	2000
76	6.73	1127	2100	0.00	198	0	0	0	nan	0.00	0.00	7.23	86.06	93.27	0.00	37	0	42	0.00	0.00	58.16	7.03	0.00	0.00	2000
111	8.30	1398	2008	0.00	207	0	0	0	nan	0.00	0.00	9.23	78.57	91.70	0.00	38	0	42	0.00	0.00	58.14	7.17	0.00	0.00	2000
234	10.94	2067	2175	0.00	217	0	0	0	nan	0.00	0.00	8.11	84.12	89.06	0.00	39	0	42	0.00	0.00	67.01	7.56	0.00	0.00	2000
230	10.81	2134	2095	0.00	202	0	0	2	69.86	0.00	0.00	10.74	78.12	89.19	0.00	39	0	43	0.00	0.00	62.89	7.28	0.00	0.00	2000
231	10.78	2122	2120	0.60	197	0	0	4	72.64	0.00	0.00	10.01	80.14	89.22	0.00	39	0	42	0.00	0.00	65.11	7.38	0.00	0.00	2000
229	11.20	2063	2082	0.00	197	0	0	0	nan	0.00	0.00	6.05	82.08	88.80	0.00	40	0	42	0.00	0.00	64.19	7.51	0.00	0.00	2000
234	11.16	2096	2105	0.00	196	0	0	0	nan	0.00	0.00	7.05	82.01	88.84	0.00	39	0	42	0.00	0.00	64.28	7.38	0.00	0.00	2000
230	10.62	2143	2121	0.00	203	0	0	0	nan	0.00	0.00	8.22	81.95	89.38	0.00	40	0	42	0.00	0.00	66.72	7.58	0.00	0.00	2000
234	11.30	2130	2043	0.00	181	0	0	0	nan	0.06	0.01	9.37	76.98	88.70	0.00	38	0	43	0.00	0.00	63.15	7.41	0.00	0.00	2000
226	10.25	2147	2153	0.00	216	0	0	0	nan	0.00	1.60	5.37	85.17	89.75	0.00	38	0	42	0.00	0.00	67.52	7.81	0.00	0.00	2000
317	13.65	2342	2084	0.00	205	0	0	0	nan	0.00	0.28	9.45	76.14	86.35	0.00	39	0	42	0.00	0.00	67.73	7.62	0.00	0.00	2000
146	9.36	1618	2018	0.00	207	0	0	0	nan	0.00	0.04	9.25	77.91	90.64	0.00	37	0	42	0.00	0.00	57.25	7.09	0.00	0.00	2000
83	6.64	1197	2200	0.00	241	0	0	0	nan	0.00	0.00	3.38	94.34	93.36	0.00	37	0	42	0.00	0.00	64.88	8.25	0.00	0.00	2000
86	7.20	1194	2100	0.00	129	0	0	0	nan	0.00	0.05	4.73	88.04	92.80	0.00	37	0	43	0.00	0.00	55.40	6.93	0.00	0.00	2000
