Avg_MHz	Busy%	Bzy_MHz	TSC_MHz	IPC	IRQ	NMI	SMI	LLCMRPS	LLC%hit	POLL%	C1%	C1E%	C6%	CPU%c1	CPU%c6	CoreTmp	CoreThr	PkgTmp	Pkg%pc2	Pkg%pc6	PkgWatt	RAMWatt	PKG_%	RAM_%	UncMHz
416	18.57	2175	2163	0.00	254	0	0	0	nan	0.00	0.37	37.19	46.40	81.43	0.00	37	0	43	0.00	0.00	67.37	7.83	0.00	0.00	2000
441	20.50	2153	2096	0.00	219	0	0	0	nan	0.07	2.81	26.79	49.98	79.50	0.00	37	0	42	0.00	0.00	71.79	8.27	0.00	0.00	2000
77	7.08	1082	2120	0.00	210	0	0	0	nan	0.00	0.00	7.01	86.86	92.92	0.00	37	0	43	0.00	0.00	57.74	7.44	0.00	0.00	2000
74	6.74	1089	2110	0.00	194	0	0	0	nan	0.00	0.00	3.89	89.73	93.26	0.00	37	0	42	0.00	0.00	56.74	7.17	0.00	0.00	2000
74	6.52	1125	2106	0.00	193	0	0	0	nan	0.00	0.01	2.78	90.84	93.48	0.00	37	0	42	0.00	0.00	58.16	7.54	0.00	0.00	2000
71	6.57	1097	2068	0.00	193	0	0	0	nan	0.00	0.02	2.88	89.12	93.43	0.00	37	0	42	0.00	0.00	56.90	7.11	0.00	0.00	2000
77	6.72	1126	2132	0.00	197	0	0	0	nan	0.00	0.04	2.25	92.40	93.28	0.00	37	0	42	0.00	0.00	58.63	7.26	0.00	0.00	2000
73	6.73	1077	2100	0.00	194	0	0	0	nan	0.00	0.00	3.38	90.03	93.27	0.00	37	0	42	0.00	0.00	59.24	7.30	0.00	0.00	2000
74	6.71	1100	2096	0.00	193	0	0	0	nan	0.00	0.02	2.77	90.36	93.29	0.00	37	0	42	0.00	0.00	57.83	7.56	0.00	0.00	2000
72	6.67	1078	2100	0.00	194	0	0	0	nan	0.00	0.00	2.85	90.46	93.33	0.00	37	0	42	0.00	0.00	58.07	7.26	0.00	0.00	2000
72	7.03	1030	2091	0.00	194	0	0	0	nan	0.00	0.00	2.99	89.74	92.97	0.00	37	0	42	0.00	0.00	56.70	7.37	0.00	0.00	2000
72	6.26	1159	2091	0.00	193	0	0	0	nan	0.00	0.02	2.64	90.65	93.74	0.00	37	0	42	0.00	0.00	58.64	7.48	0.00	0.00	2000
72	6.60	1089	2116	0.00	194	0	0	0	nan	0.00	0.00	1.87	92.18	93.40	0.00	37	0	42	0.00	0.00	57.92	7.46	0.00	0.00	2000
72	6.79	1058	2099	0.00	193	0	0	0	nan	0.00	0.06	2.47	90.80	93.21	0.00	37	0	42	0.00	0.00	58.06	7.44	0.00	0.00	2000
73	6.57	1118	2100	0.00	193	0	0	0	nan	0.00	0.04	2.74	90.67	93.43	0.00	37	0	42	0.00	0.00	57.95	7.37	0.00	0.00	2000
73	6.64	1094	2105	0.00	194	0	0	1	87.64	0.00	0.00	3.05	90.55	93.36	0.00	37	0	42	0.00	0.00	59.52	7.63	0.00	0.00	2000
72	6.20	1178	2083	0.30	192	0	0	1	87.15	0.00	0.01	2.68	90.37	93.80	0.00	37	0	42	0.00	0.00	57.57	7.24	0.00	0.00	2000
72	6.83	1055	2085	0.09	194	0	0	0	nan	0.00	0.01	2.23	90.41	93.17	0.00	37	0	42	0.00	0.00	57.32	7.47	0.00	0.00	2000
194	9.87	1936	2127	0.00	223	0	0	0	nan	0.00	0.81	4.01	86.60	90.13	0.00	37	0	42	0.00	0.00	65.82	7.81	0.00	0.00	2000
225	10.85	2083	2096	0.00	199	0	0	0	nan	0.01	0.02	4.22	84.84	89.15	0.00	38	0	42	0.00	0.00	62.78	7.40	0.00	0.00	2000
219	11.32	2067	1963	0.00	198	0	0	0	nan	0.00	0.00	3.60	79.42	88.68	0.00	39	0	43	0.00	0.00	58.27	6.75	0.00	0.00	2000
227	10.56	2007	2250	0.00	195	0	0	0	nan	0.00	0.00	2.53	93.38	89.44	0.00	39	0	42	0.00	0.00	70.60	8.43	0.00	0.00	2000
213	10.79	1985	2089	0.00	195	0	0	0	nan	0.00	0.00	3.14	85.78	89.21	0.00	38	0	42	0.00	0.00	63.59	7.62	0.00	0.00	2000
234	10.97	2116	2114	0.00	204	0	0	0	nan	0.00	0.03	3.26	86.44	89.03	0.00	39	0	42	0.00	0.00	66.14	7.89	0.00	0.00	2000
220	12.66	2153	1698	0.00	204	0	0	0	nan	0.01	0.00	2.77	68.00	87.34	0.00	39	0	42	0.00	0.00	52.44	6.07	0.00	0.00	2000
246	9.84	2007	2614	0.00	257	0	0	0	nan	0.00	0.02	4.83	107.44	90.16	0.00	38	0	42	0.00	0.00	82.71	10.10	0.00	0.00	2000
223	10.80	2074	2095	0.00	198	0	0	0	nan	0.00	0.00	4.49	84.58	89.20	0.00	38	0	42	0.00	0.00	64.03	7.76	0.00	0.00	2000
224	10.84	2057	2106	0.00	196	0	0	0	nan	0.00	0.00	4.75	84.73	89.16	0.00	39	0	42	0.00	0.00	65.51	7.70	0.00	0.00	2000
224	10.93	2050	2100	0.00	198	0	0	0	nan	0.00	0.02	5.39	83.76	89.07	0.00	39	0	42	0.00	0.00	65.91	7.48	0.00	0.00	2000
219	10.95	2102	1997	0.00	202	0	0	0	nan	0.00	0.00	4.91	79.88	89.05	0.00	39	0	42	0.00	0.00	57.34	6.44	0.00	0.00	2000
224	10.35	2081	2186	0.00	197	0	0	0	nan	0.00	0.03	3.24	90.11	89.65	0.00	39	0	42	0.00	0.00	70.80	8.15	0.00	0.00	2000
222	10.83	2084	2069	0.00	199	0	0	0	nan	0.00	0.02	3.83	84.11	89.17	0.00	39	0	43	0.00	0.00	63.55	7.42	0.00	0.00	2000
221	10.68	2039	2137	0.00	199	0	0	5	84.60	0.00	0.48	5.17	85.35	89.32	0.00	40	0	42	0.00	0.00	64.39	7.51	0.00	0.00	2000
224	10.82	2090	2080	0.61	221	0	0	8	82.18	0.00	0.00	5.91	82.51	89.18	0.00	40	0	42	0.00	0.00	65.02	7.39	0.00	0.00	2000
223	11.21	1958	2132	0.00	198	0	0	0	nan	0.00	0.04	6.14	84.15	88.79	0.00	39	0	42	0.00	0.00	63.86	7.59	0.00	0.00	2000
222	11.18	2003	2081	0.00	199	0	0	0	nan	0.00	0.02	5.07	83.00	88.82	0.00	40	0	42	0.00	0.00	64.06	7.37	0.00	0.00	2000
218	11.15	1932	2124	0.00	204	0	0	0	nan	0.00	0.00	4.11	85.82	88.85	0.00	39	0	42	0.00	0.00	65.13	7.74	0.00	0.00	2000
224	10.92	2057	2094	0.00	198	0	0	0	nan	0.00	0.03	4.85	83.99	89.08	0.00	39	0	42	0.00	0.00	65.18	7.60	0.00	0.00	2000
227	11.32	2001	2101	0.00	203	0	0	0	nan	0.00	0.02	4.74	84.15	88.68	0.00	39	0	42	0.00	0.00	63.83	7.78	0.00	0.00	2000
224	11.00	2029	2107	0.00	215	0	0	0	nan	0.00	0.00	5.09	84.26	89.00	0.00	39	0	43	0.00	0.00	65.42	7.76	0.00	0.00	2000
223	10.86	2058	2095	0.00	201	0	0	0	nan	0.00	0.01	5.55	83.55	89.14	0.00	39	0	42	0.00	0.00	64.58	7.73	0.00	0.00	2000
223	10.91	2041	2101	0.00	201	0	0	0	nan	0.00	0.02	4.85	84.37	89.09	0.00	39	0	42	0.00	0.00	62.53	7.37	0.00	0.00	2000
222	10.88	2039	2102	0.00	197	0	0	0	nan	0.00	0.07	4.06	85.23	89.12	0.00	39	0	42	0.00	0.00	66.40	8.02	0.00	0.00	2000
227	10.82	2100	2101	0.00	204	0	0	0	nan	0.00	0.03	5.48	83.88	89.18	0.00	40	0	43	0.00	0.00	63.89	7.63	0.00	0.00	2000
224	10.67	2100	2096	0.00	198	0	0	0	nan	0.00	0.06	2.19	87.01	89.33	0.00	39	0	42	0.00	0.00	66.96	8.07	0.00	0.00	2000
223	10.88	2048	2106	0.00	199	0	0	0	nan	0.00	0.01	3.18	86.32	89.12	0.00	39	0	42	0.00	0.00	64.79	7.91	0.00	0.00	2000
223	10.86	2052	2097	0.00	198	0	0	0	nan	0.00	0.01	5.06	84.01	89.14	0.00	39	0	42	0.00	0.00	61.60	7.77	0.00	0.00	2000
231	11.27	2048	2098	0.00	200	0	0	0	nan	0.00	0.00	6.19	82.57	88.73	0.00	39	0	42	0.00	0.00	63.95	7.19	0.00	0.00	2000
226	11.15	2022	2102	0.00	200	0	0	0	nan	0.00	0.00	5.35	83.66	88.85	0.00	39	0	42	0.00	0.00	65.07	7.96	0.00	0.00	2000
211	11.16	2077	1913	0.00	189	0	0	2	68.13	0.00	0.00	3.54	77.52	88.84	0.00	37	0	42	0.00	0.00	58.98	7.12	0.00	0.00	2000
237	10.82	1980	2328	0.80	248	0	0	3	70.93	0.00	0.00	7.74	91.20	89.18	0.00	38	0	42	0.00	0.00	72.24	8.52	0.00	0.00	2000
232	11.16	2089	2095	0.00	182	0	0	0	nan	0.00	0.00	5.37	83.29	88.84	0.00	39	0	42	0.00	0.00	64.85	7.98	0.00	0.00	2000
230	11.23	2101	2051	0.00	200	0	0	0	nan	0.00	0.00	5.66	81.21	88.77	0.00	39	0	43	0.00	0.00	62.92	7.70	0.00	0.00	2000
233	11.05	2073	2137	0.00	220	0	0	0	nan	0.00	0.03	6.65	83.96	88.95	0.00	39	0	42	0.00	0.00	67.39	8.91	0.00	0.00	2000
229	11.05	2080	2092	0.00	198	0	0	0	nan	0.00	0.00	6.68	81.99	88.95	0.00	39	0	42	0.00	0.00	64.36	8.88	0.00	0.00	2000
229	10.89	2100	2104	0.00	199	0	0	0	nan	0.00	0.04	4.99	84.38	89.11	0.00	40	0	42	0.00	0.00	66.62	8.96	0.00	0.00	2000
230	11.07	2070	2106	0.00	199	0	0	0	nan	0.00	0.03	4.85	84.37	88.93	0.00	39	0	42	0.00	0.00	66.54	8.91	0.00	0.00	2000
228	11.15	2054	2091	0.00	198	0	0	0	nan	0.00	0.00	6.45	82.08	88.85	0.00	40	0	42	0.00	0.00	64.83	8.98	0.00	0.00	2000
232	10.67	2174	2098	0.00	204	0	0	0	nan	0.00	1.10	4.67	83.58	89.33	0.00	39	0	42	0.00	0.00	67.58	8.87	0.00	0.00	2000
229	10.84	2102	2109	0.00	198	0	0	0	nan	0.00	0.45	7.37	81.91	89.16	0.00	40	0	42	0.00	0.00	66.35	9.04	0.00	0.00	2000
230	11.16	2067	2098	0.00	198	0	0	0	nan	0.00	0.00	7.70	81.12	88.84	0.00	40	0	42	0.00	0.00	65.65	9.05	0.00	0.00	2000
228	11.19	2041	2097	0.00	201	0	0	0	nan	0.00	0.00	7.62	81.18	88.81	0.00	39	0	42	0.00	0.00	66.38	8.91	0.00	0.00	2000
231	11.13	2075	2096	0.00	199	0	0	0	nan	0.00	0.00	6.14	82.58	88.87	0.00	40	0	42	0.00	0.00	65.96	8.71	0.00	0.00	2000
231	11.14	2084	2092	0.00	202	0	0	0	nan	0.00	0.00	6.79	81.68	88.86	0.00	40	0	42	0.00	0.00	66.01	9.11	0.00	0.00	2000
234	11.06	2093	2125	0.00	202	0	0	0	nan	0.00	0.00	9.42	80.67	88.94	0.00	40	0	42	0.00	0.00	66.34	9.09	0.00	0.00	2000
229	11.17	2056	2094	0.00	199	0	0	0	nan	0.00	0.02	5.59	83.06	88.83	0.00	40	0	42	0.00	0.00	65.75	9.08	0.00	0.00	2000
228	11.27	2028	2097	0.00	199	0	0	10	11.36	0.00	0.04	3.97	84.70	88.73	0.00	40	0	42	0.00	0.00	65.64	8.81	0.00	0.00	2000
229	10.99	2083	2101	1.56	199	0	0	30	31.25	0.00	0.00	5.87	83.28	89.01	0.00	40	0	42	0.00	0.00	65.81	8.88	0.00	0.00	2000
235	11.24	2094	2093	0.00	205	0	0	0	nan	0.00	0.04	7.75	80.76	88.76	0.00	39	0	42	0.00	0.00	66.19	9.05	0.00	0.00	2000
229	10.51	2186	2095	0.00	198	0	0	0	nan	0.00	0.98	4.75	83.57	89.49	0.00	40	0	43	0.00	0.00	66.93	9.03	0.00	0.00	2000
230	11.30	2019	2114	0.00	198	0	0	0	nan	0.00	0.00	8.60	80.80	88.70	0.00	40	0	42	0.00	0.00	66.21	9.09	0.00	0.00	2000
229	11.14	2060	2099	0.00	198	0	0	0	nan	0.00	0.00	7.16	81.81	88.86	0.00	40	0	42	0.00	0.00	65.72	9.16	0.00	0.00	2000
231	11.41	2019	2108	0.00	199	0	0	0	nan	0.00	0.00	6.47	82.59	88.59	0.00	40	0	42	0.00	0.00	64.62	8.11	0.00	0.00	2000
232	11.45	2043	2079	0.00	199	0	0	0	nan	0.00	0.02	6.37	81.37	88.55	0.00	39	0	42	0.00	0.00	64.35	7.65	0.00	0.00	2000
227	10.92	2079	2095	0.00	205	0	0	0	nan	0.00	0.00	7.76	81.11	89.08	0.00	38	0	42	0.00	0.00	62.26	7.43	0.00	0.00	2000
129	9.00	1433	2096	0.00	229	0	0	0	nan	0.00	0.00	12.31	78.70	91.00	0.00	37	0	42	0.00	0.00	61.20	7.54	0.00	0.00	2000
79	7.21	1088	2124	0.00	210	0	0	0	nan	0.00	0.00	5.39	88.50	92.79	0.00	37	0	42	0.00	0.00	60.36	7.58	0.00	0.00	2000
