Avg_MHz	Busy%	Bzy_MHz	TSC_MHz	IPC	IRQ	NMI	SMI	LLCMRPS	LLC%hit	POLL%	C1%	C1E%	C6%	CPU%c1	CPU%c6	CoreTmp	CoreThr	PkgTmp	Pkg%pc2	Pkg%pc6	PkgWatt	RAMWatt	PKG_%	RAM_%	UncMHz
189	10.57	1655	2268	0.00	259	0	0	0	nan	0.00	1.43	28.21	67.08	89.43	0.00	37	0	42	0.00	0.00	67.51	8.49	0.00	0.00	2000
434	20.44	2154	2070	0.00	206	0	0	0	nan	0.00	1.04	16.87	60.74	79.56	0.00	38	0	42	0.00	0.00	66.27	7.82	0.00	0.00	2000
340	16.57	2033	2120	0.00	243	0	0	0	nan	0.00	0.42	18.84	65.10	83.43	0.00	37	0	42	0.00	0.00	65.14	7.86	0.00	0.00	2000
76	7.15	1052	2125	0.00	192	0	0	0	nan	0.00	0.00	2.59	91.51	92.85	0.00	37	0	42	0.00	0.00	58.00	7.47	0.00	0.00	2000
73	6.71	1096	2086	0.00	195	0	0	0	nan	0.00	0.02	2.68	90.07	93.29	0.00	37	0	42	0.00	0.00	56.37	7.34	0.00	0.00	2000
72	6.87	1045	2107	0.00	209	0	0	0	nan	0.00	0.00	2.68	90.87	93.13	0.00	37	0	42	0.00	0.00	62.25	8.10	0.00	0.00	2000
75	7.03	1060	2098	0.00	178	0	0	0	nan	0.00	0.00	3.92	89.10	92.97	0.00	37	0	42	0.00	0.00	53.47	6.92	0.00	0.00	2000
73	6.65	1112	2077	0.00	194	0	0	0	nan	0.00	0.02	3.92	88.52	93.35	0.00	37	0	42	0.00	0.00	58.54	7.56	0.00	0.00	2000
72	6.64	1086	2109	0.00	193	0	0	0	nan	0.00	0.02	2.59	91.21	93.36	0.00	37	0	42	0.00	0.00	59.58	7.76	0.00	0.00	2000
72	7.07	1003	2125	0.00	210	0	0	0	nan	0.00	0.00	3.64	90.49	92.93	0.00	37	0	42	0.00	0.00	59.94	7.94	0.00	0.00	2000
71	6.83	1060	2064	0.00	193	0	0	0	nan	0.00	0.02	3.60	87.97	93.17	0.00	37	0	42	0.00	0.00	56.00	7.32	0.00	0.00	2000
72	6.78	1052	2114	0.00	196	0	0	0	nan	0.00	0.00	1.85	92.18	93.22	0.00	37	0	42	0.00	0.00	58.17	7.59	0.00	0.00	2000
74	7.03	1040	2126	0.00	193	0	0	0	nan	0.00	0.01	1.99	92.28	92.97	0.00	37	0	42	0.00	0.00	58.94	7.71	0.00	0.00	2000
70	6.83	1041	2073	0.00	195	0	0	0	nan	0.00	0.02	3.02	89.00	93.17	0.00	37	0	42	0.00	0.00	57.08	7.27	0.00	0.00	2000
74	7.06	1030	2125	0.00	194	0	0	0	nan	0.00	0.01	1.99	92.16	92.94	0.00	37	0	43	0.00	0.00	58.38	7.35	0.00	0.00	2000
72	6.73	1070	2087	0.00	193	0	0	1	88.57	0.00	0.04	3.71	89.09	93.27	0.00	37	0	42	0.00	0.00	59.03	7.51	0.00	0.00	2000
74	6.78	1084	2110	0.29	195	0	0	1	87.14	0.00	0.00	2.38	91.31	93.22	0.00	37	0	42	0.00	0.00	58.87	7.69	0.00	0.00	2000
74	6.71	1097	2106	0.00	193	0	0	0	nan	0.00	0.02	3.17	90.50	93.29	0.00	37	0	42	0.00	0.00	57.03	7.70	0.00	0.00	2000
108	7.87	1406	2051	0.00	198	0	0	0	nan	0.00	0.03	3.07	86.92	92.13	0.00	37	0	42	0.00	0.00	54.30	6.68	0.00	0.00	2000
232	10.86	2081	2154	0.00	241	0	0	0	nan	0.00	0.81	5.88	84.83	89.14	0.00	37	0	42	0.00	0.00	72.32	8.27	0.00	0.00	2000
233	11.32	2054	2104	0.00	203	0	0	0	nan	0.00	0.01	4.83	84.10	88.68	0.00	38	0	42	0.00	0.00	63.61	7.58	0.00	0.00	2000
225	10.81	2112	2067	0.00	198	0	0	0	nan	0.00	0.00	4.32	83.52	89.19	0.00	38	0	42	0.00	0.00	64.96	7.45	0.00	0.00	2000
238	11.66	2175	1967	0.00	198	0	0	0	nan	0.00	0.01	3.72	79.11	88.34	0.00	38	0	42	0.00	0.00	58.54	6.83	0.00	0.00	2000
236	11.12	1965	2270	0.00	219	0	0	0	nan	0.00	0.06	5.40	90.87	88.88	0.00	38	0	42	0.00	0.00	70.06	8.77	0.00	0.00	2000
218	12.67	2072	1745	0.00	199	0	0	0	nan	0.00	0.00	4.55	68.17	87.33	0.00	39	0	42	0.00	0.00	52.46	6.42	0.00	0.00	2000
244	10.32	1944	2552	0.00	265	0	0	0	nan	0.00	0.02	8.24	100.96	89.68	0.00	38	0	42	0.00	0.00	81.76	10.12	0.00	0.00	2000
223	11.04	2022	2101	0.00	204	0	0	0	nan	0.00	0.01	6.37	82.85	88.96	0.00	39	0	42	0.00	0.00	65.12	7.91	0.00	0.00	2000
222	11.08	2008	2093	0.00	199	0	0	0	nan	0.00	0.02	6.09	82.73	88.93	0.00	39	0	42	0.00	0.00	64.64	7.70	0.00	0.00	2000
221	11.09	1986	2105	0.00	198	0	0	0	nan	0.00	0.02	4.75	84.54	88.91	0.00	39	0	42	0.00	0.00	63.86	7.72	0.00	0.00	2000
220	11.22	2006	2048	0.00	198	0	0	0	nan	0.00	0.00	5.07	81.67	88.78	0.00	39	0	42	0.00	0.00	62.90	7.39	0.00	0.00	2000
218	11.29	2029	2003	0.00	198	0	0	0	nan	0.00	0.00	4.64	80.11	88.71	0.00	40	0	42	0.00	0.00	59.57	7.03	0.00	0.00	2000
227	10.51	2011	2257	0.00	213	0	0	0	nan	0.00	0.00	2.76	93.48	89.49	0.00	39	0	42	0.00	0.00	70.66	8.39	0.00	0.00	2000
222	10.86	2051	2096	0.18	195	0	0	18	96.32	0.00	0.00	3.53	85.62	89.14	0.00	40	0	42	0.00	0.00	64.64	7.37	0.00	0.00	2000
219	11.08	2020	2054	0.70	193	0	0	2	92.54	0.00	0.02	3.08	84.04	88.92	0.00	40	0	42	0.00	0.00	63.53	7.28	0.00	0.00	2000
222	11.04	1962	2147	0.00	194	0	0	0	nan	0.00	0.00	2.92	88.28	88.96	0.00	40	0	42	0.00	0.00	64.14	7.48	0.00	0.00	2000
224	11.14	2067	2038	0.00	213	0	0	0	nan	0.00	0.04	2.88	83.41	88.86	0.00	39	0	42	0.00	0.00	64.70	7.65	0.00	0.00	2000
228	10.98	2073	2102	0.00	197	0	0	0	nan	0.00	0.00	4.09	84.95	89.02	0.00	37	0	42	0.00	0.00	63.82	7.51	0.00	0.00	2000
235	10.86	2101	2164	0.00	211	0	0	0	nan	0.00	0.00	3.28	88.70	89.16	0.00	38	0	42	0.00	0.00	65.83	7.74	0.00	0.00	2000
230	10.76	2151	2084	0.00	194	0	0	0	nan	0.00	0.00	3.10	85.50	89.24	0.00	38	0	42	0.00	0.00	62.05	7.22	0.00	0.00	2000
231	11.23	2047	2112	0.00	197	0	0	0	nan	0.00	0.00	3.40	86.01	88.77	0.00	39	0	42	0.00	0.00	66.03	7.83	0.00	0.00	2000
235	11.05	2120	2103	0.00	199	0	0	0	nan	0.00	0.00	3.74	85.40	88.95	0.00	39	0	42	0.00	0.00	65.53	7.32	0.00	0.00	2000
230	11.22	2047	2102	0.00	194	0	0	0	nan	0.00	0.00	3.95	85.01	88.78	0.00	39	0	42	0.00	0.00	67.17	8.08	0.00	0.00	2000
232	11.22	2060	2107	0.00	195	0	0	0	nan	0.00	0.00	3.90	85.28	88.78	0.00	38	0	42	0.00	0.00	63.27	7.38	0.00	0.00	2000
230	10.88	2116	2103	0.00	195	0	0	0	nan	0.00	0.00	4.53	84.80	89.12	0.00	39	0	42	0.00	0.00	65.71	7.64	0.00	0.00	2000
229	11.04	2077	2092	0.00	194	0	0	0	nan	0.00	0.00	4.26	84.35	88.96	0.00	39	0	42	0.00	0.00	64.05	7.61	0.00	0.00	2000
233	11.29	2058	2104	0.00	196	0	0	0	nan	0.00	0.00	4.55	84.38	88.71	0.00	39	0	42	0.00	0.00	64.78	7.62	0.00	0.00	2000
217	10.73	2050	2072	0.00	201	0	0	0	nan	0.00	0.00	5.06	83.16	89.27	0.00	38	0	42	0.00	0.00	62.10	7.39	0.00	0.00	2000
234	10.95	2099	2140	0.00	210	0	0	0	nan	0.00	0.02	3.53	87.37	89.05	0.00	37	0	42	0.00	0.00	67.26	7.97	0.00	0.00	2000
233	10.90	2136	2099	0.00	194	0	0	0	nan	0.00	0.00	3.09	86.01	89.10	0.00	38	0	42	0.00	0.00	66.37	7.87	0.00	0.00	2000
229	10.79	2137	2082	0.44	195	0	0	2	51.34	0.00	0.00	3.19	85.30	89.21	0.00	38	0	42	0.00	0.00	66.07	7.78	0.00	0.00	2000
238	10.98	2151	2114	0.56	179	0	0	1	81.61	0.01	0.01	3.06	86.58	89.02	0.00	38	0	42	0.00	0.00	66.45	7.91	0.00	0.00	2000
233	11.24	2070	2107	0.00	195	0	0	0	nan	0.00	0.00	2.73	86.46	88.76	0.00	38	0	42	0.00	0.00	65.83	7.84	0.00	0.00	2000
230	11.03	2091	2094	0.00	193	0	0	0	nan	0.00	0.00	2.73	86.14	88.97	0.00	38	0	42	0.00	0.00	64.83	7.61	0.00	0.00	2000
229	11.13	2058	2102	0.00	194	0	0	0	nan	0.00	0.01	2.61	86.44	88.87	0.00	39	0	42	0.00	0.00	65.33	7.78	0.00	0.00	2000
226	10.94	2093	2071	0.00	195	0	0	0	nan	0.00	0.02	2.97	84.93	89.06	0.00	38	0	42	0.00	0.00	63.37	7.58	0.00	0.00	2000
235	11.21	2068	2129	0.00	195	0	0	0	nan	0.00	0.01	3.67	86.44	88.79	0.00	38	0	42	0.00	0.00	66.84	7.91	0.00	0.00	2000
227	10.84	2122	2073	0.00	195	0	0	0	nan	0.00	0.01	3.47	84.56	89.16	0.00	38	0	42	0.00	0.00	59.48	6.87	0.00	0.00	2000
235	11.12	2090	2123	0.00	195	0	0	0	nan	0.00	0.00	2.24	87.64	88.88	0.00	39	0	42	0.00	0.00	66.22	7.89	0.00	0.00	2000
233	10.93	2119	2111	0.00	194	0	0	0	nan	0.00	0.02	2.61	86.87	89.07	0.00	39	0	42	0.00	0.00	64.84	7.75	0.00	0.00	2000
227	11.20	2037	2091	0.00	194	0	0	0	nan	0.00	0.00	3.10	85.46	88.80	0.00	38	0	42	0.00	0.00	64.56	7.73	0.00	0.00	2000
233	11.23	2075	2103	0.00	198	0	0	0	nan	0.00	0.00	5.08	83.96	88.77	0.00	38	0	42	0.00	0.00	70.07	8.41	0.00	0.00	2000
228	10.96	2087	2094	0.00	195	0	0	0	nan	0.00	0.01	3.11	85.75	89.04	0.00	38	0	42	0.00	0.00	61.39	7.34	0.00	0.00	2000
229	10.88	2123	2084	0.00	194	0	0	0	nan	0.00	0.02	2.43	86.12	89.12	0.00	38	0	42	0.00	0.00	62.68	7.53	0.00	0.00	2000
231	11.20	2049	2111	0.00	193	0	0	0	nan	0.00	0.03	1.83	87.61	88.80	0.00	39	0	43	0.00	0.00	66.24	7.81	0.00	0.00	2000
235	11.28	2065	2114	0.00	195	0	0	0	nan	0.00	0.01	2.91	86.44	88.72	0.00	38	0	42	0.00	0.00	65.65	7.80	0.00	0.00	2000
229	11.21	2050	2096	0.00	194	0	0	0	nan	0.00	0.00	3.16	85.57	88.79	0.00	39	0	42	0.00	0.00	63.66	7.75	0.00	0.00	2000
226	11.06	2075	2073	0.37	193	0	0	16	8.87	0.00	0.00	2.74	85.16	88.94	0.00	39	0	42	0.00	0.00	63.25	7.83	0.00	0.00	2000
230	11.07	2062	2112	1.11	209	0	0	6	22.63	0.00	0.00	2.68	86.91	88.93	0.00	39	0	42	0.00	0.00	66.92	8.40	0.00	0.00	2000
230	10.98	2075	2115	0.00	211	0	0	0	nan	0.00	0.00	3.74	86.03	89.02	0.00	39	0	42	0.00	0.00	69.73	8.56	0.00	0.00	2000
234	11.30	2072	2098	0.00	197	0	0	0	nan	0.00	0.02	3.61	85.10	88.70	0.00	39	0	42	0.00	0.00	66.66	8.22	0.00	0.00	2000
232	10.83	2136	2106	0.00	195	0	0	0	nan	0.00	0.00	3.91	85.62	89.17	0.00	40	0	42	0.00	0.00	67.16	8.43	0.00	0.00	2000
222	10.96	2065	2063	0.00	194	0	0	0	nan	0.00	0.00	3.75	83.82	89.04	0.00	39	0	42	0.00	0.00	64.86	8.12	0.00	0.00	2000
227	11.01	2072	2085	0.00	195	0	0	0	nan	0.00	0.00	3.53	84.95	88.99	0.00	39	0	42	0.00	0.00	63.41	8.01	0.00	0.00	2000
233	11.03	2075	2134	0.00	211	0	0	0	nan	0.00	0.02	2.43	87.93	88.97	0.00	39	0	42	0.00	0.00	68.11	8.41	0.00	0.00	2000
228	11.31	2047	2066	0.00	211	0	0	0	nan	0.00	0.00	3.43	83.86	88.69	0.00	40	0	42	0.00	0.00	64.95	7.97	0.00	0.00	2000
236	10.81	2123	2161	0.00	210	0	0	0	nan	0.00	0.04	2.64	89.00	89.19	0.00	39	0	42	0.00	0.00	72.03	9.00	0.00	0.00	2000
228	10.96	2084	2096	0.00	196	0	0	0	nan	0.00	0.00	3.64	85.28	89.04	0.00	39	0	42	0.00	0.00	66.72	8.26	0.00	0.00	2000
228	11.25	2033	2097	0.00	197	0	0	0	nan	0.00	0.00	3.81	84.91	88.75	0.00	39	0	42	0.00	0.00	66.15	8.23	0.00	0.00	2000
229	11.12	2076	2081	0.00	194	0	0	0	nan	0.00	0.02	2.72	85.43	88.88	0.00	40	0	42	0.00	0.00	63.57	7.87	0.00	0.00	2000
230	10.99	2085	2108	0.00	211	0	0	0	nan	0.00	0.00	2.74	86.65	89.01	0.00	40	0	42	0.00	0.00	66.96	8.42	0.00	0.00	2000
236	10.96	2129	2121	0.00	230	0	0	0	nan	0.00	0.00	5.66	84.32	89.04	0.00	40	0	42	0.00	0.00	69.96	8.72	0.00	0.00	2000
223	10.72	2118	2058	0.00	195	0	0	0	nan	0.00	0.00	3.17	84.42	89.28	0.00	39	0	43	0.00	0.00	64.91	8.03	0.00	0.00	2000
227	10.96	2083	2087	0.00	195	0	0	0	98.17	0.00	0.00	3.11	85.49	89.04	0.00	40	0	42	0.00	0.00	63.59	7.84	0.00	0.00	2000
236	11.08	2078	2156	1.42	211	0	0	24	5.96	0.00	0.01	3.14	88.19	88.92	0.00	39	0	42	0.00	0.00	71.55	8.88	0.00	0.00	2000
229	10.90	2122	2081	0.22	195	0	0	0	nan	0.00	0.00	3.18	85.18	89.10	0.00	40	0	42	0.00	0.00	63.61	7.91	0.00	0.00	2000
228	11.10	2032	2118	0.00	210	0	0	0	nan	0.00	0.02	3.48	86.28	88.90	0.00	40	0	42	0.00	0.00	69.54	8.74	0.00	0.00	2000
229	11.12	2060	2102	0.00	195	0	0	0	nan	0.00	0.00	3.48	85.60	88.88	0.00	40	0	42	0.00	0.00	66.74	8.34	0.00	0.00	2000
228	11.05	2071	2096	0.00	195	0	0	0	nan	0.00	0.00	4.48	84.30	88.95	0.00	40	0	42	0.00	0.00	66.37	8.38	0.00	0.00	2000
223	10.92	2087	2055	0.00	194	0	0	0	nan	0.00	0.00	3.45	83.80	89.08	0.00	40	0	42	0.00	0.00	62.24	7.90	0.00	0.00	2000
227	11.03	2056	2098	0.00	211	0	0	0	nan	0.00	0.02	3.38	85.66	88.97	0.00	40	0	42	0.00	0.00	66.39	8.24	0.00	0.00	2000
229	10.89	2095	2105	0.00	210	0	0	0	nan	0.00	0.02	2.36	87.04	89.11	0.00	40	0	42	0.00	0.00	66.60	8.19	0.00	0.00	2000
234	11.04	2073	2145	0.00	211	0	0	0	nan	0.00	0.02	2.37	88.60	88.96	0.00	39	0	42	0.00	0.00	71.35	8.81	0.00	0.00	2000
229	11.12	2056	2102	0.00	195	0	0	0	nan	0.00	0.02	2.95	86.10	88.88	0.00	39	0	42	0.00	0.00	66.71	8.26	0.00	0.00	2000
228	10.79	2114	2101	0.00	195	0	0	0	nan	0.00	0.00	3.01	86.28	89.21	0.00	40	0	42	0.00	0.00	67.04	8.31	0.00	0.00	2000
229	10.89	2098	2107	0.00	194	0	0	0	nan	0.00	0.00	3.31	86.12	89.11	0.00	40	0	42	0.00	0.00	66.33	8.38	0.00	0.00	2000
227	10.69	2132	2092	0.00	194	0	0	0	nan	0.02	0.00	3.33	85.73	89.31	0.00	40	0	43	0.00	0.00	66.81	8.30	0.00	0.00	2000
228	11.11	2052	2099	0.00	196	0	0	0	nan	0.00	0.00	3.97	84.92	88.89	0.00	40	0	42	0.00	0.00	65.87	8.24	0.00	0.00	2000
225	10.81	2102	2079	0.00	194	0	0	0	nan	0.00	0.00	3.28	85.08	89.19	0.00	39	0	42	0.00	0.00	65.70	8.30	0.00	0.00	2000
227	11.04	2080	2076	0.00	194	0	0	0	nan	0.00	0.00	2.71	85.34	88.96	0.00	38	0	42	0.00	0.00	62.51	7.66	0.00	0.00	2000
235	11.14	2057	2151	0.00	226	0	0	1	83.24	0.00	0.00	3.14	88.05	88.86	0.00	38	0	42	0.00	0.00	70.40	8.23	0.00	0.00	2000
226	11.00	2051	2101	0.58	200	0	0	3	86.58	0.00	0.04	3.68	85.43	89.00	0.00	39	0	42	0.00	0.00	63.33	7.35	0.00	0.00	2000
219	10.94	2006	2096	0.00	179	0	0	0	nan	0.00	0.02	2.27	86.82	89.06	0.00	40	0	43	0.00	0.00	62.80	7.32	0.00	0.00	2000
220	10.80	2039	2102	0.00	211	0	0	0	nan	0.00	0.01	2.63	86.78	89.20	0.00	40	0	42	0.00	0.00	65.78	7.66	0.00	0.00	2000
219	10.65	2056	2103	0.00	194	0	0	0	nan	0.00	0.00	3.05	86.56	89.35	0.00	39	0	42	0.00	0.00	66.09	7.92	0.00	0.00	2000
211	10.90	2141	1901	0.00	178	0	0	0	nan	0.00	0.01	2.78	77.91	89.10	0.00	38	0	43	0.00	0.00	50.64	5.91	0.00	0.00	2000
234	10.68	1972	2336	0.00	229	0	0	0	nan	0.00	0.00	4.50	95.08	89.32	0.00	37	0	43	0.00	0.00	76.35	8.91	0.00	0.00	2000
227	11.26	2023	2097	0.00	195	0	0	0	nan	0.00	0.00	3.01	85.75	88.74	0.00	37	0	42	0.00	0.00	64.51	7.44	0.00	0.00	2000
229	11.20	2033	2108	0.00	195	0	0	0	nan	0.00	0.00	2.91	86.33	88.80	0.00	37	0	42	0.00	0.00	66.98	7.65	0.00	0.00	2000
228	11.16	2046	2096	0.00	194	0	0	0	nan	0.00	0.02	3.76	85.06	88.84	0.00	37	0	42	0.00	0.00	62.10	7.25	0.00	0.00	2000
227	11.18	2033	2100	0.00	195	0	0	0	nan	0.01	0.00	3.87	85.09	88.82	0.00	38	0	42	0.00	0.00	63.26	7.22	0.00	0.00	2000
232	11.42	2027	2105	0.00	179	0	0	0	nan	0.00	0.02	3.23	85.70	88.58	0.00	38	0	42	0.00	0.00	66.34	7.74	0.00	0.00	2000
228	11.14	2054	2093	0.00	195	0	0	0	nan	0.00	0.00	3.31	85.40	88.86	0.00	38	0	43	0.00	0.00	65.17	7.18	0.00	0.00	2000
228	11.23	2026	2099	0.00	194	0	0	0	nan	0.00	0.02	3.27	85.65	88.77	0.00	37	0	43	0.00	0.00	61.51	7.64	0.00	0.00	2000
227	11.18	2041	2089	0.00	196	0	0	0	nan	0.00	0.00	3.68	84.89	88.82	0.00	38	0	42	0.00	0.00	62.28	7.21	0.00	0.00	2000
231	11.35	2026	2105	0.00	197	0	0	0	nan	0.00	0.00	3.79	85.27	88.65	0.00	38	0	42	0.00	0.00	64.36	7.75	0.00	0.00	2000
229	11.16	2062	2089	0.00	179	0	0	0	nan	0.00	0.00	3.62	84.96	88.84	0.00	38	0	43	0.00	0.00	64.71	7.80	0.00	0.00	2000
177	9.98	1767	2107	0.00	216	0	0	1	84.71	0.00	0.01	4.20	86.21	90.02	0.00	37	0	42	0.00	0.00	63.74	7.75	0.00	0.00	2000
76	6.76	1134	2087	0.34	195	0	0	3	88.41	0.00	0.00	4.66	87.99	93.24	0.00	37	0	42	0.00	0.00	58.30	7.30	0.00	0.00	2000
190	10.38	1898	2031	0.03	200	0	0	0	nan	0.00	0.02	3.07	83.67	89.62	0.00	38	0	42	0.00	0.00	57.20	6.83	0.00	0.00	2000
231	11.17	1991	2186	0.00	195	0	0	0	nan	0.00	0.00	3.32	89.39	88.83	0.00	38	0	42	0.00	0.00	69.89	8.17	0.00	0.00	2000
229	11.41	2018	2089	0.00	204	0	0	0	nan	0.00	0.06	5.19	83.09	88.59	0.00	38	0	42	0.00	0.00	64.07	7.56	0.00	0.00	2000
128	8.44	1518	2096	0.00	218	0	0	0	nan	0.00	0.00	6.54	84.98	91.56	0.00	37	0	42	0.00	0.00	62.03	7.66	0.00	0.00	2000
75	7.30	1020	2122	0.00	194	0	0	0	nan	0.00	0.00	3.11	90.68	92.70	0.00	37	0	42	0.00	0.00	60.48	7.80	0.00	0.00	2000
191	10.42	1919	2006	0.00	203	0	0	0	nan	0.00	0.02	5.61	80.07	89.58	0.00	37	0	42	0.00	0.00	54.82	6.45	0.00	0.00	2000
234	10.84	2067	2193	0.00	215	0	0	0	nan	0.00	0.00	4.53	88.78	89.16	0.00	37	0	42	0.00	0.00	69.59	8.18	0.00	0.00	2000
230	11.22	2077	2073	0.00	180	0	0	0	nan	0.00	0.00	4.83	82.93	88.78	0.00	38	0	42	0.00	0.00	64.41	7.31	0.00	0.00	2000
229	11.16	2046	2111	0.00	211	0	0	0	nan	0.00	0.00	4.12	85.40	88.84	0.00	38	0	42	0.00	0.00	64.53	7.41	0.00	0.00	2000
228	11.18	2042	2102	0.00	178	0	0	0	nan	0.00	0.00	4.40	84.72	88.82	0.00	38	0	42	0.00	0.00	63.79	7.37	0.00	0.00	2000
229	11.51	1980	2110	0.00	210	0	0	0	nan	0.00	0.00	4.54	84.61	88.49	0.00	38	0	42	0.00	0.00	64.15	7.43	0.00	0.00	2000
228	11.81	2027	1996	0.00	181	0	0	0	nan	0.01	0.03	5.98	77.98	88.19	0.00	38	0	42	0.00	0.00	59.02	7.02	0.00	0.00	2000
235	11.32	1962	2225	0.00	227	0	0	0	nan	0.00	0.00	6.03	88.15	88.68	0.00	39	0	42	0.00	0.00	70.51	8.23	0.00	0.00	2000
232	11.68	2005	2077	0.00	181	0	0	0	nan	0.00	1.94	4.26	81.40	88.32	0.00	38	0	42	0.00	0.00	63.72	7.55	0.00	0.00	2000
232	11.43	2010	2118	0.00	216	0	0	0	nan	0.00	0.00	5.77	83.68	88.57	0.00	38	0	42	0.00	0.00	64.49	7.53	0.00	0.00	2000
229	11.30	2045	2082	0.00	178	0	0	3	76.72	0.00	0.00	4.20	83.93	88.70	0.00	39	0	43	0.00	0.00	64.62	7.63	0.00	0.00	2000
299	13.19	2258	2110	0.63	215	0	0	12	59.74	0.00	0.00	6.34	81.01	86.81	0.00	37	0	42	0.00	0.00	66.59	7.72	0.00	0.00	2000
151	9.63	1611	2046	0.00	199	0	0	0	nan	0.00	0.00	8.32	79.91	90.37	0.00	37	0	42	0.00	0.00	58.07	7.16	0.00	0.00	2000
81	7.15	1110	2153	0.00	239	0	0	0	nan	0.00	0.02	4.45	90.82	92.85	0.00	37	0	42	0.00	0.00	61.40	7.50	0.00	0.00	2000
74	7.00	1053	2113	0.00	193	0	0	0	nan	0.00	0.00	3.70	89.84	93.00	0.00	37	0	43	0.00	0.00	58.17	7.48	0.00	0.00	2000
178	10.17	1703	2159	0.00	34	0	0	0	nan	0.00	0.09	18.74	73.22	89.83	0.00	37	0	42	0.00	0.00	79.74	9.81	0.00	0.00	2000
