Avg_MHz	Busy%	Bzy_MHz	TSC_MHz	IPC	IRQ	NMI	SMI	LLCMRPS	LLC%hit	POLL%	C1%	C1E%	C6%	CPU%c1	CPU%c6	CoreTmp	CoreThr	PkgTmp	Pkg%pc2	Pkg%pc6	PkgWatt	RAMWatt	PKG_%	RAM_%	UncMHz
369	19.19	1878	2151	0.00	259	0	0	0	nan	0.01	0.28	36.04	46.41	80.81	0.00	37	0	42	0.00	0.00	69.58	8.11	0.00	0.00	2000
433	20.22	2122	2118	0.00	241	0	0	0	nan	0.04	1.24	23.95	55.59	79.78	0.00	37	0	42	0.00	0.00	65.54	7.58	0.00	0.00	2000
80	6.94	1146	2119	0.00	195	0	0	0	nan	0.00	0.00	6.81	87.10	93.06	0.00	37	0	43	0.00	0.00	59.05	7.76	0.00	0.00	2000
72	6.90	1055	2067	0.00	194	0	0	0	nan	0.00	0.00	2.90	88.76	93.10	0.00	37	0	42	0.00	0.00	55.95	7.25	0.00	0.00	2000
75	6.91	1061	2136	0.00	210	0	0	0	nan	0.00	0.00	5.06	89.69	93.09	0.00	37	0	42	0.00	0.00	61.10	7.66	0.00	0.00	2000
71	6.72	1073	2073	0.00	177	0	0	0	nan	0.00	0.02	2.94	89.31	93.28	0.00	37	0	42	0.00	0.00	57.26	7.51	0.00	0.00	2000
73	6.87	1057	2122	0.00	211	0	0	0	nan	0.00	0.00	3.96	90.13	93.13	0.00	37	0	42	0.00	0.00	60.36	7.70	0.00	0.00	2000
72	7.08	1025	2075	0.00	198	0	0	0	nan	0.00	0.02	4.83	87.10	92.92	0.00	37	0	43	0.00	0.00	56.45	7.30	0.00	0.00	2000
72	6.80	1058	2101	0.00	194	0	0	0	nan	0.00	0.00	2.22	91.09	93.20	0.00	37	0	42	0.00	0.00	56.52	7.18	0.00	0.00	2000
73	6.80	1058	2115	0.00	209	0	0	0	nan	0.00	0.00	3.70	90.13	93.20	0.00	37	0	43	0.00	0.00	58.24	7.41	0.00	0.00	2000
75	6.44	1150	2115	0.00	193	0	0	0	nan	0.00	0.00	3.69	90.52	93.56	0.00	37	0	43	0.00	0.00	61.58	7.77	0.00	0.00	2000
71	6.95	1039	2071	0.00	195	0	0	0	nan	0.00	0.01	3.28	88.63	93.05	0.00	37	0	43	0.00	0.00	56.64	7.31	0.00	0.00	2000
73	6.74	1069	2127	0.00	193	0	0	0	nan	0.00	0.00	4.02	90.51	93.26	0.00	37	0	43	0.00	0.00	60.92	7.89	0.00	0.00	2000
71	6.92	1038	2068	0.00	193	0	0	0	nan	0.00	0.02	3.04	88.74	93.08	0.00	37	0	43	0.00	0.00	56.30	7.22	0.00	0.00	2000
72	6.70	1066	2107	0.00	193	0	0	0	nan	0.00	0.02	1.56	92.07	93.30	0.00	37	0	42	0.00	0.00	55.79	7.40	0.00	0.00	2000
72	6.74	1052	2121	0.00	210	0	0	1	88.08	0.00	0.04	4.38	89.82	93.26	0.00	37	0	43	0.00	0.00	63.08	7.90	0.00	0.00	2000
77	6.94	1103	2103	0.13	193	0	0	1	87.71	0.00	0.00	3.56	89.54	93.06	0.00	37	0	42	0.00	0.00	58.76	7.35	0.00	0.00	2000
70	6.38	1112	2083	0.00	193	0	0	0	nan	0.00	0.01	3.57	89.29	93.62	0.00	37	0	43	0.00	0.00	57.25	7.39	0.00	0.00	2000
202	10.84	1896	2066	0.00	204	0	0	0	nan	0.00	0.78	5.45	81.64	89.16	0.00	37	0	43	0.00	0.00	61.53	7.34	0.00	0.00	2000
231	10.70	2117	2140	0.00	220	0	0	0	nan	0.01	0.00	5.78	85.34	89.30	0.00	38	0	43	0.00	0.00	62.57	7.25	0.00	0.00	2000
231	11.23	2045	2112	0.00	198	0	0	0	nan	0.00	0.96	6.35	82.07	88.77	0.00	38	0	42	0.00	0.00	67.91	7.80	0.00	0.00	2000
231	11.02	2100	2096	0.00	199	0	0	0	nan	0.00	0.01	5.62	83.25	88.98	0.00	39	0	42	0.00	0.00	61.51	7.10	0.00	0.00	2000
239	11.34	2101	2103	0.00	200	0	0	0	nan	0.01	0.01	5.39	83.44	88.66	0.00	38	0	42	0.00	0.00	65.54	7.68	0.00	0.00	2000
223	10.90	2099	2049	0.00	201	0	0	0	nan	0.00	0.00	5.36	81.56	89.10	0.00	38	0	42	0.00	0.00	63.91	7.77	0.00	0.00	2000
222	10.93	1987	2149	0.00	201	0	0	0	nan	0.00	0.96	7.86	82.46	89.07	0.00	37	0	43	0.00	0.00	69.03	8.29	0.00	0.00	2000
232	11.30	2040	2111	0.00	197	0	0	0	nan	0.00	0.00	5.56	83.76	88.70	0.00	38	0	42	0.00	0.00	65.79	7.89	0.00	0.00	2000
232	11.12	2082	2104	0.00	199	0	0	0	nan	0.00	0.03	5.71	83.46	88.88	0.00	37	0	42	0.00	0.00	66.14	7.73	0.00	0.00	2000
231	11.08	2089	2099	0.00	201	0	0	0	nan	0.00	0.00	6.22	82.62	88.92	0.00	38	0	42	0.00	0.00	64.98	7.41	0.00	0.00	2000
229	10.97	2095	2090	0.00	198	0	0	0	nan	0.00	0.00	5.13	83.62	89.03	0.00	38	0	42	0.00	0.00	63.96	7.49	0.00	0.00	2000
234	11.12	2098	2105	0.00	204	0	0	0	nan	0.00	0.01	4.40	84.69	88.88	0.00	38	0	42	0.00	0.00	65.84	7.74	0.00	0.00	2000
226	10.67	2140	2078	0.00	198	0	0	0	nan	0.00	0.02	5.55	82.91	89.33	0.00	39	0	42	0.00	0.00	65.07	7.65	0.00	0.00	2000
230	11.23	2061	2088	0.00	199	0	0	0	nan	0.00	0.04	4.04	84.36	88.77	0.00	39	0	42	0.00	0.00	63.24	7.42	0.00	0.00	2000
234	10.88	2117	2132	0.00	214	0	0	3	85.87	0.01	0.07	2.94	87.50	89.12	0.00	39	0	43	0.00	0.00	63.81	7.43	0.00	0.00	2000
225	11.32	2209	1889	0.46	202	0	0	18	76.69	0.01	0.01	3.01	76.72	88.68	0.00	38	0	42	0.00	0.00	58.10	6.73	0.00	0.00	2000
242	10.51	2041	2372	0.00	248	0	0	0	nan	0.00	0.51	5.46	95.23	89.49	0.00	39	0	43	0.00	0.00	74.84	8.66	0.00	0.00	2000
232	11.40	2041	2094	0.00	180	0	0	0	nan	0.04	0.02	9.35	79.06	88.60	0.00	39	0	42	0.00	0.00	64.84	7.39	0.00	0.00	2000
232	11.24	2059	2103	0.00	198	0	0	0	nan	0.00	0.03	7.22	81.74	88.76	0.00	40	0	42	0.00	0.00	64.65	7.51	0.00	0.00	2000
231	11.42	2047	2074	0.00	199	0	0	0	nan	0.00	0.05	5.69	81.80	88.58	0.00	40	0	42	0.00	0.00	63.24	7.50	0.00	0.00	2000
231	11.19	2032	2135	0.00	217	0	0	0	nan	0.00	0.00	8.88	81.48	88.81	0.00	41	0	42	0.00	0.00	66.02	7.73	0.00	0.00	2000
230	11.13	2078	2089	0.00	182	0	0	0	nan	0.00	0.03	6.90	81.57	88.87	0.00	40	0	42	0.00	0.00	65.17	7.55	0.00	0.00	2000
233	11.42	2041	2099	0.00	197	0	0	0	nan	0.00	0.00	5.68	82.98	88.58	0.00	40	0	42	0.00	0.00	65.08	7.50	0.00	0.00	2000
229	11.19	2055	2095	0.00	197	0	0	0	nan	0.00	0.02	7.38	81.26	88.81	0.00	40	0	42	0.00	0.00	64.54	7.46	0.00	0.00	2000
232	11.37	2028	2110	0.00	215	0	0	0	nan	0.00	0.00	6.88	82.23	88.63	0.00	40	0	43	0.00	0.00	65.24	7.61	0.00	0.00	2000
235	11.10	2107	2108	0.00	181	0	0	0	nan	0.00	0.02	7.73	81.56	88.90	0.00	40	0	43	0.00	0.00	66.85	7.82	0.00	0.00	2000
231	11.12	2093	2082	0.00	195	0	0	0	nan	0.00	0.00	6.29	81.93	88.88	0.00	40	0	42	0.00	0.00	64.91	7.46	0.00	0.00	2000
222	12.63	2071	1782	0.00	201	0	0	0	nan	0.00	0.01	5.13	69.07	87.37	0.00	38	0	43	0.00	0.00	51.69	6.16	0.00	0.00	2000
237	9.93	2004	2499	0.00	228	0	0	0	nan	0.01	0.00	6.08	101.16	90.07	0.00	39	0	42	0.00	0.00	76.78	9.13	0.00	0.00	2000
227	10.92	2082	2096	0.00	196	0	0	0	nan	0.00	0.02	5.24	83.75	89.08	0.00	38	0	42	0.00	0.00	64.26	7.80	0.00	0.00	2000
225	10.48	2147	2099	0.00	205	0	0	0	nan	0.03	1.60	3.47	84.53	89.52	0.00	39	0	42	0.00	0.00	66.07	7.49	0.00	0.00	2000
223	10.83	2074	2083	0.00	196	0	0	6	76.87	0.04	0.03	6.35	82.12	89.17	0.00	40	0	42	0.00	0.00	62.34	7.39	0.00	0.00	2000
224	10.29	2154	2120	0.98	196	0	0	6	82.83	0.00	0.96	6.18	83.52	89.71	0.00	39	0	42	0.00	0.00	65.29	7.65	0.00	0.00	2000
221	11.29	2060	1992	0.00	196	0	0	0	nan	0.00	0.01	5.92	78.32	88.71	0.00	40	0	43	0.00	0.00	64.32	7.83	0.00	0.00	2000
229	10.83	2017	2201	0.00	198	0	0	0	nan	0.00	0.05	6.46	87.08	89.17	0.00	40	0	42	0.00	0.00	70.41	8.88	0.00	0.00	2000
216	10.95	1975	2101	0.00	207	0	0	0	nan	0.00	0.02	4.90	84.36	89.05	0.00	39	0	43	0.00	0.00	65.29	7.72	0.00	0.00	2000
149	9.54	1572	2093	0.00	262	0	0	0	nan	0.04	0.03	14.90	75.34	90.46	0.00	37	0	42	0.00	0.00	58.67	7.39	0.00	0.00	2000
80	6.84	1157	2123	0.00	193	0	0	0	nan	0.00	0.01	3.40	90.74	93.16	0.00	37	0	42	0.00	0.00	60.53	7.68	0.00	0.00	2000
105	8.20	1336	2021	0.00	65	0	0	0	nan	0.00	0.02	9.32	79.31	91.80	0.00	37	0	42	0.00	0.00	56.48	7.22	0.00	0.00	2000
