Avg_MHz	Busy%	Bzy_MHz	TSC_MHz	IPC	IRQ	NMI	SMI	LLCMRPS	LLC%hit	POLL%	C1%	C1E%	C6%	CPU%c1	CPU%c6	CoreTmp	CoreThr	PkgTmp	Pkg%pc2	Pkg%pc6	PkgWatt	RAMWatt	PKG_%	RAM_%	UncMHz
407	19.96	2021	2118	0.00	248	0	0	0	nan	0.00	1.12	40.68	39.03	80.04	0.00	38	0	42	0.00	0.00	66.61	7.48	0.00	0.00	2000
361	18.55	1941	2108	0.00	230	0	0	0	nan	0.02	0.75	23.94	57.25	81.45	0.00	37	0	42	0.00	0.00	66.78	7.99	0.00	0.00	2000
77	7.21	1055	2113	0.00	210	0	0	0	nan	0.00	0.03	6.78	86.72	92.79	0.00	36	0	42	0.00	0.00	56.20	7.24	0.00	0.00	2000
74	6.75	1085	2108	0.00	192	0	0	0	nan	0.00	0.01	1.91	91.75	93.25	0.00	37	0	42	0.00	0.00	59.94	7.94	0.00	0.00	2000
74	7.18	1018	2119	0.00	193	0	0	0	nan	0.00	0.00	2.47	91.42	92.82	0.00	37	0	42	0.00	0.00	58.68	7.65	0.00	0.00	2000
73	6.79	1068	2101	0.00	193	0	0	0	nan	0.00	0.00	2.86	90.56	93.21	0.00	37	0	42	0.00	0.00	58.12	7.40	0.00	0.00	2000
74	6.85	1078	2101	0.00	195	0	0	0	nan	0.00	0.00	3.17	90.08	93.15	0.00	37	0	42	0.00	0.00	57.77	7.21	0.00	0.00	2000
71	7.18	1002	2086	0.00	193	0	0	0	nan	0.00	0.00	3.80	88.71	92.82	0.00	37	0	42	0.00	0.00	55.56	7.57	0.00	0.00	2000
74	6.90	1061	2112	0.00	194	0	0	0	nan	0.00	0.00	3.04	90.70	93.10	0.00	37	0	42	0.00	0.00	59.43	7.66	0.00	0.00	2000
73	7.01	1038	2094	0.00	197	0	0	0	nan	0.00	0.00	4.51	88.39	92.99	0.00	37	0	42	0.00	0.00	56.07	7.15	0.00	0.00	2000
74	6.97	1054	2107	0.00	194	0	0	0	nan	0.00	0.02	2.76	90.66	93.03	0.00	37	0	42	0.00	0.00	60.59	7.78	0.00	0.00	2000
72	6.78	1068	2084	0.00	193	0	0	0	nan	0.00	0.00	3.21	89.40	93.22	0.00	37	0	42	0.00	0.00	55.86	7.23	0.00	0.00	2000
73	6.94	1044	2117	0.00	194	0	0	0	nan	0.00	0.00	3.99	89.92	93.06	0.00	37	0	42	0.00	0.00	57.88	7.67	0.00	0.00	2000
72	6.71	1074	2102	0.00	194	0	0	0	nan	0.00	0.01	3.35	90.08	93.29	0.00	37	0	42	0.00	0.00	57.68	7.47	0.00	0.00	2000
72	6.77	1063	2096	0.00	193	0	0	0	nan	0.00	0.02	3.43	89.82	93.23	0.00	37	0	42	0.00	0.00	58.00	7.49	0.00	0.00	2000
71	7.13	1000	2092	0.00	195	0	0	0	87.94	0.00	0.01	3.29	89.38	92.87	0.00	37	0	42	0.00	0.00	57.91	7.81	0.00	0.00	2000
74	6.86	1080	2107	0.30	195	0	0	1	85.81	0.00	0.00	3.38	90.13	93.14	0.00	36	0	42	0.00	0.00	58.24	7.61	0.00	0.00	2000
70	6.74	1055	2078	0.09	194	0	0	0	nan	0.00	0.00	3.32	89.06	93.26	0.00	36	0	42	0.00	0.00	56.03	7.26	0.00	0.00	2000
200	10.51	1895	2107	0.00	214	0	0	0	nan	0.02	0.00	4.25	85.62	89.49	0.00	38	0	42	0.00	0.00	67.09	8.14	0.00	0.00	2000
232	11.12	2084	2098	0.00	215	0	0	0	nan	0.00	0.01	4.18	84.63	88.88	0.00	40	0	42	0.00	0.00	62.85	7.22	0.00	0.00	2000
231	11.08	2079	2108	0.00	204	0	0	0	nan	0.00	0.03	3.43	85.95	88.92	0.00	40	0	42	0.00	0.00	65.40	7.53	0.00	0.00	2000
228	11.10	2071	2083	0.00	203	0	0	0	nan	0.00	0.02	2.79	85.45	88.90	0.00	40	0	42	0.00	0.00	63.87	7.46	0.00	0.00	2000
241	12.08	1977	2116	0.00	195	0	0	0	nan	0.00	0.00	7.65	81.11	87.92	0.00	38	0	42	0.00	0.00	67.12	8.06	0.00	0.00	2000
232	11.41	2032	2103	0.00	198	0	0	0	nan	0.00	0.00	6.74	82.19	88.59	0.00	37	0	42	0.00	0.00	62.14	7.52	0.00	0.00	2000
225	11.11	2043	2084	0.00	204	0	0	0	nan	0.00	0.00	7.21	81.15	88.89	0.00	37	0	42	0.00	0.00	64.73	7.74	0.00	0.00	2000
233	11.06	2088	2120	0.00	214	0	0	0	nan	0.00	0.02	5.43	84.44	88.94	0.00	37	0	42	0.00	0.00	68.42	8.34	0.00	0.00	2000
229	11.26	2041	2096	0.00	198	0	0	0	nan	0.00	0.00	5.91	82.77	88.74	0.00	38	0	42	0.00	0.00	64.70	7.38	0.00	0.00	2000
225	11.21	2026	2076	0.00	199	0	0	0	nan	0.00	0.00	6.55	81.43	88.79	0.00	38	0	42	0.00	0.00	63.74	7.69	0.00	0.00	2000
233	11.59	1980	2128	0.00	197	0	0	0	nan	0.00	0.00	4.65	85.08	88.41	0.00	38	0	42	0.00	0.00	67.40	7.55	0.00	0.00	2000
236	11.44	2067	2100	0.00	207	0	0	0	nan	0.01	0.00	6.34	82.34	88.56	0.00	39	0	43	0.00	0.00	62.37	7.73	0.00	0.00	2000
228	10.88	2119	2080	0.00	199	0	0	0	nan	0.00	0.00	6.74	81.54	89.12	0.00	39	0	43	0.00	0.00	65.11	7.62	0.00	0.00	2000
227	10.68	2113	2113	0.00	215	0	0	0	nan	0.00	0.02	6.29	83.61	89.32	0.00	39	0	42	0.00	0.00	65.92	7.71	0.00	0.00	2000
233	11.26	2056	2113	0.00	197	0	0	0	87.23	0.00	0.00	5.31	84.09	88.74	0.00	39	0	42	0.00	0.00	65.66	7.69	0.00	0.00	2000
228	11.22	2034	2097	0.82	198	0	0	16	88.68	0.00	0.00	5.03	83.73	88.78	0.00	39	0	42	0.00	0.00	65.01	7.67	0.00	0.00	2000
235	11.13	2120	2089	0.05	204	0	0	0	nan	0.00	0.06	5.71	82.72	88.87	0.00	39	0	42	0.00	0.00	63.47	7.35	0.00	0.00	2000
230	11.12	2062	2108	0.00	199	0	0	0	nan	0.00	0.02	5.12	84.20	88.88	0.00	38	0	42	0.00	0.00	65.61	7.55	0.00	0.00	2000
228	11.02	2076	2093	0.00	198	0	0	0	nan	0.00	0.58	4.11	84.06	88.98	0.00	39	0	42	0.00	0.00	65.66	7.68	0.00	0.00	2000
231	11.24	2042	2110	0.00	198	0	0	0	nan	0.00	0.00	5.01	84.26	88.76	0.00	39	0	42	0.00	0.00	65.01	7.37	0.00	0.00	2000
224	11.43	1965	2096	0.00	199	0	0	0	nan	0.01	0.02	4.82	83.72	88.57	0.00	38	0	42	0.00	0.00	65.70	8.00	0.00	0.00	2000
232	11.24	2061	2103	0.00	227	0	0	0	nan	0.00	0.00	3.72	85.27	88.77	0.00	39	0	42	0.00	0.00	64.69	7.87	0.00	0.00	2000
234	11.42	2040	2106	0.00	204	0	0	0	nan	0.00	0.00	2.91	85.95	88.58	0.00	39	0	43	0.00	0.00	65.29	8.02	0.00	0.00	2000
232	11.02	2108	2097	0.00	203	0	0	0	nan	0.00	0.02	3.50	85.37	88.98	0.00	40	0	42	0.00	0.00	65.87	7.98	0.00	0.00	2000
233	11.28	2068	2099	0.00	206	0	0	0	nan	0.00	0.00	3.99	84.78	88.72	0.00	40	0	42	0.00	0.00	65.49	7.67	0.00	0.00	2000
230	11.29	2042	2099	0.00	204	0	0	0	nan	0.00	0.00	3.75	84.97	88.71	0.00	40	0	43	0.00	0.00	65.07	7.86	0.00	0.00	2000
235	11.29	2076	2104	0.00	215	0	0	0	nan	0.00	0.00	4.01	85.01	88.71	0.00	40	0	42	0.00	0.00	63.39	7.55	0.00	0.00	2000
231	10.75	2155	2091	0.00	203	0	0	0	nan	0.00	0.02	3.11	85.85	89.25	0.00	40	0	43	0.00	0.00	65.85	7.94	0.00	0.00	2000
228	11.00	2075	2093	0.00	204	0	0	0	nan	0.00	0.00	3.04	85.74	89.00	0.00	40	0	42	0.00	0.00	65.55	7.72	0.00	0.00	2000
230	10.72	2130	2116	0.00	203	0	0	0	nan	0.00	0.02	3.44	86.62	89.28	0.00	41	0	42	0.00	0.00	65.94	7.73	0.00	0.00	2000
230	10.89	2110	2104	0.00	205	0	0	0	nan	0.00	0.00	4.32	85.04	89.11	0.00	41	0	42	0.00	0.00	63.08	7.46	0.00	0.00	2000
231	11.20	2069	2090	0.00	216	0	0	0	nan	0.00	0.00	3.74	84.75	88.80	0.00	41	0	42	0.00	0.00	65.28	7.66	0.00	0.00	2000
230	11.29	2042	2098	0.65	202	0	0	8	58.63	0.00	0.02	2.62	86.09	88.71	0.00	41	0	42	0.00	0.00	64.51	7.61	0.00	0.00	2000
228	11.06	2068	2090	0.05	203	0	0	0	nan	0.00	0.00	2.64	85.82	88.94	0.00	41	0	42	0.00	0.00	66.13	7.51	0.00	0.00	2000
226	10.97	2068	2088	0.00	220	0	0	0	nan	0.00	0.00	2.76	85.78	89.03	0.00	41	0	43	0.00	0.00	64.31	7.41	0.00	0.00	2000
235	11.14	2071	2140	0.00	203	0	0	0	nan	0.00	0.00	4.59	86.07	88.86	0.00	41	0	42	0.00	0.00	66.93	7.81	0.00	0.00	2000
223	10.82	2100	2065	0.00	214	0	0	0	nan	0.00	0.00	3.73	84.09	89.18	0.00	41	0	42	0.00	0.00	60.87	7.09	0.00	0.00	2000
231	10.81	2109	2123	0.00	203	0	0	0	nan	0.00	0.00	2.73	87.57	89.19	0.00	41	0	43	0.00	0.00	65.34	7.62	0.00	0.00	2000
227	11.00	2082	2077	0.00	204	0	0	0	nan	0.00	0.00	3.38	84.67	89.00	0.00	41	0	42	0.00	0.00	63.70	7.45	0.00	0.00	2000
227	11.02	2061	2098	0.00	203	0	0	0	nan	0.00	0.00	3.73	85.27	88.98	0.00	41	0	42	0.00	0.00	64.68	7.60	0.00	0.00	2000
236	11.02	2107	2136	0.00	219	0	0	0	nan	0.00	0.02	4.29	86.25	88.98	0.00	41	0	42	0.00	0.00	68.16	7.92	0.00	0.00	2000
228	10.91	2092	2099	0.00	212	0	0	0	nan	0.00	0.00	4.05	85.10	89.09	0.00	41	0	42	0.00	0.00	63.73	7.46	0.00	0.00	2000
224	10.70	2122	2073	0.00	203	0	0	0	nan	0.00	0.02	2.97	85.28	89.30	0.00	41	0	42	0.00	0.00	64.15	7.55	0.00	0.00	2000
225	10.69	2107	2096	0.00	203	0	0	0	nan	0.00	0.00	2.84	86.38	89.31	0.00	41	0	43	0.00	0.00	64.38	7.73	0.00	0.00	2000
231	11.31	2023	2122	0.00	236	0	0	0	nan	0.00	0.01	3.70	86.07	88.69	0.00	41	0	43	0.00	0.00	68.15	8.39	0.00	0.00	2000
232	11.04	2119	2084	0.00	197	0	0	0	nan	0.01	0.03	3.68	84.62	88.96	0.00	41	0	43	0.00	0.00	62.62	7.77	0.00	0.00	2000
227	11.05	2061	2097	0.00	209	0	0	0	nan	0.00	0.00	4.25	84.61	88.95	0.00	41	0	43	0.00	0.00	65.02	7.66	0.00	0.00	2000
226	11.17	2032	2092	0.00	219	0	0	0	nan	0.00	0.00	3.41	85.18	88.83	0.00	41	0	43	0.00	0.00	64.32	7.48	0.00	0.00	2000
231	11.16	2047	2123	0.00	219	0	0	4	78.78	0.00	0.00	4.09	85.74	88.84	0.00	41	0	42	0.00	0.00	67.17	7.82	0.00	0.00	2000
234	11.15	2085	2111	0.62	204	0	0	5	82.57	0.00	0.00	3.85	85.59	88.85	0.00	41	0	42	0.00	0.00	66.29	7.81	0.00	0.00	2000
225	10.82	2100	2082	0.00	214	0	0	0	nan	0.00	0.01	2.54	86.03	89.18	0.00	41	0	42	0.00	0.00	62.53	7.16	0.00	0.00	2000
227	10.87	2101	2086	0.00	206	0	0	0	nan	0.00	0.00	3.94	84.57	89.13	0.00	41	0	42	0.00	0.00	64.12	7.38	0.00	0.00	2000
228	11.12	2049	2101	0.00	220	0	0	0	nan	0.00	0.00	3.90	85.16	88.88	0.00	42	0	43	0.00	0.00	64.87	7.39	0.00	0.00	2000
234	10.96	2102	2134	0.00	219	0	0	0	nan	0.01	0.00	3.34	87.20	89.04	0.00	41	0	43	0.00	0.00	66.87	7.59	0.00	0.00	2000
226	11.19	2044	2071	0.00	214	0	0	0	nan	0.00	0.00	3.78	83.92	88.81	0.00	42	0	42	0.00	0.00	63.49	7.48	0.00	0.00	2000
226	10.96	2062	2099	0.00	219	0	0	0	nan	0.00	0.00	3.15	85.89	89.04	0.00	41	0	42	0.00	0.00	64.81	7.46	0.00	0.00	2000
233	11.49	2030	2095	0.00	234	0	0	0	nan	0.00	0.00	5.98	82.44	88.51	0.00	41	0	42	0.00	0.00	64.62	7.50	0.00	0.00	2000
233	11.18	2061	2125	0.00	221	0	0	0	nan	0.00	0.00	4.70	85.17	88.82	0.00	41	0	42	0.00	0.00	67.70	7.91	0.00	0.00	2000
230	10.79	2121	2112	0.00	212	0	0	0	nan	0.00	0.00	4.11	85.52	89.21	0.00	42	0	42	0.00	0.00	64.45	7.51	0.00	0.00	2000
223	10.69	2106	2076	0.00	200	0	0	0	nan	0.00	0.00	3.81	84.50	89.31	0.00	41	0	43	0.00	0.00	63.68	7.35	0.00	0.00	2000
226	11.16	2038	2089	0.00	203	0	0	0	nan	0.00	0.00	2.29	86.24	88.84	0.00	41	0	42	0.00	0.00	63.93	7.50	0.00	0.00	2000
239	11.61	2035	2124	0.00	219	0	0	0	nan	0.00	0.00	3.63	85.89	88.39	0.00	41	0	42	0.00	0.00	66.18	7.30	0.00	0.00	2000
227	10.81	2123	2080	0.00	213	0	0	0	nan	0.00	0.00	3.51	84.90	89.19	0.00	41	0	42	0.00	0.00	64.30	7.77	0.00	0.00	2000
228	11.09	2050	2103	0.00	203	0	0	0	nan	0.00	0.02	3.37	85.83	88.91	0.00	41	0	43	0.00	0.00	63.63	7.45	0.00	0.00	2000
229	11.41	2001	2105	0.00	220	0	0	0	nan	0.00	0.00	5.43	83.53	88.59	0.00	41	0	42	0.00	0.00	66.23	7.71	0.00	0.00	2000
229	10.83	2110	2107	0.73	205	0	0	10	61.97	0.00	0.02	3.18	86.39	89.17	0.00	41	0	42	0.00	0.00	65.28	7.72	0.00	0.00	2000
233	11.33	2051	2101	0.47	221	0	0	2	90.44	0.00	0.00	3.53	85.33	88.67	0.00	41	0	42	0.00	0.00	64.68	7.51	0.00	0.00	2000
229	10.91	2088	2107	0.00	195	0	0	0	nan	0.00	0.01	3.16	86.35	89.09	0.00	41	0	42	0.00	0.00	66.01	7.59	0.00	0.00	2000
227	10.96	2088	2086	0.00	203	0	0	0	nan	0.00	0.02	3.44	85.04	89.04	0.00	42	0	43	0.00	0.00	64.14	7.57	0.00	0.00	2000
225	10.99	2059	2086	0.00	203	0	0	0	nan	0.00	0.01	2.79	85.70	89.01	0.00	41	0	42	0.00	0.00	64.30	7.46	0.00	0.00	2000
228	11.03	2054	2110	0.00	219	0	0	0	nan	0.00	0.02	3.98	85.43	88.97	0.00	41	0	42	0.00	0.00	63.04	7.43	0.00	0.00	2000
233	10.93	2112	2116	0.00	217	0	0	0	nan	0.00	0.02	4.36	85.50	89.07	0.00	42	0	42	0.00	0.00	65.75	7.75	0.00	0.00	2000
230	11.11	2063	2111	0.00	201	0	0	0	nan	0.00	0.03	3.55	85.90	88.89	0.00	41	0	43	0.00	0.00	65.13	7.60	0.00	0.00	2000
222	10.85	2082	2064	0.00	201	0	0	0	nan	0.00	0.00	3.30	84.41	89.15	0.00	41	0	42	0.00	0.00	63.16	7.48	0.00	0.00	2000
232	10.90	2090	2133	0.00	219	0	0	0	nan	0.00	0.00	3.38	87.22	89.10	0.00	42	0	42	0.00	0.00	66.87	7.75	0.00	0.00	2000
225	10.72	2113	2084	0.00	204	0	0	0	nan	0.00	0.00	4.13	84.55	89.28	0.00	41	0	43	0.00	0.00	65.79	7.62	0.00	0.00	2000
230	10.77	2137	2095	0.00	213	0	0	0	nan	0.00	0.00	2.41	86.57	89.23	0.00	41	0	43	0.00	0.00	62.87	7.21	0.00	0.00	2000
228	10.99	2063	2110	0.00	205	0	0	0	nan	0.00	0.00	3.22	86.27	89.01	0.00	41	0	42	0.00	0.00	65.79	7.62	0.00	0.00	2000
229	10.92	2091	2103	0.00	203	0	0	0	nan	0.00	0.00	2.55	86.72	89.08	0.00	41	0	42	0.00	0.00	64.40	7.69	0.00	0.00	2000
225	11.12	2031	2087	0.00	204	0	0	0	nan	0.00	0.01	3.79	84.67	88.88	0.00	41	0	42	0.00	0.00	64.13	7.63	0.00	0.00	2000
228	10.97	2080	2104	0.00	203	0	0	0	nan	0.00	0.00	3.42	85.85	89.03	0.00	41	0	43	0.00	0.00	64.68	7.71	0.00	0.00	2000
231	10.98	2092	2114	0.00	214	0	0	0	nan	0.00	0.02	3.28	86.42	89.02	0.00	42	0	43	0.00	0.00	65.46	7.83	0.00	0.00	2000
229	10.97	2091	2098	0.50	203	0	0	4	91.55	0.00	0.00	3.43	85.60	89.03	0.00	41	0	42	0.00	0.00	64.47	7.39	0.00	0.00	2000
225	10.86	2092	2076	0.29	202	0	0	2	94.91	0.00	0.02	3.26	84.97	89.14	0.00	41	0	42	0.00	0.00	63.56	7.48	0.00	0.00	2000
226	10.79	2094	2102	0.00	220	0	0	0	nan	0.00	0.00	3.90	85.48	89.21	0.00	41	0	43	0.00	0.00	65.83	7.60	0.00	0.00	2000
231	11.03	2068	2126	0.00	203	0	0	0	nan	0.01	0.00	2.58	87.54	88.97	0.00	41	0	42	0.00	0.00	66.69	7.77	0.00	0.00	2000
226	10.94	2092	2075	0.00	213	0	0	0	nan	0.00	0.02	3.29	84.75	89.06	0.00	41	0	43	0.00	0.00	64.58	7.54	0.00	0.00	2000
230	10.91	2098	2106	0.00	204	0	0	0	nan	0.00	0.01	2.19	87.23	89.09	0.00	41	0	43	0.00	0.00	63.77	7.94	0.00	0.00	2000
230	10.77	2130	2104	0.00	204	0	0	0	nan	0.00	0.00	2.64	86.85	89.23	0.00	42	0	42	0.00	0.00	65.68	8.24	0.00	0.00	2000
228	10.82	2095	2111	0.00	203	0	0	0	nan	0.00	0.00	2.78	86.91	89.18	0.00	42	0	43	0.00	0.00	65.79	7.70	0.00	0.00	2000
230	11.19	2048	2112	0.00	203	0	0	0	nan	0.00	0.01	3.10	86.30	88.81	0.00	42	0	42	0.00	0.00	65.15	7.94	0.00	0.00	2000
230	11.32	2033	2096	0.00	212	0	0	0	nan	0.00	0.03	3.71	84.92	88.68	0.00	42	0	42	0.00	0.00	65.26	7.68	0.00	0.00	2000
229	11.09	2056	2106	0.00	203	0	0	0	nan	0.00	0.01	3.13	86.18	88.91	0.00	42	0	42	0.00	0.00	64.73	7.80	0.00	0.00	2000
221	10.56	2132	2064	0.00	203	0	0	0	nan	0.00	0.00	3.65	84.32	89.44	0.00	42	0	42	0.00	0.00	62.01	7.40	0.00	0.00	2000
232	11.10	2062	2124	0.00	203	0	0	0	nan	0.00	0.01	1.70	88.29	88.90	0.00	42	0	42	0.00	0.00	67.16	8.05	0.00	0.00	2000
224	11.21	2026	2072	0.00	205	0	0	0	nan	0.00	0.02	2.83	84.87	88.79	0.00	41	0	42	0.00	0.00	63.38	7.69	0.00	0.00	2000
234	11.41	2019	2134	0.00	230	0	0	0	nan	0.00	0.00	5.15	84.92	88.59	0.00	42	0	42	0.00	0.00	66.75	8.26	0.00	0.00	2000
227	10.87	2088	2098	0.00	203	0	0	0	nan	0.00	0.00	3.66	85.51	89.13	0.00	42	0	42	0.00	0.00	65.14	7.74	0.00	0.00	2000
224	10.77	2105	2076	0.00	203	0	0	0	nan	0.00	0.00	3.23	85.00	89.23	0.00	42	0	42	0.00	0.00	64.22	7.80	0.00	0.00	2000
230	11.15	2045	2116	0.98	203	0	0	5	35.50	0.00	0.00	2.68	86.90	88.85	0.00	42	0	42	0.00	0.00	65.61	7.86	0.00	0.00	2000
234	11.06	2096	2115	0.50	220	0	0	1	76.50	0.00	0.00	3.94	85.63	88.94	0.00	42	0	42	0.00	0.00	66.54	7.85	0.00	0.00	2000
224	10.91	2069	2085	0.00	213	0	0	0	nan	0.00	0.00	3.62	84.94	89.09	0.00	42	0	42	0.00	0.00	61.70	7.42	0.00	0.00	2000
229	11.29	2044	2083	0.00	197	0	0	0	nan	0.00	0.79	3.36	83.90	88.71	0.00	40	0	42	0.00	0.00	63.19	7.59	0.00	0.00	2000
227	11.06	2060	2094	0.00	197	0	0	0	nan	0.00	0.00	5.11	83.62	88.94	0.00	40	0	42	0.00	0.00	64.47	7.65	0.00	0.00	2000
228	11.18	2046	2095	0.00	199	0	0	0	nan	0.00	0.02	5.25	83.51	88.82	0.00	40	0	42	0.00	0.00	64.99	7.83	0.00	0.00	2000
241	11.30	2091	2143	0.00	222	0	0	0	nan	0.00	0.01	5.88	84.63	88.70	0.00	41	0	42	0.00	0.00	69.50	8.15	0.00	0.00	2000
226	11.05	2070	2069	0.00	196	0	0	0	nan	0.00	0.00	6.02	81.77	88.95	0.00	41	0	42	0.00	0.00	60.47	7.16	0.00	0.00	2000
229	10.95	2076	2112	0.00	197	0	0	0	nan	0.00	0.00	3.56	86.06	89.05	0.00	41	0	42	0.00	0.00	67.38	7.95	0.00	0.00	2000
230	11.19	2055	2096	0.00	215	0	0	0	nan	0.00	0.01	4.36	84.41	88.81	0.00	39	0	42	0.00	0.00	63.07	7.58	0.00	0.00	2000
231	10.98	2091	2116	0.00	197	0	0	0	nan	0.00	1.10	3.01	85.70	89.02	0.00	39	0	42	0.00	0.00	65.47	7.66	0.00	0.00	2000
232	10.87	2130	2103	0.00	202	0	0	0	nan	0.00	0.05	5.10	84.15	89.13	0.00	39	0	43	0.00	0.00	64.91	7.71	0.00	0.00	2000
223	10.54	2137	2083	0.00	203	0	0	0	nan	0.00	0.00	4.42	84.46	89.46	0.00	39	0	43	0.00	0.00	66.58	8.22	0.00	0.00	2000
228	10.91	2107	2088	0.00	207	0	0	0	nan	0.00	0.01	3.82	84.79	89.09	0.00	41	0	42	0.00	0.00	64.85	7.77	0.00	0.00	2000
229	10.72	2125	2115	0.00	203	0	0	0	nan	0.00	0.00	3.14	86.82	89.28	0.00	42	0	42	0.00	0.00	65.62	7.68	0.00	0.00	2000
230	11.11	2059	2107	0.00	204	0	0	0	nan	0.00	0.02	3.14	86.16	88.89	0.00	42	0	43	0.00	0.00	65.38	7.76	0.00	0.00	2000
228	11.06	2080	2078	0.00	212	0	0	0	nan	0.00	0.01	3.28	84.78	88.94	0.00	42	0	42	0.00	0.00	63.57	7.61	0.00	0.00	2000
228	11.07	2047	2118	1.20	203	0	0	5	29.53	0.00	0.00	3.77	86.01	88.93	0.00	42	0	43	0.00	0.00	63.19	7.45	0.00	0.00	2000
229	11.01	2073	2109	0.29	220	0	0	0	nan	0.00	0.00	3.54	85.85	88.99	0.00	42	0	42	0.00	0.00	65.91	7.80	0.00	0.00	2000
231	10.89	2114	2109	0.00	203	0	0	0	nan	0.00	0.00	3.60	85.96	89.11	0.00	41	0	42	0.00	0.00	67.39	8.56	0.00	0.00	2000
227	11.17	2033	2098	0.00	204	0	0	0	nan	0.00	0.00	3.42	85.36	88.83	0.00	42	0	43	0.00	0.00	62.19	7.30	0.00	0.00	2000
228	10.99	2089	2088	0.00	214	0	0	0	nan	0.00	0.00	4.13	84.38	89.01	0.00	42	0	42	0.00	0.00	67.25	7.86	0.00	0.00	2000
226	11.15	2044	2079	0.00	202	0	0	0	nan	0.00	0.00	2.18	85.93	88.85	0.00	42	0	42	0.00	0.00	65.38	7.69	0.00	0.00	2000
229	10.94	2086	2105	0.00	203	0	0	0	nan	0.00	0.00	3.45	85.96	89.06	0.00	42	0	42	0.00	0.00	63.99	7.56	0.00	0.00	2000
232	10.89	2102	2131	0.00	219	0	0	0	nan	0.00	0.00	4.22	86.17	89.11	0.00	42	0	42	0.00	0.00	65.67	7.84	0.00	0.00	2000
230	11.35	2037	2093	0.00	204	0	0	0	nan	0.00	0.00	3.88	84.62	88.65	0.00	42	0	43	0.00	0.00	65.29	7.69	0.00	0.00	2000
226	11.43	2007	2068	0.00	206	0	0	0	nan	0.00	0.00	4.67	82.66	88.57	0.00	40	0	43	0.00	0.00	62.44	7.43	0.00	0.00	2000
230	11.15	2048	2115	0.00	213	0	0	0	nan	0.00	0.00	5.06	84.46	88.85	0.00	41	0	42	0.00	0.00	64.90	7.42	0.00	0.00	2000
226	10.98	2074	2085	0.00	198	0	0	0	nan	0.00	0.00	4.45	84.09	89.02	0.00	41	0	42	0.00	0.00	65.10	7.58	0.00	0.00	2000
230	10.92	2093	2115	0.00	199	0	0	0	nan	0.00	0.00	4.74	85.01	89.08	0.00	41	0	42	0.00	0.00	63.27	7.57	0.00	0.00	2000
233	10.86	2123	2123	0.00	227	0	0	0	nan	0.00	0.00	5.31	84.84	89.14	0.00	40	0	42	0.00	0.00	68.04	8.36	0.00	0.00	2000
230	10.85	2119	2102	0.00	204	0	0	0	nan	0.00	0.00	3.27	86.06	89.15	0.00	41	0	43	0.00	0.00	65.58	7.28	0.00	0.00	2000
228	10.87	2101	2099	0.00	203	0	0	0	nan	0.00	0.00	3.84	85.35	89.13	0.00	41	0	42	0.00	0.00	64.79	7.66	0.00	0.00	2000
228	10.87	2126	2071	0.00	209	0	0	0	nan	0.00	0.00	6.21	81.68	89.13	0.00	40	0	43	0.00	0.00	61.71	7.33	0.00	0.00	2000
235	11.03	2097	2130	0.72	218	0	0	5	86.19	0.00	0.03	4.36	85.83	88.97	0.00	40	0	42	0.00	0.00	69.23	8.06	0.00	0.00	2000
228	10.76	2127	2090	0.06	198	0	0	0	nan	0.00	0.06	4.81	84.05	89.24	0.00	40	0	42	0.00	0.00	64.32	7.56	0.00	0.00	2000
230	10.81	2120	2105	0.00	211	0	0	0	nan	0.00	0.63	5.04	83.91	89.19	0.00	40	0	43	0.00	0.00	64.37	7.47	0.00	0.00	2000
226	10.82	2110	2084	0.00	204	0	0	0	nan	0.00	0.00	3.67	84.91	89.18	0.00	41	0	43	0.00	0.00	64.58	7.33	0.00	0.00	2000
232	10.89	2108	2120	0.00	220	0	0	0	nan	0.00	0.00	3.72	86.28	89.11	0.00	41	0	42	0.00	0.00	66.58	7.75	0.00	0.00	2000
230	10.85	2128	2096	0.00	204	0	0	0	nan	0.00	0.02	4.05	84.89	89.15	0.00	40	0	42	0.00	0.00	65.72	8.85	0.00	0.00	2000
227	11.12	2042	2097	0.00	212	0	0	0	nan	0.00	0.00	3.58	85.34	88.88	0.00	40	0	42	0.00	0.00	65.03	8.90	0.00	0.00	2000
234	11.56	2041	2083	0.00	204	0	0	0	nan	0.00	0.02	3.71	84.12	88.44	0.00	41	0	42	0.00	0.00	64.45	7.90	0.00	0.00	2000
221	11.09	1993	2098	0.00	218	0	0	0	nan	0.00	0.00	3.56	85.36	88.91	0.00	40	0	42	0.00	0.00	64.52	7.92	0.00	0.00	2000
145	9.19	1572	2100	0.00	229	0	0	0	nan	0.00	0.00	10.07	80.91	90.81	0.00	38	0	42	0.00	0.00	60.17	7.33	0.00	0.00	2000
76	7.35	1028	2122	0.00	209	0	0	0	nan	0.00	0.00	4.84	88.93	92.65	0.00	37	0	42	0.00	0.00	60.20	7.93	0.00	0.00	2000
74	6.97	1064	2094	0.00	193	0	0	0	nan	0.00	0.00	3.68	89.35	93.03	0.00	37	0	42	0.00	0.00	57.65	7.44	0.00	0.00	2000
