Avg_MHz	Busy%	Bzy_MHz	TSC_MHz	IPC	IRQ	NMI	SMI	LLCMRPS	LLC%hit	POLL%	C1%	C1E%	C6%	CPU%c1	CPU%c6	CoreTmp	CoreThr	PkgTmp	Pkg%pc2	Pkg%pc6	PkgWatt	RAMWatt	PKG_%	RAM_%	UncMHz
334	17.75	1863	2122	0.00	242	0	0	0	nan	0.00	0.01	34.78	48.36	82.25	0.00	37	0	42	0.00	0.00	65.04	7.84	0.00	0.00	2000
448	19.75	2266	2101	0.00	238	0	0	0	nan	0.05	1.03	18.02	61.43	80.25	0.00	37	0	42	0.00	0.00	66.68	7.52	0.00	0.00	2000
79	6.73	1162	2121	0.00	212	0	0	0	nan	0.00	0.00	9.64	84.53	93.27	0.00	37	0	42	0.00	0.00	60.80	7.71	0.00	0.00	2000
74	6.49	1132	2104	0.00	193	0	0	0	nan	0.00	0.02	3.37	90.37	93.51	0.00	37	0	42	0.00	0.00	56.51	7.32	0.00	0.00	2000
75	6.55	1143	2100	0.00	193	0	0	0	nan	0.00	0.00	4.06	89.36	93.45	0.00	37	0	42	0.00	0.00	58.74	7.60	0.00	0.00	2000
74	6.79	1085	2110	0.00	193	0	0	0	nan	0.00	0.04	3.91	89.67	93.21	0.00	37	0	42	0.00	0.00	57.76	7.50	0.00	0.00	2000
74	6.59	1120	2101	0.00	194	0	0	0	nan	0.00	0.00	3.72	89.78	93.41	0.00	37	0	42	0.00	0.00	58.37	7.60	0.00	0.00	2000
75	6.95	1086	2099	0.00	193	0	0	0	nan	0.00	0.00	3.95	89.12	93.05	0.00	37	0	42	0.00	0.00	57.77	7.63	0.00	0.00	2000
71	6.70	1077	2071	0.00	194	0	0	0	nan	0.00	0.00	3.26	88.85	93.30	0.00	37	0	42	0.00	0.00	57.20	7.59	0.00	0.00	2000
74	6.72	1085	2131	0.00	193	0	0	0	nan	0.01	0.03	2.06	92.58	93.28	0.00	37	0	42	0.00	0.00	57.00	7.27	0.00	0.00	2000
74	6.48	1145	2101	0.00	193	0	0	0	nan	0.00	0.02	3.03	90.54	93.52	0.00	37	0	42	0.00	0.00	58.14	7.55	0.00	0.00	2000
72	6.67	1087	2098	0.00	194	0	0	0	nan	0.00	0.02	3.00	90.32	93.33	0.00	37	0	43	0.00	0.00	59.07	7.76	0.00	0.00	2000
118	8.38	1408	2104	0.00	193	0	0	0	nan	0.00	0.00	4.10	87.76	91.62	0.00	37	0	43	0.00	0.00	59.63	7.83	0.00	0.00	2000
72	6.71	1076	2103	0.00	194	0	0	0	nan	0.00	0.00	3.93	89.59	93.29	0.00	37	0	43	0.00	0.00	57.90	7.58	0.00	0.00	2000
73	6.67	1091	2098	0.00	193	0	0	0	nan	0.00	0.01	3.37	89.90	93.33	0.00	37	0	42	0.00	0.00	59.03	7.78	0.00	0.00	2000
74	6.32	1164	2107	0.00	194	0	0	0	nan	0.00	0.00	3.27	90.57	93.68	0.00	37	0	42	0.00	0.00	57.78	7.42	0.00	0.00	2000
74	6.45	1159	2087	0.30	198	0	0	1	71.95	0.00	0.00	3.90	89.17	93.55	0.00	37	0	42	0.00	0.00	58.26	7.60	0.00	0.00	2000
76	6.99	1091	2095	0.16	197	0	0	0	nan	0.00	0.00	6.40	86.43	93.01	0.00	37	0	42	0.00	0.00	57.53	7.40	0.00	0.00	2000
154	8.79	1738	2117	0.00	229	0	0	0	nan	0.02	0.00	6.66	85.14	91.21	0.00	38	0	42	0.00	0.00	63.80	7.98	0.00	0.00	2000
228	10.99	2086	2089	0.00	204	0	0	0	nan	0.00	0.00	4.06	84.57	89.01	0.00	40	0	42	0.00	0.00	62.88	7.31	0.00	0.00	2000
227	10.77	2124	2079	0.00	203	0	0	0	nan	0.00	0.00	2.75	85.68	89.23	0.00	41	0	42	0.00	0.00	61.79	7.20	0.00	0.00	2000
235	10.87	2134	2127	0.00	204	0	0	0	nan	0.00	0.02	2.42	87.89	89.14	0.00	40	0	43	0.00	0.00	66.13	7.71	0.00	0.00	2000
231	11.27	2052	2096	0.00	220	0	0	0	nan	0.00	0.02	5.51	83.11	88.73	0.00	39	0	42	0.00	0.00	65.92	7.56	0.00	0.00	2000
226	10.99	2055	2099	0.00	197	0	0	0	nan	0.00	0.00	6.83	82.27	89.01	0.00	38	0	43	0.00	0.00	62.03	7.61	0.00	0.00	2000
221	10.79	2048	2104	0.00	196	0	0	0	nan	0.00	0.03	5.65	83.83	89.21	0.00	38	0	42	0.00	0.00	65.30	7.95	0.00	0.00	2000
224	11.36	1981	2094	0.00	199	0	0	0	nan	0.00	0.52	6.17	81.80	88.64	0.00	38	0	43	0.00	0.00	65.57	8.13	0.00	0.00	2000
235	11.19	2106	2091	0.00	202	0	0	0	nan	0.00	0.56	3.25	84.75	88.81	0.00	38	0	43	0.00	0.00	65.78	7.83	0.00	0.00	2000
232	11.35	2045	2099	0.00	199	0	0	0	nan	0.00	0.00	6.56	82.15	88.65	0.00	38	0	42	0.00	0.00	65.57	7.60	0.00	0.00	2000
229	10.68	2148	2099	0.00	197	0	0	0	nan	0.00	0.00	6.57	82.74	89.32	0.00	39	0	42	0.00	0.00	65.46	7.71	0.00	0.00	2000
233	11.37	2045	2105	0.00	200	0	0	0	nan	0.00	0.00	6.98	81.95	88.63	0.00	39	0	42	0.00	0.00	65.18	7.56	0.00	0.00	2000
229	11.01	2085	2097	0.00	198	0	0	0	nan	0.00	0.00	6.04	82.89	88.99	0.00	39	0	43	0.00	0.00	64.60	7.48	0.00	0.00	2000
232	11.31	2051	2097	0.00	201	0	0	0	nan	0.00	0.00	6.83	81.84	88.69	0.00	39	0	43	0.00	0.00	64.62	7.44	0.00	0.00	2000
231	11.00	2093	2104	0.00	205	0	0	0	nan	0.00	0.00	5.40	83.85	89.00	0.00	39	0	42	0.00	0.00	65.32	7.58	0.00	0.00	2000
229	11.07	2070	2095	0.61	198	0	0	18	91.90	0.00	0.00	5.63	83.24	88.93	0.00	39	0	42	0.00	0.00	65.53	7.61	0.00	0.00	2000
231	11.24	2043	2110	0.28	197	0	0	0	nan	0.00	0.00	5.84	83.43	88.76	0.00	39	0	42	0.00	0.00	64.24	7.36	0.00	0.00	2000
224	11.27	2054	2034	0.00	198	0	0	0	nan	0.00	0.00	4.66	81.39	88.73	0.00	40	0	42	0.00	0.00	62.82	7.35	0.00	0.00	2000
239	11.28	2059	2163	0.00	220	0	0	0	nan	0.00	0.00	6.10	85.36	88.72	0.00	39	0	42	0.00	0.00	68.72	8.02	0.00	0.00	2000
233	11.18	2076	2109	0.00	200	0	0	0	nan	0.00	0.07	5.83	83.43	88.82	0.00	39	0	42	0.00	0.00	64.91	7.50	0.00	0.00	2000
232	11.52	2025	2090	0.00	199	0	0	0	nan	0.00	0.04	5.35	82.80	88.48	0.00	38	0	42	0.00	0.00	63.83	7.65	0.00	0.00	2000
233	11.32	2084	2075	0.00	196	0	0	0	nan	0.04	0.01	7.60	80.05	88.68	0.00	38	0	42	0.00	0.00	62.63	7.62	0.00	0.00	2000
239	11.29	2085	2131	0.00	215	0	0	0	nan	0.00	1.00	7.57	81.62	88.71	0.00	39	0	43	0.00	0.00	66.24	8.27	0.00	0.00	2000
234	11.36	2054	2107	0.00	199	0	0	0	nan	0.00	1.15	5.50	82.41	88.64	0.00	39	0	42	0.00	0.00	64.13	7.98	0.00	0.00	2000
232	11.39	2033	2103	0.00	195	0	0	0	nan	0.01	0.00	7.41	81.47	88.61	0.00	39	0	42	0.00	0.00	64.82	7.80	0.00	0.00	2000
234	11.17	2100	2100	0.00	197	0	0	0	nan	0.00	0.01	4.80	84.09	88.83	0.00	39	0	42	0.00	0.00	66.18	8.22	0.00	0.00	2000
234	11.28	2076	2100	0.00	196	0	0	0	nan	0.00	0.00	7.13	81.75	88.72	0.00	39	0	42	0.00	0.00	64.81	8.09	0.00	0.00	2000
232	11.12	2087	2097	0.00	183	0	0	0	nan	0.00	0.00	5.54	83.33	88.88	0.00	39	0	42	0.00	0.00	62.43	7.63	0.00	0.00	2000
233	11.42	2058	2083	0.00	201	0	0	0	nan	0.00	0.02	6.70	81.27	88.58	0.00	39	0	42	0.00	0.00	63.18	7.76	0.00	0.00	2000
228	11.26	2025	2098	0.00	210	0	0	0	nan	0.00	0.00	8.41	80.46	88.74	0.00	40	0	43	0.00	0.00	64.18	7.70	0.00	0.00	2000
230	11.24	2039	2105	0.00	199	0	0	0	nan	0.00	0.00	7.30	81.85	88.76	0.00	40	0	43	0.00	0.00	64.28	7.38	0.00	0.00	2000
264	12.20	2141	2118	0.00	197	0	0	0	nan	0.00	0.00	7.72	81.00	87.80	0.00	40	0	42	0.00	0.00	66.57	7.69	0.00	0.00	2000
230	11.25	2080	2060	0.45	181	0	0	8	53.24	0.01	0.00	5.52	81.67	88.75	0.00	40	0	42	0.00	0.00	62.53	7.58	0.00	0.00	2000
234	11.22	2054	2130	0.22	217	0	0	0	nan	0.00	0.03	7.24	82.97	88.78	0.00	40	0	42	0.00	0.00	65.18	7.69	0.00	0.00	2000
231	11.14	2093	2077	0.00	184	0	0	0	nan	0.01	0.01	5.44	82.44	88.86	0.00	40	0	42	0.00	0.00	63.58	7.40	0.00	0.00	2000
228	11.01	2057	2115	0.00	214	0	0	0	nan	0.00	0.00	8.73	81.06	88.99	0.00	40	0	43	0.00	0.00	64.09	7.37	0.00	0.00	2000
229	11.27	2029	2107	0.00	197	0	0	0	nan	0.00	0.00	8.43	80.78	88.73	0.00	40	0	43	0.00	0.00	64.10	7.46	0.00	0.00	2000
228	11.30	2033	2087	0.00	194	0	0	0	nan	0.04	0.00	9.04	79.28	88.70	0.00	40	0	43	0.00	0.00	63.86	7.45	0.00	0.00	2000
232	11.19	2063	2110	0.00	200	0	0	0	nan	0.00	0.00	9.69	79.67	88.81	0.00	40	0	42	0.00	0.00	63.89	7.34	0.00	0.00	2000
235	11.35	2063	2108	0.00	206	0	0	0	nan	0.00	0.00	7.11	81.98	88.65	0.00	40	0	42	0.00	0.00	64.54	7.31	0.00	0.00	2000
231	11.18	2071	2093	0.00	201	0	0	0	nan	0.00	0.00	9.39	79.26	88.82	0.00	40	0	42	0.00	0.00	64.48	7.46	0.00	0.00	2000
228	11.07	2056	2100	0.00	180	0	0	0	nan	0.00	0.01	7.81	81.19	88.93	0.00	40	0	42	0.00	0.00	64.68	7.50	0.00	0.00	2000
229	11.18	2043	2106	0.00	199	0	0	0	nan	0.00	0.00	6.16	83.15	88.82	0.00	40	0	43	0.00	0.00	61.34	7.32	0.00	0.00	2000
229	11.12	2096	2066	0.00	196	0	0	0	nan	0.00	0.00	5.69	81.85	88.88	0.00	40	0	42	0.00	0.00	63.34	7.22	0.00	0.00	2000
231	11.08	2055	2134	0.00	201	0	0	0	nan	0.00	0.03	4.78	85.62	88.92	0.00	40	0	42	0.00	0.00	64.29	7.78	0.00	0.00	2000
230	11.05	2066	2117	0.00	197	0	0	0	nan	0.00	0.00	7.07	82.68	88.95	0.00	40	0	42	0.00	0.00	66.61	7.81	0.00	0.00	2000
229	11.07	2133	2035	0.00	195	0	0	0	nan	0.00	0.02	5.97	80.27	88.93	0.00	40	0	42	0.00	0.00	63.39	7.43	0.00	0.00	2000
230	11.12	2039	2136	0.00	215	0	0	0	nan	0.00	0.00	7.33	83.10	88.88	0.00	40	0	42	0.00	0.00	64.46	7.56	0.00	0.00	2000
231	11.07	2076	2115	0.00	198	0	0	0	nan	0.00	0.10	5.39	84.17	88.93	0.00	40	0	43	0.00	0.00	65.08	7.48	0.00	0.00	2000
229	11.07	2079	2093	0.38	201	0	0	7	79.10	0.00	0.02	5.76	82.96	88.93	0.00	40	0	43	0.00	0.00	63.96	7.29	0.00	0.00	2000
232	10.95	2097	2119	0.34	197	0	0	0	89.10	0.00	0.00	8.17	81.71	89.05	0.00	40	0	42	0.00	0.00	64.33	7.45	0.00	0.00	2000
229	11.11	2089	2069	0.00	199	0	0	0	nan	0.00	0.00	6.82	80.80	88.89	0.00	40	0	42	0.00	0.00	64.34	7.37	0.00	0.00	2000
230	10.86	2106	2110	0.00	197	0	0	0	nan	0.00	0.38	8.97	80.34	89.14	0.00	41	0	42	0.00	0.00	63.86	7.51	0.00	0.00	2000
229	10.93	2099	2095	0.00	195	0	0	0	nan	0.00	0.00	8.36	80.61	89.07	0.00	41	0	42	0.00	0.00	64.53	7.43	0.00	0.00	2000
233	11.16	2060	2129	0.00	202	0	0	0	nan	0.00	0.00	8.04	82.13	88.84	0.00	40	0	42	0.00	0.00	63.04	7.14	0.00	0.00	2000
230	11.27	2093	2050	0.00	184	0	0	0	nan	0.00	0.00	6.04	80.67	88.73	0.00	40	0	42	0.00	0.00	65.03	7.43	0.00	0.00	2000
230	11.05	2050	2130	0.00	215	0	0	0	nan	0.00	0.00	8.07	82.26	88.95	0.00	40	0	42	0.00	0.00	64.60	7.33	0.00	0.00	2000
228	11.11	2051	2104	0.00	199	0	0	0	nan	0.00	0.00	7.58	81.60	88.89	0.00	41	0	42	0.00	0.00	63.68	7.36	0.00	0.00	2000
230	11.30	2047	2093	0.00	199	0	0	0	nan	0.00	0.00	7.32	81.25	88.70	0.00	40	0	42	0.00	0.00	63.99	7.42	0.00	0.00	2000
233	11.17	2061	2124	0.00	203	0	0	0	nan	0.06	0.00	10.00	79.98	88.83	0.00	41	0	42	0.00	0.00	62.72	7.24	0.00	0.00	2000
231	10.97	2110	2093	0.00	185	0	0	0	nan	0.00	0.03	7.09	81.56	89.03	0.00	40	0	42	0.00	0.00	64.43	7.38	0.00	0.00	2000
227	11.15	2076	2061	0.00	198	0	0	0	nan	0.00	0.00	6.93	80.36	88.85	0.00	40	0	42	0.00	0.00	65.68	7.56	0.00	0.00	2000
229	10.95	2063	2131	0.00	215	0	0	0	nan	0.00	0.09	5.34	85.10	89.05	0.00	40	0	42	0.00	0.00	64.06	7.41	0.00	0.00	2000
229	11.14	2067	2086	0.00	200	0	0	0	nan	0.01	0.02	5.21	83.11	88.86	0.00	40	0	42	0.00	0.00	64.29	7.31	0.00	0.00	2000
231	11.05	2086	2104	0.00	203	0	0	0	nan	0.03	0.00	7.45	81.71	88.95	0.00	40	0	42	0.00	0.00	64.22	7.47	0.00	0.00	2000
229	10.77	2104	2119	0.00	197	0	0	0	nan	0.00	0.44	8.52	81.13	89.23	0.00	41	0	42	0.00	0.00	62.93	7.09	0.00	0.00	2000
229	11.07	2092	2079	0.26	182	0	0	8	60.17	0.00	0.01	6.21	81.99	88.93	0.00	40	0	42	0.00	0.00	65.29	7.84	0.00	0.00	2000
231	11.29	2046	2100	0.84	215	0	0	2	90.74	0.00	0.00	7.79	80.92	88.71	0.00	41	0	42	0.00	0.00	64.25	7.42	0.00	0.00	2000
226	11.17	2084	2042	0.00	198	0	0	0	nan	0.00	0.00	7.66	78.86	88.83	0.00	40	0	42	0.00	0.00	59.37	6.77	0.00	0.00	2000
233	11.10	2041	2163	0.00	216	0	0	0	nan	0.00	0.00	7.61	84.10	88.90	0.00	40	0	42	0.00	0.00	66.40	7.74	0.00	0.00	2000
230	11.13	2063	2104	0.00	196	0	0	0	nan	0.00	0.00	10.39	78.79	88.87	0.00	40	0	42	0.00	0.00	64.24	7.43	0.00	0.00	2000
228	10.93	2077	2106	0.00	197	0	0	0	nan	0.00	0.00	7.64	81.86	89.07	0.00	40	0	42	0.00	0.00	63.75	7.35	0.00	0.00	2000
229	11.20	2041	2104	0.00	199	0	0	0	nan	0.00	0.00	7.09	81.99	88.80	0.00	40	0	42	0.00	0.00	64.11	7.36	0.00	0.00	2000
228	11.10	2061	2097	0.00	198	0	0	0	nan	0.00	0.00	7.47	81.36	88.90	0.00	40	0	42	0.00	0.00	63.99	7.32	0.00	0.00	2000
242	11.86	2037	2103	0.00	203	0	0	0	nan	0.04	0.00	10.79	77.62	88.14	0.00	40	0	42	0.00	0.00	64.18	7.28	0.00	0.00	2000
229	11.17	2050	2097	0.00	196	0	0	0	nan	0.00	0.00	9.29	79.53	88.83	0.00	40	0	42	0.00	0.00	64.46	7.44	0.00	0.00	2000
229	11.21	2040	2104	0.00	199	0	0	0	nan	0.00	0.00	7.96	81.14	88.79	0.00	40	0	42	0.00	0.00	63.58	7.69	0.00	0.00	2000
229	11.04	2084	2089	0.00	195	0	0	0	nan	0.03	0.05	5.05	83.53	88.96	0.00	40	0	42	0.00	0.00	64.01	7.41	0.00	0.00	2000
230	11.01	2063	2123	0.00	198	0	0	0	nan	0.00	0.05	5.59	84.41	88.99	0.00	40	0	42	0.00	0.00	66.01	7.50	0.00	0.00	2000
246	11.90	2111	2056	0.00	181	0	0	0	nan	0.00	0.05	6.74	79.55	88.10	0.00	40	0	42	0.00	0.00	62.31	7.37	0.00	0.00	2000
230	11.04	2053	2135	0.00	220	0	0	0	nan	0.00	0.01	7.75	82.82	88.96	0.00	40	0	42	0.00	0.00	65.58	7.75	0.00	0.00	2000
229	11.23	2053	2088	0.00	188	0	0	0	nan	0.00	0.01	9.98	78.46	88.77	0.00	40	0	42	0.00	0.00	63.04	7.33	0.00	0.00	2000
229	11.09	2055	2106	0.00	211	0	0	0	nan	0.00	0.00	8.31	80.96	88.91	0.00	40	0	42	0.00	0.00	64.77	7.39	0.00	0.00	2000
227	11.00	2060	2105	0.08	181	0	0	3	90.36	0.00	0.00	7.39	81.93	89.00	0.00	40	0	42	0.00	0.00	64.13	7.40	0.00	0.00	2000
233	11.28	2083	2081	0.63	213	0	0	4	92.43	0.00	0.00	8.11	79.93	88.72	0.00	40	0	42	0.00	0.00	63.44	7.28	0.00	0.00	2000
230	11.04	2081	2106	0.00	202	0	0	0	nan	0.04	0.00	8.98	80.29	88.96	0.00	40	0	42	0.00	0.00	64.34	7.40	0.00	0.00	2000
229	10.95	2074	2120	0.00	194	0	0	0	nan	0.00	0.00	9.77	80.20	89.05	0.00	40	0	42	0.00	0.00	64.51	7.46	0.00	0.00	2000
229	11.05	2090	2082	0.00	197	0	0	0	nan	0.00	0.02	6.18	82.05	88.95	0.00	41	0	43	0.00	0.00	63.67	7.43	0.00	0.00	2000
229	11.11	2066	2100	0.00	199	0	0	0	nan	0.00	0.00	7.16	81.80	88.89	0.00	40	0	43	0.00	0.00	64.20	7.38	0.00	0.00	2000
230	11.09	2058	2120	0.00	198	0	0	0	nan	0.00	0.00	8.00	81.88	88.91	0.00	40	0	42	0.00	0.00	66.14	8.55	0.00	0.00	2000
230	10.93	2123	2082	0.00	185	0	0	0	nan	0.00	0.02	5.44	82.93	89.07	0.00	41	0	43	0.00	0.00	64.36	7.48	0.00	0.00	2000
228	10.95	2089	2096	0.00	200	0	0	0	nan	0.00	0.08	4.95	83.97	89.05	0.00	41	0	42	0.00	0.00	63.45	7.53	0.00	0.00	2000
230	11.03	2082	2107	0.00	214	0	0	0	nan	0.03	0.02	4.26	85.09	88.97	0.00	41	0	42	0.00	0.00	64.29	7.50	0.00	0.00	2000
230	10.96	2103	2093	0.00	199	0	0	0	nan	0.00	0.00	6.41	82.31	89.04	0.00	41	0	42	0.00	0.00	64.47	7.59	0.00	0.00	2000
232	11.01	2075	2130	0.00	200	0	0	0	nan	0.00	0.00	9.11	81.15	88.99	0.00	41	0	42	0.00	0.00	65.73	7.58	0.00	0.00	2000
230	11.25	2050	2094	0.00	185	0	0	0	nan	0.00	0.00	6.66	81.95	88.75	0.00	41	0	42	0.00	0.00	62.49	7.26	0.00	0.00	2000
229	11.21	2042	2103	0.00	198	0	0	0	nan	0.00	0.02	6.96	82.12	88.79	0.00	40	0	42	0.00	0.00	62.23	7.24	0.00	0.00	2000
227	11.25	2081	2033	0.00	199	0	0	0	nan	0.00	0.00	6.32	79.79	88.75	0.00	40	0	42	0.00	0.00	63.79	7.76	0.00	0.00	2000
230	11.05	2033	2148	0.00	211	0	0	0	nan	0.00	0.00	7.40	83.70	88.95	0.00	41	0	42	0.00	0.00	66.92	7.91	0.00	0.00	2000
228	11.14	2031	2116	0.00	198	0	0	0	nan	0.00	0.00	8.32	81.39	88.86	0.00	41	0	42	0.00	0.00	64.90	7.66	0.00	0.00	2000
232	11.24	2058	2107	0.00	185	0	0	3	50.18	0.00	0.00	8.63	80.60	88.76	0.00	41	0	42	0.00	0.00	65.18	7.75	0.00	0.00	2000
230	11.19	2065	2088	1.44	199	0	0	5	46.61	0.04	0.00	8.79	79.64	88.81	0.00	41	0	42	0.00	0.00	62.29	7.14	0.00	0.00	2000
228	11.33	2041	2071	0.00	198	0	0	0	nan	0.00	0.00	5.99	81.61	88.67	0.00	41	0	42	0.00	0.00	62.05	7.19	0.00	0.00	2000
228	11.33	1983	2131	0.00	199	0	0	0	nan	0.00	0.00	7.35	82.87	88.67	0.00	41	0	42	0.00	0.00	67.46	7.87	0.00	0.00	2000
229	11.17	2066	2081	0.00	197	0	0	0	nan	0.00	0.00	5.94	82.21	88.83	0.00	40	0	43	0.00	0.00	63.40	7.64	0.00	0.00	2000
232	11.41	2009	2121	0.00	219	0	0	0	nan	0.00	0.08	8.22	81.41	88.59	0.00	41	0	42	0.00	0.00	65.14	7.95	0.00	0.00	2000
230	10.86	2127	2092	0.00	178	0	0	0	nan	0.00	1.41	3.09	84.53	89.14	0.00	41	0	42	0.00	0.00	64.63	7.51	0.00	0.00	2000
227	10.90	2065	2120	0.00	211	0	0	0	nan	0.00	0.00	6.96	83.08	89.10	0.00	41	0	42	0.00	0.00	66.53	7.68	0.00	0.00	2000
229	10.78	2136	2090	0.00	182	0	0	0	nan	0.00	0.98	6.51	81.48	89.22	0.00	41	0	42	0.00	0.00	60.78	7.05	0.00	0.00	2000
232	10.90	2116	2109	0.00	197	0	0	0	nan	0.00	0.01	6.59	82.93	89.10	0.00	41	0	42	0.00	0.00	66.67	7.64	0.00	0.00	2000
230	11.10	2101	2067	0.00	197	0	0	0	nan	0.00	0.02	6.78	80.84	88.90	0.00	41	0	42	0.00	0.00	64.02	7.50	0.00	0.00	2000
232	11.23	2051	2118	0.00	201	0	0	0	nan	0.00	0.00	7.99	81.68	88.77	0.00	40	0	42	0.00	0.00	65.46	8.29	0.00	0.00	2000
229	11.13	2063	2098	0.00	197	0	0	0	nan	0.00	0.00	7.67	81.27	88.87	0.00	41	0	42	0.00	0.00	64.60	7.95	0.00	0.00	2000
229	11.12	2039	2118	0.00	198	0	0	0	nan	0.00	0.00	8.15	81.61	88.88	0.00	41	0	42	0.00	0.00	63.61	7.44	0.00	0.00	2000
229	11.14	2068	2088	0.00	182	0	0	0	nan	0.00	0.00	5.73	82.82	88.86	0.00	41	0	42	0.00	0.00	61.99	7.27	0.00	0.00	2000
229	10.94	2087	2108	0.00	197	0	0	0	nan	0.00	0.02	4.95	84.51	89.06	0.00	41	0	43	0.00	0.00	65.38	7.68	0.00	0.00	2000
230	11.08	2112	2059	0.00	200	0	0	0	nan	0.00	0.00	4.78	82.47	88.92	0.00	41	0	42	0.00	0.00	64.75	7.44	0.00	0.00	2000
230	10.99	2066	2127	0.00	202	0	0	0	93.78	0.00	0.01	4.93	85.31	89.01	0.00	42	0	42	0.00	0.00	62.07	7.42	0.00	0.00	2000
223	11.35	2174	1901	0.78	198	0	0	5	39.48	0.00	0.01	4.00	76.33	88.65	0.00	40	0	42	0.00	0.00	53.80	6.35	0.00	0.00	2000
234	10.37	2044	2319	0.02	230	0	0	0	nan	0.00	0.02	7.41	91.60	89.63	0.00	37	0	42	0.00	0.00	74.69	8.90	0.00	0.00	2000
229	10.82	2135	2077	0.00	216	0	0	0	nan	0.00	0.52	5.53	82.18	89.18	0.00	37	0	42	0.00	0.00	64.93	7.70	0.00	0.00	2000
231	11.16	2072	2094	0.00	198	0	0	0	nan	0.00	1.95	3.70	83.08	88.84	0.00	38	0	42	0.00	0.00	64.73	7.60	0.00	0.00	2000
237	11.19	2065	2157	0.00	214	0	0	0	nan	0.00	0.20	10.07	81.09	88.81	0.00	38	0	42	0.00	0.00	67.20	7.73	0.00	0.00	2000
228	11.15	2049	2095	0.00	181	0	0	0	nan	0.00	0.00	8.29	80.53	88.85	0.00	38	0	43	0.00	0.00	64.01	7.47	0.00	0.00	2000
229	11.21	2049	2090	0.00	215	0	0	0	nan	0.00	0.02	6.97	81.53	88.79	0.00	39	0	42	0.00	0.00	63.04	7.35	0.00	0.00	2000
230	11.32	2024	2109	0.00	195	0	0	0	nan	0.00	0.00	5.04	84.16	88.68	0.00	40	0	43	0.00	0.00	64.35	7.36	0.00	0.00	2000
229	11.29	2033	2097	0.00	195	0	0	0	nan	0.00	0.00	4.56	84.18	88.71	0.00	40	0	42	0.00	0.00	64.27	7.40	0.00	0.00	2000
225	11.14	2094	2026	0.00	194	0	0	0	nan	0.00	0.00	5.37	80.45	88.86	0.00	41	0	43	0.00	0.00	58.42	6.81	0.00	0.00	2000
231	10.88	2075	2154	0.00	196	0	0	0	nan	0.00	0.00	3.58	87.93	89.12	0.00	41	0	43	0.00	0.00	69.87	8.15	0.00	0.00	2000
228	11.23	2018	2112	0.00	211	0	0	0	nan	0.00	0.00	4.47	84.96	88.77	0.00	40	0	42	0.00	0.00	63.95	7.41	0.00	0.00	2000
230	10.80	2118	2115	0.00	196	0	0	0	nan	0.00	0.00	6.34	83.54	89.20	0.00	41	0	43	0.00	0.00	64.56	7.44	0.00	0.00	2000
225	11.30	2084	2004	0.00	194	0	0	0	nan	0.00	0.00	4.67	80.09	88.70	0.00	39	0	43	0.00	0.00	57.25	6.76	0.00	0.00	2000
231	10.68	2074	2194	0.00	194	0	0	0	nan	0.00	0.02	3.47	89.94	89.32	0.00	40	0	42	0.00	0.00	69.93	8.12	0.00	0.00	2000
227	11.04	2055	2101	0.00	195	0	0	0	nan	0.00	0.00	4.38	84.78	88.96	0.00	40	0	43	0.00	0.00	64.07	7.52	0.00	0.00	2000
227	11.31	2084	2026	0.01	196	0	0	1	88.20	0.00	0.00	3.25	82.35	88.69	0.00	41	0	42	0.00	0.00	62.09	7.11	0.00	0.00	2000
231	10.79	2066	2177	0.84	209	0	0	6	90.67	0.00	0.00	3.85	88.65	89.21	0.00	38	0	42	0.00	0.00	66.59	7.78	0.00	0.00	2000
230	11.24	2033	2113	0.00	211	0	0	0	nan	0.00	0.00	4.54	84.80	88.76	0.00	37	0	42	0.00	0.00	64.18	7.61	0.00	0.00	2000
227	11.15	2033	2108	0.00	179	0	0	0	nan	0.00	0.00	4.06	85.23	88.85	0.00	37	0	42	0.00	0.00	65.51	7.98	0.00	0.00	2000
229	11.18	2074	2077	0.00	204	0	0	0	nan	0.00	0.00	4.51	83.45	88.82	0.00	37	0	42	0.00	0.00	65.19	7.41	0.00	0.00	2000
228	11.30	2051	2070	0.00	195	0	0	0	nan	0.00	0.02	2.55	84.92	88.70	0.00	38	0	42	0.00	0.00	62.58	7.41	0.00	0.00	2000
229	10.96	2042	2150	0.00	195	0	0	0	nan	0.00	0.00	2.50	88.72	89.04	0.00	38	0	42	0.00	0.00	65.27	7.69	0.00	0.00	2000
227	11.33	2037	2066	0.00	197	0	0	0	nan	0.01	0.03	3.74	83.59	88.67	0.00	37	0	42	0.00	0.00	63.05	8.03	0.00	0.00	2000
232	11.14	2060	2119	0.00	214	0	0	0	nan	0.00	0.00	5.01	84.75	88.86	0.00	38	0	42	0.00	0.00	66.44	9.74	0.00	0.00	2000
230	11.11	2066	2106	0.00	179	0	0	0	nan	0.00	0.00	4.58	84.67	88.89	0.00	38	0	42	0.00	0.00	63.78	7.78	0.00	0.00	2000
233	10.97	2137	2090	0.00	212	0	0	0	nan	0.00	0.00	4.76	83.89	89.03	0.00	38	0	42	0.00	0.00	64.72	7.73	0.00	0.00	2000
194	9.73	1975	2120	0.00	200	0	0	0	nan	0.00	0.00	7.17	83.94	90.27	0.00	37	0	42	0.00	0.00	65.99	7.97	0.00	0.00	2000
113	8.85	1296	2075	0.00	226	0	0	0	nan	0.00	0.00	12.77	77.38	91.15	0.00	37	0	42	0.00	0.00	59.52	7.43	0.00	0.00	2000
81	6.94	1140	2138	0.00	194	0	0	0	nan	0.00	0.01	2.29	92.44	93.06	0.00	37	0	42	0.00	0.00	59.90	7.84	0.00	0.00	2000
73	6.34	1167	2075	0.00	193	0	0	0	nan	0.00	0.00	3.06	89.52	93.66	0.00	37	0	42	0.00	0.00	54.84	7.18	0.00	0.00	2000
73	6.65	1083	2123	0.00	193	0	0	0	nan	0.00	0.02	2.21	92.14	93.35	0.00	37	0	42	0.00	0.00	61.11	7.90	0.00	0.00	2000
76	6.81	1116	2103	0.00	178	0	0	0	nan	0.00	0.00	4.31	89.08	93.19	0.00	37	0	43	0.00	0.00	56.90	7.30	0.00	0.00	2000
