Avg_MHz	Busy%	Bzy_MHz	TSC_MHz	IPC	IRQ	NMI	SMI	LLCMRPS	LLC%hit	POLL%	C1%	C1E%	C6%	CPU%c1	CPU%c6	CoreTmp	CoreThr	PkgTmp	Pkg%pc2	Pkg%pc6	PkgWatt	RAMWatt	PKG_%	RAM_%	UncMHz
371	18.21	2016	2125	0.00	316	0	0	0	nan	0.01	0.15	27.25	55.45	81.79	0.00	37	0	42	0.00	0.00	66.18	8.14	0.00	0.00	2000
424	19.80	2108	2135	0.00	239	0	0	0	nan	0.01	1.01	20.46	60.35	80.20	0.00	37	0	42	0.00	0.00	68.19	7.77	0.00	0.00	2000
78	6.82	1144	2106	0.00	194	0	0	0	nan	0.00	0.00	7.75	85.89	93.18	0.00	37	0	42	0.00	0.00	58.25	7.68	0.00	0.00	2000
72	6.84	1057	2080	0.00	193	0	0	0	nan	0.00	0.00	3.99	88.39	93.16	0.00	37	0	42	0.00	0.00	56.40	7.35	0.00	0.00	2000
73	7.07	1020	2132	0.00	192	0	0	0	nan	0.01	0.00	1.92	92.64	92.93	0.00	37	0	42	0.00	0.00	60.74	7.94	0.00	0.00	2000
72	6.79	1066	2078	0.00	193	0	0	0	nan	0.00	0.02	2.55	89.72	93.21	0.00	37	0	43	0.00	0.00	56.46	7.26	0.00	0.00	2000
73	6.70	1078	2119	0.00	194	0	0	0	nan	0.00	0.01	3.03	91.22	93.30	0.00	37	0	42	0.00	0.00	57.52	7.51	0.00	0.00	2000
72	6.64	1084	2099	0.00	194	0	0	0	nan	0.00	0.02	3.03	90.38	93.36	0.00	37	0	42	0.00	0.00	58.23	7.38	0.00	0.00	2000
74	6.50	1132	2106	0.00	194	0	0	0	nan	0.00	0.00	2.48	91.36	93.50	0.00	37	0	42	0.00	0.00	59.59	7.63	0.00	0.00	2000
73	6.60	1106	2092	0.00	192	0	0	0	nan	0.00	0.02	2.83	90.27	93.40	0.00	37	0	42	0.00	0.00	56.04	7.23	0.00	0.00	2000
75	6.71	1115	2107	0.00	194	0	0	0	nan	0.00	0.00	2.57	91.09	93.29	0.00	37	0	42	0.00	0.00	58.16	7.33	0.00	0.00	2000
75	6.73	1105	2107	0.00	194	0	0	0	nan	0.00	0.00	3.12	90.39	93.27	0.00	37	0	42	0.00	0.00	59.10	7.78	0.00	0.00	2000
75	6.98	1074	2093	0.00	198	0	0	0	nan	0.00	0.00	4.65	88.18	93.02	0.00	37	0	42	0.00	0.00	57.97	7.47	0.00	0.00	2000
72	6.76	1064	2101	0.00	193	0	0	0	nan	0.00	0.00	3.64	89.72	93.24	0.00	37	0	42	0.00	0.00	55.78	7.22	0.00	0.00	2000
73	6.76	1081	2103	0.00	193	0	0	0	nan	0.00	0.00	3.63	89.86	93.24	0.00	37	0	42	0.00	0.00	57.72	7.65	0.00	0.00	2000
71	6.87	1048	2072	0.00	194	0	0	0	83.64	0.01	0.00	3.33	88.73	93.13	0.00	37	0	42	0.00	0.00	58.49	7.61	0.00	0.00	2000
73	7.00	1037	2128	0.30	194	0	0	1	84.15	0.00	0.00	2.40	92.01	93.00	0.00	37	0	42	0.00	0.00	60.03	7.78	0.00	0.00	2000
72	6.93	1034	2099	0.11	193	0	0	0	nan	0.00	0.00	2.74	90.47	93.07	0.00	37	0	42	0.00	0.00	55.51	7.07	0.00	0.00	2000
160	8.82	1839	2077	0.00	216	0	0	0	nan	0.00	0.78	5.42	84.08	91.18	0.00	38	0	42	0.00	0.00	63.06	7.43	0.00	0.00	2000
231	10.89	2104	2114	0.00	204	0	0	0	nan	0.00	0.00	3.83	85.98	89.11	0.00	40	0	42	0.00	0.00	65.95	7.63	0.00	0.00	2000
228	11.40	2027	2075	0.00	204	0	0	0	nan	0.00	0.00	3.68	84.04	88.60	0.00	40	0	42	0.00	0.00	62.85	7.29	0.00	0.00	2000
229	11.03	2078	2103	0.00	213	0	0	0	nan	0.00	0.00	4.47	84.60	88.97	0.00	40	0	42	0.00	0.00	65.39	7.56	0.00	0.00	2000
239	11.71	2013	2127	0.00	212	0	0	0	nan	0.00	0.00	8.10	81.50	88.29	0.00	38	0	42	0.00	0.00	64.87	7.66	0.00	0.00	2000
224	11.12	2011	2100	0.00	197	0	0	0	nan	0.00	0.00	5.89	83.22	88.88	0.00	38	0	43	0.00	0.00	65.48	8.27	0.00	0.00	2000
220	10.87	2064	2059	0.00	197	0	0	0	nan	0.00	0.47	2.83	84.29	89.13	0.00	37	0	42	0.00	0.00	58.90	7.07	0.00	0.00	2000
228	10.61	2126	2126	0.00	234	0	0	0	nan	0.01	0.44	5.59	84.43	89.39	0.00	37	0	42	0.00	0.00	69.82	8.06	0.00	0.00	2000
232	11.19	2078	2092	0.00	198	0	0	0	nan	0.00	0.02	5.31	83.26	88.81	0.00	38	0	43	0.00	0.00	67.79	8.03	0.00	0.00	2000
236	11.22	2062	2137	0.00	197	0	0	0	nan	0.00	0.00	4.65	85.75	88.78	0.00	38	0	42	0.00	0.00	66.52	7.74	0.00	0.00	2000
226	11.33	2018	2075	0.00	199	0	0	0	nan	0.00	0.00	4.87	82.82	88.67	0.00	38	0	42	0.00	0.00	62.16	7.08	0.00	0.00	2000
229	11.01	2096	2081	0.00	198	0	0	0	nan	0.00	0.00	5.05	83.20	88.99	0.00	38	0	42	0.00	0.00	62.92	7.38	0.00	0.00	2000
231	10.89	2101	2118	0.00	217	0	0	0	nan	0.00	0.02	4.74	85.17	89.11	0.00	38	0	43	0.00	0.00	68.53	7.89	0.00	0.00	2000
237	11.64	2041	2095	0.00	215	0	0	0	nan	0.00	0.00	6.74	81.47	88.36	0.00	39	0	42	0.00	0.00	63.64	7.45	0.00	0.00	2000
237	11.33	2057	2134	0.00	204	0	0	9	84.54	0.00	0.00	4.61	85.62	88.67	0.00	38	0	42	0.00	0.00	67.40	7.92	0.00	0.00	2000
226	11.03	2050	2101	0.58	201	0	0	15	63.60	0.00	0.04	4.02	84.93	88.97	0.00	38	0	42	0.00	0.00	64.47	7.56	0.00	0.00	2000
238	11.45	2079	2101	0.00	206	0	0	0	nan	0.00	0.01	5.62	83.09	88.55	0.00	39	0	42	0.00	0.00	64.88	7.55	0.00	0.00	2000
234	11.15	2133	2065	0.00	199	0	0	0	nan	0.00	1.79	6.90	78.87	88.85	0.00	38	0	42	0.00	0.00	64.39	7.47	0.00	0.00	2000
219	10.79	2017	2116	0.00	207	0	0	0	nan	0.00	0.00	5.28	84.58	89.21	0.00	38	0	42	0.00	0.00	67.81	7.81	0.00	0.00	2000
232	11.10	2107	2084	0.00	202	0	0	0	nan	0.00	0.02	3.73	84.59	88.90	0.00	39	0	42	0.00	0.00	62.29	7.86	0.00	0.00	2000
235	11.40	2038	2126	0.00	219	0	0	0	nan	0.00	0.00	3.82	85.96	88.60	0.00	40	0	42	0.00	0.00	67.16	8.06	0.00	0.00	2000
229	11.16	2065	2082	0.00	197	0	0	0	nan	0.00	0.00	3.86	84.35	88.84	0.00	40	0	42	0.00	0.00	65.41	7.80	0.00	0.00	2000
230	11.17	2063	2096	0.00	219	0	0	0	nan	0.00	0.00	4.21	84.52	88.83	0.00	40	0	42	0.00	0.00	62.11	7.71	0.00	0.00	2000
234	11.16	2070	2131	0.00	203	0	0	0	nan	0.00	0.00	4.53	85.79	88.84	0.00	40	0	42	0.00	0.00	66.47	8.02	0.00	0.00	2000
228	10.98	2090	2091	0.00	220	0	0	0	nan	0.00	0.00	3.30	85.42	89.02	0.00	40	0	42	0.00	0.00	67.16	8.12	0.00	0.00	2000
234	11.26	2071	2109	0.00	191	0	0	0	nan	0.00	0.01	3.65	85.63	88.74	0.00	40	0	42	0.00	0.00	62.72	7.67	0.00	0.00	2000
225	10.81	2100	2079	0.00	213	0	0	0	nan	0.00	0.00	3.21	85.17	89.19	0.00	41	0	42	0.00	0.00	64.58	7.44	0.00	0.00	2000
228	11.21	2029	2106	0.00	221	0	0	0	nan	0.00	0.00	2.33	86.93	88.79	0.00	41	0	42	0.00	0.00	64.72	7.52	0.00	0.00	2000
227	11.04	2061	2099	0.00	221	0	0	0	nan	0.00	0.00	2.81	86.18	88.96	0.00	41	0	42	0.00	0.00	64.76	7.44	0.00	0.00	2000
233	11.05	2098	2107	0.00	204	0	0	0	nan	0.00	0.02	2.76	86.63	88.95	0.00	41	0	42	0.00	0.00	65.22	7.77	0.00	0.00	2000
230	10.91	2103	2105	0.00	214	0	0	0	nan	0.00	0.00	3.60	85.71	89.09	0.00	41	0	42	0.00	0.00	65.12	7.64	0.00	0.00	2000
227	10.91	2071	2109	0.23	203	0	0	3	90.53	0.00	0.01	3.14	86.42	89.09	0.00	41	0	42	0.00	0.00	63.50	7.36	0.00	0.00	2000
227	11.08	2056	2093	0.49	218	0	0	3	93.81	0.00	0.02	3.25	85.47	88.92	0.00	41	0	42	0.00	0.00	63.56	7.27	0.00	0.00	2000
226	11.14	2048	2081	0.00	203	0	0	0	nan	0.00	0.00	3.40	84.73	88.86	0.00	41	0	42	0.00	0.00	66.11	7.72	0.00	0.00	2000
239	11.26	2094	2127	0.00	207	0	0	0	nan	0.00	0.00	4.30	85.66	88.74	0.00	42	0	43	0.00	0.00	63.91	7.29	0.00	0.00	2000
224	10.80	2099	2075	0.00	213	0	0	0	nan	0.01	0.00	3.56	84.67	89.20	0.00	41	0	42	0.00	0.00	63.65	7.35	0.00	0.00	2000
233	10.92	2105	2128	0.00	205	0	0	0	nan	0.00	0.02	3.51	86.82	89.08	0.00	41	0	42	0.00	0.00	66.30	7.72	0.00	0.00	2000
227	11.06	2049	2101	0.00	203	0	0	0	nan	0.00	0.01	3.53	85.58	88.94	0.00	41	0	42	0.00	0.00	64.52	7.58	0.00	0.00	2000
223	10.95	2061	2070	0.00	204	0	0	0	nan	0.00	0.00	3.32	84.61	89.05	0.00	41	0	42	0.00	0.00	66.47	7.68	0.00	0.00	2000
233	10.93	2106	2128	0.00	220	0	0	0	nan	0.00	0.02	4.06	86.25	89.07	0.00	41	0	43	0.00	0.00	61.66	7.60	0.00	0.00	2000
225	10.63	2142	2076	0.00	213	0	0	0	nan	0.00	0.04	2.94	85.38	89.37	0.00	41	0	42	0.00	0.00	65.48	7.18	0.00	0.00	2000
232	11.01	2088	2118	0.00	203	0	0	0	nan	0.00	0.00	2.85	86.95	88.99	0.00	41	0	43	0.00	0.00	65.93	7.90	0.00	0.00	2000
230	10.82	2131	2098	0.00	205	0	0	0	nan	0.00	0.02	3.40	85.77	89.18	0.00	41	0	42	0.00	0.00	64.79	7.67	0.00	0.00	2000
226	10.96	2086	2075	0.00	203	0	0	0	nan	0.00	0.00	3.16	84.87	89.04	0.00	41	0	42	0.00	0.00	63.78	7.33	0.00	0.00	2000
231	11.28	2043	2105	0.00	204	0	0	0	nan	0.00	0.00	5.05	84.01	88.72	0.00	41	0	42	0.00	0.00	66.75	7.67	0.00	0.00	2000
226	11.24	2004	2104	0.00	228	0	0	0	nan	0.00	0.05	3.69	85.35	88.76	0.00	41	0	42	0.00	0.00	63.35	7.18	0.00	0.00	2000
233	10.97	2093	2131	0.00	204	0	0	0	nan	0.00	0.02	3.15	87.22	89.03	0.00	41	0	42	0.00	0.00	66.47	7.69	0.00	0.00	2000
222	11.02	2047	2067	0.00	202	0	0	0	nan	0.00	0.00	3.66	84.09	88.98	0.00	42	0	42	0.00	0.00	63.38	7.33	0.00	0.00	2000
233	10.97	2088	2134	0.37	203	0	0	5	89.39	0.00	0.00	4.01	86.54	89.03	0.00	42	0	42	0.00	0.00	66.40	7.75	0.00	0.00	2000
226	10.91	2102	2070	0.76	213	0	0	2	89.78	0.00	0.00	4.02	83.92	89.09	0.00	42	0	43	0.00	0.00	64.10	7.38	0.00	0.00	2000
231	11.07	2059	2128	0.00	220	0	0	0	nan	0.00	0.00	2.97	87.27	88.93	0.00	42	0	43	0.00	0.00	66.56	7.58	0.00	0.00	2000
224	11.07	2052	2073	0.00	201	0	0	0	nan	0.00	0.00	3.32	84.53	88.93	0.00	42	0	42	0.00	0.00	63.29	7.24	0.00	0.00	2000
230	10.87	2094	2126	0.00	219	0	0	0	nan	0.00	0.02	3.52	86.69	89.13	0.00	42	0	43	0.00	0.00	66.25	7.39	0.00	0.00	2000
225	11.13	2054	2071	0.00	204	0	0	0	nan	0.00	0.02	3.99	83.72	88.87	0.00	42	0	42	0.00	0.00	63.37	7.37	0.00	0.00	2000
233	10.67	2159	2121	0.00	215	0	0	0	nan	0.00	0.00	4.78	85.47	89.33	0.00	42	0	42	0.00	0.00	65.96	7.53	0.00	0.00	2000
224	10.83	2093	2073	0.00	204	0	0	0	nan	0.00	0.00	2.84	85.35	89.17	0.00	42	0	43	0.00	0.00	63.27	7.31	0.00	0.00	2000
231	11.05	2077	2117	0.00	204	0	0	0	nan	0.00	0.02	3.52	86.21	88.95	0.00	41	0	43	0.00	0.00	66.26	7.80	0.00	0.00	2000
227	11.21	2016	2108	0.00	219	0	0	0	nan	0.00	0.04	3.78	85.46	88.79	0.00	41	0	43	0.00	0.00	64.57	7.47	0.00	0.00	2000
228	11.10	2064	2089	0.00	214	0	0	0	nan	0.00	0.02	4.23	84.24	88.90	0.00	42	0	42	0.00	0.00	63.80	7.49	0.00	0.00	2000
230	11.02	2066	2120	0.00	203	0	0	0	nan	0.00	0.01	2.58	87.32	88.98	0.00	42	0	42	0.00	0.00	67.27	7.76	0.00	0.00	2000
224	10.82	2104	2066	0.00	218	0	0	0	nan	0.00	0.00	2.65	85.18	89.18	0.00	42	0	42	0.00	0.00	61.59	7.10	0.00	0.00	2000
228	10.95	2066	2112	0.00	204	0	0	0	nan	0.00	0.00	3.42	86.27	89.05	0.00	42	0	42	0.00	0.00	65.21	7.56	0.00	0.00	2000
236	11.09	2106	2125	0.00	204	0	0	0	nan	0.00	0.01	3.99	85.92	88.91	0.00	41	0	43	0.00	0.00	66.37	7.79	0.00	0.00	2000
225	11.00	2070	2071	0.00	211	0	0	0	nan	0.00	0.00	3.53	84.36	89.00	0.00	42	0	42	0.00	0.00	63.84	7.27	0.00	0.00	2000
229	10.88	2099	2106	0.00	206	0	0	0	nan	0.00	0.02	3.02	86.45	89.12	0.00	41	0	42	0.00	0.00	65.52	7.59	0.00	0.00	2000
229	10.98	2074	2111	0.62	203	0	0	2	80.12	0.00	0.03	3.18	86.39	89.02	0.00	41	0	43	0.00	0.00	65.30	7.57	0.00	0.00	2000
228	11.04	2085	2082	0.41	204	0	0	1	91.72	0.00	0.02	3.61	84.72	88.96	0.00	42	0	43	0.00	0.00	64.05	7.46	0.00	0.00	2000
232	11.14	2053	2130	0.00	203	0	0	0	nan	0.00	0.02	3.22	86.99	88.86	0.00	42	0	43	0.00	0.00	66.24	7.72	0.00	0.00	2000
226	10.99	2070	2086	0.00	229	0	0	0	nan	0.00	0.00	3.29	85.20	89.01	0.00	42	0	43	0.00	0.00	64.34	7.46	0.00	0.00	2000
224	10.97	2063	2077	0.00	203	0	0	0	nan	0.00	0.02	3.13	84.99	89.03	0.00	42	0	43	0.00	0.00	63.58	7.15	0.00	0.00	2000
227	11.09	2037	2111	0.00	204	0	0	0	nan	0.00	0.02	3.75	85.76	88.91	0.00	42	0	43	0.00	0.00	64.98	7.58	0.00	0.00	2000
228	10.93	2074	2112	0.00	219	0	0	0	nan	0.00	0.03	2.92	86.72	89.07	0.00	42	0	43	0.00	0.00	65.21	7.68	0.00	0.00	2000
230	10.95	2102	2103	0.00	214	0	0	0	nan	0.00	0.00	3.51	85.81	89.05	0.00	41	0	42	0.00	0.00	64.75	7.66	0.00	0.00	2000
225	10.92	2084	2080	0.00	200	0	0	0	nan	0.00	0.02	3.32	84.96	89.08	0.00	41	0	42	0.00	0.00	64.18	7.48	0.00	0.00	2000
232	11.23	2039	2123	0.00	223	0	0	0	nan	0.00	0.01	4.26	85.65	88.77	0.00	41	0	42	0.00	0.00	66.23	7.62	0.00	0.00	2000
224	10.89	2084	2073	0.00	205	0	0	0	nan	0.00	0.00	4.08	83.94	89.11	0.00	41	0	43	0.00	0.00	62.82	7.13	0.00	0.00	2000
235	11.14	2090	2122	0.00	220	0	0	0	nan	0.00	0.00	4.05	85.70	88.86	0.00	42	0	43	0.00	0.00	63.63	7.22	0.00	0.00	2000
225	10.77	2106	2086	0.00	213	0	0	0	nan	0.00	0.00	3.45	85.27	89.23	0.00	42	0	42	0.00	0.00	66.12	7.45	0.00	0.00	2000
227	10.98	2069	2096	0.00	219	0	0	0	nan	0.00	0.02	2.52	86.45	89.02	0.00	42	0	43	0.00	0.00	64.40	7.41	0.00	0.00	2000
229	10.88	2089	2115	0.00	220	0	0	0	nan	0.00	0.02	3.92	85.90	89.12	0.00	42	0	42	0.00	0.00	62.10	7.52	0.00	0.00	2000
229	10.90	2097	2100	0.00	188	0	0	0	nan	0.00	0.00	2.88	86.36	89.10	0.00	41	0	42	0.00	0.00	68.34	7.61	0.00	0.00	2000
231	11.21	2053	2109	0.00	210	0	0	0	nan	0.00	0.03	3.17	86.11	88.79	0.00	42	0	43	0.00	0.00	65.46	7.49	0.00	0.00	2000
225	11.05	2066	2073	0.72	203	0	0	4	89.13	0.00	0.00	3.36	84.56	88.95	0.00	42	0	43	0.00	0.00	63.32	7.20	0.00	0.00	2000
229	11.17	2021	2132	0.05	220	0	0	0	nan	0.01	0.00	3.69	86.64	88.83	0.00	41	0	42	0.00	0.00	66.18	7.60	0.00	0.00	2000
225	10.76	2120	2076	0.00	203	0	0	0	nan	0.00	0.00	3.74	84.56	89.24	0.00	42	0	42	0.00	0.00	63.55	7.89	0.00	0.00	2000
233	11.33	2036	2118	0.00	204	0	0	0	nan	0.00	0.02	2.23	87.33	88.67	0.00	41	0	42	0.00	0.00	68.52	8.25	0.00	0.00	2000
227	10.79	2116	2087	0.00	212	0	0	0	nan	0.00	0.00	3.03	85.71	89.21	0.00	42	0	42	0.00	0.00	60.12	7.29	0.00	0.00	2000
227	10.80	2106	2098	0.00	203	0	0	0	nan	0.00	0.00	2.84	86.36	89.20	0.00	42	0	42	0.00	0.00	68.66	8.06	0.00	0.00	2000
233	10.92	2110	2123	0.00	204	0	0	0	nan	0.00	0.03	3.07	87.05	89.08	0.00	42	0	42	0.00	0.00	67.49	8.16	0.00	0.00	2000
226	10.69	2122	2090	0.00	202	0	0	0	nan	0.00	0.00	3.47	85.49	89.31	0.00	43	0	43	0.00	0.00	65.57	7.66	0.00	0.00	2000
229	10.91	2113	2081	0.00	203	0	0	0	nan	0.00	0.00	3.15	85.23	89.09	0.00	43	0	43	0.00	0.00	64.63	7.72	0.00	0.00	2000
236	11.18	2095	2120	0.00	214	0	0	0	nan	0.00	0.02	3.67	86.07	88.82	0.00	42	0	42	0.00	0.00	66.86	7.86	0.00	0.00	2000
229	11.08	2068	2100	0.00	204	0	0	0	nan	0.00	0.00	3.05	85.99	88.92	0.00	42	0	42	0.00	0.00	65.96	7.63	0.00	0.00	2000
225	10.89	2086	2082	0.00	202	0	0	0	nan	0.00	0.00	3.15	85.31	89.11	0.00	43	0	43	0.00	0.00	65.06	7.64	0.00	0.00	2000
233	10.93	2104	2128	0.00	221	0	0	0	nan	0.00	0.02	3.32	86.96	89.07	0.00	42	0	43	0.00	0.00	67.43	7.82	0.00	0.00	2000
230	11.20	2053	2099	0.00	205	0	0	0	nan	0.00	0.00	4.19	84.65	88.80	0.00	43	0	43	0.00	0.00	65.72	7.66	0.00	0.00	2000
225	10.95	2083	2068	0.00	214	0	0	0	nan	0.00	0.00	3.45	84.36	89.05	0.00	42	0	42	0.00	0.00	64.59	7.37	0.00	0.00	2000
231	11.03	2072	2123	0.00	203	0	0	0	nan	0.00	0.00	3.09	86.91	88.97	0.00	42	0	42	0.00	0.00	66.75	7.76	0.00	0.00	2000
228	10.99	2095	2077	0.00	208	0	0	0	nan	0.00	0.02	3.88	84.24	89.01	0.00	41	0	42	0.00	0.00	64.55	7.72	0.00	0.00	2000
226	10.96	2067	2096	0.67	221	0	0	4	62.29	0.00	0.02	3.21	85.74	89.05	0.00	42	0	42	0.00	0.00	65.17	7.59	0.00	0.00	2000
231	11.18	2061	2108	0.07	214	0	0	0	nan	0.00	0.00	3.49	85.70	88.82	0.00	42	0	42	0.00	0.00	63.37	7.48	0.00	0.00	2000
225	10.90	2072	2089	0.00	219	0	0	0	nan	0.00	0.00	3.74	84.96	89.10	0.00	42	0	43	0.00	0.00	62.51	7.52	0.00	0.00	2000
229	11.31	2025	2102	0.00	204	0	0	0	nan	0.00	0.02	2.11	86.73	88.69	0.00	42	0	43	0.00	0.00	68.52	7.91	0.00	0.00	2000
230	11.04	2055	2131	0.00	221	0	0	0	nan	0.00	0.00	4.75	85.57	88.96	0.00	42	0	42	0.00	0.00	64.32	7.51	0.00	0.00	2000
231	11.10	2070	2108	0.00	203	0	0	0	nan	0.00	0.02	3.09	86.21	88.90	0.00	41	0	42	0.00	0.00	67.04	7.82	0.00	0.00	2000
223	10.98	2060	2071	0.00	210	0	0	0	nan	0.00	0.02	3.15	84.73	89.02	0.00	41	0	42	0.00	0.00	63.69	7.61	0.00	0.00	2000
225	10.92	2045	2119	0.00	203	0	0	0	nan	0.00	0.00	3.37	86.60	89.08	0.00	41	0	42	0.00	0.00	65.72	7.83	0.00	0.00	2000
166	10.17	1643	2084	0.00	213	0	0	0	nan	0.00	0.01	18.17	71.13	89.83	0.00	39	0	43	0.00	0.00	59.02	7.37	0.00	0.00	2000
