Avg_MHz	Busy%	Bzy_MHz	TSC_MHz	IPC	IRQ	NMI	SMI	LLCMRPS	LLC%hit	POLL%	C1%	C1E%	C6%	CPU%c1	CPU%c6	CoreTmp	CoreThr	PkgTmp	Pkg%pc2	Pkg%pc6	PkgWatt	RAMWatt	PKG_%	RAM_%	UncMHz
322	17.11	1846	2143	0.00	228	0	0	0	nan	0.00	0.17	27.14	57.38	82.89	0.00	37	0	42	0.00	0.00	65.82	8.18	0.00	0.00	2000
474	20.85	2276	2097	0.00	216	0	0	0	nan	0.06	1.50	21.27	56.53	79.15	0.00	38	0	42	0.00	0.00	68.14	7.70	0.00	0.00	2000
89	6.96	1272	2110	0.00	204	0	0	0	nan	0.00	1.06	14.29	78.24	93.04	0.00	37	0	42	0.00	0.00	60.27	7.58	0.00	0.00	2000
75	6.39	1157	2118	0.00	194	0	0	0	nan	0.00	0.01	2.96	91.38	93.61	0.00	37	0	42	0.00	0.00	59.59	7.59	0.00	0.00	2000
74	6.36	1174	2073	0.00	193	0	0	0	nan	0.00	0.02	2.77	89.58	93.64	0.00	37	0	42	0.00	0.00	56.46	7.39	0.00	0.00	2000
72	6.76	1065	2113	0.00	209	0	0	0	nan	0.00	0.00	2.29	91.48	93.24	0.00	37	0	42	0.00	0.00	57.61	7.41	0.00	0.00	2000
73	6.94	1050	2103	0.00	194	0	0	0	nan	0.00	0.00	3.61	89.64	93.06	0.00	37	0	42	0.00	0.00	59.27	7.43	0.00	0.00	2000
69	6.59	1062	2076	0.00	193	0	0	0	nan	0.00	0.01	3.59	88.75	93.41	0.00	37	0	42	0.00	0.00	53.72	7.18	0.00	0.00	2000
75	6.92	1070	2131	0.00	195	0	0	0	nan	0.00	0.00	2.94	91.47	93.08	0.00	37	0	42	0.00	0.00	62.23	7.50	0.00	0.00	2000
71	6.80	1055	2086	0.00	194	0	0	0	nan	0.00	0.00	2.90	89.69	93.20	0.00	37	0	42	0.00	0.00	59.07	7.25	0.00	0.00	2000
74	6.59	1129	2098	0.00	195	0	0	0	nan	0.00	0.02	3.41	89.77	93.41	0.00	37	0	42	0.00	0.00	55.94	7.76	0.00	0.00	2000
71	6.67	1065	2104	0.00	193	0	0	0	nan	0.00	0.00	4.12	89.42	93.33	0.00	37	0	42	0.00	0.00	58.17	7.35	0.00	0.00	2000
76	7.13	1052	2115	0.00	197	0	0	0	nan	0.00	0.00	4.98	88.60	92.87	0.00	37	0	42	0.00	0.00	60.57	7.60	0.00	0.00	2000
72	7.05	1021	2099	0.00	194	0	0	0	nan	0.00	0.00	3.44	89.59	92.95	0.00	37	0	42	0.00	0.00	58.17	7.41	0.00	0.00	2000
74	6.76	1089	2105	0.00	194	0	0	0	nan	0.00	0.01	3.16	90.27	93.24	0.00	37	0	42	0.00	0.00	57.80	7.29	0.00	0.00	2000
70	6.90	1035	2063	0.00	195	0	0	1	87.78	0.00	0.00	2.97	88.57	93.10	0.00	37	0	42	0.00	0.00	58.95	7.38	0.00	0.00	2000
73	7.36	985	2120	0.30	211	0	0	2	87.61	0.00	0.00	3.41	90.23	92.64	0.00	37	0	42	0.00	0.00	57.36	7.33	0.00	0.00	2000
72	6.98	1023	2111	0.00	193	0	0	0	nan	0.00	0.00	3.80	89.82	93.02	0.00	37	0	42	0.00	0.00	59.48	7.48	0.00	0.00	2000
138	8.45	1657	2069	0.00	215	0	0	0	nan	0.01	0.50	5.17	84.63	91.55	0.00	38	0	42	0.00	0.00	60.59	7.32	0.00	0.00	2000
227	11.12	2041	2103	0.00	219	0	0	0	nan	0.00	0.00	5.30	83.83	88.88	0.00	39	0	42	0.00	0.00	63.16	7.29	0.00	0.00	2000
233	11.33	2033	2120	0.00	205	0	0	0	nan	0.00	0.00	3.67	86.05	88.67	0.00	40	0	42	0.00	0.00	64.81	7.29	0.00	0.00	2000
234	11.48	2026	2113	0.00	227	0	0	0	nan	0.00	0.03	5.52	83.64	88.52	0.00	40	0	42	0.00	0.00	65.04	7.57	0.00	0.00	2000
230	11.23	2053	2094	0.00	215	0	0	0	nan	0.00	0.01	5.19	83.37	88.77	0.00	38	0	42	0.00	0.00	66.00	7.61	0.00	0.00	2000
224	10.87	2060	2099	0.00	198	0	0	0	nan	0.00	0.00	6.72	82.43	89.13	0.00	38	0	42	0.00	0.00	62.37	7.69	0.00	0.00	2000
211	10.34	2078	2066	0.00	198	0	0	0	nan	0.00	0.02	5.87	82.39	89.66	0.00	38	0	42	0.00	0.00	65.67	7.77	0.00	0.00	2000
237	11.64	1999	2137	0.00	198	0	0	0	nan	0.00	0.01	4.55	85.56	88.36	0.00	37	0	42	0.00	0.00	66.64	8.13	0.00	0.00	2000
234	11.25	2085	2094	0.00	202	0	0	0	nan	0.00	0.00	4.65	84.02	88.75	0.00	37	0	42	0.00	0.00	66.27	7.83	0.00	0.00	2000
230	11.12	2059	2107	0.00	199	0	0	0	nan	0.00	0.00	4.94	84.39	88.88	0.00	38	0	42	0.00	0.00	65.73	7.65	0.00	0.00	2000
228	10.96	2091	2086	0.00	198	0	0	0	nan	0.00	0.00	4.85	83.69	89.04	0.00	38	0	42	0.00	0.00	62.75	7.29	0.00	0.00	2000
229	10.98	2086	2100	0.00	198	0	0	0	nan	0.00	0.01	3.45	85.75	89.02	0.00	38	0	42	0.00	0.00	65.87	7.67	0.00	0.00	2000
232	11.53	2003	2110	0.00	198	0	0	0	nan	0.00	0.02	5.00	84.08	88.47	0.00	39	0	42	0.00	0.00	65.92	7.62	0.00	0.00	2000
231	11.41	2019	2104	0.00	205	0	0	0	nan	0.00	0.00	5.21	83.72	88.59	0.00	39	0	42	0.00	0.00	63.00	7.18	0.00	0.00	2000
238	11.67	2036	2101	0.00	203	0	0	3	84.11	0.00	0.02	6.41	82.16	88.33	0.00	39	0	42	0.00	0.00	65.25	7.28	0.00	0.00	2000
227	11.52	2008	2059	0.60	200	0	0	18	80.56	0.00	0.00	6.52	80.36	88.48	0.00	38	0	42	0.00	0.00	63.61	7.35	0.00	0.00	2000
234	11.28	2037	2134	0.00	214	0	0	0	nan	0.00	0.00	4.74	85.57	88.72	0.00	38	0	42	0.00	0.00	70.02	8.03	0.00	0.00	2000
227	11.02	2059	2102	0.00	236	0	0	0	nan	0.00	0.00	5.96	83.19	88.98	0.00	37	0	42	0.00	0.00	61.75	7.16	0.00	0.00	2000
227	11.13	2034	2103	0.00	205	0	0	0	nan	0.00	0.00	4.30	84.84	88.87	0.00	39	0	42	0.00	0.00	67.00	7.91	0.00	0.00	2000
228	11.03	2089	2081	0.00	203	0	0	0	nan	0.00	0.02	3.31	85.02	88.97	0.00	40	0	42	0.00	0.00	64.59	7.83	0.00	0.00	2000
234	11.51	2031	2104	0.00	203	0	0	0	nan	0.00	0.02	2.82	85.97	88.49	0.00	40	0	42	0.00	0.00	62.54	7.46	0.00	0.00	2000
232	11.11	2086	2102	0.00	206	0	0	0	nan	0.00	0.02	3.48	85.61	88.89	0.00	40	0	42	0.00	0.00	64.55	7.76	0.00	0.00	2000
230	10.93	2115	2092	0.00	211	0	0	0	nan	0.00	0.00	2.67	86.19	89.07	0.00	40	0	42	0.00	0.00	65.73	7.76	0.00	0.00	2000
231	11.12	2067	2111	0.00	200	0	0	0	nan	0.00	0.02	3.24	86.21	88.88	0.00	40	0	42	0.00	0.00	65.43	7.92	0.00	0.00	2000
233	11.19	2065	2113	0.00	202	0	0	0	nan	0.00	0.00	2.57	86.99	88.81	0.00	40	0	42	0.00	0.00	65.33	7.89	0.00	0.00	2000
227	11.33	2014	2086	0.00	203	0	0	0	nan	0.00	0.00	3.81	84.46	88.67	0.00	40	0	42	0.00	0.00	65.52	7.93	0.00	0.00	2000
230	11.31	2042	2095	0.00	203	0	0	0	nan	0.00	0.00	3.67	85.02	88.69	0.00	40	0	42	0.00	0.00	64.07	7.72	0.00	0.00	2000
228	11.09	2068	2092	0.00	211	0	0	0	nan	0.00	0.00	3.91	84.88	88.91	0.00	40	0	42	0.00	0.00	62.75	7.52	0.00	0.00	2000
234	11.47	2014	2127	0.00	204	0	0	0	nan	0.00	0.00	2.31	87.56	88.53	0.00	40	0	42	0.00	0.00	65.87	7.87	0.00	0.00	2000
228	11.19	2045	2096	0.00	204	0	0	0	nan	0.00	0.00	3.47	85.33	88.81	0.00	40	0	42	0.00	0.00	64.66	7.65	0.00	0.00	2000
232	11.29	2060	2099	0.00	203	0	0	0	nan	0.00	0.00	3.10	85.72	88.71	0.00	40	0	42	0.00	0.00	66.27	7.92	0.00	0.00	2000
238	11.54	2058	2100	0.00	218	0	0	1	72.95	0.01	0.00	6.30	82.31	88.46	0.00	40	0	42	0.00	0.00	65.76	7.64	0.00	0.00	2000
235	11.20	2095	2106	0.82	204	0	0	3	68.26	0.00	0.03	3.63	85.40	88.80	0.00	40	0	42	0.00	0.00	65.36	7.72	0.00	0.00	2000
227	11.29	2027	2085	0.00	213	0	0	0	nan	0.00	0.00	4.49	83.73	88.71	0.00	40	0	43	0.00	0.00	62.85	7.86	0.00	0.00	2000
228	11.18	2041	2097	0.00	223	0	0	0	nan	0.01	0.00	4.43	84.46	88.82	0.00	40	0	42	0.00	0.00	66.43	8.79	0.00	0.00	2000
227	10.82	2101	2099	0.00	204	0	0	0	nan	0.00	0.00	3.17	85.99	89.18	0.00	40	0	42	0.00	0.00	67.00	8.86	0.00	0.00	2000
232	10.82	2138	2107	0.00	202	0	0	0	nan	0.00	0.01	3.19	86.35	89.18	0.00	40	0	42	0.00	0.00	67.22	8.80	0.00	0.00	2000
228	10.93	2085	2101	0.00	213	0	0	0	nan	0.00	0.02	3.41	85.82	89.07	0.00	40	0	42	0.00	0.00	66.84	8.81	0.00	0.00	2000
230	10.83	2118	2107	0.00	204	0	0	0	nan	0.00	0.01	3.38	86.12	89.17	0.00	40	0	42	0.00	0.00	67.21	8.74	0.00	0.00	2000
227	11.00	2070	2093	0.00	202	0	0	0	nan	0.00	0.02	3.35	85.48	89.00	0.00	40	0	42	0.00	0.00	66.53	8.85	0.00	0.00	2000
230	11.00	2086	2106	0.00	202	0	0	0	nan	0.00	0.02	3.30	86.03	89.00	0.00	40	0	42	0.00	0.00	67.18	8.83	0.00	0.00	2000
229	11.19	2034	2110	0.00	204	0	0	0	nan	0.00	0.00	3.90	85.46	88.81	0.00	41	0	42	0.00	0.00	67.28	8.83	0.00	0.00	2000
230	11.15	2072	2088	0.00	214	0	0	0	nan	0.00	0.00	3.68	84.87	88.85	0.00	40	0	43	0.00	0.00	65.69	8.52	0.00	0.00	2000
226	10.87	2085	2090	0.00	203	0	0	0	nan	0.00	0.00	3.03	85.73	89.13	0.00	40	0	42	0.00	0.00	66.52	8.66	0.00	0.00	2000
227	10.98	2055	2111	0.00	217	0	0	0	nan	0.00	0.00	2.83	86.78	89.02	0.00	40	0	42	0.00	0.00	67.01	8.89	0.00	0.00	2000
228	10.86	2099	2102	0.00	204	0	0	0	nan	0.00	0.01	3.09	86.24	89.14	0.00	41	0	42	0.00	0.00	66.99	8.68	0.00	0.00	2000
229	10.85	2121	2094	0.00	205	0	0	0	nan	0.00	0.00	3.71	85.31	89.15	0.00	40	0	42	0.00	0.00	66.26	8.82	0.00	0.00	2000
244	11.63	2084	2114	0.00	214	0	0	0	nan	0.00	0.04	3.75	85.38	88.37	0.00	40	0	42	0.00	0.00	67.79	8.80	0.00	0.00	2000
224	11.14	2044	2070	0.00	204	0	0	15	8.53	0.00	0.00	3.25	84.51	88.86	0.00	41	0	42	0.00	0.00	65.24	8.62	0.00	0.00	2000
226	11.24	2010	2104	1.40	220	0	0	23	7.55	0.00	0.02	2.85	86.21	88.76	0.00	41	0	42	0.00	0.00	66.85	8.83	0.00	0.00	2000
228	11.16	2044	2095	0.00	221	0	0	0	nan	0.01	0.00	2.78	86.01	88.84	0.00	40	0	42	0.00	0.00	66.77	8.76	0.00	0.00	2000
232	11.02	2091	2119	0.00	212	0	0	0	nan	0.00	0.00	4.06	85.77	88.98	0.00	41	0	42	0.00	0.00	67.77	8.95	0.00	0.00	2000
232	11.07	2106	2094	0.00	203	0	0	0	nan	0.00	0.00	3.80	84.91	88.93	0.00	41	0	42	0.00	0.00	65.16	7.86	0.00	0.00	2000
225	10.64	2116	2095	0.00	202	0	0	0	nan	0.00	0.00	4.07	85.04	89.36	0.00	40	0	42	0.00	0.00	65.10	7.65	0.00	0.00	2000
164	9.27	1750	2116	0.00	206	0	0	0	nan	0.00	0.05	5.73	85.88	90.73	0.00	38	0	42	0.00	0.00	63.51	7.67	0.00	0.00	2000
124	8.45	1487	2072	0.00	233	0	0	0	nan	0.00	0.07	14.71	75.56	91.55	0.00	37	0	42	0.00	0.00	59.70	7.53	0.00	0.00	2000
79	7.35	1053	2129	0.00	209	0	0	0	nan	0.00	0.02	3.20	90.87	92.65	0.00	37	0	42	0.00	0.00	57.85	7.33	0.00	0.00	2000
71	6.65	1087	2072	0.00	194	0	0	0	nan	0.00	0.02	2.99	89.07	93.35	0.00	37	0	42	0.00	0.00	56.52	7.37	0.00	0.00	2000
117	7.97	1428	2156	0.00	64	0	0	0	nan	0.00	0.00	11.12	83.55	92.03	0.00	37	0	42	0.00	0.00	68.88	8.52	0.00	0.00	2000
