Avg_MHz	Busy%	Bzy_MHz	TSC_MHz	IPC	IRQ	NMI	SMI	LLCMRPS	LLC%hit	POLL%	C1%	C1E%	C6%	CPU%c1	CPU%c6	CoreTmp	CoreThr	PkgTmp	Pkg%pc2	Pkg%pc6	PkgWatt	RAMWatt	PKG_%	RAM_%	UncMHz
354	17.23	1959	2201	0.00	273	0	0	0	nan	0.00	0.00	39.79	46.99	82.77	0.00	37	0	43	0.00	0.00	66.32	7.93	0.00	0.00	2000
452	20.33	2224	2097	0.00	225	0	0	0	nan	0.08	1.31	16.38	62.19	79.67	0.00	38	0	43	0.00	0.00	68.41	7.72	0.00	0.00	2000
79	7.07	1103	2136	0.00	212	0	0	0	nan	0.00	0.01	13.52	81.00	92.93	0.00	37	0	43	0.00	0.00	60.51	7.59	0.00	0.00	2000
74	6.54	1130	2112	0.00	194	0	0	0	nan	0.00	0.00	4.35	89.57	93.46	0.00	37	0	43	0.00	0.00	58.72	7.53	0.00	0.00	2000
74	6.48	1151	2087	0.00	194	0	0	0	nan	0.00	0.01	3.48	89.34	93.52	0.00	37	0	42	0.00	0.00	58.34	7.59	0.00	0.00	2000
73	6.54	1106	2114	0.00	194	0	0	0	nan	0.00	0.00	4.24	89.86	93.46	0.00	37	0	42	0.00	0.00	57.84	7.52	0.00	0.00	2000
72	6.70	1092	2066	0.00	194	0	0	0	nan	0.00	0.01	3.14	88.62	93.30	0.00	37	0	42	0.00	0.00	59.16	7.43	0.00	0.00	2000
72	6.78	1064	2108	0.00	194	0	0	0	nan	0.00	0.02	2.08	91.54	93.22	0.00	37	0	42	0.00	0.00	57.42	7.43	0.00	0.00	2000
73	6.77	1065	2124	0.00	210	0	0	0	nan	0.00	0.02	2.44	91.98	93.23	0.00	37	0	42	0.00	0.00	60.07	7.45	0.00	0.00	2000
71	6.65	1078	2082	0.00	193	0	0	0	nan	0.00	0.02	3.48	89.10	93.35	0.00	37	0	43	0.00	0.00	57.78	7.66	0.00	0.00	2000
74	6.55	1117	2121	0.00	193	0	0	0	nan	0.00	0.04	4.24	90.04	93.45	0.00	37	0	42	0.00	0.00	57.94	7.47	0.00	0.00	2000
72	6.48	1116	2102	0.00	194	0	0	0	nan	0.00	0.00	3.84	89.70	93.52	0.00	37	0	42	0.00	0.00	58.09	7.55	0.00	0.00	2000
72	6.59	1097	2096	0.00	193	0	0	0	nan	0.00	0.00	3.44	89.75	93.41	0.00	37	0	42	0.00	0.00	58.27	7.47	0.00	0.00	2000
72	5.79	1248	2082	0.00	194	0	0	0	nan	0.00	0.00	3.13	90.06	94.21	0.00	37	0	43	0.00	0.00	58.96	7.59	0.00	0.00	2000
74	6.88	1057	2124	0.00	194	0	0	0	nan	0.00	0.00	2.99	91.21	93.12	0.00	37	0	42	0.00	0.00	58.29	7.45	0.00	0.00	2000
70	6.58	1091	2061	0.00	194	0	0	1	85.20	0.00	0.02	3.80	87.95	93.42	0.00	37	0	43	0.00	0.00	57.08	7.28	0.00	0.00	2000
74	6.59	1110	2111	0.28	194	0	0	1	87.72	0.00	0.02	1.66	92.15	93.41	0.00	37	0	43	0.00	0.00	59.12	7.56	0.00	0.00	2000
71	6.83	1034	2111	0.00	209	0	0	0	nan	0.00	0.00	3.00	90.71	93.17	0.00	37	0	42	0.00	0.00	57.31	7.33	0.00	0.00	2000
158	9.15	1715	2114	0.00	215	0	0	0	nan	0.00	0.00	6.06	85.51	90.85	0.00	38	0	42	0.00	0.00	63.85	7.70	0.00	0.00	2000
226	10.93	2102	2069	0.00	204	0	0	0	nan	0.00	0.00	3.92	83.87	89.07	0.00	40	0	42	0.00	0.00	64.51	7.27	0.00	0.00	2000
235	11.14	2093	2118	0.00	205	0	0	0	nan	0.00	0.02	2.97	86.66	88.86	0.00	40	0	42	0.00	0.00	66.00	7.51	0.00	0.00	2000
234	11.08	2098	2111	0.00	216	0	0	0	nan	0.00	0.01	3.06	86.42	88.92	0.00	40	0	42	0.00	0.00	64.24	7.36	0.00	0.00	2000
240	11.33	2193	2031	0.00	199	0	0	0	nan	0.00	0.03	4.88	80.92	88.67	0.00	38	0	42	0.00	0.00	62.61	7.18	0.00	0.00	2000
233	11.11	2041	2160	0.00	197	0	0	0	nan	0.00	0.02	8.62	82.89	88.89	0.00	37	0	42	0.00	0.00	67.78	8.39	0.00	0.00	2000
240	11.80	2064	2069	0.00	196	0	0	0	nan	0.01	0.00	6.44	80.43	88.20	0.00	38	0	43	0.00	0.00	64.22	7.54	0.00	0.00	2000
235	11.10	2075	2141	0.00	214	0	0	0	nan	0.00	0.03	7.05	83.58	88.90	0.00	39	0	42	0.00	0.00	65.51	8.11	0.00	0.00	2000
233	10.81	2164	2095	0.00	186	0	0	0	nan	0.00	1.10	3.84	84.19	89.19	0.00	40	0	43	0.00	0.00	65.80	7.69	0.00	0.00	2000
230	10.99	2099	2094	0.00	199	0	0	0	nan	0.00	0.46	6.36	82.01	89.01	0.00	40	0	43	0.00	0.00	62.80	7.29	0.00	0.00	2000
230	11.22	2046	2106	0.00	197	0	0	0	nan	0.00	0.00	8.72	80.42	88.78	0.00	40	0	42	0.00	0.00	67.49	7.85	0.00	0.00	2000
232	11.17	2072	2109	0.00	199	0	0	0	nan	0.00	0.00	8.92	80.32	88.83	0.00	40	0	43	0.00	0.00	63.57	7.39	0.00	0.00	2000
229	11.16	2135	2016	0.00	198	0	0	0	nan	0.00	0.00	4.99	80.31	88.84	0.00	40	0	43	0.00	0.00	61.87	7.25	0.00	0.00	2000
234	10.86	2084	2168	0.00	202	0	0	0	nan	0.00	0.00	5.27	86.81	89.14	0.00	40	0	43	0.00	0.00	65.31	7.83	0.00	0.00	2000
230	11.24	2050	2098	0.00	198	0	0	4	85.76	0.00	0.00	8.01	80.78	88.76	0.00	40	0	43	0.00	0.00	66.85	7.77	0.00	0.00	2000
219	10.93	2008	2092	0.43	211	0	0	16	61.68	0.00	0.00	7.58	81.25	89.07	0.00	38	0	43	0.00	0.00	63.99	7.43	0.00	0.00	2000
238	10.94	2139	2133	0.00	220	0	0	0	nan	0.00	0.00	4.46	85.95	89.06	0.00	39	0	43	0.00	0.00	64.99	7.81	0.00	0.00	2000
222	11.23	1984	2095	0.00	230	0	0	0	nan	0.00	0.00	5.48	83.21	88.77	0.00	38	0	43	0.00	0.00	66.59	7.85	0.00	0.00	2000
235	10.90	2152	2104	0.00	204	0	0	0	nan	0.00	0.00	3.10	86.25	89.11	0.00	39	0	43	0.00	0.00	66.36	7.97	0.00	0.00	2000
232	11.10	2093	2098	0.00	206	0	0	0	nan	0.00	0.00	3.68	85.13	88.90	0.00	40	0	42	0.00	0.00	64.98	7.96	0.00	0.00	2000
234	10.90	2145	2104	0.00	204	0	0	0	nan	0.00	0.03	2.82	86.40	89.10	0.00	40	0	43	0.00	0.00	65.93	7.82	0.00	0.00	2000
228	11.37	2013	2095	0.00	205	0	0	0	nan	0.00	0.02	3.32	85.15	88.63	0.00	40	0	42	0.00	0.00	64.79	7.95	0.00	0.00	2000
237	11.00	2149	2103	0.00	215	0	0	0	nan	0.00	0.00	3.13	86.08	89.00	0.00	40	0	42	0.00	0.00	63.23	7.77	0.00	0.00	2000
228	11.19	2040	2100	0.00	203	0	0	0	nan	0.00	0.00	3.75	85.11	88.81	0.00	40	0	42	0.00	0.00	65.06	7.72	0.00	0.00	2000
234	10.78	2173	2096	0.00	209	0	0	0	nan	0.00	0.02	5.04	83.89	89.22	0.00	40	0	42	0.00	0.00	65.83	7.81	0.00	0.00	2000
228	10.93	2100	2089	0.00	191	0	0	0	nan	0.00	0.00	3.54	85.13	89.07	0.00	41	0	42	0.00	0.00	63.52	7.66	0.00	0.00	2000
231	10.94	2094	2119	0.00	220	0	0	0	nan	0.00	0.02	3.02	86.77	89.06	0.00	41	0	43	0.00	0.00	67.03	7.55	0.00	0.00	2000
225	10.90	2100	2066	0.00	214	0	0	0	nan	0.00	0.01	3.46	84.28	89.10	0.00	41	0	42	0.00	0.00	63.31	7.30	0.00	0.00	2000
231	10.93	2090	2127	0.00	219	0	0	0	nan	0.00	0.02	3.94	86.35	89.07	0.00	41	0	42	0.00	0.00	65.18	7.52	0.00	0.00	2000
230	10.48	2196	2096	0.00	187	0	0	0	nan	0.00	0.00	3.44	85.89	89.53	0.00	40	0	42	0.00	0.00	65.90	7.74	0.00	0.00	2000
228	10.54	2168	2098	0.00	204	0	0	0	nan	0.00	0.00	3.34	86.04	89.46	0.00	41	0	42	0.00	0.00	65.30	7.44	0.00	0.00	2000
226	10.68	2125	2093	0.00	203	0	0	2	91.42	0.00	0.02	2.96	86.07	89.32	0.00	41	0	42	0.00	0.00	65.08	7.49	0.00	0.00	2000
230	11.06	2082	2098	0.75	204	0	0	4	92.03	0.00	0.00	3.95	85.00	88.94	0.00	41	0	42	0.00	0.00	65.07	7.44	0.00	0.00	2000
231	10.71	2141	2112	0.00	213	0	0	0	nan	0.00	0.00	2.94	86.84	89.29	0.00	41	0	42	0.00	0.00	65.45	7.55	0.00	0.00	2000
230	10.75	2134	2104	0.00	204	0	0	0	nan	0.00	0.01	3.45	85.94	89.25	0.00	41	0	43	0.00	0.00	64.82	7.30	0.00	0.00	2000
227	10.58	2152	2096	0.00	202	0	0	0	nan	0.00	0.02	3.27	85.94	89.42	0.00	41	0	42	0.00	0.00	65.53	7.41	0.00	0.00	2000
226	10.50	2173	2081	0.00	204	0	0	0	nan	0.00	0.00	3.44	85.23	89.50	0.00	41	0	42	0.00	0.00	63.93	7.33	0.00	0.00	2000
231	11.03	2074	2115	0.00	203	0	0	0	nan	0.00	0.00	4.23	85.46	88.97	0.00	41	0	43	0.00	0.00	65.68	7.47	0.00	0.00	2000
226	11.05	2053	2096	0.00	212	0	0	0	nan	0.00	0.00	3.76	85.14	88.95	0.00	41	0	42	0.00	0.00	64.30	7.23	0.00	0.00	2000
227	10.41	2187	2095	0.00	219	0	0	0	nan	0.00	0.00	3.18	86.07	89.59	0.00	41	0	43	0.00	0.00	64.93	7.48	0.00	0.00	2000
230	10.87	2094	2122	0.00	219	0	0	0	nan	0.00	0.02	3.81	86.32	89.13	0.00	41	0	42	0.00	0.00	65.12	7.44	0.00	0.00	2000
226	10.85	2094	2087	0.00	203	0	0	0	nan	0.00	0.00	4.01	84.68	89.15	0.00	41	0	42	0.00	0.00	65.22	7.80	0.00	0.00	2000
231	10.93	2115	2101	0.00	213	0	0	0	nan	0.00	0.03	4.36	84.76	89.07	0.00	41	0	42	0.00	0.00	63.02	7.27	0.00	0.00	2000
231	10.75	2131	2115	0.00	203	0	0	0	nan	0.00	0.00	3.40	86.46	89.25	0.00	41	0	43	0.00	0.00	68.36	8.03	0.00	0.00	2000
228	10.60	2167	2087	0.00	206	0	0	0	nan	0.00	0.00	3.77	85.08	89.40	0.00	41	0	42	0.00	0.00	64.66	7.45	0.00	0.00	2000
228	10.66	2146	2097	0.00	204	0	0	0	nan	0.00	0.00	3.17	86.09	89.35	0.00	41	0	42	0.00	0.00	65.07	7.51	0.00	0.00	2000
233	10.89	2120	2116	0.00	204	0	0	0	nan	0.00	0.02	3.36	86.46	89.11	0.00	41	0	42	0.00	0.00	65.74	7.57	0.00	0.00	2000
225	11.05	2069	2071	0.00	212	0	0	0	nan	0.00	0.02	4.40	83.38	88.95	0.00	41	0	42	0.00	0.00	63.86	7.43	0.00	0.00	2000
234	11.05	2090	2125	0.00	219	0	0	4	81.13	0.00	0.01	3.72	86.31	88.95	0.00	42	0	42	0.00	0.00	66.38	7.75	0.00	0.00	2000
226	10.41	2188	2082	1.11	209	0	0	3	89.10	0.00	1.73	5.35	81.80	89.59	0.00	41	0	42	0.00	0.00	65.37	7.24	0.00	0.00	2000
231	10.61	2166	2109	0.00	203	0	0	0	nan	0.00	0.00	3.42	86.33	89.39	0.00	41	0	43	0.00	0.00	65.83	7.49	0.00	0.00	2000
232	10.90	2126	2099	0.00	204	0	0	0	nan	0.00	0.02	3.95	85.11	89.10	0.00	41	0	43	0.00	0.00	65.12	7.54	0.00	0.00	2000
229	10.86	2120	2087	0.00	214	0	0	0	nan	0.00	0.00	3.44	85.18	89.14	0.00	41	0	43	0.00	0.00	64.23	7.29	0.00	0.00	2000
228	10.93	2086	2101	0.00	219	0	0	0	nan	0.00	0.03	3.79	85.44	89.07	0.00	42	0	42	0.00	0.00	65.30	7.45	0.00	0.00	2000
229	10.57	2165	2103	0.00	203	0	0	0	nan	0.00	0.00	3.12	86.41	89.43	0.00	41	0	42	0.00	0.00	64.96	7.43	0.00	0.00	2000
229	10.57	2154	2112	0.00	204	0	0	0	nan	0.00	0.04	3.32	86.62	89.43	0.00	42	0	43	0.00	0.00	65.87	7.54	0.00	0.00	2000
229	10.69	2156	2085	0.00	203	0	0	0	nan	0.00	0.02	3.11	85.65	89.31	0.00	41	0	42	0.00	0.00	64.73	7.28	0.00	0.00	2000
228	10.88	2086	2112	0.00	213	0	0	0	nan	0.00	0.00	2.66	87.03	89.12	0.00	41	0	42	0.00	0.00	65.92	7.61	0.00	0.00	2000
228	10.66	2144	2097	0.00	203	0	0	0	nan	0.00	0.00	2.83	86.34	89.34	0.00	42	0	42	0.00	0.00	61.84	7.14	0.00	0.00	2000
234	11.07	2131	2085	0.00	219	0	0	0	nan	0.00	0.00	6.44	81.87	88.93	0.00	41	0	43	0.00	0.00	67.32	7.62	0.00	0.00	2000
232	10.61	2163	2121	0.00	204	0	0	0	nan	0.00	0.03	3.48	86.68	89.39	0.00	41	0	42	0.00	0.00	65.93	7.60	0.00	0.00	2000
230	10.95	2103	2101	0.00	203	0	0	0	nan	0.00	0.00	3.61	85.51	89.05	0.00	41	0	42	0.00	0.00	65.01	7.45	0.00	0.00	2000
230	10.69	2147	2103	0.00	214	0	0	0	nan	0.00	0.02	3.00	86.41	89.31	0.00	41	0	43	0.00	0.00	65.92	7.81	0.00	0.00	2000
227	11.03	2072	2090	0.00	204	0	0	0	nan	0.00	0.02	3.70	84.91	88.98	0.00	41	0	43	0.00	0.00	64.43	7.44	0.00	0.00	2000
232	10.41	2222	2108	0.00	204	0	0	0	nan	0.00	0.02	3.51	86.27	89.59	0.00	40	0	42	0.00	0.00	66.21	7.54	0.00	0.00	2000
225	10.93	2075	2086	0.00	205	0	0	1	87.66	0.00	0.03	2.99	85.58	89.07	0.00	41	0	42	0.00	0.00	64.05	7.28	0.00	0.00	2000
234	10.84	2131	2125	0.85	219	0	0	2	86.22	0.00	0.00	3.18	87.05	89.16	0.00	41	0	43	0.00	0.00	66.40	7.76	0.00	0.00	2000
224	10.82	2095	2074	0.00	213	0	0	0	nan	0.00	0.00	3.37	84.76	89.18	0.00	41	0	42	0.00	0.00	63.63	7.40	0.00	0.00	2000
227	10.67	2127	2100	0.00	220	0	0	0	nan	0.00	0.02	2.96	86.36	89.33	0.00	41	0	42	0.00	0.00	65.03	7.58	0.00	0.00	2000
225	10.80	2091	2095	0.00	219	0	0	0	nan	0.00	0.01	2.54	86.39	89.20	0.00	41	0	43	0.00	0.00	61.93	7.29	0.00	0.00	2000
229	11.19	2041	2101	0.00	229	0	0	0	nan	0.00	0.01	3.70	85.30	88.81	0.00	41	0	42	0.00	0.00	67.65	7.51	0.00	0.00	2000
228	10.71	2118	2115	0.00	203	0	0	0	nan	0.00	0.00	3.75	86.20	89.29	0.00	41	0	42	0.00	0.00	65.80	7.70	0.00	0.00	2000
226	10.47	2174	2087	0.00	204	0	0	0	nan	0.00	0.01	3.17	85.73	89.53	0.00	41	0	42	0.00	0.00	60.03	7.37	0.00	0.00	2000
230	11.08	2060	2121	0.00	202	0	0	0	nan	0.00	0.03	2.39	87.51	88.92	0.00	41	0	42	0.00	0.00	65.91	7.66	0.00	0.00	2000
229	10.55	2168	2106	0.00	203	0	0	0	nan	0.00	0.02	3.13	86.45	89.45	0.00	41	0	42	0.00	0.00	65.65	7.61	0.00	0.00	2000
227	10.97	2083	2084	0.00	205	0	0	0	nan	0.00	0.02	3.87	84.52	89.03	0.00	41	0	42	0.00	0.00	68.13	7.81	0.00	0.00	2000
229	10.92	2088	2110	0.00	228	0	0	0	nan	0.00	0.02	2.72	86.89	89.08	0.00	41	0	42	0.00	0.00	62.08	7.11	0.00	0.00	2000
224	10.75	2101	2085	0.00	203	0	0	0	nan	0.00	0.00	3.21	85.37	89.25	0.00	41	0	42	0.00	0.00	64.72	7.49	0.00	0.00	2000
224	10.80	2091	2085	0.00	219	0	0	0	nan	0.00	0.01	2.87	85.71	89.20	0.00	41	0	42	0.00	0.00	63.89	7.34	0.00	0.00	2000
233	10.57	2179	2120	0.00	205	0	0	0	nan	0.01	0.03	2.44	87.74	89.43	0.00	41	0	42	0.00	0.00	65.72	7.52	0.00	0.00	2000
226	11.03	2064	2080	0.00	212	0	0	0	nan	0.00	0.00	2.91	85.31	88.97	0.00	41	0	42	0.00	0.00	65.40	7.54	0.00	0.00	2000
229	10.94	2065	2125	0.00	219	0	0	0	nan	0.00	0.02	3.05	87.14	89.06	0.00	41	0	42	0.00	0.00	67.20	7.70	0.00	0.00	2000
228	10.94	2076	2109	0.34	203	0	0	3	91.31	0.00	0.00	3.35	86.22	89.06	0.00	42	0	42	0.00	0.00	63.76	7.23	0.00	0.00	2000
229	11.08	2065	2097	0.44	204	0	0	2	94.52	0.00	0.01	3.17	85.68	88.92	0.00	41	0	42	0.00	0.00	64.41	7.46	0.00	0.00	2000
231	11.34	2042	2094	0.00	215	0	0	0	nan	0.00	0.02	4.78	83.76	88.66	0.00	41	0	42	0.00	0.00	65.66	8.17	0.00	0.00	2000
235	11.13	2103	2109	0.00	205	0	0	0	nan	0.00	0.01	2.97	86.30	88.87	0.00	42	0	42	0.00	0.00	66.69	8.13	0.00	0.00	2000
226	10.98	2077	2084	0.00	203	0	0	0	nan	0.00	0.00	3.14	85.20	89.02	0.00	42	0	42	0.00	0.00	65.49	7.67	0.00	0.00	2000
231	10.97	2091	2113	0.00	203	0	0	0	nan	0.00	0.01	3.09	86.45	89.04	0.00	41	0	42	0.00	0.00	66.37	7.93	0.00	0.00	2000
227	10.82	2110	2089	0.00	205	0	0	0	nan	0.00	0.00	3.72	84.95	89.18	0.00	42	0	42	0.00	0.00	65.54	7.75	0.00	0.00	2000
233	11.05	2095	2118	0.00	213	0	0	0	nan	0.00	0.00	3.37	86.38	88.95	0.00	42	0	42	0.00	0.00	62.40	7.50	0.00	0.00	2000
229	10.57	2175	2090	0.00	203	0	0	0	nan	0.00	0.00	3.66	85.37	89.43	0.00	42	0	42	0.00	0.00	68.50	7.69	0.00	0.00	2000
234	10.96	2155	2079	0.00	205	0	0	0	nan	0.00	0.01	4.11	84.02	89.04	0.00	42	0	42	0.00	0.00	65.84	7.64	0.00	0.00	2000
228	10.74	2119	2105	0.00	220	0	0	0	nan	0.00	0.02	3.59	85.91	89.26	0.00	42	0	42	0.00	0.00	66.75	7.88	0.00	0.00	2000
233	10.91	2114	2124	0.00	206	0	0	0	nan	0.01	0.00	4.42	85.62	89.09	0.00	42	0	42	0.00	0.00	67.79	7.96	0.00	0.00	2000
229	10.72	2140	2098	0.00	232	0	0	0	nan	0.00	0.00	3.44	85.65	89.28	0.00	42	0	42	0.00	0.00	66.68	7.77	0.00	0.00	2000
227	10.51	2170	2089	0.00	203	0	0	0	nan	0.00	0.02	3.87	85.26	89.49	0.00	42	0	42	0.00	0.00	65.84	7.55	0.00	0.00	2000
231	10.93	2112	2099	0.00	203	0	0	0	nan	0.00	0.01	3.36	85.65	89.07	0.00	42	0	42	0.00	0.00	66.63	7.69	0.00	0.00	2000
225	10.42	2180	2081	0.00	203	0	0	0	nan	0.00	0.01	2.92	85.67	89.58	0.00	42	0	42	0.00	0.00	65.21	7.78	0.00	0.00	2000
233	10.98	2101	2119	0.00	218	0	0	0	nan	0.00	0.00	3.83	85.93	89.02	0.00	42	0	43	0.00	0.00	67.50	8.11	0.00	0.00	2000
227	10.80	2109	2095	0.45	214	0	0	4	85.20	0.00	0.00	3.35	85.70	89.20	0.00	42	0	42	0.00	0.00	64.83	7.46	0.00	0.00	2000
225	10.74	2114	2085	0.29	202	0	0	1	90.42	0.00	0.00	3.21	85.49	89.26	0.00	41	0	42	0.00	0.00	67.16	7.83	0.00	0.00	2000
228	10.56	2153	2101	0.00	219	0	0	0	nan	0.00	0.00	3.59	85.80	89.44	0.00	41	0	42	0.00	0.00	63.74	8.01	0.00	0.00	2000
231	11.04	2093	2102	0.00	203	0	0	0	nan	0.00	0.01	2.51	86.54	88.96	0.00	41	0	42	0.00	0.00	63.64	7.24	0.00	0.00	2000
229	10.64	2150	2103	0.00	213	0	0	0	nan	0.00	0.00	3.11	86.38	89.36	0.00	41	0	42	0.00	0.00	65.66	7.54	0.00	0.00	2000
232	10.92	2111	2110	0.00	208	0	0	0	nan	0.00	0.03	4.67	84.93	89.08	0.00	41	0	42	0.00	0.00	65.62	7.67	0.00	0.00	2000
227	10.53	2165	2089	0.00	205	0	0	0	nan	0.00	0.02	3.06	85.93	89.47	0.00	41	0	42	0.00	0.00	64.44	7.61	0.00	0.00	2000
228	10.86	2086	2111	0.00	220	0	0	0	nan	0.00	0.00	4.48	85.22	89.14	0.00	40	0	42	0.00	0.00	65.87	7.75	0.00	0.00	2000
128	8.82	1591	1908	0.00	207	0	0	0	nan	0.00	0.00	5.90	76.94	91.18	0.00	38	0	42	0.00	0.00	55.07	6.79	0.00	0.00	2000
130	7.46	1491	2455	0.00	161	0	0	0	nan	0.00	0.00	19.04	89.33	92.54	0.00	38	0	42	0.00	0.00	73.90	9.29	0.00	0.00	2000
