Avg_MHz	Busy%	Bzy_MHz	TSC_MHz	IPC	IRQ	NMI	SMI	LLCMRPS	LLC%hit	POLL%	C1%	C1E%	C6%	CPU%c1	CPU%c6	CoreTmp	CoreThr	PkgTmp	Pkg%pc2	Pkg%pc6	PkgWatt	RAMWatt	PKG_%	RAM_%	UncMHz
252	13.82	1783	2148	0.00	240	0	0	0	nan	0.00	0.09	36.34	51.79	86.18	0.00	37	0	42	0.00	0.00	61.60	7.67	0.00	0.00	2000
485	21.66	2264	2076	0.00	198	0	0	0	nan	0.01	1.05	20.52	55.98	78.34	0.00	37	0	43	0.00	0.00	67.85	7.89	0.00	0.00	2000
328	16.74	1963	2097	0.00	234	0	0	0	nan	0.06	0.87	22.08	60.41	83.26	0.00	37	0	42	0.00	0.00	63.97	7.66	0.00	0.00	2000
78	6.69	1151	2117	0.00	195	0	0	0	nan	0.00	0.02	3.87	90.26	93.31	0.00	37	0	42	0.00	0.00	58.44	7.72	0.00	0.00	2000
74	6.76	1094	2113	0.00	210	0	0	0	nan	0.00	0.02	2.89	90.93	93.24	0.00	37	0	42	0.00	0.00	57.81	7.62	0.00	0.00	2000
73	6.47	1117	2107	0.00	194	0	0	0	nan	0.01	0.00	3.04	90.80	93.53	0.00	37	0	42	0.00	0.00	58.12	7.54	0.00	0.00	2000
74	6.81	1085	2100	0.00	179	0	0	0	nan	0.00	0.00	3.01	90.32	93.19	0.00	37	0	42	0.00	0.00	58.69	7.49	0.00	0.00	2000
72	6.37	1137	2096	0.00	194	0	0	0	nan	0.00	0.00	2.83	90.58	93.63	0.00	37	0	42	0.00	0.00	58.30	7.50	0.00	0.00	2000
75	6.65	1132	2087	0.00	193	0	0	0	nan	0.00	0.02	2.43	90.39	93.35	0.00	37	0	42	0.00	0.00	58.20	7.55	0.00	0.00	2000
73	6.51	1121	2090	0.00	196	0	0	0	nan	0.00	0.00	4.25	88.85	93.49	0.00	37	0	42	0.00	0.00	58.30	7.52	0.00	0.00	2000
73	6.64	1090	2120	0.00	194	0	0	0	nan	0.00	0.00	2.63	91.67	93.36	0.00	37	0	42	0.00	0.00	58.31	7.34	0.00	0.00	2000
72	6.54	1111	2091	0.00	194	0	0	0	nan	0.00	0.00	2.71	90.41	93.46	0.00	37	0	42	0.00	0.00	58.54	7.61	0.00	0.00	2000
74	6.62	1112	2107	0.00	193	0	0	0	nan	0.01	0.02	2.74	90.96	93.38	0.00	37	0	42	0.00	0.00	58.08	7.43	0.00	0.00	2000
72	6.68	1083	2093	0.00	193	0	0	0	nan	0.00	0.00	2.83	90.19	93.32	0.00	37	0	42	0.00	0.00	58.39	7.68	0.00	0.00	2000
73	6.72	1091	2101	0.00	193	0	0	0	nan	0.00	0.00	3.04	90.32	93.28	0.00	37	0	42	0.00	0.00	58.02	7.67	0.00	0.00	2000
72	6.75	1060	2110	0.00	194	0	0	0	nan	0.00	0.01	3.17	90.59	93.25	0.00	37	0	42	0.00	0.00	57.70	7.51	0.00	0.00	2000
74	6.70	1114	2089	0.31	196	0	0	1	69.61	0.00	0.01	2.65	90.27	93.30	0.00	37	0	43	0.00	0.00	57.55	7.30	0.00	0.00	2000
71	6.84	1035	2096	0.17	211	0	0	0	nan	0.00	0.00	3.44	89.64	93.16	0.00	37	0	42	0.00	0.00	59.27	7.62	0.00	0.00	2000
117	8.11	1466	2072	0.00	199	0	0	0	nan	0.00	0.00	3.08	87.47	91.89	0.00	38	0	42	0.00	0.00	59.33	7.41	0.00	0.00	2000
236	11.07	2088	2148	0.00	287	0	0	0	nan	0.00	0.00	4.67	86.36	88.93	0.00	39	0	42	0.00	0.00	64.90	7.70	0.00	0.00	2000
232	11.06	2084	2114	0.00	203	0	0	0	nan	0.00	0.00	4.06	85.50	88.94	0.00	40	0	42	0.00	0.00	65.06	7.71	0.00	0.00	2000
228	11.31	2033	2085	0.00	203	0	0	0	nan	0.00	0.02	3.48	84.67	88.69	0.00	40	0	42	0.00	0.00	64.43	7.49	0.00	0.00	2000
236	11.43	2053	2110	0.00	218	0	0	0	nan	0.04	0.00	5.80	83.33	88.57	0.00	38	0	43	0.00	0.00	63.92	7.63	0.00	0.00	2000
227	11.07	2047	2099	0.00	200	0	0	0	nan	0.00	0.00	9.26	79.76	88.93	0.00	38	0	43	0.00	0.00	66.71	8.30	0.00	0.00	2000
224	10.83	2073	2097	0.00	200	0	0	0	nan	0.00	0.00	5.76	83.33	89.17	0.00	39	0	42	0.00	0.00	64.70	7.95	0.00	0.00	2000
221	10.94	2028	2088	0.00	199	0	0	0	nan	0.00	0.00	5.61	83.04	89.06	0.00	37	0	42	0.00	0.00	65.44	7.89	0.00	0.00	2000
234	11.30	2067	2103	0.00	198	0	0	0	nan	0.00	0.00	6.71	82.18	88.70	0.00	38	0	42	0.00	0.00	65.53	7.91	0.00	0.00	2000
230	11.08	2089	2081	0.00	209	0	0	0	nan	0.00	0.02	4.77	83.49	88.92	0.00	38	0	42	0.00	0.00	65.02	7.62	0.00	0.00	2000
230	11.20	2037	2117	0.00	197	0	0	0	nan	0.00	0.02	5.08	84.41	88.80	0.00	38	0	42	0.00	0.00	64.62	7.65	0.00	0.00	2000
229	11.16	2056	2100	0.00	199	0	0	0	nan	0.01	0.02	4.64	84.29	88.84	0.00	39	0	42	0.00	0.00	65.90	7.64	0.00	0.00	2000
231	11.07	2083	2103	0.00	198	0	0	0	nan	0.00	0.01	4.03	85.08	88.93	0.00	39	0	42	0.00	0.00	64.72	7.61	0.00	0.00	2000
230	11.43	2024	2092	0.00	199	0	0	0	nan	0.01	0.01	4.69	83.59	88.57	0.00	39	0	42	0.00	0.00	64.04	7.49	0.00	0.00	2000
228	11.49	2036	2045	0.00	203	0	0	6	95.93	0.00	0.00	5.18	81.11	88.51	0.00	39	0	42	0.00	0.00	62.03	7.31	0.00	0.00	2000
233	11.01	2052	2169	0.63	212	0	0	13	96.82	0.00	0.00	5.39	86.56	88.99	0.00	39	0	42	0.00	0.00	68.66	7.99	0.00	0.00	2000
231	11.10	2079	2099	0.00	198	0	0	0	nan	0.00	0.00	5.38	83.50	88.90	0.00	39	0	42	0.00	0.00	65.08	7.71	0.00	0.00	2000
231	11.33	2032	2107	0.00	199	0	0	0	nan	0.00	0.00	6.44	82.63	88.67	0.00	39	0	42	0.00	0.00	65.38	7.54	0.00	0.00	2000
233	11.31	2063	2100	0.00	203	0	0	0	nan	0.00	0.00	7.98	80.82	88.69	0.00	39	0	42	0.00	0.00	64.45	7.64	0.00	0.00	2000
227	10.88	2094	2091	0.00	203	0	0	0	nan	0.00	0.00	7.41	81.47	89.12	0.00	39	0	42	0.00	0.00	65.95	7.64	0.00	0.00	2000
230	11.09	2072	2103	0.00	198	0	0	0	nan	0.00	0.00	6.35	82.70	88.91	0.00	39	0	42	0.00	0.00	65.03	7.58	0.00	0.00	2000
230	11.16	2053	2106	0.00	199	0	0	0	nan	0.00	0.00	6.00	83.17	88.84	0.00	39	0	42	0.00	0.00	64.79	7.50	0.00	0.00	2000
228	11.20	2065	2071	0.00	202	0	0	0	nan	0.00	0.00	4.88	82.84	88.80	0.00	39	0	42	0.00	0.00	63.19	7.51	0.00	0.00	2000
237	11.26	2073	2135	0.00	200	0	0	0	nan	0.00	0.00	6.42	83.87	88.74	0.00	39	0	42	0.00	0.00	66.44	7.97	0.00	0.00	2000
230	11.16	2146	2021	0.00	203	0	0	0	nan	0.00	0.02	5.08	80.47	88.84	0.00	39	0	42	0.00	0.00	62.93	7.43	0.00	0.00	2000
227	10.91	2042	2137	0.00	247	0	0	0	nan	0.00	0.01	4.32	86.34	89.09	0.00	37	0	42	0.00	0.00	64.11	7.65	0.00	0.00	2000
224	11.00	2035	2101	0.00	202	0	0	0	nan	0.00	0.01	5.22	83.93	89.00	0.00	37	0	42	0.00	0.00	66.22	7.71	0.00	0.00	2000
237	11.38	2048	2136	0.00	217	0	0	0	nan	0.00	0.00	8.15	82.08	88.63	0.00	37	0	42	0.00	0.00	68.59	8.27	0.00	0.00	2000
234	11.54	2053	2077	0.00	181	0	0	0	nan	0.00	0.00	6.05	81.63	88.46	0.00	37	0	42	0.00	0.00	62.92	7.67	0.00	0.00	2000
233	11.44	2014	2126	0.00	214	0	0	0	nan	0.00	0.00	7.85	82.00	88.56	0.00	37	0	42	0.00	0.00	63.88	8.13	0.00	0.00	2000
233	11.16	2088	2099	0.00	196	0	0	0	nan	0.00	0.00	6.43	82.43	88.84	0.00	37	0	42	0.00	0.00	64.48	7.89	0.00	0.00	2000
230	11.23	2051	2100	0.06	183	0	0	3	67.38	0.00	0.02	6.25	82.57	88.77	0.00	38	0	42	0.00	0.00	62.31	7.56	0.00	0.00	2000
235	11.46	2049	2105	0.54	200	0	0	3	68.44	0.00	0.01	6.29	82.57	88.54	0.00	38	0	42	0.00	0.00	64.36	7.64	0.00	0.00	2000
503	22.29	2445	1939	0.00	200	0	0	0	nan	0.00	0.00	5.96	65.88	77.71	0.00	38	0	42	0.00	0.00	58.98	7.42	0.00	0.00	2000
689	27.63	2500	2093	0.00	246	0	0	0	nan	0.00	0.00	4.26	68.02	72.37	0.00	38	0	42	0.00	0.00	72.69	8.72	0.00	0.00	2000
693	27.71	2500	2100	0.00	234	0	0	0	nan	0.00	0.43	5.18	66.81	72.29	0.00	38	0	42	0.00	0.00	70.57	8.97	0.00	0.00	2000
695	27.79	2500	2101	0.00	261	0	0	0	nan	0.00	1.69	5.08	65.65	72.21	0.00	38	0	42	0.00	0.00	75.53	8.86	0.00	0.00	2000
714	27.36	2500	2192	0.00	254	0	0	0	nan	0.00	0.48	5.10	70.40	72.64	0.00	38	0	42	0.00	0.00	75.20	9.37	0.00	0.00	2000
252	11.58	2097	2179	0.00	248	0	0	0	nan	0.00	0.44	11.06	80.36	88.42	0.00	37	0	43	0.00	0.00	76.80	9.45	0.00	0.00	2000
234	11.32	2076	2093	0.00	198	0	0	0	nan	0.00	0.02	8.48	80.02	88.68	0.00	37	0	42	0.00	0.00	62.81	7.90	0.00	0.00	2000
233	11.27	2070	2093	0.00	199	0	0	0	nan	0.00	0.00	7.14	81.40	88.73	0.00	38	0	42	0.00	0.00	61.44	7.90	0.00	0.00	2000
219	11.19	1944	2117	0.00	201	0	0	0	nan	0.00	0.00	7.45	82.34	88.81	0.00	38	0	42	0.00	0.00	66.25	8.23	0.00	0.00	2000
179	10.46	1738	2066	0.00	261	0	0	0	nan	0.00	0.00	14.65	73.58	89.54	0.00	37	0	42	0.00	0.00	63.16	7.81	0.00	0.00	2000
77	7.40	1030	2135	0.00	210	0	0	0	nan	0.00	0.00	5.94	88.38	92.60	0.00	37	0	42	0.00	0.00	58.71	7.64	0.00	0.00	2000
75	6.69	1116	2102	0.00	193	0	0	0	nan	0.00	0.00	3.66	89.86	93.31	0.00	37	0	42	0.00	0.00	57.71	7.69	0.00	0.00	2000
144	8.78	1695	2033	0.00	48	0	0	0	nan	0.00	0.00	13.41	74.88	91.22	0.00	37	0	42	0.00	0.00	55.88	6.86	0.00	0.00	2000
