Avg_MHz	Busy%	Bzy_MHz	TSC_MHz	IPC	IRQ	NMI	SMI	LLCMRPS	LLC%hit	POLL%	C1%	C1E%	C6%	CPU%c1	CPU%c6	CoreTmp	CoreThr	PkgTmp	Pkg%pc2	Pkg%pc6	PkgWatt	RAMWatt	PKG_%	RAM_%	UncMHz
247	14.19	1685	2167	0.00	252	0	0	0	nan	0.00	0.02	35.63	52.95	85.81	0.00	37	0	42	0.00	0.00	63.91	7.85	0.00	0.00	2000
464	20.97	2213	2099	0.00	201	0	0	0	nan	0.00	1.87	21.46	56.04	79.03	0.00	38	0	42	0.00	0.00	67.18	7.78	0.00	0.00	2000
322	15.37	2097	2101	0.00	236	0	0	0	nan	0.00	0.68	24.06	60.01	84.63	0.00	37	0	42	0.00	0.00	63.56	7.71	0.00	0.00	2000
77	6.78	1127	2112	0.00	210	0	0	0	nan	0.00	0.02	3.88	89.90	93.22	0.00	37	0	42	0.00	0.00	61.00	8.00	0.00	0.00	2000
75	6.44	1166	2089	0.00	193	0	0	0	nan	0.00	0.00	3.72	89.31	93.56	0.00	37	0	42	0.00	0.00	58.52	7.64	0.00	0.00	2000
105	8.11	1284	2112	0.00	193	0	0	0	nan	0.00	0.03	4.22	88.26	91.89	0.00	37	0	42	0.00	0.00	58.71	7.25	0.00	0.00	2000
72	6.59	1106	2076	0.00	194	0	0	0	nan	0.00	0.00	3.08	89.32	93.41	0.00	37	0	42	0.00	0.00	57.03	7.60	0.00	0.00	2000
74	7.11	1021	2135	0.00	194	0	0	0	nan	0.00	0.03	1.77	92.82	92.89	0.00	37	0	42	0.00	0.00	60.99	7.50	0.00	0.00	2000
73	6.36	1149	2090	0.00	193	0	0	0	nan	0.00	0.02	3.26	89.89	93.64	0.00	37	0	42	0.00	0.00	57.64	7.42	0.00	0.00	2000
72	6.56	1096	2111	0.00	193	0	0	0	nan	0.00	0.01	2.69	91.21	93.44	0.00	37	0	42	0.00	0.00	59.32	7.79	0.00	0.00	2000
74	6.67	1120	2083	0.00	193	0	0	0	nan	0.00	0.01	2.79	89.88	93.33	0.00	37	0	42	0.00	0.00	57.46	7.44	0.00	0.00	2000
73	6.90	1056	2112	0.00	194	0	0	0	nan	0.00	0.00	3.22	90.47	93.10	0.00	37	0	42	0.00	0.00	58.95	7.70	0.00	0.00	2000
73	6.68	1101	2086	0.00	192	0	0	0	nan	0.00	0.02	3.61	89.17	93.32	0.00	37	0	42	0.00	0.00	57.16	7.36	0.00	0.00	2000
71	6.88	1034	2086	0.00	194	0	0	0	nan	0.00	0.00	2.31	90.25	93.12	0.00	37	0	42	0.00	0.00	56.34	7.22	0.00	0.00	2000
74	6.99	1038	2131	0.00	210	0	0	0	nan	0.00	0.00	4.67	89.79	93.01	0.00	37	0	42	0.00	0.00	59.90	7.64	0.00	0.00	2000
72	6.50	1122	2063	0.00	198	0	0	0	84.49	0.01	0.00	4.33	87.55	93.50	0.00	37	0	42	0.00	0.00	57.68	7.45	0.00	0.00	2000
83	7.49	1090	2135	0.27	193	0	0	3	60.99	0.00	0.00	2.49	91.71	92.51	0.00	37	0	42	0.00	0.00	60.65	7.73	0.00	0.00	2000
73	6.71	1080	2106	0.00	193	0	0	0	nan	0.00	0.00	3.08	90.46	93.29	0.00	37	0	42	0.00	0.00	56.18	7.11	0.00	0.00	2000
114	8.02	1441	2080	0.00	217	0	0	0	nan	0.00	0.07	2.92	88.27	91.98	0.00	37	0	42	0.00	0.00	60.98	7.54	0.00	0.00	2000
232	11.18	2057	2115	0.00	252	0	0	0	nan	0.00	0.00	3.55	86.07	88.82	0.00	39	0	42	0.00	0.00	64.97	7.50	0.00	0.00	2000
231	10.91	2115	2106	0.00	205	0	0	0	nan	0.00	0.02	3.04	86.37	89.09	0.00	40	0	42	0.00	0.00	64.25	7.53	0.00	0.00	2000
229	11.00	2081	2097	0.00	203	0	0	0	nan	0.00	0.02	3.02	86.04	89.00	0.00	40	0	42	0.00	0.00	65.04	7.49	0.00	0.00	2000
237	12.14	2084	1965	0.00	188	0	0	0	nan	0.00	0.05	3.55	78.82	87.86	0.00	40	0	42	0.00	0.00	60.19	6.98	0.00	0.00	2000
236	10.88	2026	2249	0.00	218	0	0	0	nan	0.00	0.00	8.50	87.09	89.12	0.00	37	0	42	0.00	0.00	68.87	8.61	0.00	0.00	2000
231	11.44	2020	2099	0.00	197	0	0	0	nan	0.00	0.00	7.37	81.41	88.56	0.00	37	0	42	0.00	0.00	64.53	7.82	0.00	0.00	2000
227	11.52	2031	2032	0.00	197	0	0	0	nan	0.00	0.00	5.45	80.37	88.48	0.00	37	0	42	0.00	0.00	65.08	7.82	0.00	0.00	2000
233	11.04	2058	2155	0.00	214	0	0	0	nan	0.00	0.03	5.43	86.06	88.96	0.00	38	0	42	0.00	0.00	66.53	7.89	0.00	0.00	2000
231	11.40	2030	2095	0.00	205	0	0	0	nan	0.00	0.00	6.83	81.77	88.60	0.00	38	0	42	0.00	0.00	65.83	7.80	0.00	0.00	2000
233	11.50	2010	2113	0.00	197	0	0	0	nan	0.00	0.03	7.21	82.06	88.50	0.00	39	0	42	0.00	0.00	63.86	7.45	0.00	0.00	2000
228	10.87	2099	2101	0.00	198	0	0	0	nan	0.00	0.00	6.31	82.97	89.13	0.00	38	0	42	0.00	0.00	65.90	7.53	0.00	0.00	2000
231	11.41	2025	2102	0.00	199	0	0	0	nan	0.00	0.00	5.61	83.22	88.59	0.00	39	0	42	0.00	0.00	64.64	7.46	0.00	0.00	2000
229	11.41	2011	2096	0.00	199	0	0	0	nan	0.00	0.00	6.30	82.34	88.59	0.00	39	0	42	0.00	0.00	64.19	7.46	0.00	0.00	2000
233	11.37	2049	2105	0.00	205	0	0	6	94.32	0.00	0.00	5.72	83.11	88.63	0.00	39	0	42	0.00	0.00	65.63	7.67	0.00	0.00	2000
230	10.87	2113	2106	0.65	198	0	0	14	97.03	0.01	0.04	5.11	84.32	89.13	0.00	39	0	42	0.00	0.00	66.62	7.72	0.00	0.00	2000
228	11.02	2108	2058	0.00	191	0	0	0	nan	0.00	0.01	3.43	83.90	88.98	0.00	39	0	42	0.00	0.00	63.32	7.35	0.00	0.00	2000
224	11.52	1992	2053	0.00	209	0	0	0	nan	0.00	0.00	6.92	79.78	88.48	0.00	39	0	42	0.00	0.00	60.76	7.46	0.00	0.00	2000
235	11.24	2057	2131	0.00	215	0	0	0	nan	0.00	0.02	4.27	85.88	88.76	0.00	39	0	42	0.00	0.00	69.46	7.54	0.00	0.00	2000
226	11.10	2008	2126	0.00	216	0	0	0	nan	0.00	0.00	6.55	83.64	88.90	0.00	39	0	42	0.00	0.00	64.72	7.40	0.00	0.00	2000
232	11.33	2025	2121	0.00	198	0	0	0	nan	0.00	0.00	5.90	83.81	88.67	0.00	39	0	42	0.00	0.00	64.47	7.46	0.00	0.00	2000
232	11.26	2047	2111	0.00	198	0	0	0	nan	0.00	0.00	5.14	84.14	88.74	0.00	39	0	43	0.00	0.00	65.96	7.66	0.00	0.00	2000
230	11.06	2093	2088	0.00	198	0	0	0	nan	0.00	0.00	6.12	82.31	88.94	0.00	39	0	42	0.00	0.00	64.95	7.61	0.00	0.00	2000
229	11.37	2015	2098	0.00	200	0	0	0	nan	0.00	0.00	5.82	82.85	88.63	0.00	39	0	42	0.00	0.00	63.87	7.34	0.00	0.00	2000
230	11.25	2072	2074	0.00	206	0	0	0	nan	0.00	0.00	3.97	83.73	88.75	0.00	39	0	42	0.00	0.00	62.57	7.27	0.00	0.00	2000
228	10.75	2098	2122	0.00	215	0	0	0	nan	0.00	0.02	2.53	87.73	89.25	0.00	39	0	42	0.00	0.00	68.87	8.00	0.00	0.00	2000
231	11.25	2040	2111	0.00	198	0	0	0	nan	0.00	0.03	4.80	84.58	88.75	0.00	39	0	42	0.00	0.00	64.07	7.46	0.00	0.00	2000
229	10.96	2087	2099	0.00	198	0	0	0	nan	0.00	0.06	4.61	84.47	89.04	0.00	39	0	42	0.00	0.00	64.40	7.59	0.00	0.00	2000
231	10.94	2117	2096	0.00	202	0	0	0	nan	0.00	0.02	4.99	83.99	89.06	0.00	39	0	42	0.00	0.00	64.95	7.31	0.00	0.00	2000
229	11.27	2039	2095	0.00	199	0	0	0	nan	0.00	0.00	5.65	83.06	88.73	0.00	40	0	42	0.00	0.00	64.99	7.51	0.00	0.00	2000
231	11.36	2015	2117	0.00	213	0	0	0	nan	0.00	0.00	9.55	79.95	88.64	0.00	39	0	43	0.00	0.00	64.96	7.44	0.00	0.00	2000
222	11.16	2026	2058	0.02	197	0	0	5	96.08	0.00	0.00	5.61	81.56	88.84	0.00	39	0	42	0.00	0.00	62.49	7.13	0.00	0.00	2000
234	11.04	2084	2135	0.70	198	0	0	9	96.18	0.00	0.02	3.36	87.18	88.96	0.00	39	0	42	0.00	0.00	65.45	7.70	0.00	0.00	2000
233	11.53	2022	2103	0.00	203	0	0	0	nan	0.00	0.00	4.56	84.24	88.47	0.00	39	0	42	0.00	0.00	65.01	7.49	0.00	0.00	2000
228	11.14	2092	2053	0.00	199	0	0	0	nan	0.00	0.00	4.29	82.67	88.86	0.00	39	0	43	0.00	0.00	63.59	7.50	0.00	0.00	2000
231	10.93	2063	2146	0.00	213	0	0	0	nan	0.00	0.01	6.35	84.82	89.07	0.00	39	0	42	0.00	0.00	68.70	8.01	0.00	0.00	2000
231	10.88	2127	2096	0.00	199	0	0	0	nan	0.00	0.00	6.59	82.47	89.12	0.00	39	0	42	0.00	0.00	65.14	7.57	0.00	0.00	2000
231	11.11	2076	2103	0.00	201	0	0	0	nan	0.00	0.00	8.04	81.18	88.89	0.00	40	0	42	0.00	0.00	64.99	7.63	0.00	0.00	2000
230	11.17	2078	2082	0.00	205	0	0	0	nan	0.00	0.00	6.61	81.60	88.83	0.00	39	0	42	0.00	0.00	64.17	7.48	0.00	0.00	2000
228	11.29	2051	2071	0.00	198	0	0	0	nan	0.00	0.05	3.44	84.14	88.71	0.00	39	0	42	0.00	0.00	63.10	7.42	0.00	0.00	2000
224	11.41	1987	2079	0.00	215	0	0	0	nan	0.00	0.01	4.64	83.20	88.59	0.00	39	0	43	0.00	0.00	64.52	7.52	0.00	0.00	2000
239	11.56	2045	2122	0.00	223	0	0	0	nan	0.00	0.00	3.20	86.35	88.44	0.00	39	0	42	0.00	0.00	66.07	7.78	0.00	0.00	2000
226	10.96	2049	2111	0.00	219	0	0	0	nan	0.00	0.00	6.45	83.20	89.04	0.00	39	0	42	0.00	0.00	66.35	7.75	0.00	0.00	2000
228	11.36	2026	2076	0.00	198	0	0	0	nan	0.00	0.00	5.86	81.94	88.64	0.00	40	0	42	0.00	0.00	62.68	7.51	0.00	0.00	2000
233	11.06	2039	2174	0.00	215	0	0	0	nan	0.00	0.02	3.61	88.60	88.94	0.00	39	0	42	0.00	0.00	67.97	7.93	0.00	0.00	2000
226	11.56	1955	2099	0.00	197	0	0	0	nan	0.00	0.00	3.96	84.51	88.44	0.00	39	0	42	0.00	0.00	66.08	8.01	0.00	0.00	2000
234	11.38	2048	2104	0.00	201	0	0	0	nan	0.00	0.01	6.20	82.68	88.62	0.00	39	0	42	0.00	0.00	65.34	7.61	0.00	0.00	2000
229	11.00	2091	2087	0.00	200	0	0	0	nan	0.00	0.00	6.17	82.36	89.00	0.00	39	0	43	0.00	0.00	63.20	7.48	0.00	0.00	2000
231	11.28	2039	2109	0.39	197	0	0	10	92.43	0.00	0.00	5.91	83.30	88.72	0.00	40	0	42	0.00	0.00	67.20	7.94	0.00	0.00	2000
229	11.02	2083	2092	0.63	198	0	0	3	93.14	0.00	0.01	5.03	83.73	88.98	0.00	39	0	43	0.00	0.00	63.49	7.63	0.00	0.00	2000
234	11.48	2030	2107	0.00	198	0	0	0	nan	0.00	0.95	7.38	80.67	88.52	0.00	39	0	42	0.00	0.00	65.06	7.69	0.00	0.00	2000
233	11.59	2006	2103	0.00	198	0	0	0	nan	0.00	0.05	4.31	84.40	88.41	0.00	39	0	42	0.00	0.00	67.66	7.81	0.00	0.00	2000
228	11.08	2072	2089	0.00	203	0	0	0	nan	0.00	0.00	6.76	81.76	88.92	0.00	39	0	42	0.00	0.00	63.34	7.66	0.00	0.00	2000
229	11.64	1961	2109	0.00	198	0	0	0	nan	0.00	0.00	6.85	82.09	88.36	0.00	39	0	42	0.00	0.00	64.51	7.59	0.00	0.00	2000
217	13.04	2080	1678	0.00	199	0	0	0	nan	0.00	0.00	5.04	64.61	86.96	0.00	39	0	42	0.00	0.00	47.48	5.59	0.00	0.00	2000
227	9.68	1869	2635	0.00	278	0	0	0	nan	0.00	0.06	5.96	107.47	90.32	0.00	39	0	42	0.00	0.00	86.32	10.27	0.00	0.00	2000
231	11.34	2036	2104	0.00	220	0	0	0	nan	0.00	0.00	4.91	84.02	88.66	0.00	39	0	43	0.00	0.00	67.55	8.08	0.00	0.00	2000
230	11.12	2075	2098	0.00	206	0	0	0	nan	0.00	0.00	4.53	84.39	88.88	0.00	40	0	43	0.00	0.00	64.83	7.76	0.00	0.00	2000
234	11.38	2035	2126	0.00	204	0	0	0	nan	0.00	0.00	5.04	84.73	88.62	0.00	40	0	42	0.00	0.00	64.52	7.89	0.00	0.00	2000
234	11.08	2104	2108	0.00	204	0	0	0	nan	0.00	0.00	3.93	85.36	88.92	0.00	40	0	42	0.00	0.00	65.39	7.69	0.00	0.00	2000
229	11.01	2085	2097	0.00	214	0	0	0	nan	0.00	0.01	3.58	85.47	88.99	0.00	39	0	42	0.00	0.00	64.60	7.81	0.00	0.00	2000
228	11.01	2079	2092	0.00	203	0	0	0	nan	0.00	0.04	3.40	85.33	88.99	0.00	39	0	42	0.00	0.00	66.00	8.14	0.00	0.00	2000
230	10.94	2105	2097	0.00	203	0	0	0	nan	0.00	0.00	3.64	85.42	89.06	0.00	40	0	42	0.00	0.00	65.22	7.91	0.00	0.00	2000
231	11.22	2049	2113	0.00	204	0	0	0	nan	0.00	0.02	2.45	86.95	88.78	0.00	40	0	42	0.00	0.00	63.36	7.53	0.00	0.00	2000
230	11.46	2018	2086	0.00	203	0	0	0	nan	0.00	0.00	3.36	84.77	88.54	0.00	40	0	42	0.00	0.00	65.20	7.88	0.00	0.00	2000
231	11.16	2058	2113	0.29	214	0	0	10	28.53	0.00	0.00	3.16	86.45	88.84	0.00	40	0	42	0.00	0.00	66.89	8.11	0.00	0.00	2000
230	11.24	2047	2098	0.10	204	0	0	0	nan	0.00	0.00	3.59	85.27	88.76	0.00	39	0	42	0.00	0.00	64.73	7.92	0.00	0.00	2000
228	11.22	2029	2098	0.00	204	0	0	0	nan	0.00	0.03	3.14	85.70	88.78	0.00	39	0	42	0.00	0.00	65.00	7.91	0.00	0.00	2000
228	11.19	2034	2099	0.00	203	0	0	0	nan	0.00	0.02	3.31	85.64	88.81	0.00	39	0	42	0.00	0.00	62.96	7.81	0.00	0.00	2000
227	11.22	2050	2073	0.00	204	0	0	0	nan	0.00	0.00	3.12	84.73	88.78	0.00	40	0	43	0.00	0.00	63.23	7.46	0.00	0.00	2000
233	10.94	2117	2116	0.00	213	0	0	0	nan	0.00	0.00	2.27	87.62	89.06	0.00	40	0	42	0.00	0.00	66.44	8.12	0.00	0.00	2000
231	11.24	2050	2109	0.00	221	0	0	0	nan	0.01	0.00	2.58	86.73	88.76	0.00	40	0	42	0.00	0.00	63.86	7.83	0.00	0.00	2000
231	11.00	2094	2106	0.00	203	0	0	0	nan	0.00	0.01	4.02	85.45	89.00	0.00	40	0	43	0.00	0.00	64.84	7.86	0.00	0.00	2000
229	10.91	2097	2098	0.00	204	0	0	0	nan	0.00	0.02	2.97	86.17	89.09	0.00	40	0	42	0.00	0.00	64.90	7.74	0.00	0.00	2000
231	11.23	2065	2090	0.00	203	0	0	0	nan	0.00	0.00	3.33	85.07	88.77	0.00	40	0	42	0.00	0.00	66.83	7.90	0.00	0.00	2000
230	11.28	2036	2106	0.00	198	0	0	0	nan	0.00	0.03	3.75	85.42	88.72	0.00	40	0	42	0.00	0.00	62.87	7.64	0.00	0.00	2000
232	11.42	2028	2100	0.00	218	0	0	0	nan	0.00	0.00	3.26	85.47	88.58	0.00	40	0	42	0.00	0.00	64.32	7.77	0.00	0.00	2000
365	17.12	2294	1950	0.00	249	0	0	0	nan	0.00	0.02	3.42	73.70	82.88	0.00	38	0	42	0.00	0.00	59.63	7.17	0.00	0.00	2000
683	27.32	2500	2101	0.00	237	0	0	0	nan	0.00	0.01	5.18	67.65	72.68	0.00	38	0	43	0.00	0.00	72.97	9.12	0.00	0.00	2000
681	27.25	2500	2099	0.00	229	0	0	0	nan	0.00	0.00	5.00	67.86	72.75	0.00	38	0	43	0.00	0.00	72.74	8.77	0.00	0.00	2000
683	27.32	2500	2100	0.00	230	0	0	0	nan	0.00	0.00	4.49	68.34	72.68	0.00	38	0	43	0.00	0.00	73.11	8.78	0.00	0.00	2000
682	27.30	2500	2100	0.12	238	0	0	46	25.97	0.00	0.02	5.98	66.83	72.70	0.00	38	0	43	0.00	0.00	72.77	8.75	0.00	0.00	2000
682	27.27	2500	2102	0.12	231	0	0	4	45.14	0.00	0.00	3.60	69.33	72.73	0.00	38	0	42	0.00	0.00	73.09	8.75	0.00	0.00	2000
684	27.36	2500	2099	0.00	235	0	0	0	nan	0.00	0.00	4.30	68.41	72.64	0.00	39	0	42	0.00	0.00	72.92	8.84	0.00	0.00	2000
680	27.28	2500	2093	0.00	230	0	0	0	nan	0.00	0.00	4.09	68.50	72.72	0.00	39	0	43	0.00	0.00	70.16	8.40	0.00	0.00	2000
684	27.26	2500	2108	0.00	246	0	0	0	nan	0.00	0.02	3.86	69.29	72.74	0.00	39	0	43	0.00	0.00	75.71	9.27	0.00	0.00	2000
680	27.30	2500	2092	0.00	240	0	0	0	nan	0.00	0.01	2.39	70.14	72.70	0.00	39	0	43	0.00	0.00	70.20	8.46	0.00	0.00	2000
683	27.20	2500	2109	0.00	246	0	0	0	nan	0.00	0.44	3.84	68.97	72.80	0.00	39	0	42	0.00	0.00	75.79	9.07	0.00	0.00	2000
678	28.25	2500	2017	0.00	236	0	0	0	nan	0.00	0.77	4.28	63.99	71.75	0.00	38	0	43	0.00	0.00	70.50	8.33	0.00	0.00	2000
681	27.26	2500	2098	0.00	247	0	0	0	nan	0.00	0.00	4.99	67.80	72.74	0.00	38	0	42	0.00	0.00	72.87	8.82	0.00	0.00	2000
675	26.91	2500	2108	0.00	251	0	0	0	nan	0.00	0.02	5.15	68.33	73.09	0.00	38	0	42	0.00	0.00	72.39	8.66	0.00	0.00	2000
689	27.60	2500	2099	0.00	246	0	0	0	nan	0.00	0.01	5.63	66.84	72.41	0.00	38	0	43	0.00	0.00	72.90	8.61	0.00	0.00	2000
523	21.48	2287	2236	0.00	259	0	0	0	nan	0.00	0.00	8.52	75.19	78.52	0.00	37	0	42	0.00	0.00	73.33	9.04	0.00	0.00	2000
268	12.08	2071	2249	0.00	214	0	0	0	nan	0.00	0.00	9.49	84.82	87.92	0.00	37	0	43	0.00	0.00	71.00	8.74	0.00	0.00	2000
219	10.62	2069	2096	0.00	207	0	0	0	nan	0.00	0.06	5.16	84.03	89.38	0.00	38	0	42	0.00	0.00	63.87	7.84	0.00	0.00	2000
234	11.31	2048	2123	0.00	205	0	0	0	nan	0.00	0.02	4.27	85.50	88.69	0.00	39	0	43	0.00	0.00	67.42	8.16	0.00	0.00	2000
228	11.10	2078	2076	0.48	214	0	0	15	26.25	0.00	0.02	3.92	84.10	88.90	0.00	39	0	43	0.00	0.00	63.18	7.77	0.00	0.00	2000
231	11.12	2060	2117	0.11	203	0	0	0	nan	0.00	0.02	3.43	86.31	88.88	0.00	39	0	42	0.00	0.00	65.57	8.03	0.00	0.00	2000
230	11.09	2084	2088	0.00	203	0	0	0	nan	0.00	0.01	3.45	85.09	88.91	0.00	40	0	43	0.00	0.00	64.35	7.78	0.00	0.00	2000
229	11.08	2061	2108	0.00	203	0	0	0	nan	0.01	0.00	2.76	86.66	88.92	0.00	40	0	42	0.00	0.00	65.90	8.03	0.00	0.00	2000
233	11.29	2051	2114	0.00	203	0	0	0	nan	0.00	0.00	3.20	86.16	88.71	0.00	40	0	42	0.00	0.00	65.34	8.15	0.00	0.00	2000
226	10.97	2082	2080	0.00	229	0	0	0	nan	0.00	0.01	3.57	84.77	89.03	0.00	40	0	43	0.00	0.00	63.84	7.92	0.00	0.00	2000
230	10.91	2102	2111	0.00	220	0	0	0	nan	0.00	0.02	3.56	86.01	89.09	0.00	40	0	42	0.00	0.00	64.02	7.90	0.00	0.00	2000
225	11.04	2061	2075	0.00	204	0	0	0	nan	0.00	0.00	2.78	85.21	88.96	0.00	40	0	42	0.00	0.00	65.37	7.95	0.00	0.00	2000
237	11.48	2037	2132	0.00	214	0	0	0	nan	0.00	0.02	3.61	86.39	88.52	0.00	40	0	42	0.00	0.00	66.25	7.86	0.00	0.00	2000
210	11.20	1945	2025	0.00	208	0	0	0	nan	0.00	0.07	7.70	78.03	88.80	0.00	39	0	43	0.00	0.00	60.75	7.42	0.00	0.00	2000
82	7.19	1099	2166	0.00	263	0	0	0	nan	0.00	0.00	4.65	91.19	92.81	0.00	37	0	43	0.00	0.00	62.85	7.89	0.00	0.00	2000
76	6.80	1116	2117	0.00	193	0	0	0	nan	0.00	0.00	3.83	90.13	93.20	0.00	38	0	43	0.00	0.00	58.25	7.12	0.00	0.00	2000
74	6.45	1155	2088	0.00	177	0	0	0	nan	0.00	0.00	2.96	89.97	93.55	0.00	37	0	43	0.00	0.00	59.51	7.51	0.00	0.00	2000
163	10.48	1587	2057	0.00	51	0	0	0	nan	0.00	0.00	19.98	67.94	89.52	0.00	37	0	42	0.00	0.00	69.48	7.90	0.00	0.00	2000
