Avg_MHz	Busy%	Bzy_MHz	TSC_MHz	IPC	IRQ	NMI	SMI	LLCMRPS	LLC%hit	POLL%	C1%	C1E%	C6%	CPU%c1	CPU%c6	CoreTmp	CoreThr	PkgTmp	Pkg%pc2	Pkg%pc6	PkgWatt	RAMWatt	PKG_%	RAM_%	UncMHz
361	18.19	1952	2134	0.00	297	0	0	0	nan	0.00	0.01	35.60	47.64	81.81	0.00	37	0	42	0.00	0.00	65.99	7.48	0.00	0.00	2000
441	19.00	2307	2114	0.00	212	0	0	0	nan	0.06	1.18	16.34	64.22	81.00	0.00	37	0	42	0.00	0.00	68.90	8.07	0.00	0.00	2000
79	6.49	1205	2126	0.00	209	0	0	0	nan	0.00	0.02	10.17	84.31	93.51	0.00	37	0	42	0.00	0.00	58.50	7.44	0.00	0.00	2000
73	6.55	1125	2068	0.00	179	0	0	0	nan	0.00	0.00	2.95	89.15	93.45	0.00	37	0	42	0.00	0.00	57.08	7.28	0.00	0.00	2000
74	6.51	1123	2122	0.00	209	0	0	0	nan	0.00	0.00	3.77	90.64	93.49	0.00	37	0	42	0.00	0.00	57.85	7.28	0.00	0.00	2000
71	6.60	1083	2089	0.00	193	0	0	0	nan	0.00	0.02	2.51	90.33	93.40	0.00	37	0	42	0.00	0.00	56.96	7.28	0.00	0.00	2000
80	7.02	1141	2096	0.00	195	0	0	0	nan	0.00	0.00	2.59	90.20	92.98	0.00	37	0	42	0.00	0.00	57.23	7.19	0.00	0.00	2000
73	6.62	1103	2111	0.00	194	0	0	0	nan	0.00	0.00	3.76	90.14	93.38	0.00	37	0	42	0.00	0.00	60.98	7.91	0.00	0.00	2000
73	6.36	1153	2100	0.00	194	0	0	0	nan	0.00	0.00	3.03	90.61	93.64	0.00	37	0	42	0.00	0.00	56.39	7.25	0.00	0.00	2000
72	6.50	1114	2085	0.00	193	0	0	0	nan	0.00	0.02	2.73	90.09	93.50	0.00	37	0	42	0.00	0.00	58.17	7.37	0.00	0.00	2000
75	6.91	1063	2135	0.00	194	0	0	0	nan	0.00	0.04	2.50	92.20	93.09	0.00	37	0	42	0.00	0.00	58.13	7.48	0.00	0.00	2000
72	6.80	1073	2075	0.00	194	0	0	0	nan	0.00	0.00	3.63	88.56	93.20	0.00	37	0	42	0.00	0.00	59.85	7.62	0.00	0.00	2000
73	6.73	1082	2115	0.00	193	0	0	0	nan	0.00	0.02	3.17	90.84	93.27	0.00	37	0	42	0.00	0.00	58.61	7.65	0.00	0.00	2000
73	6.59	1104	2099	0.00	194	0	0	0	nan	0.00	0.00	2.64	90.69	93.41	0.00	37	0	42	0.00	0.00	56.42	7.27	0.00	0.00	2000
73	6.99	1061	2075	0.00	193	0	0	0	nan	0.00	0.02	3.16	88.83	93.01	0.00	37	0	42	0.00	0.00	56.90	7.47	0.00	0.00	2000
73	6.34	1138	2116	0.00	195	0	0	1	90.00	0.00	0.01	3.76	90.56	93.66	0.00	37	0	42	0.00	0.00	58.64	7.66	0.00	0.00	2000
73	6.44	1141	2098	0.29	193	0	0	1	87.35	0.00	0.02	2.89	90.59	93.56	0.00	37	0	42	0.00	0.00	57.99	7.15	0.00	0.00	2000
72	6.49	1112	2103	0.04	197	0	0	0	nan	0.00	0.00	3.88	89.77	93.51	0.00	37	0	42	0.00	0.00	58.97	7.59	0.00	0.00	2000
151	8.94	1683	2112	0.00	211	0	0	0	nan	0.01	0.04	3.80	87.84	91.06	0.00	38	0	42	0.00	0.00	61.08	7.33	0.00	0.00	2000
229	10.91	2112	2089	0.00	204	0	0	0	nan	0.01	0.00	3.35	85.36	89.09	0.00	39	0	42	0.00	0.00	64.27	7.26	0.00	0.00	2000
232	10.91	2109	2113	0.00	204	0	0	0	nan	0.00	0.00	3.51	86.19	89.09	0.00	40	0	42	0.00	0.00	65.28	7.64	0.00	0.00	2000
231	11.09	2085	2099	0.00	213	0	0	0	nan	0.00	0.00	3.71	85.23	88.91	0.00	40	0	42	0.00	0.00	65.01	7.32	0.00	0.00	2000
244	11.28	2166	2098	0.00	194	0	0	0	nan	0.00	0.03	6.40	82.34	88.72	0.00	38	0	42	0.00	0.00	66.41	7.59	0.00	0.00	2000
233	11.14	2097	2096	0.00	199	0	0	0	nan	0.00	0.00	7.87	81.01	88.86	0.00	39	0	42	0.00	0.00	65.47	8.10	0.00	0.00	2000
216	11.99	1997	1895	0.00	194	0	0	0	nan	0.00	0.00	4.52	75.03	88.01	0.00	38	0	42	0.00	0.00	56.54	6.84	0.00	0.00	2000
244	10.52	2065	2360	0.00	251	0	0	0	nan	0.00	0.00	3.21	97.36	89.48	0.00	37	0	42	0.00	0.00	76.12	9.05	0.00	0.00	2000
233	11.01	2108	2104	0.00	195	0	0	0	nan	0.00	0.00	4.93	84.30	88.99	0.00	38	0	42	0.00	0.00	65.63	7.63	0.00	0.00	2000
232	11.28	2048	2106	0.00	199	0	0	0	nan	0.00	0.00	4.87	84.15	88.72	0.00	38	0	42	0.00	0.00	64.85	7.44	0.00	0.00	2000
230	11.17	2065	2092	0.00	197	0	0	0	nan	0.00	0.01	4.24	84.41	88.83	0.00	38	0	42	0.00	0.00	64.55	7.32	0.00	0.00	2000
228	11.24	2034	2095	0.00	194	0	0	0	nan	0.01	0.00	3.92	84.73	88.76	0.00	38	0	42	0.00	0.00	64.23	7.48	0.00	0.00	2000
230	11.10	2128	2042	0.00	203	0	0	0	nan	0.00	0.00	5.04	81.34	88.90	0.00	39	0	42	0.00	0.00	63.99	7.39	0.00	0.00	2000
233	10.66	2120	2170	0.00	212	0	0	0	nan	0.00	0.02	5.90	86.49	89.34	0.00	38	0	42	0.00	0.00	69.36	7.90	0.00	0.00	2000
230	10.95	2104	2099	0.00	198	0	0	5	93.51	0.00	0.00	5.69	83.35	89.05	0.00	39	0	42	0.00	0.00	64.72	7.50	0.00	0.00	2000
228	10.82	2121	2090	0.77	197	0	0	8	79.59	0.00	0.00	5.65	83.21	89.18	0.00	39	0	42	0.00	0.00	59.99	6.92	0.00	0.00	2000
228	11.32	2064	2049	0.00	201	0	0	0	nan	0.00	0.04	4.10	82.52	88.68	0.00	38	0	42	0.00	0.00	64.37	7.29	0.00	0.00	2000
238	10.79	2150	2152	0.00	202	0	0	0	nan	0.00	0.00	5.27	86.23	89.21	0.00	38	0	42	0.00	0.00	70.02	8.03	0.00	0.00	2000
235	11.14	2109	2102	0.00	199	0	0	0	nan	0.00	0.00	3.36	85.62	88.86	0.00	38	0	42	0.00	0.00	64.95	7.71	0.00	0.00	2000
233	11.01	2108	2112	0.00	196	0	0	0	nan	0.00	0.01	4.38	85.18	88.99	0.00	38	0	42	0.00	0.00	67.61	7.90	0.00	0.00	2000
230	11.14	2074	2095	0.00	196	0	0	0	nan	0.00	0.99	4.38	83.39	88.86	0.00	39	0	42	0.00	0.00	64.29	7.43	0.00	0.00	2000
227	11.21	2070	2058	0.00	196	0	0	0	nan	0.00	0.03	3.91	83.20	88.79	0.00	38	0	42	0.00	0.00	63.27	7.23	0.00	0.00	2000
234	11.01	2103	2126	0.00	201	0	0	0	nan	0.00	0.04	5.13	85.04	88.99	0.00	39	0	42	0.00	0.00	64.82	7.51	0.00	0.00	2000
230	11.00	2086	2103	0.00	199	0	0	0	nan	0.00	0.00	8.18	81.04	89.00	0.00	38	0	42	0.00	0.00	66.53	7.76	0.00	0.00	2000
233	11.46	2056	2074	0.00	212	0	0	0	nan	0.00	0.02	4.65	82.84	88.54	0.00	39	0	42	0.00	0.00	64.09	7.32	0.00	0.00	2000
220	10.80	2001	2139	0.00	197	0	0	0	nan	0.00	0.05	5.94	85.00	89.20	0.00	38	0	42	0.00	0.00	66.09	7.67	0.00	0.00	2000
338	15.23	2250	2071	0.00	251	0	0	0	nan	0.00	0.05	5.06	78.61	84.77	0.00	38	0	42	0.00	0.00	65.65	7.39	0.00	0.00	2000
186	10.17	1803	2125	0.00	247	0	0	0	nan	0.00	0.00	12.65	78.25	89.83	0.00	37	0	42	0.00	0.00	61.82	7.54	0.00	0.00	2000
82	7.07	1149	2106	0.00	193	0	0	0	nan	0.00	0.02	3.84	89.32	92.93	0.00	37	0	42	0.00	0.00	63.18	7.95	0.00	0.00	2000
77	7.07	1087	2094	0.00	196	0	0	0	nan	0.00	0.02	4.44	88.28	92.93	0.00	37	0	42	0.00	0.00	55.92	7.10	0.00	0.00	2000
119	8.57	1446	2015	0.00	65	0	0	0	nan	0.00	0.02	10.95	76.69	91.43	0.00	37	0	42	0.00	0.00	59.94	7.28	0.00	0.00	2000
