Avg_MHz	Busy%	Bzy_MHz	TSC_MHz	IPC	IRQ	NMI	SMI	LLCMRPS	LLC%hit	POLL%	C1%	C1E%	C6%	CPU%c1	CPU%c6	CoreTmp	CoreThr	PkgTmp	Pkg%pc2	Pkg%pc6	PkgWatt	RAMWatt	PKG_%	RAM_%	UncMHz
246	12.94	1851	2154	0.00	239	0	0	0	nan	0.01	0.62	27.39	61.36	87.06	0.00	37	0	43	0.00	0.00	64.83	7.93	0.00	0.00	2000
465	21.13	2192	2108	0.00	199	0	0	0	nan	0.04	1.65	20.28	57.57	78.87	0.00	37	0	43	0.00	0.00	69.00	7.95	0.00	0.00	2000
339	16.03	2100	2113	0.00	256	0	0	0	nan	0.00	0.79	18.52	65.18	83.97	0.00	37	0	43	0.00	0.00	63.60	7.46	0.00	0.00	2000
73	6.55	1130	2078	0.00	193	0	0	0	nan	0.00	0.00	3.87	88.66	93.45	0.00	38	0	43	0.00	0.00	59.00	7.47	0.00	0.00	2000
75	6.71	1102	2132	0.00	194	0	0	0	nan	0.00	0.02	1.56	93.12	93.29	0.00	37	0	43	0.00	0.00	59.86	7.75	0.00	0.00	2000
73	6.44	1133	2095	0.00	194	0	0	0	nan	0.00	0.00	2.68	90.67	93.56	0.00	38	0	43	0.00	0.00	58.22	7.60	0.00	0.00	2000
73	6.80	1077	2088	0.00	194	0	0	0	nan	0.00	0.00	2.90	89.80	93.20	0.00	37	0	43	0.00	0.00	57.34	7.38	0.00	0.00	2000
72	6.29	1142	2112	0.00	194	0	0	0	nan	0.00	0.02	2.74	91.42	93.71	0.00	37	0	43	0.00	0.00	58.55	7.51	0.00	0.00	2000
73	6.40	1145	2100	0.00	194	0	0	0	nan	0.00	0.03	2.93	90.55	93.60	0.00	38	0	43	0.00	0.00	58.13	7.20	0.00	0.00	2000
73	6.84	1054	2117	0.00	193	0	0	0	nan	0.00	0.02	2.89	91.02	93.16	0.00	37	0	43	0.00	0.00	58.87	7.31	0.00	0.00	2000
72	6.58	1114	2069	0.00	194	0	0	0	nan	0.00	0.00	3.57	88.47	93.42	0.00	38	0	43	0.00	0.00	57.09	7.44	0.00	0.00	2000
73	6.45	1135	2095	0.00	195	0	0	0	nan	0.00	0.02	2.09	91.20	93.55	0.00	37	0	43	0.00	0.00	55.72	7.27	0.00	0.00	2000
73	6.51	1123	2106	0.00	194	0	0	0	nan	0.00	0.04	2.50	91.13	93.49	0.00	38	0	43	0.00	0.00	60.68	7.71	0.00	0.00	2000
73	6.30	1139	2125	0.00	209	0	0	0	nan	0.00	0.00	2.30	92.40	93.70	0.00	37	0	43	0.00	0.00	57.55	7.35	0.00	0.00	2000
73	6.82	1074	2097	0.00	193	0	0	0	nan	0.00	0.01	3.04	89.94	93.18	0.00	37	0	43	0.00	0.00	57.65	7.43	0.00	0.00	2000
73	6.56	1116	2104	0.00	199	0	0	1	87.61	0.00	0.00	5.63	88.03	93.44	0.00	37	0	43	0.00	0.00	57.04	7.44	0.00	0.00	2000
71	6.94	1041	2068	0.29	193	0	0	2	88.50	0.00	0.02	3.15	88.56	93.06	0.00	38	0	43	0.00	0.00	58.23	7.62	0.00	0.00	2000
73	6.60	1104	2105	0.00	195	0	0	0	nan	0.01	0.00	2.56	90.96	93.40	0.00	37	0	43	0.00	0.00	57.58	7.26	0.00	0.00	2000
118	8.21	1523	1982	0.00	206	0	0	0	nan	0.01	0.41	3.41	82.82	91.79	0.00	38	0	43	0.00	0.00	56.92	7.19	0.00	0.00	2000
235	10.48	2090	2255	0.00	215	0	0	0	nan	0.00	0.51	9.37	86.33	89.52	0.00	39	0	43	0.00	0.00	71.71	8.30	0.00	0.00	2000
233	11.13	2093	2104	0.00	201	0	0	0	nan	0.00	0.02	5.36	83.73	88.87	0.00	39	0	43	0.00	0.00	63.08	7.30	0.00	0.00	2000
231	10.97	2114	2095	0.00	201	0	0	0	nan	0.00	0.00	4.42	84.45	89.03	0.00	39	0	43	0.00	0.00	64.90	7.69	0.00	0.00	2000
219	10.81	2085	2037	0.00	202	0	0	0	nan	0.00	0.00	3.93	82.61	89.19	0.00	38	0	43	0.00	0.00	57.02	6.83	0.00	0.00	2000
227	10.67	2070	2155	0.00	236	0	0	0	nan	0.00	0.00	6.17	85.55	89.33	0.00	38	0	43	0.00	0.00	72.16	8.65	0.00	0.00	2000
227	10.96	2061	2114	0.00	198	0	0	0	nan	0.00	0.02	4.34	85.33	89.04	0.00	38	0	43	0.00	0.00	66.02	7.86	0.00	0.00	2000
234	11.00	2115	2108	0.00	199	0	0	0	nan	0.00	0.04	2.83	86.54	89.00	0.00	38	0	43	0.00	0.00	66.42	8.28	0.00	0.00	2000
223	10.58	2108	2104	0.00	197	0	0	0	nan	0.00	0.01	4.73	84.82	89.42	0.00	38	0	42	0.00	0.00	64.65	8.22	0.00	0.00	2000
225	10.49	2149	2100	0.00	205	0	0	0	nan	0.00	1.01	6.22	82.30	89.51	0.00	39	0	43	0.00	0.00	64.33	7.46	0.00	0.00	2000
222	10.77	2062	2099	0.00	198	0	0	0	nan	0.00	0.02	5.36	83.91	89.23	0.00	39	0	43	0.00	0.00	66.61	7.75	0.00	0.00	2000
221	11.02	2052	2049	0.00	198	0	0	0	nan	0.00	0.00	6.23	80.66	88.98	0.00	39	0	43	0.00	0.00	62.95	7.34	0.00	0.00	2000
225	10.60	2073	2150	0.00	200	0	0	0	nan	0.00	0.00	5.22	86.26	89.40	0.00	39	0	43	0.00	0.00	65.33	7.57	0.00	0.00	2000
220	10.87	2076	2047	0.00	198	0	0	0	nan	0.00	0.00	5.05	81.89	89.13	0.00	39	0	43	0.00	0.00	60.59	7.15	0.00	0.00	2000
226	10.53	2096	2154	0.00	204	0	0	8	95.67	0.00	0.01	5.54	86.27	89.47	0.00	39	0	43	0.00	0.00	68.25	7.92	0.00	0.00	2000
222	10.47	2112	2106	0.81	198	0	0	10	85.30	0.00	0.00	6.24	83.60	89.53	0.00	40	0	43	0.00	0.00	62.53	7.41	0.00	0.00	2000
222	10.49	2127	2093	0.00	198	0	0	0	nan	0.00	0.00	5.39	83.85	89.51	0.00	40	0	42	0.00	0.00	65.72	7.60	0.00	0.00	2000
227	10.63	2132	2105	0.00	204	0	0	0	nan	0.00	1.02	6.59	82.07	89.37	0.00	39	0	43	0.00	0.00	63.14	7.70	0.00	0.00	2000
222	10.72	2067	2103	0.00	201	0	0	0	nan	0.00	0.03	4.72	84.80	89.28	0.00	40	0	43	0.00	0.00	64.37	7.52	0.00	0.00	2000
224	10.70	2090	2100	0.00	199	0	0	0	nan	0.00	0.03	3.71	85.61	89.30	0.00	40	0	43	0.00	0.00	66.12	7.79	0.00	0.00	2000
224	10.70	2094	2097	0.00	203	0	0	0	nan	0.01	0.01	4.26	84.99	89.30	0.00	40	0	42	0.00	0.00	62.86	7.42	0.00	0.00	2000
220	11.01	2037	2062	0.00	197	0	0	0	nan	0.00	0.00	4.14	83.32	88.99	0.00	41	0	43	0.00	0.00	62.39	7.32	0.00	0.00	2000
222	10.69	2035	2142	0.00	194	0	0	0	nan	0.00	0.00	3.46	87.72	89.31	0.00	41	0	43	0.00	0.00	65.37	7.86	0.00	0.00	2000
221	10.71	2057	2101	0.00	195	0	0	0	nan	0.00	0.00	3.01	86.43	89.29	0.00	40	0	43	0.00	0.00	65.00	7.32	0.00	0.00	2000
229	10.79	2131	2091	0.00	196	0	0	0	nan	0.00	0.00	3.05	85.81	89.21	0.00	40	0	43	0.00	0.00	64.22	7.68	0.00	0.00	2000
225	11.07	2065	2066	0.00	195	0	0	0	nan	0.00	0.00	3.55	83.96	88.93	0.00	40	0	43	0.00	0.00	63.38	7.40	0.00	0.00	2000
222	10.60	2072	2125	0.00	196	0	0	0	nan	0.00	0.00	3.35	87.04	89.40	0.00	40	0	43	0.00	0.00	67.22	7.92	0.00	0.00	2000
222	10.92	2019	2119	0.00	194	0	0	0	nan	0.00	0.00	3.16	86.84	89.08	0.00	40	0	43	0.00	0.00	65.19	7.58	0.00	0.00	2000
221	10.96	2012	2100	0.00	211	0	0	0	nan	0.00	0.00	3.49	85.65	89.04	0.00	40	0	43	0.00	0.00	62.74	7.39	0.00	0.00	2000
217	10.85	2022	2074	0.00	195	0	0	0	nan	0.00	0.00	4.09	84.06	89.15	0.00	38	0	43	0.00	0.00	61.19	7.15	0.00	0.00	2000
237	11.31	2075	2123	0.00	213	0	0	0	nan	0.00	0.00	3.65	86.11	88.69	0.00	39	0	43	0.00	0.00	67.18	7.88	0.00	0.00	2000
220	11.35	2008	2029	0.00	194	0	0	2	63.16	0.00	0.02	3.03	82.65	88.65	0.00	38	0	43	0.00	0.00	62.66	7.30	0.00	0.00	2000
237	10.99	2071	2183	0.73	209	0	0	8	75.17	0.00	0.02	2.42	90.21	89.01	0.00	38	0	43	0.00	0.00	67.87	7.95	0.00	0.00	2000
228	11.18	2045	2097	0.00	196	0	0	0	nan	0.00	0.03	2.12	86.67	88.82	0.00	39	0	43	0.00	0.00	65.14	7.62	0.00	0.00	2000
233	11.09	2114	2091	0.00	196	0	0	0	nan	0.00	0.02	2.50	86.07	88.91	0.00	39	0	43	0.00	0.00	65.70	7.71	0.00	0.00	2000
233	11.03	2109	2102	0.00	193	0	0	0	nan	0.00	0.02	3.40	85.71	88.97	0.00	39	0	42	0.00	0.00	63.59	7.80	0.00	0.00	2000
232	11.24	2061	2107	0.00	194	0	0	0	nan	0.00	0.00	4.18	84.86	88.77	0.00	40	0	43	0.00	0.00	69.70	8.46	0.00	0.00	2000
241	11.99	2092	2015	0.00	216	0	0	0	nan	0.00	0.01	5.85	78.75	88.01	0.00	38	0	43	0.00	0.00	59.60	7.07	0.00	0.00	2000
233	11.00	2021	2200	0.00	197	0	0	0	nan	0.00	0.00	4.43	88.95	89.00	0.00	37	0	43	0.00	0.00	67.61	7.76	0.00	0.00	2000
229	11.40	2013	2099	0.00	194	0	0	0	nan	0.00	0.01	4.07	84.65	88.60	0.00	38	0	43	0.00	0.00	65.51	7.58	0.00	0.00	2000
228	11.16	2045	2100	0.00	194	0	0	0	nan	0.00	0.00	3.06	85.90	88.84	0.00	37	0	43	0.00	0.00	63.01	7.26	0.00	0.00	2000
227	10.91	2090	2095	0.00	178	0	0	0	nan	0.00	0.01	3.25	85.70	89.09	0.00	38	0	43	0.00	0.00	59.91	7.32	0.00	0.00	2000
231	11.14	2070	2105	0.00	195	0	0	0	nan	0.00	0.02	3.75	85.36	88.86	0.00	38	0	43	0.00	0.00	67.83	7.54	0.00	0.00	2000
227	11.09	2051	2096	0.00	196	0	0	0	nan	0.00	0.04	3.29	85.57	88.91	0.00	37	0	42	0.00	0.00	61.99	7.36	0.00	0.00	2000
231	11.01	2092	2104	0.00	195	0	0	0	nan	0.00	0.02	3.72	85.46	88.99	0.00	38	0	42	0.00	0.00	65.81	7.81	0.00	0.00	2000
231	10.73	2153	2101	0.00	181	0	0	0	nan	0.00	0.02	2.24	87.15	89.27	0.00	38	0	43	0.00	0.00	63.28	7.46	0.00	0.00	2000
231	11.11	2078	2100	0.00	195	0	0	0	nan	0.00	0.00	3.70	85.35	88.89	0.00	38	0	43	0.00	0.00	64.97	7.59	0.00	0.00	2000
229	11.07	2067	2099	0.00	194	0	0	0	nan	0.01	0.00	2.99	85.92	88.93	0.00	37	0	43	0.00	0.00	63.60	7.39	0.00	0.00	2000
228	11.01	2070	2097	0.00	178	0	0	0	nan	0.00	0.01	2.55	86.42	88.99	0.00	38	0	43	0.00	0.00	64.51	7.30	0.00	0.00	2000
229	11.12	2052	2105	0.48	196	0	0	1	78.79	0.00	0.00	2.48	86.71	88.88	0.00	38	0	43	0.00	0.00	63.58	7.35	0.00	0.00	2000
228	10.84	2111	2096	0.22	195	0	0	0	nan	0.01	0.00	3.45	85.55	89.16	0.00	38	0	43	0.00	0.00	61.92	7.23	0.00	0.00	2000
230	11.24	2049	2100	0.00	196	0	0	0	nan	0.00	0.00	3.72	85.12	88.76	0.00	37	0	43	0.00	0.00	66.11	7.64	0.00	0.00	2000
231	11.24	2066	2089	0.00	179	0	0	0	nan	0.00	0.00	2.84	85.55	88.76	0.00	37	0	42	0.00	0.00	64.97	7.90	0.00	0.00	2000
214	10.72	2005	2087	0.00	214	0	0	0	nan	0.00	0.03	3.93	84.87	89.28	0.00	38	0	43	0.00	0.00	63.26	7.57	0.00	0.00	2000
76	6.63	1143	2113	0.00	196	0	0	0	nan	0.00	0.02	4.23	89.62	93.37	0.00	37	0	42	0.00	0.00	58.48	7.43	0.00	0.00	2000
129	8.49	1539	2073	0.00	199	0	0	0	nan	0.00	0.00	4.97	85.45	91.51	0.00	38	0	42	0.00	0.00	57.01	6.86	0.00	0.00	2000
234	10.71	2154	2130	0.00	195	0	0	0	nan	0.00	0.00	3.86	86.66	89.29	0.00	39	0	42	0.00	0.00	68.28	7.87	0.00	0.00	2000
226	10.86	2105	2072	0.00	201	0	0	0	nan	0.00	0.00	3.04	84.96	89.14	0.00	39	0	42	0.00	0.00	61.13	7.10	0.00	0.00	2000
195	9.95	1940	2125	0.00	203	0	0	0	nan	0.00	0.00	6.09	85.18	90.05	0.00	38	0	43	0.00	0.00	67.19	7.80	0.00	0.00	2000
75	6.58	1151	2079	0.00	196	0	0	0	nan	0.00	0.02	2.98	89.54	93.42	0.00	38	0	43	0.00	0.00	57.63	7.36	0.00	0.00	2000
144	9.01	1611	2083	0.00	215	0	0	0	nan	0.00	0.02	4.69	85.57	90.99	0.00	38	0	43	0.00	0.00	59.09	7.10	0.00	0.00	2000
232	11.14	2063	2123	0.00	195	0	0	0	nan	0.01	0.00	2.98	86.85	88.86	0.00	38	0	43	0.00	0.00	66.85	7.64	0.00	0.00	2000
231	10.88	2115	2106	0.00	216	0	0	0	nan	0.00	0.01	3.47	85.94	89.12	0.00	39	0	42	0.00	0.00	63.16	7.22	0.00	0.00	2000
231	10.85	2113	2118	0.00	195	0	0	0	nan	0.00	0.00	3.60	86.38	89.15	0.00	39	0	42	0.00	0.00	66.80	7.64	0.00	0.00	2000
229	10.59	2179	2086	0.00	195	0	0	0	nan	0.00	0.00	2.55	86.24	89.41	0.00	39	0	43	0.00	0.00	65.36	7.58	0.00	0.00	2000
235	10.92	2135	2115	0.00	198	0	0	0	nan	0.00	0.02	4.06	85.66	89.08	0.00	39	0	43	0.00	0.00	63.12	7.31	0.00	0.00	2000
223	11.65	2124	1896	0.79	195	0	0	5	76.70	0.00	0.43	2.96	76.35	88.35	0.00	39	0	42	0.00	0.00	56.54	6.61	0.00	0.00	2000
317	12.89	2345	2198	0.02	275	0	0	0	nan	0.00	0.60	8.03	82.70	87.11	0.00	39	0	43	0.00	0.00	71.24	7.96	0.00	0.00	2000
136	8.35	1535	2231	0.00	246	0	0	0	nan	0.00	0.00	8.61	88.86	91.65	0.00	38	0	43	0.00	0.00	69.67	8.11	0.00	0.00	2000
75	6.41	1171	2100	0.00	193	0	0	0	nan	0.01	0.02	2.45	91.03	93.59	0.00	38	0	43	0.00	0.00	55.27	7.28	0.00	0.00	2000
74	6.61	1113	2119	0.00	193	0	0	0	nan	0.00	0.00	3.07	91.18	93.39	0.00	38	0	43	0.00	0.00	60.73	7.74	0.00	0.00	2000
103	7.15	1425	2120	0.00	97	0	0	0	nan	0.00	0.04	5.87	87.76	92.85	0.00	38	0	42	0.00	0.00	58.25	7.32	0.00	0.00	2000
