Avg_MHz	Busy%	Bzy_MHz	TSC_MHz	IPC	IRQ	NMI	SMI	LLCMRPS	LLC%hit	POLL%	C1%	C1E%	C6%	CPU%c1	CPU%c6	CoreTmp	CoreThr	PkgTmp	Pkg%pc2	Pkg%pc6	PkgWatt	RAMWatt	PKG_%	RAM_%	UncMHz
376	19.06	1924	2155	0.00	269	0	0	0	nan	0.00	2.34	37.89	42.99	80.94	0.00	37	0	42	0.00	0.00	70.61	8.40	0.00	0.00	2000
425	19.95	2121	2109	0.00	239	0	0	0	nan	0.00	1.81	18.58	60.29	80.05	0.00	37	0	43	0.00	0.00	69.70	7.92	0.00	0.00	2000
79	6.63	1173	2124	0.00	193	0	0	0	nan	0.00	0.02	7.94	86.44	93.37	0.00	37	0	42	0.00	0.00	58.65	7.31	0.00	0.00	2000
72	6.73	1088	2070	0.00	194	0	0	0	nan	0.00	0.00	2.72	89.25	93.27	0.00	37	0	42	0.00	0.00	56.29	7.23	0.00	0.00	2000
73	6.75	1069	2136	0.00	209	0	0	0	nan	0.00	0.00	2.25	92.64	93.25	0.00	37	0	43	0.00	0.00	60.18	7.73	0.00	0.00	2000
72	6.48	1111	2096	0.00	193	0	0	0	nan	0.00	0.00	2.48	90.86	93.52	0.00	37	0	42	0.00	0.00	57.77	7.45	0.00	0.00	2000
74	6.77	1094	2112	0.00	177	0	0	0	nan	0.00	0.00	2.98	90.78	93.23	0.00	37	0	43	0.00	0.00	57.61	7.43	0.00	0.00	2000
72	6.71	1082	2084	0.00	195	0	0	0	nan	0.00	0.01	3.53	89.15	93.29	0.00	37	0	42	0.00	0.00	58.17	7.45	0.00	0.00	2000
74	6.69	1100	2107	0.00	194	0	0	0	nan	0.00	0.00	2.84	90.74	93.31	0.00	37	0	42	0.00	0.00	57.58	7.45	0.00	0.00	2000
72	6.65	1090	2096	0.00	194	0	0	0	nan	0.00	0.00	2.57	90.65	93.35	0.00	37	0	43	0.00	0.00	59.56	7.73	0.00	0.00	2000
73	6.88	1061	2110	0.00	194	0	0	0	nan	0.00	0.00	2.68	91.05	93.12	0.00	37	0	42	0.00	0.00	58.70	7.60	0.00	0.00	2000
72	6.60	1097	2092	0.00	195	0	0	0	nan	0.00	0.00	3.88	89.17	93.40	0.00	37	0	42	0.00	0.00	59.16	7.59	0.00	0.00	2000
73	6.68	1090	2102	0.00	193	0	0	0	nan	0.00	0.01	2.43	91.00	93.32	0.00	37	0	43	0.00	0.00	57.76	7.59	0.00	0.00	2000
72	6.89	1045	2105	0.00	194	0	0	0	nan	0.00	0.01	3.14	90.22	93.11	0.00	37	0	43	0.00	0.00	58.31	7.45	0.00	0.00	2000
73	7.06	1050	2065	0.00	194	0	0	0	nan	0.00	0.01	3.32	88.25	92.94	0.00	37	0	43	0.00	0.00	57.14	7.45	0.00	0.00	2000
73	6.71	1075	2127	0.00	198	0	0	1	91.61	0.00	0.02	4.35	90.12	93.29	0.00	37	0	42	0.00	0.00	58.72	7.40	0.00	0.00	2000
73	6.62	1106	2085	0.30	194	0	0	2	87.50	0.00	0.00	3.23	89.52	93.38	0.00	37	0	42	0.00	0.00	57.45	7.34	0.00	0.00	2000
73	6.58	1110	2112	0.15	209	0	0	0	nan	0.00	0.01	2.44	91.52	93.42	0.00	37	0	43	0.00	0.00	59.27	7.44	0.00	0.00	2000
161	8.90	1801	2113	0.00	213	0	0	0	nan	0.00	0.02	5.97	85.52	91.10	0.00	38	0	42	0.00	0.00	62.50	7.90	0.00	0.00	2000
228	11.07	2063	2092	0.00	204	0	0	0	nan	0.00	0.01	3.86	84.87	88.93	0.00	40	0	42	0.00	0.00	64.61	7.44	0.00	0.00	2000
234	11.01	2111	2109	0.00	202	0	0	0	nan	0.00	0.01	3.63	85.81	88.99	0.00	40	0	43	0.00	0.00	65.44	7.52	0.00	0.00	2000
226	11.12	2055	2076	0.00	209	0	0	0	nan	0.00	0.00	3.12	84.84	88.88	0.00	40	0	42	0.00	0.00	63.91	7.49	0.00	0.00	2000
239	11.38	2089	2110	0.00	194	0	0	0	nan	0.00	0.00	6.36	82.81	88.62	0.00	39	0	42	0.00	0.00	64.65	7.66	0.00	0.00	2000
225	11.00	2047	2098	0.00	199	0	0	0	nan	0.00	0.00	6.42	82.57	89.00	0.00	38	0	42	0.00	0.00	65.49	8.20	0.00	0.00	2000
214	11.33	2042	1942	0.00	199	0	0	0	nan	0.00	0.00	4.37	77.70	88.67	0.00	37	0	42	0.00	0.00	58.36	7.12	0.00	0.00	2000
240	10.66	2060	2299	0.00	250	0	0	0	nan	0.00	0.01	5.93	92.02	89.34	0.00	38	0	42	0.00	0.00	76.35	9.20	0.00	0.00	2000
234	11.12	2094	2106	0.00	197	0	0	0	nan	0.00	0.06	2.14	87.04	88.88	0.00	38	0	42	0.00	0.00	66.03	8.02	0.00	0.00	2000
229	10.79	2135	2089	0.00	200	0	0	0	nan	0.00	0.05	4.32	84.35	89.21	0.00	39	0	42	0.00	0.00	63.06	7.39	0.00	0.00	2000
228	10.86	2121	2080	0.00	210	0	0	0	nan	0.00	0.02	4.36	83.99	89.14	0.00	39	0	42	0.00	0.00	64.85	7.63	0.00	0.00	2000
230	11.53	2033	2059	0.00	202	0	0	0	nan	0.00	0.00	4.81	82.10	88.47	0.00	39	0	42	0.00	0.00	62.04	7.01	0.00	0.00	2000
229	11.16	2026	2129	0.00	218	0	0	0	nan	0.00	0.02	3.21	86.95	88.84	0.00	39	0	42	0.00	0.00	65.04	7.73	0.00	0.00	2000
233	11.07	2073	2129	0.00	215	0	0	0	nan	0.00	0.00	5.90	84.33	88.93	0.00	40	0	43	0.00	0.00	69.01	7.60	0.00	0.00	2000
226	10.93	2096	2069	0.00	198	0	0	10	85.17	0.00	0.02	5.97	81.87	89.07	0.00	39	0	42	0.00	0.00	63.46	7.39	0.00	0.00	2000
240	11.70	2018	2132	0.75	220	0	0	13	86.41	0.00	0.02	5.53	84.19	88.30	0.00	40	0	42	0.00	0.00	67.75	7.85	0.00	0.00	2000
226	11.22	2089	2028	0.00	203	0	0	0	nan	0.01	0.01	3.71	82.12	88.78	0.00	40	0	42	0.00	0.00	59.54	6.89	0.00	0.00	2000
232	11.15	2068	2115	0.00	219	0	0	0	nan	0.00	0.01	5.08	84.48	88.85	0.00	39	0	42	0.00	0.00	66.05	7.61	0.00	0.00	2000
233	10.98	2071	2155	0.00	214	0	0	0	nan	0.00	0.02	3.98	87.50	89.02	0.00	39	0	43	0.00	0.00	69.89	8.03	0.00	0.00	2000
227	11.33	2190	1918	0.00	198	0	0	0	nan	0.00	0.05	2.53	78.52	88.67	0.00	38	0	42	0.00	0.00	56.82	6.63	0.00	0.00	2000
227	10.32	1996	2311	0.00	260	0	0	0	nan	0.00	0.02	6.39	92.34	89.68	0.00	39	0	43	0.00	0.00	74.15	8.87	0.00	0.00	2000
501	22.00	2445	1954	0.00	201	0	0	0	nan	0.00	0.00	6.05	66.60	78.00	0.00	40	0	43	0.00	0.00	63.79	6.89	0.00	0.00	2000
680	27.22	2500	2097	0.00	231	0	0	0	nan	0.00	0.03	3.25	69.54	72.78	0.00	41	0	43	0.00	0.00	80.77	7.51	0.00	0.00	2000
677	27.10	2500	2099	0.00	235	0	0	0	nan	0.01	1.81	3.43	67.80	72.90	0.00	41	0	43	0.00	0.00	80.78	7.64	0.00	0.00	2000
686	27.42	2500	2101	0.00	246	0	0	0	nan	0.00	0.00	6.61	66.13	72.58	0.00	42	0	43	0.00	0.00	81.23	7.68	0.00	0.00	2000
678	27.13	2500	2099	0.00	234	0	0	0	nan	0.00	0.00	6.02	66.94	72.87	0.00	42	0	43	0.00	0.00	80.72	7.59	0.00	0.00	2000
702	26.85	2500	2197	0.00	231	0	0	0	nan	0.00	0.00	5.92	70.71	73.15	0.00	42	0	42	0.00	0.00	86.63	8.32	0.00	0.00	2000
225	10.94	1985	2176	0.00	221	0	0	0	nan	0.00	0.00	4.52	87.88	89.06	0.00	39	0	42	0.00	0.00	71.89	8.27	0.00	0.00	2000
139	8.85	1570	2096	0.00	255	0	0	0	nan	0.00	0.00	14.30	76.65	91.15	0.00	37	0	43	0.00	0.00	55.64	7.22	0.00	0.00	2000
79	6.84	1150	2109	0.00	193	0	0	0	nan	0.00	0.00	6.09	87.39	93.16	0.00	37	0	43	0.00	0.00	61.75	8.24	0.00	0.00	2000
74	6.63	1121	2096	0.27	193	0	0	2	82.67	0.00	0.00	3.01	90.21	93.37	0.00	37	0	42	0.00	0.00	57.84	7.19	0.00	0.00	2000
72	6.62	1104	2065	0.22	193	0	0	1	90.52	0.00	0.01	3.05	88.73	93.38	0.00	37	0	42	0.00	0.00	57.03	7.38	0.00	0.00	2000
73	7.07	1019	2135	0.00	210	0	0	0	nan	0.00	0.00	3.81	90.80	92.93	0.00	37	0	43	0.00	0.00	59.91	7.90	0.00	0.00	2000
138	9.73	1481	2009	0.00	49	0	0	0	nan	0.00	0.00	13.98	72.53	90.27	0.00	37	0	43	0.00	0.00	60.27	7.28	0.00	0.00	2000
