Avg_MHz	Busy%	Bzy_MHz	TSC_MHz	IPC	IRQ	NMI	SMI	LLCMRPS	LLC%hit	POLL%	C1%	C1E%	C6%	CPU%c1	CPU%c6	CoreTmp	CoreThr	PkgTmp	Pkg%pc2	Pkg%pc6	PkgWatt	RAMWatt	PKG_%	RAM_%	UncMHz
343	18.32	1845	2130	0.00	253	0	0	0	nan	0.00	0.02	41.85	40.95	81.68	0.00	37	0	42	0.00	0.00	66.56	7.68	0.00	0.00	2000
457	20.23	2272	2089	0.00	224	0	0	0	nan	0.04	1.21	19.48	58.88	79.77	0.00	37	0	42	0.00	0.00	69.08	7.64	0.00	0.00	2000
77	7.45	1024	2111	0.00	210	0	0	0	nan	0.00	0.00	10.09	83.13	92.55	0.00	37	0	42	0.00	0.00	57.17	7.22	0.00	0.00	2000
72	6.78	1071	2089	0.00	194	0	0	0	nan	0.00	0.00	2.33	90.55	93.22	0.00	37	0	42	0.00	0.00	56.98	7.10	0.00	0.00	2000
73	7.02	1024	2135	0.00	193	0	0	0	nan	0.00	0.02	2.31	92.34	92.98	0.00	37	0	43	0.00	0.00	62.51	7.91	0.00	0.00	2000
74	6.77	1090	2100	0.00	211	0	0	0	nan	0.00	0.00	2.85	90.38	93.23	0.00	37	0	42	0.00	0.00	58.52	7.43	0.00	0.00	2000
71	6.95	1038	2075	0.00	195	0	0	0	nan	0.00	0.00	3.69	88.38	93.05	0.00	37	0	42	0.00	0.00	56.32	7.07	0.00	0.00	2000
73	6.79	1064	2125	0.00	194	0	0	0	nan	0.00	0.02	2.59	91.68	93.21	0.00	37	0	42	0.00	0.00	58.37	7.33	0.00	0.00	2000
73	7.03	1038	2104	0.00	194	0	0	0	nan	0.00	0.00	2.62	90.55	92.97	0.00	37	0	42	0.00	0.00	58.33	7.28	0.00	0.00	2000
72	7.01	1031	2100	0.00	193	0	0	0	nan	0.00	0.00	2.95	90.19	92.99	0.00	37	0	42	0.00	0.00	58.90	7.41	0.00	0.00	2000
72	6.79	1071	2091	0.00	193	0	0	0	nan	0.00	0.00	3.12	89.86	93.21	0.00	37	0	42	0.00	0.00	58.51	7.38	0.00	0.00	2000
72	6.81	1057	2108	0.00	194	0	0	0	nan	0.00	0.00	2.79	90.90	93.19	0.00	37	0	43	0.00	0.00	58.83	7.22	0.00	0.00	2000
71	6.70	1074	2066	0.00	193	0	0	0	nan	0.00	0.02	2.73	89.06	93.30	0.00	36	0	42	0.00	0.00	56.52	7.23	0.00	0.00	2000
72	7.03	1030	2101	0.00	194	0	0	0	nan	0.00	0.02	1.80	91.33	92.97	0.00	37	0	42	0.00	0.00	60.51	7.53	0.00	0.00	2000
75	6.82	1083	2135	0.00	209	0	0	0	nan	0.00	0.00	4.02	90.74	93.18	0.00	37	0	42	0.00	0.00	57.75	7.09	0.00	0.00	2000
71	6.82	1045	2099	0.00	195	0	0	1	88.42	0.00	0.00	3.24	90.04	93.18	0.00	37	0	42	0.00	0.00	58.30	7.37	0.00	0.00	2000
73	6.50	1125	2096	0.11	193	0	0	1	87.17	0.00	0.00	3.51	89.76	93.50	0.00	37	0	42	0.00	0.00	58.91	7.40	0.00	0.00	2000
72	6.81	1056	2102	0.00	193	0	0	0	nan	0.00	0.01	3.49	89.80	93.19	0.00	37	0	42	0.00	0.00	57.88	7.38	0.00	0.00	2000
177	9.44	1887	2091	0.00	201	0	0	0	nan	0.02	2.59	7.37	80.42	90.56	0.00	38	0	42	0.00	0.00	63.27	7.43	0.00	0.00	2000
230	11.22	2046	2107	0.00	197	0	0	0	nan	0.00	0.00	8.43	80.87	88.78	0.00	39	0	42	0.00	0.00	65.34	7.65	0.00	0.00	2000
233	11.43	2049	2088	0.00	197	0	0	0	nan	0.00	0.00	5.44	82.78	88.57	0.00	39	0	42	0.00	0.00	63.96	7.39	0.00	0.00	2000
233	11.47	2015	2114	0.00	200	0	0	0	nan	0.00	0.00	7.49	81.85	88.53	0.00	40	0	42	0.00	0.00	66.11	7.45	0.00	0.00	2000
226	11.14	2041	2083	0.00	190	0	0	0	nan	0.00	0.05	4.97	83.35	88.86	0.00	38	0	42	0.00	0.00	62.00	7.28	0.00	0.00	2000
232	11.15	2080	2103	0.00	204	0	0	0	nan	0.00	0.02	4.15	84.91	88.85	0.00	38	0	42	0.00	0.00	66.75	7.80	0.00	0.00	2000
233	11.31	2044	2115	0.00	204	0	0	0	nan	0.00	0.00	3.05	86.42	88.69	0.00	39	0	42	0.00	0.00	66.29	7.69	0.00	0.00	2000
238	11.50	2078	2087	0.00	197	0	0	0	nan	0.00	0.00	8.17	79.97	88.50	0.00	38	0	42	0.00	0.00	63.52	7.75	0.00	0.00	2000
228	10.75	2105	2112	0.00	203	0	0	0	nan	0.00	0.96	6.87	82.15	89.25	0.00	38	0	42	0.00	0.00	66.12	7.90	0.00	0.00	2000
223	10.71	2094	2092	0.00	198	0	0	0	nan	0.00	0.00	7.56	81.45	89.29	0.00	39	0	42	0.00	0.00	65.34	7.64	0.00	0.00	2000
221	10.86	2032	2103	0.00	196	0	0	0	nan	0.00	0.00	6.56	82.88	89.14	0.00	39	0	42	0.00	0.00	64.44	7.54	0.00	0.00	2000
222	10.97	2020	2099	0.00	199	0	0	0	nan	0.00	0.00	5.74	83.46	89.03	0.00	39	0	42	0.00	0.00	65.39	7.62	0.00	0.00	2000
223	11.02	2030	2090	0.00	199	0	0	0	nan	0.00	0.00	5.96	82.77	88.98	0.00	40	0	43	0.00	0.00	63.01	7.24	0.00	0.00	2000
225	11.05	2033	2102	0.00	201	0	0	0	nan	0.00	0.00	6.53	82.62	88.95	0.00	40	0	42	0.00	0.00	65.03	7.51	0.00	0.00	2000
221	10.85	2077	2060	0.00	205	0	0	0	nan	0.00	0.02	5.36	82.18	89.15	0.00	40	0	42	0.00	0.00	62.75	7.23	0.00	0.00	2000
222	10.81	2034	2125	0.67	195	0	0	13	79.93	0.00	0.01	6.21	84.10	89.19	0.00	40	0	42	0.00	0.00	64.36	7.43	0.00	0.00	2000
223	11.16	1971	2127	0.11	200	0	0	0	nan	0.00	0.04	6.36	83.82	88.84	0.00	40	0	42	0.00	0.00	67.28	7.65	0.00	0.00	2000
224	11.08	2044	2080	0.00	198	0	0	0	nan	0.00	0.05	5.12	82.98	88.92	0.00	40	0	42	0.00	0.00	62.18	7.38	0.00	0.00	2000
224	11.22	2009	2092	0.00	222	0	0	0	nan	0.00	0.06	6.75	81.82	88.78	0.00	38	0	42	0.00	0.00	67.55	7.86	0.00	0.00	2000
226	11.13	2011	2125	0.00	198	0	0	0	nan	0.00	0.02	6.46	83.52	88.87	0.00	38	0	42	0.00	0.00	64.58	7.73	0.00	0.00	2000
234	10.97	2142	2088	0.00	198	0	0	0	nan	0.00	0.02	4.93	83.68	89.03	0.00	39	0	42	0.00	0.00	63.55	7.71	0.00	0.00	2000
235	10.95	2139	2112	0.00	197	0	0	0	nan	0.00	0.02	5.43	84.15	89.05	0.00	39	0	42	0.00	0.00	66.19	7.86	0.00	0.00	2000
235	11.09	2107	2111	0.00	199	0	0	0	nan	0.00	0.00	4.42	84.95	88.91	0.00	39	0	42	0.00	0.00	66.54	8.08	0.00	0.00	2000
233	11.24	2087	2088	0.00	204	0	0	0	nan	0.00	0.00	5.51	82.71	88.76	0.00	39	0	42	0.00	0.00	65.70	7.68	0.00	0.00	2000
233	11.29	2059	2107	0.00	199	0	0	0	nan	0.00	0.02	5.63	83.41	88.71	0.00	39	0	42	0.00	0.00	65.18	7.69	0.00	0.00	2000
228	11.02	2099	2074	0.00	198	0	0	0	nan	0.00	0.00	5.29	82.58	88.98	0.00	39	0	42	0.00	0.00	64.31	7.66	0.00	0.00	2000
236	11.19	2084	2123	0.00	197	0	0	0	nan	0.00	0.00	3.95	85.91	88.81	0.00	40	0	43	0.00	0.00	65.83	7.66	0.00	0.00	2000
226	10.82	2113	2079	0.00	198	0	0	0	nan	0.00	1.05	2.63	84.69	89.18	0.00	40	0	42	0.00	0.00	62.66	7.18	0.00	0.00	2000
239	10.92	2155	2135	0.00	206	0	0	0	nan	0.00	1.11	5.05	84.46	89.08	0.00	40	0	42	0.00	0.00	66.30	7.65	0.00	0.00	2000
229	11.21	2048	2096	0.00	199	0	0	0	nan	0.00	1.59	4.79	82.34	88.79	0.00	40	0	42	0.00	0.00	65.73	7.41	0.00	0.00	2000
226	11.19	2054	2067	0.00	199	0	0	0	nan	0.00	0.50	5.93	81.11	88.81	0.00	40	0	42	0.00	0.00	62.77	7.52	0.00	0.00	2000
232	10.94	2093	2124	0.00	199	0	0	0	nan	0.00	0.00	5.57	84.54	89.06	0.00	40	0	42	0.00	0.00	66.30	7.59	0.00	0.00	2000
232	11.06	2082	2112	0.58	198	0	0	5	91.70	0.00	0.00	5.56	84.03	88.94	0.00	40	0	42	0.00	0.00	65.22	7.58	0.00	0.00	2000
232	10.81	2148	2100	0.22	196	0	0	0	nan	0.00	0.03	5.92	83.29	89.19	0.00	40	0	42	0.00	0.00	66.03	7.44	0.00	0.00	2000
225	10.98	2071	2073	0.00	203	0	0	0	nan	0.00	0.00	5.92	82.12	89.02	0.00	40	0	43	0.00	0.00	63.34	7.24	0.00	0.00	2000
227	10.98	2074	2093	0.00	198	0	0	0	nan	0.00	0.03	5.98	82.79	89.02	0.00	40	0	42	0.00	0.00	64.98	7.39	0.00	0.00	2000
232	11.14	2054	2126	0.00	214	0	0	0	nan	0.00	0.02	4.93	85.10	88.86	0.00	40	0	42	0.00	0.00	66.04	7.22	0.00	0.00	2000
237	11.34	2085	2105	0.00	200	0	0	0	nan	0.00	0.00	7.06	81.83	88.66	0.00	40	0	42	0.00	0.00	65.05	7.84	0.00	0.00	2000
228	10.82	2144	2066	0.00	201	0	0	0	nan	0.00	0.01	5.54	82.30	89.18	0.00	40	0	42	0.00	0.00	63.70	7.15	0.00	0.00	2000
230	11.03	2071	2112	0.00	201	0	0	0	nan	0.00	0.03	4.32	85.25	88.97	0.00	40	0	42	0.00	0.00	63.40	7.21	0.00	0.00	2000
231	11.25	2035	2117	0.00	215	0	0	0	nan	0.00	0.01	5.18	84.39	88.75	0.00	40	0	42	0.00	0.00	67.57	7.74	0.00	0.00	2000
229	10.92	2089	2106	0.00	197	0	0	0	nan	0.00	1.02	5.65	82.82	89.08	0.00	40	0	42	0.00	0.00	62.77	7.15	0.00	0.00	2000
229	10.80	2130	2089	0.00	199	0	0	0	nan	0.00	0.04	3.48	85.21	89.20	0.00	40	0	42	0.00	0.00	65.43	8.11	0.00	0.00	2000
240	11.13	2143	2111	0.00	203	0	0	0	nan	0.00	0.20	2.82	86.33	88.87	0.00	40	0	42	0.00	0.00	63.39	7.41	0.00	0.00	2000
226	10.96	2096	2069	0.00	197	0	0	0	nan	0.00	0.02	5.88	81.95	89.04	0.00	40	0	42	0.00	0.00	66.78	7.92	0.00	0.00	2000
230	10.77	2126	2107	0.00	199	0	0	0	nan	0.01	0.00	5.55	83.98	89.23	0.00	40	0	42	0.00	0.00	65.64	7.44	0.00	0.00	2000
228	11.10	2062	2095	0.00	200	0	0	0	nan	0.00	0.02	4.70	84.10	88.90	0.00	40	0	42	0.00	0.00	62.13	7.33	0.00	0.00	2000
237	11.12	2098	2135	0.00	214	0	0	0	nan	0.00	0.02	4.77	85.67	88.88	0.00	41	0	42	0.00	0.00	69.92	7.92	0.00	0.00	2000
238	11.21	2128	2096	0.00	221	0	0	0	nan	0.00	0.00	9.94	78.72	88.79	0.00	40	0	43	0.00	0.00	60.84	6.95	0.00	0.00	2000
227	10.95	2099	2076	1.01	199	0	0	4	86.25	0.00	0.00	5.81	82.21	89.05	0.00	41	0	42	0.00	0.00	64.95	7.36	0.00	0.00	2000
234	11.14	2080	2117	0.17	198	0	0	0	nan	0.00	0.06	2.72	86.94	88.86	0.00	40	0	42	0.00	0.00	66.24	7.66	0.00	0.00	2000
225	10.51	2160	2079	0.00	215	0	0	0	nan	0.00	0.04	3.39	85.15	89.49	0.00	41	0	42	0.00	0.00	66.53	7.50	0.00	0.00	2000
234	11.14	2092	2106	0.00	201	0	0	0	nan	0.00	0.03	5.16	84.04	88.86	0.00	41	0	42	0.00	0.00	65.15	7.45	0.00	0.00	2000
232	10.96	2092	2124	0.00	200	0	0	0	nan	0.00	3.01	4.35	82.81	89.04	0.00	40	0	42	0.00	0.00	63.99	7.31	0.00	0.00	2000
228	10.63	2152	2093	0.00	197	0	0	0	nan	0.00	0.03	5.24	83.86	89.37	0.00	41	0	42	0.00	0.00	65.45	7.54	0.00	0.00	2000
229	11.21	2036	2108	0.00	198	0	0	0	nan	0.00	0.51	5.10	83.61	88.79	0.00	41	0	42	0.00	0.00	66.93	7.45	0.00	0.00	2000
229	11.06	2071	2098	0.00	197	0	0	0	nan	0.00	0.02	5.61	83.32	88.94	0.00	41	0	42	0.00	0.00	64.97	7.66	0.00	0.00	2000
229	11.20	2050	2096	0.00	197	0	0	0	nan	0.00	0.00	5.36	83.27	88.80	0.00	40	0	42	0.00	0.00	64.89	7.36	0.00	0.00	2000
230	11.06	2073	2104	0.00	203	0	0	0	nan	0.00	0.00	5.44	83.76	88.94	0.00	41	0	42	0.00	0.00	65.13	7.52	0.00	0.00	2000
228	10.96	2077	2100	0.00	199	0	0	0	nan	0.00	0.00	6.48	82.68	89.04	0.00	41	0	42	0.00	0.00	62.13	7.09	0.00	0.00	2000
229	11.02	2075	2105	0.00	198	0	0	0	nan	0.00	0.01	5.24	83.99	88.98	0.00	40	0	43	0.00	0.00	64.91	7.43	0.00	0.00	2000
222	10.84	2086	2060	0.00	198	0	0	0	nan	0.00	0.00	4.61	82.93	89.16	0.00	41	0	42	0.00	0.00	65.86	7.40	0.00	0.00	2000
236	10.96	2119	2133	0.00	200	0	0	0	nan	0.00	0.02	5.72	84.80	89.04	0.00	41	0	42	0.00	0.00	64.92	7.39	0.00	0.00	2000
230	10.70	2152	2098	0.00	204	0	0	0	nan	0.00	0.02	4.60	84.69	89.30	0.00	40	0	43	0.00	0.00	64.14	7.63	0.00	0.00	2000
232	11.23	2065	2105	0.00	199	0	0	0	nan	0.00	0.00	4.19	84.93	88.77	0.00	41	0	43	0.00	0.00	65.34	7.49	0.00	0.00	2000
226	11.06	2072	2072	0.00	198	0	0	0	nan	0.00	0.96	4.64	82.37	88.94	0.00	40	0	43	0.00	0.00	63.55	7.17	0.00	0.00	2000
236	10.83	2145	2131	0.73	198	0	0	2	66.29	0.01	0.00	5.24	85.27	89.17	0.00	40	0	43	0.00	0.00	66.56	7.56	0.00	0.00	2000
230	11.24	2047	2099	0.27	199	0	0	0	nan	0.00	0.02	6.21	82.57	88.76	0.00	40	0	43	0.00	0.00	65.54	7.26	0.00	0.00	2000
227	11.21	2051	2071	0.00	202	0	0	0	nan	0.00	0.00	6.32	81.38	88.79	0.00	41	0	43	0.00	0.00	60.90	6.87	0.00	0.00	2000
232	10.93	2090	2134	0.00	215	0	0	0	nan	0.00	0.00	6.34	84.19	89.07	0.00	41	0	42	0.00	0.00	69.34	7.84	0.00	0.00	2000
229	10.99	2086	2099	0.00	197	0	0	0	nan	0.00	0.00	5.21	83.84	89.01	0.00	40	0	42	0.00	0.00	61.78	6.96	0.00	0.00	2000
223	11.12	2033	2071	0.00	199	0	0	0	nan	0.00	0.00	5.36	82.27	88.88	0.00	41	0	43	0.00	0.00	66.17	7.37	0.00	0.00	2000
230	11.03	2085	2101	0.00	199	0	0	0	nan	0.00	0.01	4.40	84.69	88.97	0.00	41	0	43	0.00	0.00	64.73	7.25	0.00	0.00	2000
231	10.88	2114	2108	0.00	195	0	0	0	nan	0.00	0.04	2.33	87.18	89.12	0.00	41	0	43	0.00	0.00	66.70	7.44	0.00	0.00	2000
227	11.08	2054	2092	0.00	211	0	0	0	nan	0.00	0.00	3.25	85.41	88.92	0.00	40	0	42	0.00	0.00	62.08	6.95	0.00	0.00	2000
230	11.05	2072	2114	0.00	211	0	0	0	nan	0.00	0.02	4.55	85.10	88.95	0.00	40	0	42	0.00	0.00	65.39	7.36	0.00	0.00	2000
227	11.29	2022	2091	0.00	195	0	0	0	nan	0.00	0.00	2.86	85.60	88.71	0.00	40	0	43	0.00	0.00	62.29	7.06	0.00	0.00	2000
228	11.01	2069	2099	0.00	195	0	0	0	nan	0.00	0.01	2.87	86.17	88.99	0.00	40	0	42	0.00	0.00	67.91	7.71	0.00	0.00	2000
231	11.05	2066	2124	0.00	210	0	0	0	nan	0.00	0.04	3.60	86.44	88.95	0.00	40	0	43	0.00	0.00	63.00	7.18	0.00	0.00	2000
226	11.08	2046	2090	0.00	195	0	0	0	nan	0.00	0.00	3.60	84.96	88.92	0.00	40	0	43	0.00	0.00	63.64	7.41	0.00	0.00	2000
226	10.94	2084	2080	0.00	194	0	0	0	nan	0.00	0.00	2.77	85.49	89.06	0.00	40	0	42	0.00	0.00	66.25	7.50	0.00	0.00	2000
228	10.82	2108	2104	0.00	194	0	0	0	nan	0.00	0.03	2.63	86.72	89.18	0.00	40	0	42	0.00	0.00	65.36	7.27	0.00	0.00	2000
234	10.83	2139	2116	0.00	195	0	0	0	nan	0.00	0.02	2.88	87.02	89.17	0.00	40	0	42	0.00	0.00	65.84	7.25	0.00	0.00	2000
227	11.02	2067	2092	0.67	194	0	0	4	90.83	0.00	0.00	2.91	85.74	88.98	0.00	40	0	42	0.00	0.00	64.30	7.60	0.00	0.00	2000
235	11.19	2083	2119	0.09	215	0	0	0	nan	0.00	0.00	4.23	85.43	88.81	0.00	40	0	42	0.00	0.00	62.75	7.11	0.00	0.00	2000
227	10.95	2074	2100	0.00	195	0	0	0	nan	0.00	0.00	3.68	85.46	89.05	0.00	40	0	42	0.00	0.00	66.24	8.23	0.00	0.00	2000
234	11.32	2069	2095	0.00	196	0	0	0	nan	0.00	0.02	3.14	85.39	88.68	0.00	41	0	43	0.00	0.00	68.62	8.09	0.00	0.00	2000
227	10.73	2143	2075	0.00	196	0	0	0	nan	0.00	0.00	3.65	84.59	89.27	0.00	41	0	43	0.00	0.00	63.10	7.45	0.00	0.00	2000
237	11.46	2036	2135	0.00	197	0	0	0	nan	0.00	0.03	2.74	87.43	88.54	0.00	41	0	42	0.00	0.00	68.86	8.02	0.00	0.00	2000
224	10.66	2131	2070	0.00	196	0	0	0	nan	0.00	0.01	4.39	83.76	89.34	0.00	41	0	42	0.00	0.00	58.74	7.24	0.00	0.00	2000
232	10.75	2138	2120	0.00	194	0	0	0	nan	0.00	0.00	3.42	86.72	89.25	0.00	41	0	42	0.00	0.00	70.81	7.74	0.00	0.00	2000
224	10.85	2087	2079	0.00	193	0	0	0	nan	0.00	0.02	3.14	85.19	89.16	0.00	41	0	42	0.00	0.00	68.06	7.91	0.00	0.00	2000
233	11.18	2062	2120	0.00	212	0	0	0	nan	0.00	0.01	2.58	87.15	88.82	0.00	41	0	42	0.00	0.00	64.76	7.56	0.00	0.00	2000
227	10.62	2138	2096	0.00	195	0	0	0	nan	0.00	0.00	3.46	85.83	89.38	0.00	41	0	43	0.00	0.00	65.43	7.60	0.00	0.00	2000
225	10.78	2108	2079	0.00	194	0	0	0	nan	0.00	0.00	2.92	85.46	89.22	0.00	41	0	42	0.00	0.00	65.29	7.57	0.00	0.00	2000
225	10.87	2080	2094	0.00	194	0	0	0	nan	0.00	0.01	2.25	86.65	89.13	0.00	41	0	42	0.00	0.00	66.15	7.71	0.00	0.00	2000
236	11.06	2101	2135	0.00	228	0	0	0	nan	0.00	0.01	2.66	87.76	88.94	0.00	41	0	42	0.00	0.00	67.99	7.93	0.00	0.00	2000
229	10.69	2142	2102	0.00	195	0	0	0	nan	0.00	0.00	4.15	85.26	89.31	0.00	41	0	42	0.00	0.00	66.26	7.74	0.00	0.00	2000
230	10.99	2094	2099	0.00	194	0	0	0	nan	0.00	0.00	3.70	85.31	89.01	0.00	41	0	42	0.00	0.00	65.97	7.56	0.00	0.00	2000
228	10.90	2091	2097	0.00	194	0	0	1	82.12	0.00	0.00	3.60	85.44	89.10	0.00	40	0	43	0.00	0.00	66.41	7.80	0.00	0.00	2000
226	11.03	2077	2071	0.71	195	0	0	5	85.91	0.00	0.02	3.37	84.46	88.97	0.00	41	0	42	0.00	0.00	62.25	7.19	0.00	0.00	2000
230	10.92	2105	2101	0.00	195	0	0	0	nan	0.00	0.02	3.61	85.61	89.08	0.00	40	0	43	0.00	0.00	64.77	7.47	0.00	0.00	2000
234	11.11	2073	2131	0.00	210	0	0	0	nan	0.00	0.02	2.97	87.25	88.89	0.00	40	0	42	0.00	0.00	68.49	8.34	0.00	0.00	2000
228	10.94	2081	2101	0.00	194	0	0	0	nan	0.00	0.02	4.03	85.16	89.06	0.00	41	0	42	0.00	0.00	64.32	7.29	0.00	0.00	2000
223	10.84	2100	2062	0.00	196	0	0	0	nan	0.00	0.02	3.60	83.99	89.16	0.00	40	0	43	0.00	0.00	62.04	7.02	0.00	0.00	2000
232	10.79	2130	2118	0.00	194	0	0	0	nan	0.00	0.00	2.75	87.28	89.21	0.00	40	0	42	0.00	0.00	65.55	7.48	0.00	0.00	2000
228	10.96	2088	2091	0.00	196	0	0	0	nan	0.00	0.02	2.73	86.03	89.04	0.00	40	0	42	0.00	0.00	64.56	7.44	0.00	0.00	2000
194	10.63	1835	2090	0.00	196	0	0	0	nan	0.00	0.02	4.18	84.92	89.37	0.00	38	0	43	0.00	0.00	63.03	7.66	0.00	0.00	2000
138	10.03	1382	2095	0.00	192	0	0	0	nan	0.00	0.00	12.11	77.78	89.97	0.00	37	0	42	0.00	0.00	62.35	7.21	0.00	0.00	2000
