Avg_MHz	Busy%	Bzy_MHz	TSC_MHz	IPC	IRQ	NMI	SMI	LLCMRPS	LLC%hit	POLL%	C1%	C1E%	C6%	CPU%c1	CPU%c6	CoreTmp	CoreThr	PkgTmp	Pkg%pc2	Pkg%pc6	PkgWatt	RAMWatt	PKG_%	RAM_%	UncMHz
446	20.75	2126	2125	0.00	251	0	0	0	nan	0.00	0.68	44.87	34.79	79.25	0.00	38	0	42	0.00	0.00	65.53	7.32	0.00	0.00	2000
370	17.73	2085	2100	0.00	250	0	0	0	nan	0.00	0.96	25.82	55.64	82.27	0.00	37	0	42	0.00	0.00	65.02	7.53	0.00	0.00	2000
79	6.46	1203	2130	0.00	194	0	0	0	nan	0.00	0.02	3.81	90.98	93.54	0.00	37	0	42	0.00	0.00	60.81	7.71	0.00	0.00	2000
79	6.66	1186	2106	0.00	211	0	0	0	nan	0.00	0.00	3.42	90.09	93.34	0.00	37	0	42	0.00	0.00	60.56	7.53	0.00	0.00	2000
74	6.59	1125	2087	0.00	193	0	0	0	nan	0.00	0.00	2.96	89.85	93.41	0.00	37	0	42	0.00	0.00	57.64	7.40	0.00	0.00	2000
73	6.49	1131	2101	0.00	193	0	0	0	nan	0.00	0.03	4.09	89.30	93.51	0.00	37	0	42	0.00	0.00	56.68	7.00	0.00	0.00	2000
75	6.77	1099	2108	0.00	195	0	0	0	nan	0.00	0.00	4.10	89.43	93.23	0.00	37	0	42	0.00	0.00	59.97	7.41	0.00	0.00	2000
71	6.73	1070	2081	0.00	193	0	0	0	nan	0.00	0.00	3.72	88.70	93.27	0.00	37	0	42	0.00	0.00	55.92	7.26	0.00	0.00	2000
75	6.44	1152	2132	0.00	193	0	0	0	nan	0.00	0.00	1.84	92.96	93.56	0.00	37	0	42	0.00	0.00	59.42	7.60	0.00	0.00	2000
72	6.61	1092	2100	0.00	193	0	0	0	nan	0.00	0.01	2.80	90.61	93.39	0.00	37	0	42	0.00	0.00	58.77	7.23	0.00	0.00	2000
73	6.53	1123	2096	0.00	193	0	0	0	nan	0.00	0.03	2.82	90.39	93.47	0.00	37	0	42	0.00	0.00	58.60	7.27	0.00	0.00	2000
72	6.58	1093	2101	0.00	194	0	0	0	nan	0.00	0.00	2.87	90.59	93.42	0.00	37	0	42	0.00	0.00	58.30	7.34	0.00	0.00	2000
73	6.93	1056	2103	0.00	193	0	0	0	nan	0.00	0.00	3.11	89.96	93.07	0.00	37	0	42	0.00	0.00	56.32	7.30	0.00	0.00	2000
72	6.23	1166	2095	0.00	194	0	0	0	nan	0.00	0.00	3.02	90.36	93.77	0.00	37	0	42	0.00	0.00	62.07	7.36	0.00	0.00	2000
74	6.54	1133	2096	0.00	194	0	0	0	nan	0.00	0.02	3.31	89.96	93.46	0.00	37	0	42	0.00	0.00	58.78	7.52	0.00	0.00	2000
72	6.59	1097	2096	0.00	193	0	0	0	nan	0.00	0.00	3.91	89.35	93.41	0.00	37	0	42	0.00	0.00	58.19	7.44	0.00	0.00	2000
74	6.52	1134	2094	0.30	193	0	0	0	74.30	0.00	0.00	4.25	88.96	93.48	0.00	37	0	42	0.00	0.00	55.96	7.04	0.00	0.00	2000
74	6.22	1190	2110	0.17	198	0	0	0	nan	0.00	0.00	5.02	89.19	93.78	0.00	37	0	42	0.00	0.00	59.46	7.56	0.00	0.00	2000
204	10.66	1920	2091	0.00	215	0	0	0	nan	0.02	0.09	5.98	83.02	89.34	0.00	38	0	42	0.00	0.00	62.19	7.23	0.00	0.00	2000
232	10.86	2146	2095	0.00	213	0	0	0	nan	0.00	0.00	3.47	85.52	89.14	0.00	40	0	42	0.00	0.00	62.29	7.63	0.00	0.00	2000
236	10.76	2163	2128	0.00	203	0	0	0	nan	0.00	0.02	4.07	86.25	89.24	0.00	40	0	42	0.00	0.00	69.22	7.49	0.00	0.00	2000
227	10.90	2099	2083	0.00	201	0	0	0	nan	0.00	0.00	3.53	84.92	89.10	0.00	40	0	42	0.00	0.00	63.91	7.44	0.00	0.00	2000
233	11.34	2055	2101	0.00	198	0	0	0	nan	0.00	0.00	7.58	81.22	88.66	0.00	38	0	42	0.00	0.00	64.96	7.71	0.00	0.00	2000
224	11.06	2060	2066	0.00	199	0	0	0	nan	0.00	0.02	6.03	81.52	88.94	0.00	38	0	42	0.00	0.00	64.22	8.07	0.00	0.00	2000
222	10.92	2009	2126	0.00	218	0	0	0	nan	0.04	0.26	8.09	81.97	89.08	0.00	37	0	42	0.00	0.00	64.45	7.83	0.00	0.00	2000
231	11.03	2088	2110	0.00	198	0	0	0	nan	0.00	0.00	7.19	82.14	88.97	0.00	38	0	42	0.00	0.00	68.78	8.40	0.00	0.00	2000
232	11.32	2051	2101	0.00	198	0	0	0	nan	0.00	0.00	6.33	82.46	88.68	0.00	38	0	42	0.00	0.00	65.68	7.94	0.00	0.00	2000
226	10.97	2082	2077	0.00	199	0	0	0	nan	0.00	0.02	5.05	83.06	89.03	0.00	38	0	42	0.00	0.00	64.59	7.54	0.00	0.00	2000
232	10.83	2124	2114	0.00	198	0	0	0	nan	0.00	0.00	5.94	83.75	89.17	0.00	38	0	42	0.00	0.00	65.15	7.35	0.00	0.00	2000
231	10.89	2131	2095	0.00	202	0	0	0	nan	0.00	0.02	5.24	83.71	89.11	0.00	38	0	42	0.00	0.00	65.63	7.65	0.00	0.00	2000
232	10.95	2103	2115	0.00	197	0	0	0	nan	0.00	0.01	4.24	85.46	89.05	0.00	38	0	42	0.00	0.00	65.55	7.61	0.00	0.00	2000
229	10.69	2143	2099	0.00	200	0	0	0	nan	0.00	0.00	4.75	84.61	89.31	0.00	38	0	42	0.00	0.00	64.75	7.50	0.00	0.00	2000
230	11.16	2067	2099	0.00	198	0	0	0	nan	0.00	1.00	6.53	81.40	88.84	0.00	38	0	42	0.00	0.00	63.42	7.27	0.00	0.00	2000
226	10.84	2114	2074	0.65	199	0	0	19	97.65	0.00	0.00	5.75	82.38	89.16	0.00	39	0	42	0.00	0.00	66.04	7.54	0.00	0.00	2000
234	10.77	2165	2109	0.15	204	0	0	0	nan	0.00	1.06	3.53	85.08	89.23	0.00	39	0	42	0.00	0.00	61.95	7.18	0.00	0.00	2000
227	11.07	2062	2090	0.00	199	0	0	0	nan	0.00	0.02	5.69	82.95	88.93	0.00	38	0	42	0.00	0.00	65.92	7.33	0.00	0.00	2000
234	11.12	2076	2127	0.00	198	0	0	0	nan	0.00	0.02	4.91	85.24	88.88	0.00	38	0	42	0.00	0.00	67.94	7.92	0.00	0.00	2000
229	10.94	2114	2080	0.00	199	0	0	0	nan	0.00	0.02	4.65	83.58	89.06	0.00	38	0	42	0.00	0.00	62.88	7.21	0.00	0.00	2000
231	11.22	2042	2121	0.00	215	0	0	0	nan	0.00	0.02	5.50	84.09	88.78	0.00	38	0	42	0.00	0.00	67.48	7.75	0.00	0.00	2000
236	11.43	2090	2075	0.00	204	0	0	0	nan	0.00	0.01	7.88	79.65	88.57	0.00	39	0	42	0.00	0.00	62.14	7.14	0.00	0.00	2000
230	11.15	2058	2103	0.00	199	0	0	0	nan	0.00	0.04	7.02	81.84	88.85	0.00	38	0	42	0.00	0.00	67.42	7.76	0.00	0.00	2000
232	10.98	2084	2131	0.00	197	0	0	0	nan	0.00	0.00	5.18	85.21	89.02	0.00	39	0	42	0.00	0.00	64.32	7.43	0.00	0.00	2000
231	10.97	2109	2097	0.00	198	0	0	0	nan	0.00	0.04	3.93	85.02	89.03	0.00	39	0	42	0.00	0.00	67.06	7.73	0.00	0.00	2000
223	10.80	2091	2072	0.00	198	0	0	0	nan	0.00	0.00	5.44	82.59	89.20	0.00	39	0	42	0.00	0.00	62.54	7.10	0.00	0.00	2000
238	11.35	2073	2125	0.00	206	0	0	0	nan	0.00	0.00	5.58	84.18	88.65	0.00	39	0	42	0.00	0.00	65.49	7.47	0.00	0.00	2000
229	10.94	2089	2104	0.00	199	0	0	0	nan	0.00	0.44	5.97	82.88	89.06	0.00	39	0	42	0.00	0.00	64.87	7.35	0.00	0.00	2000
229	10.72	2138	2097	0.00	197	0	0	0	nan	0.00	0.99	5.44	82.77	89.28	0.00	39	0	42	0.00	0.00	64.97	7.44	0.00	0.00	2000
226	10.83	2104	2088	0.00	198	0	0	0	nan	0.00	0.00	5.90	82.83	89.17	0.00	39	0	42	0.00	0.00	66.94	7.51	0.00	0.00	2000
233	11.29	2053	2111	0.00	198	0	0	0	nan	0.00	0.00	5.40	83.89	88.71	0.00	39	0	42	0.00	0.00	65.38	7.73	0.00	0.00	2000
228	11.12	2072	2081	0.00	203	0	0	0	nan	0.00	0.00	5.32	82.91	88.88	0.00	39	0	42	0.00	0.00	64.09	7.71	0.00	0.00	2000
232	11.18	2058	2121	0.67	198	0	0	13	85.20	0.00	0.00	5.37	84.47	88.82	0.00	38	0	42	0.00	0.00	63.39	7.30	0.00	0.00	2000
223	10.92	2090	2055	0.26	201	0	0	0	nan	0.00	0.00	4.35	82.99	89.08	0.00	38	0	42	0.00	0.00	60.18	7.25	0.00	0.00	2000
237	10.90	2117	2158	0.00	231	0	0	0	nan	0.00	0.01	5.83	85.72	89.10	0.00	39	0	42	0.00	0.00	70.04	7.95	0.00	0.00	2000
236	10.99	2153	2096	0.00	199	0	0	0	nan	0.00	0.02	5.54	83.28	89.01	0.00	40	0	42	0.00	0.00	67.22	7.76	0.00	0.00	2000
231	10.98	2106	2098	0.00	204	0	0	0	nan	0.00	0.00	3.56	85.46	89.02	0.00	40	0	42	0.00	0.00	64.57	7.33	0.00	0.00	2000
229	11.02	2088	2094	0.00	198	0	0	0	nan	0.00	0.02	4.43	84.40	88.98	0.00	41	0	42	0.00	0.00	62.97	7.41	0.00	0.00	2000
235	11.21	2081	2113	0.00	199	0	0	0	nan	0.00	0.00	4.87	84.44	88.79	0.00	40	0	42	0.00	0.00	64.54	7.62	0.00	0.00	2000
228	11.19	2060	2075	0.00	201	0	0	0	nan	0.00	0.00	6.59	81.23	88.81	0.00	40	0	42	0.00	0.00	66.58	7.78	0.00	0.00	2000
237	10.94	2138	2129	0.00	199	0	0	0	nan	0.00	2.04	5.29	82.97	89.06	0.00	40	0	42	0.00	0.00	66.90	7.74	0.00	0.00	2000
230	11.02	2093	2097	0.00	202	0	0	0	nan	0.00	2.55	6.64	79.82	88.98	0.00	40	0	42	0.00	0.00	62.49	7.29	0.00	0.00	2000
227	11.16	2059	2077	0.00	197	0	0	0	nan	0.00	0.00	5.75	82.25	88.84	0.00	40	0	42	0.00	0.00	66.47	7.58	0.00	0.00	2000
223	11.69	2159	1853	0.00	215	0	0	0	nan	0.00	0.01	4.23	73.73	88.31	0.00	40	0	42	0.00	0.00	57.60	6.69	0.00	0.00	2000
243	10.69	1945	2455	0.00	272	0	0	0	nan	0.00	0.00	8.71	95.80	89.31	0.00	39	0	42	0.00	0.00	76.19	9.03	0.00	0.00	2000
231	11.27	2063	2088	0.00	178	0	0	0	nan	0.00	0.00	7.60	80.68	88.73	0.00	40	0	42	0.00	0.00	62.01	7.35	0.00	0.00	2000
233	11.35	2044	2111	0.00	213	0	0	0	nan	0.00	0.00	6.44	82.79	88.65	0.00	40	0	42	0.00	0.00	67.59	7.94	0.00	0.00	2000
231	11.41	2036	2086	0.00	180	0	0	0	nan	0.00	0.00	6.74	81.37	88.59	0.00	40	0	42	0.00	0.00	61.16	7.25	0.00	0.00	2000
236	11.38	2061	2111	0.00	214	0	0	3	73.59	0.00	0.00	7.29	81.85	88.62	0.00	39	0	42	0.00	0.00	65.00	7.92	0.00	0.00	2000
235	10.95	2133	2112	0.83	187	0	0	7	82.70	0.00	0.05	5.18	84.42	89.05	0.00	40	0	42	0.00	0.00	66.04	7.72	0.00	0.00	2000
230	11.44	2072	2040	0.00	195	0	0	0	nan	0.00	0.00	4.22	81.92	88.56	0.00	39	0	42	0.00	0.00	62.40	7.33	0.00	0.00	2000
231	10.92	2081	2139	0.00	197	0	0	0	nan	0.01	0.57	3.44	86.92	89.08	0.00	39	0	42	0.00	0.00	64.02	7.73	0.00	0.00	2000
231	11.10	2070	2116	0.00	214	0	0	0	nan	0.01	0.00	4.51	85.14	88.90	0.00	39	0	42	0.00	0.00	65.88	8.16	0.00	0.00	2000
232	11.22	2062	2104	0.00	181	0	0	0	nan	0.00	0.00	6.11	82.95	88.78	0.00	40	0	42	0.00	0.00	63.29	7.40	0.00	0.00	2000
237	10.93	2164	2102	0.00	203	0	0	0	nan	0.00	1.28	7.38	80.54	89.07	0.00	40	0	42	0.00	0.00	64.61	7.76	0.00	0.00	2000
231	11.11	2079	2099	0.00	198	0	0	0	nan	0.00	1.45	6.18	81.37	88.89	0.00	40	0	42	0.00	0.00	66.66	7.55	0.00	0.00	2000
233	11.35	2051	2098	0.00	212	0	0	0	nan	0.00	0.00	11.56	77.06	88.65	0.00	40	0	43	0.00	0.00	64.93	7.65	0.00	0.00	2000
230	11.20	2061	2096	0.00	180	0	0	0	nan	0.00	0.03	6.05	82.69	88.80	0.00	40	0	42	0.00	0.00	62.07	7.17	0.00	0.00	2000
233	11.20	2075	2101	0.00	197	0	0	0	nan	0.00	0.00	6.29	82.57	88.80	0.00	40	0	42	0.00	0.00	64.82	7.53	0.00	0.00	2000
425	18.72	2374	2011	0.00	273	0	0	0	nan	0.00	0.02	6.72	71.21	81.28	0.00	37	0	42	0.00	0.00	62.91	7.73	0.00	0.00	2000
688	27.58	2500	2094	0.00	237	0	0	0	nan	0.00	0.01	6.48	65.85	72.42	0.00	38	0	42	0.00	0.00	70.32	8.51	0.00	0.00	2000
687	27.51	2500	2098	0.00	246	0	0	0	nan	0.00	0.00	4.99	67.56	72.49	0.00	38	0	42	0.00	0.00	72.56	8.48	0.00	0.00	2000
688	27.51	2500	2101	0.00	252	0	0	0	nan	0.00	0.00	6.36	66.29	72.49	0.00	38	0	42	0.00	0.00	72.88	8.31	0.00	0.00	2000
689	27.56	2500	2099	0.00	246	0	0	0	nan	0.00	0.00	4.85	67.70	72.44	0.00	38	0	42	0.00	0.00	72.91	8.35	0.00	0.00	2000
691	27.62	2500	2102	0.00	253	0	0	19	50.14	0.01	0.05	5.31	67.25	72.38	0.00	38	0	43	0.00	0.00	72.83	8.33	0.00	0.00	2000
689	27.63	2500	2096	0.20	247	0	0	29	51.88	0.00	0.39	5.54	66.45	72.37	0.00	38	0	42	0.00	0.00	72.72	8.45	0.00	0.00	2000
696	27.83	2500	2101	0.00	270	0	0	0	nan	0.00	0.80	5.95	65.60	72.17	0.00	38	0	42	0.00	0.00	73.00	8.42	0.00	0.00	2000
691	27.92	2500	2078	0.00	246	0	0	0	nan	0.00	0.00	6.93	64.52	72.08	0.00	38	0	42	0.00	0.00	73.00	8.58	0.00	0.00	2000
429	16.99	2379	2229	0.00	280	0	0	0	nan	0.00	0.00	10.41	77.78	83.01	0.00	37	0	42	0.00	0.00	77.19	8.99	0.00	0.00	2000
233	11.22	2075	2099	0.00	206	0	0	0	nan	0.00	0.00	8.46	80.46	88.78	0.00	38	0	42	0.00	0.00	63.77	7.74	0.00	0.00	2000
233	11.26	2072	2094	0.00	216	0	0	0	nan	0.00	0.00	6.26	82.34	88.74	0.00	39	0	42	0.00	0.00	64.61	7.92	0.00	0.00	2000
230	11.23	2034	2112	0.00	183	0	0	0	nan	0.01	0.00	7.54	81.93	88.77	0.00	39	0	42	0.00	0.00	64.32	7.46	0.00	0.00	2000
234	11.40	2046	2107	0.00	213	0	0	0	nan	0.00	0.00	8.46	80.50	88.60	0.00	39	0	42	0.00	0.00	65.67	7.87	0.00	0.00	2000
230	11.19	2049	2109	0.00	183	0	0	0	nan	0.00	0.00	7.21	82.04	88.81	0.00	40	0	42	0.00	0.00	63.02	7.63	0.00	0.00	2000
231	11.33	2047	2094	0.00	197	0	0	0	nan	0.00	0.03	7.81	80.69	88.67	0.00	39	0	42	0.00	0.00	65.03	7.86	0.00	0.00	2000
229	10.82	2125	2094	0.00	198	0	0	0	nan	0.00	0.00	5.33	83.70	89.18	0.00	39	0	42	0.00	0.00	65.16	7.64	0.00	0.00	2000
230	11.09	2072	2105	0.00	194	0	0	0	nan	0.00	0.00	5.61	83.62	88.91	0.00	40	0	42	0.00	0.00	64.58	7.58	0.00	0.00	2000
222	11.89	2161	1813	0.00	199	0	0	0	nan	0.01	0.00	4.93	71.21	88.11	0.00	40	0	42	0.00	0.00	50.95	6.00	0.00	0.00	2000
243	10.44	2018	2420	0.00	237	0	0	0	nan	0.01	0.00	3.16	100.17	89.56	0.00	38	0	42	0.00	0.00	81.00	9.76	0.00	0.00	2000
228	11.13	2031	2123	0.00	194	0	0	0	nan	0.00	0.00	4.51	85.46	88.87	0.00	37	0	42	0.00	0.00	64.79	8.56	0.00	0.00	2000
219	11.98	2108	1822	0.00	196	0	0	4	37.52	0.00	0.00	3.04	73.39	88.02	0.00	38	0	42	0.00	0.00	49.68	6.14	0.00	0.00	2000
231	10.00	1980	2450	0.38	276	0	0	11	48.29	0.00	0.00	6.18	98.82	90.00	0.00	39	0	42	0.00	0.00	84.52	10.14	0.00	0.00	2000
114	8.49	1364	2068	0.00	227	0	0	0	nan	0.00	0.18	9.05	80.96	91.51	0.00	37	0	42	0.00	0.00	57.59	7.15	0.00	0.00	2000
77	6.67	1134	2134	0.00	193	0	0	0	nan	0.00	0.02	3.25	91.51	93.33	0.00	37	0	42	0.00	0.00	59.88	7.63	0.00	0.00	2000
75	6.78	1099	2106	0.00	193	0	0	0	nan	0.00	0.02	2.50	90.98	93.22	0.00	37	0	42	0.00	0.00	58.66	7.44	0.00	0.00	2000
82	6.58	1238	2104	0.00	161	0	0	0	nan	0.00	0.12	4.16	89.36	93.42	0.00	37	0	42	0.00	0.00	60.23	7.51	0.00	0.00	2000
