Avg_MHz	Busy%	Bzy_MHz	TSC_MHz	IPC	IRQ	NMI	SMI	LLCMRPS	LLC%hit	POLL%	C1%	C1E%	C6%	CPU%c1	CPU%c6	CoreTmp	CoreThr	PkgTmp	Pkg%pc2	Pkg%pc6	PkgWatt	RAMWatt	PKG_%	RAM_%	UncMHz
402	19.87	2000	2127	0.00	253	0	0	0	nan	0.00	0.62	48.93	31.70	80.13	0.00	37	0	43	0.00	0.00	67.10	7.92	0.00	0.00	2000
392	18.78	2094	2091	0.00	237	0	0	0	nan	0.00	0.80	32.65	47.61	81.22	0.00	37	0	43	0.00	0.00	66.01	7.63	0.00	0.00	2000
80	6.91	1136	2139	0.00	209	0	0	0	nan	0.00	0.00	5.75	89.07	93.09	0.00	37	0	43	0.00	0.00	59.04	7.52	0.00	0.00	2000
73	6.51	1126	2100	0.00	195	0	0	0	nan	0.00	0.02	3.68	89.77	93.49	0.00	37	0	42	0.00	0.00	57.43	7.45	0.00	0.00	2000
74	6.51	1143	2097	0.00	193	0	0	0	nan	0.00	0.01	2.87	90.33	93.49	0.00	37	0	43	0.00	0.00	58.32	7.52	0.00	0.00	2000
73	6.68	1090	2109	0.00	194	0	0	0	nan	0.00	0.00	2.51	91.17	93.32	0.00	37	0	42	0.00	0.00	58.46	7.61	0.00	0.00	2000
73	6.55	1125	2084	0.00	195	0	0	0	nan	0.00	0.00	3.11	89.74	93.45	0.00	38	0	43	0.00	0.00	57.71	7.36	0.00	0.00	2000
73	6.91	1043	2115	0.00	194	0	0	0	nan	0.00	0.02	2.52	91.34	93.09	0.00	37	0	43	0.00	0.00	58.63	7.64	0.00	0.00	2000
73	6.71	1083	2098	0.00	194	0	0	0	nan	0.00	0.00	3.10	90.11	93.29	0.00	37	0	43	0.00	0.00	58.56	7.51	0.00	0.00	2000
72	6.82	1062	2096	0.00	194	0	0	0	nan	0.00	0.01	2.85	90.19	93.18	0.00	37	0	43	0.00	0.00	58.32	7.59	0.00	0.00	2000
73	6.38	1151	2086	0.00	194	0	0	0	nan	0.00	0.00	2.68	90.23	93.62	0.00	37	0	42	0.00	0.00	57.59	7.40	0.00	0.00	2000
73	6.66	1078	2122	0.00	193	0	0	0	nan	0.01	0.00	1.96	92.44	93.34	0.00	37	0	42	0.00	0.00	58.99	7.53	0.00	0.00	2000
73	6.78	1074	2099	0.00	194	0	0	0	nan	0.00	0.02	2.99	90.14	93.22	0.00	37	0	42	0.00	0.00	58.28	7.50	0.00	0.00	2000
71	6.56	1098	2084	0.00	194	0	0	0	nan	0.00	0.01	2.85	89.93	93.44	0.00	37	0	42	0.00	0.00	58.22	7.49	0.00	0.00	2000
74	6.89	1067	2118	0.00	194	0	0	0	nan	0.00	0.00	2.71	91.21	93.11	0.00	37	0	43	0.00	0.00	57.70	7.41	0.00	0.00	2000
71	6.65	1077	2094	0.00	194	0	0	0	nan	0.00	0.00	3.04	90.10	93.35	0.00	37	0	43	0.00	0.00	58.78	7.68	0.00	0.00	2000
72	6.71	1088	2077	0.29	194	0	0	0	79.15	0.00	0.00	3.16	89.08	93.29	0.00	37	0	42	0.00	0.00	58.27	7.72	0.00	0.00	2000
80	6.79	1159	2125	0.03	212	0	0	0	nan	0.00	0.00	4.27	90.00	93.21	0.00	37	0	42	0.00	0.00	57.86	7.29	0.00	0.00	2000
195	10.01	1961	2081	0.00	217	0	0	0	nan	0.00	0.72	5.86	82.72	89.99	0.00	39	0	42	0.00	0.00	65.26	7.84	0.00	0.00	2000
234	11.06	2102	2111	0.00	232	0	0	0	nan	0.00	0.02	3.97	85.53	88.94	0.00	40	0	43	0.00	0.00	64.76	7.60	0.00	0.00	2000
231	11.01	2093	2106	0.00	203	0	0	0	nan	0.00	0.00	3.80	85.42	89.00	0.00	40	0	42	0.00	0.00	64.48	7.49	0.00	0.00	2000
231	11.14	2073	2100	0.00	202	0	0	0	nan	0.00	0.00	3.58	85.36	88.86	0.00	40	0	43	0.00	0.00	65.52	7.68	0.00	0.00	2000
238	11.18	2129	2102	0.00	196	0	0	0	nan	0.00	0.01	6.72	82.27	88.82	0.00	38	0	42	0.00	0.00	65.57	7.89	0.00	0.00	2000
230	11.26	2054	2091	0.00	182	0	0	0	nan	0.00	0.02	4.08	84.39	88.74	0.00	37	0	42	0.00	0.00	64.17	8.12	0.00	0.00	2000
224	10.98	2068	2075	0.00	203	0	0	0	nan	0.03	0.05	3.64	84.30	89.02	0.00	37	0	43	0.00	0.00	64.41	7.72	0.00	0.00	2000
235	11.10	2096	2118	0.00	219	0	0	0	nan	0.00	0.03	6.91	82.76	88.90	0.00	37	0	42	0.00	0.00	66.41	8.25	0.00	0.00	2000
234	11.26	2065	2114	0.00	198	0	0	0	nan	0.00	0.03	7.15	82.30	88.74	0.00	38	0	42	0.00	0.00	65.67	7.91	0.00	0.00	2000
230	10.74	2152	2090	0.00	183	0	0	0	nan	0.00	0.00	6.04	82.76	89.26	0.00	38	0	42	0.00	0.00	66.41	7.70	0.00	0.00	2000
227	11.07	2087	2066	0.00	214	0	0	0	nan	0.00	0.01	5.41	82.10	88.93	0.00	39	0	43	0.00	0.00	62.44	7.14	0.00	0.00	2000
230	11.18	2063	2096	0.00	203	0	0	0	nan	0.00	0.00	5.85	82.95	88.82	0.00	39	0	42	0.00	0.00	64.34	7.50	0.00	0.00	2000
229	10.97	2095	2098	0.00	215	0	0	0	nan	0.00	0.02	4.49	84.53	89.03	0.00	39	0	42	0.00	0.00	65.27	7.74	0.00	0.00	2000
231	11.11	2035	2148	0.00	201	0	0	0	nan	0.00	0.00	6.76	84.37	88.89	0.00	39	0	43	0.00	0.00	66.46	7.80	0.00	0.00	2000
231	10.93	2116	2095	0.00	199	0	0	1	93.25	0.00	0.00	3.02	85.86	89.07	0.00	39	0	43	0.00	0.00	65.77	7.79	0.00	0.00	2000
231	11.36	2068	2063	0.77	199	0	0	19	96.44	0.01	0.01	2.65	84.40	88.64	0.00	39	0	42	0.00	0.00	61.46	7.22	0.00	0.00	2000
229	10.84	2091	2118	0.00	220	0	0	0	nan	0.00	0.00	6.97	83.04	89.16	0.00	39	0	42	0.00	0.00	67.43	7.84	0.00	0.00	2000
226	11.17	2029	2090	0.00	199	0	0	0	nan	0.00	0.50	6.18	81.81	88.83	0.00	39	0	42	0.00	0.00	65.10	7.68	0.00	0.00	2000
234	11.45	2048	2100	0.00	216	0	0	0	nan	0.00	0.01	3.96	84.68	88.55	0.00	39	0	42	0.00	0.00	65.74	7.70	0.00	0.00	2000
228	11.39	1965	2141	0.00	203	0	0	0	nan	0.00	0.00	8.34	82.11	88.61	0.00	39	0	43	0.00	0.00	64.73	7.73	0.00	0.00	2000
231	11.26	2064	2085	0.00	202	0	0	0	nan	0.00	0.02	5.72	82.53	88.74	0.00	39	0	42	0.00	0.00	65.31	7.69	0.00	0.00	2000
229	11.58	2001	2075	0.00	202	0	0	0	nan	0.00	0.02	6.68	80.85	88.42	0.00	39	0	43	0.00	0.00	64.30	7.60	0.00	0.00	2000
233	11.08	2070	2131	0.00	214	0	0	0	nan	0.00	0.01	3.11	87.20	88.92	0.00	39	0	43	0.00	0.00	67.21	7.89	0.00	0.00	2000
228	11.23	2053	2077	0.00	181	0	0	0	nan	0.01	0.00	5.09	82.92	88.77	0.00	39	0	43	0.00	0.00	61.94	7.44	0.00	0.00	2000
235	11.45	2052	2099	0.00	215	0	0	0	nan	0.00	0.00	5.45	83.20	88.55	0.00	39	0	42	0.00	0.00	66.78	7.96	0.00	0.00	2000
235	11.41	2025	2133	0.00	206	0	0	0	nan	0.00	0.03	6.86	83.20	88.59	0.00	39	0	42	0.00	0.00	65.79	7.57	0.00	0.00	2000
232	10.91	2122	2102	0.00	197	0	0	0	nan	0.00	0.03	5.35	83.91	89.09	0.00	39	0	42	0.00	0.00	65.29	7.64	0.00	0.00	2000
230	11.43	2023	2091	0.00	199	0	0	0	nan	0.00	0.00	5.93	82.40	88.57	0.00	39	0	42	0.00	0.00	64.21	7.67	0.00	0.00	2000
217	10.73	2048	2075	0.00	199	0	0	0	nan	0.00	0.00	5.98	82.30	89.27	0.00	38	0	43	0.00	0.00	63.15	7.59	0.00	0.00	2000
236	11.26	2067	2135	0.00	262	0	0	0	nan	0.00	0.00	4.85	85.51	88.74	0.00	40	0	42	0.00	0.00	67.76	8.17	0.00	0.00	2000
228	11.00	2087	2090	0.00	204	0	0	0	nan	0.00	0.02	3.60	85.10	89.00	0.00	41	0	43	0.00	0.00	64.17	8.09	0.00	0.00	2000
231	10.83	2123	2110	0.42	202	0	0	23	44.46	0.00	0.00	2.92	86.65	89.17	0.00	41	0	43	0.00	0.00	65.03	8.23	0.00	0.00	2000
228	10.81	2101	2106	1.14	204	0	0	15	53.41	0.00	0.00	3.73	85.73	89.19	0.00	40	0	43	0.00	0.00	66.01	8.13	0.00	0.00	2000
159	9.58	1802	1941	0.00	208	0	0	0	nan	0.00	0.05	4.83	78.69	90.42	0.00	38	0	43	0.00	0.00	55.90	7.03	0.00	0.00	2000
92	7.09	1195	2271	0.00	261	0	0	0	nan	0.00	0.00	5.73	94.83	92.91	0.00	37	0	43	0.00	0.00	68.18	9.03	0.00	0.00	2000
78	7.19	1080	2105	0.00	193	0	0	0	nan	0.00	0.00	3.79	89.33	92.81	0.00	37	0	43	0.00	0.00	57.76	7.56	0.00	0.00	2000
75	6.51	1145	2101	0.00	194	0	0	0	nan	0.00	0.00	2.88	90.60	93.49	0.00	37	0	43	0.00	0.00	58.27	7.65	0.00	0.00	2000
76	6.94	1096	2097	0.00	177	0	0	0	nan	0.00	0.00	4.34	88.58	93.06	0.00	37	0	42	0.00	0.00	56.62	7.35	0.00	0.00	2000
