Avg_MHz	Busy%	Bzy_MHz	TSC_MHz	IPC	IRQ	NMI	SMI	LLCMRPS	LLC%hit	POLL%	C1%	C1E%	C6%	CPU%c1	CPU%c6	CoreTmp	CoreThr	PkgTmp	Pkg%pc2	Pkg%pc6	PkgWatt	RAMWatt	PKG_%	RAM_%	UncMHz
389	19.50	1985	2109	0.00	242	0	0	0	nan	0.00	1.76	45.50	33.78	80.50	0.00	37	0	42	0.00	0.00	63.51	7.52	0.00	0.00	2000
400	18.40	2141	2133	0.00	241	0	0	0	nan	0.00	1.55	23.85	57.76	81.60	0.00	37	0	42	0.00	0.00	68.46	8.01	0.00	0.00	2000
78	6.97	1115	2117	0.00	210	0	0	0	nan	0.00	0.00	6.90	86.90	93.03	0.00	37	0	42	0.00	0.00	59.76	7.69	0.00	0.00	2000
76	6.34	1197	2101	0.00	193	0	0	0	nan	0.00	0.00	3.86	89.77	93.66	0.00	37	0	42	0.00	0.00	59.72	7.71	0.00	0.00	2000
74	6.99	1069	2088	0.00	197	0	0	0	nan	0.00	0.01	4.52	87.91	93.01	0.00	37	0	42	0.00	0.00	57.24	7.33	0.00	0.00	2000
73	6.61	1104	2114	0.00	194	0	0	0	nan	0.00	0.00	2.83	91.16	93.39	0.00	37	0	42	0.00	0.00	58.46	7.44	0.00	0.00	2000
72	6.88	1053	2097	0.00	194	0	0	0	nan	0.01	0.00	3.20	89.82	93.12	0.00	37	0	42	0.00	0.00	57.67	7.23	0.00	0.00	2000
72	6.51	1103	2102	0.00	193	0	0	0	nan	0.00	0.01	2.40	91.15	93.49	0.00	37	0	43	0.00	0.00	58.56	7.65	0.00	0.00	2000
72	6.59	1102	2076	0.00	193	0	0	0	nan	0.00	0.02	2.28	90.01	93.41	0.00	37	0	42	0.00	0.00	58.97	7.61	0.00	0.00	2000
78	7.01	1098	2127	0.00	212	0	0	0	nan	0.00	0.00	3.58	90.67	92.99	0.00	37	0	42	0.00	0.00	58.18	7.34	0.00	0.00	2000
75	6.60	1143	2091	0.00	195	0	0	0	nan	0.00	0.01	3.37	89.61	93.40	0.00	37	0	42	0.00	0.00	58.05	7.54	0.00	0.00	2000
73	6.64	1091	2109	0.00	194	0	0	0	nan	0.00	0.00	3.46	90.32	93.36	0.00	38	0	42	0.00	0.00	58.78	7.58	0.00	0.00	2000
73	6.48	1132	2099	0.00	194	0	0	0	nan	0.00	0.01	2.79	90.73	93.52	0.00	37	0	42	0.00	0.00	58.40	7.59	0.00	0.00	2000
71	6.57	1105	2069	0.00	177	0	0	0	nan	0.00	0.00	3.16	88.90	93.43	0.00	37	0	42	0.00	0.00	57.53	7.33	0.00	0.00	2000
77	6.91	1092	2132	0.00	211	0	0	0	nan	0.00	0.00	5.01	89.47	93.09	0.00	37	0	42	0.00	0.00	59.70	7.69	0.00	0.00	2000
75	6.90	1093	2098	0.00	209	0	0	1	88.36	0.00	0.02	6.78	86.21	93.10	0.00	37	0	42	0.00	0.00	58.72	7.65	0.00	0.00	2000
75	6.71	1116	2102	0.29	194	0	0	2	88.95	0.00	0.00	3.64	89.75	93.29	0.00	37	0	42	0.00	0.00	58.32	7.55	0.00	0.00	2000
72	6.48	1118	2100	0.00	193	0	0	0	nan	0.00	0.00	3.48	90.00	93.52	0.00	37	0	42	0.00	0.00	55.91	7.15	0.00	0.00	2000
188	9.90	1897	2107	0.00	217	0	0	0	nan	0.00	0.02	5.75	84.65	90.10	0.00	38	0	42	0.00	0.00	64.97	7.62	0.00	0.00	2000
231	11.49	2012	2096	0.00	204	0	0	0	nan	0.00	0.00	3.60	84.87	88.51	0.00	39	0	43	0.00	0.00	62.30	7.26	0.00	0.00	2000
229	10.69	2146	2097	0.00	212	0	0	0	nan	0.00	0.02	3.38	85.81	89.31	0.00	40	0	42	0.00	0.00	64.03	7.21	0.00	0.00	2000
227	11.06	2074	2076	0.00	203	0	0	0	nan	0.00	0.02	3.25	84.76	88.94	0.00	40	0	42	0.00	0.00	63.53	7.27	0.00	0.00	2000
239	11.33	2086	2123	0.00	212	0	0	0	nan	0.00	0.00	7.32	82.38	88.67	0.00	38	0	42	0.00	0.00	68.09	8.06	0.00	0.00	2000
223	11.04	2047	2074	0.00	199	0	0	0	nan	0.00	0.00	6.07	81.96	88.96	0.00	38	0	42	0.00	0.00	62.34	7.66	0.00	0.00	2000
219	10.83	2034	2091	0.00	199	0	0	0	nan	0.00	0.00	6.86	82.05	89.17	0.00	37	0	42	0.00	0.00	63.61	7.52	0.00	0.00	2000
234	11.48	2018	2124	0.00	201	0	0	0	nan	0.01	0.02	4.75	84.90	88.52	0.00	38	0	42	0.00	0.00	68.89	8.44	0.00	0.00	2000
231	11.37	2034	2101	0.00	198	0	0	0	nan	0.00	0.00	2.86	85.96	88.63	0.00	38	0	42	0.00	0.00	66.12	7.87	0.00	0.00	2000
229	10.80	2139	2080	0.00	199	0	0	0	nan	0.00	0.01	3.53	84.89	89.20	0.00	39	0	42	0.00	0.00	64.71	7.47	0.00	0.00	2000
234	10.77	2148	2126	0.00	198	0	0	0	nan	0.00	0.05	3.80	86.58	89.23	0.00	39	0	42	0.00	0.00	65.83	7.84	0.00	0.00	2000
229	11.23	2044	2097	0.00	198	0	0	0	nan	0.00	0.02	3.45	85.26	88.77	0.00	39	0	42	0.00	0.00	64.87	7.48	0.00	0.00	2000
229	11.08	2074	2097	0.00	204	0	0	0	nan	0.00	0.00	4.92	83.93	88.92	0.00	39	0	42	0.00	0.00	65.12	7.43	0.00	0.00	2000
230	11.35	2027	2098	0.00	199	0	0	0	nan	0.00	0.00	5.52	83.22	88.65	0.00	40	0	42	0.00	0.00	62.27	7.18	0.00	0.00	2000
230	11.11	2070	2099	0.00	198	0	0	1	86.81	0.00	0.00	5.40	83.56	88.89	0.00	39	0	42	0.00	0.00	67.31	7.93	0.00	0.00	2000
228	11.23	2024	2102	0.66	198	0	0	17	93.93	0.00	0.00	5.65	83.37	88.77	0.00	39	0	42	0.00	0.00	62.69	7.14	0.00	0.00	2000
234	11.51	2032	2102	0.05	199	0	0	0	nan	0.00	0.00	5.61	83.06	88.49	0.00	40	0	42	0.00	0.00	66.37	7.67	0.00	0.00	2000
224	11.39	2028	2040	0.00	204	0	0	0	nan	0.00	0.01	4.60	81.52	88.61	0.00	40	0	42	0.00	0.00	59.77	6.87	0.00	0.00	2000
234	10.88	2085	2165	0.00	214	0	0	0	nan	0.00	0.01	3.57	88.37	89.12	0.00	40	0	42	0.00	0.00	70.65	8.08	0.00	0.00	2000
230	11.53	1992	2100	0.00	199	0	0	0	nan	0.00	0.54	3.44	84.63	88.47	0.00	39	0	43	0.00	0.00	65.01	7.44	0.00	0.00	2000
229	11.06	2076	2097	0.00	197	0	0	0	nan	0.00	1.11	3.76	84.09	88.94	0.00	39	0	42	0.00	0.00	62.99	7.41	0.00	0.00	2000
235	11.24	2082	2110	0.00	199	0	0	0	nan	0.00	0.00	6.32	82.98	88.76	0.00	40	0	43	0.00	0.00	65.55	7.75	0.00	0.00	2000
230	11.03	2093	2089	0.00	203	0	0	0	nan	0.00	0.00	5.86	82.71	88.97	0.00	40	0	42	0.00	0.00	65.98	7.54	0.00	0.00	2000
230	10.97	2095	2099	0.00	192	0	0	0	nan	0.00	0.00	6.63	82.46	89.03	0.00	40	0	42	0.00	0.00	62.54	7.19	0.00	0.00	2000
231	11.42	2045	2075	0.00	188	0	0	0	nan	0.00	0.02	5.83	81.86	88.58	0.00	39	0	43	0.00	0.00	63.51	7.33	0.00	0.00	2000
230	10.95	2073	2127	0.00	214	0	0	0	nan	0.00	0.00	7.39	82.93	89.05	0.00	40	0	43	0.00	0.00	65.22	7.62	0.00	0.00	2000
233	11.39	2043	2100	0.00	199	0	0	0	nan	0.00	0.01	6.79	81.99	88.61	0.00	39	0	42	0.00	0.00	68.01	7.83	0.00	0.00	2000
232	11.29	2055	2096	0.00	205	0	0	0	nan	0.00	0.02	5.33	83.38	88.71	0.00	40	0	42	0.00	0.00	63.22	7.32	0.00	0.00	2000
251	12.24	2094	2058	0.00	198	0	0	0	nan	0.00	0.00	6.08	80.04	87.76	0.00	40	0	42	0.00	0.00	64.12	7.41	0.00	0.00	2000
211	12.05	2080	1771	0.00	248	0	0	0	nan	0.00	0.00	3.52	70.72	87.95	0.00	38	0	42	0.00	0.00	50.11	5.95	0.00	0.00	2000
255	9.88	1981	2733	0.00	316	0	0	0	nan	0.00	0.02	5.96	111.55	90.12	0.00	38	0	42	0.00	0.00	92.19	10.57	0.00	0.00	2000
237	11.47	2063	2103	0.37	197	0	0	2	27.90	0.00	0.00	5.42	83.44	88.53	0.00	38	0	42	0.00	0.00	63.90	7.66	0.00	0.00	2000
236	11.69	2015	2107	0.22	220	0	0	0	nan	0.00	0.01	5.57	83.27	88.31	0.00	38	0	42	0.00	0.00	65.38	7.88	0.00	0.00	2000
231	11.50	2012	2098	0.00	181	0	0	0	nan	0.00	0.04	4.01	84.62	88.50	0.00	38	0	42	0.00	0.00	64.26	7.70	0.00	0.00	2000
233	11.57	2012	2098	0.00	199	0	0	0	nan	0.04	0.00	3.66	84.84	88.43	0.00	37	0	42	0.00	0.00	64.12	7.53	0.00	0.00	2000
233	11.31	2049	2109	0.00	197	0	0	0	nan	0.00	0.50	6.26	82.54	88.69	0.00	37	0	42	0.00	0.00	63.92	7.75	0.00	0.00	2000
233	11.39	2046	2098	0.00	195	0	0	0	nan	0.01	0.00	6.10	82.64	88.61	0.00	38	0	42	0.00	0.00	65.20	7.92	0.00	0.00	2000
235	11.42	2063	2096	0.00	198	0	0	0	nan	0.00	0.00	6.76	81.90	88.58	0.00	38	0	43	0.00	0.00	62.28	7.56	0.00	0.00	2000
233	11.19	2087	2098	0.00	207	0	0	0	nan	0.00	0.00	5.05	83.78	88.81	0.00	38	0	42	0.00	0.00	64.34	7.78	0.00	0.00	2000
232	11.23	2063	2104	0.00	197	0	0	0	nan	0.00	0.02	6.28	82.76	88.77	0.00	38	0	42	0.00	0.00	66.21	8.09	0.00	0.00	2000
233	11.38	2049	2098	0.00	181	0	0	0	nan	0.00	0.01	5.78	82.91	88.62	0.00	38	0	42	0.00	0.00	64.51	7.73	0.00	0.00	2000
233	11.16	2078	2106	0.00	198	0	0	0	nan	0.00	0.00	6.57	82.60	88.84	0.00	38	0	43	0.00	0.00	63.13	7.70	0.00	0.00	2000
234	11.08	2115	2098	0.00	197	0	0	0	nan	0.00	0.01	5.38	83.51	88.92	0.00	38	0	43	0.00	0.00	63.47	7.63	0.00	0.00	2000
235	11.30	2081	2097	0.00	199	0	0	0	nan	0.04	0.00	6.91	81.79	88.70	0.00	38	0	42	0.00	0.00	65.96	8.02	0.00	0.00	2000
234	10.95	2131	2107	0.00	182	0	0	0	nan	0.00	0.02	7.06	82.38	89.05	0.00	38	0	42	0.00	0.00	63.66	7.73	0.00	0.00	2000
230	11.10	2076	2097	0.00	197	0	0	0	nan	0.00	0.00	6.52	82.39	88.90	0.00	38	0	42	0.00	0.00	65.20	7.96	0.00	0.00	2000
233	11.35	2055	2101	0.00	199	0	0	0	nan	0.00	0.00	8.80	80.11	88.65	0.00	38	0	43	0.00	0.00	63.00	7.79	0.00	0.00	2000
232	11.01	2108	2098	0.00	200	0	0	0	nan	0.00	0.60	4.28	84.17	88.99	0.00	38	0	43	0.00	0.00	67.07	8.15	0.00	0.00	2000
232	11.21	2070	2101	0.00	182	0	0	4	68.33	0.00	0.03	3.14	85.81	88.79	0.00	38	0	42	0.00	0.00	62.80	7.67	0.00	0.00	2000
239	11.36	2104	2100	0.61	201	0	0	4	76.82	0.06	0.00	6.36	82.35	88.64	0.00	38	0	42	0.00	0.00	65.68	7.89	0.00	0.00	2000
232	11.18	2077	2098	0.00	197	0	0	0	nan	0.00	0.00	8.66	80.16	88.83	0.00	38	0	43	0.00	0.00	62.40	7.57	0.00	0.00	2000
230	11.12	2071	2096	0.00	198	0	0	0	nan	0.00	0.00	6.51	82.27	88.88	0.00	38	0	42	0.00	0.00	64.72	8.10	0.00	0.00	2000
230	11.08	2095	2081	0.00	199	0	0	0	nan	0.00	0.00	5.24	82.87	88.92	0.00	38	0	43	0.00	0.00	63.61	8.00	0.00	0.00	2000
230	11.06	2054	2127	0.00	198	0	0	0	nan	0.00	0.00	6.83	83.30	88.94	0.00	38	0	42	0.00	0.00	66.24	7.86	0.00	0.00	2000
236	11.36	2082	2097	0.00	201	0	0	0	nan	0.00	0.00	6.92	81.71	88.64	0.00	38	0	42	0.00	0.00	65.52	8.03	0.00	0.00	2000
230	10.42	2215	2096	0.00	184	0	0	0	nan	0.00	2.40	5.85	81.30	89.58	0.00	38	0	42	0.00	0.00	63.94	7.75	0.00	0.00	2000
231	11.35	2035	2102	0.00	198	0	0	0	nan	0.00	0.00	6.42	82.45	88.65	0.00	38	0	42	0.00	0.00	65.11	7.89	0.00	0.00	2000
228	11.39	2029	2073	0.00	194	0	0	0	nan	0.00	0.00	6.74	80.92	88.61	0.00	38	0	42	0.00	0.00	61.76	7.98	0.00	0.00	2000
231	11.16	2044	2131	0.00	199	0	0	0	nan	0.00	0.00	6.03	84.17	88.84	0.00	38	0	42	0.00	0.00	67.84	8.88	0.00	0.00	2000
230	11.13	2067	2098	0.00	196	0	0	0	nan	0.00	0.00	5.82	83.08	88.87	0.00	38	0	42	0.00	0.00	63.20	8.03	0.00	0.00	2000
234	11.29	2071	2103	0.00	199	0	0	0	nan	0.00	0.00	7.35	81.60	88.71	0.00	38	0	43	0.00	0.00	65.88	8.39	0.00	0.00	2000
230	11.13	2062	2100	0.00	197	0	0	0	nan	0.00	0.00	6.70	82.37	88.87	0.00	38	0	42	0.00	0.00	66.46	8.37	0.00	0.00	2000
232	10.96	2114	2103	0.00	180	0	0	0	nan	0.00	0.11	2.87	86.22	89.04	0.00	38	0	42	0.00	0.00	63.57	8.15	0.00	0.00	2000
230	11.04	2089	2098	0.00	196	0	0	0	nan	0.00	0.03	3.79	85.16	88.96	0.00	39	0	43	0.00	0.00	63.94	8.12	0.00	0.00	2000
231	11.17	2071	2097	0.00	199	0	0	0	nan	0.00	0.00	5.65	83.16	88.83	0.00	38	0	42	0.00	0.00	66.33	8.54	0.00	0.00	2000
229	10.98	2087	2100	0.00	182	0	0	0	83.34	0.00	0.00	5.79	83.32	89.02	0.00	38	0	43	0.00	0.00	63.00	7.97	0.00	0.00	2000
235	11.56	2034	2102	0.80	197	0	0	19	26.90	0.00	0.00	8.37	80.34	88.44	0.00	38	0	42	0.00	0.00	65.50	8.31	0.00	0.00	2000
231	11.24	2051	2102	0.17	202	0	0	0	nan	0.00	0.00	8.15	80.78	88.76	0.00	38	0	42	0.00	0.00	63.55	8.33	0.00	0.00	2000
232	11.24	2065	2097	0.00	198	0	0	0	nan	0.00	0.00	6.18	82.56	88.76	0.00	38	0	42	0.00	0.00	65.18	8.38	0.00	0.00	2000
230	11.08	2074	2097	0.00	197	0	0	0	nan	0.00	0.01	5.57	83.35	88.92	0.00	38	0	42	0.00	0.00	65.64	8.23	0.00	0.00	2000
230	11.14	2060	2103	0.00	196	0	0	0	nan	0.00	0.00	6.42	82.69	88.86	0.00	38	0	42	0.00	0.00	62.55	8.01	0.00	0.00	2000
237	11.56	2057	2094	0.00	183	0	0	0	nan	0.00	0.01	5.02	83.28	88.44	0.00	38	0	42	0.00	0.00	65.77	8.34	0.00	0.00	2000
235	11.15	2096	2108	0.00	200	0	0	0	nan	0.00	0.00	6.76	82.49	88.85	0.00	38	0	42	0.00	0.00	63.96	8.03	0.00	0.00	2000
227	11.24	2100	2022	0.00	195	0	0	0	nan	0.04	0.02	7.05	78.42	88.76	0.00	38	0	42	0.00	0.00	63.10	7.89	0.00	0.00	2000
237	11.11	2094	2144	0.00	198	0	0	0	nan	0.01	0.00	6.02	84.76	88.89	0.00	40	0	42	0.00	0.00	69.51	9.10	0.00	0.00	2000
228	11.12	2037	2115	0.00	200	0	0	0	nan	0.00	0.00	6.09	83.58	88.88	0.00	40	0	43	0.00	0.00	63.78	8.41	0.00	0.00	2000
230	11.36	2031	2095	0.00	195	0	0	0	nan	0.00	0.04	6.25	82.26	88.64	0.00	40	0	43	0.00	0.00	69.21	8.76	0.00	0.00	2000
229	11.32	2064	2062	0.00	201	0	0	0	nan	0.03	2.17	3.46	81.65	88.68	0.00	39	0	42	0.00	0.00	63.62	8.68	0.00	0.00	2000
231	10.89	2089	2128	0.00	196	0	0	0	nan	0.00	0.00	6.25	84.14	89.11	0.00	40	0	42	0.00	0.00	69.12	9.18	0.00	0.00	2000
228	11.00	2066	2111	0.00	196	0	0	0	nan	0.00	0.00	6.53	82.98	89.00	0.00	40	0	43	0.00	0.00	64.12	8.52	0.00	0.00	2000
229	11.38	2023	2091	0.00	197	0	0	0	nan	0.00	0.04	6.11	82.20	88.62	0.00	39	0	43	0.00	0.00	66.19	8.80	0.00	0.00	2000
228	11.20	2034	2098	0.00	198	0	0	0	nan	0.00	0.03	6.29	82.56	88.80	0.00	40	0	42	0.00	0.00	66.52	8.82	0.00	0.00	2000
232	11.33	2044	2108	0.00	198	0	0	0	nan	0.00	0.05	7.51	81.58	88.67	0.00	40	0	42	0.00	0.00	66.49	8.97	0.00	0.00	2000
228	11.16	2076	2070	0.93	196	0	0	36	5.90	0.00	0.00	7.67	80.02	88.84	0.00	40	0	42	0.00	0.00	66.30	8.81	0.00	0.00	2000
231	10.96	2097	2115	0.87	197	0	0	0	nan	0.00	0.01	5.29	84.48	89.04	0.00	40	0	42	0.00	0.00	66.20	8.89	0.00	0.00	2000
228	10.91	2099	2089	0.00	196	0	0	0	nan	0.00	0.02	5.09	83.51	89.09	0.00	40	0	42	0.00	0.00	66.33	8.96	0.00	0.00	2000
230	10.78	2090	2142	0.00	196	0	0	0	nan	0.00	0.00	6.58	84.42	89.22	0.00	40	0	42	0.00	0.00	66.32	8.88	0.00	0.00	2000
230	11.39	2061	2056	0.00	198	0	0	0	nan	0.00	0.00	5.53	81.29	88.61	0.00	40	0	42	0.00	0.00	66.28	8.95	0.00	0.00	2000
232	11.17	2043	2131	0.00	202	0	0	0	nan	0.00	0.00	8.62	81.63	88.83	0.00	40	0	43	0.00	0.00	66.28	8.99	0.00	0.00	2000
228	11.22	2043	2089	0.00	196	0	0	0	nan	0.00	0.00	7.50	80.86	88.78	0.00	40	0	42	0.00	0.00	67.05	8.81	0.00	0.00	2000
230	11.24	2032	2119	0.00	196	0	0	0	nan	0.00	0.04	6.93	82.74	88.76	0.00	39	0	42	0.00	0.00	65.77	8.73	0.00	0.00	2000
227	10.88	2130	2060	0.00	196	0	0	0	nan	0.00	0.05	3.54	83.84	89.12	0.00	40	0	42	0.00	0.00	66.21	8.79	0.00	0.00	2000
233	11.00	2099	2120	0.00	197	0	0	0	nan	0.01	0.04	4.00	85.89	89.00	0.00	40	0	42	0.00	0.00	66.96	8.89	0.00	0.00	2000
229	11.14	2047	2107	0.00	204	0	0	0	nan	0.00	0.00	5.88	83.39	88.86	0.00	40	0	42	0.00	0.00	66.02	8.81	0.00	0.00	2000
230	10.94	2087	2115	0.00	195	0	0	0	nan	0.00	0.53	8.87	80.36	89.06	0.00	40	0	42	0.00	0.00	66.49	8.82	0.00	0.00	2000
228	11.36	2051	2058	0.00	198	0	0	0	nan	0.00	0.00	6.72	80.25	88.64	0.00	40	0	42	0.00	0.00	66.35	8.87	0.00	0.00	2000
231	11.02	2043	2151	0.00	198	0	0	0	nan	0.00	0.00	5.77	85.53	88.98	0.00	40	0	42	0.00	0.00	66.22	9.02	0.00	0.00	2000
230	11.26	2054	2087	0.00	197	0	0	0	nan	0.00	0.01	5.45	82.90	88.74	0.00	40	0	42	0.00	0.00	66.20	8.89	0.00	0.00	2000
230	11.25	2034	2106	0.00	203	0	0	0	nan	0.00	0.04	6.75	82.36	88.75	0.00	40	0	42	0.00	0.00	66.66	8.95	0.00	0.00	2000
229	11.50	2039	2054	0.00	196	0	0	0	nan	0.04	0.00	7.93	78.79	88.50	0.00	40	0	42	0.00	0.00	65.96	8.81	0.00	0.00	2000
233	10.88	2112	2124	0.49	198	0	0	32	6.78	0.00	0.02	6.09	84.03	89.12	0.00	40	0	42	0.00	0.00	66.11	8.92	0.00	0.00	2000
230	11.19	2059	2093	1.29	197	0	0	5	25.51	0.00	0.00	5.61	83.04	88.81	0.00	40	0	43	0.00	0.00	66.86	8.92	0.00	0.00	2000
230	10.88	2097	2117	0.00	195	0	0	0	nan	0.00	0.02	7.05	82.78	89.12	0.00	41	0	42	0.00	0.00	66.48	8.93	0.00	0.00	2000
230	11.32	2065	2069	0.00	201	0	0	0	nan	0.00	0.00	6.48	81.10	88.68	0.00	40	0	42	0.00	0.00	66.34	8.91	0.00	0.00	2000
231	10.94	2063	2148	0.00	198	0	0	0	nan	0.00	0.00	6.72	84.51	89.06	0.00	40	0	42	0.00	0.00	66.46	8.87	0.00	0.00	2000
228	11.08	2105	2052	0.00	195	0	0	0	nan	0.00	2.17	3.08	81.72	88.92	0.00	40	0	42	0.00	0.00	66.89	8.71	0.00	0.00	2000
225	11.39	2067	2006	0.00	198	0	0	0	nan	0.00	0.04	3.16	81.59	88.61	0.00	40	0	42	0.00	0.00	61.30	8.14	0.00	0.00	2000
235	10.96	2034	2211	0.00	214	0	0	0	nan	0.00	0.00	5.93	88.06	89.04	0.00	40	0	43	0.00	0.00	71.96	9.59	0.00	0.00	2000
235	10.30	2237	2138	0.00	206	0	0	0	nan	0.00	2.03	8.08	81.33	89.70	0.00	40	0	42	0.00	0.00	68.29	8.76	0.00	0.00	2000
227	11.43	2020	2068	0.00	200	0	0	0	nan	0.00	0.04	6.65	80.61	88.57	0.00	40	0	42	0.00	0.00	66.42	8.89	0.00	0.00	2000
228	11.15	2055	2094	0.00	198	0	0	0	nan	0.00	0.04	6.36	82.36	88.85	0.00	40	0	42	0.00	0.00	66.30	8.77	0.00	0.00	2000
229	10.86	2115	2091	0.00	196	0	0	0	nan	0.00	0.00	6.31	82.53	89.14	0.00	40	0	42	0.00	0.00	63.69	8.31	0.00	0.00	2000
233	11.07	2055	2148	0.00	197	0	0	0	nan	0.00	0.02	6.69	84.37	88.93	0.00	40	0	42	0.00	0.00	69.71	9.22	0.00	0.00	2000
243	12.27	2009	2067	0.00	206	0	0	0	nan	0.00	0.76	5.47	80.23	87.73	0.00	41	0	42	0.00	0.00	66.57	8.87	0.00	0.00	2000
230	11.22	2018	2133	0.00	198	0	0	0	nan	0.00	0.03	7.72	82.63	88.78	0.00	40	0	42	0.00	0.00	66.66	8.82	0.00	0.00	2000
228	11.33	2046	2063	0.00	194	0	0	0	nan	0.00	0.01	6.58	80.64	88.67	0.00	40	0	42	0.00	0.00	62.83	8.38	0.00	0.00	2000
233	11.12	2055	2141	0.00	202	0	0	0	nan	0.00	0.00	6.98	83.71	88.88	0.00	39	0	42	0.00	0.00	69.63	9.00	0.00	0.00	2000
229	11.52	2054	2036	0.05	201	0	0	8	30.83	0.00	0.00	6.49	79.46	88.48	0.00	38	0	42	0.00	0.00	60.83	7.22	0.00	0.00	2000
229	11.68	2038	2021	0.36	200	0	0	4	49.41	0.00	0.00	6.40	78.78	88.32	0.00	38	0	42	0.00	0.00	61.03	7.53	0.00	0.00	2000
218	10.18	2021	2229	0.00	215	0	0	0	nan	0.00	0.06	4.28	91.06	89.82	0.00	38	0	42	0.00	0.00	67.56	8.06	0.00	0.00	2000
230	11.07	2076	2106	0.00	200	0	0	0	nan	0.00	0.00	3.90	85.44	88.93	0.00	40	0	43	0.00	0.00	66.56	7.67	0.00	0.00	2000
231	10.91	2098	2118	0.00	199	0	0	0	nan	0.00	0.00	4.81	85.13	89.09	0.00	40	0	42	0.00	0.00	65.77	7.49	0.00	0.00	2000
228	11.06	2073	2089	0.00	196	0	0	0	nan	0.00	0.02	5.02	83.51	88.94	0.00	40	0	43	0.00	0.00	63.21	7.20	0.00	0.00	2000
231	11.41	2015	2114	0.00	195	0	0	0	nan	0.00	0.00	3.01	86.33	88.59	0.00	40	0	42	0.00	0.00	64.16	7.28	0.00	0.00	2000
231	10.92	2110	2105	0.00	194	0	0	0	nan	0.01	0.00	3.36	86.03	89.08	0.00	40	0	42	0.00	0.00	66.86	7.68	0.00	0.00	2000
225	11.20	2019	2089	0.00	195	0	0	0	nan	0.00	0.00	3.68	84.80	88.80	0.00	40	0	42	0.00	0.00	61.51	7.13	0.00	0.00	2000
224	11.36	1987	2085	0.00	195	0	0	0	nan	0.00	0.00	4.11	84.11	88.64	0.00	40	0	42	0.00	0.00	63.22	7.36	0.00	0.00	2000
227	11.07	2054	2095	0.00	194	0	0	0	nan	0.01	0.00	2.80	86.09	88.93	0.00	40	0	42	0.00	0.00	62.81	7.22	0.00	0.00	2000
235	11.19	2065	2133	0.00	196	0	0	0	nan	0.00	0.00	3.56	86.69	88.81	0.00	40	0	42	0.00	0.00	68.93	8.04	0.00	0.00	2000
223	10.78	2088	2077	0.00	198	0	0	0	nan	0.00	0.00	3.91	84.46	89.22	0.00	40	0	42	0.00	0.00	59.43	7.39	0.00	0.00	2000
232	10.96	2100	2121	0.00	194	0	0	0	nan	0.00	0.02	3.24	86.76	89.04	0.00	40	0	43	0.00	0.00	69.89	7.53	0.00	0.00	2000
225	10.89	2083	2084	0.00	195	0	0	0	nan	0.00	0.02	3.64	84.85	89.11	0.00	40	0	42	0.00	0.00	64.33	7.42	0.00	0.00	2000
230	11.10	2066	2105	0.00	195	0	0	0	nan	0.00	0.02	4.53	84.66	88.90	0.00	40	0	42	0.00	0.00	64.48	7.38	0.00	0.00	2000
232	11.30	2046	2106	0.00	195	0	0	0	nan	0.00	0.02	3.37	85.70	88.70	0.00	39	0	42	0.00	0.00	62.17	7.24	0.00	0.00	2000
225	11.02	2065	2081	0.00	194	0	0	7	34.63	0.00	0.00	3.13	85.19	88.98	0.00	38	0	43	0.00	0.00	66.68	8.03	0.00	0.00	2000
233	11.17	2068	2123	0.44	194	0	0	5	43.98	0.00	0.02	2.44	87.44	88.83	0.00	39	0	42	0.00	0.00	66.85	8.03	0.00	0.00	2000
227	11.08	2071	2079	0.00	194	0	0	0	nan	0.00	0.03	2.82	85.32	88.92	0.00	39	0	42	0.00	0.00	64.08	7.67	0.00	0.00	2000
229	10.82	2127	2094	0.00	194	0	0	0	nan	0.00	0.01	2.66	86.29	89.18	0.00	39	0	42	0.00	0.00	66.83	7.96	0.00	0.00	2000
159	9.26	1705	2117	0.00	198	0	0	0	nan	0.00	0.03	3.62	87.87	90.74	0.00	37	0	42	0.00	0.00	63.02	7.74	0.00	0.00	2000
75	6.53	1166	2081	0.00	195	0	0	0	nan	0.00	0.00	3.02	89.58	93.47	0.00	37	0	42	0.00	0.00	56.09	7.16	0.00	0.00	2000
205	10.77	1940	2057	0.00	197	0	0	0	nan	0.00	0.00	3.39	84.20	89.23	0.00	37	0	42	0.00	0.00	61.65	7.52	0.00	0.00	2000
230	10.75	2076	2162	0.00	194	0	0	0	nan	0.00	0.01	2.88	89.07	89.25	0.00	38	0	42	0.00	0.00	68.66	7.88	0.00	0.00	2000
228	11.13	2057	2095	0.00	203	0	0	0	nan	0.00	0.00	5.05	83.64	88.87	0.00	39	0	42	0.00	0.00	64.35	7.45	0.00	0.00	2000
117	8.10	1441	2112	0.00	201	0	0	0	nan	0.00	0.00	5.54	86.87	91.90	0.00	37	0	42	0.00	0.00	60.21	7.29	0.00	0.00	2000
77	6.96	1111	2089	0.00	195	0	0	0	nan	0.00	0.00	3.53	89.17	93.04	0.00	37	0	42	0.00	0.00	58.42	7.50	0.00	0.00	2000
217	10.90	1984	2103	0.00	204	0	0	0	nan	0.00	0.03	6.71	82.67	89.10	0.00	38	0	42	0.00	0.00	63.96	7.52	0.00	0.00	2000
226	12.12	1991	1969	0.00	217	0	0	0	nan	0.00	0.00	5.49	77.07	87.88	0.00	38	0	43	0.00	0.00	59.52	6.82	0.00	0.00	2000
231	10.82	2021	2219	0.00	211	0	0	0	nan	0.00	0.02	2.52	91.78	89.18	0.00	38	0	42	0.00	0.00	69.95	7.94	0.00	0.00	2000
233	11.31	2022	2137	0.00	195	0	0	0	nan	0.00	0.03	4.12	86.28	88.69	0.00	38	0	42	0.00	0.00	66.50	7.59	0.00	0.00	2000
229	11.25	2066	2066	0.00	197	0	0	0	nan	0.00	0.02	4.97	82.45	88.75	0.00	39	0	42	0.00	0.00	62.92	7.23	0.00	0.00	2000
230	11.20	2112	2044	0.00	197	0	0	0	nan	0.00	0.00	3.42	83.10	88.80	0.00	38	0	42	0.00	0.00	61.97	7.10	0.00	0.00	2000
224	10.58	2073	2141	0.00	212	0	0	6	41.64	0.00	0.05	5.08	86.10	89.42	0.00	38	0	42	0.00	0.00	64.75	7.56	0.00	0.00	2000
222	11.07	2034	2070	0.69	212	0	0	5	55.76	0.00	0.02	2.88	84.86	88.93	0.00	39	0	42	0.00	0.00	64.07	7.70	0.00	0.00	2000
221	10.52	2092	2108	0.00	213	0	0	0	nan	0.00	0.00	2.76	87.13	89.48	0.00	39	0	43	0.00	0.00	64.34	7.59	0.00	0.00	2000
222	10.53	2084	2120	0.00	211	0	0	0	nan	0.00	0.01	3.13	87.22	89.47	0.00	39	0	42	0.00	0.00	65.05	7.76	0.00	0.00	2000
219	10.76	2041	2093	0.00	213	0	0	0	nan	0.00	0.00	2.89	86.18	89.24	0.00	40	0	42	0.00	0.00	63.92	7.53	0.00	0.00	2000
222	11.11	1986	2116	0.00	211	0	0	0	nan	0.00	0.00	3.19	86.49	88.89	0.00	40	0	42	0.00	0.00	64.62	7.58	0.00	0.00	2000
299	13.28	2243	2111	0.00	206	0	0	0	nan	0.00	1.99	7.93	77.46	86.72	0.00	39	0	42	0.00	0.00	70.21	7.83	0.00	0.00	2000
131	8.77	1489	2113	0.00	243	0	0	0	nan	0.00	0.00	7.54	84.13	91.23	0.00	37	0	42	0.00	0.00	60.86	7.71	0.00	0.00	2000
76	6.91	1094	2115	0.00	194	0	0	0	nan	0.00	0.00	4.10	89.78	93.09	0.00	37	0	42	0.00	0.00	57.92	7.40	0.00	0.00	2000
74	6.89	1071	2097	0.00	193	0	0	0	nan	0.00	0.02	3.26	89.73	93.11	0.00	37	0	42	0.00	0.00	57.38	7.43	0.00	0.00	2000
72	6.85	1054	2086	0.00	194	0	0	0	nan	0.00	0.00	3.20	89.36	93.15	0.00	37	0	43	0.00	0.00	58.30	7.56	0.00	0.00	2000
87	7.09	1218	2111	0.00	129	0	0	0	nan	0.00	0.02	4.86	88.66	92.91	0.00	37	0	42	0.00	0.00	58.39	7.35	0.00	0.00	2000
