Avg_MHz	Busy%	Bzy_MHz	TSC_MHz	IPC	IRQ	NMI	SMI	LLCMRPS	LLC%hit	POLL%	C1%	C1E%	C6%	CPU%c1	CPU%c6	CoreTmp	CoreThr	PkgTmp	Pkg%pc2	Pkg%pc6	PkgWatt	RAMWatt	PKG_%	RAM_%	UncMHz
125	7.44	1615	2183	0.00	255	0	0	0	nan	0.00	1.51	28.36	66.32	92.56	0.00	37	0	42	0.00	0.00	61.83	7.67	0.00	0.00	2000
431	21.18	2261	1891	0.00	220	0	0	0	nan	0.01	1.20	15.41	54.57	78.82	0.00	39	0	42	0.00	0.00	61.18	6.93	0.00	0.00	2000
273	13.18	1858	2341	0.00	275	0	0	0	nan	0.00	0.22	26.20	70.40	86.82	0.00	37	0	42	0.00	0.00	71.05	8.80	0.00	0.00	2000
77	6.59	1151	2119	0.00	194	0	0	0	nan	0.00	0.00	2.39	91.72	93.41	0.00	37	0	42	0.00	0.00	57.63	7.48	0.00	0.00	2000
75	6.64	1113	2126	0.00	210	0	0	0	nan	0.00	0.00	2.52	91.98	93.36	0.00	37	0	42	0.00	0.00	57.64	7.30	0.00	0.00	2000
73	6.46	1127	2100	0.00	193	0	0	0	nan	0.00	0.00	3.04	90.38	93.54	0.00	37	0	43	0.00	0.00	59.91	7.70	0.00	0.00	2000
74	6.19	1196	2099	0.00	194	0	0	0	nan	0.00	0.00	3.43	90.22	93.81	0.00	37	0	42	0.00	0.00	56.57	7.19	0.00	0.00	2000
72	6.02	1207	2094	0.00	177	0	0	0	nan	0.00	0.01	3.08	90.57	93.98	0.00	37	0	42	0.00	0.00	59.44	7.57	0.00	0.00	2000
77	6.76	1139	2104	0.00	213	0	0	0	nan	0.00	0.00	3.21	90.22	93.24	0.00	37	0	42	0.00	0.00	57.67	7.52	0.00	0.00	2000
72	6.36	1143	2069	0.00	180	0	0	0	nan	0.00	0.00	3.31	88.87	93.64	0.00	37	0	42	0.00	0.00	57.22	7.29	0.00	0.00	2000
73	6.77	1068	2118	0.00	210	0	0	0	nan	0.00	0.03	3.82	90.25	93.23	0.00	37	0	43	0.00	0.00	57.49	7.33	0.00	0.00	2000
72	6.87	1047	2113	0.00	194	0	0	0	nan	0.00	0.01	3.41	90.32	93.13	0.00	37	0	42	0.00	0.00	61.09	7.95	0.00	0.00	2000
73	6.96	1062	2068	0.00	193	0	0	0	nan	0.00	0.02	3.40	88.34	93.04	0.00	37	0	42	0.00	0.00	57.81	7.35	0.00	0.00	2000
73	6.56	1096	2142	0.00	194	0	0	0	nan	0.00	0.01	2.05	93.24	93.44	0.00	37	0	42	0.00	0.00	59.53	7.74	0.00	0.00	2000
73	6.80	1073	2097	0.00	194	0	0	0	nan	0.00	0.00	3.59	89.53	93.20	0.00	37	0	42	0.00	0.00	58.07	7.51	0.00	0.00	2000
70	6.35	1121	2067	0.01	194	0	0	1	87.02	0.00	0.00	2.68	89.49	93.65	0.00	37	0	42	0.00	0.00	56.98	7.29	0.00	0.00	2000
74	6.96	1064	2110	0.12	196	0	0	2	82.94	0.00	0.02	2.61	90.85	93.04	0.00	37	0	43	0.00	0.00	54.82	7.38	0.00	0.00	2000
71	6.59	1082	2088	0.00	194	0	0	0	nan	0.01	0.00	2.10	90.78	93.41	0.00	37	0	42	0.00	0.00	59.10	7.18	0.00	0.00	2000
132	8.12	1611	2117	0.00	234	0	0	0	nan	0.00	0.00	5.91	86.72	91.88	0.00	38	0	42	0.00	0.00	62.07	7.67	0.00	0.00	2000
229	10.65	2147	2098	0.00	203	0	0	0	nan	0.00	0.00	3.55	85.77	89.35	0.00	39	0	42	0.00	0.00	65.65	7.68	0.00	0.00	2000
235	11.18	2087	2119	0.00	207	0	0	0	nan	0.00	0.03	3.26	86.42	88.82	0.00	40	0	42	0.00	0.00	66.08	7.56	0.00	0.00	2000
229	10.67	2149	2101	0.00	202	0	0	0	nan	0.00	0.01	3.15	86.20	89.33	0.00	40	0	42	0.00	0.00	61.08	7.50	0.00	0.00	2000
230	11.01	2105	2083	0.00	212	0	0	0	nan	0.00	0.02	3.67	84.69	88.99	0.00	40	0	42	0.00	0.00	64.79	7.47	0.00	0.00	2000
230	11.14	2057	2106	0.00	205	0	0	0	nan	0.00	0.00	4.28	84.98	88.86	0.00	40	0	42	0.00	0.00	65.33	7.85	0.00	0.00	2000
231	10.97	2104	2103	0.00	203	0	0	0	nan	0.00	0.01	3.24	85.98	89.03	0.00	40	0	43	0.00	0.00	65.20	7.83	0.00	0.00	2000
236	11.30	2089	2099	0.00	196	0	0	0	nan	0.00	0.00	7.76	81.01	88.70	0.00	38	0	42	0.00	0.00	65.79	7.83	0.00	0.00	2000
222	11.17	2057	2027	0.00	196	0	0	0	nan	0.00	0.02	6.48	79.35	88.83	0.00	38	0	42	0.00	0.00	62.78	7.91	0.00	0.00	2000
230	10.51	2107	2181	0.00	204	0	0	0	nan	0.00	0.03	6.63	86.30	89.49	0.00	39	0	42	0.00	0.00	66.56	7.88	0.00	0.00	2000
222	10.69	2085	2095	0.00	199	0	0	0	nan	0.00	0.00	6.12	83.03	89.31	0.00	39	0	42	0.00	0.00	65.24	7.64	0.00	0.00	2000
225	10.67	2101	2107	0.00	183	0	0	0	nan	0.00	0.02	6.96	82.76	89.33	0.00	39	0	43	0.00	0.00	66.51	7.68	0.00	0.00	2000
222	10.80	2077	2076	0.00	199	0	0	0	nan	0.00	0.00	5.89	82.29	89.20	0.00	39	0	42	0.00	0.00	63.29	7.30	0.00	0.00	2000
221	10.91	2061	2065	0.00	200	0	0	0	nan	0.00	0.00	5.55	82.15	89.09	0.00	40	0	42	0.00	0.00	61.57	7.05	0.00	0.00	2000
225	10.61	2095	2121	0.00	197	0	0	6	93.41	0.00	0.01	5.04	85.34	89.39	0.00	40	0	43	0.00	0.00	64.23	7.43	0.00	0.00	2000
222	10.77	2069	2094	0.66	201	0	0	18	91.36	0.00	0.01	7.29	81.81	89.23	0.00	39	0	42	0.00	0.00	64.41	7.49	0.00	0.00	2000
223	10.65	2059	2134	0.00	198	0	0	0	nan	0.00	0.00	6.47	84.37	89.35	0.00	40	0	42	0.00	0.00	66.95	7.84	0.00	0.00	2000
224	10.78	2079	2102	0.00	199	0	0	0	nan	0.00	0.02	6.85	82.52	89.22	0.00	40	0	42	0.00	0.00	63.25	7.35	0.00	0.00	2000
220	10.87	2058	2070	0.00	198	0	0	0	nan	0.00	0.01	7.13	80.78	89.13	0.00	40	0	42	0.00	0.00	60.60	7.08	0.00	0.00	2000
222	10.93	2019	2111	0.00	199	0	0	0	nan	0.00	0.04	6.58	83.12	89.07	0.00	40	0	42	0.00	0.00	67.01	7.72	0.00	0.00	2000
224	10.50	2112	2122	0.00	214	0	0	0	nan	0.00	1.03	2.89	86.61	89.50	0.00	40	0	42	0.00	0.00	63.50	7.41	0.00	0.00	2000
221	10.84	2092	2051	0.00	199	0	0	0	nan	0.00	0.97	4.91	81.38	89.16	0.00	40	0	43	0.00	0.00	63.93	7.49	0.00	0.00	2000
222	10.54	2108	2100	0.00	218	0	0	0	nan	0.00	0.00	5.78	83.65	89.46	0.00	39	0	42	0.00	0.00	64.92	7.62	0.00	0.00	2000
229	11.16	2071	2082	0.00	195	0	0	0	nan	0.00	0.02	5.74	82.39	88.84	0.00	38	0	42	0.00	0.00	64.64	7.62	0.00	0.00	2000
238	11.17	2062	2167	0.00	217	0	0	0	nan	0.00	0.00	7.17	84.58	88.83	0.00	37	0	42	0.00	0.00	68.95	8.00	0.00	0.00	2000
231	11.11	2122	2060	0.00	181	0	0	0	nan	0.00	0.00	7.65	79.50	88.89	0.00	37	0	42	0.00	0.00	61.22	7.16	0.00	0.00	2000
234	11.11	2061	2142	0.00	198	0	0	0	nan	0.00	0.00	7.67	83.04	88.89	0.00	37	0	42	0.00	0.00	66.00	7.59	0.00	0.00	2000
233	11.10	2093	2104	0.00	198	0	0	0	nan	0.00	0.02	5.97	83.17	88.90	0.00	37	0	42	0.00	0.00	63.27	7.17	0.00	0.00	2000
246	11.25	2194	2090	0.00	261	0	0	0	nan	0.00	0.33	6.40	81.65	88.75	0.00	37	0	42	0.00	0.00	67.00	7.81	0.00	0.00	2000
231	11.29	2139	2008	0.00	197	0	0	0	nan	0.00	0.00	8.04	76.83	88.71	0.00	37	0	42	0.00	0.00	61.54	7.13	0.00	0.00	2000
236	10.69	2111	2201	0.00	201	0	0	0	nan	0.00	0.01	6.63	87.03	89.31	0.00	37	0	43	0.00	0.00	68.47	8.06	0.00	0.00	2000
231	10.85	2126	2106	0.00	195	0	0	3	65.96	0.00	0.00	7.14	82.26	89.15	0.00	37	0	43	0.00	0.00	63.19	7.40	0.00	0.00	2000
230	11.18	2081	2074	0.63	198	0	0	13	70.12	0.00	0.00	5.83	81.90	88.83	0.00	37	0	42	0.00	0.00	60.94	7.40	0.00	0.00	2000
218	10.82	2006	2108	0.00	197	0	0	0	nan	0.00	0.01	5.82	83.74	89.18	0.00	38	0	43	0.00	0.00	69.21	7.85	0.00	0.00	2000
230	10.95	2097	2103	0.00	217	0	0	0	nan	0.00	0.06	3.17	85.95	89.05	0.00	39	0	42	0.00	0.00	64.09	7.54	0.00	0.00	2000
381	16.93	2344	2018	0.00	311	0	0	0	nan	0.00	0.01	2.30	77.56	83.07	0.00	38	0	42	0.00	0.00	62.76	7.10	0.00	0.00	2000
678	27.08	2500	2102	0.00	226	0	0	0	nan	0.00	0.00	2.41	70.69	72.92	0.00	40	0	42	0.00	0.00	77.82	7.26	0.00	0.00	2000
679	27.18	2500	2099	0.00	226	0	0	0	nan	0.00	0.01	2.36	70.52	72.82	0.00	41	0	42	0.00	0.00	77.62	7.48	0.00	0.00	2000
691	27.60	2500	2104	0.00	246	0	0	0	nan	0.00	0.00	5.50	67.14	72.40	0.00	41	0	42	0.00	0.00	77.73	7.44	0.00	0.00	2000
680	27.23	2500	2096	0.00	227	0	0	0	nan	0.00	0.00	2.95	69.81	72.77	0.00	41	0	43	0.00	0.00	77.68	7.26	0.00	0.00	2000
677	27.06	2500	2100	0.00	226	0	0	0	nan	0.00	0.00	2.78	70.25	72.94	0.00	41	0	43	0.00	0.00	77.75	7.23	0.00	0.00	2000
677	27.08	2500	2100	0.00	227	0	0	0	nan	0.00	0.00	2.42	70.60	72.92	0.00	41	0	43	0.00	0.00	77.68	7.31	0.00	0.00	2000
677	28.18	2500	2019	0.00	231	0	0	0	nan	0.00	0.00	3.51	65.67	71.82	0.00	41	0	43	0.00	0.00	75.65	7.28	0.00	0.00	2000
678	26.77	2500	2126	0.00	243	0	0	0	nan	0.00	0.00	3.04	71.20	73.23	0.00	42	0	42	0.00	0.00	80.28	7.70	0.00	0.00	2000
677	27.09	2500	2100	0.00	228	0	0	0	nan	0.00	0.00	3.14	69.87	72.91	0.00	41	0	42	0.00	0.00	77.61	7.48	0.00	0.00	2000
676	27.08	2500	2097	0.00	226	0	0	0	nan	0.00	0.00	1.95	70.99	72.92	0.00	41	0	43	0.00	0.00	77.48	7.35	0.00	0.00	2000
677	27.36	2500	2079	0.07	226	0	0	25	99.10	0.00	0.00	1.88	70.13	72.64	0.00	41	0	43	0.00	0.00	74.80	7.10	0.00	0.00	2000
678	26.82	2500	2125	1.17	243	0	0	22	99.06	0.00	0.00	1.85	72.31	73.18	0.00	41	0	43	0.00	0.00	80.66	7.71	0.00	0.00	2000
675	27.33	2500	2075	0.00	227	0	0	0	nan	0.00	0.00	1.94	69.97	72.67	0.00	42	0	42	0.00	0.00	74.79	7.18	0.00	0.00	2000
679	26.79	2500	2128	0.00	242	0	0	0	nan	0.00	0.00	1.89	72.39	73.21	0.00	41	0	43	0.00	0.00	80.60	7.69	0.00	0.00	2000
676	27.02	2500	2102	0.00	226	0	0	0	nan	0.00	0.00	2.05	71.13	72.98	0.00	42	0	43	0.00	0.00	77.38	7.48	0.00	0.00	2000
678	27.15	2500	2096	0.00	229	0	0	0	nan	0.00	0.01	3.06	69.78	72.85	0.00	42	0	42	0.00	0.00	77.61	7.55	0.00	0.00	2000
675	27.29	2500	2076	0.00	226	0	0	0	nan	0.00	0.00	2.22	69.77	72.71	0.00	41	0	42	0.00	0.00	74.82	7.39	0.00	0.00	2000
679	26.82	2500	2126	0.00	243	0	0	0	nan	0.00	0.00	2.52	71.67	73.18	0.00	41	0	43	0.00	0.00	80.35	7.85	0.00	0.00	2000
675	27.33	2500	2076	0.00	227	0	0	0	nan	0.00	0.00	2.21	69.74	72.67	0.00	41	0	42	0.00	0.00	74.85	7.36	0.00	0.00	2000
678	26.78	2500	2125	0.00	246	0	0	0	nan	0.00	0.01	3.82	70.38	73.22	0.00	41	0	43	0.00	0.00	78.00	7.64	0.00	0.00	2000
677	27.37	2500	2077	0.00	228	0	0	0	nan	0.00	0.00	3.17	68.76	72.63	0.00	41	0	42	0.00	0.00	77.95	7.51	0.00	0.00	2000
676	26.72	2500	2126	0.00	243	0	0	0	nan	0.00	0.00	2.64	71.65	73.28	0.00	41	0	42	0.00	0.00	77.95	7.42	0.00	0.00	2000
678	27.09	2500	2101	0.00	228	0	0	0	nan	0.00	0.00	2.50	70.56	72.91	0.00	41	0	42	0.00	0.00	77.87	7.68	0.00	0.00	2000
676	27.07	2500	2098	0.00	226	0	0	0	nan	0.01	0.00	1.89	71.08	72.93	0.00	41	0	42	0.00	0.00	77.93	7.70	0.00	0.00	2000
674	27.28	2500	2076	0.00	226	0	0	2	98.05	0.00	0.00	1.85	70.15	72.72	0.00	42	0	43	0.00	0.00	74.63	7.10	0.00	0.00	2000
693	26.86	2500	2166	1.30	242	0	0	49	99.33	0.00	0.00	2.45	73.11	73.14	0.00	41	0	43	0.00	0.00	83.73	7.99	0.00	0.00	2000
258	11.44	2124	2232	0.03	243	0	0	0	nan	0.00	0.00	6.64	87.60	88.56	0.00	42	0	43	0.00	0.00	71.87	8.04	0.00	0.00	2000
223	10.66	2054	2138	0.00	204	0	0	0	nan	0.00	0.81	4.25	86.04	89.34	0.00	40	0	42	0.00	0.00	67.01	7.65	0.00	0.00	2000
217	10.37	2119	2069	0.00	197	0	0	0	nan	0.00	0.02	6.23	82.05	89.63	0.00	38	0	42	0.00	0.00	62.74	7.44	0.00	0.00	2000
164	9.76	1689	2091	0.00	231	0	0	0	nan	0.00	0.02	10.84	79.08	90.24	0.00	38	0	42	0.00	0.00	61.66	7.50	0.00	0.00	2000
185	10.14	1751	2191	0.00	97	0	0	0	nan	0.00	0.08	10.75	82.78	89.86	0.00	38	0	42	0.00	0.00	68.61	8.38	0.00	0.00	2000
