Avg_MHz	Busy%	Bzy_MHz	TSC_MHz	IPC	IRQ	NMI	SMI	LLCMRPS	LLC%hit	POLL%	C1%	C1E%	C6%	CPU%c1	CPU%c6	CoreTmp	CoreThr	PkgTmp	Pkg%pc2	Pkg%pc6	PkgWatt	RAMWatt	PKG_%	RAM_%	UncMHz
447	20.11	2176	2148	0.00	233	0	0	0	nan	0.00	0.78	40.39	40.74	79.89	0.00	37	0	42	0.00	0.00	69.67	8.01	0.00	0.00	2000
368	17.81	2060	2104	0.00	243	0	0	0	nan	0.04	1.96	24.91	55.75	82.19	0.00	37	0	42	0.00	0.00	63.07	7.26	0.00	0.00	2000
78	7.03	1096	2121	0.00	210	0	0	0	nan	0.00	0.02	4.88	89.22	92.97	0.00	37	0	42	0.00	0.00	57.76	7.56	0.00	0.00	2000
73	6.54	1107	2108	0.00	193	0	0	0	nan	0.00	0.00	3.43	90.45	93.46	0.00	37	0	42	0.00	0.00	58.23	7.32	0.00	0.00	2000
74	6.83	1085	2095	0.00	193	0	0	0	nan	0.00	0.02	3.44	89.74	93.17	0.00	37	0	43	0.00	0.00	58.64	7.78	0.00	0.00	2000
72	6.81	1055	2103	0.00	193	0	0	0	nan	0.00	0.00	3.02	90.42	93.19	0.00	37	0	42	0.00	0.00	56.92	7.28	0.00	0.00	2000
72	6.85	1060	2076	0.00	195	0	0	0	nan	0.00	0.04	3.31	88.96	93.15	0.00	37	0	42	0.00	0.00	58.61	7.73	0.00	0.00	2000
72	7.07	1013	2112	0.00	193	0	0	0	nan	0.00	0.00	2.55	91.12	92.93	0.00	37	0	42	0.00	0.00	58.82	7.58	0.00	0.00	2000
73	6.99	1037	2116	0.00	193	0	0	0	nan	0.00	0.00	3.36	90.53	93.01	0.00	37	0	42	0.00	0.00	59.95	7.69	0.00	0.00	2000
71	7.13	1005	2096	0.00	193	0	0	0	nan	0.00	0.01	3.02	89.91	92.87	0.00	37	0	42	0.00	0.00	57.82	7.48	0.00	0.00	2000
73	6.51	1115	2099	0.00	193	0	0	0	nan	0.00	0.00	2.68	90.79	93.49	0.00	37	0	42	0.00	0.00	58.23	7.54	0.00	0.00	2000
70	7.08	1008	2070	0.00	194	0	0	0	nan	0.00	0.00	2.98	88.68	92.92	0.00	37	0	42	0.00	0.00	56.30	7.18	0.00	0.00	2000
73	7.03	1026	2129	0.00	194	0	0	0	nan	0.00	0.02	2.57	91.88	92.97	0.00	37	0	42	0.00	0.00	58.07	7.49	0.00	0.00	2000
73	6.91	1056	2093	0.00	209	0	0	0	nan	0.00	0.01	2.19	90.70	93.09	0.00	37	0	42	0.00	0.00	57.76	7.56	0.00	0.00	2000
73	6.74	1080	2107	0.00	194	0	0	0	nan	0.00	0.00	3.83	89.86	93.26	0.00	37	0	42	0.00	0.00	57.78	7.55	0.00	0.00	2000
73	6.76	1079	2100	0.00	193	0	0	1	86.87	0.00	0.00	3.31	90.03	93.24	0.00	37	0	42	0.00	0.00	58.88	7.47	0.00	0.00	2000
75	6.82	1095	2099	0.30	183	0	0	2	83.56	0.00	0.02	4.53	88.67	93.18	0.00	37	0	42	0.00	0.00	59.61	7.59	0.00	0.00	2000
74	7.17	1054	2057	0.06	196	0	0	0	nan	0.00	0.00	2.47	88.56	92.83	0.00	37	0	42	0.00	0.00	55.62	6.99	0.00	0.00	2000
226	10.99	2027	2136	0.00	243	0	0	0	nan	0.00	0.00	5.66	84.97	89.01	0.00	39	0	42	0.00	0.00	67.03	7.69	0.00	0.00	2000
229	11.21	2039	2105	0.00	203	0	0	0	nan	0.00	0.02	3.02	86.14	88.79	0.00	40	0	42	0.00	0.00	65.17	7.59	0.00	0.00	2000
229	11.07	2080	2092	0.00	203	0	0	0	nan	0.00	0.02	3.18	85.43	88.96	0.00	40	0	42	0.00	0.00	64.47	7.33	0.00	0.00	2000
230	11.04	2067	2113	0.00	219	0	0	0	nan	0.00	0.00	3.40	86.17	88.96	0.00	40	0	42	0.00	0.00	64.52	7.46	0.00	0.00	2000
228	12.43	2099	1834	0.00	179	0	0	0	nan	0.00	0.01	5.99	70.48	87.57	0.00	38	0	42	0.00	0.00	56.16	6.68	0.00	0.00	2000
245	10.45	2040	2415	0.00	235	0	0	0	nan	0.00	0.00	9.46	93.67	89.55	0.00	37	0	42	0.00	0.00	77.07	9.35	0.00	0.00	2000
218	11.03	1999	2077	0.00	205	0	0	0	nan	0.00	0.03	4.85	83.29	88.97	0.00	39	0	42	0.00	0.00	64.17	7.51	0.00	0.00	2000
233	11.17	2063	2127	0.00	203	0	0	0	nan	0.00	0.03	3.55	86.61	88.85	0.00	39	0	42	0.00	0.00	67.18	8.05	0.00	0.00	2000
232	10.95	2113	2104	0.00	203	0	0	0	nan	0.00	0.03	3.64	85.69	89.05	0.00	40	0	42	0.00	0.00	65.59	7.50	0.00	0.00	2000
231	11.06	2087	2099	0.00	205	0	0	0	nan	0.00	0.00	4.41	84.62	88.94	0.00	40	0	42	0.00	0.00	65.83	7.50	0.00	0.00	2000
229	11.11	2062	2101	0.00	211	0	0	0	nan	0.00	0.03	2.70	86.44	88.89	0.00	40	0	42	0.00	0.00	64.42	7.24	0.00	0.00	2000
229	11.12	2058	2100	0.00	204	0	0	0	nan	0.00	0.02	2.97	86.09	88.88	0.00	40	0	42	0.00	0.00	64.87	7.36	0.00	0.00	2000
229	11.05	2082	2094	0.00	220	0	0	0	nan	0.00	0.00	3.46	85.42	88.95	0.00	40	0	42	0.00	0.00	63.77	7.33	0.00	0.00	2000
229	11.18	2055	2096	0.00	189	0	0	0	nan	0.00	0.00	3.42	85.40	88.84	0.00	40	0	42	0.00	0.00	65.40	7.61	0.00	0.00	2000
234	11.42	2034	2111	0.00	203	0	0	5	39.89	0.00	0.01	3.85	85.30	88.58	0.00	40	0	42	0.00	0.00	65.47	7.46	0.00	0.00	2000
230	11.09	2074	2099	0.62	214	0	0	12	46.56	0.00	0.00	4.08	84.92	88.91	0.00	40	0	42	0.00	0.00	62.71	7.19	0.00	0.00	2000
227	11.14	2058	2078	0.00	202	0	0	0	nan	0.00	0.02	3.01	85.03	88.86	0.00	40	0	42	0.00	0.00	66.62	7.42	0.00	0.00	2000
227	10.90	2058	2122	0.00	201	0	0	0	nan	0.00	0.02	7.34	82.54	89.10	0.00	39	0	42	0.00	0.00	66.26	7.82	0.00	0.00	2000
230	11.07	2102	2078	0.00	207	0	0	0	nan	0.00	0.00	4.85	83.23	88.94	0.00	40	0	42	0.00	0.00	63.82	7.40	0.00	0.00	2000
223	10.70	2066	2120	0.00	208	0	0	0	nan	0.00	0.01	5.32	84.97	89.30	0.00	40	0	42	0.00	0.00	65.75	7.96	0.00	0.00	2000
127	9.18	1385	2095	0.00	242	0	0	0	nan	0.00	0.01	9.04	81.75	90.82	0.00	38	0	42	0.00	0.00	59.27	7.50	0.00	0.00	2000
81	6.61	1224	2108	0.00	161	0	0	0	nan	0.00	0.00	4.39	89.23	93.39	0.00	37	0	42	0.00	0.00	57.09	7.22	0.00	0.00	2000
