Avg_MHz	Busy%	Bzy_MHz	TSC_MHz	IPC	IRQ	NMI	SMI	LLCMRPS	LLC%hit	POLL%	C1%	C1E%	C6%	CPU%c1	CPU%c6	CoreTmp	CoreThr	PkgTmp	Pkg%pc2	Pkg%pc6	PkgWatt	RAMWatt	PKG_%	RAM_%	UncMHz
241	13.19	1826	2100	0.00	229	0	0	0	nan	0.00	0.00	20.40	66.42	86.81	0.00	37	0	42	0.00	0.00	60.13	7.55	0.00	0.00	2000
479	22.18	2140	2121	0.00	226	0	0	0	nan	0.02	1.20	20.14	57.63	77.82	0.00	38	0	42	0.00	0.00	66.82	7.66	0.00	0.00	2000
100	8.01	1210	2175	0.00	265	0	0	0	nan	0.00	0.00	10.58	84.80	91.99	0.00	37	0	42	0.00	0.00	66.07	8.25	0.00	0.00	2000
73	6.92	1054	2104	0.00	193	0	0	0	nan	0.00	0.00	3.50	89.83	93.08	0.00	37	0	42	0.00	0.00	58.14	7.63	0.00	0.00	2000
74	6.38	1161	2100	0.00	194	0	0	0	nan	0.00	0.02	2.93	90.73	93.62	0.00	37	0	42	0.00	0.00	58.87	7.47	0.00	0.00	2000
73	6.95	1049	2099	0.00	194	0	0	0	nan	0.02	0.00	3.40	89.80	93.05	0.00	37	0	42	0.00	0.00	55.03	7.48	0.00	0.00	2000
79	7.36	1082	2092	0.00	210	0	0	0	nan	0.00	0.02	6.09	86.40	92.64	0.00	37	0	42	0.00	0.00	60.01	7.21	0.00	0.00	2000
74	6.72	1089	2110	0.00	193	0	0	0	nan	0.00	0.00	2.80	91.01	93.28	0.00	37	0	42	0.00	0.00	58.38	7.70	0.00	0.00	2000
74	6.97	1059	2097	0.00	194	0	0	0	nan	0.00	0.00	3.24	89.81	93.03	0.00	37	0	42	0.00	0.00	57.38	7.40	0.00	0.00	2000
71	6.69	1076	2074	0.00	193	0	0	0	nan	0.00	0.00	2.91	89.34	93.31	0.00	37	0	42	0.00	0.00	55.89	7.16	0.00	0.00	2000
72	6.84	1055	2102	0.00	194	0	0	0	nan	0.00	0.00	3.36	89.91	93.16	0.00	37	0	42	0.00	0.00	59.28	7.69	0.00	0.00	2000
75	6.88	1087	2106	0.00	194	0	0	0	nan	0.00	0.02	2.38	91.14	93.12	0.00	37	0	42	0.00	0.00	57.28	7.37	0.00	0.00	2000
84	7.10	1175	2124	0.00	193	0	0	0	nan	0.00	0.02	2.13	91.79	92.90	0.00	37	0	42	0.00	0.00	58.75	7.52	0.00	0.00	2000
72	6.76	1071	2086	0.00	193	0	0	0	nan	0.00	0.00	3.27	89.50	93.24	0.00	37	0	42	0.00	0.00	58.29	7.57	0.00	0.00	2000
72	6.68	1091	2086	0.00	193	0	0	0	nan	0.00	0.00	2.40	90.47	93.32	0.00	37	0	42	0.00	0.00	57.05	7.41	0.00	0.00	2000
73	6.93	1054	2094	0.00	195	0	0	1	86.27	0.00	0.00	2.45	90.44	93.07	0.00	37	0	42	0.00	0.00	56.62	7.32	0.00	0.00	2000
74	6.46	1137	2119	0.06	194	0	0	2	89.25	0.00	0.02	2.51	91.96	93.54	0.00	37	0	42	0.00	0.00	58.50	7.70	0.00	0.00	2000
71	6.88	1039	2077	0.00	193	0	0	0	nan	0.01	0.00	2.16	90.09	93.12	0.00	37	0	42	0.00	0.00	55.64	7.19	0.00	0.00	2000
138	8.41	1637	2102	0.00	232	0	0	0	nan	0.00	0.44	6.23	84.99	91.59	0.00	38	0	42	0.00	0.00	62.02	7.63	0.00	0.00	2000
234	11.10	2079	2127	0.00	223	0	0	0	nan	0.00	0.02	5.59	84.51	88.90	0.00	39	0	42	0.00	0.00	64.01	7.51	0.00	0.00	2000
231	11.11	2074	2101	0.00	206	0	0	0	nan	0.00	0.01	4.34	84.62	88.89	0.00	40	0	42	0.00	0.00	66.79	7.58	0.00	0.00	2000
231	11.01	2098	2100	0.00	205	0	0	0	nan	0.00	0.00	4.09	84.94	88.99	0.00	40	0	42	0.00	0.00	62.58	7.59	0.00	0.00	2000
241	11.71	2059	2100	0.00	206	0	0	0	nan	0.00	0.00	6.00	82.44	88.29	0.00	39	0	42	0.00	0.00	65.74	7.60	0.00	0.00	2000
232	11.39	2045	2091	0.00	180	0	0	0	nan	0.00	0.02	7.46	80.98	88.61	0.00	37	0	42	0.00	0.00	64.39	7.65	0.00	0.00	2000
220	11.05	2045	2048	0.00	212	0	0	0	nan	0.00	0.01	6.65	80.20	88.95	0.00	37	0	42	0.00	0.00	59.68	7.19	0.00	0.00	2000
238	11.06	2086	2170	0.00	215	0	0	0	nan	0.00	0.03	5.47	86.57	88.94	0.00	37	0	42	0.00	0.00	73.27	8.65	0.00	0.00	2000
234	11.01	2120	2105	0.00	204	0	0	0	nan	0.00	0.01	4.80	84.49	88.99	0.00	37	0	42	0.00	0.00	67.50	7.97	0.00	0.00	2000
225	10.62	2149	2069	0.00	198	0	0	0	nan	0.00	0.00	4.56	83.58	89.38	0.00	38	0	42	0.00	0.00	58.95	6.68	0.00	0.00	2000
229	10.83	2124	2093	0.00	195	0	0	0	nan	0.00	0.02	3.20	85.69	89.17	0.00	38	0	42	0.00	0.00	65.93	7.58	0.00	0.00	2000
230	10.88	2106	2109	0.00	198	0	0	0	nan	0.00	0.06	2.61	86.91	89.12	0.00	38	0	42	0.00	0.00	67.05	7.54	0.00	0.00	2000
238	11.42	2059	2122	0.00	216	0	0	0	nan	0.00	0.00	6.12	83.44	88.58	0.00	38	0	42	0.00	0.00	65.09	7.49	0.00	0.00	2000
229	10.96	2088	2099	0.00	205	0	0	0	nan	0.00	0.00	6.41	82.76	89.04	0.00	38	0	42	0.00	0.00	65.52	7.56	0.00	0.00	2000
230	11.07	2070	2104	0.06	197	0	0	9	97.37	0.00	0.00	5.99	83.17	88.93	0.00	38	0	42	0.00	0.00	62.00	7.11	0.00	0.00	2000
223	10.91	2088	2060	0.61	197	0	0	10	96.43	0.00	0.00	5.09	82.39	89.09	0.00	38	0	42	0.00	0.00	65.50	7.55	0.00	0.00	2000
232	11.12	2058	2127	0.00	215	0	0	0	nan	0.00	0.00	5.16	84.89	88.88	0.00	38	0	42	0.00	0.00	66.47	7.70	0.00	0.00	2000
232	11.04	2086	2114	0.00	203	0	0	0	nan	0.00	0.00	5.97	83.67	88.96	0.00	38	0	42	0.00	0.00	67.62	7.53	0.00	0.00	2000
230	10.84	2122	2099	0.00	196	0	0	0	nan	0.00	0.01	5.72	83.50	89.16	0.00	38	0	42	0.00	0.00	61.88	7.17	0.00	0.00	2000
229	10.85	2105	2104	0.00	199	0	0	0	nan	0.00	0.00	4.50	84.75	89.15	0.00	39	0	42	0.00	0.00	68.15	7.65	0.00	0.00	2000
226	10.86	2115	2062	0.00	199	0	0	0	nan	0.00	0.01	4.08	83.41	89.14	0.00	38	0	42	0.00	0.00	60.45	6.98	0.00	0.00	2000
230	10.99	2077	2113	0.00	200	0	0	0	nan	0.00	0.00	4.67	84.94	89.01	0.00	39	0	42	0.00	0.00	64.78	7.50	0.00	0.00	2000
236	11.07	2101	2126	0.00	220	0	0	0	nan	0.00	0.03	4.05	86.06	88.93	0.00	39	0	42	0.00	0.00	65.46	7.49	0.00	0.00	2000
224	10.61	2157	2059	0.00	200	0	0	0	nan	0.00	0.00	5.92	81.75	89.39	0.00	38	0	42	0.00	0.00	64.57	7.29	0.00	0.00	2000
231	11.14	2064	2112	0.00	196	0	0	0	nan	0.00	0.02	5.53	83.95	88.86	0.00	39	0	42	0.00	0.00	66.08	7.59	0.00	0.00	2000
231	10.96	2081	2125	0.00	214	0	0	0	nan	0.00	0.01	5.11	85.10	89.04	0.00	38	0	42	0.00	0.00	63.30	7.20	0.00	0.00	2000
230	11.22	2051	2095	0.00	199	0	0	0	nan	0.00	0.00	5.18	83.48	88.78	0.00	38	0	42	0.00	0.00	65.24	7.43	0.00	0.00	2000
226	10.94	2072	2095	0.00	202	0	0	0	nan	0.00	0.00	5.28	83.68	89.06	0.00	38	0	42	0.00	0.00	65.78	7.59	0.00	0.00	2000
226	11.12	2051	2077	0.00	198	0	0	0	nan	0.00	0.00	6.34	81.58	88.88	0.00	39	0	42	0.00	0.00	64.23	7.33	0.00	0.00	2000
229	10.99	2076	2112	0.00	199	0	0	0	nan	0.00	0.02	4.69	84.94	89.01	0.00	39	0	42	0.00	0.00	65.55	7.41	0.00	0.00	2000
232	11.13	2066	2124	0.00	216	0	0	0	nan	0.00	0.00	5.42	84.58	88.87	0.00	39	0	42	0.00	0.00	65.09	7.51	0.00	0.00	2000
231	11.04	2089	2099	0.33	199	0	0	9	96.59	0.00	0.01	4.98	84.02	88.96	0.00	39	0	42	0.00	0.00	64.34	7.35	0.00	0.00	2000
227	10.79	2119	2085	0.49	201	0	0	5	96.06	0.00	0.02	4.85	83.76	89.21	0.00	39	0	42	0.00	0.00	65.26	7.33	0.00	0.00	2000
228	10.78	2127	2088	0.00	199	0	0	0	nan	0.00	0.99	4.15	83.61	89.22	0.00	39	0	42	0.00	0.00	63.50	7.21	0.00	0.00	2000
229	10.84	2114	2098	0.00	198	0	0	0	nan	0.00	0.05	3.53	85.60	89.16	0.00	39	0	42	0.00	0.00	63.44	7.27	0.00	0.00	2000
229	11.02	2055	2120	0.00	215	0	0	0	nan	0.00	0.01	3.98	85.94	88.98	0.00	39	0	42	0.00	0.00	67.92	7.66	0.00	0.00	2000
227	11.43	2026	2062	0.00	203	0	0	0	nan	0.00	0.00	4.62	82.45	88.57	0.00	39	0	42	0.00	0.00	60.98	7.01	0.00	0.00	2000
235	11.22	2036	2156	0.00	215	0	0	0	nan	0.00	0.03	5.74	85.51	88.78	0.00	39	0	42	0.00	0.00	67.63	7.79	0.00	0.00	2000
231	11.47	2047	2062	0.00	201	0	0	0	nan	0.00	0.28	6.00	80.87	88.53	0.00	39	0	42	0.00	0.00	65.56	7.34	0.00	0.00	2000
230	11.03	2075	2108	0.00	198	0	0	0	nan	0.00	0.02	4.58	84.86	88.97	0.00	39	0	42	0.00	0.00	63.14	7.48	0.00	0.00	2000
230	11.11	2084	2083	0.00	198	0	0	0	nan	0.01	0.02	4.63	83.64	88.89	0.00	39	0	42	0.00	0.00	64.33	7.50	0.00	0.00	2000
234	11.17	2073	2124	0.00	223	0	0	0	nan	0.00	0.02	5.46	84.50	88.83	0.00	39	0	42	0.00	0.00	66.88	7.72	0.00	0.00	2000
232	10.87	2110	2121	0.00	215	0	0	0	nan	0.00	0.00	5.51	84.63	89.13	0.00	39	0	42	0.00	0.00	65.41	7.43	0.00	0.00	2000
226	11.31	2005	2095	0.00	199	0	0	0	nan	0.01	0.00	3.90	84.66	88.69	0.00	39	0	42	0.00	0.00	64.15	7.43	0.00	0.00	2000
228	11.21	2063	2073	0.00	198	0	0	0	nan	0.00	0.01	4.25	83.55	88.79	0.00	39	0	42	0.00	0.00	64.43	7.53	0.00	0.00	2000
233	11.35	2028	2124	0.00	221	0	0	0	nan	0.00	0.01	7.59	82.12	88.65	0.00	38	0	42	0.00	0.00	68.71	7.93	0.00	0.00	2000
230	11.44	2016	2099	0.00	199	0	0	0	nan	0.00	0.00	6.37	82.30	88.56	0.00	39	0	42	0.00	0.00	64.60	7.48	0.00	0.00	2000
231	11.04	2084	2105	0.00	198	0	0	0	nan	0.00	0.46	6.38	82.42	88.96	0.00	39	0	42	0.00	0.00	65.11	7.60	0.00	0.00	2000
232	11.16	2073	2103	0.66	199	0	0	18	94.32	0.00	0.00	5.63	83.46	88.84	0.00	39	0	42	0.00	0.00	66.22	7.68	0.00	0.00	2000
227	11.05	2097	2055	0.35	184	0	0	0	nan	0.00	0.02	5.58	81.50	88.95	0.00	39	0	42	0.00	0.00	60.87	7.14	0.00	0.00	2000
239	10.99	2135	2141	0.00	218	0	0	0	nan	0.00	0.00	5.79	84.99	89.01	0.00	39	0	42	0.00	0.00	69.62	8.11	0.00	0.00	2000
229	11.14	2060	2097	0.00	198	0	0	0	nan	0.00	0.00	5.68	83.14	88.86	0.00	39	0	42	0.00	0.00	62.57	7.31	0.00	0.00	2000
227	10.67	2143	2083	0.00	196	0	0	0	nan	0.00	0.02	5.59	83.03	89.33	0.00	39	0	42	0.00	0.00	64.83	7.63	0.00	0.00	2000
234	11.08	2082	2127	0.00	198	0	0	0	nan	0.00	0.00	4.36	85.80	88.92	0.00	39	0	42	0.00	0.00	64.95	7.37	0.00	0.00	2000
229	12.01	2171	1845	0.00	198	0	0	0	nan	0.00	0.03	4.95	72.48	87.99	0.00	38	0	42	0.00	0.00	54.33	6.39	0.00	0.00	2000
220	10.02	1942	2377	0.00	238	0	0	0	nan	0.00	0.03	7.41	94.55	89.98	0.00	39	0	42	0.00	0.00	75.38	8.84	0.00	0.00	2000
237	10.80	2168	2125	0.00	203	0	0	0	nan	0.00	0.00	4.06	86.23	89.20	0.00	39	0	42	0.00	0.00	66.05	7.55	0.00	0.00	2000
231	10.95	2109	2102	0.00	204	0	0	0	nan	0.00	0.02	4.13	85.08	89.05	0.00	40	0	42	0.00	0.00	65.02	7.53	0.00	0.00	2000
506	26.23	2315	1749	0.00	216	0	0	0	nan	0.00	0.00	2.57	58.97	73.77	0.00	39	0	42	0.00	0.00	54.70	6.62	0.00	0.00	2000
694	25.46	2280	2511	0.00	258	0	0	0	nan	0.00	0.00	9.08	80.29	74.54	0.00	38	0	42	0.00	0.00	87.88	9.94	0.00	0.00	2000
217	10.73	2008	2113	0.00	207	0	0	0	nan	0.00	0.02	3.83	86.08	89.27	0.00	39	0	42	0.00	0.00	64.15	7.71	0.00	0.00	2000
231	10.95	2117	2097	0.00	218	0	0	0	nan	0.00	0.00	5.60	83.39	89.05	0.00	40	0	42	0.00	0.00	65.17	7.69	0.00	0.00	2000
250	12.31	2098	2034	0.00	239	0	0	0	nan	0.00	0.18	8.97	75.90	87.69	0.00	39	0	42	0.00	0.00	61.38	7.40	0.00	0.00	2000
81	7.48	1044	2185	0.00	223	0	0	0	nan	0.00	0.01	6.10	90.30	92.52	0.00	37	0	42	0.00	0.00	63.70	8.21	0.00	0.00	2000
73	7.10	1027	2108	0.00	192	0	0	1	87.37	0.00	0.02	2.81	90.57	92.90	0.00	37	0	42	0.00	0.00	57.74	7.56	0.00	0.00	2000
81	6.77	1200	2086	0.35	161	0	0	2	88.32	0.00	0.02	4.58	88.16	93.23	0.00	37	0	42	0.00	0.00	59.08	7.54	0.00	0.00	2000
