Avg_MHz	Busy%	Bzy_MHz	TSC_MHz	IPC	IRQ	NMI	SMI	LLCMRPS	LLC%hit	POLL%	C1%	C1E%	C6%	CPU%c1	CPU%c6	CoreTmp	CoreThr	PkgTmp	Pkg%pc2	Pkg%pc6	PkgWatt	RAMWatt	PKG_%	RAM_%	UncMHz
347	18.95	1802	2137	0.00	239	0	0	0	nan	0.00	0.04	36.78	45.75	81.05	0.00	37	0	42	0.00	0.00	65.52	7.76	0.00	0.00	2000
422	19.98	2105	2106	0.00	220	0	0	0	nan	0.06	1.26	16.88	62.32	80.02	0.00	37	0	42	0.00	0.00	68.83	7.71	0.00	0.00	2000
78	6.97	1098	2140	0.00	211	0	0	0	nan	0.00	0.02	7.22	87.59	93.03	0.00	37	0	42	0.00	0.00	59.95	7.40	0.00	0.00	2000
73	6.88	1054	2100	0.00	193	0	0	0	nan	0.00	0.00	4.01	89.19	93.12	0.00	36	0	42	0.00	0.00	58.00	7.34	0.00	0.00	2000
74	6.99	1050	2103	0.00	194	0	0	0	nan	0.00	0.00	2.73	90.49	93.01	0.00	37	0	42	0.00	0.00	58.43	7.27	0.00	0.00	2000
73	6.92	1070	2069	0.00	194	0	0	0	nan	0.00	0.02	2.71	89.02	93.08	0.00	37	0	42	0.00	0.00	59.68	7.49	0.00	0.00	2000
73	6.74	1080	2108	0.00	194	0	0	0	nan	0.00	0.03	2.38	91.22	93.26	0.00	37	0	42	0.00	0.00	57.54	7.36	0.00	0.00	2000
72	6.65	1075	2116	0.00	193	0	0	0	nan	0.00	0.00	3.74	90.38	93.35	0.00	37	0	42	0.00	0.00	59.63	7.42	0.00	0.00	2000
74	6.53	1120	2115	0.00	193	0	0	0	nan	0.00	0.00	3.15	90.94	93.47	0.00	37	0	42	0.00	0.00	57.46	7.30	0.00	0.00	2000
72	6.83	1052	2093	0.00	193	0	0	0	nan	0.00	0.00	2.94	90.11	93.17	0.00	37	0	42	0.00	0.00	60.44	7.61	0.00	0.00	2000
74	6.66	1119	2099	0.00	194	0	0	0	nan	0.00	0.01	2.65	90.65	93.34	0.00	37	0	42	0.00	0.00	58.88	7.38	0.00	0.00	2000
72	6.51	1125	2078	0.00	193	0	0	0	nan	0.00	0.00	2.28	90.10	93.49	0.00	37	0	42	0.00	0.00	59.08	7.26	0.00	0.00	2000
73	6.81	1060	2124	0.00	209	0	0	0	nan	0.00	0.03	3.61	90.67	93.19	0.00	37	0	42	0.00	0.00	59.00	7.51	0.00	0.00	2000
74	6.33	1161	2109	0.00	179	0	0	0	nan	0.00	0.02	3.03	91.00	93.67	0.00	37	0	42	0.00	0.00	58.38	7.31	0.00	0.00	2000
72	6.41	1139	2082	0.00	193	0	0	0	nan	0.00	0.00	3.25	89.55	93.59	0.00	37	0	42	0.00	0.00	60.13	7.24	0.00	0.00	2000
73	6.43	1134	2114	0.00	194	0	0	1	87.26	0.00	0.02	2.33	91.75	93.57	0.00	37	0	42	0.00	0.00	58.55	7.37	0.00	0.00	2000
75	6.33	1181	2098	0.29	193	0	0	2	83.57	0.00	0.00	2.89	90.64	93.67	0.00	37	0	42	0.00	0.00	59.33	7.18	0.00	0.00	2000
72	6.68	1085	2097	0.07	193	0	0	0	nan	0.00	0.00	2.83	90.37	93.32	0.00	37	0	42	0.00	0.00	59.09	7.29	0.00	0.00	2000
170	9.50	1800	2094	0.00	209	0	0	0	nan	0.00	0.98	5.45	83.83	90.50	0.00	38	0	42	0.00	0.00	62.65	7.35	0.00	0.00	2000
223	10.72	2076	2104	0.00	200	0	0	0	nan	0.00	0.00	5.60	83.87	89.28	0.00	38	0	42	0.00	0.00	65.47	7.47	0.00	0.00	2000
222	10.58	2100	2101	0.00	199	0	0	0	nan	0.00	0.00	4.59	84.85	89.42	0.00	39	0	42	0.00	0.00	65.67	7.22	0.00	0.00	2000
225	10.94	2068	2090	0.00	205	0	0	0	nan	0.00	0.02	4.28	84.43	89.06	0.00	39	0	42	0.00	0.00	63.61	7.22	0.00	0.00	2000
214	10.93	1970	2092	0.00	198	0	0	0	nan	0.00	0.02	3.74	85.06	89.07	0.00	38	0	42	0.00	0.00	64.18	7.30	0.00	0.00	2000
231	11.07	2084	2106	0.00	220	0	0	0	nan	0.00	0.02	4.13	85.16	88.93	0.00	38	0	42	0.00	0.00	66.94	7.93	0.00	0.00	2000
230	11.07	2088	2094	0.00	202	0	0	0	nan	0.00	0.02	2.98	85.69	88.93	0.00	39	0	42	0.00	0.00	64.74	7.57	0.00	0.00	2000
242	11.10	2168	2113	0.00	202	0	0	0	nan	0.00	0.00	4.16	85.26	88.90	0.00	38	0	42	0.00	0.00	67.24	8.04	0.00	0.00	2000
224	11.08	2019	2104	0.00	203	0	0	0	nan	0.00	0.00	5.95	83.36	88.92	0.00	38	0	42	0.00	0.00	65.20	8.07	0.00	0.00	2000
222	10.66	2089	2098	0.00	199	0	0	0	nan	0.00	0.00	7.14	82.14	89.34	0.00	39	0	42	0.00	0.00	66.11	7.66	0.00	0.00	2000
220	10.71	2070	2087	0.00	198	0	0	0	nan	0.00	0.02	4.59	84.20	89.29	0.00	39	0	42	0.00	0.00	65.22	7.34	0.00	0.00	2000
223	10.57	2095	2113	0.00	198	0	0	0	nan	0.01	0.00	4.65	85.37	89.43	0.00	39	0	42	0.00	0.00	65.58	7.48	0.00	0.00	2000
219	10.83	2072	2046	0.00	198	0	0	0	nan	0.00	0.00	4.32	82.67	89.17	0.00	40	0	42	0.00	0.00	62.97	7.08	0.00	0.00	2000
247	11.53	2162	2077	0.00	204	0	0	0	nan	0.00	0.02	6.41	81.07	88.47	0.00	40	0	42	0.00	0.00	63.61	7.13	0.00	0.00	2000
230	10.76	2094	2148	0.00	214	0	0	3	94.24	0.00	0.03	6.46	84.89	89.24	0.00	40	0	42	0.00	0.00	67.58	7.69	0.00	0.00	2000
223	10.74	2061	2116	0.65	199	0	0	18	84.93	0.00	0.07	3.12	86.83	89.26	0.00	40	0	42	0.00	0.00	64.98	7.41	0.00	0.00	2000
222	10.79	2061	2091	0.02	198	0	0	0	nan	0.00	0.08	3.13	85.76	89.21	0.00	40	0	43	0.00	0.00	64.64	7.45	0.00	0.00	2000
225	10.57	2147	2084	0.00	245	0	0	0	nan	0.01	0.03	5.78	82.97	89.43	0.00	39	0	42	0.00	0.00	65.00	7.42	0.00	0.00	2000
217	10.59	2052	2101	0.00	199	0	0	0	nan	0.00	0.11	3.15	86.38	89.41	0.00	37	0	42	0.00	0.00	62.16	7.36	0.00	0.00	2000
235	10.93	2113	2133	0.00	215	0	0	0	nan	0.00	0.56	4.43	85.58	89.07	0.00	37	0	42	0.00	0.00	69.80	8.07	0.00	0.00	2000
234	10.95	2128	2106	0.00	207	0	0	0	nan	0.00	0.54	5.09	83.74	89.05	0.00	38	0	42	0.00	0.00	64.29	7.37	0.00	0.00	2000
233	10.97	2124	2103	0.00	197	0	0	0	nan	0.00	0.00	6.75	82.47	89.03	0.00	38	0	42	0.00	0.00	65.78	7.53	0.00	0.00	2000
230	10.75	2136	2101	0.00	198	0	0	0	nan	0.00	0.00	5.34	84.04	89.25	0.00	38	0	42	0.00	0.00	66.05	7.49	0.00	0.00	2000
229	10.85	2115	2099	0.00	201	0	0	0	nan	0.00	0.03	5.71	83.44	89.15	0.00	38	0	42	0.00	0.00	63.34	7.30	0.00	0.00	2000
235	11.22	2092	2104	0.00	198	0	0	0	nan	0.00	0.00	5.07	84.00	88.78	0.00	39	0	42	0.00	0.00	65.29	7.54	0.00	0.00	2000
220	11.12	2077	2002	0.00	201	0	0	0	nan	0.00	0.00	6.03	78.77	88.88	0.00	39	0	42	0.00	0.00	61.08	7.02	0.00	0.00	2000
227	10.63	2059	2182	0.00	214	0	0	0	nan	0.00	0.02	5.55	87.27	89.37	0.00	38	0	43	0.00	0.00	69.22	7.83	0.00	0.00	2000
225	10.80	2070	2113	0.00	215	0	0	0	nan	0.00	0.02	4.63	85.17	89.20	0.00	37	0	42	0.00	0.00	65.51	7.82	0.00	0.00	2000
234	11.10	2112	2096	0.00	198	0	0	0	nan	0.00	0.00	5.62	83.16	88.90	0.00	37	0	42	0.00	0.00	66.44	7.99	0.00	0.00	2000
233	11.11	2086	2110	0.00	198	0	0	0	nan	0.00	0.00	6.23	83.03	88.89	0.00	38	0	42	0.00	0.00	65.61	7.74	0.00	0.00	2000
232	11.11	2093	2099	0.00	199	0	0	0	nan	0.00	0.00	5.21	83.68	88.89	0.00	38	0	42	0.00	0.00	62.43	7.50	0.00	0.00	2000
234	11.23	2088	2091	0.00	204	0	0	2	69.45	0.00	0.00	5.37	83.13	88.77	0.00	38	0	42	0.00	0.00	67.02	8.13	0.00	0.00	2000
231	10.99	2105	2097	0.54	197	0	0	4	57.52	0.00	0.02	3.90	85.12	89.01	0.00	38	0	42	0.00	0.00	65.20	7.71	0.00	0.00	2000
233	11.29	2057	2108	0.00	198	0	0	0	nan	0.00	0.00	6.27	82.85	88.71	0.00	38	0	42	0.00	0.00	62.72	7.45	0.00	0.00	2000
231	11.21	2060	2099	0.00	199	0	0	0	nan	0.00	0.97	6.34	81.56	88.79	0.00	38	0	43	0.00	0.00	64.55	7.76	0.00	0.00	2000
229	10.93	2090	2102	0.00	199	0	0	0	nan	0.00	0.00	6.42	82.76	89.07	0.00	39	0	42	0.00	0.00	65.22	7.40	0.00	0.00	2000
227	11.13	2075	2064	0.00	203	0	0	0	nan	0.00	0.00	6.24	81.24	88.87	0.00	39	0	42	0.00	0.00	65.44	7.48	0.00	0.00	2000
232	11.05	2063	2140	0.00	198	0	0	0	nan	0.00	0.00	6.48	84.27	88.95	0.00	39	0	42	0.00	0.00	65.81	7.56	0.00	0.00	2000
232	11.20	2072	2098	0.00	199	0	0	0	nan	0.00	0.03	6.23	82.59	88.80	0.00	39	0	42	0.00	0.00	63.01	7.41	0.00	0.00	2000
226	11.14	2039	2087	0.00	198	0	0	0	nan	0.00	0.00	5.92	82.49	88.86	0.00	39	0	42	0.00	0.00	63.90	7.42	0.00	0.00	2000
227	11.29	2023	2082	0.00	201	0	0	0	nan	0.00	0.02	5.03	83.03	88.71	0.00	39	0	42	0.00	0.00	63.93	7.30	0.00	0.00	2000
236	11.00	2111	2134	0.00	199	0	0	0	nan	0.00	0.02	5.01	85.56	89.00	0.00	39	0	42	0.00	0.00	66.44	7.52	0.00	0.00	2000
225	10.76	2133	2061	0.00	207	0	0	0	nan	0.00	0.00	5.15	82.51	89.24	0.00	39	0	42	0.00	0.00	64.30	7.47	0.00	0.00	2000
229	10.92	2073	2127	0.00	198	0	0	0	nan	0.00	0.00	5.78	84.56	89.08	0.00	39	0	42	0.00	0.00	65.65	7.51	0.00	0.00	2000
230	11.16	2050	2114	0.00	199	0	0	0	nan	0.00	0.00	4.65	84.83	88.84	0.00	39	0	42	0.00	0.00	65.25	7.38	0.00	0.00	2000
228	11.00	2080	2089	0.00	198	0	0	0	nan	0.00	0.00	5.15	83.44	89.00	0.00	39	0	42	0.00	0.00	65.00	7.38	0.00	0.00	2000
230	11.32	2031	2097	0.00	199	0	0	0	nan	0.00	0.00	4.83	83.84	88.68	0.00	39	0	42	0.00	0.00	66.29	7.36	0.00	0.00	2000
226	10.85	2090	2090	0.00	195	0	0	0	nan	0.00	0.00	2.42	86.42	89.15	0.00	39	0	43	0.00	0.00	62.01	7.09	0.00	0.00	2000
228	11.07	2054	2105	0.00	194	0	0	1	89.38	0.00	0.00	2.95	86.35	88.93	0.00	39	0	42	0.00	0.00	65.08	7.34	0.00	0.00	2000
224	11.09	2052	2065	0.72	193	0	0	6	93.14	0.00	0.00	2.77	84.72	88.91	0.00	39	0	42	0.00	0.00	64.99	7.24	0.00	0.00	2000
238	11.46	2076	2099	0.02	211	0	0	0	nan	0.00	0.02	4.75	83.79	88.54	0.00	39	0	42	0.00	0.00	62.66	7.40	0.00	0.00	2000
233	11.11	2051	2150	0.00	211	0	0	0	nan	0.00	0.00	4.75	86.32	88.89	0.00	39	0	42	0.00	0.00	67.61	8.01	0.00	0.00	2000
227	10.86	2121	2073	0.00	194	0	0	0	nan	0.00	0.02	2.42	85.66	89.14	0.00	39	0	42	0.00	0.00	64.46	7.49	0.00	0.00	2000
231	11.48	2028	2079	0.00	194	0	0	0	nan	0.00	0.02	2.44	85.32	88.52	0.00	39	0	42	0.00	0.00	63.23	7.30	0.00	0.00	2000
227	10.93	2039	2136	0.00	211	0	0	0	nan	0.00	0.02	4.68	86.02	89.07	0.00	39	0	42	0.00	0.00	67.34	7.61	0.00	0.00	2000
229	11.04	2081	2096	0.00	194	0	0	0	nan	0.00	0.01	3.22	85.67	88.96	0.00	39	0	42	0.00	0.00	65.40	7.54	0.00	0.00	2000
231	11.21	2058	2104	0.00	195	0	0	0	nan	0.00	0.00	4.40	84.69	88.79	0.00	39	0	42	0.00	0.00	64.72	7.45	0.00	0.00	2000
229	10.86	2108	2102	0.00	194	0	0	0	nan	0.00	0.00	4.43	84.83	89.14	0.00	39	0	42	0.00	0.00	65.25	7.62	0.00	0.00	2000
230	10.97	2084	2118	0.00	194	0	0	0	nan	0.00	0.00	5.11	84.71	89.03	0.00	39	0	42	0.00	0.00	65.25	7.51	0.00	0.00	2000
229	11.27	2067	2060	0.00	198	0	0	0	nan	0.00	0.02	4.11	83.00	88.73	0.00	39	0	42	0.00	0.00	63.34	7.31	0.00	0.00	2000
235	10.86	2127	2139	0.00	197	0	0	0	nan	0.00	0.00	4.70	86.20	89.14	0.00	39	0	42	0.00	0.00	66.08	7.67	0.00	0.00	2000
230	11.16	2066	2094	0.00	196	0	0	0	nan	0.00	0.02	3.92	84.68	88.84	0.00	39	0	42	0.00	0.00	64.82	7.45	0.00	0.00	2000
225	11.10	2030	2097	0.00	194	0	0	0	nan	0.00	0.00	4.18	84.70	88.90	0.00	39	0	42	0.00	0.00	64.27	7.30	0.00	0.00	2000
229	11.07	2077	2094	0.00	194	0	0	0	nan	0.00	0.02	3.91	84.84	88.93	0.00	39	0	42	0.00	0.00	65.29	7.44	0.00	0.00	2000
225	11.07	2031	2101	0.00	195	0	0	0	nan	0.00	0.00	4.15	84.93	88.93	0.00	39	0	43	0.00	0.00	64.24	7.36	0.00	0.00	2000
229	11.06	2064	2108	0.00	194	0	0	0	87.49	0.00	0.00	2.82	86.57	88.94	0.00	39	0	42	0.00	0.00	65.63	7.51	0.00	0.00	2000
227	11.32	2034	2066	1.08	195	0	0	4	76.13	0.00	0.00	4.47	82.97	88.68	0.00	39	0	42	0.00	0.00	63.04	6.96	0.00	0.00	2000
226	11.40	2017	2060	0.04	195	0	0	0	nan	0.00	0.00	3.15	83.90	88.60	0.00	39	0	43	0.00	0.00	62.71	7.09	0.00	0.00	2000
231	11.18	2043	2126	0.00	210	0	0	0	nan	0.00	0.00	2.15	87.84	88.82	0.00	40	0	43	0.00	0.00	65.53	7.47	0.00	0.00	2000
227	10.72	2072	2146	0.00	210	0	0	0	nan	0.00	0.01	3.68	87.67	89.28	0.00	39	0	42	0.00	0.00	67.40	7.54	0.00	0.00	2000
225	10.92	2079	2078	0.00	194	0	0	0	nan	0.00	0.00	4.68	83.57	89.08	0.00	39	0	42	0.00	0.00	64.69	7.24	0.00	0.00	2000
235	11.42	2028	2129	0.00	196	0	0	0	nan	0.00	0.00	4.64	85.25	88.58	0.00	39	0	42	0.00	0.00	65.37	7.79	0.00	0.00	2000
229	11.20	2046	2099	0.00	194	0	0	0	nan	0.00	0.00	3.99	84.89	88.80	0.00	39	0	42	0.00	0.00	65.35	7.48	0.00	0.00	2000
227	11.19	2029	2095	0.00	194	0	0	0	nan	0.00	0.00	4.49	84.18	88.81	0.00	39	0	42	0.00	0.00	64.25	7.38	0.00	0.00	2000
225	11.08	2039	2090	0.00	194	0	0	0	nan	0.00	0.00	3.88	84.71	88.92	0.00	39	0	43	0.00	0.00	63.83	7.46	0.00	0.00	2000
232	11.22	2049	2116	0.00	195	0	0	0	nan	0.00	0.04	3.27	86.28	88.78	0.00	39	0	42	0.00	0.00	65.83	7.47	0.00	0.00	2000
227	11.03	2081	2074	0.00	195	0	0	0	nan	0.00	0.00	3.63	84.33	88.97	0.00	39	0	43	0.00	0.00	64.11	7.31	0.00	0.00	2000
226	10.97	2058	2103	0.00	193	0	0	0	nan	0.00	0.00	3.59	85.66	89.03	0.00	39	0	42	0.00	0.00	64.48	7.23	0.00	0.00	2000
232	10.86	2115	2123	0.00	194	0	0	0	nan	0.00	0.00	3.29	86.81	89.14	0.00	39	0	42	0.00	0.00	62.56	7.69	0.00	0.00	2000
226	11.13	2031	2097	0.00	195	0	0	0	nan	0.00	0.00	4.29	84.52	88.87	0.00	39	0	42	0.00	0.00	67.23	7.30	0.00	0.00	2000
225	10.89	2089	2078	0.00	195	0	0	0	nan	0.00	0.00	5.75	82.52	89.11	0.00	39	0	42	0.00	0.00	64.36	6.95	0.00	0.00	2000
229	11.00	2083	2100	0.00	198	0	0	0	nan	0.00	0.00	4.91	84.21	89.00	0.00	39	0	42	0.00	0.00	64.47	7.71	0.00	0.00	2000
227	11.08	2041	2109	0.00	194	0	0	1	89.39	0.00	0.00	3.76	85.60	88.92	0.00	39	0	42	0.00	0.00	64.76	7.32	0.00	0.00	2000
228	11.03	2072	2095	0.75	195	0	0	4	87.41	0.00	0.00	3.25	85.62	88.97	0.00	40	0	42	0.00	0.00	65.09	7.41	0.00	0.00	2000
232	11.26	2042	2122	0.05	194	0	0	0	nan	0.00	0.00	3.33	86.42	88.74	0.00	39	0	42	0.00	0.00	65.54	7.44	0.00	0.00	2000
225	11.07	2037	2095	0.00	194	0	0	0	nan	0.00	0.00	3.97	84.86	88.93	0.00	39	0	42	0.00	0.00	64.42	7.36	0.00	0.00	2000
228	11.12	2048	2106	0.00	195	0	0	0	nan	0.00	0.00	4.82	84.38	88.88	0.00	39	0	42	0.00	0.00	65.17	7.24	0.00	0.00	2000
222	11.02	2051	2060	0.00	194	0	0	0	nan	0.00	0.00	4.23	83.09	88.98	0.00	39	0	42	0.00	0.00	62.62	7.10	0.00	0.00	2000
230	11.31	2043	2093	0.00	196	0	0	0	nan	0.00	0.01	2.19	86.35	88.69	0.00	39	0	42	0.00	0.00	63.45	7.25	0.00	0.00	2000
224	10.75	2083	2099	0.00	210	0	0	0	nan	0.00	0.00	3.63	85.69	89.25	0.00	39	0	42	0.00	0.00	63.80	7.20	0.00	0.00	2000
227	10.78	2092	2117	0.00	194	0	0	0	nan	0.00	0.00	3.72	86.25	89.22	0.00	39	0	42	0.00	0.00	64.38	7.43	0.00	0.00	2000
230	11.15	2074	2091	0.00	196	0	0	0	nan	0.00	0.00	2.42	86.11	88.85	0.00	39	0	42	0.00	0.00	66.16	7.49	0.00	0.00	2000
229	10.56	2146	2126	0.00	194	0	0	0	nan	0.00	0.04	1.40	89.15	89.44	0.00	40	0	42	0.00	0.00	65.38	7.61	0.00	0.00	2000
235	11.32	2079	2099	0.00	194	0	0	0	nan	0.00	0.01	2.37	86.33	88.68	0.00	40	0	43	0.00	0.00	66.11	7.71	0.00	0.00	2000
227	10.84	2100	2093	0.00	193	0	0	0	nan	0.00	0.02	1.90	86.95	89.16	0.00	40	0	42	0.00	0.00	63.43	7.32	0.00	0.00	2000
232	11.08	2065	2129	0.00	194	0	0	0	nan	0.00	0.03	2.05	88.14	88.92	0.00	40	0	43	0.00	0.00	66.51	7.78	0.00	0.00	2000
227	10.92	2092	2084	0.00	195	0	0	0	nan	0.00	0.01	3.34	85.16	89.08	0.00	40	0	42	0.00	0.00	65.70	7.67	0.00	0.00	2000
227	10.89	2081	2102	0.00	194	0	0	0	nan	0.00	0.02	2.59	86.60	89.11	0.00	40	0	42	0.00	0.00	64.99	7.47	0.00	0.00	2000
233	11.24	2076	2096	0.00	194	0	0	0	nan	0.00	0.01	2.72	85.92	88.76	0.00	40	0	43	0.00	0.00	65.14	7.39	0.00	0.00	2000
226	10.97	2060	2100	0.00	194	0	0	0	nan	0.00	0.02	2.76	86.31	89.03	0.00	40	0	43	0.00	0.00	64.94	7.58	0.00	0.00	2000
234	11.18	2087	2110	0.99	198	0	0	6	81.50	0.00	0.02	3.04	86.18	88.82	0.00	40	0	42	0.00	0.00	65.41	7.36	0.00	0.00	2000
229	10.98	2113	2074	0.18	198	0	0	0	nan	0.00	0.00	4.08	83.86	89.02	0.00	39	0	42	0.00	0.00	61.76	7.14	0.00	0.00	2000
226	10.97	2068	2093	0.00	195	0	0	0	nan	0.00	0.00	3.31	85.51	89.03	0.00	40	0	42	0.00	0.00	64.86	8.05	0.00	0.00	2000
232	10.99	2082	2127	0.00	195	0	0	0	nan	0.00	0.00	2.63	87.56	89.01	0.00	40	0	43	0.00	0.00	65.65	7.66	0.00	0.00	2000
231	11.02	2081	2112	0.00	195	0	0	0	nan	0.00	0.00	3.18	86.29	88.98	0.00	40	0	42	0.00	0.00	66.36	7.61	0.00	0.00	2000
224	10.98	2073	2065	0.00	194	0	0	0	nan	0.00	0.00	3.28	84.36	89.02	0.00	40	0	42	0.00	0.00	62.26	7.14	0.00	0.00	2000
234	11.03	2089	2129	0.00	195	0	0	0	nan	0.00	0.00	4.78	85.44	88.97	0.00	40	0	42	0.00	0.00	67.14	7.86	0.00	0.00	2000
226	11.07	2043	2098	0.00	194	0	0	0	nan	0.00	0.00	3.99	84.92	88.93	0.00	40	0	42	0.00	0.00	64.60	7.43	0.00	0.00	2000
226	11.23	2016	2101	0.00	195	0	0	0	nan	0.00	0.00	4.90	84.06	88.77	0.00	39	0	42	0.00	0.00	64.42	7.31	0.00	0.00	2000
226	11.18	2026	2092	0.00	194	0	0	0	nan	0.00	0.01	3.70	84.83	88.82	0.00	39	0	42	0.00	0.00	64.63	7.50	0.00	0.00	2000
231	11.05	2073	2113	0.00	194	0	0	0	nan	0.00	0.00	3.43	86.10	88.95	0.00	40	0	42	0.00	0.00	66.94	8.35	0.00	0.00	2000
230	10.94	2104	2099	0.00	194	0	0	0	nan	0.00	0.00	4.45	84.63	89.06	0.00	40	0	42	0.00	0.00	63.06	7.21	0.00	0.00	2000
231	11.12	2081	2095	0.00	203	0	0	0	nan	0.00	0.00	6.23	82.54	88.88	0.00	40	0	42	0.00	0.00	64.46	7.41	0.00	0.00	2000
227	11.08	2049	2102	0.00	199	0	0	0	nan	0.00	0.00	6.12	82.94	88.92	0.00	40	0	43	0.00	0.00	64.93	7.31	0.00	0.00	2000
224	10.93	2077	2071	0.00	198	0	0	0	nan	0.00	0.00	5.65	82.21	89.07	0.00	40	0	42	0.00	0.00	63.97	7.19	0.00	0.00	2000
230	11.02	2068	2114	0.00	198	0	0	0	nan	0.00	0.00	4.59	85.14	88.98	0.00	40	0	42	0.00	0.00	67.61	7.87	0.00	0.00	2000
228	11.04	2073	2094	0.00	199	0	0	0	nan	0.00	0.00	5.79	83.00	88.96	0.00	40	0	42	0.00	0.00	64.62	7.51	0.00	0.00	2000
229	11.40	2031	2078	0.99	206	0	0	14	12.52	0.01	0.02	5.69	81.99	88.60	0.00	40	0	42	0.00	0.00	63.48	7.77	0.00	0.00	2000
235	11.06	2083	2143	0.47	214	0	0	0	nan	0.00	0.01	3.46	87.34	88.94	0.00	40	0	42	0.00	0.00	67.13	7.84	0.00	0.00	2000
228	10.86	2103	2099	0.00	198	0	0	0	nan	0.00	0.00	5.88	83.33	89.14	0.00	40	0	42	0.00	0.00	65.64	7.68	0.00	0.00	2000
225	11.03	2079	2062	0.00	197	0	0	0	nan	0.00	0.02	5.52	81.88	88.97	0.00	41	0	42	0.00	0.00	62.46	7.30	0.00	0.00	2000
230	11.16	2063	2094	0.00	207	0	0	0	nan	0.00	0.00	8.29	80.35	88.84	0.00	40	0	42	0.00	0.00	64.85	7.65	0.00	0.00	2000
228	10.93	2091	2094	0.00	199	0	0	0	nan	0.00	0.02	4.52	84.40	89.07	0.00	40	0	42	0.00	0.00	65.57	7.66	0.00	0.00	2000
228	10.96	2059	2125	0.00	214	0	0	0	nan	0.00	0.00	6.52	83.63	89.04	0.00	40	0	42	0.00	0.00	64.60	7.64	0.00	0.00	2000
233	11.37	2043	2104	0.00	198	0	0	0	nan	0.00	0.00	5.37	83.50	88.63	0.00	40	0	42	0.00	0.00	65.81	8.02	0.00	0.00	2000
225	10.91	2069	2093	0.00	203	0	0	0	nan	0.00	0.03	3.96	84.82	89.09	0.00	40	0	42	0.00	0.00	67.42	7.84	0.00	0.00	2000
229	11.16	2065	2089	0.00	219	0	0	0	nan	0.00	0.00	5.68	82.80	88.84	0.00	40	0	42	0.00	0.00	62.63	7.41	0.00	0.00	2000
232	10.91	2089	2137	0.00	198	0	0	0	nan	0.00	0.00	5.95	84.71	89.09	0.00	40	0	43	0.00	0.00	65.38	7.57	0.00	0.00	2000
230	11.10	2074	2100	0.00	198	0	0	0	nan	0.00	0.00	5.02	84.00	88.90	0.00	40	0	42	0.00	0.00	65.08	7.54	0.00	0.00	2000
227	11.14	2035	2106	0.00	199	0	0	0	nan	0.00	0.00	6.42	82.79	88.86	0.00	40	0	42	0.00	0.00	65.36	7.43	0.00	0.00	2000
223	10.88	2058	2094	0.00	199	0	0	0	nan	0.00	0.00	5.55	83.39	89.12	0.00	39	0	42	0.00	0.00	66.29	7.62	0.00	0.00	2000
228	10.84	2099	2103	0.00	228	0	0	0	nan	0.00	0.02	2.27	87.09	89.16	0.00	40	0	43	0.00	0.00	64.86	7.44	0.00	0.00	2000
228	10.86	2106	2093	0.00	203	0	0	0	nan	0.00	0.02	3.17	85.76	89.14	0.00	41	0	42	0.00	0.00	64.64	7.44	0.00	0.00	2000
230	10.85	2109	2115	0.00	204	0	0	0	86.50	0.01	0.00	3.68	86.15	89.15	0.00	41	0	42	0.00	0.00	65.65	7.50	0.00	0.00	2000
227	10.83	2108	2085	1.42	201	0	0	7	84.97	0.00	0.02	3.37	85.15	89.17	0.00	41	0	42	0.00	0.00	64.24	7.30	0.00	0.00	2000
233	10.97	2105	2116	0.05	213	0	0	0	nan	0.00	0.02	3.27	86.51	89.03	0.00	42	0	42	0.00	0.00	66.02	7.52	0.00	0.00	2000
235	11.47	2087	2060	0.00	198	0	0	0	nan	0.00	0.00	5.30	81.64	88.53	0.00	39	0	43	0.00	0.00	61.81	7.03	0.00	0.00	2000
229	11.03	2041	2138	0.00	215	0	0	0	nan	0.00	0.00	7.72	83.00	88.97	0.00	39	0	42	0.00	0.00	64.95	7.52	0.00	0.00	2000
228	11.09	2055	2104	0.00	198	0	0	0	nan	0.00	0.00	6.85	82.30	88.91	0.00	40	0	42	0.00	0.00	64.92	7.43	0.00	0.00	2000
228	11.18	2040	2097	0.00	198	0	0	0	nan	0.00	0.00	6.40	82.39	88.82	0.00	40	0	42	0.00	0.00	64.54	7.31	0.00	0.00	2000
232	11.25	2070	2095	0.00	203	0	0	0	nan	0.00	0.00	8.16	80.55	88.75	0.00	40	0	42	0.00	0.00	64.98	7.27	0.00	0.00	2000
232	11.25	2085	2073	0.00	203	0	0	0	nan	0.00	0.01	8.57	79.14	88.75	0.00	40	0	42	0.00	0.00	63.56	7.22	0.00	0.00	2000
228	11.14	2088	2060	0.00	199	0	0	0	nan	0.00	0.00	5.47	81.76	88.86	0.00	40	0	43	0.00	0.00	62.53	7.17	0.00	0.00	2000
231	10.91	2045	2175	0.00	214	0	0	0	nan	0.00	0.02	4.80	87.62	89.09	0.00	40	0	42	0.00	0.00	68.73	7.62	0.00	0.00	2000
223	10.79	2068	2096	0.00	198	0	0	0	nan	0.00	0.00	6.18	82.95	89.21	0.00	39	0	42	0.00	0.00	64.05	7.46	0.00	0.00	2000
229	10.94	2085	2108	0.00	212	0	0	0	nan	0.00	0.03	2.82	86.64	89.06	0.00	40	0	42	0.00	0.00	64.80	7.49	0.00	0.00	2000
227	10.86	2103	2086	0.00	203	0	0	0	nan	0.00	0.02	3.20	85.40	89.14	0.00	41	0	42	0.00	0.00	64.10	7.17	0.00	0.00	2000
228	10.96	2075	2109	0.00	203	0	0	0	nan	0.00	0.00	2.58	86.99	89.04	0.00	41	0	42	0.00	0.00	65.18	7.47	0.00	0.00	2000
229	11.76	2058	1983	0.00	202	0	0	0	nan	0.00	0.00	3.14	80.30	88.24	0.00	41	0	42	0.00	0.00	58.98	6.76	0.00	0.00	2000
235	10.90	2048	2212	0.00	236	0	0	0	nan	0.00	0.00	6.81	87.13	89.10	0.00	38	0	42	0.00	0.00	69.69	7.68	0.00	0.00	2000
228	10.67	2132	2105	0.00	206	0	0	2	77.87	0.00	0.13	4.67	84.94	89.33	0.00	39	0	42	0.00	0.00	64.93	7.57	0.00	0.00	2000
232	11.26	2043	2118	1.01	197	0	0	7	74.08	0.00	0.00	3.62	86.03	88.74	0.00	39	0	42	0.00	0.00	64.61	7.30	0.00	0.00	2000
231	11.18	2067	2099	0.00	198	0	0	0	nan	0.00	0.00	4.48	84.38	88.82	0.00	39	0	42	0.00	0.00	65.14	7.37	0.00	0.00	2000
228	10.95	2078	2105	0.00	197	0	0	0	nan	0.01	0.02	4.45	84.89	89.05	0.00	39	0	42	0.00	0.00	64.60	7.25	0.00	0.00	2000
229	10.98	2098	2085	0.00	204	0	0	0	nan	0.00	0.03	5.55	82.94	89.02	0.00	39	0	42	0.00	0.00	66.51	7.49	0.00	0.00	2000
227	11.21	2027	2099	0.00	198	0	0	0	nan	0.00	0.00	4.30	84.55	88.79	0.00	40	0	42	0.00	0.00	65.24	7.42	0.00	0.00	2000
230	11.17	2059	2098	0.00	198	0	0	0	nan	0.00	0.00	4.45	84.39	88.83	0.00	39	0	42	0.00	0.00	66.61	8.99	0.00	0.00	2000
228	11.09	2074	2084	0.00	198	0	0	0	nan	0.00	0.00	4.68	83.66	88.91	0.00	39	0	42	0.00	0.00	65.58	8.60	0.00	0.00	2000
229	10.98	2087	2103	0.00	199	0	0	0	nan	0.00	0.00	5.32	83.87	89.02	0.00	39	0	42	0.00	0.00	64.96	7.61	0.00	0.00	2000
245	12.02	2030	2107	0.00	211	0	0	0	nan	0.00	0.00	7.44	80.87	87.98	0.00	38	0	43	0.00	0.00	62.52	7.29	0.00	0.00	2000
81	7.06	1141	2105	0.00	223	0	0	0	nan	0.00	0.45	5.82	86.88	92.94	0.00	38	0	42	0.00	0.00	60.96	7.75	0.00	0.00	2000
75	6.98	1074	2116	0.00	212	0	0	0	nan	0.00	0.00	4.30	89.38	93.02	0.00	37	0	42	0.00	0.00	60.97	7.64	0.00	0.00	2000
102	7.11	1421	2113	0.00	97	0	0	0	nan	0.00	0.00	8.79	84.44	92.89	0.00	37	0	42	0.00	0.00	50.97	6.21	0.00	0.00	2000
