Avg_MHz	Busy%	Bzy_MHz	TSC_MHz	IPC	IRQ	NMI	SMI	LLCMRPS	LLC%hit	POLL%	C1%	C1E%	C6%	CPU%c1	CPU%c6	CoreTmp	CoreThr	PkgTmp	Pkg%pc2	Pkg%pc6	PkgWatt	RAMWatt	PKG_%	RAM_%	UncMHz
321	17.19	1931	2032	0.00	246	0	0	0	nan	0.00	0.00	26.87	53.29	82.81	0.00	37	0	42	0.00	0.00	64.00	7.20	0.00	0.00	2000
487	20.49	2245	2221	0.00	263	0	0	0	nan	0.00	1.92	19.66	62.69	79.51	0.00	38	0	42	0.00	0.00	74.13	8.22	0.00	0.00	2000
78	7.19	1084	2096	0.00	194	0	0	0	nan	0.00	0.00	10.38	82.36	92.81	0.00	37	0	42	0.00	0.00	61.44	7.45	0.00	0.00	2000
72	6.62	1100	2091	0.00	193	0	0	0	nan	0.00	0.00	3.45	89.45	93.38	0.00	37	0	42	0.00	0.00	58.34	7.28	0.00	0.00	2000
74	6.83	1063	2132	0.00	210	0	0	0	nan	0.00	0.00	4.24	90.36	93.17	0.00	36	0	42	0.00	0.00	61.23	7.75	0.00	0.00	2000
73	6.70	1092	2101	0.00	193	0	0	0	nan	0.00	0.00	3.71	89.74	93.30	0.00	37	0	42	0.00	0.00	58.00	7.30	0.00	0.00	2000
72	6.75	1074	2077	0.00	194	0	0	0	nan	0.00	0.00	3.80	88.45	93.25	0.00	36	0	42	0.00	0.00	57.15	7.21	0.00	0.00	2000
74	6.88	1060	2118	0.00	195	0	0	0	nan	0.00	0.03	3.40	90.58	93.12	0.00	37	0	42	0.00	0.00	59.63	7.47	0.00	0.00	2000
73	6.85	1065	2106	0.00	194	0	0	0	nan	0.00	0.00	2.52	90.90	93.15	0.00	36	0	42	0.00	0.00	58.72	7.37	0.00	0.00	2000
73	6.34	1144	2101	0.00	194	0	0	0	nan	0.00	0.00	2.87	90.90	93.66	0.00	36	0	42	0.00	0.00	59.46	7.40	0.00	0.00	2000
73	6.84	1069	2101	0.00	193	0	0	0	nan	0.00	0.00	3.07	90.31	93.16	0.00	37	0	42	0.00	0.00	58.66	7.48	0.00	0.00	2000
72	6.78	1060	2091	0.00	195	0	0	0	nan	0.00	0.00	2.92	89.97	93.22	0.00	36	0	42	0.00	0.00	59.35	7.44	0.00	0.00	2000
72	6.58	1093	2090	0.00	193	0	0	0	nan	0.00	0.00	2.47	90.57	93.42	0.00	36	0	42	0.00	0.00	58.66	7.38	0.00	0.00	2000
72	6.68	1070	2122	0.00	193	0	0	0	nan	0.00	0.00	2.37	91.98	93.32	0.00	36	0	42	0.00	0.00	59.34	7.44	0.00	0.00	2000
73	6.54	1119	2096	0.00	194	0	0	0	nan	0.00	0.00	2.80	90.47	93.46	0.00	36	0	42	0.00	0.00	58.90	7.21	0.00	0.00	2000
72	6.84	1060	2096	0.00	194	0	0	1	89.53	0.00	0.00	3.59	89.48	93.16	0.00	36	0	42	0.00	0.00	59.02	7.35	0.00	0.00	2000
73	6.60	1102	2102	0.30	193	0	0	2	88.66	0.00	0.00	3.06	90.43	93.40	0.00	37	0	42	0.00	0.00	59.21	7.46	0.00	0.00	2000
70	6.76	1049	2072	0.00	193	0	0	0	nan	0.01	0.00	2.70	89.30	93.24	0.00	36	0	42	0.00	0.00	57.55	7.22	0.00	0.00	2000
152	9.07	1649	2127	0.00	205	0	0	0	nan	0.02	0.91	5.46	85.82	90.93	0.00	37	0	42	0.00	0.00	61.99	7.65	0.00	0.00	2000
231	11.05	2082	2105	0.00	199	0	0	0	nan	0.00	0.02	4.12	85.11	88.95	0.00	39	0	42	0.00	0.00	65.18	7.42	0.00	0.00	2000
234	11.16	2102	2097	0.00	199	0	0	0	nan	0.00	0.01	7.02	81.77	88.84	0.00	39	0	42	0.00	0.00	66.21	7.55	0.00	0.00	2000
233	11.19	2085	2100	0.00	198	0	0	0	nan	0.00	0.52	4.82	83.48	88.81	0.00	39	0	42	0.00	0.00	65.66	7.53	0.00	0.00	2000
232	10.90	2130	2099	0.00	217	0	0	0	nan	0.00	0.09	4.33	84.73	89.10	0.00	37	0	42	0.00	0.00	65.27	7.48	0.00	0.00	2000
224	10.84	2077	2093	0.00	199	0	0	0	nan	0.00	0.05	2.83	86.13	89.16	0.00	38	0	42	0.00	0.00	65.39	8.00	0.00	0.00	2000
220	10.15	2166	2106	0.00	198	0	0	0	nan	0.00	2.02	4.20	84.05	89.85	0.00	38	0	42	0.00	0.00	66.46	7.78	0.00	0.00	2000
224	11.54	2022	2013	0.00	198	0	0	0	nan	0.00	0.40	6.01	78.50	88.46	0.00	37	0	42	0.00	0.00	62.63	7.53	0.00	0.00	2000
236	10.79	2102	2187	0.00	218	0	0	0	nan	0.00	0.00	5.03	87.94	89.21	0.00	37	0	42	0.00	0.00	69.83	8.21	0.00	0.00	2000
230	11.25	2047	2101	0.00	202	0	0	0	nan	0.00	0.00	7.18	81.66	88.75	0.00	38	0	42	0.00	0.00	64.87	7.56	0.00	0.00	2000
230	11.11	2077	2095	0.00	207	0	0	0	nan	0.00	0.02	5.69	83.02	88.89	0.00	38	0	42	0.00	0.00	65.43	7.64	0.00	0.00	2000
231	11.14	2072	2097	0.00	207	0	0	0	nan	0.00	0.00	7.50	81.29	88.86	0.00	38	0	42	0.00	0.00	65.59	7.55	0.00	0.00	2000
229	11.26	2046	2089	0.00	199	0	0	0	nan	0.00	0.00	6.91	81.42	88.74	0.00	38	0	42	0.00	0.00	63.94	7.12	0.00	0.00	2000
233	11.19	2066	2117	0.00	196	0	0	0	nan	0.00	0.00	3.67	85.95	88.81	0.00	38	0	42	0.00	0.00	64.57	7.54	0.00	0.00	2000
223	11.29	2053	2024	0.00	193	0	0	4	89.34	0.00	0.01	1.74	83.91	88.71	0.00	38	0	42	0.00	0.00	62.46	7.22	0.00	0.00	2000
233	10.80	2077	2179	0.54	210	0	0	16	79.62	0.00	0.02	2.57	90.10	89.20	0.00	38	0	42	0.00	0.00	68.12	7.75	0.00	0.00	2000
229	11.16	2048	2101	0.00	194	0	0	0	nan	0.00	0.02	3.19	85.74	88.84	0.00	39	0	42	0.00	0.00	64.57	7.43	0.00	0.00	2000
232	11.20	2056	2113	0.00	195	0	0	0	nan	0.00	0.04	3.22	86.15	88.80	0.00	39	0	42	0.00	0.00	62.96	7.07	0.00	0.00	2000
229	11.07	2088	2086	0.00	195	0	0	0	nan	0.00	0.02	3.46	84.95	88.93	0.00	39	0	42	0.00	0.00	67.03	7.72	0.00	0.00	2000
230	11.10	2060	2109	0.00	194	0	0	0	nan	0.00	0.00	3.85	85.51	88.90	0.00	39	0	42	0.00	0.00	62.89	7.29	0.00	0.00	2000
231	11.14	2072	2102	0.00	195	0	0	0	nan	0.00	0.00	4.58	84.45	88.86	0.00	38	0	42	0.00	0.00	65.47	7.60	0.00	0.00	2000
229	11.21	2046	2098	0.00	194	0	0	0	nan	0.00	0.00	3.65	85.09	88.79	0.00	38	0	42	0.00	0.00	65.73	7.68	0.00	0.00	2000
239	11.38	2110	2093	0.00	198	0	0	0	nan	0.00	0.00	4.37	84.05	88.62	0.00	38	0	42	0.00	0.00	66.72	7.68	0.00	0.00	2000
233	11.10	2094	2107	0.00	195	0	0	0	nan	0.00	0.00	5.18	84.05	88.90	0.00	38	0	42	0.00	0.00	65.40	7.54	0.00	0.00	2000
232	11.20	2079	2092	0.00	196	0	0	0	nan	0.00	0.00	4.14	84.44	88.80	0.00	38	0	42	0.00	0.00	64.97	7.50	0.00	0.00	2000
230	11.06	2082	2100	0.00	195	0	0	0	nan	0.00	0.00	4.43	84.59	88.94	0.00	39	0	42	0.00	0.00	62.72	7.10	0.00	0.00	2000
230	10.84	2115	2110	0.00	195	0	0	0	nan	0.00	0.02	4.22	85.45	89.16	0.00	39	0	42	0.00	0.00	67.65	7.85	0.00	0.00	2000
228	10.74	2123	2098	0.00	194	0	0	0	nan	0.00	0.02	3.87	85.34	89.26	0.00	39	0	42	0.00	0.00	62.05	7.35	0.00	0.00	2000
234	11.00	2144	2082	0.00	196	0	0	0	nan	0.00	0.00	4.40	83.83	89.00	0.00	38	0	42	0.00	0.00	63.33	6.96	0.00	0.00	2000
228	11.17	2028	2118	0.00	197	0	0	0	nan	0.00	0.00	5.97	83.67	88.83	0.00	38	0	42	0.00	0.00	67.93	7.76	0.00	0.00	2000
230	11.19	2053	2104	0.00	196	0	0	0	nan	0.00	0.01	4.00	85.01	88.81	0.00	39	0	42	0.00	0.00	65.38	7.41	0.00	0.00	2000
228	10.84	2112	2089	0.00	194	0	0	0	96.77	0.00	0.02	4.19	84.53	89.16	0.00	39	0	42	0.00	0.00	65.30	7.56	0.00	0.00	2000
231	11.31	2032	2107	0.88	194	0	0	24	93.77	0.00	0.00	4.34	84.77	88.69	0.00	39	0	42	0.00	0.00	64.14	7.43	0.00	0.00	2000
232	11.26	2058	2102	0.04	195	0	0	0	nan	0.00	0.01	3.68	85.29	88.74	0.00	39	0	42	0.00	0.00	65.15	7.39	0.00	0.00	2000
230	11.15	2068	2092	0.00	195	0	0	0	nan	0.00	0.00	4.25	84.43	88.85	0.00	39	0	42	0.00	0.00	65.31	7.61	0.00	0.00	2000
228	11.15	2066	2079	0.00	193	0	0	0	nan	0.00	0.00	3.93	84.12	88.85	0.00	39	0	42	0.00	0.00	63.88	7.62	0.00	0.00	2000
231	10.98	2080	2121	0.00	194	0	0	0	nan	0.00	0.00	3.49	86.55	89.02	0.00	39	0	42	0.00	0.00	65.36	7.56	0.00	0.00	2000
230	11.20	2043	2111	0.00	194	0	0	0	nan	0.00	0.00	3.47	85.90	88.80	0.00	39	0	42	0.00	0.00	65.55	7.54	0.00	0.00	2000
231	11.29	2062	2088	0.00	197	0	0	0	nan	0.00	0.00	4.92	83.44	88.71	0.00	39	0	42	0.00	0.00	64.43	7.60	0.00	0.00	2000
209	11.01	2037	1961	0.00	227	0	0	0	nan	0.00	0.00	2.90	80.24	88.99	0.00	38	0	42	0.00	0.00	54.45	6.54	0.00	0.00	2000
360	15.07	2258	2222	0.00	346	0	0	0	nan	0.00	0.04	3.21	86.73	84.93	0.00	37	0	42	0.00	0.00	69.80	7.87	0.00	0.00	2000
251	12.11	2135	2036	0.00	294	0	0	0	nan	0.00	0.02	10.25	75.03	87.89	0.00	37	0	42	0.00	0.00	71.78	8.08	0.00	0.00	2000
236	10.29	2136	2256	0.00	195	0	0	0	nan	0.00	0.02	3.52	92.95	89.71	0.00	37	0	42	0.00	0.00	68.74	7.97	0.00	0.00	2000
232	10.85	2137	2101	0.00	196	0	0	0	nan	0.00	0.00	4.08	85.18	89.15	0.00	38	0	42	0.00	0.00	67.10	7.62	0.00	0.00	2000
229	10.53	2177	2098	0.00	195	0	0	0	nan	0.00	0.03	2.46	86.89	89.47	0.00	38	0	42	0.00	0.00	63.32	7.46	0.00	0.00	2000
229	11.31	2019	2102	0.00	179	0	0	0	nan	0.00	0.03	2.82	85.91	88.69	0.00	38	0	42	0.00	0.00	63.27	7.52	0.00	0.00	2000
228	11.17	2047	2097	0.00	194	0	0	0	nan	0.00	0.02	3.93	84.85	88.83	0.00	38	0	42	0.00	0.00	65.52	7.75	0.00	0.00	2000
228	11.14	2042	2101	0.00	194	0	0	0	nan	0.00	0.00	3.36	85.65	88.86	0.00	38	0	42	0.00	0.00	63.98	7.35	0.00	0.00	2000
228	11.36	2007	2098	0.29	179	0	0	1	82.04	0.00	0.02	2.74	85.91	88.64	0.00	38	0	42	0.00	0.00	65.44	7.69	0.00	0.00	2000
234	11.48	2034	2102	0.40	200	0	0	1	88.31	0.00	0.00	4.95	83.80	88.52	0.00	38	0	42	0.00	0.00	64.22	7.54	0.00	0.00	2000
230	11.00	2092	2100	0.00	197	0	0	0	nan	0.00	0.00	4.86	84.24	89.00	0.00	38	0	42	0.00	0.00	63.07	7.40	0.00	0.00	2000
227	10.94	2078	2098	0.00	179	0	0	0	nan	0.00	0.00	2.91	86.21	89.06	0.00	38	0	42	0.00	0.00	66.05	7.50	0.00	0.00	2000
228	10.99	2078	2098	0.00	194	0	0	0	nan	0.00	0.02	2.95	86.00	89.02	0.00	38	0	42	0.00	0.00	65.00	7.64	0.00	0.00	2000
228	10.93	2084	2107	0.00	196	0	0	0	nan	0.00	0.01	2.91	86.51	89.07	0.00	38	0	42	0.00	0.00	64.23	7.45	0.00	0.00	2000
230	10.72	2152	2097	0.00	195	0	0	0	nan	0.00	0.02	3.57	85.60	89.28	0.00	39	0	42	0.00	0.00	62.94	7.59	0.00	0.00	2000
229	11.16	2062	2090	0.00	196	0	0	0	nan	0.00	0.02	3.39	85.07	88.84	0.00	38	0	42	0.00	0.00	66.17	7.43	0.00	0.00	2000
231	11.38	2035	2095	0.00	179	0	0	0	nan	0.00	0.02	2.97	85.57	88.62	0.00	37	0	42	0.00	0.00	65.09	8.06	0.00	0.00	2000
175	9.57	1839	2088	0.00	195	0	0	0	nan	0.00	0.06	3.48	86.50	90.43	0.00	37	0	42	0.00	0.00	62.02	7.49	0.00	0.00	2000
77	6.94	1093	2122	0.00	212	0	0	0	nan	0.00	0.00	3.51	90.55	93.06	0.00	37	0	42	0.00	0.00	60.28	7.52	0.00	0.00	2000
174	9.73	1839	2044	0.00	181	0	0	0	nan	0.00	0.02	4.01	83.81	90.27	0.00	37	0	42	0.00	0.00	60.37	7.13	0.00	0.00	2000
242	11.30	2084	2155	0.00	194	0	0	0	nan	0.00	0.00	4.38	86.78	88.70	0.00	38	0	42	0.00	0.00	66.37	7.58	0.00	0.00	2000
231	11.23	2059	2095	0.00	203	0	0	0	nan	0.00	0.01	5.09	83.54	88.77	0.00	39	0	42	0.00	0.00	62.59	7.30	0.00	0.00	2000
144	8.80	1638	2101	0.00	200	0	0	0	nan	0.00	0.00	6.11	85.20	91.20	0.00	36	0	42	0.00	0.00	63.21	7.63	0.00	0.00	2000
74	6.96	1079	2076	0.00	200	0	0	0	nan	0.00	0.00	3.47	88.42	93.04	0.00	36	0	42	0.00	0.00	59.05	7.60	0.00	0.00	2000
135	9.23	1527	2008	0.00	219	0	0	0	nan	0.00	0.03	5.68	81.17	90.77	0.00	37	0	42	0.00	0.00	57.21	7.14	0.00	0.00	2000
235	10.70	2077	2224	0.02	195	0	0	3	61.49	0.00	0.00	2.99	91.67	89.30	0.00	37	0	42	0.00	0.00	68.66	8.11	0.00	0.00	2000
229	10.97	2120	2067	0.61	199	0	0	3	73.23	0.00	0.00	4.32	83.35	89.03	0.00	38	0	42	0.00	0.00	63.83	7.53	0.00	0.00	2000
227	11.15	2039	2095	0.00	194	0	0	0	nan	0.00	0.00	3.56	85.19	88.85	0.00	38	0	42	0.00	0.00	64.10	7.28	0.00	0.00	2000
231	11.16	2062	2105	0.00	195	0	0	0	nan	0.01	0.00	3.81	85.35	88.84	0.00	38	0	42	0.00	0.00	64.22	7.49	0.00	0.00	2000
228	11.05	2070	2094	0.00	195	0	0	0	nan	0.00	0.00	3.71	85.04	88.95	0.00	38	0	42	0.00	0.00	64.73	7.45	0.00	0.00	2000
232	10.99	2074	2141	0.00	197	0	0	0	nan	0.00	0.03	4.28	86.54	89.01	0.00	39	0	42	0.00	0.00	64.92	7.45	0.00	0.00	2000
224	10.89	2058	2101	0.00	213	0	0	0	nan	0.00	0.03	5.60	83.60	89.11	0.00	38	0	42	0.00	0.00	64.88	7.36	0.00	0.00	2000
221	10.41	2123	2099	0.00	196	0	0	0	nan	0.00	1.04	3.57	84.96	89.59	0.00	37	0	42	0.00	0.00	64.55	7.44	0.00	0.00	2000
305	13.21	2333	2076	0.00	202	0	0	0	nan	0.00	0.00	6.98	78.99	86.79	0.00	37	0	42	0.00	0.00	67.03	7.56	0.00	0.00	2000
155	10.08	1544	2087	0.00	248	0	0	0	nan	0.00	0.11	7.94	81.52	89.92	0.00	37	0	42	0.00	0.00	64.28	7.76	0.00	0.00	2000
98	8.16	1184	2120	0.00	113	0	0	0	nan	0.00	0.00	8.34	84.36	91.84	0.00	37	0	42	0.00	0.00	60.76	7.43	0.00	0.00	2000
