Avg_MHz	Busy%	Bzy_MHz	TSC_MHz	IPC	IRQ	NMI	SMI	LLCMRPS	LLC%hit	POLL%	C1%	C1E%	C6%	CPU%c1	CPU%c6	CoreTmp	CoreThr	PkgTmp	Pkg%pc2	Pkg%pc6	PkgWatt	RAMWatt	PKG_%	RAM_%	UncMHz
428	20.22	2064	2153	0.00	243	0	0	0	nan	0.01	0.92	37.10	43.95	79.78	0.00	37	0	42	0.00	0.00	68.09	7.71	0.00	0.00	2000
380	18.72	2030	2099	0.00	231	0	0	0	nan	0.04	0.77	38.77	41.74	81.28	0.00	37	0	42	0.00	0.00	67.17	7.89	0.00	0.00	2000
79	6.75	1156	2131	0.00	193	0	0	0	nan	0.00	0.02	4.99	89.58	93.25	0.00	37	0	42	0.00	0.00	58.70	7.29	0.00	0.00	2000
71	6.77	1065	2077	0.00	210	0	0	0	nan	0.00	0.00	3.27	88.96	93.23	0.00	37	0	42	0.00	0.00	56.76	7.24	0.00	0.00	2000
73	6.96	1038	2128	0.00	193	0	0	0	nan	0.00	0.00	2.66	91.74	93.04	0.00	37	0	42	0.00	0.00	57.29	7.34	0.00	0.00	2000
71	6.96	1036	2074	0.00	194	0	0	0	nan	0.00	0.01	2.31	89.76	93.04	0.00	37	0	43	0.00	0.00	58.67	7.45	0.00	0.00	2000
74	7.08	1029	2130	0.00	212	0	0	0	nan	0.01	0.00	3.35	90.95	92.92	0.00	37	0	42	0.00	0.00	60.73	7.81	0.00	0.00	2000
79	6.80	1160	2093	0.00	211	0	0	0	nan	0.00	0.00	7.51	85.33	93.20	0.00	37	0	42	0.00	0.00	59.01	7.43	0.00	0.00	2000
74	6.51	1133	2109	0.00	193	0	0	0	nan	0.00	0.02	3.13	90.81	93.49	0.00	37	0	42	0.00	0.00	57.83	7.36	0.00	0.00	2000
73	6.52	1115	2096	0.00	193	0	0	0	nan	0.00	0.00	3.01	90.28	93.48	0.00	37	0	42	0.00	0.00	58.04	7.48	0.00	0.00	2000
73	6.69	1090	2105	0.00	193	0	0	0	nan	0.00	0.02	3.11	90.53	93.31	0.00	37	0	42	0.00	0.00	57.92	7.49	0.00	0.00	2000
71	6.52	1101	2088	0.00	194	0	0	0	nan	0.00	0.01	3.22	89.72	93.48	0.00	37	0	42	0.00	0.00	57.83	7.30	0.00	0.00	2000
73	6.77	1080	2108	0.00	195	0	0	0	nan	0.00	0.02	3.66	89.99	93.23	0.00	37	0	43	0.00	0.00	57.37	7.36	0.00	0.00	2000
72	6.79	1061	2103	0.00	193	0	0	0	nan	0.00	0.02	3.30	90.05	93.21	0.00	37	0	42	0.00	0.00	57.24	7.26	0.00	0.00	2000
74	6.58	1120	2098	0.00	194	0	0	0	nan	0.00	0.00	2.73	90.64	93.42	0.00	37	0	42	0.00	0.00	58.66	7.43	0.00	0.00	2000
72	6.90	1041	2102	0.00	194	0	0	1	87.85	0.00	0.02	3.72	89.53	93.10	0.00	37	0	42	0.00	0.00	56.90	7.44	0.00	0.00	2000
72	6.65	1099	2060	0.29	194	0	0	1	86.79	0.00	0.01	2.86	88.76	93.35	0.00	37	0	42	0.00	0.00	56.55	7.23	0.00	0.00	2000
78	7.16	1068	2129	0.00	193	0	0	0	nan	0.00	0.00	2.10	92.11	92.84	0.00	37	0	42	0.00	0.00	62.27	7.71	0.00	0.00	2000
228	11.49	2054	2033	0.00	211	0	0	0	nan	0.00	0.85	7.08	77.96	88.51	0.00	37	0	42	0.00	0.00	58.57	7.06	0.00	0.00	2000
235	11.15	2033	2176	0.00	213	0	0	0	nan	0.00	0.02	5.87	86.35	88.85	0.00	38	0	42	0.00	0.00	67.82	7.71	0.00	0.00	2000
227	11.07	2073	2081	0.00	197	0	0	0	nan	0.00	0.03	2.65	85.65	88.93	0.00	38	0	42	0.00	0.00	63.46	7.46	0.00	0.00	2000
232	10.82	2126	2116	0.00	198	0	0	0	nan	0.00	0.03	3.49	86.43	89.18	0.00	38	0	42	0.00	0.00	70.36	8.17	0.00	0.00	2000
231	11.32	2070	2069	0.00	197	0	0	0	nan	0.00	0.00	5.89	81.58	88.68	0.00	38	0	42	0.00	0.00	59.16	7.05	0.00	0.00	2000
227	10.98	2039	2129	0.00	207	0	0	0	nan	0.00	0.07	4.59	85.71	89.02	0.00	39	0	42	0.00	0.00	65.56	7.96	0.00	0.00	2000
222	11.46	1991	2039	0.00	211	0	0	0	nan	0.00	0.00	6.17	79.99	88.54	0.00	37	0	42	0.00	0.00	63.75	7.60	0.00	0.00	2000
234	11.04	2058	2159	0.00	215	0	0	0	nan	0.00	0.00	5.59	85.96	88.96	0.00	37	0	43	0.00	0.00	70.06	8.38	0.00	0.00	2000
231	10.98	2105	2099	0.00	200	0	0	0	nan	0.00	0.00	7.17	81.92	89.02	0.00	38	0	42	0.00	0.00	66.20	7.46	0.00	0.00	2000
231	10.98	2092	2114	0.00	200	0	0	0	nan	0.00	0.00	6.51	83.20	89.02	0.00	38	0	42	0.00	0.00	66.65	7.64	0.00	0.00	2000
233	11.03	2113	2098	0.00	187	0	0	0	nan	0.00	0.03	5.79	83.17	88.97	0.00	38	0	42	0.00	0.00	60.62	6.99	0.00	0.00	2000
227	11.08	2112	2034	0.00	198	0	0	0	nan	0.00	0.00	5.40	80.82	88.92	0.00	39	0	42	0.00	0.00	64.28	7.40	0.00	0.00	2000
230	10.79	2072	2157	0.00	214	0	0	0	nan	0.00	0.03	4.88	86.84	89.21	0.00	39	0	42	0.00	0.00	68.45	7.71	0.00	0.00	2000
232	11.12	2090	2097	0.00	200	0	0	0	nan	0.00	0.00	5.26	83.52	88.88	0.00	39	0	42	0.00	0.00	64.96	7.45	0.00	0.00	2000
230	10.68	2152	2102	0.00	198	0	0	2	84.48	0.00	0.00	5.48	83.91	89.32	0.00	39	0	42	0.00	0.00	65.44	7.45	0.00	0.00	2000
232	11.27	2046	2109	0.86	203	0	0	11	88.10	0.00	0.19	6.70	82.32	88.73	0.00	39	0	43	0.00	0.00	64.65	7.20	0.00	0.00	2000
228	11.24	2055	2075	0.00	197	0	0	0	nan	0.00	0.00	7.35	80.45	88.76	0.00	39	0	42	0.00	0.00	64.77	7.30	0.00	0.00	2000
238	11.62	2033	2115	0.00	201	0	0	0	nan	0.00	0.02	7.17	81.89	88.38	0.00	39	0	42	0.00	0.00	65.87	7.56	0.00	0.00	2000
231	11.50	2007	2105	0.00	200	0	0	0	nan	0.00	0.00	5.89	83.00	88.50	0.00	39	0	43	0.00	0.00	64.76	7.32	0.00	0.00	2000
227	10.98	2091	2079	0.00	199	0	0	0	nan	0.00	0.00	5.87	82.42	89.02	0.00	39	0	42	0.00	0.00	64.76	7.46	0.00	0.00	2000
236	11.58	2021	2116	0.00	200	0	0	0	nan	0.00	0.00	6.08	83.19	88.42	0.00	39	0	42	0.00	0.00	65.07	7.37	0.00	0.00	2000
233	11.08	2088	2112	0.00	199	0	0	0	nan	0.00	0.00	7.46	81.98	88.92	0.00	39	0	42	0.00	0.00	65.56	7.48	0.00	0.00	2000
233	11.32	2057	2102	0.00	200	0	0	0	nan	0.00	0.03	6.52	82.31	88.68	0.00	39	0	42	0.00	0.00	65.44	7.59	0.00	0.00	2000
230	11.07	2093	2087	0.00	198	0	0	0	nan	0.00	0.02	5.99	82.39	88.93	0.00	39	0	43	0.00	0.00	65.53	7.49	0.00	0.00	2000
225	10.96	2072	2081	0.00	198	0	0	0	nan	0.00	0.00	6.69	81.64	89.04	0.00	39	0	42	0.00	0.00	64.97	7.33	0.00	0.00	2000
237	11.31	2065	2132	0.00	198	0	0	0	nan	0.03	0.00	6.43	83.70	88.69	0.00	40	0	42	0.00	0.00	66.49	7.53	0.00	0.00	2000
230	11.18	2065	2094	0.00	204	0	0	0	nan	0.00	0.02	5.01	83.58	88.82	0.00	39	0	42	0.00	0.00	64.23	7.34	0.00	0.00	2000
219	10.61	2060	2107	0.00	247	0	0	0	nan	0.00	0.05	2.86	86.88	89.39	0.00	38	0	42	0.00	0.00	64.67	7.42	0.00	0.00	2000
230	10.81	2133	2100	0.00	206	0	0	0	nan	0.00	0.02	5.10	83.91	89.19	0.00	39	0	42	0.00	0.00	65.95	7.56	0.00	0.00	2000
232	11.31	2061	2094	0.00	215	0	0	0	nan	0.00	0.01	4.08	84.40	88.69	0.00	40	0	43	0.00	0.00	62.80	7.38	0.00	0.00	2000
231	11.49	2009	2100	0.00	204	0	0	0	nan	0.00	0.00	3.96	84.69	88.51	0.00	40	0	42	0.00	0.00	67.46	7.79	0.00	0.00	2000
231	11.09	2081	2102	0.00	202	0	0	2	66.69	0.00	0.02	3.85	85.16	88.91	0.00	40	0	42	0.00	0.00	65.54	7.62	0.00	0.00	2000
232	11.06	2105	2094	0.91	204	0	0	3	70.12	0.00	0.00	3.24	85.58	88.94	0.00	41	0	42	0.00	0.00	59.84	7.06	0.00	0.00	2000
233	11.08	2093	2110	0.00	187	0	0	0	nan	0.00	0.00	3.55	85.92	88.92	0.00	40	0	42	0.00	0.00	66.76	7.84	0.00	0.00	2000
231	11.21	2071	2086	0.00	205	0	0	0	nan	0.00	0.02	3.57	84.73	88.79	0.00	40	0	42	0.00	0.00	64.89	7.52	0.00	0.00	2000
231	11.13	2058	2116	0.00	214	0	0	0	nan	0.00	0.01	2.83	86.82	88.87	0.00	41	0	42	0.00	0.00	66.79	7.84	0.00	0.00	2000
228	11.11	2057	2097	0.00	203	0	0	0	nan	0.00	0.00	3.02	85.90	88.89	0.00	40	0	43	0.00	0.00	64.74	7.66	0.00	0.00	2000
231	11.00	2098	2100	0.00	203	0	0	0	nan	0.00	0.02	2.83	86.22	89.00	0.00	40	0	42	0.00	0.00	65.01	7.72	0.00	0.00	2000
230	10.88	2119	2093	0.00	204	0	0	0	nan	0.00	0.02	3.23	85.70	89.12	0.00	41	0	43	0.00	0.00	63.63	7.50	0.00	0.00	2000
230	11.15	2077	2084	0.00	203	0	0	0	nan	0.00	0.02	2.83	85.44	88.85	0.00	41	0	43	0.00	0.00	64.81	7.71	0.00	0.00	2000
232	10.76	2147	2111	0.00	212	0	0	0	nan	0.00	0.00	2.72	86.98	89.24	0.00	41	0	42	0.00	0.00	65.80	7.84	0.00	0.00	2000
228	11.27	2024	2103	0.00	200	0	0	0	nan	0.00	0.00	2.54	86.46	88.73	0.00	40	0	42	0.00	0.00	66.07	7.89	0.00	0.00	2000
229	11.06	2074	2098	0.00	204	0	0	0	nan	0.00	0.02	2.72	86.23	88.94	0.00	41	0	42	0.00	0.00	63.93	7.50	0.00	0.00	2000
227	11.20	2037	2088	0.00	199	0	0	0	nan	0.00	0.03	2.28	86.03	88.80	0.00	41	0	42	0.00	0.00	63.73	7.60	0.00	0.00	2000
235	11.09	2088	2133	0.00	203	0	0	0	nan	0.00	0.00	2.85	87.51	88.91	0.00	41	0	42	0.00	0.00	66.02	7.94	0.00	0.00	2000
232	11.15	2080	2098	0.00	213	0	0	0	nan	0.00	0.00	3.59	85.28	88.85	0.00	41	0	43	0.00	0.00	65.12	7.74	0.00	0.00	2000
225	10.75	2122	2068	0.00	203	0	0	0	nan	0.00	0.00	3.37	84.53	89.25	0.00	40	0	42	0.00	0.00	65.15	7.69	0.00	0.00	2000
232	11.12	2064	2123	0.00	205	0	0	0	nan	0.00	0.00	2.39	87.61	88.88	0.00	41	0	42	0.00	0.00	65.29	7.98	0.00	0.00	2000
230	10.90	2106	2101	0.00	203	0	0	0	83.58	0.00	0.03	2.84	86.37	89.10	0.00	41	0	43	0.00	0.00	66.74	8.20	0.00	0.00	2000
229	11.24	2039	2098	1.59	202	0	0	23	8.06	0.00	0.00	3.57	85.27	88.76	0.00	42	0	42	0.00	0.00	66.40	8.22	0.00	0.00	2000
228	10.82	2122	2087	0.08	214	0	0	0	nan	0.00	0.00	3.58	85.11	89.18	0.00	42	0	42	0.00	0.00	65.83	8.31	0.00	0.00	2000
225	10.96	2058	2098	0.00	237	0	0	0	nan	0.00	0.00	2.94	86.13	89.04	0.00	42	0	43	0.00	0.00	66.70	8.28	0.00	0.00	2000
246	11.53	2108	2126	0.00	204	0	0	0	nan	0.00	0.06	3.54	86.21	88.47	0.00	41	0	42	0.00	0.00	64.74	8.44	0.00	0.00	2000
228	11.24	2056	2075	0.00	200	0	0	0	nan	0.00	0.02	3.75	84.12	88.76	0.00	42	0	43	0.00	0.00	68.66	8.09	0.00	0.00	2000
231	11.32	2027	2114	0.00	229	0	0	0	nan	0.00	0.00	3.23	86.18	88.68	0.00	42	0	43	0.00	0.00	67.30	8.29	0.00	0.00	2000
230	10.94	2094	2104	0.00	205	0	0	0	nan	0.00	0.03	3.51	85.75	89.06	0.00	42	0	42	0.00	0.00	67.11	8.09	0.00	0.00	2000
225	10.91	2076	2082	0.00	206	0	0	0	nan	0.00	0.00	3.13	85.29	89.09	0.00	41	0	42	0.00	0.00	66.44	8.05	0.00	0.00	2000
230	10.90	2097	2118	0.00	217	0	0	0	nan	0.00	0.02	3.11	86.73	89.10	0.00	42	0	42	0.00	0.00	66.82	8.30	0.00	0.00	2000
234	11.27	2064	2111	0.00	206	0	0	0	nan	0.00	0.00	4.51	84.82	88.73	0.00	42	0	42	0.00	0.00	67.07	8.27	0.00	0.00	2000
224	10.88	2084	2076	0.00	213	0	0	0	nan	0.00	0.00	4.27	83.82	89.12	0.00	42	0	43	0.00	0.00	65.79	8.17	0.00	0.00	2000
225	10.97	2060	2087	0.00	219	0	0	0	nan	0.00	0.00	2.77	85.73	89.03	0.00	42	0	43	0.00	0.00	66.11	8.08	0.00	0.00	2000
229	11.00	2055	2125	0.00	203	0	0	0	nan	0.00	0.02	3.63	86.61	89.00	0.00	42	0	42	0.00	0.00	67.69	8.32	0.00	0.00	2000
229	11.01	2100	2085	0.00	219	0	0	0	nan	0.00	0.02	3.30	85.19	88.99	0.00	42	0	42	0.00	0.00	65.79	8.24	0.00	0.00	2000
232	11.05	2094	2103	0.00	216	0	0	0	nan	0.00	0.00	4.48	84.70	88.95	0.00	42	0	42	0.00	0.00	66.94	8.06	0.00	0.00	2000
231	11.16	2050	2122	0.00	219	0	0	0	nan	0.00	0.02	3.03	86.82	88.84	0.00	41	0	42	0.00	0.00	68.03	8.46	0.00	0.00	2000
223	11.08	2039	2072	0.38	203	0	0	15	9.36	0.00	0.02	3.28	84.59	88.92	0.00	42	0	42	0.00	0.00	64.21	8.12	0.00	0.00	2000
231	11.10	2056	2127	1.12	204	0	0	9	19.61	0.00	0.00	2.89	87.30	88.90	0.00	42	0	42	0.00	0.00	67.98	8.50	0.00	0.00	2000
230	11.38	2018	2101	0.00	228	0	0	0	nan	0.00	0.03	3.72	85.13	88.62	0.00	42	0	42	0.00	0.00	67.03	8.24	0.00	0.00	2000
224	11.06	2053	2074	0.00	203	0	0	0	nan	0.00	0.00	3.26	84.73	88.94	0.00	42	0	42	0.00	0.00	65.32	8.14	0.00	0.00	2000
228	11.14	2047	2101	0.00	206	0	0	0	nan	0.00	0.00	4.57	84.52	88.86	0.00	42	0	43	0.00	0.00	66.93	8.33	0.00	0.00	2000
230	11.05	2057	2124	0.00	221	0	0	0	nan	0.00	0.00	2.81	87.24	88.95	0.00	42	0	43	0.00	0.00	65.74	8.03	0.00	0.00	2000
229	11.10	2072	2091	0.00	203	0	0	0	nan	0.00	0.06	3.59	84.98	88.90	0.00	42	0	42	0.00	0.00	68.52	8.37	0.00	0.00	2000
229	10.83	2110	2101	0.00	210	0	0	0	nan	0.00	0.03	3.10	86.25	89.17	0.00	42	0	43	0.00	0.00	66.27	8.15	0.00	0.00	2000
226	10.71	2115	2091	0.00	204	0	0	0	nan	0.00	0.00	3.10	85.87	89.29	0.00	42	0	43	0.00	0.00	66.66	8.21	0.00	0.00	2000
229	10.84	2111	2105	0.00	203	0	0	0	nan	0.00	0.00	3.25	86.23	89.16	0.00	42	0	42	0.00	0.00	67.38	8.24	0.00	0.00	2000
225	10.81	2096	2084	0.00	203	0	0	0	nan	0.00	0.01	3.09	85.54	89.19	0.00	42	0	43	0.00	0.00	65.68	8.10	0.00	0.00	2000
232	11.26	2051	2107	0.00	204	0	0	0	nan	0.00	0.01	3.60	85.53	88.74	0.00	42	0	43	0.00	0.00	64.99	7.99	0.00	0.00	2000
230	11.23	2023	2122	0.00	211	0	0	0	nan	0.00	0.00	3.08	86.74	88.77	0.00	42	0	42	0.00	0.00	70.17	8.60	0.00	0.00	2000
226	10.84	2101	2083	0.00	203	0	0	0	nan	0.00	0.00	3.37	85.21	89.16	0.00	42	0	42	0.00	0.00	65.85	8.10	0.00	0.00	2000
226	11.01	2055	2095	0.00	220	0	0	0	nan	0.00	0.00	2.66	86.23	88.99	0.00	42	0	42	0.00	0.00	66.32	8.13	0.00	0.00	2000
231	11.19	2050	2114	0.00	203	0	0	0	nan	0.01	0.00	3.18	86.42	88.81	0.00	41	0	43	0.00	0.00	66.70	8.00	0.00	0.00	2000
243	11.56	2101	2106	0.00	204	0	0	0	nan	0.00	0.00	4.07	84.70	88.44	0.00	39	0	42	0.00	0.00	61.53	7.13	0.00	0.00	2000
229	11.40	2067	2037	0.07	204	0	0	2	86.70	0.00	0.00	5.64	80.45	88.60	0.00	38	0	42	0.00	0.00	62.42	7.12	0.00	0.00	2000
230	10.81	2058	2171	0.53	200	0	0	1	90.54	0.00	0.00	6.95	85.38	89.19	0.00	37	0	42	0.00	0.00	66.44	7.70	0.00	0.00	2000
229	10.78	2132	2098	0.00	197	0	0	0	nan	0.00	0.00	5.56	83.56	89.22	0.00	37	0	42	0.00	0.00	65.41	7.58	0.00	0.00	2000
228	10.95	2077	2101	0.00	199	0	0	0	nan	0.00	0.00	5.51	83.61	89.05	0.00	37	0	43	0.00	0.00	66.61	7.72	0.00	0.00	2000
229	11.05	2075	2095	0.00	182	0	0	0	nan	0.00	0.02	6.23	82.57	88.95	0.00	37	0	43	0.00	0.00	64.74	7.37	0.00	0.00	2000
230	11.21	2052	2103	0.00	197	0	0	0	nan	0.00	0.00	5.76	83.25	88.79	0.00	37	0	43	0.00	0.00	60.57	6.99	0.00	0.00	2000
230	11.11	2069	2102	0.00	202	0	0	0	nan	0.00	0.02	6.32	82.76	88.89	0.00	37	0	43	0.00	0.00	65.87	7.67	0.00	0.00	2000
229	11.05	2069	2100	0.00	198	0	0	0	nan	0.00	2.22	4.45	82.38	88.95	0.00	37	0	42	0.00	0.00	63.67	7.29	0.00	0.00	2000
230	10.83	2126	2099	0.00	181	0	0	0	nan	0.00	0.04	4.01	85.23	89.17	0.00	37	0	42	0.00	0.00	63.34	7.30	0.00	0.00	2000
225	11.16	2100	2013	0.00	195	0	0	0	nan	0.00	0.02	6.38	78.80	88.84	0.00	37	0	42	0.00	0.00	62.74	7.15	0.00	0.00	2000
231	10.56	2104	2186	0.00	198	0	0	0	nan	0.00	0.99	6.54	85.70	89.44	0.00	37	0	42	0.00	0.00	65.99	7.49	0.00	0.00	2000
231	11.27	2047	2104	0.00	200	0	0	0	nan	0.00	0.40	7.54	81.05	88.73	0.00	37	0	43	0.00	0.00	65.31	7.52	0.00	0.00	2000
229	11.03	2073	2101	0.00	198	0	0	0	nan	0.00	0.00	7.76	81.29	88.97	0.00	37	0	43	0.00	0.00	65.22	7.45	0.00	0.00	2000
224	11.19	2112	1991	0.00	197	0	0	0	nan	0.00	0.02	5.95	78.30	88.81	0.00	37	0	42	0.00	0.00	61.84	7.00	0.00	0.00	2000
234	10.97	2036	2204	0.00	200	0	0	0	nan	0.00	0.00	5.14	88.42	89.03	0.00	37	0	43	0.00	0.00	65.35	7.81	0.00	0.00	2000
231	11.27	2048	2104	0.00	197	0	0	0	nan	0.00	0.00	6.24	82.77	88.73	0.00	37	0	43	0.00	0.00	66.21	8.19	0.00	0.00	2000
153	9.23	1670	2089	0.00	204	0	0	0	nan	0.00	0.01	8.81	81.54	90.77	0.00	37	0	42	0.00	0.00	62.18	7.67	0.00	0.00	2000
79	6.83	1147	2116	0.00	198	0	0	1	85.72	0.00	0.00	5.43	88.58	93.17	0.00	37	0	42	0.00	0.00	58.86	7.42	0.00	0.00	2000
183	10.18	1793	2102	0.78	207	0	0	4	65.09	0.00	0.02	5.46	84.49	89.82	0.00	39	0	42	0.00	0.00	62.46	7.61	0.00	0.00	2000
228	10.97	2081	2101	0.00	203	0	0	0	nan	0.00	0.01	3.68	85.51	89.04	0.00	40	0	43	0.00	0.00	65.34	7.89	0.00	0.00	2000
228	10.89	2104	2087	0.00	211	0	0	0	nan	0.00	0.02	4.02	84.73	89.11	0.00	41	0	42	0.00	0.00	63.47	7.39	0.00	0.00	2000
154	8.94	1717	2111	0.00	209	0	0	0	nan	0.00	0.03	4.40	87.10	91.06	0.00	38	0	42	0.00	0.00	63.00	7.79	0.00	0.00	2000
76	7.07	1081	2097	0.00	203	0	0	0	nan	0.00	0.00	5.56	87.43	92.93	0.00	38	0	42	0.00	0.00	59.50	7.66	0.00	0.00	2000
170	9.47	1816	2078	0.00	209	0	0	0	nan	0.01	0.00	4.06	85.62	90.53	0.00	39	0	43	0.00	0.00	60.04	7.35	0.00	0.00	2000
231	11.27	2027	2120	0.00	250	0	0	0	nan	0.00	0.00	4.83	84.94	88.73	0.00	40	0	42	0.00	0.00	65.84	7.67	0.00	0.00	2000
230	10.86	2114	2099	0.00	220	0	0	0	nan	0.00	0.00	3.91	85.29	89.14	0.00	41	0	42	0.00	0.00	65.10	7.66	0.00	0.00	2000
230	10.84	2118	2102	0.00	204	0	0	0	nan	0.00	0.01	3.84	85.49	89.16	0.00	41	0	42	0.00	0.00	64.91	7.61	0.00	0.00	2000
228	10.98	2085	2092	0.00	206	0	0	0	nan	0.00	0.03	3.91	84.83	89.02	0.00	41	0	42	0.00	0.00	64.59	7.71	0.00	0.00	2000
229	11.08	2068	2101	0.00	200	0	0	0	nan	0.01	0.00	2.65	86.52	88.92	0.00	41	0	43	0.00	0.00	65.11	7.56	0.00	0.00	2000
231	11.18	2063	2100	0.00	204	0	0	0	nan	0.00	0.03	3.78	85.16	88.82	0.00	39	0	42	0.00	0.00	64.66	7.65	0.00	0.00	2000
235	11.17	2105	2097	0.00	220	0	0	0	nan	0.00	0.02	5.28	83.49	88.83	0.00	39	0	42	0.00	0.00	64.03	7.75	0.00	0.00	2000
229	11.30	2038	2085	0.00	185	0	0	0	nan	0.00	0.00	7.66	80.56	88.70	0.00	38	0	42	0.00	0.00	64.51	7.55	0.00	0.00	2000
227	10.88	2105	2086	0.00	199	0	0	0	nan	0.00	0.02	3.71	84.81	89.12	0.00	39	0	43	0.00	0.00	60.26	7.34	0.00	0.00	2000
276	12.70	2172	2103	0.00	235	0	0	0	nan	0.00	0.01	5.83	81.73	87.30	0.00	38	0	42	0.00	0.00	72.17	8.49	0.00	0.00	2000
256	12.40	2068	2100	0.16	294	0	0	13	63.03	0.00	0.00	10.85	76.85	87.60	0.00	38	0	43	0.00	0.00	62.53	7.49	0.00	0.00	2000
76	7.05	1080	2109	0.23	193	0	0	3	94.51	0.00	0.00	5.10	88.36	92.95	0.00	37	0	42	0.00	0.00	63.09	8.25	0.00	0.00	2000
76	6.65	1129	2129	0.00	194	0	0	0	nan	0.00	0.00	2.86	91.85	93.35	0.00	38	0	42	0.00	0.00	58.09	7.60	0.00	0.00	2000
73	6.51	1122	2108	0.00	193	0	0	0	nan	0.00	0.00	2.90	90.99	93.49	0.00	37	0	42	0.00	0.00	57.70	7.38	0.00	0.00	2000
75	7.14	1049	2090	0.00	195	0	0	0	nan	0.00	0.00	2.96	89.61	92.86	0.00	37	0	43	0.00	0.00	57.41	7.44	0.00	0.00	2000
