Avg_MHz	Busy%	Bzy_MHz	TSC_MHz	IPC	IRQ	NMI	SMI	LLCMRPS	LLC%hit	POLL%	C1%	C1E%	C6%	CPU%c1	CPU%c6	CoreTmp	CoreThr	PkgTmp	Pkg%pc2	Pkg%pc6	PkgWatt	RAMWatt	PKG_%	RAM_%	UncMHz
445	21.15	2294	1925	0.00	253	0	0	0	nan	0.01	1.23	30.12	41.22	78.85	0.00	37	0	42	0.00	0.00	60.18	6.82	0.00	0.00	2000
275	13.96	1755	2356	0.00	266	0	0	0	nan	0.00	0.47	20.42	75.63	86.04	0.00	37	0	42	0.00	0.00	72.08	8.67	0.00	0.00	2000
78	6.60	1166	2122	0.00	212	0	0	0	nan	0.00	0.03	2.81	91.55	93.40	0.00	37	0	42	0.00	0.00	59.85	7.61	0.00	0.00	2000
73	6.66	1096	2106	0.00	194	0	0	0	nan	0.00	0.00	3.46	90.21	93.34	0.00	37	0	42	0.00	0.00	58.19	7.37	0.00	0.00	2000
75	6.57	1136	2103	0.00	194	0	0	0	nan	0.00	0.00	3.67	89.92	93.43	0.00	37	0	42	0.00	0.00	58.23	7.33	0.00	0.00	2000
73	6.51	1126	2099	0.00	195	0	0	0	nan	0.00	0.00	3.31	90.07	93.49	0.00	36	0	42	0.00	0.00	58.61	7.29	0.00	0.00	2000
75	6.44	1157	2099	0.00	194	0	0	0	nan	0.00	0.00	3.18	90.39	93.56	0.00	37	0	42	0.00	0.00	59.51	7.48	0.00	0.00	2000
74	6.63	1112	2092	0.00	177	0	0	0	nan	0.00	0.00	2.96	89.97	93.37	0.00	37	0	42	0.00	0.00	59.35	7.35	0.00	0.00	2000
74	6.91	1072	2087	0.00	194	0	0	0	nan	0.00	0.02	3.83	88.62	93.09	0.00	37	0	42	0.00	0.00	57.19	7.13	0.00	0.00	2000
73	7.01	1025	2118	0.00	210	0	0	0	nan	0.00	0.00	4.07	89.74	92.99	0.00	37	0	42	0.00	0.00	57.59	7.23	0.00	0.00	2000
72	6.58	1107	2082	0.00	194	0	0	0	nan	0.00	0.00	3.67	88.97	93.42	0.00	37	0	42	0.00	0.00	56.44	7.21	0.00	0.00	2000
79	6.91	1129	2125	0.00	193	0	0	0	nan	0.00	0.00	2.50	91.76	93.09	0.00	37	0	42	0.00	0.00	58.94	7.41	0.00	0.00	2000
72	6.67	1087	2095	0.00	194	0	0	0	nan	0.00	0.02	2.99	90.17	93.33	0.00	37	0	42	0.00	0.00	59.00	7.50	0.00	0.00	2000
73	6.53	1118	2110	0.00	194	0	0	0	nan	0.00	0.02	2.53	91.37	93.47	0.00	37	0	42	0.00	0.00	60.63	7.59	0.00	0.00	2000
73	6.72	1098	2091	0.00	178	0	0	0	nan	0.00	0.01	3.02	89.98	93.28	0.00	37	0	43	0.00	0.00	58.45	7.37	0.00	0.00	2000
72	6.37	1132	2095	0.00	194	0	0	1	87.50	0.00	0.00	3.26	90.07	93.63	0.00	37	0	42	0.00	0.00	57.16	7.19	0.00	0.00	2000
75	6.89	1077	2110	0.30	194	0	0	2	86.41	0.00	0.00	3.56	90.02	93.11	0.00	37	0	42	0.00	0.00	56.34	7.19	0.00	0.00	2000
114	7.98	1451	2063	0.00	202	0	0	0	nan	0.01	0.70	3.36	86.32	92.02	0.00	37	0	42	0.00	0.00	57.71	7.12	0.00	0.00	2000
235	10.89	2121	2134	0.00	232	0	0	0	nan	0.00	0.02	2.94	87.63	89.11	0.00	39	0	42	0.00	0.00	70.70	7.94	0.00	0.00	2000
238	11.43	2074	2106	0.00	215	0	0	0	nan	0.00	0.06	6.85	82.06	88.57	0.00	39	0	42	0.00	0.00	64.92	7.42	0.00	0.00	2000
231	11.10	2082	2099	0.00	200	0	0	0	nan	0.00	0.02	3.32	85.63	88.90	0.00	40	0	42	0.00	0.00	64.76	7.42	0.00	0.00	2000
238	11.98	2121	1964	0.00	187	0	0	0	nan	0.01	0.00	6.76	75.73	88.02	0.00	39	0	42	0.00	0.00	58.04	6.60	0.00	0.00	2000
237	10.75	2066	2239	0.00	214	0	0	0	nan	0.00	0.00	9.57	85.71	89.25	0.00	37	0	42	0.00	0.00	68.10	8.84	0.00	0.00	2000
221	12.63	2102	1746	0.00	199	0	0	0	nan	0.00	0.00	7.09	65.61	87.37	0.00	37	0	42	0.00	0.00	54.93	6.31	0.00	0.00	2000
246	10.27	1991	2533	0.00	245	0	0	0	nan	0.00	0.02	5.96	102.42	89.73	0.00	37	0	42	0.00	0.00	80.80	9.84	0.00	0.00	2000
231	11.37	2030	2104	0.00	203	0	0	0	nan	0.00	0.02	5.53	83.38	88.63	0.00	37	0	42	0.00	0.00	66.12	7.76	0.00	0.00	2000
232	11.36	2049	2091	0.00	197	0	0	0	nan	0.00	0.00	8.27	80.18	88.64	0.00	38	0	42	0.00	0.00	63.24	7.15	0.00	0.00	2000
230	10.98	2085	2114	0.00	196	0	0	0	nan	0.00	0.06	5.39	84.23	89.02	0.00	38	0	42	0.00	0.00	65.86	7.60	0.00	0.00	2000
229	11.39	2080	2030	0.00	199	0	0	0	nan	0.00	0.02	4.73	80.97	88.61	0.00	38	0	42	0.00	0.00	62.52	7.34	0.00	0.00	2000
233	11.05	2081	2128	0.00	196	0	0	0	nan	0.00	0.01	5.97	84.22	88.95	0.00	38	0	43	0.00	0.00	64.74	7.57	0.00	0.00	2000
232	10.95	2077	2144	0.00	201	0	0	0	nan	0.00	0.02	7.03	83.93	89.05	0.00	38	0	43	0.00	0.00	66.24	7.61	0.00	0.00	2000
229	11.20	2080	2059	0.00	199	0	0	0	nan	0.00	0.01	6.33	80.84	88.80	0.00	39	0	42	0.00	0.00	65.94	7.43	0.00	0.00	2000
229	11.12	2101	2055	0.00	194	0	0	7	84.52	0.00	0.01	5.98	81.12	88.88	0.00	39	0	42	0.00	0.00	63.20	7.17	0.00	0.00	2000
231	10.94	2052	2162	0.79	198	0	0	5	89.85	0.00	0.00	4.39	87.41	89.06	0.00	38	0	42	0.00	0.00	64.87	7.49	0.00	0.00	2000
220	10.99	2063	2038	0.00	200	0	0	0	nan	0.01	0.01	3.84	82.65	89.01	0.00	37	0	42	0.00	0.00	59.90	6.74	0.00	0.00	2000
235	10.91	2085	2170	0.00	237	0	0	0	nan	0.00	0.04	5.55	86.59	89.09	0.00	37	0	42	0.00	0.00	72.55	8.61	0.00	0.00	2000
233	11.09	2090	2116	0.00	198	0	0	0	nan	0.00	0.04	5.48	84.19	88.91	0.00	37	0	42	0.00	0.00	66.97	7.82	0.00	0.00	2000
231	10.92	2106	2110	0.00	197	0	0	0	nan	0.00	0.02	4.51	85.00	89.08	0.00	37	0	42	0.00	0.00	65.69	7.55	0.00	0.00	2000
230	11.37	2043	2076	0.00	198	0	0	0	nan	0.00	0.00	4.08	83.60	88.63	0.00	38	0	42	0.00	0.00	65.11	7.57	0.00	0.00	2000
231	11.22	2052	2110	0.00	220	0	0	0	nan	0.00	0.01	5.45	83.88	88.78	0.00	38	0	42	0.00	0.00	63.03	7.09	0.00	0.00	2000
232	11.28	2058	2103	0.00	200	0	0	0	nan	0.00	0.00	6.28	82.67	88.72	0.00	38	0	43	0.00	0.00	64.76	7.63	0.00	0.00	2000
228	11.24	2026	2103	0.00	200	0	0	0	nan	0.00	0.04	7.23	81.76	88.76	0.00	38	0	42	0.00	0.00	68.68	7.88	0.00	0.00	2000
229	10.80	2140	2085	0.00	198	0	0	0	nan	0.00	0.00	4.14	84.50	89.20	0.00	38	0	42	0.00	0.00	64.91	7.46	0.00	0.00	2000
235	11.21	2077	2116	0.00	198	0	0	0	nan	0.00	0.02	3.99	85.54	88.79	0.00	39	0	42	0.00	0.00	65.62	7.51	0.00	0.00	2000
230	10.99	2102	2094	0.00	202	0	0	0	nan	0.00	0.02	4.36	84.51	89.01	0.00	39	0	42	0.00	0.00	65.65	7.52	0.00	0.00	2000
251	11.90	2127	2085	0.00	199	0	0	0	nan	0.00	0.02	4.54	82.95	88.10	0.00	39	0	42	0.00	0.00	63.96	7.25	0.00	0.00	2000
232	10.80	2128	2117	0.00	198	0	0	0	nan	0.00	0.47	4.64	84.86	89.20	0.00	40	0	42	0.00	0.00	64.62	7.58	0.00	0.00	2000
236	10.99	2123	2121	0.00	199	0	0	0	nan	0.00	1.03	3.99	84.99	89.01	0.00	39	0	43	0.00	0.00	67.22	7.62	0.00	0.00	2000
231	11.21	2065	2097	0.00	198	0	0	0	nan	0.00	0.02	5.57	83.18	88.79	0.00	39	0	42	0.00	0.00	65.75	7.65	0.00	0.00	2000
230	11.08	2086	2092	0.09	201	0	0	27	90.70	0.00	1.02	5.38	82.33	88.92	0.00	39	0	43	0.00	0.00	66.29	7.63	0.00	0.00	2000
234	11.30	2064	2106	0.52	197	0	0	27	90.79	0.00	0.01	5.74	83.27	88.70	0.00	39	0	43	0.00	0.00	65.98	7.55	0.00	0.00	2000
234	11.51	2038	2099	0.00	200	0	0	0	nan	0.00	0.00	5.67	82.92	88.49	0.00	39	0	42	0.00	0.00	64.76	7.40	0.00	0.00	2000
223	12.14	2108	1831	0.00	198	0	0	0	nan	0.00	0.00	5.00	71.67	87.86	0.00	38	0	42	0.00	0.00	54.24	6.35	0.00	0.00	2000
222	10.23	1905	2394	0.00	247	0	0	0	nan	0.00	0.02	5.37	97.13	89.77	0.00	39	0	43	0.00	0.00	74.71	8.69	0.00	0.00	2000
233	11.04	2101	2114	0.00	219	0	0	0	nan	0.00	0.05	4.52	85.06	88.96	0.00	39	0	42	0.00	0.00	66.04	7.73	0.00	0.00	2000
229	10.93	2095	2099	0.00	204	0	0	0	nan	0.03	0.00	3.24	85.85	89.07	0.00	40	0	42	0.00	0.00	66.54	7.71	0.00	0.00	2000
516	23.14	2421	1934	0.00	210	0	0	0	nan	0.00	0.09	4.83	66.01	76.86	0.00	38	0	42	0.00	0.00	63.56	7.08	0.00	0.00	2000
311	12.64	2254	2296	0.00	272	0	0	0	nan	0.00	0.02	5.68	89.87	87.36	0.00	38	0	42	0.00	0.00	76.44	8.64	0.00	0.00	2000
222	10.87	2038	2105	0.00	237	0	0	0	nan	0.00	0.04	11.47	77.96	89.13	0.00	38	0	43	0.00	0.00	65.78	7.61	0.00	0.00	2000
90	7.29	1243	2090	0.00	160	0	0	0	nan	0.00	0.00	5.83	86.41	92.71	0.00	37	0	42	0.00	0.00	57.13	7.15	0.00	0.00	2000
