Avg_MHz	Busy%	Bzy_MHz	TSC_MHz	IPC	IRQ	NMI	SMI	LLCMRPS	LLC%hit	POLL%	C1%	C1E%	C6%	CPU%c1	CPU%c6	CoreTmp	CoreThr	PkgTmp	Pkg%pc2	Pkg%pc6	PkgWatt	RAMWatt	PKG_%	RAM_%	UncMHz
393	19.30	2020	2118	0.00	252	0	0	0	nan	0.00	0.44	42.50	38.55	80.70	0.00	38	0	42	0.00	0.00	64.40	7.42	0.00	0.00	2000
406	18.33	2193	2123	0.00	247	0	0	0	nan	0.00	1.59	20.20	60.87	81.67	0.00	37	0	42	0.00	0.00	67.18	7.69	0.00	0.00	2000
78	7.00	1111	2117	0.00	194	0	0	0	nan	0.00	0.00	4.52	89.27	93.00	0.00	37	0	42	0.00	0.00	58.99	7.52	0.00	0.00	2000
74	6.84	1085	2101	0.00	194	0	0	0	nan	0.00	0.05	2.95	90.25	93.16	0.00	37	0	42	0.00	0.00	60.92	7.73	0.00	0.00	2000
75	6.89	1084	2104	0.00	197	0	0	0	nan	0.00	0.00	4.13	89.34	93.11	0.00	37	0	42	0.00	0.00	58.62	7.58	0.00	0.00	2000
73	6.73	1083	2093	0.00	194	0	0	0	nan	0.01	0.00	2.96	90.00	93.27	0.00	37	0	42	0.00	0.00	58.55	7.43	0.00	0.00	2000
73	6.56	1124	2089	0.00	193	0	0	0	nan	0.00	0.00	2.73	90.23	93.44	0.00	36	0	42	0.00	0.00	57.81	7.44	0.00	0.00	2000
72	6.41	1132	2092	0.00	194	0	0	0	nan	0.01	0.01	2.34	90.89	93.59	0.00	37	0	42	0.00	0.00	56.19	7.13	0.00	0.00	2000
74	6.40	1150	2101	0.00	193	0	0	0	nan	0.00	0.01	1.77	91.88	93.60	0.00	36	0	42	0.00	0.00	57.93	7.42	0.00	0.00	2000
74	6.72	1084	2124	0.00	194	0	0	0	nan	0.00	0.02	2.38	92.02	93.28	0.00	37	0	42	0.00	0.00	61.85	7.87	0.00	0.00	2000
72	6.70	1089	2067	0.00	192	0	0	0	nan	0.00	0.00	2.68	89.12	93.30	0.00	37	0	42	0.00	0.00	56.25	7.18	0.00	0.00	2000
73	6.89	1043	2132	0.00	210	0	0	0	nan	0.00	0.03	4.34	90.22	93.11	0.00	37	0	42	0.00	0.00	60.60	7.31	0.00	0.00	2000
73	6.54	1116	2103	0.00	193	0	0	0	nan	0.00	0.00	3.53	90.02	93.46	0.00	37	0	42	0.00	0.00	58.66	7.77	0.00	0.00	2000
72	6.42	1130	2092	0.00	193	0	0	0	nan	0.00	0.02	3.16	90.02	93.58	0.00	37	0	42	0.00	0.00	57.86	7.28	0.00	0.00	2000
78	7.16	1099	2076	0.00	195	0	0	0	nan	0.00	0.00	3.37	88.47	92.84	0.00	37	0	42	0.00	0.00	57.51	7.15	0.00	0.00	2000
73	6.64	1088	2125	0.00	194	0	0	0	89.28	0.00	0.03	2.61	91.87	93.36	0.00	37	0	42	0.00	0.00	60.12	7.49	0.00	0.00	2000
73	6.40	1146	2087	0.29	193	0	0	1	86.46	0.00	0.01	2.38	90.57	93.60	0.00	36	0	42	0.00	0.00	57.92	7.28	0.00	0.00	2000
72	6.38	1133	2096	0.02	194	0	0	0	nan	0.00	0.00	2.34	91.09	93.62	0.00	37	0	42	0.00	0.00	58.56	7.55	0.00	0.00	2000
186	10.09	1849	2092	0.00	216	0	0	0	nan	0.00	0.72	4.04	84.98	89.91	0.00	38	0	42	0.00	0.00	63.48	7.40	0.00	0.00	2000
232	11.42	2037	2096	0.00	204	0	0	0	nan	0.00	0.01	5.23	83.34	88.58	0.00	39	0	42	0.00	0.00	65.09	7.63	0.00	0.00	2000
232	11.27	2034	2123	0.00	228	0	0	0	nan	0.00	0.00	4.52	85.38	88.74	0.00	40	0	42	0.00	0.00	65.54	7.56	0.00	0.00	2000
227	10.79	2117	2082	0.00	202	0	0	0	nan	0.00	0.00	3.63	84.93	89.21	0.00	40	0	42	0.00	0.00	64.24	7.26	0.00	0.00	2000
236	11.48	2040	2120	0.00	200	0	0	0	nan	0.00	0.05	5.15	84.28	88.52	0.00	38	0	42	0.00	0.00	63.14	7.66	0.00	0.00	2000
225	11.08	2042	2087	0.00	198	0	0	0	nan	0.00	0.01	4.20	84.32	88.92	0.00	38	0	42	0.00	0.00	65.26	8.10	0.00	0.00	2000
223	10.82	2078	2080	0.00	200	0	0	0	nan	0.00	0.01	7.77	80.61	89.18	0.00	37	0	42	0.00	0.00	63.55	7.60	0.00	0.00	2000
236	11.23	2072	2133	0.00	202	0	0	0	nan	0.00	0.02	5.01	85.23	88.77	0.00	37	0	42	0.00	0.00	66.40	8.13	0.00	0.00	2000
231	11.26	2090	2062	0.00	198	0	0	0	nan	0.00	0.02	6.26	80.96	88.74	0.00	38	0	42	0.00	0.00	65.48	7.82	0.00	0.00	2000
227	10.99	2041	2123	0.00	215	0	0	0	nan	0.00	0.00	6.44	83.60	89.01	0.00	38	0	42	0.00	0.00	63.87	7.42	0.00	0.00	2000
229	10.92	2104	2092	0.00	200	0	0	0	nan	0.00	0.00	3.73	85.07	89.08	0.00	39	0	42	0.00	0.00	64.63	7.42	0.00	0.00	2000
233	11.01	2112	2103	0.00	200	0	0	0	nan	0.00	0.02	4.49	84.74	88.99	0.00	38	0	42	0.00	0.00	65.33	7.69	0.00	0.00	2000
229	10.86	2111	2095	0.00	197	0	0	0	nan	0.00	0.00	4.55	84.46	89.14	0.00	39	0	42	0.00	0.00	64.47	7.35	0.00	0.00	2000
235	11.06	2095	2134	0.00	197	0	0	0	nan	0.00	0.45	2.42	87.53	88.94	0.00	39	0	42	0.00	0.00	67.56	7.89	0.00	0.00	2000
238	11.41	2115	2076	0.00	267	0	0	2	89.65	0.00	1.47	4.01	82.29	88.59	0.00	39	0	42	0.00	0.00	64.16	7.45	0.00	0.00	2000
232	10.90	2125	2100	0.77	198	0	0	11	80.79	0.00	0.02	3.75	85.43	89.10	0.00	39	0	42	0.00	0.00	66.38	7.53	0.00	0.00	2000
233	11.25	2066	2107	0.00	220	0	0	0	nan	0.00	0.02	5.25	83.79	88.75	0.00	39	0	42	0.00	0.00	63.37	7.26	0.00	0.00	2000
230	11.08	2090	2085	0.00	199	0	0	0	nan	0.00	0.00	7.48	80.90	88.92	0.00	38	0	42	0.00	0.00	64.74	7.45	0.00	0.00	2000
233	11.10	2075	2120	0.00	199	0	0	0	nan	0.00	0.00	6.51	83.27	88.90	0.00	39	0	42	0.00	0.00	68.25	7.80	0.00	0.00	2000
231	11.39	2023	2100	0.00	197	0	0	0	nan	0.00	0.01	4.17	84.60	88.61	0.00	39	0	42	0.00	0.00	61.92	7.15	0.00	0.00	2000
234	11.08	2098	2114	0.00	198	0	0	0	nan	0.00	0.02	5.30	84.18	88.92	0.00	39	0	42	0.00	0.00	66.26	7.60	0.00	0.00	2000
230	11.47	2012	2093	0.00	203	0	0	0	nan	0.00	0.02	6.01	82.40	88.53	0.00	40	0	42	0.00	0.00	64.74	7.36	0.00	0.00	2000
229	10.65	2175	2073	0.00	199	0	0	0	nan	0.00	0.01	5.49	82.58	89.35	0.00	39	0	42	0.00	0.00	65.20	7.38	0.00	0.00	2000
237	11.28	2067	2132	0.00	198	0	0	0	nan	0.00	0.00	5.39	84.80	88.72	0.00	39	0	42	0.00	0.00	65.40	7.66	0.00	0.00	2000
224	11.39	2030	2033	0.00	199	0	0	0	nan	0.00	0.00	3.30	82.61	88.61	0.00	39	0	42	0.00	0.00	65.05	7.51	0.00	0.00	2000
235	11.16	2046	2162	0.00	215	0	0	0	nan	0.00	1.11	2.42	88.14	88.84	0.00	39	0	42	0.00	0.00	64.21	7.42	0.00	0.00	2000
236	11.08	2118	2113	0.00	205	0	0	0	nan	0.00	0.06	3.69	85.84	88.92	0.00	40	0	42	0.00	0.00	66.57	7.65	0.00	0.00	2000
224	11.00	2076	2063	0.00	198	0	0	0	nan	0.00	0.07	3.77	83.67	89.00	0.00	40	0	42	0.00	0.00	63.91	7.20	0.00	0.00	2000
225	12.22	2090	1854	0.00	199	0	0	0	nan	0.00	0.08	2.20	75.34	87.78	0.00	37	0	42	0.00	0.00	57.16	6.61	0.00	0.00	2000
234	9.87	2083	2393	0.00	232	0	0	0	nan	0.01	0.03	4.08	98.60	90.13	0.00	39	0	42	0.00	0.00	76.35	8.88	0.00	0.00	2000
223	11.47	2054	1988	0.00	206	0	0	0	nan	0.00	0.00	4.93	78.98	88.53	0.00	40	0	42	0.00	0.00	59.35	7.01	0.00	0.00	2000
219	10.31	2054	2172	0.12	219	0	0	21	70.88	0.00	0.00	6.06	86.68	89.69	0.00	37	0	42	0.00	0.00	59.28	6.85	0.00	0.00	2000
155	8.81	1724	2146	0.56	266	0	0	11	84.53	0.01	0.00	7.15	86.05	91.19	0.00	37	0	42	0.00	0.00	75.19	8.90	0.00	0.00	2000
114	8.68	1323	2082	0.00	231	0	0	0	nan	0.00	0.00	12.86	77.66	91.32	0.00	37	0	42	0.00	0.00	56.62	7.18	0.00	0.00	2000
130	9.39	1348	2166	0.00	82	0	0	0	nan	0.00	0.00	10.96	82.50	90.61	0.00	37	0	42	0.00	0.00	63.82	7.89	0.00	0.00	2000
