Avg_MHz	Busy%	Bzy_MHz	TSC_MHz	IPC	IRQ	NMI	SMI	LLCMRPS	LLC%hit	POLL%	C1%	C1E%	C6%	CPU%c1	CPU%c6	CoreTmp	CoreThr	PkgTmp	Pkg%pc2	Pkg%pc6	PkgWatt	RAMWatt	PKG_%	RAM_%	UncMHz
237	12.76	1841	2120	0.00	240	0	0	0	nan	0.00	0.06	34.42	53.57	87.24	0.00	37	0	43	0.00	0.00	63.77	7.88	0.00	0.00	2000
402	19.95	2005	2112	0.00	218	0	0	0	nan	0.02	0.70	20.82	59.08	80.05	0.00	37	0	43	0.00	0.00	65.19	7.51	0.00	0.00	2000
372	18.44	2027	2087	0.00	235	0	0	0	nan	0.01	0.42	27.97	52.78	81.56	0.00	37	0	42	0.00	0.00	68.75	8.11	0.00	0.00	2000
76	6.72	1127	2112	0.00	194	0	0	0	nan	0.00	0.02	2.91	90.78	93.28	0.00	37	0	42	0.00	0.00	57.12	7.21	0.00	0.00	2000
74	6.93	1059	2129	0.00	209	0	0	0	nan	0.00	0.00	4.20	90.11	93.07	0.00	37	0	42	0.00	0.00	57.34	7.31	0.00	0.00	2000
105	7.62	1387	2096	0.00	193	0	0	0	nan	0.00	0.02	3.45	88.78	92.38	0.00	37	0	42	0.00	0.00	59.76	7.48	0.00	0.00	2000
72	6.38	1149	2068	0.00	195	0	0	0	nan	0.00	0.02	3.40	88.79	93.62	0.00	37	0	43	0.00	0.00	56.77	7.16	0.00	0.00	2000
73	6.73	1066	2128	0.00	194	0	0	0	nan	0.00	0.00	1.79	92.79	93.27	0.00	37	0	43	0.00	0.00	61.37	7.93	0.00	0.00	2000
74	6.48	1152	2087	0.00	193	0	0	0	nan	0.00	0.03	2.52	90.42	93.52	0.00	37	0	43	0.00	0.00	58.36	7.56	0.00	0.00	2000
73	6.66	1088	2112	0.00	194	0	0	0	nan	0.00	0.01	2.50	91.33	93.34	0.00	37	0	43	0.00	0.00	58.17	7.44	0.00	0.00	2000
73	6.67	1091	2108	0.00	193	0	0	0	nan	0.01	0.00	3.19	90.61	93.33	0.00	37	0	43	0.00	0.00	57.50	7.35	0.00	0.00	2000
72	6.50	1115	2080	0.00	196	0	0	0	nan	0.00	0.00	2.12	90.48	93.50	0.00	37	0	43	0.00	0.00	57.19	7.30	0.00	0.00	2000
71	6.79	1054	2087	0.00	210	0	0	0	nan	0.00	0.01	3.33	89.31	93.21	0.00	37	0	43	0.00	0.00	55.22	7.21	0.00	0.00	2000
73	6.92	1044	2135	0.00	193	0	0	0	nan	0.00	0.00	1.92	92.81	93.08	0.00	37	0	42	0.00	0.00	60.24	7.81	0.00	0.00	2000
74	6.75	1093	2097	0.00	192	0	0	0	nan	0.00	0.00	2.70	90.54	93.25	0.00	37	0	43	0.00	0.00	58.41	7.39	0.00	0.00	2000
72	6.33	1137	2106	0.00	194	0	0	1	89.11	0.00	0.02	2.79	91.08	93.67	0.00	37	0	42	0.00	0.00	57.83	7.72	0.00	0.00	2000
72	6.33	1160	2068	0.07	192	0	0	1	85.28	0.00	0.00	3.18	89.08	93.67	0.00	37	0	42	0.00	0.00	55.13	7.07	0.00	0.00	2000
73	6.89	1043	2130	0.00	194	0	0	0	nan	0.00	0.03	2.05	92.48	93.11	0.00	37	0	43	0.00	0.00	63.78	7.76	0.00	0.00	2000
73	6.49	1121	2095	0.00	193	0	0	0	nan	0.00	0.01	3.05	90.16	93.51	0.00	37	0	43	0.00	0.00	57.78	7.64	0.00	0.00	2000
230	11.55	2061	2032	0.00	212	0	0	0	nan	0.00	0.92	6.66	78.19	88.45	0.00	38	0	43	0.00	0.00	60.16	7.07	0.00	0.00	2000
237	11.25	2033	2173	0.00	217	0	0	0	nan	0.01	0.00	7.35	84.64	88.75	0.00	39	0	43	0.00	0.00	67.50	7.92	0.00	0.00	2000
226	10.76	2136	2069	0.00	200	0	0	0	nan	0.00	0.00	4.65	83.31	89.24	0.00	39	0	43	0.00	0.00	61.60	7.17	0.00	0.00	2000
233	11.26	2059	2110	0.00	199	0	0	0	nan	0.00	0.00	3.89	85.37	88.74	0.00	40	0	43	0.00	0.00	67.01	7.84	0.00	0.00	2000
233	10.79	2153	2109	0.00	201	0	0	0	nan	0.00	0.00	4.04	85.54	89.21	0.00	38	0	42	0.00	0.00	66.14	8.29	0.00	0.00	2000
228	10.64	2133	2112	0.00	203	0	0	0	nan	0.01	0.56	3.58	85.86	89.36	0.00	38	0	42	0.00	0.00	62.92	7.62	0.00	0.00	2000
224	10.78	2080	2098	0.00	198	0	0	0	nan	0.00	0.00	4.48	84.69	89.22	0.00	37	0	43	0.00	0.00	65.24	7.80	0.00	0.00	2000
233	11.00	2123	2091	0.00	199	0	0	0	nan	0.00	0.05	2.59	86.09	89.00	0.00	38	0	43	0.00	0.00	66.35	7.94	0.00	0.00	2000
232	11.40	2028	2111	0.00	200	0	0	0	nan	0.00	0.06	3.28	85.87	88.60	0.00	38	0	43	0.00	0.00	65.91	7.67	0.00	0.00	2000
229	11.12	2072	2089	0.00	199	0	0	0	nan	0.00	0.01	4.26	84.25	88.88	0.00	38	0	43	0.00	0.00	64.73	7.50	0.00	0.00	2000
232	11.45	2023	2108	0.00	204	0	0	0	nan	0.00	0.00	5.91	83.09	88.55	0.00	39	0	42	0.00	0.00	65.28	7.65	0.00	0.00	2000
222	11.35	2028	2027	0.00	198	0	0	0	nan	0.00	0.02	5.83	79.81	88.65	0.00	39	0	43	0.00	0.00	61.98	7.24	0.00	0.00	2000
236	10.94	2083	2175	0.00	215	0	0	0	nan	0.00	0.02	6.43	85.81	89.06	0.00	39	0	42	0.00	0.00	68.07	7.95	0.00	0.00	2000
234	10.88	2149	2105	0.00	199	0	0	2	77.98	0.00	0.00	6.63	82.76	89.12	0.00	39	0	43	0.00	0.00	65.54	7.64	0.00	0.00	2000
231	10.87	2117	2103	0.75	199	0	0	11	83.59	0.00	0.00	6.58	82.80	89.13	0.00	39	0	42	0.00	0.00	65.52	7.59	0.00	0.00	2000
234	11.01	2127	2100	0.00	205	0	0	0	nan	0.00	0.02	7.52	81.48	88.99	0.00	39	0	43	0.00	0.00	64.81	7.69	0.00	0.00	2000
228	11.26	2073	2051	0.00	198	0	0	0	nan	0.00	0.00	5.94	80.82	88.74	0.00	39	0	43	0.00	0.00	63.17	7.49	0.00	0.00	2000
221	11.29	2041	2012	0.00	200	0	0	0	nan	0.00	0.00	6.88	78.18	88.71	0.00	38	0	43	0.00	0.00	59.13	6.99	0.00	0.00	2000
244	11.23	2072	2204	0.00	230	0	0	0	nan	0.00	0.02	2.97	90.21	88.77	0.00	39	0	43	0.00	0.00	69.96	8.38	0.00	0.00	2000
210	10.38	2013	2109	0.00	224	0	0	0	nan	0.00	0.02	8.80	81.27	89.62	0.00	38	0	43	0.00	0.00	65.53	7.73	0.00	0.00	2000
115	8.58	1319	2129	0.00	246	0	0	0	nan	0.00	0.04	9.26	83.46	91.42	0.00	38	0	43	0.00	0.00	63.66	8.06	0.00	0.00	2000
