Avg_MHz	Busy%	Bzy_MHz	TSC_MHz	IPC	IRQ	NMI	SMI	LLCMRPS	LLC%hit	POLL%	C1%	C1E%	C6%	CPU%c1	CPU%c6	CoreTmp	CoreThr	PkgTmp	Pkg%pc2	Pkg%pc6	PkgWatt	RAMWatt	PKG_%	RAM_%	UncMHz
434	20.31	2012	2229	0.00	261	0	0	0	nan	0.00	0.28	45.95	38.40	79.69	0.00	37	0	42	0.00	0.00	69.19	7.95	0.00	0.00	2000
414	19.13	2184	2083	0.00	227	0	0	0	nan	0.01	1.14	18.99	60.34	80.87	0.00	37	0	42	0.00	0.00	67.61	7.66	0.00	0.00	2000
77	7.23	1062	2108	0.00	210	0	0	0	nan	0.00	0.00	5.22	87.99	92.77	0.00	37	0	42	0.00	0.00	58.90	7.43	0.00	0.00	2000
73	7.10	1017	2134	0.00	196	0	0	0	nan	0.00	0.00	3.93	90.57	92.90	0.00	36	0	42	0.00	0.00	60.91	7.72	0.00	0.00	2000
72	6.82	1068	2071	0.00	193	0	0	0	nan	0.00	0.02	3.02	88.93	93.18	0.00	36	0	42	0.00	0.00	57.03	6.94	0.00	0.00	2000
74	6.73	1076	2132	0.00	194	0	0	0	nan	0.00	0.02	2.04	92.72	93.27	0.00	36	0	42	0.00	0.00	60.51	7.49	0.00	0.00	2000
75	6.51	1154	2084	0.00	196	0	0	0	nan	0.00	0.00	3.20	89.43	93.49	0.00	36	0	42	0.00	0.00	59.68	7.42	0.00	0.00	2000
73	6.81	1066	2114	0.00	194	0	0	0	nan	0.00	0.00	2.55	91.32	93.19	0.00	37	0	42	0.00	0.00	58.30	7.30	0.00	0.00	2000
74	6.84	1096	2073	0.00	196	0	0	0	nan	0.00	0.00	4.44	87.53	93.16	0.00	37	0	42	0.00	0.00	57.45	7.28	0.00	0.00	2000
72	6.91	1036	2103	0.00	194	0	0	0	nan	0.00	0.01	3.42	89.85	93.09	0.00	36	0	42	0.00	0.00	60.49	7.53	0.00	0.00	2000
70	6.87	1029	2092	0.00	210	0	0	0	nan	0.00	0.00	3.91	88.91	93.13	0.00	36	0	42	0.00	0.00	56.25	7.07	0.00	0.00	2000
73	6.58	1103	2120	0.00	196	0	0	0	nan	0.00	0.02	1.79	92.46	93.42	0.00	37	0	42	0.00	0.00	60.02	7.48	0.00	0.00	2000
74	6.57	1123	2100	0.00	195	0	0	0	nan	0.00	0.00	2.86	90.53	93.43	0.00	36	0	42	0.00	0.00	59.54	7.36	0.00	0.00	2000
72	6.73	1066	2116	0.00	194	0	0	0	nan	0.00	0.00	2.87	91.24	93.27	0.00	36	0	42	0.00	0.00	59.06	7.44	0.00	0.00	2000
73	6.55	1115	2094	0.00	193	0	0	0	nan	0.00	0.01	2.83	90.29	93.45	0.00	37	0	42	0.00	0.00	58.55	7.42	0.00	0.00	2000
72	6.26	1157	2088	0.00	195	0	0	1	88.52	0.00	0.00	3.30	89.87	93.74	0.00	37	0	42	0.00	0.00	60.36	7.38	0.00	0.00	2000
72	6.86	1059	2090	0.29	193	0	0	1	88.36	0.00	0.00	3.74	88.87	93.14	0.00	36	0	42	0.00	0.00	56.72	7.10	0.00	0.00	2000
71	6.98	1022	2090	0.00	193	0	0	0	nan	0.00	0.01	1.83	90.78	93.02	0.00	37	0	42	0.00	0.00	61.73	7.83	0.00	0.00	2000
201	10.29	1953	2098	0.00	232	0	0	0	nan	0.00	0.00	5.91	83.75	89.71	0.00	38	0	42	0.00	0.00	62.24	7.22	0.00	0.00	2000
232	11.22	2053	2116	0.00	214	0	0	0	nan	0.00	0.00	5.30	84.26	88.78	0.00	39	0	42	0.00	0.00	64.90	7.46	0.00	0.00	2000
231	11.05	2082	2107	0.00	204	0	0	0	nan	0.01	0.00	3.44	85.89	88.95	0.00	40	0	42	0.00	0.00	65.67	7.34	0.00	0.00	2000
228	11.09	2086	2067	0.00	203	0	0	0	nan	0.00	0.00	3.36	84.24	88.91	0.00	40	0	42	0.00	0.00	64.28	7.18	0.00	0.00	2000
247	11.54	2097	2140	0.00	214	0	0	0	nan	0.00	0.00	10.85	79.37	88.46	0.00	38	0	42	0.00	0.00	66.70	7.77	0.00	0.00	2000
226	10.88	2077	2101	0.00	197	0	0	0	nan	0.00	0.00	7.82	81.47	89.12	0.00	38	0	42	0.00	0.00	66.18	8.02	0.00	0.00	2000
224	11.25	1998	2098	0.00	216	0	0	0	nan	0.00	0.00	6.84	81.91	88.75	0.00	38	0	42	0.00	0.00	63.97	7.44	0.00	0.00	2000
231	11.12	2117	2060	0.00	183	0	0	0	nan	0.00	0.06	4.05	83.15	88.88	0.00	37	0	42	0.00	0.00	66.92	8.13	0.00	0.00	2000
240	11.04	2125	2147	0.00	216	0	0	0	nan	0.00	0.60	5.26	85.22	88.96	0.00	37	0	42	0.00	0.00	66.39	7.89	0.00	0.00	2000
230	10.79	2131	2096	0.00	200	0	0	0	nan	0.00	0.03	4.84	84.33	89.21	0.00	38	0	42	0.00	0.00	65.67	7.45	0.00	0.00	2000
231	11.08	2092	2094	0.00	201	0	0	0	nan	0.00	0.02	5.58	83.10	88.92	0.00	38	0	42	0.00	0.00	64.22	7.19	0.00	0.00	2000
231	11.19	2062	2101	0.00	204	0	0	0	nan	0.00	0.04	5.21	83.72	88.81	0.00	38	0	42	0.00	0.00	64.62	7.41	0.00	0.00	2000
229	11.03	2078	2097	0.00	199	0	0	0	nan	0.00	0.00	6.54	82.37	88.97	0.00	38	0	42	0.00	0.00	65.37	7.56	0.00	0.00	2000
232	11.31	2043	2105	0.00	200	0	0	0	nan	0.00	0.00	7.05	81.93	88.69	0.00	38	0	42	0.00	0.00	64.86	7.42	0.00	0.00	2000
230	11.27	2038	2105	0.00	197	0	0	4	84.48	0.00	0.00	6.02	83.07	88.73	0.00	39	0	42	0.00	0.00	65.26	7.36	0.00	0.00	2000
231	11.19	2085	2079	0.59	201	0	0	22	78.56	0.00	0.00	6.26	81.70	88.81	0.00	38	0	42	0.00	0.00	64.86	7.50	0.00	0.00	2000
225	11.60	1953	2087	0.00	204	0	0	0	nan	0.00	0.00	6.31	81.65	88.40	0.00	38	0	42	0.00	0.00	63.36	7.28	0.00	0.00	2000
234	11.34	2045	2122	0.00	198	0	0	0	nan	0.03	0.02	4.93	84.76	88.66	0.00	39	0	42	0.00	0.00	65.80	7.53	0.00	0.00	2000
231	11.13	2074	2101	0.00	199	0	0	0	nan	0.00	0.02	4.36	84.54	88.87	0.00	39	0	42	0.00	0.00	65.42	7.64	0.00	0.00	2000
232	10.91	2119	2112	0.00	199	0	0	0	nan	0.00	0.02	4.43	85.13	89.09	0.00	39	0	42	0.00	0.00	66.32	7.60	0.00	0.00	2000
225	10.76	2122	2071	0.00	199	0	0	0	nan	0.00	0.00	4.97	83.12	89.24	0.00	40	0	42	0.00	0.00	62.39	7.17	0.00	0.00	2000
234	11.10	2091	2118	0.00	198	0	0	0	nan	0.00	0.03	5.57	84.14	88.90	0.00	39	0	42	0.00	0.00	68.52	7.80	0.00	0.00	2000
233	11.28	2053	2109	0.00	204	0	0	0	nan	0.00	0.05	7.40	81.83	88.73	0.00	38	0	42	0.00	0.00	65.17	7.42	0.00	0.00	2000
232	11.17	2093	2085	0.00	199	0	0	0	nan	0.00	0.00	6.21	82.05	88.83	0.00	38	0	42	0.00	0.00	64.60	7.63	0.00	0.00	2000
232	10.77	2138	2118	0.00	198	0	0	0	nan	0.00	0.00	7.59	82.57	89.23	0.00	38	0	42	0.00	0.00	66.60	7.70	0.00	0.00	2000
227	11.26	2026	2092	0.00	198	0	0	0	nan	0.00	0.00	6.03	82.51	88.74	0.00	39	0	42	0.00	0.00	64.46	7.50	0.00	0.00	2000
235	11.27	2082	2100	0.00	198	0	0	0	nan	0.00	0.00	6.02	82.75	88.73	0.00	39	0	42	0.00	0.00	64.29	7.23	0.00	0.00	2000
227	11.32	2007	2100	0.00	206	0	0	0	nan	0.00	0.00	6.16	82.58	88.68	0.00	38	0	42	0.00	0.00	63.34	7.32	0.00	0.00	2000
224	11.40	1996	2066	0.00	198	0	0	0	nan	0.00	0.03	6.31	80.84	88.60	0.00	38	0	42	0.00	0.00	63.68	7.47	0.00	0.00	2000
231	10.70	2116	2143	0.00	214	0	0	0	nan	0.00	0.00	6.83	84.32	89.30	0.00	38	0	42	0.00	0.00	68.79	7.80	0.00	0.00	2000
232	11.28	2055	2101	0.00	200	0	0	0	nan	0.00	0.00	5.85	83.01	88.72	0.00	38	0	42	0.00	0.00	65.10	7.53	0.00	0.00	2000
233	10.85	2147	2104	0.00	200	0	0	2	81.22	0.00	0.00	5.65	83.68	89.15	0.00	39	0	42	0.00	0.00	62.95	7.18	0.00	0.00	2000
232	11.22	2080	2091	1.06	201	0	0	10	78.65	0.00	0.03	5.24	83.18	88.78	0.00	39	0	42	0.00	0.00	67.15	7.74	0.00	0.00	2000
231	11.14	2074	2101	0.02	198	0	0	0	nan	0.00	0.00	5.62	83.33	88.86	0.00	39	0	42	0.00	0.00	66.19	8.28	0.00	0.00	2000
235	11.23	2091	2103	0.00	200	0	0	0	nan	0.00	0.00	6.99	81.95	88.77	0.00	39	0	42	0.00	0.00	66.54	8.09	0.00	0.00	2000
221	10.22	2178	2087	0.00	204	0	0	0	nan	0.01	0.00	4.20	85.03	89.78	0.00	38	0	42	0.00	0.00	63.30	7.54	0.00	0.00	2000
160	9.09	1750	2108	0.00	228	0	0	0	nan	0.00	0.00	10.49	80.87	90.91	0.00	37	0	42	0.00	0.00	60.98	7.47	0.00	0.00	2000
80	7.10	1135	2079	0.00	193	0	0	0	nan	0.00	0.00	3.20	88.84	92.90	0.00	37	0	42	0.00	0.00	58.64	7.24	0.00	0.00	2000
81	7.22	1111	2116	0.00	161	0	0	0	nan	0.00	0.00	5.29	88.28	92.78	0.00	37	0	42	0.00	0.00	59.69	7.18	0.00	0.00	2000
