Avg_MHz	Busy%	Bzy_MHz	TSC_MHz	IPC	IRQ	NMI	SMI	LLCMRPS	LLC%hit	POLL%	C1%	C1E%	C6%	CPU%c1	CPU%c6	CoreTmp	CoreThr	PkgTmp	Pkg%pc2	Pkg%pc6	PkgWatt	RAMWatt	PKG_%	RAM_%	UncMHz
329	16.98	1945	2095	0.00	244	0	0	0	nan	0.00	0.05	29.09	53.57	83.02	0.00	37	0	42	0.00	0.00	61.42	7.49	0.00	0.00	2000
461	20.54	2170	2171	0.00	258	0	0	0	nan	0.05	1.25	24.09	56.92	79.46	0.00	37	0	42	0.00	0.00	74.04	8.24	0.00	0.00	2000
84	6.99	1184	2132	0.00	193	0	0	0	nan	0.00	0.00	16.72	77.68	93.01	0.00	37	0	42	0.00	0.00	59.09	7.44	0.00	0.00	2000
73	6.56	1122	2076	0.00	194	0	0	0	nan	0.00	0.01	2.91	89.43	93.44	0.00	37	0	42	0.00	0.00	57.22	7.29	0.00	0.00	2000
74	6.82	1072	2135	0.00	193	0	0	0	nan	0.00	0.00	2.01	92.66	93.18	0.00	36	0	42	0.00	0.00	59.34	7.57	0.00	0.00	2000
72	6.75	1078	2068	0.00	194	0	0	0	nan	0.00	0.00	2.66	89.23	93.25	0.00	37	0	42	0.00	0.00	58.36	7.35	0.00	0.00	2000
74	6.78	1077	2116	0.00	209	0	0	0	nan	0.00	0.00	3.60	90.28	93.22	0.00	37	0	42	0.00	0.00	60.72	7.56	0.00	0.00	2000
77	7.21	1065	2111	0.00	198	0	0	0	nan	0.00	0.00	4.77	88.39	92.79	0.00	37	0	42	0.00	0.00	58.49	7.80	0.00	0.00	2000
73	6.36	1148	2097	0.00	195	0	0	0	nan	0.00	0.00	3.71	89.84	93.64	0.00	37	0	42	0.00	0.00	58.05	7.45	0.00	0.00	2000
72	6.57	1092	2107	0.00	194	0	0	0	nan	0.00	0.00	3.42	90.31	93.43	0.00	37	0	42	0.00	0.00	57.44	7.42	0.00	0.00	2000
71	6.69	1081	2072	0.00	194	0	0	0	nan	0.00	0.00	2.98	89.04	93.31	0.00	37	0	42	0.00	0.00	57.17	7.37	0.00	0.00	2000
74	6.04	1218	2103	0.00	193	0	0	0	nan	0.00	0.02	1.89	92.01	93.96	0.00	36	0	42	0.00	0.00	58.15	7.61	0.00	0.00	2000
73	6.72	1084	2116	0.00	193	0	0	0	nan	0.00	0.00	2.09	91.94	93.28	0.00	37	0	42	0.00	0.00	59.16	7.61	0.00	0.00	2000
73	6.45	1125	2107	0.00	194	0	0	0	nan	0.00	0.01	2.26	91.55	93.55	0.00	37	0	42	0.00	0.00	58.45	7.62	0.00	0.00	2000
73	6.65	1098	2107	0.00	193	0	0	0	nan	0.00	0.00	2.71	91.01	93.35	0.00	37	0	42	0.00	0.00	58.03	7.47	0.00	0.00	2000
70	6.73	1060	2066	0.00	194	0	0	1	89.58	0.00	0.00	3.56	88.20	93.27	0.00	36	0	42	0.00	0.00	56.95	7.33	0.00	0.00	2000
72	6.72	1074	2099	0.29	193	0	0	1	87.56	0.01	0.00	1.91	91.26	93.28	0.00	37	0	42	0.00	0.00	57.14	7.22	0.00	0.00	2000
71	6.81	1046	2103	0.00	194	0	0	0	nan	0.00	0.00	3.48	89.81	93.19	0.00	37	0	42	0.00	0.00	60.15	7.55	0.00	0.00	2000
159	8.84	1779	2124	0.00	224	0	0	0	nan	0.00	0.67	6.35	85.18	91.16	0.00	38	0	42	0.00	0.00	63.59	7.76	0.00	0.00	2000
223	10.65	2100	2094	0.00	201	0	0	0	nan	0.00	0.00	6.38	82.80	89.35	0.00	39	0	42	0.00	0.00	64.57	7.58	0.00	0.00	2000
222	11.03	2026	2083	0.00	199	0	0	0	nan	0.00	0.02	5.22	83.13	88.97	0.00	39	0	42	0.00	0.00	63.99	7.38	0.00	0.00	2000
225	11.03	2033	2105	0.00	199	0	0	0	nan	0.00	0.00	5.72	83.56	88.97	0.00	39	0	42	0.00	0.00	65.89	7.66	0.00	0.00	2000
213	10.42	2057	2090	0.00	202	0	0	0	nan	0.00	0.04	4.71	84.46	89.58	0.00	38	0	42	0.00	0.00	61.30	7.06	0.00	0.00	2000
235	11.11	2083	2132	0.00	252	0	0	0	nan	0.00	0.00	4.65	85.59	88.89	0.00	38	0	42	0.00	0.00	69.41	8.32	0.00	0.00	2000
229	10.76	2144	2081	0.00	187	0	0	0	nan	0.00	0.00	2.83	85.56	89.24	0.00	39	0	42	0.00	0.00	65.64	7.84	0.00	0.00	2000
238	11.68	2027	2110	0.00	209	0	0	0	nan	0.00	0.00	5.99	82.77	88.32	0.00	39	0	42	0.00	0.00	63.65	7.95	0.00	0.00	2000
225	10.68	2097	2112	0.00	198	0	0	0	nan	0.00	0.00	6.16	83.78	89.32	0.00	38	0	42	0.00	0.00	66.03	8.20	0.00	0.00	2000
224	10.85	2068	2092	0.00	198	0	0	0	nan	0.00	0.03	4.58	84.34	89.15	0.00	39	0	42	0.00	0.00	65.78	7.65	0.00	0.00	2000
220	10.76	2078	2069	0.00	199	0	0	0	nan	0.00	0.03	3.35	84.62	89.24	0.00	39	0	42	0.00	0.00	61.32	7.17	0.00	0.00	2000
223	10.56	2090	2119	0.00	199	0	0	0	nan	0.00	0.02	4.61	85.75	89.44	0.00	39	0	42	0.00	0.00	67.54	7.86	0.00	0.00	2000
224	10.81	2064	2112	0.00	197	0	0	0	nan	0.03	0.03	3.17	86.63	89.20	0.00	40	0	42	0.00	0.00	64.77	7.58	0.00	0.00	2000
221	11.01	2064	2042	0.00	205	0	0	0	nan	0.00	0.00	4.50	82.14	88.99	0.00	40	0	42	0.00	0.00	63.17	7.37	0.00	0.00	2000
222	10.66	2056	2130	0.00	198	0	0	9	96.52	0.00	0.00	6.19	84.54	89.34	0.00	40	0	42	0.00	0.00	64.51	7.52	0.00	0.00	2000
221	10.72	2059	2101	0.70	199	0	0	15	96.22	0.00	0.02	4.81	84.55	89.28	0.00	41	0	42	0.00	0.00	64.43	7.56	0.00	0.00	2000
223	10.72	2048	2135	0.00	198	0	0	0	nan	0.00	0.03	5.31	85.53	89.28	0.00	40	0	42	0.00	0.00	65.90	7.62	0.00	0.00	2000
225	10.84	2074	2096	0.00	198	0	0	0	nan	0.00	0.02	5.18	83.86	89.16	0.00	40	0	42	0.00	0.00	65.11	7.78	0.00	0.00	2000
224	10.72	2089	2103	0.00	204	0	0	0	nan	0.00	0.00	5.81	83.69	89.28	0.00	40	0	42	0.00	0.00	65.15	7.83	0.00	0.00	2000
219	11.12	2074	1993	0.00	199	0	0	0	nan	0.00	0.02	5.38	79.05	88.88	0.00	40	0	42	0.00	0.00	59.42	6.87	0.00	0.00	2000
224	10.54	2048	2182	0.00	196	0	0	0	nan	0.00	0.05	3.00	90.07	89.46	0.00	41	0	42	0.00	0.00	66.98	7.63	0.00	0.00	2000
221	10.61	2109	2072	0.00	199	0	0	0	nan	0.00	0.00	5.41	82.77	89.39	0.00	40	0	42	0.00	0.00	64.54	7.51	0.00	0.00	2000
223	10.75	2032	2146	0.00	202	0	0	0	nan	0.00	0.01	5.75	85.55	89.25	0.00	40	0	42	0.00	0.00	64.49	7.57	0.00	0.00	2000
225	10.74	2128	2064	0.00	204	0	0	0	nan	0.00	0.05	4.86	82.91	89.26	0.00	40	0	42	0.00	0.00	62.18	7.16	0.00	0.00	2000
223	10.51	2103	2116	0.00	197	0	0	0	nan	0.00	1.05	4.37	84.91	89.49	0.00	40	0	42	0.00	0.00	67.76	7.87	0.00	0.00	2000
221	10.87	2032	2099	0.00	198	0	0	0	nan	0.00	0.00	5.75	83.42	89.13	0.00	40	0	42	0.00	0.00	61.73	7.25	0.00	0.00	2000
222	11.14	2000	2092	0.00	218	0	0	0	nan	0.00	0.04	5.02	83.63	88.86	0.00	40	0	42	0.00	0.00	64.29	7.56	0.00	0.00	2000
226	9.96	2221	2145	0.00	197	0	0	0	nan	0.00	2.60	5.98	83.56	90.04	0.00	40	0	42	0.00	0.00	69.55	8.02	0.00	0.00	2000
223	10.90	2048	2100	0.00	205	0	0	0	nan	0.00	0.00	6.27	82.94	89.10	0.00	40	0	42	0.00	0.00	62.72	7.52	0.00	0.00	2000
222	10.72	2077	2099	0.00	198	0	0	0	nan	0.00	0.01	5.94	83.32	89.28	0.00	40	0	42	0.00	0.00	65.81	7.73	0.00	0.00	2000
218	11.04	2102	1973	0.00	199	0	0	0	nan	0.00	0.00	4.35	79.27	88.96	0.00	41	0	42	0.00	0.00	59.51	6.73	0.00	0.00	2000
233	10.64	2068	2226	0.00	200	0	0	6	58.19	0.00	0.02	5.43	89.38	89.36	0.00	40	0	42	0.00	0.00	68.87	8.12	0.00	0.00	2000
224	10.62	2103	2103	0.69	198	0	0	22	75.68	0.01	0.00	4.94	84.64	89.38	0.00	40	0	42	0.00	0.00	64.43	7.46	0.00	0.00	2000
227	10.68	2123	2103	0.00	202	0	0	0	nan	0.00	0.07	4.86	84.65	89.32	0.00	40	0	42	0.00	0.00	65.12	7.75	0.00	0.00	2000
223	10.93	2036	2101	0.00	199	0	0	0	nan	0.00	0.03	4.60	84.61	89.07	0.00	40	0	42	0.00	0.00	65.23	7.67	0.00	0.00	2000
222	10.58	2098	2097	0.00	198	0	0	0	nan	0.00	0.02	3.54	85.74	89.42	0.00	41	0	42	0.00	0.00	64.48	7.60	0.00	0.00	2000
209	10.60	2002	2071	0.00	214	0	0	0	nan	0.00	0.01	2.89	85.35	89.40	0.00	38	0	42	0.00	0.00	55.45	6.68	0.00	0.00	2000
223	11.97	2124	1844	0.00	271	0	0	0	nan	0.00	0.02	4.71	72.68	88.03	0.00	39	0	42	0.00	0.00	62.12	7.38	0.00	0.00	2000
369	14.35	2220	2432	0.00	337	0	0	0	nan	0.00	1.55	13.37	84.54	85.65	0.00	39	0	42	0.00	0.00	82.83	9.49	0.00	0.00	2000
119	8.24	1432	2115	0.00	227	0	0	0	nan	0.00	0.03	9.81	82.76	91.76	0.00	37	0	42	0.00	0.00	60.26	7.31	0.00	0.00	2000
78	6.99	1121	2091	0.00	193	0	0	0	nan	0.00	0.00	3.75	88.97	93.01	0.00	37	0	42	0.00	0.00	59.51	7.51	0.00	0.00	2000
74	7.34	999	2129	0.00	196	0	0	0	nan	0.00	0.03	2.24	91.92	92.66	0.00	37	0	42	0.00	0.00	57.99	7.52	0.00	0.00	2000
118	8.49	1427	2054	0.00	64	0	0	0	nan	0.00	0.00	10.38	79.35	91.51	0.00	37	0	42	0.00	0.00	57.84	7.37	0.00	0.00	2000
