Avg_MHz	Busy%	Bzy_MHz	TSC_MHz	IPC	IRQ	NMI	SMI	LLCMRPS	LLC%hit	POLL%	C1%	C1E%	C6%	CPU%c1	CPU%c6	CoreTmp	CoreThr	PkgTmp	Pkg%pc2	Pkg%pc6	PkgWatt	RAMWatt	PKG_%	RAM_%	UncMHz
240	12.58	1752	2291	0.00	260	0	0	0	nan	0.00	0.02	34.35	60.94	87.42	0.00	37	0	42	0.00	0.00	69.09	8.59	0.00	0.00	2000
463	20.59	2250	2098	0.00	202	0	0	0	nan	0.01	1.34	15.68	62.49	79.41	0.00	37	0	42	0.00	0.00	68.21	7.77	0.00	0.00	2000
324	16.39	1984	2091	0.00	241	0	0	0	nan	0.02	0.41	26.97	56.01	83.61	0.00	37	0	42	0.00	0.00	63.92	7.62	0.00	0.00	2000
73	7.30	1001	2111	0.00	210	0	0	0	nan	0.00	0.00	4.33	88.99	92.70	0.00	37	0	42	0.00	0.00	59.20	7.52	0.00	0.00	2000
76	6.83	1097	2141	0.00	193	0	0	0	nan	0.00	0.02	1.85	93.19	93.17	0.00	36	0	42	0.00	0.00	60.81	7.67	0.00	0.00	2000
73	6.55	1114	2095	0.00	194	0	0	0	nan	0.00	0.00	3.01	90.17	93.45	0.00	37	0	42	0.00	0.00	60.76	7.78	0.00	0.00	2000
74	6.91	1084	2070	0.00	193	0	0	0	nan	0.00	0.00	2.78	89.00	93.09	0.00	37	0	42	0.00	0.00	56.85	7.25	0.00	0.00	2000
72	7.00	1033	2101	0.00	194	0	0	0	nan	0.00	0.00	3.45	89.58	93.00	0.00	37	0	42	0.00	0.00	58.62	7.49	0.00	0.00	2000
74	6.96	1052	2126	0.00	193	0	0	0	nan	0.00	0.00	3.95	90.28	93.04	0.00	37	0	42	0.00	0.00	59.29	7.38	0.00	0.00	2000
73	6.92	1058	2093	0.00	209	0	0	0	nan	0.00	0.02	3.41	89.37	93.08	0.00	37	0	42	0.00	0.00	58.33	7.41	0.00	0.00	2000
73	6.67	1092	2111	0.00	194	0	0	0	nan	0.00	0.00	3.86	89.92	93.33	0.00	37	0	42	0.00	0.00	58.59	7.34	0.00	0.00	2000
74	6.68	1107	2091	0.00	194	0	0	0	nan	0.00	0.01	3.87	89.02	93.32	0.00	37	0	42	0.00	0.00	59.50	7.53	0.00	0.00	2000
73	6.80	1071	2096	0.00	193	0	0	0	nan	0.00	0.00	3.80	89.20	93.20	0.00	37	0	42	0.00	0.00	58.78	7.45	0.00	0.00	2000
72	6.74	1063	2116	0.00	193	0	0	0	nan	0.00	0.03	3.66	90.36	93.26	0.00	37	0	42	0.00	0.00	59.59	7.28	0.00	0.00	2000
75	6.50	1155	2094	0.00	197	0	0	0	nan	0.00	0.00	4.30	88.77	93.50	0.00	37	0	42	0.00	0.00	58.70	7.36	0.00	0.00	2000
71	6.05	1183	2072	0.00	178	0	0	1	88.39	0.00	0.00	3.49	89.10	93.95	0.00	37	0	42	0.00	0.00	58.92	7.33	0.00	0.00	2000
71	7.04	1015	2098	0.29	209	0	0	1	87.93	0.00	0.00	3.90	89.00	92.96	0.00	36	0	42	0.00	0.00	58.25	7.58	0.00	0.00	2000
73	6.72	1072	2139	0.00	194	0	0	0	nan	0.00	0.01	1.77	93.21	93.28	0.00	36	0	42	0.00	0.00	62.53	7.71	0.00	0.00	2000
119	7.73	1557	2073	0.00	215	0	0	0	nan	0.00	0.01	3.62	87.46	92.27	0.00	38	0	42	0.00	0.00	59.06	7.33	0.00	0.00	2000
232	11.13	2072	2115	0.00	237	0	0	0	nan	0.00	0.01	5.24	84.37	88.87	0.00	39	0	42	0.00	0.00	65.64	7.68	0.00	0.00	2000
230	10.89	2111	2102	0.00	203	0	0	0	nan	0.00	0.00	4.27	84.94	89.11	0.00	40	0	42	0.00	0.00	65.84	7.52	0.00	0.00	2000
231	10.93	2106	2107	0.00	204	0	0	0	nan	0.00	0.00	3.16	86.30	89.07	0.00	40	0	42	0.00	0.00	62.96	7.23	0.00	0.00	2000
234	12.09	2097	1936	0.00	206	0	0	0	nan	0.00	0.01	3.55	77.58	87.91	0.00	40	0	42	0.00	0.00	54.80	6.27	0.00	0.00	2000
237	10.89	2004	2285	0.00	231	0	0	0	nan	0.00	0.00	8.58	88.55	89.11	0.00	37	0	42	0.00	0.00	76.62	9.12	0.00	0.00	2000
220	10.79	2039	2104	0.00	180	0	0	0	nan	0.00	0.00	6.30	83.18	89.21	0.00	38	0	42	0.00	0.00	66.76	7.72	0.00	0.00	2000
232	11.21	2077	2096	0.00	235	0	0	0	nan	0.00	0.02	3.64	85.10	88.79	0.00	39	0	42	0.00	0.00	63.86	7.84	0.00	0.00	2000
233	11.08	2093	2108	0.00	212	0	0	0	nan	0.00	0.00	2.92	86.43	88.92	0.00	40	0	42	0.00	0.00	67.50	7.85	0.00	0.00	2000
223	11.32	1998	2074	0.00	204	0	0	0	nan	0.00	0.00	3.26	84.47	88.68	0.00	40	0	42	0.00	0.00	61.04	7.00	0.00	0.00	2000
233	11.20	2052	2131	0.00	203	0	0	0	nan	0.00	0.00	2.26	88.00	88.80	0.00	40	0	42	0.00	0.00	70.34	8.14	0.00	0.00	2000
227	11.18	2036	2095	0.00	204	0	0	0	nan	0.00	0.00	3.32	85.43	88.82	0.00	40	0	42	0.00	0.00	64.49	7.49	0.00	0.00	2000
229	10.70	2156	2081	0.00	203	0	0	0	nan	0.00	0.02	3.79	84.73	89.30	0.00	40	0	42	0.00	0.00	62.29	7.19	0.00	0.00	2000
236	10.91	2146	2117	0.00	216	0	0	0	nan	0.00	0.00	3.83	86.09	89.09	0.00	40	0	42	0.00	0.00	67.82	7.73	0.00	0.00	2000
229	10.82	2114	2097	0.25	220	0	0	11	96.40	0.00	0.02	3.28	85.89	89.18	0.00	40	0	42	0.00	0.00	63.89	7.27	0.00	0.00	2000
224	11.14	2036	2077	0.41	203	0	0	7	97.31	0.00	0.01	3.11	84.85	88.86	0.00	41	0	42	0.00	0.00	64.61	7.19	0.00	0.00	2000
231	11.00	2079	2122	0.00	207	0	0	0	nan	0.00	0.00	3.84	86.12	89.00	0.00	40	0	42	0.00	0.00	63.16	7.34	0.00	0.00	2000
228	11.17	2063	2075	0.00	228	0	0	0	nan	0.00	0.03	3.51	84.24	88.83	0.00	41	0	42	0.00	0.00	66.70	7.55	0.00	0.00	2000
232	11.16	2048	2129	0.00	219	0	0	0	nan	0.00	0.00	4.08	86.01	88.84	0.00	41	0	42	0.00	0.00	63.69	7.20	0.00	0.00	2000
229	10.79	2121	2099	0.00	203	0	0	0	nan	0.00	0.00	3.41	85.87	89.21	0.00	41	0	42	0.00	0.00	67.48	7.45	0.00	0.00	2000
231	11.01	2091	2108	0.00	203	0	0	0	nan	0.00	0.02	3.39	86.06	88.99	0.00	41	0	42	0.00	0.00	62.14	6.96	0.00	0.00	2000
229	11.41	2013	2095	0.00	204	0	0	0	nan	0.00	0.01	3.75	84.82	88.59	0.00	41	0	42	0.00	0.00	64.67	7.42	0.00	0.00	2000
227	10.98	2082	2086	0.00	212	0	0	0	nan	0.00	0.00	3.47	85.09	89.02	0.00	41	0	42	0.00	0.00	64.10	7.20	0.00	0.00	2000
227	10.94	2090	2081	0.00	206	0	0	0	nan	0.00	0.00	3.67	84.70	89.06	0.00	40	0	42	0.00	0.00	62.87	7.41	0.00	0.00	2000
232	11.12	2053	2135	0.00	219	0	0	0	nan	0.00	0.00	2.51	88.01	88.88	0.00	40	0	42	0.00	0.00	68.63	7.84	0.00	0.00	2000
232	11.60	2052	2045	0.00	206	0	0	0	nan	0.00	0.01	3.55	82.70	88.40	0.00	39	0	42	0.00	0.00	62.70	7.23	0.00	0.00	2000
226	11.15	1985	2142	0.00	222	0	0	0	nan	0.00	0.02	7.10	83.69	88.85	0.00	38	0	42	0.00	0.00	67.23	8.09	0.00	0.00	2000
229	11.04	2095	2082	0.00	199	0	0	0	nan	0.00	0.00	6.17	82.16	88.96	0.00	38	0	42	0.00	0.00	65.03	7.78	0.00	0.00	2000
233	11.25	2062	2105	0.00	198	0	0	0	nan	0.00	0.00	7.57	81.49	88.75	0.00	39	0	42	0.00	0.00	62.38	7.42	0.00	0.00	2000
232	11.44	2010	2119	0.00	197	0	0	0	nan	0.00	0.00	4.93	84.66	88.56	0.00	39	0	42	0.00	0.00	66.51	7.97	0.00	0.00	2000
233	11.10	2095	2106	0.00	198	0	0	0	nan	0.00	0.00	4.82	84.33	88.90	0.00	39	0	42	0.00	0.00	64.71	7.73	0.00	0.00	2000
233	11.40	2052	2093	0.40	204	0	0	3	45.47	0.00	0.00	5.36	83.07	88.60	0.00	39	0	42	0.00	0.00	65.09	7.86	0.00	0.00	2000
229	11.10	2075	2090	0.26	199	0	0	1	48.42	0.00	0.01	5.78	82.76	88.90	0.00	39	0	42	0.00	0.00	64.99	7.70	0.00	0.00	2000
233	11.31	2048	2115	0.00	197	0	0	0	nan	0.00	0.46	2.29	86.75	88.69	0.00	39	0	42	0.00	0.00	64.53	7.57	0.00	0.00	2000
229	10.97	2088	2099	0.00	199	0	0	0	nan	0.00	0.00	4.45	84.64	89.03	0.00	40	0	42	0.00	0.00	65.61	7.58	0.00	0.00	2000
227	11.22	2023	2098	0.00	198	0	0	0	nan	0.00	0.04	3.30	85.54	88.78	0.00	40	0	42	0.00	0.00	63.76	7.21	0.00	0.00	2000
231	11.14	2082	2093	0.00	204	0	0	0	nan	0.00	0.01	6.22	82.39	88.86	0.00	40	0	42	0.00	0.00	64.66	7.30	0.00	0.00	2000
232	11.18	2064	2108	0.00	200	0	0	0	nan	0.00	2.10	5.74	81.48	88.82	0.00	39	0	42	0.00	0.00	65.32	7.68	0.00	0.00	2000
226	10.97	2087	2074	0.00	199	0	0	0	nan	0.00	0.51	5.42	82.07	89.03	0.00	39	0	42	0.00	0.00	63.48	7.18	0.00	0.00	2000
231	11.10	2062	2120	0.00	214	0	0	0	nan	0.00	0.01	4.89	84.87	88.90	0.00	40	0	42	0.00	0.00	66.84	7.67	0.00	0.00	2000
224	11.21	2027	2073	0.00	198	0	0	0	nan	0.00	0.00	5.18	82.62	88.79	0.00	39	0	42	0.00	0.00	59.89	7.19	0.00	0.00	2000
233	11.30	2033	2129	0.00	200	0	0	0	nan	0.00	0.05	5.25	84.79	88.70	0.00	40	0	42	0.00	0.00	67.60	7.53	0.00	0.00	2000
227	10.91	2084	2095	0.00	215	0	0	0	nan	0.00	0.03	6.80	82.19	89.09	0.00	40	0	42	0.00	0.00	68.24	7.85	0.00	0.00	2000
227	10.96	2078	2096	0.00	198	0	0	0	nan	0.00	0.00	6.71	82.25	89.04	0.00	40	0	41	0.00	0.00	60.57	7.01	0.00	0.00	2000
229	10.91	2099	2102	0.00	199	0	0	0	nan	0.00	0.02	4.51	84.74	89.09	0.00	40	0	42	0.00	0.00	68.63	7.81	0.00	0.00	2000
230	10.94	2086	2112	0.00	199	0	0	0	nan	0.00	0.00	5.68	84.04	89.06	0.00	40	0	42	0.00	0.00	64.85	7.36	0.00	0.00	2000
229	11.01	2094	2083	0.00	201	0	0	0	nan	0.00	0.03	5.83	82.51	88.99	0.00	40	0	42	0.00	0.00	62.58	7.25	0.00	0.00	2000
229	10.83	2104	2114	0.00	199	0	0	0	nan	0.00	0.00	5.99	83.85	89.17	0.00	40	0	42	0.00	0.00	66.00	7.46	0.00	0.00	2000
230	11.14	2062	2106	0.47	198	0	0	4	93.96	0.00	0.02	4.11	85.03	88.86	0.00	39	0	42	0.00	0.00	64.24	7.37	0.00	0.00	2000
235	11.31	2078	2096	0.34	198	0	0	0	70.69	0.00	0.00	6.29	82.36	88.69	0.00	40	0	42	0.00	0.00	65.23	7.85	0.00	0.00	2000
232	11.07	2096	2102	0.00	199	0	0	0	nan	0.00	0.00	6.08	83.05	88.93	0.00	39	0	42	0.00	0.00	65.82	7.75	0.00	0.00	2000
229	11.20	2071	2072	0.00	203	0	0	0	nan	0.00	0.99	4.79	81.96	88.80	0.00	40	0	42	0.00	0.00	62.75	7.29	0.00	0.00	2000
230	10.92	2093	2113	0.00	198	0	0	0	nan	0.00	0.00	6.55	83.05	89.08	0.00	40	0	42	0.00	0.00	65.22	7.48	0.00	0.00	2000
229	10.89	2111	2094	0.00	199	0	0	0	nan	0.00	0.04	4.90	83.97	89.11	0.00	40	0	42	0.00	0.00	64.84	7.52	0.00	0.00	2000
232	11.17	2059	2117	0.00	218	0	0	0	nan	0.00	0.00	5.11	84.53	88.83	0.00	40	0	42	0.00	0.00	62.88	7.06	0.00	0.00	2000
230	10.87	2112	2103	0.00	199	0	0	0	nan	0.00	0.00	5.56	83.75	89.13	0.00	40	0	42	0.00	0.00	67.70	7.68	0.00	0.00	2000
233	11.23	2068	2103	0.00	198	0	0	0	nan	0.00	0.00	5.37	83.61	88.77	0.00	40	0	42	0.00	0.00	65.01	7.51	0.00	0.00	2000
229	10.99	2078	2100	0.00	196	0	0	0	nan	0.00	0.00	3.61	85.52	89.01	0.00	40	0	42	0.00	0.00	64.77	7.41	0.00	0.00	2000
226	10.87	2095	2085	0.00	194	0	0	0	nan	0.00	0.02	4.02	84.54	89.13	0.00	40	0	42	0.00	0.00	63.56	7.27	0.00	0.00	2000
228	10.66	2146	2093	0.00	194	0	0	0	nan	0.00	0.00	3.14	85.94	89.34	0.00	40	0	42	0.00	0.00	64.81	7.52	0.00	0.00	2000
230	10.70	2140	2112	0.00	194	0	0	0	nan	0.00	0.00	3.10	86.73	89.30	0.00	40	0	42	0.00	0.00	65.50	7.53	0.00	0.00	2000
227	10.84	2116	2079	0.00	195	0	0	0	nan	0.00	0.00	3.27	85.06	89.16	0.00	40	0	42	0.00	0.00	63.50	7.27	0.00	0.00	2000
233	10.88	2110	2128	0.00	211	0	0	0	nan	0.00	0.02	3.39	86.95	89.12	0.00	41	0	42	0.00	0.00	63.92	7.32	0.00	0.00	2000
224	10.87	2074	2085	0.00	178	0	0	0	nan	0.00	0.05	2.28	86.35	89.13	0.00	40	0	42	0.00	0.00	62.95	7.32	0.00	0.00	2000
226	10.94	2071	2092	0.00	210	0	0	0	nan	0.00	0.00	2.65	86.20	89.06	0.00	40	0	42	0.00	0.00	66.85	7.74	0.00	0.00	2000
231	11.19	2034	2128	0.72	194	0	0	2	66.69	0.00	0.02	2.20	87.87	88.81	0.00	40	0	42	0.00	0.00	63.13	7.55	0.00	0.00	2000
232	11.05	2095	2105	0.44	194	0	0	0	90.05	0.00	0.01	3.34	85.90	88.95	0.00	41	0	42	0.00	0.00	67.69	7.49	0.00	0.00	2000
226	11.07	2048	2095	0.00	195	0	0	0	nan	0.00	0.00	3.37	85.46	88.93	0.00	40	0	42	0.00	0.00	64.20	7.46	0.00	0.00	2000
227	11.01	2072	2092	0.00	193	0	0	0	nan	0.00	0.02	3.48	85.31	88.99	0.00	40	0	42	0.00	0.00	64.00	7.35	0.00	0.00	2000
228	11.10	2045	2107	0.00	193	0	0	0	nan	0.00	0.01	3.19	86.14	88.90	0.00	40	0	42	0.00	0.00	65.03	7.50	0.00	0.00	2000
226	10.93	2086	2085	0.00	193	0	0	0	nan	0.00	0.01	3.44	85.13	89.07	0.00	40	0	42	0.00	0.00	63.84	7.42	0.00	0.00	2000
234	11.31	2050	2118	0.00	197	0	0	0	nan	0.00	0.02	3.52	86.05	88.69	0.00	40	0	42	0.00	0.00	65.97	7.63	0.00	0.00	2000
226	10.68	2136	2079	0.00	194	0	0	0	nan	0.00	0.00	3.61	84.89	89.32	0.00	40	0	42	0.00	0.00	63.92	7.20	0.00	0.00	2000
230	11.09	2052	2119	0.00	194	0	0	0	nan	0.00	0.00	3.08	86.72	88.91	0.00	40	0	42	0.00	0.00	65.25	7.38	0.00	0.00	2000
228	11.02	2072	2094	0.00	195	0	0	0	nan	0.00	0.00	4.20	84.67	88.98	0.00	40	0	42	0.00	0.00	64.15	7.27	0.00	0.00	2000
229	11.06	2067	2108	0.00	194	0	0	0	nan	0.00	0.06	2.96	86.41	88.94	0.00	40	0	42	0.00	0.00	65.35	7.46	0.00	0.00	2000
232	11.09	2096	2099	0.00	197	0	0	0	nan	0.00	0.00	5.28	83.68	88.91	0.00	40	0	42	0.00	0.00	61.45	7.16	0.00	0.00	2000
224	10.65	2134	2067	0.00	195	0	0	0	nan	0.00	0.00	3.55	84.38	89.35	0.00	40	0	42	0.00	0.00	63.15	7.23	0.00	0.00	2000
226	11.08	2048	2096	0.00	210	0	0	0	nan	0.00	0.01	2.33	86.55	88.92	0.00	40	0	42	0.00	0.00	64.59	7.43	0.00	0.00	2000
233	11.02	2072	2144	0.00	194	0	0	0	nan	0.00	0.01	2.50	88.39	88.98	0.00	40	0	42	0.00	0.00	68.57	7.97	0.00	0.00	2000
227	10.87	2095	2090	0.00	194	0	0	0	nan	0.00	0.00	3.02	85.79	89.13	0.00	40	0	42	0.00	0.00	62.26	7.09	0.00	0.00	2000
230	11.00	2082	2107	0.00	195	0	0	0	nan	0.00	0.00	2.42	86.93	89.00	0.00	40	0	42	0.00	0.00	67.24	7.63	0.00	0.00	2000
221	10.89	2066	2065	0.42	193	0	0	3	89.70	0.00	0.02	3.33	84.43	89.11	0.00	40	0	42	0.00	0.00	62.10	7.04	0.00	0.00	2000
230	11.07	2060	2121	0.34	211	0	0	1	93.79	0.00	0.04	3.94	85.93	88.93	0.00	40	0	42	0.00	0.00	65.05	7.42	0.00	0.00	2000
225	10.79	2105	2079	0.00	194	0	0	0	nan	0.00	0.01	2.94	85.49	89.21	0.00	40	0	42	0.00	0.00	62.27	7.34	0.00	0.00	2000
231	11.17	2050	2119	0.00	196	0	0	0	nan	0.00	0.00	2.97	86.81	88.83	0.00	40	0	42	0.00	0.00	65.73	7.52	0.00	0.00	2000
226	11.17	2034	2087	0.00	210	0	0	0	nan	0.00	0.00	3.70	84.63	88.83	0.00	40	0	42	0.00	0.00	63.48	7.30	0.00	0.00	2000
231	11.04	2062	2131	0.00	196	0	0	0	nan	0.00	0.02	3.13	87.17	88.96	0.00	40	0	42	0.00	0.00	65.71	7.54	0.00	0.00	2000
228	11.02	2073	2098	0.00	193	0	0	0	nan	0.02	0.00	3.51	85.47	88.98	0.00	40	0	42	0.00	0.00	67.68	7.74	0.00	0.00	2000
227	10.88	2088	2095	0.00	193	0	0	0	nan	0.00	0.00	3.48	85.48	89.12	0.00	40	0	42	0.00	0.00	61.96	7.20	0.00	0.00	2000
230	11.41	2009	2105	0.00	195	0	0	0	nan	0.00	0.00	2.77	86.20	88.59	0.00	40	0	42	0.00	0.00	66.90	7.52	0.00	0.00	2000
229	11.10	2059	2107	0.00	195	0	0	0	nan	0.00	0.00	3.24	86.11	88.90	0.00	40	0	42	0.00	0.00	62.50	7.15	0.00	0.00	2000
225	11.00	2063	2078	0.00	193	0	0	0	nan	0.00	0.00	3.09	85.20	89.00	0.00	40	0	42	0.00	0.00	66.04	7.57	0.00	0.00	2000
227	10.88	2093	2092	0.00	194	0	0	0	nan	0.00	0.02	2.69	86.19	89.12	0.00	40	0	42	0.00	0.00	59.91	6.77	0.00	0.00	2000
233	11.23	2049	2125	0.00	194	0	0	0	nan	0.00	0.02	1.58	88.39	88.77	0.00	40	0	42	0.00	0.00	64.98	7.43	0.00	0.00	2000
233	11.16	2106	2082	0.00	196	0	0	0	nan	0.00	0.02	3.02	85.07	88.84	0.00	40	0	42	0.00	0.00	66.17	7.55	0.00	0.00	2000
229	11.07	2081	2086	0.00	198	0	0	0	nan	0.00	0.02	3.93	84.43	88.93	0.00	40	0	42	0.00	0.00	64.67	7.77	0.00	0.00	2000
230	11.21	2036	2119	0.00	195	0	0	0	nan	0.00	0.00	4.32	85.39	88.79	0.00	40	0	42	0.00	0.00	65.12	7.41	0.00	0.00	2000
229	11.05	2071	2098	0.00	194	0	0	0	nan	0.00	0.01	3.67	85.28	88.95	0.00	39	0	42	0.00	0.00	64.94	7.76	0.00	0.00	2000
227	11.08	2057	2096	0.35	194	0	0	12	57.84	0.00	0.00	4.01	84.84	88.92	0.00	39	0	42	0.00	0.00	64.54	7.55	0.00	0.00	2000
231	11.19	2073	2090	0.45	196	0	0	3	69.61	0.00	0.00	4.07	84.52	88.81	0.00	40	0	42	0.00	0.00	61.75	7.29	0.00	0.00	2000
227	10.93	2078	2095	0.00	194	0	0	0	nan	0.00	0.00	2.38	86.64	89.07	0.00	40	0	42	0.00	0.00	65.47	7.57	0.00	0.00	2000
233	11.23	2043	2134	0.00	194	0	0	0	nan	0.00	0.00	2.33	88.01	88.77	0.00	40	0	42	0.00	0.00	65.48	7.61	0.00	0.00	2000
227	11.20	2028	2097	0.00	195	0	0	0	nan	0.00	0.00	3.04	85.82	88.80	0.00	40	0	42	0.00	0.00	64.37	7.47	0.00	0.00	2000
226	11.04	2070	2078	0.00	195	0	0	0	nan	0.00	0.00	3.40	84.73	88.97	0.00	40	0	42	0.00	0.00	63.62	7.28	0.00	0.00	2000
231	10.88	2113	2109	0.00	194	0	0	0	nan	0.00	0.02	2.87	86.72	89.12	0.00	40	0	42	0.00	0.00	65.48	7.66	0.00	0.00	2000
231	10.95	2102	2110	0.00	195	0	0	0	nan	0.00	0.02	2.26	87.29	89.05	0.00	39	0	42	0.00	0.00	64.90	7.91	0.00	0.00	2000
230	11.02	2089	2098	0.00	194	0	0	0	nan	0.00	0.01	2.81	86.16	88.98	0.00	39	0	42	0.00	0.00	65.95	7.75	0.00	0.00	2000
226	11.00	2076	2081	0.00	195	0	0	0	nan	0.00	0.00	2.50	85.69	89.00	0.00	40	0	42	0.00	0.00	62.79	7.31	0.00	0.00	2000
229	10.84	2110	2104	0.00	193	0	0	0	nan	0.00	0.03	1.98	87.39	89.16	0.00	40	0	42	0.00	0.00	64.72	7.41	0.00	0.00	2000
233	11.10	2083	2115	0.00	210	0	0	0	nan	0.00	0.01	2.82	86.79	88.90	0.00	40	0	42	0.00	0.00	68.84	7.86	0.00	0.00	2000
228	10.92	2091	2093	0.00	179	0	0	0	nan	0.00	0.00	3.51	85.44	89.08	0.00	40	0	42	0.00	0.00	63.24	7.22	0.00	0.00	2000
229	10.81	2119	2099	0.00	197	0	0	0	nan	0.00	0.00	3.61	85.56	89.19	0.00	40	0	42	0.00	0.00	62.16	7.37	0.00	0.00	2000
232	10.98	2097	2112	0.00	194	0	0	0	nan	0.00	0.03	3.11	86.44	89.02	0.00	40	0	42	0.00	0.00	66.53	7.73	0.00	0.00	2000
227	11.03	2066	2093	0.00	194	0	0	0	nan	0.00	0.00	3.24	85.47	88.97	0.00	40	0	42	0.00	0.00	65.18	7.66	0.00	0.00	2000
225	10.94	2076	2079	0.00	194	0	0	0	nan	0.00	0.00	3.17	85.10	89.06	0.00	40	0	42	0.00	0.00	64.39	7.45	0.00	0.00	2000
234	11.24	2066	2115	0.19	196	0	0	5	58.68	0.00	0.00	3.90	85.67	88.76	0.00	40	0	42	0.00	0.00	64.97	7.63	0.00	0.00	2000
234	11.13	2085	2116	0.74	196	0	0	4	67.80	0.00	0.03	3.55	86.02	88.87	0.00	39	0	42	0.00	0.00	64.04	7.67	0.00	0.00	2000
229	10.85	2106	2102	0.00	193	0	0	0	nan	0.00	0.02	4.26	85.06	89.15	0.00	39	0	42	0.00	0.00	64.57	7.72	0.00	0.00	2000
228	11.08	2057	2102	0.00	194	0	0	0	nan	0.00	0.00	3.68	85.49	88.92	0.00	39	0	42	0.00	0.00	64.36	7.86	0.00	0.00	2000
224	10.93	2075	2074	0.00	193	0	0	0	nan	0.00	0.00	2.92	85.17	89.07	0.00	39	0	42	0.00	0.00	60.71	7.30	0.00	0.00	2000
233	11.11	2073	2129	0.00	212	0	0	0	nan	0.00	0.02	2.57	87.67	88.89	0.00	39	0	42	0.00	0.00	68.75	8.08	0.00	0.00	2000
229	11.09	2061	2100	0.00	193	0	0	0	nan	0.00	0.01	3.46	85.60	88.91	0.00	40	0	42	0.00	0.00	65.22	7.61	0.00	0.00	2000
228	11.16	2044	2099	0.00	194	0	0	0	nan	0.00	0.00	3.34	85.50	88.84	0.00	40	0	42	0.00	0.00	65.61	7.66	0.00	0.00	2000
229	11.10	2061	2097	0.00	194	0	0	0	nan	0.00	0.00	2.52	86.31	88.90	0.00	40	0	42	0.00	0.00	64.92	7.51	0.00	0.00	2000
225	10.84	2095	2085	0.00	195	0	0	0	nan	0.00	0.05	3.14	85.42	89.16	0.00	40	0	42	0.00	0.00	65.23	7.52	0.00	0.00	2000
232	10.96	2104	2112	0.00	195	0	0	0	nan	0.00	0.00	4.87	84.68	89.04	0.00	40	0	42	0.00	0.00	61.71	7.46	0.00	0.00	2000
224	10.95	2072	2075	0.00	195	0	0	0	nan	0.00	0.00	3.77	84.32	89.05	0.00	40	0	42	0.00	0.00	62.42	6.81	0.00	0.00	2000
231	11.01	2081	2121	0.00	194	0	0	0	nan	0.00	0.00	4.32	85.53	88.99	0.00	40	0	42	0.00	0.00	70.24	8.03	0.00	0.00	2000
233	11.23	2070	2104	0.00	194	0	0	0	nan	0.00	0.00	4.05	84.97	88.77	0.00	40	0	42	0.00	0.00	65.37	7.62	0.00	0.00	2000
228	11.12	2049	2099	0.00	194	0	0	0	nan	0.00	0.02	3.50	85.48	88.88	0.00	40	0	42	0.00	0.00	63.56	7.48	0.00	0.00	2000
229	11.23	2038	2097	0.00	195	0	0	0	nan	0.00	0.00	4.32	84.41	88.77	0.00	40	0	42	0.00	0.00	64.41	7.48	0.00	0.00	2000
228	10.95	2093	2090	0.00	194	0	0	0	nan	0.00	0.00	3.82	84.87	89.05	0.00	40	0	42	0.00	0.00	59.69	6.85	0.00	0.00	2000
232	10.83	2125	2116	0.02	179	0	0	3	57.18	0.00	0.00	3.91	85.96	89.17	0.00	40	0	42	0.00	0.00	66.29	7.66	0.00	0.00	2000
239	11.44	2092	2102	0.86	195	0	0	5	61.59	0.00	0.00	2.72	86.03	88.56	0.00	40	0	42	0.00	0.00	66.45	7.62	0.00	0.00	2000
227	11.06	2053	2098	0.00	194	0	0	0	nan	0.00	0.02	2.95	86.04	88.94	0.00	39	0	42	0.00	0.00	64.43	7.49	0.00	0.00	2000
229	11.26	2043	2088	0.00	196	0	0	0	nan	0.00	0.00	4.05	84.34	88.74	0.00	40	0	42	0.00	0.00	65.07	7.59	0.00	0.00	2000
233	11.21	2065	2114	0.00	199	0	0	0	nan	0.00	0.01	3.54	85.93	88.79	0.00	40	0	42	0.00	0.00	66.01	7.75	0.00	0.00	2000
226	11.05	2069	2074	0.00	195	0	0	0	nan	0.00	0.00	3.44	84.58	88.95	0.00	39	0	42	0.00	0.00	62.57	7.55	0.00	0.00	2000
233	11.02	2081	2135	0.00	194	0	0	0	nan	0.00	0.00	2.30	88.21	88.98	0.00	39	0	42	0.00	0.00	66.28	7.92	0.00	0.00	2000
227	10.69	2140	2083	0.00	194	0	0	0	nan	0.00	0.00	3.75	84.93	89.31	0.00	39	0	42	0.00	0.00	64.04	7.80	0.00	0.00	2000
224	10.96	2058	2082	0.00	195	0	0	0	nan	0.00	0.01	3.39	85.03	89.04	0.00	39	0	42	0.00	0.00	61.19	7.34	0.00	0.00	2000
234	11.20	2053	2136	0.00	211	0	0	0	nan	0.00	0.00	3.42	87.04	88.80	0.00	39	0	42	0.00	0.00	69.11	8.19	0.00	0.00	2000
223	10.81	2093	2070	0.00	194	0	0	0	nan	0.00	0.02	3.25	84.65	89.19	0.00	39	0	42	0.00	0.00	63.43	7.57	0.00	0.00	2000
229	10.84	2111	2097	0.00	194	0	0	0	nan	0.00	0.01	3.44	85.69	89.16	0.00	39	0	42	0.00	0.00	64.36	7.87	0.00	0.00	2000
231	11.01	2076	2121	0.00	210	0	0	0	nan	0.00	0.02	3.19	86.72	88.99	0.00	39	0	42	0.00	0.00	64.46	7.65	0.00	0.00	2000
231	10.94	2106	2105	0.00	196	0	0	0	nan	0.00	0.00	2.99	86.40	89.06	0.00	40	0	42	0.00	0.00	64.25	7.48	0.00	0.00	2000
228	10.87	2099	2098	0.00	194	0	0	0	nan	0.00	0.02	3.20	85.88	89.13	0.00	40	0	42	0.00	0.00	61.51	7.58	0.00	0.00	2000
229	10.57	2171	2097	0.00	178	0	0	0	nan	0.00	0.01	2.89	86.36	89.43	0.00	40	0	42	0.00	0.00	69.55	7.58	0.00	0.00	2000
228	10.99	2072	2103	0.00	194	0	0	0	nan	0.00	0.00	2.63	86.57	89.01	0.00	40	0	42	0.00	0.00	66.48	7.61	0.00	0.00	2000
233	11.49	2038	2093	0.00	211	0	0	2	60.06	0.00	0.01	5.89	82.46	88.51	0.00	40	0	42	0.00	0.00	63.73	7.46	0.00	0.00	2000
229	10.91	2111	2084	0.91	193	0	0	6	59.23	0.00	0.00	2.61	85.83	89.09	0.00	40	0	42	0.00	0.00	63.77	7.36	0.00	0.00	2000
233	11.04	2100	2112	0.00	194	0	0	0	nan	0.00	0.00	2.85	86.71	88.96	0.00	39	0	42	0.00	0.00	64.67	7.92	0.00	0.00	2000
230	10.79	2115	2119	0.00	196	0	0	0	nan	0.00	0.00	2.46	87.54	89.21	0.00	40	0	42	0.00	0.00	66.55	7.76	0.00	0.00	2000
227	10.95	2083	2093	0.00	195	0	0	0	nan	0.00	0.00	3.89	84.97	89.05	0.00	40	0	42	0.00	0.00	62.36	7.48	0.00	0.00	2000
224	10.81	2098	2079	0.00	194	0	0	0	nan	0.00	0.00	2.87	85.56	89.19	0.00	40	0	42	0.00	0.00	65.70	7.31	0.00	0.00	2000
231	11.00	2079	2123	0.00	194	0	0	0	nan	0.00	0.01	3.33	86.81	89.00	0.00	40	0	42	0.00	0.00	65.54	7.58	0.00	0.00	2000
231	11.23	2056	2101	0.00	196	0	0	0	nan	0.00	0.00	4.59	84.39	88.77	0.00	40	0	42	0.00	0.00	65.49	7.66	0.00	0.00	2000
230	11.02	2090	2099	0.00	198	0	0	0	nan	0.00	0.00	5.26	83.76	88.98	0.00	40	0	42	0.00	0.00	65.74	7.25	0.00	0.00	2000
227	11.25	2020	2095	0.00	195	0	0	0	nan	0.00	0.02	3.49	85.13	88.75	0.00	40	0	42	0.00	0.00	62.47	7.60	0.00	0.00	2000
229	11.18	2044	2102	0.00	195	0	0	0	nan	0.00	0.00	3.69	85.26	88.82	0.00	40	0	42	0.00	0.00	65.02	7.60	0.00	0.00	2000
229	10.70	2139	2103	0.00	195	0	0	0	nan	0.00	0.00	3.83	85.62	89.30	0.00	40	0	42	0.00	0.00	62.34	7.47	0.00	0.00	2000
229	11.12	2066	2093	0.00	196	0	0	0	nan	0.00	0.01	4.01	84.67	88.88	0.00	40	0	42	0.00	0.00	64.57	7.60	0.00	0.00	2000
230	10.88	2101	2108	0.00	194	0	0	0	nan	0.00	0.00	3.65	85.83	89.12	0.00	40	0	42	0.00	0.00	65.28	7.54	0.00	0.00	2000
230	10.89	2104	2104	0.00	193	0	0	0	nan	0.00	0.02	2.88	86.52	89.11	0.00	40	0	42	0.00	0.00	66.33	7.81	0.00	0.00	2000
227	10.89	2095	2092	0.00	179	0	0	0	nan	0.00	0.00	2.87	86.01	89.11	0.00	40	0	42	0.00	0.00	65.53	7.59	0.00	0.00	2000
226	10.90	2096	2077	0.00	194	0	0	0	nan	0.00	0.00	2.62	85.58	89.10	0.00	40	0	42	0.00	0.00	63.57	7.40	0.00	0.00	2000
232	11.09	2076	2112	0.00	211	0	0	0	nan	0.00	0.02	4.55	84.92	88.91	0.00	40	0	42	0.00	0.00	63.20	7.65	0.00	0.00	2000
234	11.01	2112	2110	0.91	195	0	0	6	43.24	0.00	0.00	2.72	86.73	88.99	0.00	40	0	42	0.00	0.00	68.17	7.56	0.00	0.00	2000
229	11.14	2053	2098	0.04	194	0	0	0	nan	0.00	0.00	3.08	85.84	88.86	0.00	40	0	42	0.00	0.00	64.72	7.62	0.00	0.00	2000
226	11.02	2069	2080	0.00	194	0	0	0	nan	0.00	0.00	2.91	85.41	88.98	0.00	40	0	42	0.00	0.00	61.60	7.14	0.00	0.00	2000
228	10.94	2082	2099	0.00	194	0	0	0	nan	0.00	0.03	2.25	86.82	89.06	0.00	40	0	42	0.00	0.00	64.76	7.45	0.00	0.00	2000
232	11.05	2079	2125	0.00	195	0	0	0	nan	0.00	0.00	1.94	88.17	88.95	0.00	40	0	42	0.00	0.00	64.31	7.46	0.00	0.00	2000
232	11.00	2098	2110	0.00	195	0	0	0	nan	0.00	0.00	3.42	86.11	89.00	0.00	40	0	42	0.00	0.00	65.67	7.65	0.00	0.00	2000
225	10.91	2078	2083	0.00	193	0	0	0	nan	0.00	0.00	3.39	85.08	89.09	0.00	40	0	42	0.00	0.00	65.59	7.15	0.00	0.00	2000
231	11.30	2030	2114	0.00	195	0	0	0	nan	0.00	0.05	2.62	86.80	88.70	0.00	40	0	42	0.00	0.00	62.17	7.63	0.00	0.00	2000
225	11.19	2038	2069	0.00	194	0	0	0	nan	0.00	0.02	3.35	84.25	88.81	0.00	40	0	42	0.00	0.00	68.09	8.36	0.00	0.00	2000
230	11.08	2056	2123	0.00	210	0	0	0	nan	0.01	0.00	2.76	87.27	88.92	0.00	40	0	42	0.00	0.00	65.45	7.99	0.00	0.00	2000
231	11.11	2090	2093	0.00	198	0	0	0	nan	0.00	0.02	2.42	86.17	88.89	0.00	41	0	42	0.00	0.00	64.10	7.40	0.00	0.00	2000
232	11.49	2020	2101	0.00	196	0	0	0	nan	0.00	0.00	4.13	84.61	88.51	0.00	40	0	42	0.00	0.00	64.55	7.52	0.00	0.00	2000
226	11.24	2018	2089	0.00	193	0	0	0	nan	0.00	0.00	3.59	84.87	88.76	0.00	40	0	42	0.00	0.00	63.06	7.55	0.00	0.00	2000
231	11.14	2050	2126	0.00	194	0	0	0	nan	0.00	0.00	2.76	87.31	88.86	0.00	40	0	42	0.00	0.00	66.91	7.99	0.00	0.00	2000
228	11.13	2055	2096	0.00	194	0	0	0	nan	0.00	0.00	3.19	85.67	88.87	0.00	41	0	42	0.00	0.00	61.96	7.43	0.00	0.00	2000
230	11.52	1999	2100	0.00	196	0	0	0	nan	0.00	0.00	3.69	85.00	88.48	0.00	40	0	42	0.00	0.00	65.66	7.69	0.00	0.00	2000
229	11.03	2076	2101	0.00	194	0	0	0	nan	0.00	0.02	3.65	85.49	88.97	0.00	40	0	42	0.00	0.00	64.07	7.55	0.00	0.00	2000
227	11.03	2054	2106	1.32	194	0	0	12	18.58	0.00	0.00	3.77	85.61	88.97	0.00	41	0	42	0.00	0.00	68.34	8.44	0.00	0.00	2000
224	10.84	2090	2075	0.22	193	0	0	0	nan	0.00	0.00	3.51	84.72	89.16	0.00	41	0	42	0.00	0.00	63.27	7.46	0.00	0.00	2000
225	10.82	2093	2090	0.00	195	0	0	0	nan	0.00	0.00	2.69	86.17	89.18	0.00	41	0	42	0.00	0.00	62.25	7.41	0.00	0.00	2000
235	11.38	2036	2135	0.00	195	0	0	0	nan	0.01	0.00	2.74	87.45	88.62	0.00	41	0	42	0.00	0.00	65.47	7.80	0.00	0.00	2000
222	11.00	2050	2065	0.00	194	0	0	0	nan	0.00	0.00	3.19	84.37	89.00	0.00	41	0	42	0.00	0.00	63.17	7.32	0.00	0.00	2000
230	10.92	2082	2119	0.00	194	0	0	0	nan	0.00	0.00	3.34	86.64	89.08	0.00	41	0	42	0.00	0.00	68.81	7.94	0.00	0.00	2000
228	10.97	2072	2106	0.00	195	0	0	0	nan	0.00	0.00	3.47	85.96	89.03	0.00	41	0	42	0.00	0.00	65.87	7.62	0.00	0.00	2000
225	10.95	2080	2070	0.00	194	0	0	0	nan	0.00	0.02	2.06	85.74	89.05	0.00	40	0	42	0.00	0.00	60.27	6.92	0.00	0.00	2000
231	11.01	2079	2116	0.00	211	0	0	0	nan	0.00	0.00	2.66	87.01	88.99	0.00	41	0	42	0.00	0.00	68.62	8.48	0.00	0.00	2000
228	10.99	2080	2094	0.00	193	0	0	0	nan	0.00	0.01	2.90	85.94	89.01	0.00	41	0	42	0.00	0.00	64.82	7.42	0.00	0.00	2000
230	11.08	2055	2120	0.00	210	0	0	0	nan	0.00	0.00	3.99	85.87	88.92	0.00	41	0	42	0.00	0.00	64.00	7.34	0.00	0.00	2000
225	11.08	2049	2083	0.00	196	0	0	0	nan	0.00	0.00	2.23	86.05	88.92	0.00	41	0	43	0.00	0.00	62.32	7.56	0.00	0.00	2000
231	11.11	2057	2121	0.00	195	0	0	0	nan	0.00	0.02	2.86	87.05	88.89	0.00	41	0	42	0.00	0.00	65.76	7.53	0.00	0.00	2000
227	10.85	2109	2086	0.00	197	0	0	0	nan	0.00	0.02	4.50	84.14	89.15	0.00	41	0	42	0.00	0.00	64.13	7.44	0.00	0.00	2000
229	11.13	2049	2109	0.00	195	0	0	0	nan	0.00	0.07	2.53	86.92	88.87	0.00	40	0	42	0.00	0.00	65.20	7.62	0.00	0.00	2000
229	11.18	2051	2093	0.00	195	0	0	0	nan	0.00	0.03	3.19	85.47	88.82	0.00	41	0	42	0.00	0.00	67.64	8.05	0.00	0.00	2000
225	11.05	2040	2095	0.00	211	0	0	0	99.83	0.00	0.00	3.01	85.82	88.95	0.00	41	0	42	0.00	0.00	62.38	7.36	0.00	0.00	2000
229	11.04	2069	2102	1.45	195	0	0	5	26.27	0.00	0.02	2.96	86.18	88.96	0.00	41	0	42	0.00	0.00	64.78	7.57	0.00	0.00	2000
230	11.16	2037	2125	0.02	211	0	0	0	nan	0.00	0.04	4.10	85.92	88.84	0.00	41	0	42	0.00	0.00	66.96	7.83	0.00	0.00	2000
227	11.32	2013	2096	0.00	195	0	0	0	nan	0.00	0.00	4.31	84.29	88.68	0.00	41	0	42	0.00	0.00	64.55	7.59	0.00	0.00	2000
226	10.97	2071	2090	0.00	194	0	0	0	nan	0.00	0.00	3.57	85.09	89.03	0.00	41	0	42	0.00	0.00	65.35	7.56	0.00	0.00	2000
227	11.05	2063	2093	0.00	194	0	0	0	nan	0.00	0.00	3.98	84.71	88.95	0.00	41	0	42	0.00	0.00	62.42	7.50	0.00	0.00	2000
232	11.13	2061	2123	0.00	196	0	0	0	nan	0.00	0.02	3.16	86.77	88.87	0.00	41	0	42	0.00	0.00	66.31	8.21	0.00	0.00	2000
224	10.90	2084	2074	0.00	193	0	0	0	nan	0.00	0.02	3.46	84.60	89.10	0.00	41	0	42	0.00	0.00	63.48	7.41	0.00	0.00	2000
226	11.08	2051	2092	0.00	194	0	0	0	nan	0.00	0.01	2.55	86.12	88.92	0.00	41	0	42	0.00	0.00	64.11	7.42	0.00	0.00	2000
230	11.07	2057	2122	0.00	194	0	0	0	nan	0.00	0.00	2.84	87.08	88.93	0.00	41	0	42	0.00	0.00	65.32	7.64	0.00	0.00	2000
231	11.02	2084	2109	0.00	211	0	0	0	nan	0.00	0.00	3.55	85.89	88.98	0.00	41	0	42	0.00	0.00	66.14	7.76	0.00	0.00	2000
224	11.00	2063	2070	0.00	196	0	0	0	nan	0.00	0.00	3.59	84.27	89.00	0.00	41	0	42	0.00	0.00	62.85	7.42	0.00	0.00	2000
235	11.67	2045	2069	0.00	194	0	0	0	nan	0.00	0.00	3.26	83.76	88.33	0.00	40	0	42	0.00	0.00	59.74	7.09	0.00	0.00	2000
228	11.02	2034	2131	0.00	242	0	0	0	nan	0.00	0.02	4.08	86.36	88.98	0.00	38	0	42	0.00	0.00	69.46	8.05	0.00	0.00	2000
230	11.12	2065	2103	0.00	195	0	0	0	nan	0.00	0.00	3.41	85.65	88.88	0.00	38	0	42	0.00	0.00	65.84	7.88	0.00	0.00	2000
232	11.21	2076	2092	0.00	195	0	0	0	nan	0.00	0.02	3.04	85.53	88.79	0.00	38	0	42	0.00	0.00	62.24	7.31	0.00	0.00	2000
227	10.95	2079	2090	0.00	210	0	0	0	nan	0.00	0.02	2.44	86.26	89.05	0.00	38	0	42	0.00	0.00	64.29	7.60	0.00	0.00	2000
230	11.07	2070	2110	0.12	213	0	0	11	31.62	0.00	0.00	3.53	85.97	88.93	0.00	38	0	42	0.00	0.00	65.15	7.77	0.00	0.00	2000
237	11.17	2079	2138	0.44	214	0	0	8	41.85	0.00	0.06	3.48	87.04	88.83	0.00	38	0	42	0.00	0.00	68.93	8.12	0.00	0.00	2000
228	11.12	2063	2089	0.00	194	0	0	0	nan	0.00	0.00	2.72	85.84	88.88	0.00	38	0	42	0.00	0.00	62.02	7.34	0.00	0.00	2000
224	10.85	2082	2080	0.00	210	0	0	0	nan	0.00	0.00	3.61	84.78	89.15	0.00	38	0	42	0.00	0.00	66.35	7.90	0.00	0.00	2000
227	11.03	2066	2089	0.00	193	0	0	0	nan	0.00	0.02	3.00	85.64	88.97	0.00	38	0	42	0.00	0.00	61.61	7.47	0.00	0.00	2000
233	10.81	2116	2135	0.00	212	0	0	0	nan	0.00	0.00	2.31	88.39	89.19	0.00	38	0	42	0.00	0.00	68.99	8.11	0.00	0.00	2000
240	11.03	2165	2112	0.00	217	0	0	0	nan	0.00	0.72	6.05	82.74	88.97	0.00	38	0	42	0.00	0.00	66.19	7.87	0.00	0.00	2000
229	11.15	2055	2102	0.00	194	0	0	0	nan	0.00	0.00	3.81	85.22	88.85	0.00	38	0	42	0.00	0.00	64.76	7.71	0.00	0.00	2000
225	10.80	2109	2071	0.00	194	0	0	0	nan	0.00	0.00	3.60	84.34	89.20	0.00	38	0	42	0.00	0.00	63.18	7.57	0.00	0.00	2000
227	11.01	2070	2092	0.00	195	0	0	0	nan	0.00	0.02	2.40	86.28	88.99	0.00	38	0	42	0.00	0.00	62.32	7.54	0.00	0.00	2000
236	11.11	2079	2143	0.00	212	0	0	0	nan	0.00	0.00	3.78	87.03	88.89	0.00	38	0	42	0.00	0.00	69.20	8.25	0.00	0.00	2000
223	10.89	2093	2059	0.00	194	0	0	0	nan	0.00	0.00	3.64	83.84	89.11	0.00	38	0	42	0.00	0.00	62.94	7.46	0.00	0.00	2000
227	10.87	2101	2090	0.00	194	0	0	0	nan	0.00	0.02	3.06	85.67	89.13	0.00	38	0	42	0.00	0.00	62.20	7.44	0.00	0.00	2000
232	10.76	2113	2140	0.00	210	0	0	0	nan	0.00	0.02	3.06	87.88	89.24	0.00	38	0	42	0.00	0.00	68.74	8.17	0.00	0.00	2000
236	11.21	2093	2112	0.00	196	0	0	0	nan	0.01	0.00	3.94	85.41	88.79	0.00	38	0	42	0.00	0.00	65.46	7.74	0.00	0.00	2000
224	11.16	2032	2070	0.00	194	0	0	0	nan	0.00	0.00	3.19	84.55	88.84	0.00	38	0	42	0.00	0.00	63.49	7.47	0.00	0.00	2000
234	11.04	2084	2133	0.00	194	0	0	0	nan	0.00	0.00	2.64	87.77	88.96	0.00	38	0	43	0.00	0.00	65.94	7.63	0.00	0.00	2000
228	11.00	2077	2097	0.36	194	0	0	16	31.60	0.00	0.00	3.21	85.71	89.00	0.00	38	0	42	0.00	0.00	64.83	7.55	0.00	0.00	2000
230	11.07	2073	2101	0.34	194	0	0	4	55.88	0.00	0.02	3.36	85.68	88.93	0.00	38	0	42	0.00	0.00	64.76	7.68	0.00	0.00	2000
229	11.22	2041	2104	0.00	195	0	0	0	nan	0.00	0.00	3.10	85.99	88.78	0.00	38	0	42	0.00	0.00	64.68	7.77	0.00	0.00	2000
229	11.12	2064	2095	0.00	196	0	0	0	nan	0.00	0.00	4.19	84.58	88.88	0.00	38	0	42	0.00	0.00	64.58	7.71	0.00	0.00	2000
229	11.03	2073	2103	0.00	196	0	0	0	nan	0.00	0.00	4.24	84.93	88.97	0.00	38	0	42	0.00	0.00	64.67	7.56	0.00	0.00	2000
225	10.90	2095	2067	0.00	195	0	0	0	nan	0.00	0.00	3.14	84.64	89.10	0.00	38	0	42	0.00	0.00	63.34	7.38	0.00	0.00	2000
228	10.98	2083	2088	0.00	194	0	0	0	nan	0.01	0.00	2.74	85.84	89.02	0.00	38	0	42	0.00	0.00	62.08	7.39	0.00	0.00	2000
230	11.09	2068	2104	0.00	211	0	0	0	nan	0.00	0.04	3.18	85.98	88.91	0.00	38	0	42	0.00	0.00	64.84	7.61	0.00	0.00	2000
235	10.97	2095	2143	0.00	210	0	0	0	nan	0.00	0.02	3.31	87.57	89.03	0.00	38	0	42	0.00	0.00	69.10	8.23	0.00	0.00	2000
228	11.01	2073	2099	0.00	195	0	0	0	nan	0.00	0.00	4.58	84.52	88.99	0.00	38	0	42	0.00	0.00	64.12	7.69	0.00	0.00	2000
227	10.78	2117	2091	0.00	193	0	0	0	nan	0.00	0.00	3.86	85.06	89.22	0.00	39	0	42	0.00	0.00	64.57	7.60	0.00	0.00	2000
232	10.90	2125	2103	0.00	194	0	0	0	nan	0.00	0.00	3.75	85.59	89.10	0.00	39	0	42	0.00	0.00	64.68	7.72	0.00	0.00	2000
231	11.10	2071	2108	0.00	202	0	0	0	nan	0.01	0.04	3.95	85.36	88.90	0.00	39	0	42	0.00	0.00	65.09	7.75	0.00	0.00	2000
226	11.07	2074	2068	0.00	200	0	0	0	nan	0.00	0.50	5.67	81.54	88.93	0.00	39	0	42	0.00	0.00	63.13	7.44	0.00	0.00	2000
231	10.93	2108	2103	0.00	198	0	0	0	nan	0.00	0.00	5.59	83.63	89.07	0.00	39	0	42	0.00	0.00	64.99	7.83	0.00	0.00	2000
229	11.17	2043	2105	0.00	197	0	0	0	nan	0.00	0.00	5.17	83.98	88.83	0.00	39	0	42	0.00	0.00	62.29	7.51	0.00	0.00	2000
235	11.17	2077	2127	0.00	220	0	0	0	nan	0.00	0.00	6.11	83.91	88.83	0.00	39	0	42	0.00	0.00	68.76	8.42	0.00	0.00	2000
229	11.17	2055	2096	0.41	198	0	0	18	28.73	0.00	0.01	6.89	81.82	88.83	0.00	39	0	42	0.00	0.00	64.76	7.93	0.00	0.00	2000
228	11.18	2042	2101	0.24	198	0	0	0	61.27	0.00	0.00	6.11	82.92	88.82	0.00	39	0	42	0.00	0.00	64.50	7.81	0.00	0.00	2000
225	10.81	2115	2070	0.00	199	0	0	0	nan	0.00	0.00	5.99	81.99	89.19	0.00	39	0	42	0.00	0.00	63.46	7.67	0.00	0.00	2000
230	10.98	2083	2113	0.00	199	0	0	0	nan	0.00	0.02	4.73	84.85	89.02	0.00	39	0	42	0.00	0.00	59.78	7.68	0.00	0.00	2000
230	11.19	2069	2091	0.00	219	0	0	0	nan	0.00	0.00	5.72	82.90	88.81	0.00	39	0	43	0.00	0.00	67.19	7.60	0.00	0.00	2000
234	11.08	2081	2128	0.00	215	0	0	0	nan	0.01	0.00	6.10	84.04	88.92	0.00	39	0	42	0.00	0.00	68.99	8.10	0.00	0.00	2000
232	11.07	2094	2103	0.00	200	0	0	0	nan	0.00	0.01	6.40	82.72	88.93	0.00	39	0	42	0.00	0.00	64.71	7.79	0.00	0.00	2000
225	10.72	2134	2062	0.00	199	0	0	0	nan	0.00	0.00	4.82	82.96	89.28	0.00	39	0	42	0.00	0.00	60.28	7.19	0.00	0.00	2000
239	11.42	2069	2127	0.00	222	0	0	0	nan	0.00	0.00	4.59	85.25	88.58	0.00	39	0	42	0.00	0.00	65.89	7.93	0.00	0.00	2000
228	11.13	2046	2106	0.00	199	0	0	0	nan	0.00	0.03	4.29	84.98	88.87	0.00	39	0	42	0.00	0.00	67.85	8.06	0.00	0.00	2000
227	10.81	2114	2089	0.00	197	0	0	0	nan	0.00	1.00	4.46	83.37	89.19	0.00	39	0	42	0.00	0.00	64.17	7.73	0.00	0.00	2000
230	11.18	2049	2111	0.00	200	0	0	0	nan	0.00	0.98	5.73	82.76	88.82	0.00	39	0	42	0.00	0.00	62.80	7.54	0.00	0.00	2000
226	11.17	2047	2072	0.00	196	0	0	0	nan	0.00	0.01	5.74	82.10	88.83	0.00	39	0	42	0.00	0.00	65.57	7.80	0.00	0.00	2000
231	11.17	2079	2090	0.00	204	0	0	0	nan	0.00	0.00	5.47	82.94	88.83	0.00	39	0	42	0.00	0.00	61.63	7.32	0.00	0.00	2000
229	11.14	2057	2102	0.00	231	0	0	0	nan	0.00	0.00	8.09	81.00	88.86	0.00	39	0	42	0.00	0.00	62.43	7.40	0.00	0.00	2000
233	11.27	2033	2139	0.00	199	0	0	0	nan	0.00	0.00	6.43	84.10	88.73	0.00	39	0	42	0.00	0.00	69.00	8.28	0.00	0.00	2000
231	11.20	2062	2102	0.00	198	0	0	0	nan	0.00	0.00	5.63	83.42	88.80	0.00	39	0	42	0.00	0.00	64.81	7.76	0.00	0.00	2000
227	11.10	2076	2066	0.65	200	0	0	17	28.88	0.00	0.00	6.26	81.38	88.90	0.00	39	0	42	0.00	0.00	63.12	7.46	0.00	0.00	2000
231	11.26	2036	2113	0.04	218	0	0	0	nan	0.00	0.00	6.06	83.34	88.74	0.00	39	0	42	0.00	0.00	64.76	7.76	0.00	0.00	2000
229	11.08	2061	2109	0.00	198	0	0	0	nan	0.00	0.00	5.94	83.58	88.92	0.00	39	0	42	0.00	0.00	65.40	7.74	0.00	0.00	2000
227	11.00	2079	2084	0.00	198	0	0	0	nan	0.00	0.00	4.28	84.16	89.00	0.00	39	0	42	0.00	0.00	61.46	7.44	0.00	0.00	2000
231	11.05	2087	2100	0.00	216	0	0	0	nan	0.00	0.02	4.84	84.26	88.95	0.00	39	0	42	0.00	0.00	64.39	7.72	0.00	0.00	2000
228	10.99	2080	2094	0.00	223	0	0	0	nan	0.00	0.00	3.03	85.81	89.01	0.00	39	0	42	0.00	0.00	64.99	7.65	0.00	0.00	2000
227	10.99	2072	2097	0.00	215	0	0	0	nan	0.00	0.98	2.50	85.54	89.01	0.00	39	0	42	0.00	0.00	64.61	7.79	0.00	0.00	2000
232	11.09	2071	2123	0.00	198	0	0	0	nan	0.00	0.02	5.12	84.91	88.91	0.00	39	0	42	0.00	0.00	69.04	8.24	0.00	0.00	2000
231	10.99	2104	2102	0.00	200	0	0	0	nan	0.00	0.55	4.92	83.71	89.01	0.00	39	0	42	0.00	0.00	63.23	7.56	0.00	0.00	2000
234	11.31	2057	2110	0.00	197	0	0	0	nan	0.00	0.03	4.17	85.07	88.69	0.00	39	0	42	0.00	0.00	65.22	8.05	0.00	0.00	2000
226	11.09	2060	2078	0.00	196	0	0	0	nan	0.00	0.02	3.76	84.28	88.91	0.00	39	0	42	0.00	0.00	60.20	7.17	0.00	0.00	2000
229	10.79	2128	2096	0.00	194	0	0	0	nan	0.00	0.00	3.24	85.83	89.21	0.00	39	0	42	0.00	0.00	68.23	8.15	0.00	0.00	2000
228	10.89	2091	2100	0.00	195	0	0	0	nan	0.00	0.02	2.92	86.25	89.11	0.00	39	0	42	0.00	0.00	61.87	7.31	0.00	0.00	2000
229	10.95	2100	2090	0.00	194	0	0	0	nan	0.00	0.02	2.93	85.77	89.05	0.00	39	0	42	0.00	0.00	64.57	7.77	0.00	0.00	2000
232	10.77	2133	2122	0.00	211	0	0	0	nan	0.00	0.02	3.57	86.64	89.23	0.00	39	0	42	0.00	0.00	65.10	7.72	0.00	0.00	2000
228	11.16	2053	2091	0.00	194	0	0	0	nan	0.00	0.02	2.79	85.89	88.84	0.00	39	0	42	0.00	0.00	64.78	7.73	0.00	0.00	2000
225	10.86	2074	2099	0.06	211	0	0	9	31.98	0.00	0.00	2.78	86.42	89.14	0.00	39	0	42	0.00	0.00	64.43	7.81	0.00	0.00	2000
230	11.21	2047	2103	0.47	211	0	0	9	37.23	0.00	0.02	3.15	85.93	88.79	0.00	39	0	42	0.00	0.00	64.73	7.80	0.00	0.00	2000
232	11.17	2050	2124	0.00	211	0	0	0	nan	0.00	0.00	2.69	87.33	88.83	0.00	39	0	42	0.00	0.00	65.06	7.75	0.00	0.00	2000
228	10.73	2132	2089	0.00	193	0	0	0	nan	0.01	0.00	3.58	85.32	89.27	0.00	39	0	42	0.00	0.00	64.34	7.67	0.00	0.00	2000
226	10.94	2081	2083	0.00	194	0	0	0	nan	0.00	0.01	3.26	85.14	89.06	0.00	39	0	42	0.00	0.00	63.61	7.52	0.00	0.00	2000
229	10.94	2102	2095	0.00	194	0	0	0	nan	0.00	0.01	3.43	85.38	89.06	0.00	39	0	42	0.00	0.00	64.72	7.86	0.00	0.00	2000
230	11.31	2041	2094	0.00	211	0	0	0	nan	0.00	0.02	2.74	85.78	88.69	0.00	39	0	42	0.00	0.00	64.93	7.84	0.00	0.00	2000
233	10.83	2129	2126	0.00	196	0	0	0	nan	0.00	0.00	3.20	87.11	89.17	0.00	39	0	42	0.00	0.00	65.52	7.82	0.00	0.00	2000
229	11.07	2066	2106	0.00	195	0	0	0	nan	0.00	0.03	3.55	85.79	88.93	0.00	39	0	42	0.00	0.00	64.75	7.83	0.00	0.00	2000
226	10.94	2087	2076	0.00	194	0	0	0	nan	0.00	0.00	2.79	85.35	89.06	0.00	39	0	42	0.00	0.00	64.23	7.60	0.00	0.00	2000
229	11.04	2074	2095	0.00	228	0	0	0	nan	0.00	0.00	2.94	85.92	88.96	0.00	39	0	42	0.00	0.00	64.36	7.67	0.00	0.00	2000
232	11.23	2068	2100	0.00	195	0	0	0	nan	0.00	0.00	3.51	85.44	88.77	0.00	39	0	42	0.00	0.00	64.73	7.78	0.00	0.00	2000
228	11.00	2071	2101	0.00	211	0	0	0	nan	0.00	0.00	2.98	86.11	89.00	0.00	39	0	43	0.00	0.00	61.81	7.48	0.00	0.00	2000
235	11.21	2085	2115	0.00	212	0	0	0	nan	0.00	0.02	3.80	85.78	88.79	0.00	38	0	42	0.00	0.00	66.23	7.92	0.00	0.00	2000
232	11.09	2070	2118	0.00	212	0	0	0	nan	0.00	0.02	4.09	85.73	88.91	0.00	38	0	42	0.00	0.00	68.10	8.12	0.00	0.00	2000
226	11.09	2073	2068	0.00	198	0	0	0	nan	0.00	0.00	4.47	83.20	88.91	0.00	38	0	42	0.00	0.00	63.29	7.55	0.00	0.00	2000
230	10.99	2095	2094	0.00	196	0	0	0	nan	0.00	0.02	3.47	85.29	89.01	0.00	38	0	42	0.00	0.00	62.33	7.65	0.00	0.00	2000
231	11.15	2054	2122	0.54	211	0	0	16	27.11	0.00	0.02	2.18	87.65	88.85	0.00	38	0	42	0.00	0.00	65.74	7.98	0.00	0.00	2000
227	10.79	2108	2091	0.04	211	0	0	0	nan	0.00	0.00	3.08	85.79	89.21	0.00	38	0	42	0.00	0.00	66.44	7.90	0.00	0.00	2000
228	11.00	2091	2085	0.00	194	0	0	0	nan	0.00	0.02	2.34	86.11	89.00	0.00	38	0	42	0.00	0.00	61.57	7.52	0.00	0.00	2000
226	10.92	2076	2096	0.00	210	0	0	0	nan	0.00	0.02	2.40	86.54	89.08	0.00	38	0	42	0.00	0.00	64.33	7.82	0.00	0.00	2000
228	10.89	2083	2106	0.00	210	0	0	0	nan	0.00	0.00	2.81	86.66	89.11	0.00	38	0	42	0.00	0.00	65.25	7.84	0.00	0.00	2000
235	11.11	2071	2142	0.00	212	0	0	0	nan	0.00	0.00	3.33	87.39	88.89	0.00	38	0	42	0.00	0.00	68.85	8.30	0.00	0.00	2000
229	10.91	2101	2097	0.00	194	0	0	0	nan	0.00	0.00	3.57	85.42	89.09	0.00	38	0	42	0.00	0.00	64.61	7.76	0.00	0.00	2000
228	11.13	2052	2100	0.00	195	0	0	0	nan	0.00	0.02	3.71	85.26	88.87	0.00	38	0	42	0.00	0.00	64.80	7.79	0.00	0.00	2000
229	11.07	2071	2102	0.00	193	0	0	0	nan	0.00	0.02	3.39	85.78	88.93	0.00	38	0	42	0.00	0.00	65.04	7.80	0.00	0.00	2000
230	11.21	2049	2101	0.00	195	0	0	0	nan	0.00	0.00	4.09	84.86	88.79	0.00	38	0	42	0.00	0.00	64.52	7.86	0.00	0.00	2000
230	10.95	2100	2098	0.00	194	0	0	0	nan	0.00	0.00	3.58	85.47	89.05	0.00	38	0	42	0.00	0.00	64.95	7.79	0.00	0.00	2000
230	11.17	2050	2107	0.00	195	0	0	0	nan	0.00	0.00	4.20	85.10	88.83	0.00	38	0	42	0.00	0.00	64.38	7.74	0.00	0.00	2000
231	11.18	2074	2094	0.00	194	0	0	0	nan	0.00	0.00	3.56	85.16	88.82	0.00	38	0	42	0.00	0.00	64.43	7.67	0.00	0.00	2000
227	11.11	2045	2099	0.00	195	0	0	0	nan	0.00	0.00	3.68	85.23	88.89	0.00	38	0	42	0.00	0.00	64.50	7.66	0.00	0.00	2000
230	10.90	2113	2100	0.00	193	0	0	0	nan	0.00	0.00	3.08	86.07	89.10	0.00	38	0	42	0.00	0.00	64.96	7.91	0.00	0.00	2000
230	11.53	2018	2073	0.00	212	0	0	0	nan	0.00	0.00	6.87	80.56	88.47	0.00	38	0	42	0.00	0.00	63.09	7.68	0.00	0.00	2000
228	11.09	2069	2082	0.00	197	0	0	3	39.63	0.00	0.00	4.26	83.98	88.91	0.00	38	0	42	0.00	0.00	61.44	7.42	0.00	0.00	2000
228	10.99	2062	2116	0.58	210	0	0	16	32.56	0.00	0.00	1.97	87.87	89.01	0.00	38	0	42	0.00	0.00	65.42	7.81	0.00	0.00	2000
232	10.92	2092	2130	0.00	211	0	0	0	nan	0.00	0.00	3.65	86.76	89.08	0.00	38	0	42	0.00	0.00	68.41	8.15	0.00	0.00	2000
232	11.11	2083	2101	0.00	196	0	0	0	nan	0.01	0.00	3.41	85.59	88.89	0.00	38	0	42	0.00	0.00	65.06	7.71	0.00	0.00	2000
229	10.99	2077	2104	0.00	194	0	0	0	nan	0.00	0.00	3.69	85.59	89.01	0.00	38	0	42	0.00	0.00	64.87	7.70	0.00	0.00	2000
222	10.83	2090	2065	0.00	195	0	0	0	nan	0.00	0.00	3.99	83.81	89.17	0.00	38	0	42	0.00	0.00	62.88	7.48	0.00	0.00	2000
227	10.93	2095	2085	0.00	195	0	0	0	nan	0.00	0.02	2.69	85.74	89.07	0.00	38	0	42	0.00	0.00	61.81	7.33	0.00	0.00	2000
235	11.19	2081	2117	0.00	212	0	0	0	nan	0.00	0.05	2.79	86.82	88.81	0.00	38	0	42	0.00	0.00	66.39	7.83	0.00	0.00	2000
229	10.95	2063	2130	0.00	210	0	0	0	nan	0.00	0.00	3.28	87.19	89.05	0.00	38	0	42	0.00	0.00	67.67	7.60	0.00	0.00	2000
227	11.10	2046	2096	0.00	194	0	0	0	nan	0.00	0.02	3.31	85.45	88.90	0.00	38	0	42	0.00	0.00	64.18	7.41	0.00	0.00	2000
228	11.07	2079	2081	0.00	193	0	0	0	nan	0.00	0.00	2.76	85.41	88.93	0.00	38	0	42	0.00	0.00	62.45	7.27	0.00	0.00	2000
227	10.38	2192	2095	0.00	211	0	0	0	nan	0.00	0.00	3.78	85.67	89.62	0.00	38	0	43	0.00	0.00	66.77	7.70	0.00	0.00	2000
230	11.20	2065	2088	0.00	199	0	0	0	nan	0.00	0.00	2.53	85.86	88.80	0.00	38	0	42	0.00	0.00	61.92	7.26	0.00	0.00	2000
228	11.09	2043	2116	0.00	209	0	0	0	nan	0.00	0.00	2.04	87.62	88.91	0.00	38	0	42	0.00	0.00	65.38	7.55	0.00	0.00	2000
227	11.15	2019	2121	0.00	211	0	0	0	nan	0.00	0.00	2.89	87.00	88.85	0.00	38	0	42	0.00	0.00	67.17	7.83	0.00	0.00	2000
228	11.06	2059	2105	0.00	194	0	0	0	nan	0.00	0.00	2.35	86.89	88.94	0.00	38	0	42	0.00	0.00	65.20	7.47	0.00	0.00	2000
228	11.23	2054	2077	0.00	195	0	0	0	nan	0.00	0.00	2.92	84.88	88.77	0.00	38	0	42	0.00	0.00	61.98	7.31	0.00	0.00	2000
224	10.58	2115	2100	0.28	211	0	0	7	36.46	0.00	0.00	3.62	85.89	89.42	0.00	38	0	42	0.00	0.00	66.83	7.63	0.00	0.00	2000
227	11.20	2043	2082	0.49	195	0	0	3	56.66	0.00	0.00	2.89	85.18	88.80	0.00	38	0	42	0.00	0.00	61.67	7.45	0.00	0.00	2000
229	10.92	2080	2120	0.00	213	0	0	0	nan	0.00	0.01	3.06	86.97	89.08	0.00	38	0	42	0.00	0.00	67.70	7.94	0.00	0.00	2000
232	10.80	2139	2108	0.00	196	0	0	0	nan	0.00	0.00	3.96	85.55	89.20	0.00	39	0	42	0.00	0.00	64.96	7.72	0.00	0.00	2000
228	10.88	2094	2099	0.00	193	0	0	0	nan	0.00	0.00	3.00	86.21	89.12	0.00	39	0	42	0.00	0.00	64.89	7.60	0.00	0.00	2000
228	10.75	2120	2100	0.00	194	0	0	0	nan	0.00	0.00	3.27	86.06	89.25	0.00	38	0	42	0.00	0.00	64.49	7.67	0.00	0.00	2000
234	11.01	2129	2098	0.00	195	0	0	0	nan	0.00	0.00	3.91	85.10	88.99	0.00	38	0	42	0.00	0.00	64.98	7.45	0.00	0.00	2000
231	11.29	2027	2120	0.00	195	0	0	0	nan	0.00	0.00	3.66	86.08	88.71	0.00	39	0	42	0.00	0.00	65.41	7.58	0.00	0.00	2000
229	11.22	2044	2100	0.00	195	0	0	0	nan	0.00	0.03	3.49	85.37	88.78	0.00	39	0	42	0.00	0.00	64.62	7.59	0.00	0.00	2000
225	11.05	2057	2075	0.00	194	0	0	0	nan	0.00	0.00	3.21	84.83	88.95	0.00	38	0	42	0.00	0.00	63.78	7.49	0.00	0.00	2000
226	11.03	2071	2081	0.00	194	0	0	0	nan	0.00	0.01	2.29	85.92	88.97	0.00	38	0	42	0.00	0.00	62.00	7.46	0.00	0.00	2000
230	11.12	2032	2139	0.00	211	0	0	0	nan	0.00	0.00	2.36	88.38	88.88	0.00	38	0	42	0.00	0.00	68.46	7.91	0.00	0.00	2000
230	11.17	2050	2108	0.00	194	0	0	0	nan	0.00	0.00	2.91	86.40	88.83	0.00	38	0	42	0.00	0.00	62.43	7.33	0.00	0.00	2000
224	11.24	2027	2067	0.00	195	0	0	0	nan	0.00	0.00	3.24	84.29	88.76	0.00	38	0	42	0.00	0.00	65.51	7.87	0.00	0.00	2000
231	11.31	2033	2105	0.00	194	0	0	0	nan	0.00	0.00	3.15	85.86	88.69	0.00	38	0	42	0.00	0.00	61.20	7.26	0.00	0.00	2000
223	11.00	2048	2080	0.00	212	0	0	0	nan	0.00	0.00	3.42	84.94	89.00	0.00	38	0	42	0.00	0.00	65.89	7.55	0.00	0.00	2000
226	11.11	2038	2100	0.00	209	0	0	0	nan	0.01	0.01	2.01	86.93	88.89	0.00	38	0	42	0.00	0.00	62.66	7.61	0.00	0.00	2000
233	11.11	2068	2126	0.74	211	0	0	7	27.27	0.00	0.00	2.80	87.35	88.89	0.00	38	0	42	0.00	0.00	66.01	7.82	0.00	0.00	2000
226	10.90	2056	2118	0.15	210	0	0	0	nan	0.00	0.00	3.57	86.47	89.10	0.00	39	0	42	0.00	0.00	67.17	8.02	0.00	0.00	2000
229	11.08	2062	2099	0.00	195	0	0	0	nan	0.00	0.00	3.74	85.17	88.92	0.00	39	0	42	0.00	0.00	62.17	7.24	0.00	0.00	2000
221	11.17	2006	2069	0.00	195	0	0	0	nan	0.00	0.00	3.89	83.79	88.83	0.00	39	0	42	0.00	0.00	65.60	7.72	0.00	0.00	2000
228	11.32	2028	2087	0.00	196	0	0	0	nan	0.00	0.01	3.00	85.27	88.68	0.00	39	0	42	0.00	0.00	62.23	7.38	0.00	0.00	2000
230	10.99	2058	2141	0.00	212	0	0	0	nan	0.00	0.05	1.86	88.94	89.01	0.00	38	0	42	0.00	0.00	68.24	8.01	0.00	0.00	2000
223	11.10	2054	2049	0.00	194	0	0	0	nan	0.00	0.00	2.96	83.83	88.90	0.00	39	0	42	0.00	0.00	60.46	7.23	0.00	0.00	2000
228	11.10	2034	2116	0.00	210	0	0	0	nan	0.00	0.00	1.87	87.93	88.90	0.00	39	0	42	0.00	0.00	65.29	7.59	0.00	0.00	2000
231	10.78	2114	2129	0.00	211	0	0	0	nan	0.00	0.02	2.26	88.26	89.22	0.00	39	0	42	0.00	0.00	67.70	8.00	0.00	0.00	2000
230	11.17	2041	2116	0.00	193	0	0	0	nan	0.00	0.02	2.49	87.15	88.83	0.00	39	0	42	0.00	0.00	65.15	7.76	0.00	0.00	2000
223	11.04	2069	2048	0.00	195	0	0	0	nan	0.00	0.02	3.28	83.61	88.96	0.00	39	0	42	0.00	0.00	60.98	7.21	0.00	0.00	2000
232	11.16	2046	2134	0.00	210	0	0	0	nan	0.00	0.00	1.84	88.58	88.84	0.00	39	0	42	0.00	0.00	66.57	7.88	0.00	0.00	2000
229	11.16	2050	2098	0.00	211	0	0	0	nan	0.00	0.01	3.50	85.25	88.84	0.00	38	0	42	0.00	0.00	61.07	7.31	0.00	0.00	2000
222	10.88	2049	2089	0.00	210	0	0	0	nan	0.00	0.00	3.44	85.27	89.12	0.00	39	0	42	0.00	0.00	66.14	7.76	0.00	0.00	2000
231	11.15	2062	2113	0.00	195	0	0	0	nan	0.00	0.00	2.27	87.17	88.85	0.00	39	0	42	0.00	0.00	66.50	7.67	0.00	0.00	2000
222	10.96	2043	2087	0.00	210	0	0	0	nan	0.00	0.00	3.35	85.19	89.04	0.00	39	0	42	0.00	0.00	62.58	7.36	0.00	0.00	2000
233	11.24	2058	2114	0.10	195	0	0	4	40.83	0.00	0.00	2.63	86.85	88.76	0.00	39	0	42	0.00	0.00	64.37	7.70	0.00	0.00	2000
223	10.93	2042	2096	0.81	210	0	0	5	45.63	0.00	0.00	3.46	85.55	89.07	0.00	39	0	42	0.00	0.00	66.19	7.38	0.00	0.00	2000
229	10.75	2120	2107	0.00	195	0	0	0	nan	0.00	0.00	3.06	86.62	89.25	0.00	39	0	43	0.00	0.00	64.40	7.56	0.00	0.00	2000
230	11.08	2059	2113	0.00	193	0	0	0	nan	0.00	0.01	2.93	86.62	88.92	0.00	39	0	42	0.00	0.00	65.58	7.75	0.00	0.00	2000
225	11.04	2073	2066	0.00	195	0	0	0	nan	0.00	0.00	2.77	84.89	88.96	0.00	39	0	43	0.00	0.00	63.75	7.42	0.00	0.00	2000
226	10.93	2067	2096	0.00	211	0	0	0	nan	0.00	0.01	1.91	87.11	89.07	0.00	39	0	42	0.00	0.00	64.54	7.58	0.00	0.00	2000
236	11.49	2039	2118	0.00	211	0	0	0	nan	0.00	0.00	3.08	86.29	88.51	0.00	39	0	42	0.00	0.00	62.49	7.44	0.00	0.00	2000
223	10.70	2095	2088	0.00	210	0	0	0	nan	0.00	0.00	3.16	85.72	89.30	0.00	39	0	42	0.00	0.00	66.31	7.70	0.00	0.00	2000
234	11.12	2086	2120	0.00	195	0	0	0	nan	0.00	0.02	2.89	86.87	88.88	0.00	39	0	42	0.00	0.00	66.28	7.79	0.00	0.00	2000
224	10.90	2074	2080	0.00	219	0	0	0	nan	0.00	0.00	5.79	82.57	89.10	0.00	39	0	42	0.00	0.00	63.83	8.06	0.00	0.00	2000
236	11.06	2082	2148	0.00	196	0	0	0	nan	0.00	0.02	3.11	87.98	88.94	0.00	39	0	42	0.00	0.00	66.96	7.89	0.00	0.00	2000
228	11.19	2048	2092	0.00	194	0	0	0	nan	0.01	0.00	3.40	85.23	88.81	0.00	39	0	42	0.00	0.00	64.18	7.31	0.00	0.00	2000
229	11.32	2016	2103	0.00	194	0	0	0	nan	0.00	0.00	3.36	85.60	88.68	0.00	39	0	42	0.00	0.00	64.74	7.24	0.00	0.00	2000
232	11.02	2111	2093	0.00	199	0	0	0	nan	0.00	0.00	5.03	83.81	88.98	0.00	40	0	42	0.00	0.00	66.12	8.40	0.00	0.00	2000
227	11.18	2047	2080	0.00	195	0	0	0	nan	0.00	0.00	3.43	84.66	88.82	0.00	39	0	42	0.00	0.00	63.71	8.15	0.00	0.00	2000
225	10.80	2090	2089	0.00	210	0	0	0	nan	0.00	0.00	3.43	85.41	89.20	0.00	39	0	42	0.00	0.00	67.30	8.23	0.00	0.00	2000
227	11.07	2079	2075	0.00	195	0	0	0	nan	0.00	0.00	2.67	85.33	88.93	0.00	39	0	42	0.00	0.00	61.77	7.42	0.00	0.00	2000
228	10.99	2069	2103	0.62	211	0	0	10	51.00	0.01	0.00	1.84	87.42	89.01	0.00	38	0	42	0.00	0.00	64.56	7.69	0.00	0.00	2000
233	10.91	2079	2157	0.26	223	0	0	0	83.92	0.00	0.03	3.97	87.71	89.09	0.00	39	0	42	0.00	0.00	69.08	7.97	0.00	0.00	2000
120	8.18	1480	2076	0.00	229	0	0	0	nan	0.00	0.03	8.44	82.43	91.82	0.00	37	0	42	0.00	0.00	60.11	7.49	0.00	0.00	2000
79	7.07	1104	2118	0.00	193	0	0	0	nan	0.01	0.00	3.17	90.65	92.93	0.00	37	0	42	0.00	0.00	58.90	7.67	0.00	0.00	2000
74	6.80	1092	2082	0.00	194	0	0	0	nan	0.00	0.02	2.34	90.12	93.20	0.00	37	0	42	0.00	0.00	59.47	7.37	0.00	0.00	2000
95	7.62	1218	2149	0.00	131	0	0	0	nan	0.00	0.00	9.65	84.96	92.38	0.00	37	0	42	0.00	0.00	59.53	7.67	0.00	0.00	2000
