Avg_MHz	Busy%	Bzy_MHz	TSC_MHz	IPC	IRQ	NMI	SMI	LLCMRPS	LLC%hit	POLL%	C1%	C1E%	C6%	CPU%c1	CPU%c6	CoreTmp	CoreThr	PkgTmp	Pkg%pc2	Pkg%pc6	PkgWatt	RAMWatt	PKG_%	RAM_%	UncMHz
390	18.62	2072	2120	0.00	239	0	0	0	nan	0.00	0.65	42.64	39.00	81.38	0.00	37	0	43	0.00	0.00	67.89	7.87	0.00	0.00	2000
386	18.04	2116	2123	0.00	247	0	0	0	nan	0.00	2.18	24.60	56.36	81.96	0.00	37	0	43	0.00	0.00	64.75	7.45	0.00	0.00	2000
78	6.88	1145	2087	0.00	215	0	0	0	nan	0.00	0.00	4.61	87.94	93.12	0.00	37	0	43	0.00	0.00	60.87	7.68	0.00	0.00	2000
73	6.78	1060	2134	0.00	193	0	0	0	nan	0.00	0.00	3.39	91.42	93.22	0.00	37	0	43	0.00	0.00	58.56	7.48	0.00	0.00	2000
74	6.70	1120	2072	0.00	193	0	0	0	nan	0.00	0.03	2.37	89.62	93.30	0.00	37	0	42	0.00	0.00	57.58	7.22	0.00	0.00	2000
72	6.85	1051	2103	0.00	194	0	0	0	nan	0.00	0.00	3.77	89.56	93.15	0.00	37	0	43	0.00	0.00	58.36	7.44	0.00	0.00	2000
74	6.96	1043	2125	0.00	211	0	0	0	nan	0.00	0.00	4.96	89.27	93.04	0.00	37	0	42	0.00	0.00	57.15	7.32	0.00	0.00	2000
73	6.70	1080	2104	0.00	194	0	0	0	nan	0.00	0.00	3.49	90.00	93.30	0.00	37	0	43	0.00	0.00	58.19	7.31	0.00	0.00	2000
73	6.52	1133	2084	0.00	193	0	0	0	nan	0.00	0.00	3.64	89.22	93.48	0.00	37	0	43	0.00	0.00	58.08	7.17	0.00	0.00	2000
72	6.73	1071	2108	0.00	193	0	0	0	nan	0.00	0.04	4.07	89.61	93.27	0.00	37	0	43	0.00	0.00	59.04	7.52	0.00	0.00	2000
73	6.79	1071	2102	0.00	194	0	0	0	nan	0.00	0.00	4.24	89.12	93.21	0.00	37	0	43	0.00	0.00	57.73	7.32	0.00	0.00	2000
72	6.61	1091	2097	0.00	193	0	0	0	nan	0.00	0.00	3.71	89.50	93.39	0.00	38	0	42	0.00	0.00	58.74	7.49	0.00	0.00	2000
74	7.08	1037	2113	0.00	193	0	0	0	nan	0.00	0.00	3.72	89.89	92.92	0.00	37	0	42	0.00	0.00	58.01	7.30	0.00	0.00	2000
73	6.36	1145	2093	0.00	193	0	0	0	nan	0.00	0.00	3.47	89.75	93.64	0.00	37	0	43	0.00	0.00	59.44	7.35	0.00	0.00	2000
73	6.51	1129	2098	0.00	194	0	0	0	nan	0.00	0.00	4.27	88.92	93.49	0.00	37	0	43	0.00	0.00	58.19	7.52	0.00	0.00	2000
73	6.85	1064	2097	0.00	198	0	0	0	85.10	0.00	0.00	4.70	88.35	93.15	0.00	38	0	42	0.00	0.00	57.60	7.25	0.00	0.00	2000
72	6.94	1047	2076	0.29	195	0	0	1	84.09	0.00	0.00	3.83	88.19	93.06	0.00	37	0	42	0.00	0.00	55.48	7.09	0.00	0.00	2000
72	6.88	1041	2114	0.00	194	0	0	0	nan	0.00	0.01	1.93	91.89	93.12	0.00	37	0	42	0.00	0.00	62.68	7.79	0.00	0.00	2000
223	11.34	1957	2110	0.00	224	0	0	0	nan	0.00	0.77	7.71	80.61	88.66	0.00	38	0	43	0.00	0.00	64.18	7.30	0.00	0.00	2000
222	11.25	1973	2103	0.00	198	0	0	0	nan	0.00	0.03	5.79	83.17	88.75	0.00	39	0	42	0.00	0.00	64.66	7.42	0.00	0.00	2000
220	10.83	2043	2089	0.00	196	0	0	0	nan	0.00	0.00	2.92	85.88	89.17	0.00	39	0	42	0.00	0.00	63.86	7.25	0.00	0.00	2000
224	10.83	2059	2105	0.00	195	0	0	0	nan	0.00	0.00	2.79	86.61	89.17	0.00	39	0	43	0.00	0.00	63.32	7.24	0.00	0.00	2000
222	10.73	2059	2111	0.00	197	0	0	0	nan	0.00	0.00	3.40	86.48	89.27	0.00	37	0	43	0.00	0.00	67.29	7.95	0.00	0.00	2000
233	11.31	2063	2100	0.00	193	0	0	0	nan	0.00	0.00	2.78	85.92	88.69	0.00	37	0	43	0.00	0.00	63.76	7.55	0.00	0.00	2000
228	10.95	2086	2098	0.00	243	0	0	0	nan	0.00	0.00	1.87	87.19	89.05	0.00	37	0	43	0.00	0.00	65.25	7.62	0.00	0.00	2000
222	10.87	2040	2103	0.00	194	0	0	0	nan	0.00	0.00	2.88	86.52	89.13	0.00	38	0	42	0.00	0.00	65.27	8.20	0.00	0.00	2000
222	10.70	2078	2094	0.00	195	0	0	0	nan	0.00	0.02	2.95	86.16	89.30	0.00	38	0	43	0.00	0.00	63.93	7.68	0.00	0.00	2000
223	11.19	1991	2099	0.00	196	0	0	0	nan	0.00	0.00	3.24	85.64	88.81	0.00	39	0	42	0.00	0.00	64.32	7.53	0.00	0.00	2000
223	10.85	2050	2101	0.00	194	0	0	0	nan	0.00	0.00	2.92	86.32	89.15	0.00	39	0	43	0.00	0.00	64.72	7.35	0.00	0.00	2000
225	10.82	2085	2098	0.00	197	0	0	0	nan	0.00	0.02	4.45	84.68	89.18	0.00	39	0	43	0.00	0.00	65.45	7.43	0.00	0.00	2000
222	10.62	2084	2104	0.00	196	0	0	0	nan	0.00	0.02	3.00	86.59	89.38	0.00	39	0	42	0.00	0.00	64.96	7.43	0.00	0.00	2000
218	11.24	2035	1997	0.00	195	0	0	0	nan	0.00	0.01	2.80	81.72	88.76	0.00	40	0	43	0.00	0.00	62.55	7.28	0.00	0.00	2000
225	10.49	2042	2202	0.01	195	0	0	7	96.20	0.00	0.00	2.48	91.44	89.51	0.00	39	0	42	0.00	0.00	67.38	7.85	0.00	0.00	2000
221	10.84	2039	2102	0.67	196	0	0	10	94.49	0.00	0.00	3.20	86.24	89.16	0.00	40	0	43	0.00	0.00	62.97	7.21	0.00	0.00	2000
224	10.84	2059	2103	0.00	193	0	0	0	nan	0.00	0.00	3.12	86.22	89.16	0.00	40	0	42	0.00	0.00	65.77	7.52	0.00	0.00	2000
221	11.05	2051	2045	0.00	198	0	0	0	nan	0.00	0.00	4.03	82.71	88.95	0.00	40	0	42	0.00	0.00	62.72	7.23	0.00	0.00	2000
222	10.73	2049	2123	0.00	195	0	0	0	nan	0.00	0.02	2.86	87.38	89.27	0.00	40	0	43	0.00	0.00	63.77	7.23	0.00	0.00	2000
222	10.59	2060	2136	0.00	194	0	0	0	nan	0.00	0.03	3.17	87.85	89.41	0.00	40	0	43	0.00	0.00	66.75	7.59	0.00	0.00	2000
222	11.25	2032	2038	0.00	196	0	0	0	nan	0.00	0.01	3.70	82.59	88.75	0.00	40	0	43	0.00	0.00	62.67	7.22	0.00	0.00	2000
222	10.60	2071	2120	0.00	196	0	0	0	nan	0.00	0.02	2.87	87.54	89.40	0.00	40	0	43	0.00	0.00	64.67	7.50	0.00	0.00	2000
221	10.59	2092	2093	0.00	195	0	0	0	nan	0.00	0.00	2.82	86.38	89.41	0.00	40	0	43	0.00	0.00	64.06	7.39	0.00	0.00	2000
221	10.68	2068	2101	0.00	195	0	0	0	nan	0.00	0.00	3.13	86.27	89.32	0.00	40	0	42	0.00	0.00	64.09	7.50	0.00	0.00	2000
218	11.21	2038	1999	0.00	198	0	0	0	nan	0.00	0.02	3.27	81.30	88.79	0.00	39	0	43	0.00	0.00	59.54	7.00	0.00	0.00	2000
223	10.99	2031	2096	0.00	212	0	0	0	nan	0.00	0.01	2.56	86.33	89.01	0.00	39	0	42	0.00	0.00	64.68	7.86	0.00	0.00	2000
227	10.69	1966	2267	0.00	212	0	0	0	nan	0.00	0.00	2.30	94.21	89.31	0.00	40	0	43	0.00	0.00	70.69	8.46	0.00	0.00	2000
222	10.72	2069	2097	0.00	193	0	0	0	nan	0.00	0.00	3.12	86.19	89.28	0.00	39	0	42	0.00	0.00	65.30	7.58	0.00	0.00	2000
221	10.85	2058	2077	0.00	194	0	0	0	nan	0.00	0.02	3.08	85.11	89.15	0.00	40	0	42	0.00	0.00	63.54	7.36	0.00	0.00	2000
225	10.97	2034	2113	0.00	195	0	0	0	nan	0.00	0.01	2.97	86.72	89.03	0.00	39	0	43	0.00	0.00	65.86	7.57	0.00	0.00	2000
220	10.99	2043	2062	0.00	195	0	0	0	nan	0.00	0.02	3.03	84.51	89.01	0.00	40	0	43	0.00	0.00	62.34	7.34	0.00	0.00	2000
222	10.70	2035	2142	0.00	194	0	0	4	82.41	0.00	0.02	3.20	87.95	89.30	0.00	40	0	42	0.00	0.00	65.44	7.62	0.00	0.00	2000
219	10.64	2091	2066	0.76	194	0	0	7	86.10	0.00	0.02	3.09	84.85	89.36	0.00	40	0	42	0.00	0.00	63.57	7.25	0.00	0.00	2000
222	10.67	2083	2093	0.00	195	0	0	0	nan	0.00	0.00	3.10	86.03	89.33	0.00	40	0	43	0.00	0.00	64.57	7.24	0.00	0.00	2000
223	10.64	2080	2118	0.00	197	0	0	0	nan	0.00	0.01	3.28	86.94	89.36	0.00	41	0	42	0.00	0.00	64.45	7.40	0.00	0.00	2000
221	10.59	2088	2100	0.00	211	0	0	0	nan	0.00	0.00	3.07	86.38	89.41	0.00	39	0	43	0.00	0.00	64.70	7.42	0.00	0.00	2000
223	10.66	2052	2138	0.00	194	0	0	0	nan	0.00	0.00	4.15	86.95	89.34	0.00	40	0	42	0.00	0.00	65.36	7.73	0.00	0.00	2000
222	10.85	2056	2093	0.00	197	0	0	0	nan	0.00	0.00	4.86	84.14	89.15	0.00	40	0	43	0.00	0.00	65.14	7.59	0.00	0.00	2000
220	10.58	2118	2066	0.00	195	0	0	0	nan	0.00	0.02	3.17	84.83	89.42	0.00	40	0	43	0.00	0.00	63.61	7.21	0.00	0.00	2000
224	11.04	1989	2142	0.00	196	0	0	0	nan	0.02	0.00	3.29	87.56	88.96	0.00	41	0	42	0.00	0.00	66.37	7.61	0.00	0.00	2000
220	10.69	2093	2066	0.00	193	0	0	0	nan	0.00	0.00	2.36	85.61	89.31	0.00	40	0	43	0.00	0.00	63.22	7.27	0.00	0.00	2000
224	10.85	2043	2121	0.00	195	0	0	0	nan	0.00	0.01	3.34	86.74	89.15	0.00	40	0	43	0.00	0.00	65.17	7.77	0.00	0.00	2000
221	10.96	2040	2072	0.00	195	0	0	0	nan	0.00	0.00	3.29	84.68	89.04	0.00	40	0	43	0.00	0.00	63.94	7.42	0.00	0.00	2000
222	10.48	2082	2138	0.00	196	1	0	0	nan	0.00	0.02	3.31	87.82	89.52	0.00	40	0	43	0.00	0.00	64.99	7.66	0.00	0.00	2000
222	10.90	2037	2100	0.00	211	0	0	0	nan	0.00	0.00	3.41	85.81	89.10	0.00	40	0	42	0.00	0.00	65.59	7.75	0.00	0.00	2000
222	10.90	2060	2073	0.00	195	0	0	0	nan	0.00	0.00	3.59	84.39	89.10	0.00	40	0	43	0.00	0.00	63.12	7.44	0.00	0.00	2000
210	10.87	1912	2124	0.00	196	0	0	0	nan	0.00	0.00	4.78	85.42	89.13	0.00	39	0	43	0.00	0.00	63.96	7.42	0.00	0.00	2000
222	10.81	2053	2105	0.00	194	0	0	0	nan	0.00	0.02	2.78	86.73	89.19	0.00	40	0	42	0.00	0.00	65.90	7.57	0.00	0.00	2000
220	10.53	2090	2096	0.00	194	0	0	6	96.79	0.01	0.01	3.60	85.67	89.47	0.00	40	0	42	0.00	0.00	64.23	7.43	0.00	0.00	2000
224	10.88	2059	2097	0.72	195	0	0	13	97.50	0.00	0.00	3.90	85.22	89.12	0.00	39	0	42	0.00	0.00	64.86	7.35	0.00	0.00	2000
222	10.77	2051	2110	0.00	195	0	0	0	nan	0.00	0.04	3.38	86.40	89.23	0.00	40	0	43	0.00	0.00	65.09	7.39	0.00	0.00	2000
220	11.09	2002	2083	0.00	195	0	0	0	nan	0.00	0.00	2.81	85.55	88.91	0.00	39	0	42	0.00	0.00	64.32	7.39	0.00	0.00	2000
221	10.93	2011	2114	0.00	195	0	0	0	nan	0.00	0.00	2.88	86.93	89.07	0.00	39	0	43	0.00	0.00	64.45	7.41	0.00	0.00	2000
227	11.01	2084	2076	0.00	196	0	0	0	nan	0.00	0.02	3.60	84.44	88.99	0.00	39	0	43	0.00	0.00	59.24	6.88	0.00	0.00	2000
222	11.08	2088	2011	0.00	196	0	0	0	nan	0.00	0.00	3.33	81.89	88.92	0.00	39	0	43	0.00	0.00	61.64	7.15	0.00	0.00	2000
225	10.27	2092	2202	0.00	195	0	0	0	nan	0.00	0.00	2.79	91.35	89.73	0.00	39	0	42	0.00	0.00	70.98	8.36	0.00	0.00	2000
221	10.58	2101	2086	0.00	194	0	0	0	nan	0.00	0.00	2.67	86.22	89.42	0.00	39	0	43	0.00	0.00	63.14	7.35	0.00	0.00	2000
222	10.89	2037	2104	0.00	196	0	0	0	nan	0.00	0.00	3.17	86.21	89.11	0.00	39	0	43	0.00	0.00	63.09	7.40	0.00	0.00	2000
223	11.16	1968	2127	0.00	197	0	0	0	nan	0.00	0.00	4.09	86.00	88.84	0.00	39	0	43	0.00	0.00	63.67	7.52	0.00	0.00	2000
223	10.94	2052	2087	0.00	195	0	0	0	nan	0.00	0.00	3.71	84.90	89.06	0.00	39	0	42	0.00	0.00	63.37	7.40	0.00	0.00	2000
223	10.66	2081	2112	0.00	196	0	0	0	nan	0.00	0.02	3.15	86.87	89.34	0.00	39	0	42	0.00	0.00	64.58	7.52	0.00	0.00	2000
223	10.46	2136	2101	0.00	194	0	0	0	nan	0.00	0.02	2.32	87.29	89.54	0.00	39	0	42	0.00	0.00	63.29	7.63	0.00	0.00	2000
592	27.85	2316	1929	0.00	209	0	0	0	nan	0.00	0.04	2.94	63.32	72.15	0.00	38	0	43	0.00	0.00	58.43	6.97	0.00	0.00	2000
682	29.04	2324	2121	0.00	258	0	0	0	nan	0.00	0.00	2.56	69.19	70.96	0.00	38	0	43	0.00	0.00	71.37	8.02	0.00	0.00	2000
677	29.50	2332	2066	0.00	242	0	0	0	nan	0.00	0.00	1.98	67.40	70.50	0.00	38	0	43	0.00	0.00	65.77	7.39	0.00	0.00	2000
695	29.70	2357	2085	0.21	260	0	0	67	87.27	0.00	0.00	2.14	67.69	70.30	0.00	38	0	43	0.00	0.00	69.21	7.59	0.00	0.00	2000
688	27.19	2500	2126	0.00	258	0	0	0	nan	0.00	0.00	3.09	70.73	72.81	0.00	38	0	43	0.00	0.00	74.14	8.27	0.00	0.00	2000
687	27.52	2500	2096	0.00	243	0	0	0	nan	0.00	0.00	3.51	68.94	72.48	0.00	38	0	42	0.00	0.00	70.85	7.93	0.00	0.00	2000
686	27.43	2500	2102	0.00	242	0	0	0	nan	0.00	0.00	3.36	69.42	72.57	0.00	38	0	42	0.00	0.00	70.71	7.89	0.00	0.00	2000
688	27.57	2500	2097	0.00	244	0	0	0	nan	0.00	0.00	3.40	69.03	72.43	0.00	38	0	43	0.00	0.00	71.40	7.92	0.00	0.00	2000
584	22.24	2463	2239	0.00	254	0	0	0	nan	0.00	0.00	5.39	77.69	77.76	0.00	38	0	42	0.00	0.00	75.64	8.30	0.00	0.00	2000
227	11.57	2153	1916	0.00	211	0	0	0	nan	0.00	0.01	4.06	76.69	88.43	0.00	38	0	42	0.00	0.00	52.82	6.38	0.00	0.00	2000
244	10.49	2013	2425	0.00	267	0	0	0	nan	0.00	0.00	4.77	98.66	89.51	0.00	37	0	42	0.00	0.00	81.39	9.76	0.00	0.00	2000
230	11.00	2089	2099	0.00	179	0	0	0	nan	0.00	0.01	2.78	86.23	89.00	0.00	37	0	43	0.00	0.00	63.92	7.72	0.00	0.00	2000
232	11.26	2049	2107	0.00	194	0	0	0	nan	0.00	0.01	2.97	86.21	88.74	0.00	38	0	43	0.00	0.00	64.48	7.69	0.00	0.00	2000
232	11.43	2037	2097	0.00	198	0	0	0	nan	0.00	0.01	4.12	84.42	88.57	0.00	37	0	43	0.00	0.00	59.56	7.20	0.00	0.00	2000
232	11.18	2082	2096	0.00	197	0	0	0	nan	0.00	0.00	3.95	84.77	88.82	0.00	37	0	42	0.00	0.00	63.99	7.66	0.00	0.00	2000
229	11.11	2060	2103	0.00	194	0	0	0	nan	0.00	0.00	3.80	85.32	88.89	0.00	37	0	42	0.00	0.00	65.17	7.88	0.00	0.00	2000
232	11.32	2051	2102	0.00	179	0	0	0	nan	0.00	0.02	3.85	85.06	88.68	0.00	37	0	43	0.00	0.00	64.53	7.81	0.00	0.00	2000
228	11.01	2079	2095	0.00	195	0	0	0	nan	0.00	0.01	3.21	85.68	88.99	0.00	38	0	43	0.00	0.00	61.06	7.51	0.00	0.00	2000
229	11.34	2018	2103	0.00	194	0	0	3	51.56	0.00	0.00	3.23	85.59	88.66	0.00	37	0	43	0.00	0.00	60.94	7.27	0.00	0.00	2000
234	11.38	2050	2101	0.46	196	0	0	6	54.51	0.00	0.01	3.25	85.50	88.62	0.00	37	0	43	0.00	0.00	65.62	7.80	0.00	0.00	2000
230	10.99	2100	2096	0.00	179	0	0	0	nan	0.00	0.03	3.08	85.78	89.01	0.00	37	0	43	0.00	0.00	64.24	7.61	0.00	0.00	2000
231	11.14	2067	2104	0.00	195	0	0	0	nan	0.00	0.02	2.46	86.62	88.86	0.00	38	0	43	0.00	0.00	59.59	7.16	0.00	0.00	2000
230	10.89	2122	2087	0.00	193	0	0	0	nan	0.00	0.01	2.71	85.93	89.11	0.00	37	0	42	0.00	0.00	63.84	7.63	0.00	0.00	2000
230	11.06	2067	2111	0.00	197	0	0	0	nan	0.00	0.00	2.56	86.89	88.94	0.00	38	0	43	0.00	0.00	65.04	7.93	0.00	0.00	2000
231	11.08	2083	2097	0.00	194	0	0	0	nan	0.00	0.00	3.28	85.61	88.92	0.00	38	0	42	0.00	0.00	63.54	7.73	0.00	0.00	2000
232	11.05	2100	2103	0.00	179	0	0	0	nan	0.00	0.00	4.05	85.06	88.95	0.00	37	0	43	0.00	0.00	64.97	7.80	0.00	0.00	2000
220	11.05	2049	2035	0.00	228	0	0	0	nan	0.00	0.01	3.02	83.20	88.95	0.00	38	0	43	0.00	0.00	59.98	7.25	0.00	0.00	2000
180	9.34	1868	2160	0.00	227	0	0	0	nan	0.00	0.02	6.98	86.35	90.66	0.00	37	0	42	0.00	0.00	67.34	8.22	0.00	0.00	2000
77	6.96	1114	2089	0.00	210	0	0	0	nan	0.00	0.02	2.42	90.19	93.04	0.00	37	0	42	0.00	0.00	57.32	7.18	0.00	0.00	2000
75	6.95	1078	2114	0.00	196	0	0	0	nan	0.00	0.00	4.83	88.95	93.05	0.00	37	0	43	0.00	0.00	58.25	7.52	0.00	0.00	2000
74	6.67	1111	2099	0.00	194	0	0	0	nan	0.00	0.00	3.60	89.70	93.33	0.00	37	0	42	0.00	0.00	58.12	7.41	0.00	0.00	2000
85	7.42	1163	2066	0.00	115	0	0	0	nan	0.00	0.00	6.55	84.55	92.58	0.00	37	0	43	0.00	0.00	57.96	7.31	0.00	0.00	2000
