Avg_MHz	Busy%	Bzy_MHz	TSC_MHz	IPC	IRQ	NMI	SMI	LLCMRPS	LLC%hit	POLL%	C1%	C1E%	C6%	CPU%c1	CPU%c6	CoreTmp	CoreThr	PkgTmp	Pkg%pc2	Pkg%pc6	PkgWatt	RAMWatt	PKG_%	RAM_%	UncMHz
351	17.54	1971	2133	0.00	266	0	0	0	nan	0.00	2.21	35.53	46.07	82.46	0.00	37	0	42	0.00	0.00	67.37	7.73	0.00	0.00	2000
406	19.04	2148	2087	0.00	243	0	0	0	nan	0.04	2.56	21.34	56.83	80.96	0.00	37	0	42	0.00	0.00	66.12	7.44	0.00	0.00	2000
77	7.08	1067	2135	0.00	210	0	0	0	nan	0.00	0.00	7.60	86.83	92.92	0.00	37	0	42	0.00	0.00	60.61	7.73	0.00	0.00	2000
74	6.75	1104	2099	0.00	193	0	0	0	nan	0.00	0.00	2.42	90.81	93.25	0.00	37	0	42	0.00	0.00	58.73	7.42	0.00	0.00	2000
75	7.34	1027	2083	0.00	196	0	0	0	nan	0.01	0.00	4.01	87.98	92.66	0.00	37	0	42	0.00	0.00	56.57	7.30	0.00	0.00	2000
74	6.81	1069	2128	0.00	195	0	0	0	nan	0.00	0.02	2.27	92.25	93.19	0.00	37	0	42	0.00	0.00	61.85	7.87	0.00	0.00	2000
74	6.60	1114	2103	0.00	195	0	0	0	nan	0.00	0.01	2.60	90.97	93.40	0.00	37	0	42	0.00	0.00	58.60	7.41	0.00	0.00	2000
72	6.52	1116	2068	0.00	193	0	0	0	nan	0.00	0.02	2.85	89.22	93.48	0.00	37	0	42	0.00	0.00	54.96	6.86	0.00	0.00	2000
73	6.92	1043	2127	0.00	193	0	0	0	nan	0.00	0.00	3.11	91.24	93.08	0.00	37	0	42	0.00	0.00	61.54	7.95	0.00	0.00	2000
73	6.77	1081	2106	0.00	194	0	0	0	nan	0.00	0.02	2.85	90.77	93.23	0.00	37	0	42	0.00	0.00	57.30	7.43	0.00	0.00	2000
80	6.75	1191	2079	0.00	193	0	0	0	nan	0.00	0.00	5.41	86.88	93.25	0.00	37	0	42	0.00	0.00	57.75	7.55	0.00	0.00	2000
74	6.93	1062	2126	0.00	210	0	0	0	nan	0.00	0.00	2.93	91.29	93.07	0.00	37	0	42	0.00	0.00	61.77	7.84	0.00	0.00	2000
72	6.66	1098	2065	0.00	193	0	0	0	nan	0.00	0.00	3.01	88.77	93.34	0.00	37	0	42	0.00	0.00	54.65	6.81	0.00	0.00	2000
70	6.85	1025	2108	0.00	210	0	0	0	nan	0.00	0.03	3.04	90.45	93.15	0.00	37	0	42	0.00	0.00	61.80	7.81	0.00	0.00	2000
75	6.97	1061	2124	0.00	194	0	0	0	nan	0.00	0.00	3.33	90.77	93.03	0.00	37	0	42	0.00	0.00	58.35	7.59	0.00	0.00	2000
71	6.65	1074	2099	0.00	193	0	0	1	88.18	0.00	0.00	3.15	90.20	93.35	0.00	37	0	42	0.00	0.00	59.05	7.52	0.00	0.00	2000
71	6.34	1138	2071	0.29	193	0	0	1	88.12	0.00	0.00	3.60	88.77	93.66	0.00	37	0	42	0.00	0.00	57.20	7.22	0.00	0.00	2000
73	6.67	1081	2136	0.00	193	0	0	0	nan	0.00	0.00	1.79	93.26	93.33	0.00	37	0	42	0.00	0.00	58.92	7.61	0.00	0.00	2000
189	9.94	1956	2045	0.00	206	0	0	0	nan	0.01	0.74	4.28	82.73	90.06	0.00	38	0	42	0.00	0.00	60.94	7.30	0.00	0.00	2000
233	11.23	2027	2148	0.00	214	0	0	0	nan	0.00	0.04	4.31	86.54	88.77	0.00	38	0	42	0.00	0.00	68.42	7.98	0.00	0.00	2000
232	11.22	2070	2099	0.00	200	0	0	0	nan	0.00	0.02	6.18	82.63	88.78	0.00	38	0	42	0.00	0.00	64.80	7.59	0.00	0.00	2000
226	10.98	2082	2075	0.00	197	0	0	0	nan	0.00	0.52	4.82	82.76	89.02	0.00	39	0	42	0.00	0.00	62.33	7.26	0.00	0.00	2000
236	11.45	2034	2125	0.00	197	0	0	0	nan	0.00	0.00	8.00	81.76	88.55	0.00	38	0	42	0.00	0.00	66.19	7.83	0.00	0.00	2000
223	11.11	2053	2050	0.00	196	0	0	0	nan	0.00	0.00	6.72	80.19	88.89	0.00	38	0	42	0.00	0.00	63.68	7.83	0.00	0.00	2000
223	10.69	2061	2122	0.00	200	0	0	0	nan	0.00	0.02	8.07	82.27	89.31	0.00	38	0	42	0.00	0.00	63.69	7.71	0.00	0.00	2000
235	11.21	2113	2088	0.00	202	0	0	0	nan	0.00	0.02	5.85	82.47	88.79	0.00	38	0	42	0.00	0.00	66.10	8.10	0.00	0.00	2000
232	10.94	2078	2142	0.00	213	0	0	0	nan	0.00	0.02	6.27	84.62	89.06	0.00	38	0	42	0.00	0.00	68.99	8.31	0.00	0.00	2000
225	11.21	2038	2072	0.00	196	0	0	0	nan	0.00	0.00	5.55	82.20	88.79	0.00	38	0	42	0.00	0.00	64.41	7.46	0.00	0.00	2000
229	11.10	2065	2100	0.00	195	0	0	0	nan	0.00	0.00	5.26	83.64	88.90	0.00	39	0	42	0.00	0.00	64.80	7.66	0.00	0.00	2000
232	11.04	2104	2099	0.00	198	0	0	0	nan	0.00	0.02	4.41	84.60	88.96	0.00	39	0	42	0.00	0.00	60.93	7.52	0.00	0.00	2000
232	11.31	2068	2080	0.00	208	0	0	0	nan	0.00	0.00	2.04	85.94	88.69	0.00	39	0	42	0.00	0.00	66.17	7.16	0.00	0.00	2000
238	11.39	2076	2110	0.00	214	0	0	0	nan	0.00	0.53	4.79	83.83	88.61	0.00	39	0	42	0.00	0.00	64.20	7.50	0.00	0.00	2000
237	11.41	2047	2132	0.00	198	0	0	4	86.28	0.00	0.01	4.92	85.16	88.59	0.00	39	0	42	0.00	0.00	67.06	7.68	0.00	0.00	2000
231	11.11	2128	2056	0.51	199	0	0	18	87.39	0.00	0.02	1.97	85.13	88.89	0.00	39	0	42	0.00	0.00	64.05	7.71	0.00	0.00	2000
233	11.06	2055	2153	0.00	218	0	0	0	nan	0.01	0.01	4.48	86.74	88.94	0.00	39	0	42	0.00	0.00	67.68	7.68	0.00	0.00	2000
225	11.39	2009	2066	0.00	198	0	0	0	nan	0.00	0.00	5.19	82.06	88.61	0.00	40	0	42	0.00	0.00	63.43	7.43	0.00	0.00	2000
235	11.33	2040	2133	0.00	215	0	0	0	nan	0.00	0.01	3.92	86.26	88.67	0.00	40	0	42	0.00	0.00	64.33	7.61	0.00	0.00	2000
229	11.01	2088	2090	0.00	184	0	0	0	nan	0.00	0.02	5.46	83.26	88.99	0.00	40	0	42	0.00	0.00	65.32	7.69	0.00	0.00	2000
233	11.26	2057	2115	0.00	197	0	0	0	nan	0.00	0.02	4.33	85.15	88.74	0.00	40	0	42	0.00	0.00	65.69	7.56	0.00	0.00	2000
227	11.25	2068	2051	0.00	202	0	0	0	nan	0.00	0.00	4.80	82.04	88.75	0.00	39	0	42	0.00	0.00	63.54	7.46	0.00	0.00	2000
233	11.11	2045	2153	0.00	213	0	0	0	nan	0.00	0.02	5.06	86.16	88.89	0.00	40	0	42	0.00	0.00	67.95	8.05	0.00	0.00	2000
226	11.29	2065	2035	0.00	195	0	0	0	nan	0.00	0.00	4.33	81.78	88.71	0.00	39	0	42	0.00	0.00	61.15	7.18	0.00	0.00	2000
232	11.13	2035	2151	0.00	213	0	0	0	nan	0.00	0.00	4.64	86.58	88.87	0.00	39	0	42	0.00	0.00	68.83	8.26	0.00	0.00	2000
230	10.89	2121	2089	0.00	203	0	0	0	nan	0.00	0.03	3.92	84.82	89.11	0.00	40	0	43	0.00	0.00	65.43	7.65	0.00	0.00	2000
235	11.22	2126	2068	0.00	202	0	0	0	nan	0.00	0.02	3.53	83.99	88.78	0.00	40	0	42	0.00	0.00	61.61	7.03	0.00	0.00	2000
226	10.87	2020	2164	0.00	213	0	0	0	nan	0.00	0.13	4.27	87.69	89.13	0.00	39	0	42	0.00	0.00	69.96	8.05	0.00	0.00	2000
231	11.18	2065	2098	0.00	198	0	0	0	nan	0.00	0.00	5.20	83.66	88.82	0.00	39	0	42	0.00	0.00	64.85	7.53	0.00	0.00	2000
232	11.35	2049	2097	0.00	198	0	0	0	nan	0.00	0.02	5.89	82.84	88.65	0.00	39	0	42	0.00	0.00	61.81	7.70	0.00	0.00	2000
229	11.17	2069	2079	0.00	184	0	0	0	nan	0.00	0.01	5.81	82.18	88.83	0.00	40	0	42	0.00	0.00	65.12	7.32	0.00	0.00	2000
231	11.32	2018	2120	0.00	212	0	0	5	76.38	0.00	0.00	7.36	82.28	88.68	0.00	40	0	42	0.00	0.00	68.06	8.07	0.00	0.00	2000
230	11.52	1990	2103	0.92	197	0	0	6	82.73	0.00	0.00	6.19	82.61	88.48	0.00	40	0	42	0.00	0.00	63.83	7.59	0.00	0.00	2000
228	11.21	2056	2074	0.00	198	0	0	0	nan	0.00	0.02	5.49	82.33	88.79	0.00	40	0	42	0.00	0.00	62.49	7.17	0.00	0.00	2000
232	11.28	2047	2115	0.00	197	0	0	0	nan	0.00	0.00	6.82	82.67	88.72	0.00	40	0	42	0.00	0.00	65.42	7.84	0.00	0.00	2000
230	11.33	2044	2089	0.00	203	0	0	0	nan	0.00	0.00	6.19	82.20	88.67	0.00	39	0	42	0.00	0.00	65.72	7.67	0.00	0.00	2000
231	11.23	2054	2102	0.00	196	0	0	0	nan	0.00	0.00	7.42	81.65	88.77	0.00	40	0	42	0.00	0.00	64.83	7.62	0.00	0.00	2000
231	11.49	1999	2112	0.00	199	0	0	0	nan	0.00	0.01	6.69	82.47	88.51	0.00	40	0	42	0.00	0.00	67.83	7.93	0.00	0.00	2000
234	11.13	2094	2111	0.00	200	0	0	0	nan	0.00	0.00	6.33	83.11	88.87	0.00	40	0	42	0.00	0.00	62.63	7.27	0.00	0.00	2000
228	11.04	2070	2093	0.00	181	0	0	0	nan	0.00	0.00	5.99	82.76	88.96	0.00	40	0	42	0.00	0.00	66.77	7.84	0.00	0.00	2000
230	11.19	2077	2081	0.00	197	0	0	0	nan	0.00	0.01	4.65	83.44	88.81	0.00	40	0	42	0.00	0.00	64.34	7.48	0.00	0.00	2000
233	11.35	2029	2121	0.00	218	0	0	0	nan	0.00	0.00	4.68	84.94	88.65	0.00	40	0	42	0.00	0.00	64.69	7.56	0.00	0.00	2000
230	11.25	2049	2097	0.00	182	0	0	0	nan	0.00	0.00	6.27	82.53	88.75	0.00	40	0	42	0.00	0.00	65.75	7.67	0.00	0.00	2000
230	10.98	2087	2105	0.00	198	0	0	0	nan	0.00	0.01	4.89	84.42	89.02	0.00	40	0	42	0.00	0.00	62.94	7.40	0.00	0.00	2000
231	11.19	2063	2104	0.00	195	0	0	0	nan	0.00	0.02	4.23	84.82	88.81	0.00	40	0	42	0.00	0.00	65.67	7.75	0.00	0.00	2000
232	11.44	2028	2098	0.00	199	0	0	0	nan	0.00	0.01	3.76	84.88	88.56	0.00	40	0	42	0.00	0.00	65.77	7.66	0.00	0.00	2000
231	11.20	2070	2096	0.00	204	0	0	0	nan	0.00	0.01	5.41	83.30	88.81	0.00	40	0	43	0.00	0.00	66.31	7.54	0.00	0.00	2000
230	11.37	2020	2099	0.00	199	0	0	0	nan	0.00	0.00	7.63	81.06	88.63	0.00	40	0	42	0.00	0.00	64.56	8.03	0.00	0.00	2000
231	11.27	2046	2105	0.00	204	0	0	2	83.80	0.00	0.00	5.07	83.95	88.73	0.00	40	0	42	0.00	0.00	65.30	7.75	0.00	0.00	2000
231	11.46	2013	2100	0.98	211	0	0	10	80.63	0.00	0.01	5.36	83.32	88.54	0.00	40	0	42	0.00	0.00	65.27	7.44	0.00	0.00	2000
232	11.16	2082	2101	0.00	200	0	0	0	nan	0.00	0.02	5.64	83.26	88.84	0.00	40	0	42	0.00	0.00	64.98	7.72	0.00	0.00	2000
233	11.17	2088	2102	0.00	200	0	0	0	nan	0.00	0.03	6.39	82.54	88.83	0.00	40	0	42	0.00	0.00	62.56	7.67	0.00	0.00	2000
231	10.86	2127	2099	0.00	196	0	0	0	nan	0.00	0.02	5.03	84.15	89.14	0.00	40	0	42	0.00	0.00	65.52	7.70	0.00	0.00	2000
230	11.23	2053	2096	0.00	197	0	0	0	nan	0.00	0.01	6.79	81.89	88.77	0.00	40	0	42	0.00	0.00	64.46	7.70	0.00	0.00	2000
230	11.40	2017	2098	0.00	197	0	0	0	nan	0.00	0.00	6.16	82.56	88.60	0.00	40	0	42	0.00	0.00	64.40	7.63	0.00	0.00	2000
229	11.42	2007	2102	0.00	195	0	0	0	nan	0.00	0.00	5.98	82.86	88.58	0.00	40	0	42	0.00	0.00	64.74	7.74	0.00	0.00	2000
232	11.33	2048	2100	0.00	199	0	0	0	nan	0.00	0.00	6.56	82.26	88.67	0.00	40	0	42	0.00	0.00	65.02	7.60	0.00	0.00	2000
231	10.92	2111	2103	0.00	197	0	0	0	nan	0.00	0.02	6.18	83.08	89.08	0.00	40	0	42	0.00	0.00	66.30	7.63	0.00	0.00	2000
230	10.75	2142	2096	0.00	196	0	0	0	nan	0.00	0.02	6.13	83.02	89.25	0.00	40	0	42	0.00	0.00	65.29	7.87	0.00	0.00	2000
229	11.08	2076	2092	0.00	185	0	0	0	nan	0.01	0.00	5.28	83.45	88.92	0.00	40	0	42	0.00	0.00	63.03	7.40	0.00	0.00	2000
238	11.14	2133	2100	0.00	199	0	0	0	nan	0.00	0.00	6.04	82.91	88.86	0.00	40	0	42	0.00	0.00	65.52	7.88	0.00	0.00	2000
232	11.06	2103	2091	0.00	198	0	0	0	nan	0.00	0.03	3.53	84.98	88.94	0.00	40	0	42	0.00	0.00	65.43	7.75	0.00	0.00	2000
236	11.34	2058	2122	0.00	202	0	0	0	nan	0.02	0.00	3.19	86.50	88.66	0.00	40	0	42	0.00	0.00	66.72	7.75	0.00	0.00	2000
228	10.97	2091	2088	0.00	195	0	0	0	nan	0.00	0.05	5.50	83.16	89.03	0.00	40	0	42	0.00	0.00	65.89	7.77	0.00	0.00	2000
231	11.47	2006	2110	0.00	199	0	0	0	nan	0.00	0.00	4.42	84.73	88.53	0.00	40	0	42	0.00	0.00	64.41	7.70	0.00	0.00	2000
229	11.32	2026	2096	0.00	196	0	0	0	nan	0.00	0.00	4.33	84.35	88.68	0.00	40	0	42	0.00	0.00	65.07	7.59	0.00	0.00	2000
231	11.33	2032	2104	0.76	196	0	0	10	80.33	0.00	0.01	4.31	84.66	88.67	0.00	40	0	42	0.00	0.00	65.20	7.55	0.00	0.00	2000
238	11.63	2046	2098	0.29	207	0	0	0	nan	0.00	0.03	6.59	81.73	88.37	0.00	40	0	42	0.00	0.00	62.24	7.32	0.00	0.00	2000
229	11.27	2044	2090	0.00	197	0	0	0	nan	0.00	0.00	5.77	82.65	88.73	0.00	40	0	42	0.00	0.00	65.94	7.72	0.00	0.00	2000
231	11.34	2027	2112	0.00	194	0	0	0	nan	0.00	0.00	5.45	83.83	88.66	0.00	40	0	42	0.00	0.00	64.81	7.77	0.00	0.00	2000
229	11.28	2035	2100	0.00	199	0	0	0	nan	0.00	0.00	4.45	84.36	88.72	0.00	40	0	42	0.00	0.00	61.91	7.74	0.00	0.00	2000
230	11.22	2049	2098	0.00	197	0	0	0	nan	0.00	0.00	5.88	82.98	88.78	0.00	40	0	42	0.00	0.00	68.57	7.62	0.00	0.00	2000
235	11.06	2118	2105	0.00	197	0	0	0	nan	0.00	1.12	4.33	83.85	88.94	0.00	40	0	42	0.00	0.00	63.85	7.58	0.00	0.00	2000
228	10.98	2093	2081	0.00	186	0	0	0	nan	0.01	0.03	5.26	83.12	89.02	0.00	40	0	42	0.00	0.00	66.42	7.78	0.00	0.00	2000
229	11.15	2064	2085	0.00	197	0	0	0	nan	0.00	0.02	4.99	83.35	88.85	0.00	40	0	42	0.00	0.00	64.32	7.64	0.00	0.00	2000
231	10.79	2138	2105	0.00	198	0	0	0	nan	0.00	0.05	4.16	85.25	89.21	0.00	40	0	42	0.00	0.00	66.28	7.73	0.00	0.00	2000
233	11.43	2027	2115	0.00	197	0	0	0	nan	0.00	0.00	3.40	85.98	88.57	0.00	40	0	42	0.00	0.00	65.00	7.67	0.00	0.00	2000
228	10.94	2097	2091	0.00	198	0	0	0	nan	0.00	0.03	4.16	84.56	89.06	0.00	40	0	42	0.00	0.00	62.65	7.64	0.00	0.00	2000
239	11.04	2140	2125	0.00	202	0	0	0	nan	0.00	0.03	5.24	84.80	88.96	0.00	40	0	42	0.00	0.00	66.65	7.88	0.00	0.00	2000
228	11.42	2001	2096	0.00	197	0	0	0	nan	0.01	0.00	6.27	82.29	88.58	0.00	40	0	42	0.00	0.00	65.15	7.87	0.00	0.00	2000
230	11.42	2018	2098	0.00	197	0	0	0	nan	0.00	0.00	6.65	82.02	88.58	0.00	40	0	42	0.00	0.00	64.69	7.61	0.00	0.00	2000
229	11.32	2015	2103	0.00	197	0	0	0	nan	0.00	0.00	5.68	83.34	88.68	0.00	40	0	42	0.00	0.00	65.26	7.72	0.00	0.00	2000
232	11.07	2097	2103	0.00	197	0	0	0	nan	0.00	0.00	5.77	83.45	88.93	0.00	40	0	42	0.00	0.00	63.86	7.42	0.00	0.00	2000
231	11.17	2108	2061	0.42	184	0	0	9	81.27	0.00	0.00	5.38	82.00	88.83	0.00	40	0	42	0.00	0.00	65.91	7.76	0.00	0.00	2000
230	10.84	2100	2125	0.63	217	0	0	3	85.91	0.00	0.00	7.17	83.10	89.16	0.00	40	0	42	0.00	0.00	65.43	7.65	0.00	0.00	2000
230	11.10	2063	2108	0.00	197	0	0	0	nan	0.00	0.02	4.32	84.94	88.90	0.00	40	0	42	0.00	0.00	65.32	7.76	0.00	0.00	2000
232	11.33	2042	2101	0.00	199	0	0	0	nan	0.00	1.00	6.00	81.78	88.67	0.00	40	0	42	0.00	0.00	64.96	7.52	0.00	0.00	2000
229	11.13	2057	2101	0.00	198	0	0	0	nan	0.00	0.05	3.82	85.18	88.87	0.00	40	0	42	0.00	0.00	62.94	7.46	0.00	0.00	2000
232	11.63	2005	2088	0.00	201	0	0	0	nan	0.01	0.00	6.44	81.65	88.38	0.00	40	0	42	0.00	0.00	64.80	7.94	0.00	0.00	2000
230	11.24	2058	2091	0.00	202	0	0	0	nan	0.00	0.00	6.30	82.18	88.76	0.00	40	0	42	0.00	0.00	65.89	7.47	0.00	0.00	2000
233	11.48	2015	2114	0.00	197	0	0	0	nan	0.00	0.00	7.04	82.20	88.52	0.00	40	0	42	0.00	0.00	66.20	8.01	0.00	0.00	2000
228	10.85	2097	2109	0.00	196	0	0	0	nan	0.00	0.00	6.36	83.32	89.15	0.00	40	0	42	0.00	0.00	63.96	7.52	0.00	0.00	2000
229	11.07	2074	2091	0.00	199	0	0	0	nan	0.00	0.00	5.46	83.15	88.93	0.00	40	0	42	0.00	0.00	61.78	7.33	0.00	0.00	2000
236	11.64	2055	2069	0.00	180	0	0	0	nan	0.00	0.00	6.06	81.20	88.36	0.00	40	0	42	0.00	0.00	68.84	7.69	0.00	0.00	2000
231	11.02	2066	2127	0.00	220	0	0	0	nan	0.00	0.00	6.93	83.31	88.98	0.00	40	0	42	0.00	0.00	63.46	7.54	0.00	0.00	2000
230	11.38	2017	2106	0.00	197	0	0	0	nan	0.00	0.00	5.64	83.34	88.62	0.00	40	0	42	0.00	0.00	66.97	7.57	0.00	0.00	2000
233	11.14	2080	2112	0.00	199	0	0	0	nan	0.00	0.00	4.74	84.80	88.86	0.00	40	0	42	0.00	0.00	63.84	7.80	0.00	0.00	2000
230	10.86	2124	2091	0.00	197	0	0	0	nan	0.00	0.02	4.28	84.55	89.14	0.00	40	0	42	0.00	0.00	65.15	7.86	0.00	0.00	2000
229	10.79	2138	2090	0.00	180	0	0	0	nan	0.00	0.03	3.63	85.16	89.21	0.00	40	0	42	0.00	0.00	65.66	7.67	0.00	0.00	2000
233	11.20	2080	2103	0.00	197	0	0	0	nan	0.00	0.55	6.70	81.81	88.80	0.00	40	0	42	0.00	0.00	62.99	7.24	0.00	0.00	2000
231	11.13	2118	2060	0.11	198	0	0	7	81.97	0.00	0.45	3.12	83.70	88.87	0.00	40	0	42	0.00	0.00	61.79	7.30	0.00	0.00	2000
231	10.95	2058	2152	0.85	213	0	0	5	81.57	0.00	0.99	6.58	83.80	89.05	0.00	40	0	42	0.00	0.00	68.24	8.04	0.00	0.00	2000
227	10.97	2107	2058	0.00	198	0	0	0	nan	0.00	0.00	7.57	79.80	89.03	0.00	41	0	42	0.00	0.00	66.03	7.83	0.00	0.00	2000
232	11.52	2020	2098	0.00	198	0	0	0	nan	0.00	0.02	4.43	84.06	88.48	0.00	40	0	42	0.00	0.00	63.22	7.79	0.00	0.00	2000
229	11.06	2047	2127	0.00	216	0	0	0	nan	0.00	0.06	5.99	84.17	88.94	0.00	41	0	42	0.00	0.00	69.82	8.82	0.00	0.00	2000
225	11.06	2046	2091	0.00	198	0	0	0	nan	0.00	0.00	7.02	81.63	88.94	0.00	41	0	42	0.00	0.00	66.26	8.57	0.00	0.00	2000
229	11.20	2064	2080	0.00	197	0	0	0	nan	0.00	0.00	4.69	83.39	88.80	0.00	40	0	43	0.00	0.00	64.67	8.35	0.00	0.00	2000
229	10.78	2086	2137	0.00	212	0	0	0	nan	0.00	0.00	5.31	85.66	89.22	0.00	41	0	43	0.00	0.00	69.94	8.90	0.00	0.00	2000
225	11.38	2037	2041	0.00	201	0	0	0	nan	0.00	0.04	5.53	80.70	88.62	0.00	41	0	42	0.00	0.00	63.06	7.99	0.00	0.00	2000
233	11.07	2027	2176	0.00	223	0	0	0	nan	0.00	0.02	3.98	88.26	88.93	0.00	41	0	42	0.00	0.00	67.32	8.84	0.00	0.00	2000
227	11.16	2062	2071	0.00	196	0	0	0	nan	0.00	0.98	4.35	82.41	88.84	0.00	41	0	42	0.00	0.00	69.61	8.31	0.00	0.00	2000
226	11.29	2037	2062	0.00	197	0	0	0	nan	0.00	0.00	5.33	81.97	88.71	0.00	41	0	42	0.00	0.00	64.27	8.25	0.00	0.00	2000
228	11.59	1967	2098	0.00	214	0	0	0	nan	0.00	0.00	4.88	83.53	88.41	0.00	41	0	42	0.00	0.00	64.18	8.41	0.00	0.00	2000
228	11.25	2022	2105	0.00	218	0	0	0	nan	0.00	0.00	5.47	83.66	88.75	0.00	41	0	43	0.00	0.00	68.99	8.38	0.00	0.00	2000
230	11.19	1999	2159	0.00	214	0	0	0	nan	0.00	0.01	4.90	86.56	88.81	0.00	41	0	42	0.00	0.00	69.76	8.79	0.00	0.00	2000
229	11.12	2064	2099	0.00	196	0	0	0	nan	0.00	0.00	4.99	83.95	88.88	0.00	41	0	42	0.00	0.00	67.43	8.43	0.00	0.00	2000
231	11.38	2033	2096	0.00	197	0	0	0	nan	0.00	0.00	5.64	83.00	88.62	0.00	41	0	43	0.00	0.00	66.20	8.39	0.00	0.00	2000
224	11.10	2051	2070	1.08	203	0	0	48	2.58	0.00	0.00	6.91	80.90	88.90	0.00	41	0	42	0.00	0.00	65.66	8.22	0.00	0.00	2000
228	11.25	2052	2079	0.60	195	0	0	0	nan	0.00	0.01	4.97	83.04	88.75	0.00	41	0	42	0.00	0.00	64.43	8.15	0.00	0.00	2000
232	10.94	2064	2156	0.00	214	0	0	0	nan	0.00	0.02	4.78	86.78	89.06	0.00	41	0	42	0.00	0.00	70.30	8.82	0.00	0.00	2000
227	11.12	2043	2100	0.00	198	0	0	0	nan	0.00	0.00	5.54	83.50	88.88	0.00	41	0	42	0.00	0.00	66.03	8.41	0.00	0.00	2000
233	11.52	2004	2115	0.00	200	0	0	0	nan	0.00	0.02	4.46	84.84	88.48	0.00	41	0	42	0.00	0.00	67.24	8.52	0.00	0.00	2000
228	11.27	2029	2095	0.00	199	0	0	0	nan	0.00	0.02	5.45	83.20	88.73	0.00	41	0	42	0.00	0.00	66.53	8.20	0.00	0.00	2000
227	11.15	2037	2098	0.00	197	0	0	0	nan	0.00	0.00	4.65	84.27	88.85	0.00	41	0	43	0.00	0.00	66.39	8.33	0.00	0.00	2000
230	11.12	2075	2094	0.00	196	0	0	0	nan	0.00	0.49	4.62	83.72	88.88	0.00	41	0	42	0.00	0.00	66.95	8.37	0.00	0.00	2000
226	11.23	2032	2081	0.00	199	0	0	0	nan	0.00	0.00	6.38	81.78	88.77	0.00	40	0	42	0.00	0.00	66.22	8.38	0.00	0.00	2000
230	11.70	1990	2075	0.00	194	0	0	0	nan	0.00	0.00	5.30	82.15	88.30	0.00	41	0	42	0.00	0.00	64.22	8.31	0.00	0.00	2000
225	10.76	2076	2110	0.00	217	0	0	0	nan	0.00	0.00	6.04	83.73	89.24	0.00	41	0	42	0.00	0.00	68.75	8.64	0.00	0.00	2000
232	11.48	2025	2099	0.00	200	0	0	0	nan	0.00	0.00	5.52	83.16	88.52	0.00	41	0	43	0.00	0.00	65.10	8.38	0.00	0.00	2000
229	10.98	2049	2142	0.00	214	0	0	0	nan	0.00	0.03	6.81	84.11	89.02	0.00	41	0	42	0.00	0.00	69.92	9.00	0.00	0.00	2000
228	11.41	2050	2052	0.00	199	0	0	0	nan	0.00	0.00	4.49	82.14	88.59	0.00	41	0	43	0.00	0.00	64.13	8.12	0.00	0.00	2000
231	10.86	2084	2142	0.00	214	0	0	0	nan	0.00	0.08	4.47	86.58	89.14	0.00	41	0	43	0.00	0.00	66.93	8.47	0.00	0.00	2000
228	10.87	2091	2105	0.00	197	0	0	0	nan	0.00	0.00	5.96	83.54	89.13	0.00	41	0	42	0.00	0.00	69.86	8.73	0.00	0.00	2000
229	11.16	2051	2106	0.00	198	0	0	0	nan	0.00	0.07	4.74	84.40	88.84	0.00	41	0	43	0.00	0.00	64.29	8.65	0.00	0.00	2000
227	11.02	2081	2076	1.44	198	0	0	48	2.68	0.00	0.01	5.67	82.42	88.98	0.00	41	0	43	0.00	0.00	68.29	8.25	0.00	0.00	2000
232	11.56	2021	2082	0.22	198	0	0	0	nan	0.00	0.00	4.79	82.98	88.44	0.00	41	0	43	0.00	0.00	64.84	8.06	0.00	0.00	2000
228	10.73	2101	2122	0.00	216	0	0	0	nan	0.01	0.00	6.61	83.72	89.27	0.00	41	0	42	0.00	0.00	69.24	8.68	0.00	0.00	2000
228	10.97	2074	2102	0.00	196	0	0	0	nan	0.00	0.00	6.55	82.74	89.03	0.00	41	0	42	0.00	0.00	66.82	8.56	0.00	0.00	2000
231	11.23	2035	2127	0.00	195	0	0	0	nan	0.00	0.00	5.30	84.71	88.77	0.00	41	0	42	0.00	0.00	67.81	8.69	0.00	0.00	2000
223	11.15	2036	2062	0.00	197	0	0	0	nan	0.00	0.00	5.48	81.82	88.85	0.00	41	0	42	0.00	0.00	65.16	8.32	0.00	0.00	2000
232	11.47	2042	2084	0.00	203	0	0	0	nan	0.00	0.01	4.63	83.27	88.53	0.00	41	0	43	0.00	0.00	64.58	8.24	0.00	0.00	2000
227	10.87	2062	2125	0.00	215	0	0	0	nan	0.00	0.02	6.39	83.89	89.13	0.00	41	0	42	0.00	0.00	66.33	8.45	0.00	0.00	2000
225	11.24	2039	2064	0.00	195	0	0	0	nan	0.00	0.00	4.58	82.85	88.76	0.00	41	0	42	0.00	0.00	66.51	8.51	0.00	0.00	2000
233	11.33	2057	2097	0.00	215	0	0	0	nan	0.00	0.00	2.73	85.96	88.67	0.00	41	0	42	0.00	0.00	66.93	8.62	0.00	0.00	2000
234	11.37	1998	2167	0.00	215	0	0	0	nan	0.00	0.00	5.31	86.31	88.63	0.00	41	0	43	0.00	0.00	70.19	8.89	0.00	0.00	2000
227	11.04	2080	2076	0.00	199	0	0	0	nan	0.00	0.03	5.11	82.97	88.96	0.00	40	0	42	0.00	0.00	62.88	8.08	0.00	0.00	2000
226	11.35	2030	2064	0.00	197	0	0	0	nan	0.00	0.00	4.79	82.52	88.65	0.00	41	0	42	0.00	0.00	66.79	8.47	0.00	0.00	2000
231	10.81	2070	2167	0.00	213	0	0	0	nan	0.00	0.01	4.30	87.88	89.19	0.00	40	0	42	0.00	0.00	69.14	8.45	0.00	0.00	2000
232	11.45	2026	2098	0.00	200	0	0	0	nan	0.00	0.01	4.62	83.91	88.55	0.00	40	0	43	0.00	0.00	64.56	7.53	0.00	0.00	2000
229	11.29	2029	2102	0.00	204	0	0	0	nan	0.00	0.00	4.75	84.21	88.71	0.00	40	0	42	0.00	0.00	64.50	7.59	0.00	0.00	2000
227	11.17	2040	2092	0.00	195	0	0	1	88.63	0.00	0.03	5.15	83.48	88.83	0.00	40	0	42	0.00	0.00	65.34	7.65	0.00	0.00	2000
232	11.40	2022	2110	0.82	198	0	0	4	45.06	0.00	0.00	3.89	85.29	88.60	0.00	40	0	42	0.00	0.00	65.44	7.62	0.00	0.00	2000
225	11.07	2067	2066	0.00	198	0	0	0	nan	0.00	0.00	5.92	81.67	88.93	0.00	40	0	43	0.00	0.00	60.54	7.09	0.00	0.00	2000
233	11.44	2059	2080	0.00	200	0	0	0	nan	0.00	0.00	3.72	84.12	88.56	0.00	40	0	42	0.00	0.00	66.32	7.94	0.00	0.00	2000
231	11.03	2052	2145	0.00	218	0	0	0	nan	0.01	0.02	4.75	86.24	88.97	0.00	40	0	43	0.00	0.00	64.53	7.47	0.00	0.00	2000
230	11.13	2061	2104	0.00	199	0	0	0	nan	0.00	0.07	4.21	84.81	88.87	0.00	39	0	42	0.00	0.00	67.79	7.98	0.00	0.00	2000
180	9.54	1892	2099	0.00	199	0	0	0	nan	0.00	0.02	6.79	83.73	90.46	0.00	38	0	42	0.00	0.00	61.58	7.49	0.00	0.00	2000
126	8.66	1455	2096	0.00	229	0	0	0	nan	0.00	0.09	10.34	80.87	91.34	0.00	38	0	42	0.00	0.00	59.45	7.67	0.00	0.00	2000
