Avg_MHz	Busy%	Bzy_MHz	TSC_MHz	IPC	IRQ	NMI	SMI	LLCMRPS	LLC%hit	POLL%	C1%	C1E%	C6%	CPU%c1	CPU%c6	CoreTmp	CoreThr	PkgTmp	Pkg%pc2	Pkg%pc6	PkgWatt	RAMWatt	PKG_%	RAM_%	UncMHz
355	19.29	1782	2167	0.00	251	0	0	0	nan	0.02	0.20	40.89	42.25	80.71	0.00	38	0	42	0.00	0.00	64.92	7.88	0.00	0.00	2000
432	20.09	2158	2094	0.00	206	0	0	0	nan	0.01	1.08	29.34	49.55	79.91	0.00	37	0	42	0.00	0.00	67.80	7.63	0.00	0.00	2000
78	7.21	1075	2119	0.00	210	0	0	0	nan	0.00	0.02	7.18	86.59	92.79	0.00	37	0	42	0.00	0.00	57.32	7.34	0.00	0.00	2000
72	6.70	1090	2076	0.00	178	0	0	0	nan	0.00	0.02	3.21	89.07	93.30	0.00	37	0	42	0.00	0.00	57.74	7.34	0.00	0.00	2000
72	7.14	1013	2103	0.00	209	0	0	0	nan	0.00	0.00	4.00	88.97	92.86	0.00	36	0	42	0.00	0.00	57.73	7.40	0.00	0.00	2000
72	6.70	1074	2107	0.00	194	0	0	0	nan	0.00	0.00	2.07	91.62	93.30	0.00	36	0	42	0.00	0.00	57.44	7.22	0.00	0.00	2000
74	6.66	1099	2122	0.00	209	0	0	0	nan	0.00	0.00	2.19	92.18	93.34	0.00	36	0	42	0.00	0.00	60.07	7.48	0.00	0.00	2000
73	6.42	1149	2085	0.00	177	0	0	0	nan	0.00	0.04	2.92	90.01	93.58	0.00	37	0	42	0.00	0.00	58.84	7.63	0.00	0.00	2000
72	6.79	1063	2086	0.00	209	0	0	0	nan	0.00	0.00	2.88	89.66	93.21	0.00	37	0	42	0.00	0.00	55.71	7.14	0.00	0.00	2000
74	6.89	1057	2132	0.00	194	0	0	0	nan	0.00	0.00	3.82	90.72	93.11	0.00	37	0	42	0.00	0.00	59.89	7.71	0.00	0.00	2000
73	6.71	1082	2103	0.00	193	0	0	0	nan	0.00	0.02	2.64	90.80	93.29	0.00	37	0	42	0.00	0.00	59.71	7.61	0.00	0.00	2000
73	6.83	1069	2094	0.00	194	0	0	0	nan	0.04	0.00	3.10	89.98	93.17	0.00	37	0	42	0.00	0.00	57.92	7.63	0.00	0.00	2000
73	6.59	1112	2094	0.00	193	0	0	0	nan	0.00	0.00	2.69	90.46	93.41	0.00	37	0	42	0.00	0.00	57.61	7.34	0.00	0.00	2000
73	6.88	1060	2110	0.00	197	0	0	0	nan	0.00	0.02	4.03	89.62	93.12	0.00	37	0	42	0.00	0.00	56.25	7.24	0.00	0.00	2000
73	6.88	1060	2089	0.00	194	0	0	0	nan	0.00	0.00	3.01	89.79	93.12	0.00	37	0	42	0.00	0.00	55.78	7.44	0.00	0.00	2000
79	6.64	1195	2095	0.00	242	0	0	2	54.76	0.00	0.35	2.62	90.15	93.36	0.00	36	0	42	0.00	0.00	61.68	7.39	0.00	0.00	2000
74	6.44	1150	2101	0.29	194	0	0	2	88.79	0.00	0.61	5.69	87.32	93.56	0.00	37	0	42	0.00	0.00	59.06	7.33	0.00	0.00	2000
73	6.70	1083	2111	0.00	193	0	0	0	nan	0.00	0.02	2.63	91.26	93.30	0.00	37	0	42	0.00	0.00	58.11	7.52	0.00	0.00	2000
185	9.88	1875	2093	0.00	195	0	0	0	nan	0.00	0.00	3.09	86.66	90.12	0.00	38	0	42	0.00	0.00	62.31	7.34	0.00	0.00	2000
222	10.77	2063	2101	0.00	195	0	0	0	nan	0.00	0.00	3.21	86.17	89.23	0.00	39	0	42	0.00	0.00	64.20	7.34	0.00	0.00	2000
225	10.83	2070	2106	0.00	195	0	0	0	nan	0.00	0.01	3.48	86.07	89.17	0.00	39	0	42	0.00	0.00	64.64	7.41	0.00	0.00	2000
230	11.18	2062	2094	0.00	195	0	0	0	nan	0.00	0.00	3.71	85.01	88.82	0.00	39	0	42	0.00	0.00	65.69	7.41	0.00	0.00	2000
216	10.62	2046	2092	0.00	195	0	0	0	nan	0.00	0.03	3.78	85.33	89.38	0.00	38	0	42	0.00	0.00	64.28	7.49	0.00	0.00	2000
231	11.13	2071	2106	0.00	204	0	0	0	nan	0.00	0.00	2.90	86.34	88.87	0.00	38	0	42	0.00	0.00	65.94	7.95	0.00	0.00	2000
233	10.99	2109	2107	0.00	203	0	0	0	nan	0.00	0.00	4.03	85.37	89.01	0.00	39	0	42	0.00	0.00	63.38	7.44	0.00	0.00	2000
235	11.61	2056	2070	0.00	207	0	0	0	nan	0.00	0.00	3.77	83.51	88.39	0.00	38	0	42	0.00	0.00	66.00	7.93	0.00	0.00	2000
226	10.90	2039	2131	0.00	202	0	0	0	nan	0.00	0.02	6.61	83.85	89.10	0.00	38	0	42	0.00	0.00	64.98	7.96	0.00	0.00	2000
223	11.03	2026	2090	0.00	198	0	0	0	nan	0.02	0.00	6.60	82.06	88.97	0.00	39	0	42	0.00	0.00	65.34	7.46	0.00	0.00	2000
222	10.84	2039	2110	0.00	198	0	0	0	nan	0.00	0.00	5.34	84.35	89.16	0.00	39	0	42	0.00	0.00	64.72	7.66	0.00	0.00	2000
223	10.92	2062	2076	0.00	199	0	0	0	nan	0.00	0.00	4.76	83.45	89.08	0.00	39	0	42	0.00	0.00	62.03	7.21	0.00	0.00	2000
222	11.13	2052	2043	0.00	198	0	0	0	nan	0.00	0.02	4.81	81.71	88.87	0.00	40	0	42	0.00	0.00	63.29	7.20	0.00	0.00	2000
225	10.30	2098	2187	0.00	204	0	0	0	nan	0.00	0.01	5.58	87.98	89.70	0.00	40	0	42	0.00	0.00	68.55	7.91	0.00	0.00	2000
219	10.70	2099	2048	0.00	198	0	0	0	98.32	0.01	0.01	3.35	83.74	89.30	0.00	40	0	42	0.00	0.00	57.65	6.94	0.00	0.00	2000
223	10.76	2057	2119	0.60	201	0	0	22	87.30	0.00	0.05	3.68	86.31	89.24	0.00	40	0	42	0.00	0.00	69.53	7.76	0.00	0.00	2000
224	10.39	2136	2116	0.11	199	0	0	0	nan	0.00	1.04	5.93	83.50	89.62	0.00	40	0	42	0.00	0.00	65.56	7.42	0.00	0.00	2000
224	10.78	2083	2094	0.00	199	0	0	0	nan	0.00	0.02	4.98	84.09	89.22	0.00	40	0	42	0.00	0.00	64.05	7.34	0.00	0.00	2000
224	10.79	2052	2122	0.00	196	0	0	0	nan	0.00	0.00	4.37	85.89	89.21	0.00	40	0	42	0.00	0.00	66.18	7.64	0.00	0.00	2000
222	10.66	2077	2103	0.00	193	0	0	0	nan	0.00	0.02	3.28	86.22	89.34	0.00	40	0	42	0.00	0.00	63.69	7.30	0.00	0.00	2000
218	11.01	2074	2007	0.00	195	0	0	0	nan	0.00	0.01	2.84	82.28	88.99	0.00	41	0	42	0.00	0.00	61.99	7.11	0.00	0.00	2000
223	10.65	2026	2173	0.00	194	0	0	0	nan	0.01	0.00	3.08	89.44	89.35	0.00	40	0	42	0.00	0.00	67.09	7.75	0.00	0.00	2000
221	10.93	2048	2075	0.00	230	0	0	0	nan	0.00	0.00	3.57	84.50	89.07	0.00	40	0	42	0.00	0.00	62.15	7.36	0.00	0.00	2000
222	10.66	2049	2139	0.00	194	0	0	0	nan	0.00	0.00	3.27	87.79	89.34	0.00	40	0	42	0.00	0.00	68.13	8.02	0.00	0.00	2000
222	10.57	2088	2114	0.00	194	0	0	0	nan	0.00	0.00	3.05	87.13	89.43	0.00	40	0	42	0.00	0.00	62.88	7.37	0.00	0.00	2000
222	10.52	2118	2096	0.00	194	0	0	0	nan	0.00	0.01	3.00	86.38	89.48	0.00	41	0	42	0.00	0.00	64.43	7.53	0.00	0.00	2000
220	10.90	2104	2019	0.00	197	0	0	0	nan	0.00	0.02	4.43	81.21	89.10	0.00	41	0	42	0.00	0.00	62.97	7.16	0.00	0.00	2000
226	10.12	2142	2191	0.00	196	0	0	0	nan	0.00	0.00	3.07	90.77	89.88	0.00	40	0	42	0.00	0.00	68.24	8.04	0.00	0.00	2000
222	10.77	2075	2091	0.00	193	0	0	0	nan	0.00	0.00	2.76	86.20	89.23	0.00	41	0	42	0.00	0.00	62.52	7.12	0.00	0.00	2000
222	10.73	2072	2093	0.00	194	0	0	0	nan	0.00	0.00	2.42	86.66	89.27	0.00	41	0	42	0.00	0.00	64.31	7.51	0.00	0.00	2000
221	11.12	2003	2087	0.00	194	0	0	0	nan	0.00	0.00	3.68	84.73	88.88	0.00	40	0	42	0.00	0.00	63.46	7.54	0.00	0.00	2000
222	10.90	2016	2126	0.00	194	0	0	0	94.03	0.00	0.03	3.10	87.18	89.10	0.00	40	0	42	0.00	0.00	68.02	7.91	0.00	0.00	2000
222	10.89	2050	2090	0.67	211	0	0	10	69.28	0.00	0.00	3.45	85.37	89.11	0.00	41	0	42	0.00	0.00	62.86	7.28	0.00	0.00	2000
223	10.83	2057	2104	0.02	195	0	0	0	nan	0.00	0.00	2.76	86.57	89.17	0.00	41	0	42	0.00	0.00	65.95	7.51	0.00	0.00	2000
212	10.92	1998	2039	0.00	205	0	0	0	nan	0.00	0.01	3.13	83.38	89.08	0.00	38	0	42	0.00	0.00	55.54	6.65	0.00	0.00	2000
242	11.16	2072	2193	0.00	255	0	0	0	nan	0.00	0.00	6.56	86.30	88.84	0.00	37	0	42	0.00	0.00	77.84	8.96	0.00	0.00	2000
532	24.17	2463	1876	0.00	259	0	0	0	nan	0.00	0.00	5.53	62.32	75.83	0.00	40	0	42	0.00	0.00	62.79	6.61	0.00	0.00	2000
679	27.18	2500	2100	0.00	238	0	0	0	nan	0.00	0.00	5.14	67.79	72.82	0.00	41	0	42	0.00	0.00	77.87	7.50	0.00	0.00	2000
677	27.42	2500	2075	0.00	239	0	0	0	nan	0.00	0.00	3.21	68.62	72.58	0.00	41	0	42	0.00	0.00	74.74	7.17	0.00	0.00	2000
681	26.90	2500	2126	0.00	256	0	0	0	nan	0.00	0.05	2.19	71.90	73.10	0.00	41	0	42	0.00	0.00	80.49	7.70	0.00	0.00	2000
677	27.05	2500	2102	0.00	230	0	0	0	nan	0.00	0.42	2.82	69.90	72.95	0.00	41	0	42	0.00	0.00	77.63	7.44	0.00	0.00	2000
680	27.23	2500	2097	0.00	235	0	0	0	nan	0.00	0.00	5.06	67.73	72.77	0.00	41	0	42	0.00	0.00	77.76	7.38	0.00	0.00	2000
677	27.38	2500	2077	0.00	230	0	0	0	nan	0.00	0.00	4.11	67.81	72.62	0.00	41	0	42	0.00	0.00	74.83	7.10	0.00	0.00	2000
680	26.88	2500	2125	0.00	251	0	0	0	nan	0.00	0.00	4.81	69.32	73.12	0.00	42	0	42	0.00	0.00	80.46	7.78	0.00	0.00	2000
677	27.07	2500	2102	0.00	230	0	0	0	nan	0.00	0.00	4.35	68.75	72.93	0.00	42	0	42	0.00	0.00	77.79	7.62	0.00	0.00	2000
678	27.13	2500	2098	0.00	230	0	0	0	nan	0.00	0.00	3.78	69.14	72.87	0.00	42	0	42	0.00	0.00	77.53	7.32	0.00	0.00	2000
679	27.14	2500	2103	0.00	236	0	0	5	98.29	0.00	0.00	5.31	67.75	72.86	0.00	42	0	42	0.00	0.00	77.95	7.50	0.00	0.00	2000
684	27.38	2500	2097	1.24	232	0	0	43	99.29	0.01	0.00	4.31	68.34	72.62	0.00	42	0	42	0.00	0.00	77.56	7.46	0.00	0.00	2000
686	27.74	2500	2077	0.00	252	0	0	0	nan	0.00	0.00	6.25	65.34	72.26	0.00	42	0	42	0.00	0.00	74.96	7.20	0.00	0.00	2000
679	26.84	2500	2125	0.00	247	0	0	0	nan	0.00	0.02	4.36	69.76	73.16	0.00	42	0	42	0.00	0.00	80.49	7.81	0.00	0.00	2000
678	27.42	2500	2076	0.00	230	0	0	0	nan	0.00	0.00	3.05	68.81	72.58	0.00	42	0	42	0.00	0.00	74.83	7.15	0.00	0.00	2000
679	26.81	2500	2126	0.00	255	0	0	0	nan	0.00	0.04	3.14	71.05	73.19	0.00	42	0	42	0.00	0.00	80.69	7.66	0.00	0.00	2000
676	27.36	2500	2076	0.00	231	0	0	0	nan	0.00	0.80	4.02	67.12	72.64	0.00	42	0	42	0.00	0.00	74.60	7.19	0.00	0.00	2000
682	26.95	2500	2126	0.00	255	0	0	0	nan	0.00	0.00	6.22	67.84	73.05	0.00	42	0	42	0.00	0.00	80.55	7.84	0.00	0.00	2000
678	27.09	2500	2102	0.00	230	0	0	0	nan	0.00	0.00	3.96	69.12	72.91	0.00	42	0	42	0.00	0.00	77.74	7.42	0.00	0.00	2000
679	27.20	2500	2097	0.00	235	0	0	0	nan	0.01	0.00	4.93	67.90	72.80	0.00	42	0	42	0.00	0.00	77.73	7.46	0.00	0.00	2000
677	27.05	2500	2103	0.00	230	0	0	0	nan	0.00	0.00	4.36	68.80	72.95	0.00	42	0	42	0.00	0.00	77.66	7.44	0.00	0.00	2000
677	27.13	2500	2097	0.00	231	0	0	0	nan	0.00	0.00	3.79	69.11	72.87	0.00	42	0	42	0.00	0.00	77.77	7.42	0.00	0.00	2000
680	27.16	2500	2102	0.00	235	0	0	0	nan	0.00	0.00	5.67	67.36	72.84	0.00	42	0	42	0.00	0.00	77.42	7.55	0.00	0.00	2000
677	27.11	2500	2097	0.00	231	0	0	0	nan	0.00	0.01	3.40	69.51	72.89	0.00	42	0	42	0.00	0.00	77.74	7.50	0.00	0.00	2000
679	27.14	2500	2103	0.00	235	0	0	0	nan	0.00	0.00	4.22	68.85	72.86	0.00	42	0	42	0.00	0.00	77.48	7.39	0.00	0.00	2000
678	27.14	2500	2098	0.54	231	0	0	43	99.29	0.00	0.01	3.61	69.28	72.86	0.00	42	0	42	0.00	0.00	77.76	7.49	0.00	0.00	2000
725	26.32	2500	2314	0.77	238	0	0	5	97.81	0.00	0.27	3.01	78.09	73.68	0.00	42	0	42	0.00	0.00	87.34	8.53	0.00	0.00	2000
234	11.14	2109	2088	0.00	224	0	0	0	nan	0.00	0.75	6.98	80.74	88.86	0.00	42	0	42	0.00	0.00	62.81	7.40	0.00	0.00	2000
223	10.86	1994	2163	0.00	202	0	0	0	nan	0.00	0.00	6.27	85.66	89.14	0.00	41	0	42	0.00	0.00	68.65	7.60	0.00	0.00	2000
222	10.84	2049	2097	0.00	200	0	0	0	nan	0.00	0.00	6.86	82.23	89.16	0.00	41	0	42	0.00	0.00	61.98	7.24	0.00	0.00	2000
221	10.88	2028	2103	0.00	197	0	0	0	nan	0.00	0.00	4.91	84.41	89.12	0.00	41	0	42	0.00	0.00	67.95	7.95	0.00	0.00	2000
222	10.74	2069	2103	0.00	199	0	0	0	nan	0.00	0.01	5.40	84.00	89.26	0.00	40	0	42	0.00	0.00	61.74	7.27	0.00	0.00	2000
222	10.72	2068	2101	0.00	182	0	0	0	nan	0.00	0.00	4.34	85.14	89.28	0.00	41	0	42	0.00	0.00	65.37	7.28	0.00	0.00	2000
224	10.98	2044	2094	0.00	203	0	0	0	nan	0.00	0.00	5.78	82.99	89.02	0.00	41	0	42	0.00	0.00	62.21	7.13	0.00	0.00	2000
220	10.79	2042	2101	0.00	198	0	0	0	nan	0.00	0.00	6.01	83.32	89.21	0.00	41	0	42	0.00	0.00	64.61	7.39	0.00	0.00	2000
221	10.86	2040	2098	0.00	201	0	0	0	nan	0.00	0.00	5.89	83.23	89.14	0.00	41	0	42	0.00	0.00	65.08	7.55	0.00	0.00	2000
221	10.71	2059	2103	0.00	200	0	0	0	nan	0.00	0.00	4.86	84.70	89.29	0.00	40	0	42	0.00	0.00	62.56	7.41	0.00	0.00	2000
221	10.97	2012	2105	0.00	183	0	0	0	nan	0.00	0.05	4.13	85.19	89.03	0.00	41	0	42	0.00	0.00	65.91	7.70	0.00	0.00	2000
222	10.86	2044	2096	0.00	198	0	0	0	nan	0.00	0.05	3.77	85.23	89.14	0.00	41	0	42	0.00	0.00	64.23	7.44	0.00	0.00	2000
222	10.73	2073	2100	0.00	195	0	0	0	nan	0.00	0.01	3.62	85.70	89.27	0.00	41	0	42	0.00	0.00	62.06	7.35	0.00	0.00	2000
220	10.75	2049	2099	0.00	194	0	0	0	nan	0.00	0.00	2.78	86.50	89.25	0.00	41	0	42	0.00	0.00	64.09	7.55	0.00	0.00	2000
220	10.93	2009	2103	0.00	194	0	0	0	nan	0.00	0.00	3.14	86.21	89.07	0.00	41	0	42	0.00	0.00	65.33	7.73	0.00	0.00	2000
221	10.62	2081	2094	0.00	195	0	0	1	84.45	0.00	0.00	2.64	86.60	89.38	0.00	41	0	42	0.00	0.00	61.90	7.12	0.00	0.00	2000
221	10.86	2036	2103	0.58	195	0	0	2	87.48	0.00	0.00	3.22	86.12	89.14	0.00	40	0	42	0.00	0.00	64.61	7.62	0.00	0.00	2000
225	11.01	2049	2093	0.00	195	0	0	0	nan	0.01	0.00	3.19	85.57	88.99	0.00	40	0	42	0.00	0.00	63.69	7.60	0.00	0.00	2000
218	10.96	1996	2093	0.00	196	0	0	0	nan	0.00	0.01	4.39	84.50	89.04	0.00	39	0	42	0.00	0.00	65.30	7.87	0.00	0.00	2000
80	6.89	1172	2086	0.00	195	0	0	0	nan	0.00	0.01	2.54	90.04	93.11	0.00	38	0	42	0.00	0.00	59.32	7.55	0.00	0.00	2000
119	8.34	1426	2103	0.00	197	0	0	0	nan	0.00	0.02	4.37	87.57	91.66	0.00	37	0	42	0.00	0.00	58.32	7.38	0.00	0.00	2000
230	11.06	2066	2114	0.00	215	0	0	0	nan	0.00	0.02	3.80	85.90	88.94	0.00	38	0	42	0.00	0.00	67.09	7.83	0.00	0.00	2000
231	11.07	2070	2114	0.00	202	0	0	0	nan	0.00	0.00	4.97	84.60	88.93	0.00	38	0	42	0.00	0.00	63.44	7.36	0.00	0.00	2000
209	10.48	2001	2091	0.00	202	0	0	0	nan	0.00	0.02	6.59	82.73	89.52	0.00	38	0	42	0.00	0.00	64.03	7.53	0.00	0.00	2000
74	7.02	1051	2093	0.00	196	0	0	0	nan	0.00	0.00	4.73	87.99	92.98	0.00	37	0	42	0.00	0.00	59.33	7.58	0.00	0.00	2000
106	7.73	1413	2045	0.00	200	0	0	0	nan	0.00	0.01	3.55	86.36	92.27	0.00	37	0	42	0.00	0.00	49.77	6.52	0.00	0.00	2000
233	11.12	2046	2151	0.00	229	0	0	0	nan	0.00	0.01	3.04	88.07	88.88	0.00	37	0	42	0.00	0.00	74.47	8.60	0.00	0.00	2000
233	11.05	2083	2122	0.00	214	0	0	0	nan	0.00	0.00	3.35	86.53	88.95	0.00	38	0	42	0.00	0.00	63.84	7.22	0.00	0.00	2000
224	10.92	2077	2074	0.00	194	0	0	0	nan	0.00	0.01	3.82	84.20	89.08	0.00	38	0	42	0.00	0.00	61.82	7.22	0.00	0.00	2000
230	11.14	2074	2095	0.00	199	0	0	0	nan	0.00	0.00	3.35	85.41	88.86	0.00	38	0	42	0.00	0.00	67.22	7.71	0.00	0.00	2000
235	11.18	2071	2135	0.00	212	0	0	0	nan	0.00	0.00	4.60	85.67	88.82	0.00	38	0	42	0.00	0.00	65.40	7.50	0.00	0.00	2000
227	11.15	2042	2095	0.00	195	0	0	0	nan	0.00	0.00	3.65	85.02	88.85	0.00	38	0	42	0.00	0.00	63.95	7.41	0.00	0.00	2000
262	12.67	2098	2067	0.53	211	0	0	10	48.45	0.00	0.00	5.57	80.42	87.33	0.00	38	0	42	0.00	0.00	63.60	7.71	0.00	0.00	2000
228	12.03	1874	2120	0.05	304	0	0	0	nan	0.00	0.02	10.54	78.30	87.97	0.00	38	0	42	0.00	0.00	67.92	8.18	0.00	0.00	2000
81	7.19	1118	2114	0.00	193	0	0	0	nan	0.00	0.02	5.34	88.23	92.81	0.00	37	0	42	0.00	0.00	56.56	7.43	0.00	0.00	2000
74	6.51	1139	2097	0.00	194	0	0	0	nan	0.00	0.01	3.36	89.99	93.49	0.00	37	0	42	0.00	0.00	58.31	7.45	0.00	0.00	2000
74	6.98	1053	2115	0.00	193	0	0	0	nan	0.00	0.02	2.63	91.13	93.02	0.00	37	0	42	0.00	0.00	59.47	7.66	0.00	0.00	2000
