Avg_MHz	Busy%	Bzy_MHz	TSC_MHz	IPC	IRQ	NMI	SMI	LLCMRPS	LLC%hit	POLL%	C1%	C1E%	C6%	CPU%c1	CPU%c6	CoreTmp	CoreThr	PkgTmp	Pkg%pc2	Pkg%pc6	PkgWatt	RAMWatt	PKG_%	RAM_%	UncMHz
392	18.94	2009	2166	0.00	269	0	0	0	nan	0.00	2.94	30.94	49.86	81.06	0.00	37	0	42	0.00	0.00	70.90	8.19	0.00	0.00	2000
445	19.62	2254	2113	0.00	227	0	0	0	nan	0.04	1.38	17.36	62.41	80.38	0.00	37	0	42	0.00	0.00	66.02	7.48	0.00	0.00	2000
78	7.16	1083	2122	0.00	210	0	0	0	nan	0.00	0.02	9.36	84.46	92.84	0.00	37	0	42	0.00	0.00	60.46	7.58	0.00	0.00	2000
73	6.77	1075	2104	0.00	193	0	0	0	nan	0.00	0.00	3.50	89.92	93.23	0.00	37	0	42	0.00	0.00	58.66	7.51	0.00	0.00	2000
74	6.84	1087	2089	0.00	193	0	0	0	nan	0.00	0.01	3.48	89.22	93.16	0.00	37	0	42	0.00	0.00	57.97	7.30	0.00	0.00	2000
72	6.96	1038	2085	0.00	193	0	0	0	nan	0.00	0.00	3.32	89.18	93.04	0.00	37	0	43	0.00	0.00	58.70	7.36	0.00	0.00	2000
75	6.90	1064	2136	0.00	195	0	0	0	nan	0.00	0.00	2.58	92.25	93.10	0.00	37	0	42	0.00	0.00	59.72	7.59	0.00	0.00	2000
72	6.78	1069	2093	0.00	193	0	0	0	nan	0.00	0.01	2.94	90.06	93.22	0.00	37	0	42	0.00	0.00	56.38	7.07	0.00	0.00	2000
73	6.85	1068	2089	0.00	195	0	0	0	nan	0.00	0.00	3.05	89.78	93.15	0.00	37	0	42	0.00	0.00	57.17	7.36	0.00	0.00	2000
73	6.88	1048	2114	0.00	194	0	0	0	nan	0.00	0.00	2.48	91.38	93.12	0.00	37	0	42	0.00	0.00	58.48	7.25	0.00	0.00	2000
73	6.79	1078	2102	0.00	194	0	0	0	nan	0.00	0.00	2.43	90.85	93.21	0.00	37	0	42	0.00	0.00	59.96	7.50	0.00	0.00	2000
72	7.06	1017	2096	0.00	194	0	0	0	nan	0.00	0.00	2.89	90.12	92.94	0.00	37	0	42	0.00	0.00	55.77	6.91	0.00	0.00	2000
73	6.88	1054	2103	0.00	192	0	0	0	nan	0.01	0.00	2.85	90.58	93.12	0.00	37	0	43	0.00	0.00	59.07	7.40	0.00	0.00	2000
72	6.76	1063	2098	0.00	193	0	0	0	nan	0.00	0.00	2.69	90.56	93.24	0.00	37	0	42	0.00	0.00	58.70	7.44	0.00	0.00	2000
73	6.75	1091	2084	0.00	193	0	0	0	nan	0.00	0.00	3.18	89.36	93.25	0.00	37	0	42	0.00	0.00	57.83	7.43	0.00	0.00	2000
72	6.55	1091	2113	0.00	194	0	0	0	87.14	0.00	0.00	2.91	91.24	93.45	0.00	37	0	43	0.00	0.00	59.03	7.63	0.00	0.00	2000
72	6.90	1061	2074	0.31	194	0	0	2	85.66	0.00	0.01	3.00	88.98	93.10	0.00	37	0	42	0.00	0.00	55.80	7.12	0.00	0.00	2000
74	6.81	1067	2134	0.14	193	0	0	0	nan	0.00	0.00	2.81	92.11	93.19	0.00	37	0	42	0.00	0.00	61.62	7.75	0.00	0.00	2000
141	8.64	1641	2087	0.00	216	0	0	0	nan	0.02	0.00	7.26	83.65	91.36	0.00	38	0	43	0.00	0.00	60.55	7.37	0.00	0.00	2000
228	11.04	2070	2100	0.00	205	0	0	0	nan	0.00	0.02	4.06	85.02	88.96	0.00	39	0	42	0.00	0.00	64.69	7.45	0.00	0.00	2000
227	11.16	2057	2081	0.00	203	0	0	0	nan	0.00	0.01	3.25	84.89	88.84	0.00	40	0	43	0.00	0.00	63.64	7.45	0.00	0.00	2000
232	11.05	2099	2100	0.00	203	0	0	0	nan	0.00	0.00	3.90	85.17	88.95	0.00	41	0	42	0.00	0.00	65.48	7.53	0.00	0.00	2000
237	11.52	2032	2127	0.00	219	0	0	0	nan	0.02	1.40	4.63	83.79	88.48	0.00	38	0	43	0.00	0.00	62.69	7.49	0.00	0.00	2000
224	11.00	2041	2093	0.00	199	0	0	0	nan	0.00	0.00	8.75	80.13	89.00	0.00	38	0	43	0.00	0.00	64.44	7.93	0.00	0.00	2000
223	11.11	2007	2103	0.00	197	0	0	0	nan	0.00	0.02	5.24	83.99	88.89	0.00	38	0	42	0.00	0.00	65.97	8.10	0.00	0.00	2000
217	10.91	2013	2071	0.00	198	0	0	0	nan	0.00	0.01	5.25	82.73	89.09	0.00	37	0	42	0.00	0.00	62.53	7.62	0.00	0.00	2000
236	10.96	2148	2104	0.00	199	0	0	0	nan	0.00	0.00	5.48	83.73	89.04	0.00	37	0	43	0.00	0.00	68.82	8.27	0.00	0.00	2000
232	11.37	2067	2075	0.00	203	0	0	0	nan	0.00	0.02	4.63	83.01	88.63	0.00	38	0	42	0.00	0.00	64.29	7.50	0.00	0.00	2000
230	10.47	2144	2152	0.00	214	0	0	0	nan	0.00	0.00	4.97	86.84	89.53	0.00	38	0	42	0.00	0.00	65.49	7.39	0.00	0.00	2000
226	11.03	2086	2066	0.00	199	0	0	0	nan	0.00	0.00	5.54	82.06	88.97	0.00	38	0	43	0.00	0.00	63.54	7.29	0.00	0.00	2000
233	11.11	2076	2125	0.00	199	0	0	0	nan	0.00	0.00	5.10	84.96	88.89	0.00	38	0	43	0.00	0.00	65.12	7.57	0.00	0.00	2000
231	11.05	2100	2093	0.00	203	0	0	0	nan	0.00	0.04	4.64	84.14	88.95	0.00	39	0	42	0.00	0.00	65.15	7.42	0.00	0.00	2000
225	10.77	2107	2086	0.00	198	0	0	0	84.90	0.00	0.51	4.37	83.84	89.23	0.00	39	0	43	0.00	0.00	64.28	7.31	0.00	0.00	2000
233	10.90	2108	2125	0.75	199	0	0	20	94.05	0.00	0.99	5.03	84.29	89.10	0.00	39	0	43	0.00	0.00	65.67	7.62	0.00	0.00	2000
229	11.24	2039	2094	0.12	197	0	0	0	nan	0.00	0.00	5.83	82.77	88.76	0.00	39	0	42	0.00	0.00	64.90	7.34	0.00	0.00	2000
230	11.73	2022	2035	0.00	200	0	0	0	nan	0.00	0.00	5.46	80.21	88.27	0.00	39	0	42	0.00	0.00	62.09	7.25	0.00	0.00	2000
235	10.99	2050	2187	0.00	219	0	0	0	nan	0.00	0.00	5.62	87.19	89.01	0.00	38	0	42	0.00	0.00	70.11	8.12	0.00	0.00	2000
228	11.16	2074	2068	0.00	198	0	0	0	nan	0.00	0.00	6.35	81.22	88.84	0.00	38	0	42	0.00	0.00	65.47	7.64	0.00	0.00	2000
236	11.02	2103	2134	0.00	201	0	0	0	nan	0.00	0.00	8.64	81.88	88.98	0.00	38	0	43	0.00	0.00	65.97	7.71	0.00	0.00	2000
231	10.95	2121	2084	0.00	201	0	0	0	nan	0.00	0.00	6.32	82.11	89.05	0.00	39	0	43	0.00	0.00	64.70	7.32	0.00	0.00	2000
230	11.08	2071	2102	0.00	200	0	0	0	nan	0.00	0.02	4.90	84.20	88.92	0.00	39	0	42	0.00	0.00	64.91	7.40	0.00	0.00	2000
234	11.55	2053	2077	0.00	205	0	0	0	nan	0.00	0.01	6.26	81.32	88.45	0.00	39	0	43	0.00	0.00	63.60	7.21	0.00	0.00	2000
224	10.81	2056	2117	0.00	198	0	0	0	nan	0.00	0.91	4.54	84.57	89.19	0.00	38	0	42	0.00	0.00	65.64	7.64	0.00	0.00	2000
230	10.89	2110	2099	0.00	251	0	0	0	nan	0.00	0.00	4.80	84.32	89.11	0.00	40	0	42	0.00	0.00	65.23	7.52	0.00	0.00	2000
236	10.99	2121	2126	0.00	203	0	0	0	nan	0.00	0.02	2.97	87.23	89.01	0.00	40	0	42	0.00	0.00	65.94	7.57	0.00	0.00	2000
228	10.91	2100	2093	0.00	213	0	0	0	nan	0.00	0.00	3.69	85.25	89.09	0.00	41	0	42	0.00	0.00	66.31	7.40	0.00	0.00	2000
227	11.06	2069	2083	0.00	203	0	0	0	nan	0.00	0.02	2.67	85.64	88.94	0.00	41	0	43	0.00	0.00	62.69	7.10	0.00	0.00	2000
229	11.01	2068	2116	0.00	203	0	0	0	nan	0.00	0.00	3.53	86.20	88.99	0.00	41	0	42	0.00	0.00	65.31	7.48	0.00	0.00	2000
229	10.98	2101	2084	0.00	204	0	0	0	nan	0.00	0.00	3.07	85.28	89.02	0.00	41	0	42	0.00	0.00	64.11	7.40	0.00	0.00	2000
234	11.32	2046	2122	0.00	205	0	0	8	70.78	0.00	0.00	3.56	86.22	88.68	0.00	41	0	42	0.00	0.00	66.84	7.81	0.00	0.00	2000
231	11.03	2103	2091	0.42	214	0	0	16	71.47	0.00	0.00	3.14	85.56	88.97	0.00	40	0	43	0.00	0.00	62.76	7.18	0.00	0.00	2000
231	10.96	2105	2097	0.00	204	0	0	0	nan	0.00	0.00	2.62	86.43	89.04	0.00	41	0	43	0.00	0.00	66.14	7.51	0.00	0.00	2000
232	11.20	2060	2108	0.00	204	0	0	0	nan	0.00	0.00	3.49	85.75	88.80	0.00	41	0	43	0.00	0.00	63.35	7.50	0.00	0.00	2000
227	11.31	2012	2097	0.00	203	0	0	0	nan	0.00	0.00	3.33	85.35	88.69	0.00	42	0	43	0.00	0.00	67.30	7.31	0.00	0.00	2000
221	11.16	1983	2095	0.00	205	0	0	0	nan	0.00	0.54	6.50	81.80	88.84	0.00	39	0	42	0.00	0.00	64.80	7.48	0.00	0.00	2000
233	11.35	2047	2103	0.00	212	0	0	0	nan	0.00	0.00	4.39	84.46	88.65	0.00	40	0	43	0.00	0.00	65.17	7.29	0.00	0.00	2000
234	11.45	2043	2100	0.00	205	0	0	0	nan	0.00	0.00	4.17	84.46	88.55	0.00	41	0	42	0.00	0.00	64.35	7.71	0.00	0.00	2000
228	10.83	2111	2099	0.00	203	0	0	0	nan	0.00	0.00	3.79	85.39	89.17	0.00	41	0	42	0.00	0.00	65.37	7.50	0.00	0.00	2000
230	11.23	2042	2108	0.00	202	0	0	0	nan	0.00	0.03	3.72	85.41	88.77	0.00	41	0	43	0.00	0.00	65.04	7.26	0.00	0.00	2000
228	11.26	2035	2094	0.00	207	0	0	0	nan	0.00	0.00	5.19	83.45	88.74	0.00	42	0	42	0.00	0.00	64.43	7.38	0.00	0.00	2000
235	10.90	2154	2103	0.00	207	0	0	0	nan	0.00	0.00	4.60	84.65	89.10	0.00	41	0	43	0.00	0.00	63.12	7.23	0.00	0.00	2000
230	10.88	2109	2103	0.00	211	0	0	0	nan	0.00	0.00	3.57	85.78	89.12	0.00	42	0	43	0.00	0.00	64.78	7.35	0.00	0.00	2000
232	10.97	2116	2098	0.00	204	0	0	0	nan	0.00	0.00	3.75	85.20	89.03	0.00	41	0	43	0.00	0.00	65.67	7.35	0.00	0.00	2000
230	11.03	2086	2099	0.00	203	0	0	0	nan	0.00	0.02	3.68	85.27	88.97	0.00	41	0	42	0.00	0.00	64.97	7.42	0.00	0.00	2000
230	10.87	2134	2086	0.00	204	0	0	0	nan	0.00	0.03	3.69	84.92	89.13	0.00	41	0	43	0.00	0.00	64.98	7.36	0.00	0.00	2000
235	11.23	2073	2116	0.00	203	0	0	0	nan	0.00	0.00	4.56	84.96	88.77	0.00	41	0	43	0.00	0.00	65.15	7.45	0.00	0.00	2000
230	10.89	2116	2100	0.00	213	0	0	2	85.07	0.00	0.01	3.41	85.85	89.11	0.00	41	0	43	0.00	0.00	64.59	7.53	0.00	0.00	2000
228	11.12	2058	2095	0.82	204	0	0	19	84.09	0.00	0.00	3.33	85.43	88.88	0.00	41	0	43	0.00	0.00	64.37	7.41	0.00	0.00	2000
232	11.29	2047	2103	0.05	204	0	0	0	nan	0.00	0.01	3.77	85.22	88.71	0.00	41	0	42	0.00	0.00	64.54	7.54	0.00	0.00	2000
229	11.18	2046	2099	0.00	203	0	0	0	nan	0.00	0.01	3.63	85.28	88.82	0.00	41	0	43	0.00	0.00	64.59	7.48	0.00	0.00	2000
231	11.43	2025	2099	0.00	202	0	0	0	nan	0.00	0.00	3.18	85.43	88.57	0.00	41	0	43	0.00	0.00	65.03	7.43	0.00	0.00	2000
400	19.12	2362	1862	0.00	220	0	0	0	nan	0.00	0.01	3.04	68.73	80.88	0.00	39	0	42	0.00	0.00	55.21	6.42	0.00	0.00	2000
727	27.12	2500	2252	0.00	280	0	0	0	nan	0.00	0.00	7.30	70.98	72.88	0.00	39	0	43	0.00	0.00	81.53	9.40	0.00	0.00	2000
686	27.47	2500	2100	0.00	235	0	0	0	nan	0.00	0.00	5.54	67.10	72.54	0.00	39	0	43	0.00	0.00	73.88	8.27	0.00	0.00	2000
688	27.49	2500	2101	0.00	230	0	0	0	nan	0.00	0.00	5.29	67.38	72.51	0.00	39	0	42	0.00	0.00	74.28	8.22	0.00	0.00	2000
688	27.54	2500	2099	0.00	235	0	0	0	nan	0.00	0.01	5.21	67.34	72.46	0.00	39	0	43	0.00	0.00	74.29	8.32	0.00	0.00	2000
696	27.84	2500	2101	0.00	231	0	0	0	nan	0.00	0.00	6.33	66.00	72.16	0.00	39	0	43	0.00	0.00	74.52	8.26	0.00	0.00	2000
690	27.59	2500	2100	0.00	230	0	0	0	nan	0.01	0.00	4.95	67.58	72.41	0.00	39	0	42	0.00	0.00	74.42	8.28	0.00	0.00	2000
688	27.64	2500	2091	0.00	238	0	0	0	nan	0.00	0.04	4.90	67.27	72.36	0.00	39	0	43	0.00	0.00	71.89	7.79	0.00	0.00	2000
689	27.43	2500	2109	0.00	249	0	0	0	nan	0.00	0.45	2.97	69.62	72.57	0.00	39	0	43	0.00	0.00	77.16	8.24	0.00	0.00	2000
692	27.68	2500	2101	0.00	238	0	0	0	nan	0.00	0.00	6.47	66.01	72.32	0.00	40	0	42	0.00	0.00	74.54	8.08	0.00	0.00	2000
687	27.49	2500	2099	0.00	230	0	0	2	71.57	0.00	0.00	6.32	66.27	72.51	0.00	39	0	43	0.00	0.00	74.55	8.08	0.00	0.00	2000
690	27.69	2500	2092	0.57	230	0	0	51	68.70	0.00	0.00	5.21	66.94	72.31	0.00	40	0	43	0.00	0.00	71.91	7.79	0.00	0.00	2000
690	27.48	2500	2108	0.00	252	0	0	0	nan	0.00	0.00	6.77	66.17	72.52	0.00	39	0	43	0.00	0.00	77.47	8.51	0.00	0.00	2000
690	27.69	2500	2092	0.00	230	0	0	0	nan	0.00	0.00	5.13	67.04	72.31	0.00	39	0	43	0.00	0.00	71.91	7.78	0.00	0.00	2000
740	27.41	2500	2267	0.00	252	0	0	0	nan	0.00	0.00	7.38	71.15	72.59	0.00	40	0	43	0.00	0.00	87.10	9.62	0.00	0.00	2000
296	13.57	2196	2089	0.00	260	0	0	0	nan	0.00	0.02	5.57	80.58	86.43	0.00	39	0	43	0.00	0.00	66.46	7.80	0.00	0.00	2000
235	11.12	2082	2128	0.00	219	0	0	0	nan	0.00	0.02	3.72	86.49	88.88	0.00	39	0	42	0.00	0.00	67.80	7.98	0.00	0.00	2000
232	11.19	2065	2107	0.00	203	0	0	0	nan	0.00	0.02	3.59	85.59	88.81	0.00	39	0	43	0.00	0.00	64.07	7.54	0.00	0.00	2000
228	11.29	2025	2095	0.00	213	0	0	0	nan	0.00	0.00	3.59	85.10	88.71	0.00	40	0	42	0.00	0.00	63.26	7.51	0.00	0.00	2000
228	11.11	2068	2081	0.00	205	0	0	0	nan	0.00	0.02	3.38	84.76	88.89	0.00	40	0	43	0.00	0.00	65.52	7.71	0.00	0.00	2000
231	11.40	2003	2124	0.00	203	0	0	0	nan	0.00	0.02	3.12	86.70	88.60	0.00	40	0	42	0.00	0.00	63.53	7.54	0.00	0.00	2000
228	10.95	2093	2092	0.00	204	0	0	0	nan	0.00	0.00	3.19	85.62	89.05	0.00	40	0	43	0.00	0.00	67.28	7.93	0.00	0.00	2000
232	11.06	2095	2103	0.00	203	0	0	0	nan	0.00	0.04	3.57	85.58	88.94	0.00	39	0	42	0.00	0.00	65.47	7.60	0.00	0.00	2000
226	11.29	2032	2070	0.00	208	0	0	0	nan	0.03	0.00	5.28	82.32	88.71	0.00	38	0	43	0.00	0.00	63.13	7.48	0.00	0.00	2000
228	11.27	2019	2109	0.00	247	0	0	0	nan	0.00	0.21	13.46	75.60	88.73	0.00	38	0	43	0.00	0.00	64.82	7.46	0.00	0.00	2000
81	7.35	1091	2119	0.00	195	0	0	0	nan	0.00	0.02	6.69	86.81	92.65	0.00	38	0	43	0.00	0.00	60.07	7.43	0.00	0.00	2000
71	7.27	989	2072	0.00	195	0	0	0	nan	0.00	0.00	2.95	88.76	92.73	0.00	37	0	43	0.00	0.00	55.23	6.96	0.00	0.00	2000
73	6.83	1060	2123	0.29	196	0	0	1	78.33	0.00	0.02	3.03	91.28	93.17	0.00	37	0	43	0.00	0.00	59.89	7.76	0.00	0.00	2000
129	9.05	1415	2106	0.87	65	0	0	0	nan	0.00	0.03	10.80	80.45	90.95	0.00	37	0	43	0.00	0.00	61.26	7.32	0.00	0.00	2000
