Avg_MHz	Busy%	Bzy_MHz	TSC_MHz	IPC	IRQ	NMI	SMI	LLCMRPS	LLC%hit	POLL%	C1%	C1E%	C6%	CPU%c1	CPU%c6	CoreTmp	CoreThr	PkgTmp	Pkg%pc2	Pkg%pc6	PkgWatt	RAMWatt	PKG_%	RAM_%	UncMHz
404	19.98	1971	2153	0.00	294	0	0	0	nan	0.00	1.10	42.23	38.86	80.02	0.00	37	0	42	0.00	0.00	71.42	8.20	0.00	0.00	2000
484	19.98	2348	2167	0.00	246	0	0	0	nan	0.00	1.33	19.28	62.16	80.02	0.00	37	0	42	0.00	0.00	71.93	8.02	0.00	0.00	2000
78	6.90	1123	2117	0.00	209	0	0	0	nan	0.00	0.02	15.58	78.21	93.10	0.00	37	0	42	0.00	0.00	58.69	7.27	0.00	0.00	2000
73	6.67	1093	2107	0.00	193	0	0	0	nan	0.00	0.00	4.14	89.46	93.33	0.00	37	0	42	0.00	0.00	60.99	7.48	0.00	0.00	2000
74	6.78	1087	2100	0.00	193	0	0	0	nan	0.00	0.02	2.89	90.34	93.22	0.00	37	0	42	0.00	0.00	58.71	7.36	0.00	0.00	2000
72	6.66	1092	2081	0.00	195	0	0	0	nan	0.00	0.00	3.07	89.50	93.34	0.00	36	0	42	0.00	0.00	56.53	7.14	0.00	0.00	2000
73	6.86	1066	2087	0.00	194	0	0	0	nan	0.00	0.00	3.68	88.85	93.14	0.00	36	0	42	0.00	0.00	58.69	7.53	0.00	0.00	2000
73	6.71	1076	2127	0.00	194	0	0	0	nan	0.00	0.02	2.17	92.35	93.29	0.00	37	0	42	0.00	0.00	60.29	7.53	0.00	0.00	2000
75	6.92	1070	2113	0.00	194	0	0	0	nan	0.00	0.04	2.66	91.03	93.08	0.00	36	0	42	0.00	0.00	59.60	7.68	0.00	0.00	2000
72	6.60	1100	2089	0.00	194	0	0	0	nan	0.00	0.00	4.14	88.84	93.40	0.00	36	0	42	0.00	0.00	59.84	7.47	0.00	0.00	2000
73	6.47	1121	2100	0.00	194	0	0	0	nan	0.00	0.00	2.95	90.57	93.53	0.00	36	0	42	0.00	0.00	59.58	7.37	0.00	0.00	2000
73	6.66	1090	2104	0.00	196	0	0	0	nan	0.00	0.02	4.14	89.32	93.34	0.00	36	0	42	0.00	0.00	59.53	7.40	0.00	0.00	2000
73	6.81	1067	2098	0.00	194	0	0	0	nan	0.00	0.02	3.17	90.00	93.19	0.00	36	0	42	0.00	0.00	59.29	7.48	0.00	0.00	2000
72	6.85	1051	2102	0.00	194	0	0	0	nan	0.00	0.00	2.49	90.87	93.15	0.00	37	0	42	0.00	0.00	57.39	6.85	0.00	0.00	2000
73	6.67	1096	2103	0.00	194	0	0	0	nan	0.00	0.02	3.21	90.35	93.33	0.00	37	0	42	0.00	0.00	59.47	7.45	0.00	0.00	2000
72	6.48	1117	2100	0.00	193	0	0	0	87.73	0.00	0.01	3.28	90.15	93.52	0.00	37	0	42	0.00	0.00	59.46	7.38	0.00	0.00	2000
72	6.37	1146	2079	0.30	195	0	0	1	87.80	0.00	0.00	3.47	89.19	93.63	0.00	37	0	42	0.00	0.00	60.39	7.52	0.00	0.00	2000
72	6.75	1068	2104	0.07	193	0	0	0	nan	0.00	0.02	2.34	91.10	93.25	0.00	36	0	42	0.00	0.00	57.80	7.29	0.00	0.00	2000
135	8.54	1587	2084	0.00	217	0	0	0	nan	0.00	0.00	4.45	86.35	91.46	0.00	38	0	42	0.00	0.00	60.68	7.18	0.00	0.00	2000
232	11.24	2044	2123	0.00	221	0	0	0	nan	0.00	0.00	4.92	84.90	88.76	0.00	39	0	42	0.00	0.00	67.63	7.74	0.00	0.00	2000
230	11.04	2078	2106	0.00	203	0	0	0	nan	0.00	0.01	4.06	85.30	88.96	0.00	40	0	42	0.00	0.00	64.61	7.47	0.00	0.00	2000
231	11.05	2087	2101	0.00	203	0	0	0	nan	0.00	0.00	3.92	85.16	88.95	0.00	40	0	42	0.00	0.00	64.01	7.42	0.00	0.00	2000
235	11.30	2088	2091	0.00	204	0	0	0	nan	0.00	0.00	6.00	82.42	88.70	0.00	38	0	42	0.00	0.00	65.09	7.38	0.00	0.00	2000
227	10.83	2093	2106	0.00	196	0	0	0	nan	0.00	0.03	8.59	80.82	89.17	0.00	38	0	42	0.00	0.00	64.26	7.69	0.00	0.00	2000
213	10.77	2186	1897	0.00	197	0	0	0	nan	0.01	0.00	4.84	75.73	89.23	0.00	37	0	42	0.00	0.00	59.96	7.13	0.00	0.00	2000
240	10.37	2072	2346	0.00	247	0	0	0	nan	0.00	0.00	7.35	92.77	89.63	0.00	38	0	42	0.00	0.00	74.35	8.79	0.00	0.00	2000
233	10.98	2117	2101	0.00	198	0	0	0	nan	0.00	0.00	7.08	82.09	89.02	0.00	39	0	42	0.00	0.00	64.65	7.63	0.00	0.00	2000
231	11.08	2090	2093	0.00	199	0	0	0	nan	0.00	0.59	3.78	84.40	88.92	0.00	39	0	42	0.00	0.00	63.64	7.30	0.00	0.00	2000
232	10.94	2113	2103	0.00	183	0	0	0	nan	0.00	0.05	4.38	84.95	89.06	0.00	39	0	42	0.00	0.00	65.31	7.42	0.00	0.00	2000
231	10.96	2115	2094	0.00	198	0	0	0	nan	0.00	0.00	7.82	80.83	89.04	0.00	39	0	42	0.00	0.00	66.20	7.48	0.00	0.00	2000
232	11.21	2073	2094	0.00	199	0	0	0	nan	0.00	0.00	6.54	82.03	88.79	0.00	39	0	42	0.00	0.00	64.10	7.28	0.00	0.00	2000
239	11.11	2150	2102	0.00	225	0	0	0	nan	0.00	0.00	7.41	81.57	88.89	0.00	39	0	42	0.00	0.00	66.41	7.61	0.00	0.00	2000
232	11.05	2081	2115	0.00	199	0	0	3	83.37	0.00	0.00	8.24	81.42	88.95	0.00	40	0	42	0.00	0.00	66.65	7.60	0.00	0.00	2000
232	11.40	2042	2089	0.65	182	0	0	19	76.48	0.00	0.02	6.92	81.34	88.60	0.00	39	0	42	0.00	0.00	64.88	7.49	0.00	0.00	2000
228	11.50	2009	2071	0.00	218	0	0	0	nan	0.00	0.00	7.27	80.06	88.50	0.00	37	0	42	0.00	0.00	61.89	7.35	0.00	0.00	2000
232	11.48	2111	2010	0.00	200	0	0	0	nan	0.00	0.00	6.01	78.84	88.52	0.00	38	0	42	0.00	0.00	65.72	7.61	0.00	0.00	2000
222	10.51	1987	2231	0.00	243	0	0	0	nan	0.00	0.02	3.43	91.66	89.49	0.00	38	0	42	0.00	0.00	66.87	8.02	0.00	0.00	2000
233	11.40	2030	2112	0.00	204	0	0	0	nan	0.00	0.00	3.96	85.35	88.60	0.00	39	0	42	0.00	0.00	68.47	8.23	0.00	0.00	2000
231	11.25	2061	2092	0.00	205	0	0	0	nan	0.00	0.00	3.71	84.79	88.75	0.00	40	0	42	0.00	0.00	62.35	7.46	0.00	0.00	2000
236	10.93	2147	2110	0.00	204	0	0	0	nan	0.00	0.00	4.90	84.64	89.07	0.00	39	0	42	0.00	0.00	65.95	7.96	0.00	0.00	2000
231	10.80	2143	2098	0.00	213	0	0	0	nan	0.00	0.00	3.91	85.28	89.20	0.00	40	0	42	0.00	0.00	66.34	7.94	0.00	0.00	2000
231	10.70	2162	2094	0.00	187	0	0	0	nan	0.00	0.00	2.33	86.80	89.30	0.00	40	0	42	0.00	0.00	64.19	7.71	0.00	0.00	2000
231	11.06	2086	2099	0.00	205	0	0	0	nan	0.00	0.00	2.70	86.29	88.94	0.00	40	0	42	0.00	0.00	65.73	7.75	0.00	0.00	2000
229	11.17	2063	2090	0.00	204	0	0	0	nan	0.00	0.05	2.77	85.73	88.83	0.00	40	0	42	0.00	0.00	63.57	7.63	0.00	0.00	2000
235	11.09	2108	2108	0.00	204	0	0	0	nan	0.00	0.02	3.56	85.65	88.91	0.00	40	0	42	0.00	0.00	67.91	7.83	0.00	0.00	2000
228	10.76	2126	2097	0.00	213	0	0	0	nan	0.00	0.00	3.78	85.45	89.24	0.00	41	0	42	0.00	0.00	62.76	7.02	0.00	0.00	2000
230	10.98	2078	2116	0.00	219	0	0	0	nan	0.00	0.02	3.07	86.71	89.02	0.00	41	0	42	0.00	0.00	66.31	7.55	0.00	0.00	2000
228	10.92	2098	2093	0.00	203	0	0	0	nan	0.00	0.01	3.21	85.60	89.08	0.00	40	0	42	0.00	0.00	64.90	7.62	0.00	0.00	2000
226	11.02	2065	2085	0.00	204	0	0	0	nan	0.00	0.02	3.68	84.82	88.98	0.00	40	0	42	0.00	0.00	63.44	7.32	0.00	0.00	2000
232	11.03	2089	2116	0.00	205	0	0	2	88.33	0.00	0.00	3.06	86.71	88.97	0.00	40	0	42	0.00	0.00	65.13	7.40	0.00	0.00	2000
230	10.80	2119	2109	0.67	213	0	0	4	92.98	0.00	0.01	3.50	86.16	89.20	0.00	41	0	42	0.00	0.00	65.73	7.49	0.00	0.00	2000
230	10.91	2105	2103	0.00	203	0	0	0	nan	0.00	0.01	3.27	86.02	89.09	0.00	40	0	42	0.00	0.00	62.43	7.24	0.00	0.00	2000
230	11.08	2083	2092	0.00	207	0	0	0	nan	0.00	0.00	5.65	83.05	88.92	0.00	41	0	42	0.00	0.00	68.32	7.32	0.00	0.00	2000
223	10.88	2079	2073	0.00	204	0	0	0	nan	0.00	0.00	2.36	85.65	89.12	0.00	41	0	42	0.00	0.00	62.50	7.20	0.00	0.00	2000
238	11.70	2023	2110	0.00	219	0	0	0	nan	0.00	0.00	6.38	82.53	88.30	0.00	41	0	42	0.00	0.00	65.42	7.67	0.00	0.00	2000
228	11.22	2031	2106	0.00	229	0	0	0	nan	0.00	0.00	3.41	85.72	88.78	0.00	41	0	42	0.00	0.00	65.29	7.34	0.00	0.00	2000
231	10.99	2084	2115	0.00	220	0	0	0	nan	0.00	0.00	3.56	86.16	89.01	0.00	41	0	42	0.00	0.00	65.88	7.68	0.00	0.00	2000
227	10.81	2100	2104	0.00	203	0	0	0	nan	0.00	0.02	3.19	86.20	89.19	0.00	41	0	42	0.00	0.00	64.84	7.29	0.00	0.00	2000
227	11.05	2055	2097	0.00	203	0	0	0	nan	0.00	0.00	3.64	85.28	88.95	0.00	41	0	42	0.00	0.00	64.97	7.45	0.00	0.00	2000
226	11.20	2053	2068	0.00	214	0	0	0	nan	0.00	0.00	3.37	84.12	88.80	0.00	41	0	42	0.00	0.00	63.04	7.71	0.00	0.00	2000
227	11.24	2016	2100	0.00	217	0	0	0	nan	0.00	0.00	4.48	84.45	88.76	0.00	41	0	42	0.00	0.00	65.60	7.55	0.00	0.00	2000
231	10.99	2080	2119	0.00	203	0	0	0	nan	0.00	0.00	3.87	86.10	89.01	0.00	41	0	42	0.00	0.00	65.22	7.63	0.00	0.00	2000
226	10.76	2118	2087	0.00	219	0	0	0	nan	0.00	0.02	2.97	85.79	89.24	0.00	41	0	42	0.00	0.00	64.45	7.50	0.00	0.00	2000
233	10.97	2101	2127	0.00	204	0	0	0	nan	0.00	0.00	3.64	86.67	89.04	0.00	41	0	42	0.00	0.00	66.49	7.58	0.00	0.00	2000
239	11.65	2069	2084	0.00	212	0	0	0	nan	0.01	0.00	3.51	84.28	88.35	0.00	41	0	42	0.00	0.00	63.73	7.20	0.00	0.00	2000
231	10.73	2140	2107	0.00	203	0	0	0	nan	0.00	0.00	3.24	86.47	89.27	0.00	41	0	42	0.00	0.00	65.63	7.39	0.00	0.00	2000
227	10.87	2103	2088	0.25	205	0	0	2	86.80	0.00	0.00	2.99	85.71	89.13	0.00	41	0	42	0.00	0.00	65.27	7.44	0.00	0.00	2000
227	11.01	2069	2088	0.86	203	0	0	4	90.14	0.00	0.00	2.68	85.89	88.99	0.00	41	0	42	0.00	0.00	63.36	7.36	0.00	0.00	2000
232	11.23	2054	2113	0.00	204	0	0	0	nan	0.00	0.02	4.10	85.33	88.77	0.00	42	0	42	0.00	0.00	65.74	7.56	0.00	0.00	2000
228	11.09	2056	2099	0.00	228	0	0	0	nan	0.00	0.00	4.11	84.80	88.91	0.00	41	0	42	0.00	0.00	65.27	7.68	0.00	0.00	2000
231	10.97	2105	2103	0.00	204	0	0	0	nan	0.00	0.02	3.24	85.99	89.03	0.00	41	0	42	0.00	0.00	64.16	7.37	0.00	0.00	2000
229	11.01	2082	2101	0.00	205	0	0	0	nan	0.00	0.00	3.56	85.52	88.99	0.00	41	0	42	0.00	0.00	64.69	7.55	0.00	0.00	2000
229	10.88	2103	2099	0.00	224	0	0	0	nan	0.00	0.01	3.75	85.40	89.12	0.00	41	0	42	0.00	0.00	64.81	7.32	0.00	0.00	2000
226	10.83	2100	2086	0.00	213	0	0	0	nan	0.00	0.02	2.83	85.82	89.17	0.00	41	0	42	0.00	0.00	64.79	7.31	0.00	0.00	2000
228	11.10	2041	2111	0.00	219	0	0	0	nan	0.00	0.02	3.31	86.17	88.90	0.00	41	0	42	0.00	0.00	63.66	7.34	0.00	0.00	2000
231	10.73	2130	2119	0.00	203	0	0	0	nan	0.00	0.03	2.62	87.47	89.27	0.00	41	0	42	0.00	0.00	65.71	7.47	0.00	0.00	2000
224	10.85	2098	2070	0.00	204	0	0	0	nan	0.00	0.00	2.88	85.08	89.15	0.00	41	0	42	0.00	0.00	64.52	7.37	0.00	0.00	2000
229	10.96	2087	2102	0.00	203	0	0	0	nan	0.00	0.00	4.50	84.69	89.04	0.00	41	0	42	0.00	0.00	65.18	7.47	0.00	0.00	2000
226	10.90	2071	2107	0.00	228	0	0	0	nan	0.00	0.00	3.84	85.66	89.10	0.00	41	0	42	0.00	0.00	64.93	7.39	0.00	0.00	2000
228	10.75	2109	2113	0.00	204	0	0	0	nan	0.00	0.02	3.09	86.71	89.25	0.00	41	0	42	0.00	0.00	65.15	7.67	0.00	0.00	2000
230	11.02	2096	2092	0.00	204	0	0	0	nan	0.00	0.02	3.80	84.88	88.98	0.00	41	0	42	0.00	0.00	61.96	7.29	0.00	0.00	2000
228	10.90	2097	2099	0.00	204	0	0	0	nan	0.00	0.00	4.00	85.06	89.10	0.00	41	0	42	0.00	0.00	67.60	7.90	0.00	0.00	2000
232	11.03	2092	2113	0.00	213	0	0	0	nan	0.00	0.00	3.63	86.05	88.97	0.00	41	0	42	0.00	0.00	65.76	7.36	0.00	0.00	2000
229	10.95	2080	2110	0.52	205	0	0	2	85.49	0.00	0.00	3.01	86.59	89.05	0.00	41	0	42	0.00	0.00	65.41	7.52	0.00	0.00	2000
226	10.98	2095	2067	0.49	202	0	0	2	88.64	0.00	0.00	3.45	84.25	89.02	0.00	41	0	42	0.00	0.00	62.85	7.28	0.00	0.00	2000
229	10.75	2113	2119	0.00	204	0	0	0	nan	0.00	0.04	3.53	86.58	89.25	0.00	41	0	42	0.00	0.00	65.93	7.62	0.00	0.00	2000
227	10.88	2107	2081	0.00	203	0	0	0	nan	0.00	0.00	3.05	85.36	89.12	0.00	41	0	42	0.00	0.00	63.99	7.35	0.00	0.00	2000
231	11.19	2048	2120	0.00	205	0	0	0	nan	0.00	0.02	3.96	85.82	88.81	0.00	41	0	42	0.00	0.00	65.62	7.51	0.00	0.00	2000
228	10.68	2146	2093	0.00	213	0	0	0	nan	0.00	0.00	3.19	85.93	89.32	0.00	41	0	42	0.00	0.00	64.80	7.49	0.00	0.00	2000
229	10.60	2147	2109	0.00	203	0	0	0	nan	0.00	0.02	2.63	87.17	89.40	0.00	41	0	42	0.00	0.00	65.47	7.45	0.00	0.00	2000
231	11.31	2027	2114	0.00	203	0	0	0	nan	0.00	0.01	3.17	86.28	88.69	0.00	41	0	42	0.00	0.00	65.07	7.40	0.00	0.00	2000
223	11.12	2034	2074	0.00	201	0	0	0	nan	0.00	0.00	3.33	84.48	88.88	0.00	41	0	42	0.00	0.00	63.47	7.37	0.00	0.00	2000
234	11.20	2073	2117	0.00	224	0	0	0	nan	0.00	0.00	5.84	83.79	88.80	0.00	41	0	42	0.00	0.00	64.00	7.19	0.00	0.00	2000
226	10.78	2111	2090	0.00	200	0	0	0	nan	0.00	0.02	3.46	85.40	89.22	0.00	41	0	42	0.00	0.00	66.40	7.61	0.00	0.00	2000
232	10.87	2115	2122	0.00	203	0	0	0	nan	0.00	0.02	3.15	86.95	89.13	0.00	41	0	42	0.00	0.00	65.99	7.72	0.00	0.00	2000
227	11.08	2048	2098	0.00	199	0	0	0	nan	0.00	0.02	3.53	85.41	88.92	0.00	41	0	42	0.00	0.00	61.91	7.27	0.00	0.00	2000
229	10.92	2092	2101	0.00	204	0	0	0	nan	0.00	0.00	3.50	85.76	89.08	0.00	41	0	42	0.00	0.00	64.50	7.45	0.00	0.00	2000
230	10.83	2122	2099	0.00	202	0	0	0	nan	0.00	0.02	3.92	85.24	89.17	0.00	41	0	42	0.00	0.00	64.75	7.44	0.00	0.00	2000
227	10.87	2094	2091	0.00	212	0	0	0	nan	0.01	0.00	3.41	85.51	89.13	0.00	41	0	42	0.00	0.00	64.92	7.55	0.00	0.00	2000
225	11.02	2056	2081	0.00	203	0	0	0	nan	0.00	0.00	3.05	85.25	88.98	0.00	41	0	42	0.00	0.00	63.15	6.93	0.00	0.00	2000
227	11.25	2028	2090	0.16	204	0	0	2	92.34	0.01	0.00	3.41	84.98	88.75	0.00	41	0	42	0.00	0.00	64.30	7.40	0.00	0.00	2000
232	11.04	2081	2124	0.53	220	0	0	3	95.25	0.00	0.00	4.23	85.87	88.96	0.00	41	0	42	0.00	0.00	67.87	7.87	0.00	0.00	2000
231	10.97	2098	2113	0.00	204	0	0	0	nan	0.00	0.01	4.46	85.13	89.03	0.00	41	0	42	0.00	0.00	64.24	7.64	0.00	0.00	2000
226	11.03	2069	2078	0.00	211	0	0	0	nan	0.00	0.01	3.48	84.54	88.97	0.00	41	0	42	0.00	0.00	65.13	7.98	0.00	0.00	2000
229	10.84	2111	2105	0.00	204	0	0	0	nan	0.00	0.02	3.47	85.98	89.16	0.00	41	0	42	0.00	0.00	66.22	7.86	0.00	0.00	2000
232	10.96	2103	2118	0.00	204	0	0	0	nan	0.00	0.02	3.23	86.61	89.04	0.00	41	0	42	0.00	0.00	65.55	7.75	0.00	0.00	2000
226	10.77	2118	2080	0.00	202	0	0	0	nan	0.00	0.01	2.96	85.49	89.23	0.00	42	0	42	0.00	0.00	66.18	7.69	0.00	0.00	2000
226	10.93	2085	2082	0.00	203	0	0	0	nan	0.00	0.01	2.83	85.56	89.07	0.00	42	0	42	0.00	0.00	64.51	7.54	0.00	0.00	2000
231	10.98	2084	2118	0.00	231	0	0	0	nan	0.00	0.01	1.96	87.97	89.02	0.00	42	0	42	0.00	0.00	68.05	7.79	0.00	0.00	2000
229	10.91	2087	2111	0.00	204	0	0	0	nan	0.00	0.01	2.71	86.97	89.09	0.00	41	0	42	0.00	0.00	66.95	7.73	0.00	0.00	2000
226	10.84	2091	2095	0.00	219	0	0	0	nan	0.00	0.00	2.75	86.27	89.16	0.00	42	0	42	0.00	0.00	66.22	7.72	0.00	0.00	2000
229	10.82	2121	2094	0.00	203	0	0	0	nan	0.00	0.02	2.93	86.02	89.18	0.00	42	0	42	0.00	0.00	66.37	7.82	0.00	0.00	2000
234	10.97	2114	2122	0.00	215	0	0	0	nan	0.00	0.03	4.49	85.61	89.03	0.00	42	0	42	0.00	0.00	67.18	7.87	0.00	0.00	2000
227	10.97	2093	2074	0.00	206	0	0	0	nan	0.00	0.02	4.47	83.55	89.03	0.00	42	0	42	0.00	0.00	62.45	7.32	0.00	0.00	2000
226	11.12	2039	2096	0.00	219	0	0	0	nan	0.00	0.01	3.24	85.59	88.88	0.00	42	0	42	0.00	0.00	68.43	8.06	0.00	0.00	2000
229	11.08	2049	2116	0.00	202	0	0	0	nan	0.00	0.00	3.53	86.19	88.92	0.00	42	0	42	0.00	0.00	66.86	7.87	0.00	0.00	2000
232	11.23	2061	2104	0.00	203	0	0	0	nan	0.00	0.03	3.42	85.59	88.77	0.00	42	0	42	0.00	0.00	63.83	7.49	0.00	0.00	2000
226	11.07	2061	2078	0.39	215	0	0	3	84.86	0.00	0.02	3.42	84.67	88.94	0.00	41	0	42	0.00	0.00	63.97	7.52	0.00	0.00	2000
227	10.97	2055	2109	0.36	219	0	0	3	88.81	0.00	0.00	3.71	85.79	89.03	0.00	41	0	42	0.00	0.00	67.88	7.70	0.00	0.00	2000
228	10.99	2073	2104	0.00	204	0	0	0	nan	0.00	0.00	2.62	86.68	89.01	0.00	41	0	42	0.00	0.00	62.64	7.83	0.00	0.00	2000
231	10.87	2109	2118	0.00	203	0	0	0	nan	0.00	0.01	3.16	86.85	89.13	0.00	41	0	42	0.00	0.00	65.74	7.46	0.00	0.00	2000
225	11.15	2049	2071	0.00	214	0	0	0	nan	0.00	0.00	3.95	83.82	88.85	0.00	41	0	42	0.00	0.00	65.68	7.21	0.00	0.00	2000
226	10.90	2072	2105	0.00	219	0	0	0	nan	0.00	0.01	3.58	85.74	89.10	0.00	41	0	42	0.00	0.00	65.17	7.73	0.00	0.00	2000
228	10.67	2144	2093	0.00	203	0	0	0	nan	0.00	0.02	2.57	86.55	89.33	0.00	40	0	42	0.00	0.00	62.51	7.42	0.00	0.00	2000
231	10.96	2090	2113	0.00	213	0	0	0	nan	0.02	0.00	4.02	85.64	89.04	0.00	40	0	42	0.00	0.00	67.53	8.03	0.00	0.00	2000
141	8.25	1728	2075	0.00	230	0	0	0	nan	0.00	0.08	11.55	78.93	91.75	0.00	38	0	42	0.00	0.00	60.55	7.50	0.00	0.00	2000
