Avg_MHz	Busy%	Bzy_MHz	TSC_MHz	IPC	IRQ	NMI	SMI	LLCMRPS	LLC%hit	POLL%	C1%	C1E%	C6%	CPU%c1	CPU%c6	CoreTmp	CoreThr	PkgTmp	Pkg%pc2	Pkg%pc6	PkgWatt	RAMWatt	PKG_%	RAM_%	UncMHz
218	13.13	1779	1956	0.00	236	0	0	0	nan	0.00	0.00	24.76	56.08	86.87	0.00	37	0	43	0.00	0.00	53.48	6.59	0.00	0.00	2000
365	16.14	2062	2301	0.00	257	0	0	0	nan	0.04	1.35	22.06	68.75	83.86	0.00	37	0	42	0.00	0.00	76.18	8.45	0.00	0.00	2000
84	7.38	1123	2121	0.00	210	0	0	0	nan	0.00	0.02	9.28	84.24	92.62	0.00	37	0	42	0.00	0.00	60.73	7.58	0.00	0.00	2000
75	6.88	1082	2103	0.00	197	0	0	0	nan	0.00	0.02	4.74	88.57	93.12	0.00	37	0	42	0.00	0.00	59.45	7.45	0.00	0.00	2000
73	6.69	1097	2080	0.00	194	0	0	0	nan	0.00	0.00	3.79	88.73	93.31	0.00	37	0	42	0.00	0.00	58.75	7.33	0.00	0.00	2000
74	6.89	1071	2107	0.00	195	0	0	0	nan	0.00	0.04	3.76	89.80	93.11	0.00	37	0	42	0.00	0.00	59.65	7.57	0.00	0.00	2000
75	6.78	1091	2119	0.00	195	0	0	0	nan	0.00	0.00	4.74	89.50	93.22	0.00	37	0	42	0.00	0.00	60.85	7.44	0.00	0.00	2000
73	6.29	1163	2087	0.00	177	0	0	0	nan	0.00	0.02	3.35	89.85	93.71	0.00	37	0	43	0.00	0.00	54.94	6.85	0.00	0.00	2000
73	6.69	1094	2099	0.00	193	0	0	0	nan	0.00	0.00	2.48	90.90	93.31	0.00	37	0	42	0.00	0.00	59.64	7.44	0.00	0.00	2000
71	6.39	1128	2072	0.00	193	0	0	0	nan	0.01	0.00	2.18	90.08	93.61	0.00	37	0	42	0.00	0.00	57.92	7.25	0.00	0.00	2000
74	6.85	1060	2145	0.00	194	0	0	0	nan	0.00	0.00	2.57	92.61	93.15	0.00	37	0	42	0.00	0.00	59.69	7.54	0.00	0.00	2000
73	6.54	1113	2097	0.00	194	0	0	0	nan	0.00	0.03	3.07	90.38	93.46	0.00	37	0	42	0.00	0.00	60.56	7.63	0.00	0.00	2000
72	6.68	1097	2074	0.00	193	0	0	0	nan	0.00	0.00	3.10	89.14	93.32	0.00	37	0	42	0.00	0.00	58.89	7.17	0.00	0.00	2000
73	6.62	1092	2119	0.00	194	0	0	0	nan	0.00	0.01	2.39	91.76	93.38	0.00	37	0	42	0.00	0.00	59.73	7.54	0.00	0.00	2000
73	7.13	1025	2104	0.00	194	0	0	0	nan	0.00	0.00	2.91	90.22	92.87	0.00	37	0	43	0.00	0.00	58.49	7.26	0.00	0.00	2000
72	6.58	1090	2096	0.00	193	0	0	1	88.53	0.00	0.00	2.83	90.45	93.42	0.00	37	0	42	0.00	0.00	59.76	7.37	0.00	0.00	2000
73	6.44	1139	2093	0.07	194	0	0	2	87.42	0.00	0.01	2.75	90.45	93.56	0.00	37	0	42	0.00	0.00	59.86	7.45	0.00	0.00	2000
73	6.64	1087	2109	0.00	193	0	0	0	nan	0.00	0.01	2.62	91.19	93.36	0.00	37	0	42	0.00	0.00	59.14	7.39	0.00	0.00	2000
131	7.86	1682	2073	0.00	213	0	0	0	nan	0.01	1.79	3.51	85.79	92.14	0.00	38	0	42	0.00	0.00	58.87	6.99	0.00	0.00	2000
234	10.87	2121	2130	0.00	217	0	0	0	nan	0.00	0.00	6.07	84.39	89.13	0.00	39	0	43	0.00	0.00	70.83	8.17	0.00	0.00	2000
229	11.04	2075	2101	0.00	203	0	0	0	nan	0.00	0.00	3.25	85.86	88.96	0.00	40	0	42	0.00	0.00	64.02	7.28	0.00	0.00	2000
230	10.85	2135	2087	0.00	186	0	0	0	nan	0.00	0.00	3.21	85.54	89.15	0.00	40	0	42	0.00	0.00	60.52	6.84	0.00	0.00	2000
230	11.11	2117	2054	0.00	205	0	0	0	nan	0.00	0.00	4.50	82.56	88.89	0.00	39	0	42	0.00	0.00	62.77	6.99	0.00	0.00	2000
237	11.06	2083	2161	0.00	217	0	0	0	nan	0.00	0.02	8.20	83.46	88.94	0.00	38	0	42	0.00	0.00	70.18	8.45	0.00	0.00	2000
228	11.14	2073	2076	0.00	197	0	0	0	nan	0.00	0.02	5.53	82.41	88.86	0.00	37	0	42	0.00	0.00	64.36	7.65	0.00	0.00	2000
231	11.20	2070	2089	0.00	198	0	0	0	nan	0.00	0.02	4.06	84.34	88.80	0.00	37	0	43	0.00	0.00	67.17	8.01	0.00	0.00	2000
238	11.40	2056	2133	0.00	217	0	0	0	nan	0.00	0.00	6.07	84.00	88.60	0.00	37	0	43	0.00	0.00	68.87	7.89	0.00	0.00	2000
230	11.02	2093	2094	0.00	202	0	0	0	nan	0.00	0.00	6.73	82.13	88.98	0.00	38	0	42	0.00	0.00	63.48	7.41	0.00	0.00	2000
230	10.91	2104	2104	0.00	195	0	0	0	nan	0.00	0.00	5.38	83.96	89.09	0.00	38	0	42	0.00	0.00	64.22	7.29	0.00	0.00	2000
228	10.97	2109	2072	0.00	197	0	0	0	nan	0.00	0.00	4.26	83.66	89.03	0.00	38	0	42	0.00	0.00	62.53	7.24	0.00	0.00	2000
228	10.87	2092	2102	0.00	198	0	0	0	nan	0.00	0.02	5.37	84.01	89.13	0.00	38	0	42	0.00	0.00	67.78	7.55	0.00	0.00	2000
234	11.28	2044	2127	0.00	217	0	0	0	nan	0.00	0.07	4.20	85.76	88.72	0.00	38	0	42	0.00	0.00	64.52	7.31	0.00	0.00	2000
228	11.31	2019	2093	0.00	198	0	0	3	79.34	0.00	0.00	5.44	83.07	88.69	0.00	39	0	42	0.00	0.00	67.11	7.69	0.00	0.00	2000
228	11.03	2072	2096	0.72	195	0	0	9	85.43	0.00	0.47	6.25	82.23	88.97	0.00	38	0	42	0.00	0.00	62.01	7.19	0.00	0.00	2000
231	11.36	2064	2071	0.00	197	0	0	0	nan	0.00	0.00	6.61	80.91	88.64	0.00	37	0	42	0.00	0.00	63.52	7.38	0.00	0.00	2000
234	11.21	2055	2133	0.00	198	0	0	0	nan	0.00	0.02	5.23	85.03	88.79	0.00	38	0	42	0.00	0.00	69.60	7.95	0.00	0.00	2000
237	11.34	2074	2111	0.00	199	0	0	0	nan	0.00	0.00	5.35	83.81	88.66	0.00	38	0	42	0.00	0.00	66.21	7.55	0.00	0.00	2000
228	11.08	2063	2092	0.00	198	0	0	0	nan	0.00	0.01	5.93	82.75	88.92	0.00	38	0	42	0.00	0.00	66.68	7.51	0.00	0.00	2000
227	11.09	2077	2066	0.00	198	0	0	0	nan	0.00	0.00	5.99	81.58	88.91	0.00	39	0	43	0.00	0.00	60.28	6.85	0.00	0.00	2000
233	11.07	2059	2143	0.00	196	0	0	0	nan	0.00	0.00	5.00	85.82	88.93	0.00	40	0	42	0.00	0.00	69.32	7.73	0.00	0.00	2000
229	11.14	2066	2090	0.00	200	0	0	0	nan	0.00	0.01	4.19	84.42	88.86	0.00	39	0	42	0.00	0.00	65.91	7.62	0.00	0.00	2000
232	11.16	2083	2096	0.00	199	0	0	0	nan	0.00	0.00	5.03	83.77	88.84	0.00	39	0	42	0.00	0.00	65.95	7.66	0.00	0.00	2000
229	11.41	2046	2063	0.00	204	0	0	0	nan	0.00	0.00	3.93	83.22	88.59	0.00	39	0	42	0.00	0.00	62.33	7.34	0.00	0.00	2000
232	11.02	2060	2146	0.00	217	0	0	0	nan	0.00	0.03	5.70	85.34	88.98	0.00	39	0	42	0.00	0.00	69.00	7.95	0.00	0.00	2000
230	11.39	2016	2106	0.00	200	0	0	0	nan	0.00	0.00	4.17	84.89	88.61	0.00	39	0	42	0.00	0.00	64.00	7.49	0.00	0.00	2000
230	10.98	2099	2097	0.00	197	0	0	0	nan	0.00	0.07	2.95	86.04	89.02	0.00	39	0	42	0.00	0.00	65.79	7.71	0.00	0.00	2000
239	11.38	2100	2103	0.00	203	0	0	0	nan	0.00	0.55	5.13	83.18	88.62	0.00	37	0	42	0.00	0.00	65.50	7.62	0.00	0.00	2000
235	11.27	2083	2098	0.00	195	0	0	0	nan	0.00	0.02	7.83	80.87	88.73	0.00	37	0	42	0.00	0.00	61.94	7.39	0.00	0.00	2000
236	11.78	2076	2026	0.00	196	0	0	0	nan	0.00	0.01	7.89	77.31	88.22	0.00	38	0	42	0.00	0.00	62.17	7.19	0.00	0.00	2000
232	10.96	2038	2181	0.00	196	0	0	3	73.14	0.00	0.02	7.08	85.44	89.04	0.00	37	0	43	0.00	0.00	68.81	8.00	0.00	0.00	2000
233	11.21	2075	2107	0.92	196	0	0	10	81.58	0.00	0.00	7.82	81.39	88.79	0.00	37	0	42	0.00	0.00	66.41	7.60	0.00	0.00	2000
231	11.64	2082	2003	0.00	199	0	0	0	nan	0.00	0.00	7.63	76.75	88.36	0.00	37	0	42	0.00	0.00	60.91	7.27	0.00	0.00	2000
235	10.98	2056	2188	0.00	198	0	0	0	nan	0.00	0.00	6.04	86.85	89.02	0.00	37	0	42	0.00	0.00	69.11	8.63	0.00	0.00	2000
217	10.84	2019	2080	0.00	215	0	0	0	nan	0.00	0.00	5.20	83.19	89.16	0.00	38	0	42	0.00	0.00	64.78	7.70	0.00	0.00	2000
151	8.91	1664	2135	0.00	256	0	0	0	nan	0.00	0.00	5.78	86.91	91.09	0.00	37	0	42	0.00	0.00	61.68	7.57	0.00	0.00	2000
123	8.09	1521	2097	0.00	175	0	0	0	nan	0.00	0.08	10.99	80.79	91.91	0.00	37	0	42	0.00	0.00	59.80	7.55	0.00	0.00	2000
