Avg_MHz	Busy%	Bzy_MHz	TSC_MHz	IPC	IRQ	NMI	SMI	LLCMRPS	LLC%hit	POLL%	C1%	C1E%	C6%	CPU%c1	CPU%c6	CoreTmp	CoreThr	PkgTmp	Pkg%pc2	Pkg%pc6	PkgWatt	RAMWatt	PKG_%	RAM_%	UncMHz
334	17.13	1928	2126	0.00	228	0	0	0	nan	0.00	0.37	39.36	44.25	82.87	0.00	36	0	42	0.00	0.00	67.34	7.68	0.00	0.00	2000
341	15.82	2125	2129	0.00	225	0	0	0	nan	0.05	0.85	24.21	60.54	84.18	0.00	36	0	41	0.00	0.00	69.08	7.83	0.00	0.00	2000
78	6.95	1121	2113	0.00	194	0	0	0	nan	0.00	0.02	6.01	87.68	93.05	0.00	36	0	41	0.00	0.00	59.21	7.49	0.00	0.00	2000
75	7.19	1055	2086	0.00	196	0	0	0	nan	0.00	0.06	4.91	87.39	92.81	0.00	36	0	42	0.00	0.00	58.56	7.51	0.00	0.00	2000
74	6.91	1059	2120	0.00	195	0	0	0	nan	0.00	0.00	4.56	89.54	93.09	0.00	36	0	42	0.00	0.00	58.47	7.45	0.00	0.00	2000
72	6.60	1085	2098	0.00	195	0	0	0	nan	0.00	0.00	3.39	89.89	93.40	0.00	36	0	42	0.00	0.00	58.20	7.51	0.00	0.00	2000
72	6.73	1069	2090	0.00	194	0	0	0	nan	0.00	0.01	3.25	89.58	93.27	0.00	36	0	41	0.00	0.00	60.84	7.71	0.00	0.00	2000
71	6.47	1112	2085	0.00	194	0	0	0	nan	0.00	0.00	2.51	90.45	93.53	0.00	36	0	42	0.00	0.00	58.40	7.46	0.00	0.00	2000
73	7.03	1042	2097	0.00	193	0	0	0	nan	0.00	0.02	1.95	90.85	92.97	0.00	36	0	42	0.00	0.00	56.96	7.36	0.00	0.00	2000
72	6.74	1051	2128	0.00	193	0	0	0	nan	0.00	0.02	3.85	90.74	93.26	0.00	36	0	42	0.00	0.00	59.18	7.84	0.00	0.00	2000
73	6.69	1097	2099	0.00	210	0	0	0	nan	0.00	0.00	2.51	90.76	93.31	0.00	36	0	42	0.00	0.00	60.12	7.72	0.00	0.00	2000
74	6.65	1101	2111	0.00	180	0	0	0	nan	0.00	0.09	3.43	90.45	93.35	0.00	36	0	42	0.00	0.00	57.87	7.39	0.00	0.00	2000
73	6.47	1133	2090	0.00	195	0	0	0	nan	0.00	0.00	3.77	89.30	93.53	0.00	36	0	42	0.00	0.00	59.44	7.49	0.00	0.00	2000
72	6.75	1072	2098	0.00	193	0	0	0	nan	0.00	0.02	2.75	90.52	93.25	0.00	36	0	42	0.00	0.00	58.90	7.54	0.00	0.00	2000
73	6.87	1066	2099	0.00	192	0	0	0	nan	0.00	0.01	2.54	90.64	93.13	0.00	36	0	42	0.00	0.00	58.55	7.48	0.00	0.00	2000
72	6.67	1075	2103	0.00	195	0	0	0	91.94	0.00	0.00	2.38	91.16	93.33	0.00	36	0	42	0.00	0.00	58.17	7.33	0.00	0.00	2000
72	6.89	1063	2072	0.30	194	0	0	1	83.72	0.00	0.00	2.78	89.06	93.11	0.00	36	0	42	0.00	0.00	56.91	7.12	0.00	0.00	2000
70	6.87	1026	2096	0.09	194	0	0	0	nan	0.00	0.00	3.88	89.16	93.13	0.00	36	0	42	0.00	0.00	55.63	7.53	0.00	0.00	2000
180	10.06	1803	2081	0.00	220	0	0	0	nan	0.02	0.79	4.99	83.44	89.94	0.00	36	0	42	0.00	0.00	64.62	7.47	0.00	0.00	2000
232	10.97	2076	2143	0.00	198	0	0	0	nan	0.01	2.14	3.81	85.05	89.03	0.00	37	0	42	0.00	0.00	66.12	7.78	0.00	0.00	2000
236	11.10	2121	2108	0.00	201	0	0	0	nan	0.00	0.80	4.44	84.11	88.90	0.00	37	0	42	0.00	0.00	66.34	7.30	0.00	0.00	2000
223	10.94	2067	2068	0.00	196	0	0	0	nan	0.00	0.81	5.68	81.37	89.06	0.00	37	0	42	0.00	0.00	64.04	7.29	0.00	0.00	2000
239	11.47	2050	2132	0.00	197	0	0	0	nan	0.00	0.00	5.36	84.62	88.53	0.00	37	0	42	0.00	0.00	69.15	8.04	0.00	0.00	2000
232	11.16	2076	2107	0.00	195	0	0	0	nan	0.00	0.94	5.18	83.13	88.84	0.00	37	0	42	0.00	0.00	63.34	7.83	0.00	0.00	2000
228	11.81	2052	1978	0.00	196	0	0	0	nan	0.00	0.05	4.64	78.55	88.19	0.00	37	0	42	0.00	0.00	64.48	7.16	0.00	0.00	2000
232	10.45	2114	2205	0.00	232	0	0	0	nan	0.00	0.00	6.58	87.47	89.55	0.00	37	0	42	0.00	0.00	69.47	8.19	0.00	0.00	2000
231	11.24	2054	2098	0.00	198	0	0	0	nan	0.00	0.00	4.86	83.84	88.76	0.00	37	0	42	0.00	0.00	65.20	7.54	0.00	0.00	2000
235	11.25	2057	2129	0.00	197	0	0	0	nan	0.00	0.02	4.28	85.76	88.75	0.00	37	0	42	0.00	0.00	65.14	7.52	0.00	0.00	2000
226	10.84	2107	2080	0.00	197	0	0	0	nan	0.00	0.02	3.67	84.70	89.16	0.00	38	0	42	0.00	0.00	66.96	7.76	0.00	0.00	2000
239	12.01	2010	2082	0.00	202	0	0	0	nan	0.00	0.55	2.72	84.05	87.99	0.00	38	0	41	0.00	0.00	65.92	7.57	0.00	0.00	2000
230	10.99	2059	2135	0.00	215	0	0	0	nan	0.00	0.02	5.46	85.12	89.01	0.00	38	0	41	0.00	0.00	64.32	7.33	0.00	0.00	2000
232	11.02	2106	2102	0.00	200	0	0	0	nan	0.00	1.01	4.42	83.71	88.98	0.00	38	0	42	0.00	0.00	65.14	7.54	0.00	0.00	2000
230	11.25	2045	2099	0.00	198	0	0	2	86.65	0.00	0.00	6.94	81.92	88.75	0.00	38	0	42	0.00	0.00	65.04	7.52	0.00	0.00	2000
231	10.93	2112	2098	0.66	197	0	0	16	85.65	0.00	0.46	7.27	81.37	89.07	0.00	38	0	42	0.00	0.00	65.40	7.29	0.00	0.00	2000
236	10.97	2150	2104	0.00	208	0	0	0	nan	0.00	0.00	7.21	82.12	89.03	0.00	38	0	42	0.00	0.00	65.72	7.44	0.00	0.00	2000
231	11.20	2062	2106	0.00	203	0	0	0	nan	0.00	0.00	3.51	85.63	88.80	0.00	39	0	41	0.00	0.00	63.30	7.18	0.00	0.00	2000
231	11.32	2043	2101	0.00	205	0	0	0	nan	0.01	0.00	4.52	84.30	88.68	0.00	40	0	42	0.00	0.00	67.87	7.49	0.00	0.00	2000
230	10.97	2091	2104	0.00	203	0	0	0	nan	0.00	0.00	3.92	85.37	89.03	0.00	40	0	42	0.00	0.00	63.14	7.41	0.00	0.00	2000
225	11.14	2044	2071	0.00	205	0	0	0	nan	0.00	0.00	2.75	85.02	88.86	0.00	40	0	42	0.00	0.00	65.26	7.36	0.00	0.00	2000
232	11.04	2085	2117	0.00	215	0	0	0	nan	0.00	0.00	4.39	85.31	88.96	0.00	40	0	42	0.00	0.00	66.20	7.57	0.00	0.00	2000
230	10.92	2107	2102	0.00	203	0	0	0	nan	0.00	0.00	3.11	86.20	89.08	0.00	40	0	42	0.00	0.00	65.93	7.62	0.00	0.00	2000
233	11.00	2101	2113	0.00	202	0	0	0	nan	0.00	0.00	2.81	86.83	89.00	0.00	40	0	42	0.00	0.00	66.04	7.70	0.00	0.00	2000
231	11.05	2095	2096	0.00	202	0	0	0	nan	0.00	0.00	3.27	85.62	88.95	0.00	40	0	42	0.00	0.00	63.18	7.37	0.00	0.00	2000
231	10.82	2131	2102	0.00	203	0	0	0	nan	0.01	0.00	3.48	85.84	89.18	0.00	40	0	42	0.00	0.00	64.67	7.52	0.00	0.00	2000
231	11.17	2070	2094	0.00	204	0	0	0	nan	0.00	0.00	4.05	84.57	88.83	0.00	40	0	42	0.00	0.00	65.34	7.62	0.00	0.00	2000
223	11.98	2055	1903	0.00	215	0	0	0	nan	0.00	0.01	2.77	77.07	88.02	0.00	40	0	42	0.00	0.00	55.54	6.55	0.00	0.00	2000
239	10.14	2103	2351	0.00	266	0	0	0	nan	0.00	0.00	8.35	92.37	89.86	0.00	38	0	41	0.00	0.00	77.70	8.83	0.00	0.00	2000
237	11.05	2134	2109	0.00	199	0	0	0	nan	0.00	0.00	5.47	83.93	88.95	0.00	38	0	42	0.00	0.00	66.65	7.75	0.00	0.00	2000
233	10.95	2149	2079	0.00	198	0	0	0	nan	0.00	0.02	7.96	80.17	89.05	0.00	39	0	42	0.00	0.00	65.44	7.64	0.00	0.00	2000
231	10.84	2109	2120	0.00	198	0	0	4	79.25	0.00	0.00	8.38	81.69	89.16	0.00	39	0	42	0.00	0.00	66.69	7.76	0.00	0.00	2000
232	11.18	2074	2103	0.92	197	0	0	8	80.66	0.00	0.00	6.04	82.90	88.82	0.00	39	0	41	0.00	0.00	65.00	7.42	0.00	0.00	2000
232	11.34	2048	2101	0.00	182	0	0	0	nan	0.00	0.00	8.06	80.75	88.66	0.00	40	0	41	0.00	0.00	66.19	7.70	0.00	0.00	2000
231	11.28	2049	2099	0.00	201	0	0	0	nan	0.00	0.00	6.15	82.60	88.72	0.00	40	0	42	0.00	0.00	65.46	7.60	0.00	0.00	2000
232	11.08	2095	2099	0.00	197	0	0	0	nan	0.00	0.00	6.61	82.32	88.92	0.00	40	0	42	0.00	0.00	64.20	7.46	0.00	0.00	2000
232	11.10	2101	2084	0.00	205	0	0	0	nan	0.00	0.01	5.18	83.16	88.90	0.00	40	0	42	0.00	0.00	65.41	7.68	0.00	0.00	2000
230	11.12	2048	2119	0.00	196	0	0	0	nan	0.00	0.00	8.61	81.18	88.88	0.00	40	0	42	0.00	0.00	64.54	7.64	0.00	0.00	2000
230	10.99	2098	2095	0.00	179	0	0	0	nan	0.00	0.00	6.90	81.90	89.01	0.00	40	0	42	0.00	0.00	65.67	7.61	0.00	0.00	2000
229	11.29	2059	2069	0.00	197	0	0	0	nan	0.00	0.00	6.20	81.28	88.71	0.00	40	0	42	0.00	0.00	63.96	7.49	0.00	0.00	2000
235	11.45	2015	2137	0.00	214	0	0	0	nan	0.00	0.00	8.17	82.00	88.55	0.00	40	0	42	0.00	0.00	69.67	8.16	0.00	0.00	2000
232	10.95	2121	2101	0.00	187	0	0	0	nan	0.00	0.10	4.11	85.03	89.05	0.00	40	0	42	0.00	0.00	64.65	7.55	0.00	0.00	2000
230	11.10	2082	2095	0.00	195	0	0	0	nan	0.00	0.03	6.12	82.66	88.90	0.00	40	0	42	0.00	0.00	62.83	7.55	0.00	0.00	2000
227	11.37	2068	2032	0.00	196	0	0	0	nan	0.00	0.00	6.60	79.28	88.63	0.00	40	0	42	0.00	0.00	64.31	7.53	0.00	0.00	2000
233	11.11	2023	2176	0.00	212	0	0	0	nan	0.00	0.01	7.43	84.80	88.89	0.00	40	0	42	0.00	0.00	68.86	8.02	0.00	0.00	2000
231	11.11	2075	2104	0.00	182	0	0	0	nan	0.00	0.00	6.95	82.12	88.89	0.00	40	0	42	0.00	0.00	64.73	7.55	0.00	0.00	2000
234	11.06	2121	2096	0.00	201	0	0	0	nan	0.00	0.00	6.41	82.42	88.94	0.00	40	0	42	0.00	0.00	62.64	7.42	0.00	0.00	2000
231	11.25	2050	2102	0.00	195	0	0	0	nan	0.04	0.00	7.06	81.92	88.75	0.00	40	0	42	0.00	0.00	66.57	7.83	0.00	0.00	2000
231	11.20	2062	2099	0.00	198	0	0	0	nan	0.00	0.00	5.81	83.05	88.80	0.00	40	0	42	0.00	0.00	66.13	7.73	0.00	0.00	2000
230	11.04	2085	2098	0.86	181	0	0	10	80.84	0.00	0.00	6.85	82.12	88.96	0.00	40	0	42	0.00	0.00	63.43	7.48	0.00	0.00	2000
231	11.22	2083	2076	0.18	195	0	0	0	nan	0.00	0.03	6.52	81.37	88.78	0.00	40	0	42	0.00	0.00	64.01	7.36	0.00	0.00	2000
233	11.30	2032	2128	0.00	215	0	0	0	nan	0.00	0.00	8.41	81.56	88.70	0.00	40	0	41	0.00	0.00	67.30	8.10	0.00	0.00	2000
232	10.96	2120	2101	0.00	184	0	0	0	nan	0.00	0.03	7.53	81.66	89.04	0.00	40	0	42	0.00	0.00	63.86	7.48	0.00	0.00	2000
228	11.14	2111	2038	0.00	195	0	0	0	nan	0.00	0.02	6.14	80.11	88.86	0.00	40	0	41	0.00	0.00	64.83	7.70	0.00	0.00	2000
232	11.23	2006	2166	0.00	214	0	0	0	nan	0.05	0.08	8.19	83.45	88.77	0.00	40	0	42	0.00	0.00	66.41	7.97	0.00	0.00	2000
231	10.95	2111	2096	0.00	180	0	0	0	nan	0.00	0.10	3.64	85.25	89.05	0.00	40	0	42	0.00	0.00	65.95	7.77	0.00	0.00	2000
230	11.10	2072	2105	0.00	194	0	0	0	nan	0.00	0.07	3.88	85.27	88.90	0.00	40	0	42	0.00	0.00	63.04	7.58	0.00	0.00	2000
233	11.39	2045	2099	0.00	199	0	0	0	nan	0.01	2.04	7.21	79.50	88.61	0.00	40	0	42	0.00	0.00	66.14	7.81	0.00	0.00	2000
231	10.93	2117	2099	0.00	196	0	0	0	nan	0.00	0.50	7.50	81.11	89.07	0.00	40	0	42	0.00	0.00	65.73	7.86	0.00	0.00	2000
228	11.31	2084	2028	0.00	196	0	0	0	nan	0.02	1.34	7.06	77.39	88.69	0.00	40	0	42	0.00	0.00	63.87	7.69	0.00	0.00	2000
239	11.14	2065	2181	0.00	216	0	0	0	nan	0.00	0.00	6.25	86.20	88.86	0.00	40	0	42	0.00	0.00	67.20	7.82	0.00	0.00	2000
230	11.10	2071	2101	0.00	179	0	0	0	nan	0.00	0.02	7.08	81.96	88.90	0.00	40	0	41	0.00	0.00	64.06	7.54	0.00	0.00	2000
233	11.18	2088	2099	0.00	195	0	0	0	nan	0.00	0.02	6.74	82.13	88.82	0.00	40	0	42	0.00	0.00	65.90	7.79	0.00	0.00	2000
230	11.10	2079	2097	0.00	200	0	0	0	nan	0.00	0.00	7.45	81.41	88.90	0.00	40	0	41	0.00	0.00	65.54	7.78	0.00	0.00	2000
231	11.17	2063	2102	0.00	196	0	0	0	nan	0.00	0.02	7.68	81.35	88.83	0.00	40	0	42	0.00	0.00	63.58	7.60	0.00	0.00	2000
229	11.14	2060	2096	0.00	179	0	0	0	nan	0.00	0.00	6.55	82.27	88.86	0.00	40	0	42	0.00	0.00	65.86	7.72	0.00	0.00	2000
230	11.46	2045	2059	0.49	196	0	0	10	79.24	0.00	0.02	5.60	81.30	88.54	0.00	40	0	42	0.00	0.00	63.50	7.41	0.00	0.00	2000
234	11.19	2048	2146	0.51	213	0	0	0	86.92	0.00	0.00	8.40	82.53	88.81	0.00	40	0	42	0.00	0.00	66.17	7.81	0.00	0.00	2000
231	11.35	2033	2100	0.00	185	0	0	0	nan	0.00	0.02	5.75	82.97	88.65	0.00	40	0	42	0.00	0.00	63.19	7.52	0.00	0.00	2000
231	11.17	2070	2099	0.00	196	0	0	0	nan	0.00	2.00	4.61	82.37	88.83	0.00	41	0	41	0.00	0.00	65.82	7.72	0.00	0.00	2000
228	11.36	2068	2040	0.00	198	0	0	0	nan	0.01	0.01	3.31	83.01	88.64	0.00	40	0	42	0.00	0.00	64.40	7.52	0.00	0.00	2000
230	11.18	1998	2164	0.00	215	0	0	0	nan	0.01	0.00	7.06	84.70	88.82	0.00	40	0	42	0.00	0.00	65.84	7.69	0.00	0.00	2000
230	11.23	2058	2090	0.00	179	0	0	0	nan	0.01	0.00	7.11	81.38	88.77	0.00	40	0	42	0.00	0.00	64.49	7.61	0.00	0.00	2000
233	11.15	2075	2117	0.00	199	0	0	0	nan	0.01	0.03	7.19	82.45	88.85	0.00	41	0	42	0.00	0.00	65.00	7.59	0.00	0.00	2000
230	11.16	2068	2096	0.00	195	0	0	0	nan	0.00	0.00	6.80	82.03	88.84	0.00	40	0	42	0.00	0.00	66.33	7.83	0.00	0.00	2000
231	11.06	2090	2099	0.00	199	0	0	0	nan	0.00	0.02	6.99	82.03	88.94	0.00	41	0	42	0.00	0.00	62.79	7.40	0.00	0.00	2000
232	11.32	2055	2092	0.00	200	0	0	0	nan	0.00	0.00	5.60	82.88	88.68	0.00	40	0	42	0.00	0.00	66.31	7.80	0.00	0.00	2000
229	11.01	2090	2091	0.00	198	0	0	0	nan	0.00	0.00	5.59	83.13	88.99	0.00	40	0	42	0.00	0.00	65.02	7.72	0.00	0.00	2000
234	11.20	2072	2118	0.00	196	0	0	0	nan	0.06	0.00	8.78	80.89	88.80	0.00	40	0	42	0.00	0.00	63.20	7.32	0.00	0.00	2000
229	11.30	2056	2068	0.00	184	0	0	0	nan	0.00	0.02	7.68	79.79	88.70	0.00	40	0	42	0.00	0.00	66.79	7.91	0.00	0.00	2000
231	11.22	2026	2131	0.00	212	0	0	0	nan	0.00	0.00	9.11	81.11	88.78	0.00	40	0	42	0.00	0.00	63.83	7.40	0.00	0.00	2000
229	11.25	2041	2095	0.00	181	0	0	0	nan	0.00	0.00	6.51	82.13	88.75	0.00	40	0	42	0.00	0.00	66.15	7.75	0.00	0.00	2000
230	11.36	2060	2065	0.00	199	0	0	0	nan	0.00	0.00	5.34	81.92	88.64	0.00	40	0	42	0.00	0.00	66.37	7.69	0.00	0.00	2000
233	11.03	2069	2141	0.11	212	0	0	7	78.39	0.00	0.00	8.73	82.13	88.97	0.00	40	0	42	0.00	0.00	63.43	7.29	0.00	0.00	2000
231	10.75	2150	2102	0.87	187	0	0	5	84.61	0.00	1.10	5.99	82.44	89.25	0.00	40	0	42	0.00	0.00	68.07	7.61	0.00	0.00	2000
231	11.03	2088	2102	0.00	198	0	0	0	nan	0.00	0.00	6.26	82.89	88.97	0.00	40	0	42	0.00	0.00	66.31	7.67	0.00	0.00	2000
230	11.23	2048	2101	0.00	194	0	0	0	nan	0.00	0.00	6.80	82.11	88.77	0.00	40	0	42	0.00	0.00	63.14	7.45	0.00	0.00	2000
227	11.13	2121	2017	0.00	198	0	0	0	nan	0.00	0.00	6.98	78.44	88.87	0.00	41	0	42	0.00	0.00	63.99	7.26	0.00	0.00	2000
234	11.06	2034	2187	0.00	214	0	0	0	nan	0.02	1.47	8.93	82.41	88.94	0.00	40	0	41	0.00	0.00	66.05	7.72	0.00	0.00	2000
234	11.40	2054	2099	0.00	185	0	0	0	nan	0.07	1.45	8.38	78.90	88.60	0.00	40	0	41	0.00	0.00	66.58	7.59	0.00	0.00	2000
232	11.11	2085	2105	0.00	197	0	0	0	nan	0.00	0.00	7.72	81.45	88.89	0.00	40	0	42	0.00	0.00	66.77	7.77	0.00	0.00	2000
231	11.05	2099	2094	0.00	196	0	0	0	nan	0.00	0.00	5.70	83.12	88.95	0.00	40	0	42	0.00	0.00	63.45	7.18	0.00	0.00	2000
230	11.26	2042	2104	0.00	197	0	0	0	nan	0.00	0.02	7.82	81.20	88.74	0.00	40	0	42	0.00	0.00	63.21	7.51	0.00	0.00	2000
230	11.16	2067	2097	0.00	181	0	0	0	nan	0.00	0.00	6.38	82.54	88.84	0.00	40	0	42	0.00	0.00	65.87	7.71	0.00	0.00	2000
233	11.28	2071	2098	0.00	196	0	0	0	nan	0.00	0.00	6.98	81.71	88.72	0.00	40	0	42	0.00	0.00	66.44	7.62	0.00	0.00	2000
229	11.30	2082	2045	0.00	204	0	0	0	nan	0.00	0.01	7.54	78.97	88.70	0.00	40	0	42	0.00	0.00	65.78	7.62	0.00	0.00	2000
243	11.45	2060	2159	0.00	211	0	0	0	nan	0.00	0.02	9.18	81.99	88.55	0.00	40	0	41	0.00	0.00	63.25	7.39	0.00	0.00	2000
231	10.92	2112	2100	0.00	183	0	0	0	nan	0.00	0.00	6.19	82.97	89.08	0.00	40	0	41	0.00	0.00	66.79	7.93	0.00	0.00	2000
232	11.05	2095	2102	0.00	199	0	0	0	nan	0.01	0.07	3.80	85.30	88.95	0.00	40	0	42	0.00	0.00	66.41	7.91	0.00	0.00	2000
231	11.08	2082	2100	0.00	195	0	0	0	nan	0.00	0.04	2.82	86.14	88.92	0.00	40	0	41	0.00	0.00	63.16	7.40	0.00	0.00	2000
235	11.15	2109	2100	0.00	199	0	0	2	79.88	0.00	0.02	6.51	82.38	88.85	0.00	41	0	42	0.00	0.00	63.86	7.54	0.00	0.00	2000
232	10.97	2157	2059	0.94	183	0	0	10	80.81	0.00	0.92	7.83	78.77	89.03	0.00	41	0	41	0.00	0.00	65.11	7.55	0.00	0.00	2000
232	10.57	2151	2144	0.00	211	0	0	0	nan	0.00	1.02	10.42	79.95	89.43	0.00	40	0	42	0.00	0.00	67.40	7.79	0.00	0.00	2000
231	11.00	2100	2102	0.00	181	0	0	0	nan	0.00	0.02	5.59	83.62	89.00	0.00	40	0	42	0.00	0.00	66.87	7.88	0.00	0.00	2000
229	11.21	2100	2040	0.00	198	0	0	0	nan	0.00	0.00	7.15	79.22	88.79	0.00	40	0	42	0.00	0.00	59.96	7.28	0.00	0.00	2000
232	11.28	2025	2137	0.00	213	0	0	0	nan	0.00	0.00	6.44	84.03	88.72	0.00	41	0	41	0.00	0.00	69.01	8.92	0.00	0.00	2000
231	10.81	2136	2100	0.00	202	0	0	0	nan	0.00	1.00	8.24	80.06	89.19	0.00	41	0	42	0.00	0.00	67.56	8.70	0.00	0.00	2000
229	11.16	2055	2094	0.00	195	0	0	0	nan	0.00	0.00	8.36	80.37	88.84	0.00	41	0	41	0.00	0.00	66.66	8.73	0.00	0.00	2000
229	11.00	2061	2117	0.00	194	0	0	0	nan	0.00	0.00	8.64	81.19	89.00	0.00	41	0	41	0.00	0.00	66.45	8.80	0.00	0.00	2000
228	11.10	2058	2096	0.00	197	0	0	0	nan	0.00	0.00	7.30	81.55	88.91	0.00	41	0	41	0.00	0.00	66.42	8.86	0.00	0.00	2000
231	11.11	2084	2100	0.00	196	0	0	0	nan	0.00	0.00	7.12	81.87	88.89	0.00	41	0	42	0.00	0.00	66.63	8.86	0.00	0.00	2000
230	11.03	2089	2095	0.00	202	0	0	0	nan	0.00	0.00	8.48	80.39	88.97	0.00	41	0	41	0.00	0.00	66.68	8.88	0.00	0.00	2000
229	11.00	2088	2097	0.00	197	0	0	0	nan	0.00	0.58	5.98	82.38	89.00	0.00	41	0	41	0.00	0.00	66.41	8.68	0.00	0.00	2000
229	10.71	2134	2103	0.00	198	0	0	0	nan	0.00	0.02	4.97	84.54	89.29	0.00	41	0	42	0.00	0.00	67.18	8.71	0.00	0.00	2000
229	11.03	2074	2102	0.00	197	0	0	0	nan	0.00	0.00	8.08	81.05	88.97	0.00	41	0	42	0.00	0.00	66.03	8.59	0.00	0.00	2000
232	11.06	2111	2088	0.00	196	0	0	0	nan	0.00	0.00	8.51	79.92	88.94	0.00	41	0	42	0.00	0.00	66.54	8.61	0.00	0.00	2000
231	10.49	2196	2105	0.00	202	0	0	0	nan	0.00	2.05	11.16	76.67	89.51	0.00	41	0	42	0.00	0.00	68.78	8.48	0.00	0.00	2000
229	11.03	2069	2109	0.00	195	0	0	0	nan	0.00	0.00	9.48	80.02	88.97	0.00	41	0	42	0.00	0.00	66.60	8.59	0.00	0.00	2000
230	11.07	2086	2093	1.44	196	0	0	48	2.77	0.00	0.00	10.08	78.56	88.93	0.00	41	0	42	0.00	0.00	66.41	8.89	0.00	0.00	2000
228	11.02	2057	2109	0.23	196	0	0	0	nan	0.00	0.00	7.03	82.46	88.98	0.00	41	0	42	0.00	0.00	67.17	8.80	0.00	0.00	2000
229	11.21	2043	2101	0.00	197	0	0	0	nan	0.00	0.00	6.08	82.89	88.79	0.00	41	0	41	0.00	0.00	66.23	8.69	0.00	0.00	2000
232	11.16	2082	2094	0.00	200	0	0	0	nan	0.02	1.29	9.02	78.42	88.84	0.00	41	0	41	0.00	0.00	66.75	8.79	0.00	0.00	2000
229	11.11	2051	2109	0.00	198	0	0	0	nan	0.00	0.00	9.29	80.10	88.89	0.00	41	0	42	0.00	0.00	66.32	8.74	0.00	0.00	2000
229	11.04	2075	2096	0.00	195	0	0	0	nan	0.00	0.00	6.74	82.15	88.96	0.00	41	0	42	0.00	0.00	64.22	8.33	0.00	0.00	2000
230	11.08	2084	2091	0.00	198	0	0	0	nan	0.00	0.08	9.73	78.85	88.92	0.00	41	0	42	0.00	0.00	69.40	8.97	0.00	0.00	2000
228	11.02	2060	2106	0.00	195	0	0	0	nan	0.00	0.00	7.96	81.40	88.98	0.00	41	0	42	0.00	0.00	63.88	8.32	0.00	0.00	2000
232	10.96	2125	2096	0.00	199	0	0	0	nan	0.00	0.08	6.16	82.68	89.04	0.00	41	0	41	0.00	0.00	69.44	9.07	0.00	0.00	2000
230	10.88	2107	2104	0.00	198	0	0	0	nan	0.00	0.04	4.23	85.21	89.12	0.00	41	0	42	0.00	0.00	66.65	8.72	0.00	0.00	2000
230	11.22	2042	2105	0.00	199	0	0	0	nan	0.00	0.00	6.89	82.21	88.78	0.00	41	0	42	0.00	0.00	66.49	8.61	0.00	0.00	2000
229	11.08	2080	2083	0.00	195	0	0	0	nan	0.00	0.44	7.56	80.30	88.92	0.00	41	0	42	0.00	0.00	64.08	8.39	0.00	0.00	2000
230	10.87	2086	2128	0.00	197	0	0	0	nan	0.00	0.00	8.43	81.94	89.13	0.00	41	0	42	0.00	0.00	70.12	9.01	0.00	0.00	2000
231	11.41	2047	2075	0.00	197	0	0	0	nan	0.00	0.02	7.07	80.56	88.59	0.00	41	0	41	0.00	0.00	63.92	8.59	0.00	0.00	2000
231	11.12	2067	2108	0.00	217	0	0	0	nan	0.00	0.00	8.49	80.78	88.88	0.00	41	0	42	0.00	0.00	67.20	8.89	0.00	0.00	2000
228	11.12	2046	2103	0.00	197	0	0	0	nan	0.00	0.00	7.32	81.80	88.88	0.00	41	0	41	0.00	0.00	66.56	8.90	0.00	0.00	2000
233	11.21	2089	2092	0.00	200	0	0	0	nan	0.00	0.00	8.79	79.65	88.79	0.00	41	0	42	0.00	0.00	67.06	8.66	0.00	0.00	2000
228	10.96	2085	2097	1.04	195	0	0	48	3.12	0.00	0.00	8.94	80.10	89.04	0.00	41	0	41	0.00	0.00	67.38	8.66	0.00	0.00	2000
233	11.08	2077	2126	0.62	198	0	0	0	nan	0.00	0.00	8.61	81.49	88.92	0.00	41	0	41	0.00	0.00	67.09	8.59	0.00	0.00	2000
228	11.20	2067	2070	0.00	199	0	0	0	nan	0.00	0.01	8.32	79.34	88.80	0.00	41	0	41	0.00	0.00	66.83	8.72	0.00	0.00	2000
230	10.90	2096	2113	0.00	199	0	0	0	nan	0.00	0.00	8.14	81.63	89.10	0.00	41	0	41	0.00	0.00	67.17	8.73	0.00	0.00	2000
229	11.16	2053	2102	0.00	196	0	0	0	nan	0.00	0.00	8.09	80.96	88.84	0.00	41	0	42	0.00	0.00	66.56	8.70	0.00	0.00	2000
231	11.14	2070	2102	0.00	196	0	0	0	nan	0.06	0.00	8.68	80.30	88.86	0.00	41	0	42	0.00	0.00	66.90	8.93	0.00	0.00	2000
230	11.11	2079	2093	0.00	196	0	0	0	nan	0.00	2.16	4.77	81.81	88.89	0.00	41	0	42	0.00	0.00	66.91	8.61	0.00	0.00	2000
231	10.44	2207	2102	0.00	201	0	0	0	nan	0.00	2.10	5.75	81.98	89.56	0.00	41	0	41	0.00	0.00	68.22	8.80	0.00	0.00	2000
228	11.07	2070	2089	0.00	197	0	0	0	nan	0.00	0.00	8.50	80.02	88.93	0.00	41	0	42	0.00	0.00	66.90	8.58	0.00	0.00	2000
242	11.56	2085	2109	0.00	214	0	0	0	nan	0.00	0.00	12.75	76.17	88.44	0.00	41	0	41	0.00	0.00	66.96	8.86	0.00	0.00	2000
228	11.11	2048	2103	0.00	195	0	0	0	nan	0.00	0.03	8.87	80.22	88.89	0.00	41	0	41	0.00	0.00	66.30	8.65	0.00	0.00	2000
230	11.25	2059	2090	0.00	194	0	0	0	nan	0.02	0.87	8.99	78.67	88.75	0.00	41	0	41	0.00	0.00	66.74	8.45	0.00	0.00	2000
230	11.30	2022	2111	0.00	202	0	0	0	nan	0.00	0.00	8.04	81.31	88.70	0.00	41	0	42	0.00	0.00	66.76	8.68	0.00	0.00	2000
229	11.41	2006	2101	0.00	196	0	0	0	nan	0.00	0.00	8.16	80.68	88.59	0.00	41	0	42	0.00	0.00	66.40	8.65	0.00	0.00	2000
227	11.38	2015	2083	0.00	196	0	0	0	nan	0.00	0.00	8.58	79.50	88.62	0.00	41	0	41	0.00	0.00	66.18	8.85	0.00	0.00	2000
231	10.99	2079	2121	0.00	195	0	0	0	nan	0.04	0.00	9.21	80.89	89.01	0.00	41	0	42	0.00	0.00	66.68	8.83	0.00	0.00	2000
231	11.23	2044	2111	0.00	196	0	0	0	nan	0.00	0.00	7.32	82.07	88.77	0.00	41	0	42	0.00	0.00	67.89	8.68	0.00	0.00	2000
232	11.34	2045	2098	0.46	185	0	0	2	82.28	0.00	0.02	7.11	81.61	88.66	0.00	40	0	42	0.00	0.00	64.54	7.41	0.00	0.00	2000
229	11.37	2011	2100	0.81	197	0	0	1	92.04	0.04	0.02	6.99	81.83	88.63	0.00	40	0	42	0.00	0.00	62.42	7.18	0.00	0.00	2000
230	11.19	2047	2108	0.00	196	0	0	0	nan	0.00	0.05	7.98	81.25	88.81	0.00	41	0	42	0.00	0.00	65.87	7.53	0.00	0.00	2000
225	11.26	2064	2029	0.00	197	0	0	0	nan	0.00	0.06	4.04	81.78	88.74	0.00	40	0	42	0.00	0.00	63.74	7.47	0.00	0.00	2000
232	11.11	2036	2154	0.00	215	0	0	0	nan	0.00	0.07	3.82	87.45	88.89	0.00	40	0	42	0.00	0.00	64.47	7.51	0.00	0.00	2000
231	11.32	2053	2092	0.00	199	0	0	0	nan	0.00	0.02	6.87	81.58	88.68	0.00	40	0	41	0.00	0.00	64.76	7.49	0.00	0.00	2000
231	10.67	2155	2106	0.00	197	0	0	0	nan	0.00	1.92	9.87	77.97	89.33	0.00	40	0	41	0.00	0.00	65.68	7.66	0.00	0.00	2000
230	11.21	2057	2099	0.00	197	0	0	0	nan	0.02	1.45	8.60	78.82	88.79	0.00	40	0	42	0.00	0.00	64.98	7.51	0.00	0.00	2000
223	11.15	2034	2069	0.00	199	0	0	0	nan	0.00	0.02	6.74	80.79	88.85	0.00	38	0	42	0.00	0.00	60.38	7.25	0.00	0.00	2000
146	8.56	1707	2102	0.00	217	0	0	0	nan	0.00	0.00	7.82	83.70	91.44	0.00	37	0	42	0.00	0.00	66.08	8.00	0.00	0.00	2000
106	7.89	1321	2131	0.00	223	0	0	0	nan	0.00	0.11	8.10	85.30	92.11	0.00	37	0	42	0.00	0.00	61.12	7.53	0.00	0.00	2000
78	7.17	1084	2118	0.00	193	0	0	0	nan	0.00	0.00	5.51	88.19	92.83	0.00	37	0	42	0.00	0.00	56.95	7.19	0.00	0.00	2000
