Avg_MHz	Busy%	Bzy_MHz	TSC_MHz	IPC	IRQ	NMI	SMI	LLCMRPS	LLC%hit	POLL%	C1%	C1E%	C6%	CPU%c1	CPU%c6	CoreTmp	CoreThr	PkgTmp	Pkg%pc2	Pkg%pc6	PkgWatt	RAMWatt	PKG_%	RAM_%	UncMHz
317	15.97	1936	2152	0.00	229	0	0	0	nan	0.00	0.40	36.50	49.17	84.03	0.00	37	0	42	0.00	0.00	66.56	7.65	0.00	0.00	2000
317	15.18	2100	2090	0.00	211	0	0	0	nan	0.04	1.11	22.83	60.64	84.82	0.00	37	0	42	0.00	0.00	69.03	7.86	0.00	0.00	2000
78	6.92	1110	2132	0.00	212	0	0	0	nan	0.00	0.02	5.46	89.05	93.08	0.00	37	0	42	0.00	0.00	58.63	7.44	0.00	0.00	2000
73	6.40	1137	2096	0.00	177	0	0	0	nan	0.00	0.02	3.61	89.78	93.60	0.00	37	0	42	0.00	0.00	59.69	7.39	0.00	0.00	2000
74	6.58	1116	2120	0.00	195	0	0	0	nan	0.00	0.01	2.98	91.33	93.42	0.00	37	0	42	0.00	0.00	60.44	7.54	0.00	0.00	2000
71	6.64	1088	2072	0.00	194	0	0	0	nan	0.00	0.02	3.28	89.02	93.36	0.00	37	0	42	0.00	0.00	58.36	7.37	0.00	0.00	2000
73	6.67	1087	2117	0.00	194	0	0	0	nan	0.00	0.00	2.89	91.34	93.33	0.00	37	0	42	0.00	0.00	59.23	7.59	0.00	0.00	2000
73	6.38	1138	2110	0.00	193	0	0	0	nan	0.00	0.01	2.98	91.03	93.62	0.00	37	0	42	0.00	0.00	61.06	7.67	0.00	0.00	2000
72	6.45	1130	2066	0.00	193	0	0	0	nan	0.00	0.02	2.76	89.24	93.55	0.00	37	0	42	0.00	0.00	54.66	6.93	0.00	0.00	2000
71	6.80	1044	2114	0.00	194	0	0	0	nan	0.00	0.02	2.53	91.29	93.20	0.00	37	0	42	0.00	0.00	61.48	7.95	0.00	0.00	2000
77	6.90	1110	2107	0.00	195	0	0	0	nan	0.00	0.00	3.56	89.96	93.10	0.00	37	0	42	0.00	0.00	59.50	7.46	0.00	0.00	2000
75	6.52	1157	2080	0.00	196	0	0	0	nan	0.00	0.00	3.03	89.67	93.48	0.00	37	0	42	0.00	0.00	56.27	7.15	0.00	0.00	2000
73	6.57	1104	2122	0.00	194	0	0	0	nan	0.00	0.02	2.69	91.69	93.43	0.00	37	0	42	0.00	0.00	62.53	7.45	0.00	0.00	2000
73	6.60	1102	2110	0.00	194	0	0	0	nan	0.00	0.00	3.08	90.78	93.40	0.00	37	0	42	0.00	0.00	57.86	7.17	0.00	0.00	2000
73	6.78	1077	2096	0.00	193	0	0	0	nan	0.01	0.00	3.15	90.06	93.22	0.00	37	0	42	0.00	0.00	58.89	7.27	0.00	0.00	2000
71	6.57	1077	2095	0.00	195	0	0	0	nan	0.00	0.00	3.14	90.16	93.43	0.00	37	0	42	0.00	0.00	56.91	7.25	0.00	0.00	2000
73	6.58	1109	2103	0.30	193	0	0	1	80.39	0.00	0.00	3.28	90.28	93.42	0.00	37	0	43	0.00	0.00	62.32	7.40	0.00	0.00	2000
71	6.75	1067	2075	0.17	193	0	0	0	nan	0.00	0.02	3.27	88.89	93.25	0.00	37	0	42	0.00	0.00	57.78	7.70	0.00	0.00	2000
173	9.62	1797	2104	0.00	204	0	0	0	nan	0.01	0.79	5.31	84.56	90.38	0.00	37	0	42	0.00	0.00	62.30	7.55	0.00	0.00	2000
235	11.01	2121	2113	0.00	197	0	0	0	nan	0.00	0.02	4.06	85.59	88.99	0.00	37	0	43	0.00	0.00	65.78	7.46	0.00	0.00	2000
235	11.11	2104	2112	0.00	195	0	0	0	nan	0.00	0.02	5.79	83.68	88.89	0.00	38	0	42	0.00	0.00	63.80	7.17	0.00	0.00	2000
229	11.18	2086	2063	0.00	205	0	0	0	nan	0.00	0.02	5.24	82.12	88.82	0.00	37	0	43	0.00	0.00	64.14	7.50	0.00	0.00	2000
229	11.49	2041	2047	0.00	199	0	0	0	nan	0.00	0.00	6.55	79.89	88.51	0.00	37	0	42	0.00	0.00	62.63	7.01	0.00	0.00	2000
234	10.82	2079	2179	0.00	211	0	0	0	nan	0.00	0.00	5.66	86.98	89.18	0.00	37	0	42	0.00	0.00	69.61	8.17	0.00	0.00	2000
224	10.99	2067	2070	0.00	198	0	0	0	nan	0.00	0.00	4.85	82.99	89.01	0.00	38	0	42	0.00	0.00	60.10	7.16	0.00	0.00	2000
234	11.08	2067	2145	0.00	248	0	0	0	nan	0.00	0.00	6.64	84.29	88.92	0.00	38	0	42	0.00	0.00	75.07	8.85	0.00	0.00	2000
232	11.03	2106	2102	0.00	197	0	0	0	nan	0.00	0.00	5.98	83.10	88.98	0.00	39	0	42	0.00	0.00	65.30	7.65	0.00	0.00	2000
230	10.73	2144	2103	0.00	183	0	0	0	nan	0.00	0.01	5.20	84.14	89.27	0.00	39	0	42	0.00	0.00	63.61	7.24	0.00	0.00	2000
232	11.04	2096	2107	0.00	196	0	0	0	nan	0.00	0.00	4.98	84.29	88.96	0.00	39	0	42	0.00	0.00	63.96	7.24	0.00	0.00	2000
233	10.91	2138	2095	0.00	198	0	0	0	nan	0.00	0.00	4.78	84.22	89.09	0.00	39	0	42	0.00	0.00	63.94	7.38	0.00	0.00	2000
230	11.07	2072	2104	0.00	200	0	0	0	nan	0.00	0.03	6.25	82.97	88.93	0.00	39	0	43	0.00	0.00	66.00	7.29	0.00	0.00	2000
227	10.71	2127	2093	0.00	199	0	0	0	nan	0.00	0.99	4.21	83.88	89.29	0.00	39	0	42	0.00	0.00	63.83	7.44	0.00	0.00	2000
225	10.78	2122	2070	0.00	198	0	0	1	92.11	0.00	0.56	2.99	84.47	89.22	0.00	39	0	42	0.00	0.00	66.08	7.60	0.00	0.00	2000
229	11.34	2014	2108	0.64	194	0	0	20	93.17	0.00	0.00	4.38	84.70	88.66	0.00	40	0	42	0.00	0.00	64.89	7.27	0.00	0.00	2000
236	11.47	2043	2114	0.00	216	0	0	0	nan	0.00	0.03	6.15	83.06	88.53	0.00	39	0	42	0.00	0.00	65.35	7.51	0.00	0.00	2000
234	10.84	2145	2116	0.00	199	0	0	0	nan	0.02	1.37	6.11	82.49	89.16	0.00	40	0	42	0.00	0.00	66.95	7.78	0.00	0.00	2000
230	11.23	2050	2097	0.00	196	0	0	0	nan	0.00	0.00	7.78	80.94	88.77	0.00	40	0	42	0.00	0.00	64.75	7.40	0.00	0.00	2000
224	11.07	2047	2076	0.00	198	0	0	0	nan	0.00	0.02	5.33	82.72	88.93	0.00	40	0	42	0.00	0.00	62.23	7.09	0.00	0.00	2000
230	11.25	2052	2090	0.00	197	0	0	0	nan	0.00	0.00	5.27	83.05	88.75	0.00	40	0	42	0.00	0.00	62.25	7.01	0.00	0.00	2000
228	10.99	2084	2095	0.00	221	0	0	0	nan	0.00	0.00	4.40	84.50	89.02	0.00	39	0	42	0.00	0.00	64.32	7.34	0.00	0.00	2000
229	10.98	2078	2106	0.00	230	0	0	0	nan	0.00	0.00	5.47	83.89	89.02	0.00	40	0	42	0.00	0.00	68.18	7.72	0.00	0.00	2000
233	11.16	2086	2097	0.00	203	0	0	0	nan	0.00	0.01	5.30	83.48	88.84	0.00	38	0	42	0.00	0.00	66.40	7.64	0.00	0.00	2000
232	11.41	2014	2124	0.00	259	0	0	0	nan	0.00	0.00	5.00	84.75	88.59	0.00	40	0	42	0.00	0.00	66.58	7.58	0.00	0.00	2000
230	10.88	2113	2099	0.00	204	0	0	0	nan	0.01	0.00	3.91	85.25	89.12	0.00	40	0	42	0.00	0.00	66.14	7.36	0.00	0.00	2000
229	11.34	2023	2098	0.00	202	0	0	0	nan	0.00	0.00	4.68	84.04	88.66	0.00	41	0	42	0.00	0.00	64.56	7.28	0.00	0.00	2000
231	11.25	2042	2111	0.00	203	0	0	0	nan	0.01	0.00	3.27	86.05	88.75	0.00	40	0	42	0.00	0.00	65.60	7.40	0.00	0.00	2000
235	11.11	2103	2110	0.00	202	0	0	0	nan	0.00	0.00	2.98	86.32	88.89	0.00	41	0	43	0.00	0.00	66.55	7.62	0.00	0.00	2000
230	11.02	2112	2075	0.00	213	0	0	0	nan	0.00	0.02	3.78	84.24	88.98	0.00	40	0	42	0.00	0.00	61.85	7.15	0.00	0.00	2000
232	11.38	2020	2122	0.00	217	0	0	0	nan	0.00	0.00	4.23	85.50	88.62	0.00	41	0	42	0.00	0.00	69.49	8.04	0.00	0.00	2000
227	11.28	2023	2088	0.27	204	0	0	13	79.14	0.00	0.00	3.42	84.91	88.72	0.00	41	0	42	0.00	0.00	64.15	7.48	0.00	0.00	2000
231	12.35	2035	1933	0.30	206	0	0	6	86.40	0.00	0.05	2.75	77.96	87.65	0.00	40	0	42	0.00	0.00	57.52	6.65	0.00	0.00	2000
230	12.09	2139	1866	0.00	254	0	0	0	nan	0.03	0.00	8.88	69.36	87.91	0.00	38	0	42	0.00	0.00	59.32	6.69	0.00	0.00	2000
365	13.66	2261	2480	0.00	303	0	0	0	nan	0.00	1.21	10.92	90.00	86.34	0.00	38	0	42	0.00	0.00	81.00	8.79	0.00	0.00	2000
234	10.99	2047	2186	0.00	218	0	0	0	nan	0.00	0.03	4.65	88.06	89.01	0.00	38	0	42	0.00	0.00	68.44	7.74	0.00	0.00	2000
233	11.17	2065	2117	0.00	194	0	0	0	nan	0.00	0.07	3.47	86.08	88.83	0.00	38	0	42	0.00	0.00	65.15	7.48	0.00	0.00	2000
227	11.07	2056	2097	0.00	199	0	0	0	nan	0.00	0.00	2.91	85.97	88.93	0.00	39	0	42	0.00	0.00	64.79	7.35	0.00	0.00	2000
230	11.29	2030	2104	0.00	198	0	0	0	nan	0.00	0.00	5.17	83.73	88.71	0.00	38	0	42	0.00	0.00	65.05	7.42	0.00	0.00	2000
231	10.88	2119	2101	0.00	197	0	0	0	nan	0.00	0.02	6.21	83.05	89.12	0.00	38	0	42	0.00	0.00	66.32	7.61	0.00	0.00	2000
232	10.91	2130	2094	0.00	203	0	0	0	nan	0.00	0.00	5.88	83.08	89.09	0.00	39	0	42	0.00	0.00	59.26	6.87	0.00	0.00	2000
228	11.07	2059	2097	0.00	198	0	0	0	nan	0.00	0.00	6.75	82.18	88.93	0.00	38	0	42	0.00	0.00	64.55	7.30	0.00	0.00	2000
230	10.88	2114	2096	0.00	185	0	0	0	nan	0.00	0.00	6.95	82.11	89.12	0.00	39	0	42	0.00	0.00	65.82	7.55	0.00	0.00	2000
228	10.97	2079	2097	0.00	197	0	0	0	nan	0.00	0.02	5.36	83.61	89.03	0.00	39	0	42	0.00	0.00	65.40	7.48	0.00	0.00	2000
227	10.86	2097	2093	0.00	198	0	0	0	nan	0.00	0.00	4.01	84.95	89.14	0.00	39	0	42	0.00	0.00	65.47	7.46	0.00	0.00	2000
232	11.24	2048	2120	0.00	200	1	0	0	nan	0.00	0.00	3.94	85.76	88.76	0.00	39	0	42	0.00	0.00	65.00	7.50	0.00	0.00	2000
227	10.93	2094	2085	0.00	201	0	0	0	nan	0.00	0.00	4.99	83.53	89.07	0.00	39	0	42	0.00	0.00	65.45	7.53	0.00	0.00	2000
233	10.77	2134	2125	0.00	195	0	0	0	nan	0.00	0.00	4.26	86.17	89.23	0.00	39	0	43	0.00	0.00	66.53	7.57	0.00	0.00	2000
228	10.78	2139	2080	0.40	198	0	0	10	35.59	0.00	0.00	4.73	83.71	89.22	0.00	38	0	43	0.00	0.00	60.02	7.01	0.00	0.00	2000
229	11.22	2070	2069	0.18	198	0	0	0	nan	0.00	0.51	6.02	81.10	88.78	0.00	38	0	42	0.00	0.00	67.16	7.81	0.00	0.00	2000
171	9.40	1796	2127	0.00	200	0	0	0	nan	0.00	0.00	9.54	82.34	90.60	0.00	38	0	43	0.00	0.00	66.60	8.05	0.00	0.00	2000
80	6.67	1203	2101	0.00	199	0	0	0	nan	0.00	0.07	5.32	88.09	93.33	0.00	37	0	43	0.00	0.00	55.11	6.80	0.00	0.00	2000
80	6.67	1185	2119	0.00	196	0	0	0	nan	0.00	0.00	8.59	85.65	93.33	0.00	37	0	43	0.00	0.00	60.52	7.61	0.00	0.00	2000
82	6.85	1199	2093	0.00	197	0	0	0	nan	0.00	0.00	9.26	83.72	93.15	0.00	37	0	42	0.00	0.00	58.75	7.17	0.00	0.00	2000
107	7.77	1598	1807	0.00	197	0	0	0	nan	0.01	1.14	6.53	71.72	92.23	0.00	37	0	42	0.00	0.00	48.01	6.02	0.00	0.00	2000
242	10.33	1991	2465	0.00	236	0	0	0	nan	0.00	0.02	5.78	99.69	89.67	0.00	37	0	42	0.00	0.00	83.53	9.75	0.00	0.00	2000
231	11.13	2078	2094	0.00	203	0	0	0	nan	0.00	0.00	10.09	78.65	88.87	0.00	37	0	42	0.00	0.00	65.79	7.50	0.00	0.00	2000
199	10.36	1924	2099	0.00	200	0	0	0	nan	0.00	0.02	8.04	81.75	89.64	0.00	37	0	42	0.00	0.00	64.77	7.34	0.00	0.00	2000
76	6.59	1145	2103	0.00	198	0	0	0	nan	0.00	0.00	7.34	86.32	93.41	0.00	37	0	43	0.00	0.00	58.95	7.45	0.00	0.00	2000
141	8.78	1613	2088	0.00	206	0	0	0	nan	0.00	0.00	6.34	84.38	91.22	0.00	37	0	42	0.00	0.00	61.37	7.50	0.00	0.00	2000
235	11.48	2047	2099	0.00	196	0	0	0	nan	0.00	0.00	8.53	80.09	88.52	0.00	37	0	43	0.00	0.00	65.58	7.39	0.00	0.00	2000
230	11.14	2048	2119	0.00	202	0	0	0	nan	0.00	0.00	9.57	80.21	88.86	0.00	37	0	43	0.00	0.00	65.41	7.41	0.00	0.00	2000
230	11.34	2036	2088	0.00	197	0	0	0	nan	0.00	0.00	8.67	79.59	88.66	0.00	37	0	43	0.00	0.00	65.88	7.45	0.00	0.00	2000
231	10.96	2090	2116	0.00	199	0	0	0	nan	0.00	0.06	5.13	84.66	89.04	0.00	37	0	42	0.00	0.00	66.38	7.49	0.00	0.00	2000
230	11.37	2050	2072	0.00	197	0	0	0	nan	0.00	0.07	3.00	84.55	88.63	0.00	37	0	42	0.00	0.00	64.55	7.44	0.00	0.00	2000
234	11.29	2041	2137	0.79	196	0	0	6	76.16	0.00	0.00	7.57	82.77	88.71	0.00	37	0	42	0.00	0.00	67.12	7.75	0.00	0.00	2000
297	13.69	2286	1992	0.16	213	0	0	0	nan	0.00	1.70	10.95	69.38	86.31	0.00	37	0	43	0.00	0.00	61.66	7.14	0.00	0.00	2000
111	7.67	1396	2185	0.00	256	0	0	0	nan	0.00	0.01	10.60	85.35	92.33	0.00	37	0	42	0.00	0.00	65.29	8.03	0.00	0.00	2000
79	7.16	1092	2110	0.00	209	0	0	0	nan	0.00	0.00	2.51	90.85	92.84	0.00	37	0	42	0.00	0.00	59.34	7.47	0.00	0.00	2000
72	6.76	1073	2093	0.00	193	0	0	0	nan	0.00	0.00	3.85	89.07	93.24	0.00	37	0	42	0.00	0.00	61.88	7.70	0.00	0.00	2000
109	7.75	1375	2147	0.00	97	0	0	0	nan	0.00	0.00	7.66	86.39	92.25	0.00	37	0	42	0.00	0.00	58.03	7.30	0.00	0.00	2000
