Avg_MHz	Busy%	Bzy_MHz	TSC_MHz	IPC	IRQ	NMI	SMI	LLCMRPS	LLC%hit	POLL%	C1%	C1E%	C6%	CPU%c1	CPU%c6	CoreTmp	CoreThr	PkgTmp	Pkg%pc2	Pkg%pc6	PkgWatt	RAMWatt	PKG_%	RAM_%	UncMHz
402	20.02	1954	2157	0.00	248	0	0	0	nan	0.00	0.56	38.96	42.75	79.98	0.00	37	0	42	0.00	0.00	68.14	7.82	0.00	0.00	2000
396	18.52	2149	2088	0.00	254	0	0	0	nan	0.00	0.81	27.82	52.54	81.48	0.00	37	0	42	0.00	0.00	66.35	7.50	0.00	0.00	2000
77	7.49	1018	2132	0.00	210	0	0	0	nan	0.00	0.00	7.01	87.03	92.51	0.00	37	0	42	0.00	0.00	60.78	7.69	0.00	0.00	2000
74	6.77	1091	2111	0.00	195	0	0	0	nan	0.00	0.00	3.35	90.54	93.23	0.00	37	0	42	0.00	0.00	59.25	7.48	0.00	0.00	2000
72	7.01	1032	2100	0.00	193	0	0	0	nan	0.00	0.02	3.20	89.95	92.99	0.00	37	0	42	0.00	0.00	57.99	7.19	0.00	0.00	2000
71	6.75	1066	2077	0.00	193	0	0	0	nan	0.00	0.02	3.70	88.62	93.25	0.00	37	0	42	0.00	0.00	57.70	7.14	0.00	0.00	2000
73	7.23	1000	2124	0.00	194	0	0	0	nan	0.01	0.00	1.91	92.16	92.77	0.00	37	0	42	0.00	0.00	57.78	7.49	0.00	0.00	2000
71	7.00	1034	2066	0.00	194	0	0	0	nan	0.00	0.00	2.76	88.88	93.00	0.00	37	0	42	0.00	0.00	59.18	7.18	0.00	0.00	2000
72	6.77	1051	2125	0.00	193	0	0	0	nan	0.00	0.00	2.93	91.56	93.23	0.00	36	0	42	0.00	0.00	58.46	7.35	0.00	0.00	2000
72	6.88	1041	2103	0.00	210	0	0	0	nan	0.00	0.00	2.79	90.65	93.12	0.00	37	0	42	0.00	0.00	60.96	7.58	0.00	0.00	2000
73	6.78	1079	2099	0.00	193	0	0	0	nan	0.00	0.00	3.05	90.07	93.22	0.00	36	0	42	0.00	0.00	58.28	7.38	0.00	0.00	2000
73	6.97	1051	2101	0.00	180	0	0	0	nan	0.00	0.01	3.38	89.83	93.03	0.00	37	0	42	0.00	0.00	56.22	7.08	0.00	0.00	2000
72	6.85	1057	2098	0.00	210	0	0	0	nan	0.00	0.00	2.68	90.62	93.15	0.00	36	0	42	0.00	0.00	60.21	7.46	0.00	0.00	2000
71	6.97	1022	2081	0.00	197	0	0	0	nan	0.00	0.00	4.57	87.82	93.03	0.00	37	0	42	0.00	0.00	56.39	7.24	0.00	0.00	2000
73	6.94	1037	2122	0.00	194	0	0	0	nan	0.00	0.00	2.53	91.65	93.06	0.00	36	0	42	0.00	0.00	59.38	7.48	0.00	0.00	2000
72	6.92	1036	2102	0.00	194	0	0	1	87.37	0.00	0.00	3.05	90.33	93.08	0.00	36	0	42	0.00	0.00	58.12	7.42	0.00	0.00	2000
73	6.96	1052	2101	0.29	193	0	0	1	87.06	0.00	0.02	2.92	90.28	93.04	0.00	36	0	42	0.00	0.00	58.49	7.60	0.00	0.00	2000
71	7.26	999	2065	0.00	194	0	0	0	nan	0.00	0.02	2.84	88.57	92.74	0.00	37	0	42	0.00	0.00	57.03	7.24	0.00	0.00	2000
226	11.55	1929	2128	0.00	223	0	0	0	nan	0.00	0.82	7.51	81.43	88.45	0.00	38	0	42	0.00	0.00	66.09	7.65	0.00	0.00	2000
220	11.25	2063	1991	0.00	205	0	0	0	nan	0.00	0.02	5.39	78.94	88.75	0.00	39	0	42	0.00	0.00	62.54	7.04	0.00	0.00	2000
220	11.15	2013	2058	0.00	199	0	0	0	nan	0.00	0.00	4.34	82.93	88.85	0.00	39	0	42	0.00	0.00	62.72	7.17	0.00	0.00	2000
226	10.39	2019	2258	0.00	215	0	0	0	nan	0.00	0.52	3.28	92.79	89.61	0.00	39	0	42	0.00	0.00	67.81	7.80	0.00	0.00	2000
217	10.55	2063	2094	0.00	199	0	0	0	nan	0.01	0.04	4.16	85.16	89.45	0.00	38	0	42	0.00	0.00	65.94	7.72	0.00	0.00	2000
231	10.92	2132	2081	0.00	213	0	0	0	nan	0.00	0.02	3.93	84.39	89.08	0.00	38	0	42	0.00	0.00	66.06	7.81	0.00	0.00	2000
238	11.44	2055	2125	0.00	234	0	0	0	nan	0.00	0.01	3.81	85.97	88.56	0.00	37	0	42	0.00	0.00	66.47	7.64	0.00	0.00	2000
223	11.26	1977	2103	0.00	197	0	0	0	nan	0.00	0.00	5.29	83.72	88.74	0.00	38	0	42	0.00	0.00	66.09	8.11	0.00	0.00	2000
222	11.07	2001	2102	0.00	198	0	0	0	nan	0.00	0.00	5.05	84.20	88.93	0.00	39	0	42	0.00	0.00	66.16	7.77	0.00	0.00	2000
223	11.06	2024	2093	0.00	199	0	0	0	nan	0.00	0.00	5.46	83.38	88.94	0.00	39	0	42	0.00	0.00	64.00	7.43	0.00	0.00	2000
220	11.01	2027	2074	0.00	198	0	0	0	nan	0.00	0.02	3.91	84.07	88.99	0.00	39	0	42	0.00	0.00	64.98	7.37	0.00	0.00	2000
217	11.29	2037	1983	0.00	194	0	0	0	nan	0.00	0.01	2.26	81.70	88.71	0.00	39	0	42	0.00	0.00	62.30	7.12	0.00	0.00	2000
224	10.37	2018	2245	0.00	194	0	0	0	nan	0.00	0.00	2.85	93.12	89.63	0.00	40	0	42	0.00	0.00	67.43	7.70	0.00	0.00	2000
221	11.06	1998	2102	0.00	196	0	0	0	nan	0.00	0.02	3.68	85.54	88.94	0.00	39	0	42	0.00	0.00	64.60	7.60	0.00	0.00	2000
229	11.20	2052	2087	0.01	197	0	0	7	77.86	0.00	0.02	3.19	85.17	88.80	0.00	40	0	42	0.00	0.00	65.19	7.50	0.00	0.00	2000
221	11.03	2041	2059	0.65	216	0	0	6	84.28	0.00	0.01	3.98	83.44	88.97	0.00	39	0	42	0.00	0.00	66.10	7.50	0.00	0.00	2000
219	10.54	2025	2153	0.00	195	0	0	0	nan	0.00	0.00	3.07	88.77	89.46	0.00	38	0	42	0.00	0.00	62.47	7.34	0.00	0.00	2000
231	11.17	2056	2113	0.00	210	0	0	0	nan	0.00	0.02	3.37	86.17	88.83	0.00	39	0	42	0.00	0.00	68.84	7.92	0.00	0.00	2000
231	11.42	2025	2094	0.00	243	0	0	0	nan	0.00	0.00	4.16	84.29	88.58	0.00	38	0	42	0.00	0.00	65.81	7.87	0.00	0.00	2000
227	11.92	1982	2022	0.00	214	0	0	0	nan	0.00	0.00	8.41	76.62	88.08	0.00	39	0	42	0.00	0.00	61.41	7.34	0.00	0.00	2000
226	10.85	2010	2174	0.00	198	0	0	0	nan	0.00	0.02	4.83	87.67	89.15	0.00	39	0	42	0.00	0.00	67.21	8.18	0.00	0.00	2000
224	11.14	2002	2110	0.00	215	0	0	0	nan	0.00	0.00	5.15	84.34	88.86	0.00	39	0	42	0.00	0.00	67.77	8.12	0.00	0.00	2000
224	11.24	1996	2100	0.00	199	0	0	0	nan	0.00	0.00	4.61	84.34	88.76	0.00	39	0	42	0.00	0.00	65.21	7.67	0.00	0.00	2000
220	11.32	2046	1996	0.00	206	0	0	0	nan	0.00	0.01	3.83	80.65	88.68	0.00	39	0	42	0.00	0.00	60.85	7.15	0.00	0.00	2000
224	10.50	2035	2204	0.00	198	0	0	0	nan	0.00	0.00	4.35	89.78	89.50	0.00	39	0	42	0.00	0.00	67.68	7.96	0.00	0.00	2000
223	10.93	2040	2103	0.00	217	0	0	0	nan	0.00	0.02	3.56	85.77	89.07	0.00	39	0	42	0.00	0.00	67.36	7.86	0.00	0.00	2000
219	10.86	2084	2031	0.00	198	0	0	0	nan	0.01	0.00	3.75	82.59	89.14	0.00	40	0	42	0.00	0.00	63.52	7.22	0.00	0.00	2000
224	10.46	2107	2133	0.00	203	0	0	0	nan	0.00	0.08	2.83	88.29	89.54	0.00	40	0	42	0.00	0.00	64.55	7.69	0.00	0.00	2000
220	10.14	2173	2093	0.00	198	0	0	0	nan	0.00	1.53	5.29	82.96	89.86	0.00	40	0	42	0.00	0.00	65.84	7.53	0.00	0.00	2000
220	10.82	2029	2108	0.00	199	0	0	0	nan	0.00	0.02	7.00	82.73	89.18	0.00	40	0	42	0.00	0.00	64.62	7.38	0.00	0.00	2000
222	11.15	1960	2129	0.00	197	0	0	0	nan	0.00	0.00	4.85	85.46	88.85	0.00	40	0	42	0.00	0.00	64.61	7.65	0.00	0.00	2000
218	11.17	1988	2064	0.34	215	0	0	4	87.06	0.00	0.00	4.33	83.19	88.83	0.00	40	0	42	0.00	0.00	64.97	7.26	0.00	0.00	2000
225	11.01	2007	2140	0.43	204	0	0	0	nan	0.00	0.00	5.93	84.97	88.99	0.00	40	0	42	0.00	0.00	65.01	7.76	0.00	0.00	2000
220	11.06	2004	2085	0.00	198	0	0	0	nan	0.00	0.02	6.12	82.32	88.94	0.00	40	0	42	0.00	0.00	65.09	7.38	0.00	0.00	2000
219	11.02	2007	2082	0.00	198	0	0	0	nan	0.00	0.00	5.24	83.20	88.98	0.00	40	0	42	0.00	0.00	64.63	7.32	0.00	0.00	2000
222	10.78	2027	2135	0.00	201	0	0	0	nan	0.00	0.02	6.02	84.89	89.22	0.00	40	0	42	0.00	0.00	65.75	7.43	0.00	0.00	2000
220	10.85	2046	2078	0.00	199	0	0	0	nan	0.00	0.00	5.38	83.04	89.15	0.00	40	0	42	0.00	0.00	62.04	7.01	0.00	0.00	2000
221	11.10	2018	2073	0.00	205	0	0	0	nan	0.00	0.05	4.71	83.18	88.90	0.00	40	0	42	0.00	0.00	63.72	7.25	0.00	0.00	2000
221	10.79	2003	2145	0.00	199	0	0	0	nan	0.00	0.00	4.77	86.58	89.21	0.00	40	0	42	0.00	0.00	67.88	7.70	0.00	0.00	2000
220	10.81	2070	2065	0.00	199	0	0	0	nan	0.00	0.48	5.11	82.31	89.19	0.00	40	0	42	0.00	0.00	64.71	7.32	0.00	0.00	2000
221	10.44	2088	2134	0.00	198	0	0	0	nan	0.00	0.50	6.54	84.18	89.56	0.00	40	0	42	0.00	0.00	65.88	7.49	0.00	0.00	2000
219	10.93	2002	2100	0.00	198	0	0	0	nan	0.00	0.00	5.04	84.23	89.07	0.00	40	0	42	0.00	0.00	63.45	7.20	0.00	0.00	2000
219	11.40	2016	2003	0.00	200	0	0	0	nan	0.00	0.00	5.10	79.61	88.60	0.00	40	0	42	0.00	0.00	62.05	7.16	0.00	0.00	2000
223	10.57	2055	2159	0.00	207	0	0	0	nan	0.00	0.00	3.60	88.54	89.43	0.00	40	0	42	0.00	0.00	67.99	7.78	0.00	0.00	2000
222	10.62	2038	2155	0.00	199	0	0	0	nan	0.00	0.00	5.10	86.85	89.38	0.00	40	0	42	0.00	0.00	65.82	7.87	0.00	0.00	2000
219	10.97	2090	2009	0.00	198	0	0	0	nan	0.00	0.01	4.88	80.39	89.03	0.00	40	0	42	0.00	0.00	60.90	7.03	0.00	0.00	2000
222	10.66	2007	2181	0.00	200	0	0	0	nan	0.00	0.00	4.72	88.28	89.34	0.00	40	0	42	0.00	0.00	67.17	7.65	0.00	0.00	2000
221	11.25	2004	2057	0.00	200	0	0	0	nan	0.00	0.00	5.09	82.03	88.75	0.00	41	0	42	0.00	0.00	61.75	7.07	0.00	0.00	2000
222	10.79	2014	2143	0.20	207	0	0	7	78.97	0.00	0.03	3.98	87.26	89.21	0.00	40	0	42	0.00	0.00	67.74	7.90	0.00	0.00	2000
221	11.03	2044	2062	0.51	200	0	0	2	87.69	0.00	0.02	3.70	83.87	88.97	0.00	40	0	42	0.00	0.00	64.22	6.95	0.00	0.00	2000
221	10.56	2088	2103	0.00	199	0	0	0	nan	0.00	0.08	3.12	86.54	89.44	0.00	40	0	42	0.00	0.00	62.13	7.49	0.00	0.00	2000
227	11.31	1980	2130	0.00	201	0	0	0	nan	0.01	0.00	4.89	85.26	88.70	0.00	41	0	42	0.00	0.00	64.92	7.41	0.00	0.00	2000
222	10.78	2077	2085	0.00	198	0	0	0	nan	0.00	0.47	5.12	83.19	89.22	0.00	41	0	42	0.00	0.00	65.20	7.32	0.00	0.00	2000
220	10.93	2022	2088	0.00	194	0	0	0	nan	0.00	0.00	3.78	84.96	89.07	0.00	41	0	42	0.00	0.00	64.85	7.47	0.00	0.00	2000
222	10.97	2017	2103	0.00	196	0	0	0	nan	0.00	0.00	3.16	86.19	89.03	0.00	41	0	42	0.00	0.00	65.30	7.56	0.00	0.00	2000
221	10.91	2028	2099	0.00	199	0	0	0	nan	0.00	0.08	4.16	85.05	89.09	0.00	41	0	42	0.00	0.00	64.70	7.40	0.00	0.00	2000
221	10.65	2034	2141	0.00	197	0	0	0	nan	0.00	0.02	3.89	87.30	89.35	0.00	40	0	42	0.00	0.00	65.59	7.48	0.00	0.00	2000
220	10.99	1998	2100	0.00	195	0	0	0	nan	0.00	0.00	3.70	85.53	89.01	0.00	41	0	42	0.00	0.00	67.08	7.60	0.00	0.00	2000
219	10.88	2093	2020	0.00	195	0	0	0	nan	0.00	0.00	3.18	82.74	89.12	0.00	41	0	42	0.00	0.00	62.54	7.08	0.00	0.00	2000
222	10.54	2056	2150	0.00	196	0	0	0	nan	0.00	0.02	2.99	88.74	89.46	0.00	40	0	42	0.00	0.00	64.76	7.44	0.00	0.00	2000
217	11.05	1989	2072	0.00	210	0	0	0	nan	0.00	0.00	3.09	84.89	88.95	0.00	41	0	42	0.00	0.00	64.34	7.38	0.00	0.00	2000
219	10.55	2073	2107	0.00	195	0	0	0	nan	0.00	0.00	2.87	87.03	89.45	0.00	41	0	42	0.00	0.00	65.01	7.39	0.00	0.00	2000
222	10.63	2069	2116	0.00	194	0	0	0	nan	0.00	0.00	2.85	87.39	89.37	0.00	41	0	42	0.00	0.00	64.73	7.29	0.00	0.00	2000
220	10.69	2042	2120	0.00	197	0	0	0	nan	0.00	0.00	3.06	87.30	89.31	0.00	40	0	42	0.00	0.00	65.65	7.47	0.00	0.00	2000
219	11.06	1994	2088	0.00	194	0	0	0	nan	0.00	0.00	2.90	85.73	88.94	0.00	41	0	42	0.00	0.00	64.35	7.34	0.00	0.00	2000
220	10.78	2024	2120	0.08	193	0	0	10	47.87	0.00	0.02	3.26	86.95	89.22	0.00	40	0	42	0.00	0.00	65.77	7.40	0.00	0.00	2000
222	11.13	2016	2075	0.77	195	0	0	11	38.79	0.00	0.00	3.32	84.61	88.87	0.00	41	0	42	0.00	0.00	64.94	7.59	0.00	0.00	2000
221	11.22	1953	2117	0.00	196	0	0	0	nan	0.00	0.03	3.62	86.12	88.78	0.00	40	0	42	0.00	0.00	64.54	7.32	0.00	0.00	2000
222	11.24	1995	2078	0.00	197	0	0	0	nan	0.00	0.00	3.69	84.33	88.76	0.00	40	0	42	0.00	0.00	64.83	7.37	0.00	0.00	2000
219	10.73	2048	2097	0.00	195	0	0	0	nan	0.00	0.00	3.39	85.96	89.27	0.00	40	0	42	0.00	0.00	62.00	7.04	0.00	0.00	2000
219	10.78	2008	2126	0.00	194	0	0	0	nan	0.00	0.01	3.06	87.48	89.22	0.00	40	0	42	0.00	0.00	67.50	7.51	0.00	0.00	2000
218	10.89	2047	2058	0.00	195	0	0	0	nan	0.00	0.00	3.56	83.95	89.11	0.00	41	0	42	0.00	0.00	61.92	6.96	0.00	0.00	2000
220	10.77	1991	2153	0.00	194	0	0	0	nan	0.00	0.01	2.80	88.83	89.23	0.00	40	0	42	0.00	0.00	67.09	7.71	0.00	0.00	2000
220	11.12	2016	2063	0.00	196	0	0	0	nan	0.00	0.00	3.21	84.30	88.88	0.00	41	0	42	0.00	0.00	64.53	7.36	0.00	0.00	2000
219	10.95	1999	2104	0.00	194	0	0	0	nan	0.00	0.01	2.79	86.63	89.05	0.00	40	0	42	0.00	0.00	64.59	7.43	0.00	0.00	2000
220	10.83	2041	2088	0.00	197	0	0	0	nan	0.00	0.00	4.06	84.78	89.17	0.00	40	0	42	0.00	0.00	65.16	7.06	0.00	0.00	2000
220	10.93	1968	2145	0.00	197	0	0	0	nan	0.00	0.02	4.60	86.60	89.07	0.00	40	0	42	0.00	0.00	64.77	7.62	0.00	0.00	2000
221	11.01	1993	2110	0.00	195	0	0	0	nan	0.00	0.00	3.00	86.63	88.99	0.00	40	0	42	0.00	0.00	66.21	7.60	0.00	0.00	2000
220	11.12	1998	2079	0.00	196	0	0	0	nan	0.00	0.01	3.33	84.87	88.88	0.00	40	0	42	0.00	0.00	63.18	7.12	0.00	0.00	2000
217	11.12	2048	1997	0.00	195	0	0	0	nan	0.00	0.00	3.31	81.43	88.88	0.00	40	0	42	0.00	0.00	62.61	7.09	0.00	0.00	2000
222	10.81	1944	2221	0.00	195	0	0	0	nan	0.00	0.02	2.58	91.99	89.19	0.00	40	0	42	0.00	0.00	67.26	7.60	0.00	0.00	2000
217	11.08	2017	2037	0.00	210	0	0	0	nan	0.00	0.00	2.59	83.88	88.92	0.00	40	0	42	0.00	0.00	62.30	7.08	0.00	0.00	2000
220	10.48	2068	2130	0.01	194	0	0	3	94.75	0.00	0.00	2.74	88.27	89.52	0.00	40	0	42	0.00	0.00	67.34	7.75	0.00	0.00	2000
225	10.74	2059	2137	0.72	196	0	0	3	94.25	0.00	0.00	4.15	86.90	89.26	0.00	40	0	42	0.00	0.00	63.45	7.06	0.00	0.00	2000
219	10.79	2043	2085	0.00	193	0	0	0	nan	0.00	0.01	3.43	85.33	89.21	0.00	40	0	42	0.00	0.00	64.64	7.34	0.00	0.00	2000
219	10.74	2051	2085	0.00	194	0	0	0	nan	0.00	0.01	3.20	85.63	89.26	0.00	40	0	42	0.00	0.00	64.30	7.10	0.00	0.00	2000
218	10.77	2026	2100	0.00	194	0	0	0	nan	0.00	0.01	2.54	86.87	89.23	0.00	40	0	42	0.00	0.00	65.79	7.58	0.00	0.00	2000
219	11.18	1979	2078	0.00	195	0	0	0	nan	0.00	0.00	3.61	84.47	88.82	0.00	40	0	42	0.00	0.00	61.83	7.13	0.00	0.00	2000
222	10.94	1975	2153	0.00	195	0	0	0	nan	0.00	0.01	2.90	88.61	89.06	0.00	40	0	42	0.00	0.00	67.61	7.56	0.00	0.00	2000
220	10.97	1999	2104	0.00	210	0	0	0	nan	0.00	0.00	2.79	86.60	89.03	0.00	40	0	42	0.00	0.00	65.07	7.97	0.00	0.00	2000
220	10.85	2030	2100	0.00	195	0	0	0	nan	0.00	0.00	2.99	86.24	89.15	0.00	40	0	42	0.00	0.00	65.18	7.70	0.00	0.00	2000
220	10.99	2002	2095	0.00	196	0	0	0	nan	0.00	0.00	3.39	85.63	89.01	0.00	40	0	42	0.00	0.00	65.28	7.69	0.00	0.00	2000
220	10.84	2042	2084	0.00	195	0	0	0	nan	0.00	0.02	3.54	85.10	89.16	0.00	40	0	42	0.00	0.00	66.31	7.73	0.00	0.00	2000
221	11.17	2090	1985	0.00	199	0	0	0	nan	0.00	0.00	3.43	80.73	88.83	0.00	41	0	42	0.00	0.00	60.05	7.00	0.00	0.00	2000
222	10.45	2038	2191	0.00	194	0	0	0	nan	0.00	0.00	2.87	90.74	89.55	0.00	41	0	42	0.00	0.00	68.19	8.03	0.00	0.00	2000
220	10.62	2043	2130	0.00	194	0	0	0	nan	0.00	0.02	3.64	87.20	89.38	0.00	41	0	42	0.00	0.00	67.40	7.97	0.00	0.00	2000
218	11.32	1971	2054	0.00	214	0	0	0	nan	0.00	0.00	4.22	82.71	88.68	0.00	41	0	42	0.00	0.00	62.38	7.47	0.00	0.00	2000
230	10.79	2098	2137	0.00	202	0	0	0	nan	0.00	0.47	6.37	84.12	89.21	0.00	41	0	42	0.00	0.00	65.38	7.70	0.00	0.00	2000
215	10.91	2097	1978	0.00	195	0	0	0	nan	0.00	0.00	3.22	80.77	89.09	0.00	41	0	42	0.00	0.00	62.71	7.28	0.00	0.00	2000
224	10.80	1943	2244	0.21	211	0	0	10	36.55	0.00	0.00	2.74	92.82	89.20	0.00	41	0	42	0.00	0.00	69.85	8.40	0.00	0.00	2000
222	11.43	1965	2081	1.45	196	0	0	4	48.37	0.00	0.00	4.47	83.50	88.57	0.00	41	0	42	0.00	0.00	62.31	7.50	0.00	0.00	2000
220	10.59	2099	2077	0.00	194	0	0	0	nan	0.00	0.00	3.77	84.70	89.41	0.00	41	0	42	0.00	0.00	65.33	7.49	0.00	0.00	2000
222	10.81	2047	2110	0.00	196	0	0	0	nan	0.00	0.01	3.57	86.20	89.19	0.00	41	0	42	0.00	0.00	64.79	7.89	0.00	0.00	2000
221	10.87	2013	2121	0.00	195	0	0	0	nan	0.00	0.00	3.23	86.98	89.13	0.00	41	0	42	0.00	0.00	65.28	7.60	0.00	0.00	2000
219	11.04	2009	2072	0.00	212	0	0	0	nan	0.00	0.00	3.10	84.89	88.96	0.00	40	0	42	0.00	0.00	65.16	7.95	0.00	0.00	2000
221	10.81	2028	2115	0.00	193	0	0	0	nan	0.00	0.02	2.78	87.24	89.19	0.00	40	0	42	0.00	0.00	64.04	7.21	0.00	0.00	2000
221	10.71	2027	2135	0.00	194	0	0	0	nan	0.00	0.00	3.29	87.68	89.29	0.00	40	0	42	0.00	0.00	65.34	7.51	0.00	0.00	2000
221	10.89	2070	2056	0.00	195	0	0	0	nan	0.00	0.00	3.57	83.84	89.11	0.00	40	0	42	0.00	0.00	61.04	7.42	0.00	0.00	2000
221	10.91	1978	2150	0.00	195	0	0	0	nan	0.00	0.00	3.43	88.00	89.09	0.00	41	0	42	0.00	0.00	69.35	8.22	0.00	0.00	2000
220	10.65	2061	2106	0.00	195	0	0	0	nan	0.00	0.04	2.98	86.82	89.35	0.00	41	0	42	0.00	0.00	65.33	7.55	0.00	0.00	2000
217	10.85	2055	2045	0.00	194	0	0	0	nan	0.00	0.00	2.53	84.47	89.15	0.00	41	0	42	0.00	0.00	62.74	7.13	0.00	0.00	2000
219	11.02	1959	2133	0.00	195	0	0	0	nan	0.00	0.00	3.02	87.57	88.98	0.00	41	0	42	0.00	0.00	64.35	7.47	0.00	0.00	2000
221	10.96	1992	2125	0.00	211	0	0	0	nan	0.00	0.00	3.59	86.68	89.04	0.00	41	0	42	0.00	0.00	64.11	7.26	0.00	0.00	2000
216	11.17	2007	2028	0.00	195	0	0	0	nan	0.00	0.00	2.90	83.10	88.83	0.00	41	0	42	0.00	0.00	65.76	7.52	0.00	0.00	2000
221	10.79	2017	2137	0.00	195	0	0	0	nan	0.00	0.00	2.72	88.27	89.21	0.00	41	0	42	0.00	0.00	65.41	7.30	0.00	0.00	2000
219	10.90	1994	2118	0.00	194	0	0	0	nan	0.00	0.00	3.09	87.01	89.10	0.00	40	0	42	0.00	0.00	64.65	7.29	0.00	0.00	2000
222	11.43	1993	2042	0.32	215	0	0	16	18.07	0.01	0.00	3.39	82.94	88.57	0.00	41	0	42	0.00	0.00	66.05	8.23	0.00	0.00	2000
222	10.62	2041	2145	1.14	195	0	0	2	78.59	0.01	0.01	3.01	88.47	89.38	0.00	41	0	42	0.00	0.00	66.10	7.54	0.00	0.00	2000
219	10.62	2053	2114	0.00	194	0	0	0	nan	0.00	0.02	2.72	87.44	89.38	0.00	41	0	42	0.00	0.00	64.72	7.50	0.00	0.00	2000
220	10.70	2037	2119	0.00	194	0	0	0	nan	0.00	0.02	3.21	87.09	89.30	0.00	41	0	42	0.00	0.00	65.52	7.51	0.00	0.00	2000
218	10.81	2039	2075	0.00	194	0	0	0	nan	0.00	0.00	3.01	85.30	89.19	0.00	41	0	42	0.00	0.00	62.43	7.19	0.00	0.00	2000
219	11.01	2001	2090	0.00	195	0	0	0	nan	0.00	0.01	3.01	85.76	88.99	0.00	42	0	42	0.00	0.00	65.35	7.42	0.00	0.00	2000
219	11.00	2048	2046	0.00	195	0	0	0	nan	0.00	0.00	2.26	84.58	89.00	0.00	41	0	42	0.00	0.00	62.77	7.04	0.00	0.00	2000
224	10.99	2010	2131	0.00	195	0	0	0	nan	0.00	0.02	3.01	87.53	89.01	0.00	39	0	42	0.00	0.00	67.45	7.83	0.00	0.00	2000
225	11.27	2025	2075	0.00	213	0	0	0	nan	0.00	0.00	3.84	84.03	88.73	0.00	40	0	42	0.00	0.00	62.27	7.02	0.00	0.00	2000
229	11.18	1995	2159	0.00	212	0	0	0	nan	0.00	0.00	3.72	87.76	88.82	0.00	40	0	42	0.00	0.00	67.56	7.75	0.00	0.00	2000
230	11.35	2013	2114	0.00	196	0	0	0	nan	0.00	0.00	5.59	83.82	88.65	0.00	41	0	42	0.00	0.00	64.75	7.39	0.00	0.00	2000
221	11.57	2033	1972	0.00	195	0	0	0	nan	0.00	0.00	3.77	79.38	88.43	0.00	39	0	42	0.00	0.00	58.64	6.81	0.00	0.00	2000
224	10.43	2032	2216	0.00	194	0	0	0	nan	0.00	0.01	2.94	91.73	89.57	0.00	40	0	42	0.00	0.00	70.39	8.14	0.00	0.00	2000
217	10.78	2042	2075	0.00	195	0	0	0	nan	0.00	0.00	3.18	85.18	89.22	0.00	41	0	42	0.00	0.00	62.05	7.10	0.00	0.00	2000
222	11.24	2041	2029	0.00	196	0	0	0	nan	0.00	0.00	4.16	81.73	88.76	0.00	38	0	42	0.00	0.00	60.76	6.94	0.00	0.00	2000
233	11.13	1979	2219	0.00	221	0	0	0	nan	0.00	0.00	5.37	88.76	88.87	0.00	37	0	42	0.00	0.00	70.70	8.62	0.00	0.00	2000
230	11.26	2031	2108	0.00	211	0	0	0	nan	0.00	0.00	4.28	84.91	88.74	0.00	37	0	42	0.00	0.00	64.95	7.34	0.00	0.00	2000
227	11.14	2037	2105	0.39	180	0	0	4	83.56	0.00	0.00	4.15	85.05	88.86	0.00	37	0	42	0.00	0.00	66.49	7.52	0.00	0.00	2000
229	11.35	2062	2053	0.41	195	0	0	1	95.05	0.00	0.02	3.58	83.22	88.65	0.00	37	0	42	0.00	0.00	64.29	8.31	0.00	0.00	2000
233	11.41	2010	2136	0.00	195	0	0	0	nan	0.00	0.02	4.42	85.76	88.59	0.00	37	0	42	0.00	0.00	65.28	8.03	0.00	0.00	2000
232	11.40	2033	2105	0.00	215	0	0	0	nan	0.00	0.00	5.59	83.39	88.60	0.00	38	0	42	0.00	0.00	64.83	7.28	0.00	0.00	2000
220	11.18	1984	2081	0.00	199	0	0	0	nan	0.00	0.00	6.20	81.90	88.82	0.00	38	0	42	0.00	0.00	64.67	7.25	0.00	0.00	2000
118	8.88	1315	2125	0.00	227	0	0	0	nan	0.00	0.02	10.33	81.93	91.12	0.00	37	0	42	0.00	0.00	61.20	7.62	0.00	0.00	2000
75	7.10	1058	2098	0.00	193	0	0	0	nan	0.00	0.03	3.27	89.71	92.90	0.00	37	0	42	0.00	0.00	59.88	7.43	0.00	0.00	2000
74	6.68	1105	2106	0.00	193	0	0	0	nan	0.01	0.00	2.95	90.67	93.32	0.00	37	0	42	0.00	0.00	59.19	7.20	0.00	0.00	2000
91	7.92	1164	2083	0.00	114	0	0	0	nan	0.00	0.00	6.36	85.16	92.08	0.00	37	0	42	0.00	0.00	56.98	7.18	0.00	0.00	2000
