Avg_MHz	Busy%	Bzy_MHz	TSC_MHz	IPC	IRQ	NMI	SMI	LLCMRPS	LLC%hit	POLL%	C1%	C1E%	C6%	CPU%c1	CPU%c6	CoreTmp	CoreThr	PkgTmp	Pkg%pc2	Pkg%pc6	PkgWatt	RAMWatt	PKG_%	RAM_%	UncMHz
185	11.46	1583	2141	0.00	223	0	0	0	nan	0.00	0.36	23.21	66.85	88.54	0.00	37	0	41	0.00	0.00	60.98	7.47	0.00	0.00	2000
387	18.12	2200	2041	0.00	216	0	0	0	nan	0.01	1.20	16.85	61.82	81.88	0.00	36	0	42	0.00	0.00	66.32	7.61	0.00	0.00	2000
216	11.80	1764	2176	0.00	219	0	0	0	nan	0.00	0.77	13.70	77.15	88.20	0.00	36	0	41	0.00	0.00	64.49	7.82	0.00	0.00	2000
73	6.81	1070	2099	0.00	209	0	0	0	nan	0.00	0.04	4.43	88.67	93.19	0.00	36	0	42	0.00	0.00	60.14	7.76	0.00	0.00	2000
75	6.94	1065	2133	0.00	196	0	0	0	nan	0.00	0.00	4.34	90.24	93.06	0.00	36	0	41	0.00	0.00	58.71	7.38	0.00	0.00	2000
72	6.94	1047	2083	0.00	195	0	0	0	nan	0.00	0.00	3.35	89.09	93.06	0.00	36	0	41	0.00	0.00	60.10	7.67	0.00	0.00	2000
74	6.48	1140	2110	0.00	193	0	0	0	nan	0.00	0.02	2.83	91.10	93.52	0.00	36	0	41	0.00	0.00	59.45	7.28	0.00	0.00	2000
71	6.71	1070	2090	0.00	193	0	0	0	nan	0.00	0.00	3.45	89.50	93.29	0.00	36	0	42	0.00	0.00	59.07	7.52	0.00	0.00	2000
73	6.90	1058	2111	0.00	193	0	0	0	nan	0.00	0.02	2.79	90.85	93.10	0.00	36	0	42	0.00	0.00	59.21	7.47	0.00	0.00	2000
73	6.57	1101	2108	0.00	194	0	0	0	nan	0.00	0.00	3.35	90.44	93.43	0.00	36	0	42	0.00	0.00	59.35	7.37	0.00	0.00	2000
73	6.77	1089	2093	0.00	194	0	0	0	nan	0.00	0.02	3.39	89.62	93.23	0.00	36	0	42	0.00	0.00	59.20	7.44	0.00	0.00	2000
73	6.28	1160	2104	0.00	194	0	0	0	nan	0.00	0.00	3.41	90.31	93.72	0.00	36	0	41	0.00	0.00	59.50	7.38	0.00	0.00	2000
73	6.78	1085	2097	0.00	193	0	0	0	nan	0.00	0.00	3.57	89.53	93.22	0.00	36	0	41	0.00	0.00	56.93	7.02	0.00	0.00	2000
74	6.48	1134	2104	0.00	193	0	0	0	nan	0.00	0.02	3.74	90.01	93.52	0.00	36	0	41	0.00	0.00	59.80	7.52	0.00	0.00	2000
71	6.66	1076	2075	0.00	194	0	0	0	nan	0.00	0.00	3.61	88.70	93.34	0.00	36	0	42	0.00	0.00	60.30	7.43	0.00	0.00	2000
71	6.58	1079	2090	0.00	193	0	0	1	88.13	0.00	0.00	2.42	90.60	93.42	0.00	36	0	41	0.00	0.00	57.75	7.22	0.00	0.00	2000
75	6.81	1083	2139	0.29	193	0	0	2	87.10	0.00	0.03	1.89	93.02	93.19	0.00	36	0	41	0.00	0.00	60.27	7.53	0.00	0.00	2000
71	6.98	1026	2094	0.00	193	0	0	0	nan	0.00	0.00	2.99	89.90	93.02	0.00	36	0	42	0.00	0.00	59.00	7.51	0.00	0.00	2000
127	8.52	1531	2040	0.00	207	0	0	0	nan	0.00	0.41	4.86	83.74	91.48	0.00	36	0	41	0.00	0.00	55.97	6.77	0.00	0.00	2000
230	11.02	2021	2166	0.00	231	0	0	0	nan	0.00	0.02	6.03	85.94	88.98	0.00	37	0	42	0.00	0.00	71.28	7.96	0.00	0.00	2000
226	11.14	2058	2069	0.00	198	0	0	0	nan	0.00	0.04	4.45	83.26	88.86	0.00	37	0	41	0.00	0.00	62.74	7.13	0.00	0.00	2000
231	11.33	2034	2101	0.00	200	0	0	0	nan	0.00	0.00	5.98	82.90	88.67	0.00	37	0	42	0.00	0.00	64.89	7.50	0.00	0.00	2000
235	11.52	2045	2099	0.00	201	0	0	0	nan	0.00	0.02	6.28	82.32	88.48	0.00	36	0	41	0.00	0.00	65.13	7.46	0.00	0.00	2000
230	11.56	1988	2100	0.00	211	0	0	0	nan	0.00	0.00	6.67	81.96	88.44	0.00	37	0	42	0.00	0.00	69.08	8.10	0.00	0.00	2000
233	11.31	2040	2123	0.00	201	0	0	0	nan	0.00	0.00	5.66	84.13	88.69	0.00	37	0	41	0.00	0.00	66.56	7.79	0.00	0.00	2000
234	11.26	2082	2099	0.00	201	0	0	0	nan	0.00	0.01	7.30	81.50	88.74	0.00	37	0	42	0.00	0.00	64.57	7.70	0.00	0.00	2000
233	11.62	2017	2091	0.00	197	0	0	0	nan	0.00	0.00	6.71	81.42	88.38	0.00	37	0	42	0.00	0.00	65.60	7.73	0.00	0.00	2000
229	10.95	2096	2092	0.00	203	0	0	0	nan	0.00	0.00	5.56	83.23	89.05	0.00	38	0	41	0.00	0.00	65.83	7.75	0.00	0.00	2000
234	11.21	2071	2119	0.00	198	0	0	0	nan	0.00	0.00	5.76	83.96	88.79	0.00	38	0	41	0.00	0.00	65.05	7.62	0.00	0.00	2000
229	11.11	2053	2106	0.00	196	0	0	0	nan	0.00	0.00	5.20	84.11	88.89	0.00	38	0	41	0.00	0.00	64.98	7.55	0.00	0.00	2000
225	10.96	2078	2073	0.00	198	0	0	0	nan	0.00	0.00	4.43	83.69	89.04	0.00	39	0	41	0.00	0.00	64.78	7.50	0.00	0.00	2000
230	10.92	2104	2104	0.00	199	0	0	0	nan	0.00	0.01	3.78	85.60	89.08	0.00	38	0	41	0.00	0.00	64.53	7.32	0.00	0.00	2000
227	11.66	1995	2048	0.00	200	0	0	4	87.89	0.00	0.04	2.67	83.65	88.34	0.00	39	0	42	0.00	0.00	61.66	7.38	0.00	0.00	2000
234	10.98	2052	2184	0.58	212	0	0	15	85.73	0.00	0.02	4.19	88.59	89.02	0.00	39	0	42	0.00	0.00	68.39	8.00	0.00	0.00	2000
223	11.64	1988	2026	0.00	196	0	0	0	nan	0.00	0.00	3.74	81.65	88.36	0.00	39	0	42	0.00	0.00	62.04	7.19	0.00	0.00	2000
237	11.41	2043	2137	0.00	216	0	0	0	nan	0.00	0.00	4.10	86.22	88.59	0.00	38	0	42	0.00	0.00	66.41	7.83	0.00	0.00	2000
227	11.04	2046	2108	0.00	215	0	0	0	nan	0.00	0.00	6.90	82.61	88.96	0.00	37	0	42	0.00	0.00	69.50	8.16	0.00	0.00	2000
233	11.21	2053	2131	0.00	195	0	0	0	nan	0.00	0.00	5.53	84.69	88.79	0.00	37	0	42	0.00	0.00	63.99	7.41	0.00	0.00	2000
232	11.12	2088	2101	0.00	214	0	0	0	nan	0.00	0.05	2.85	86.19	88.88	0.00	37	0	42	0.00	0.00	66.85	7.84	0.00	0.00	2000
231	11.03	2088	2104	0.00	198	0	0	0	nan	0.00	0.00	5.07	84.26	88.97	0.00	37	0	42	0.00	0.00	65.43	7.70	0.00	0.00	2000
232	11.08	2105	2087	0.00	181	0	0	0	nan	0.00	0.00	5.55	83.00	88.92	0.00	37	0	42	0.00	0.00	65.49	7.49	0.00	0.00	2000
226	11.14	2073	2054	0.00	202	0	0	0	nan	0.00	0.02	3.08	83.99	88.86	0.00	37	0	41	0.00	0.00	60.46	7.09	0.00	0.00	2000
238	11.33	2037	2165	0.00	214	0	0	0	nan	0.00	0.00	4.55	87.02	88.67	0.00	37	0	42	0.00	0.00	68.87	8.05	0.00	0.00	2000
226	11.53	2022	2040	0.00	199	0	0	0	nan	0.00	0.44	4.84	80.89	88.47	0.00	37	0	42	0.00	0.00	62.53	7.30	0.00	0.00	2000
236	11.29	2030	2162	0.00	216	0	0	0	nan	0.00	0.00	5.38	86.13	88.71	0.00	37	0	42	0.00	0.00	67.78	7.94	0.00	0.00	2000
233	11.39	2044	2106	0.00	200	0	0	0	nan	0.00	0.00	4.82	84.08	88.61	0.00	37	0	42	0.00	0.00	65.67	7.64	0.00	0.00	2000
225	11.24	2063	2040	0.00	197	0	0	0	nan	0.00	0.03	5.02	81.34	88.76	0.00	38	0	42	0.00	0.00	63.23	7.49	0.00	0.00	2000
231	11.22	2001	2158	0.00	216	0	0	0	nan	0.00	0.00	4.30	87.03	88.78	0.00	39	0	41	0.00	0.00	68.47	7.88	0.00	0.00	2000
230	11.18	2051	2102	0.00	195	0	0	0	nan	0.00	0.00	4.29	84.77	88.82	0.00	38	0	42	0.00	0.00	65.53	7.65	0.00	0.00	2000
230	11.20	2070	2086	0.26	198	0	0	19	75.62	0.00	0.03	5.28	83.04	88.80	0.00	38	0	42	0.00	0.00	66.78	7.93	0.00	0.00	2000
229	11.30	2052	2070	0.47	201	0	0	9	71.97	0.00	0.00	4.84	82.63	88.70	0.00	37	0	41	0.00	0.00	64.64	7.42	0.00	0.00	2000
237	11.41	2032	2144	0.00	199	0	0	0	nan	0.00	0.00	4.33	86.24	88.59	0.00	38	0	41	0.00	0.00	66.35	7.91	0.00	0.00	2000
229	11.24	2046	2095	0.00	196	0	0	0	nan	0.00	0.02	4.63	84.11	88.76	0.00	38	0	41	0.00	0.00	64.87	7.59	0.00	0.00	2000
232	10.84	2134	2103	0.00	197	0	0	0	nan	0.00	0.02	3.65	85.81	89.16	0.00	38	0	42	0.00	0.00	66.44	7.68	0.00	0.00	2000
234	12.99	2171	1742	0.00	206	0	0	0	nan	0.00	0.00	7.48	64.77	87.01	0.00	37	0	42	0.00	0.00	52.33	6.20	0.00	0.00	2000
242	9.97	2014	2533	0.00	232	0	0	0	nan	0.00	2.12	6.22	100.45	90.03	0.00	38	0	42	0.00	0.00	79.89	9.46	0.00	0.00	2000
224	11.03	2029	2104	0.00	194	0	0	0	nan	0.00	0.03	7.40	81.86	88.97	0.00	38	0	42	0.00	0.00	66.09	7.66	0.00	0.00	2000
224	10.52	2129	2097	0.00	195	0	0	0	nan	0.00	0.97	5.51	83.06	89.48	0.00	39	0	42	0.00	0.00	66.30	7.61	0.00	0.00	2000
224	11.13	2016	2099	0.00	199	0	0	0	nan	0.02	0.92	7.54	80.56	88.87	0.00	39	0	42	0.00	0.00	64.68	7.37	0.00	0.00	2000
226	10.74	2105	2099	0.00	202	0	0	0	nan	0.00	0.01	6.00	83.21	89.26	0.00	40	0	42	0.00	0.00	63.46	7.31	0.00	0.00	2000
221	10.90	2034	2099	0.00	200	0	0	0	nan	0.00	0.00	7.22	81.99	89.10	0.00	40	0	42	0.00	0.00	65.69	7.65	0.00	0.00	2000
223	10.89	2044	2101	0.00	179	0	0	0	nan	0.00	0.02	7.11	82.15	89.11	0.00	39	0	42	0.00	0.00	63.50	7.41	0.00	0.00	2000
224	10.77	2074	2103	0.00	197	0	0	0	nan	0.00	0.01	5.92	83.54	89.23	0.00	39	0	42	0.00	0.00	65.84	7.82	0.00	0.00	2000
224	10.63	2108	2096	0.00	199	0	0	0	nan	0.01	0.00	4.92	84.25	89.37	0.00	39	0	42	0.00	0.00	65.49	7.55	0.00	0.00	2000
227	11.22	2040	2086	0.00	199	0	0	0	nan	0.00	0.04	6.96	81.33	88.78	0.00	39	0	42	0.00	0.00	64.68	7.53	0.00	0.00	2000
230	10.89	2094	2114	0.00	215	0	0	0	nan	0.00	0.00	9.67	80.10	89.11	0.00	39	0	42	0.00	0.00	66.46	7.68	0.00	0.00	2000
222	10.65	2098	2088	0.08	196	0	0	11	81.19	0.00	0.00	6.57	82.26	89.35	0.00	39	0	42	0.00	0.00	64.95	7.46	0.00	0.00	2000
224	10.57	2110	2109	0.75	197	0	0	9	84.24	0.00	0.00	4.93	84.87	89.43	0.00	39	0	41	0.00	0.00	63.63	7.32	0.00	0.00	2000
224	10.86	2074	2092	0.00	196	0	0	0	nan	0.00	0.03	4.97	83.86	89.14	0.00	39	0	41	0.00	0.00	65.79	7.59	0.00	0.00	2000
223	10.72	2070	2110	0.00	197	0	0	0	nan	0.00	0.03	2.90	86.90	89.28	0.00	39	0	42	0.00	0.00	65.14	7.45	0.00	0.00	2000
222	11.27	2080	1987	0.00	201	0	0	0	nan	0.00	0.00	6.64	77.39	88.73	0.00	39	0	42	0.00	0.00	59.15	6.96	0.00	0.00	2000
227	9.92	2160	2227	0.00	195	0	0	0	nan	0.00	0.96	6.28	88.44	90.08	0.00	39	0	42	0.00	0.00	73.09	8.45	0.00	0.00	2000
224	10.85	2065	2098	0.00	195	0	0	0	nan	0.00	0.00	8.42	80.74	89.15	0.00	40	0	42	0.00	0.00	62.02	7.32	0.00	0.00	2000
571	25.37	2461	1919	0.00	215	0	0	0	nan	0.00	0.03	4.22	64.08	74.63	0.00	38	0	42	0.00	0.00	66.27	7.82	0.00	0.00	2000
690	27.48	2500	2108	0.00	259	0	0	0	nan	0.00	0.00	3.20	69.72	72.52	0.00	38	0	41	0.00	0.00	75.20	8.53	0.00	0.00	2000
686	27.44	2500	2100	0.00	232	0	0	0	nan	0.00	0.00	3.56	69.12	72.56	0.00	38	0	42	0.00	0.00	74.16	8.62	0.00	0.00	2000
687	27.49	2500	2101	0.00	276	0	0	0	nan	0.00	0.01	4.27	68.36	72.51	0.00	39	0	42	0.00	0.00	74.53	8.39	0.00	0.00	2000
685	27.41	2500	2099	0.00	251	0	0	0	nan	0.00	0.00	3.63	69.06	72.59	0.00	39	0	41	0.00	0.00	74.97	8.47	0.00	0.00	2000
688	27.52	2500	2100	0.00	261	0	0	0	nan	0.00	0.00	3.80	68.80	72.48	0.00	39	0	42	0.00	0.00	74.56	8.44	0.00	0.00	2000
691	27.36	2500	2122	0.00	252	0	0	0	nan	0.00	0.00	4.20	69.33	72.65	0.00	39	0	41	0.00	0.00	74.68	8.48	0.00	0.00	2000
684	27.73	2500	2073	0.00	237	0	0	0	nan	0.00	0.01	3.78	67.69	72.28	0.00	39	0	41	0.00	0.00	74.43	8.39	0.00	0.00	2000
687	27.41	2500	2104	0.00	259	0	0	19	71.38	0.00	0.01	2.65	70.20	72.59	0.00	39	0	41	0.00	0.00	74.06	8.36	0.00	0.00	2000
691	27.64	2500	2101	0.55	253	0	0	37	71.61	0.00	0.00	4.43	68.08	72.36	0.00	39	0	41	0.00	0.00	75.11	8.45	0.00	0.00	2000
686	27.44	2500	2101	0.00	262	0	0	0	nan	0.00	0.01	3.51	69.18	72.56	0.00	39	0	42	0.00	0.00	74.70	8.30	0.00	0.00	2000
688	27.54	2500	2100	0.00	248	0	0	0	nan	0.00	0.00	3.79	68.78	72.46	0.00	39	0	41	0.00	0.00	74.82	8.41	0.00	0.00	2000
686	27.44	2500	2100	0.00	261	0	0	0	nan	0.00	0.00	3.58	69.09	72.56	0.00	39	0	42	0.00	0.00	74.50	8.34	0.00	0.00	2000
712	27.79	2500	2152	0.00	251	0	0	0	nan	0.00	0.00	4.36	69.78	72.21	0.00	39	0	42	0.00	0.00	77.91	8.66	0.00	0.00	2000
291	12.59	2207	2197	0.00	301	0	0	0	nan	0.00	0.00	8.35	83.17	87.41	0.00	37	0	42	0.00	0.00	67.97	7.95	0.00	0.00	2000
235	11.32	2058	2118	0.00	208	0	0	0	nan	0.00	0.02	3.42	86.20	88.68	0.00	38	0	42	0.00	0.00	64.69	7.53	0.00	0.00	2000
233	11.30	2058	2107	0.00	199	0	0	0	nan	0.00	0.57	3.19	85.37	88.70	0.00	38	0	42	0.00	0.00	66.08	7.61	0.00	0.00	2000
229	11.15	2062	2095	0.00	201	0	0	0	nan	0.00	0.03	3.78	85.04	88.85	0.00	38	0	42	0.00	0.00	65.57	7.55	0.00	0.00	2000
229	11.25	2026	2111	0.00	198	0	0	0	nan	0.00	0.06	2.88	86.39	88.75	0.00	38	0	42	0.00	0.00	65.51	7.64	0.00	0.00	2000
228	11.31	2016	2098	0.00	198	0	0	0	nan	0.00	0.05	3.61	85.15	88.69	0.00	38	0	42	0.00	0.00	64.25	7.45	0.00	0.00	2000
228	11.36	2005	2100	0.00	199	0	0	0	nan	0.00	0.00	4.48	84.38	88.64	0.00	38	0	42	0.00	0.00	63.02	7.34	0.00	0.00	2000
229	11.65	1962	2102	0.00	199	0	0	0	nan	0.00	0.00	6.43	82.19	88.35	0.00	38	0	42	0.00	0.00	66.85	7.78	0.00	0.00	2000
229	11.36	2021	2095	0.00	202	0	0	0	nan	0.00	0.01	5.83	82.65	88.64	0.00	38	0	42	0.00	0.00	64.79	7.33	0.00	0.00	2000
227	11.22	2035	2092	0.00	197	0	0	0	nan	0.00	0.00	5.88	82.76	88.78	0.00	38	0	42	0.00	0.00	62.89	7.27	0.00	0.00	2000
234	11.50	2037	2099	0.28	199	0	0	2	68.00	0.00	0.02	7.08	81.56	88.50	0.00	38	0	42	0.00	0.00	65.64	7.47	0.00	0.00	2000
230	11.10	2072	2099	0.43	198	0	0	1	89.12	0.00	0.04	5.94	82.94	88.90	0.00	38	0	42	0.00	0.00	64.82	7.60	0.00	0.00	2000
228	11.48	1977	2109	0.00	198	0	0	0	nan	0.00	0.00	6.04	83.01	88.52	0.00	38	0	42	0.00	0.00	64.17	7.58	0.00	0.00	2000
234	11.16	2082	2118	0.00	197	0	0	0	nan	0.00	0.00	5.44	84.28	88.84	0.00	38	0	42	0.00	0.00	66.43	7.60	0.00	0.00	2000
226	10.84	2094	2090	0.00	201	0	0	0	nan	0.00	0.02	5.49	83.39	89.16	0.00	38	0	42	0.00	0.00	65.45	7.55	0.00	0.00	2000
228	11.20	2067	2067	0.00	202	0	0	0	nan	0.00	0.05	5.82	81.70	88.80	0.00	38	0	41	0.00	0.00	64.29	7.51	0.00	0.00	2000
232	11.18	2055	2123	0.00	198	0	0	0	nan	0.00	0.00	7.09	82.76	88.82	0.00	37	0	42	0.00	0.00	67.15	7.97	0.00	0.00	2000
231	11.20	2062	2095	0.00	195	0	0	0	nan	0.03	1.06	4.35	83.37	88.80	0.00	38	0	42	0.00	0.00	65.42	7.64	0.00	0.00	2000
232	11.69	1974	2110	0.00	198	0	0	0	nan	0.00	0.00	6.66	82.16	88.31	0.00	38	0	41	0.00	0.00	64.49	7.59	0.00	0.00	2000
230	11.31	2043	2092	0.00	201	0	0	0	nan	0.00	0.00	6.67	81.80	88.69	0.00	38	0	42	0.00	0.00	65.26	7.59	0.00	0.00	2000
230	10.92	2089	2115	0.00	197	0	0	0	nan	0.00	0.00	7.62	82.23	89.08	0.00	38	0	42	0.00	0.00	65.85	7.60	0.00	0.00	2000
229	10.90	2104	2100	0.00	195	0	0	0	nan	0.00	0.00	5.91	83.28	89.10	0.00	38	0	42	0.00	0.00	65.26	7.58	0.00	0.00	2000
226	11.13	2069	2063	0.00	183	0	0	0	nan	0.00	0.01	6.17	81.28	88.87	0.00	38	0	42	0.00	0.00	61.01	7.06	0.00	0.00	2000
174	9.74	1768	2126	0.00	215	0	0	0	nan	0.00	0.00	9.97	81.55	90.26	0.00	37	0	41	0.00	0.00	65.71	7.83	0.00	0.00	2000
78	6.92	1133	2095	0.00	198	0	0	0	nan	0.00	0.01	8.03	84.92	93.08	0.00	37	0	42	0.00	0.00	60.44	7.59	0.00	0.00	2000
193	10.23	1897	2088	0.00	199	0	0	0	nan	0.00	0.00	9.96	79.45	89.77	0.00	38	0	42	0.00	0.00	62.81	7.65	0.00	0.00	2000
222	10.72	2042	2126	0.00	194	0	0	0	nan	0.00	0.03	6.37	84.01	89.28	0.00	39	0	42	0.00	0.00	65.33	7.59	0.00	0.00	2000
219	10.84	2038	2085	0.22	213	0	0	3	89.74	0.00	0.00	6.07	82.58	89.16	0.00	39	0	42	0.00	0.00	62.88	7.18	0.00	0.00	2000
104	7.38	1422	2090	0.72	198	0	0	4	92.59	0.00	0.00	5.28	87.00	92.62	0.00	37	0	41	0.00	0.00	60.83	7.49	0.00	0.00	2000
74	7.30	1010	2100	0.00	218	0	0	0	nan	0.00	0.00	6.83	86.05	92.70	0.00	37	0	41	0.00	0.00	59.91	7.54	0.00	0.00	2000
74	7.10	1038	2102	0.00	198	0	0	0	nan	0.00	0.00	8.06	85.13	92.90	0.00	37	0	41	0.00	0.00	58.50	7.36	0.00	0.00	2000
75	6.97	1067	2103	0.00	197	0	0	0	nan	0.01	0.02	7.85	85.49	93.03	0.00	36	0	42	0.00	0.00	58.52	7.28	0.00	0.00	2000
77	7.20	1065	2118	0.00	212	0	0	0	nan	0.00	0.00	7.74	86.02	92.80	0.00	37	0	42	0.00	0.00	61.77	7.77	0.00	0.00	2000
75	6.46	1165	2104	0.00	200	0	0	0	nan	0.00	1.86	9.19	82.84	93.54	0.00	36	0	41	0.00	0.00	59.77	7.41	0.00	0.00	2000
75	7.50	1001	2097	0.00	197	0	0	0	nan	0.00	0.00	6.45	86.10	92.50	0.00	36	0	41	0.00	0.00	58.16	7.33	0.00	0.00	2000
78	7.20	1086	2108	0.00	199	0	0	0	nan	0.04	0.00	8.29	84.93	92.80	0.00	36	0	42	0.00	0.00	59.12	7.52	0.00	0.00	2000
76	6.44	1186	2101	0.00	195	0	0	0	nan	0.00	0.02	6.89	86.80	93.56	0.00	36	0	41	0.00	0.00	60.15	7.75	0.00	0.00	2000
77	6.85	1119	2096	0.00	196	0	0	0	nan	0.00	0.00	5.35	87.79	93.15	0.00	37	0	42	0.00	0.00	58.88	7.42	0.00	0.00	2000
77	6.57	1174	2099	0.00	182	0	0	0	nan	0.00	0.06	3.79	89.67	93.43	0.00	36	0	42	0.00	0.00	56.85	7.19	0.00	0.00	2000
74	6.71	1110	2079	0.00	212	0	0	0	nan	0.00	0.00	7.93	84.45	93.29	0.00	36	0	42	0.00	0.00	56.92	7.12	0.00	0.00	2000
73	6.91	1069	2090	0.00	198	0	0	0	nan	0.00	0.03	3.38	89.41	93.09	0.00	36	0	42	0.00	0.00	59.24	7.42	0.00	0.00	2000
76	6.83	1097	2128	0.00	198	0	0	0	nan	0.00	0.02	5.24	89.18	93.17	0.00	36	0	42	0.00	0.00	59.57	7.49	0.00	0.00	2000
74	6.41	1170	2079	0.00	197	0	0	0	nan	0.00	0.05	5.34	87.38	93.59	0.00	36	0	42	0.00	0.00	59.29	7.51	0.00	0.00	2000
78	7.01	1119	2101	0.00	200	0	0	0	nan	0.00	0.98	5.94	86.29	92.99	0.00	37	0	42	0.00	0.00	60.06	7.42	0.00	0.00	2000
77	6.88	1109	2108	0.26	214	0	0	2	84.84	0.00	0.00	8.45	85.10	93.12	0.00	36	0	42	0.00	0.00	59.67	7.48	0.00	0.00	2000
75	6.80	1092	2110	0.24	195	0	0	1	90.46	0.00	0.00	9.01	84.74	93.20	0.00	36	0	42	0.00	0.00	59.97	7.56	0.00	0.00	2000
73	6.91	1061	2075	0.00	196	0	0	0	nan	0.00	0.00	6.67	85.32	93.09	0.00	36	0	42	0.00	0.00	57.33	7.27	0.00	0.00	2000
79	6.95	1118	2122	0.00	195	0	0	0	nan	0.00	0.02	5.65	88.44	93.05	0.00	37	0	41	0.00	0.00	58.78	7.53	0.00	0.00	2000
77	7.11	1076	2108	0.00	199	0	0	0	nan	0.00	0.02	7.76	85.57	92.89	0.00	36	0	41	0.00	0.00	60.83	7.71	0.00	0.00	2000
76	6.71	1130	2091	0.00	196	0	0	0	nan	0.00	0.00	7.31	85.70	93.29	0.00	36	0	42	0.00	0.00	59.86	7.55	0.00	0.00	2000
75	6.61	1139	2096	0.00	194	0	0	0	nan	0.00	0.00	6.37	86.82	93.39	0.00	36	0	42	0.00	0.00	60.17	7.54	0.00	0.00	2000
77	6.98	1110	2098	0.00	198	0	0	0	nan	0.00	0.04	6.49	86.51	93.02	0.00	36	0	42	0.00	0.00	56.75	7.06	0.00	0.00	2000
77	6.67	1142	2112	0.00	197	0	0	0	nan	0.04	1.03	9.50	83.46	93.33	0.00	37	0	41	0.00	0.00	59.80	7.51	0.00	0.00	2000
80	6.78	1180	2108	0.00	200	0	0	0	nan	0.06	0.08	4.16	89.43	93.22	0.00	37	0	42	0.00	0.00	63.25	7.60	0.00	0.00	2000
75	6.42	1177	2093	0.00	198	0	0	0	nan	0.00	0.44	6.48	86.46	93.58	0.00	37	0	42	0.00	0.00	56.93	7.54	0.00	0.00	2000
76	7.03	1081	2101	0.00	199	0	0	0	nan	0.00	0.00	8.55	84.54	92.97	0.00	36	0	41	0.00	0.00	58.09	7.41	0.00	0.00	2000
74	7.12	1037	2103	0.00	200	0	0	0	nan	0.00	0.02	6.23	86.95	92.88	0.00	36	0	42	0.00	0.00	61.19	7.87	0.00	0.00	2000
74	6.74	1103	2078	0.00	196	0	0	0	nan	0.00	0.00	7.15	85.23	93.26	0.00	37	0	41	0.00	0.00	57.20	7.28	0.00	0.00	2000
76	7.01	1081	2118	0.00	200	0	0	0	nan	0.00	0.00	4.07	89.73	92.99	0.00	36	0	41	0.00	0.00	57.47	7.27	0.00	0.00	2000
75	6.74	1116	2094	0.00	210	0	0	0	nan	0.00	0.02	6.89	86.01	93.26	0.00	37	0	41	0.00	0.00	60.92	7.69	0.00	0.00	2000
75	6.35	1179	2100	0.00	198	0	0	0	nan	0.00	0.00	6.21	87.34	93.65	0.00	36	0	41	0.00	0.00	57.29	7.25	0.00	0.00	2000
75	6.12	1241	2085	0.10	197	0	0	1	87.85	0.00	2.12	4.01	87.31	93.88	0.00	36	0	41	0.00	0.00	61.27	7.75	0.00	0.00	2000
74	6.98	1049	2126	0.27	197	0	0	1	90.36	0.00	0.05	5.48	88.72	93.02	0.00	36	0	41	0.00	0.00	60.78	7.83	0.00	0.00	2000
79	6.81	1165	2084	0.00	197	0	0	0	nan	0.00	0.05	5.90	86.64	93.19	0.00	36	0	42	0.00	0.00	57.18	7.26	0.00	0.00	2000
73	7.18	1018	2084	0.00	196	0	0	0	nan	0.00	0.00	6.84	85.36	92.82	0.00	36	0	41	0.00	0.00	59.44	7.49	0.00	0.00	2000
77	6.63	1142	2138	0.00	196	0	0	0	nan	0.01	0.00	6.17	88.75	93.37	0.00	36	0	42	0.00	0.00	60.39	7.70	0.00	0.00	2000
75	6.67	1121	2099	0.00	195	0	0	0	nan	0.00	0.00	6.85	86.46	93.33	0.00	36	0	42	0.00	0.00	59.17	7.23	0.00	0.00	2000
76	7.09	1074	2094	0.00	193	0	0	0	nan	0.00	0.01	7.05	85.64	92.91	0.00	36	0	42	0.00	0.00	59.24	7.43	0.00	0.00	2000
77	6.99	1100	2098	0.00	200	0	0	0	nan	0.00	0.01	6.12	86.83	93.01	0.00	36	0	41	0.00	0.00	58.98	7.26	0.00	0.00	2000
75	6.84	1098	2104	0.00	195	0	0	0	nan	0.00	0.00	8.25	85.12	93.16	0.00	37	0	42	0.00	0.00	60.19	7.59	0.00	0.00	2000
74	6.73	1110	2093	0.00	196	0	0	0	nan	0.00	0.00	6.08	86.92	93.27	0.00	36	0	41	0.00	0.00	59.18	7.42	0.00	0.00	2000
76	6.65	1138	2103	0.00	196	0	0	0	nan	0.00	0.00	6.78	86.74	93.35	0.00	36	0	41	0.00	0.00	60.22	7.65	0.00	0.00	2000
75	6.46	1156	2099	0.00	196	0	0	0	nan	0.00	0.00	4.61	88.78	93.54	0.00	36	0	42	0.00	0.00	60.19	7.39	0.00	0.00	2000
77	6.51	1204	2075	0.00	198	0	0	0	nan	0.00	0.02	6.69	85.62	93.49	0.00	36	0	41	0.00	0.00	55.71	6.98	0.00	0.00	2000
75	6.78	1093	2130	0.00	205	0	0	0	nan	0.00	0.02	4.67	89.97	93.22	0.00	36	0	42	0.00	0.00	62.40	7.60	0.00	0.00	2000
76	6.62	1153	2097	0.00	196	0	0	0	nan	0.00	0.48	3.91	88.86	93.38	0.00	36	0	42	0.00	0.00	60.49	7.59	0.00	0.00	2000
75	6.55	1144	2092	0.00	199	0	0	0	nan	0.00	0.46	5.54	87.18	93.45	0.00	36	0	42	0.00	0.00	57.98	7.32	0.00	0.00	2000
75	6.55	1149	2099	0.00	197	0	0	0	nan	0.00	0.02	7.50	85.93	93.45	0.00	36	0	42	0.00	0.00	60.06	7.42	0.00	0.00	2000
78	7.22	1076	2115	0.01	194	0	0	1	87.45	0.00	0.02	6.91	86.50	92.78	0.00	36	0	42	0.00	0.00	60.27	7.48	0.00	0.00	2000
75	7.05	1082	2073	0.16	200	0	0	1	88.16	0.00	0.06	6.81	85.05	92.95	0.00	37	0	42	0.00	0.00	58.31	7.38	0.00	0.00	2000
76	6.85	1091	2129	0.00	195	0	0	0	nan	0.00	0.02	7.16	87.23	93.15	0.00	36	0	42	0.00	0.00	58.15	7.30	0.00	0.00	2000
77	6.62	1170	2090	0.00	214	0	0	0	nan	0.00	0.01	8.11	84.76	93.38	0.00	36	0	42	0.00	0.00	59.56	7.52	0.00	0.00	2000
75	6.61	1139	2103	0.00	195	0	0	0	nan	0.00	0.00	5.98	87.42	93.39	0.00	37	0	42	0.00	0.00	60.45	7.57	0.00	0.00	2000
77	6.97	1106	2091	0.00	194	0	0	0	nan	0.00	0.01	6.20	86.39	93.03	0.00	36	0	42	0.00	0.00	58.98	7.41	0.00	0.00	2000
76	6.48	1173	2107	0.00	199	0	0	0	nan	0.00	0.00	6.80	87.16	93.52	0.00	36	0	42	0.00	0.00	59.65	7.58	0.00	0.00	2000
75	6.62	1142	2077	0.00	198	0	0	0	nan	0.00	0.06	4.66	87.77	93.38	0.00	36	0	42	0.00	0.00	56.34	7.14	0.00	0.00	2000
77	6.58	1148	2132	0.00	196	0	0	0	nan	0.00	0.45	6.49	88.09	93.42	0.00	36	0	41	0.00	0.00	61.20	7.59	0.00	0.00	2000
74	7.03	1062	2075	0.00	198	0	0	0	nan	0.00	0.00	6.46	85.60	92.97	0.00	36	0	41	0.00	0.00	59.45	7.41	0.00	0.00	2000
75	6.82	1086	2128	0.00	197	0	0	0	nan	0.01	0.00	6.66	87.85	93.18	0.00	36	0	42	0.00	0.00	60.44	7.63	0.00	0.00	2000
78	6.59	1188	2083	0.00	200	0	0	0	nan	0.00	0.05	7.48	85.16	93.41	0.00	36	0	41	0.00	0.00	57.30	7.04	0.00	0.00	2000
73	6.98	1050	2088	0.00	198	0	0	0	nan	0.00	0.00	8.67	83.93	93.02	0.00	36	0	41	0.00	0.00	60.37	7.68	0.00	0.00	2000
77	6.66	1148	2125	0.00	196	0	0	0	nan	0.02	1.29	6.26	86.92	93.34	0.00	36	0	42	0.00	0.00	59.82	7.34	0.00	0.00	2000
74	6.93	1069	2094	0.00	195	0	0	0	nan	0.00	0.00	6.48	86.32	93.07	0.00	36	0	41	0.00	0.00	58.87	7.45	0.00	0.00	2000
81	6.48	1249	2104	0.00	197	0	0	0	nan	0.00	0.02	5.96	87.71	93.52	0.00	36	0	41	0.00	0.00	59.14	7.40	0.00	0.00	2000
77	6.95	1123	2072	0.00	201	0	0	0	nan	0.00	0.01	6.29	85.44	93.05	0.00	37	0	42	0.00	0.00	59.93	7.50	0.00	0.00	2000
75	6.93	1074	2108	0.00	212	0	0	1	89.88	0.00	0.00	8.17	85.21	93.07	0.00	36	0	42	0.00	0.00	59.25	7.45	0.00	0.00	2000
73	6.95	1052	2097	0.11	198	0	0	1	90.28	0.00	0.00	9.10	83.94	93.05	0.00	36	0	42	0.00	0.00	56.99	7.20	0.00	0.00	2000
76	6.59	1143	2124	0.00	197	0	0	0	nan	0.00	0.55	2.83	91.21	93.41	0.00	36	0	41	0.00	0.00	59.29	7.41	0.00	0.00	2000
75	6.89	1080	2104	0.00	197	0	0	0	nan	0.01	0.00	7.27	86.05	93.11	0.00	36	0	42	0.00	0.00	59.11	7.58	0.00	0.00	2000
78	6.27	1251	2083	0.00	199	0	0	0	nan	0.00	0.03	6.61	86.38	93.73	0.00	36	0	41	0.00	0.00	59.76	7.68	0.00	0.00	2000
74	6.57	1126	2108	0.00	196	0	0	0	nan	0.00	0.00	6.63	87.09	93.43	0.00	37	0	41	0.00	0.00	59.60	7.49	0.00	0.00	2000
75	6.66	1124	2095	0.00	195	0	0	0	nan	0.00	0.00	6.73	86.47	93.34	0.00	36	0	42	0.00	0.00	56.17	7.47	0.00	0.00	2000
74	7.11	1041	2112	0.00	198	0	0	0	nan	0.00	0.01	6.66	86.88	92.89	0.00	37	0	41	0.00	0.00	61.30	7.43	0.00	0.00	2000
75	7.16	1050	2102	0.00	197	0	0	0	nan	0.00	0.02	5.98	87.08	92.84	0.00	36	0	41	0.00	0.00	61.00	7.64	0.00	0.00	2000
75	7.08	1079	2063	0.00	197	0	0	0	nan	0.00	0.00	7.59	83.75	92.92	0.00	36	0	41	0.00	0.00	57.22	7.27	0.00	0.00	2000
75	7.01	1069	2102	0.00	195	0	0	0	nan	0.00	0.00	8.68	84.57	92.99	0.00	36	0	41	0.00	0.00	56.20	7.11	0.00	0.00	2000
75	6.62	1120	2136	0.00	195	0	0	0	nan	0.00	0.03	7.05	87.94	93.38	0.00	36	0	42	0.00	0.00	62.53	7.95	0.00	0.00	2000
75	6.70	1117	2094	0.00	195	0	0	0	nan	0.00	0.00	6.88	86.23	93.30	0.00	36	0	42	0.00	0.00	58.70	7.48	0.00	0.00	2000
75	6.83	1090	2104	0.00	198	0	0	0	nan	0.00	0.03	3.41	90.02	93.17	0.00	36	0	41	0.00	0.00	59.33	7.67	0.00	0.00	2000
77	6.49	1192	2097	0.00	200	0	0	0	nan	0.00	0.07	5.74	87.62	93.51	0.00	36	0	41	0.00	0.00	58.39	7.37	0.00	0.00	2000
75	6.35	1186	2078	0.00	200	0	0	0	nan	0.00	0.57	4.89	87.30	93.65	0.00	36	0	41	0.00	0.00	59.33	7.20	0.00	0.00	2000
76	6.64	1141	2120	0.00	195	0	0	0	nan	0.00	0.02	6.91	87.38	93.36	0.00	36	0	41	0.00	0.00	59.49	7.74	0.00	0.00	2000
72	6.85	1065	2071	0.00	194	0	0	1	88.38	0.00	0.02	6.88	85.05	93.15	0.00	36	0	42	0.00	0.00	57.54	7.32	0.00	0.00	2000
74	7.10	1038	2100	0.12	213	0	0	2	88.28	0.00	0.00	8.54	84.52	92.90	0.00	36	0	41	0.00	0.00	58.54	7.58	0.00	0.00	2000
77	6.62	1150	2118	0.00	198	0	0	0	nan	0.00	0.96	7.30	86.04	93.38	0.00	36	0	41	0.00	0.00	59.25	7.54	0.00	0.00	2000
76	7.21	1050	2119	0.00	196	0	0	0	nan	0.00	0.03	6.98	86.77	92.79	0.00	36	0	41	0.00	0.00	59.90	7.57	0.00	0.00	2000
75	7.03	1084	2072	0.00	197	0	0	0	nan	0.04	0.00	9.59	82.28	92.97	0.00	36	0	41	0.00	0.00	59.82	7.76	0.00	0.00	2000
76	6.94	1086	2124	0.00	212	0	0	0	nan	0.00	0.02	8.19	85.99	93.06	0.00	36	0	41	0.00	0.00	59.23	7.45	0.00	0.00	2000
75	6.74	1113	2098	0.00	179	0	0	0	nan	0.00	0.02	7.54	85.81	93.26	0.00	36	0	42	0.00	0.00	56.74	7.24	0.00	0.00	2000
76	7.14	1081	2073	0.00	197	0	0	0	nan	0.00	0.00	7.10	84.66	92.86	0.00	36	0	42	0.00	0.00	59.29	7.51	0.00	0.00	2000
75	6.69	1107	2139	0.00	197	0	0	0	nan	0.00	1.60	7.75	85.72	93.31	0.00	36	0	41	0.00	0.00	59.08	7.49	0.00	0.00	2000
76	6.38	1196	2100	0.00	197	0	0	0	nan	0.00	0.45	6.90	86.32	93.62	0.00	36	0	41	0.00	0.00	60.18	7.67	0.00	0.00	2000
73	6.73	1104	2064	0.00	195	0	0	0	nan	0.00	0.02	3.95	87.70	93.27	0.00	36	0	41	0.00	0.00	59.79	7.47	0.00	0.00	2000
76	6.53	1156	2126	0.00	213	0	0	0	nan	0.00	2.16	6.70	85.95	93.47	0.00	36	0	42	0.00	0.00	59.21	7.46	0.00	0.00	2000
77	6.94	1104	2098	0.00	197	0	0	0	nan	0.03	0.00	6.92	86.21	93.06	0.00	36	0	41	0.00	0.00	59.80	7.61	0.00	0.00	2000
76	6.67	1129	2105	0.00	194	0	0	0	nan	0.00	0.01	8.13	85.42	93.33	0.00	36	0	41	0.00	0.00	59.68	7.47	0.00	0.00	2000
77	6.79	1124	2111	0.00	180	0	0	0	nan	0.00	0.00	7.90	85.85	93.21	0.00	36	0	41	0.00	0.00	58.56	7.38	0.00	0.00	2000
76	6.91	1103	2092	0.00	195	0	0	0	nan	0.00	0.02	7.60	85.15	93.09	0.00	36	0	41	0.00	0.00	59.09	7.50	0.00	0.00	2000
77	7.40	1037	2097	0.00	197	0	0	0	nan	0.00	0.00	6.79	85.70	92.60	0.00	36	0	41	0.00	0.00	58.99	7.34	0.00	0.00	2000
78	7.05	1105	2099	0.00	196	0	0	0	96.01	0.00	0.04	6.22	86.78	92.95	0.00	36	0	41	0.00	0.00	59.64	7.60	0.00	0.00	2000
74	6.76	1098	2098	0.35	196	0	0	1	81.75	0.00	0.00	6.96	86.29	93.24	0.00	36	0	41	0.00	0.00	60.22	7.59	0.00	0.00	2000
105	7.90	1323	2099	0.10	210	0	0	0	nan	0.00	0.09	8.65	83.51	92.10	0.00	36	0	41	0.00	0.00	59.80	7.40	0.00	0.00	2000
78	6.72	1149	2109	0.00	197	0	0	0	nan	0.00	0.06	4.43	89.21	93.28	0.00	36	0	42	0.00	0.00	59.14	7.36	0.00	0.00	2000
211	10.89	1994	2039	0.00	214	0	0	0	nan	0.00	0.01	10.67	75.94	89.11	0.00	37	0	41	0.00	0.00	63.83	7.29	0.00	0.00	2000
234	11.01	2074	2156	0.00	220	0	0	0	nan	0.00	0.01	7.59	83.91	88.99	0.00	38	0	41	0.00	0.00	65.63	7.49	0.00	0.00	2000
232	11.34	2047	2100	0.00	204	1	0	0	nan	0.00	0.07	5.64	83.16	88.66	0.00	39	0	42	0.00	0.00	64.31	7.79	0.00	0.00	2000
229	11.10	2072	2088	0.00	195	0	0	0	nan	0.02	0.02	4.69	83.79	88.90	0.00	39	0	41	0.00	0.00	64.89	7.71	0.00	0.00	2000
233	11.17	2071	2111	0.00	202	0	0	0	nan	0.00	0.00	7.74	81.66	88.83	0.00	39	0	41	0.00	0.00	65.19	7.90	0.00	0.00	2000
231	11.12	2084	2091	0.00	181	0	0	0	nan	0.00	0.00	7.93	80.62	88.88	0.00	38	0	42	0.00	0.00	63.06	7.73	0.00	0.00	2000
233	11.35	2080	2071	0.00	195	0	0	0	nan	0.00	0.00	8.36	79.21	88.65	0.00	38	0	42	0.00	0.00	66.48	8.10	0.00	0.00	2000
230	11.21	2038	2116	0.00	217	0	0	0	nan	0.00	0.00	9.11	80.55	88.79	0.00	39	0	42	0.00	0.00	65.49	7.50	0.00	0.00	2000
226	11.05	2070	2074	0.00	194	0	0	0	nan	0.00	0.00	8.94	79.01	88.95	0.00	39	0	41	0.00	0.00	62.24	7.20	0.00	0.00	2000
220	12.53	1998	1847	0.00	196	0	0	0	nan	0.00	0.03	5.28	71.74	87.47	0.00	37	0	42	0.00	0.00	56.26	6.54	0.00	0.00	2000
285	11.66	2117	2422	0.00	260	0	0	0	nan	0.00	0.00	10.40	91.62	88.34	0.00	37	0	42	0.00	0.00	77.31	9.05	0.00	0.00	2000
87	7.39	1178	2101	0.00	245	0	0	0	nan	0.00	0.02	9.05	83.74	92.61	0.00	36	0	42	0.00	0.00	62.45	7.81	0.00	0.00	2000
75	6.88	1078	2114	0.00	209	0	0	0	nan	0.00	0.00	2.69	91.07	93.12	0.00	36	0	42	0.00	0.00	57.88	7.40	0.00	0.00	2000
72	6.41	1118	2107	0.00	193	0	0	1	85.84	0.00	0.02	3.35	90.50	93.59	0.00	36	0	42	0.00	0.00	60.95	7.84	0.00	0.00	2000
80	7.26	1112	2077	0.37	146	0	0	2	85.33	0.00	0.05	4.47	87.33	92.74	0.00	36	0	42	0.00	0.00	57.99	7.24	0.00	0.00	2000
