Avg_MHz	Busy%	Bzy_MHz	TSC_MHz	IPC	IRQ	NMI	SMI	LLCMRPS	LLC%hit	POLL%	C1%	C1E%	C6%	CPU%c1	CPU%c6	CoreTmp	CoreThr	PkgTmp	Pkg%pc2	Pkg%pc6	PkgWatt	RAMWatt	PKG_%	RAM_%	UncMHz
403	20.20	1970	2128	0.00	260	0	0	0	nan	0.00	0.49	42.75	37.66	79.80	0.00	37	0	42	0.00	0.00	69.62	8.14	0.00	0.00	2000
417	18.15	2286	2108	0.00	232	0	0	0	nan	0.00	3.37	24.85	54.28	81.85	0.00	37	0	42	0.00	0.00	69.76	7.81	0.00	0.00	2000
77	7.07	1086	2096	0.00	194	0	0	0	nan	0.00	0.07	7.66	85.14	92.93	0.00	37	0	42	0.00	0.00	57.75	7.15	0.00	0.00	2000
73	7.16	1020	2108	0.00	209	0	0	0	nan	0.00	0.00	3.72	89.58	92.84	0.00	37	0	42	0.00	0.00	61.15	7.23	0.00	0.00	2000
75	6.84	1078	2122	0.00	193	0	0	0	nan	0.00	0.00	4.21	89.94	93.16	0.00	37	0	42	0.00	0.00	59.56	7.65	0.00	0.00	2000
72	6.85	1051	2104	0.00	193	0	0	0	nan	0.00	0.02	3.51	89.89	93.15	0.00	37	0	42	0.00	0.00	58.81	7.42	0.00	0.00	2000
72	7.05	1039	2073	0.00	193	0	0	0	nan	0.00	0.01	2.68	89.22	92.95	0.00	36	0	42	0.00	0.00	58.78	7.24	0.00	0.00	2000
69	6.88	1008	2100	0.00	209	0	0	0	nan	0.00	0.00	2.70	90.55	93.12	0.00	37	0	42	0.00	0.00	58.59	7.41	0.00	0.00	2000
73	6.87	1058	2102	0.00	193	0	0	0	nan	0.00	0.00	2.35	90.86	93.13	0.00	37	0	42	0.00	0.00	59.39	7.27	0.00	0.00	2000
72	6.95	1028	2110	0.00	194	0	0	0	nan	0.00	0.05	3.49	90.17	93.05	0.00	37	0	42	0.00	0.00	58.58	7.34	0.00	0.00	2000
72	6.97	1039	2084	0.00	213	0	0	0	nan	0.00	0.02	3.49	88.94	93.03	0.00	37	0	42	0.00	0.00	59.13	7.28	0.00	0.00	2000
72	6.72	1072	2112	0.00	194	0	0	0	nan	0.00	0.00	2.49	91.43	93.28	0.00	36	0	42	0.00	0.00	58.75	7.53	0.00	0.00	2000
74	7.08	1041	2119	0.00	194	0	0	0	nan	0.00	0.00	2.28	91.61	92.92	0.00	36	0	42	0.00	0.00	58.35	7.35	0.00	0.00	2000
72	6.91	1041	2105	0.00	193	0	0	0	nan	0.00	0.02	2.58	90.95	93.09	0.00	37	0	42	0.00	0.00	58.25	7.50	0.00	0.00	2000
73	6.67	1101	2095	0.00	194	0	0	0	nan	0.00	0.00	2.97	90.22	93.33	0.00	37	0	42	0.00	0.00	59.03	7.47	0.00	0.00	2000
71	6.76	1053	2089	0.00	194	0	0	1	88.55	0.00	0.02	3.00	89.86	93.24	0.00	37	0	42	0.00	0.00	59.20	7.41	0.00	0.00	2000
75	6.70	1106	2113	0.13	195	0	0	1	87.87	0.00	0.00	2.79	91.28	93.30	0.00	36	0	42	0.00	0.00	57.17	7.24	0.00	0.00	2000
70	6.75	1049	2067	0.00	193	0	0	0	nan	0.00	0.00	3.27	88.64	93.25	0.00	36	0	42	0.00	0.00	58.38	7.26	0.00	0.00	2000
219	10.76	2036	2104	0.00	217	0	0	0	nan	0.02	0.09	4.67	84.70	89.24	0.00	38	0	42	0.00	0.00	65.16	7.51	0.00	0.00	2000
232	11.07	2077	2120	0.00	229	0	0	0	nan	0.00	0.00	4.45	85.42	88.93	0.00	39	0	42	0.00	0.00	65.87	7.46	0.00	0.00	2000
231	11.03	2089	2106	0.00	186	0	0	0	nan	0.00	0.00	3.50	85.80	88.97	0.00	40	0	42	0.00	0.00	66.00	7.62	0.00	0.00	2000
233	11.26	2062	2107	0.00	211	0	0	0	nan	0.00	0.01	4.70	84.41	88.75	0.00	40	0	42	0.00	0.00	63.13	7.21	0.00	0.00	2000
243	11.44	2147	2083	0.00	205	0	0	0	nan	0.00	0.00	7.61	80.22	88.56	0.00	38	0	42	0.00	0.00	65.68	7.63	0.00	0.00	2000
235	11.40	2051	2107	0.00	196	0	0	0	nan	0.00	0.01	6.57	82.50	88.60	0.00	37	0	41	0.00	0.00	63.17	7.62	0.00	0.00	2000
217	11.26	1950	2077	0.00	204	0	0	0	nan	0.00	0.02	6.19	81.73	88.74	0.00	37	0	42	0.00	0.00	65.10	7.72	0.00	0.00	2000
236	11.01	2117	2124	0.00	195	0	0	0	nan	0.00	0.00	5.52	84.55	88.99	0.00	37	0	42	0.00	0.00	67.17	7.95	0.00	0.00	2000
228	11.10	2066	2092	0.00	198	0	0	0	nan	0.00	0.00	4.51	84.19	88.90	0.00	37	0	42	0.00	0.00	65.81	7.73	0.00	0.00	2000
226	11.30	2022	2074	0.00	199	0	0	0	nan	0.00	0.04	4.29	83.30	88.70	0.00	37	0	42	0.00	0.00	66.08	7.51	0.00	0.00	2000
235	11.15	2083	2123	0.00	198	0	0	0	nan	0.00	1.00	4.99	83.96	88.85	0.00	38	0	42	0.00	0.00	65.44	7.43	0.00	0.00	2000
231	11.02	2096	2100	0.00	203	0	0	0	nan	0.00	0.02	2.97	86.09	88.98	0.00	38	0	42	0.00	0.00	65.78	7.43	0.00	0.00	2000
232	11.48	2026	2091	0.00	199	0	0	0	nan	0.00	0.00	5.64	82.68	88.52	0.00	38	0	42	0.00	0.00	65.62	7.49	0.00	0.00	2000
227	11.32	2007	2100	0.00	216	0	0	0	nan	0.00	0.00	6.41	82.32	88.68	0.00	38	0	42	0.00	0.00	62.61	7.13	0.00	0.00	2000
229	10.62	2137	2120	0.00	214	0	0	5	95.31	0.00	0.01	5.29	85.00	89.38	0.00	38	0	42	0.00	0.00	66.13	7.38	0.00	0.00	2000
237	11.75	2019	2101	0.66	206	0	0	16	97.43	0.00	0.02	5.88	82.57	88.25	0.00	38	0	42	0.00	0.00	67.40	7.56	0.00	0.00	2000
230	11.19	2056	2100	0.00	197	0	0	0	nan	0.00	0.00	5.74	83.23	88.81	0.00	38	0	42	0.00	0.00	65.44	7.24	0.00	0.00	2000
231	10.72	2153	2103	0.00	199	0	0	0	nan	0.00	0.00	6.21	83.06	89.28	0.00	38	0	42	0.00	0.00	63.19	6.98	0.00	0.00	2000
231	10.69	2155	2104	0.00	198	0	0	0	nan	0.00	0.00	6.30	83.23	89.31	0.00	38	0	42	0.00	0.00	66.43	7.47	0.00	0.00	2000
227	11.13	2047	2097	0.00	199	0	0	0	nan	0.00	0.00	4.88	84.01	88.87	0.00	38	0	42	0.00	0.00	65.32	7.29	0.00	0.00	2000
235	11.02	2124	2106	0.00	199	0	0	0	nan	0.00	1.10	4.35	83.88	88.98	0.00	39	0	42	0.00	0.00	65.86	7.51	0.00	0.00	2000
224	11.09	2066	2051	0.00	203	0	0	0	nan	0.00	0.04	5.52	81.47	88.91	0.00	38	0	42	0.00	0.00	63.96	7.31	0.00	0.00	2000
235	11.34	2032	2138	0.00	216	0	0	0	nan	0.00	0.02	5.52	84.84	88.66	0.00	38	0	42	0.00	0.00	67.95	7.74	0.00	0.00	2000
231	11.33	2032	2102	0.00	199	0	0	0	nan	0.00	0.00	7.17	81.69	88.67	0.00	38	0	42	0.00	0.00	64.91	7.45	0.00	0.00	2000
235	11.32	2087	2090	0.00	198	0	0	0	nan	0.00	0.00	5.09	83.32	88.68	0.00	37	0	42	0.00	0.00	66.03	7.60	0.00	0.00	2000
217	10.87	1988	2111	0.00	184	0	0	0	nan	0.00	0.02	7.46	82.25	89.13	0.00	38	0	42	0.00	0.00	62.98	7.64	0.00	0.00	2000
229	11.12	2076	2083	0.00	227	0	0	0	nan	0.00	0.02	4.08	84.18	88.88	0.00	39	0	42	0.00	0.00	64.30	7.83	0.00	0.00	2000
229	11.42	2016	2090	0.00	203	0	0	0	nan	0.00	0.02	4.01	84.35	88.58	0.00	39	0	42	0.00	0.00	64.23	7.58	0.00	0.00	2000
232	11.27	2050	2109	0.00	219	0	0	0	nan	0.00	0.00	4.51	84.78	88.73	0.00	40	0	42	0.00	0.00	67.54	8.02	0.00	0.00	2000
233	11.22	2053	2123	0.00	204	0	0	0	nan	0.00	0.03	4.41	85.53	88.78	0.00	40	0	42	0.00	0.00	65.79	7.96	0.00	0.00	2000
234	11.17	2095	2099	0.00	214	0	0	0	nan	0.00	0.02	2.97	85.90	88.83	0.00	40	0	42	0.00	0.00	65.13	7.83	0.00	0.00	2000
230	11.04	2088	2096	0.00	203	0	0	1	71.60	0.00	0.00	3.59	85.26	88.96	0.00	40	0	42	0.00	0.00	64.46	7.76	0.00	0.00	2000
233	11.03	2107	2105	0.54	206	0	0	3	62.29	0.00	0.00	5.43	83.84	88.97	0.00	40	0	42	0.00	0.00	65.39	7.86	0.00	0.00	2000
230	10.93	2107	2094	0.00	188	0	0	0	nan	0.00	0.00	3.40	85.53	89.07	0.00	41	0	42	0.00	0.00	63.05	7.34	0.00	0.00	2000
228	10.90	2098	2097	0.00	204	0	0	0	nan	0.00	0.00	3.25	85.79	89.10	0.00	41	0	42	0.00	0.00	62.83	6.97	0.00	0.00	2000
233	10.81	2139	2118	0.00	204	0	0	0	nan	0.00	0.04	2.92	87.08	89.20	0.00	41	0	42	0.00	0.00	66.22	7.41	0.00	0.00	2000
225	10.60	2160	2069	0.00	211	0	0	0	nan	0.00	0.02	3.14	85.01	89.40	0.00	40	0	42	0.00	0.00	65.69	7.68	0.00	0.00	2000
231	11.06	2071	2119	0.00	203	0	0	0	nan	0.00	0.02	2.38	87.50	88.94	0.00	41	0	42	0.00	0.00	65.92	7.66	0.00	0.00	2000
227	10.95	2077	2093	0.00	203	0	0	0	nan	0.00	0.02	2.67	86.17	89.05	0.00	41	0	42	0.00	0.00	62.77	7.11	0.00	0.00	2000
228	10.91	2087	2107	0.00	201	0	0	0	nan	0.00	0.02	2.64	86.89	89.09	0.00	41	0	42	0.00	0.00	64.79	7.36	0.00	0.00	2000
233	11.20	2063	2114	0.00	203	0	0	0	nan	0.00	0.00	3.65	85.79	88.80	0.00	41	0	42	0.00	0.00	65.55	7.47	0.00	0.00	2000
227	10.66	2135	2092	0.00	212	0	0	0	nan	0.00	0.02	3.76	85.32	89.34	0.00	41	0	42	0.00	0.00	65.17	7.31	0.00	0.00	2000
228	10.57	2160	2099	0.00	206	0	0	0	nan	0.00	0.00	3.54	85.89	89.43	0.00	41	0	42	0.00	0.00	64.71	7.27	0.00	0.00	2000
225	10.79	2095	2087	0.00	203	0	0	0	nan	0.00	0.00	3.41	85.42	89.21	0.00	41	0	42	0.00	0.00	64.26	7.31	0.00	0.00	2000
230	10.68	2149	2108	0.00	203	0	0	0	nan	0.00	0.01	3.76	85.98	89.32	0.00	40	0	42	0.00	0.00	65.27	7.43	0.00	0.00	2000
231	11.04	2085	2111	0.00	203	0	0	0	nan	0.00	0.00	3.55	85.97	88.96	0.00	41	0	42	0.00	0.00	65.26	7.46	0.00	0.00	2000
228	10.96	2093	2092	0.00	211	0	0	0	nan	0.00	0.00	3.90	84.97	89.04	0.00	41	0	42	0.00	0.00	65.83	7.47	0.00	0.00	2000
225	11.15	2038	2077	0.00	203	0	0	0	nan	0.00	0.02	3.23	84.66	88.85	0.00	40	0	42	0.00	0.00	62.59	7.13	0.00	0.00	2000
230	11.15	2057	2109	0.00	203	0	0	0	91.08	0.01	0.00	3.49	85.86	88.85	0.00	40	0	42	0.00	0.00	65.45	7.66	0.00	0.00	2000
230	10.70	2140	2110	1.08	203	0	0	5	72.22	0.00	0.00	3.45	86.35	89.30	0.00	41	0	42	0.00	0.00	66.01	7.58	0.00	0.00	2000
233	11.16	2079	2104	0.06	204	0	0	0	nan	0.00	0.00	3.36	85.78	88.84	0.00	41	0	42	0.00	0.00	66.00	7.70	0.00	0.00	2000
231	10.83	2133	2096	0.00	212	0	0	0	nan	0.00	0.01	3.77	85.33	89.17	0.00	41	0	42	0.00	0.00	65.20	7.48	0.00	0.00	2000
230	11.14	2054	2114	0.00	204	0	0	0	nan	0.00	0.00	3.65	85.85	88.86	0.00	41	0	42	0.00	0.00	64.75	7.46	0.00	0.00	2000
230	11.24	2060	2083	0.00	206	0	0	0	nan	0.00	0.02	3.94	84.18	88.76	0.00	41	0	42	0.00	0.00	66.45	7.63	0.00	0.00	2000
228	11.24	2039	2088	0.00	204	0	0	0	nan	0.00	0.00	2.94	85.42	88.76	0.00	41	0	42	0.00	0.00	62.76	7.31	0.00	0.00	2000
231	10.85	2097	2127	0.00	203	0	0	0	nan	0.00	0.02	3.14	87.25	89.15	0.00	41	0	42	0.00	0.00	65.72	7.68	0.00	0.00	2000
232	11.20	2066	2103	0.00	216	0	0	0	nan	0.00	0.00	4.38	84.69	88.80	0.00	41	0	42	0.00	0.00	65.47	7.36	0.00	0.00	2000
227	10.87	2098	2091	0.00	202	0	0	0	nan	0.00	0.02	3.66	85.21	89.13	0.00	42	0	42	0.00	0.00	64.63	7.45	0.00	0.00	2000
226	10.78	2110	2083	0.00	203	0	0	0	nan	0.00	0.00	3.67	84.91	89.22	0.00	41	0	42	0.00	0.00	64.21	7.40	0.00	0.00	2000
226	10.94	2077	2089	0.00	203	0	0	0	nan	0.00	0.02	3.47	85.15	89.06	0.00	41	0	42	0.00	0.00	64.26	7.46	0.00	0.00	2000
228	11.10	2055	2098	0.00	219	0	0	0	nan	0.00	0.00	4.63	84.28	88.90	0.00	42	0	42	0.00	0.00	64.84	7.25	0.00	0.00	2000
232	10.98	2084	2126	0.00	212	0	0	0	nan	0.00	0.00	4.43	85.77	89.02	0.00	41	0	42	0.00	0.00	65.70	7.55	0.00	0.00	2000
230	10.86	2106	2108	0.00	219	0	0	0	nan	0.00	0.02	2.88	86.68	89.14	0.00	41	0	42	0.00	0.00	65.89	7.37	0.00	0.00	2000
226	10.82	2103	2084	0.00	190	0	0	0	nan	0.00	0.00	3.22	85.42	89.18	0.00	41	0	42	0.00	0.00	63.64	7.58	0.00	0.00	2000
230	10.85	2109	2107	0.00	203	0	0	0	nan	0.00	0.02	3.26	86.25	89.15	0.00	41	0	42	0.00	0.00	65.22	7.39	0.00	0.00	2000
226	11.09	2054	2085	0.00	203	0	0	0	nan	0.00	0.00	3.30	85.01	88.91	0.00	41	0	42	0.00	0.00	64.29	7.12	0.00	0.00	2000
233	11.18	2075	2107	1.09	214	0	0	3	74.35	0.00	0.00	3.87	85.34	88.82	0.00	41	0	42	0.00	0.00	65.29	7.23	0.00	0.00	2000
225	10.96	2065	2086	0.06	204	0	0	0	nan	0.00	0.02	3.29	85.23	89.04	0.00	41	0	42	0.00	0.00	64.32	7.25	0.00	0.00	2000
231	11.25	2022	2135	0.00	218	0	0	0	nan	0.00	0.02	4.33	86.05	88.75	0.00	41	0	42	0.00	0.00	66.34	7.49	0.00	0.00	2000
225	10.79	2100	2085	0.00	202	0	0	0	nan	0.00	0.02	3.82	84.80	89.21	0.00	41	0	42	0.00	0.00	59.75	7.15	0.00	0.00	2000
231	11.22	2059	2096	0.00	202	0	0	0	nan	0.01	0.00	2.56	86.07	88.78	0.00	41	0	42	0.00	0.00	69.46	7.66	0.00	0.00	2000
227	10.87	2102	2084	0.00	214	0	0	0	nan	0.00	0.02	3.63	84.91	89.13	0.00	41	0	42	0.00	0.00	64.57	7.42	0.00	0.00	2000
227	10.79	2096	2103	0.00	203	0	0	0	nan	0.00	0.02	3.62	85.78	89.21	0.00	41	0	42	0.00	0.00	65.17	7.57	0.00	0.00	2000
231	10.76	2130	2120	0.00	221	0	0	0	nan	0.00	0.02	4.63	85.52	89.24	0.00	41	0	42	0.00	0.00	65.86	7.52	0.00	0.00	2000
226	10.93	2088	2080	0.00	204	0	0	0	nan	0.01	0.00	3.54	84.81	89.07	0.00	41	0	42	0.00	0.00	64.04	7.25	0.00	0.00	2000
234	11.10	2074	2137	0.00	203	0	0	0	nan	0.00	0.00	3.64	86.92	88.90	0.00	41	0	42	0.00	0.00	66.56	7.56	0.00	0.00	2000
223	10.79	2098	2065	0.00	213	0	0	0	nan	0.00	0.00	3.52	84.33	89.21	0.00	41	0	42	0.00	0.00	63.24	7.08	0.00	0.00	2000
230	10.83	2100	2120	0.00	204	0	0	0	nan	0.00	0.00	3.81	86.30	89.17	0.00	42	0	42	0.00	0.00	65.62	7.38	0.00	0.00	2000
226	11.16	2048	2077	0.00	203	0	0	0	nan	0.00	0.02	3.44	84.52	88.84	0.00	41	0	42	0.00	0.00	64.06	7.22	0.00	0.00	2000
228	11.11	2047	2111	0.00	205	0	0	0	nan	0.00	0.04	3.89	85.58	88.89	0.00	41	0	42	0.00	0.00	65.41	7.36	0.00	0.00	2000
234	10.98	2102	2129	0.00	203	0	0	0	nan	0.00	0.03	3.68	86.61	89.02	0.00	41	0	42	0.00	0.00	66.34	7.57	0.00	0.00	2000
224	10.76	2110	2074	0.00	213	0	0	0	nan	0.00	0.02	3.65	84.62	89.24	0.00	41	0	42	0.00	0.00	63.73	7.32	0.00	0.00	2000
229	10.74	2126	2104	0.00	203	0	0	0	nan	0.00	0.00	3.54	85.95	89.26	0.00	41	0	42	0.00	0.00	64.92	7.32	0.00	0.00	2000
226	10.93	2084	2084	0.73	203	0	0	4	84.04	0.00	0.01	3.08	85.38	89.07	0.00	41	0	42	0.00	0.00	64.39	7.11	0.00	0.00	2000
232	10.93	2091	2132	0.06	219	0	0	0	nan	0.00	0.00	4.57	85.99	89.07	0.00	41	0	42	0.00	0.00	64.18	7.45	0.00	0.00	2000
230	11.12	2063	2105	0.00	203	0	0	0	nan	0.00	0.00	3.29	85.91	88.89	0.00	41	0	42	0.00	0.00	67.64	7.62	0.00	0.00	2000
224	10.80	2100	2073	0.00	213	0	0	0	nan	0.00	0.00	3.47	84.64	89.20	0.00	41	0	42	0.00	0.00	63.58	7.31	0.00	0.00	2000
226	10.99	2068	2091	0.00	203	0	0	0	nan	0.00	0.02	3.51	85.16	89.01	0.00	41	0	42	0.00	0.00	64.41	7.34	0.00	0.00	2000
230	10.93	2080	2125	0.00	219	0	0	0	nan	0.00	0.00	4.58	85.58	89.07	0.00	41	0	42	0.00	0.00	64.23	7.33	0.00	0.00	2000
228	11.05	2051	2109	0.00	203	0	0	0	nan	0.00	0.00	3.63	85.78	88.95	0.00	41	0	42	0.00	0.00	64.29	7.32	0.00	0.00	2000
231	10.78	2144	2097	0.00	204	0	0	0	nan	0.00	0.02	3.95	85.19	89.22	0.00	41	0	42	0.00	0.00	66.05	7.52	0.00	0.00	2000
222	10.76	2097	2068	0.00	197	0	0	0	nan	0.00	0.00	2.98	85.00	89.24	0.00	41	0	42	0.00	0.00	64.05	7.34	0.00	0.00	2000
231	11.34	2014	2127	0.00	220	0	0	0	nan	0.00	0.00	3.58	86.32	88.66	0.00	41	0	42	0.00	0.00	63.82	7.43	0.00	0.00	2000
228	11.19	2043	2098	0.00	205	0	0	0	nan	0.00	0.02	3.72	85.08	88.81	0.00	41	0	42	0.00	0.00	65.06	7.40	0.00	0.00	2000
229	11.10	2060	2098	0.00	204	0	0	0	nan	0.00	0.00	2.62	86.29	88.90	0.00	41	0	42	0.00	0.00	65.01	7.61	0.00	0.00	2000
228	11.20	2059	2076	0.00	203	0	0	0	nan	0.00	0.00	2.93	84.89	88.80	0.00	41	0	42	0.00	0.00	67.47	7.71	0.00	0.00	2000
232	11.19	2049	2124	0.00	231	0	0	0	nan	0.00	0.00	4.12	85.84	88.81	0.00	41	0	42	0.00	0.00	64.20	7.54	0.00	0.00	2000
228	11.27	2019	2103	0.00	203	0	0	0	nan	0.00	0.00	3.76	85.24	88.73	0.00	41	0	42	0.00	0.00	64.39	7.40	0.00	0.00	2000
233	11.17	2084	2101	0.00	205	0	0	0	nan	0.00	0.00	4.19	84.73	88.83	0.00	41	0	42	0.00	0.00	65.75	7.59	0.00	0.00	2000
230	11.01	2082	2104	0.00	202	0	0	0	nan	0.00	0.00	3.64	85.65	88.99	0.00	40	0	42	0.00	0.00	65.63	7.59	0.00	0.00	2000
230	11.35	2036	2093	1.03	212	0	0	6	60.35	0.00	0.00	3.83	84.69	88.65	0.00	41	0	42	0.00	0.00	63.81	7.37	0.00	0.00	2000
231	11.37	2034	2099	0.06	208	0	0	0	nan	0.00	0.00	4.61	84.07	88.63	0.00	41	0	42	0.00	0.00	65.25	7.34	0.00	0.00	2000
230	10.81	2122	2106	0.00	204	0	0	0	nan	0.00	0.00	3.91	85.59	89.19	0.00	41	0	42	0.00	0.00	64.73	7.50	0.00	0.00	2000
227	11.04	2058	2095	0.00	203	0	0	0	nan	0.00	0.02	3.96	85.00	88.96	0.00	41	0	42	0.00	0.00	64.42	7.48	0.00	0.00	2000
229	11.04	2083	2093	0.00	205	0	0	0	nan	0.00	0.00	4.30	84.46	88.96	0.00	41	0	42	0.00	0.00	65.35	7.54	0.00	0.00	2000
229	11.02	2086	2090	0.00	203	0	0	0	nan	0.00	0.00	4.56	84.13	88.98	0.00	40	0	42	0.00	0.00	62.85	7.36	0.00	0.00	2000
230	11.09	2071	2102	0.00	210	0	0	0	nan	0.00	0.00	1.92	87.10	88.91	0.00	40	0	42	0.00	0.00	65.93	7.66	0.00	0.00	2000
233	10.84	2122	2130	0.00	203	0	0	0	nan	0.00	0.02	3.17	87.34	89.16	0.00	41	0	42	0.00	0.00	66.88	7.79	0.00	0.00	2000
229	10.84	2123	2089	0.00	204	0	0	0	nan	0.00	0.00	3.65	85.10	89.16	0.00	41	0	42	0.00	0.00	63.77	7.21	0.00	0.00	2000
226	11.13	2036	2094	0.00	201	0	0	0	nan	0.00	0.02	2.94	85.70	88.87	0.00	41	0	42	0.00	0.00	65.37	7.51	0.00	0.00	2000
230	11.65	1978	2099	0.00	204	0	0	0	nan	0.00	0.01	3.12	85.28	88.35	0.00	41	0	42	0.00	0.00	64.34	7.44	0.00	0.00	2000
236	11.27	2087	2106	0.00	228	0	0	0	nan	0.00	0.00	6.60	82.47	88.73	0.00	41	0	42	0.00	0.00	66.81	7.55	0.00	0.00	2000
229	11.18	2042	2101	0.00	204	0	0	0	nan	0.00	0.00	3.80	85.06	88.82	0.00	41	0	42	0.00	0.00	64.29	7.34	0.00	0.00	2000
231	11.15	2065	2103	0.00	207	0	0	0	nan	0.00	0.00	4.96	84.24	88.85	0.00	41	0	42	0.00	0.00	65.94	7.44	0.00	0.00	2000
228	11.12	2051	2097	0.00	204	0	0	0	nan	0.00	0.00	4.12	84.77	88.88	0.00	41	0	42	0.00	0.00	64.34	7.38	0.00	0.00	2000
227	11.20	2037	2095	0.00	203	0	0	0	nan	0.00	0.00	4.16	84.52	88.80	0.00	40	0	42	0.00	0.00	64.76	7.49	0.00	0.00	2000
231	11.13	2086	2089	0.00	213	0	0	0	nan	0.00	0.00	3.66	84.84	88.87	0.00	40	0	42	0.00	0.00	64.17	7.50	0.00	0.00	2000
228	11.09	2057	2101	0.54	205	0	0	12	26.50	0.00	0.02	3.43	85.60	88.91	0.00	40	0	42	0.00	0.00	64.83	7.50	0.00	0.00	2000
229	11.16	2053	2103	0.13	202	0	0	0	nan	0.00	0.00	3.09	85.99	88.84	0.00	40	0	42	0.00	0.00	65.34	7.53	0.00	0.00	2000
231	10.92	2093	2124	0.00	203	0	0	0	nan	0.00	0.02	2.91	87.16	89.08	0.00	40	0	42	0.00	0.00	63.19	7.43	0.00	0.00	2000
229	10.67	2147	2100	0.00	204	0	0	0	nan	0.00	0.01	3.36	85.93	89.33	0.00	40	0	42	0.00	0.00	65.69	7.56	0.00	0.00	2000
226	10.78	2132	2062	0.00	214	0	0	0	nan	0.00	0.00	3.21	84.51	89.22	0.00	40	0	42	0.00	0.00	64.85	7.66	0.00	0.00	2000
233	11.37	2023	2131	0.00	203	0	0	0	nan	0.00	0.03	2.07	88.02	88.63	0.00	41	0	42	0.00	0.00	65.18	7.33	0.00	0.00	2000
226	11.33	2001	2095	0.00	204	0	0	0	nan	0.00	0.00	2.77	85.78	88.67	0.00	41	0	42	0.00	0.00	64.76	7.34	0.00	0.00	2000
228	10.94	2084	2098	0.00	202	0	0	0	nan	0.00	0.00	3.49	85.57	89.06	0.00	41	0	42	0.00	0.00	64.94	7.60	0.00	0.00	2000
229	11.13	2046	2107	0.00	204	0	0	0	nan	0.00	0.04	2.62	86.65	88.87	0.00	41	0	42	0.00	0.00	64.67	7.50	0.00	0.00	2000
230	11.05	2084	2096	0.00	212	0	0	0	nan	0.00	0.02	4.00	84.90	88.95	0.00	41	0	42	0.00	0.00	65.29	7.33	0.00	0.00	2000
229	10.82	2112	2107	0.00	202	0	0	0	nan	0.00	0.02	3.08	86.38	89.18	0.00	41	0	42	0.00	0.00	66.84	7.62	0.00	0.00	2000
229	10.81	2123	2095	0.00	203	0	0	0	nan	0.00	0.00	3.33	85.72	89.19	0.00	41	0	42	0.00	0.00	65.18	7.41	0.00	0.00	2000
229	11.17	2053	2101	0.00	202	0	0	0	nan	0.00	0.00	3.85	85.17	88.83	0.00	41	0	42	0.00	0.00	65.10	7.65	0.00	0.00	2000
228	10.95	2089	2095	0.00	204	0	0	0	nan	0.00	0.02	3.24	85.62	89.05	0.00	41	0	42	0.00	0.00	64.58	7.40	0.00	0.00	2000
231	11.20	2054	2105	0.00	203	0	0	0	nan	0.00	0.00	4.44	84.71	88.80	0.00	41	0	42	0.00	0.00	65.16	7.45	0.00	0.00	2000
226	10.93	2092	2079	0.00	198	0	0	0	nan	0.00	0.02	3.58	84.62	89.07	0.00	41	0	42	0.00	0.00	59.87	6.83	0.00	0.00	2000
232	11.24	2054	2113	0.00	220	0	0	0	nan	0.00	0.00	3.88	85.58	88.76	0.00	41	0	42	0.00	0.00	69.97	8.10	0.00	0.00	2000
230	11.08	2074	2106	0.55	206	0	0	7	54.05	0.00	0.00	3.46	85.82	88.92	0.00	41	0	42	0.00	0.00	64.62	7.53	0.00	0.00	2000
229	10.87	2119	2087	0.46	204	0	0	2	84.76	0.00	0.00	3.30	85.39	89.13	0.00	41	0	42	0.00	0.00	62.36	7.19	0.00	0.00	2000
229	10.91	2092	2112	0.00	203	0	0	0	nan	0.00	0.00	3.83	85.86	89.09	0.00	41	0	42	0.00	0.00	67.98	7.69	0.00	0.00	2000
228	11.09	2067	2086	0.00	198	0	0	0	nan	0.00	0.00	3.59	84.84	88.91	0.00	40	0	42	0.00	0.00	61.68	7.50	0.00	0.00	2000
234	10.98	2108	2125	0.00	219	0	0	0	nan	0.00	0.00	3.55	86.63	89.02	0.00	40	0	42	0.00	0.00	66.09	7.82	0.00	0.00	2000
227	10.72	2128	2088	0.00	206	0	0	0	nan	0.00	0.00	4.50	84.38	89.28	0.00	39	0	42	0.00	0.00	64.59	7.73	0.00	0.00	2000
228	10.96	2086	2090	0.00	205	0	0	0	nan	0.00	0.02	3.56	85.19	89.04	0.00	40	0	42	0.00	0.00	64.15	7.62	0.00	0.00	2000
228	11.01	2085	2089	0.00	204	0	0	0	nan	0.00	0.02	3.26	85.30	88.99	0.00	39	0	42	0.00	0.00	64.47	7.59	0.00	0.00	2000
229	11.02	2076	2101	0.00	213	0	0	0	nan	0.00	0.00	4.81	84.30	88.98	0.00	39	0	42	0.00	0.00	64.78	7.69	0.00	0.00	2000
230	10.57	2151	2122	0.00	203	0	0	0	nan	0.00	0.00	4.12	86.27	89.43	0.00	40	0	42	0.00	0.00	66.34	7.75	0.00	0.00	2000
231	11.10	2071	2111	0.00	204	0	0	0	nan	0.00	0.00	3.22	86.22	88.90	0.00	40	0	42	0.00	0.00	66.23	7.80	0.00	0.00	2000
223	10.64	2132	2064	0.00	202	0	0	0	nan	0.00	0.00	3.74	84.18	89.36	0.00	41	0	42	0.00	0.00	64.67	7.52	0.00	0.00	2000
229	11.18	2054	2095	0.00	203	0	0	0	nan	0.00	0.02	2.23	86.42	88.82	0.00	41	0	42	0.00	0.00	63.74	7.45	0.00	0.00	2000
233	11.24	2051	2125	0.00	214	0	0	0	nan	0.00	0.00	2.57	87.33	88.76	0.00	41	0	42	0.00	0.00	64.24	7.44	0.00	0.00	2000
228	10.91	2096	2089	0.00	202	0	0	0	nan	0.00	0.01	3.29	85.41	89.09	0.00	41	0	42	0.00	0.00	65.43	7.51	0.00	0.00	2000
231	11.22	2041	2122	0.00	204	0	0	0	nan	0.00	0.00	3.72	86.08	88.78	0.00	41	0	42	0.00	0.00	66.76	7.57	0.00	0.00	2000
227	10.98	2097	2070	0.00	204	0	0	0	nan	0.00	0.00	3.62	84.28	89.02	0.00	40	0	42	0.00	0.00	63.65	7.14	0.00	0.00	2000
230	10.84	2110	2110	0.33	201	0	0	11	38.52	0.00	0.00	4.25	85.44	89.16	0.00	40	0	42	0.00	0.00	65.13	7.81	0.00	0.00	2000
231	11.06	2087	2098	0.61	214	0	0	3	71.36	0.00	0.00	3.84	85.13	88.94	0.00	41	0	42	0.00	0.00	64.74	7.52	0.00	0.00	2000
229	10.89	2096	2104	0.00	203	0	0	0	nan	0.00	0.00	2.48	86.89	89.11	0.00	41	0	42	0.00	0.00	64.73	7.52	0.00	0.00	2000
232	10.96	2110	2108	0.00	223	0	0	0	nan	0.00	0.00	5.66	83.78	89.04	0.00	40	0	42	0.00	0.00	64.29	7.46	0.00	0.00	2000
229	11.06	2062	2105	0.00	204	0	0	0	nan	0.00	0.02	4.80	84.42	88.94	0.00	41	0	42	0.00	0.00	65.21	7.54	0.00	0.00	2000
228	11.28	2022	2099	0.00	205	0	0	0	nan	0.00	0.00	3.79	84.98	88.72	0.00	41	0	42	0.00	0.00	66.30	7.79	0.00	0.00	2000
226	10.91	2100	2072	0.00	203	0	0	0	nan	0.00	0.00	3.74	84.22	89.09	0.00	41	0	42	0.00	0.00	62.64	7.17	0.00	0.00	2000
231	11.16	2047	2127	0.00	212	0	0	0	nan	0.00	0.00	4.97	85.00	88.84	0.00	41	0	42	0.00	0.00	66.92	7.73	0.00	0.00	2000
229	11.28	2024	2106	0.00	202	0	0	0	nan	0.00	0.02	3.31	85.73	88.72	0.00	41	0	42	0.00	0.00	65.18	7.55	0.00	0.00	2000
229	10.85	2116	2098	0.00	204	0	0	0	nan	0.00	0.00	3.80	85.25	89.15	0.00	40	0	42	0.00	0.00	61.14	7.29	0.00	0.00	2000
227	11.24	2024	2095	0.00	203	0	0	0	nan	0.00	0.00	3.75	84.90	88.76	0.00	41	0	42	0.00	0.00	68.72	7.75	0.00	0.00	2000
229	11.15	2060	2090	0.00	206	0	0	0	nan	0.00	0.02	4.58	83.94	88.85	0.00	41	0	42	0.00	0.00	64.61	7.38	0.00	0.00	2000
225	10.95	2066	2085	0.00	211	0	0	0	nan	0.00	0.02	2.95	85.53	89.05	0.00	41	0	42	0.00	0.00	64.53	7.26	0.00	0.00	2000
234	11.23	2050	2131	0.00	203	0	0	0	nan	0.00	0.00	2.58	87.66	88.77	0.00	41	0	42	0.00	0.00	67.64	7.76	0.00	0.00	2000
228	11.23	2036	2097	0.00	203	0	0	0	nan	0.00	0.01	2.78	85.95	88.77	0.00	41	0	42	0.00	0.00	65.32	7.61	0.00	0.00	2000
231	11.00	2097	2107	0.00	204	0	0	0	nan	0.00	0.03	2.75	86.50	89.00	0.00	41	0	42	0.00	0.00	65.24	7.45	0.00	0.00	2000
233	11.18	2085	2102	0.00	204	0	0	0	nan	0.00	0.03	5.14	83.82	88.82	0.00	41	0	42	0.00	0.00	65.84	7.52	0.00	0.00	2000
229	11.26	2036	2095	0.19	212	0	0	5	52.55	0.01	0.00	3.24	85.34	88.74	0.00	41	0	42	0.00	0.00	65.06	7.47	0.00	0.00	2000
225	10.97	2067	2084	0.72	203	0	0	4	63.53	0.00	0.00	3.02	85.46	89.03	0.00	41	0	42	0.00	0.00	62.42	7.03	0.00	0.00	2000
230	10.98	2087	2103	0.00	205	0	0	0	nan	0.00	0.00	3.01	86.28	89.02	0.00	41	0	42	0.00	0.00	62.88	7.05	0.00	0.00	2000
229	10.89	2101	2100	0.00	203	0	0	0	nan	0.00	0.00	3.58	85.56	89.11	0.00	41	0	42	0.00	0.00	66.19	7.63	0.00	0.00	2000
231	11.29	2041	2103	0.00	203	0	0	0	nan	0.00	0.00	4.16	84.79	88.71	0.00	41	0	42	0.00	0.00	64.46	7.31	0.00	0.00	2000
226	11.13	2044	2081	0.00	213	0	0	0	nan	0.00	0.00	3.44	84.80	88.87	0.00	41	0	42	0.00	0.00	65.35	7.46	0.00	0.00	2000
231	11.02	2080	2119	0.00	203	0	0	0	nan	0.00	0.00	5.20	84.63	88.98	0.00	41	0	42	0.00	0.00	64.73	7.52	0.00	0.00	2000
231	10.85	2120	2110	0.00	207	0	0	0	nan	0.00	0.02	4.71	84.99	89.15	0.00	41	0	42	0.00	0.00	66.70	8.37	0.00	0.00	2000
226	11.04	2058	2091	0.00	204	0	0	0	nan	0.00	0.00	3.17	85.61	88.96	0.00	41	0	42	0.00	0.00	64.14	7.58	0.00	0.00	2000
227	11.10	2049	2099	0.00	204	0	0	0	nan	0.00	0.00	4.14	84.81	88.90	0.00	41	0	42	0.00	0.00	65.14	7.44	0.00	0.00	2000
231	11.42	2016	2103	0.00	212	0	0	0	nan	0.00	0.00	3.67	85.06	88.58	0.00	42	0	42	0.00	0.00	64.66	7.52	0.00	0.00	2000
227	11.06	2052	2098	0.00	204	0	0	0	nan	0.00	0.01	4.21	84.79	88.94	0.00	41	0	42	0.00	0.00	66.00	7.82	0.00	0.00	2000
230	10.96	2091	2104	0.00	203	0	0	0	nan	0.00	0.02	3.46	85.87	89.04	0.00	42	0	42	0.00	0.00	65.64	7.60	0.00	0.00	2000
228	11.04	2082	2086	0.00	205	0	0	0	nan	0.00	0.01	3.77	84.68	88.96	0.00	41	0	42	0.00	0.00	64.45	7.42	0.00	0.00	2000
228	11.27	2026	2097	0.00	203	0	0	0	nan	0.00	0.00	3.49	85.32	88.73	0.00	41	0	42	0.00	0.00	63.98	7.53	0.00	0.00	2000
232	11.57	1993	2118	0.00	213	0	0	0	nan	0.00	0.00	4.48	84.80	88.43	0.00	42	0	42	0.00	0.00	65.67	8.28	0.00	0.00	2000
228	11.02	2072	2099	0.00	203	0	0	0	nan	0.00	0.01	3.55	85.51	88.98	0.00	42	0	42	0.00	0.00	64.69	7.61	0.00	0.00	2000
224	11.08	2039	2081	0.00	203	0	0	3	44.30	0.00	0.02	3.02	85.23	88.92	0.00	42	0	42	0.00	0.00	67.49	7.77	0.00	0.00	2000
229	10.88	2098	2103	1.34	220	0	0	5	50.85	0.00	0.00	3.03	86.21	89.12	0.00	42	0	42	0.00	0.00	62.37	7.15	0.00	0.00	2000
231	11.02	2085	2113	0.00	205	0	0	0	nan	0.00	0.02	3.50	86.10	88.98	0.00	42	0	42	0.00	0.00	68.47	7.90	0.00	0.00	2000
231	10.87	2115	2112	0.00	214	0	0	0	nan	0.00	0.00	3.30	86.38	89.13	0.00	42	0	42	0.00	0.00	60.66	7.02	0.00	0.00	2000
227	10.98	2069	2097	0.00	204	0	0	0	nan	0.00	0.00	3.26	85.79	89.02	0.00	42	0	42	0.00	0.00	65.42	7.64	0.00	0.00	2000
224	11.28	2013	2077	0.00	203	0	0	0	nan	0.00	0.01	2.87	84.95	88.73	0.00	41	0	42	0.00	0.00	67.30	7.86	0.00	0.00	2000
230	10.87	2100	2118	0.00	203	0	0	0	nan	0.00	0.03	3.79	86.25	89.13	0.00	42	0	42	0.00	0.00	67.16	8.26	0.00	0.00	2000
228	10.84	2109	2100	0.00	204	0	0	0	nan	0.00	0.00	3.63	85.60	89.16	0.00	42	0	42	0.00	0.00	59.80	7.22	0.00	0.00	2000
229	11.34	2020	2096	0.00	213	0	0	0	nan	0.00	0.00	3.30	85.37	88.66	0.00	42	0	42	0.00	0.00	65.27	7.59	0.00	0.00	2000
229	11.23	2030	2107	0.00	202	0	0	0	nan	0.00	0.02	2.56	86.64	88.77	0.00	42	0	42	0.00	0.00	63.78	7.50	0.00	0.00	2000
225	10.87	2094	2073	0.00	205	0	0	0	nan	0.00	0.00	3.32	84.78	89.13	0.00	42	0	42	0.00	0.00	66.20	7.75	0.00	0.00	2000
226	11.08	2034	2103	0.00	221	0	0	0	nan	0.00	0.00	3.81	85.34	88.92	0.00	42	0	42	0.00	0.00	65.21	7.55	0.00	0.00	2000
230	11.26	2037	2108	0.00	204	0	0	0	nan	0.00	0.02	2.58	86.50	88.75	0.00	42	0	42	0.00	0.00	65.16	7.50	0.00	0.00	2000
231	10.87	2116	2112	0.00	214	0	0	0	nan	0.00	0.00	4.30	85.45	89.13	0.00	42	0	42	0.00	0.00	63.87	7.70	0.00	0.00	2000
227	11.13	2042	2102	0.00	203	0	0	0	nan	0.00	0.00	3.36	85.72	88.87	0.00	42	0	42	0.00	0.00	66.02	7.72	0.00	0.00	2000
232	10.93	2116	2108	0.00	203	0	0	0	nan	0.00	0.03	3.37	86.05	89.07	0.00	42	0	42	0.00	0.00	64.95	7.41	0.00	0.00	2000
223	10.90	2077	2066	0.00	202	0	0	0	nan	0.00	0.02	3.29	84.49	89.10	0.00	42	0	42	0.00	0.00	63.58	7.15	0.00	0.00	2000
234	11.30	2041	2132	0.11	219	0	0	3	44.86	0.00	0.02	4.47	85.60	88.70	0.00	42	0	42	0.00	0.00	68.71	7.90	0.00	0.00	2000
227	10.73	2117	2101	1.26	213	0	0	4	48.42	0.00	0.02	3.23	86.09	89.27	0.00	42	0	42	0.00	0.00	64.95	7.51	0.00	0.00	2000
223	10.81	2092	2072	0.00	204	0	0	0	nan	0.00	0.00	3.59	84.56	89.19	0.00	42	0	42	0.00	0.00	64.34	7.35	0.00	0.00	2000
231	11.08	2071	2117	0.00	203	0	0	0	nan	0.00	0.02	3.08	86.55	88.92	0.00	41	0	42	0.00	0.00	64.26	7.67	0.00	0.00	2000
228	11.23	2039	2090	0.00	200	0	0	0	nan	0.00	0.02	3.30	85.14	88.77	0.00	42	0	42	0.00	0.00	64.74	7.61	0.00	0.00	2000
230	11.20	2048	2108	0.00	203	0	0	0	nan	0.00	0.03	2.96	86.25	88.80	0.00	42	0	42	0.00	0.00	65.50	7.41	0.00	0.00	2000
229	10.83	2111	2100	0.00	215	0	0	0	nan	0.01	0.00	3.55	85.66	89.17	0.00	43	0	43	0.00	0.00	65.26	7.47	0.00	0.00	2000
229	10.91	2088	2111	0.00	203	0	0	0	nan	0.00	0.01	3.18	86.46	89.09	0.00	42	0	42	0.00	0.00	66.29	7.40	0.00	0.00	2000
224	10.76	2110	2072	0.00	202	0	0	0	nan	0.00	0.00	3.22	84.84	89.24	0.00	42	0	42	0.00	0.00	64.41	7.34	0.00	0.00	2000
226	10.89	2079	2098	0.00	202	0	0	0	nan	0.00	0.02	2.02	87.15	89.11	0.00	42	0	42	0.00	0.00	63.66	7.16	0.00	0.00	2000
233	10.79	2147	2109	0.00	204	0	0	0	nan	0.00	0.01	4.46	85.10	89.21	0.00	41	0	42	0.00	0.00	61.10	7.05	0.00	0.00	2000
228	10.90	2079	2118	0.00	236	0	0	0	nan	0.00	0.56	5.82	83.60	89.10	0.00	39	0	42	0.00	0.00	71.13	7.79	0.00	0.00	2000
230	11.19	2051	2101	0.00	198	0	0	0	nan	0.00	0.99	5.24	82.79	88.81	0.00	39	0	42	0.00	0.00	64.83	7.74	0.00	0.00	2000
229	10.71	2151	2088	0.00	201	0	0	0	nan	0.00	0.00	6.94	82.02	89.29	0.00	39	0	42	0.00	0.00	64.77	7.69	0.00	0.00	2000
232	11.25	2055	2110	0.00	200	0	0	0	nan	0.00	0.00	5.86	83.45	88.75	0.00	39	0	42	0.00	0.00	65.24	7.72	0.00	0.00	2000
233	11.51	2027	2098	0.00	202	0	0	0	nan	0.00	0.02	5.75	82.80	88.49	0.00	39	0	42	0.00	0.00	64.67	7.69	0.00	0.00	2000
232	11.29	2063	2091	0.00	198	0	0	0	nan	0.00	0.00	5.94	82.54	88.71	0.00	39	0	42	0.00	0.00	64.65	7.74	0.00	0.00	2000
232	11.12	2066	2117	0.00	198	0	0	9	31.90	0.00	0.00	5.27	84.33	88.88	0.00	39	0	42	0.00	0.00	65.81	7.82	0.00	0.00	2000
224	11.07	2061	2058	0.54	198	0	0	9	36.10	0.00	0.02	5.17	82.09	88.93	0.00	39	0	42	0.00	0.00	63.37	7.49	0.00	0.00	2000
232	11.24	2048	2111	0.00	199	0	0	0	nan	0.00	0.02	4.29	85.02	88.76	0.00	39	0	42	0.00	0.00	62.76	7.42	0.00	0.00	2000
231	10.95	2111	2101	0.00	223	0	0	0	nan	0.00	0.02	6.13	82.93	89.05	0.00	39	0	42	0.00	0.00	67.47	7.77	0.00	0.00	2000
233	11.12	2074	2123	0.00	197	0	0	0	nan	0.00	0.04	3.30	86.61	88.88	0.00	39	0	42	0.00	0.00	66.08	7.63	0.00	0.00	2000
227	10.88	2116	2071	0.00	198	0	0	0	nan	0.01	0.02	3.64	84.31	89.12	0.00	39	0	42	0.00	0.00	63.87	7.53	0.00	0.00	2000
230	11.02	2073	2119	0.00	198	0	0	0	nan	0.00	0.01	4.75	85.13	88.98	0.00	39	0	42	0.00	0.00	65.80	7.82	0.00	0.00	2000
235	10.99	2118	2118	0.00	198	0	0	0	nan	0.00	0.03	5.58	84.23	89.01	0.00	39	0	42	0.00	0.00	66.01	7.71	0.00	0.00	2000
227	10.79	2136	2067	0.00	203	0	0	0	nan	0.00	0.76	3.32	83.86	89.21	0.00	39	0	42	0.00	0.00	63.78	7.56	0.00	0.00	2000
232	11.27	2042	2120	0.00	215	0	0	0	nan	0.00	0.00	6.08	83.58	88.73	0.00	39	0	42	0.00	0.00	63.12	7.49	0.00	0.00	2000
227	11.08	2043	2101	0.00	198	0	0	0	nan	0.00	0.00	5.76	83.33	88.92	0.00	39	0	42	0.00	0.00	67.22	7.85	0.00	0.00	2000
225	10.98	2085	2067	0.00	199	0	0	0	nan	0.00	0.01	4.49	83.25	89.02	0.00	39	0	42	0.00	0.00	60.53	7.21	0.00	0.00	2000
233	10.95	2100	2129	0.00	218	0	0	0	nan	0.00	0.02	6.22	84.17	89.05	0.00	39	0	42	0.00	0.00	68.76	8.25	0.00	0.00	2000
228	11.06	2079	2083	0.00	198	0	0	0	nan	0.00	0.00	5.80	82.56	88.94	0.00	39	0	42	0.00	0.00	64.16	7.65	0.00	0.00	2000
232	11.01	2105	2102	0.00	200	0	0	0	nan	0.00	0.01	3.87	85.30	88.99	0.00	39	0	42	0.00	0.00	64.94	7.75	0.00	0.00	2000
236	11.11	2091	2133	0.00	195	0	0	0	nan	0.00	0.02	5.37	84.98	88.89	0.00	39	0	42	0.00	0.00	66.58	7.89	0.00	0.00	2000
227	10.95	2096	2074	0.00	201	0	0	0	nan	0.00	0.02	5.89	82.11	89.05	0.00	39	0	42	0.00	0.00	64.25	7.48	0.00	0.00	2000
237	11.01	2126	2126	0.07	205	0	0	12	32.53	0.00	0.06	3.91	86.27	88.99	0.00	39	0	42	0.00	0.00	66.08	7.79	0.00	0.00	2000
226	10.87	2114	2066	0.53	200	0	0	7	40.29	0.01	0.48	5.66	81.67	89.13	0.00	39	0	42	0.00	0.00	63.37	7.61	0.00	0.00	2000
232	10.71	2146	2116	0.00	198	0	0	0	nan	0.00	0.03	4.68	85.32	89.29	0.00	39	0	42	0.00	0.00	66.03	7.81	0.00	0.00	2000
227	10.79	2113	2088	0.00	198	0	0	0	nan	0.00	1.02	4.46	83.32	89.21	0.00	39	0	42	0.00	0.00	64.30	7.53	0.00	0.00	2000
229	11.11	2064	2095	0.00	198	0	0	0	nan	0.00	0.00	5.07	83.68	88.89	0.00	39	0	42	0.00	0.00	64.23	7.50	0.00	0.00	2000
238	11.08	2104	2140	0.00	199	0	0	0	nan	0.00	0.03	6.42	84.27	88.92	0.00	39	0	42	0.00	0.00	66.67	7.78	0.00	0.00	2000
225	11.06	2074	2065	0.00	203	0	0	0	nan	0.00	1.47	5.19	80.97	88.94	0.00	39	0	42	0.00	0.00	63.45	7.48	0.00	0.00	2000
228	10.98	2077	2102	0.00	198	0	0	0	nan	0.00	0.00	5.06	84.09	89.02	0.00	39	0	42	0.00	0.00	64.78	7.64	0.00	0.00	2000
226	10.93	2067	2103	0.00	219	0	0	0	nan	0.00	0.00	3.17	86.08	89.07	0.00	39	0	42	0.00	0.00	64.54	7.41	0.00	0.00	2000
231	10.95	2091	2115	0.00	204	0	0	0	nan	0.00	0.01	4.69	85.04	89.05	0.00	39	0	42	0.00	0.00	65.51	7.75	0.00	0.00	2000
229	11.17	2072	2076	0.00	213	0	0	0	nan	0.00	0.02	4.10	83.78	88.83	0.00	39	0	42	0.00	0.00	63.94	7.46	0.00	0.00	2000
230	11.00	2065	2123	0.00	205	0	0	0	nan	0.00	0.00	3.96	86.16	89.00	0.00	40	0	42	0.00	0.00	65.70	7.65	0.00	0.00	2000
233	10.96	2111	2116	0.00	221	0	0	0	nan	0.01	0.00	3.30	86.44	89.04	0.00	40	0	42	0.00	0.00	66.66	7.80	0.00	0.00	2000
224	11.08	2062	2062	0.00	202	0	0	0	nan	0.00	0.00	3.65	83.78	88.92	0.00	40	0	42	0.00	0.00	62.49	7.52	0.00	0.00	2000
237	11.68	1996	2136	0.00	219	0	0	0	nan	0.00	0.00	5.12	84.85	88.32	0.00	40	0	42	0.00	0.00	66.93	7.75	0.00	0.00	2000
224	11.00	2066	2071	0.00	211	0	0	0	nan	0.00	0.02	3.66	84.14	89.00	0.00	40	0	42	0.00	0.00	63.76	7.44	0.00	0.00	2000
233	10.87	2123	2120	0.00	203	0	0	0	nan	0.01	0.00	3.65	86.36	89.13	0.00	39	0	42	0.00	0.00	66.11	7.72	0.00	0.00	2000
230	11.08	2064	2110	0.19	204	0	0	15	30.95	0.00	0.00	3.93	85.44	88.92	0.00	40	0	42	0.00	0.00	65.01	7.78	0.00	0.00	2000
227	10.94	2102	2077	0.39	203	0	0	6	45.11	0.00	0.00	3.75	84.43	89.06	0.00	40	0	42	0.00	0.00	63.86	7.38	0.00	0.00	2000
233	11.36	2036	2115	0.00	204	0	0	0	nan	0.00	0.00	3.41	86.02	88.64	0.00	40	0	42	0.00	0.00	65.53	7.62	0.00	0.00	2000
231	10.90	2109	2109	0.00	216	0	0	0	nan	0.00	0.00	3.13	86.37	89.10	0.00	40	0	42	0.00	0.00	65.70	7.67	0.00	0.00	2000
226	10.75	2117	2086	0.00	204	0	0	0	nan	0.00	0.00	4.31	84.43	89.25	0.00	40	0	42	0.00	0.00	64.33	7.57	0.00	0.00	2000
228	10.98	2089	2087	0.00	204	0	0	0	nan	0.00	0.00	3.36	85.14	89.02	0.00	39	0	42	0.00	0.00	64.37	7.47	0.00	0.00	2000
234	10.87	2119	2130	0.00	203	0	0	0	nan	0.00	0.02	3.17	87.19	89.13	0.00	40	0	42	0.00	0.00	66.22	7.80	0.00	0.00	2000
227	11.10	2071	2069	0.00	204	0	0	0	nan	0.00	0.03	3.83	83.85	88.90	0.00	40	0	42	0.00	0.00	63.61	7.50	0.00	0.00	2000
230	11.04	2067	2119	0.00	215	0	0	0	nan	0.00	0.00	3.61	86.20	88.96	0.00	40	0	42	0.00	0.00	65.84	7.79	0.00	0.00	2000
227	10.87	2113	2075	0.00	204	0	0	0	nan	0.00	0.02	3.38	84.75	89.13	0.00	40	0	42	0.00	0.00	63.47	7.48	0.00	0.00	2000
230	11.04	2055	2134	0.00	220	0	0	0	nan	0.00	0.00	4.04	86.49	88.96	0.00	40	0	42	0.00	0.00	66.56	7.94	0.00	0.00	2000
230	11.13	2085	2080	0.00	205	0	0	0	nan	0.00	0.00	4.12	84.05	88.87	0.00	40	0	42	0.00	0.00	64.01	7.47	0.00	0.00	2000
228	10.89	2108	2091	0.00	203	0	0	0	nan	0.00	0.00	3.14	85.63	89.11	0.00	40	0	42	0.00	0.00	63.98	7.34	0.00	0.00	2000
229	11.21	2052	2093	0.00	230	0	0	0	nan	0.00	0.03	4.49	84.05	88.79	0.00	40	0	42	0.00	0.00	64.76	7.56	0.00	0.00	2000
228	11.13	2043	2103	0.00	204	0	0	0	nan	0.00	0.00	3.87	85.27	88.87	0.00	40	0	42	0.00	0.00	65.08	7.61	0.00	0.00	2000
228	10.90	2082	2110	0.00	235	0	0	0	nan	0.00	0.01	3.64	86.00	89.10	0.00	40	0	42	0.00	0.00	65.24	7.61	0.00	0.00	2000
235	10.95	2123	2125	0.00	213	0	0	0	nan	0.00	0.01	3.62	86.48	89.05	0.00	40	0	42	0.00	0.00	66.49	7.72	0.00	0.00	2000
231	11.05	2101	2091	0.37	207	0	0	18	35.40	0.00	0.00	4.42	84.21	88.95	0.00	40	0	42	0.00	0.00	64.56	7.61	0.00	0.00	2000
231	10.69	2161	2099	0.23	203	0	0	1	94.39	0.00	0.00	3.43	85.92	89.31	0.00	40	0	42	0.00	0.00	65.09	7.56	0.00	0.00	2000
226	11.02	2077	2072	0.00	204	0	0	0	nan	0.00	0.00	3.33	84.50	88.98	0.00	40	0	42	0.00	0.00	63.42	7.41	0.00	0.00	2000
230	10.88	2098	2116	0.00	204	0	0	0	nan	0.00	0.00	3.84	86.06	89.12	0.00	40	0	42	0.00	0.00	65.62	7.74	0.00	0.00	2000
231	10.97	2114	2093	0.00	213	0	0	0	nan	0.00	0.03	3.44	85.29	89.03	0.00	40	0	42	0.00	0.00	64.73	7.69	0.00	0.00	2000
232	10.72	2139	2121	0.00	202	0	0	0	nan	0.00	0.01	3.76	86.42	89.28	0.00	40	0	42	0.00	0.00	66.24	8.00	0.00	0.00	2000
233	10.97	2119	2110	0.00	208	0	0	0	nan	0.00	0.00	4.54	84.89	89.03	0.00	40	0	42	0.00	0.00	65.23	7.80	0.00	0.00	2000
223	10.93	2074	2064	0.00	203	0	0	0	nan	0.00	0.00	3.86	83.85	89.07	0.00	40	0	42	0.00	0.00	63.26	7.52	0.00	0.00	2000
232	11.41	1998	2133	0.00	221	0	0	0	nan	0.00	0.00	3.95	86.22	88.59	0.00	40	0	42	0.00	0.00	66.47	7.72	0.00	0.00	2000
227	11.05	2085	2068	0.00	212	0	0	0	nan	0.00	0.02	3.70	84.01	88.95	0.00	40	0	42	0.00	0.00	63.32	7.47	0.00	0.00	2000
229	11.25	2039	2101	0.00	219	0	0	0	nan	0.01	0.00	4.43	84.53	88.75	0.00	40	0	42	0.00	0.00	64.80	7.69	0.00	0.00	2000
232	11.21	2047	2119	0.00	219	0	0	0	nan	0.00	0.02	4.74	85.04	88.79	0.00	40	0	42	0.00	0.00	66.04	7.56	0.00	0.00	2000
230	11.04	2097	2086	0.00	204	0	0	0	nan	0.00	0.00	3.35	85.05	88.96	0.00	40	0	42	0.00	0.00	64.41	7.40	0.00	0.00	2000
231	11.06	2088	2096	0.00	203	0	0	0	nan	0.00	0.00	3.73	85.19	88.94	0.00	40	0	42	0.00	0.00	65.19	7.21	0.00	0.00	2000
229	11.10	2070	2095	0.00	228	0	0	0	nan	0.00	0.00	3.90	84.90	88.90	0.00	40	0	42	0.00	0.00	61.47	7.71	0.00	0.00	2000
230	11.03	2061	2124	0.00	205	0	0	0	nan	0.00	0.00	3.56	86.57	88.97	0.00	40	0	42	0.00	0.00	68.97	7.48	0.00	0.00	2000
228	11.06	2072	2087	0.00	220	0	0	0	nan	0.00	0.02	3.39	85.12	88.94	0.00	40	0	42	0.00	0.00	60.78	7.90	0.00	0.00	2000
233	11.25	2045	2123	0.56	204	0	0	16	27.41	0.00	0.02	3.50	86.32	88.75	0.00	40	0	42	0.00	0.00	66.89	7.83	0.00	0.00	2000
231	11.10	2078	2101	0.06	229	0	0	0	nan	0.00	0.00	3.26	85.80	88.90	0.00	40	0	42	0.00	0.00	61.91	7.42	0.00	0.00	2000
228	11.07	2057	2100	0.00	201	0	0	0	nan	0.00	0.00	3.39	85.67	88.93	0.00	40	0	42	0.00	0.00	64.48	7.65	0.00	0.00	2000
227	11.04	2070	2090	0.00	205	0	0	0	nan	0.00	0.00	3.73	84.98	88.96	0.00	40	0	42	0.00	0.00	64.19	7.65	0.00	0.00	2000
225	10.94	2077	2075	0.00	203	0	0	0	nan	0.00	0.00	3.44	84.65	89.06	0.00	40	0	42	0.00	0.00	64.09	7.44	0.00	0.00	2000
237	11.16	2085	2137	0.00	203	0	0	0	nan	0.00	0.01	4.34	86.13	88.84	0.00	40	0	42	0.00	0.00	66.55	7.83	0.00	0.00	2000
226	10.65	2134	2088	0.00	213	0	0	0	nan	0.00	0.00	3.56	85.38	89.35	0.00	40	0	42	0.00	0.00	64.61	7.65	0.00	0.00	2000
226	11.13	2052	2076	0.00	202	0	0	0	nan	0.00	0.02	3.31	84.70	88.87	0.00	40	0	42	0.00	0.00	63.53	7.37	0.00	0.00	2000
231	10.85	2110	2122	0.00	203	0	0	0	nan	0.00	0.00	3.78	86.44	89.15	0.00	40	0	42	0.00	0.00	65.86	7.92	0.00	0.00	2000
230	11.21	2061	2091	0.00	208	0	0	0	nan	0.00	0.00	4.33	84.19	88.79	0.00	40	0	42	0.00	0.00	64.50	7.53	0.00	0.00	2000
233	11.05	2099	2111	0.00	204	0	0	0	nan	0.00	0.02	3.55	85.89	88.95	0.00	40	0	42	0.00	0.00	65.62	7.75	0.00	0.00	2000
230	10.85	2121	2100	0.00	214	0	0	0	nan	0.00	0.00	3.46	85.78	89.15	0.00	40	0	42	0.00	0.00	64.88	7.58	0.00	0.00	2000
225	11.16	2047	2068	0.00	198	0	0	0	nan	0.00	0.00	4.37	83.19	88.84	0.00	38	0	42	0.00	0.00	61.47	7.34	0.00	0.00	2000
235	11.28	2048	2133	0.00	231	0	0	0	nan	0.00	0.01	5.68	84.52	88.72	0.00	39	0	42	0.00	0.00	69.41	8.12	0.00	0.00	2000
227	11.07	2077	2076	0.00	196	0	0	0	nan	0.00	0.00	5.31	82.74	88.93	0.00	39	0	42	0.00	0.00	63.22	7.47	0.00	0.00	2000
233	11.11	2100	2101	0.00	205	0	0	0	nan	0.00	0.05	6.37	82.58	88.89	0.00	39	0	42	0.00	0.00	64.68	7.65	0.00	0.00	2000
226	11.01	2068	2089	0.00	198	0	0	0	92.97	0.00	0.00	5.43	83.22	88.99	0.00	39	0	42	0.00	0.00	62.07	7.19	0.00	0.00	2000
230	11.02	2086	2101	0.54	233	0	0	17	30.29	0.00	0.02	5.39	83.73	88.98	0.00	39	0	42	0.00	0.00	67.79	7.81	0.00	0.00	2000
230	11.11	2065	2104	0.00	199	0	0	0	nan	0.00	0.01	4.85	84.22	88.89	0.00	39	0	42	0.00	0.00	62.47	7.36	0.00	0.00	2000
229	10.99	2089	2095	0.00	236	0	0	0	nan	0.00	0.00	4.74	84.14	89.01	0.00	39	0	42	0.00	0.00	64.51	7.61	0.00	0.00	2000
228	10.93	2084	2104	0.00	199	0	0	0	nan	0.00	0.47	3.58	85.18	89.07	0.00	39	0	42	0.00	0.00	65.02	7.68	0.00	0.00	2000
231	10.93	2104	2107	0.00	215	0	0	0	nan	0.00	0.02	4.51	84.86	89.07	0.00	39	0	42	0.00	0.00	65.37	7.66	0.00	0.00	2000
234	10.66	2174	2115	0.00	214	0	0	0	nan	0.00	0.06	2.90	87.10	89.34	0.00	39	0	42	0.00	0.00	68.31	7.95	0.00	0.00	2000
229	10.91	2118	2085	0.00	204	0	0	0	nan	0.00	0.07	3.85	84.61	89.09	0.00	39	0	42	0.00	0.00	64.40	7.49	0.00	0.00	2000
226	11.02	2063	2091	0.00	198	0	0	0	nan	0.00	0.48	4.32	83.89	88.98	0.00	39	0	42	0.00	0.00	61.66	7.34	0.00	0.00	2000
232	10.96	2089	2130	0.00	213	0	0	0	nan	0.00	0.00	5.18	85.10	89.04	0.00	39	0	42	0.00	0.00	66.36	7.82	0.00	0.00	2000
232	11.27	2048	2109	0.00	214	0	0	0	nan	0.00	0.00	5.46	83.71	88.73	0.00	39	0	42	0.00	0.00	68.25	7.96	0.00	0.00	2000
230	11.04	2091	2093	0.00	204	0	0	0	nan	0.00	0.01	5.68	83.06	88.96	0.00	39	0	42	0.00	0.00	62.25	7.42	0.00	0.00	2000
234	11.15	2084	2112	0.00	216	0	0	0	nan	0.00	0.00	6.33	83.01	88.85	0.00	39	0	42	0.00	0.00	68.28	7.82	0.00	0.00	2000
230	10.94	2103	2098	0.00	198	0	0	0	nan	0.00	0.00	4.66	84.41	89.06	0.00	39	0	42	0.00	0.00	64.97	7.52	0.00	0.00	2000
231	10.81	2134	2098	0.00	197	0	0	0	nan	0.00	0.00	5.18	83.96	89.19	0.00	39	0	43	0.00	0.00	65.18	7.75	0.00	0.00	2000
235	11.35	2067	2098	0.00	202	0	0	0	nan	0.00	0.04	3.87	84.74	88.65	0.00	39	0	42	0.00	0.00	64.88	7.64	0.00	0.00	2000
224	10.91	2085	2065	0.00	197	0	0	0	nan	0.00	0.78	4.76	82.14	89.09	0.00	39	0	42	0.00	0.00	63.23	7.43	0.00	0.00	2000
232	10.90	2106	2126	0.19	198	0	0	16	30.98	0.00	0.02	6.72	83.55	89.10	0.00	39	0	42	0.00	0.00	63.28	7.59	0.00	0.00	2000
225	10.76	2115	2077	0.40	214	0	0	3	53.50	0.00	0.45	5.48	82.40	89.24	0.00	39	0	42	0.00	0.00	66.63	7.78	0.00	0.00	2000
235	11.32	2049	2126	0.00	200	0	0	0	nan	0.00	0.00	5.12	84.76	88.68	0.00	39	0	43	0.00	0.00	63.37	7.45	0.00	0.00	2000
225	10.91	2091	2074	0.00	217	0	0	0	nan	0.00	0.00	6.54	81.48	89.09	0.00	39	0	42	0.00	0.00	63.53	7.38	0.00	0.00	2000
232	11.12	2071	2117	0.00	200	0	0	0	nan	0.00	0.01	6.46	83.20	88.88	0.00	39	0	42	0.00	0.00	69.53	7.95	0.00	0.00	2000
232	11.14	2065	2116	0.00	198	0	0	0	nan	0.00	0.03	4.70	84.91	88.86	0.00	39	0	42	0.00	0.00	65.14	7.61	0.00	0.00	2000
229	10.66	2151	2095	0.00	198	0	0	0	nan	0.00	0.01	5.18	84.00	89.34	0.00	39	0	42	0.00	0.00	64.85	7.31	0.00	0.00	2000
232	10.97	2103	2111	0.00	205	0	0	0	nan	0.00	0.00	3.51	86.04	89.03	0.00	40	0	42	0.00	0.00	65.43	7.43	0.00	0.00	2000
227	10.79	2117	2091	0.00	213	0	0	0	nan	0.00	0.00	3.63	85.36	89.21	0.00	40	0	42	0.00	0.00	63.46	7.38	0.00	0.00	2000
228	10.87	2096	2100	0.00	203	0	0	0	nan	0.00	0.02	2.55	86.69	89.13	0.00	40	0	42	0.00	0.00	65.73	7.56	0.00	0.00	2000
230	10.59	2165	2104	0.00	203	0	0	0	nan	0.00	0.00	3.61	86.07	89.41	0.00	40	0	42	0.00	0.00	65.50	7.57	0.00	0.00	2000
223	10.77	2105	2069	0.00	204	0	0	0	nan	0.00	0.00	3.58	84.43	89.23	0.00	40	0	42	0.00	0.00	63.02	7.41	0.00	0.00	2000
231	10.80	2140	2100	0.00	220	0	0	0	nan	0.00	0.01	3.23	86.00	89.20	0.00	40	0	42	0.00	0.00	65.48	7.53	0.00	0.00	2000
232	11.24	2044	2121	0.00	228	0	0	0	nan	0.00	0.00	6.39	83.36	88.76	0.00	41	0	42	0.00	0.00	66.30	7.79	0.00	0.00	2000
229	11.13	2056	2103	0.00	222	0	0	0	nan	0.00	0.03	2.90	86.22	88.87	0.00	40	0	42	0.00	0.00	65.10	7.43	0.00	0.00	2000
228	11.16	2057	2083	0.00	207	0	0	0	nan	0.00	0.00	4.90	83.34	88.84	0.00	40	0	42	0.00	0.00	63.24	7.42	0.00	0.00	2000
234	11.22	2058	2125	0.00	221	0	0	0	nan	0.00	0.00	3.26	86.69	88.78	0.00	40	0	42	0.00	0.00	66.17	7.62	0.00	0.00	2000
226	10.54	2155	2091	0.65	212	0	0	8	29.65	0.00	0.00	3.43	85.66	89.46	0.00	40	0	42	0.00	0.00	64.71	7.40	0.00	0.00	2000
227	10.93	2100	2080	0.24	203	0	0	0	nan	0.00	0.00	3.21	85.10	89.07	0.00	40	0	42	0.00	0.00	63.71	7.37	0.00	0.00	2000
228	11.03	2055	2115	0.00	201	0	0	0	nan	0.00	0.00	3.50	86.14	88.97	0.00	41	0	42	0.00	0.00	65.68	7.62	0.00	0.00	2000
231	10.61	2163	2117	0.00	204	0	0	0	nan	0.00	0.02	3.32	86.76	89.39	0.00	40	0	42	0.00	0.00	65.87	7.75	0.00	0.00	2000
228	10.74	2129	2094	0.00	203	0	0	0	nan	0.00	0.00	3.75	85.27	89.26	0.00	40	0	42	0.00	0.00	64.55	7.45	0.00	0.00	2000
230	10.70	2144	2105	0.00	214	0	0	0	nan	0.00	0.00	3.70	85.79	89.30	0.00	41	0	42	0.00	0.00	65.13	7.49	0.00	0.00	2000
226	10.53	2153	2089	0.00	203	0	0	0	nan	0.00	0.02	4.26	84.82	89.47	0.00	41	0	42	0.00	0.00	64.70	7.60	0.00	0.00	2000
225	10.76	2117	2074	0.00	203	0	0	0	nan	0.00	0.02	2.70	85.52	89.24	0.00	41	0	42	0.00	0.00	63.71	7.41	0.00	0.00	2000
228	11.37	2008	2099	0.00	222	0	0	0	nan	0.00	0.02	4.02	84.67	88.63	0.00	41	0	42	0.00	0.00	64.74	7.45	0.00	0.00	2000
232	11.12	2076	2110	0.00	219	0	0	0	nan	0.00	0.00	4.66	84.67	88.88	0.00	40	0	42	0.00	0.00	64.67	7.39	0.00	0.00	2000
229	11.29	2007	2126	0.00	213	0	0	0	nan	0.00	0.00	4.47	85.49	88.71	0.00	41	0	42	0.00	0.00	66.59	7.70	0.00	0.00	2000
225	11.03	2072	2066	0.00	202	0	0	0	nan	0.00	0.00	3.26	84.37	88.97	0.00	40	0	42	0.00	0.00	63.31	7.29	0.00	0.00	2000
230	11.15	2036	2126	0.00	203	0	0	0	nan	0.00	0.03	3.94	86.13	88.85	0.00	41	0	42	0.00	0.00	66.11	7.74	0.00	0.00	2000
227	10.96	2090	2084	0.00	203	0	0	0	nan	0.00	0.00	3.11	85.40	89.04	0.00	40	0	42	0.00	0.00	64.34	7.40	0.00	0.00	2000
230	11.11	2071	2101	0.00	214	0	0	0	nan	0.00	0.00	4.07	84.85	88.89	0.00	41	0	42	0.00	0.00	65.04	7.45	0.00	0.00	2000
233	11.14	2066	2128	0.00	203	0	0	0	nan	0.00	0.02	3.10	87.11	88.86	0.00	40	0	42	0.00	0.00	63.76	7.35	0.00	0.00	2000
229	10.86	2108	2100	0.00	202	0	0	0	nan	0.00	0.00	3.46	85.75	89.14	0.00	41	0	42	0.00	0.00	64.88	7.60	0.00	0.00	2000
224	11.07	2055	2063	0.68	203	0	0	8	30.92	0.00	0.00	3.66	83.90	88.93	0.00	41	0	42	0.00	0.00	65.65	7.05	0.00	0.00	2000
230	10.92	2097	2107	0.24	225	0	0	0	nan	0.00	0.00	4.74	84.74	89.08	0.00	41	0	42	0.00	0.00	60.22	7.57	0.00	0.00	2000
229	10.70	2142	2096	0.00	213	0	0	0	nan	0.00	0.02	4.18	85.05	89.30	0.00	41	0	42	0.00	0.00	67.90	7.42	0.00	0.00	2000
228	10.59	2148	2100	0.00	203	0	0	0	nan	0.00	0.00	3.72	85.72	89.41	0.00	41	0	42	0.00	0.00	64.84	7.64	0.00	0.00	2000
231	10.87	2102	2120	0.00	203	0	0	0	nan	0.00	0.00	4.09	85.90	89.13	0.00	41	0	42	0.00	0.00	66.18	7.73	0.00	0.00	2000
225	11.00	2074	2076	0.00	203	0	0	0	nan	0.03	0.02	3.03	85.04	89.00	0.00	41	0	42	0.00	0.00	63.35	7.36	0.00	0.00	2000
234	11.39	2024	2135	0.00	219	0	0	0	nan	0.00	0.01	4.22	85.93	88.61	0.00	41	0	42	0.00	0.00	66.80	7.61	0.00	0.00	2000
228	10.94	2078	2101	0.00	212	0	0	0	nan	0.00	0.02	3.75	85.44	89.06	0.00	41	0	42	0.00	0.00	64.85	7.38	0.00	0.00	2000
223	11.08	2047	2063	0.00	204	0	0	0	nan	0.00	0.00	3.32	84.11	88.92	0.00	41	0	42	0.00	0.00	62.84	7.32	0.00	0.00	2000
226	11.04	2039	2106	0.00	205	0	0	0	nan	0.00	0.00	3.45	85.96	88.96	0.00	41	0	42	0.00	0.00	65.14	7.56	0.00	0.00	2000
230	10.97	2093	2106	0.00	236	0	0	0	nan	0.00	0.00	3.37	85.90	89.03	0.00	41	0	42	0.00	0.00	65.04	7.58	0.00	0.00	2000
231	10.94	2090	2124	0.00	214	0	0	0	nan	0.00	0.02	3.33	86.83	89.06	0.00	41	0	42	0.00	0.00	65.92	7.69	0.00	0.00	2000
229	10.92	2093	2099	0.00	203	0	0	0	nan	0.00	0.00	3.37	85.80	89.08	0.00	41	0	42	0.00	0.00	65.18	7.57	0.00	0.00	2000
227	11.11	2047	2100	0.00	202	0	0	0	nan	0.00	0.02	3.31	85.79	88.89	0.00	41	0	42	0.00	0.00	64.62	7.51	0.00	0.00	2000
225	10.70	2131	2071	0.00	204	0	0	0	nan	0.00	0.00	3.81	84.37	89.30	0.00	41	0	42	0.00	0.00	63.56	7.42	0.00	0.00	2000
230	10.76	2121	2119	0.00	203	0	0	0	nan	0.01	0.00	3.76	86.32	89.24	0.00	41	0	42	0.00	0.00	66.26	7.63	0.00	0.00	2000
232	10.74	2157	2098	0.00	212	0	0	0	nan	0.00	0.02	3.99	85.22	89.26	0.00	41	0	42	0.00	0.00	64.88	7.42	0.00	0.00	2000
228	11.10	2045	2113	0.96	203	0	0	7	27.55	0.00	0.00	3.32	86.29	88.91	0.00	41	0	42	0.00	0.00	65.25	7.51	0.00	0.00	2000
224	11.07	2053	2067	0.06	205	0	0	0	nan	0.00	0.00	3.36	84.33	88.93	0.00	41	0	42	0.00	0.00	63.47	7.02	0.00	0.00	2000
229	10.85	2093	2121	0.00	203	0	0	0	nan	0.00	0.02	3.95	86.15	89.15	0.00	41	0	42	0.00	0.00	65.88	7.84	0.00	0.00	2000
229	10.89	2095	2103	0.00	204	0	0	0	nan	0.00	0.02	2.97	86.35	89.11	0.00	41	0	42	0.00	0.00	64.86	7.58	0.00	0.00	2000
229	10.81	2121	2097	0.00	212	0	0	0	nan	0.00	0.02	3.85	85.25	89.19	0.00	41	0	42	0.00	0.00	61.75	7.18	0.00	0.00	2000
225	10.72	2118	2081	0.00	225	0	0	0	nan	0.00	0.00	3.22	85.35	89.28	0.00	41	0	42	0.00	0.00	64.21	7.40	0.00	0.00	2000
225	10.93	2064	2098	0.00	218	0	0	0	nan	0.00	0.02	3.19	85.88	89.07	0.00	41	0	42	0.00	0.00	64.69	7.66	0.00	0.00	2000
230	10.98	2089	2105	0.00	203	0	0	0	nan	0.01	0.02	3.85	85.42	89.02	0.00	41	0	42	0.00	0.00	65.00	7.61	0.00	0.00	2000
233	10.98	2101	2117	0.00	237	0	0	0	nan	0.00	0.01	4.84	85.01	89.02	0.00	41	0	42	0.00	0.00	65.67	7.71	0.00	0.00	2000
227	11.02	2079	2083	0.00	220	0	0	0	nan	0.00	0.02	3.83	84.52	88.98	0.00	41	0	42	0.00	0.00	65.64	8.35	0.00	0.00	2000
231	10.84	2107	2119	0.00	203	0	0	0	nan	0.00	0.00	3.71	86.36	89.16	0.00	41	0	43	0.00	0.00	65.31	7.47	0.00	0.00	2000
229	10.76	2123	2103	0.00	203	0	0	0	nan	0.00	0.00	3.45	86.06	89.24	0.00	41	0	42	0.00	0.00	65.14	7.35	0.00	0.00	2000
231	11.20	2054	2112	0.00	202	0	0	0	nan	0.00	0.00	3.50	85.87	88.80	0.00	42	0	42	0.00	0.00	65.81	7.69	0.00	0.00	2000
224	11.16	2048	2062	0.00	212	0	0	0	nan	0.00	0.00	3.90	83.43	88.84	0.00	41	0	42	0.00	0.00	64.92	8.15	0.00	0.00	2000
228	11.29	2007	2115	0.00	222	0	0	0	nan	0.00	0.00	5.15	84.38	88.71	0.00	42	0	42	0.00	0.00	67.39	8.76	0.00	0.00	2000
231	10.80	2133	2109	0.00	204	0	0	0	nan	0.00	0.00	3.58	86.03	89.20	0.00	41	0	42	0.00	0.00	66.20	7.89	0.00	0.00	2000
227	10.78	2127	2080	0.00	204	0	0	3	42.16	0.00	0.02	3.17	85.23	89.22	0.00	40	0	42	0.00	0.00	64.37	7.52	0.00	0.00	2000
225	10.95	2058	2094	0.80	214	0	0	9	55.61	0.00	0.03	4.51	84.28	89.05	0.00	40	0	42	0.00	0.00	64.72	7.65	0.00	0.00	2000
183	10.40	1752	2107	0.00	229	0	0	0	nan	0.04	0.07	13.35	76.69	89.60	0.00	39	0	42	0.00	0.00	62.45	7.54	0.00	0.00	2000
79	7.69	1016	2112	0.00	210	0	0	0	nan	0.00	0.01	6.37	86.56	92.31	0.00	38	0	42	0.00	0.00	62.11	8.01	0.00	0.00	2000
71	6.44	1113	2084	0.00	193	0	0	0	nan	0.00	0.00	3.55	89.37	93.56	0.00	37	0	42	0.00	0.00	57.21	7.25	0.00	0.00	2000
90	7.38	1197	2149	0.00	131	0	0	0	nan	0.00	0.00	4.59	90.36	92.62	0.00	37	0	42	0.00	0.00	57.54	7.29	0.00	0.00	2000
