Avg_MHz	Busy%	Bzy_MHz	TSC_MHz	IPC	IRQ	NMI	SMI	LLCMRPS	LLC%hit	POLL%	C1%	C1E%	C6%	CPU%c1	CPU%c6	CoreTmp	CoreThr	PkgTmp	Pkg%pc2	Pkg%pc6	PkgWatt	RAMWatt	PKG_%	RAM_%	UncMHz
421	20.29	2021	2154	0.00	251	0	0	0	nan	0.00	0.66	43.47	37.79	79.71	0.00	37	0	42	0.00	0.00	70.42	8.45	0.00	0.00	2000
385	19.64	1981	2077	0.00	238	0	0	0	nan	0.02	1.14	30.64	47.81	80.36	0.00	37	0	42	0.00	0.00	64.53	7.41	0.00	0.00	2000
79	6.69	1154	2144	0.00	209	0	0	0	nan	0.00	0.02	4.17	90.96	93.31	0.00	36	0	42	0.00	0.00	58.88	7.55	0.00	0.00	2000
74	6.31	1186	2087	0.00	178	0	0	0	nan	0.00	0.02	3.19	89.75	93.69	0.00	37	0	42	0.00	0.00	60.44	7.67	0.00	0.00	2000
73	6.42	1137	2107	0.00	195	0	0	0	nan	0.00	0.02	3.24	90.67	93.58	0.00	36	0	42	0.00	0.00	58.48	7.63	0.00	0.00	2000
73	6.60	1096	2111	0.00	210	0	0	0	nan	0.00	0.02	2.71	91.18	93.40	0.00	37	0	42	0.00	0.00	58.49	7.34	0.00	0.00	2000
80	6.92	1153	2101	0.00	193	0	0	0	nan	0.00	0.00	3.25	89.88	93.08	0.00	36	0	42	0.00	0.00	62.44	7.93	0.00	0.00	2000
72	6.58	1092	2094	0.00	194	0	0	0	nan	0.00	0.03	4.08	89.07	93.42	0.00	37	0	42	0.00	0.00	56.85	7.46	0.00	0.00	2000
73	6.78	1087	2075	0.00	197	0	0	0	nan	0.00	0.02	4.30	87.79	93.22	0.00	37	0	42	0.00	0.00	59.64	7.21	0.00	0.00	2000
72	6.69	1064	2114	0.00	196	0	0	0	nan	0.00	0.00	2.09	91.78	93.31	0.00	37	0	42	0.00	0.00	58.55	7.54	0.00	0.00	2000
75	6.45	1152	2107	0.00	210	0	0	0	nan	0.00	0.02	2.83	90.86	93.55	0.00	37	0	42	0.00	0.00	58.69	7.52	0.00	0.00	2000
73	6.44	1130	2107	0.00	194	0	0	0	nan	0.00	0.01	3.83	90.05	93.56	0.00	36	0	42	0.00	0.00	60.29	7.72	0.00	0.00	2000
74	6.49	1135	2097	0.00	194	0	0	0	nan	0.00	0.00	2.96	90.40	93.51	0.00	36	0	42	0.00	0.00	58.38	7.50	0.00	0.00	2000
72	6.40	1137	2079	0.00	177	0	0	0	nan	0.00	0.00	3.48	89.04	93.60	0.00	37	0	42	0.00	0.00	59.28	7.51	0.00	0.00	2000
72	6.60	1085	2124	0.00	193	0	0	0	nan	0.00	0.00	3.22	91.22	93.40	0.00	37	0	42	0.00	0.00	58.69	7.35	0.00	0.00	2000
72	6.69	1077	2092	0.00	194	0	0	1	86.81	0.00	0.02	3.59	89.49	93.31	0.00	37	0	42	0.00	0.00	59.60	7.70	0.00	0.00	2000
73	6.68	1084	2112	0.29	194	0	0	2	88.02	0.00	0.00	3.18	90.77	93.32	0.00	36	0	42	0.00	0.00	58.26	7.37	0.00	0.00	2000
72	6.45	1117	2098	0.01	209	0	0	0	nan	0.00	0.01	2.76	90.76	93.55	0.00	36	0	42	0.00	0.00	59.80	7.53	0.00	0.00	2000
204	10.12	2020	2097	0.00	207	0	0	0	nan	0.00	0.75	3.42	85.72	89.88	0.00	38	0	42	0.00	0.00	66.05	7.82	0.00	0.00	2000
223	11.33	2001	2067	0.00	208	0	0	0	nan	0.00	0.02	6.93	80.49	88.67	0.00	39	0	42	0.00	0.00	64.29	7.30	0.00	0.00	2000
221	11.22	1973	2098	0.00	201	0	0	0	nan	0.00	0.00	6.65	82.22	88.78	0.00	39	0	42	0.00	0.00	64.05	7.21	0.00	0.00	2000
223	10.94	2022	2118	0.00	200	0	0	0	nan	0.00	0.00	5.84	84.03	89.06	0.00	39	0	42	0.00	0.00	65.28	7.61	0.00	0.00	2000
226	11.10	2024	2110	0.00	232	0	0	0	nan	0.00	0.00	6.75	82.65	88.90	0.00	38	0	42	0.00	0.00	66.95	7.80	0.00	0.00	2000
235	11.12	2104	2106	0.00	218	0	0	0	nan	0.00	0.00	4.68	84.54	88.88	0.00	38	0	42	0.00	0.00	65.67	7.83	0.00	0.00	2000
231	10.96	2101	2106	0.00	247	0	0	0	nan	0.00	0.01	3.80	85.59	89.04	0.00	37	0	42	0.00	0.00	66.44	7.78	0.00	0.00	2000
223	10.62	2108	2096	0.00	198	0	0	0	nan	0.00	0.00	4.87	84.33	89.38	0.00	39	0	42	0.00	0.00	64.64	8.10	0.00	0.00	2000
222	10.55	2105	2098	0.00	182	0	0	0	nan	0.00	0.00	4.33	85.13	89.45	0.00	39	0	42	0.00	0.00	66.81	8.03	0.00	0.00	2000
224	10.74	2083	2101	0.00	201	0	0	0	nan	0.00	0.02	6.97	82.35	89.26	0.00	39	0	42	0.00	0.00	67.04	7.85	0.00	0.00	2000
225	10.81	2096	2085	0.00	203	0	0	0	nan	0.00	0.03	4.99	83.52	89.19	0.00	39	0	42	0.00	0.00	63.35	7.15	0.00	0.00	2000
221	10.75	2101	2054	0.00	200	0	0	0	nan	0.00	0.06	4.27	82.98	89.25	0.00	39	0	41	0.00	0.00	63.97	6.96	0.00	0.00	2000
224	10.51	2081	2149	0.00	198	0	0	0	nan	0.00	0.00	4.78	86.79	89.49	0.00	40	0	42	0.00	0.00	68.44	8.19	0.00	0.00	2000
223	10.71	2067	2117	0.00	200	0	0	0	nan	0.00	0.00	5.34	84.82	89.29	0.00	40	0	41	0.00	0.00	66.49	7.68	0.00	0.00	2000
221	11.04	2049	2053	0.00	199	0	0	7	94.63	0.00	0.00	5.20	81.76	88.96	0.00	40	0	42	0.00	0.00	64.04	7.31	0.00	0.00	2000
224	10.90	2016	2138	0.73	204	0	0	12	96.15	0.00	0.02	6.47	84.31	89.10	0.00	40	0	42	0.00	0.00	65.82	7.52	0.00	0.00	2000
220	10.79	2085	2058	0.00	215	0	0	0	nan	0.00	0.05	5.89	81.57	89.21	0.00	40	0	42	0.00	0.00	62.72	7.15	0.00	0.00	2000
224	10.92	2013	2141	0.00	197	0	0	0	nan	0.00	0.01	4.78	86.13	89.08	0.00	40	0	42	0.00	0.00	66.56	7.62	0.00	0.00	2000
215	10.66	2025	2087	0.00	201	0	0	0	nan	0.00	0.01	6.03	82.80	89.34	0.00	38	0	42	0.00	0.00	65.83	7.67	0.00	0.00	2000
237	11.12	2106	2122	0.00	199	0	0	0	nan	0.00	0.00	5.46	84.35	88.88	0.00	39	0	42	0.00	0.00	63.65	7.46	0.00	0.00	2000
233	10.91	2124	2109	0.00	219	0	0	0	nan	0.00	0.00	6.47	83.03	89.09	0.00	39	0	41	0.00	0.00	63.98	7.40	0.00	0.00	2000
228	11.03	2090	2076	0.00	201	0	0	0	nan	0.00	0.00	6.30	81.75	88.97	0.00	39	0	42	0.00	0.00	65.58	7.54	0.00	0.00	2000
232	10.66	2164	2109	0.00	200	0	0	0	nan	0.00	0.01	5.74	83.96	89.34	0.00	40	0	42	0.00	0.00	68.86	7.69	0.00	0.00	2000
230	11.01	2097	2091	0.00	198	0	0	0	nan	0.00	0.00	4.38	84.25	88.99	0.00	39	0	42	0.00	0.00	64.94	7.72	0.00	0.00	2000
236	10.85	2154	2118	0.00	203	0	0	0	nan	0.00	0.02	5.24	84.67	89.15	0.00	39	0	42	0.00	0.00	64.31	7.67	0.00	0.00	2000
227	10.78	2123	2082	0.00	214	0	0	0	nan	0.00	0.00	6.10	82.37	89.22	0.00	39	0	42	0.00	0.00	67.42	7.69	0.00	0.00	2000
232	10.85	2129	2110	0.00	198	0	0	0	nan	0.00	0.06	4.52	85.05	89.15	0.00	40	0	42	0.00	0.00	65.69	7.50	0.00	0.00	2000
233	11.14	2072	2118	0.00	198	0	0	0	nan	0.00	0.54	2.44	86.76	88.86	0.00	40	0	42	0.00	0.00	66.21	7.27	0.00	0.00	2000
225	11.02	2062	2081	0.00	198	0	0	0	nan	0.00	0.03	2.36	85.93	88.98	0.00	38	0	42	0.00	0.00	63.46	7.74	0.00	0.00	2000
233	11.56	1996	2118	0.00	245	0	0	0	nan	0.00	0.02	5.96	83.32	88.44	0.00	38	0	42	0.00	0.00	64.55	7.51	0.00	0.00	2000
224	11.15	2051	2057	0.00	198	0	0	0	nan	0.00	0.01	6.34	80.77	88.85	0.00	40	0	42	0.00	0.00	65.34	7.56	0.00	0.00	2000
216	11.06	2175	1887	0.39	199	0	0	11	76.59	0.00	0.01	4.02	75.88	88.94	0.00	38	0	42	0.00	0.00	59.57	6.91	0.00	0.00	2000
238	10.16	2029	2422	0.33	279	0	0	1	90.50	0.00	0.00	7.91	95.83	89.84	0.00	39	0	42	0.00	0.00	73.46	8.48	0.00	0.00	2000
225	10.91	2084	2082	0.00	204	0	0	0	nan	0.00	0.00	3.26	85.16	89.09	0.00	40	0	42	0.00	0.00	66.46	7.71	0.00	0.00	2000
231	10.82	2116	2114	0.00	219	0	0	0	nan	0.00	0.00	3.25	86.57	89.18	0.00	40	0	42	0.00	0.00	64.73	7.39	0.00	0.00	2000
224	10.62	2138	2073	0.00	186	0	0	0	nan	0.00	0.02	2.96	85.28	89.38	0.00	40	0	42	0.00	0.00	60.05	7.06	0.00	0.00	2000
231	10.95	2107	2104	0.00	212	0	0	0	nan	0.00	0.02	2.52	86.69	89.05	0.00	40	0	42	0.00	0.00	67.31	7.78	0.00	0.00	2000
230	10.92	2086	2116	0.00	203	0	0	0	nan	0.00	0.02	2.43	87.41	89.08	0.00	40	0	42	0.00	0.00	65.11	7.48	0.00	0.00	2000
228	10.84	2107	2092	0.00	204	0	0	0	nan	0.00	0.01	3.34	85.55	89.16	0.00	40	0	42	0.00	0.00	61.39	7.29	0.00	0.00	2000
231	10.88	2093	2126	0.00	202	0	0	0	nan	0.00	0.00	2.73	87.52	89.12	0.00	41	0	42	0.00	0.00	67.15	7.82	0.00	0.00	2000
229	10.77	2124	2100	0.00	203	0	0	0	nan	0.00	0.00	3.46	85.86	89.23	0.00	41	0	42	0.00	0.00	66.46	7.70	0.00	0.00	2000
226	10.88	2088	2089	0.00	206	0	0	0	nan	0.00	0.03	3.94	84.85	89.12	0.00	40	0	42	0.00	0.00	65.53	7.68	0.00	0.00	2000
230	10.89	2121	2095	0.00	214	0	0	0	nan	0.00	0.00	3.26	85.67	89.11	0.00	40	0	42	0.00	0.00	64.46	7.35	0.00	0.00	2000
228	10.84	2105	2102	0.00	202	0	0	0	nan	0.00	0.02	3.76	85.49	89.16	0.00	40	0	42	0.00	0.00	64.38	7.58	0.00	0.00	2000
228	10.85	2097	2101	0.00	203	0	0	0	nan	0.00	0.00	3.90	85.39	89.15	0.00	40	0	42	0.00	0.00	64.71	7.43	0.00	0.00	2000
226	10.74	2112	2089	0.00	187	0	0	0	nan	0.00	0.02	3.47	85.42	89.26	0.00	40	0	42	0.00	0.00	63.22	7.27	0.00	0.00	2000
231	10.96	2098	2105	0.00	206	0	0	0	nan	0.00	0.00	3.76	85.58	89.04	0.00	40	0	42	0.00	0.00	65.46	7.55	0.00	0.00	2000
232	10.94	2124	2091	0.00	212	0	0	0	nan	0.00	0.02	3.60	85.17	89.06	0.00	39	0	42	0.00	0.00	65.90	7.96	0.00	0.00	2000
185	9.58	1916	2116	0.11	216	0	0	11	58.07	0.00	0.01	6.29	84.86	90.42	0.00	38	0	42	0.00	0.00	66.13	7.88	0.00	0.00	2000
79	6.25	1260	2099	0.21	182	0	0	2	93.30	0.00	0.00	5.57	87.90	93.75	0.00	37	0	42	0.00	0.00	58.95	7.45	0.00	0.00	2000
178	9.54	1883	2087	0.00	209	0	0	0	nan	0.00	0.02	5.04	84.87	90.46	0.00	40	0	42	0.00	0.00	62.59	7.39	0.00	0.00	2000
230	10.68	2136	2115	0.00	203	0	0	0	nan	0.00	0.02	3.62	86.34	89.32	0.00	40	0	42	0.00	0.00	65.77	7.57	0.00	0.00	2000
232	10.94	2124	2094	0.00	212	0	0	0	nan	0.00	0.02	5.76	83.14	89.06	0.00	41	0	42	0.00	0.00	62.42	7.35	0.00	0.00	2000
149	8.72	1694	2111	0.00	210	0	0	0	nan	0.01	0.00	5.48	86.28	91.28	0.00	39	0	42	0.00	0.00	63.20	7.67	0.00	0.00	2000
76	7.00	1092	2099	0.00	198	0	0	0	nan	0.00	0.00	6.04	87.00	93.00	0.00	38	0	42	0.00	0.00	60.29	7.55	0.00	0.00	2000
202	10.41	1958	2077	0.00	210	0	0	0	nan	0.00	0.00	4.76	83.85	89.59	0.00	39	0	42	0.00	0.00	61.57	7.38	0.00	0.00	2000
232	11.01	2076	2127	0.00	224	0	0	0	nan	0.00	0.01	4.26	85.94	88.99	0.00	40	0	42	0.00	0.00	66.25	7.64	0.00	0.00	2000
226	10.75	2133	2070	0.00	212	0	0	0	nan	0.00	0.00	4.48	83.50	89.25	0.00	41	0	42	0.00	0.00	63.01	7.36	0.00	0.00	2000
230	11.00	2079	2113	0.00	203	0	0	0	nan	0.00	0.04	4.22	85.44	89.00	0.00	40	0	42	0.00	0.00	65.35	7.69	0.00	0.00	2000
230	11.01	2077	2114	0.00	205	0	0	0	nan	0.00	0.00	3.28	86.39	88.99	0.00	40	0	42	0.00	0.00	67.75	7.92	0.00	0.00	2000
228	10.74	2138	2082	0.00	203	0	0	0	nan	0.00	0.00	3.17	85.33	89.26	0.00	41	0	42	0.00	0.00	61.36	7.08	0.00	0.00	2000
284	12.41	2278	2107	0.00	266	0	0	0	nan	0.00	0.70	7.37	79.88	87.59	0.00	40	0	42	0.00	0.00	67.55	7.83	0.00	0.00	2000
200	10.65	1896	2082	0.00	235	0	0	0	nan	0.00	0.07	16.32	72.34	89.35	0.00	37	0	42	0.00	0.00	64.61	7.61	0.00	0.00	2000
