Avg_MHz	Busy%	Bzy_MHz	TSC_MHz	IPC	IRQ	NMI	SMI	LLCMRPS	LLC%hit	POLL%	C1%	C1E%	C6%	CPU%c1	CPU%c6	CoreTmp	CoreThr	PkgTmp	Pkg%pc2	Pkg%pc6	PkgWatt	RAMWatt	PKG_%	RAM_%	UncMHz
391	19.19	1977	2162	0.00	255	0	0	0	nan	0.00	0.55	42.17	40.59	80.81	0.00	37	0	42	0.00	0.00	66.90	8.15	0.00	0.00	2000
404	18.82	2157	2091	0.00	243	0	0	0	nan	0.10	0.93	21.00	59.03	81.18	0.00	37	0	42	0.00	0.00	65.04	7.51	0.00	0.00	2000
78	6.62	1179	2109	0.00	195	0	0	0	nan	0.00	0.00	4.82	88.95	93.38	0.00	37	0	42	0.00	0.00	59.50	7.54	0.00	0.00	2000
73	6.91	1057	2111	0.00	193	0	0	0	nan	0.00	0.02	2.34	91.24	93.09	0.00	37	0	43	0.00	0.00	60.41	7.75	0.00	0.00	2000
73	6.60	1098	2111	0.00	193	0	0	0	nan	0.01	0.00	2.65	91.33	93.40	0.00	37	0	42	0.00	0.00	58.84	7.56	0.00	0.00	2000
73	6.42	1145	2093	0.00	193	0	0	0	nan	0.00	0.02	2.58	90.68	93.58	0.00	37	0	42	0.00	0.00	56.07	7.34	0.00	0.00	2000
75	6.81	1086	2125	0.00	194	0	0	0	nan	0.00	0.00	2.49	91.87	93.19	0.00	37	0	42	0.00	0.00	62.08	7.85	0.00	0.00	2000
72	6.35	1135	2085	0.00	193	0	0	0	nan	0.00	0.00	3.07	89.85	93.65	0.00	37	0	42	0.00	0.00	56.55	7.20	0.00	0.00	2000
72	6.74	1077	2081	0.00	193	0	0	0	nan	0.00	0.02	2.62	89.86	93.26	0.00	37	0	43	0.00	0.00	56.83	7.24	0.00	0.00	2000
72	6.85	1044	2108	0.00	193	0	0	0	nan	0.00	0.00	2.15	91.37	93.15	0.00	37	0	42	0.00	0.00	59.45	7.78	0.00	0.00	2000
73	6.64	1099	2114	0.00	194	0	0	0	nan	0.00	0.00	2.77	91.21	93.36	0.00	37	0	42	0.00	0.00	58.36	7.17	0.00	0.00	2000
72	6.33	1144	2089	0.00	196	0	0	0	nan	0.00	0.01	2.68	90.42	93.67	0.00	37	0	42	0.00	0.00	58.81	7.42	0.00	0.00	2000
73	6.51	1125	2102	0.00	193	0	0	0	nan	0.00	0.02	2.99	90.62	93.49	0.00	37	0	42	0.00	0.00	58.91	7.11	0.00	0.00	2000
72	6.70	1076	2086	0.00	193	0	0	0	nan	0.00	0.02	2.70	90.08	93.30	0.00	37	0	42	0.00	0.00	54.88	7.22	0.00	0.00	2000
73	6.63	1100	2117	0.00	194	0	0	0	nan	0.00	0.03	2.90	91.24	93.37	0.00	37	0	42	0.00	0.00	61.35	7.72	0.00	0.00	2000
71	6.47	1106	2093	0.00	194	0	0	0	93.41	0.00	0.01	2.80	90.52	93.53	0.00	37	0	42	0.00	0.00	55.55	7.08	0.00	0.00	2000
74	6.87	1085	2091	0.29	193	0	0	1	86.14	0.00	0.00	2.80	89.96	93.13	0.00	37	0	42	0.00	0.00	57.33	7.27	0.00	0.00	2000
72	6.87	1036	2130	0.04	193	0	0	0	nan	0.00	0.01	2.61	91.91	93.13	0.00	37	0	42	0.00	0.00	61.30	7.80	0.00	0.00	2000
191	9.91	1945	2083	0.00	223	0	0	0	nan	0.00	0.70	5.01	83.75	90.09	0.00	38	0	42	0.00	0.00	59.58	7.02	0.00	0.00	2000
227	10.50	2146	2115	0.00	202	0	0	0	nan	0.00	0.06	4.35	85.76	89.50	0.00	39	0	42	0.00	0.00	66.49	7.46	0.00	0.00	2000
222	10.65	2091	2094	0.00	205	0	0	0	nan	0.00	0.00	4.32	84.88	89.35	0.00	39	0	42	0.00	0.00	65.22	7.36	0.00	0.00	2000
225	10.53	2131	2102	0.00	199	0	0	0	nan	0.00	0.00	5.03	84.56	89.47	0.00	39	0	42	0.00	0.00	64.96	7.52	0.00	0.00	2000
218	10.97	1980	2102	0.00	199	0	0	0	nan	0.00	0.01	5.10	84.11	89.03	0.00	38	0	42	0.00	0.00	63.63	7.39	0.00	0.00	2000
231	11.00	2101	2100	0.00	203	0	0	0	nan	0.00	0.00	3.56	85.46	89.00	0.00	38	0	42	0.00	0.00	66.81	7.95	0.00	0.00	2000
229	11.15	2068	2089	0.00	203	0	0	0	nan	0.00	0.02	4.00	84.49	88.85	0.00	39	0	42	0.00	0.00	65.63	7.60	0.00	0.00	2000
235	11.31	2066	2115	0.00	208	0	0	0	nan	0.00	0.00	6.59	82.87	88.69	0.00	38	0	42	0.00	0.00	66.15	7.72	0.00	0.00	2000
229	11.28	2037	2092	0.00	198	0	0	0	nan	0.00	0.01	6.23	82.25	88.72	0.00	38	0	42	0.00	0.00	64.52	7.45	0.00	0.00	2000
230	10.97	2097	2096	0.00	199	0	0	0	nan	0.00	0.00	5.18	83.73	89.03	0.00	39	0	42	0.00	0.00	65.46	7.57	0.00	0.00	2000
227	11.04	2073	2084	0.00	199	0	0	0	nan	0.00	0.00	4.66	83.68	88.96	0.00	39	0	42	0.00	0.00	64.09	7.35	0.00	0.00	2000
226	10.80	2101	2095	0.00	198	0	0	0	nan	0.00	0.00	4.70	84.36	89.20	0.00	40	0	42	0.00	0.00	64.81	7.38	0.00	0.00	2000
236	11.11	2100	2123	0.00	203	0	0	0	nan	0.00	0.02	5.76	84.17	88.89	0.00	40	0	42	0.00	0.00	65.25	7.56	0.00	0.00	2000
231	10.95	2103	2110	0.00	199	0	0	0	nan	0.00	0.03	5.36	84.21	89.05	0.00	40	0	42	0.00	0.00	64.42	7.44	0.00	0.00	2000
232	11.03	2093	2107	0.00	199	0	0	0	nan	0.00	0.01	4.17	85.15	88.97	0.00	40	0	42	0.00	0.00	63.38	7.61	0.00	0.00	2000
224	10.89	2084	2069	0.67	198	0	0	17	97.89	0.00	0.00	4.48	83.41	89.11	0.00	40	0	42	0.00	0.00	65.89	7.26	0.00	0.00	2000
231	11.37	2038	2092	0.13	214	0	0	0	nan	0.00	0.05	2.88	85.60	88.63	0.00	40	0	42	0.00	0.00	64.62	7.47	0.00	0.00	2000
227	11.05	2050	2104	0.00	220	0	0	0	nan	0.00	0.50	6.18	82.56	88.95	0.00	40	0	42	0.00	0.00	65.06	7.43	0.00	0.00	2000
229	11.33	2025	2095	0.00	198	0	0	0	nan	0.00	0.00	6.31	82.27	88.67	0.00	40	0	42	0.00	0.00	62.73	7.23	0.00	0.00	2000
255	12.15	2076	2124	0.00	197	0	0	0	nan	0.00	0.00	4.30	84.65	87.85	0.00	40	0	42	0.00	0.00	67.67	7.74	0.00	0.00	2000
228	11.14	2061	2090	0.00	199	0	0	0	nan	0.00	0.00	4.85	83.72	88.86	0.00	40	0	42	0.00	0.00	64.07	7.51	0.00	0.00	2000
232	11.13	2089	2100	0.00	207	0	0	0	nan	0.00	0.03	7.13	81.77	88.87	0.00	40	0	43	0.00	0.00	64.72	7.30	0.00	0.00	2000
230	11.07	2082	2097	0.00	199	0	0	0	nan	0.00	0.02	5.92	82.97	88.93	0.00	40	0	42	0.00	0.00	60.25	7.04	0.00	0.00	2000
231	11.04	2078	2120	0.00	250	0	0	0	nan	0.00	0.01	6.05	83.82	88.96	0.00	38	0	42	0.00	0.00	66.85	8.14	0.00	0.00	2000
224	10.86	2109	2057	0.00	199	0	0	0	nan	0.00	0.00	4.91	82.38	89.14	0.00	38	0	42	0.00	0.00	66.33	7.29	0.00	0.00	2000
229	10.98	2052	2130	0.00	213	0	0	0	nan	0.02	0.00	6.87	83.34	89.02	0.00	38	0	42	0.00	0.00	65.45	7.61	0.00	0.00	2000
224	11.10	2022	2100	0.00	201	0	0	0	nan	0.00	0.03	3.25	85.67	88.90	0.00	38	0	42	0.00	0.00	65.14	7.70	0.00	0.00	2000
226	10.55	2131	2110	0.00	198	0	0	0	nan	0.00	0.03	3.20	86.58	89.45	0.00	39	0	43	0.00	0.00	65.99	8.06	0.00	0.00	2000
225	10.83	2074	2101	0.00	199	0	0	0	nan	0.00	0.03	5.95	83.24	89.17	0.00	39	0	42	0.00	0.00	65.28	7.72	0.00	0.00	2000
224	10.64	2107	2102	0.00	199	0	0	0	nan	0.00	0.03	5.51	83.94	89.36	0.00	39	0	42	0.00	0.00	65.40	7.83	0.00	0.00	2000
226	10.99	2058	2102	0.00	205	0	0	0	nan	0.00	0.01	5.95	83.21	89.01	0.00	39	0	42	0.00	0.00	65.82	7.89	0.00	0.00	2000
224	10.66	2105	2096	0.00	198	0	0	1	68.35	0.00	0.02	5.88	83.34	89.34	0.00	39	0	42	0.00	0.00	64.04	7.74	0.00	0.00	2000
223	10.91	2044	2095	0.53	198	0	0	4	56.11	0.00	0.00	5.27	83.65	89.09	0.00	39	0	42	0.00	0.00	63.26	7.57	0.00	0.00	2000
224	11.10	2016	2103	0.00	198	0	0	0	nan	0.00	0.07	4.41	84.65	88.90	0.00	39	0	42	0.00	0.00	64.14	7.83	0.00	0.00	2000
220	10.92	2061	2055	0.00	215	0	0	0	nan	0.00	0.00	4.75	82.47	89.08	0.00	40	0	42	0.00	0.00	65.20	7.73	0.00	0.00	2000
223	10.84	2029	2130	0.00	202	0	0	0	nan	0.00	0.01	5.50	85.04	89.16	0.00	40	0	42	0.00	0.00	64.82	7.48	0.00	0.00	2000
222	10.67	2070	2106	0.00	199	0	0	0	nan	0.00	0.00	5.81	83.90	89.33	0.00	40	0	42	0.00	0.00	65.32	7.53	0.00	0.00	2000
221	10.66	2052	2123	0.00	199	0	0	0	nan	0.00	0.02	4.24	86.18	89.34	0.00	40	0	42	0.00	0.00	66.06	7.60	0.00	0.00	2000
221	10.78	2118	2030	0.00	199	0	0	0	nan	0.00	0.00	5.58	80.68	89.22	0.00	40	0	42	0.00	0.00	63.57	7.62	0.00	0.00	2000
223	10.61	2065	2142	0.00	202	0	0	0	nan	0.00	0.01	3.36	87.88	89.39	0.00	40	0	42	0.00	0.00	64.88	7.43	0.00	0.00	2000
221	11.00	2043	2066	0.00	220	0	0	0	nan	0.00	0.00	6.47	81.15	89.00	0.00	40	0	42	0.00	0.00	63.88	7.49	0.00	0.00	2000
222	10.49	2074	2146	0.00	202	0	0	0	nan	0.00	0.00	6.91	84.60	89.51	0.00	40	0	42	0.00	0.00	64.87	7.47	0.00	0.00	2000
220	11.08	2014	2076	0.00	201	0	0	0	nan	0.00	0.00	6.02	81.99	88.92	0.00	40	0	42	0.00	0.00	64.36	7.31	0.00	0.00	2000
220	10.60	2074	2098	0.00	198	0	0	0	nan	0.00	0.03	5.09	84.24	89.40	0.00	40	0	42	0.00	0.00	64.76	7.55	0.00	0.00	2000
223	10.86	2026	2128	0.00	199	0	0	0	nan	0.00	0.02	6.03	84.35	89.14	0.00	40	0	42	0.00	0.00	64.69	7.61	0.00	0.00	2000
219	11.10	1994	2074	0.00	219	0	0	0	nan	0.00	0.00	6.42	81.60	88.90	0.00	40	0	42	0.00	0.00	64.03	7.38	0.00	0.00	2000
215	11.32	2010	1988	0.00	198	0	0	0	nan	0.00	0.00	5.08	79.02	88.68	0.00	40	0	42	0.00	0.00	59.27	7.01	0.00	0.00	2000
225	10.67	1999	2213	0.00	215	0	0	0	nan	0.00	0.02	4.97	89.27	89.33	0.00	40	0	42	0.00	0.00	70.13	7.83	0.00	0.00	2000
221	10.68	2024	2150	0.00	199	0	0	3	95.49	0.00	0.00	5.48	86.10	89.32	0.00	40	0	42	0.00	0.00	65.59	7.38	0.00	0.00	2000
222	10.84	2114	2035	0.70	203	0	0	4	96.09	0.00	0.00	5.40	81.12	89.16	0.00	40	0	42	0.00	0.00	64.54	7.31	0.00	0.00	2000
225	10.41	2100	2162	0.00	199	0	0	0	nan	0.00	0.00	3.72	88.57	89.59	0.00	40	0	42	0.00	0.00	66.60	7.99	0.00	0.00	2000
223	10.46	2122	2110	0.00	199	0	0	0	nan	0.00	0.07	2.84	87.06	89.54	0.00	40	0	42	0.00	0.00	66.62	7.62	0.00	0.00	2000
219	10.93	2122	1982	0.00	199	0	0	0	nan	0.00	0.06	2.82	81.24	89.07	0.00	40	0	42	0.00	0.00	54.64	6.64	0.00	0.00	2000
223	10.72	2016	2169	0.00	199	0	0	0	nan	0.00	0.01	4.86	87.49	89.28	0.00	40	0	42	0.00	0.00	72.08	8.02	0.00	0.00	2000
225	10.59	2101	2124	0.00	205	0	0	0	nan	0.00	0.02	6.03	84.51	89.41	0.00	40	0	42	0.00	0.00	65.27	7.39	0.00	0.00	2000
220	10.96	2027	2079	0.00	198	0	0	0	nan	0.00	0.00	6.32	81.99	89.04	0.00	40	0	42	0.00	0.00	64.43	7.57	0.00	0.00	2000
222	10.65	2079	2110	0.00	199	0	0	0	nan	0.00	0.00	5.93	83.88	89.35	0.00	40	0	42	0.00	0.00	64.84	7.42	0.00	0.00	2000
220	10.68	2072	2085	0.00	198	0	0	0	nan	0.00	0.02	5.01	83.63	89.32	0.00	40	0	42	0.00	0.00	64.50	7.63	0.00	0.00	2000
222	10.69	2040	2141	0.00	199	0	0	0	nan	0.00	0.01	5.36	85.78	89.31	0.00	40	0	42	0.00	0.00	64.99	7.39	0.00	0.00	2000
223	10.94	2089	2046	0.00	203	0	0	0	nan	0.00	0.00	5.83	80.97	89.06	0.00	40	0	42	0.00	0.00	64.19	7.37	0.00	0.00	2000
219	10.85	2082	2034	0.00	197	0	0	0	nan	0.00	0.02	5.50	80.93	89.15	0.00	40	0	42	0.00	0.00	60.83	6.96	0.00	0.00	2000
225	10.60	2021	2207	0.00	218	0	0	0	nan	0.00	0.02	5.78	88.21	89.40	0.00	40	0	42	0.00	0.00	69.25	7.97	0.00	0.00	2000
220	10.77	2063	2079	0.00	217	0	0	0	nan	0.00	0.00	4.61	83.83	89.23	0.00	40	0	42	0.00	0.00	64.85	7.36	0.00	0.00	2000
223	10.77	2061	2112	0.00	198	0	0	0	nan	0.00	0.00	5.30	84.54	89.23	0.00	40	0	42	0.00	0.00	64.80	7.42	0.00	0.00	2000
221	10.51	2099	2103	0.00	205	0	0	0	nan	0.00	0.02	4.38	85.28	89.49	0.00	41	0	42	0.00	0.00	64.78	7.44	0.00	0.00	2000
227	10.60	2140	2100	0.00	200	0	0	2	83.88	0.00	0.54	5.08	83.86	89.40	0.00	41	0	42	0.00	0.00	65.18	7.34	0.00	0.00	2000
222	10.60	2100	2097	1.06	199	0	0	3	85.24	0.00	0.00	5.71	83.64	89.40	0.00	40	0	42	0.00	0.00	64.64	7.59	0.00	0.00	2000
222	10.67	2037	2145	0.00	199	0	0	0	nan	0.00	0.00	5.41	85.94	89.33	0.00	40	0	42	0.00	0.00	65.86	7.57	0.00	0.00	2000
221	10.85	2074	2061	0.00	197	0	0	0	nan	0.00	0.00	5.52	82.05	89.15	0.00	41	0	42	0.00	0.00	60.85	7.07	0.00	0.00	2000
222	10.92	2034	2098	0.00	195	0	0	0	nan	0.00	0.00	2.85	86.23	89.08	0.00	40	0	42	0.00	0.00	67.28	7.83	0.00	0.00	2000
220	10.76	2025	2117	0.00	194	0	0	0	nan	0.00	0.00	3.31	86.67	89.24	0.00	40	0	43	0.00	0.00	64.72	7.42	0.00	0.00	2000
219	10.71	2063	2084	0.00	195	0	0	0	nan	0.00	0.00	4.08	84.67	89.29	0.00	40	0	42	0.00	0.00	64.32	7.46	0.00	0.00	2000
220	10.55	2062	2124	0.00	195	0	0	0	nan	0.00	0.00	3.38	87.09	89.45	0.00	40	0	42	0.00	0.00	64.66	7.34	0.00	0.00	2000
221	11.04	2030	2072	0.00	195	0	0	0	nan	0.00	0.00	3.50	84.31	88.96	0.00	40	0	42	0.00	0.00	64.94	7.83	0.00	0.00	2000
223	10.90	2026	2123	0.00	195	0	0	0	nan	0.00	0.01	3.20	86.98	89.10	0.00	40	0	42	0.00	0.00	65.21	7.55	0.00	0.00	2000
220	10.86	2033	2094	0.00	197	0	0	0	nan	0.00	0.00	3.91	85.02	89.14	0.00	40	0	42	0.00	0.00	64.92	7.56	0.00	0.00	2000
221	10.69	2076	2088	0.00	194	0	0	0	nan	0.00	0.00	3.62	85.27	89.31	0.00	40	0	42	0.00	0.00	64.63	7.59	0.00	0.00	2000
220	10.47	2104	2098	0.00	195	0	0	0	nan	0.00	0.00	3.00	86.52	89.53	0.00	40	0	42	0.00	0.00	62.17	7.22	0.00	0.00	2000
220	10.38	2119	2104	0.00	194	0	0	0	nan	0.00	0.00	2.66	87.10	89.62	0.00	40	0	42	0.00	0.00	67.59	7.82	0.00	0.00	2000
221	10.84	2059	2076	0.00	195	0	0	0	nan	0.00	0.02	3.45	84.73	89.16	0.00	40	0	42	0.00	0.00	61.89	7.23	0.00	0.00	2000
221	10.50	2085	2119	0.00	195	0	0	0	nan	0.00	0.02	2.58	87.81	89.50	0.00	40	0	42	0.00	0.00	67.89	7.46	0.00	0.00	2000
220	10.65	2071	2093	0.00	194	0	0	0	nan	0.01	0.00	3.63	85.48	89.35	0.00	40	0	42	0.00	0.00	61.90	7.50	0.00	0.00	2000
220	10.62	2066	2107	0.00	198	0	0	1	89.26	0.00	0.00	3.86	85.88	89.38	0.00	40	0	42	0.00	0.00	67.36	7.89	0.00	0.00	2000
221	10.57	2082	2110	0.95	196	0	0	2	88.61	0.01	0.00	3.53	86.37	89.43	0.00	41	0	42	0.00	0.00	61.96	7.17	0.00	0.00	2000
222	10.94	2033	2093	0.00	196	0	0	0	nan	0.00	0.00	3.68	85.18	89.06	0.00	40	0	42	0.00	0.00	64.11	7.72	0.00	0.00	2000
219	10.56	2054	2123	0.00	194	0	0	0	nan	0.00	0.02	3.17	87.29	89.44	0.00	40	0	42	0.00	0.00	64.59	7.41	0.00	0.00	2000
220	10.81	2020	2111	0.00	195	0	0	0	nan	0.00	0.03	2.92	86.74	89.19	0.00	40	0	42	0.00	0.00	67.31	7.85	0.00	0.00	2000
218	10.97	2039	2048	0.00	211	0	0	0	nan	0.00	0.00	3.07	83.88	89.03	0.00	40	0	42	0.00	0.00	59.93	6.96	0.00	0.00	2000
223	10.71	2039	2140	0.00	195	0	0	0	nan	0.00	0.00	2.80	88.23	89.29	0.00	41	0	42	0.00	0.00	67.35	7.78	0.00	0.00	2000
221	10.84	2057	2081	0.00	195	0	0	0	nan	0.00	0.00	3.35	85.13	89.16	0.00	40	0	42	0.00	0.00	64.75	7.59	0.00	0.00	2000
216	10.94	2068	2004	0.00	194	0	0	0	nan	0.00	0.00	2.72	82.39	89.06	0.00	40	0	42	0.00	0.00	60.43	7.01	0.00	0.00	2000
222	10.25	2079	2188	0.00	208	0	0	0	nan	0.00	0.00	2.87	90.58	89.75	0.00	40	0	42	0.00	0.00	66.47	7.66	0.00	0.00	2000
220	10.76	2030	2115	0.00	196	0	0	0	nan	0.00	0.00	3.27	86.79	89.24	0.00	40	0	42	0.00	0.00	65.01	7.60	0.00	0.00	2000
220	10.56	2069	2115	0.00	194	0	0	0	nan	0.00	0.02	3.29	86.87	89.44	0.00	40	0	42	0.00	0.00	65.28	7.45	0.00	0.00	2000
221	10.57	2119	2074	0.00	195	0	0	0	nan	0.00	0.00	3.44	84.87	89.43	0.00	40	0	42	0.00	0.00	64.59	7.29	0.00	0.00	2000
219	10.45	2113	2082	0.00	194	0	0	0	nan	0.00	0.00	2.97	85.90	89.55	0.00	41	0	42	0.00	0.00	64.89	7.37	0.00	0.00	2000
221	10.73	2031	2130	0.00	195	0	0	0	nan	0.00	0.02	2.93	87.73	89.27	0.00	40	0	42	0.00	0.00	64.48	7.42	0.00	0.00	2000
221	10.37	2099	2133	0.00	195	0	0	0	nan	0.00	0.00	3.14	87.92	89.63	0.00	40	0	42	0.00	0.00	66.31	7.52	0.00	0.00	2000
227	11.02	2055	2103	0.00	194	0	0	0	nan	0.00	0.00	3.48	85.73	88.98	0.00	40	0	42	0.00	0.00	65.23	7.49	0.00	0.00	2000
224	11.06	2032	2095	0.00	195	0	0	2	78.96	0.00	0.00	3.63	85.13	88.94	0.00	40	0	42	0.00	0.00	66.95	7.65	0.00	0.00	2000
220	10.90	2100	2016	0.88	195	0	0	7	72.24	0.00	0.00	2.40	83.29	89.10	0.00	40	0	42	0.00	0.00	62.03	6.98	0.00	0.00	2000
224	10.39	2065	2190	0.00	194	0	0	0	nan	0.00	0.02	3.20	90.28	89.61	0.00	40	0	42	0.00	0.00	66.45	7.80	0.00	0.00	2000
221	10.49	2098	2108	0.00	211	0	0	0	nan	0.00	0.01	3.43	86.41	89.51	0.00	41	0	42	0.00	0.00	64.94	7.47	0.00	0.00	2000
231	11.43	2025	2097	0.00	195	0	0	0	nan	0.00	0.02	2.95	85.46	88.57	0.00	40	0	42	0.00	0.00	64.70	7.19	0.00	0.00	2000
224	10.72	2089	2099	0.00	196	0	0	0	nan	0.00	0.00	3.14	86.22	89.28	0.00	39	0	42	0.00	0.00	65.33	7.73	0.00	0.00	2000
217	11.00	2103	1969	0.00	194	0	0	0	nan	0.00	0.02	2.60	80.91	89.00	0.00	40	0	42	0.00	0.00	62.54	6.87	0.00	0.00	2000
225	10.30	2053	2234	0.00	198	0	0	0	nan	0.00	0.01	3.52	91.87	89.70	0.00	40	0	42	0.00	0.00	65.56	7.85	0.00	0.00	2000
221	10.78	2046	2100	0.00	195	0	0	0	nan	0.00	0.00	3.55	85.78	89.22	0.00	40	0	42	0.00	0.00	65.16	7.58	0.00	0.00	2000
221	10.55	2100	2099	0.00	194	0	0	0	nan	0.00	0.02	3.19	86.24	89.45	0.00	40	0	42	0.00	0.00	64.73	7.32	0.00	0.00	2000
223	10.51	2113	2108	0.00	195	0	0	0	nan	0.00	0.00	4.15	85.75	89.49	0.00	40	0	42	0.00	0.00	65.89	7.58	0.00	0.00	2000
221	10.52	2107	2096	0.00	194	0	0	0	nan	0.00	0.01	2.88	86.45	89.48	0.00	40	0	42	0.00	0.00	65.04	7.40	0.00	0.00	2000
219	11.12	2096	1976	0.00	194	0	0	0	nan	0.00	0.01	2.26	81.48	88.88	0.00	39	0	42	0.00	0.00	59.51	7.02	0.00	0.00	2000
225	10.25	2091	2201	0.00	195	0	0	0	nan	0.00	0.02	2.21	91.91	89.75	0.00	39	0	42	0.00	0.00	66.53	7.85	0.00	0.00	2000
222	10.54	2079	2132	0.00	194	0	0	0	nan	0.00	0.00	2.69	88.27	89.46	0.00	40	0	42	0.00	0.00	65.68	7.69	0.00	0.00	2000
211	11.98	2110	1750	0.00	195	0	0	0	nan	0.00	0.01	2.36	71.05	88.02	0.00	40	0	42	0.00	0.00	54.48	6.23	0.00	0.00	2000
233	9.48	2043	2524	0.00	226	0	0	0	nan	0.00	0.01	3.12	105.74	90.52	0.00	40	0	42	0.00	0.00	76.39	8.86	0.00	0.00	2000
222	10.81	2058	2096	0.00	194	0	0	3	68.99	0.00	0.00	3.24	85.84	89.19	0.00	40	0	42	0.00	0.00	65.16	7.59	0.00	0.00	2000
221	10.70	2064	2102	0.92	194	0	0	6	65.38	0.00	0.00	2.95	86.44	89.30	0.00	40	0	42	0.00	0.00	65.61	7.56	0.00	0.00	2000
222	10.68	2078	2104	0.00	195	0	0	0	nan	0.00	0.02	3.12	86.35	89.32	0.00	40	0	42	0.00	0.00	65.33	7.54	0.00	0.00	2000
217	10.94	2101	1979	0.00	194	0	0	0	nan	0.00	0.01	2.50	81.56	89.06	0.00	40	0	42	0.00	0.00	59.37	6.84	0.00	0.00	2000
225	10.31	2069	2218	0.00	195	0	0	0	nan	0.00	0.01	2.70	92.07	89.69	0.00	40	0	42	0.00	0.00	67.50	7.79	0.00	0.00	2000
220	10.83	2038	2097	0.00	193	0	0	0	nan	0.00	0.00	3.19	85.99	89.17	0.00	40	0	42	0.00	0.00	65.13	7.33	0.00	0.00	2000
222	10.90	2029	2108	0.00	197	0	0	0	nan	0.00	0.00	4.31	85.18	89.10	0.00	40	0	42	0.00	0.00	64.82	7.51	0.00	0.00	2000
220	10.87	2072	2051	0.00	195	0	0	0	nan	0.00	0.00	3.33	83.76	89.13	0.00	39	0	42	0.00	0.00	63.02	7.56	0.00	0.00	2000
222	11.03	2003	2109	0.00	196	0	0	0	nan	0.00	0.00	2.77	86.72	88.97	0.00	39	0	42	0.00	0.00	63.45	7.82	0.00	0.00	2000
221	10.71	2077	2091	0.00	196	0	0	0	nan	0.00	0.00	3.12	85.87	89.29	0.00	39	0	42	0.00	0.00	63.40	7.55	0.00	0.00	2000
221	10.99	2003	2113	0.00	195	0	0	0	nan	0.00	0.00	3.25	86.47	89.01	0.00	39	0	42	0.00	0.00	63.30	7.74	0.00	0.00	2000
220	10.65	2078	2091	0.00	195	0	0	0	nan	0.00	0.02	2.95	86.02	89.35	0.00	39	0	42	0.00	0.00	64.46	7.61	0.00	0.00	2000
221	10.84	2007	2138	0.00	194	0	0	0	nan	0.00	0.01	3.08	87.81	89.16	0.00	40	0	42	0.00	0.00	64.17	7.72	0.00	0.00	2000
223	11.11	2000	2109	0.00	196	0	0	0	nan	0.00	0.00	4.11	85.25	88.89	0.00	40	0	42	0.00	0.00	66.01	7.62	0.00	0.00	2000
222	10.77	2062	2094	0.00	194	0	0	0	nan	0.00	0.00	2.71	86.17	89.23	0.00	40	0	42	0.00	0.00	64.40	7.51	0.00	0.00	2000
220	11.03	1996	2097	0.00	194	0	0	0	nan	0.00	0.00	3.33	85.66	88.97	0.00	40	0	42	0.00	0.00	64.76	7.63	0.00	0.00	2000
222	10.58	2089	2109	0.00	194	0	0	0	nan	0.00	0.02	3.07	86.81	89.42	0.00	40	0	42	0.00	0.00	65.75	7.62	0.00	0.00	2000
222	10.54	2106	2101	0.00	196	0	0	1	80.20	0.00	0.00	3.44	86.12	89.46	0.00	40	0	42	0.00	0.00	63.25	7.37	0.00	0.00	2000
218	11.50	2029	1962	0.86	180	0	0	7	57.76	0.00	0.00	2.78	80.09	88.50	0.00	40	0	42	0.00	0.00	58.37	6.71	0.00	0.00	2000
223	10.74	1957	2233	0.01	212	0	0	0	nan	0.00	0.01	2.68	92.45	89.26	0.00	40	0	42	0.00	0.00	69.62	8.20	0.00	0.00	2000
223	10.98	2019	2111	0.00	210	0	0	0	nan	0.00	0.00	4.40	85.30	89.02	0.00	40	0	42	0.00	0.00	65.70	7.51	0.00	0.00	2000
221	10.56	2092	2104	0.00	196	0	0	0	nan	0.00	0.01	3.35	86.30	89.44	0.00	40	0	42	0.00	0.00	62.19	7.11	0.00	0.00	2000
221	10.88	2039	2094	0.00	194	0	0	0	nan	0.00	0.00	2.70	86.32	89.12	0.00	40	0	42	0.00	0.00	64.81	7.55	0.00	0.00	2000
213	11.51	2091	1863	0.00	178	0	0	0	nan	0.00	0.01	2.30	76.22	88.49	0.00	38	0	42	0.00	0.00	56.26	6.54	0.00	0.00	2000
245	10.57	2050	2378	0.00	237	0	0	0	nan	0.00	0.00	6.28	95.07	89.43	0.00	37	0	42	0.00	0.00	77.04	8.84	0.00	0.00	2000
229	11.15	2065	2092	0.00	215	0	0	0	nan	0.00	0.01	6.68	81.90	88.85	0.00	37	0	42	0.00	0.00	65.51	7.57	0.00	0.00	2000
231	11.32	2035	2104	0.00	201	0	0	0	nan	0.00	0.00	5.78	83.17	88.68	0.00	37	0	42	0.00	0.00	64.35	7.34	0.00	0.00	2000
231	11.04	2081	2110	0.00	199	0	0	0	nan	0.00	0.00	5.25	84.24	88.96	0.00	37	0	42	0.00	0.00	66.43	7.50	0.00	0.00	2000
229	11.36	2113	2005	0.00	203	0	0	0	nan	0.01	0.02	4.58	80.17	88.64	0.00	37	0	42	0.00	0.00	57.11	6.61	0.00	0.00	2000
233	11.01	2054	2161	0.00	201	0	0	0	nan	0.00	0.03	4.57	87.06	88.99	0.00	37	0	42	0.00	0.00	70.63	8.60	0.00	0.00	2000
229	11.13	2065	2096	0.00	199	0	0	0	nan	0.00	0.00	5.93	82.93	88.87	0.00	37	0	42	0.00	0.00	63.27	7.70	0.00	0.00	2000
229	11.03	2074	2099	0.00	198	0	0	0	nan	0.00	0.00	6.16	82.85	88.97	0.00	37	0	42	0.00	0.00	63.66	7.74	0.00	0.00	2000
235	11.62	2020	2100	0.00	200	0	0	0	nan	0.00	0.00	6.98	81.54	88.38	0.00	37	0	42	0.00	0.00	63.43	7.76	0.00	0.00	2000
233	11.25	2086	2084	0.00	204	0	0	0	nan	0.00	0.00	7.12	81.12	88.75	0.00	37	0	42	0.00	0.00	63.05	7.75	0.00	0.00	2000
231	10.98	2051	2152	0.00	200	0	0	0	96.13	0.00	0.02	6.56	84.76	89.02	0.00	37	0	42	0.00	0.00	64.45	7.64	0.00	0.00	2000
319	14.41	2241	2077	0.79	206	0	0	15	28.70	0.00	0.59	7.22	76.91	85.59	0.00	37	0	42	0.00	0.00	65.84	7.79	0.00	0.00	2000
235	11.06	2098	2127	0.01	201	0	0	0	nan	0.00	0.00	7.52	82.58	88.94	0.00	37	0	42	0.00	0.00	66.26	7.69	0.00	0.00	2000
229	11.08	2070	2099	0.00	197	0	0	0	nan	0.00	0.02	5.08	83.86	88.92	0.00	37	0	42	0.00	0.00	63.15	7.34	0.00	0.00	2000
232	11.05	2098	2099	0.00	199	0	0	0	nan	0.00	0.00	5.68	83.34	88.95	0.00	37	0	42	0.00	0.00	62.87	7.18	0.00	0.00	2000
230	10.80	2123	2104	0.00	203	0	0	0	nan	0.00	0.01	5.79	83.66	89.20	0.00	37	0	42	0.00	0.00	64.13	7.89	0.00	0.00	2000
231	10.88	2125	2094	0.00	182	0	0	0	nan	0.01	0.05	4.13	84.69	89.13	0.00	37	0	42	0.00	0.00	67.88	7.39	0.00	0.00	2000
229	11.20	2038	2108	0.00	199	0	0	0	nan	0.01	0.03	3.05	86.13	88.80	0.00	37	0	42	0.00	0.00	66.24	7.79	0.00	0.00	2000
229	11.04	2132	2043	0.00	198	0	0	0	nan	0.00	0.98	5.31	80.46	88.96	0.00	37	0	42	0.00	0.00	61.03	7.01	0.00	0.00	2000
232	10.75	2105	2152	0.00	198	0	0	0	nan	0.00	0.57	3.46	87.55	89.25	0.00	37	0	42	0.00	0.00	68.39	8.38	0.00	0.00	2000
233	11.32	2057	2102	0.00	204	0	0	0	nan	0.00	0.27	6.20	82.41	88.68	0.00	37	0	42	0.00	0.00	60.52	7.00	0.00	0.00	2000
229	11.03	2077	2100	0.00	197	0	0	0	nan	0.01	0.00	6.04	83.05	88.97	0.00	37	0	42	0.00	0.00	67.11	7.81	0.00	0.00	2000
231	11.17	2065	2102	0.00	200	0	0	0	nan	0.00	0.01	5.41	83.54	88.83	0.00	37	0	42	0.00	0.00	66.04	7.48	0.00	0.00	2000
229	11.19	2046	2095	0.00	185	0	0	0	nan	0.00	0.00	7.48	81.22	88.81	0.00	37	0	42	0.00	0.00	65.91	7.75	0.00	0.00	2000
233	11.42	2032	2107	0.00	200	0	0	0	nan	0.00	0.02	5.84	83.24	88.58	0.00	37	0	42	0.00	0.00	65.25	7.65	0.00	0.00	2000
228	11.01	2078	2094	0.00	198	0	0	0	nan	0.00	0.03	5.16	83.66	88.99	0.00	37	0	42	0.00	0.00	60.60	7.02	0.00	0.00	2000
234	10.93	2145	2098	0.00	204	0	0	0	nan	0.00	0.02	5.41	83.65	89.07	0.00	37	0	42	0.00	0.00	66.55	7.56	0.00	0.00	2000
229	11.22	2037	2102	0.00	182	0	0	0	nan	0.00	0.04	4.58	84.33	88.78	0.00	37	0	42	0.00	0.00	66.18	7.49	0.00	0.00	2000
230	11.15	2065	2102	0.38	199	0	0	6	49.20	0.00	0.00	4.02	85.00	88.85	0.00	38	0	42	0.00	0.00	65.79	7.46	0.00	0.00	2000
229	11.04	2078	2094	0.60	198	0	0	2	73.22	0.00	0.04	3.42	85.36	88.96	0.00	37	0	42	0.00	0.00	62.76	7.16	0.00	0.00	2000
230	11.04	2074	2109	0.00	199	0	0	0	nan	0.00	0.53	5.57	83.38	88.96	0.00	37	0	42	0.00	0.00	65.75	7.64	0.00	0.00	2000
230	10.78	2132	2102	0.00	198	0	0	0	nan	0.01	0.00	5.07	84.20	89.22	0.00	38	0	42	0.00	0.00	64.37	7.35	0.00	0.00	2000
232	11.20	2077	2098	0.00	204	0	0	0	nan	0.00	0.01	5.36	83.46	88.80	0.00	38	0	42	0.00	0.00	66.45	7.65	0.00	0.00	2000
265	12.28	2157	2099	0.00	184	0	0	0	nan	0.00	0.00	6.63	81.22	87.72	0.00	37	0	42	0.00	0.00	64.65	7.31	0.00	0.00	2000
230	10.98	2103	2092	0.00	199	0	0	0	nan	0.00	0.02	6.35	82.31	89.02	0.00	37	0	42	0.00	0.00	64.56	7.44	0.00	0.00	2000
228	11.16	2041	2104	0.00	199	0	0	0	nan	0.00	0.00	5.64	83.44	88.84	0.00	38	0	42	0.00	0.00	62.67	7.34	0.00	0.00	2000
230	11.00	2098	2093	0.00	199	0	0	0	nan	0.00	0.00	4.88	83.92	89.00	0.00	38	0	42	0.00	0.00	64.61	7.58	0.00	0.00	2000
233	10.98	2106	2112	0.00	199	0	0	0	nan	0.00	0.00	6.20	83.32	89.02	0.00	37	0	42	0.00	0.00	66.83	7.85	0.00	0.00	2000
230	10.97	2109	2089	0.00	187	0	0	0	nan	0.00	0.00	5.49	83.22	89.03	0.00	37	0	42	0.00	0.00	65.19	7.41	0.00	0.00	2000
228	10.82	2103	2107	0.00	199	0	0	0	nan	0.00	0.00	5.99	83.55	89.18	0.00	37	0	42	0.00	0.00	65.51	7.54	0.00	0.00	2000
230	11.38	2029	2095	0.00	197	0	0	0	nan	0.00	0.05	3.73	84.68	88.62	0.00	37	0	42	0.00	0.00	65.56	7.65	0.00	0.00	2000
230	11.06	2070	2108	0.00	200	0	0	0	nan	0.00	0.02	5.11	84.25	88.94	0.00	37	0	42	0.00	0.00	60.24	6.92	0.00	0.00	2000
230	10.67	2160	2101	0.00	199	0	0	0	nan	0.00	0.02	2.90	86.43	89.33	0.00	37	0	42	0.00	0.00	65.38	7.45	0.00	0.00	2000
228	11.68	2073	1976	0.00	204	0	0	0	nan	0.00	0.02	5.76	77.37	88.32	0.00	37	0	42	0.00	0.00	62.40	7.48	0.00	0.00	2000
244	11.30	2037	2226	0.00	202	0	0	0	nan	0.00	0.02	7.27	86.79	88.70	0.00	38	0	42	0.00	0.00	72.71	9.20	0.00	0.00	2000
230	11.06	2074	2109	0.00	198	0	0	3	41.96	0.00	0.00	5.43	83.95	88.94	0.00	38	0	42	0.00	0.00	61.61	7.24	0.00	0.00	2000
230	10.93	2114	2091	1.25	199	0	0	7	42.85	0.00	0.01	5.41	83.32	89.07	0.00	38	0	42	0.00	0.00	65.45	7.49	0.00	0.00	2000
228	11.24	2025	2107	0.00	198	0	0	0	nan	0.00	0.03	5.66	83.49	88.76	0.00	38	0	42	0.00	0.00	66.76	7.91	0.00	0.00	2000
233	11.18	2085	2096	0.00	199	0	0	0	nan	0.00	0.00	4.57	84.07	88.82	0.00	38	0	42	0.00	0.00	65.90	7.88	0.00	0.00	2000
232	11.17	2074	2100	0.00	189	0	0	0	nan	0.00	0.03	6.35	82.46	88.83	0.00	38	0	42	0.00	0.00	64.04	7.36	0.00	0.00	2000
230	11.12	2068	2105	0.00	199	0	0	0	nan	0.01	0.00	5.85	83.27	88.88	0.00	38	0	42	0.00	0.00	64.02	7.43	0.00	0.00	2000
227	10.88	2130	2054	0.00	198	0	0	0	nan	0.00	0.00	5.26	82.01	89.12	0.00	38	0	42	0.00	0.00	65.27	7.60	0.00	0.00	2000
230	10.78	2130	2108	0.00	199	0	0	0	nan	0.00	0.02	4.38	85.22	89.22	0.00	38	0	42	0.00	0.00	64.68	8.18	0.00	0.00	2000
228	10.80	2085	2127	0.00	197	0	0	0	nan	0.00	0.05	3.65	86.68	89.20	0.00	39	0	42	0.00	0.00	65.77	7.57	0.00	0.00	2000
232	11.33	2053	2092	0.00	204	0	0	0	nan	0.01	0.00	5.96	82.40	88.67	0.00	39	0	42	0.00	0.00	66.54	7.69	0.00	0.00	2000
230	11.08	2059	2121	0.00	198	0	0	0	nan	0.00	0.00	6.42	83.47	88.92	0.00	39	0	42	0.00	0.00	63.81	7.17	0.00	0.00	2000
229	11.02	2118	2057	0.00	184	0	0	0	nan	0.00	0.00	6.16	81.09	88.98	0.00	38	0	43	0.00	0.00	61.76	6.94	0.00	0.00	2000
231	11.00	2067	2130	0.00	199	0	0	0	nan	0.00	0.00	6.28	84.08	89.00	0.00	39	0	42	0.00	0.00	65.96	7.54	0.00	0.00	2000
228	11.24	2068	2060	0.00	198	0	0	0	nan	0.00	0.02	5.52	81.61	88.76	0.00	39	0	42	0.00	0.00	61.07	7.43	0.00	0.00	2000
230	11.14	2042	2128	0.00	198	0	0	0	nan	0.00	0.00	6.06	84.12	88.88	0.00	37	0	42	0.00	0.00	67.67	7.45	0.00	0.00	2000
233	11.19	2096	2087	0.00	206	0	0	0	nan	0.00	0.00	7.04	81.26	88.81	0.00	38	0	43	0.00	0.00	65.21	7.72	0.00	0.00	2000
228	10.87	2105	2091	0.00	198	0	0	0	nan	0.00	0.00	6.48	82.34	89.13	0.00	39	0	42	0.00	0.00	66.07	8.06	0.00	0.00	2000
230	10.95	2056	2145	0.00	198	0	0	0	nan	0.00	0.01	5.08	85.98	89.05	0.00	39	0	42	0.00	0.00	66.20	7.54	0.00	0.00	2000
227	10.87	2118	2075	1.26	198	0	0	5	27.78	0.00	0.00	5.55	82.61	89.13	0.00	39	0	43	0.00	0.00	66.43	7.53	0.00	0.00	2000
232	11.10	2063	2124	0.30	202	0	0	0	nan	0.00	0.04	5.59	84.48	88.90	0.00	39	0	42	0.00	0.00	66.50	7.52	0.00	0.00	2000
232	11.20	2071	2096	0.00	201	0	0	0	nan	0.00	0.08	3.90	84.78	88.80	0.00	39	0	42	0.00	0.00	64.63	7.27	0.00	0.00	2000
229	10.99	2109	2075	0.00	188	0	0	0	nan	0.00	0.03	5.55	82.47	89.01	0.00	39	0	42	0.00	0.00	62.50	7.12	0.00	0.00	2000
229	10.94	2096	2095	0.00	199	0	0	0	nan	0.00	0.00	5.02	83.92	89.06	0.00	38	0	42	0.00	0.00	65.11	7.48	0.00	0.00	2000
230	11.27	2025	2115	0.00	198	0	0	0	nan	0.00	0.03	7.66	81.80	88.73	0.00	39	0	42	0.00	0.00	66.74	8.42	0.00	0.00	2000
229	11.31	2028	2097	0.00	199	0	0	0	nan	0.00	0.00	5.80	82.92	88.69	0.00	39	0	42	0.00	0.00	66.15	7.22	0.00	0.00	2000
231	10.96	2082	2123	0.00	200	0	0	0	nan	0.00	0.00	5.51	84.60	89.04	0.00	39	0	42	0.00	0.00	66.17	7.53	0.00	0.00	2000
227	11.28	2091	2026	0.00	204	0	0	0	nan	0.00	0.02	5.54	80.15	88.72	0.00	39	0	42	0.00	0.00	63.25	7.15	0.00	0.00	2000
232	11.09	2036	2158	0.00	198	0	0	0	nan	0.00	0.01	5.62	85.77	88.91	0.00	39	0	42	0.00	0.00	64.96	7.47	0.00	0.00	2000
228	11.25	2051	2070	0.00	200	0	0	0	nan	0.00	0.00	5.78	81.83	88.75	0.00	39	0	42	0.00	0.00	65.16	7.52	0.00	0.00	2000
230	10.88	2105	2110	0.00	199	0	0	0	nan	0.00	0.02	6.08	83.51	89.12	0.00	38	0	42	0.00	0.00	65.16	7.51	0.00	0.00	2000
230	10.73	2120	2123	0.00	198	0	0	0	nan	0.00	0.06	4.16	86.08	89.27	0.00	39	0	42	0.00	0.00	68.34	8.46	0.00	0.00	2000
234	10.72	2159	2119	0.00	203	0	0	0	nan	0.00	1.09	5.14	83.98	89.28	0.00	39	0	42	0.00	0.00	67.07	7.69	0.00	0.00	2000
229	10.74	2133	2099	0.00	199	0	0	0	nan	0.00	0.00	6.31	82.88	89.26	0.00	39	0	42	0.00	0.00	66.31	7.33	0.00	0.00	2000
226	11.07	2114	2030	0.00	198	0	0	0	nan	0.00	0.03	5.43	80.56	88.93	0.00	38	0	42	0.00	0.00	62.70	7.28	0.00	0.00	2000
230	11.14	2026	2137	0.00	199	0	0	0	nan	0.00	0.01	5.18	85.32	88.86	0.00	39	0	42	0.00	0.00	64.70	7.39	0.00	0.00	2000
229	11.52	1990	2101	0.78	199	0	0	5	28.07	0.00	0.00	5.25	83.39	88.48	0.00	38	0	42	0.00	0.00	64.55	7.48	0.00	0.00	2000
230	11.45	2035	2075	0.75	204	0	0	0	83.73	0.00	0.00	6.89	80.71	88.55	0.00	39	0	42	0.00	0.00	65.17	7.54	0.00	0.00	2000
220	10.29	2084	2152	0.00	199	0	0	0	nan	0.00	0.00	8.22	83.75	89.71	0.00	39	0	42	0.00	0.00	66.77	7.50	0.00	0.00	2000
229	10.59	2159	2106	0.00	214	0	0	0	nan	0.00	0.00	4.99	84.61	89.41	0.00	38	0	42	0.00	0.00	62.00	7.01	0.00	0.00	2000
225	10.91	2089	2076	0.00	197	0	0	0	nan	0.00	0.02	5.47	82.72	89.09	0.00	39	0	42	0.00	0.00	67.83	7.80	0.00	0.00	2000
229	10.87	2111	2100	0.00	202	0	0	0	nan	0.00	0.00	6.27	82.87	89.13	0.00	38	0	42	0.00	0.00	65.76	7.70	0.00	0.00	2000
234	10.91	2135	2110	0.00	204	0	0	0	nan	0.00	0.02	6.02	83.50	89.09	0.00	39	0	42	0.00	0.00	66.46	7.78	0.00	0.00	2000
228	10.79	2120	2090	0.00	198	0	0	0	nan	0.01	0.02	5.09	83.67	89.21	0.00	39	0	42	0.00	0.00	65.75	7.70	0.00	0.00	2000
232	10.67	2162	2109	0.00	198	0	0	0	nan	0.00	0.00	4.45	85.25	89.33	0.00	38	0	43	0.00	0.00	66.16	7.75	0.00	0.00	2000
229	10.91	2112	2091	0.00	199	0	0	0	nan	0.00	0.02	4.26	84.45	89.09	0.00	39	0	43	0.00	0.00	65.09	7.71	0.00	0.00	2000
232	10.93	2113	2110	0.00	198	0	0	0	nan	0.00	0.03	4.24	85.37	89.07	0.00	39	0	42	0.00	0.00	66.86	7.64	0.00	0.00	2000
229	11.15	2071	2080	0.00	203	0	0	0	nan	0.00	1.07	2.42	84.67	88.85	0.00	39	0	42	0.00	0.00	65.06	7.49	0.00	0.00	2000
234	10.89	2140	2105	0.00	217	0	0	0	nan	0.01	0.93	3.25	85.13	89.11	0.00	38	0	42	0.00	0.00	63.37	7.39	0.00	0.00	2000
229	10.64	2152	2096	0.00	198	0	0	0	nan	0.00	0.00	6.20	82.99	89.36	0.00	39	0	42	0.00	0.00	68.78	7.87	0.00	0.00	2000
231	10.95	2106	2102	0.00	214	0	0	0	nan	0.00	0.00	5.23	83.92	89.05	0.00	39	0	42	0.00	0.00	63.01	7.36	0.00	0.00	2000
233	10.73	2153	2120	0.00	203	0	0	0	nan	0.00	0.00	5.83	84.26	89.27	0.00	39	0	42	0.00	0.00	69.74	7.84	0.00	0.00	2000
229	10.90	2120	2086	0.00	199	0	0	0	nan	0.00	0.00	5.81	82.68	89.10	0.00	38	0	42	0.00	0.00	65.40	7.68	0.00	0.00	2000
228	10.80	2116	2099	0.37	198	0	0	13	30.19	0.00	0.02	5.12	84.03	89.20	0.00	39	0	42	0.00	0.00	65.69	7.75	0.00	0.00	2000
230	10.84	2130	2092	0.22	199	0	0	0	nan	0.00	0.04	5.41	83.45	89.16	0.00	39	0	42	0.00	0.00	65.54	7.61	0.00	0.00	2000
231	11.00	2076	2128	0.00	214	0	0	0	nan	0.00	0.02	4.69	85.55	89.00	0.00	39	0	42	0.00	0.00	64.25	7.59	0.00	0.00	2000
228	11.03	2091	2076	0.00	203	0	0	0	nan	0.00	0.00	5.89	82.19	88.97	0.00	39	0	42	0.00	0.00	67.50	7.72	0.00	0.00	2000
229	10.66	2150	2102	0.00	198	0	0	0	nan	0.00	0.02	4.56	84.75	89.34	0.00	39	0	42	0.00	0.00	66.37	7.61	0.00	0.00	2000
231	10.92	2103	2111	0.00	200	0	0	0	nan	0.00	0.00	4.94	84.71	89.08	0.00	39	0	42	0.00	0.00	66.30	7.67	0.00	0.00	2000
230	10.80	2123	2107	0.00	199	0	0	0	nan	0.00	0.02	4.50	85.09	89.20	0.00	39	0	42	0.00	0.00	62.92	7.17	0.00	0.00	2000
228	11.05	2075	2083	0.00	198	0	0	0	nan	0.00	0.00	4.16	84.17	88.95	0.00	38	0	42	0.00	0.00	67.79	7.79	0.00	0.00	2000
232	11.28	2051	2101	0.00	208	0	0	0	nan	0.00	1.03	2.56	85.38	88.72	0.00	39	0	42	0.00	0.00	63.60	7.45	0.00	0.00	2000
236	11.04	2109	2131	0.00	219	0	0	0	nan	0.00	0.02	4.09	86.21	88.96	0.00	39	0	42	0.00	0.00	70.15	8.06	0.00	0.00	2000
224	10.98	2073	2070	0.00	198	0	0	0	nan	0.00	2.49	4.04	81.38	89.02	0.00	39	0	42	0.00	0.00	64.12	7.35	0.00	0.00	2000
231	10.99	2090	2111	0.00	197	0	0	0	nan	0.00	0.00	6.79	82.79	89.01	0.00	39	0	42	0.00	0.00	66.52	7.63	0.00	0.00	2000
227	11.01	2081	2085	0.00	198	0	0	0	nan	0.00	0.02	4.82	83.62	88.99	0.00	38	0	42	0.00	0.00	62.43	7.33	0.00	0.00	2000
229	10.93	2097	2098	0.00	235	0	0	0	nan	0.00	0.00	6.38	82.66	89.07	0.00	39	0	42	0.00	0.00	65.82	7.44	0.00	0.00	2000
226	10.91	2073	2101	0.00	198	0	0	0	nan	0.00	0.04	5.03	84.18	89.09	0.00	38	0	42	0.00	0.00	65.77	7.61	0.00	0.00	2000
227	10.88	2094	2096	0.00	215	0	0	0	nan	0.00	0.00	5.11	83.94	89.12	0.00	39	0	42	0.00	0.00	65.82	7.63	0.00	0.00	2000
230	10.94	2094	2112	0.00	219	0	0	2	43.04	0.00	0.00	5.12	84.45	89.06	0.00	38	0	42	0.00	0.00	68.73	8.02	0.00	0.00	2000
228	10.85	2113	2093	0.44	200	0	0	12	34.88	0.00	0.04	5.40	83.47	89.15	0.00	39	0	42	0.00	0.00	63.16	7.28	0.00	0.00	2000
230	10.87	2096	2118	0.00	215	0	0	0	nan	0.00	0.00	3.99	86.01	89.13	0.00	39	0	42	0.00	0.00	69.04	7.91	0.00	0.00	2000
228	10.90	2101	2092	0.00	199	0	0	0	nan	0.00	0.02	4.53	84.26	89.10	0.00	38	0	42	0.00	0.00	65.03	7.53	0.00	0.00	2000
236	11.10	2096	2132	0.00	200	0	0	0	nan	0.00	0.00	4.46	85.80	88.90	0.00	39	0	42	0.00	0.00	67.29	7.86	0.00	0.00	2000
224	10.98	2071	2067	0.00	202	0	0	0	nan	0.00	1.88	5.16	80.77	89.02	0.00	39	0	42	0.00	0.00	61.87	7.05	0.00	0.00	2000
228	10.80	2107	2101	0.00	214	0	0	0	nan	0.00	0.04	2.70	86.56	89.20	0.00	39	0	42	0.00	0.00	65.14	7.67	0.00	0.00	2000
227	11.09	2058	2092	0.00	215	0	0	0	nan	0.00	0.49	3.98	84.22	88.91	0.00	39	0	42	0.00	0.00	65.65	7.42	0.00	0.00	2000
229	11.03	2072	2104	0.00	198	0	0	0	nan	0.00	0.00	5.61	83.64	88.97	0.00	39	0	42	0.00	0.00	65.62	7.54	0.00	0.00	2000
226	10.78	2085	2112	0.00	219	0	0	0	nan	0.00	0.01	5.20	84.62	89.22	0.00	37	0	42	0.00	0.00	67.69	7.70	0.00	0.00	2000
229	10.69	2134	2108	0.00	235	0	0	0	nan	0.00	0.00	3.84	85.85	89.31	0.00	39	0	42	0.00	0.00	66.54	7.60	0.00	0.00	2000
233	10.71	2154	2117	0.00	205	0	0	0	nan	0.00	0.02	4.41	85.52	89.29	0.00	39	0	42	0.00	0.00	66.89	7.74	0.00	0.00	2000
230	10.83	2123	2100	0.00	214	0	0	0	nan	0.00	0.00	3.93	85.31	89.17	0.00	39	0	42	0.00	0.00	66.09	7.80	0.00	0.00	2000
227	10.71	2148	2068	0.00	205	0	0	0	nan	0.00	0.00	3.83	84.11	89.29	0.00	39	0	42	0.00	0.00	64.31	7.35	0.00	0.00	2000
226	11.04	2046	2098	0.00	220	0	0	0	nan	0.00	0.00	3.24	85.76	88.96	0.00	39	0	42	0.00	0.00	65.82	7.51	0.00	0.00	2000
242	11.53	2103	2095	0.00	204	0	0	0	nan	0.00	0.03	4.03	84.25	88.47	0.00	39	0	42	0.00	0.00	65.60	7.59	0.00	0.00	2000
231	11.06	2071	2120	0.00	203	0	0	0	nan	0.00	0.00	4.60	85.33	88.94	0.00	39	0	42	0.00	0.00	66.93	7.61	0.00	0.00	2000
229	10.88	2125	2082	0.24	214	0	0	11	33.02	0.00	0.01	3.30	85.17	89.12	0.00	39	0	42	0.00	0.00	65.19	7.41	0.00	0.00	2000
230	10.85	2106	2112	0.30	205	0	0	5	47.40	0.00	0.00	4.36	85.29	89.15	0.00	39	0	42	0.00	0.00	66.37	7.56	0.00	0.00	2000
229	10.86	2110	2102	0.00	223	0	0	0	nan	0.00	0.00	3.20	86.08	89.14	0.00	39	0	42	0.00	0.00	65.89	7.52	0.00	0.00	2000
229	10.61	2147	2108	0.00	203	0	0	0	nan	0.00	0.01	2.89	86.86	89.39	0.00	39	0	42	0.00	0.00	66.18	7.61	0.00	0.00	2000
232	11.20	2061	2112	0.00	204	0	0	0	nan	0.00	0.00	3.01	86.40	88.80	0.00	40	0	42	0.00	0.00	66.32	7.62	0.00	0.00	2000
229	10.96	2083	2104	0.00	212	0	0	0	nan	0.00	0.01	3.35	85.94	89.04	0.00	40	0	42	0.00	0.00	62.80	7.15	0.00	0.00	2000
224	10.87	2095	2068	0.00	204	0	0	0	nan	0.00	0.00	3.42	84.48	89.13	0.00	39	0	42	0.00	0.00	64.11	7.36	0.00	0.00	2000
227	10.90	2075	2105	0.00	219	0	0	0	nan	0.00	0.00	2.89	86.50	89.10	0.00	39	0	42	0.00	0.00	65.96	7.47	0.00	0.00	2000
233	10.79	2142	2115	0.00	204	0	0	0	nan	0.00	0.00	3.25	86.63	89.21	0.00	39	0	42	0.00	0.00	66.71	7.66	0.00	0.00	2000
230	11.07	2084	2089	0.00	213	0	0	0	nan	0.00	0.02	4.01	84.49	88.93	0.00	39	0	42	0.00	0.00	64.73	7.53	0.00	0.00	2000
230	10.63	2169	2091	0.00	203	0	0	0	nan	0.00	0.00	3.54	85.45	89.37	0.00	40	0	42	0.00	0.00	65.70	7.57	0.00	0.00	2000
230	11.00	2073	2117	0.00	204	0	0	0	nan	0.00	0.00	3.59	86.28	89.00	0.00	39	0	42	0.00	0.00	66.35	7.65	0.00	0.00	2000
230	10.78	2132	2105	0.00	205	0	0	0	nan	0.00	0.00	3.09	86.40	89.22	0.00	40	0	42	0.00	0.00	65.73	7.61	0.00	0.00	2000
226	10.76	2122	2084	0.00	203	0	0	0	nan	0.00	0.00	3.56	85.03	89.24	0.00	39	0	42	0.00	0.00	64.89	7.40	0.00	0.00	2000
233	10.93	2119	2112	0.00	214	0	0	0	nan	0.00	0.02	3.62	86.05	89.07	0.00	40	0	42	0.00	0.00	66.44	7.49	0.00	0.00	2000
225	10.96	2066	2087	0.00	206	0	0	0	nan	0.00	0.00	4.51	84.15	89.04	0.00	40	0	42	0.00	0.00	65.14	7.28	0.00	0.00	2000
228	11.01	2064	2107	0.00	221	0	0	0	nan	0.00	0.00	2.61	86.82	88.99	0.00	40	0	42	0.00	0.00	65.78	7.51	0.00	0.00	2000
231	10.65	2145	2122	0.33	219	0	0	14	29.59	0.00	0.00	2.56	87.63	89.35	0.00	39	0	43	0.00	0.00	64.09	7.21	0.00	0.00	2000
229	10.83	2133	2078	0.23	204	0	0	1	92.14	0.00	0.00	3.35	84.88	89.17	0.00	39	0	42	0.00	0.00	67.13	7.71	0.00	0.00	2000
225	10.92	2069	2089	0.00	228	0	0	0	nan	0.00	0.02	2.55	86.18	89.08	0.00	40	0	42	0.00	0.00	63.07	7.14	0.00	0.00	2000
228	10.99	2069	2109	0.00	221	0	0	0	nan	0.00	0.02	4.03	85.44	89.01	0.00	40	0	43	0.00	0.00	67.67	7.93	0.00	0.00	2000
229	10.82	2111	2109	0.00	203	0	0	0	nan	0.00	0.02	2.87	86.77	89.18	0.00	40	0	43	0.00	0.00	63.44	7.36	0.00	0.00	2000
233	11.02	2108	2104	0.00	205	0	0	0	nan	0.00	0.02	4.03	85.23	88.98	0.00	40	0	42	0.00	0.00	66.10	7.62	0.00	0.00	2000
227	10.96	2085	2082	0.00	213	0	0	0	nan	0.00	0.01	2.98	85.40	89.04	0.00	40	0	42	0.00	0.00	64.58	7.51	0.00	0.00	2000
232	10.95	2104	2110	0.00	204	0	0	0	nan	0.00	0.00	3.64	85.94	89.05	0.00	40	0	42	0.00	0.00	65.91	7.58	0.00	0.00	2000
226	10.83	2105	2085	0.00	203	0	0	0	nan	0.00	0.00	3.28	85.31	89.17	0.00	39	0	42	0.00	0.00	64.95	7.60	0.00	0.00	2000
228	11.25	2069	2056	0.00	220	0	0	0	nan	0.01	0.00	3.43	83.53	88.75	0.00	39	0	42	0.00	0.00	57.21	6.64	0.00	0.00	2000
227	10.81	2071	2127	0.00	252	0	0	0	nan	0.00	0.00	6.88	83.51	89.19	0.00	38	0	42	0.00	0.00	73.43	8.33	0.00	0.00	2000
230	10.99	2079	2113	0.00	215	0	0	0	nan	0.01	0.00	4.19	85.48	89.01	0.00	38	0	43	0.00	0.00	66.25	7.62	0.00	0.00	2000
233	10.93	2123	2110	0.00	215	0	0	0	nan	0.01	0.02	2.93	86.60	89.07	0.00	38	0	42	0.00	0.00	68.92	7.96	0.00	0.00	2000
235	11.17	2088	2115	0.00	203	0	0	0	nan	0.00	0.08	2.68	86.78	88.83	0.00	37	0	42	0.00	0.00	64.20	7.51	0.00	0.00	2000
229	11.14	2041	2118	0.00	214	0	0	0	nan	0.00	0.48	4.43	84.82	88.86	0.00	38	0	43	0.00	0.00	68.65	7.91	0.00	0.00	2000
231	10.72	2159	2097	0.00	200	0	0	0	nan	0.00	0.98	5.95	82.26	89.28	0.00	38	0	43	0.00	0.00	65.85	7.49	0.00	0.00	2000
231	11.00	2089	2107	0.00	197	0	0	6	36.01	0.00	0.00	5.73	83.57	89.00	0.00	38	0	42	0.00	0.00	65.75	7.45	0.00	0.00	2000
229	11.02	2110	2068	0.43	200	0	0	10	37.53	0.00	0.00	6.18	81.53	88.98	0.00	38	0	42	0.00	0.00	64.29	7.52	0.00	0.00	2000
226	11.15	2051	2074	0.00	198	0	0	0	nan	0.00	0.00	2.92	84.91	88.85	0.00	38	0	43	0.00	0.00	62.34	7.42	0.00	0.00	2000
234	11.15	2059	2139	0.00	211	0	0	0	nan	0.00	0.03	3.21	87.42	88.85	0.00	38	0	42	0.00	0.00	67.10	7.71	0.00	0.00	2000
223	10.75	2102	2076	0.00	210	0	0	0	nan	0.00	0.00	3.56	84.71	89.25	0.00	38	0	42	0.00	0.00	66.91	7.75	0.00	0.00	2000
232	10.81	2117	2130	0.00	194	0	0	0	nan	0.00	0.00	3.70	86.82	89.19	0.00	38	0	43	0.00	0.00	67.15	8.06	0.00	0.00	2000
231	11.28	2061	2082	0.00	210	0	0	0	nan	0.00	0.01	6.04	81.98	88.72	0.00	38	0	42	0.00	0.00	65.62	7.44	0.00	0.00	2000
233	11.06	2088	2116	0.00	211	0	0	0	nan	0.00	0.02	3.64	86.02	88.94	0.00	38	0	42	0.00	0.00	63.59	7.42	0.00	0.00	2000
225	10.68	2113	2090	0.00	194	0	0	0	nan	0.00	0.00	4.31	84.61	89.32	0.00	38	0	42	0.00	0.00	67.71	8.01	0.00	0.00	2000
225	10.86	2101	2071	0.00	194	0	0	0	nan	0.00	0.00	3.13	84.79	89.14	0.00	38	0	42	0.00	0.00	62.19	7.15	0.00	0.00	2000
241	11.27	2101	2135	0.00	213	0	0	0	nan	0.00	0.02	2.96	87.25	88.73	0.00	38	0	42	0.00	0.00	66.69	7.74	0.00	0.00	2000
224	10.77	2102	2077	0.00	212	0	0	0	nan	0.00	0.01	3.23	85.16	89.23	0.00	38	0	42	0.00	0.00	63.56	7.40	0.00	0.00	2000
228	10.84	2119	2085	0.00	194	0	0	0	nan	0.00	0.00	2.23	86.24	89.16	0.00	38	0	42	0.00	0.00	65.27	7.69	0.00	0.00	2000
229	10.92	2090	2108	0.00	211	0	0	0	nan	0.00	0.01	2.45	87.06	89.08	0.00	38	0	42	0.00	0.00	65.45	7.72	0.00	0.00	2000
231	10.80	2122	2119	0.00	211	0	0	0	nan	0.00	0.00	2.74	87.30	89.20	0.00	38	0	42	0.00	0.00	68.64	7.64	0.00	0.00	2000
228	10.77	2140	2081	0.00	195	0	0	0	nan	0.00	0.01	2.19	86.27	89.23	0.00	38	0	42	0.00	0.00	62.34	7.18	0.00	0.00	2000
230	10.69	2131	2121	0.00	210	0	0	0	nan	0.00	0.01	2.65	87.58	89.31	0.00	38	0	42	0.00	0.00	69.16	7.83	0.00	0.00	2000
231	10.92	2106	2109	0.38	195	0	0	13	30.80	0.00	0.00	2.86	86.58	89.08	0.00	38	0	42	0.00	0.00	63.76	7.41	0.00	0.00	2000
226	11.02	2061	2090	0.17	211	0	0	0	nan	0.00	0.02	3.90	84.77	88.98	0.00	38	0	42	0.00	0.00	64.48	7.48	0.00	0.00	2000
228	10.92	2099	2090	0.00	195	0	0	0	nan	0.00	0.02	3.11	85.60	89.08	0.00	38	0	42	0.00	0.00	68.13	7.87	0.00	0.00	2000
226	10.95	2078	2089	0.00	194	0	0	0	nan	0.00	0.02	2.48	86.09	89.05	0.00	38	0	42	0.00	0.00	63.16	7.16	0.00	0.00	2000
230	11.01	2078	2108	0.00	213	0	0	0	nan	0.00	0.02	4.21	85.23	88.99	0.00	38	0	42	0.00	0.00	65.78	7.67	0.00	0.00	2000
229	10.97	2075	2114	0.00	212	0	0	0	nan	0.01	0.00	3.61	86.05	89.03	0.00	38	0	42	0.00	0.00	68.71	7.88	0.00	0.00	2000
228	10.87	2114	2087	0.00	196	0	0	0	nan	0.00	0.03	2.50	86.01	89.13	0.00	38	0	42	0.00	0.00	63.45	7.24	0.00	0.00	2000
228	10.80	2097	2112	0.00	210	0	0	0	nan	0.00	0.02	2.43	87.35	89.20	0.00	38	0	42	0.00	0.00	68.23	7.87	0.00	0.00	2000
227	10.94	2099	2079	0.00	194	0	0	0	nan	0.00	0.02	2.38	85.77	89.06	0.00	38	0	42	0.00	0.00	62.65	7.41	0.00	0.00	2000
234	11.03	2082	2135	0.00	211	0	0	0	nan	0.00	0.00	2.01	88.49	88.97	0.00	38	0	42	0.00	0.00	67.65	7.98	0.00	0.00	2000
226	10.84	2113	2077	0.00	210	0	0	0	nan	0.00	0.00	3.18	85.15	89.16	0.00	38	0	42	0.00	0.00	64.37	7.44	0.00	0.00	2000
228	10.78	2105	2111	0.00	194	0	0	0	nan	0.00	0.00	2.96	86.77	89.22	0.00	38	0	42	0.00	0.00	65.84	7.75	0.00	0.00	2000
230	10.82	2110	2113	0.00	211	0	0	0	nan	0.00	0.03	3.27	86.57	89.18	0.00	39	0	42	0.00	0.00	69.47	8.10	0.00	0.00	2000
227	11.03	2074	2083	0.00	195	0	0	0	nan	0.00	0.02	3.32	85.03	88.97	0.00	39	0	42	0.00	0.00	65.06	7.50	0.00	0.00	2000
229	10.76	2124	2100	0.00	211	0	0	0	nan	0.00	0.00	3.37	85.80	89.24	0.00	39	0	42	0.00	0.00	63.39	7.29	0.00	0.00	2000
226	10.97	2068	2093	0.00	210	0	0	0	nan	0.00	0.00	2.89	85.94	89.03	0.00	39	0	42	0.00	0.00	65.46	7.56	0.00	0.00	2000
228	10.96	2078	2105	0.05	210	0	0	9	32.93	0.00	0.00	2.86	86.50	89.04	0.00	39	0	42	0.00	0.00	66.18	7.56	0.00	0.00	2000
229	11.04	2072	2098	0.38	211	0	0	6	43.10	0.00	0.02	3.26	85.72	88.96	0.00	39	0	43	0.00	0.00	65.77	7.64	0.00	0.00	2000
229	10.89	2095	2105	0.00	195	0	0	0	nan	0.00	0.02	3.76	85.65	89.11	0.00	39	0	42	0.00	0.00	66.17	7.74	0.00	0.00	2000
228	10.87	2086	2107	0.00	210	0	0	0	nan	0.00	0.04	2.84	86.63	89.13	0.00	39	0	42	0.00	0.00	68.76	7.80	0.00	0.00	2000
232	10.80	2131	2118	0.00	195	0	0	0	nan	0.00	0.02	3.32	86.68	89.20	0.00	39	0	42	0.00	0.00	63.50	7.48	0.00	0.00	2000
229	11.12	2081	2080	0.00	199	0	0	0	nan	0.00	0.02	2.61	85.45	88.88	0.00	39	0	42	0.00	0.00	65.03	7.48	0.00	0.00	2000
229	11.12	2053	2102	0.00	195	0	0	0	nan	0.00	0.01	2.95	86.15	88.88	0.00	39	0	42	0.00	0.00	65.91	7.71	0.00	0.00	2000
229	10.95	2085	2110	0.00	213	0	0	0	nan	0.00	0.01	4.17	85.42	89.05	0.00	39	0	42	0.00	0.00	65.78	7.67	0.00	0.00	2000
226	10.89	2093	2082	0.00	195	0	0	0	nan	0.00	0.00	2.51	85.88	89.11	0.00	39	0	42	0.00	0.00	65.15	7.63	0.00	0.00	2000
234	11.38	2070	2090	0.00	211	0	0	0	nan	0.00	0.00	2.46	85.81	88.62	0.00	39	0	42	0.00	0.00	62.77	7.34	0.00	0.00	2000
229	10.86	2101	2108	0.00	227	0	0	0	nan	0.00	0.02	3.27	86.21	89.14	0.00	39	0	42	0.00	0.00	68.95	7.95	0.00	0.00	2000
228	11.11	2050	2105	0.00	194	0	0	0	nan	0.00	0.01	3.25	86.00	88.89	0.00	39	0	42	0.00	0.00	66.04	7.65	0.00	0.00	2000
232	10.84	2123	2119	0.00	210	0	0	0	nan	0.00	0.02	3.36	86.67	89.16	0.00	39	0	42	0.00	0.00	66.30	7.63	0.00	0.00	2000
228	11.04	2078	2082	0.00	195	0	0	0	nan	0.00	0.00	3.46	84.80	88.96	0.00	39	0	42	0.00	0.00	64.67	7.55	0.00	0.00	2000
232	11.06	2101	2101	0.00	212	0	0	0	nan	0.00	0.00	3.34	85.62	88.94	0.00	39	0	42	0.00	0.00	66.11	7.63	0.00	0.00	2000
227	10.99	2068	2102	0.00	196	0	0	0	nan	0.00	0.00	3.33	85.88	89.01	0.00	39	0	42	0.00	0.00	65.93	7.55	0.00	0.00	2000
234	10.85	2140	2113	0.00	198	0	0	0	nan	0.00	0.00	3.49	86.28	89.15	0.00	39	0	42	0.00	0.00	66.47	7.58	0.00	0.00	2000
229	11.07	2087	2080	0.45	195	0	0	13	28.28	0.00	0.00	3.13	85.03	88.93	0.00	39	0	42	0.00	0.00	64.93	7.61	0.00	0.00	2000
234	11.09	2079	2129	0.10	220	0	0	0	nan	0.00	0.08	3.05	87.11	88.91	0.00	39	0	42	0.00	0.00	67.44	7.63	0.00	0.00	2000
226	10.87	2100	2076	0.00	199	0	0	0	nan	0.00	0.02	4.83	83.37	89.13	0.00	39	0	42	0.00	0.00	64.48	7.53	0.00	0.00	2000
229	10.94	2094	2103	0.00	199	0	0	0	nan	0.00	0.52	4.96	83.77	89.06	0.00	39	0	42	0.00	0.00	65.60	7.71	0.00	0.00	2000
232	10.96	2101	2113	0.00	197	0	0	0	nan	0.00	0.56	4.81	84.33	89.04	0.00	39	0	42	0.00	0.00	66.30	7.62	0.00	0.00	2000
233	11.00	2119	2096	0.00	204	0	0	0	nan	0.00	0.00	5.86	83.09	89.00	0.00	39	0	42	0.00	0.00	65.54	7.48	0.00	0.00	2000
231	11.03	2081	2116	0.00	198	0	0	0	nan	0.00	0.02	6.04	83.72	88.97	0.00	39	0	42	0.00	0.00	66.57	7.56	0.00	0.00	2000
228	10.86	2112	2086	0.00	199	0	0	0	nan	0.00	0.00	5.37	83.28	89.14	0.00	39	0	43	0.00	0.00	65.15	7.50	0.00	0.00	2000
226	10.87	2091	2090	0.00	198	0	0	0	nan	0.00	0.00	4.96	83.78	89.13	0.00	39	0	42	0.00	0.00	65.39	7.55	0.00	0.00	2000
228	10.94	2094	2090	0.00	214	0	0	0	nan	0.00	0.00	4.78	83.89	89.06	0.00	39	0	42	0.00	0.00	65.52	7.62	0.00	0.00	2000
238	11.09	2120	2130	0.00	207	0	0	0	nan	0.00	0.02	6.17	84.09	88.91	0.00	39	0	43	0.00	0.00	66.68	7.62	0.00	0.00	2000
227	10.91	2107	2077	0.00	200	0	0	0	nan	0.00	0.00	5.81	82.37	89.09	0.00	39	0	43	0.00	0.00	64.67	7.66	0.00	0.00	2000
231	10.72	2131	2122	0.00	200	0	0	0	nan	0.00	0.00	4.15	86.12	89.28	0.00	39	0	42	0.00	0.00	64.25	7.40	0.00	0.00	2000
225	10.99	2062	2086	0.00	199	0	0	0	nan	0.00	0.03	4.12	84.42	89.01	0.00	38	0	43	0.00	0.00	66.24	7.76	0.00	0.00	2000
229	11.19	2037	2108	0.00	262	0	0	0	nan	0.00	0.01	3.97	85.31	88.81	0.00	40	0	42	0.00	0.00	64.66	7.18	0.00	0.00	2000
228	11.24	2031	2099	0.00	203	0	0	0	nan	0.00	0.00	1.68	87.26	88.76	0.00	40	0	43	0.00	0.00	64.77	7.40	0.00	0.00	2000
224	10.81	2077	2096	0.00	219	0	0	3	42.38	0.01	0.00	2.12	86.98	89.19	0.00	40	0	42	0.00	0.00	65.31	7.45	0.00	0.00	2000
230	10.92	2097	2104	0.56	219	0	0	5	46.88	0.00	0.02	2.50	86.81	89.08	0.00	40	0	42	0.00	0.00	65.65	7.52	0.00	0.00	2000
225	10.67	2125	2089	0.00	212	0	0	0	nan	0.00	0.00	3.56	85.32	89.33	0.00	40	0	42	0.00	0.00	65.65	7.50	0.00	0.00	2000
232	10.98	2081	2134	0.00	221	0	0	0	nan	0.00	0.02	3.72	86.78	89.02	0.00	40	0	42	0.00	0.00	64.78	7.28	0.00	0.00	2000
223	10.83	2086	2072	0.00	202	0	0	0	nan	0.00	0.00	3.40	84.69	89.17	0.00	40	0	42	0.00	0.00	66.95	7.74	0.00	0.00	2000
228	10.95	2091	2094	0.00	204	0	0	0	nan	0.00	0.00	3.27	85.63	89.05	0.00	40	0	42	0.00	0.00	62.89	7.21	0.00	0.00	2000
229	11.04	2065	2106	0.00	230	0	0	0	nan	0.00	0.00	3.70	85.56	88.96	0.00	40	0	42	0.00	0.00	66.27	7.56	0.00	0.00	2000
228	10.87	2097	2098	0.00	203	0	0	0	nan	0.00	0.00	2.92	86.23	89.13	0.00	40	0	42	0.00	0.00	66.06	7.62	0.00	0.00	2000
230	10.86	2100	2119	0.00	220	0	0	0	nan	0.00	0.03	3.20	86.84	89.14	0.00	40	0	42	0.00	0.00	66.17	7.61	0.00	0.00	2000
226	11.09	2060	2078	0.00	202	0	0	0	nan	0.00	0.00	3.60	84.55	88.91	0.00	40	0	42	0.00	0.00	64.45	7.23	0.00	0.00	2000
228	11.00	2083	2095	0.00	230	0	0	0	nan	0.00	0.00	3.23	85.64	89.00	0.00	40	0	42	0.00	0.00	65.73	7.37	0.00	0.00	2000
232	11.24	2030	2134	0.00	219	0	0	0	nan	0.00	0.00	3.64	86.69	88.76	0.00	40	0	42	0.00	0.00	67.04	7.91	0.00	0.00	2000
223	11.01	2059	2069	0.00	202	0	0	0	nan	0.00	0.01	3.22	84.61	88.99	0.00	40	0	42	0.00	0.00	64.13	7.44	0.00	0.00	2000
226	11.01	2055	2100	0.00	219	0	0	0	nan	0.00	0.02	3.36	85.73	88.99	0.00	41	0	42	0.00	0.00	66.17	7.53	0.00	0.00	2000
232	11.04	2083	2119	0.00	217	0	0	0	nan	0.00	0.01	4.42	85.48	88.96	0.00	40	0	42	0.00	0.00	66.25	7.70	0.00	0.00	2000
226	11.04	2066	2081	0.00	204	0	0	0	nan	0.00	0.00	3.10	85.14	88.96	0.00	40	0	42	0.00	0.00	65.06	7.46	0.00	0.00	2000
229	10.85	2092	2119	0.00	202	0	0	0	nan	0.00	0.02	3.62	86.41	89.15	0.00	40	0	42	0.00	0.00	66.84	7.54	0.00	0.00	2000
227	10.59	2154	2094	0.49	203	0	0	7	33.68	0.00	0.00	3.08	86.11	89.41	0.00	41	0	42	0.00	0.00	65.87	7.39	0.00	0.00	2000
228	11.08	2058	2098	0.31	204	0	0	0	91.75	0.00	0.00	3.32	85.64	88.92	0.00	40	0	42	0.00	0.00	65.90	7.53	0.00	0.00	2000
233	10.69	2170	2114	0.00	213	0	0	0	nan	0.01	0.00	3.75	86.11	89.31	0.00	40	0	42	0.00	0.00	66.81	7.49	0.00	0.00	2000
225	10.78	2105	2079	0.00	203	0	0	0	nan	0.00	0.00	3.23	85.15	89.22	0.00	40	0	43	0.00	0.00	64.78	7.42	0.00	0.00	2000
227	10.97	2067	2104	0.00	203	0	0	0	nan	0.00	0.00	2.90	86.45	89.04	0.00	40	0	42	0.00	0.00	65.98	7.51	0.00	0.00	2000
229	10.70	2122	2114	0.00	220	0	0	0	nan	0.00	0.00	3.79	86.14	89.30	0.00	40	0	42	0.00	0.00	66.54	7.62	0.00	0.00	2000
229	10.77	2124	2100	0.00	203	0	0	0	nan	0.00	0.01	3.33	85.99	89.23	0.00	40	0	42	0.00	0.00	65.84	7.47	0.00	0.00	2000
233	11.14	2081	2114	0.00	215	0	0	0	nan	0.00	0.00	3.76	85.78	88.86	0.00	40	0	42	0.00	0.00	66.21	7.70	0.00	0.00	2000
223	10.66	2128	2062	0.00	203	0	0	0	nan	0.00	0.00	3.67	84.02	89.34	0.00	40	0	42	0.00	0.00	64.47	7.29	0.00	0.00	2000
227	10.74	2098	2115	0.00	220	0	0	0	nan	0.00	0.02	3.76	86.11	89.26	0.00	40	0	42	0.00	0.00	66.57	7.58	0.00	0.00	2000
229	10.84	2127	2087	0.00	203	0	0	0	nan	0.00	0.02	3.20	85.44	89.16	0.00	40	0	42	0.00	0.00	64.86	7.41	0.00	0.00	2000
234	11.14	2083	2114	0.00	205	0	0	0	nan	0.00	0.05	3.15	86.37	88.86	0.00	40	0	42	0.00	0.00	67.01	7.49	0.00	0.00	2000
227	10.69	2121	2097	0.00	228	0	0	0	nan	0.01	0.00	2.51	86.68	89.31	0.00	40	0	42	0.00	0.00	65.48	7.44	0.00	0.00	2000
226	10.87	2083	2098	0.00	219	0	0	0	nan	0.00	0.00	3.31	85.80	89.13	0.00	40	0	42	0.00	0.00	65.53	7.43	0.00	0.00	2000
230	10.77	2113	2124	0.00	219	0	0	0	nan	0.00	0.00	3.01	87.23	89.23	0.00	40	0	42	0.00	0.00	66.92	7.65	0.00	0.00	2000
228	10.99	2085	2091	0.00	211	0	0	0	nan	0.00	0.02	3.70	85.07	89.01	0.00	40	0	42	0.00	0.00	65.56	7.62	0.00	0.00	2000
227	10.73	2134	2085	0.00	203	0	0	0	nan	0.00	0.00	3.10	85.54	89.27	0.00	40	0	42	0.00	0.00	65.17	7.49	0.00	0.00	2000
228	10.55	2163	2099	0.79	208	0	0	6	29.07	0.00	0.00	3.92	85.49	89.45	0.00	40	0	42	0.00	0.00	65.89	7.57	0.00	0.00	2000
230	10.84	2113	2108	0.06	204	0	0	0	nan	0.00	0.00	3.71	85.89	89.16	0.00	41	0	42	0.00	0.00	66.30	7.67	0.00	0.00	2000
226	10.86	2089	2095	0.00	203	0	0	0	nan	0.00	0.01	2.90	86.06	89.14	0.00	40	0	42	0.00	0.00	65.59	7.60	0.00	0.00	2000
230	10.80	2133	2097	0.00	212	0	0	0	nan	0.00	0.02	3.67	85.39	89.20	0.00	41	0	42	0.00	0.00	65.64	7.54	0.00	0.00	2000
226	10.93	2075	2094	0.00	204	0	0	0	nan	0.00	0.00	3.71	85.20	89.07	0.00	41	0	42	0.00	0.00	65.86	7.47	0.00	0.00	2000
231	11.06	2073	2110	0.00	204	0	0	0	nan	0.00	0.00	3.20	86.33	88.94	0.00	41	0	42	0.00	0.00	66.08	7.56	0.00	0.00	2000
228	10.96	2074	2106	0.00	203	0	0	0	nan	0.00	0.02	2.91	86.51	89.04	0.00	40	0	42	0.00	0.00	66.35	7.71	0.00	0.00	2000
231	10.99	2085	2116	0.00	204	0	0	0	nan	0.00	0.00	3.10	86.70	89.01	0.00	41	0	43	0.00	0.00	66.45	7.59	0.00	0.00	2000
228	10.81	2121	2085	0.00	203	0	0	0	nan	0.00	0.02	3.41	85.29	89.19	0.00	40	0	42	0.00	0.00	65.31	7.36	0.00	0.00	2000
230	10.88	2117	2094	0.00	212	0	0	0	nan	0.00	0.00	3.02	85.92	89.12	0.00	41	0	42	0.00	0.00	65.68	7.39	0.00	0.00	2000
225	10.78	2093	2095	0.00	220	0	0	0	nan	0.00	0.00	2.64	86.41	89.22	0.00	40	0	42	0.00	0.00	65.33	7.58	0.00	0.00	2000
231	10.83	2118	2110	0.00	203	0	0	0	nan	0.00	0.00	3.30	86.37	89.17	0.00	40	0	42	0.00	0.00	66.27	7.67	0.00	0.00	2000
226	10.78	2103	2094	0.00	204	0	0	0	nan	0.00	0.00	3.09	85.93	89.22	0.00	41	0	42	0.00	0.00	65.84	7.55	0.00	0.00	2000
229	10.94	2103	2086	0.00	213	0	0	0	nan	0.00	0.00	3.70	84.87	89.06	0.00	40	0	42	0.00	0.00	65.34	7.35	0.00	0.00	2000
228	10.93	2073	2114	0.00	202	0	0	0	nan	0.00	0.01	3.62	86.18	89.07	0.00	41	0	42	0.00	0.00	66.80	7.63	0.00	0.00	2000
227	10.98	2071	2097	0.00	219	0	0	0	nan	0.00	0.00	3.03	85.95	89.02	0.00	41	0	42	0.00	0.00	65.38	7.48	0.00	0.00	2000
224	10.76	2091	2093	0.00	219	0	0	0	91.77	0.00	0.00	2.95	86.05	89.24	0.00	41	0	42	0.00	0.00	65.25	7.52	0.00	0.00	2000
235	11.09	2087	2131	0.86	213	0	0	8	39.16	0.00	0.02	4.07	86.23	88.91	0.00	41	0	42	0.00	0.00	67.32	7.62	0.00	0.00	2000
227	10.96	2082	2093	0.02	203	0	0	0	nan	0.00	0.00	3.19	85.70	89.04	0.00	41	0	43	0.00	0.00	65.48	7.45	0.00	0.00	2000
229	10.92	2097	2097	0.00	202	0	0	0	nan	0.00	0.00	3.25	85.79	89.08	0.00	41	0	42	0.00	0.00	65.71	7.40	0.00	0.00	2000
226	11.03	2071	2078	0.00	204	0	0	0	nan	0.00	0.01	3.08	85.06	88.97	0.00	41	0	42	0.00	0.00	64.75	7.42	0.00	0.00	2000
228	11.07	2048	2110	0.00	221	0	0	0	nan	0.00	0.00	3.68	85.81	88.93	0.00	41	0	42	0.00	0.00	66.16	7.59	0.00	0.00	2000
227	11.03	2061	2096	0.00	229	0	0	0	nan	0.00	0.02	2.09	86.79	88.97	0.00	41	0	42	0.00	0.00	65.40	7.55	0.00	0.00	2000
227	10.80	2108	2094	0.00	203	0	0	0	nan	0.01	0.00	2.77	86.28	89.20	0.00	41	0	43	0.00	0.00	65.41	7.38	0.00	0.00	2000
226	10.92	2060	2109	0.00	219	0	0	0	nan	0.00	0.02	2.97	86.60	89.08	0.00	41	0	42	0.00	0.00	66.02	7.61	0.00	0.00	2000
242	11.62	2086	2094	0.00	230	0	0	0	nan	0.00	0.01	4.07	84.09	88.38	0.00	41	0	42	0.00	0.00	66.49	8.42	0.00	0.00	2000
228	10.91	2087	2099	0.00	213	0	0	0	nan	0.00	0.01	4.31	84.87	89.09	0.00	41	0	42	0.00	0.00	65.73	8.11	0.00	0.00	2000
227	10.95	2061	2108	0.00	219	0	0	0	nan	0.00	0.00	3.75	85.73	89.05	0.00	41	0	42	0.00	0.00	62.89	7.29	0.00	0.00	2000
227	11.11	2038	2109	0.00	203	0	0	0	nan	0.00	0.00	3.69	85.71	88.89	0.00	41	0	42	0.00	0.00	67.58	7.63	0.00	0.00	2000
226	10.76	2115	2089	0.00	204	0	0	0	nan	0.00	0.02	2.80	86.01	89.24	0.00	41	0	42	0.00	0.00	66.05	8.52	0.00	0.00	2000
232	11.05	2089	2112	0.00	231	0	0	0	nan	0.00	0.00	4.69	84.88	88.95	0.00	41	0	42	0.00	0.00	68.34	9.22	0.00	0.00	2000
231	10.89	2112	2107	0.00	205	0	0	0	nan	0.00	0.01	4.05	85.43	89.11	0.00	42	0	42	0.00	0.00	66.96	8.81	0.00	0.00	2000
230	10.78	2138	2099	0.00	203	0	0	0	nan	0.00	0.02	3.92	85.30	89.22	0.00	40	0	42	0.00	0.00	65.89	7.76	0.00	0.00	2000
229	10.81	2118	2097	0.07	204	0	0	5	44.79	0.00	0.02	3.56	85.58	89.19	0.00	40	0	42	0.00	0.00	65.49	7.38	0.00	0.00	2000
229	10.86	2103	2102	0.57	203	0	0	5	53.81	0.00	0.00	3.14	86.19	89.14	0.00	40	0	42	0.00	0.00	65.62	7.56	0.00	0.00	2000
236	11.16	2169	2050	0.00	224	0	0	0	nan	0.00	0.00	4.37	82.35	88.84	0.00	39	0	42	0.00	0.00	60.59	7.09	0.00	0.00	2000
169	9.89	1696	2117	0.00	233	0	0	0	nan	0.00	0.00	9.45	81.38	90.11	0.00	38	0	42	0.00	0.00	63.89	7.68	0.00	0.00	2000
220	12.11	1629	2340	0.00	49	0	0	0	nan	0.00	0.21	29.38	68.70	87.89	0.00	37	0	42	0.00	0.00	86.21	9.85	0.00	0.00	2000
