Avg_MHz	Busy%	Bzy_MHz	TSC_MHz	IPC	IRQ	NMI	SMI	LLCMRPS	LLC%hit	POLL%	C1%	C1E%	C6%	CPU%c1	CPU%c6	CoreTmp	CoreThr	PkgTmp	Pkg%pc2	Pkg%pc6	PkgWatt	RAMWatt	PKG_%	RAM_%	UncMHz
285	15.54	1801	2140	0.00	251	0	0	0	nan	0.00	0.04	28.97	57.00	84.46	0.00	37	0	42	0.00	0.00	59.84	7.30	0.00	0.00	2000
452	20.73	2180	2099	0.00	224	0	0	0	nan	0.04	1.77	18.02	59.69	79.27	0.00	38	0	42	0.00	0.00	69.29	7.58	0.00	0.00	2000
90	6.95	1266	2139	0.00	247	0	0	0	nan	0.00	0.21	10.93	83.56	93.05	0.00	37	0	42	0.00	0.00	62.82	7.86	0.00	0.00	2000
72	6.53	1122	2077	0.00	193	0	0	0	nan	0.00	0.00	3.20	89.18	93.47	0.00	37	0	42	0.00	0.00	57.82	7.41	0.00	0.00	2000
74	6.77	1084	2109	0.00	194	0	0	0	nan	0.00	0.03	3.91	89.59	93.23	0.00	37	0	42	0.00	0.00	59.76	7.45	0.00	0.00	2000
73	6.69	1082	2123	0.00	192	0	0	0	nan	0.00	0.02	2.30	92.02	93.31	0.00	36	0	42	0.00	0.00	60.00	7.64	0.00	0.00	2000
74	6.59	1123	2100	0.00	197	0	0	0	nan	0.00	0.00	3.04	90.32	93.41	0.00	36	0	42	0.00	0.00	59.09	7.57	0.00	0.00	2000
73	6.50	1126	2081	0.00	194	0	0	0	nan	0.00	0.00	2.62	90.10	93.50	0.00	36	0	42	0.00	0.00	59.10	7.65	0.00	0.00	2000
73	6.71	1078	2115	0.00	210	0	0	0	nan	0.00	0.00	3.41	90.56	93.29	0.00	36	0	42	0.00	0.00	58.90	7.29	0.00	0.00	2000
73	6.30	1155	2102	0.00	177	0	0	0	nan	0.00	0.02	3.32	90.40	93.70	0.00	37	0	42	0.00	0.00	59.58	7.31	0.00	0.00	2000
74	6.71	1101	2100	0.00	214	0	0	0	nan	0.00	0.02	3.50	89.71	93.29	0.00	36	0	42	0.00	0.00	58.87	7.48	0.00	0.00	2000
72	6.47	1110	2100	0.00	195	0	0	0	nan	0.00	0.00	4.19	89.38	93.53	0.00	37	0	42	0.00	0.00	59.18	7.36	0.00	0.00	2000
74	6.42	1151	2101	0.00	194	0	0	0	nan	0.00	0.00	3.44	90.10	93.58	0.00	37	0	41	0.00	0.00	60.25	7.61	0.00	0.00	2000
73	6.46	1128	2096	0.00	177	0	0	0	nan	0.00	0.02	2.93	90.43	93.54	0.00	36	0	42	0.00	0.00	58.69	7.40	0.00	0.00	2000
74	6.55	1125	2108	0.00	194	0	0	0	nan	0.00	0.01	2.79	90.97	93.45	0.00	36	0	42	0.00	0.00	60.12	7.67	0.00	0.00	2000
71	6.41	1123	2077	0.00	194	0	0	1	89.93	0.00	0.00	3.47	89.22	93.59	0.00	36	0	42	0.00	0.00	56.84	7.27	0.00	0.00	2000
72	6.78	1064	2092	0.28	193	0	0	1	88.78	0.00	0.00	1.54	91.45	93.22	0.00	36	0	42	0.00	0.00	59.27	7.61	0.00	0.00	2000
73	6.54	1113	2116	0.00	209	0	0	0	nan	0.00	0.00	4.59	89.51	93.46	0.00	37	0	42	0.00	0.00	60.15	7.72	0.00	0.00	2000
145	8.76	1668	2080	0.00	191	0	0	0	nan	0.02	0.82	5.70	83.96	91.24	0.00	37	0	42	0.00	0.00	58.97	7.30	0.00	0.00	2000
229	10.84	2089	2121	0.00	212	0	0	0	nan	0.00	0.03	8.26	81.83	89.16	0.00	37	0	41	0.00	0.00	65.78	7.54	0.00	0.00	2000
231	11.40	2018	2110	0.00	197	0	0	0	nan	0.00	0.01	6.06	83.14	88.60	0.00	37	0	41	0.00	0.00	64.78	7.37	0.00	0.00	2000
231	10.93	2119	2090	0.00	198	0	0	0	nan	0.00	1.12	3.60	84.09	89.07	0.00	37	0	42	0.00	0.00	66.08	7.52	0.00	0.00	2000
228	11.20	2031	2107	0.00	217	0	0	0	nan	0.00	0.01	6.81	82.41	88.80	0.00	37	0	42	0.00	0.00	65.93	7.54	0.00	0.00	2000
225	10.71	2098	2103	0.00	196	0	0	0	nan	0.00	0.00	7.24	82.17	89.29	0.00	37	0	42	0.00	0.00	63.67	7.97	0.00	0.00	2000
213	10.43	2058	2087	0.00	195	0	0	0	nan	0.00	0.35	5.58	83.25	89.57	0.00	37	0	42	0.00	0.00	64.95	7.62	0.00	0.00	2000
236	11.26	2072	2123	0.00	241	0	0	0	nan	0.00	0.02	3.80	86.01	88.74	0.00	38	0	42	0.00	0.00	67.51	8.16	0.00	0.00	2000
230	11.26	2050	2095	0.00	203	0	0	0	nan	0.00	0.00	3.29	85.42	88.74	0.00	38	0	42	0.00	0.00	66.96	7.89	0.00	0.00	2000
226	10.90	2100	2071	0.00	203	0	0	0	nan	0.00	0.00	3.80	84.04	89.10	0.00	39	0	42	0.00	0.00	65.01	7.58	0.00	0.00	2000
233	11.24	2039	2131	0.00	204	0	0	0	nan	0.00	0.00	2.11	88.07	88.76	0.00	39	0	42	0.00	0.00	65.20	7.56	0.00	0.00	2000
225	11.04	2060	2080	0.00	203	0	0	0	nan	0.00	0.00	2.89	85.22	88.96	0.00	40	0	42	0.00	0.00	63.59	7.26	0.00	0.00	2000
234	11.23	2063	2122	0.00	233	0	0	0	nan	0.00	0.00	4.83	84.97	88.77	0.00	40	0	42	0.00	0.00	66.00	7.64	0.00	0.00	2000
225	10.79	2111	2070	0.00	203	0	0	0	nan	0.00	0.01	3.58	84.44	89.21	0.00	40	0	42	0.00	0.00	63.80	7.11	0.00	0.00	2000
228	10.75	2117	2104	0.20	219	0	0	11	80.18	0.00	0.01	3.47	86.00	89.25	0.00	40	0	42	0.00	0.00	65.19	7.58	0.00	0.00	2000
233	10.98	2092	2126	0.45	201	0	0	7	90.46	0.00	0.00	3.40	86.79	89.02	0.00	40	0	42	0.00	0.00	66.00	7.62	0.00	0.00	2000
229	11.25	2065	2067	0.00	202	0	0	0	nan	0.00	0.00	3.69	83.76	88.75	0.00	40	0	42	0.00	0.00	63.33	7.29	0.00	0.00	2000
230	11.08	2071	2106	0.00	241	0	0	0	nan	0.00	0.01	5.29	83.97	88.92	0.00	40	0	42	0.00	0.00	65.54	7.51	0.00	0.00	2000
232	11.18	2071	2107	0.00	210	0	0	0	nan	0.00	0.02	5.28	83.93	88.82	0.00	40	0	41	0.00	0.00	65.42	7.70	0.00	0.00	2000
235	11.42	2057	2102	0.00	235	0	0	0	nan	0.00	0.01	6.19	82.55	88.58	0.00	40	0	41	0.00	0.00	65.12	7.45	0.00	0.00	2000
229	11.44	2027	2074	0.00	198	0	0	0	nan	0.00	0.02	7.32	80.31	88.56	0.00	38	0	42	0.00	0.00	63.76	7.61	0.00	0.00	2000
365	17.12	2286	1956	0.00	208	0	0	0	nan	0.00	0.00	3.59	73.74	82.88	0.00	39	0	42	0.00	0.00	65.98	7.32	0.00	0.00	2000
686	27.46	2500	2098	0.00	251	0	0	0	nan	0.00	0.00	3.85	68.74	72.54	0.00	41	0	42	0.00	0.00	80.91	7.59	0.00	0.00	2000
686	27.44	2500	2100	0.00	244	0	0	0	nan	0.00	0.00	4.34	68.36	72.56	0.00	42	0	42	0.00	0.00	80.46	7.68	0.00	0.00	2000
685	27.39	2500	2100	0.00	235	0	0	0	nan	0.00	0.00	3.95	68.78	72.61	0.00	42	0	42	0.00	0.00	81.02	7.37	0.00	0.00	2000
686	27.43	2500	2100	0.00	236	0	0	0	nan	0.00	0.00	4.36	68.31	72.57	0.00	42	0	42	0.00	0.00	80.90	7.40	0.00	0.00	2000
683	27.33	2500	2100	0.00	244	0	0	0	nan	0.00	0.00	3.97	68.81	72.67	0.00	42	0	42	0.00	0.00	80.82	7.45	0.00	0.00	2000
345	14.35	2231	2265	0.00	236	0	0	0	nan	0.00	0.06	6.20	86.23	85.65	0.00	39	0	42	0.00	0.00	74.08	8.12	0.00	0.00	2000
150	9.56	1549	2126	0.00	235	0	0	0	nan	0.00	0.02	18.90	72.78	90.44	0.00	37	0	42	0.00	0.00	62.45	7.61	0.00	0.00	2000
