Avg_MHz	Busy%	Bzy_MHz	TSC_MHz	IPC	IRQ	NMI	SMI	LLCMRPS	LLC%hit	POLL%	C1%	C1E%	C6%	CPU%c1	CPU%c6	CoreTmp	CoreThr	PkgTmp	Pkg%pc2	Pkg%pc6	PkgWatt	RAMWatt	PKG_%	RAM_%	UncMHz
348	16.79	2022	2153	0.00	222	0	0	0	nan	0.00	0.52	39.66	45.22	83.21	0.00	37	0	42	0.00	0.00	67.04	7.66	0.00	0.00	2000
292	14.60	2040	2062	0.00	213	0	0	0	nan	0.04	0.90	17.59	65.43	85.40	0.00	36	0	42	0.00	0.00	68.83	7.81	0.00	0.00	2000
84	7.44	1109	2140	0.00	215	0	0	0	nan	0.00	0.04	7.40	87.04	92.56	0.00	37	0	42	0.00	0.00	59.22	7.51	0.00	0.00	2000
72	6.91	1046	2106	0.00	193	0	0	0	nan	0.00	0.00	3.29	90.13	93.09	0.00	36	0	42	0.00	0.00	58.97	7.27	0.00	0.00	2000
72	6.88	1064	2070	0.00	193	0	0	0	nan	0.00	0.00	2.65	89.29	93.12	0.00	37	0	42	0.00	0.00	56.76	7.23	0.00	0.00	2000
71	6.79	1048	2106	0.00	194	0	0	0	nan	0.00	0.03	1.79	91.74	93.21	0.00	36	0	42	0.00	0.00	62.41	7.86	0.00	0.00	2000
74	6.78	1080	2125	0.00	209	0	0	0	nan	0.00	0.00	4.44	89.94	93.22	0.00	36	0	42	0.00	0.00	59.20	7.45	0.00	0.00	2000
71	6.48	1112	2081	0.00	195	0	0	0	nan	0.00	0.00	3.17	89.48	93.52	0.00	36	0	42	0.00	0.00	60.01	7.41	0.00	0.00	2000
73	6.89	1049	2111	0.00	193	0	0	0	nan	0.00	0.04	4.28	89.37	93.11	0.00	36	0	42	0.00	0.00	59.00	7.44	0.00	0.00	2000
73	6.60	1101	2099	0.00	193	0	0	0	nan	0.00	0.00	3.87	89.52	93.40	0.00	36	0	42	0.00	0.00	60.96	7.56	0.00	0.00	2000
78	6.81	1145	2104	0.00	194	0	0	0	nan	0.00	0.02	6.97	86.30	93.19	0.00	36	0	42	0.00	0.00	58.40	7.35	0.00	0.00	2000
73	6.45	1131	2091	0.00	196	0	0	0	nan	0.00	0.02	2.86	90.36	93.55	0.00	36	0	42	0.00	0.00	59.23	7.60	0.00	0.00	2000
73	6.33	1143	2115	0.00	193	0	0	0	nan	0.00	0.00	3.09	91.23	93.67	0.00	36	0	42	0.00	0.00	59.58	7.48	0.00	0.00	2000
72	6.74	1077	2091	0.00	194	0	0	0	nan	0.00	0.00	2.35	90.57	93.26	0.00	36	0	42	0.00	0.00	58.91	7.44	0.00	0.00	2000
74	6.75	1088	2100	0.00	193	0	0	0	nan	0.00	0.02	3.16	90.22	93.25	0.00	37	0	42	0.00	0.00	56.78	7.05	0.00	0.00	2000
70	6.34	1120	2081	0.00	194	0	0	0	97.31	0.00	0.00	2.43	90.26	93.66	0.00	36	0	42	0.00	0.00	60.38	7.47	0.00	0.00	2000
72	6.88	1041	2101	0.30	209	0	0	1	85.77	0.00	0.03	3.50	89.73	93.12	0.00	36	0	42	0.00	0.00	61.26	7.60	0.00	0.00	2000
74	6.54	1114	2130	0.03	193	0	0	0	nan	0.00	0.00	4.03	90.78	93.46	0.00	36	0	42	0.00	0.00	60.58	7.64	0.00	0.00	2000
192	10.22	1903	2078	0.00	216	0	0	0	nan	0.00	0.02	4.66	84.27	89.78	0.00	38	0	42	0.00	0.00	62.46	7.29	0.00	0.00	2000
233	11.04	2092	2117	0.00	230	0	0	0	nan	0.00	0.02	4.10	85.70	88.96	0.00	40	0	42	0.00	0.00	67.18	7.72	0.00	0.00	2000
227	10.87	2113	2076	0.00	186	0	0	0	nan	0.00	0.02	4.13	84.07	89.13	0.00	40	0	42	0.00	0.00	62.08	7.05	0.00	0.00	2000
233	11.57	1984	2130	0.00	222	0	0	0	nan	0.00	0.00	6.13	83.77	88.43	0.00	40	0	42	0.00	0.00	66.22	7.56	0.00	0.00	2000
232	11.65	1995	2100	0.00	197	0	0	0	nan	0.00	0.00	6.81	81.78	88.35	0.00	38	0	42	0.00	0.00	65.50	7.62	0.00	0.00	2000
226	11.05	2088	2054	0.00	197	0	0	0	nan	0.00	0.01	6.03	81.17	88.95	0.00	38	0	42	0.00	0.00	62.67	7.32	0.00	0.00	2000
237	11.34	2059	2132	0.00	201	0	0	0	nan	0.00	0.01	6.86	83.36	88.66	0.00	37	0	42	0.00	0.00	65.61	7.79	0.00	0.00	2000
231	11.12	2070	2107	0.00	195	0	0	0	nan	0.00	0.02	6.95	82.37	88.88	0.00	37	0	42	0.00	0.00	66.94	8.07	0.00	0.00	2000
231	11.30	2044	2104	0.00	215	0	0	0	nan	0.00	0.02	5.62	83.37	88.70	0.00	37	0	42	0.00	0.00	67.95	8.04	0.00	0.00	2000
229	11.02	2076	2103	0.00	198	0	0	0	nan	0.00	0.00	5.45	83.80	88.98	0.00	37	0	42	0.00	0.00	64.97	7.51	0.00	0.00	2000
230	10.84	2125	2099	0.00	198	0	0	0	nan	0.00	0.02	4.37	84.81	89.16	0.00	38	0	42	0.00	0.00	62.39	7.27	0.00	0.00	2000
231	11.07	2117	2071	0.00	187	0	0	0	nan	0.00	0.00	5.34	82.46	88.93	0.00	38	0	42	0.00	0.00	64.35	7.35	0.00	0.00	2000
233	11.03	2076	2138	0.00	212	0	0	0	nan	0.01	0.02	5.64	85.09	88.97	0.00	38	0	42	0.00	0.00	68.37	7.74	0.00	0.00	2000
230	10.92	2105	2098	0.00	198	0	0	0	nan	0.00	0.02	3.64	85.45	89.08	0.00	38	0	42	0.00	0.00	66.13	7.26	0.00	0.00	2000
225	10.95	2087	2064	0.00	196	0	0	1	88.45	0.00	0.02	4.63	82.96	89.05	0.00	38	0	42	0.00	0.00	63.40	7.38	0.00	0.00	2000
235	10.76	2161	2127	0.83	197	0	0	18	87.86	0.00	0.02	2.02	88.39	89.24	0.00	39	0	42	0.00	0.00	66.80	7.65	0.00	0.00	2000
237	11.23	2101	2114	0.00	201	0	0	0	nan	0.00	0.02	4.00	85.49	88.77	0.00	38	0	42	0.00	0.00	67.04	7.53	0.00	0.00	2000
230	11.28	2055	2082	0.00	201	0	0	0	nan	0.00	0.00	5.40	82.73	88.72	0.00	38	0	42	0.00	0.00	64.65	7.30	0.00	0.00	2000
232	11.29	2041	2116	0.00	195	0	0	0	nan	0.00	0.00	7.00	82.42	88.71	0.00	37	0	42	0.00	0.00	64.99	7.40	0.00	0.00	2000
239	12.05	2005	2079	0.00	197	0	0	0	nan	0.00	0.01	5.68	81.47	87.95	0.00	38	0	42	0.00	0.00	64.13	7.11	0.00	0.00	2000
242	11.72	2061	2109	0.00	202	0	0	0	nan	0.00	0.02	5.69	83.10	88.28	0.00	37	0	42	0.00	0.00	65.59	7.79	0.00	0.00	2000
238	11.52	2084	2080	0.00	201	0	0	0	nan	0.00	0.00	5.38	82.37	88.48	0.00	36	0	42	0.00	0.00	66.30	7.58	0.00	0.00	2000
235	11.25	2067	2120	0.00	197	0	0	0	nan	0.00	0.00	9.05	80.66	88.75	0.00	37	0	42	0.00	0.00	66.25	7.69	0.00	0.00	2000
234	11.25	2075	2108	0.00	200	0	0	0	nan	0.00	0.00	8.78	80.37	88.75	0.00	37	0	42	0.00	0.00	67.48	8.06	0.00	0.00	2000
272	12.14	2243	2100	0.00	203	0	0	0	nan	0.00	0.02	7.02	80.96	87.86	0.00	37	0	42	0.00	0.00	67.63	7.90	0.00	0.00	2000
232	11.14	2082	2101	0.00	194	0	0	0	nan	0.00	0.02	6.07	82.94	88.86	0.00	36	0	42	0.00	0.00	67.07	7.90	0.00	0.00	2000
236	11.29	2089	2098	0.00	198	0	0	0	nan	0.00	0.00	6.56	82.13	88.71	0.00	37	0	42	0.00	0.00	66.06	7.82	0.00	0.00	2000
234	11.11	2100	2103	0.00	199	0	0	0	nan	0.00	0.09	5.13	83.90	88.89	0.00	36	0	42	0.00	0.00	64.41	7.79	0.00	0.00	2000
232	11.16	2085	2091	0.00	198	0	0	0	nan	0.00	0.03	2.87	85.68	88.84	0.00	37	0	42	0.00	0.00	63.77	7.44	0.00	0.00	2000
230	10.81	2130	2101	0.00	182	0	0	0	nan	0.00	0.00	5.72	83.44	89.19	0.00	37	0	42	0.00	0.00	66.16	7.40	0.00	0.00	2000
230	11.11	2077	2090	0.00	197	0	0	0	nan	0.00	0.00	7.53	80.99	88.89	0.00	37	0	42	0.00	0.00	66.02	7.34	0.00	0.00	2000
229	11.05	2058	2118	0.00	197	0	0	0	nan	0.00	0.51	6.85	82.47	88.95	0.00	37	0	42	0.00	0.00	67.05	7.65	0.00	0.00	2000
234	11.33	2109	2057	0.55	201	0	0	5	64.03	0.02	1.39	8.08	77.36	88.67	0.00	37	0	42	0.00	0.00	64.52	7.49	0.00	0.00	2000
231	11.20	2037	2124	0.21	194	0	0	0	nan	0.00	0.05	9.11	80.88	88.80	0.00	37	0	42	0.00	0.00	66.54	7.58	0.00	0.00	2000
230	11.23	2060	2088	0.00	195	0	0	0	nan	0.00	0.00	8.04	80.30	88.77	0.00	37	0	42	0.00	0.00	64.53	7.36	0.00	0.00	2000
229	11.37	2003	2114	0.00	198	0	0	0	nan	0.00	0.00	6.68	82.68	88.63	0.00	37	0	42	0.00	0.00	65.32	7.42	0.00	0.00	2000
230	11.16	2043	2116	0.00	197	0	0	0	nan	0.00	0.00	7.40	82.21	88.84	0.00	37	0	42	0.00	0.00	65.28	7.36	0.00	0.00	2000
230	11.38	2067	2054	0.00	197	0	0	0	nan	0.00	0.00	7.69	79.15	88.62	0.00	37	0	42	0.00	0.00	65.41	7.41	0.00	0.00	2000
229	10.95	2066	2127	0.00	195	0	0	0	nan	0.00	0.03	8.95	81.34	89.05	0.00	37	0	42	0.00	0.00	65.68	7.46	0.00	0.00	2000
230	11.10	2079	2092	0.00	197	0	0	0	nan	0.04	0.00	8.47	80.21	88.90	0.00	37	0	42	0.00	0.00	65.45	7.55	0.00	0.00	2000
229	11.06	2058	2112	0.00	197	0	0	0	nan	0.00	0.00	7.75	81.78	88.94	0.00	37	0	42	0.00	0.00	65.36	7.17	0.00	0.00	2000
228	11.17	2053	2088	0.00	196	0	0	0	nan	0.00	0.00	7.71	80.70	88.83	0.00	37	0	42	0.00	0.00	65.76	7.62	0.00	0.00	2000
231	11.10	2072	2107	0.00	195	0	0	0	nan	0.00	2.10	4.64	82.63	88.90	0.00	37	0	42	0.00	0.00	65.12	7.45	0.00	0.00	2000
229	10.71	2140	2100	0.00	205	0	0	0	nan	0.00	0.94	4.52	83.94	89.29	0.00	37	0	42	0.00	0.00	67.15	7.67	0.00	0.00	2000
232	11.21	2098	2070	0.00	201	0	0	0	nan	0.00	0.02	7.69	79.88	88.79	0.00	37	0	42	0.00	0.00	65.28	7.81	0.00	0.00	2000
231	10.87	2078	2149	0.00	196	0	0	0	nan	0.00	0.00	6.91	84.34	89.13	0.00	37	0	42	0.00	0.00	66.34	7.86	0.00	0.00	2000
231	11.46	2052	2067	0.00	196	0	0	0	nan	0.00	0.00	6.17	80.97	88.54	0.00	37	0	42	0.00	0.00	65.07	7.57	0.00	0.00	2000
232	11.06	2084	2114	0.00	198	0	0	0	nan	0.00	0.00	7.05	82.56	88.94	0.00	38	0	42	0.00	0.00	66.14	7.62	0.00	0.00	2000
230	11.01	2106	2086	0.00	201	0	0	0	nan	0.00	0.00	8.09	80.31	88.99	0.00	37	0	42	0.00	0.00	65.60	7.60	0.00	0.00	2000
229	10.86	2096	2114	0.37	196	0	0	4	84.09	0.00	0.00	9.43	80.33	89.14	0.00	38	0	42	0.00	0.00	65.55	7.62	0.00	0.00	2000
231	11.31	2053	2092	0.53	195	0	0	1	88.47	0.00	0.00	7.64	80.71	88.69	0.00	37	0	42	0.00	0.00	65.68	7.47	0.00	0.00	2000
231	10.91	2114	2102	0.00	200	0	0	0	nan	0.00	0.00	8.14	80.97	89.09	0.00	38	0	42	0.00	0.00	65.77	7.32	0.00	0.00	2000
229	11.64	2056	2006	0.00	198	0	0	0	nan	0.00	0.01	7.76	76.75	88.36	0.00	37	0	42	0.00	0.00	60.81	6.89	0.00	0.00	2000
234	10.46	2148	2185	0.00	218	0	0	0	nan	0.00	0.00	7.37	85.76	89.54	0.00	37	0	42	0.00	0.00	68.60	7.78	0.00	0.00	2000
232	10.99	2100	2110	0.00	207	0	0	0	nan	0.00	0.02	9.05	80.50	89.01	0.00	37	0	42	0.00	0.00	68.44	7.94	0.00	0.00	2000
230	11.05	2080	2098	0.00	200	0	0	0	nan	0.00	0.01	7.04	81.80	88.95	0.00	37	0	42	0.00	0.00	65.77	7.53	0.00	0.00	2000
230	10.96	2070	2132	0.00	196	0	0	0	nan	0.00	2.20	4.31	84.03	89.04	0.00	37	0	42	0.00	0.00	65.85	7.34	0.00	0.00	2000
230	11.20	2101	2050	0.00	197	0	0	0	nan	0.01	1.02	3.71	81.93	88.80	0.00	37	0	42	0.00	0.00	62.92	7.32	0.00	0.00	2000
230	11.03	2034	2156	0.00	199	0	0	0	nan	0.00	0.00	8.11	83.31	88.97	0.00	37	0	42	0.00	0.00	69.11	7.65	0.00	0.00	2000
230	10.71	2140	2106	0.00	196	0	0	0	nan	0.00	0.97	7.24	81.34	89.29	0.00	37	0	42	0.00	0.00	61.69	7.21	0.00	0.00	2000
227	11.20	2115	2010	0.00	195	0	0	0	nan	0.02	0.93	8.08	76.08	88.80	0.00	38	0	42	0.00	0.00	64.13	7.15	0.00	0.00	2000
230	10.80	2082	2152	0.00	196	0	0	0	nan	0.01	0.00	6.56	84.89	89.20	0.00	37	0	42	0.00	0.00	68.07	7.65	0.00	0.00	2000
231	11.04	2054	2140	0.00	197	0	0	0	nan	0.00	0.00	8.03	82.70	88.96	0.00	37	0	42	0.00	0.00	67.66	7.50	0.00	0.00	2000
227	11.25	2093	2027	0.00	199	0	0	0	nan	0.00	0.00	7.10	78.62	88.75	0.00	38	0	42	0.00	0.00	61.43	6.96	0.00	0.00	2000
231	10.89	2079	2147	0.00	201	0	0	0	nan	0.00	0.02	9.85	81.23	89.11	0.00	37	0	42	0.00	0.00	68.22	7.65	0.00	0.00	2000
229	11.00	2103	2081	0.00	198	0	0	0	nan	0.00	0.00	7.90	80.25	89.00	0.00	37	0	42	0.00	0.00	65.76	7.60	0.00	0.00	2000
231	11.01	2062	2136	0.48	195	0	0	7	83.74	0.00	0.00	7.52	82.99	88.99	0.00	37	0	42	0.00	0.00	68.54	7.84	0.00	0.00	2000
239	11.44	2099	2089	0.71	198	0	0	2	93.41	0.00	0.11	9.63	78.42	88.56	0.00	37	0	42	0.00	0.00	62.72	7.26	0.00	0.00	2000
231	10.74	2134	2118	0.00	200	0	0	0	nan	0.00	0.02	8.16	81.68	89.26	0.00	37	0	42	0.00	0.00	68.96	7.81	0.00	0.00	2000
229	10.99	2101	2084	0.00	198	0	0	0	nan	0.01	0.00	5.90	82.41	89.01	0.00	37	0	42	0.00	0.00	60.79	6.85	0.00	0.00	2000
229	11.03	2103	2076	0.00	197	0	0	0	nan	0.00	0.03	5.42	82.61	88.97	0.00	37	0	42	0.00	0.00	67.48	7.96	0.00	0.00	2000
230	10.98	2067	2126	0.00	196	0	0	0	nan	0.03	0.02	4.55	85.62	89.02	0.00	37	0	42	0.00	0.00	65.64	7.48	0.00	0.00	2000
231	11.02	2111	2090	0.00	199	0	0	0	nan	0.00	0.03	4.79	83.63	88.98	0.00	37	0	42	0.00	0.00	65.46	7.49	0.00	0.00	2000
228	11.28	2039	2082	0.00	197	0	0	0	nan	0.00	0.00	4.60	83.52	88.72	0.00	37	0	42	0.00	0.00	62.68	7.01	0.00	0.00	2000
229	10.97	2077	2108	0.00	194	0	0	0	nan	0.00	0.02	3.02	86.51	89.03	0.00	37	0	42	0.00	0.00	68.34	7.59	0.00	0.00	2000
227	10.81	2066	2131	0.00	195	0	0	0	nan	0.00	0.00	3.67	86.91	89.19	0.00	37	0	42	0.00	0.00	63.55	7.52	0.00	0.00	2000
228	11.27	2042	2083	0.00	196	0	0	0	nan	0.00	0.03	3.78	84.30	88.73	0.00	37	0	42	0.00	0.00	65.94	7.63	0.00	0.00	2000
227	11.06	2064	2092	0.00	195	0	0	0	nan	0.00	0.00	2.92	85.76	88.94	0.00	37	0	42	0.00	0.00	65.90	7.52	0.00	0.00	2000
230	10.92	2135	2072	0.00	194	0	0	0	nan	0.01	0.00	2.55	85.29	89.08	0.00	37	0	42	0.00	0.00	63.68	7.24	0.00	0.00	2000
229	10.68	2104	2136	0.00	194	0	0	0	nan	0.00	0.00	3.72	87.20	89.32	0.00	37	0	42	0.00	0.00	68.12	7.73	0.00	0.00	2000
229	11.05	2085	2089	0.00	196	0	0	0	nan	0.00	0.00	4.27	84.18	88.95	0.00	37	0	42	0.00	0.00	63.04	7.03	0.00	0.00	2000
227	11.16	2041	2092	0.00	194	0	0	0	nan	0.00	0.00	4.05	84.55	88.84	0.00	37	0	42	0.00	0.00	65.37	7.77	0.00	0.00	2000
230	11.02	2050	2140	0.00	194	0	0	0	nan	0.00	0.02	3.89	86.93	88.98	0.00	37	0	42	0.00	0.00	67.98	7.52	0.00	0.00	2000
226	11.58	2015	2039	0.15	195	0	0	4	90.93	0.00	0.02	2.50	83.42	88.42	0.00	37	0	42	0.00	0.00	64.47	7.24	0.00	0.00	2000
230	10.80	2096	2139	0.55	213	0	0	3	93.50	0.00	0.00	1.91	89.00	89.20	0.00	37	0	42	0.00	0.00	62.72	7.45	0.00	0.00	2000
228	11.00	2066	2108	0.00	196	0	0	0	nan	0.00	0.02	3.40	85.92	89.00	0.00	37	0	42	0.00	0.00	67.85	7.22	0.00	0.00	2000
228	11.35	2017	2086	0.00	195	0	0	0	nan	0.00	0.02	3.16	85.01	88.65	0.00	37	0	42	0.00	0.00	64.62	7.36	0.00	0.00	2000
228	11.21	2016	2116	0.00	194	0	0	0	nan	0.00	0.00	3.87	85.74	88.79	0.00	37	0	42	0.00	0.00	65.86	7.51	0.00	0.00	2000
231	11.56	2033	2067	0.00	197	0	0	0	nan	0.00	0.00	3.80	83.42	88.44	0.00	37	0	42	0.00	0.00	65.60	8.14	0.00	0.00	2000
229	10.77	2121	2106	0.00	195	0	0	0	nan	0.00	0.03	3.91	85.62	89.23	0.00	38	0	42	0.00	0.00	66.13	7.55	0.00	0.00	2000
229	10.68	2107	2132	0.00	194	0	0	0	nan	0.00	0.00	3.67	87.04	89.32	0.00	38	0	42	0.00	0.00	66.68	7.55	0.00	0.00	2000
228	10.98	2062	2116	0.00	194	0	0	0	nan	0.00	0.00	3.38	86.39	89.02	0.00	38	0	42	0.00	0.00	66.96	7.80	0.00	0.00	2000
227	11.22	2071	2049	0.00	195	0	0	0	nan	0.00	0.00	3.41	83.21	88.78	0.00	38	0	42	0.00	0.00	64.26	7.27	0.00	0.00	2000
229	11.08	2055	2114	0.00	196	0	0	0	nan	0.00	0.00	3.84	85.73	88.92	0.00	38	0	42	0.00	0.00	65.44	7.47	0.00	0.00	2000
229	10.89	2079	2121	0.00	194	0	0	0	nan	0.00	0.00	3.30	86.74	89.11	0.00	38	0	42	0.00	0.00	66.12	7.50	0.00	0.00	2000
226	11.34	2009	2087	0.00	195	0	0	0	nan	0.00	0.00	3.75	84.45	88.66	0.00	37	0	42	0.00	0.00	65.45	7.50	0.00	0.00	2000
230	11.24	2038	2108	0.00	196	0	0	0	nan	0.00	0.00	3.92	85.30	88.76	0.00	37	0	42	0.00	0.00	66.42	7.99	0.00	0.00	2000
227	11.14	2031	2111	0.00	195	0	0	0	nan	0.00	0.03	3.91	85.45	88.86	0.00	38	0	42	0.00	0.00	66.34	7.79	0.00	0.00	2000
228	11.17	2037	2105	0.00	194	0	0	0	nan	0.00	0.00	2.77	86.33	88.83	0.00	38	0	42	0.00	0.00	66.32	7.71	0.00	0.00	2000
235	11.24	2084	2102	0.00	195	0	0	0	nan	0.00	0.02	3.97	84.92	88.76	0.00	38	0	42	0.00	0.00	67.42	7.59	0.00	0.00	2000
228	11.23	2083	2049	0.00	195	0	0	3	44.50	0.00	0.00	2.80	83.88	88.77	0.00	38	0	42	0.00	0.00	63.85	7.10	0.00	0.00	2000
229	11.01	2034	2151	1.46	195	0	0	4	50.95	0.00	0.00	3.68	87.57	88.99	0.00	38	0	42	0.00	0.00	67.04	7.61	0.00	0.00	2000
229	11.29	2028	2103	0.00	194	0	0	0	nan	0.00	0.00	3.10	85.89	88.71	0.00	38	0	42	0.00	0.00	66.50	7.45	0.00	0.00	2000
226	11.12	2115	2023	0.00	194	0	0	0	nan	0.00	0.00	4.17	81.57	88.89	0.00	37	0	42	0.00	0.00	64.11	7.75	0.00	0.00	2000
234	11.17	2050	2150	0.00	197	0	0	0	nan	0.03	0.03	3.26	87.64	88.83	0.00	38	0	42	0.00	0.00	66.54	8.01	0.00	0.00	2000
229	10.93	2107	2089	0.00	199	0	0	0	nan	0.00	0.00	5.41	83.33	89.07	0.00	38	0	42	0.00	0.00	65.63	7.55	0.00	0.00	2000
229	10.80	2101	2123	0.00	195	0	0	0	nan	0.00	0.00	4.21	85.91	89.20	0.00	38	0	42	0.00	0.00	66.26	7.53	0.00	0.00	2000
229	10.94	2076	2117	0.00	199	0	0	0	nan	0.00	0.00	4.31	85.57	89.06	0.00	38	0	42	0.00	0.00	66.93	7.62	0.00	0.00	2000
228	11.35	2048	2056	0.00	196	0	0	0	nan	0.00	0.00	3.12	83.81	88.65	0.00	38	0	42	0.00	0.00	63.91	7.22	0.00	0.00	2000
230	11.25	2006	2144	0.00	196	0	0	0	nan	0.00	0.00	3.99	86.68	88.75	0.00	38	0	42	0.00	0.00	66.45	7.60	0.00	0.00	2000
228	11.10	2104	2053	0.00	194	0	0	0	nan	0.00	0.00	3.87	83.03	88.90	0.00	37	0	42	0.00	0.00	66.03	7.89	0.00	0.00	2000
228	10.70	2109	2124	0.00	194	0	0	0	nan	0.00	0.02	3.85	86.51	89.30	0.00	38	0	42	0.00	0.00	65.99	7.65	0.00	0.00	2000
229	10.72	2113	2121	0.00	195	0	0	0	nan	0.00	0.00	4.26	85.89	89.28	0.00	38	0	42	0.00	0.00	67.14	7.58	0.00	0.00	2000
229	10.92	2092	2108	0.00	196	0	0	0	nan	0.00	0.00	3.93	85.52	89.08	0.00	38	0	42	0.00	0.00	66.60	7.47	0.00	0.00	2000
229	11.29	2081	2048	0.00	193	0	0	0	nan	0.00	0.00	3.40	83.20	88.71	0.00	38	0	42	0.00	0.00	63.58	7.16	0.00	0.00	2000
229	10.56	2139	2127	0.00	195	0	0	0	nan	0.00	0.01	3.24	87.39	89.44	0.00	38	0	42	0.00	0.00	67.21	7.67	0.00	0.00	2000
230	10.78	2104	2130	0.00	195	0	0	0	nan	0.00	0.02	3.39	87.07	89.22	0.00	38	0	42	0.00	0.00	66.97	7.58	0.00	0.00	2000
224	11.76	2100	1902	0.00	195	0	0	2	86.37	0.00	0.00	3.29	76.66	88.24	0.00	37	0	42	0.00	0.00	59.48	6.86	0.00	0.00	2000
234	10.56	2047	2276	0.64	211	0	0	5	91.37	0.00	0.00	3.59	93.39	89.44	0.00	37	0	42	0.00	0.00	70.91	8.03	0.00	0.00	2000
230	11.39	2033	2084	0.00	196	0	0	0	nan	0.00	0.00	3.97	84.06	88.61	0.00	37	0	42	0.00	0.00	65.79	7.58	0.00	0.00	2000
230	10.97	2066	2132	0.00	193	0	0	0	nan	0.00	0.01	3.33	87.08	89.03	0.00	38	0	42	0.00	0.00	66.26	7.65	0.00	0.00	2000
227	11.16	2065	2069	0.00	195	0	0	0	nan	0.00	0.00	4.25	83.32	88.84	0.00	38	0	42	0.00	0.00	65.65	7.34	0.00	0.00	2000
230	10.99	2080	2114	0.00	195	0	0	0	nan	0.00	0.00	4.38	85.32	89.01	0.00	38	0	42	0.00	0.00	65.45	7.34	0.00	0.00	2000
229	10.99	2061	2118	0.00	196	0	0	0	nan	0.00	0.00	3.94	85.89	89.01	0.00	37	0	42	0.00	0.00	66.16	7.52	0.00	0.00	2000
230	11.40	2042	2077	0.00	196	0	0	0	nan	0.00	0.00	4.76	82.90	88.60	0.00	38	0	42	0.00	0.00	65.36	7.63	0.00	0.00	2000
228	10.70	2104	2125	0.00	195	0	0	0	nan	0.00	0.00	3.31	87.07	89.30	0.00	39	0	42	0.00	0.00	65.78	7.55	0.00	0.00	2000
229	11.34	2021	2097	0.00	199	0	0	0	nan	0.00	0.04	4.92	83.72	88.66	0.00	39	0	42	0.00	0.00	65.67	7.33	0.00	0.00	2000
227	11.04	2067	2087	0.00	195	0	0	0	nan	0.00	0.00	4.35	84.21	88.96	0.00	37	0	42	0.00	0.00	64.76	7.39	0.00	0.00	2000
224	11.61	2016	2014	0.00	196	0	0	0	nan	0.00	0.02	3.61	81.29	88.39	0.00	37	0	42	0.00	0.00	60.81	7.15	0.00	0.00	2000
232	10.51	2123	2184	0.00	211	0	0	0	nan	0.01	0.00	2.62	90.42	89.49	0.00	37	0	42	0.00	0.00	71.20	7.98	0.00	0.00	2000
221	11.72	2122	1865	0.00	195	0	0	0	nan	0.00	0.01	4.78	73.62	88.28	0.00	37	0	42	0.00	0.00	56.23	6.28	0.00	0.00	2000
236	10.48	1990	2377	0.00	226	0	0	0	nan	0.00	0.00	4.45	97.06	89.52	0.00	37	0	42	0.00	0.00	76.10	8.60	0.00	0.00	2000
229	10.97	2056	2134	0.00	194	0	0	0	nan	0.00	0.00	3.90	86.64	89.03	0.00	38	0	42	0.00	0.00	66.07	7.57	0.00	0.00	2000
230	11.30	2042	2097	0.00	197	0	0	0	nan	0.00	0.00	3.94	84.75	88.70	0.00	38	0	42	0.00	0.00	65.47	7.37	0.00	0.00	2000
228	11.57	1990	2082	0.00	197	0	0	3	91.76	0.00	0.00	4.92	82.86	88.43	0.00	36	0	42	0.00	0.00	65.03	7.26	0.00	0.00	2000
228	11.21	2034	2101	0.67	194	0	0	4	93.10	0.00	0.00	4.64	84.24	88.79	0.00	37	0	42	0.00	0.00	65.36	7.47	0.00	0.00	2000
229	10.91	2115	2085	0.00	195	0	0	0	nan	0.00	0.00	3.67	84.88	89.09	0.00	37	0	42	0.00	0.00	65.25	7.29	0.00	0.00	2000
228	10.76	2099	2122	0.00	205	0	0	0	nan	0.00	0.00	5.16	85.02	89.24	0.00	37	0	42	0.00	0.00	65.76	7.15	0.00	0.00	2000
230	11.16	2071	2094	0.00	196	0	0	0	nan	0.00	0.00	4.59	84.02	88.84	0.00	37	0	42	0.00	0.00	65.98	7.33	0.00	0.00	2000
227	11.24	2051	2064	0.00	194	0	0	0	nan	0.00	0.00	2.77	84.63	88.76	0.00	37	0	42	0.00	0.00	62.32	6.88	0.00	0.00	2000
231	10.77	2110	2135	0.00	195	0	0	0	nan	0.00	0.02	2.97	87.77	89.23	0.00	37	0	42	0.00	0.00	69.47	8.36	0.00	0.00	2000
229	11.24	2046	2092	0.00	197	0	0	0	nan	0.00	0.00	3.79	84.66	88.76	0.00	37	0	42	0.00	0.00	64.59	9.33	0.00	0.00	2000
230	11.11	2037	2134	0.00	196	0	0	0	nan	0.00	0.02	4.07	86.29	88.89	0.00	37	0	42	0.00	0.00	68.67	7.59	0.00	0.00	2000
217	10.94	1995	2090	0.00	226	0	0	0	nan	0.00	0.00	4.34	84.25	89.06	0.00	37	0	42	0.00	0.00	65.23	7.51	0.00	0.00	2000
180	9.98	1795	2113	0.00	262	0	0	0	nan	0.00	0.24	6.55	84.18	90.02	0.00	37	0	42	0.00	0.00	62.12	7.35	0.00	0.00	2000
77	6.89	1112	2102	0.00	193	0	0	0	nan	0.00	0.00	4.44	88.80	93.11	0.00	36	0	42	0.00	0.00	59.43	7.44	0.00	0.00	2000
81	6.72	1193	2109	0.00	164	0	0	0	nan	0.00	0.00	5.07	88.71	93.28	0.00	37	0	42	0.00	0.00	62.41	7.59	0.00	0.00	2000
