Avg_MHz	Busy%	Bzy_MHz	TSC_MHz	IPC	IRQ	NMI	SMI	LLCMRPS	LLC%hit	POLL%	C1%	C1E%	C6%	CPU%c1	CPU%c6	CoreTmp	CoreThr	PkgTmp	Pkg%pc2	Pkg%pc6	PkgWatt	RAMWatt	PKG_%	RAM_%	UncMHz
188	10.57	1751	2136	0.00	235	0	0	0	nan	0.00	0.87	33.90	56.15	89.43	0.00	37	0	42	0.00	0.00	65.15	7.92	0.00	0.00	2000
239	13.43	1870	1998	0.00	213	0	0	0	nan	0.00	0.03	5.84	76.64	86.57	0.00	37	0	42	0.00	0.00	58.07	7.16	0.00	0.00	2000
362	16.51	2073	2224	0.00	229	0	0	0	nan	0.04	1.33	19.57	67.76	83.49	0.00	37	0	42	0.00	0.00	71.24	8.06	0.00	0.00	2000
74	7.06	1050	2098	0.00	209	0	0	0	nan	0.00	0.04	8.02	84.87	92.94	0.00	37	0	41	0.00	0.00	59.83	7.46	0.00	0.00	2000
75	6.82	1081	2125	0.00	193	0	0	0	nan	0.00	0.02	2.17	92.06	93.18	0.00	36	0	42	0.00	0.00	58.25	7.49	0.00	0.00	2000
72	6.66	1089	2075	0.00	194	0	0	0	nan	0.00	0.00	2.60	89.62	93.34	0.00	37	0	42	0.00	0.00	57.63	7.35	0.00	0.00	2000
74	6.81	1067	2129	0.00	194	0	0	0	nan	0.00	0.03	2.93	91.66	93.19	0.00	36	0	41	0.00	0.00	58.58	7.53	0.00	0.00	2000
73	6.46	1132	2085	0.00	193	0	0	0	nan	0.00	0.00	2.68	90.09	93.54	0.00	36	0	42	0.00	0.00	59.06	7.37	0.00	0.00	2000
73	6.46	1134	2097	0.00	194	0	0	0	nan	0.00	0.02	2.90	90.42	93.54	0.00	36	0	41	0.00	0.00	59.15	7.45	0.00	0.00	2000
74	6.48	1133	2122	0.00	194	0	0	0	nan	0.00	0.00	2.44	92.04	93.52	0.00	36	0	42	0.00	0.00	60.68	7.38	0.00	0.00	2000
74	6.37	1167	2097	0.00	194	0	0	0	nan	0.00	0.00	3.04	90.46	93.63	0.00	37	0	41	0.00	0.00	58.97	7.34	0.00	0.00	2000
71	6.67	1066	2090	0.00	193	0	0	0	nan	0.00	0.00	2.61	90.20	93.33	0.00	37	0	42	0.00	0.00	57.82	7.23	0.00	0.00	2000
72	6.79	1064	2109	0.00	192	0	0	0	nan	0.00	0.01	2.48	91.05	93.21	0.00	37	0	42	0.00	0.00	58.72	7.19	0.00	0.00	2000
73	6.68	1087	2110	0.00	194	0	0	0	nan	0.00	0.02	2.71	91.04	93.32	0.00	36	0	42	0.00	0.00	59.10	7.37	0.00	0.00	2000
73	6.49	1135	2068	0.00	198	0	0	0	nan	0.03	0.00	3.95	88.15	93.51	0.00	36	0	42	0.00	0.00	58.85	7.23	0.00	0.00	2000
72	6.40	1121	2101	0.00	193	0	0	1	88.15	0.00	0.02	2.60	91.06	93.60	0.00	37	0	42	0.00	0.00	58.21	7.37	0.00	0.00	2000
74	6.70	1094	2116	0.06	193	0	0	2	88.23	0.00	0.00	2.38	91.64	93.30	0.00	36	0	42	0.00	0.00	59.63	7.51	0.00	0.00	2000
71	6.75	1060	2083	0.00	194	0	0	0	nan	0.01	0.00	2.19	90.37	93.25	0.00	36	0	42	0.00	0.00	56.76	7.29	0.00	0.00	2000
73	6.99	1035	2111	0.00	210	0	0	0	nan	0.00	0.00	2.47	91.03	93.01	0.00	36	0	42	0.00	0.00	57.99	7.33	0.00	0.00	2000
152	8.77	1740	2096	0.00	213	0	0	0	nan	0.00	0.07	5.30	85.73	91.23	0.00	38	0	41	0.00	0.00	62.66	7.50	0.00	0.00	2000
234	11.02	2111	2111	0.00	217	0	0	0	nan	0.00	0.00	3.36	86.11	88.98	0.00	39	0	42	0.00	0.00	64.00	7.29	0.00	0.00	2000
230	10.92	2108	2095	0.00	203	0	0	0	nan	0.00	0.00	4.22	84.79	89.08	0.00	40	0	42	0.00	0.00	65.10	7.40	0.00	0.00	2000
234	11.05	2100	2113	0.00	197	0	0	0	nan	0.00	0.02	4.05	85.57	88.95	0.00	40	0	42	0.00	0.00	66.26	7.36	0.00	0.00	2000
232	10.98	2128	2085	0.00	197	0	0	0	nan	0.00	0.00	4.89	83.50	89.02	0.00	38	0	42	0.00	0.00	65.81	7.54	0.00	0.00	2000
233	11.14	2083	2108	0.00	197	0	0	0	nan	0.00	0.00	6.28	82.96	88.86	0.00	37	0	41	0.00	0.00	66.41	7.65	0.00	0.00	2000
228	10.94	2115	2071	0.00	196	0	0	0	nan	0.00	0.02	4.60	83.20	89.06	0.00	37	0	41	0.00	0.00	65.59	7.66	0.00	0.00	2000
238	11.36	2080	2117	0.00	198	0	0	0	nan	0.01	0.03	4.72	84.74	88.64	0.00	37	0	41	0.00	0.00	65.10	7.63	0.00	0.00	2000
237	11.09	2122	2112	0.00	217	0	0	0	nan	0.00	0.00	5.53	83.95	88.91	0.00	37	0	42	0.00	0.00	66.26	7.86	0.00	0.00	2000
231	11.00	2102	2097	0.00	200	0	0	0	nan	0.00	0.00	5.46	83.48	89.00	0.00	38	0	42	0.00	0.00	65.27	7.50	0.00	0.00	2000
233	10.99	2118	2100	0.00	199	0	0	0	nan	0.00	0.01	5.80	83.33	89.01	0.00	38	0	42	0.00	0.00	64.74	7.37	0.00	0.00	2000
231	11.33	2071	2067	0.00	181	0	0	0	nan	0.00	0.02	4.29	83.08	88.67	0.00	38	0	42	0.00	0.00	64.94	7.43	0.00	0.00	2000
229	10.94	2053	2141	0.00	213	0	0	0	nan	0.00	0.00	6.78	84.08	89.06	0.00	39	0	42	0.00	0.00	64.92	7.40	0.00	0.00	2000
225	11.13	2075	2051	0.00	200	0	0	5	95.65	0.00	0.00	5.77	81.01	88.88	0.00	39	0	42	0.00	0.00	63.90	7.26	0.00	0.00	2000
231	11.12	2062	2117	0.61	214	0	0	20	96.29	0.00	0.02	5.74	83.95	88.88	0.00	39	0	42	0.00	0.00	65.34	7.61	0.00	0.00	2000
228	10.94	2074	2107	0.00	197	0	0	0	nan	0.00	0.00	6.07	83.29	89.06	0.00	39	0	42	0.00	0.00	64.29	7.23	0.00	0.00	2000
238	11.12	2110	2129	0.00	199	0	0	0	nan	0.00	0.00	5.39	84.79	88.88	0.00	39	0	42	0.00	0.00	66.67	7.58	0.00	0.00	2000
230	11.28	2065	2072	0.00	197	0	0	0	nan	0.00	0.00	5.63	81.98	88.72	0.00	39	0	41	0.00	0.00	62.44	7.33	0.00	0.00	2000
227	11.15	2059	2080	0.00	218	0	0	0	nan	0.00	0.02	3.60	84.53	88.85	0.00	39	0	42	0.00	0.00	66.74	7.64	0.00	0.00	2000
227	11.05	2043	2113	0.00	199	0	0	0	nan	0.00	0.00	5.36	84.29	88.95	0.00	39	0	42	0.00	0.00	63.08	7.33	0.00	0.00	2000
230	11.26	2043	2101	0.00	198	0	0	0	nan	0.00	0.02	2.88	85.99	88.74	0.00	39	0	42	0.00	0.00	66.47	7.86	0.00	0.00	2000
232	10.87	2124	2110	0.00	214	0	0	0	nan	0.00	0.02	3.61	85.98	89.13	0.00	39	0	42	0.00	0.00	66.48	7.40	0.00	0.00	2000
227	10.85	2119	2075	0.00	200	0	0	0	nan	0.00	0.00	6.87	81.32	89.15	0.00	39	0	42	0.00	0.00	63.26	7.33	0.00	0.00	2000
235	10.98	2094	2148	0.00	199	0	0	0	nan	0.00	0.00	5.39	85.75	89.02	0.00	38	0	41	0.00	0.00	68.95	8.02	0.00	0.00	2000
229	10.91	2131	2070	0.00	198	0	0	0	nan	0.00	0.02	4.29	83.62	89.09	0.00	37	0	42	0.00	0.00	62.22	7.30	0.00	0.00	2000
234	11.15	2092	2104	0.00	195	0	0	0	nan	0.00	0.02	4.27	84.83	88.86	0.00	37	0	42	0.00	0.00	65.71	7.69	0.00	0.00	2000
235	11.53	2037	2099	0.00	197	0	0	0	nan	0.00	0.00	3.96	84.59	88.47	0.00	37	0	42	0.00	0.00	67.14	7.87	0.00	0.00	2000
229	11.09	2043	2125	0.00	216	0	0	0	nan	0.00	0.94	5.60	83.64	88.91	0.00	37	0	42	0.00	0.00	64.60	7.43	0.00	0.00	2000
228	10.79	2119	2095	0.00	198	0	0	0	nan	0.00	0.02	6.22	82.88	89.21	0.00	38	0	42	0.00	0.00	63.35	7.32	0.00	0.00	2000
227	11.27	2038	2073	0.00	198	0	0	0	nan	0.00	0.02	4.68	83.02	88.73	0.00	38	0	42	0.00	0.00	65.37	7.72	0.00	0.00	2000
232	11.09	2065	2131	0.03	198	0	0	4	79.49	0.00	0.00	4.12	86.19	88.91	0.00	38	0	42	0.00	0.00	67.95	7.67	0.00	0.00	2000
234	10.94	2138	2106	0.77	201	0	0	7	83.58	0.00	0.00	3.69	85.60	89.06	0.00	38	0	42	0.00	0.00	62.32	7.31	0.00	0.00	2000
227	11.04	2076	2075	0.00	198	0	0	0	nan	0.00	0.00	4.80	83.18	88.96	0.00	38	0	42	0.00	0.00	65.28	7.02	0.00	0.00	2000
232	11.16	2066	2114	0.00	212	0	0	0	nan	0.00	0.00	5.28	84.30	88.84	0.00	38	0	42	0.00	0.00	65.52	7.80	0.00	0.00	2000
231	10.86	2122	2105	0.00	196	0	0	0	nan	0.00	0.05	4.03	85.30	89.14	0.00	38	0	42	0.00	0.00	65.32	7.62	0.00	0.00	2000
237	10.89	2167	2107	0.00	197	0	0	0	nan	0.00	0.04	4.67	84.68	89.11	0.00	37	0	42	0.00	0.00	63.09	7.23	0.00	0.00	2000
233	11.23	2075	2101	0.00	201	0	0	0	nan	0.00	0.00	7.05	81.86	88.77	0.00	38	0	42	0.00	0.00	65.33	7.47	0.00	0.00	2000
233	11.05	2113	2093	0.00	203	0	0	0	nan	0.00	0.01	5.45	83.28	88.95	0.00	38	0	42	0.00	0.00	65.04	7.52	0.00	0.00	2000
228	11.04	2058	2107	0.00	196	0	0	0	nan	0.00	0.00	5.94	83.37	88.96	0.00	38	0	42	0.00	0.00	66.12	7.44	0.00	0.00	2000
232	11.32	2043	2103	0.00	198	0	0	0	nan	0.00	0.00	5.84	83.14	88.68	0.00	38	0	42	0.00	0.00	65.72	7.72	0.00	0.00	2000
235	11.42	2083	2073	0.00	202	0	0	0	nan	0.00	0.01	5.58	81.89	88.58	0.00	38	0	42	0.00	0.00	65.13	7.51	0.00	0.00	2000
232	10.78	2124	2126	0.00	196	0	0	0	nan	0.00	0.00	6.95	83.41	89.22	0.00	38	0	42	0.00	0.00	66.89	7.68	0.00	0.00	2000
233	11.39	2061	2084	0.00	204	0	0	0	nan	0.00	0.00	6.98	81.08	88.61	0.00	38	0	42	0.00	0.00	64.66	7.52	0.00	0.00	2000
231	10.93	2096	2116	0.00	199	0	0	0	nan	0.00	0.00	6.91	82.84	89.07	0.00	39	0	42	0.00	0.00	65.66	7.60	0.00	0.00	2000
222	12.18	2106	1817	0.00	204	0	0	0	nan	0.00	0.01	5.05	71.02	87.82	0.00	37	0	41	0.00	0.00	54.85	6.48	0.00	0.00	2000
234	9.89	2002	2484	0.00	266	0	0	0	nan	0.00	0.00	7.77	98.93	90.11	0.00	38	0	42	0.00	0.00	79.97	9.37	0.00	0.00	2000
403	17.85	2283	2077	0.00	238	0	0	0	nan	0.00	0.01	7.83	73.46	82.15	0.00	37	0	42	0.00	0.00	68.12	7.56	0.00	0.00	2000
226	11.29	2030	2071	0.37	197	0	0	8	73.79	0.00	0.03	6.74	80.84	88.71	0.00	38	0	42	0.00	0.00	60.59	7.12	0.00	0.00	2000
193	10.38	1842	2124	0.23	225	0	0	3	77.15	0.00	0.00	5.34	85.44	89.62	0.00	37	0	42	0.00	0.00	67.43	8.06	0.00	0.00	2000
110	7.85	1395	2116	0.00	221	0	0	0	nan	0.00	0.06	8.27	84.53	92.15	0.00	37	0	42	0.00	0.00	60.41	7.56	0.00	0.00	2000
77	6.99	1103	2084	0.00	193	0	0	0	nan	0.00	0.02	2.50	89.82	93.01	0.00	37	0	42	0.00	0.00	57.74	7.37	0.00	0.00	2000
75	7.13	1033	2129	0.00	209	0	0	0	nan	0.00	0.00	3.90	90.20	92.87	0.00	37	0	42	0.00	0.00	60.25	7.22	0.00	0.00	2000
71	6.59	1093	2078	0.00	193	0	0	0	nan	0.00	0.00	3.35	89.02	93.41	0.00	37	0	42	0.00	0.00	57.85	7.25	0.00	0.00	2000
120	8.12	1437	2167	0.00	65	0	0	0	nan	0.00	0.05	8.06	86.85	91.88	0.00	37	0	42	0.00	0.00	64.58	7.98	0.00	0.00	2000
