Avg_MHz	Busy%	Bzy_MHz	TSC_MHz	IPC	IRQ	NMI	SMI	LLCMRPS	LLC%hit	POLL%	C1%	C1E%	C6%	CPU%c1	CPU%c6	CoreTmp	CoreThr	PkgTmp	Pkg%pc2	Pkg%pc6	PkgWatt	RAMWatt	PKG_%	RAM_%	UncMHz
230	12.83	1930	1956	0.00	246	0	0	0	nan	0.00	0.02	28.04	53.17	87.17	0.00	37	0	41	0.00	0.00	58.59	7.02	0.00	0.00	2000
391	16.15	2202	2307	0.00	252	0	0	0	nan	0.00	1.40	18.08	73.01	83.85	0.00	37	0	41	0.00	0.00	78.57	8.81	0.00	0.00	2000
77	6.97	1112	2091	0.00	195	0	0	0	nan	0.00	0.00	8.81	83.89	93.03	0.00	36	0	41	0.00	0.00	57.36	7.09	0.00	0.00	2000
73	6.89	1062	2100	0.00	193	0	0	0	nan	0.00	0.02	2.86	90.28	93.11	0.00	36	0	41	0.00	0.00	58.96	7.47	0.00	0.00	2000
73	6.90	1047	2126	0.00	209	0	0	0	nan	0.00	0.00	3.20	91.23	93.10	0.00	36	0	41	0.00	0.00	58.08	7.32	0.00	0.00	2000
72	6.73	1076	2101	0.00	194	0	0	0	nan	0.00	0.00	2.93	90.51	93.27	0.00	36	0	41	0.00	0.00	59.38	7.65	0.00	0.00	2000
74	6.63	1115	2101	0.00	194	0	0	0	nan	0.00	0.02	3.45	89.98	93.37	0.00	36	0	41	0.00	0.00	59.58	7.45	0.00	0.00	2000
73	6.59	1105	2096	0.00	193	0	0	0	nan	0.00	0.01	3.25	90.03	93.41	0.00	36	0	41	0.00	0.00	58.83	7.55	0.00	0.00	2000
73	6.73	1091	2081	0.00	196	0	0	0	nan	0.00	0.00	4.66	87.83	93.27	0.00	36	0	42	0.00	0.00	59.93	7.55	0.00	0.00	2000
73	6.85	1055	2125	0.00	195	0	0	0	nan	0.00	0.00	2.34	91.97	93.15	0.00	36	0	41	0.00	0.00	61.89	7.66	0.00	0.00	2000
73	6.93	1065	2065	0.00	193	0	0	0	nan	0.00	0.02	2.73	88.91	93.07	0.00	36	0	42	0.00	0.00	56.74	7.06	0.00	0.00	2000
73	7.06	1015	2137	0.00	211	0	0	0	nan	0.00	0.00	4.21	90.46	92.94	0.00	36	0	41	0.00	0.00	59.68	7.50	0.00	0.00	2000
73	6.74	1095	2082	0.00	193	0	0	0	nan	0.00	0.00	2.74	89.79	93.26	0.00	36	0	41	0.00	0.00	59.19	7.28	0.00	0.00	2000
72	6.91	1038	2101	0.00	193	0	0	0	nan	0.00	0.00	4.24	88.90	93.09	0.00	36	0	42	0.00	0.00	59.05	7.42	0.00	0.00	2000
73	6.95	1045	2117	0.00	195	0	0	0	nan	0.00	0.00	4.69	89.12	93.05	0.00	36	0	41	0.00	0.00	58.44	7.32	0.00	0.00	2000
72	6.62	1089	2082	0.00	195	0	0	1	88.32	0.00	0.02	3.13	89.44	93.38	0.00	36	0	41	0.00	0.00	60.80	7.79	0.00	0.00	2000
74	6.67	1099	2111	0.06	193	0	0	1	88.51	0.00	0.02	2.43	91.44	93.33	0.00	36	0	42	0.00	0.00	59.39	7.62	0.00	0.00	2000
74	7.38	1003	2107	0.00	193	0	0	0	nan	0.00	0.00	2.34	90.73	92.62	0.00	36	0	41	0.00	0.00	61.42	7.74	0.00	0.00	2000
165	9.44	1781	2066	0.00	212	0	0	0	nan	0.01	0.00	6.02	83.19	90.56	0.00	38	0	42	0.00	0.00	61.25	7.26	0.00	0.00	2000
233	11.06	2084	2119	0.00	203	0	0	0	nan	0.00	0.00	5.57	84.27	88.94	0.00	38	0	41	0.00	0.00	65.37	7.62	0.00	0.00	2000
233	11.29	2057	2107	0.00	202	0	0	0	nan	0.00	0.02	3.62	85.53	88.71	0.00	39	0	41	0.00	0.00	66.22	7.58	0.00	0.00	2000
228	11.02	2073	2100	0.00	214	0	0	0	nan	0.00	0.04	3.17	85.86	88.98	0.00	39	0	42	0.00	0.00	65.40	7.42	0.00	0.00	2000
236	11.41	2059	2108	0.00	196	0	0	0	nan	0.00	0.00	6.09	82.97	88.59	0.00	38	0	41	0.00	0.00	65.96	7.62	0.00	0.00	2000
228	10.97	2096	2081	0.00	198	0	0	0	nan	0.00	0.00	5.92	82.49	89.03	0.00	37	0	41	0.00	0.00	65.12	7.86	0.00	0.00	2000
226	11.60	2096	1948	0.00	198	0	0	0	nan	0.00	0.02	3.33	78.86	88.40	0.00	37	0	42	0.00	0.00	57.52	6.73	0.00	0.00	2000
240	10.69	2046	2308	0.00	249	0	0	0	nan	0.00	0.02	4.45	93.91	89.31	0.00	37	0	42	0.00	0.00	72.95	8.57	0.00	0.00	2000
232	11.14	2081	2098	0.00	198	0	0	0	nan	0.00	0.00	3.88	85.10	88.86	0.00	37	0	41	0.00	0.00	66.52	7.83	0.00	0.00	2000
229	11.38	2020	2092	0.00	198	0	0	0	nan	0.00	0.55	3.71	84.25	88.62	0.00	37	0	42	0.00	0.00	65.13	7.44	0.00	0.00	2000
228	11.21	2065	2071	0.00	199	0	0	0	nan	0.00	0.06	2.61	85.09	88.79	0.00	38	0	42	0.00	0.00	64.17	7.22	0.00	0.00	2000
237	11.44	2042	2132	0.00	201	0	0	0	nan	0.00	0.02	3.93	86.15	88.56	0.00	38	0	42	0.00	0.00	65.51	7.46	0.00	0.00	2000
229	11.06	2071	2097	0.00	200	0	0	0	nan	0.00	0.00	4.18	84.75	88.94	0.00	38	0	41	0.00	0.00	69.72	8.17	0.00	0.00	2000
229	11.15	2060	2095	0.00	198	0	0	0	nan	0.00	0.02	5.53	83.30	88.85	0.00	38	0	41	0.00	0.00	64.83	7.41	0.00	0.00	2000
237	11.42	2059	2111	0.06	216	0	0	6	84.44	0.00	0.01	5.18	84.08	88.58	0.00	39	0	42	0.00	0.00	64.47	7.20	0.00	0.00	2000
227	11.35	2039	2057	0.68	197	0	0	9	84.90	0.00	0.01	4.93	82.13	88.65	0.00	38	0	41	0.00	0.00	63.05	7.41	0.00	0.00	2000
229	11.41	2020	2082	0.00	201	0	0	0	nan	0.00	0.00	5.73	82.30	88.59	0.00	37	0	42	0.00	0.00	61.28	7.08	0.00	0.00	2000
234	11.07	2067	2148	0.00	215	0	0	0	nan	0.00	0.00	4.76	86.42	88.93	0.00	37	0	41	0.00	0.00	67.94	7.88	0.00	0.00	2000
231	11.03	2086	2104	0.00	198	0	0	0	nan	0.00	0.01	3.71	85.63	88.97	0.00	38	0	41	0.00	0.00	65.42	7.72	0.00	0.00	2000
230	11.28	2056	2082	0.00	198	0	0	0	nan	0.01	0.06	1.84	86.28	88.72	0.00	38	0	42	0.00	0.00	64.21	7.46	0.00	0.00	2000
233	11.15	2053	2139	0.00	214	0	0	0	nan	0.00	0.00	5.90	84.79	88.85	0.00	38	0	42	0.00	0.00	70.20	8.03	0.00	0.00	2000
228	11.12	2066	2086	0.00	204	0	0	0	nan	0.00	0.01	4.68	83.77	88.88	0.00	38	0	42	0.00	0.00	66.47	7.59	0.00	0.00	2000
230	11.17	2063	2096	0.00	197	0	0	0	nan	0.00	0.01	5.88	82.91	88.83	0.00	38	0	41	0.00	0.00	64.80	7.57	0.00	0.00	2000
226	11.58	1976	2071	0.00	197	0	0	0	nan	0.00	0.00	6.34	81.06	88.42	0.00	38	0	42	0.00	0.00	62.83	7.35	0.00	0.00	2000
235	11.26	2054	2134	0.00	196	0	0	0	nan	0.00	0.02	4.26	86.00	88.74	0.00	37	0	41	0.00	0.00	65.66	7.54	0.00	0.00	2000
233	11.41	2038	2108	0.00	197	0	0	0	nan	0.00	0.01	4.95	84.06	88.59	0.00	38	0	41	0.00	0.00	67.11	7.56	0.00	0.00	2000
232	11.19	2075	2097	0.00	200	0	0	0	nan	0.00	0.00	5.77	83.01	88.81	0.00	38	0	41	0.00	0.00	66.02	7.66	0.00	0.00	2000
235	11.27	2078	2106	0.00	200	0	0	0	nan	0.00	0.00	6.56	82.45	88.73	0.00	36	0	41	0.00	0.00	66.15	7.79	0.00	0.00	2000
228	11.32	2058	2056	0.00	198	0	0	0	nan	0.00	0.00	5.58	81.46	88.68	0.00	37	0	41	0.00	0.00	62.23	7.30	0.00	0.00	2000
227	10.94	2058	2113	0.00	215	0	0	0	nan	0.00	0.00	6.34	83.40	89.06	0.00	37	0	42	0.00	0.00	67.61	7.80	0.00	0.00	2000
242	11.18	2126	2137	0.00	201	0	0	0	nan	0.00	0.00	6.60	83.92	88.82	0.00	38	0	42	0.00	0.00	66.39	7.81	0.00	0.00	2000
227	11.02	2088	2072	0.21	199	0	0	7	79.16	0.00	0.03	5.00	82.91	88.98	0.00	38	0	42	0.00	0.00	66.09	7.89	0.00	0.00	2000
230	11.16	2062	2102	0.77	195	0	0	6	84.70	0.00	0.02	5.71	83.36	88.84	0.00	38	0	41	0.00	0.00	64.52	7.63	0.00	0.00	2000
233	11.60	1994	2118	0.00	198	0	0	0	nan	0.00	0.00	7.03	82.26	88.40	0.00	38	0	42	0.00	0.00	64.99	7.47	0.00	0.00	2000
231	11.31	2041	2101	0.00	200	0	0	0	nan	0.00	0.00	5.89	82.99	88.69	0.00	38	0	42	0.00	0.00	65.30	7.65	0.00	0.00	2000
231	11.61	1987	2099	0.00	197	0	0	0	nan	0.00	0.00	6.20	82.29	88.39	0.00	38	0	41	0.00	0.00	65.33	7.61	0.00	0.00	2000
229	11.58	1977	2098	0.00	200	0	0	0	nan	0.00	0.02	5.82	82.72	88.42	0.00	38	0	42	0.00	0.00	64.76	7.62	0.00	0.00	2000
229	11.28	2027	2105	0.00	196	0	0	0	nan	0.00	0.02	4.66	84.42	88.72	0.00	38	0	42	0.00	0.00	65.90	7.69	0.00	0.00	2000
230	11.47	2010	2099	0.00	199	0	0	0	nan	0.00	0.02	4.52	84.13	88.53	0.00	38	0	41	0.00	0.00	65.32	7.59	0.00	0.00	2000
227	11.23	2034	2086	0.00	196	0	0	0	nan	0.00	0.00	4.53	83.86	88.77	0.00	38	0	41	0.00	0.00	65.92	7.72	0.00	0.00	2000
233	11.59	2001	2109	0.00	197	0	0	0	nan	0.00	0.00	4.61	84.38	88.41	0.00	38	0	41	0.00	0.00	64.29	7.38	0.00	0.00	2000
233	11.14	2086	2109	0.00	203	0	0	0	nan	0.00	0.06	3.82	85.61	88.86	0.00	38	0	41	0.00	0.00	67.35	7.87	0.00	0.00	2000
231	11.43	2026	2091	0.00	196	0	0	0	nan	0.00	0.02	4.85	83.44	88.57	0.00	38	0	41	0.00	0.00	64.56	7.58	0.00	0.00	2000
231	10.97	2095	2112	0.00	196	0	0	0	nan	0.00	0.67	6.07	82.95	89.03	0.00	38	0	41	0.00	0.00	64.22	7.48	0.00	0.00	2000
229	10.97	2096	2087	0.00	198	0	0	0	nan	0.00	1.04	3.56	83.88	89.03	0.00	38	0	42	0.00	0.00	67.40	8.02	0.00	0.00	2000
230	11.49	2004	2102	0.00	199	0	0	0	nan	0.00	0.00	6.55	82.18	88.51	0.00	38	0	42	0.00	0.00	64.85	7.68	0.00	0.00	2000
233	10.84	2146	2106	0.00	201	0	0	0	nan	0.00	0.00	6.19	83.33	89.16	0.00	38	0	42	0.00	0.00	64.26	7.51	0.00	0.00	2000
244	12.17	2012	2095	0.00	197	0	0	0	nan	0.00	0.02	6.55	81.22	87.83	0.00	38	0	42	0.00	0.00	62.80	7.48	0.00	0.00	2000
231	11.27	2063	2087	0.00	195	0	0	5	83.99	0.00	0.02	6.13	82.09	88.73	0.00	38	0	41	0.00	0.00	69.41	8.22	0.00	0.00	2000
227	11.12	2035	2109	0.93	198	0	0	8	82.36	0.00	0.00	6.74	82.73	88.88	0.00	39	0	42	0.00	0.00	65.57	7.75	0.00	0.00	2000
231	11.26	2050	2104	0.00	198	0	0	0	nan	0.00	0.00	6.19	82.84	88.74	0.00	38	0	42	0.00	0.00	65.17	7.53	0.00	0.00	2000
229	11.37	2037	2080	0.00	199	0	0	0	nan	0.00	0.00	7.17	80.80	88.63	0.00	39	0	42	0.00	0.00	65.09	7.63	0.00	0.00	2000
232	11.79	2021	2048	0.00	204	0	0	0	nan	0.00	0.00	5.89	80.21	88.21	0.00	38	0	41	0.00	0.00	62.29	7.31	0.00	0.00	2000
231	10.99	2034	2169	0.00	212	0	0	0	nan	0.00	0.00	4.36	87.72	89.01	0.00	38	0	42	0.00	0.00	68.83	8.05	0.00	0.00	2000
234	11.39	2043	2110	0.00	200	0	0	0	nan	0.00	0.00	5.53	83.65	88.61	0.00	38	0	42	0.00	0.00	65.40	7.53	0.00	0.00	2000
226	10.98	2077	2082	0.00	199	0	0	0	nan	0.00	0.01	3.94	84.53	89.02	0.00	38	0	42	0.00	0.00	66.60	7.69	0.00	0.00	2000
234	11.18	2089	2107	0.00	201	0	0	0	nan	0.00	0.03	3.90	85.35	88.82	0.00	39	0	42	0.00	0.00	66.65	7.90	0.00	0.00	2000
233	11.02	2094	2117	0.00	196	0	0	0	nan	0.00	0.00	5.12	84.76	88.98	0.00	39	0	41	0.00	0.00	61.49	7.25	0.00	0.00	2000
230	11.15	2066	2095	0.00	198	0	0	0	nan	0.00	0.00	6.05	82.72	88.85	0.00	38	0	41	0.00	0.00	65.98	7.78	0.00	0.00	2000
230	11.02	2084	2098	0.00	198	0	0	0	nan	0.00	0.00	5.54	83.49	88.98	0.00	39	0	42	0.00	0.00	66.17	7.57	0.00	0.00	2000
229	11.17	2056	2097	0.00	183	0	0	0	nan	0.00	0.00	5.26	83.65	88.83	0.00	39	0	42	0.00	0.00	66.13	7.61	0.00	0.00	2000
231	11.31	2044	2102	0.00	198	0	0	0	nan	0.00	0.00	4.75	84.17	88.69	0.00	38	0	41	0.00	0.00	66.67	7.79	0.00	0.00	2000
226	11.14	2052	2077	0.00	201	0	0	0	nan	0.00	0.02	5.01	83.01	88.86	0.00	39	0	41	0.00	0.00	65.69	7.68	0.00	0.00	2000
232	11.14	2068	2118	0.00	196	0	0	0	nan	0.00	0.00	5.62	84.17	88.86	0.00	38	0	41	0.00	0.00	66.54	7.99	0.00	0.00	2000
226	11.69	1996	2034	0.00	195	0	0	0	nan	0.00	0.00	4.43	81.33	88.31	0.00	38	0	42	0.00	0.00	61.95	7.41	0.00	0.00	2000
231	10.79	2073	2172	0.00	214	0	0	3	84.87	0.00	0.00	3.93	88.47	89.21	0.00	39	0	42	0.00	0.00	63.96	7.38	0.00	0.00	2000
236	11.49	2041	2117	0.88	197	0	0	9	82.87	0.00	0.04	4.07	85.36	88.51	0.00	38	0	42	0.00	0.00	71.75	8.28	0.00	0.00	2000
227	11.09	2068	2080	0.00	203	0	0	0	nan	0.00	0.00	5.80	82.47	88.91	0.00	39	0	41	0.00	0.00	60.36	7.07	0.00	0.00	2000
231	11.67	1971	2110	0.00	196	0	0	0	nan	0.00	0.00	6.12	82.79	88.33	0.00	38	0	42	0.00	0.00	71.16	8.25	0.00	0.00	2000
228	11.31	2020	2093	0.00	197	0	0	0	nan	0.00	0.02	4.84	83.75	88.69	0.00	38	0	41	0.00	0.00	60.66	7.14	0.00	0.00	2000
231	11.49	2002	2111	0.00	196	0	0	0	nan	0.00	0.00	5.87	83.19	88.51	0.00	39	0	41	0.00	0.00	69.07	7.95	0.00	0.00	2000
231	11.35	2042	2089	0.00	200	0	0	0	nan	0.00	0.02	7.01	81.31	88.65	0.00	39	0	41	0.00	0.00	63.42	7.40	0.00	0.00	2000
234	11.14	2088	2111	0.00	201	0	0	0	nan	0.00	0.00	7.65	81.83	88.86	0.00	39	0	42	0.00	0.00	67.57	7.83	0.00	0.00	2000
229	10.92	2097	2099	0.00	182	0	0	0	nan	0.00	0.00	6.50	82.63	89.08	0.00	39	0	42	0.00	0.00	68.15	7.81	0.00	0.00	2000
229	11.08	2071	2093	0.00	199	0	0	0	nan	0.00	0.02	4.87	83.96	88.92	0.00	38	0	42	0.00	0.00	65.91	7.81	0.00	0.00	2000
230	11.09	2078	2100	0.00	201	0	0	0	nan	0.00	0.04	3.91	85.11	88.91	0.00	38	0	42	0.00	0.00	65.81	7.66	0.00	0.00	2000
230	11.28	2081	2058	0.00	199	0	0	0	nan	0.00	0.00	3.71	83.41	88.72	0.00	39	0	41	0.00	0.00	62.61	7.38	0.00	0.00	2000
231	11.02	2054	2140	0.00	218	0	0	0	nan	0.00	0.06	5.80	85.06	88.98	0.00	38	0	41	0.00	0.00	66.05	7.74	0.00	0.00	2000
232	11.28	2045	2110	0.00	198	0	0	0	nan	0.00	0.00	5.82	83.44	88.72	0.00	39	0	41	0.00	0.00	62.40	7.79	0.00	0.00	2000
231	10.99	2097	2105	0.00	198	0	0	0	nan	0.00	0.08	4.66	84.73	89.01	0.00	39	0	41	0.00	0.00	70.42	7.78	0.00	0.00	2000
230	10.89	2117	2097	0.00	198	0	0	0	nan	0.00	0.02	5.17	83.93	89.11	0.00	39	0	42	0.00	0.00	66.15	7.74	0.00	0.00	2000
228	11.08	2069	2091	0.00	185	0	0	0	nan	0.00	0.00	6.21	82.48	88.92	0.00	39	0	42	0.00	0.00	67.23	7.93	0.00	0.00	2000
233	11.44	2032	2102	0.00	214	0	0	0	83.48	0.00	0.00	5.40	83.41	88.56	0.00	38	0	42	0.00	0.00	64.84	7.48	0.00	0.00	2000
231	11.22	2055	2107	1.01	199	0	0	11	82.70	0.00	0.02	6.97	82.27	88.78	0.00	39	0	42	0.00	0.00	67.22	7.65	0.00	0.00	2000
230	11.28	2043	2100	0.01	198	0	0	0	nan	0.00	0.00	6.86	82.06	88.72	0.00	39	0	42	0.00	0.00	64.60	7.70	0.00	0.00	2000
226	11.39	2033	2053	0.00	182	0	0	0	nan	0.00	0.00	5.36	81.46	88.61	0.00	39	0	41	0.00	0.00	63.41	7.38	0.00	0.00	2000
229	11.17	2007	2146	0.00	211	0	0	0	nan	0.00	0.00	6.40	84.57	88.83	0.00	38	0	41	0.00	0.00	70.11	8.04	0.00	0.00	2000
232	11.49	2017	2100	0.00	203	0	0	0	nan	0.00	0.00	4.88	83.82	88.51	0.00	38	0	42	0.00	0.00	60.07	6.92	0.00	0.00	2000
230	11.30	2039	2094	0.00	197	0	0	0	nan	0.00	0.02	5.30	83.35	88.70	0.00	39	0	41	0.00	0.00	65.92	7.85	0.00	0.00	2000
228	10.98	2085	2094	0.00	197	0	0	0	nan	0.00	0.00	3.81	85.15	89.02	0.00	39	0	42	0.00	0.00	66.58	7.66	0.00	0.00	2000
233	11.37	2035	2114	0.00	197	0	0	0	nan	0.00	0.00	5.34	84.06	88.63	0.00	38	0	42	0.00	0.00	66.24	7.46	0.00	0.00	2000
227	11.53	1977	2092	0.00	198	0	0	0	nan	0.00	0.00	5.60	82.71	88.47	0.00	39	0	42	0.00	0.00	64.50	7.54	0.00	0.00	2000
237	11.64	2019	2115	0.00	200	0	0	0	nan	0.00	0.03	6.19	82.87	88.36	0.00	39	0	42	0.00	0.00	64.84	7.64	0.00	0.00	2000
224	11.59	2005	2021	0.00	203	0	0	0	nan	0.00	1.94	3.18	80.21	88.41	0.00	39	0	42	0.00	0.00	63.31	7.44	0.00	0.00	2000
232	11.12	2020	2170	0.00	211	0	0	0	nan	0.00	0.00	4.89	87.15	88.88	0.00	38	0	42	0.00	0.00	68.63	8.14	0.00	0.00	2000
237	11.97	1975	2109	0.00	212	0	0	0	nan	0.01	0.00	8.24	80.35	88.03	0.00	39	0	42	0.00	0.00	66.73	7.80	0.00	0.00	2000
236	11.78	2002	2104	0.00	199	0	0	0	nan	0.00	0.02	5.12	83.48	88.22	0.00	39	0	41	0.00	0.00	64.67	7.58	0.00	0.00	2000
232	11.61	2000	2097	0.00	200	0	0	0	nan	0.00	0.00	5.07	83.36	88.39	0.00	39	0	42	0.00	0.00	66.23	7.66	0.00	0.00	2000
230	11.51	1998	2099	0.00	198	0	0	0	nan	0.00	0.00	6.13	82.48	88.49	0.00	39	0	42	0.00	0.00	65.12	7.68	0.00	0.00	2000
226	11.20	2035	2085	0.00	196	0	0	0	nan	0.00	0.02	5.76	82.54	88.80	0.00	39	0	42	0.00	0.00	65.79	7.68	0.00	0.00	2000
234	11.60	2000	2115	1.00	195	0	0	11	81.72	0.00	0.04	3.88	85.34	88.40	0.00	39	0	41	0.00	0.00	65.76	7.63	0.00	0.00	2000
230	11.36	2024	2097	0.04	198	0	0	0	nan	0.00	0.59	3.62	84.49	88.64	0.00	39	0	41	0.00	0.00	65.41	7.66	0.00	0.00	2000
235	10.85	2172	2098	0.00	197	0	0	0	nan	0.00	0.04	3.67	85.38	89.15	0.00	39	0	41	0.00	0.00	67.83	8.49	0.00	0.00	2000
227	11.33	2030	2077	0.00	201	0	0	0	nan	0.00	0.00	7.26	80.66	88.67	0.00	39	0	42	0.00	0.00	66.82	8.59	0.00	0.00	2000
229	11.27	2018	2116	0.00	199	0	0	0	nan	0.00	0.00	8.37	81.18	88.73	0.00	39	0	41	0.00	0.00	67.24	8.49	0.00	0.00	2000
230	11.07	2083	2098	0.00	197	0	0	0	nan	0.00	0.01	7.03	81.95	88.93	0.00	39	0	41	0.00	0.00	67.59	8.63	0.00	0.00	2000
222	11.61	1976	2033	0.00	197	0	0	0	nan	0.00	0.00	6.12	79.65	88.39	0.00	39	0	41	0.00	0.00	63.25	8.18	0.00	0.00	2000
229	11.61	1965	2110	0.00	218	0	0	0	nan	0.00	0.02	4.78	84.20	88.39	0.00	39	0	41	0.00	0.00	66.99	8.62	0.00	0.00	2000
232	11.07	2031	2163	0.00	213	0	0	0	nan	0.00	0.02	5.89	85.82	88.93	0.00	39	0	41	0.00	0.00	70.64	9.12	0.00	0.00	2000
229	11.48	1978	2116	0.00	196	0	0	0	nan	0.00	0.00	5.78	83.65	88.52	0.00	39	0	41	0.00	0.00	66.98	8.78	0.00	0.00	2000
225	11.07	2068	2064	0.00	197	0	0	0	nan	0.00	0.00	5.68	81.94	88.93	0.00	39	0	42	0.00	0.00	65.84	8.54	0.00	0.00	2000
233	11.59	2033	2076	0.00	198	0	0	0	nan	0.00	0.00	5.28	82.26	88.41	0.00	39	0	42	0.00	0.00	65.22	8.26	0.00	0.00	2000
231	10.99	2059	2147	0.00	223	0	0	0	nan	0.00	0.02	6.78	84.46	89.01	0.00	39	0	41	0.00	0.00	69.89	8.84	0.00	0.00	2000
231	11.15	2058	2110	0.00	196	0	0	0	nan	0.00	0.00	5.94	83.43	88.85	0.00	39	0	42	0.00	0.00	67.40	8.62	0.00	0.00	2000
225	11.30	2023	2068	0.00	197	0	0	0	nan	0.00	0.51	6.55	80.43	88.70	0.00	39	0	42	0.00	0.00	65.60	8.37	0.00	0.00	2000
226	11.58	1993	2059	0.00	197	0	0	0	nan	0.00	0.00	5.79	81.09	88.42	0.00	39	0	42	0.00	0.00	64.07	8.34	0.00	0.00	2000
229	11.34	2026	2096	0.00	220	0	0	12	9.82	0.00	0.05	2.62	86.03	88.66	0.00	39	0	41	0.00	0.00	66.88	8.52	0.00	0.00	2000
227	11.56	1960	2101	1.48	212	0	0	34	5.52	0.00	0.02	6.30	82.33	88.44	0.00	39	0	42	0.00	0.00	66.54	8.48	0.00	0.00	2000
227	11.24	2022	2094	0.00	212	0	0	0	nan	0.00	0.00	4.14	84.53	88.76	0.00	39	0	42	0.00	0.00	66.72	8.68	0.00	0.00	2000
232	11.32	1979	2173	0.00	212	0	0	0	nan	0.00	0.00	4.73	87.25	88.68	0.00	39	0	42	0.00	0.00	70.02	8.90	0.00	0.00	2000
231	11.20	2058	2102	0.00	200	0	0	0	nan	0.00	0.00	5.70	83.33	88.80	0.00	39	0	42	0.00	0.00	67.62	8.44	0.00	0.00	2000
224	11.67	1977	2037	0.00	195	0	0	0	nan	0.00	0.00	6.39	79.50	88.33	0.00	39	0	42	0.00	0.00	63.45	8.11	0.00	0.00	2000
232	10.87	2071	2168	0.00	210	0	0	0	nan	0.00	0.02	5.45	86.77	89.13	0.00	39	0	42	0.00	0.00	70.44	9.08	0.00	0.00	2000
223	11.50	2016	2024	0.00	197	0	0	0	nan	0.00	0.00	6.21	79.27	88.50	0.00	39	0	42	0.00	0.00	62.94	8.16	0.00	0.00	2000
235	11.01	2054	2183	0.00	215	0	0	0	nan	0.00	0.02	5.17	87.51	88.99	0.00	39	0	42	0.00	0.00	70.85	9.01	0.00	0.00	2000
224	11.38	2029	2037	0.00	200	0	0	0	nan	0.00	0.04	4.32	81.70	88.62	0.00	39	0	41	0.00	0.00	63.80	8.36	0.00	0.00	2000
228	11.59	1965	2104	0.00	214	0	0	0	nan	0.00	0.00	4.59	84.19	88.41	0.00	40	0	42	0.00	0.00	67.07	8.65	0.00	0.00	2000
228	11.49	1984	2096	0.00	214	0	0	0	nan	0.00	0.00	4.74	83.70	88.51	0.00	40	0	41	0.00	0.00	67.02	8.57	0.00	0.00	2000
234	11.08	2042	2173	0.00	217	0	0	0	nan	0.00	0.02	5.68	86.50	88.92	0.00	39	0	41	0.00	0.00	71.09	9.07	0.00	0.00	2000
226	11.01	2075	2080	0.00	196	0	0	0	nan	0.00	0.00	7.40	80.83	88.99	0.00	39	0	41	0.00	0.00	66.68	8.52	0.00	0.00	2000
226	11.44	2018	2054	0.00	196	0	0	0	nan	0.00	0.00	5.69	81.03	88.56	0.00	39	0	41	0.00	0.00	63.70	8.26	0.00	0.00	2000
246	12.38	1988	2097	0.00	216	0	0	0	nan	0.00	0.00	5.11	82.57	87.62	0.00	39	0	41	0.00	0.00	67.11	8.39	0.00	0.00	2000
234	11.01	2052	2171	0.00	218	0	0	0	nan	0.00	0.01	5.54	86.59	88.99	0.00	40	0	42	0.00	0.00	70.95	9.17	0.00	0.00	2000
229	11.15	2058	2097	1.29	198	0	0	49	2.81	0.00	0.00	6.88	81.98	88.85	0.00	39	0	42	0.00	0.00	67.44	8.82	0.00	0.00	2000
230	10.91	2100	2103	0.45	196	0	0	0	nan	0.00	0.00	5.38	83.98	89.09	0.00	39	0	41	0.00	0.00	67.00	8.65	0.00	0.00	2000
227	11.20	2022	2110	0.00	198	0	0	0	nan	0.00	0.00	7.60	81.77	88.80	0.00	39	0	41	0.00	0.00	66.24	8.48	0.00	0.00	2000
231	11.20	2063	2101	0.00	199	0	0	0	nan	0.00	0.00	5.21	83.70	88.80	0.00	39	0	41	0.00	0.00	67.20	8.58	0.00	0.00	2000
231	11.39	2027	2099	0.00	200	0	0	0	nan	0.00	0.02	5.80	82.92	88.61	0.00	39	0	41	0.00	0.00	66.81	8.47	0.00	0.00	2000
227	11.18	2054	2074	0.00	198	0	0	0	nan	0.00	0.00	6.85	81.01	88.82	0.00	39	0	42	0.00	0.00	66.21	8.48	0.00	0.00	2000
228	11.01	2064	2102	0.00	195	0	0	0	nan	0.00	0.00	6.23	83.05	88.99	0.00	39	0	41	0.00	0.00	66.67	8.63	0.00	0.00	2000
225	11.74	1963	2053	0.00	195	0	0	0	nan	0.00	0.00	5.02	81.48	88.26	0.00	39	0	41	0.00	0.00	63.97	8.23	0.00	0.00	2000
227	11.46	1989	2095	0.00	214	0	0	0	nan	0.00	0.00	4.61	83.87	88.54	0.00	39	0	42	0.00	0.00	66.69	8.59	0.00	0.00	2000
232	11.05	2067	2132	0.00	216	0	0	0	nan	0.00	0.00	5.27	85.14	88.95	0.00	39	0	41	0.00	0.00	63.19	8.40	0.00	0.00	2000
228	10.94	2053	2135	0.00	215	0	0	0	nan	0.00	0.02	6.58	84.04	89.06	0.00	39	0	42	0.00	0.00	75.06	8.98	0.00	0.00	2000
229	11.31	2010	2112	0.00	198	0	0	0	nan	0.00	0.00	6.95	82.36	88.69	0.00	39	0	42	0.00	0.00	66.25	8.92	0.00	0.00	2000
228	11.14	2071	2071	0.00	196	0	0	0	nan	0.00	0.02	5.98	81.86	88.86	0.00	39	0	42	0.00	0.00	66.25	8.52	0.00	0.00	2000
228	11.12	2044	2107	0.00	200	0	0	0	nan	0.00	0.00	5.74	83.66	88.88	0.00	39	0	42	0.00	0.00	63.24	7.59	0.00	0.00	2000
231	11.21	2037	2122	0.00	196	0	0	0	nan	0.00	0.00	4.06	85.84	88.79	0.00	39	0	42	0.00	0.00	68.04	8.01	0.00	0.00	2000
227	11.22	2029	2089	0.00	198	0	0	0	nan	0.00	0.00	5.32	83.13	88.78	0.00	39	0	42	0.00	0.00	59.40	7.21	0.00	0.00	2000
231	11.26	2036	2111	0.00	198	0	0	0	nan	0.00	0.00	5.96	83.33	88.74	0.00	39	0	41	0.00	0.00	68.07	7.48	0.00	0.00	2000
230	11.21	2060	2088	0.75	197	0	0	7	31.82	0.00	0.46	6.19	81.76	88.79	0.00	38	0	42	0.00	0.00	66.93	7.70	0.00	0.00	2000
226	11.57	2017	2037	0.16	202	0	0	0	nan	0.00	0.94	6.50	78.52	88.43	0.00	38	0	42	0.00	0.00	61.84	7.45	0.00	0.00	2000
232	11.56	1984	2121	0.00	215	0	0	0	nan	0.00	0.02	5.71	83.84	88.44	0.00	39	0	42	0.00	0.00	63.50	7.35	0.00	0.00	2000
231	11.11	2026	2154	0.00	212	0	0	0	nan	0.00	0.00	5.42	85.97	88.89	0.00	38	0	42	0.00	0.00	65.02	7.56	0.00	0.00	2000
219	10.68	2065	2088	0.00	197	0	0	0	nan	0.00	0.00	6.22	82.74	89.32	0.00	38	0	41	0.00	0.00	67.05	7.81	0.00	0.00	2000
148	9.96	1521	2056	0.00	214	0	0	0	nan	0.00	0.02	6.14	82.13	90.04	0.00	37	0	41	0.00	0.00	59.49	7.37	0.00	0.00	2000
79	6.74	1130	2169	0.00	245	0	0	0	nan	0.00	0.00	6.60	89.74	93.26	0.00	37	0	41	0.00	0.00	61.81	7.83	0.00	0.00	2000
106	8.79	1237	2047	0.00	80	0	0	0	nan	0.00	0.02	6.98	82.16	91.21	0.00	37	0	41	0.00	0.00	60.23	7.18	0.00	0.00	2000
