Avg_MHz	Busy%	Bzy_MHz	TSC_MHz	IPC	IRQ	NMI	SMI	LLCMRPS	LLC%hit	POLL%	C1%	C1E%	C6%	CPU%c1	CPU%c6	CoreTmp	CoreThr	PkgTmp	Pkg%pc2	Pkg%pc6	PkgWatt	RAMWatt	PKG_%	RAM_%	UncMHz
232	13.95	1756	1990	0.00	225	0	0	0	nan	0.00	0.01	23.11	58.31	86.05	0.00	37	0	42	0.00	0.00	56.95	7.21	0.00	0.00	2000
368	15.87	2141	2275	0.00	246	0	0	0	nan	0.00	1.96	17.82	71.68	84.13	0.00	37	0	42	0.00	0.00	76.37	8.47	0.00	0.00	2000
78	6.88	1118	2127	0.00	194	0	0	0	nan	0.00	0.00	6.47	87.84	93.12	0.00	37	0	42	0.00	0.00	58.77	7.57	0.00	0.00	2000
74	6.67	1104	2104	0.00	193	0	0	0	nan	0.00	0.02	3.04	90.44	93.33	0.00	37	0	42	0.00	0.00	59.21	7.39	0.00	0.00	2000
72	6.50	1124	2081	0.00	193	0	0	0	nan	0.00	0.02	3.04	89.49	93.50	0.00	37	0	42	0.00	0.00	60.77	7.58	0.00	0.00	2000
71	6.38	1114	2088	0.00	209	0	0	0	nan	0.00	0.02	2.26	90.65	93.62	0.00	37	0	42	0.00	0.00	56.20	7.24	0.00	0.00	2000
72	6.53	1111	2098	0.00	194	0	0	0	nan	0.00	0.03	3.10	90.20	93.47	0.00	37	0	42	0.00	0.00	60.11	7.58	0.00	0.00	2000
74	6.55	1118	2134	0.00	196	0	0	0	nan	0.00	0.00	2.71	92.14	93.45	0.00	36	0	42	0.00	0.00	59.64	7.65	0.00	0.00	2000
72	6.80	1075	2066	0.00	195	0	0	0	nan	0.00	0.01	2.83	88.89	93.20	0.00	37	0	42	0.00	0.00	58.69	7.57	0.00	0.00	2000
74	6.53	1119	2128	0.00	209	0	0	0	nan	0.00	0.00	4.22	90.43	93.47	0.00	37	0	42	0.00	0.00	61.56	7.84	0.00	0.00	2000
75	6.38	1172	2103	0.00	193	0	0	0	nan	0.00	0.00	3.76	89.89	93.62	0.00	37	0	42	0.00	0.00	56.58	7.27	0.00	0.00	2000
75	6.32	1184	2101	0.00	193	0	0	0	nan	0.00	0.00	3.25	90.25	93.68	0.00	37	0	42	0.00	0.00	61.74	7.88	0.00	0.00	2000
74	6.67	1103	2101	0.00	193	0	0	0	nan	0.00	0.01	3.27	90.23	93.33	0.00	37	0	42	0.00	0.00	58.56	7.66	0.00	0.00	2000
72	6.46	1111	2097	0.00	193	0	0	0	nan	0.00	0.00	3.64	89.69	93.54	0.00	37	0	42	0.00	0.00	58.88	7.35	0.00	0.00	2000
74	6.58	1128	2100	0.00	193	0	0	0	nan	0.00	0.00	3.78	89.56	93.42	0.00	37	0	42	0.00	0.00	57.36	7.27	0.00	0.00	2000
72	6.42	1113	2101	0.00	194	0	0	1	86.57	0.00	0.00	3.19	90.42	93.58	0.00	37	0	42	0.00	0.00	59.19	7.48	0.00	0.00	2000
75	6.22	1198	2104	0.08	194	0	0	1	87.43	0.00	0.00	2.86	91.06	93.78	0.00	36	0	42	0.00	0.00	60.73	7.72	0.00	0.00	2000
77	6.37	1211	2100	0.00	194	0	0	0	nan	0.00	0.00	3.94	89.56	93.63	0.00	37	0	42	0.00	0.00	58.91	7.38	0.00	0.00	2000
166	8.88	1879	2091	0.00	218	0	0	0	nan	0.00	0.00	5.02	85.70	91.12	0.00	38	0	42	0.00	0.00	61.97	7.50	0.00	0.00	2000
228	10.86	2105	2089	0.00	203	0	0	0	nan	0.00	0.02	3.37	85.38	89.14	0.00	39	0	43	0.00	0.00	64.56	7.43	0.00	0.00	2000
232	10.56	2203	2093	0.00	202	0	0	0	nan	0.00	0.00	4.90	84.25	89.44	0.00	40	0	42	0.00	0.00	64.53	7.31	0.00	0.00	2000
231	10.97	2090	2114	0.00	211	0	0	0	nan	0.00	0.03	6.13	83.57	89.04	0.00	40	0	42	0.00	0.00	63.56	7.13	0.00	0.00	2000
232	10.85	2180	2059	0.00	196	0	0	0	nan	0.00	0.02	5.30	82.03	89.15	0.00	38	0	42	0.00	0.00	63.01	7.41	0.00	0.00	2000
236	11.09	2073	2157	0.00	214	0	0	0	nan	0.00	0.02	5.37	86.04	88.91	0.00	37	0	42	0.00	0.00	70.07	8.30	0.00	0.00	2000
226	11.21	2108	2009	0.00	197	0	0	0	nan	0.01	0.00	4.87	80.09	88.79	0.00	37	0	42	0.00	0.00	59.80	7.05	0.00	0.00	2000
237	10.66	2112	2211	0.00	233	0	0	0	nan	0.00	0.03	4.70	89.34	89.34	0.00	37	0	42	0.00	0.00	72.95	8.64	0.00	0.00	2000
231	11.07	2095	2094	0.00	199	0	0	0	nan	0.00	0.02	3.82	84.92	88.93	0.00	37	0	42	0.00	0.00	66.10	7.56	0.00	0.00	2000
228	11.00	2095	2075	0.00	201	0	0	0	nan	0.00	0.57	4.21	83.19	89.00	0.00	38	0	42	0.00	0.00	63.42	7.20	0.00	0.00	2000
233	10.81	2138	2121	0.00	215	0	0	0	nan	0.00	0.04	3.24	86.83	89.19	0.00	37	0	42	0.00	0.00	66.89	7.73	0.00	0.00	2000
227	10.97	2117	2049	0.00	184	0	0	0	nan	0.00	0.03	5.34	81.58	89.03	0.00	38	0	42	0.00	0.00	61.02	7.17	0.00	0.00	2000
233	10.84	2120	2133	0.00	213	0	0	0	nan	0.00	0.00	5.17	85.39	89.16	0.00	38	0	42	0.00	0.00	67.73	7.92	0.00	0.00	2000
224	10.87	2077	2081	0.00	215	0	0	0	nan	0.00	0.00	6.05	82.35	89.13	0.00	38	0	42	0.00	0.00	62.27	7.18	0.00	0.00	2000
232	10.76	2131	2125	0.22	198	0	0	14	82.14	0.00	0.00	4.75	85.52	89.24	0.00	38	0	42	0.00	0.00	67.76	7.62	0.00	0.00	2000
230	11.23	2072	2078	0.50	196	0	0	6	95.44	0.01	0.01	4.59	83.28	88.77	0.00	39	0	42	0.00	0.00	64.30	7.29	0.00	0.00	2000
228	10.63	2156	2094	0.00	219	0	0	0	nan	0.00	0.00	5.49	83.58	89.37	0.00	38	0	42	0.00	0.00	63.06	7.39	0.00	0.00	2000
232	10.99	2101	2108	0.00	199	0	0	0	nan	0.00	0.00	5.20	84.22	89.01	0.00	39	0	42	0.00	0.00	66.62	7.69	0.00	0.00	2000
233	10.77	2132	2129	0.00	215	0	0	0	nan	0.00	0.02	5.19	85.36	89.23	0.00	38	0	42	0.00	0.00	65.98	7.66	0.00	0.00	2000
229	10.88	2110	2099	0.00	198	0	0	0	nan	0.00	0.00	4.50	84.61	89.12	0.00	38	0	42	0.00	0.00	66.01	7.55	0.00	0.00	2000
236	11.11	2107	2113	0.00	200	0	0	0	nan	0.00	0.00	6.27	83.28	88.89	0.00	39	0	42	0.00	0.00	66.58	7.87	0.00	0.00	2000
230	10.62	2175	2094	0.00	197	0	0	0	nan	0.00	0.00	5.66	83.46	89.38	0.00	39	0	42	0.00	0.00	65.41	7.50	0.00	0.00	2000
232	10.82	2150	2092	0.00	197	0	0	0	nan	0.00	0.02	3.82	84.97	89.18	0.00	39	0	42	0.00	0.00	63.48	7.33	0.00	0.00	2000
228	10.42	2175	2112	0.00	196	0	0	0	nan	0.00	0.06	4.40	85.69	89.58	0.00	39	0	42	0.00	0.00	66.31	7.63	0.00	0.00	2000
231	10.76	2148	2099	0.00	198	0	0	0	nan	0.00	0.04	5.08	84.20	89.24	0.00	38	0	42	0.00	0.00	66.20	7.78	0.00	0.00	2000
231	11.07	2108	2082	0.00	203	0	0	0	nan	0.00	0.12	6.88	81.16	88.93	0.00	39	0	42	0.00	0.00	64.74	7.64	0.00	0.00	2000
235	10.97	2118	2120	0.00	195	0	0	0	nan	0.00	0.00	6.19	83.68	89.03	0.00	38	0	42	0.00	0.00	64.53	7.50	0.00	0.00	2000
229	10.94	2103	2092	0.00	194	0	0	0	nan	0.00	0.00	5.96	82.73	89.06	0.00	39	0	42	0.00	0.00	67.66	7.88	0.00	0.00	2000
233	10.85	2134	2110	0.00	198	0	0	0	nan	0.00	0.00	6.10	83.49	89.15	0.00	39	0	42	0.00	0.00	63.20	7.42	0.00	0.00	2000
230	11.19	2072	2087	0.00	201	0	0	0	nan	0.00	0.00	5.46	82.91	88.81	0.00	39	0	42	0.00	0.00	66.26	7.47	0.00	0.00	2000
237	11.22	2156	2054	0.00	201	0	0	0	nan	0.00	0.00	8.07	78.84	88.78	0.00	37	0	42	0.00	0.00	63.23	7.45	0.00	0.00	2000
236	11.21	2049	2155	0.22	204	0	0	7	67.83	0.00	0.00	7.73	83.46	88.79	0.00	37	0	42	0.00	0.00	69.48	8.10	0.00	0.00	2000
235	11.28	2075	2105	0.48	197	0	0	2	82.71	0.00	0.00	7.25	81.78	88.72	0.00	37	0	43	0.00	0.00	66.44	7.80	0.00	0.00	2000
585	25.73	2444	1953	0.00	208	0	0	0	nan	0.00	0.03	4.36	64.79	74.27	0.00	39	0	42	0.00	0.00	67.86	7.27	0.00	0.00	2000
298	12.75	2192	2243	0.00	253	0	0	0	nan	0.00	0.00	5.88	87.39	87.25	0.00	39	0	42	0.00	0.00	73.14	8.19	0.00	0.00	2000
107	7.14	1490	2108	0.00	222	0	0	0	nan	0.00	0.02	9.55	83.56	92.86	0.00	37	0	42	0.00	0.00	61.56	7.55	0.00	0.00	2000
100	7.74	1305	2076	0.00	201	0	0	0	nan	0.00	0.00	3.05	88.22	92.26	0.00	37	0	42	0.00	0.00	58.43	7.27	0.00	0.00	2000
75	6.80	1092	2134	0.00	209	0	0	0	nan	0.00	0.00	3.92	90.68	93.20	0.00	37	0	42	0.00	0.00	60.25	7.75	0.00	0.00	2000
