Avg_MHz	Busy%	Bzy_MHz	TSC_MHz	IPC	IRQ	NMI	SMI	LLCMRPS	LLC%hit	POLL%	C1%	C1E%	C6%	CPU%c1	CPU%c6	CoreTmp	CoreThr	PkgTmp	Pkg%pc2	Pkg%pc6	PkgWatt	RAMWatt	PKG_%	RAM_%	UncMHz
326	15.48	2049	2161	0.00	238	0	0	0	nan	0.00	0.95	35.92	50.11	84.52	0.00	36	0	41	0.00	0.00	66.79	7.76	0.00	0.00	2000
297	15.28	1965	2076	0.00	209	0	0	0	nan	0.06	2.53	24.60	56.84	84.72	0.00	37	0	41	0.00	0.00	65.95	7.52	0.00	0.00	2000
81	6.47	1227	2148	0.00	196	0	0	0	nan	0.00	0.05	3.69	91.82	93.53	0.00	36	0	41	0.00	0.00	62.61	7.80	0.00	0.00	2000
73	6.52	1126	2099	0.00	194	0	0	0	nan	0.00	0.01	3.24	90.19	93.48	0.00	36	0	41	0.00	0.00	54.04	6.95	0.00	0.00	2000
74	6.78	1091	2095	0.00	192	0	0	0	nan	0.00	0.00	3.27	89.87	93.22	0.00	36	0	41	0.00	0.00	58.90	7.49	0.00	0.00	2000
72	6.97	1036	2103	0.00	193	0	0	0	nan	0.00	0.00	2.73	90.49	93.03	0.00	36	0	42	0.00	0.00	58.71	7.50	0.00	0.00	2000
71	6.49	1118	2066	0.00	194	0	0	0	nan	0.00	0.02	3.21	88.83	93.51	0.00	36	0	42	0.00	0.00	59.39	7.44	0.00	0.00	2000
74	6.73	1084	2135	0.00	194	0	0	0	nan	0.00	0.02	2.12	92.63	93.27	0.00	36	0	41	0.00	0.00	57.73	7.30	0.00	0.00	2000
73	6.68	1090	2101	0.00	194	0	0	0	nan	0.00	0.00	2.84	90.61	93.32	0.00	36	0	42	0.00	0.00	58.36	7.39	0.00	0.00	2000
73	6.47	1134	2097	0.00	194	0	0	0	nan	0.00	0.02	3.08	90.17	93.53	0.00	36	0	41	0.00	0.00	60.67	7.56	0.00	0.00	2000
72	6.70	1089	2071	0.00	194	0	0	0	nan	0.00	0.01	3.54	88.49	93.30	0.00	36	0	42	0.00	0.00	56.75	6.98	0.00	0.00	2000
72	6.51	1096	2111	0.00	194	0	0	0	nan	0.00	0.02	1.74	92.05	93.49	0.00	36	0	41	0.00	0.00	60.21	7.71	0.00	0.00	2000
72	7.01	1033	2095	0.00	193	0	0	0	nan	0.00	0.02	3.23	89.66	92.99	0.00	36	0	42	0.00	0.00	59.84	7.58	0.00	0.00	2000
72	6.75	1055	2126	0.00	210	0	0	0	nan	0.00	0.00	4.20	90.15	93.25	0.00	36	0	41	0.00	0.00	58.37	7.24	0.00	0.00	2000
74	6.73	1102	2100	0.00	196	0	0	0	nan	0.00	0.00	3.29	89.99	93.27	0.00	37	0	41	0.00	0.00	57.18	7.32	0.00	0.00	2000
70	6.64	1065	2073	0.00	193	0	0	0	88.16	0.00	0.00	2.77	89.43	93.36	0.00	36	0	41	0.00	0.00	57.08	7.27	0.00	0.00	2000
73	7.06	1028	2120	0.30	193	0	0	1	85.83	0.00	0.02	1.97	92.02	92.94	0.00	36	0	41	0.00	0.00	60.56	7.59	0.00	0.00	2000
72	6.68	1082	2099	0.05	193	0	0	0	nan	0.00	0.00	2.72	90.60	93.32	0.00	36	0	41	0.00	0.00	58.22	7.18	0.00	0.00	2000
183	9.79	1867	2100	0.00	214	0	0	0	nan	0.01	0.41	5.93	84.06	90.21	0.00	38	0	41	0.00	0.00	62.23	7.93	0.00	0.00	2000
228	10.93	2089	2094	0.00	202	0	0	0	nan	0.00	0.00	3.26	85.72	89.07	0.00	38	0	41	0.00	0.00	64.47	7.54	0.00	0.00	2000
232	11.20	2067	2106	0.00	230	0	0	0	nan	0.01	0.00	3.71	85.44	88.80	0.00	39	0	41	0.00	0.00	67.65	7.58	0.00	0.00	2000
226	10.98	2062	2096	0.00	190	0	0	0	nan	0.00	0.00	2.90	86.08	89.02	0.00	40	0	41	0.00	0.00	62.56	7.33	0.00	0.00	2000
238	11.09	2135	2109	0.00	262	0	0	0	nan	0.00	0.00	7.36	81.90	88.91	0.00	37	0	41	0.00	0.00	59.90	7.27	0.00	0.00	2000
234	11.27	2071	2105	0.00	199	0	0	0	nan	0.00	0.00	6.34	82.79	88.73	0.00	37	0	41	0.00	0.00	72.53	8.13	0.00	0.00	2000
233	11.11	2125	2068	0.00	198	0	0	0	nan	0.00	0.02	7.13	80.43	88.89	0.00	36	0	41	0.00	0.00	64.87	7.58	0.00	0.00	2000
232	11.21	2092	2082	0.00	197	0	0	0	nan	0.00	0.04	3.36	84.71	88.79	0.00	37	0	41	0.00	0.00	66.23	7.77	0.00	0.00	2000
231	11.00	2061	2143	0.00	214	0	0	0	nan	0.00	0.04	4.87	86.05	89.00	0.00	37	0	41	0.00	0.00	68.18	7.94	0.00	0.00	2000
229	11.35	2019	2096	0.00	198	0	0	0	nan	0.00	0.02	4.11	84.48	88.65	0.00	37	0	41	0.00	0.00	64.63	7.62	0.00	0.00	2000
228	11.07	2086	2073	0.00	199	0	0	0	nan	0.00	0.01	4.67	83.27	88.93	0.00	37	0	41	0.00	0.00	64.65	7.56	0.00	0.00	2000
234	11.33	2041	2124	0.00	197	0	0	0	nan	0.00	0.01	6.27	83.58	88.67	0.00	37	0	41	0.00	0.00	64.46	7.48	0.00	0.00	2000
230	11.17	2095	2062	0.00	200	0	0	0	nan	0.00	0.02	5.55	81.71	88.83	0.00	38	0	41	0.00	0.00	65.29	7.54	0.00	0.00	2000
230	10.88	2070	2146	0.00	213	0	0	0	nan	0.00	0.01	4.30	86.90	89.12	0.00	37	0	41	0.00	0.00	65.34	7.73	0.00	0.00	2000
225	11.13	2060	2064	0.00	199	0	0	6	82.70	0.00	0.02	4.53	82.89	88.87	0.00	38	0	41	0.00	0.00	63.50	7.35	0.00	0.00	2000
236	11.58	2018	2124	0.64	203	0	0	12	86.21	0.00	0.00	7.43	82.11	88.42	0.00	37	0	41	0.00	0.00	68.66	7.87	0.00	0.00	2000
230	10.93	2096	2109	0.00	198	0	0	0	nan	0.00	0.02	5.81	83.71	89.07	0.00	37	0	41	0.00	0.00	61.29	7.20	0.00	0.00	2000
230	11.26	2030	2111	0.00	200	0	0	0	nan	0.00	0.02	3.55	85.76	88.74	0.00	37	0	41	0.00	0.00	68.50	7.72	0.00	0.00	2000
231	11.02	2106	2088	0.00	197	0	0	0	nan	0.00	0.00	3.54	84.95	88.98	0.00	38	0	41	0.00	0.00	66.13	7.63	0.00	0.00	2000
228	11.29	2021	2095	0.00	197	0	0	0	nan	0.00	0.52	4.91	83.15	88.71	0.00	38	0	41	0.00	0.00	63.37	7.40	0.00	0.00	2000
236	11.29	2073	2117	0.00	199	0	0	0	nan	0.00	0.18	5.59	83.67	88.71	0.00	38	0	41	0.00	0.00	68.65	7.87	0.00	0.00	2000
229	10.92	2103	2093	0.00	200	0	0	0	nan	0.00	0.00	6.75	82.15	89.08	0.00	38	0	41	0.00	0.00	62.92	7.27	0.00	0.00	2000
228	11.14	2072	2076	0.00	181	0	0	0	nan	0.00	0.00	5.62	82.39	88.86	0.00	38	0	41	0.00	0.00	62.19	7.26	0.00	0.00	2000
227	11.11	2062	2085	0.00	213	0	0	0	nan	0.00	0.00	5.17	83.13	88.89	0.00	38	0	41	0.00	0.00	65.22	7.75	0.00	0.00	2000
240	11.16	2100	2148	0.00	231	0	0	0	nan	0.00	0.03	6.74	84.17	88.84	0.00	38	0	41	0.00	0.00	68.73	7.91	0.00	0.00	2000
232	10.87	2128	2102	0.00	186	0	0	0	nan	0.00	0.00	6.02	83.30	89.13	0.00	38	0	41	0.00	0.00	67.65	7.92	0.00	0.00	2000
226	10.83	2119	2068	0.00	197	0	0	0	nan	0.00	0.00	5.37	82.48	89.17	0.00	38	0	41	0.00	0.00	63.84	7.23	0.00	0.00	2000
231	11.12	2066	2115	0.00	199	0	0	0	nan	0.00	0.01	4.69	84.87	88.88	0.00	37	0	41	0.00	0.00	63.41	7.47	0.00	0.00	2000
233	12.16	2014	1994	0.00	215	0	0	0	nan	0.00	0.01	6.86	76.70	87.84	0.00	37	0	42	0.00	0.00	63.02	7.68	0.00	0.00	2000
236	10.88	2033	2237	0.00	233	0	0	0	nan	0.00	0.02	6.19	88.81	89.12	0.00	37	0	42	0.00	0.00	71.95	8.33	0.00	0.00	2000
230	10.82	2137	2087	0.00	198	0	0	0	nan	0.00	0.00	4.46	84.31	89.18	0.00	38	0	41	0.00	0.00	62.61	7.21	0.00	0.00	2000
231	11.31	2029	2110	0.28	196	0	0	8	80.58	0.00	0.00	6.19	83.00	88.69	0.00	38	0	41	0.00	0.00	64.93	7.69	0.00	0.00	2000
232	11.00	2101	2104	0.73	198	0	0	4	78.52	0.00	0.03	4.71	84.50	89.00	0.00	38	0	42	0.00	0.00	64.94	7.78	0.00	0.00	2000
232	10.95	2135	2086	0.00	195	0	0	0	nan	0.00	0.47	6.50	81.53	89.05	0.00	39	0	42	0.00	0.00	65.98	7.83	0.00	0.00	2000
228	11.28	2045	2077	0.00	203	0	0	0	nan	0.00	0.00	7.36	80.46	88.72	0.00	38	0	41	0.00	0.00	63.37	7.42	0.00	0.00	2000
237	10.88	2135	2142	0.00	196	0	0	0	nan	0.00	0.00	5.54	85.41	89.12	0.00	39	0	41	0.00	0.00	67.39	7.92	0.00	0.00	2000
233	10.91	2136	2099	0.00	197	0	0	0	nan	0.00	0.00	5.85	83.21	89.09	0.00	39	0	41	0.00	0.00	64.15	7.49	0.00	0.00	2000
229	10.91	2103	2094	0.00	198	0	0	0	nan	0.00	0.00	6.19	82.75	89.09	0.00	38	0	41	0.00	0.00	65.84	7.95	0.00	0.00	2000
231	11.05	2090	2100	0.00	196	0	0	0	nan	0.00	0.02	6.05	83.05	88.95	0.00	39	0	41	0.00	0.00	67.48	7.97	0.00	0.00	2000
233	11.10	2102	2101	0.00	201	0	0	0	nan	0.00	0.50	6.03	82.48	88.90	0.00	39	0	41	0.00	0.00	63.61	7.36	0.00	0.00	2000
231	10.95	2113	2096	0.00	199	0	0	0	nan	0.00	0.02	5.51	83.39	89.05	0.00	39	0	42	0.00	0.00	65.01	7.60	0.00	0.00	2000
237	11.22	2110	2101	0.00	199	0	0	0	nan	0.00	0.02	5.33	83.66	88.78	0.00	39	0	41	0.00	0.00	65.37	7.63	0.00	0.00	2000
230	11.24	2043	2100	0.00	197	0	0	0	nan	0.00	0.00	6.50	82.43	88.76	0.00	39	0	41	0.00	0.00	64.93	7.47	0.00	0.00	2000
231	10.97	2116	2094	0.00	200	0	0	0	nan	0.01	0.01	3.99	84.86	89.03	0.00	39	0	41	0.00	0.00	66.35	7.81	0.00	0.00	2000
235	11.32	2069	2109	0.00	206	0	0	0	nan	0.00	0.00	6.91	82.25	88.68	0.00	39	0	41	0.00	0.00	65.24	7.58	0.00	0.00	2000
231	10.89	2118	2100	0.00	200	0	0	0	nan	0.00	0.00	7.00	82.14	89.11	0.00	39	0	41	0.00	0.00	66.33	7.79	0.00	0.00	2000
230	11.11	2072	2095	0.00	196	0	0	0	nan	0.00	0.00	6.26	82.57	88.89	0.00	39	0	41	0.00	0.00	64.45	7.67	0.00	0.00	2000
230	11.01	2088	2104	0.00	197	0	0	0	nan	0.00	0.02	5.62	83.56	88.99	0.00	39	0	41	0.00	0.00	65.60	7.65	0.00	0.00	2000
229	10.96	2093	2099	0.00	198	0	0	5	83.48	0.00	0.00	5.35	83.74	89.04	0.00	39	0	41	0.00	0.00	65.20	7.65	0.00	0.00	2000
235	11.17	2092	2107	0.92	199	0	0	6	84.10	0.00	0.00	6.65	82.53	88.83	0.00	39	0	41	0.00	0.00	65.59	7.63	0.00	0.00	2000
232	10.85	2139	2095	0.00	201	0	0	0	nan	0.00	0.02	5.35	83.63	89.15	0.00	39	0	41	0.00	0.00	66.18	7.60	0.00	0.00	2000
228	10.86	2108	2095	0.00	198	0	0	0	nan	0.00	0.01	6.04	83.02	89.14	0.00	39	0	41	0.00	0.00	65.96	7.58	0.00	0.00	2000
233	11.53	2025	2098	0.00	198	0	0	0	nan	0.00	0.02	5.78	82.76	88.47	0.00	39	0	42	0.00	0.00	64.42	7.64	0.00	0.00	2000
231	10.86	2120	2105	0.00	196	0	0	0	nan	0.00	0.02	4.83	84.61	89.14	0.00	39	0	41	0.00	0.00	66.70	7.67	0.00	0.00	2000
234	11.02	2117	2102	0.00	198	0	0	0	nan	0.00	0.01	5.33	83.82	88.98	0.00	39	0	42	0.00	0.00	65.30	7.57	0.00	0.00	2000
228	10.82	2123	2087	0.00	186	0	0	0	nan	0.00	2.60	6.95	79.28	89.18	0.00	39	0	41	0.00	0.00	66.71	7.85	0.00	0.00	2000
233	10.75	2152	2114	0.00	214	0	0	0	nan	0.00	1.53	6.36	82.01	89.25	0.00	39	0	41	0.00	0.00	65.72	7.86	0.00	0.00	2000
230	11.16	2057	2104	0.00	181	0	0	0	nan	0.00	0.00	5.93	83.13	88.84	0.00	38	0	41	0.00	0.00	66.83	7.75	0.00	0.00	2000
226	11.03	2081	2066	0.00	196	0	0	0	nan	0.00	0.01	5.23	82.35	88.97	0.00	38	0	41	0.00	0.00	61.08	7.19	0.00	0.00	2000
233	10.88	2115	2125	0.00	199	0	0	0	nan	0.00	0.02	3.46	86.72	89.12	0.00	39	0	42	0.00	0.00	68.60	7.97	0.00	0.00	2000
231	10.80	2153	2088	0.00	201	0	0	0	nan	0.00	0.02	6.14	82.57	89.20	0.00	39	0	41	0.00	0.00	62.58	7.33	0.00	0.00	2000
230	11.13	2053	2114	0.00	197	0	0	0	nan	0.00	0.52	5.17	83.89	88.87	0.00	39	0	41	0.00	0.00	64.38	7.59	0.00	0.00	2000
238	11.58	2054	2105	0.00	214	0	0	0	nan	0.00	0.00	8.53	80.14	88.42	0.00	38	0	41	0.00	0.00	68.09	8.05	0.00	0.00	2000
228	10.89	2102	2090	0.00	196	0	0	0	nan	0.00	0.00	5.01	83.77	89.11	0.00	39	0	41	0.00	0.00	64.05	7.47	0.00	0.00	2000
232	11.35	2039	2108	0.00	199	0	0	0	nan	0.00	0.04	3.26	85.80	88.65	0.00	39	0	41	0.00	0.00	64.73	7.67	0.00	0.00	2000
233	11.20	2080	2098	0.00	200	0	0	2	83.97	0.00	0.00	6.46	82.35	88.80	0.00	39	0	41	0.00	0.00	66.76	7.73	0.00	0.00	2000
232	11.22	2069	2103	0.99	204	0	0	10	82.59	0.00	0.73	6.52	81.78	88.78	0.00	39	0	41	0.00	0.00	65.47	7.54	0.00	0.00	2000
229	10.99	2086	2096	0.00	198	0	0	0	nan	0.00	0.01	6.88	82.05	89.01	0.00	39	0	41	0.00	0.00	66.07	7.67	0.00	0.00	2000
231	11.29	2044	2101	0.00	198	0	0	0	nan	0.00	0.00	6.32	82.59	88.71	0.00	39	0	41	0.00	0.00	65.11	7.55	0.00	0.00	2000
228	11.22	2041	2087	0.00	182	0	0	0	nan	0.00	0.00	6.13	82.30	88.78	0.00	39	0	42	0.00	0.00	66.01	7.65	0.00	0.00	2000
230	11.02	2088	2099	0.00	195	0	0	0	nan	0.00	0.00	5.98	83.03	88.98	0.00	39	0	41	0.00	0.00	65.57	7.63	0.00	0.00	2000
233	11.11	2095	2103	0.00	203	0	0	0	nan	0.00	0.00	6.26	82.86	88.89	0.00	39	0	41	0.00	0.00	63.33	7.29	0.00	0.00	2000
230	10.78	2136	2095	0.00	197	0	0	0	nan	0.00	0.54	5.99	82.52	89.22	0.00	39	0	41	0.00	0.00	63.44	7.48	0.00	0.00	2000
234	11.29	2056	2120	0.00	198	0	0	0	nan	0.00	0.00	4.47	85.14	88.71	0.00	39	0	41	0.00	0.00	66.57	7.74	0.00	0.00	2000
229	11.12	2082	2074	0.00	213	0	0	0	nan	0.00	0.00	5.61	82.31	88.88	0.00	39	0	42	0.00	0.00	66.83	7.87	0.00	0.00	2000
230	11.21	2049	2102	0.00	199	0	0	0	nan	0.00	0.02	2.60	86.35	88.79	0.00	39	0	41	0.00	0.00	65.70	7.70	0.00	0.00	2000
236	11.19	2090	2120	0.00	198	0	0	0	nan	0.01	1.06	2.77	86.00	88.81	0.00	39	0	42	0.00	0.00	66.21	7.61	0.00	0.00	2000
226	11.09	2058	2076	0.00	197	0	0	0	nan	0.00	0.43	5.03	82.56	88.91	0.00	39	0	42	0.00	0.00	63.18	7.26	0.00	0.00	2000
234	11.01	2099	2124	0.00	198	0	0	0	nan	0.00	0.56	2.57	87.04	88.99	0.00	39	0	41	0.00	0.00	70.65	8.40	0.00	0.00	2000
228	10.72	2142	2086	0.00	199	0	0	0	nan	0.00	0.03	3.18	85.56	89.28	0.00	39	0	41	0.00	0.00	62.62	7.37	0.00	0.00	2000
232	11.03	2090	2114	0.00	214	0	0	0	nan	0.00	0.98	4.27	84.47	88.97	0.00	39	0	42	0.00	0.00	68.03	7.84	0.00	0.00	2000
233	11.05	2107	2101	0.00	198	0	0	0	nan	0.00	0.00	5.59	83.54	88.95	0.00	39	0	41	0.00	0.00	65.67	7.83	0.00	0.00	2000
231	11.04	2092	2097	0.00	183	0	0	0	nan	0.00	2.52	6.42	80.03	88.96	0.00	39	0	41	0.00	0.00	61.31	7.22	0.00	0.00	2000
234	11.24	2072	2113	0.81	199	0	0	10	81.71	0.00	0.00	6.88	82.54	88.76	0.00	39	0	42	0.00	0.00	66.35	7.81	0.00	0.00	2000
233	11.03	2111	2100	0.25	193	0	0	0	nan	0.00	0.02	4.64	84.36	88.97	0.00	39	0	42	0.00	0.00	67.49	7.85	0.00	0.00	2000
229	11.29	2039	2092	0.00	203	0	0	0	nan	0.00	0.03	5.29	83.17	88.71	0.00	39	0	41	0.00	0.00	65.57	7.54	0.00	0.00	2000
237	11.50	2066	2092	0.00	200	0	0	0	nan	0.00	0.00	5.97	82.34	88.50	0.00	39	0	42	0.00	0.00	66.10	7.72	0.00	0.00	2000
232	11.32	2048	2098	0.00	204	0	0	0	nan	0.00	0.03	6.01	82.63	88.67	0.00	39	0	41	0.00	0.00	65.91	7.68	0.00	0.00	2000
233	11.32	2048	2112	0.00	197	0	0	0	nan	0.00	0.03	3.93	85.31	88.68	0.00	39	0	42	0.00	0.00	65.37	7.62	0.00	0.00	2000
231	10.84	2128	2101	0.00	198	0	0	0	nan	0.00	0.07	3.86	85.39	89.16	0.00	39	0	42	0.00	0.00	66.73	7.76	0.00	0.00	2000
231	11.16	2072	2097	0.00	194	0	0	0	nan	0.00	0.01	5.26	83.59	88.84	0.00	39	0	42	0.00	0.00	65.65	7.77	0.00	0.00	2000
230	11.00	2089	2099	0.00	197	0	0	0	nan	0.00	0.06	4.85	84.14	89.00	0.00	39	0	42	0.00	0.00	61.72	7.41	0.00	0.00	2000
231	11.52	2007	2097	0.00	201	0	0	0	nan	0.00	0.00	6.50	81.94	88.48	0.00	39	0	42	0.00	0.00	68.41	7.76	0.00	0.00	2000
232	11.04	2089	2109	0.00	198	0	0	0	nan	0.00	0.00	7.02	82.41	88.96	0.00	39	0	41	0.00	0.00	67.36	7.93	0.00	0.00	2000
226	11.07	2082	2056	0.00	198	0	0	0	nan	0.00	0.00	5.60	81.50	88.93	0.00	39	0	42	0.00	0.00	62.89	7.33	0.00	0.00	2000
231	11.09	2047	2133	0.00	198	0	0	0	nan	0.00	0.00	4.95	85.47	88.91	0.00	39	0	42	0.00	0.00	66.92	7.75	0.00	0.00	2000
232	11.10	2083	2103	0.00	199	0	0	0	nan	0.00	0.00	3.68	85.29	88.90	0.00	39	0	41	0.00	0.00	66.96	7.76	0.00	0.00	2000
232	11.31	2046	2102	0.00	202	0	0	0	nan	0.00	0.00	6.08	82.73	88.69	0.00	39	0	42	0.00	0.00	65.89	7.61	0.00	0.00	2000
228	10.99	2096	2079	0.00	196	0	0	0	nan	0.00	0.00	5.93	82.17	89.01	0.00	39	0	41	0.00	0.00	63.51	7.58	0.00	0.00	2000
232	11.23	2080	2087	0.00	197	0	0	0	nan	0.00	0.02	2.84	85.36	88.77	0.00	39	0	41	0.00	0.00	65.86	7.70	0.00	0.00	2000
232	10.89	2083	2143	0.63	213	0	0	10	80.02	0.00	0.05	5.98	85.09	89.11	0.00	39	0	41	0.00	0.00	68.46	8.14	0.00	0.00	2000
229	10.89	2118	2086	0.42	200	0	0	0	nan	0.01	0.54	4.82	83.22	89.11	0.00	39	0	42	0.00	0.00	63.60	7.49	0.00	0.00	2000
234	11.72	1994	2106	0.00	200	0	0	0	nan	0.00	0.03	7.63	80.93	88.28	0.00	39	0	41	0.00	0.00	68.36	8.39	0.00	0.00	2000
223	11.16	2025	2068	0.00	198	0	0	0	nan	0.00	0.50	7.10	80.04	88.84	0.00	39	0	42	0.00	0.00	65.23	8.58	0.00	0.00	2000
232	11.41	2039	2097	0.00	197	0	0	0	nan	0.00	0.00	4.75	83.84	88.59	0.00	40	0	42	0.00	0.00	64.89	8.54	0.00	0.00	2000
227	10.90	2072	2115	0.00	213	0	0	0	nan	0.00	0.00	6.14	83.73	89.10	0.00	39	0	42	0.00	0.00	66.83	8.61	0.00	0.00	2000
232	11.51	2033	2081	0.00	198	0	0	0	nan	0.00	0.00	5.86	81.84	88.49	0.00	40	0	42	0.00	0.00	67.65	8.77	0.00	0.00	2000
230	10.83	2083	2143	0.00	217	0	0	0	nan	0.00	0.02	6.79	84.26	89.17	0.00	40	0	41	0.00	0.00	70.18	9.15	0.00	0.00	2000
229	10.80	2126	2094	0.00	199	0	0	0	nan	0.00	0.00	6.18	82.85	89.20	0.00	40	0	41	0.00	0.00	63.43	8.10	0.00	0.00	2000
229	10.89	2102	2100	0.00	199	0	0	0	nan	0.00	0.00	6.10	83.14	89.11	0.00	40	0	41	0.00	0.00	66.89	8.54	0.00	0.00	2000
223	11.16	2055	2042	0.00	197	0	0	0	nan	0.00	0.03	4.48	81.94	88.84	0.00	40	0	42	0.00	0.00	66.57	8.42	0.00	0.00	2000
235	10.89	2090	2166	0.00	218	0	0	0	nan	0.00	0.03	4.23	87.74	89.11	0.00	40	0	42	0.00	0.00	70.76	9.09	0.00	0.00	2000
232	11.06	2089	2105	0.00	200	0	0	0	nan	0.00	0.00	5.32	83.87	88.94	0.00	40	0	42	0.00	0.00	64.07	8.16	0.00	0.00	2000
226	10.80	2117	2075	0.00	195	0	0	0	nan	0.00	0.07	5.15	83.02	89.20	0.00	40	0	41	0.00	0.00	66.14	8.55	0.00	0.00	2000
230	11.13	2083	2086	0.00	198	0	0	0	nan	0.00	0.48	4.66	83.13	88.87	0.00	39	0	42	0.00	0.00	67.96	8.86	0.00	0.00	2000
227	10.97	2058	2107	0.00	214	0	0	0	nan	0.00	0.00	5.77	83.59	89.03	0.00	40	0	42	0.00	0.00	65.48	8.46	0.00	0.00	2000
231	10.77	2137	2107	0.00	199	0	0	0	nan	0.00	0.01	6.25	83.29	89.23	0.00	40	0	42	0.00	0.00	70.82	8.99	0.00	0.00	2000
230	11.37	2044	2078	1.56	198	0	0	46	2.51	0.00	0.00	4.74	83.02	88.63	0.00	40	0	42	0.00	0.00	64.46	8.39	0.00	0.00	2000
226	10.73	2089	2121	0.03	213	0	0	0	nan	0.00	0.02	4.91	85.26	89.27	0.00	40	0	42	0.00	0.00	65.88	8.58	0.00	0.00	2000
231	11.40	2047	2082	0.00	197	0	0	0	nan	0.00	0.00	4.21	83.69	88.60	0.00	39	0	41	0.00	0.00	68.30	8.87	0.00	0.00	2000
238	11.10	2125	2115	0.00	221	0	0	0	nan	0.00	0.01	5.69	83.83	88.90	0.00	40	0	41	0.00	0.00	65.64	8.20	0.00	0.00	2000
233	10.88	2110	2128	0.00	196	0	0	0	nan	0.00	0.00	4.70	85.71	89.12	0.00	40	0	42	0.00	0.00	71.93	8.74	0.00	0.00	2000
225	11.41	2023	2047	0.00	195	0	0	0	nan	0.00	0.05	2.52	83.88	88.59	0.00	40	0	42	0.00	0.00	63.79	8.50	0.00	0.00	2000
230	10.92	2089	2117	0.00	212	0	0	0	nan	0.00	0.05	2.29	87.42	89.08	0.00	40	0	42	0.00	0.00	67.72	8.54	0.00	0.00	2000
229	10.79	2104	2116	0.00	220	0	0	0	nan	0.00	0.00	5.12	84.89	89.21	0.00	39	0	42	0.00	0.00	65.33	8.26	0.00	0.00	2000
230	11.26	2062	2081	0.00	200	0	0	0	nan	0.00	0.48	6.18	81.35	88.74	0.00	40	0	42	0.00	0.00	67.76	8.65	0.00	0.00	2000
229	10.60	2133	2124	0.00	216	0	0	0	nan	0.00	1.00	7.74	81.74	89.40	0.00	40	0	42	0.00	0.00	66.56	8.50	0.00	0.00	2000
227	11.40	2018	2073	0.00	197	0	0	0	nan	0.00	0.00	5.44	82.10	88.60	0.00	40	0	42	0.00	0.00	67.16	8.73	0.00	0.00	2000
235	11.07	2065	2156	0.00	216	0	0	0	nan	0.00	0.00	5.39	86.00	88.93	0.00	40	0	42	0.00	0.00	68.30	8.66	0.00	0.00	2000
227	11.10	2049	2095	0.00	197	0	0	0	nan	0.00	0.00	7.43	81.42	88.90	0.00	40	0	42	0.00	0.00	66.97	8.56	0.00	0.00	2000
229	11.07	2059	2108	0.00	197	0	0	0	nan	0.00	0.00	6.18	83.13	88.93	0.00	40	0	42	0.00	0.00	66.81	8.59	0.00	0.00	2000
228	11.17	2052	2089	0.00	196	0	0	0	nan	0.00	0.00	6.18	82.37	88.83	0.00	40	0	42	0.00	0.00	66.99	8.34	0.00	0.00	2000
230	11.07	2070	2106	0.00	199	0	0	0	nan	0.00	0.00	6.33	82.95	88.93	0.00	40	0	42	0.00	0.00	67.36	8.67	0.00	0.00	2000
227	11.19	2050	2082	0.00	198	0	0	19	7.54	0.00	1.08	4.62	82.53	88.81	0.00	40	0	42	0.00	0.00	66.07	8.57	0.00	0.00	2000
224	11.22	2050	2049	1.49	201	0	0	29	6.48	0.00	0.00	5.05	81.63	88.78	0.00	40	0	42	0.00	0.00	66.57	8.55	0.00	0.00	2000
226	10.88	2077	2104	0.00	212	0	0	0	nan	0.00	0.96	2.39	86.01	89.12	0.00	40	0	42	0.00	0.00	66.87	8.43	0.00	0.00	2000
233	11.11	2071	2128	0.00	213	0	0	0	nan	0.00	0.06	2.81	87.34	88.89	0.00	39	0	42	0.00	0.00	66.51	8.61	0.00	0.00	2000
231	10.86	2089	2136	0.00	217	0	0	0	nan	0.00	2.13	4.25	84.50	89.14	0.00	40	0	41	0.00	0.00	66.49	8.61	0.00	0.00	2000
228	11.15	2044	2099	0.00	198	0	0	0	nan	0.00	0.00	6.48	82.50	88.85	0.00	40	0	42	0.00	0.00	69.52	8.58	0.00	0.00	2000
229	11.13	2049	2105	0.00	196	0	0	0	nan	0.00	0.00	7.15	82.07	88.87	0.00	40	0	42	0.00	0.00	64.77	8.55	0.00	0.00	2000
228	11.06	2073	2093	0.00	197	0	0	0	nan	0.00	0.00	6.68	82.05	88.94	0.00	40	0	42	0.00	0.00	66.85	8.57	0.00	0.00	2000
228	11.19	2024	2111	0.00	198	0	0	0	nan	0.00	0.00	6.70	82.69	88.81	0.00	40	0	42	0.00	0.00	66.64	8.50	0.00	0.00	2000
228	11.11	2079	2070	0.00	197	0	0	0	nan	0.00	0.00	5.53	82.16	88.89	0.00	39	0	41	0.00	0.00	66.24	8.47	0.00	0.00	2000
225	11.06	2040	2098	0.00	205	0	0	0	nan	0.00	0.00	4.76	84.27	88.94	0.00	40	0	42	0.00	0.00	68.49	8.83	0.00	0.00	2000
233	11.32	2079	2081	0.00	196	0	0	0	nan	0.00	0.00	4.35	83.58	88.68	0.00	40	0	42	0.00	0.00	63.90	8.12	0.00	0.00	2000
229	10.83	2076	2139	0.00	218	0	0	0	nan	0.00	0.00	5.86	85.12	89.17	0.00	40	0	42	0.00	0.00	69.60	8.91	0.00	0.00	2000
230	10.93	2098	2108	0.00	198	0	0	0	nan	0.00	0.04	4.75	84.72	89.07	0.00	40	0	42	0.00	0.00	67.17	8.49	0.00	0.00	2000
228	11.06	2067	2097	0.00	200	0	0	0	nan	0.00	0.19	5.39	83.35	88.94	0.00	39	0	42	0.00	0.00	62.83	7.95	0.00	0.00	2000
228	11.29	2028	2094	0.00	197	0	0	0	nan	0.00	0.51	7.75	80.34	88.71	0.00	39	0	42	0.00	0.00	68.09	7.53	0.00	0.00	2000
229	11.37	2013	2106	0.00	197	0	0	0	nan	0.00	0.00	6.72	82.30	88.63	0.00	39	0	42	0.00	0.00	64.96	7.49	0.00	0.00	2000
228	11.16	2047	2094	0.11	198	0	0	1	81.60	0.00	0.00	6.82	81.91	88.84	0.00	39	0	42	0.00	0.00	64.81	7.51	0.00	0.00	2000
225	11.38	1998	2078	0.90	198	0	0	1	90.36	0.00	0.00	6.47	81.34	88.62	0.00	39	0	42	0.00	0.00	63.05	7.43	0.00	0.00	2000
231	11.42	2057	2063	0.00	202	0	0	0	nan	0.00	0.01	4.87	82.25	88.58	0.00	39	0	42	0.00	0.00	62.58	7.38	0.00	0.00	2000
231	11.21	2036	2130	0.00	215	0	0	0	nan	0.00	0.00	5.83	84.31	88.79	0.00	39	0	42	0.00	0.00	66.01	7.83	0.00	0.00	2000
225	10.90	2061	2104	0.00	213	0	0	0	nan	0.00	0.01	4.88	84.48	89.10	0.00	39	0	42	0.00	0.00	66.14	7.62	0.00	0.00	2000
227	10.83	2076	2122	0.00	197	0	0	0	nan	0.00	0.00	4.56	85.64	89.17	0.00	38	0	41	0.00	0.00	68.75	8.32	0.00	0.00	2000
168	9.62	1752	2088	0.00	230	0	0	0	nan	0.00	0.00	7.83	81.92	90.38	0.00	37	0	42	0.00	0.00	58.85	7.14	0.00	0.00	2000
163	9.79	1551	2262	0.00	85	0	0	0	nan	0.00	0.00	26.61	70.73	90.21	0.00	37	0	42	0.00	0.00	85.22	10.44	0.00	0.00	2000
