Avg_MHz	Busy%	Bzy_MHz	TSC_MHz	IPC	IRQ	NMI	SMI	LLCMRPS	LLC%hit	POLL%	C1%	C1E%	C6%	CPU%c1	CPU%c6	CoreTmp	CoreThr	PkgTmp	Pkg%pc2	Pkg%pc6	PkgWatt	RAMWatt	PKG_%	RAM_%	UncMHz
285	16.29	1749	2101	0.00	209	0	0	0	nan	0.00	0.00	25.86	57.96	83.71	0.00	37	0	42	0.00	0.00	62.99	7.55	0.00	0.00	2000
401	18.10	2233	2082	0.00	244	0	0	0	nan	0.01	1.45	13.23	66.77	81.90	0.00	38	0	41	0.00	0.00	68.80	7.75	0.00	0.00	2000
159	9.75	1597	2145	0.00	228	0	0	0	nan	0.00	1.00	13.44	77.86	90.25	0.00	36	0	42	0.00	0.00	60.67	7.24	0.00	0.00	2000
75	6.90	1075	2127	0.00	194	0	0	0	nan	0.00	0.00	2.54	91.82	93.10	0.00	36	0	42	0.00	0.00	59.97	7.65	0.00	0.00	2000
75	6.84	1090	2108	0.00	194	0	0	0	nan	0.00	0.02	2.46	91.15	93.16	0.00	36	0	42	0.00	0.00	59.52	7.32	0.00	0.00	2000
73	7.00	1047	2093	0.00	196	0	0	0	nan	0.00	0.02	4.36	88.45	93.00	0.00	36	0	42	0.00	0.00	59.37	7.50	0.00	0.00	2000
75	6.80	1097	2106	0.00	195	0	0	0	nan	0.00	0.02	4.10	89.41	93.20	0.00	36	0	42	0.00	0.00	58.70	7.33	0.00	0.00	2000
73	6.61	1115	2083	0.00	195	0	0	0	nan	0.00	0.00	3.56	89.08	93.39	0.00	36	0	42	0.00	0.00	59.23	7.61	0.00	0.00	2000
74	6.55	1126	2117	0.00	194	0	0	0	nan	0.00	0.00	4.12	90.08	93.45	0.00	36	0	42	0.00	0.00	59.15	7.50	0.00	0.00	2000
73	6.53	1135	2082	0.00	177	0	0	0	nan	0.00	0.00	2.89	89.88	93.47	0.00	36	0	42	0.00	0.00	54.52	7.09	0.00	0.00	2000
73	6.38	1142	2112	0.00	195	0	0	0	nan	0.00	0.00	3.58	90.52	93.62	0.00	36	0	42	0.00	0.00	59.46	7.31	0.00	0.00	2000
71	6.98	1027	2080	0.00	194	0	0	0	nan	0.00	0.00	2.90	89.41	93.02	0.00	36	0	41	0.00	0.00	57.14	7.18	0.00	0.00	2000
72	7.14	1004	2123	0.00	209	0	0	0	nan	0.00	0.00	3.79	90.14	92.86	0.00	36	0	42	0.00	0.00	61.54	7.83	0.00	0.00	2000
72	6.72	1070	2100	0.00	193	0	0	0	nan	0.00	0.02	3.54	89.79	93.28	0.00	36	0	42	0.00	0.00	58.49	7.39	0.00	0.00	2000
73	6.64	1103	2099	0.00	194	0	0	0	nan	0.00	0.01	3.54	89.78	93.36	0.00	36	0	42	0.00	0.00	59.30	7.43	0.00	0.00	2000
71	6.67	1067	2102	0.00	193	0	0	1	89.06	0.00	0.02	3.43	89.98	93.33	0.00	36	0	42	0.00	0.00	58.48	7.36	0.00	0.00	2000
72	6.53	1121	2067	0.29	193	0	0	1	88.22	0.00	0.02	2.77	89.12	93.47	0.00	36	0	42	0.00	0.00	57.60	7.18	0.00	0.00	2000
73	6.60	1101	2115	0.00	193	0	0	0	nan	0.00	0.03	1.50	92.56	93.40	0.00	36	0	42	0.00	0.00	58.27	7.39	0.00	0.00	2000
128	8.00	1597	2096	0.00	216	0	0	0	nan	0.02	0.01	5.39	86.41	92.00	0.00	37	0	42	0.00	0.00	60.72	7.43	0.00	0.00	2000
232	11.19	2052	2124	0.00	219	0	0	0	nan	0.00	0.00	4.26	85.65	88.82	0.00	39	0	42	0.00	0.00	69.89	7.74	0.00	0.00	2000
231	11.09	2085	2097	0.00	203	0	0	0	nan	0.00	0.00	3.29	85.63	88.91	0.00	39	0	42	0.00	0.00	62.86	7.51	0.00	0.00	2000
229	10.85	2117	2096	0.00	186	0	0	0	nan	0.00	0.02	3.35	85.72	89.15	0.00	39	0	42	0.00	0.00	63.59	7.35	0.00	0.00	2000
230	11.07	2105	2069	0.00	208	0	0	0	nan	0.00	0.00	3.74	83.95	88.93	0.00	38	0	42	0.00	0.00	60.01	6.98	0.00	0.00	2000
234	11.14	2053	2144	0.00	230	0	0	0	nan	0.00	0.02	6.19	84.61	88.86	0.00	37	0	42	0.00	0.00	74.35	8.58	0.00	0.00	2000
263	12.45	2126	2085	0.00	198	0	0	0	nan	0.00	0.02	4.47	82.64	87.55	0.00	38	0	42	0.00	0.00	65.83	7.71	0.00	0.00	2000
235	11.22	2087	2111	0.00	196	0	0	0	nan	0.00	0.02	4.16	85.18	88.78	0.00	36	0	42	0.00	0.00	66.99	7.93	0.00	0.00	2000
235	11.41	2095	2064	0.00	201	0	0	0	nan	0.00	0.02	3.50	83.77	88.59	0.00	36	0	41	0.00	0.00	64.59	7.69	0.00	0.00	2000
227	10.82	2072	2123	0.00	222	0	0	0	nan	0.00	0.00	5.54	84.74	89.18	0.00	36	0	41	0.00	0.00	69.21	7.97	0.00	0.00	2000
227	11.31	2022	2083	0.00	197	0	0	0	nan	0.00	0.00	6.52	81.59	88.69	0.00	37	0	42	0.00	0.00	64.15	7.51	0.00	0.00	2000
234	11.43	2026	2126	0.00	198	0	0	0	nan	0.00	0.00	5.23	84.62	88.57	0.00	37	0	42	0.00	0.00	65.30	7.39	0.00	0.00	2000
226	11.00	2082	2072	0.00	197	0	0	0	nan	0.00	0.00	5.34	82.55	89.00	0.00	37	0	42	0.00	0.00	63.85	7.08	0.00	0.00	2000
234	11.65	2015	2092	0.00	201	0	0	0	nan	0.00	0.01	4.62	83.42	88.35	0.00	37	0	42	0.00	0.00	63.68	7.22	0.00	0.00	2000
225	11.08	2029	2097	0.00	214	0	0	5	81.30	0.00	0.01	5.80	83.08	88.92	0.00	38	0	42	0.00	0.00	64.92	7.38	0.00	0.00	2000
234	11.30	2067	2108	0.65	199	0	0	9	84.02	0.00	0.00	4.43	84.70	88.70	0.00	36	0	42	0.00	0.00	65.86	7.42	0.00	0.00	2000
226	10.85	2070	2115	0.00	215	0	0	0	nan	0.00	0.00	5.69	84.25	89.15	0.00	37	0	42	0.00	0.00	66.65	7.60	0.00	0.00	2000
229	10.98	2098	2088	0.00	201	0	0	0	nan	0.00	0.01	3.36	85.13	89.02	0.00	37	0	42	0.00	0.00	57.00	6.56	0.00	0.00	2000
235	11.08	2132	2088	0.00	279	0	0	0	nan	0.00	0.01	7.65	80.82	88.92	0.00	38	0	42	0.00	0.00	76.20	8.66	0.00	0.00	2000
301	13.13	2290	2104	0.00	196	0	0	0	nan	0.00	0.00	7.00	80.16	86.87	0.00	37	0	41	0.00	0.00	64.37	7.27	0.00	0.00	2000
214	10.44	2008	2144	0.00	237	0	0	0	nan	0.02	0.00	8.46	83.03	89.56	0.00	38	0	41	0.00	0.00	69.81	8.09	0.00	0.00	2000
113	8.34	1377	2067	0.00	224	0	0	0	nan	0.04	0.00	8.69	81.54	91.66	0.00	36	0	42	0.00	0.00	58.26	7.14	0.00	0.00	2000
82	7.35	1094	2135	0.00	193	0	0	0	nan	0.00	0.00	3.68	90.59	92.65	0.00	36	0	42	0.00	0.00	61.15	7.64	0.00	0.00	2000
73	6.75	1100	2076	0.00	193	0	0	0	nan	0.00	0.01	2.54	89.73	93.25	0.00	36	0	42	0.00	0.00	57.99	7.23	0.00	0.00	2000
76	6.84	1098	2122	0.00	195	0	0	0	nan	0.00	0.01	3.60	90.62	93.16	0.00	36	0	42	0.00	0.00	59.25	7.50	0.00	0.00	2000
