Avg_MHz	Busy%	Bzy_MHz	TSC_MHz	IPC	IRQ	NMI	SMI	LLCMRPS	LLC%hit	POLL%	C1%	C1E%	C6%	CPU%c1	CPU%c6	CoreTmp	CoreThr	PkgTmp	Pkg%pc2	Pkg%pc6	PkgWatt	RAMWatt	PKG_%	RAM_%	UncMHz
376	17.15	2122	2170	0.00	228	0	0	0	nan	0.00	0.88	34.98	49.96	82.85	0.00	36	0	42	0.00	0.00	69.47	7.73	0.00	0.00	2000
298	14.40	2066	2105	0.00	217	0	0	0	nan	0.05	3.27	24.95	57.73	85.60	0.00	37	0	42	0.00	0.00	67.93	7.70	0.00	0.00	2000
84	6.93	1215	2093	0.00	195	0	0	0	nan	0.00	0.02	6.30	86.61	93.07	0.00	37	0	42	0.00	0.00	60.22	7.34	0.00	0.00	2000
73	6.87	1059	2112	0.00	194	0	0	0	nan	0.00	0.00	4.17	89.62	93.13	0.00	37	0	42	0.00	0.00	59.30	7.38	0.00	0.00	2000
72	6.73	1082	2080	0.00	193	0	0	0	nan	0.00	0.00	3.84	88.65	93.27	0.00	37	0	42	0.00	0.00	57.94	7.42	0.00	0.00	2000
73	6.60	1089	2120	0.00	196	0	0	0	nan	0.00	0.00	2.60	91.81	93.40	0.00	36	0	42	0.00	0.00	60.01	7.48	0.00	0.00	2000
73	7.00	1047	2103	0.00	193	0	0	0	nan	0.00	0.01	2.75	90.48	93.00	0.00	36	0	42	0.00	0.00	58.89	7.39	0.00	0.00	2000
71	6.64	1083	2075	0.00	193	0	0	0	nan	0.00	0.00	3.13	89.24	93.36	0.00	37	0	42	0.00	0.00	58.69	7.46	0.00	0.00	2000
72	6.61	1085	2107	0.00	193	0	0	0	nan	0.00	0.00	2.30	91.51	93.39	0.00	36	0	42	0.00	0.00	57.79	7.25	0.00	0.00	2000
73	6.88	1047	2122	0.00	196	1	0	0	nan	0.00	0.06	2.32	91.84	93.12	0.00	36	0	42	0.00	0.00	59.76	7.53	0.00	0.00	2000
72	6.90	1066	2066	0.00	195	0	0	0	nan	0.00	0.00	2.84	88.90	93.10	0.00	36	0	42	0.00	0.00	57.66	7.43	0.00	0.00	2000
70	7.00	1002	2105	0.00	209	0	0	0	nan	0.00	0.02	2.20	91.14	93.00	0.00	37	0	42	0.00	0.00	59.16	7.63	0.00	0.00	2000
73	7.22	1004	2128	0.00	193	0	0	0	nan	0.00	0.00	3.14	90.95	92.78	0.00	36	0	42	0.00	0.00	60.66	7.79	0.00	0.00	2000
72	6.75	1063	2104	0.00	194	0	0	0	nan	0.00	0.02	2.86	90.56	93.25	0.00	36	0	42	0.00	0.00	59.29	7.54	0.00	0.00	2000
72	6.90	1048	2100	0.00	195	0	0	0	nan	0.00	0.01	2.84	90.30	93.10	0.00	36	0	42	0.00	0.00	58.24	7.19	0.00	0.00	2000
71	7.09	1006	2099	0.00	194	0	0	1	87.95	0.00	0.03	2.87	90.23	92.91	0.00	36	0	42	0.00	0.00	58.85	7.40	0.00	0.00	2000
71	6.62	1088	2083	0.30	193	0	0	1	88.50	0.00	0.00	3.00	89.78	93.38	0.00	36	0	42	0.00	0.00	58.29	7.50	0.00	0.00	2000
75	6.89	1083	2101	0.03	194	0	0	0	nan	0.00	0.00	2.42	90.86	93.11	0.00	37	0	42	0.00	0.00	58.29	7.36	0.00	0.00	2000
224	11.34	2001	2070	0.00	224	0	0	0	nan	0.00	0.68	6.21	80.72	88.66	0.00	37	0	42	0.00	0.00	62.00	7.36	0.00	0.00	2000
234	10.97	2093	2141	0.00	214	0	0	0	nan	0.00	0.08	4.18	86.64	89.03	0.00	37	0	42	0.00	0.00	67.48	7.76	0.00	0.00	2000
229	11.29	2031	2098	0.00	198	0	0	0	nan	0.00	0.00	4.49	84.35	88.71	0.00	38	0	42	0.00	0.00	61.59	7.41	0.00	0.00	2000
229	11.11	2063	2099	0.00	198	0	0	0	nan	0.00	0.00	5.17	83.81	88.89	0.00	38	0	42	0.00	0.00	67.68	7.51	0.00	0.00	2000
234	11.20	2086	2106	0.00	196	0	0	0	nan	0.00	0.00	6.02	83.16	88.80	0.00	37	0	42	0.00	0.00	66.53	7.96	0.00	0.00	2000
227	11.35	2057	2040	0.00	187	0	0	0	nan	0.00	0.03	5.47	80.80	88.65	0.00	37	0	42	0.00	0.00	63.74	7.45	0.00	0.00	2000
232	11.25	2000	2167	0.00	220	0	0	0	nan	0.00	0.01	4.35	87.46	88.75	0.00	38	0	42	0.00	0.00	69.34	8.01	0.00	0.00	2000
229	11.29	2034	2096	0.00	201	0	0	0	nan	0.00	0.02	2.99	85.69	88.71	0.00	38	0	42	0.00	0.00	66.33	7.80	0.00	0.00	2000
231	11.20	2058	2103	0.00	201	0	0	0	nan	0.00	0.00	3.00	86.06	88.80	0.00	39	0	42	0.00	0.00	64.85	7.32	0.00	0.00	2000
227	11.08	2075	2070	0.00	203	0	0	0	nan	0.00	0.00	3.62	84.05	88.92	0.00	39	0	42	0.00	0.00	63.67	7.24	0.00	0.00	2000
233	11.34	2025	2132	0.00	226	0	0	0	nan	0.00	0.01	4.58	85.58	88.66	0.00	40	0	42	0.00	0.00	66.57	8.04	0.00	0.00	2000
227	10.89	2095	2094	0.00	203	0	0	0	nan	0.00	0.00	3.60	85.40	89.11	0.00	40	0	42	0.00	0.00	62.55	6.96	0.00	0.00	2000
230	11.26	2039	2104	0.00	204	0	0	0	nan	0.00	0.00	4.49	84.61	88.74	0.00	40	0	42	0.00	0.00	65.09	7.56	0.00	0.00	2000
224	10.74	2105	2078	0.00	204	0	0	0	nan	0.00	0.01	3.32	85.14	89.26	0.00	40	0	42	0.00	0.00	65.39	7.52	0.00	0.00	2000
232	11.39	2019	2122	0.00	230	0	0	7	89.84	0.00	0.02	4.29	85.43	88.61	0.00	40	0	42	0.00	0.00	66.16	7.43	0.00	0.00	2000
227	11.20	2052	2077	0.64	202	0	0	14	92.28	0.00	0.02	3.26	84.73	88.80	0.00	40	0	42	0.00	0.00	63.87	7.21	0.00	0.00	2000
232	11.20	2059	2117	0.00	217	0	0	0	nan	0.00	0.00	4.31	85.33	88.80	0.00	41	0	42	0.00	0.00	64.20	7.38	0.00	0.00	2000
225	10.98	2067	2085	0.00	188	0	0	0	nan	0.00	0.02	4.36	84.15	89.02	0.00	40	0	42	0.00	0.00	65.87	7.30	0.00	0.00	2000
241	12.34	2020	2034	0.00	222	0	0	0	nan	0.00	0.03	4.17	80.87	87.66	0.00	39	0	42	0.00	0.00	62.25	7.30	0.00	0.00	2000
233	11.16	2002	2188	0.00	234	0	0	0	nan	0.00	0.00	6.90	85.76	88.84	0.00	37	0	42	0.00	0.00	68.61	7.81	0.00	0.00	2000
232	11.60	1993	2104	0.00	201	0	0	0	nan	0.00	0.00	4.47	84.32	88.40	0.00	38	0	42	0.00	0.00	64.78	7.42	0.00	0.00	2000
231	11.25	2052	2103	0.00	197	0	0	0	nan	0.00	0.00	3.86	85.11	88.75	0.00	38	0	42	0.00	0.00	69.61	7.72	0.00	0.00	2000
231	11.40	2063	2061	0.00	196	0	0	0	nan	0.00	0.00	3.13	83.97	88.60	0.00	38	0	42	0.00	0.00	61.99	6.93	0.00	0.00	2000
224	10.81	2066	2109	0.00	220	0	0	0	nan	0.00	0.03	6.54	83.17	89.19	0.00	39	0	42	0.00	0.00	66.05	7.53	0.00	0.00	2000
235	11.65	1993	2122	0.00	201	0	0	0	nan	0.00	0.00	7.63	81.74	88.35	0.00	38	0	42	0.00	0.00	67.86	7.74	0.00	0.00	2000
233	11.22	2069	2111	0.00	199	0	0	0	nan	0.00	0.01	4.16	85.22	88.78	0.00	38	0	42	0.00	0.00	66.06	7.57	0.00	0.00	2000
229	11.47	2042	2057	0.00	197	0	0	0	nan	0.00	0.00	4.17	82.59	88.53	0.00	38	0	42	0.00	0.00	61.58	7.13	0.00	0.00	2000
233	11.41	1997	2143	0.00	212	0	0	0	nan	0.00	0.02	5.69	84.87	88.60	0.00	38	0	42	0.00	0.00	69.20	7.91	0.00	0.00	2000
229	11.27	2031	2097	0.00	199	0	0	0	nan	0.00	0.02	5.83	82.94	88.73	0.00	38	0	42	0.00	0.00	67.08	7.69	0.00	0.00	2000
225	11.27	2031	2066	0.00	197	0	0	0	nan	0.00	0.02	4.32	83.18	88.73	0.00	38	0	42	0.00	0.00	63.12	7.31	0.00	0.00	2000
242	11.60	2064	2126	0.00	202	0	0	0	nan	0.00	0.02	5.92	83.66	88.40	0.00	37	0	42	0.00	0.00	69.52	8.00	0.00	0.00	2000
234	11.26	2062	2113	0.06	196	0	0	4	71.70	0.00	0.00	7.77	81.63	88.74	0.00	37	0	42	0.00	0.00	64.00	7.54	0.00	0.00	2000
238	11.27	2113	2100	0.57	195	0	0	3	78.29	0.00	0.00	6.44	82.35	88.74	0.00	37	0	42	0.00	0.00	64.76	7.56	0.00	0.00	2000
228	11.51	2073	2008	0.00	201	0	0	0	nan	0.00	0.00	6.89	77.85	88.49	0.00	37	0	42	0.00	0.00	63.39	7.33	0.00	0.00	2000
236	10.98	2061	2193	0.00	196	0	0	0	nan	0.00	0.01	7.24	85.71	89.02	0.00	37	0	42	0.00	0.00	68.47	7.97	0.00	0.00	2000
232	11.25	2062	2103	0.00	194	0	0	0	nan	0.00	0.00	7.59	81.38	88.75	0.00	37	0	42	0.00	0.00	63.91	7.46	0.00	0.00	2000
452	21.07	2384	1888	0.00	212	0	0	0	nan	0.01	0.04	3.82	67.25	78.93	0.00	39	0	42	0.00	0.00	65.49	7.53	0.00	0.00	2000
684	27.90	2500	2059	0.00	233	0	0	0	nan	0.00	0.01	3.58	67.21	72.10	0.00	40	0	42	0.00	0.00	76.69	8.36	0.00	0.00	2000
685	27.38	2500	2103	0.00	246	0	0	0	nan	0.00	0.01	4.07	68.77	72.62	0.00	40	0	42	0.00	0.00	78.61	8.24	0.00	0.00	2000
683	27.38	2500	2096	0.00	247	0	0	0	nan	0.00	0.03	4.60	67.98	72.62	0.00	41	0	42	0.00	0.00	77.77	8.01	0.00	0.00	2000
688	27.44	2500	2106	0.00	249	0	0	0	nan	0.01	0.00	4.72	68.18	72.56	0.00	41	0	42	0.00	0.00	78.26	8.18	0.00	0.00	2000
684	27.43	2500	2095	0.00	250	0	0	0	nan	0.00	0.00	4.40	68.11	72.57	0.00	41	0	42	0.00	0.00	78.12	7.84	0.00	0.00	2000
685	27.32	2500	2105	0.00	246	0	0	0	nan	0.00	0.01	3.99	68.98	72.68	0.00	41	0	42	0.00	0.00	78.10	7.61	0.00	0.00	2000
686	27.49	2500	2096	0.00	248	0	0	0	nan	0.00	0.00	4.11	68.39	72.51	0.00	41	0	42	0.00	0.00	78.08	7.77	0.00	0.00	2000
686	27.36	2500	2105	0.00	246	0	0	0	nan	0.00	0.00	4.21	68.72	72.64	0.00	41	0	42	0.00	0.00	77.84	7.42	0.00	0.00	2000
687	27.53	2500	2095	0.00	249	0	0	0	nan	0.00	0.01	5.07	67.35	72.47	0.00	41	0	42	0.00	0.00	77.96	7.60	0.00	0.00	2000
684	27.31	2500	2104	1.41	247	0	0	40	90.26	0.00	0.00	3.72	69.24	72.69	0.00	41	0	42	0.00	0.00	77.85	7.50	0.00	0.00	2000
688	27.58	2500	2096	0.39	249	0	0	0	nan	0.00	0.12	2.52	69.82	72.42	0.00	41	0	42	0.00	0.00	78.04	7.29	0.00	0.00	2000
687	27.41	2500	2105	0.00	248	0	0	0	nan	0.00	0.01	2.00	70.85	72.59	0.00	41	0	42	0.00	0.00	77.80	7.54	0.00	0.00	2000
686	27.52	2500	2095	0.00	250	0	0	0	nan	0.00	0.43	4.41	67.61	72.48	0.00	41	0	42	0.00	0.00	77.95	7.38	0.00	0.00	2000
685	27.35	2500	2104	0.00	245	0	0	0	nan	0.00	0.00	4.35	68.57	72.65	0.00	41	0	42	0.00	0.00	77.58	7.29	0.00	0.00	2000
686	27.52	2500	2094	0.00	251	0	0	0	nan	0.00	0.01	4.71	67.68	72.48	0.00	41	0	42	0.00	0.00	78.02	7.32	0.00	0.00	2000
694	27.66	2500	2108	0.00	260	0	0	0	nan	0.00	0.00	7.47	65.26	72.34	0.00	41	0	42	0.00	0.00	78.00	7.49	0.00	0.00	2000
686	27.53	2500	2094	0.00	246	0	0	0	nan	0.00	0.00	4.79	67.60	72.47	0.00	41	0	42	0.00	0.00	77.97	7.55	0.00	0.00	2000
686	27.40	2500	2104	0.00	245	0	0	0	nan	0.00	0.00	5.72	67.13	72.60	0.00	41	0	42	0.00	0.00	78.00	7.64	0.00	0.00	2000
687	27.53	2500	2096	0.00	249	0	0	0	nan	0.00	0.01	4.75	67.68	72.47	0.00	41	0	42	0.00	0.00	77.96	7.43	0.00	0.00	2000
687	27.40	2500	2105	0.00	246	0	0	0	nan	0.00	0.02	4.38	68.50	72.60	0.00	41	0	42	0.00	0.00	77.83	7.49	0.00	0.00	2000
686	27.50	2500	2096	0.00	247	0	0	0	nan	0.00	0.01	4.54	67.93	72.50	0.00	41	0	42	0.00	0.00	77.82	7.46	0.00	0.00	2000
685	27.37	2500	2104	0.00	250	0	0	0	nan	0.00	0.00	3.56	69.31	72.63	0.00	41	0	42	0.00	0.00	77.84	7.49	0.00	0.00	2000
686	27.49	2500	2096	0.00	245	0	0	2	83.79	0.00	0.43	2.26	69.80	72.51	0.00	41	0	42	0.00	0.00	77.83	7.57	0.00	0.00	2000
687	27.42	2500	2105	1.80	251	0	0	40	90.70	0.01	2.43	3.47	67.02	72.58	0.00	41	0	42	0.00	0.00	78.04	7.53	0.00	0.00	2000
692	27.73	2500	2096	0.00	251	0	0	0	nan	0.00	0.01	4.53	67.71	72.27	0.00	41	0	42	0.00	0.00	78.24	7.32	0.00	0.00	2000
686	27.41	2500	2103	0.00	249	0	0	0	nan	0.00	0.00	5.39	67.44	72.59	0.00	41	0	42	0.00	0.00	77.77	7.56	0.00	0.00	2000
686	27.51	2500	2096	0.00	247	0	0	0	nan	0.00	0.01	4.79	67.67	72.49	0.00	41	0	42	0.00	0.00	78.07	7.51	0.00	0.00	2000
685	27.35	2500	2104	0.00	252	0	0	0	nan	0.00	0.00	5.99	66.91	72.65	0.00	41	0	42	0.00	0.00	77.99	7.57	0.00	0.00	2000
685	27.48	2500	2095	0.00	246	0	0	0	nan	0.00	0.01	4.01	68.45	72.52	0.00	41	0	42	0.00	0.00	77.96	7.46	0.00	0.00	2000
686	27.35	2500	2105	0.00	250	0	0	0	nan	0.00	0.00	4.39	68.58	72.65	0.00	41	0	42	0.00	0.00	77.74	7.56	0.00	0.00	2000
686	27.51	2500	2095	0.00	247	0	0	0	nan	0.00	0.01	4.35	68.07	72.49	0.00	41	0	42	0.00	0.00	78.13	7.55	0.00	0.00	2000
686	27.38	2500	2105	0.00	248	0	0	0	nan	0.00	0.00	3.84	69.06	72.62	0.00	41	0	42	0.00	0.00	77.81	7.51	0.00	0.00	2000
686	27.50	2500	2096	0.00	247	0	0	0	nan	0.00	0.01	3.77	68.68	72.50	0.00	41	0	42	0.00	0.00	77.97	7.51	0.00	0.00	2000
685	27.34	2500	2104	0.00	248	0	0	0	nan	0.00	0.00	2.89	70.04	72.66	0.00	41	0	42	0.00	0.00	78.06	7.61	0.00	0.00	2000
686	27.52	2500	2095	0.00	248	0	0	0	nan	0.01	0.03	1.96	70.47	72.49	0.00	41	0	42	0.00	0.00	77.92	7.61	0.00	0.00	2000
686	27.38	2500	2105	0.00	250	0	0	0	nan	0.00	0.77	4.59	67.55	72.62	0.00	41	0	42	0.00	0.00	77.97	7.63	0.00	0.00	2000
686	27.51	2500	2095	0.00	245	0	0	19	89.63	0.00	0.01	4.43	68.01	72.49	0.00	41	0	42	0.00	0.00	77.93	7.38	0.00	0.00	2000
687	27.41	2500	2105	1.77	248	0	0	24	89.84	0.00	0.00	5.30	67.59	72.59	0.00	41	0	42	0.00	0.00	78.04	7.58	0.00	0.00	2000
686	27.48	2500	2095	0.00	246	0	0	0	nan	0.00	0.01	4.03	68.43	72.52	0.00	41	0	42	0.00	0.00	77.84	7.59	0.00	0.00	2000
686	27.39	2500	2105	0.00	252	0	0	0	nan	0.00	0.00	5.22	67.68	72.61	0.00	41	0	42	0.00	0.00	77.86	7.70	0.00	0.00	2000
700	28.05	2500	2097	0.00	245	0	0	0	nan	0.00	0.03	4.30	67.65	71.95	0.00	41	0	42	0.00	0.00	77.99	7.48	0.00	0.00	2000
700	27.96	2500	2102	0.00	250	0	0	0	nan	0.00	0.00	4.35	67.87	72.04	0.00	41	0	42	0.00	0.00	78.08	7.55	0.00	0.00	2000
686	27.48	2500	2096	0.00	245	0	0	0	nan	0.00	0.01	3.50	68.99	72.52	0.00	41	0	42	0.00	0.00	78.04	7.51	0.00	0.00	2000
686	27.37	2500	2104	0.00	249	0	0	0	nan	0.00	0.00	4.12	68.78	72.63	0.00	41	0	42	0.00	0.00	77.85	7.50	0.00	0.00	2000
686	27.52	2500	2095	0.00	246	0	0	0	nan	0.00	0.04	4.55	67.84	72.48	0.00	41	0	42	0.00	0.00	77.90	7.45	0.00	0.00	2000
686	27.35	2500	2106	0.00	248	0	0	0	nan	0.01	0.01	1.67	71.27	72.65	0.00	41	0	42	0.00	0.00	75.58	7.74	0.00	0.00	2000
686	27.50	2500	2095	0.00	246	0	0	0	nan	0.00	0.43	3.81	68.23	72.50	0.00	41	0	42	0.00	0.00	77.71	7.59	0.00	0.00	2000
686	27.38	2500	2104	0.00	251	0	0	0	nan	0.00	0.00	5.02	67.88	72.62	0.00	41	0	42	0.00	0.00	77.92	7.43	0.00	0.00	2000
686	27.48	2500	2095	0.00	245	0	0	0	nan	0.00	0.01	4.83	67.64	72.52	0.00	41	0	42	0.00	0.00	77.93	7.71	0.00	0.00	2000
690	27.52	2500	2105	0.00	249	0	0	0	nan	0.00	0.00	4.79	67.97	72.48	0.00	41	0	42	0.00	0.00	78.05	7.56	0.00	0.00	2000
687	27.54	2500	2096	0.72	248	0	0	37	90.29	0.01	0.00	5.33	67.10	72.46	0.00	42	0	42	0.00	0.00	77.77	7.59	0.00	0.00	2000
688	27.44	2500	2107	1.04	248	0	0	5	92.64	0.00	0.01	4.95	67.96	72.56	0.00	41	0	42	0.00	0.00	78.14	7.60	0.00	0.00	2000
687	27.57	2500	2093	0.00	249	0	0	0	nan	0.00	0.00	5.72	66.59	72.43	0.00	41	0	42	0.00	0.00	77.72	7.68	0.00	0.00	2000
692	27.62	2500	2104	0.00	250	0	0	0	nan	0.00	0.00	5.12	67.53	72.38	0.00	41	0	42	0.00	0.00	78.05	7.66	0.00	0.00	2000
687	27.54	2500	2095	0.00	247	0	0	0	nan	0.00	0.01	4.24	68.17	72.46	0.00	41	0	42	0.00	0.00	77.82	7.52	0.00	0.00	2000
686	27.36	2500	2105	0.00	245	0	0	0	nan	0.00	0.00	3.99	68.93	72.64	0.00	42	0	42	0.00	0.00	78.12	7.76	0.00	0.00	2000
687	27.54	2500	2096	0.00	249	0	0	0	nan	0.00	0.06	2.69	69.70	72.46	0.00	41	0	42	0.00	0.00	78.04	7.64	0.00	0.00	2000
687	27.41	2500	2104	0.00	251	0	0	0	nan	0.00	0.75	3.51	68.60	72.59	0.00	41	0	42	0.00	0.00	77.80	7.51	0.00	0.00	2000
687	27.53	2500	2095	0.00	247	0	0	0	nan	0.00	0.43	5.79	66.22	72.47	0.00	41	0	42	0.00	0.00	77.99	7.74	0.00	0.00	2000
686	27.38	2500	2105	0.00	249	0	0	0	nan	0.00	0.00	4.93	67.98	72.62	0.00	41	0	42	0.00	0.00	77.83	7.72	0.00	0.00	2000
685	27.48	2500	2094	0.00	248	0	0	0	nan	0.00	0.01	5.32	67.09	72.52	0.00	41	0	42	0.00	0.00	77.98	7.48	0.00	0.00	2000
687	27.38	2500	2107	0.00	247	0	0	0	nan	0.00	0.00	4.36	68.62	72.62	0.00	41	0	42	0.00	0.00	77.98	7.67	0.00	0.00	2000
684	27.45	2500	2094	0.00	245	0	0	0	nan	0.00	0.01	4.91	67.57	72.55	0.00	41	0	42	0.00	0.00	77.87	7.75	0.00	0.00	2000
690	27.53	2500	2105	0.00	248	0	0	0	nan	0.00	0.00	4.04	68.72	72.47	0.00	41	0	42	0.00	0.00	78.05	7.61	0.00	0.00	2000
685	27.44	2500	2096	1.63	246	0	0	40	91.01	0.00	0.01	4.71	67.83	72.56	0.00	41	0	42	0.00	0.00	78.28	7.45	0.00	0.00	2000
689	27.50	2500	2104	0.17	248	0	0	0	nan	0.00	0.01	3.89	68.87	72.51	0.00	41	0	42	0.00	0.00	77.67	7.47	0.00	0.00	2000
685	27.45	2500	2095	0.00	244	0	0	0	nan	0.00	0.01	4.68	67.82	72.56	0.00	41	0	42	0.00	0.00	75.68	7.15	0.00	0.00	2000
689	27.50	2500	2104	0.00	253	0	0	0	nan	0.00	0.03	3.88	68.88	72.50	0.00	41	0	42	0.00	0.00	80.82	7.69	0.00	0.00	2000
685	27.47	2500	2095	0.00	245	0	0	0	nan	0.00	1.24	3.02	68.27	72.53	0.00	41	0	42	0.00	0.00	77.86	7.36	0.00	0.00	2000
688	27.45	2500	2105	0.00	249	0	0	0	nan	0.00	0.30	4.23	68.31	72.55	0.00	41	0	42	0.00	0.00	78.07	7.51	0.00	0.00	2000
685	27.46	2500	2095	0.00	246	0	0	0	nan	0.00	0.85	6.12	65.54	72.54	0.00	41	0	42	0.00	0.00	75.38	7.11	0.00	0.00	2000
688	27.44	2500	2105	0.00	251	0	0	0	nan	0.00	0.00	4.41	68.43	72.56	0.00	41	0	42	0.00	0.00	80.66	7.73	0.00	0.00	2000
684	27.43	2500	2095	0.00	244	0	0	0	nan	0.00	0.01	5.58	66.94	72.57	0.00	41	0	42	0.00	0.00	75.24	7.25	0.00	0.00	2000
687	27.45	2500	2104	0.00	252	0	0	0	nan	0.00	0.00	4.59	68.21	72.55	0.00	41	0	42	0.00	0.00	77.66	7.45	0.00	0.00	2000
685	27.44	2500	2096	0.00	247	0	0	0	nan	0.00	0.01	5.59	66.93	72.56	0.00	41	0	42	0.00	0.00	78.15	7.54	0.00	0.00	2000
688	27.45	2500	2105	0.00	249	0	0	0	nan	0.00	0.00	3.73	69.12	72.55	0.00	42	0	42	0.00	0.00	77.77	7.55	0.00	0.00	2000
684	27.42	2500	2096	0.00	245	0	0	0	nan	0.00	0.01	4.71	67.83	72.58	0.00	41	0	42	0.00	0.00	78.40	7.39	0.00	0.00	2000
689	27.49	2500	2105	0.00	251	0	0	4	87.05	0.00	0.00	3.95	68.86	72.51	0.00	41	0	42	0.00	0.00	78.03	7.61	0.00	0.00	2000
685	27.46	2500	2094	1.80	246	0	0	37	91.11	0.00	1.67	5.02	65.80	72.54	0.00	42	0	42	0.00	0.00	77.97	7.58	0.00	0.00	2000
688	27.44	2500	2107	0.00	246	0	0	0	nan	0.01	0.00	2.32	70.59	72.56	0.00	42	0	42	0.00	0.00	77.37	7.74	0.00	0.00	2000
685	27.48	2500	2093	0.00	252	0	0	0	nan	0.00	0.80	3.42	68.19	72.52	0.00	41	0	42	0.00	0.00	78.12	7.56	0.00	0.00	2000
633	25.41	2482	2107	0.00	328	0	0	0	nan	0.00	1.08	7.09	66.82	74.59	0.00	40	0	42	0.00	0.00	80.50	7.74	0.00	0.00	2000
227	10.36	1980	2319	0.00	241	0	0	0	nan	0.01	0.01	9.02	90.08	89.64	0.00	38	0	42	0.00	0.00	67.07	7.81	0.00	0.00	2000
135	9.40	1403	2152	0.00	259	0	0	0	nan	0.00	0.01	10.48	82.56	90.60	0.00	37	0	42	0.00	0.00	69.81	8.38	0.00	0.00	2000
103	8.88	1152	2118	0.00	97	0	0	0	nan	0.00	0.03	7.65	84.41	91.12	0.00	38	0	42	0.00	0.00	54.07	6.52	0.00	0.00	2000
