Avg_MHz	Busy%	Bzy_MHz	TSC_MHz	IPC	IRQ	NMI	SMI	LLCMRPS	LLC%hit	POLL%	C1%	C1E%	C6%	CPU%c1	CPU%c6	CoreTmp	CoreThr	PkgTmp	Pkg%pc2	Pkg%pc6	PkgWatt	RAMWatt	PKG_%	RAM_%	UncMHz
237	13.12	1850	2050	0.00	232	0	0	0	nan	0.00	0.01	26.62	58.10	86.88	0.00	36	0	42	0.00	0.00	59.90	7.48	0.00	0.00	2000
371	16.40	2144	2218	0.00	242	0	0	0	nan	0.04	1.69	18.58	68.19	83.60	0.00	37	0	41	0.00	0.00	72.01	8.18	0.00	0.00	2000
87	7.29	1201	2098	0.00	195	0	0	0	nan	0.00	0.02	8.58	83.99	92.71	0.00	36	0	42	0.00	0.00	63.04	8.14	0.00	0.00	2000
73	6.69	1087	2114	0.00	193	0	0	0	nan	0.00	0.00	3.04	90.97	93.31	0.00	36	0	42	0.00	0.00	59.65	7.61	0.00	0.00	2000
74	6.48	1128	2112	0.00	193	0	0	0	nan	0.00	0.03	2.82	91.22	93.52	0.00	36	0	42	0.00	0.00	59.61	7.68	0.00	0.00	2000
72	6.80	1054	2100	0.00	193	0	0	0	nan	0.00	0.00	2.95	90.32	93.20	0.00	36	0	42	0.00	0.00	59.18	7.61	0.00	0.00	2000
73	6.57	1119	2093	0.00	194	0	0	0	nan	0.00	0.00	3.14	89.89	93.43	0.00	36	0	41	0.00	0.00	56.33	7.60	0.00	0.00	2000
72	6.41	1128	2102	0.00	193	0	0	0	nan	0.00	0.03	2.76	90.85	93.59	0.00	36	0	41	0.00	0.00	62.09	7.69	0.00	0.00	2000
79	6.82	1153	2104	0.00	211	0	0	0	nan	0.00	0.00	3.46	89.81	93.18	0.00	36	0	41	0.00	0.00	59.80	7.67	0.00	0.00	2000
72	6.40	1136	2082	0.00	179	0	0	0	nan	0.00	0.00	3.23	89.56	93.60	0.00	36	0	41	0.00	0.00	60.17	7.67	0.00	0.00	2000
74	6.71	1103	2112	0.00	194	0	0	0	nan	0.00	0.02	2.91	90.92	93.29	0.00	36	0	42	0.00	0.00	59.69	7.58	0.00	0.00	2000
74	6.85	1074	2115	0.00	199	0	0	0	nan	0.00	0.00	4.00	89.87	93.15	0.00	36	0	41	0.00	0.00	60.12	7.67	0.00	0.00	2000
72	6.59	1114	2062	0.00	193	0	0	0	nan	0.00	0.05	2.96	88.76	93.41	0.00	36	0	42	0.00	0.00	57.77	7.33	0.00	0.00	2000
74	6.80	1074	2118	0.00	194	0	0	0	nan	0.00	0.00	2.04	91.94	93.20	0.00	36	0	41	0.00	0.00	59.78	7.55	0.00	0.00	2000
73	6.58	1106	2122	0.00	194	0	0	0	nan	0.00	0.00	2.68	91.78	93.42	0.00	36	0	41	0.00	0.00	57.94	7.42	0.00	0.00	2000
72	6.66	1083	2083	0.00	194	0	0	1	88.32	0.00	0.02	3.69	88.91	93.34	0.00	36	0	41	0.00	0.00	57.75	7.22	0.00	0.00	2000
74	6.72	1093	2107	0.29	193	0	0	2	87.69	0.00	0.00	2.91	90.75	93.28	0.00	36	0	41	0.00	0.00	59.75	7.81	0.00	0.00	2000
71	6.85	1048	2075	0.00	193	0	0	0	nan	0.00	0.00	3.57	88.62	93.15	0.00	36	0	41	0.00	0.00	57.73	7.35	0.00	0.00	2000
136	8.35	1606	2124	0.00	212	0	0	0	nan	0.00	0.00	5.15	87.57	91.65	0.00	37	0	42	0.00	0.00	64.61	7.88	0.00	0.00	2000
226	10.88	2095	2083	0.00	203	0	0	0	nan	0.00	0.00	3.72	84.73	89.12	0.00	38	0	41	0.00	0.00	64.32	7.26	0.00	0.00	2000
233	10.87	2120	2120	0.00	220	0	0	0	nan	0.00	0.00	3.05	86.97	89.13	0.00	39	0	41	0.00	0.00	64.75	7.71	0.00	0.00	2000
229	10.98	2103	2080	0.00	187	0	0	0	nan	0.00	0.00	3.46	84.85	89.03	0.00	39	0	42	0.00	0.00	62.93	7.10	0.00	0.00	2000
231	11.13	2092	2081	0.00	222	0	0	0	nan	0.00	0.01	4.88	83.34	88.87	0.00	38	0	42	0.00	0.00	63.94	7.20	0.00	0.00	2000
234	10.99	2096	2133	0.00	215	0	0	0	nan	0.00	0.69	5.02	84.76	89.01	0.00	38	0	41	0.00	0.00	68.80	8.38	0.00	0.00	2000
231	11.25	2057	2100	0.00	198	0	0	0	nan	0.00	1.09	3.71	84.16	88.75	0.00	38	0	41	0.00	0.00	65.25	7.73	0.00	0.00	2000
233	11.11	2088	2107	0.00	197	0	0	0	nan	0.00	0.58	4.03	84.68	88.89	0.00	37	0	42	0.00	0.00	66.24	7.87	0.00	0.00	2000
231	11.62	1998	2093	0.00	200	0	0	0	nan	0.00	0.00	6.33	81.86	88.38	0.00	37	0	42	0.00	0.00	65.44	7.80	0.00	0.00	2000
228	10.92	2105	2081	0.00	200	0	0	0	nan	0.00	0.00	6.68	81.70	89.08	0.00	37	0	41	0.00	0.00	63.48	7.27	0.00	0.00	2000
231	11.20	2039	2119	0.00	197	0	0	0	nan	0.00	0.01	5.29	84.45	88.80	0.00	37	0	41	0.00	0.00	69.49	7.80	0.00	0.00	2000
226	11.13	2058	2072	0.00	198	0	0	0	nan	0.00	0.02	5.60	82.07	88.87	0.00	38	0	42	0.00	0.00	59.66	7.03	0.00	0.00	2000
236	11.17	2086	2129	0.00	214	0	0	0	nan	0.00	0.00	4.86	85.23	88.83	0.00	38	0	42	0.00	0.00	67.08	7.75	0.00	0.00	2000
226	10.97	2091	2070	0.00	208	0	0	0	nan	0.00	0.00	7.34	80.49	89.03	0.00	38	0	42	0.00	0.00	63.39	7.34	0.00	0.00	2000
233	10.94	2106	2127	0.00	198	0	0	5	82.74	0.00	0.01	7.28	83.01	89.06	0.00	38	0	42	0.00	0.00	65.48	7.71	0.00	0.00	2000
232	11.22	2069	2098	0.59	214	0	0	11	85.84	0.00	0.04	2.75	86.01	88.78	0.00	37	0	42	0.00	0.00	66.99	7.86	0.00	0.00	2000
226	10.89	2080	2091	0.00	197	0	0	0	nan	0.00	0.05	4.15	84.64	89.11	0.00	38	0	41	0.00	0.00	63.47	7.30	0.00	0.00	2000
228	10.94	2085	2096	0.00	199	0	0	0	nan	0.00	0.44	5.79	82.84	89.06	0.00	37	0	42	0.00	0.00	67.69	7.78	0.00	0.00	2000
246	11.89	2055	2117	0.00	256	0	0	0	nan	0.00	2.15	4.77	82.04	88.11	0.00	36	0	42	0.00	0.00	65.51	7.64	0.00	0.00	2000
236	11.13	2110	2108	0.00	198	0	0	0	nan	0.03	0.02	4.79	84.36	88.87	0.00	37	0	42	0.00	0.00	64.68	7.54	0.00	0.00	2000
233	11.21	2126	2053	0.00	197	0	0	0	nan	0.00	0.00	4.99	81.87	88.79	0.00	38	0	42	0.00	0.00	65.27	7.69	0.00	0.00	2000
241	10.74	2190	2150	0.00	204	0	0	0	nan	0.00	1.31	5.08	85.08	89.26	0.00	37	0	42	0.00	0.00	68.24	8.08	0.00	0.00	2000
232	10.91	2130	2099	0.00	196	0	0	0	nan	0.00	0.02	6.38	82.66	89.09	0.00	37	0	42	0.00	0.00	67.32	7.99	0.00	0.00	2000
232	11.03	2101	2101	0.00	197	0	0	0	nan	0.00	0.01	6.60	82.43	88.97	0.00	38	0	42	0.00	0.00	64.78	7.72	0.00	0.00	2000
233	10.92	2137	2100	0.00	180	0	0	0	nan	0.00	0.00	7.70	81.49	89.08	0.00	37	0	42	0.00	0.00	64.19	7.64	0.00	0.00	2000
232	10.75	2157	2097	0.00	197	0	0	0	nan	0.00	0.02	5.13	83.83	89.25	0.00	38	0	42	0.00	0.00	66.58	7.94	0.00	0.00	2000
233	11.20	2073	2103	0.00	197	0	0	0	nan	0.00	0.00	6.10	82.92	88.80	0.00	37	0	42	0.00	0.00	66.08	7.69	0.00	0.00	2000
235	11.07	2126	2099	0.00	197	0	0	0	nan	0.02	1.32	8.27	79.36	88.93	0.00	38	0	42	0.00	0.00	67.42	7.78	0.00	0.00	2000
233	11.13	2091	2100	0.00	195	0	0	0	nan	0.00	0.00	7.02	81.80	88.87	0.00	38	0	42	0.00	0.00	61.59	7.61	0.00	0.00	2000
231	10.88	2162	2066	0.00	182	0	0	0	nan	0.00	0.00	6.31	81.37	89.12	0.00	38	0	42	0.00	0.00	65.46	7.40	0.00	0.00	2000
234	11.19	2053	2137	0.00	198	0	0	0	nan	0.00	0.00	6.96	83.45	88.81	0.00	38	0	41	0.00	0.00	68.11	7.90	0.00	0.00	2000
232	11.01	2109	2096	0.00	195	0	0	1	68.90	0.01	0.00	6.72	82.15	88.99	0.00	38	0	41	0.00	0.00	65.37	8.00	0.00	0.00	2000
240	11.84	2075	2048	0.78	214	0	0	3	62.05	0.00	0.00	9.35	76.66	88.16	0.00	38	0	42	0.00	0.00	64.99	7.70	0.00	0.00	2000
239	11.38	2099	2100	0.00	213	0	0	0	nan	0.00	0.39	5.48	82.90	88.62	0.00	38	0	41	0.00	0.00	66.21	8.09	0.00	0.00	2000
232	10.85	2091	2143	0.00	198	0	0	0	nan	0.00	0.02	6.85	84.20	89.15	0.00	38	0	41	0.00	0.00	68.55	8.93	0.00	0.00	2000
229	11.07	2095	2070	0.00	197	0	0	0	nan	0.00	0.00	7.22	80.49	88.93	0.00	38	0	42	0.00	0.00	66.69	9.05	0.00	0.00	2000
231	10.96	2091	2116	0.00	198	0	0	0	nan	0.00	0.02	6.55	83.16	89.04	0.00	38	0	42	0.00	0.00	68.06	9.01	0.00	0.00	2000
232	10.96	2133	2087	0.00	198	0	0	0	nan	0.00	0.00	6.61	81.80	89.04	0.00	38	0	41	0.00	0.00	67.62	9.01	0.00	0.00	2000
231	10.96	2106	2105	0.00	201	0	0	0	nan	0.00	0.03	7.50	81.81	89.04	0.00	38	0	41	0.00	0.00	67.00	8.90	0.00	0.00	2000
229	11.05	2057	2117	0.00	194	0	0	0	nan	0.00	0.00	7.79	81.99	88.95	0.00	38	0	41	0.00	0.00	67.31	9.05	0.00	0.00	2000
231	11.24	2063	2089	0.00	197	0	0	0	nan	0.00	0.04	6.17	82.08	88.76	0.00	38	0	42	0.00	0.00	67.73	8.96	0.00	0.00	2000
229	10.97	2106	2083	0.00	195	0	0	0	nan	0.00	0.00	6.44	81.86	89.03	0.00	37	0	42	0.00	0.00	66.68	8.91	0.00	0.00	2000
233	10.79	2152	2104	0.00	197	0	0	0	nan	0.00	0.00	7.84	81.48	89.21	0.00	38	0	42	0.00	0.00	67.55	8.91	0.00	0.00	2000
231	11.01	2078	2122	0.00	200	0	0	0	nan	0.00	0.00	6.42	83.57	88.99	0.00	38	0	42	0.00	0.00	66.91	8.78	0.00	0.00	2000
230	11.45	2007	2102	0.00	195	0	0	0	nan	0.00	0.03	7.57	81.14	88.55	0.00	38	0	42	0.00	0.00	66.20	9.01	0.00	0.00	2000
228	11.13	2047	2099	0.00	198	0	0	0	nan	0.00	0.00	5.62	83.31	88.87	0.00	38	0	42	0.00	0.00	66.85	8.92	0.00	0.00	2000
230	11.14	2054	2114	0.00	197	0	0	0	nan	0.00	0.04	5.45	84.05	88.86	0.00	38	0	42	0.00	0.00	66.35	8.91	0.00	0.00	2000
228	10.97	2122	2057	0.00	198	0	0	0	nan	0.00	0.08	2.58	84.65	89.03	0.00	38	0	42	0.00	0.00	67.14	8.98	0.00	0.00	2000
236	10.92	2149	2110	0.00	199	0	0	5	13.66	0.03	0.01	4.18	85.27	89.08	0.00	38	0	42	0.00	0.00	67.16	8.84	0.00	0.00	2000
228	10.83	2119	2084	1.58	198	0	0	34	6.51	0.00	0.00	6.44	82.04	89.17	0.00	38	0	42	0.00	0.00	66.47	9.01	0.00	0.00	2000
232	11.12	2070	2118	0.01	195	0	0	0	nan	0.00	0.02	7.36	82.38	88.88	0.00	38	0	42	0.00	0.00	67.43	9.06	0.00	0.00	2000
229	11.13	2067	2092	0.00	199	0	0	0	nan	0.00	0.00	6.40	82.22	88.87	0.00	38	0	41	0.00	0.00	66.40	8.92	0.00	0.00	2000
232	11.19	2060	2111	0.00	196	0	0	0	nan	0.00	0.02	6.55	82.91	88.81	0.00	38	0	41	0.00	0.00	66.88	9.12	0.00	0.00	2000
233	11.48	2017	2113	0.00	201	0	0	0	nan	0.00	0.00	6.36	82.92	88.52	0.00	38	0	42	0.00	0.00	64.90	7.94	0.00	0.00	2000
218	10.82	2025	2088	0.00	217	0	0	0	nan	0.00	0.47	7.95	80.31	89.18	0.00	37	0	41	0.00	0.00	62.06	7.50	0.00	0.00	2000
170	9.74	1750	2100	0.00	233	0	0	0	nan	0.00	0.00	10.63	79.63	90.26	0.00	37	0	41	0.00	0.00	64.74	7.84	0.00	0.00	2000
79	7.07	1096	2129	0.00	209	0	0	0	nan	0.00	0.00	3.80	90.41	92.93	0.00	36	0	42	0.00	0.00	61.36	7.84	0.00	0.00	2000
74	6.51	1129	2106	0.00	193	0	0	0	nan	0.00	0.01	3.57	90.21	93.49	0.00	36	0	41	0.00	0.00	61.72	7.82	0.00	0.00	2000
72	6.59	1113	2070	0.00	193	0	0	0	nan	0.00	0.02	3.55	88.55	93.41	0.00	37	0	42	0.00	0.00	53.86	6.87	0.00	0.00	2000
104	7.91	1307	2115	0.00	83	0	0	0	nan	0.00	0.04	7.26	85.45	92.09	0.00	36	0	41	0.00	0.00	65.79	8.63	0.00	0.00	2000
