Avg_MHz	Busy%	Bzy_MHz	TSC_MHz	IPC	IRQ	NMI	SMI	LLCMRPS	LLC%hit	POLL%	C1%	C1E%	C6%	CPU%c1	CPU%c6	CoreTmp	CoreThr	PkgTmp	Pkg%pc2	Pkg%pc6	PkgWatt	RAMWatt	PKG_%	RAM_%	UncMHz
348	17.53	1970	2113	0.00	219	0	0	0	nan	0.00	0.69	32.48	50.04	82.47	0.00	37	0	41	0.00	0.00	69.19	7.99	0.00	0.00	2000
282	14.60	1898	2137	0.00	226	0	0	0	nan	0.04	0.57	15.50	70.81	85.40	0.00	36	0	41	0.00	0.00	63.39	7.41	0.00	0.00	2000
77	6.63	1167	2105	0.00	194	0	0	0	nan	0.00	0.00	4.06	89.48	93.37	0.00	37	0	41	0.00	0.00	59.75	7.57	0.00	0.00	2000
71	6.53	1090	2081	0.00	193	0	0	0	nan	0.00	0.00	2.64	89.95	93.47	0.00	37	0	41	0.00	0.00	57.25	7.39	0.00	0.00	2000
74	6.49	1127	2117	0.00	194	0	0	0	nan	0.00	0.05	2.97	91.27	93.51	0.00	37	0	41	0.00	0.00	62.34	7.88	0.00	0.00	2000
72	6.45	1123	2076	0.00	194	0	0	0	nan	0.00	0.02	2.15	90.27	93.55	0.00	37	0	41	0.00	0.00	56.95	7.05	0.00	0.00	2000
74	6.75	1077	2134	0.00	210	0	0	0	nan	0.00	0.00	4.41	90.29	93.25	0.00	37	0	41	0.00	0.00	58.36	7.60	0.00	0.00	2000
72	6.69	1072	2101	0.00	193	0	0	0	nan	0.00	0.00	3.58	89.90	93.31	0.00	37	0	41	0.00	0.00	60.33	7.91	0.00	0.00	2000
71	6.53	1106	2066	0.00	194	0	0	0	nan	0.00	0.00	3.30	88.69	93.47	0.00	36	0	41	0.00	0.00	56.70	7.31	0.00	0.00	2000
73	6.48	1116	2113	0.00	194	0	0	0	nan	0.00	0.00	2.07	92.11	93.52	0.00	37	0	41	0.00	0.00	58.53	7.48	0.00	0.00	2000
74	7.06	1036	2125	0.00	196	0	0	0	nan	0.00	0.00	3.57	90.63	92.94	0.00	36	0	41	0.00	0.00	59.16	7.94	0.00	0.00	2000
72	6.76	1072	2096	0.00	193	0	0	0	nan	0.00	0.00	2.92	90.26	93.24	0.00	36	0	41	0.00	0.00	58.90	7.13	0.00	0.00	2000
71	6.82	1061	2072	0.00	193	0	0	0	nan	0.00	0.01	3.01	89.00	93.18	0.00	37	0	41	0.00	0.00	58.08	7.43	0.00	0.00	2000
72	6.99	1028	2099	0.00	193	0	0	0	nan	0.00	0.06	2.12	90.79	93.01	0.00	37	0	41	0.00	0.00	59.75	7.83	0.00	0.00	2000
72	6.97	1020	2120	0.00	210	0	0	0	nan	0.00	0.00	4.47	89.47	93.03	0.00	36	0	41	0.00	0.00	58.30	7.26	0.00	0.00	2000
72	6.66	1075	2112	0.00	193	0	0	1	88.07	0.00	0.00	3.90	90.02	93.34	0.00	37	0	41	0.00	0.00	58.85	7.51	0.00	0.00	2000
74	6.50	1146	2098	0.29	194	0	0	2	88.04	0.00	0.00	3.43	90.00	93.50	0.00	37	0	42	0.00	0.00	60.08	7.82	0.00	0.00	2000
73	6.42	1137	2094	0.00	193	0	0	0	nan	0.00	0.02	3.01	90.22	93.58	0.00	36	0	41	0.00	0.00	58.92	7.68	0.00	0.00	2000
216	10.62	2026	2106	0.00	217	0	0	0	nan	0.00	0.02	7.11	82.56	89.38	0.00	38	0	41	0.00	0.00	63.46	7.40	0.00	0.00	2000
224	10.79	2115	2063	0.00	211	0	0	0	nan	0.00	0.02	3.91	83.82	89.21	0.00	39	0	41	0.00	0.00	65.25	7.64	0.00	0.00	2000
235	11.44	2014	2140	0.00	203	0	0	0	nan	0.00	0.01	1.72	88.68	88.56	0.00	39	0	41	0.00	0.00	64.98	7.48	0.00	0.00	2000
229	11.02	2097	2085	0.00	205	0	0	0	nan	0.00	0.02	4.98	83.45	88.98	0.00	40	0	42	0.00	0.00	65.73	7.85	0.00	0.00	2000
236	11.55	2028	2113	0.00	196	0	0	0	nan	0.00	0.01	7.47	81.66	88.45	0.00	37	0	41	0.00	0.00	65.02	7.87	0.00	0.00	2000
231	11.31	2056	2087	0.00	199	0	0	0	nan	0.00	0.03	5.05	83.18	88.69	0.00	38	0	41	0.00	0.00	67.47	8.19	0.00	0.00	2000
235	11.35	2060	2109	0.00	204	0	0	0	nan	0.00	0.02	6.10	83.04	88.65	0.00	37	0	41	0.00	0.00	64.41	7.53	0.00	0.00	2000
230	11.13	2068	2098	0.00	197	0	0	0	nan	0.00	0.00	5.56	83.34	88.87	0.00	37	0	41	0.00	0.00	66.22	7.97	0.00	0.00	2000
230	10.84	2136	2089	0.00	199	0	0	0	nan	0.00	0.00	4.76	83.98	89.16	0.00	36	0	42	0.00	0.00	66.74	7.93	0.00	0.00	2000
225	11.37	2046	2031	0.00	198	0	0	0	nan	0.00	0.06	4.11	81.75	88.63	0.00	37	0	41	0.00	0.00	59.32	7.01	0.00	0.00	2000
244	10.86	2149	2193	0.00	237	0	0	0	nan	0.00	0.00	5.93	87.24	89.14	0.00	37	0	41	0.00	0.00	72.17	8.38	0.00	0.00	2000
224	10.97	2072	2073	0.00	198	0	0	0	nan	0.00	0.99	4.58	82.37	89.03	0.00	37	0	42	0.00	0.00	62.31	7.23	0.00	0.00	2000
234	11.33	2044	2123	0.00	195	0	0	0	nan	0.00	0.00	5.89	83.87	88.67	0.00	38	0	41	0.00	0.00	66.14	7.62	0.00	0.00	2000
232	11.29	2050	2110	0.00	199	0	0	0	nan	0.00	0.00	4.82	84.31	88.71	0.00	38	0	41	0.00	0.00	65.77	7.62	0.00	0.00	2000
228	11.36	2013	2092	0.00	198	0	0	5	89.54	0.00	0.00	5.05	83.36	88.64	0.00	37	0	41	0.00	0.00	66.59	7.61	0.00	0.00	2000
229	10.99	2124	2064	0.47	199	0	0	16	60.76	0.00	0.00	5.70	81.88	89.01	0.00	37	0	41	0.00	0.00	61.81	7.41	0.00	0.00	2000
234	10.89	2113	2138	0.00	212	0	0	0	nan	0.00	0.00	6.53	84.30	89.11	0.00	37	0	41	0.00	0.00	69.08	7.92	0.00	0.00	2000
235	11.22	2082	2113	0.00	204	0	0	0	nan	0.00	0.03	6.39	82.95	88.78	0.00	37	0	41	0.00	0.00	65.93	7.82	0.00	0.00	2000
231	11.20	2091	2069	0.00	198	0	0	0	nan	0.00	0.00	4.98	82.52	88.80	0.00	37	0	41	0.00	0.00	62.75	7.28	0.00	0.00	2000
228	10.79	2119	2094	0.00	215	0	0	0	nan	0.00	0.00	5.11	83.97	89.21	0.00	38	0	42	0.00	0.00	65.44	8.17	0.00	0.00	2000
118	8.25	1421	2105	0.00	250	0	0	0	nan	0.00	0.00	11.36	80.65	91.75	0.00	37	0	41	0.00	0.00	63.32	7.97	0.00	0.00	2000
162	9.00	1676	2251	0.00	50	0	0	0	nan	0.00	0.11	15.84	81.31	91.00	0.00	37	0	41	0.00	0.00	66.38	8.02	0.00	0.00	2000
