Avg_MHz	Busy%	Bzy_MHz	TSC_MHz	IPC	IRQ	NMI	SMI	LLCMRPS	LLC%hit	POLL%	C1%	C1E%	C6%	CPU%c1	CPU%c6	CoreTmp	CoreThr	PkgTmp	Pkg%pc2	Pkg%pc6	PkgWatt	RAMWatt	PKG_%	RAM_%	UncMHz
327	16.28	1922	2197	0.00	258	0	0	0	nan	0.00	0.00	27.50	60.18	83.72	0.00	36	0	42	0.00	0.00	69.13	8.14	0.00	0.00	2000
368	17.37	2119	2098	0.00	207	0	0	0	nan	0.04	1.35	16.69	64.64	82.63	0.00	37	0	41	0.00	0.00	66.05	7.67	0.00	0.00	2000
79	7.18	1079	2128	0.00	212	0	0	0	nan	0.00	0.04	10.14	83.97	92.82	0.00	36	0	42	0.00	0.00	61.18	7.92	0.00	0.00	2000
74	6.99	1060	2093	0.00	195	0	0	0	nan	0.00	0.02	3.92	88.99	93.01	0.00	36	0	42	0.00	0.00	58.79	7.59	0.00	0.00	2000
73	7.00	1033	2113	0.00	194	0	0	0	nan	0.00	0.00	4.16	89.45	93.00	0.00	36	0	41	0.00	0.00	57.18	7.39	0.00	0.00	2000
73	6.53	1120	2096	0.00	193	0	0	0	nan	0.00	0.02	3.35	89.92	93.47	0.00	36	0	41	0.00	0.00	59.53	7.69	0.00	0.00	2000
73	6.93	1061	2089	0.00	194	0	0	0	nan	0.00	0.00	4.04	88.53	93.07	0.00	36	0	42	0.00	0.00	57.43	7.39	0.00	0.00	2000
73	6.57	1104	2110	0.00	193	0	0	0	nan	0.00	0.00	3.62	90.20	93.43	0.00	36	0	42	0.00	0.00	58.76	7.63	0.00	0.00	2000
74	6.67	1104	2104	0.00	194	0	0	0	nan	0.00	0.00	3.57	89.93	93.33	0.00	36	0	42	0.00	0.00	58.74	7.60	0.00	0.00	2000
73	6.38	1135	2102	0.00	193	0	0	0	nan	0.00	0.00	3.59	89.97	93.62	0.00	36	0	41	0.00	0.00	57.64	7.52	0.00	0.00	2000
74	6.44	1141	2103	0.00	194	0	0	0	nan	0.00	0.02	3.96	89.70	93.56	0.00	36	0	41	0.00	0.00	57.05	7.50	0.00	0.00	2000
71	6.53	1099	2092	0.00	193	0	0	0	nan	0.00	0.00	3.13	90.00	93.47	0.00	36	0	42	0.00	0.00	60.38	7.78	0.00	0.00	2000
71	6.77	1063	2082	0.00	193	0	0	0	nan	0.00	0.00	3.76	88.86	93.23	0.00	36	0	42	0.00	0.00	56.00	7.48	0.00	0.00	2000
73	6.57	1099	2129	0.00	193	0	0	0	nan	0.00	0.00	2.44	92.38	93.43	0.00	36	0	42	0.00	0.00	60.25	7.94	0.00	0.00	2000
73	6.37	1154	2096	0.00	193	0	0	0	nan	0.00	0.00	3.33	90.17	93.63	0.00	36	0	42	0.00	0.00	55.65	7.38	0.00	0.00	2000
71	6.70	1065	2092	0.00	194	0	0	1	84.98	0.00	0.00	3.65	89.40	93.30	0.00	36	0	42	0.00	0.00	57.49	7.51	0.00	0.00	2000
74	6.70	1100	2111	0.30	193	0	0	2	87.08	0.00	0.00	4.00	89.85	93.30	0.00	36	0	42	0.00	0.00	60.52	8.04	0.00	0.00	2000
72	6.72	1080	2098	0.11	193	0	0	0	nan	0.00	0.01	3.58	89.67	93.28	0.00	36	0	42	0.00	0.00	56.13	7.22	0.00	0.00	2000
139	8.42	1661	2092	0.00	209	0	0	0	nan	0.03	0.00	6.03	85.30	91.58	0.00	37	0	42	0.00	0.00	60.27	7.55	0.00	0.00	2000
231	11.06	2079	2107	0.00	204	0	0	0	nan	0.00	0.02	4.05	85.29	88.94	0.00	38	0	42	0.00	0.00	66.66	7.92	0.00	0.00	2000
229	11.14	2061	2093	0.00	204	0	0	0	nan	0.00	0.00	3.06	85.60	88.86	0.00	39	0	41	0.00	0.00	65.28	7.61	0.00	0.00	2000
229	11.28	2036	2092	0.00	202	0	0	0	nan	0.00	0.00	2.81	85.72	88.72	0.00	40	0	42	0.00	0.00	65.07	7.60	0.00	0.00	2000
229	11.25	2074	2057	0.00	205	0	0	0	nan	0.00	0.02	4.18	82.84	88.75	0.00	38	0	42	0.00	0.00	57.23	6.74	0.00	0.00	2000
235	11.07	2072	2155	0.00	231	0	0	0	nan	0.00	0.02	7.15	84.21	88.93	0.00	37	0	42	0.00	0.00	71.87	8.51	0.00	0.00	2000
232	11.08	2097	2093	0.00	184	0	0	0	nan	0.00	0.02	5.13	83.57	88.92	0.00	37	0	42	0.00	0.00	66.18	7.86	0.00	0.00	2000
233	11.27	2093	2075	0.00	198	0	0	0	nan	0.00	0.01	5.99	81.73	88.73	0.00	36	0	42	0.00	0.00	65.37	7.89	0.00	0.00	2000
233	10.85	2112	2132	0.00	216	0	0	0	nan	0.00	0.01	4.73	85.87	89.15	0.00	36	0	41	0.00	0.00	67.67	7.92	0.00	0.00	2000
232	11.16	2066	2109	0.00	197	0	0	0	nan	0.00	0.06	3.85	85.46	88.84	0.00	37	0	42	0.00	0.00	62.74	7.48	0.00	0.00	2000
230	10.85	2124	2099	0.00	196	0	0	0	nan	0.00	0.03	3.99	85.20	89.15	0.00	37	0	42	0.00	0.00	63.41	7.73	0.00	0.00	2000
226	10.83	2137	2054	0.00	182	0	0	0	nan	0.00	0.07	3.40	83.84	89.17	0.00	38	0	41	0.00	0.00	66.79	7.66	0.00	0.00	2000
233	10.97	2111	2114	0.00	213	0	0	0	nan	0.00	0.01	4.52	85.17	89.03	0.00	38	0	42	0.00	0.00	65.74	7.69	0.00	0.00	2000
231	11.04	2061	2133	0.00	218	0	0	0	nan	0.00	1.01	6.15	83.32	88.96	0.00	38	0	41	0.00	0.00	66.52	7.64	0.00	0.00	2000
229	11.47	1996	2100	0.00	197	0	0	3	85.97	0.01	0.00	5.85	82.83	88.53	0.00	38	0	41	0.00	0.00	66.22	7.89	0.00	0.00	2000
229	11.29	2036	2090	0.62	198	0	0	20	74.48	0.00	0.00	5.45	82.90	88.71	0.00	37	0	42	0.00	0.00	59.97	6.84	0.00	0.00	2000
233	11.68	2020	2071	0.00	197	0	0	0	nan	0.00	0.00	4.32	82.81	88.32	0.00	37	0	42	0.00	0.00	65.64	7.57	0.00	0.00	2000
225	10.89	2082	2081	0.00	216	0	0	0	nan	0.00	0.00	5.51	82.91	89.11	0.00	37	0	41	0.00	0.00	62.08	7.22	0.00	0.00	2000
237	11.86	2064	2031	0.00	216	0	0	0	nan	0.01	0.00	7.48	77.88	88.14	0.00	38	0	41	0.00	0.00	66.68	7.94	0.00	0.00	2000
220	10.40	2013	2205	0.00	213	0	0	0	nan	0.00	0.02	5.28	88.95	89.60	0.00	38	0	41	0.00	0.00	68.49	8.29	0.00	0.00	2000
136	9.03	1497	2108	0.00	244	0	0	0	nan	0.00	0.30	10.67	80.35	90.97	0.00	36	0	42	0.00	0.00	61.24	7.53	0.00	0.00	2000
92	7.58	1228	2069	0.00	113	0	0	0	nan	0.00	0.03	7.82	83.21	92.42	0.00	36	0	41	0.00	0.00	57.23	7.24	0.00	0.00	2000
