Avg_MHz	Busy%	Bzy_MHz	TSC_MHz	IPC	IRQ	NMI	SMI	LLCMRPS	LLC%hit	POLL%	C1%	C1E%	C6%	CPU%c1	CPU%c6	CoreTmp	CoreThr	PkgTmp	Pkg%pc2	Pkg%pc6	PkgWatt	RAMWatt	PKG_%	RAM_%	UncMHz
192	12.31	1514	2164	0.00	235	0	0	0	nan	0.00	0.00	30.18	60.29	87.69	0.00	37	0	42	0.00	0.00	66.47	8.15	0.00	0.00	2000
365	18.10	2052	2067	0.00	199	0	0	0	nan	0.00	1.02	9.17	70.69	81.90	0.00	36	0	42	0.00	0.00	64.92	7.33	0.00	0.00	2000
247	13.19	1829	2147	0.00	223	0	0	0	nan	0.04	0.75	16.20	71.96	86.81	0.00	37	0	42	0.00	0.00	66.46	7.96	0.00	0.00	2000
75	6.72	1117	2103	0.00	177	0	0	0	nan	0.00	0.00	4.32	89.15	93.28	0.00	37	0	42	0.00	0.00	59.33	7.71	0.00	0.00	2000
73	6.97	1057	2076	0.00	211	0	0	0	nan	0.00	0.00	3.74	88.29	93.03	0.00	36	0	42	0.00	0.00	56.93	7.25	0.00	0.00	2000
73	6.88	1049	2122	0.00	195	0	0	0	nan	0.00	0.00	3.56	90.62	93.12	0.00	36	0	42	0.00	0.00	59.34	7.60	0.00	0.00	2000
140	9.75	1441	2097	0.00	194	0	0	0	nan	0.00	0.00	4.23	85.94	90.25	0.00	37	0	42	0.00	0.00	60.65	7.80	0.00	0.00	2000
72	6.54	1104	2108	0.00	209	0	0	0	nan	0.00	0.00	2.82	91.06	93.46	0.00	36	0	42	0.00	0.00	59.03	7.51	0.00	0.00	2000
73	7.02	1047	2098	0.00	194	0	0	0	nan	0.00	0.00	3.21	89.91	92.98	0.00	37	0	42	0.00	0.00	58.60	7.59	0.00	0.00	2000
73	6.67	1090	2096	0.00	177	0	0	0	nan	0.00	0.00	3.47	89.74	93.33	0.00	36	0	42	0.00	0.00	59.41	7.56	0.00	0.00	2000
73	6.85	1057	2116	0.00	210	0	0	0	nan	0.00	0.00	3.92	89.95	93.15	0.00	36	0	42	0.00	0.00	57.86	7.34	0.00	0.00	2000
72	6.83	1058	2096	0.00	196	0	0	0	nan	0.00	0.00	4.81	88.29	93.17	0.00	36	0	42	0.00	0.00	59.92	7.48	0.00	0.00	2000
75	6.48	1157	2094	0.00	195	0	0	0	nan	0.00	0.00	3.58	89.85	93.52	0.00	36	0	42	0.00	0.00	59.53	7.70	0.00	0.00	2000
72	6.64	1080	2103	0.00	177	0	0	0	nan	0.00	0.00	3.58	90.02	93.36	0.00	36	0	42	0.00	0.00	60.06	7.60	0.00	0.00	2000
73	6.63	1102	2105	0.00	210	0	0	0	nan	0.00	0.00	3.44	90.21	93.37	0.00	36	0	42	0.00	0.00	57.72	7.36	0.00	0.00	2000
71	6.78	1050	2101	0.00	195	0	0	1	87.12	0.00	0.00	3.25	90.21	93.22	0.00	36	0	42	0.00	0.00	58.64	7.42	0.00	0.00	2000
72	7.01	1036	2091	0.29	194	0	0	2	86.84	0.00	0.01	3.45	89.25	92.99	0.00	36	0	42	0.00	0.00	58.41	7.46	0.00	0.00	2000
73	6.65	1099	2090	0.00	193	0	0	0	nan	0.00	0.00	2.55	90.37	93.35	0.00	36	0	42	0.00	0.00	58.90	7.60	0.00	0.00	2000
114	7.77	1475	2097	0.00	198	0	0	0	nan	0.01	0.01	3.31	88.82	92.23	0.00	37	0	42	0.00	0.00	63.43	7.93	0.00	0.00	2000
233	11.25	2057	2113	0.00	270	0	0	0	nan	0.00	0.00	4.38	85.05	88.75	0.00	39	0	42	0.00	0.00	65.78	7.73	0.00	0.00	2000
232	11.35	2029	2112	0.00	204	0	0	0	nan	0.00	0.00	3.99	85.31	88.65	0.00	39	0	42	0.00	0.00	66.16	7.62	0.00	0.00	2000
230	11.10	2076	2093	0.00	203	0	0	0	nan	0.00	0.01	3.43	85.27	88.90	0.00	40	0	42	0.00	0.00	60.44	7.12	0.00	0.00	2000
232	11.86	2004	2051	0.00	207	0	0	0	nan	0.00	0.00	3.15	83.03	88.14	0.00	39	0	42	0.00	0.00	59.89	6.92	0.00	0.00	2000
230	10.96	2042	2156	0.00	232	0	0	0	nan	0.00	0.00	7.39	84.07	89.04	0.00	37	0	42	0.00	0.00	71.97	8.40	0.00	0.00	2000
232	11.16	2082	2102	0.00	201	0	0	0	nan	0.00	0.01	6.26	82.82	88.84	0.00	37	0	42	0.00	0.00	68.65	8.01	0.00	0.00	2000
231	11.36	2045	2092	0.00	201	0	0	0	nan	0.00	0.00	4.50	83.96	88.64	0.00	37	0	42	0.00	0.00	64.61	7.62	0.00	0.00	2000
236	11.40	2056	2110	0.00	203	0	0	0	nan	0.00	0.00	5.21	83.96	88.60	0.00	37	0	41	0.00	0.00	66.66	7.88	0.00	0.00	2000
228	11.18	2051	2090	0.00	195	0	0	0	nan	0.01	0.03	5.35	83.13	88.82	0.00	37	0	42	0.00	0.00	66.45	7.64	0.00	0.00	2000
230	11.54	1989	2106	0.00	198	0	0	0	nan	0.00	0.00	4.46	84.39	88.46	0.00	37	0	42	0.00	0.00	64.12	7.49	0.00	0.00	2000
231	11.04	2086	2110	0.00	200	0	0	0	nan	0.00	0.04	3.45	85.88	88.96	0.00	37	0	42	0.00	0.00	65.77	7.63	0.00	0.00	2000
226	10.62	2165	2068	0.00	197	0	0	0	nan	0.00	0.03	4.33	83.78	89.38	0.00	38	0	42	0.00	0.00	65.22	7.34	0.00	0.00	2000
237	11.21	2089	2125	0.00	199	0	0	0	nan	0.00	0.00	4.52	85.42	88.79	0.00	38	0	42	0.00	0.00	66.61	7.60	0.00	0.00	2000
224	10.95	2087	2058	0.00	202	0	0	9	77.06	0.00	0.00	6.01	81.44	89.05	0.00	37	0	42	0.00	0.00	63.93	7.36	0.00	0.00	2000
235	11.24	2054	2141	0.66	199	0	0	12	93.28	0.00	0.00	5.55	85.07	88.76	0.00	38	0	42	0.00	0.00	63.50	7.66	0.00	0.00	2000
229	10.81	2140	2082	0.00	198	0	0	0	nan	0.00	0.00	5.05	83.45	89.19	0.00	38	0	42	0.00	0.00	68.10	7.46	0.00	0.00	2000
226	11.66	2071	1967	0.00	201	0	0	0	nan	0.00	0.00	4.45	78.39	88.34	0.00	37	0	42	0.00	0.00	58.19	6.81	0.00	0.00	2000
243	10.64	2093	2294	0.00	256	0	0	0	nan	0.00	0.00	5.25	92.44	89.36	0.00	36	0	42	0.00	0.00	77.15	8.99	0.00	0.00	2000
228	11.12	2060	2089	0.00	200	0	0	0	nan	0.00	0.00	4.80	83.76	88.88	0.00	37	0	42	0.00	0.00	67.02	7.85	0.00	0.00	2000
230	11.11	2068	2099	0.00	195	0	0	0	nan	0.00	0.00	5.34	83.73	88.89	0.00	38	0	42	0.00	0.00	65.48	7.55	0.00	0.00	2000
231	10.97	2101	2109	0.00	199	0	0	0	nan	0.00	0.01	4.88	84.62	89.03	0.00	37	0	42	0.00	0.00	65.90	7.71	0.00	0.00	2000
233	11.11	2115	2087	0.00	198	0	0	0	nan	0.00	0.53	3.81	84.12	88.89	0.00	38	0	42	0.00	0.00	64.14	7.35	0.00	0.00	2000
221	11.54	2009	1998	0.00	202	0	0	0	nan	0.00	0.00	5.98	78.40	88.46	0.00	37	0	42	0.00	0.00	57.42	6.73	0.00	0.00	2000
232	10.67	2088	2185	0.00	244	0	0	0	nan	0.00	0.92	5.77	86.37	89.33	0.00	37	0	42	0.00	0.00	71.47	8.21	0.00	0.00	2000
232	11.34	2053	2090	0.00	217	0	0	0	nan	0.00	0.01	5.61	82.75	88.66	0.00	37	0	42	0.00	0.00	60.80	7.20	0.00	0.00	2000
232	11.09	2046	2145	0.00	249	0	0	0	nan	0.00	0.01	7.36	83.66	88.91	0.00	37	0	42	0.00	0.00	73.03	8.32	0.00	0.00	2000
235	11.13	2090	2127	0.00	199	0	0	0	nan	0.00	0.00	4.45	85.60	88.87	0.00	37	0	42	0.00	0.00	66.43	7.73	0.00	0.00	2000
229	11.19	2056	2086	0.00	197	0	0	0	nan	0.00	0.00	5.17	83.20	88.81	0.00	37	0	42	0.00	0.00	66.16	7.55	0.00	0.00	2000
232	11.15	2086	2091	0.00	200	0	0	0	nan	0.00	0.01	5.45	83.07	88.85	0.00	37	0	42	0.00	0.00	65.38	7.62	0.00	0.00	2000
234	11.54	2016	2111	0.00	208	0	0	0	89.64	0.00	0.02	4.02	85.04	88.46	0.00	37	0	42	0.00	0.00	64.50	7.52	0.00	0.00	2000
458	21.57	2372	1880	0.23	197	0	0	11	46.62	0.00	0.00	3.74	66.58	78.43	0.00	37	0	42	0.00	0.00	59.82	6.97	0.00	0.00	2000
681	27.48	2500	2082	0.00	230	0	0	0	nan	0.00	0.00	4.61	67.39	72.52	0.00	37	0	42	0.00	0.00	68.56	7.74	0.00	0.00	2000
680	26.89	2500	2125	0.00	249	0	0	0	nan	0.00	0.01	3.95	70.16	73.11	0.00	37	0	42	0.00	0.00	74.52	8.05	0.00	0.00	2000
684	27.67	2500	2077	0.00	233	0	0	0	nan	0.00	0.41	3.13	68.14	72.33	0.00	37	0	42	0.00	0.00	68.76	7.59	0.00	0.00	2000
683	26.99	2500	2125	0.00	248	0	0	0	nan	0.00	0.04	3.11	70.88	73.01	0.00	37	0	42	0.00	0.00	73.98	7.89	0.00	0.00	2000
315	13.25	2182	2289	0.00	239	0	0	0	nan	0.00	0.02	7.27	87.32	86.75	0.00	37	0	42	0.00	0.00	71.06	8.23	0.00	0.00	2000
232	10.92	2099	2125	0.00	211	0	0	0	nan	0.01	0.03	4.41	85.80	89.08	0.00	37	0	42	0.00	0.00	68.71	8.17	0.00	0.00	2000
233	11.26	2059	2114	0.00	206	0	0	0	nan	0.00	0.02	5.86	83.47	88.74	0.00	38	0	42	0.00	0.00	64.50	7.83	0.00	0.00	2000
192	9.95	1936	2097	0.00	226	0	0	0	nan	0.04	0.01	7.24	82.77	90.05	0.00	37	0	42	0.00	0.00	65.54	7.96	0.00	0.00	2000
97	7.59	1266	2127	0.00	114	0	0	0	nan	0.00	0.00	7.93	85.78	92.41	0.00	37	0	42	0.00	0.00	62.77	7.99	0.00	0.00	2000
