Avg_MHz	Busy%	Bzy_MHz	TSC_MHz	IPC	IRQ	NMI	SMI	LLCMRPS	LLC%hit	POLL%	C1%	C1E%	C6%	CPU%c1	CPU%c6	CoreTmp	CoreThr	PkgTmp	Pkg%pc2	Pkg%pc6	PkgWatt	RAMWatt	PKG_%	RAM_%	UncMHz
268	13.83	1934	2105	0.00	239	0	0	0	nan	0.00	0.02	27.70	58.61	86.17	0.00	37	0	41	0.00	0.00	61.76	7.40	0.00	0.00	2000
368	16.36	2198	2149	0.00	212	0	0	0	nan	0.00	1.80	15.26	68.83	83.64	0.00	37	0	42	0.00	0.00	68.53	7.63	0.00	0.00	2000
79	6.86	1141	2126	0.00	210	0	0	0	nan	0.00	0.00	12.46	81.85	93.14	0.00	36	0	41	0.00	0.00	63.20	7.78	0.00	0.00	2000
73	6.22	1169	2100	0.00	193	0	0	0	nan	0.00	0.00	3.25	90.35	93.78	0.00	36	0	41	0.00	0.00	59.00	7.46	0.00	0.00	2000
75	6.46	1152	2110	0.00	193	0	0	0	nan	0.00	0.00	3.51	90.37	93.54	0.00	36	0	42	0.00	0.00	60.95	7.56	0.00	0.00	2000
72	6.56	1121	2067	0.00	178	0	0	0	nan	0.00	0.01	3.46	88.47	93.44	0.00	36	0	41	0.00	0.00	54.52	6.91	0.00	0.00	2000
72	6.88	1045	2100	0.00	211	0	0	0	nan	0.00	0.00	4.07	89.07	93.12	0.00	36	0	41	0.00	0.00	60.11	7.57	0.00	0.00	2000
73	6.53	1103	2115	0.00	194	0	0	0	nan	0.00	0.00	3.67	90.46	93.47	0.00	36	0	41	0.00	0.00	58.80	7.52	0.00	0.00	2000
76	6.65	1140	2115	0.00	211	0	0	0	nan	0.00	0.00	6.24	87.69	93.35	0.00	36	0	42	0.00	0.00	58.24	7.37	0.00	0.00	2000
70	6.65	1069	2069	0.00	195	0	0	0	nan	0.00	0.00	2.86	89.23	93.35	0.00	36	0	41	0.00	0.00	55.27	7.28	0.00	0.00	2000
73	6.73	1079	2102	0.00	194	0	0	0	nan	0.00	0.01	1.51	91.85	93.27	0.00	36	0	41	0.00	0.00	60.87	7.48	0.00	0.00	2000
72	6.97	1028	2126	0.00	209	0	0	0	nan	0.00	0.00	4.13	90.20	93.03	0.00	36	0	41	0.00	0.00	59.43	7.73	0.00	0.00	2000
74	6.74	1095	2111	0.00	178	0	0	0	nan	0.00	0.03	3.24	90.55	93.26	0.00	36	0	41	0.00	0.00	57.85	7.34	0.00	0.00	2000
73	6.56	1105	2101	0.00	193	0	0	0	nan	0.00	0.00	3.10	90.46	93.44	0.00	36	0	41	0.00	0.00	60.29	7.68	0.00	0.00	2000
73	6.53	1120	2097	0.00	193	0	0	0	nan	0.00	0.00	3.16	90.17	93.47	0.00	36	0	41	0.00	0.00	59.15	7.44	0.00	0.00	2000
71	6.81	1051	2098	0.00	195	0	0	1	87.05	0.00	0.00	3.27	89.90	93.19	0.00	36	0	41	0.00	0.00	58.83	7.35	0.00	0.00	2000
74	6.65	1115	2102	0.30	194	0	0	1	86.50	0.00	0.00	2.86	90.54	93.35	0.00	36	0	41	0.00	0.00	59.76	7.49	0.00	0.00	2000
71	6.57	1083	2093	0.05	194	0	0	0	nan	0.00	0.00	3.51	89.56	93.43	0.00	36	0	41	0.00	0.00	59.27	7.43	0.00	0.00	2000
145	8.74	1660	2098	0.00	206	0	0	0	nan	0.00	0.73	5.39	85.11	91.26	0.00	36	0	41	0.00	0.00	61.42	7.43	0.00	0.00	2000
228	11.21	2038	2096	0.00	199	0	0	0	nan	0.00	0.03	5.52	83.20	88.79	0.00	37	0	41	0.00	0.00	64.38	7.59	0.00	0.00	2000
240	11.50	2080	2104	0.00	200	0	0	0	nan	0.00	0.54	4.28	83.89	88.50	0.00	37	0	41	0.00	0.00	65.28	7.37	0.00	0.00	2000
229	10.93	2090	2101	0.00	198	0	0	0	nan	0.00	0.00	6.04	83.11	89.07	0.00	37	0	41	0.00	0.00	65.40	7.48	0.00	0.00	2000
231	11.21	2064	2096	0.00	202	0	0	0	nan	0.00	0.00	7.06	81.59	88.79	0.00	37	0	41	0.00	0.00	64.26	7.51	0.00	0.00	2000
233	11.21	2081	2094	0.00	200	0	0	0	nan	0.00	0.02	7.49	81.08	88.79	0.00	36	0	41	0.00	0.00	65.17	7.85	0.00	0.00	2000
231	11.01	2088	2114	0.00	198	0	0	0	nan	0.00	0.00	6.08	83.59	88.99	0.00	36	0	41	0.00	0.00	66.12	7.85	0.00	0.00	2000
224	11.23	1998	2095	0.00	199	0	0	0	nan	0.00	0.02	6.05	82.56	88.77	0.00	37	0	41	0.00	0.00	66.09	7.70	0.00	0.00	2000
230	10.85	2127	2089	0.00	198	0	0	0	nan	0.00	0.00	5.41	83.36	89.15	0.00	37	0	41	0.00	0.00	66.22	7.72	0.00	0.00	2000
232	11.10	2088	2105	0.00	205	0	0	0	nan	0.00	0.00	6.81	82.36	88.90	0.00	37	0	41	0.00	0.00	65.82	7.62	0.00	0.00	2000
234	11.30	2070	2105	0.00	202	0	0	0	nan	0.00	0.02	7.30	81.71	88.70	0.00	37	0	41	0.00	0.00	64.05	7.38	0.00	0.00	2000
231	11.04	2090	2102	0.00	199	0	0	0	nan	0.00	0.00	6.00	83.14	88.96	0.00	38	0	41	0.00	0.00	65.06	7.50	0.00	0.00	2000
233	11.09	2104	2096	0.00	201	0	0	0	nan	0.00	0.01	5.72	83.13	88.91	0.00	38	0	41	0.00	0.00	64.25	7.35	0.00	0.00	2000
227	10.94	2081	2092	0.00	199	0	0	0	nan	0.00	0.00	5.94	82.87	89.06	0.00	37	0	42	0.00	0.00	65.38	7.51	0.00	0.00	2000
231	11.27	2076	2073	0.00	204	0	0	0	nan	0.00	0.00	4.76	82.91	88.73	0.00	38	0	41	0.00	0.00	62.97	7.25	0.00	0.00	2000
234	11.12	2065	2144	0.78	198	0	0	14	89.65	0.00	0.03	3.14	87.58	88.88	0.00	38	0	41	0.00	0.00	65.63	7.54	0.00	0.00	2000
236	11.52	2049	2100	0.14	213	0	0	0	nan	0.01	0.57	6.33	81.75	88.48	0.00	38	0	41	0.00	0.00	64.59	7.40	0.00	0.00	2000
229	10.94	2123	2071	0.00	198	0	0	0	nan	0.00	0.02	5.75	82.15	89.06	0.00	38	0	41	0.00	0.00	64.93	7.55	0.00	0.00	2000
228	11.08	2060	2101	0.00	199	0	0	0	nan	0.00	0.00	4.39	84.66	88.92	0.00	38	0	41	0.00	0.00	63.01	7.25	0.00	0.00	2000
235	11.14	2082	2129	0.00	212	0	0	0	nan	0.00	0.00	4.48	85.70	88.86	0.00	39	0	41	0.00	0.00	66.16	7.57	0.00	0.00	2000
232	11.01	2104	2107	0.00	203	0	0	0	nan	0.00	0.02	3.33	86.00	88.99	0.00	40	0	42	0.00	0.00	65.90	7.46	0.00	0.00	2000
225	10.90	2099	2067	0.00	203	0	0	0	nan	0.00	0.00	3.74	83.99	89.10	0.00	40	0	41	0.00	0.00	63.76	7.10	0.00	0.00	2000
232	10.96	2095	2127	0.00	220	0	0	0	nan	0.00	0.00	3.85	86.41	89.04	0.00	40	0	41	0.00	0.00	65.43	7.56	0.00	0.00	2000
230	10.90	2113	2098	0.00	187	0	0	0	nan	0.00	0.00	2.90	86.20	89.11	0.00	40	0	41	0.00	0.00	65.69	7.65	0.00	0.00	2000
228	11.03	2088	2081	0.00	229	0	0	0	nan	0.00	0.00	3.17	85.08	88.97	0.00	40	0	41	0.00	0.00	65.29	7.63	0.00	0.00	2000
231	10.86	2113	2114	0.00	219	0	0	0	nan	0.00	0.02	3.18	86.54	89.14	0.00	40	0	41	0.00	0.00	64.75	7.26	0.00	0.00	2000
231	11.27	2045	2105	0.00	205	0	0	0	nan	0.00	0.00	3.56	85.53	88.73	0.00	40	0	41	0.00	0.00	66.49	7.72	0.00	0.00	2000
228	11.04	2068	2094	0.00	203	0	0	0	nan	0.00	0.00	3.30	85.52	88.96	0.00	40	0	42	0.00	0.00	66.29	7.50	0.00	0.00	2000
233	11.69	2111	1981	0.00	203	0	0	0	nan	0.00	0.01	3.50	79.75	88.31	0.00	38	0	41	0.00	0.00	60.82	7.11	0.00	0.00	2000
233	10.44	2090	2241	0.00	240	0	0	0	nan	0.00	0.01	7.25	88.40	89.56	0.00	38	0	41	0.00	0.00	69.00	7.64	0.00	0.00	2000
226	10.79	2088	2103	0.00	199	0	0	0	nan	0.00	0.00	4.73	84.73	89.21	0.00	39	0	41	0.00	0.00	66.33	7.71	0.00	0.00	2000
225	11.03	2041	2100	0.00	200	0	0	0	76.31	0.00	0.00	5.19	83.83	88.97	0.00	38	0	41	0.00	0.00	63.46	7.28	0.00	0.00	2000
223	10.95	2045	2087	0.83	198	0	0	3	58.70	0.00	0.01	4.63	83.94	89.05	0.00	39	0	41	0.00	0.00	63.89	7.28	0.00	0.00	2000
224	10.90	2043	2115	0.02	194	0	0	0	nan	0.00	0.00	3.05	86.73	89.10	0.00	39	0	41	0.00	0.00	68.15	8.17	0.00	0.00	2000
223	10.86	2056	2101	0.00	196	0	0	0	nan	0.00	0.01	3.04	86.20	89.14	0.00	39	0	42	0.00	0.00	63.54	7.25	0.00	0.00	2000
222	10.79	2058	2099	0.00	195	0	0	0	nan	0.01	0.00	2.80	86.49	89.21	0.00	39	0	41	0.00	0.00	64.69	7.40	0.00	0.00	2000
222	10.48	2117	2101	0.00	194	0	0	0	nan	0.00	0.00	3.73	85.88	89.52	0.00	40	0	42	0.00	0.00	65.78	7.78	0.00	0.00	2000
242	11.76	2058	2098	0.00	196	0	0	0	nan	0.00	0.00	3.14	85.18	88.24	0.00	39	0	41	0.00	0.00	64.58	7.54	0.00	0.00	2000
224	11.17	2004	2103	0.00	198	0	0	0	nan	0.00	0.02	2.81	86.22	88.83	0.00	39	0	42	0.00	0.00	66.75	7.64	0.00	0.00	2000
222	10.72	2074	2101	0.00	178	0	0	0	nan	0.00	0.01	3.48	85.95	89.28	0.00	40	0	42	0.00	0.00	67.21	7.77	0.00	0.00	2000
221	10.45	2118	2101	0.00	194	0	0	0	nan	0.00	0.04	3.15	86.44	89.55	0.00	39	0	41	0.00	0.00	63.84	7.45	0.00	0.00	2000
221	10.88	2029	2099	0.00	195	0	0	0	nan	0.00	0.03	2.61	86.56	89.12	0.00	39	0	42	0.00	0.00	64.85	7.60	0.00	0.00	2000
222	11.09	2009	2095	0.00	197	0	0	0	nan	0.00	0.00	2.45	86.36	88.91	0.00	40	0	41	0.00	0.00	64.97	7.43	0.00	0.00	2000
223	11.01	2021	2104	0.00	197	0	0	0	nan	0.00	0.00	5.05	84.19	88.99	0.00	40	0	41	0.00	0.00	67.02	7.73	0.00	0.00	2000
223	11.06	2037	2078	0.00	194	0	0	0	nan	0.00	0.01	2.87	85.22	88.94	0.00	39	0	41	0.00	0.00	63.14	7.21	0.00	0.00	2000
222	10.67	2062	2122	0.00	194	0	0	0	nan	0.00	0.00	2.58	87.79	89.33	0.00	39	0	42	0.00	0.00	67.10	7.77	0.00	0.00	2000
217	11.35	2052	1958	0.00	180	0	0	0	nan	0.01	0.00	2.42	80.31	88.65	0.00	39	0	41	0.00	0.00	61.53	6.98	0.00	0.00	2000
227	10.35	2047	2255	0.00	212	0	0	0	nan	0.00	0.02	2.47	93.86	89.65	0.00	39	0	41	0.00	0.00	70.68	7.98	0.00	0.00	2000
222	10.80	2057	2097	0.00	195	0	0	0	nan	0.00	0.00	2.59	86.54	89.20	0.00	40	0	42	0.00	0.00	65.65	7.51	0.00	0.00	2000
220	10.99	2090	2014	0.92	196	0	0	10	9.81	0.01	0.00	2.98	82.46	89.01	0.00	40	0	41	0.00	0.00	61.57	7.24	0.00	0.00	2000
223	10.54	2062	2157	0.61	195	0	0	0	nan	0.00	0.00	2.92	89.06	89.46	0.00	40	0	41	0.00	0.00	72.03	8.81	0.00	0.00	2000
222	10.70	2085	2085	0.00	202	0	0	0	nan	0.01	0.02	4.83	83.83	89.30	0.00	40	0	41	0.00	0.00	64.19	8.01	0.00	0.00	2000
221	10.36	2124	2107	0.00	200	0	0	0	nan	0.00	0.00	4.63	85.34	89.64	0.00	40	0	41	0.00	0.00	66.89	8.26	0.00	0.00	2000
220	10.37	2101	2124	0.00	199	0	0	0	nan	0.00	0.02	3.50	87.19	89.63	0.00	40	0	42	0.00	0.00	66.83	8.14	0.00	0.00	2000
224	10.35	2176	2088	0.00	204	0	0	0	nan	0.00	1.08	3.06	85.09	89.65	0.00	40	0	42	0.00	0.00	67.01	8.34	0.00	0.00	2000
220	10.58	2098	2080	0.00	199	0	0	0	nan	0.00	0.00	6.67	81.98	89.42	0.00	40	0	42	0.00	0.00	67.07	8.21	0.00	0.00	2000
222	10.77	2058	2106	0.00	197	0	0	0	nan	0.00	0.02	6.35	83.25	89.23	0.00	40	0	41	0.00	0.00	66.94	8.22	0.00	0.00	2000
221	10.47	2102	2104	0.00	198	0	0	0	nan	0.00	0.01	4.95	84.77	89.53	0.00	40	0	42	0.00	0.00	66.61	8.41	0.00	0.00	2000
217	11.10	2069	1984	0.00	200	0	0	0	nan	0.00	0.00	4.58	79.47	88.90	0.00	40	0	42	0.00	0.00	60.85	7.53	0.00	0.00	2000
226	10.67	2018	2204	0.00	221	0	0	0	nan	0.00	0.02	5.93	87.91	89.33	0.00	40	0	42	0.00	0.00	69.93	8.65	0.00	0.00	2000
223	10.48	2096	2128	0.00	198	0	0	0	nan	0.00	0.01	5.97	84.92	89.52	0.00	41	0	41	0.00	0.00	69.06	8.46	0.00	0.00	2000
220	10.71	2084	2071	0.00	199	0	0	0	nan	0.00	0.00	4.82	83.22	89.29	0.00	40	0	41	0.00	0.00	63.94	7.84	0.00	0.00	2000
222	10.45	2090	2132	0.00	198	0	0	0	nan	0.00	0.02	4.61	86.44	89.55	0.00	40	0	41	0.00	0.00	69.72	8.65	0.00	0.00	2000
220	10.70	2071	2083	0.00	199	0	0	0	nan	0.00	0.00	4.93	83.73	89.30	0.00	40	0	42	0.00	0.00	64.87	7.99	0.00	0.00	2000
223	10.35	2147	2107	0.00	204	0	0	0	nan	0.00	0.53	4.96	84.57	89.65	0.00	40	0	41	0.00	0.00	66.90	8.29	0.00	0.00	2000
221	10.35	2127	2105	0.00	198	0	0	0	nan	0.00	0.07	4.84	84.97	89.65	0.00	41	0	41	0.00	0.00	69.73	8.25	0.00	0.00	2000
221	10.74	2051	2107	0.75	198	0	0	22	10.77	0.00	0.00	5.10	84.48	89.26	0.00	40	0	41	0.00	0.00	66.15	8.62	0.00	0.00	2000
222	10.80	2074	2078	0.83	199	0	0	0	nan	0.00	0.00	5.72	82.69	89.20	0.00	41	0	41	0.00	0.00	63.02	7.65	0.00	0.00	2000
222	10.76	2050	2110	0.00	197	0	0	0	nan	0.00	0.00	4.90	84.86	89.24	0.00	41	0	41	0.00	0.00	66.64	8.19	0.00	0.00	2000
223	10.85	2076	2075	0.00	204	0	0	0	nan	0.00	0.03	5.63	82.50	89.15	0.00	40	0	42	0.00	0.00	66.26	8.22	0.00	0.00	2000
221	10.53	2085	2115	0.00	199	0	0	0	nan	0.00	0.00	6.03	84.25	89.47	0.00	40	0	41	0.00	0.00	66.28	8.14	0.00	0.00	2000
223	10.68	2075	2113	0.00	203	0	0	0	nan	0.00	0.05	6.33	83.59	89.32	0.00	40	0	41	0.00	0.00	69.59	8.61	0.00	0.00	2000
221	10.68	2073	2100	0.00	200	0	0	0	nan	0.00	0.00	5.12	84.23	89.32	0.00	40	0	41	0.00	0.00	66.23	7.92	0.00	0.00	2000
221	10.61	2090	2089	0.00	199	0	0	0	nan	0.00	0.01	4.89	84.15	89.39	0.00	41	0	42	0.00	0.00	63.63	8.27	0.00	0.00	2000
224	10.68	2086	2107	0.00	200	0	0	0	nan	0.00	0.04	4.91	84.71	89.32	0.00	40	0	42	0.00	0.00	67.03	8.15	0.00	0.00	2000
221	10.45	2118	2101	0.00	207	0	0	0	nan	0.00	0.00	3.46	86.14	89.55	0.00	40	0	41	0.00	0.00	66.92	8.15	0.00	0.00	2000
220	10.72	2067	2090	0.00	199	0	0	0	nan	0.00	0.49	5.05	83.40	89.28	0.00	41	0	41	0.00	0.00	66.54	8.07	0.00	0.00	2000
221	10.76	2044	2113	0.00	198	0	0	0	nan	0.00	0.02	6.06	83.75	89.24	0.00	40	0	41	0.00	0.00	66.45	8.04	0.00	0.00	2000
220	10.49	2102	2099	0.00	199	0	0	0	nan	0.00	0.47	5.70	83.35	89.51	0.00	40	0	41	0.00	0.00	66.32	8.05	0.00	0.00	2000
222	10.74	2079	2088	0.00	198	0	0	0	nan	0.00	0.01	4.89	83.85	89.26	0.00	40	0	42	0.00	0.00	66.88	8.35	0.00	0.00	2000
222	10.65	2080	2108	0.00	205	0	0	0	nan	0.00	0.01	6.37	83.35	89.35	0.00	40	0	42	0.00	0.00	66.74	8.37	0.00	0.00	2000
221	10.62	2073	2106	0.00	199	0	0	0	nan	0.00	0.00	6.22	83.37	89.38	0.00	41	0	41	0.00	0.00	66.40	8.32	0.00	0.00	2000
221	10.80	2047	2097	0.00	199	0	0	0	nan	0.00	0.00	5.83	83.32	89.20	0.00	40	0	41	0.00	0.00	66.59	8.33	0.00	0.00	2000
221	10.50	2111	2096	0.36	200	0	0	19	10.69	0.00	0.02	4.99	84.36	89.50	0.00	41	0	42	0.00	0.00	66.81	8.37	0.00	0.00	2000
219	11.12	2076	1993	1.15	201	0	0	4	40.95	0.03	0.00	4.45	79.95	88.88	0.00	41	0	41	0.00	0.00	64.22	7.88	0.00	0.00	2000
235	10.91	2019	2238	0.00	214	0	0	0	nan	0.00	0.00	3.37	91.66	89.09	0.00	40	0	41	0.00	0.00	69.53	8.13	0.00	0.00	2000
224	10.60	2092	2121	0.00	194	0	0	0	nan	0.00	0.00	2.70	87.64	89.40	0.00	39	0	41	0.00	0.00	65.45	7.55	0.00	0.00	2000
218	11.16	1999	2055	0.00	196	0	0	0	nan	0.00	0.00	3.79	83.23	88.84	0.00	38	0	41	0.00	0.00	63.85	7.47	0.00	0.00	2000
219	10.76	2052	2087	0.00	195	0	0	0	nan	0.00	0.02	3.08	85.66	89.24	0.00	37	0	41	0.00	0.00	63.47	7.50	0.00	0.00	2000
233	10.90	2078	2161	0.00	212	0	0	0	nan	0.00	0.00	4.19	87.42	89.10	0.00	37	0	41	0.00	0.00	68.81	7.77	0.00	0.00	2000
229	11.26	2036	2097	0.00	195	0	0	0	nan	0.00	0.03	3.29	85.37	88.74	0.00	37	0	41	0.00	0.00	64.77	7.28	0.00	0.00	2000
228	10.82	2110	2103	0.00	194	0	0	0	nan	0.00	0.00	3.64	85.74	89.18	0.00	38	0	41	0.00	0.00	62.52	7.11	0.00	0.00	2000
227	11.14	2049	2092	0.00	196	0	0	0	nan	0.00	0.00	3.32	85.22	88.86	0.00	38	0	42	0.00	0.00	66.92	7.58	0.00	0.00	2000
227	11.06	2049	2100	0.00	194	0	0	0	nan	0.00	0.00	3.93	85.09	88.94	0.00	38	0	41	0.00	0.00	64.65	7.52	0.00	0.00	2000
230	11.08	2070	2104	0.00	195	0	0	0	nan	0.00	0.00	3.98	85.19	88.92	0.00	38	0	41	0.00	0.00	64.57	7.49	0.00	0.00	2000
228	11.15	2041	2099	0.00	194	0	0	0	nan	0.00	0.00	4.35	84.58	88.85	0.00	38	0	41	0.00	0.00	61.57	7.03	0.00	0.00	2000
227	11.19	2032	2099	0.00	195	0	0	0	nan	0.00	0.00	4.09	84.73	88.81	0.00	38	0	41	0.00	0.00	67.20	7.57	0.00	0.00	2000
228	10.99	2074	2103	0.00	195	0	0	0	nan	0.00	0.00	3.80	85.36	89.01	0.00	38	0	42	0.00	0.00	62.34	7.02	0.00	0.00	2000
227	11.25	2019	2097	0.00	195	0	0	0	nan	0.00	0.00	3.99	84.75	88.75	0.00	38	0	41	0.00	0.00	61.46	7.32	0.00	0.00	2000
227	10.79	2109	2096	0.00	194	0	0	0	nan	0.00	0.00	4.23	84.80	89.21	0.00	38	0	41	0.00	0.00	68.44	7.48	0.00	0.00	2000
232	11.01	2100	2105	0.19	196	0	0	2	85.56	0.00	0.03	4.35	84.93	88.99	0.00	38	0	41	0.00	0.00	64.74	7.39	0.00	0.00	2000
227	11.00	2067	2100	0.47	194	0	0	1	92.26	0.00	0.00	4.10	85.01	89.00	0.00	38	0	41	0.00	0.00	63.90	7.00	0.00	0.00	2000
228	11.21	2038	2095	0.00	195	0	0	0	nan	0.00	0.00	4.08	84.67	88.79	0.00	38	0	41	0.00	0.00	64.37	7.13	0.00	0.00	2000
227	10.91	2100	2076	0.00	194	0	0	0	nan	0.00	0.00	4.41	83.74	89.09	0.00	37	0	41	0.00	0.00	65.33	7.57	0.00	0.00	2000
230	11.13	2036	2128	0.00	195	0	0	0	nan	0.00	0.00	4.62	85.54	88.87	0.00	37	0	42	0.00	0.00	65.18	7.48	0.00	0.00	2000
228	11.13	2078	2066	0.00	196	0	0	0	nan	0.00	0.01	2.73	84.77	88.89	0.00	37	0	42	0.00	0.00	65.18	7.37	0.00	0.00	2000
111	7.97	1363	2141	0.00	196	0	0	0	nan	0.00	0.00	4.10	89.67	92.03	0.00	37	0	42	0.00	0.00	64.18	7.78	0.00	0.00	2000
111	8.30	1422	1981	0.00	195	0	0	0	nan	0.00	0.00	2.92	83.58	91.70	0.00	37	0	42	0.00	0.00	53.28	6.67	0.00	0.00	2000
231	10.39	2107	2220	0.00	228	0	0	0	nan	0.00	0.02	4.10	90.77	89.61	0.00	38	0	41	0.00	0.00	71.02	7.85	0.00	0.00	2000
232	10.98	2100	2109	0.00	204	0	0	0	nan	0.00	0.00	5.88	83.52	89.02	0.00	38	0	42	0.00	0.00	65.03	7.24	0.00	0.00	2000
201	10.29	1947	2103	0.00	199	0	0	0	nan	0.00	0.00	5.51	84.36	89.71	0.00	38	0	42	0.00	0.00	64.22	7.37	0.00	0.00	2000
75	6.70	1124	2100	0.00	194	0	0	0	nan	0.00	0.00	4.23	89.07	93.30	0.00	37	0	42	0.00	0.00	59.88	7.40	0.00	0.00	2000
137	8.87	1549	2095	0.00	203	0	0	0	nan	0.00	0.00	6.40	84.62	91.13	0.00	37	0	41	0.00	0.00	60.41	7.27	0.00	0.00	2000
231	11.09	2089	2091	0.00	197	0	0	0	nan	0.00	0.00	6.44	82.18	88.91	0.00	38	0	42	0.00	0.00	65.10	7.45	0.00	0.00	2000
231	10.99	2105	2101	0.00	201	0	0	0	nan	0.00	0.00	5.90	83.24	89.01	0.00	38	0	42	0.00	0.00	64.84	7.47	0.00	0.00	2000
228	10.88	2086	2109	0.00	194	0	0	0	nan	0.00	0.00	5.10	84.43	89.12	0.00	38	0	41	0.00	0.00	64.74	7.43	0.00	0.00	2000
228	11.17	2042	2100	0.00	195	0	0	0	nan	0.00	0.00	4.39	84.56	88.83	0.00	38	0	41	0.00	0.00	64.50	7.47	0.00	0.00	2000
228	11.23	2037	2097	0.22	195	0	0	3	69.85	0.00	0.00	4.12	84.62	88.77	0.00	38	0	41	0.00	0.00	63.59	7.35	0.00	0.00	2000
228	11.04	2067	2099	0.49	194	0	0	2	83.50	0.00	0.04	2.38	86.57	88.96	0.00	39	0	41	0.00	0.00	65.07	7.51	0.00	0.00	2000
228	11.04	2093	2073	0.00	195	0	0	0	nan	0.00	0.02	5.47	82.38	88.96	0.00	37	0	41	0.00	0.00	64.32	7.36	0.00	0.00	2000
232	11.41	2039	2097	0.00	194	0	0	0	nan	0.00	0.01	2.47	86.14	88.59	0.00	37	0	42	0.00	0.00	66.55	7.52	0.00	0.00	2000
244	12.21	2101	1997	0.00	213	0	0	0	nan	0.00	0.10	3.89	79.56	87.79	0.00	37	0	41	0.00	0.00	60.26	7.05	0.00	0.00	2000
260	11.84	2054	2248	0.00	232	0	0	0	nan	0.00	0.56	7.15	86.79	88.16	0.00	37	0	41	0.00	0.00	71.99	8.34	0.00	0.00	2000
108	7.73	1389	2108	0.00	212	0	0	0	nan	0.00	0.00	5.60	86.95	92.27	0.00	37	0	41	0.00	0.00	59.52	7.35	0.00	0.00	2000
75	6.78	1108	2108	0.00	193	0	0	0	nan	0.00	0.02	3.04	90.47	93.22	0.00	37	0	42	0.00	0.00	58.93	7.47	0.00	0.00	2000
88	7.06	1277	2047	0.00	113	0	0	0	nan	0.00	0.00	5.82	84.83	92.94	0.00	37	0	42	0.00	0.00	58.27	7.20	0.00	0.00	2000
