Avg_MHz	Busy%	Bzy_MHz	TSC_MHz	IPC	IRQ	NMI	SMI	LLCMRPS	LLC%hit	POLL%	C1%	C1E%	C6%	CPU%c1	CPU%c6	CoreTmp	CoreThr	PkgTmp	Pkg%pc2	Pkg%pc6	PkgWatt	RAMWatt	PKG_%	RAM_%	UncMHz
297	14.62	1953	2185	0.00	313	0	0	0	nan	0.00	0.08	26.45	62.43	85.38	0.00	37	0	42	0.00	0.00	71.54	8.31	0.00	0.00	2000
338	15.89	2155	2073	0.00	209	0	0	0	nan	0.06	1.89	16.79	64.63	84.11	0.00	36	0	42	0.00	0.00	65.70	7.26	0.00	0.00	2000
78	7.19	1067	2136	0.00	213	0	0	0	nan	0.00	0.00	7.51	87.01	92.81	0.00	36	0	42	0.00	0.00	63.65	8.01	0.00	0.00	2000
72	6.42	1131	2083	0.00	193	0	0	0	nan	0.00	0.00	3.04	89.75	93.58	0.00	36	0	42	0.00	0.00	58.43	7.38	0.00	0.00	2000
74	7.01	1043	2111	0.00	194	0	0	0	nan	0.00	0.02	1.97	91.57	92.99	0.00	37	0	42	0.00	0.00	58.04	7.37	0.00	0.00	2000
72	6.70	1078	2100	0.00	194	0	0	0	nan	0.00	0.03	2.99	90.41	93.30	0.00	37	0	42	0.00	0.00	60.44	7.75	0.00	0.00	2000
74	6.47	1136	2102	0.00	193	0	0	0	nan	0.00	0.00	2.11	91.53	93.53	0.00	36	0	42	0.00	0.00	58.80	7.50	0.00	0.00	2000
72	6.51	1113	2094	0.00	195	0	0	0	nan	0.00	0.00	2.74	90.55	93.49	0.00	36	0	42	0.00	0.00	59.82	7.39	0.00	0.00	2000
74	6.79	1078	2117	0.00	194	0	0	0	nan	0.00	0.00	2.92	91.17	93.21	0.00	37	0	42	0.00	0.00	60.20	7.59	0.00	0.00	2000
72	6.89	1051	2100	0.00	193	0	0	0	nan	0.00	0.00	2.76	90.49	93.11	0.00	36	0	42	0.00	0.00	59.47	7.43	0.00	0.00	2000
74	6.92	1085	2077	0.00	193	0	0	0	nan	0.00	0.00	3.12	88.96	93.08	0.00	36	0	42	0.00	0.00	58.43	7.36	0.00	0.00	2000
74	7.01	1038	2125	0.00	194	0	0	0	nan	0.00	0.01	3.06	91.12	92.99	0.00	37	0	42	0.00	0.00	60.61	7.55	0.00	0.00	2000
73	6.50	1127	2084	0.00	195	0	0	0	nan	0.00	0.00	3.37	89.38	93.50	0.00	37	0	42	0.00	0.00	58.65	7.22	0.00	0.00	2000
71	6.86	1039	2100	0.00	193	0	0	0	nan	0.01	0.00	2.90	90.42	93.14	0.00	36	0	42	0.00	0.00	58.68	7.30	0.00	0.00	2000
73	6.48	1132	2098	0.00	193	0	0	0	nan	0.00	0.02	3.11	90.32	93.52	0.00	36	0	42	0.00	0.00	59.87	7.49	0.00	0.00	2000
72	6.90	1032	2112	0.00	195	0	0	1	87.11	0.00	0.02	3.16	90.59	93.10	0.00	37	0	42	0.00	0.00	59.87	7.60	0.00	0.00	2000
84	7.80	1088	2071	0.25	194	0	0	3	70.12	0.00	0.00	4.23	86.85	92.20	0.00	36	0	42	0.00	0.00	57.87	7.47	0.00	0.00	2000
73	7.17	1000	2142	0.00	194	0	0	0	nan	0.00	0.00	4.02	90.85	92.83	0.00	37	0	42	0.00	0.00	61.44	7.78	0.00	0.00	2000
151	9.44	1605	2091	0.00	209	0	0	0	nan	0.02	0.00	7.25	83.02	90.56	0.00	38	0	42	0.00	0.00	61.34	7.55	0.00	0.00	2000
230	11.38	2026	2092	0.00	207	0	0	0	nan	0.00	0.00	5.77	82.71	88.62	0.00	39	0	42	0.00	0.00	65.86	7.60	0.00	0.00	2000
228	11.33	2031	2085	0.00	203	0	0	0	nan	0.00	0.01	2.85	85.39	88.67	0.00	40	0	42	0.00	0.00	63.00	7.36	0.00	0.00	2000
233	11.45	2021	2118	0.00	229	0	0	0	nan	0.00	0.01	2.96	86.54	88.55	0.00	40	0	42	0.00	0.00	64.45	7.39	0.00	0.00	2000
237	11.34	2083	2103	0.00	183	0	0	0	nan	0.00	0.02	7.00	81.98	88.66	0.00	38	0	42	0.00	0.00	66.49	7.62	0.00	0.00	2000
226	10.95	2096	2069	0.00	200	0	0	0	nan	0.00	0.00	6.07	81.75	89.05	0.00	37	0	42	0.00	0.00	65.89	8.09	0.00	0.00	2000
235	11.14	2090	2120	0.00	197	0	0	0	nan	0.00	0.02	3.53	86.32	88.86	0.00	37	0	42	0.00	0.00	65.91	7.57	0.00	0.00	2000
234	11.40	2043	2106	0.00	197	0	0	0	nan	0.00	0.03	4.49	84.54	88.60	0.00	37	0	42	0.00	0.00	66.39	7.99	0.00	0.00	2000
235	11.06	2116	2108	0.00	197	0	0	0	nan	0.01	0.00	4.83	84.64	88.94	0.00	38	0	42	0.00	0.00	67.26	7.92	0.00	0.00	2000
224	11.35	2045	2031	0.00	201	0	0	0	nan	0.00	0.01	4.41	81.47	88.65	0.00	38	0	42	0.00	0.00	62.65	7.33	0.00	0.00	2000
235	11.16	2037	2172	0.00	213	0	0	0	nan	0.00	0.02	4.46	87.40	88.84	0.00	38	0	42	0.00	0.00	67.47	7.63	0.00	0.00	2000
229	11.07	2079	2089	0.00	197	0	0	0	nan	0.00	0.00	4.39	84.20	88.93	0.00	39	0	42	0.00	0.00	66.57	7.43	0.00	0.00	2000
231	11.32	2041	2098	0.00	197	0	0	0	nan	0.00	0.00	4.78	84.01	88.68	0.00	39	0	42	0.00	0.00	61.92	7.56	0.00	0.00	2000
233	11.09	2084	2114	0.00	198	0	0	0	nan	0.00	0.00	6.09	83.54	88.91	0.00	39	0	42	0.00	0.00	64.05	7.31	0.00	0.00	2000
227	10.84	2117	2081	0.00	208	0	0	0	88.10	0.00	0.00	5.26	83.23	89.16	0.00	39	0	42	0.00	0.00	65.19	7.36	0.00	0.00	2000
231	11.27	2043	2108	0.75	198	0	0	12	85.40	0.00	0.00	6.14	83.11	88.73	0.00	39	0	42	0.00	0.00	64.41	7.64	0.00	0.00	2000
227	11.39	2038	2053	0.05	198	0	0	0	nan	0.00	0.00	5.83	80.98	88.61	0.00	38	0	42	0.00	0.00	62.54	7.32	0.00	0.00	2000
231	11.39	1974	2154	0.00	213	0	0	0	nan	0.00	0.00	6.15	84.94	88.61	0.00	37	0	42	0.00	0.00	71.06	8.52	0.00	0.00	2000
234	11.19	2098	2089	0.00	201	0	0	0	nan	0.00	0.02	4.85	83.55	88.81	0.00	37	0	42	0.00	0.00	63.19	7.00	0.00	0.00	2000
231	11.73	1958	2111	0.00	198	0	0	0	nan	0.00	0.00	5.47	83.49	88.27	0.00	38	0	42	0.00	0.00	70.42	8.30	0.00	0.00	2000
228	11.36	2036	2069	0.00	197	0	0	0	nan	0.00	0.00	3.79	83.74	88.64	0.00	39	0	42	0.00	0.00	62.29	7.00	0.00	0.00	2000
227	11.12	2007	2136	0.00	214	0	0	0	nan	0.00	0.00	5.20	85.36	88.88	0.00	39	0	42	0.00	0.00	65.99	7.46	0.00	0.00	2000
232	11.70	1983	2099	0.00	197	0	0	0	nan	0.00	0.00	5.34	83.06	88.30	0.00	38	0	42	0.00	0.00	68.42	7.77	0.00	0.00	2000
233	11.42	2037	2107	0.00	196	0	0	0	nan	0.00	0.00	3.71	85.26	88.58	0.00	38	0	42	0.00	0.00	65.74	7.80	0.00	0.00	2000
234	11.17	2092	2100	0.00	196	0	0	0	nan	0.00	0.03	3.37	85.56	88.83	0.00	38	0	42	0.00	0.00	63.99	7.57	0.00	0.00	2000
228	10.98	2090	2087	0.00	195	0	0	0	nan	0.01	0.00	3.92	84.66	89.02	0.00	38	0	42	0.00	0.00	67.20	7.69	0.00	0.00	2000
232	11.31	2040	2109	0.00	195	0	0	0	nan	0.00	0.00	3.40	85.78	88.69	0.00	38	0	42	0.00	0.00	64.46	7.51	0.00	0.00	2000
229	10.97	2098	2088	0.00	194	0	0	0	nan	0.00	0.00	3.47	85.10	89.03	0.00	38	0	42	0.00	0.00	66.84	7.55	0.00	0.00	2000
239	11.26	2111	2111	0.00	200	0	0	0	nan	0.00	0.00	5.40	83.80	88.74	0.00	37	0	42	0.00	0.00	65.53	7.74	0.00	0.00	2000
232	11.40	2034	2100	0.00	195	0	0	0	nan	0.01	0.00	3.32	85.37	88.60	0.00	37	0	42	0.00	0.00	67.21	7.78	0.00	0.00	2000
228	11.56	2069	2003	0.00	195	0	0	0	nan	0.00	0.05	2.56	81.88	88.44	0.00	37	0	42	0.00	0.00	61.47	7.30	0.00	0.00	2000
234	10.76	2063	2211	0.00	194	0	0	1	83.52	0.00	0.02	3.22	90.80	89.24	0.00	37	0	42	0.00	0.00	70.30	8.16	0.00	0.00	2000
233	10.90	2134	2100	0.94	194	0	0	11	78.41	0.00	0.00	2.63	86.45	89.10	0.00	37	0	42	0.00	0.00	64.61	7.18	0.00	0.00	2000
229	11.46	2119	1985	0.09	195	0	0	0	nan	0.00	0.02	2.55	81.24	88.54	0.00	37	0	42	0.00	0.00	63.32	7.64	0.00	0.00	2000
231	11.22	2065	2089	0.00	194	0	0	0	nan	0.00	0.02	2.24	86.25	88.78	0.00	37	0	42	0.00	0.00	67.39	8.34	0.00	0.00	2000
220	10.32	2048	2188	0.00	210	0	0	0	nan	0.00	0.01	2.73	90.75	89.68	0.00	38	0	42	0.00	0.00	69.08	8.54	0.00	0.00	2000
170	9.63	1782	2080	0.00	260	0	0	0	nan	0.00	0.00	5.53	84.07	90.37	0.00	37	0	42	0.00	0.00	60.67	6.89	0.00	0.00	2000
78	7.00	1087	2146	0.00	227	0	0	0	nan	0.00	0.01	5.89	89.22	93.00	0.00	36	0	42	0.00	0.00	63.56	7.73	0.00	0.00	2000
99	7.60	1321	2063	0.00	98	0	0	0	nan	0.00	0.00	6.73	84.17	92.40	0.00	36	0	42	0.00	0.00	62.11	7.66	0.00	0.00	2000
