Avg_MHz	Busy%	Bzy_MHz	TSC_MHz	IPC	IRQ	NMI	SMI	LLCMRPS	LLC%hit	POLL%	C1%	C1E%	C6%	CPU%c1	CPU%c6	CoreTmp	CoreThr	PkgTmp	Pkg%pc2	Pkg%pc6	PkgWatt	RAMWatt	PKG_%	RAM_%	UncMHz
304	15.53	1871	2197	0.00	268	0	0	0	nan	0.00	0.91	23.77	63.85	84.47	0.00	37	0	42	0.00	0.00	72.53	8.37	0.00	0.00	2000
330	15.56	2117	2105	0.00	225	0	0	0	nan	0.08	2.61	15.46	66.82	84.44	0.00	37	0	42	0.00	0.00	65.38	7.24	0.00	0.00	2000
76	6.66	1152	2081	0.00	194	0	0	0	nan	0.00	0.00	6.28	86.12	93.34	0.00	36	0	42	0.00	0.00	59.97	7.59	0.00	0.00	2000
73	6.86	1047	2127	0.00	193	0	0	0	nan	0.00	0.02	2.30	92.13	93.14	0.00	37	0	42	0.00	0.00	60.15	7.47	0.00	0.00	2000
74	6.72	1092	2106	0.00	193	0	0	0	nan	0.00	0.01	2.36	91.14	93.28	0.00	36	0	42	0.00	0.00	62.21	7.65	0.00	0.00	2000
72	6.91	1045	2096	0.00	192	0	0	0	nan	0.00	0.01	3.00	90.06	93.09	0.00	36	0	42	0.00	0.00	56.95	6.84	0.00	0.00	2000
73	6.98	1047	2104	0.00	195	0	0	0	nan	0.00	0.00	3.36	89.94	93.02	0.00	36	0	42	0.00	0.00	62.22	7.62	0.00	0.00	2000
71	6.78	1061	2062	0.00	193	0	0	0	nan	0.00	0.01	2.71	88.93	93.22	0.00	36	0	42	0.00	0.00	55.47	7.07	0.00	0.00	2000
74	6.85	1066	2132	0.00	209	0	0	0	nan	0.00	0.01	3.29	91.35	93.15	0.00	36	0	42	0.00	0.00	62.27	7.78	0.00	0.00	2000
72	6.52	1110	2100	0.00	178	0	0	0	nan	0.00	0.00	2.91	90.67	93.48	0.00	37	0	42	0.00	0.00	57.42	7.34	0.00	0.00	2000
71	6.37	1133	2081	0.00	210	0	0	0	nan	0.00	0.00	3.25	89.42	93.63	0.00	37	0	42	0.00	0.00	59.96	7.50	0.00	0.00	2000
71	6.81	1035	2107	0.00	193	0	0	0	nan	0.00	0.00	3.61	90.09	93.19	0.00	36	0	42	0.00	0.00	57.21	7.50	0.00	0.00	2000
73	6.93	1040	2115	0.00	194	0	0	0	nan	0.00	0.00	4.23	89.64	93.07	0.00	36	0	42	0.00	0.00	60.96	7.27	0.00	0.00	2000
71	6.81	1043	2093	0.00	193	0	0	0	nan	0.00	0.00	3.98	89.05	93.19	0.00	37	0	42	0.00	0.00	59.20	7.45	0.00	0.00	2000
73	6.69	1093	2093	0.00	194	0	0	0	nan	0.00	0.00	3.44	89.55	93.31	0.00	37	0	42	0.00	0.00	60.12	7.30	0.00	0.00	2000
70	6.76	1043	2085	0.00	194	0	0	1	87.64	0.00	0.00	3.44	89.25	93.24	0.00	36	0	42	0.00	0.00	57.71	7.32	0.00	0.00	2000
75	7.15	1039	2125	0.08	196	0	0	1	86.68	0.00	0.02	2.22	91.83	92.85	0.00	36	0	42	0.00	0.00	59.98	7.45	0.00	0.00	2000
72	7.04	1022	2109	0.00	195	0	0	0	nan	0.00	0.02	2.28	91.23	92.96	0.00	36	0	42	0.00	0.00	59.12	7.40	0.00	0.00	2000
170	9.50	1790	2098	0.00	214	0	0	0	nan	0.00	0.01	6.05	84.53	90.50	0.00	38	0	42	0.00	0.00	65.12	7.76	0.00	0.00	2000
227	10.73	2130	2081	0.00	202	0	0	0	nan	0.00	0.01	3.49	85.11	89.27	0.00	39	0	42	0.00	0.00	61.51	7.19	0.00	0.00	2000
235	11.11	2103	2115	0.00	223	0	0	0	nan	0.00	0.02	2.86	86.77	88.89	0.00	39	0	42	0.00	0.00	69.91	7.81	0.00	0.00	2000
226	11.16	2052	2072	0.00	190	0	0	0	nan	0.00	0.00	3.00	84.87	88.84	0.00	40	0	42	0.00	0.00	59.43	6.59	0.00	0.00	2000
232	11.41	2042	2089	0.00	195	0	0	0	nan	0.00	0.00	4.63	83.63	88.59	0.00	38	0	42	0.00	0.00	66.39	7.69	0.00	0.00	2000
235	11.37	2025	2143	0.00	212	0	0	0	nan	0.00	0.01	5.24	85.37	88.63	0.00	37	0	42	0.00	0.00	67.47	7.97	0.00	0.00	2000
231	11.93	2039	1991	0.00	196	0	0	0	nan	0.00	0.01	5.55	78.08	88.07	0.00	37	0	42	0.00	0.00	61.20	7.23	0.00	0.00	2000
238	11.17	2043	2194	0.00	232	0	0	0	nan	0.00	0.02	6.84	86.09	88.83	0.00	37	0	42	0.00	0.00	72.63	8.44	0.00	0.00	2000
237	11.17	2098	2122	0.00	199	0	0	0	nan	0.00	0.00	4.39	85.50	88.83	0.00	38	0	42	0.00	0.00	66.95	7.88	0.00	0.00	2000
230	11.16	2068	2093	0.00	200	0	0	0	nan	0.00	0.00	5.34	83.36	88.84	0.00	38	0	42	0.00	0.00	65.98	7.55	0.00	0.00	2000
231	11.51	1994	2110	0.00	199	0	0	0	nan	0.00	0.02	4.94	84.18	88.49	0.00	38	0	42	0.00	0.00	63.97	7.25	0.00	0.00	2000
230	11.33	2051	2083	0.00	201	0	0	0	nan	0.00	0.02	4.62	83.50	88.67	0.00	39	0	42	0.00	0.00	64.94	7.40	0.00	0.00	2000
229	11.35	2017	2097	0.00	202	0	0	0	nan	0.00	0.86	5.29	82.52	88.65	0.00	38	0	42	0.00	0.00	63.68	7.24	0.00	0.00	2000
227	11.37	2032	2061	0.00	196	0	0	0	nan	0.00	0.54	2.98	83.67	88.63	0.00	39	0	42	0.00	0.00	64.22	7.32	0.00	0.00	2000
230	10.77	2098	2141	0.05	213	0	0	10	95.39	0.00	0.98	3.85	86.18	89.23	0.00	39	0	42	0.00	0.00	66.11	7.89	0.00	0.00	2000
231	11.02	2077	2120	0.64	212	0	0	7	95.56	0.00	0.02	4.06	85.86	88.98	0.00	39	0	42	0.00	0.00	68.44	7.79	0.00	0.00	2000
234	11.37	2052	2102	0.00	184	0	0	0	nan	0.00	0.01	5.59	83.29	88.63	0.00	39	0	42	0.00	0.00	62.71	7.22	0.00	0.00	2000
228	11.22	2041	2091	0.00	198	0	0	0	nan	0.00	0.02	6.06	82.51	88.78	0.00	39	0	42	0.00	0.00	64.75	7.55	0.00	0.00	2000
231	11.23	2048	2105	0.00	214	0	0	0	nan	0.00	0.02	5.35	83.77	88.77	0.00	39	0	42	0.00	0.00	70.07	7.96	0.00	0.00	2000
228	11.28	2053	2068	0.00	182	0	0	0	nan	0.00	0.02	4.77	82.74	88.72	0.00	40	0	42	0.00	0.00	60.18	6.89	0.00	0.00	2000
225	11.43	2013	2053	0.00	215	0	0	0	nan	0.00	0.00	5.82	80.88	88.57	0.00	39	0	42	0.00	0.00	64.17	7.35	0.00	0.00	2000
233	11.25	2036	2141	0.00	217	0	0	0	nan	0.00	0.02	3.72	86.96	88.75	0.00	39	0	42	0.00	0.00	66.58	7.71	0.00	0.00	2000
231	11.09	2046	2138	0.00	214	0	0	0	nan	0.00	0.03	3.64	87.06	88.91	0.00	39	0	42	0.00	0.00	67.92	7.76	0.00	0.00	2000
230	11.22	2051	2101	0.00	198	0	0	0	nan	0.01	0.01	4.32	84.63	88.78	0.00	38	0	42	0.00	0.00	66.04	7.66	0.00	0.00	2000
229	11.35	2010	2106	0.00	199	0	0	0	nan	0.00	0.00	6.45	82.67	88.65	0.00	38	0	42	0.00	0.00	64.40	7.42	0.00	0.00	2000
229	11.21	2069	2075	0.00	201	0	0	0	nan	0.00	0.02	4.51	83.37	88.79	0.00	37	0	42	0.00	0.00	66.31	7.60	0.00	0.00	2000
229	11.60	1989	2085	0.00	197	0	0	0	nan	0.00	0.00	3.36	84.62	88.40	0.00	37	0	42	0.00	0.00	62.22	7.13	0.00	0.00	2000
231	11.22	2023	2139	0.00	213	0	0	0	nan	0.00	0.03	4.91	85.70	88.78	0.00	38	0	42	0.00	0.00	70.25	7.92	0.00	0.00	2000
230	11.32	2035	2094	0.00	196	0	0	0	nan	0.00	0.02	4.58	84.03	88.68	0.00	38	0	42	0.00	0.00	64.80	7.56	0.00	0.00	2000
228	11.53	2008	2071	0.00	198	0	0	0	nan	0.00	0.00	3.96	83.49	88.47	0.00	38	0	42	0.00	0.00	64.88	7.54	0.00	0.00	2000
236	11.28	2048	2146	0.00	220	0	0	0	nan	0.00	0.02	4.80	85.97	88.72	0.00	38	0	42	0.00	0.00	69.79	8.02	0.00	0.00	2000
228	11.41	2002	2097	0.34	194	0	0	11	72.85	0.00	0.00	4.36	84.25	88.59	0.00	38	0	42	0.00	0.00	65.87	7.37	0.00	0.00	2000
223	11.35	2017	2046	0.36	197	0	0	0	84.15	0.00	0.00	3.86	82.71	88.65	0.00	38	0	42	0.00	0.00	61.01	6.98	0.00	0.00	2000
243	11.39	2119	2115	0.00	219	0	0	0	nan	0.00	0.04	5.73	83.66	88.61	0.00	37	0	42	0.00	0.00	67.26	7.72	0.00	0.00	2000
236	11.29	2055	2141	0.00	217	0	0	0	nan	0.00	0.00	7.88	82.64	88.71	0.00	37	0	42	0.00	0.00	66.80	7.67	0.00	0.00	2000
233	11.03	2111	2100	0.00	185	0	0	0	nan	0.00	0.00	6.24	82.73	88.97	0.00	37	0	42	0.00	0.00	66.60	7.93	0.00	0.00	2000
534	24.58	2453	1860	0.00	221	0	0	0	nan	0.00	0.03	2.60	64.30	75.42	0.00	40	0	42	0.00	0.00	65.92	7.83	0.00	0.00	2000
693	27.70	2500	2100	0.00	239	0	0	0	nan	0.00	0.03	4.18	68.22	72.30	0.00	41	0	42	0.00	0.00	81.68	8.13	0.00	0.00	2000
691	27.59	2500	2102	0.00	270	0	0	0	nan	0.00	0.00	5.23	67.39	72.41	0.00	40	0	42	0.00	0.00	81.04	8.11	0.00	0.00	2000
690	27.68	2500	2095	0.00	230	0	0	0	nan	0.00	0.00	5.37	66.90	72.32	0.00	41	0	42	0.00	0.00	81.14	8.08	0.00	0.00	2000
689	27.53	2500	2103	0.00	249	0	0	0	nan	0.00	0.75	6.99	64.99	72.47	0.00	41	0	42	0.00	0.00	81.04	8.01	0.00	0.00	2000
689	27.63	2500	2096	0.00	245	0	0	0	nan	0.00	0.01	5.42	66.93	72.37	0.00	41	0	42	0.00	0.00	81.17	8.12	0.00	0.00	2000
690	27.53	2500	2104	0.00	249	0	0	0	nan	0.00	0.00	6.03	66.70	72.47	0.00	41	0	42	0.00	0.00	81.09	7.97	0.00	0.00	2000
689	27.64	2500	2095	0.00	246	0	0	0	nan	0.00	0.01	6.10	66.20	72.36	0.00	42	0	42	0.00	0.00	81.10	7.81	0.00	0.00	2000
690	27.51	2500	2106	0.00	249	0	0	0	nan	0.00	0.00	5.88	66.95	72.49	0.00	41	0	42	0.00	0.00	81.21	7.86	0.00	0.00	2000
688	27.60	2500	2093	0.00	245	0	0	13	91.78	0.00	0.01	5.24	67.06	72.40	0.00	41	0	42	0.00	0.00	81.08	8.02	0.00	0.00	2000
689	27.47	2500	2106	1.95	248	0	0	122	89.31	0.00	0.00	4.94	67.94	72.53	0.00	41	0	42	0.00	0.00	81.08	7.92	0.00	0.00	2000
691	27.69	2500	2095	0.00	248	0	0	0	nan	0.00	0.07	3.91	68.30	72.31	0.00	41	0	42	0.00	0.00	81.15	7.45	0.00	0.00	2000
688	27.46	2500	2105	0.00	250	0	0	0	nan	0.00	0.46	3.11	69.28	72.54	0.00	42	0	42	0.00	0.00	78.53	7.84	0.00	0.00	2000
689	27.62	2500	2096	0.00	244	0	0	0	nan	0.00	0.01	5.19	67.16	72.38	0.00	42	0	42	0.00	0.00	81.41	7.99	0.00	0.00	2000
717	27.70	2500	2175	0.00	250	0	0	0	nan	0.00	0.00	8.29	66.73	72.30	0.00	42	0	42	0.00	0.00	86.56	8.43	0.00	0.00	2000
677	27.99	2500	2032	0.00	245	0	0	0	nan	0.00	0.00	7.19	62.61	72.01	0.00	42	0	42	0.00	0.00	75.99	7.42	0.00	0.00	2000
689	27.52	2500	2104	0.00	265	0	0	0	nan	0.00	0.00	6.29	66.45	72.48	0.00	42	0	42	0.00	0.00	81.13	7.87	0.00	0.00	2000
687	27.56	2500	2095	0.00	230	0	0	0	nan	0.00	0.00	5.49	66.90	72.44	0.00	42	0	42	0.00	0.00	80.87	7.97	0.00	0.00	2000
693	27.65	2500	2104	0.00	253	0	0	0	nan	0.00	0.00	6.97	65.66	72.36	0.00	42	0	42	0.00	0.00	81.18	7.88	0.00	0.00	2000
687	27.56	2500	2095	0.00	247	0	0	0	nan	0.01	0.00	5.50	66.91	72.44	0.00	41	0	42	0.00	0.00	81.01	7.81	0.00	0.00	2000
690	27.54	2500	2104	0.00	248	0	0	0	nan	0.00	0.00	5.25	67.49	72.46	0.00	42	0	42	0.00	0.00	80.91	7.97	0.00	0.00	2000
688	27.56	2500	2096	0.00	246	0	0	0	nan	0.00	0.00	5.07	67.38	72.44	0.00	42	0	42	0.00	0.00	80.97	7.76	0.00	0.00	2000
690	27.54	2500	2104	0.00	250	0	0	0	nan	0.00	0.03	4.26	68.43	72.46	0.00	42	0	42	0.00	0.00	81.08	7.76	0.00	0.00	2000
643	23.22	2500	2325	0.00	300	0	0	4	47.83	0.00	2.93	6.28	76.06	76.78	0.00	39	0	42	0.00	0.00	92.81	8.85	0.00	0.00	2000
206	10.47	1904	2173	0.46	221	0	0	33	72.05	0.00	0.00	7.67	85.12	89.53	0.00	38	0	42	0.00	0.00	69.10	8.01	0.00	0.00	2000
103	8.50	1208	2098	0.00	223	0	0	0	nan	0.00	0.03	7.16	84.39	91.50	0.00	37	0	42	0.00	0.00	60.64	7.49	0.00	0.00	2000
77	7.20	1070	2104	0.00	194	0	0	0	nan	0.01	0.00	3.22	89.89	92.80	0.00	37	0	42	0.00	0.00	59.80	7.26	0.00	0.00	2000
73	6.73	1081	2095	0.00	193	0	0	0	nan	0.00	0.00	3.08	90.12	93.27	0.00	37	0	42	0.00	0.00	60.29	7.37	0.00	0.00	2000
72	7.22	1004	2076	0.00	192	0	0	0	nan	0.00	0.02	2.52	89.33	92.78	0.00	37	0	42	0.00	0.00	57.26	6.89	0.00	0.00	2000
110	8.82	1204	2182	0.00	83	0	0	0	nan	0.00	0.02	8.18	86.61	91.18	0.00	37	0	42	0.00	0.00	66.21	8.21	0.00	0.00	2000
