Avg_MHz	Busy%	Bzy_MHz	TSC_MHz	IPC	IRQ	NMI	SMI	LLCMRPS	LLC%hit	POLL%	C1%	C1E%	C6%	CPU%c1	CPU%c6	CoreTmp	CoreThr	PkgTmp	Pkg%pc2	Pkg%pc6	PkgWatt	RAMWatt	PKG_%	RAM_%	UncMHz
345	16.97	1962	2174	0.00	249	0	0	0	nan	0.00	1.29	40.04	44.92	83.03	0.00	37	0	42	0.00	0.00	65.70	7.68	0.00	0.00	2000
356	16.65	2143	2097	0.00	221	0	0	0	nan	0.00	1.98	23.40	58.03	83.35	0.00	37	0	42	0.00	0.00	69.03	7.58	0.00	0.00	2000
78	6.97	1115	2103	0.00	195	0	0	0	nan	0.00	0.00	6.41	86.89	93.03	0.00	37	0	42	0.00	0.00	59.08	7.79	0.00	0.00	2000
73	6.65	1092	2101	0.00	193	0	0	0	nan	0.00	0.00	3.51	89.96	93.35	0.00	37	0	42	0.00	0.00	59.35	7.46	0.00	0.00	2000
74	6.97	1066	2100	0.00	194	0	0	0	nan	0.00	0.00	3.52	89.70	93.03	0.00	37	0	42	0.00	0.00	58.96	7.56	0.00	0.00	2000
73	6.80	1068	2114	0.00	195	0	0	0	nan	0.00	0.00	3.61	90.33	93.20	0.00	37	0	42	0.00	0.00	59.44	7.43	0.00	0.00	2000
73	6.35	1154	2096	0.00	194	0	0	0	nan	0.00	0.00	2.84	90.63	93.65	0.00	37	0	42	0.00	0.00	58.53	7.39	0.00	0.00	2000
71	6.45	1111	2083	0.00	193	0	0	0	nan	0.00	0.02	3.19	89.54	93.55	0.00	36	0	42	0.00	0.00	58.99	7.39	0.00	0.00	2000
73	6.96	1051	2089	0.00	193	0	0	0	nan	0.00	0.02	2.11	90.42	93.04	0.00	37	0	42	0.00	0.00	57.86	7.23	0.00	0.00	2000
74	6.83	1070	2138	0.00	194	0	0	0	nan	0.00	0.00	1.96	92.83	93.17	0.00	37	0	42	0.00	0.00	60.09	7.70	0.00	0.00	2000
74	6.72	1105	2089	0.00	197	0	0	0	nan	0.00	0.00	4.08	88.79	93.28	0.00	36	0	42	0.00	0.00	59.19	7.41	0.00	0.00	2000
71	6.96	1029	2076	0.00	195	0	0	0	nan	0.00	0.00	2.32	89.88	93.04	0.00	36	0	42	0.00	0.00	59.61	7.55	0.00	0.00	2000
72	7.13	1016	2099	0.00	194	0	0	0	nan	0.00	0.03	2.60	90.40	92.87	0.00	37	0	42	0.00	0.00	58.15	7.35	0.00	0.00	2000
72	6.80	1041	2129	0.00	209	0	0	0	nan	0.00	0.00	3.93	90.64	93.20	0.00	37	0	42	0.00	0.00	58.46	7.41	0.00	0.00	2000
73	6.69	1089	2097	0.00	194	0	0	0	nan	0.00	0.00	3.25	90.07	93.31	0.00	37	0	42	0.00	0.00	58.08	7.45	0.00	0.00	2000
70	6.35	1111	2072	0.00	193	0	0	0	78.95	0.00	0.00	3.40	89.01	93.65	0.00	37	0	42	0.00	0.00	57.02	7.28	0.00	0.00	2000
73	6.67	1092	2117	0.30	194	0	0	1	86.17	0.00	0.00	2.40	91.79	93.33	0.00	37	0	42	0.00	0.00	60.30	7.75	0.00	0.00	2000
74	6.97	1045	2121	0.07	193	0	0	0	nan	0.00	0.02	2.26	91.69	93.03	0.00	37	0	42	0.00	0.00	58.01	7.35	0.00	0.00	2000
171	9.62	1785	2092	0.00	215	0	0	0	nan	0.00	0.02	5.12	84.96	90.38	0.00	38	0	42	0.00	0.00	61.46	7.38	0.00	0.00	2000
231	10.94	2103	2106	0.00	205	0	0	0	nan	0.00	0.03	3.30	86.08	89.06	0.00	39	0	42	0.00	0.00	65.34	7.60	0.00	0.00	2000
233	10.92	2135	2101	0.00	203	0	0	0	nan	0.00	0.04	3.27	85.88	89.08	0.00	40	0	42	0.00	0.00	65.00	7.44	0.00	0.00	2000
229	10.75	2139	2089	0.00	211	0	0	0	nan	0.01	0.00	2.79	86.08	89.25	0.00	40	0	42	0.00	0.00	64.18	7.35	0.00	0.00	2000
236	11.46	2105	2057	0.00	197	0	0	0	nan	0.01	0.00	5.85	80.94	88.54	0.00	38	0	42	0.00	0.00	64.93	7.58	0.00	0.00	2000
230	10.95	2058	2142	0.00	214	0	0	0	nan	0.00	0.00	7.34	83.70	89.05	0.00	37	0	42	0.00	0.00	66.16	8.03	0.00	0.00	2000
223	11.00	2068	2058	0.00	197	0	0	0	nan	0.00	0.02	5.21	82.10	89.00	0.00	37	0	42	0.00	0.00	57.11	6.65	0.00	0.00	2000
234	11.16	2045	2154	0.00	249	0	0	0	nan	0.00	0.01	6.52	84.79	88.84	0.00	39	0	42	0.00	0.00	77.13	9.07	0.00	0.00	2000
231	10.97	2105	2104	0.00	196	0	0	0	nan	0.00	0.02	5.89	83.31	89.03	0.00	39	0	42	0.00	0.00	62.53	7.62	0.00	0.00	2000
229	11.14	2065	2095	0.00	196	0	0	0	nan	0.00	0.00	5.67	82.98	88.86	0.00	39	0	42	0.00	0.00	66.38	7.33	0.00	0.00	2000
229	10.86	2115	2096	0.00	198	0	0	0	nan	0.00	0.00	5.10	83.84	89.14	0.00	39	0	42	0.00	0.00	65.34	7.40	0.00	0.00	2000
230	11.20	2063	2086	0.00	202	0	0	0	nan	0.00	0.02	5.42	82.85	88.80	0.00	39	0	42	0.00	0.00	61.52	7.10	0.00	0.00	2000
233	11.06	2086	2122	0.00	214	0	0	0	nan	0.01	0.06	4.43	85.43	88.94	0.00	39	0	42	0.00	0.00	65.88	7.66	0.00	0.00	2000
231	10.90	2110	2108	0.00	201	0	0	0	nan	0.00	0.05	4.51	84.89	89.10	0.00	40	0	42	0.00	0.00	68.27	7.79	0.00	0.00	2000
225	10.86	2112	2062	0.00	199	0	0	7	94.18	0.00	0.59	3.14	83.93	89.14	0.00	40	0	42	0.00	0.00	63.35	7.21	0.00	0.00	2000
237	11.13	2122	2108	0.58	199	0	0	9	87.16	0.00	0.00	4.86	84.36	88.87	0.00	39	0	42	0.00	0.00	64.34	7.22	0.00	0.00	2000
231	11.49	2000	2112	0.00	223	0	0	0	nan	0.00	0.03	5.23	83.79	88.51	0.00	40	0	42	0.00	0.00	65.82	7.44	0.00	0.00	2000
230	11.19	2055	2105	0.00	195	0	0	0	nan	0.00	0.00	6.41	82.73	88.81	0.00	40	0	42	0.00	0.00	65.66	7.55	0.00	0.00	2000
229	11.02	2087	2088	0.00	197	0	0	0	nan	0.00	0.00	5.55	82.97	88.98	0.00	40	0	42	0.00	0.00	62.07	7.13	0.00	0.00	2000
230	11.12	2071	2096	0.00	197	0	0	0	nan	0.00	0.01	4.63	84.10	88.88	0.00	40	0	42	0.00	0.00	64.79	7.35	0.00	0.00	2000
233	11.14	2079	2112	0.00	201	0	0	0	nan	0.00	0.00	5.29	84.11	88.86	0.00	40	0	42	0.00	0.00	67.69	7.93	0.00	0.00	2000
230	10.93	2130	2078	0.00	214	0	0	0	nan	0.00	0.00	6.89	81.24	89.07	0.00	38	0	42	0.00	0.00	63.33	7.29	0.00	0.00	2000
232	10.84	2124	2112	0.00	195	0	0	0	nan	0.00	0.00	4.31	85.38	89.16	0.00	38	0	42	0.00	0.00	68.31	7.70	0.00	0.00	2000
233	11.13	2081	2116	0.00	197	0	0	0	nan	0.00	0.06	2.47	87.12	88.87	0.00	38	0	42	0.00	0.00	63.23	7.59	0.00	0.00	2000
229	11.01	2107	2075	0.00	197	0	0	0	nan	0.00	0.00	4.03	83.99	88.99	0.00	38	0	42	0.00	0.00	64.13	7.61	0.00	0.00	2000
233	10.85	2129	2118	0.00	200	0	0	0	nan	0.00	0.08	3.31	86.65	89.15	0.00	38	0	42	0.00	0.00	66.10	7.52	0.00	0.00	2000
233	10.76	2172	2092	0.00	199	0	0	0	nan	0.00	0.02	3.32	85.60	89.24	0.00	38	0	42	0.00	0.00	65.41	7.52	0.00	0.00	2000
232	11.25	2056	2103	0.00	197	0	0	0	nan	0.00	0.02	4.68	84.29	88.75	0.00	38	0	42	0.00	0.00	66.03	7.81	0.00	0.00	2000
235	11.39	2078	2089	0.00	218	0	0	0	nan	0.00	0.02	5.70	82.50	88.61	0.00	38	0	42	0.00	0.00	64.58	7.29	0.00	0.00	2000
236	11.45	2030	2129	0.00	198	0	0	0	nan	0.00	0.02	5.42	84.43	88.55	0.00	39	0	42	0.00	0.00	69.27	7.90	0.00	0.00	2000
235	11.01	2125	2105	0.00	202	0	0	0	nan	0.00	0.02	5.65	83.50	88.99	0.00	38	0	42	0.00	0.00	63.50	7.33	0.00	0.00	2000
225	11.46	2108	1959	0.12	194	0	0	9	36.38	0.00	0.00	6.05	76.66	88.54	0.00	38	0	42	0.00	0.00	60.86	7.33	0.00	0.00	2000
373	15.17	2306	2236	0.29	285	0	0	3	73.47	0.00	0.07	9.85	80.59	84.83	0.00	39	0	42	0.00	0.00	74.39	8.13	0.00	0.00	2000
242	11.48	2115	2096	0.00	270	0	0	0	nan	0.06	1.12	13.03	74.36	88.52	0.00	38	0	42	0.00	0.00	66.55	7.66	0.00	0.00	2000
168	9.70	1725	2106	0.00	249	0	0	0	nan	0.00	0.02	9.30	81.33	90.30	0.00	37	0	42	0.00	0.00	62.85	7.52	0.00	0.00	2000
80	7.13	1120	2103	0.00	193	0	0	0	nan	0.00	0.00	4.71	88.28	92.87	0.00	37	0	42	0.00	0.00	56.95	7.23	0.00	0.00	2000
75	6.44	1155	2106	0.00	193	0	0	0	nan	0.00	0.00	3.69	90.21	93.56	0.00	37	0	42	0.00	0.00	59.54	7.57	0.00	0.00	2000
80	6.65	1208	2087	0.00	145	0	0	0	nan	0.00	0.00	3.88	88.83	93.35	0.00	37	0	42	0.00	0.00	61.57	7.67	0.00	0.00	2000
