Avg_MHz	Busy%	Bzy_MHz	TSC_MHz	IPC	IRQ	NMI	SMI	LLCMRPS	LLC%hit	POLL%	C1%	C1E%	C6%	CPU%c1	CPU%c6	CoreTmp	CoreThr	PkgTmp	Pkg%pc2	Pkg%pc6	PkgWatt	RAMWatt	PKG_%	RAM_%	UncMHz
362	16.70	2074	2196	0.00	245	0	0	0	nan	0.00	0.21	32.47	54.59	83.30	0.00	37	0	42	0.00	0.00	70.80	8.15	0.00	0.00	2000
336	15.37	2156	2126	0.00	217	0	0	0	nan	0.02	1.34	17.73	66.71	84.63	0.00	37	0	42	0.00	0.00	67.12	7.72	0.00	0.00	2000
78	6.66	1173	2110	0.00	195	0	0	0	nan	0.01	0.00	5.88	87.84	93.34	0.00	37	0	43	0.00	0.00	58.44	7.40	0.00	0.00	2000
71	6.81	1063	2065	0.00	195	0	0	0	nan	0.00	0.00	3.94	87.72	93.19	0.00	37	0	43	0.00	0.00	56.80	7.42	0.00	0.00	2000
73	6.83	1061	2102	0.00	193	0	0	0	nan	0.00	0.00	1.92	91.40	93.17	0.00	36	0	42	0.00	0.00	59.19	7.62	0.00	0.00	2000
72	6.72	1054	2130	0.00	209	0	0	0	nan	0.00	0.00	3.09	91.59	93.28	0.00	37	0	42	0.00	0.00	60.85	7.74	0.00	0.00	2000
73	6.60	1113	2083	0.00	177	0	0	0	nan	0.00	0.02	2.95	89.78	93.40	0.00	37	0	42	0.00	0.00	56.22	7.19	0.00	0.00	2000
73	6.78	1073	2110	0.00	210	0	0	0	nan	0.00	0.01	2.50	91.28	93.22	0.00	37	0	43	0.00	0.00	60.30	7.69	0.00	0.00	2000
73	6.63	1098	2095	0.00	177	0	0	0	nan	0.00	0.00	3.01	90.15	93.37	0.00	37	0	42	0.00	0.00	56.17	7.19	0.00	0.00	2000
72	6.57	1094	2103	0.00	194	0	0	0	nan	0.00	0.03	2.50	91.11	93.43	0.00	37	0	43	0.00	0.00	58.69	7.58	0.00	0.00	2000
72	6.71	1086	2081	0.00	193	0	0	0	nan	0.00	0.01	2.36	90.14	93.29	0.00	36	0	42	0.00	0.00	57.78	7.24	0.00	0.00	2000
73	6.89	1048	2120	0.00	195	0	0	0	nan	0.00	0.02	2.99	91.09	93.11	0.00	37	0	42	0.00	0.00	59.36	7.67	0.00	0.00	2000
73	6.62	1115	2078	0.00	194	0	0	0	nan	0.00	0.00	2.42	90.00	93.38	0.00	37	0	42	0.00	0.00	57.09	7.50	0.00	0.00	2000
72	6.69	1073	2116	0.00	194	0	0	0	nan	0.00	0.01	2.71	91.41	93.31	0.00	36	0	42	0.00	0.00	58.30	7.50	0.00	0.00	2000
74	6.65	1102	2112	0.00	193	0	0	0	nan	0.00	0.02	3.20	90.70	93.35	0.00	37	0	42	0.00	0.00	58.81	7.61	0.00	0.00	2000
73	6.85	1081	2076	0.00	194	0	0	1	86.51	0.00	0.02	3.05	89.06	93.15	0.00	37	0	42	0.00	0.00	57.86	7.56	0.00	0.00	2000
74	6.68	1098	2127	0.30	211	0	0	1	88.29	0.00	0.02	2.15	92.36	93.32	0.00	37	0	42	0.00	0.00	59.89	7.87	0.00	0.00	2000
74	6.64	1116	2101	0.13	193	0	0	0	nan	0.00	0.02	3.24	90.21	93.36	0.00	37	0	42	0.00	0.00	58.08	7.71	0.00	0.00	2000
169	9.24	1842	2086	0.00	210	0	0	0	nan	0.01	0.02	4.74	85.51	90.76	0.00	38	0	42	0.00	0.00	60.91	7.36	0.00	0.00	2000
230	10.96	2091	2109	0.00	219	0	0	0	nan	0.00	0.02	3.38	86.12	89.04	0.00	40	0	42	0.00	0.00	66.52	7.73	0.00	0.00	2000
233	11.12	2094	2106	0.00	211	0	0	0	nan	0.00	0.02	3.66	85.54	88.88	0.00	40	0	42	0.00	0.00	65.06	7.60	0.00	0.00	2000
228	10.80	2117	2095	0.00	200	0	0	0	nan	0.00	0.01	3.77	85.29	89.20	0.00	40	0	42	0.00	0.00	62.44	7.06	0.00	0.00	2000
252	11.99	2154	2052	0.00	181	0	0	0	nan	0.00	0.04	6.94	79.06	88.01	0.00	38	0	42	0.00	0.00	65.68	7.57	0.00	0.00	2000
232	11.23	2018	2149	0.00	215	0	0	0	nan	0.00	0.00	5.09	85.90	88.77	0.00	37	0	43	0.00	0.00	65.40	7.92	0.00	0.00	2000
225	10.99	2072	2077	0.00	197	0	0	0	nan	0.01	0.03	2.70	85.41	89.01	0.00	37	0	42	0.00	0.00	59.22	7.14	0.00	0.00	2000
231	11.10	2073	2109	0.00	235	0	0	0	nan	0.00	0.03	6.23	83.10	88.91	0.00	38	0	42	0.00	0.00	71.69	8.37	0.00	0.00	2000
234	10.63	2188	2109	0.00	197	0	0	0	nan	0.00	0.05	5.77	83.94	89.37	0.00	38	0	42	0.00	0.00	66.40	7.98	0.00	0.00	2000
232	11.01	2094	2111	0.00	198	0	0	0	nan	0.00	0.04	5.62	83.98	88.99	0.00	39	0	42	0.00	0.00	66.56	7.81	0.00	0.00	2000
232	10.74	2149	2107	0.00	194	0	0	0	nan	0.00	0.00	5.13	84.45	89.26	0.00	39	0	42	0.00	0.00	66.82	7.70	0.00	0.00	2000
229	11.00	2097	2083	0.00	198	0	0	0	nan	0.00	0.02	5.98	82.36	89.00	0.00	39	0	43	0.00	0.00	62.92	7.28	0.00	0.00	2000
226	10.82	2112	2076	0.00	201	0	0	0	nan	0.00	0.00	5.44	82.78	89.18	0.00	40	0	43	0.00	0.00	61.13	7.07	0.00	0.00	2000
234	10.78	2135	2139	0.00	231	0	0	0	nan	0.00	0.02	5.70	85.14	89.22	0.00	39	0	42	0.00	0.00	71.05	8.26	0.00	0.00	2000
237	11.22	2118	2097	0.03	217	0	0	10	86.74	0.00	0.00	7.33	81.42	88.78	0.00	39	0	43	0.00	0.00	64.46	7.57	0.00	0.00	2000
234	10.99	2117	2108	0.68	198	0	0	8	82.96	0.01	0.00	5.47	83.95	89.01	0.00	40	0	42	0.00	0.00	64.81	7.52	0.00	0.00	2000
230	11.09	2091	2087	0.00	199	0	0	0	nan	0.00	0.02	5.57	82.89	88.91	0.00	39	0	42	0.00	0.00	64.41	7.43	0.00	0.00	2000
230	11.23	2067	2081	0.00	198	0	0	0	nan	0.01	0.01	5.23	82.86	88.77	0.00	38	0	42	0.00	0.00	64.66	7.75	0.00	0.00	2000
234	10.92	2132	2108	0.00	199	0	0	0	nan	0.00	1.07	2.84	85.56	89.08	0.00	38	0	42	0.00	0.00	65.92	7.84	0.00	0.00	2000
230	11.05	2089	2092	0.00	197	0	0	0	nan	0.00	0.01	4.06	84.53	88.95	0.00	38	0	43	0.00	0.00	65.49	7.77	0.00	0.00	2000
238	11.05	2116	2133	0.00	197	0	0	0	nan	0.00	0.00	5.12	85.34	88.95	0.00	38	0	43	0.00	0.00	65.42	7.72	0.00	0.00	2000
225	11.05	2069	2068	0.00	198	0	0	0	nan	0.01	2.52	5.37	79.82	88.95	0.00	38	0	42	0.00	0.00	64.63	7.23	0.00	0.00	2000
228	10.99	2093	2084	0.00	198	0	0	0	nan	0.00	0.02	6.00	82.39	89.01	0.00	38	0	42	0.00	0.00	62.02	7.36	0.00	0.00	2000
234	11.06	2077	2140	0.00	214	0	0	0	nan	0.01	0.02	5.33	85.40	88.94	0.00	38	0	42	0.00	0.00	69.44	8.12	0.00	0.00	2000
231	11.08	2097	2083	0.00	197	0	0	0	nan	0.00	0.00	5.35	82.83	88.92	0.00	40	0	42	0.00	0.00	64.45	7.49	0.00	0.00	2000
248	11.65	2103	2123	0.00	207	0	0	0	nan	0.00	0.02	6.02	83.38	88.35	0.00	37	0	42	0.00	0.00	66.26	7.72	0.00	0.00	2000
229	11.05	2118	2052	0.00	199	0	0	0	nan	0.00	0.00	6.59	80.37	88.95	0.00	38	0	42	0.00	0.00	64.69	7.84	0.00	0.00	2000
231	10.90	2083	2140	0.00	213	0	0	0	nan	0.00	0.01	6.78	84.18	89.10	0.00	38	0	42	0.00	0.00	67.90	8.03	0.00	0.00	2000
233	11.39	2042	2100	0.00	198	0	0	0	nan	0.00	0.02	4.50	84.20	88.61	0.00	38	0	42	0.00	0.00	62.95	7.96	0.00	0.00	2000
231	10.98	2104	2099	0.00	198	0	0	0	nan	0.00	0.06	4.19	84.89	89.02	0.00	38	0	42	0.00	0.00	66.10	7.93	0.00	0.00	2000
236	11.68	2015	2104	0.00	201	0	0	0	nan	0.00	0.16	7.03	81.44	88.32	0.00	38	0	42	0.00	0.00	64.91	7.81	0.00	0.00	2000
229	11.33	2032	2093	0.00	196	0	0	2	64.70	0.00	0.00	6.82	81.72	88.67	0.00	38	0	43	0.00	0.00	64.51	8.09	0.00	0.00	2000
234	10.99	2112	2112	0.53	196	0	0	3	67.39	0.00	0.52	6.08	83.08	89.01	0.00	38	0	42	0.00	0.00	62.17	7.59	0.00	0.00	2000
230	11.25	2058	2090	0.00	198	0	0	0	nan	0.00	0.00	6.68	81.83	88.75	0.00	39	0	42	0.00	0.00	67.39	8.05	0.00	0.00	2000
224	11.14	2032	2079	0.00	197	0	0	0	nan	0.00	0.00	6.72	81.39	88.86	0.00	39	0	42	0.00	0.00	64.22	7.19	0.00	0.00	2000
236	11.28	2069	2127	0.00	204	0	0	0	nan	0.00	0.00	6.25	83.72	88.72	0.00	39	0	42	0.00	0.00	65.63	8.09	0.00	0.00	2000
230	11.31	2035	2100	0.00	199	0	0	0	nan	0.00	0.00	7.38	81.43	88.69	0.00	39	0	42	0.00	0.00	64.70	7.63	0.00	0.00	2000
230	11.21	2065	2089	0.00	195	0	0	0	nan	0.00	0.00	5.62	82.86	88.79	0.00	39	0	42	0.00	0.00	62.71	7.63	0.00	0.00	2000
229	10.92	2086	2110	0.00	199	0	0	0	nan	0.00	0.00	6.01	83.57	89.08	0.00	39	0	42	0.00	0.00	68.29	7.96	0.00	0.00	2000
228	11.00	2089	2089	0.00	199	0	0	0	nan	0.00	0.00	5.84	82.82	89.00	0.00	39	0	42	0.00	0.00	61.78	7.33	0.00	0.00	2000
232	10.61	2186	2104	0.00	197	0	0	0	nan	0.00	0.00	6.43	83.12	89.39	0.00	39	0	42	0.00	0.00	65.57	7.52	0.00	0.00	2000
228	11.17	2040	2099	0.00	203	0	0	0	nan	0.00	0.02	6.49	82.35	88.83	0.00	39	0	43	0.00	0.00	64.13	7.48	0.00	0.00	2000
222	10.80	2086	2071	0.00	197	0	0	0	nan	0.00	0.03	4.86	83.11	89.20	0.00	39	0	43	0.00	0.00	67.50	7.97	0.00	0.00	2000
234	11.12	2069	2133	0.00	200	0	0	0	nan	0.00	0.02	3.17	87.12	88.88	0.00	39	0	42	0.00	0.00	65.64	7.57	0.00	0.00	2000
232	10.74	2144	2114	0.00	200	0	0	0	nan	0.00	0.55	5.72	83.59	89.26	0.00	39	0	42	0.00	0.00	63.53	7.27	0.00	0.00	2000
228	10.99	2086	2088	0.00	197	0	0	0	nan	0.00	0.01	6.25	82.40	89.01	0.00	39	0	43	0.00	0.00	65.77	7.60	0.00	0.00	2000
232	11.53	2005	2108	0.00	203	0	0	0	nan	0.00	0.00	6.51	82.45	88.47	0.00	39	0	43	0.00	0.00	64.75	7.64	0.00	0.00	2000
226	10.99	2082	2069	0.00	199	0	0	0	nan	0.00	0.00	6.37	81.44	89.01	0.00	39	0	42	0.00	0.00	61.01	7.10	0.00	0.00	2000
229	11.02	2055	2122	0.00	194	0	0	2	94.01	0.00	0.00	6.69	83.30	88.98	0.00	39	0	42	0.00	0.00	68.64	7.83	0.00	0.00	2000
229	11.17	2055	2098	1.10	198	0	0	23	28.49	0.00	0.00	6.17	82.76	88.83	0.00	39	0	42	0.00	0.00	62.29	7.62	0.00	0.00	2000
237	11.47	2060	2110	0.00	199	0	0	0	nan	0.00	0.00	6.92	82.10	88.53	0.00	39	0	42	0.00	0.00	68.02	7.92	0.00	0.00	2000
231	11.19	2090	2075	0.00	200	0	0	0	nan	0.00	0.02	5.52	82.28	88.82	0.00	39	0	43	0.00	0.00	62.10	7.44	0.00	0.00	2000
232	10.87	2104	2129	0.00	197	0	0	0	nan	0.00	0.07	5.16	85.30	89.13	0.00	39	0	42	0.00	0.00	68.65	7.75	0.00	0.00	2000
228	10.89	2095	2095	0.00	198	0	0	0	nan	0.00	0.01	4.07	84.96	89.11	0.00	39	0	43	0.00	0.00	62.52	7.34	0.00	0.00	2000
230	11.32	2033	2098	0.00	200	0	0	0	nan	0.00	0.02	4.58	84.13	88.68	0.00	39	0	43	0.00	0.00	63.87	7.60	0.00	0.00	2000
225	10.85	2099	2072	0.00	199	0	0	0	nan	0.00	0.02	5.01	83.05	89.15	0.00	39	0	43	0.00	0.00	63.70	7.48	0.00	0.00	2000
228	11.60	2008	2058	0.00	198	0	0	0	nan	0.00	0.02	3.17	83.59	88.40	0.00	40	0	43	0.00	0.00	64.55	7.46	0.00	0.00	2000
231	11.12	2052	2124	0.00	212	0	0	0	nan	0.00	0.00	5.14	84.90	88.88	0.00	40	0	42	0.00	0.00	65.89	7.56	0.00	0.00	2000
230	10.91	2067	2139	0.00	212	0	0	0	nan	0.00	0.02	5.88	84.94	89.09	0.00	40	0	43	0.00	0.00	64.99	7.51	0.00	0.00	2000
230	11.09	2066	2107	0.00	199	0	0	0	nan	0.00	0.00	6.89	82.40	88.91	0.00	39	0	42	0.00	0.00	65.00	7.46	0.00	0.00	2000
230	11.53	1987	2107	0.00	200	0	0	0	nan	0.00	0.00	6.57	82.44	88.47	0.00	39	0	42	0.00	0.00	67.78	7.79	0.00	0.00	2000
227	11.26	2020	2095	0.00	196	0	0	0	nan	0.00	0.00	6.94	81.65	88.74	0.00	39	0	42	0.00	0.00	64.57	7.17	0.00	0.00	2000
223	11.29	2020	2057	0.00	200	0	0	0	nan	0.00	0.00	4.66	82.38	88.71	0.00	39	0	43	0.00	0.00	61.43	7.38	0.00	0.00	2000
230	11.36	2031	2089	0.00	198	0	0	0	nan	0.00	0.00	3.26	85.08	88.64	0.00	39	0	42	0.00	0.00	64.41	7.60	0.00	0.00	2000
228	11.13	2041	2108	0.00	215	0	0	0	nan	0.00	0.00	5.68	83.57	88.87	0.00	39	0	42	0.00	0.00	64.85	7.53	0.00	0.00	2000
232	11.16	2062	2115	0.00	212	0	0	2	68.27	0.00	0.02	2.87	86.69	88.84	0.00	39	0	42	0.00	0.00	65.17	7.38	0.00	0.00	2000
234	10.91	2109	2138	1.01	194	0	0	3	84.89	0.00	0.02	4.44	86.28	89.09	0.00	40	0	42	0.00	0.00	65.64	7.57	0.00	0.00	2000
225	11.14	2028	2095	0.00	195	0	0	0	nan	0.00	0.00	3.81	84.95	88.86	0.00	40	0	42	0.00	0.00	64.47	7.26	0.00	0.00	2000
228	11.12	2056	2096	0.00	194	0	0	0	nan	0.00	0.02	3.16	85.71	88.88	0.00	40	0	42	0.00	0.00	64.72	7.42	0.00	0.00	2000
229	11.07	2062	2107	0.00	194	0	0	0	nan	0.00	0.00	3.73	85.54	88.93	0.00	39	0	42	0.00	0.00	65.10	7.60	0.00	0.00	2000
231	11.20	2071	2090	0.00	194	0	0	0	nan	0.00	0.00	3.83	84.68	88.80	0.00	39	0	42	0.00	0.00	64.99	7.53	0.00	0.00	2000
223	10.85	2085	2074	0.00	195	0	0	0	nan	0.00	0.00	5.01	83.11	89.15	0.00	39	0	43	0.00	0.00	63.67	7.37	0.00	0.00	2000
226	11.27	2044	2064	0.00	194	0	0	0	nan	0.00	0.00	3.45	83.86	88.73	0.00	39	0	43	0.00	0.00	64.89	7.63	0.00	0.00	2000
228	10.75	2073	2149	0.00	210	0	0	0	nan	0.00	0.02	2.78	88.63	89.25	0.00	39	0	42	0.00	0.00	64.85	7.53	0.00	0.00	2000
230	11.24	2025	2121	0.00	195	0	0	0	nan	0.00	0.00	3.95	85.70	88.76	0.00	39	0	43	0.00	0.00	64.91	7.50	0.00	0.00	2000
230	11.05	2076	2105	0.00	195	0	0	0	nan	0.00	0.01	4.29	84.89	88.95	0.00	39	0	43	0.00	0.00	65.55	7.60	0.00	0.00	2000
227	10.92	2084	2092	0.00	194	0	0	0	nan	0.00	0.00	4.38	84.47	89.08	0.00	39	0	42	0.00	0.00	64.52	7.53	0.00	0.00	2000
223	10.88	2078	2076	0.00	194	0	0	0	nan	0.00	0.00	4.68	83.50	89.12	0.00	39	0	42	0.00	0.00	63.46	7.41	0.00	0.00	2000
226	11.25	2041	2071	0.00	194	0	0	0	nan	0.00	0.00	3.35	84.26	88.75	0.00	39	0	42	0.00	0.00	64.92	7.63	0.00	0.00	2000
226	11.15	2045	2084	0.00	212	0	0	0	nan	0.00	0.01	3.95	84.29	88.85	0.00	39	0	42	0.00	0.00	61.88	7.28	0.00	0.00	2000
233	11.01	2034	2185	0.00	210	0	0	0	nan	0.00	0.02	2.94	89.74	88.99	0.00	39	0	42	0.00	0.00	67.85	7.84	0.00	0.00	2000
228	10.95	2086	2097	0.00	194	0	0	0	nan	0.00	0.00	2.41	86.55	89.05	0.00	39	0	43	0.00	0.00	65.60	7.49	0.00	0.00	2000
225	10.81	2094	2089	0.00	195	0	0	3	87.08	0.00	0.00	4.22	84.59	89.19	0.00	39	0	42	0.00	0.00	64.77	7.36	0.00	0.00	2000
236	11.50	2072	2083	0.69	194	0	0	3	91.76	0.00	0.00	4.48	83.39	88.50	0.00	39	0	43	0.00	0.00	64.50	7.60	0.00	0.00	2000
233	10.89	2112	2128	0.00	197	0	0	0	nan	0.00	0.00	4.71	85.61	89.11	0.00	39	0	42	0.00	0.00	65.34	7.51	0.00	0.00	2000
227	11.08	2050	2102	0.00	195	0	0	0	nan	0.00	0.00	4.24	84.84	88.92	0.00	39	0	42	0.00	0.00	64.93	7.41	0.00	0.00	2000
228	10.81	2117	2092	0.00	195	0	0	0	nan	0.00	0.00	4.26	84.65	89.19	0.00	39	0	42	0.00	0.00	65.16	7.62	0.00	0.00	2000
226	11.06	2037	2108	0.00	194	0	0	0	nan	0.00	0.00	4.89	84.47	88.94	0.00	39	0	42	0.00	0.00	64.21	7.54	0.00	0.00	2000
228	10.99	2088	2090	0.00	196	0	0	0	nan	0.00	0.00	5.25	83.37	89.01	0.00	39	0	42	0.00	0.00	64.69	7.54	0.00	0.00	2000
231	11.10	2071	2107	0.00	199	0	0	0	nan	0.00	0.00	5.81	83.51	88.90	0.00	39	0	43	0.00	0.00	65.21	7.66	0.00	0.00	2000
224	10.76	2103	2077	0.00	195	0	0	0	nan	0.00	0.00	4.53	83.80	89.24	0.00	39	0	42	0.00	0.00	62.33	7.20	0.00	0.00	2000
231	11.03	2084	2114	0.00	194	0	0	0	nan	0.03	0.00	4.53	85.06	88.97	0.00	39	0	42	0.00	0.00	67.85	7.86	0.00	0.00	2000
224	10.69	2109	2082	0.00	195	0	0	0	nan	0.00	0.00	5.24	83.43	89.31	0.00	39	0	42	0.00	0.00	64.24	7.52	0.00	0.00	2000
232	11.16	2059	2118	0.00	194	0	0	0	nan	0.00	0.00	4.59	85.09	88.84	0.00	39	0	42	0.00	0.00	65.19	7.48	0.00	0.00	2000
231	11.12	2064	2113	0.00	195	0	0	0	nan	0.00	0.00	5.25	84.28	88.88	0.00	40	0	42	0.00	0.00	65.07	7.64	0.00	0.00	2000
222	10.62	2120	2067	0.00	194	0	0	0	nan	0.00	0.00	3.45	84.56	89.38	0.00	39	0	43	0.00	0.00	62.55	7.15	0.00	0.00	2000
231	11.07	2064	2119	0.00	195	0	0	0	nan	0.00	0.00	4.46	85.32	88.93	0.00	40	0	43	0.00	0.00	67.07	7.93	0.00	0.00	2000
228	11.10	2048	2108	0.00	195	0	0	0	nan	0.00	0.00	4.01	85.40	88.90	0.00	40	0	42	0.00	0.00	62.45	7.22	0.00	0.00	2000
228	10.98	2075	2099	0.00	194	0	0	0	nan	0.00	0.00	3.83	85.22	89.02	0.00	40	0	42	0.00	0.00	64.78	7.58	0.00	0.00	2000
232	11.14	2082	2103	0.02	194	0	0	5	69.48	0.00	0.00	4.33	84.82	88.86	0.00	39	0	42	0.00	0.00	64.86	7.64	0.00	0.00	2000
229	11.26	2037	2097	0.79	195	0	0	5	87.52	0.00	0.00	3.65	85.06	88.74	0.00	39	0	42	0.00	0.00	67.04	8.14	0.00	0.00	2000
228	11.15	2046	2102	0.00	194	0	0	0	nan	0.00	0.00	4.41	84.67	88.85	0.00	40	0	42	0.00	0.00	65.06	7.83	0.00	0.00	2000
227	11.19	2029	2104	0.00	194	0	0	0	nan	0.00	0.00	4.37	84.70	88.81	0.00	40	0	42	0.00	0.00	64.42	7.51	0.00	0.00	2000
228	11.12	2056	2097	0.00	194	0	0	0	nan	0.00	0.00	3.87	84.95	88.88	0.00	40	0	42	0.00	0.00	62.96	7.14	0.00	0.00	2000
230	11.01	2092	2100	0.00	195	0	0	0	nan	0.00	0.00	4.62	84.43	88.99	0.00	40	0	42	0.00	0.00	67.24	7.78	0.00	0.00	2000
224	11.09	2052	2070	0.00	198	0	0	0	nan	0.00	0.00	5.62	82.15	88.91	0.00	40	0	42	0.00	0.00	63.34	7.40	0.00	0.00	2000
234	10.87	2111	2138	0.00	195	0	0	0	nan	0.00	0.00	3.75	87.12	89.13	0.00	40	0	43	0.00	0.00	66.35	7.46	0.00	0.00	2000
225	10.82	2095	2086	0.00	194	0	0	0	nan	0.00	0.00	4.11	84.50	89.18	0.00	40	0	42	0.00	0.00	62.89	7.46	0.00	0.00	2000
225	11.10	2055	2076	0.00	194	0	0	0	nan	0.00	0.00	4.52	83.51	88.90	0.00	40	0	42	0.00	0.00	65.96	8.10	0.00	0.00	2000
228	10.95	2055	2124	0.00	195	0	0	0	nan	0.00	0.00	4.22	85.96	89.05	0.00	40	0	43	0.00	0.00	65.97	8.06	0.00	0.00	2000
226	11.28	2034	2073	0.00	195	0	0	0	nan	0.00	0.00	2.83	84.84	88.72	0.00	40	0	42	0.00	0.00	62.35	7.33	0.00	0.00	2000
227	11.00	2068	2096	0.00	194	0	0	0	nan	0.00	0.00	0.86	88.06	89.00	0.00	40	0	43	0.00	0.00	62.70	7.18	0.00	0.00	2000
232	11.11	2052	2140	0.00	210	0	0	0	nan	0.00	0.00	3.89	86.78	88.89	0.00	40	0	42	0.00	0.00	67.43	7.95	0.00	0.00	2000
229	10.91	2091	2103	0.00	193	0	0	0	nan	0.00	0.00	4.03	85.25	89.09	0.00	40	0	43	0.00	0.00	65.05	7.44	0.00	0.00	2000
231	11.10	2080	2097	0.00	195	0	0	0	nan	0.00	0.00	3.85	85.00	88.90	0.00	40	0	42	0.00	0.00	64.38	7.57	0.00	0.00	2000
227	11.18	2035	2100	0.00	195	0	0	0	nan	0.00	0.00	4.79	84.17	88.82	0.00	39	0	43	0.00	0.00	65.27	7.85	0.00	0.00	2000
230	11.21	2041	2107	0.00	195	0	0	2	52.53	0.00	0.00	4.43	84.78	88.79	0.00	40	0	42	0.00	0.00	65.10	7.81	0.00	0.00	2000
227	11.11	2058	2086	1.50	195	0	0	5	44.73	0.00	0.00	4.40	83.97	88.89	0.00	40	0	43	0.00	0.00	64.56	7.59	0.00	0.00	2000
229	10.97	2079	2111	0.00	197	0	0	0	nan	0.00	0.00	5.01	84.63	89.03	0.00	40	0	42	0.00	0.00	65.01	7.55	0.00	0.00	2000
227	11.08	2049	2103	0.00	194	0	0	0	nan	0.00	0.00	4.52	84.62	88.92	0.00	40	0	42	0.00	0.00	64.47	7.62	0.00	0.00	2000
229	10.99	2091	2093	0.00	195	0	0	0	nan	0.00	0.00	4.24	84.57	89.01	0.00	40	0	42	0.00	0.00	65.24	7.50	0.00	0.00	2000
228	11.09	2050	2102	0.00	195	0	0	0	nan	0.00	0.00	4.62	84.50	88.91	0.00	40	0	42	0.00	0.00	64.87	7.68	0.00	0.00	2000
224	10.76	2111	2068	0.00	194	0	0	0	nan	0.00	0.00	5.32	82.63	89.24	0.00	39	0	42	0.00	0.00	63.95	7.77	0.00	0.00	2000
227	11.24	2034	2090	0.00	194	0	0	0	nan	0.00	0.00	3.45	85.03	88.76	0.00	40	0	42	0.00	0.00	64.86	7.90	0.00	0.00	2000
228	10.89	2093	2097	0.00	211	0	0	0	nan	0.00	0.02	1.29	87.77	89.11	0.00	40	0	42	0.00	0.00	65.20	7.73	0.00	0.00	2000
227	10.93	2068	2106	0.00	198	0	0	0	nan	0.00	0.00	4.98	84.46	89.07	0.00	40	0	42	0.00	0.00	64.76	7.70	0.00	0.00	2000
232	10.91	2115	2109	0.00	195	0	0	0	nan	0.00	0.03	1.56	87.94	89.09	0.00	40	0	42	0.00	0.00	63.88	7.45	0.00	0.00	2000
226	10.73	2091	2116	0.00	193	0	0	0	nan	0.00	0.00	3.05	87.05	89.27	0.00	40	0	42	0.00	0.00	65.36	7.64	0.00	0.00	2000
225	11.02	2063	2081	0.00	210	0	0	0	nan	0.00	0.02	3.53	84.74	88.98	0.00	40	0	42	0.00	0.00	65.76	7.58	0.00	0.00	2000
225	11.07	2021	2115	0.00	204	0	0	0	nan	0.00	0.03	4.28	85.43	88.93	0.00	39	0	43	0.00	0.00	64.57	7.72	0.00	0.00	2000
227	11.12	2042	2095	0.00	219	0	0	0	nan	0.00	0.00	3.94	84.80	88.88	0.00	40	0	42	0.00	0.00	64.53	7.36	0.00	0.00	2000
230	11.03	2064	2121	0.00	202	0	0	0	nan	0.00	0.00	4.73	85.26	88.97	0.00	40	0	42	0.00	0.00	65.35	7.69	0.00	0.00	2000
231	10.76	2152	2094	0.00	206	0	0	0	nan	0.00	0.00	4.33	84.58	89.24	0.00	41	0	42	0.00	0.00	64.30	7.45	0.00	0.00	2000
233	10.91	2123	2111	0.16	215	0	0	4	86.54	0.00	0.00	4.19	85.46	89.09	0.00	41	0	42	0.00	0.00	65.30	7.70	0.00	0.00	2000
229	10.87	2104	2105	1.17	220	0	0	5	90.80	0.00	0.00	3.65	85.73	89.13	0.00	41	0	42	0.00	0.00	63.95	7.37	0.00	0.00	2000
234	11.26	2121	2055	0.00	183	0	0	0	nan	0.00	0.00	4.06	82.82	88.74	0.00	38	0	43	0.00	0.00	63.16	7.43	0.00	0.00	2000
230	10.90	2081	2128	0.00	214	0	0	0	nan	0.00	0.02	5.57	84.82	89.10	0.00	39	0	42	0.00	0.00	62.41	7.50	0.00	0.00	2000
227	11.10	2034	2109	0.00	199	0	0	0	nan	0.00	0.00	7.18	82.23	88.90	0.00	39	0	43	0.00	0.00	69.87	7.61	0.00	0.00	2000
225	11.53	2019	2029	0.00	204	0	0	0	nan	0.00	0.04	4.29	81.29	88.47	0.00	39	0	43	0.00	0.00	61.11	6.95	0.00	0.00	2000
233	10.81	2069	2185	0.00	214	0	0	0	nan	0.00	0.79	4.77	87.24	89.19	0.00	39	0	43	0.00	0.00	68.88	8.06	0.00	0.00	2000
229	11.42	2001	2100	0.00	198	0	0	0	nan	0.00	0.46	6.38	81.96	88.58	0.00	40	0	42	0.00	0.00	64.23	7.51	0.00	0.00	2000
229	11.08	2078	2090	0.00	197	0	0	0	nan	0.00	0.00	6.63	81.97	88.92	0.00	40	0	43	0.00	0.00	61.77	7.25	0.00	0.00	2000
228	11.16	2048	2097	0.00	199	0	0	0	nan	0.00	0.00	6.63	82.25	88.84	0.00	40	0	43	0.00	0.00	64.35	7.40	0.00	0.00	2000
224	10.96	2040	2100	0.00	199	0	0	0	nan	0.00	0.01	7.41	81.84	89.04	0.00	39	0	43	0.00	0.00	67.48	7.80	0.00	0.00	2000
225	11.01	2066	2083	0.00	210	0	0	0	nan	0.00	0.00	3.25	85.09	88.99	0.00	40	0	42	0.00	0.00	59.37	6.82	0.00	0.00	2000
230	10.98	2074	2121	0.00	197	0	0	0	nan	0.00	0.02	3.42	86.62	89.02	0.00	40	0	43	0.00	0.00	68.02	7.91	0.00	0.00	2000
227	11.00	2077	2082	0.00	196	0	0	0	nan	0.00	0.05	3.43	84.89	89.00	0.00	40	0	43	0.00	0.00	61.73	7.20	0.00	0.00	2000
233	11.25	2054	2115	0.00	212	0	0	0	nan	0.00	0.02	3.58	85.96	88.75	0.00	38	0	43	0.00	0.00	68.68	8.36	0.00	0.00	2000
229	11.06	2072	2098	0.00	194	0	0	0	nan	0.00	0.01	3.02	85.95	88.94	0.00	38	0	42	0.00	0.00	64.25	7.56	0.00	0.00	2000
235	11.14	2094	2113	0.00	223	0	0	0	nan	0.00	0.00	5.61	83.88	88.86	0.00	38	0	43	0.00	0.00	65.59	7.56	0.00	0.00	2000
231	10.93	2109	2104	0.33	196	0	0	6	74.68	0.01	0.00	4.55	84.69	89.07	0.00	39	0	43	0.00	0.00	62.56	7.35	0.00	0.00	2000
224	10.77	2115	2065	0.66	196	0	0	3	81.87	0.00	0.00	3.49	84.38	89.23	0.00	39	0	42	0.00	0.00	63.00	7.17	0.00	0.00	2000
235	11.02	2093	2136	0.00	195	0	0	0	nan	0.00	0.02	2.38	88.19	88.98	0.00	39	0	42	0.00	0.00	69.80	8.04	0.00	0.00	2000
224	10.88	2080	2080	0.00	194	0	0	0	nan	0.00	0.01	1.52	86.83	89.12	0.00	39	0	42	0.00	0.00	61.93	7.33	0.00	0.00	2000
227	11.07	2055	2092	0.00	212	0	0	0	nan	0.00	0.00	2.96	85.69	88.93	0.00	38	0	43	0.00	0.00	65.53	7.90	0.00	0.00	2000
227	11.06	2058	2096	0.00	193	0	0	0	nan	0.00	0.02	2.18	86.76	88.94	0.00	38	0	42	0.00	0.00	64.08	9.22	0.00	0.00	2000
233	11.03	2090	2119	0.00	211	0	0	0	nan	0.00	0.00	2.26	87.55	88.97	0.00	38	0	43	0.00	0.00	65.98	8.16	0.00	0.00	2000
228	11.09	2042	2117	0.00	210	0	0	0	nan	0.00	0.01	3.40	86.31	88.91	0.00	38	0	43	0.00	0.00	67.70	7.94	0.00	0.00	2000
196	10.06	1966	2078	0.00	202	0	0	0	nan	0.00	0.00	5.51	83.58	89.94	0.00	38	0	43	0.00	0.00	62.30	7.54	0.00	0.00	2000
107	8.09	1326	2087	0.00	213	0	0	0	nan	0.00	0.02	6.36	85.03	91.91	0.00	37	0	43	0.00	0.00	60.63	7.77	0.00	0.00	2000
79	7.36	1051	2134	0.00	210	0	0	0	nan	0.00	0.00	4.29	89.97	92.64	0.00	37	0	43	0.00	0.00	58.68	7.52	0.00	0.00	2000
74	6.80	1090	2096	0.00	193	0	0	0	nan	0.00	0.00	3.33	89.72	93.20	0.00	37	0	43	0.00	0.00	56.88	7.31	0.00	0.00	2000
108	8.12	1331	2103	0.00	65	0	0	0	nan	0.00	0.00	7.05	84.96	91.88	0.00	37	0	42	0.00	0.00	60.16	7.39	0.00	0.00	2000
