Avg_MHz	Busy%	Bzy_MHz	TSC_MHz	IPC	IRQ	NMI	SMI	LLCMRPS	LLC%hit	POLL%	C1%	C1E%	C6%	CPU%c1	CPU%c6	CoreTmp	CoreThr	PkgTmp	Pkg%pc2	Pkg%pc6	PkgWatt	RAMWatt	PKG_%	RAM_%	UncMHz
228	13.21	1769	2046	0.00	224	0	0	0	nan	0.00	0.22	19.39	64.99	86.79	0.00	37	0	42	0.00	0.00	60.91	7.77	0.00	0.00	2000
367	16.91	2055	2217	0.00	254	0	0	0	nan	0.07	1.49	18.88	67.61	83.09	0.00	37	0	42	0.00	0.00	70.88	7.95	0.00	0.00	2000
80	7.09	1114	2135	0.00	194	0	0	0	nan	0.00	0.02	7.78	86.78	92.91	0.00	37	0	42	0.00	0.00	58.64	7.33	0.00	0.00	2000
72	7.08	1021	2103	0.00	193	0	0	0	nan	0.00	0.04	2.76	90.33	92.92	0.00	37	0	42	0.00	0.00	59.74	7.44	0.00	0.00	2000
74	6.80	1098	2095	0.00	193	0	0	0	nan	0.00	0.00	2.77	90.23	93.20	0.00	36	0	42	0.00	0.00	59.54	7.34	0.00	0.00	2000
73	6.78	1076	2103	0.00	196	0	0	0	nan	0.00	0.00	2.78	90.68	93.22	0.00	37	0	42	0.00	0.00	59.40	7.49	0.00	0.00	2000
73	6.58	1112	2107	0.00	193	0	0	0	nan	0.00	0.02	3.25	90.52	93.42	0.00	36	0	42	0.00	0.00	59.88	7.44	0.00	0.00	2000
71	6.88	1045	2074	0.00	192	0	0	0	nan	0.00	0.00	2.69	89.45	93.12	0.00	36	0	42	0.00	0.00	54.26	6.83	0.00	0.00	2000
72	7.09	1012	2113	0.00	209	0	0	0	nan	0.00	0.02	3.70	89.89	92.91	0.00	36	0	42	0.00	0.00	62.72	7.76	0.00	0.00	2000
73	6.71	1080	2115	0.00	193	0	0	0	nan	0.00	0.00	3.73	90.35	93.29	0.00	36	0	42	0.00	0.00	57.73	7.34	0.00	0.00	2000
74	6.56	1139	2082	0.00	179	0	0	0	nan	0.00	0.00	2.75	89.89	93.44	0.00	37	0	42	0.00	0.00	60.15	7.32	0.00	0.00	2000
72	6.73	1077	2098	0.00	196	0	0	0	nan	0.00	0.00	3.31	89.97	93.27	0.00	37	0	42	0.00	0.00	58.63	7.30	0.00	0.00	2000
73	6.68	1088	2103	0.00	194	0	0	0	nan	0.00	0.00	3.52	90.01	93.32	0.00	37	0	42	0.00	0.00	58.67	7.44	0.00	0.00	2000
72	6.91	1041	2108	0.00	194	0	0	0	nan	0.00	0.01	2.94	90.69	93.09	0.00	37	0	42	0.00	0.00	58.28	7.26	0.00	0.00	2000
73	6.66	1097	2096	0.00	210	0	0	0	nan	0.00	0.02	2.87	90.34	93.34	0.00	36	0	42	0.00	0.00	58.27	7.30	0.00	0.00	2000
70	6.73	1045	2081	0.00	193	0	0	1	87.34	0.00	0.01	3.18	89.32	93.27	0.00	36	0	42	0.00	0.00	59.46	7.49	0.00	0.00	2000
74	6.68	1097	2113	0.08	194	0	0	1	89.11	0.00	0.00	2.49	91.30	93.32	0.00	37	0	42	0.00	0.00	58.61	7.36	0.00	0.00	2000
73	7.09	1016	2118	0.00	193	0	0	0	nan	0.00	0.00	2.43	91.46	92.91	0.00	37	0	42	0.00	0.00	58.21	7.42	0.00	0.00	2000
141	9.13	1565	2078	0.00	212	0	0	0	nan	0.00	0.06	5.23	84.80	90.87	0.00	38	0	42	0.00	0.00	62.48	7.54	0.00	0.00	2000
230	11.23	2041	2110	0.00	202	0	0	0	nan	0.00	0.00	4.56	84.80	88.77	0.00	39	0	42	0.00	0.00	65.39	7.45	0.00	0.00	2000
232	11.29	2045	2116	0.00	202	0	0	0	nan	0.00	0.02	4.27	85.24	88.71	0.00	40	0	42	0.00	0.00	65.67	7.31	0.00	0.00	2000
230	11.45	2026	2083	0.00	203	0	0	0	nan	0.00	0.00	3.75	84.24	88.55	0.00	40	0	42	0.00	0.00	62.58	7.11	0.00	0.00	2000
233	11.39	2072	2070	0.00	207	0	0	0	nan	0.00	0.24	4.25	83.08	88.61	0.00	38	0	42	0.00	0.00	63.32	7.21	0.00	0.00	2000
237	11.22	2064	2149	0.00	198	0	0	0	nan	0.00	0.00	6.97	83.90	88.78	0.00	37	0	42	0.00	0.00	68.42	8.22	0.00	0.00	2000
229	11.44	2012	2094	0.00	198	0	0	0	nan	0.00	0.02	4.44	84.06	88.56	0.00	37	0	42	0.00	0.00	65.80	7.63	0.00	0.00	2000
231	11.58	1995	2097	0.00	199	0	0	0	nan	0.00	0.02	4.56	83.91	88.42	0.00	37	0	42	0.00	0.00	65.36	7.70	0.00	0.00	2000
235	11.18	2098	2107	0.00	198	0	0	0	nan	0.01	0.00	4.09	85.21	88.82	0.00	37	0	42	0.00	0.00	66.95	7.89	0.00	0.00	2000
227	11.19	2044	2084	0.00	201	0	0	0	nan	0.00	0.00	4.96	83.41	88.81	0.00	37	0	42	0.00	0.00	66.46	7.57	0.00	0.00	2000
231	11.43	2012	2107	0.00	196	0	0	0	nan	0.00	0.04	4.82	84.22	88.57	0.00	37	0	42	0.00	0.00	64.10	7.19	0.00	0.00	2000
228	10.95	2088	2095	0.00	198	0	0	0	nan	0.00	0.07	3.49	85.37	89.05	0.00	37	0	42	0.00	0.00	65.58	7.46	0.00	0.00	2000
229	11.35	2022	2098	0.00	197	0	0	0	nan	0.00	0.00	5.69	83.10	88.65	0.00	38	0	41	0.00	0.00	63.01	7.19	0.00	0.00	2000
225	11.14	2069	2054	0.00	198	0	0	0	nan	0.01	0.00	6.40	80.69	88.86	0.00	38	0	42	0.00	0.00	64.31	7.41	0.00	0.00	2000
232	11.00	2076	2131	0.00	204	0	0	5	92.08	0.01	0.00	6.33	84.14	89.00	0.00	38	0	42	0.00	0.00	65.09	7.62	0.00	0.00	2000
231	11.15	2059	2115	0.75	195	0	0	16	84.47	0.00	0.01	5.02	84.61	88.85	0.00	38	0	42	0.00	0.00	66.25	7.50	0.00	0.00	2000
233	11.34	2051	2103	0.00	199	0	0	0	nan	0.00	0.01	5.77	83.17	88.66	0.00	38	0	42	0.00	0.00	65.47	7.43	0.00	0.00	2000
237	11.72	2016	2108	0.00	200	0	0	0	nan	0.00	0.00	6.47	82.32	88.28	0.00	38	0	42	0.00	0.00	64.96	7.31	0.00	0.00	2000
229	11.31	2027	2101	0.00	196	0	0	0	nan	0.00	0.02	4.49	84.43	88.69	0.00	38	0	42	0.00	0.00	64.26	7.18	0.00	0.00	2000
230	11.38	2030	2093	0.00	201	0	0	0	nan	0.00	0.03	4.37	84.16	88.62	0.00	38	0	42	0.00	0.00	66.12	7.73	0.00	0.00	2000
231	11.13	2070	2109	0.00	199	0	0	0	nan	0.00	0.00	5.82	83.59	88.87	0.00	38	0	42	0.00	0.00	65.22	7.47	0.00	0.00	2000
227	11.04	2081	2078	0.00	198	0	0	0	nan	0.00	0.28	3.62	84.29	88.96	0.00	38	0	42	0.00	0.00	64.75	7.45	0.00	0.00	2000
233	11.03	2089	2123	0.00	197	0	0	0	nan	0.00	0.00	4.45	85.64	88.97	0.00	38	0	42	0.00	0.00	66.19	7.75	0.00	0.00	2000
228	11.44	2019	2072	0.00	198	0	0	0	nan	0.00	0.00	6.16	81.44	88.56	0.00	37	0	42	0.00	0.00	64.89	7.61	0.00	0.00	2000
238	11.06	2116	2132	0.00	196	0	0	0	nan	0.01	0.54	3.55	86.27	88.94	0.00	37	0	42	0.00	0.00	65.46	7.55	0.00	0.00	2000
225	11.59	1977	2059	0.00	205	0	0	0	nan	0.00	0.02	4.01	82.87	88.41	0.00	38	0	42	0.00	0.00	64.10	7.50	0.00	0.00	2000
235	11.52	2007	2137	0.00	198	0	0	0	nan	0.00	0.00	4.69	85.53	88.48	0.00	38	0	42	0.00	0.00	66.80	7.67	0.00	0.00	2000
228	11.37	2007	2095	0.00	197	0	0	0	nan	0.00	0.03	3.93	84.67	88.63	0.00	38	0	42	0.00	0.00	65.36	7.65	0.00	0.00	2000
232	11.37	2036	2105	0.00	198	0	0	0	nan	0.00	0.01	4.31	84.67	88.63	0.00	38	0	42	0.00	0.00	65.99	7.66	0.00	0.00	2000
229	11.49	2043	2045	0.00	196	0	0	0	nan	0.00	0.02	4.99	81.38	88.51	0.00	38	0	42	0.00	0.00	61.60	6.98	0.00	0.00	2000
231	10.83	2082	2148	0.00	217	0	0	0	nan	0.00	0.00	5.89	85.53	89.17	0.00	38	0	42	0.00	0.00	69.90	7.92	0.00	0.00	2000
231	11.16	2060	2110	0.00	198	0	0	0	82.44	0.00	0.00	5.49	83.81	88.84	0.00	38	0	42	0.00	0.00	65.60	7.79	0.00	0.00	2000
224	11.00	2089	2052	0.78	197	0	0	19	78.87	0.00	0.00	6.15	81.01	89.00	0.00	39	0	42	0.00	0.00	63.03	7.34	0.00	0.00	2000
229	12.39	2075	1868	0.02	204	0	0	0	nan	0.00	0.02	5.75	72.37	87.61	0.00	37	0	42	0.00	0.00	53.66	6.35	0.00	0.00	2000
245	10.47	2013	2443	0.00	249	0	0	0	nan	0.01	0.00	9.99	94.30	89.53	0.00	37	0	42	0.00	0.00	83.25	9.79	0.00	0.00	2000
475	21.75	2411	1901	0.00	262	0	0	0	nan	0.00	0.01	4.00	66.94	78.25	0.00	38	0	42	0.00	0.00	64.60	7.01	0.00	0.00	2000
686	27.74	2500	2079	0.00	229	0	0	0	nan	0.00	0.04	3.06	68.54	72.26	0.00	40	0	42	0.00	0.00	75.46	7.32	0.00	0.00	2000
683	27.36	2500	2097	0.00	251	0	0	0	nan	0.00	0.73	3.97	67.97	72.64	0.00	40	0	42	0.00	0.00	77.64	7.72	0.00	0.00	2000
686	27.40	2500	2101	0.00	245	0	0	0	nan	0.00	0.00	5.50	67.26	72.60	0.00	40	0	42	0.00	0.00	77.86	7.55	0.00	0.00	2000
684	27.03	2500	2126	0.00	248	0	0	0	nan	0.00	0.83	6.28	66.92	72.97	0.00	40	0	42	0.00	0.00	80.62	7.90	0.00	0.00	2000
685	27.71	2500	2076	0.00	231	0	0	0	nan	0.00	0.00	4.83	66.75	72.29	0.00	40	0	42	0.00	0.00	75.27	7.23	0.00	0.00	2000
682	27.30	2500	2098	0.00	249	0	0	0	nan	0.00	0.01	4.91	67.83	72.70	0.00	40	0	42	0.00	0.00	77.61	7.55	0.00	0.00	2000
685	27.37	2500	2101	0.00	246	0	0	0	nan	0.00	0.00	4.63	68.16	72.63	0.00	40	0	42	0.00	0.00	78.03	7.40	0.00	0.00	2000
682	27.31	2500	2098	0.00	248	0	0	0	nan	0.00	0.01	5.46	67.29	72.69	0.00	41	0	42	0.00	0.00	77.71	7.42	0.00	0.00	2000
685	27.38	2500	2102	0.00	247	0	0	0	nan	0.00	0.00	3.85	68.95	72.62	0.00	40	0	42	0.00	0.00	77.97	7.49	0.00	0.00	2000
687	27.16	2500	2125	0.00	250	0	0	0	nan	0.00	0.01	4.82	68.98	72.84	0.00	41	0	42	0.00	0.00	80.95	7.73	0.00	0.00	2000
684	27.65	2500	2078	0.79	230	0	0	44	99.32	0.00	0.00	4.44	67.27	72.35	0.00	41	0	42	0.00	0.00	74.89	7.32	0.00	0.00	2000
683	27.38	2500	2097	0.41	251	0	0	0	72.42	0.00	0.01	2.98	69.64	72.62	0.00	41	0	42	0.00	0.00	78.04	7.39	0.00	0.00	2000
685	27.39	2500	2102	0.00	245	0	0	0	nan	0.00	0.01	2.49	70.30	72.61	0.00	41	0	42	0.00	0.00	77.98	7.52	0.00	0.00	2000
682	27.29	2500	2098	0.00	249	0	0	0	nan	0.00	1.11	3.73	67.93	72.71	0.00	41	0	42	0.00	0.00	77.50	7.50	0.00	0.00	2000
688	27.67	2500	2089	0.00	249	0	0	0	nan	0.00	0.01	7.77	64.30	72.33	0.00	41	0	42	0.00	0.00	77.56	7.49	0.00	0.00	2000
689	27.37	2500	2114	0.00	248	0	0	0	nan	0.00	0.01	5.24	67.97	72.63	0.00	41	0	42	0.00	0.00	78.46	7.66	0.00	0.00	2000
683	27.32	2500	2099	0.00	246	0	0	0	nan	0.00	0.00	5.47	67.29	72.68	0.00	41	0	42	0.00	0.00	77.71	7.44	0.00	0.00	2000
684	27.39	2500	2098	0.00	251	0	0	0	nan	0.00	0.01	4.15	68.51	72.61	0.00	41	0	42	0.00	0.00	78.17	7.69	0.00	0.00	2000
683	27.30	2500	2102	0.00	244	0	0	0	nan	0.00	0.00	4.76	68.12	72.70	0.00	41	0	42	0.00	0.00	77.75	7.62	0.00	0.00	2000
684	27.39	2500	2098	0.00	247	0	0	0	nan	0.00	0.01	4.20	68.44	72.61	0.00	41	0	42	0.00	0.00	77.76	7.58	0.00	0.00	2000
683	27.28	2500	2102	0.00	247	0	0	0	nan	0.00	0.00	4.68	68.23	72.72	0.00	41	0	42	0.00	0.00	77.77	7.68	0.00	0.00	2000
684	27.39	2500	2097	0.00	247	0	0	0	nan	0.00	0.01	3.32	69.32	72.61	0.00	41	0	42	0.00	0.00	77.72	7.69	0.00	0.00	2000
683	27.30	2500	2103	0.00	248	0	0	0	nan	0.00	0.00	4.59	68.31	72.70	0.00	41	0	42	0.00	0.00	77.76	7.64	0.00	0.00	2000
683	27.37	2500	2098	0.00	245	0	0	0	99.45	0.00	0.02	2.87	69.79	72.64	0.00	41	0	42	0.00	0.00	77.72	7.74	0.00	0.00	2000
405	16.78	2400	2112	0.48	312	0	0	30	89.95	0.00	2.85	12.84	68.21	83.22	0.00	38	0	42	0.00	0.00	67.64	7.47	0.00	0.00	2000
207	9.75	1917	2331	0.04	242	0	0	0	nan	0.00	0.07	4.67	95.61	90.25	0.00	38	0	42	0.00	0.00	77.47	8.88	0.00	0.00	2000
105	8.49	1234	2110	0.00	220	0	0	0	nan	0.00	0.02	10.40	81.64	91.51	0.00	37	0	42	0.00	0.00	60.09	7.54	0.00	0.00	2000
78	7.19	1084	2104	0.00	210	0	0	0	nan	0.00	0.00	3.27	89.90	92.81	0.00	37	0	42	0.00	0.00	58.28	7.49	0.00	0.00	2000
76	7.06	1085	2084	0.00	178	0	0	0	nan	0.00	0.03	4.77	87.52	92.94	0.00	37	0	42	0.00	0.00	59.84	7.53	0.00	0.00	2000
