Avg_MHz	Busy%	Bzy_MHz	TSC_MHz	IPC	IRQ	NMI	SMI	LLCMRPS	LLC%hit	POLL%	C1%	C1E%	C6%	CPU%c1	CPU%c6	CoreTmp	CoreThr	PkgTmp	Pkg%pc2	Pkg%pc6	PkgWatt	RAMWatt	PKG_%	RAM_%	UncMHz
229	12.61	1845	2065	0.00	232	0	0	0	nan	0.00	0.14	20.52	65.31	87.39	0.00	38	0	42	0.00	0.00	61.70	7.53	0.00	0.00	2000
383	15.97	2271	2215	0.00	247	0	0	0	nan	0.00	1.50	12.64	74.82	84.03	0.00	38	0	42	0.00	0.00	74.06	8.22	0.00	0.00	2000
78	6.74	1155	2109	0.00	195	0	0	0	nan	0.01	0.01	14.65	79.12	93.26	0.00	37	0	42	0.00	0.00	59.03	7.52	0.00	0.00	2000
72	6.81	1061	2087	0.00	193	0	0	0	nan	0.00	0.00	3.07	89.64	93.19	0.00	37	0	42	0.00	0.00	57.04	7.31	0.00	0.00	2000
74	6.71	1099	2112	0.00	210	0	0	0	nan	0.00	0.00	3.72	90.02	93.29	0.00	37	0	42	0.00	0.00	57.96	7.28	0.00	0.00	2000
73	6.55	1114	2107	0.00	177	0	0	0	nan	0.00	0.00	3.57	90.19	93.45	0.00	37	0	42	0.00	0.00	60.31	7.74	0.00	0.00	2000
73	6.59	1112	2101	0.00	194	0	0	0	nan	0.01	0.02	2.90	90.63	93.41	0.00	37	0	42	0.00	0.00	58.42	7.52	0.00	0.00	2000
73	6.61	1114	2096	0.00	195	0	0	0	nan	0.00	0.00	3.10	90.11	93.39	0.00	37	0	43	0.00	0.00	56.57	7.38	0.00	0.00	2000
73	6.93	1050	2103	0.00	193	0	0	0	nan	0.00	0.00	2.72	90.62	93.07	0.00	37	0	42	0.00	0.00	60.08	7.61	0.00	0.00	2000
73	6.56	1103	2103	0.00	193	0	0	0	nan	0.00	0.01	2.75	90.87	93.44	0.00	37	0	42	0.00	0.00	57.04	7.18	0.00	0.00	2000
74	6.21	1185	2098	0.00	193	0	0	0	nan	0.00	0.00	3.00	90.73	93.79	0.00	37	0	42	0.00	0.00	58.61	7.37	0.00	0.00	2000
73	6.61	1107	2100	0.00	194	0	0	0	nan	0.00	0.02	3.39	90.04	93.39	0.00	37	0	42	0.00	0.00	57.92	7.09	0.00	0.00	2000
73	6.72	1081	2096	0.00	193	0	0	0	nan	0.00	0.00	3.18	90.01	93.28	0.00	37	0	42	0.00	0.00	55.32	7.50	0.00	0.00	2000
70	6.55	1077	2072	0.00	193	0	0	0	nan	0.00	0.01	2.99	89.18	93.45	0.00	37	0	42	0.00	0.00	59.35	7.53	0.00	0.00	2000
72	7.06	1018	2105	0.00	193	0	0	0	nan	0.01	0.00	2.06	91.24	92.94	0.00	37	0	42	0.00	0.00	58.90	7.45	0.00	0.00	2000
73	6.62	1092	2112	0.00	203	0	0	1	87.16	0.00	0.00	5.06	88.88	93.38	0.00	37	0	42	0.00	0.00	59.46	7.59	0.00	0.00	2000
73	6.75	1088	2083	0.29	202	0	0	2	87.85	0.00	0.01	4.84	87.70	93.25	0.00	37	0	42	0.00	0.00	57.68	7.34	0.00	0.00	2000
73	6.61	1082	2133	0.00	209	0	0	0	nan	0.00	0.00	4.15	90.73	93.39	0.00	37	0	42	0.00	0.00	60.22	7.46	0.00	0.00	2000
135	8.62	1621	2036	0.00	190	0	0	0	nan	0.00	0.53	4.51	83.54	91.38	0.00	37	0	42	0.00	0.00	54.63	6.70	0.00	0.00	2000
233	10.87	2091	2152	0.00	215	0	0	0	nan	0.00	0.00	6.89	84.46	89.13	0.00	38	0	42	0.00	0.00	68.51	7.75	0.00	0.00	2000
233	11.56	2011	2104	0.00	200	0	0	0	nan	0.00	0.00	5.50	83.21	88.44	0.00	38	0	42	0.00	0.00	64.94	7.46	0.00	0.00	2000
229	11.11	2073	2090	0.00	198	0	0	0	nan	0.00	0.00	5.18	83.37	88.89	0.00	38	0	42	0.00	0.00	65.01	7.40	0.00	0.00	2000
230	11.29	2041	2098	0.00	212	0	0	0	nan	0.00	0.00	6.92	81.82	88.71	0.00	38	0	42	0.00	0.00	64.44	7.36	0.00	0.00	2000
231	10.86	2116	2113	0.00	205	0	0	0	nan	0.00	0.00	4.31	85.48	89.14	0.00	39	0	42	0.00	0.00	67.02	7.96	0.00	0.00	2000
232	11.08	2090	2107	0.00	203	0	0	0	nan	0.00	0.00	3.02	86.35	88.92	0.00	39	0	42	0.00	0.00	66.00	7.68	0.00	0.00	2000
233	11.26	2062	2106	0.00	198	0	0	0	nan	0.00	0.00	5.61	83.52	88.74	0.00	38	0	42	0.00	0.00	66.95	7.77	0.00	0.00	2000
231	11.07	2092	2096	0.00	198	0	0	0	nan	0.00	0.02	4.57	84.27	88.93	0.00	39	0	42	0.00	0.00	63.68	7.53	0.00	0.00	2000
229	11.02	2106	2074	0.00	205	0	0	0	nan	0.00	0.00	5.23	82.77	88.98	0.00	39	0	42	0.00	0.00	66.19	7.53	0.00	0.00	2000
238	11.09	2119	2125	0.00	205	0	0	0	nan	0.00	0.02	3.76	86.29	88.91	0.00	39	0	42	0.00	0.00	64.70	7.34	0.00	0.00	2000
227	10.80	2119	2084	0.00	199	0	0	0	nan	0.00	0.03	1.97	86.53	89.20	0.00	40	0	42	0.00	0.00	65.33	7.47	0.00	0.00	2000
237	11.26	2095	2112	0.00	198	0	0	0	nan	0.00	0.50	4.97	83.81	88.74	0.00	39	0	42	0.00	0.00	63.04	7.38	0.00	0.00	2000
229	11.11	2077	2080	0.00	231	0	0	0	nan	0.00	0.00	6.41	81.73	88.89	0.00	40	0	42	0.00	0.00	66.80	7.54	0.00	0.00	2000
232	10.99	2085	2123	0.00	203	0	0	4	84.90	0.00	0.00	5.99	84.15	89.01	0.00	40	0	42	0.00	0.00	65.14	7.59	0.00	0.00	2000
226	10.91	2095	2082	0.76	198	0	0	15	86.34	0.00	0.00	5.38	82.99	89.09	0.00	39	0	42	0.00	0.00	64.46	7.25	0.00	0.00	2000
231	11.07	2080	2111	0.00	197	0	0	0	nan	0.00	0.01	4.93	84.60	88.93	0.00	40	0	42	0.00	0.00	65.20	7.62	0.00	0.00	2000
234	11.32	2056	2113	0.00	199	0	0	0	nan	0.00	0.03	4.76	84.62	88.68	0.00	40	0	42	0.00	0.00	63.18	7.20	0.00	0.00	2000
231	11.01	2102	2097	0.00	199	0	0	0	nan	0.00	0.03	5.68	83.29	88.99	0.00	40	0	42	0.00	0.00	65.61	7.37	0.00	0.00	2000
231	11.19	2062	2103	0.00	203	0	0	0	nan	0.00	0.00	5.72	83.27	88.81	0.00	40	0	42	0.00	0.00	65.07	7.41	0.00	0.00	2000
225	11.12	2052	2070	0.00	198	0	0	0	nan	0.00	0.00	4.84	82.90	88.88	0.00	40	0	42	0.00	0.00	62.80	7.28	0.00	0.00	2000
231	11.06	2062	2131	0.00	198	0	0	0	nan	0.00	0.00	4.02	86.30	88.94	0.00	40	0	42	0.00	0.00	66.09	7.67	0.00	0.00	2000
226	11.16	2062	2066	0.00	201	0	0	0	nan	0.00	0.01	5.06	82.48	88.84	0.00	39	0	43	0.00	0.00	63.57	7.34	0.00	0.00	2000
231	11.22	2074	2089	0.00	214	0	0	0	nan	0.00	0.00	5.77	82.58	88.78	0.00	38	0	42	0.00	0.00	62.93	7.23	0.00	0.00	2000
236	11.03	2106	2133	0.00	206	0	0	0	nan	0.00	0.08	6.38	84.03	88.97	0.00	38	0	42	0.00	0.00	68.66	7.86	0.00	0.00	2000
233	11.20	2066	2112	0.00	199	0	0	0	nan	0.01	0.58	3.01	85.86	88.80	0.00	39	0	42	0.00	0.00	65.81	7.60	0.00	0.00	2000
231	11.06	2091	2096	0.00	199	0	0	0	nan	0.00	0.55	5.26	83.07	88.94	0.00	39	0	42	0.00	0.00	66.15	7.52	0.00	0.00	2000
230	11.20	2055	2100	0.00	199	0	0	0	nan	0.00	0.00	5.73	83.13	88.80	0.00	38	0	42	0.00	0.00	65.87	7.61	0.00	0.00	2000
228	11.01	2096	2073	0.00	197	0	0	0	nan	0.00	0.02	5.14	82.80	88.99	0.00	39	0	42	0.00	0.00	64.89	7.56	0.00	0.00	2000
236	11.56	2016	2127	0.00	202	0	0	0	nan	0.00	0.00	5.93	83.75	88.44	0.00	39	0	42	0.00	0.00	64.82	7.45	0.00	0.00	2000
228	10.98	2100	2075	0.00	199	0	0	0	nan	0.00	0.00	5.79	82.22	89.02	0.00	39	0	42	0.00	0.00	64.89	7.44	0.00	0.00	2000
228	10.68	2137	2098	0.00	198	0	0	0	89.99	0.00	0.00	4.06	85.24	89.32	0.00	39	0	42	0.00	0.00	65.22	7.52	0.00	0.00	2000
229	11.16	2060	2094	0.93	197	0	0	22	83.10	0.00	0.05	4.15	84.53	88.84	0.00	39	0	42	0.00	0.00	63.32	7.38	0.00	0.00	2000
238	12.25	2042	1998	0.01	202	0	0	0	nan	0.00	0.00	5.19	78.44	87.75	0.00	38	0	42	0.00	0.00	60.24	7.15	0.00	0.00	2000
384	15.92	2268	2231	0.00	382	0	0	0	nan	0.02	2.08	12.96	74.55	84.08	0.00	38	0	43	0.00	0.00	76.40	8.44	0.00	0.00	2000
222	10.75	2071	2095	0.00	202	0	0	0	nan	0.00	0.00	4.56	84.49	89.25	0.00	38	0	43	0.00	0.00	65.43	7.85	0.00	0.00	2000
110	7.87	1392	2111	0.00	215	0	0	0	nan	0.00	0.01	5.40	87.27	92.13	0.00	37	0	42	0.00	0.00	59.03	7.50	0.00	0.00	2000
77	6.55	1180	2081	0.00	194	0	0	0	nan	0.00	0.02	2.73	89.77	93.45	0.00	37	0	43	0.00	0.00	57.49	7.20	0.00	0.00	2000
84	7.39	1138	2094	0.00	145	0	0	0	nan	0.00	0.01	4.18	88.18	92.61	0.00	37	0	43	0.00	0.00	57.87	7.22	0.00	0.00	2000
