Avg_MHz	Busy%	Bzy_MHz	TSC_MHz	IPC	IRQ	NMI	SMI	LLCMRPS	LLC%hit	POLL%	C1%	C1E%	C6%	CPU%c1	CPU%c6	CoreTmp	CoreThr	PkgTmp	Pkg%pc2	Pkg%pc6	PkgWatt	RAMWatt	PKG_%	RAM_%	UncMHz
303	16.24	1845	2127	0.00	250	0	0	0	nan	0.01	0.19	32.62	52.20	83.76	0.00	37	0	42	0.00	0.00	63.74	7.56	0.00	0.00	2000
345	17.17	1979	2129	0.00	216	0	0	0	nan	0.06	1.33	15.09	67.94	82.83	0.00	37	0	42	0.00	0.00	65.81	7.49	0.00	0.00	2000
77	6.94	1114	2106	0.00	194	0	0	0	nan	0.00	0.02	6.41	86.92	93.06	0.00	37	0	42	0.00	0.00	60.28	7.65	0.00	0.00	2000
73	6.74	1081	2112	0.00	195	0	0	0	nan	0.00	0.00	3.98	89.92	93.26	0.00	37	0	42	0.00	0.00	58.91	7.37	0.00	0.00	2000
73	7.22	1003	2103	0.00	210	0	0	0	nan	0.00	0.02	3.57	89.47	92.78	0.00	37	0	42	0.00	0.00	56.04	7.29	0.00	0.00	2000
73	6.91	1056	2096	0.00	193	0	0	0	nan	0.00	0.01	3.64	89.44	93.09	0.00	37	0	42	0.00	0.00	58.67	7.53	0.00	0.00	2000
80	7.51	1071	2097	0.00	194	0	0	0	nan	0.00	0.00	4.19	88.23	92.49	0.00	37	0	42	0.00	0.00	59.08	7.60	0.00	0.00	2000
72	6.94	1038	2103	0.00	193	0	0	0	nan	0.00	0.00	3.95	89.37	93.06	0.00	37	0	42	0.00	0.00	58.20	7.64	0.00	0.00	2000
73	6.89	1053	2105	0.00	194	0	0	0	nan	0.00	0.00	4.07	89.31	93.10	0.00	37	0	42	0.00	0.00	59.51	7.72	0.00	0.00	2000
71	6.70	1064	2101	0.00	195	0	0	0	nan	0.00	0.00	2.40	90.99	93.30	0.00	37	0	42	0.00	0.00	58.03	7.48	0.00	0.00	2000
73	6.68	1084	2103	0.00	194	0	0	0	nan	0.00	0.01	2.39	91.05	93.32	0.00	37	0	42	0.00	0.00	57.99	7.41	0.00	0.00	2000
72	6.51	1109	2099	0.00	193	0	0	0	nan	0.00	0.02	2.66	90.72	93.49	0.00	36	0	42	0.00	0.00	59.09	7.57	0.00	0.00	2000
74	6.68	1102	2099	0.00	196	0	0	0	nan	0.00	0.02	3.32	90.08	93.32	0.00	37	0	42	0.00	0.00	56.79	7.29	0.00	0.00	2000
71	6.67	1072	2099	0.00	195	0	0	0	nan	0.00	0.00	3.61	89.76	93.33	0.00	37	0	42	0.00	0.00	59.76	7.63	0.00	0.00	2000
73	6.68	1091	2104	0.00	194	0	0	0	nan	0.00	0.01	2.45	91.05	93.32	0.00	37	0	42	0.00	0.00	58.54	7.46	0.00	0.00	2000
71	6.50	1100	2095	0.00	193	0	0	0	82.37	0.00	0.00	2.72	90.55	93.50	0.00	36	0	42	0.00	0.00	55.90	7.17	0.00	0.00	2000
73	6.42	1139	2104	0.30	193	0	0	1	81.75	0.00	0.00	2.25	91.56	93.58	0.00	36	0	42	0.00	0.00	61.19	7.84	0.00	0.00	2000
72	6.44	1124	2096	0.10	194	0	0	0	nan	0.00	0.00	2.96	90.49	93.56	0.00	37	0	42	0.00	0.00	57.48	7.46	0.00	0.00	2000
156	9.17	1707	2094	0.00	209	0	0	0	nan	0.00	0.00	6.01	84.66	90.83	0.00	38	0	42	0.00	0.00	61.61	7.49	0.00	0.00	2000
231	10.80	2128	2112	0.00	204	0	0	0	nan	0.00	0.00	3.69	86.12	89.20	0.00	39	0	42	0.00	0.00	66.70	7.60	0.00	0.00	2000
231	11.25	2062	2093	0.00	203	0	0	0	nan	0.00	0.03	4.07	84.55	88.75	0.00	40	0	42	0.00	0.00	64.44	7.55	0.00	0.00	2000
230	11.08	2071	2100	0.00	213	0	0	0	nan	0.00	0.03	3.33	85.70	88.92	0.00	40	0	42	0.00	0.00	66.60	7.57	0.00	0.00	2000
236	11.01	2141	2105	0.00	197	0	0	0	nan	0.00	0.57	3.90	84.77	88.99	0.00	38	0	42	0.00	0.00	63.21	7.49	0.00	0.00	2000
231	10.89	2125	2094	0.00	197	0	0	0	nan	0.00	0.52	5.24	83.21	89.11	0.00	37	0	42	0.00	0.00	66.83	7.90	0.00	0.00	2000
231	10.95	2111	2098	0.00	198	0	0	0	nan	0.00	0.00	5.26	83.79	89.05	0.00	38	0	42	0.00	0.00	66.15	7.63	0.00	0.00	2000
232	11.27	2062	2101	0.00	196	0	0	0	nan	0.00	0.02	5.79	83.09	88.73	0.00	37	0	42	0.00	0.00	66.02	7.76	0.00	0.00	2000
232	10.97	2134	2081	0.00	202	0	0	0	nan	0.00	0.02	5.76	82.52	89.03	0.00	37	0	42	0.00	0.00	65.81	7.80	0.00	0.00	2000
232	11.15	2067	2116	0.00	200	0	0	0	nan	0.00	0.00	6.53	83.06	88.85	0.00	37	0	42	0.00	0.00	63.81	7.24	0.00	0.00	2000
229	11.15	2063	2094	0.00	195	0	0	0	nan	0.00	0.00	6.35	82.30	88.85	0.00	37	0	42	0.00	0.00	65.85	7.45	0.00	0.00	2000
229	11.02	2065	2108	0.00	199	0	0	0	nan	0.00	0.00	4.55	84.84	88.98	0.00	38	0	42	0.00	0.00	63.53	7.25	0.00	0.00	2000
230	11.07	2082	2101	0.00	199	0	0	0	nan	0.00	0.02	4.83	84.23	88.93	0.00	38	0	42	0.00	0.00	64.82	7.56	0.00	0.00	2000
232	11.11	2096	2089	0.00	197	0	0	0	nan	0.00	0.00	4.93	83.51	88.89	0.00	38	0	42	0.00	0.00	67.06	7.83	0.00	0.00	2000
230	11.01	2084	2109	0.00	202	0	0	0	nan	0.00	0.56	4.54	84.33	88.99	0.00	38	0	42	0.00	0.00	65.04	7.46	0.00	0.00	2000
229	11.18	2052	2098	0.59	201	0	0	18	96.40	0.00	0.04	5.30	83.53	88.82	0.00	38	0	42	0.00	0.00	64.94	7.22	0.00	0.00	2000
226	11.09	2069	2068	0.22	197	0	0	0	nan	0.01	0.48	3.42	83.73	88.91	0.00	38	0	42	0.00	0.00	64.71	7.61	0.00	0.00	2000
227	10.79	2093	2109	0.00	215	0	0	0	nan	0.00	0.52	5.18	83.91	89.21	0.00	38	0	42	0.00	0.00	63.98	7.35	0.00	0.00	2000
234	11.53	2034	2098	0.00	199	0	0	0	nan	0.00	0.01	4.95	83.54	88.47	0.00	38	0	42	0.00	0.00	65.96	7.65	0.00	0.00	2000
230	10.72	2111	2137	0.00	216	0	0	0	nan	0.00	0.01	6.13	84.80	89.28	0.00	38	0	42	0.00	0.00	63.83	7.29	0.00	0.00	2000
235	11.25	2091	2098	0.00	209	0	0	0	nan	0.00	0.02	7.31	81.40	88.75	0.00	38	0	42	0.00	0.00	65.61	7.77	0.00	0.00	2000
230	11.07	2080	2095	0.00	201	0	0	0	nan	0.00	0.01	5.61	83.14	88.93	0.00	38	0	42	0.00	0.00	67.01	7.91	0.00	0.00	2000
231	11.13	2068	2106	0.00	198	0	0	0	nan	0.00	0.00	5.04	84.24	88.87	0.00	38	0	42	0.00	0.00	65.15	7.57	0.00	0.00	2000
227	11.18	2038	2090	0.00	203	0	0	0	nan	0.00	0.00	5.59	82.91	88.82	0.00	38	0	42	0.00	0.00	63.31	7.37	0.00	0.00	2000
230	11.51	1985	2110	0.00	200	0	0	0	nan	0.00	0.01	3.32	85.67	88.49	0.00	38	0	42	0.00	0.00	66.49	7.73	0.00	0.00	2000
228	11.21	2033	2100	0.00	197	0	0	0	nan	0.00	0.03	3.76	85.05	88.79	0.00	39	0	42	0.00	0.00	64.89	7.56	0.00	0.00	2000
226	11.15	2055	2074	0.00	197	0	0	0	nan	0.00	0.02	3.91	83.91	88.85	0.00	38	0	42	0.00	0.00	62.47	7.17	0.00	0.00	2000
232	11.38	2022	2115	0.00	213	0	0	0	nan	0.00	0.00	5.72	83.62	88.62	0.00	39	0	42	0.00	0.00	68.15	7.63	0.00	0.00	2000
225	10.86	2092	2084	0.00	199	0	0	0	nan	0.00	0.00	5.92	82.62	89.14	0.00	38	0	42	0.00	0.00	64.14	7.43	0.00	0.00	2000
230	11.18	2049	2107	0.00	197	0	0	0	nan	0.00	0.93	3.99	84.32	88.82	0.00	39	0	42	0.00	0.00	62.67	7.35	0.00	0.00	2000
229	11.05	2064	2110	0.00	213	0	0	0	nan	0.00	0.00	6.10	83.37	88.95	0.00	39	0	42	0.00	0.00	66.27	7.55	0.00	0.00	2000
228	11.43	2019	2072	0.00	198	0	0	3	61.78	0.00	0.00	5.35	82.17	88.57	0.00	38	0	42	0.00	0.00	64.29	7.39	0.00	0.00	2000
227	10.96	2060	2109	0.78	217	0	0	13	86.86	0.01	0.00	5.21	84.33	89.04	0.00	38	0	42	0.00	0.00	64.31	7.56	0.00	0.00	2000
238	11.64	2047	2095	0.00	200	0	0	0	nan	0.00	0.00	5.01	83.24	88.36	0.00	39	0	42	0.00	0.00	65.70	7.72	0.00	0.00	2000
223	10.86	2082	2075	0.00	215	0	0	0	nan	0.00	0.01	4.54	83.70	89.14	0.00	37	0	42	0.00	0.00	61.41	7.20	0.00	0.00	2000
239	11.02	2098	2168	0.00	237	0	0	0	nan	0.01	0.00	4.05	87.95	88.98	0.00	38	0	42	0.00	0.00	72.55	8.36	0.00	0.00	2000
233	10.93	2135	2101	0.00	198	0	0	0	nan	0.00	0.09	3.84	85.23	89.07	0.00	39	0	42	0.00	0.00	63.97	7.52	0.00	0.00	2000
227	10.94	2103	2073	0.00	198	0	0	0	nan	0.00	0.02	2.86	85.18	89.06	0.00	38	0	42	0.00	0.00	66.41	7.41	0.00	0.00	2000
229	10.86	2100	2110	0.00	199	0	0	0	nan	0.00	0.00	3.79	85.87	89.14	0.00	39	0	42	0.00	0.00	62.85	7.42	0.00	0.00	2000
229	11.02	2088	2089	0.00	195	0	0	0	nan	0.00	0.03	3.83	84.76	88.98	0.00	38	0	42	0.00	0.00	67.24	7.51	0.00	0.00	2000
234	11.40	2042	2115	0.00	215	0	0	0	nan	0.00	0.49	5.05	83.93	88.60	0.00	39	0	42	0.00	0.00	63.78	7.82	0.00	0.00	2000
230	11.01	2076	2111	0.00	195	0	0	0	nan	0.01	0.00	6.24	83.30	88.99	0.00	38	0	42	0.00	0.00	65.43	7.56	0.00	0.00	2000
230	11.33	2029	2102	0.00	196	0	0	0	nan	0.00	0.02	5.46	83.51	88.67	0.00	39	0	42	0.00	0.00	65.11	7.55	0.00	0.00	2000
224	11.23	2037	2057	0.00	197	0	0	0	nan	0.00	0.00	3.91	83.19	88.77	0.00	39	0	42	0.00	0.00	60.69	7.19	0.00	0.00	2000
230	11.07	2059	2124	0.00	230	0	0	0	nan	0.00	0.00	4.40	85.65	88.93	0.00	38	0	42	0.00	0.00	67.94	8.11	0.00	0.00	2000
238	11.66	2031	2114	0.00	217	0	0	0	nan	0.00	0.02	9.79	79.30	88.34	0.00	38	0	42	0.00	0.00	66.11	7.77	0.00	0.00	2000
224	10.87	2061	2101	0.00	195	0	0	0	nan	0.00	0.02	5.89	83.25	89.13	0.00	39	0	42	0.00	0.00	64.30	7.49	0.00	0.00	2000
223	11.22	1986	2101	0.00	194	0	0	0	nan	0.00	0.03	5.87	83.03	88.78	0.00	39	0	42	0.00	0.00	65.06	7.83	0.00	0.00	2000
224	11.08	2036	2087	0.19	196	0	0	6	82.86	0.00	0.00	5.10	83.41	88.92	0.00	40	0	42	0.00	0.00	63.65	7.53	0.00	0.00	2000
226	11.13	2013	2114	0.25	198	0	0	8	79.03	0.00	0.00	6.20	83.41	88.87	0.00	39	0	42	0.00	0.00	63.93	7.92	0.00	0.00	2000
223	11.03	2019	2101	0.00	198	0	0	0	nan	0.00	0.01	6.36	82.73	88.97	0.00	39	0	42	0.00	0.00	64.49	7.51	0.00	0.00	2000
222	11.11	2004	2097	0.00	197	0	0	0	nan	0.00	0.02	4.45	84.42	88.89	0.00	39	0	42	0.00	0.00	64.89	7.80	0.00	0.00	2000
220	10.83	2096	2034	0.00	197	0	0	0	nan	0.00	0.04	3.33	83.07	89.17	0.00	38	0	42	0.00	0.00	60.82	7.38	0.00	0.00	2000
223	10.96	2003	2137	0.00	198	0	0	0	nan	0.00	0.04	3.04	87.66	89.04	0.00	38	0	42	0.00	0.00	62.92	7.88	0.00	0.00	2000
226	11.09	2012	2127	0.00	204	0	0	0	nan	0.00	0.00	5.76	84.39	88.91	0.00	39	0	42	0.00	0.00	65.18	8.17	0.00	0.00	2000
222	11.23	1972	2109	0.00	212	0	0	0	nan	0.00	0.00	9.17	80.11	88.77	0.00	39	0	42	0.00	0.00	64.32	7.68	0.00	0.00	2000
225	11.03	2040	2098	0.00	197	0	0	0	nan	0.02	0.90	7.16	80.84	88.97	0.00	40	0	42	0.00	0.00	63.88	7.48	0.00	0.00	2000
222	11.05	2008	2098	0.00	195	0	0	0	nan	0.00	0.00	6.76	82.23	88.95	0.00	40	0	42	0.00	0.00	65.14	7.59	0.00	0.00	2000
223	11.19	2009	2084	0.00	196	0	0	0	nan	0.00	0.00	6.82	81.50	88.81	0.00	39	0	42	0.00	0.00	63.81	7.60	0.00	0.00	2000
221	11.14	2037	2046	0.00	204	0	0	0	nan	0.00	0.00	5.83	80.85	88.86	0.00	39	0	42	0.00	0.00	61.37	7.27	0.00	0.00	2000
224	10.68	2016	2181	0.00	195	0	0	0	nan	0.00	0.00	7.48	85.35	89.32	0.00	40	0	42	0.00	0.00	64.75	7.71	0.00	0.00	2000
478	22.58	2290	1944	0.00	269	0	0	0	nan	0.00	0.01	2.70	69.08	77.42	0.00	37	0	42	0.00	0.00	63.63	7.89	0.00	0.00	2000
660	27.58	2409	2086	0.00	252	0	0	0	nan	0.00	0.00	4.50	67.57	72.42	0.00	38	0	42	0.00	0.00	72.65	8.66	0.00	0.00	2000
666	27.39	2410	2118	0.00	258	0	0	0	nan	0.05	0.00	3.73	69.62	72.61	0.00	38	0	42	0.00	0.00	71.54	8.31	0.00	0.00	2000
662	27.58	2409	2093	0.01	250	0	0	20	48.73	0.00	0.00	4.54	67.77	72.42	0.00	38	0	42	0.00	0.00	72.27	8.46	0.00	0.00	2000
665	27.49	2409	2107	0.18	263	0	0	25	51.73	0.00	0.00	3.33	69.54	72.51	0.00	38	0	42	0.00	0.00	71.67	8.47	0.00	0.00	2000
665	27.58	2409	2101	0.00	250	0	0	0	nan	0.00	0.00	3.72	68.86	72.42	0.00	38	0	42	0.00	0.00	71.98	8.31	0.00	0.00	2000
661	27.46	2409	2099	0.00	259	0	0	0	nan	0.00	0.00	3.65	68.97	72.54	0.00	38	0	42	0.00	0.00	72.21	8.52	0.00	0.00	2000
664	27.55	2409	2101	0.00	249	0	0	0	nan	0.00	0.00	4.00	68.59	72.45	0.00	38	0	42	0.00	0.00	72.51	8.43	0.00	0.00	2000
662	27.47	2409	2100	0.00	262	0	0	0	nan	0.00	0.00	4.04	68.60	72.53	0.00	38	0	42	0.00	0.00	72.45	8.40	0.00	0.00	2000
489	19.56	2317	2266	0.00	286	0	0	0	nan	0.00	0.02	12.30	74.69	80.44	0.00	38	0	42	0.00	0.00	75.34	8.71	0.00	0.00	2000
210	11.36	1841	2106	0.00	200	0	0	0	nan	0.00	0.00	8.52	80.54	88.64	0.00	38	0	42	0.00	0.00	62.90	7.71	0.00	0.00	2000
226	11.11	2026	2103	0.00	200	0	0	0	nan	0.00	0.00	9.74	79.46	88.89	0.00	38	0	42	0.00	0.00	65.56	7.96	0.00	0.00	2000
223	10.82	2074	2083	0.00	197	0	0	0	nan	0.00	0.01	6.90	81.60	89.18	0.00	38	0	42	0.00	0.00	63.73	7.74	0.00	0.00	2000
224	10.86	2037	2124	0.00	199	0	0	0	nan	0.04	0.02	7.28	83.04	89.14	0.00	38	0	43	0.00	0.00	62.59	7.42	0.00	0.00	2000
218	11.38	2022	1988	0.00	197	0	0	0	nan	0.00	0.02	5.36	78.69	88.62	0.00	39	0	42	0.00	0.00	61.93	7.58	0.00	0.00	2000
226	10.67	2018	2207	0.00	195	0	0	0	nan	0.00	0.02	7.73	86.35	89.33	0.00	39	0	42	0.00	0.00	67.18	7.97	0.00	0.00	2000
221	10.89	2046	2085	0.00	197	0	0	0	nan	0.00	0.00	7.49	81.10	89.11	0.00	39	0	42	0.00	0.00	64.90	7.88	0.00	0.00	2000
220	10.97	1991	2120	0.00	211	0	0	0	nan	0.00	2.01	3.70	84.45	89.03	0.00	39	0	42	0.00	0.00	66.56	7.93	0.00	0.00	2000
222	10.69	2078	2095	0.00	198	0	0	0	nan	0.01	0.01	2.78	86.40	89.31	0.00	39	0	42	0.00	0.00	63.72	7.50	0.00	0.00	2000
224	10.91	2047	2105	0.31	195	0	0	9	51.08	0.00	0.00	6.06	83.42	89.09	0.00	40	0	42	0.00	0.00	65.33	7.62	0.00	0.00	2000
214	11.07	1944	2090	0.59	201	0	0	3	65.77	0.00	0.61	5.98	82.14	88.93	0.00	38	0	42	0.00	0.00	63.16	7.77	0.00	0.00	2000
206	11.07	1863	2102	0.00	196	0	0	0	nan	0.02	1.43	8.59	79.07	88.93	0.00	38	0	42	0.00	0.00	64.44	7.80	0.00	0.00	2000
204	11.42	1801	2086	0.00	194	0	0	0	nan	0.00	0.00	9.42	78.71	88.58	0.00	39	0	42	0.00	0.00	64.47	8.15	0.00	0.00	2000
196	13.09	1945	1616	0.00	196	0	0	0	nan	0.00	0.00	6.62	60.37	86.91	0.00	39	0	42	0.00	0.00	46.93	5.85	0.00	0.00	2000
235	9.49	1885	2765	0.00	273	0	0	0	nan	0.00	0.00	8.03	111.31	90.51	0.00	39	0	42	0.00	0.00	87.69	10.38	0.00	0.00	2000
233	10.97	2102	2124	0.00	214	0	0	0	nan	0.00	0.03	3.91	86.16	89.03	0.00	39	0	42	0.00	0.00	63.75	7.30	0.00	0.00	2000
226	10.91	2077	2092	0.00	198	0	0	0	nan	0.00	0.00	5.54	83.18	89.09	0.00	40	0	42	0.00	0.00	65.72	7.41	0.00	0.00	2000
234	10.89	2129	2116	0.00	199	0	0	0	nan	0.00	0.59	3.67	85.56	89.11	0.00	40	0	42	0.00	0.00	66.94	7.55	0.00	0.00	2000
228	10.70	2138	2093	0.00	204	0	0	0	nan	0.00	0.00	6.12	82.97	89.30	0.00	39	0	42	0.00	0.00	62.96	7.32	0.00	0.00	2000
227	10.92	2084	2094	0.00	194	0	0	0	nan	0.00	0.01	5.76	83.14	89.08	0.00	39	0	42	0.00	0.00	63.97	7.24	0.00	0.00	2000
228	10.96	2085	2095	0.00	197	0	0	0	nan	0.00	0.00	6.24	82.61	89.04	0.00	40	0	42	0.00	0.00	66.16	7.46	0.00	0.00	2000
229	10.89	2099	2107	0.00	198	0	0	0	nan	0.00	0.00	5.87	83.59	89.11	0.00	40	0	42	0.00	0.00	64.87	7.40	0.00	0.00	2000
227	10.96	2101	2069	0.00	184	0	0	0	nan	0.00	0.03	5.90	81.95	89.04	0.00	40	0	42	0.00	0.00	64.80	7.41	0.00	0.00	2000
238	11.00	2113	2147	0.00	206	0	0	0	nan	0.01	0.03	5.04	85.96	89.00	0.00	40	0	42	0.00	0.00	67.81	7.52	0.00	0.00	2000
226	10.94	2073	2091	0.00	196	0	0	0	nan	0.00	0.00	6.52	82.19	89.06	0.00	40	0	42	0.00	0.00	65.67	7.53	0.00	0.00	2000
228	11.08	2070	2092	0.00	199	0	0	0	nan	0.00	0.00	5.40	83.30	88.92	0.00	40	0	42	0.00	0.00	62.22	7.21	0.00	0.00	2000
228	11.18	2045	2096	0.45	199	0	0	1	84.00	0.00	0.00	3.79	84.84	88.82	0.00	40	0	42	0.00	0.00	62.99	7.13	0.00	0.00	2000
228	11.02	2074	2097	0.24	196	0	0	0	nan	0.00	0.00	4.72	84.22	88.98	0.00	39	0	43	0.00	0.00	65.38	7.37	0.00	0.00	2000
235	10.95	2126	2121	0.00	197	0	0	0	nan	0.00	0.00	6.98	82.97	89.05	0.00	39	0	42	0.00	0.00	66.41	7.59	0.00	0.00	2000
227	10.80	2136	2067	0.00	200	0	0	0	nan	0.00	0.00	5.59	82.21	89.20	0.00	39	0	42	0.00	0.00	64.94	7.71	0.00	0.00	2000
196	9.48	2054	2110	0.00	200	0	0	0	nan	0.00	1.11	5.03	84.95	90.52	0.00	38	0	42	0.00	0.00	68.43	7.96	0.00	0.00	2000
79	6.67	1193	2094	0.00	197	0	0	0	nan	0.06	0.02	7.89	85.22	93.33	0.00	37	0	42	0.00	0.00	58.63	7.59	0.00	0.00	2000
78	6.31	1231	2117	0.00	196	0	0	0	nan	0.00	2.07	5.58	86.94	93.69	0.00	37	0	42	0.00	0.00	59.02	7.31	0.00	0.00	2000
86	7.34	1176	2092	0.00	201	0	0	0	nan	0.00	0.02	7.03	85.24	92.66	0.00	37	0	42	0.00	0.00	59.18	7.53	0.00	0.00	2000
95	7.79	1331	1932	0.00	206	0	0	0	nan	0.00	0.00	5.86	79.13	92.21	0.00	37	0	42	0.00	0.00	53.27	6.81	0.00	0.00	2000
214	10.49	1852	2316	0.00	247	0	0	0	nan	0.00	0.00	9.11	89.67	89.51	0.00	39	0	42	0.00	0.00	68.84	8.04	0.00	0.00	2000
229	11.14	2062	2090	0.00	207	0	0	0	nan	0.01	0.00	7.93	80.61	88.86	0.00	40	0	42	0.00	0.00	65.05	7.32	0.00	0.00	2000
232	11.08	2080	2113	0.00	195	0	0	0	nan	0.00	0.00	7.95	81.64	88.92	0.00	40	0	42	0.00	0.00	65.94	7.51	0.00	0.00	2000
86	6.92	1243	2093	0.00	192	0	0	0	nan	0.00	0.02	8.29	84.54	93.08	0.00	37	0	42	0.00	0.00	59.85	7.51	0.00	0.00	2000
106	8.05	1416	1955	0.00	219	0	0	0	nan	0.00	0.01	7.33	78.34	91.95	0.00	39	0	42	0.00	0.00	54.17	6.77	0.00	0.00	2000
234	10.80	2000	2281	0.00	231	0	0	0	nan	0.00	0.03	6.10	90.89	89.20	0.00	40	0	42	0.00	0.00	71.83	8.57	0.00	0.00	2000
237	11.72	2071	2053	0.00	186	0	0	0	nan	0.00	0.01	8.44	77.99	88.28	0.00	40	0	42	0.00	0.00	60.17	6.98	0.00	0.00	2000
231	10.94	2072	2144	0.00	216	0	0	0	81.20	0.00	0.00	10.90	80.06	89.06	0.00	40	0	42	0.00	0.00	67.87	7.80	0.00	0.00	2000
230	11.27	2049	2091	0.71	196	0	0	12	81.37	0.00	0.00	8.36	80.12	88.73	0.00	40	0	42	0.00	0.00	64.24	7.43	0.00	0.00	2000
229	11.12	2073	2086	0.05	198	0	0	0	nan	0.00	0.00	6.72	81.66	88.88	0.00	40	0	42	0.00	0.00	64.49	7.50	0.00	0.00	2000
230	10.71	2110	2134	0.00	196	0	0	0	nan	0.00	2.17	7.22	81.45	89.29	0.00	40	0	42	0.00	0.00	66.49	7.82	0.00	0.00	2000
236	11.47	2083	2076	0.00	188	0	0	0	nan	0.00	0.78	6.90	79.94	88.53	0.00	39	0	42	0.00	0.00	62.76	7.52	0.00	0.00	2000
290	13.20	2193	2107	0.00	251	0	0	0	nan	0.00	0.18	9.60	77.35	86.80	0.00	37	0	42	0.00	0.00	65.73	7.84	0.00	0.00	2000
77	6.61	1161	2102	0.00	193	0	0	0	nan	0.00	0.00	4.43	89.01	93.39	0.00	37	0	42	0.00	0.00	59.98	7.49	0.00	0.00	2000
76	7.17	1061	2097	0.00	195	0	0	0	nan	0.00	0.00	3.52	89.36	92.83	0.00	37	0	42	0.00	0.00	57.64	7.34	0.00	0.00	2000
73	6.84	1061	2116	0.00	194	0	0	0	nan	0.00	0.02	2.36	91.56	93.16	0.00	37	0	42	0.00	0.00	58.48	7.53	0.00	0.00	2000
132	8.88	1559	1997	0.00	49	0	0	0	nan	0.00	0.06	11.52	74.90	91.12	0.00	37	0	42	0.00	0.00	63.47	7.90	0.00	0.00	2000
