Avg_MHz	Busy%	Bzy_MHz	TSC_MHz	IPC	IRQ	NMI	SMI	LLCMRPS	LLC%hit	POLL%	C1%	C1E%	C6%	CPU%c1	CPU%c6	CoreTmp	CoreThr	PkgTmp	Pkg%pc2	Pkg%pc6	PkgWatt	RAMWatt	PKG_%	RAM_%	UncMHz
330	15.57	2076	2144	0.00	228	0	0	0	nan	0.02	0.38	31.35	54.47	84.43	0.00	38	0	42	0.00	0.00	67.38	7.84	0.00	0.00	2000
333	15.03	2185	2128	0.00	212	0	0	0	nan	0.00	1.08	17.38	67.78	84.97	0.00	37	0	42	0.00	0.00	66.14	7.58	0.00	0.00	2000
76	6.76	1135	2083	0.00	195	0	0	0	nan	0.00	0.01	4.32	88.23	93.24	0.00	37	0	42	0.00	0.00	57.66	7.24	0.00	0.00	2000
73	6.64	1086	2122	0.00	193	0	0	0	nan	0.00	0.01	1.88	92.40	93.36	0.00	36	0	42	0.00	0.00	60.25	7.65	0.00	0.00	2000
73	6.42	1146	2071	0.00	193	0	0	0	nan	0.00	0.01	3.02	89.25	93.58	0.00	37	0	42	0.00	0.00	58.66	7.50	0.00	0.00	2000
73	6.54	1104	2114	0.00	194	0	0	0	nan	0.01	0.02	1.57	92.40	93.46	0.00	36	0	42	0.00	0.00	57.82	7.47	0.00	0.00	2000
72	6.56	1104	2091	0.00	194	0	0	0	nan	0.00	0.02	2.52	90.47	93.44	0.00	37	0	42	0.00	0.00	56.46	7.23	0.00	0.00	2000
73	6.64	1085	2127	0.00	212	0	0	0	nan	0.00	0.00	4.07	90.40	93.36	0.00	37	0	42	0.00	0.00	60.08	7.86	0.00	0.00	2000
73	6.82	1075	2099	0.00	193	0	0	0	nan	0.00	0.02	3.07	90.09	93.18	0.00	37	0	42	0.00	0.00	59.04	7.60	0.00	0.00	2000
73	6.58	1115	2098	0.00	193	0	0	0	nan	0.00	0.00	3.68	89.74	93.42	0.00	37	0	42	0.00	0.00	56.02	7.38	0.00	0.00	2000
73	6.81	1069	2102	0.00	193	0	0	0	nan	0.00	0.00	3.62	89.68	93.19	0.00	37	0	42	0.00	0.00	60.21	7.78	0.00	0.00	2000
73	6.70	1086	2102	0.00	193	0	0	0	nan	0.00	0.00	3.69	89.88	93.30	0.00	37	0	42	0.00	0.00	56.01	7.29	0.00	0.00	2000
75	6.66	1121	2101	0.00	196	0	0	0	nan	0.00	0.01	3.06	90.40	93.34	0.00	37	0	42	0.00	0.00	58.71	7.56	0.00	0.00	2000
73	6.79	1077	2087	0.00	195	0	0	0	nan	0.00	0.00	3.43	89.16	93.21	0.00	37	0	42	0.00	0.00	58.01	7.28	0.00	0.00	2000
73	6.72	1086	2112	0.00	193	0	0	0	nan	0.00	0.03	4.50	89.38	93.28	0.00	37	0	42	0.00	0.00	60.34	7.69	0.00	0.00	2000
71	6.53	1099	2074	0.00	195	0	0	0	87.82	0.00	0.00	2.95	89.44	93.47	0.00	37	0	42	0.00	0.00	56.05	7.17	0.00	0.00	2000
72	6.83	1050	2099	0.29	194	0	0	1	86.54	0.00	0.00	3.77	89.26	93.17	0.00	36	0	42	0.00	0.00	58.78	7.65	0.00	0.00	2000
77	6.91	1109	2122	0.06	194	0	0	0	nan	0.00	0.03	2.00	92.02	93.09	0.00	37	0	42	0.00	0.00	58.36	7.55	0.00	0.00	2000
198	10.13	1990	2064	0.00	271	0	0	0	nan	0.00	1.43	7.98	79.00	89.87	0.00	37	0	42	0.00	0.00	64.45	7.85	0.00	0.00	2000
231	11.13	2046	2128	0.00	214	0	0	0	nan	0.00	0.00	5.81	84.30	88.87	0.00	37	0	42	0.00	0.00	65.51	7.60	0.00	0.00	2000
234	11.09	2112	2102	0.00	202	0	0	0	nan	0.00	0.02	5.70	83.28	88.91	0.00	37	0	42	0.00	0.00	65.12	7.48	0.00	0.00	2000
229	10.77	2117	2110	0.00	196	0	0	0	nan	0.00	0.00	7.71	82.03	89.23	0.00	38	0	42	0.00	0.00	60.70	7.40	0.00	0.00	2000
232	11.09	2091	2099	0.00	197	0	0	0	nan	0.00	0.00	7.79	81.24	88.91	0.00	37	0	42	0.00	0.00	69.06	7.71	0.00	0.00	2000
232	10.75	2153	2101	0.00	182	0	0	0	nan	0.00	0.02	5.78	83.58	89.25	0.00	37	0	42	0.00	0.00	67.92	8.10	0.00	0.00	2000
232	11.70	2095	1988	0.00	197	0	0	0	nan	0.00	0.00	4.73	79.01	88.30	0.00	37	0	42	0.00	0.00	57.65	6.89	0.00	0.00	2000
231	10.47	2093	2216	0.00	234	0	0	0	nan	0.00	0.06	5.88	88.59	89.53	0.00	37	0	42	0.00	0.00	73.08	8.70	0.00	0.00	2000
233	11.08	2106	2098	0.00	194	0	0	0	nan	0.03	0.00	5.96	82.90	88.92	0.00	38	0	42	0.00	0.00	66.28	7.92	0.00	0.00	2000
232	10.83	2123	2117	0.00	182	0	0	0	nan	0.00	0.07	4.82	85.12	89.17	0.00	38	0	42	0.00	0.00	64.11	7.49	0.00	0.00	2000
232	11.31	2087	2060	0.00	213	0	0	0	nan	0.00	0.00	7.80	79.25	88.69	0.00	38	0	42	0.00	0.00	64.81	7.57	0.00	0.00	2000
236	11.55	2049	2092	0.00	197	0	0	0	nan	0.01	0.02	3.63	84.55	88.45	0.00	38	0	42	0.00	0.00	62.11	7.30	0.00	0.00	2000
230	11.10	2029	2146	0.00	215	0	0	0	nan	0.00	0.00	7.27	83.67	88.90	0.00	38	0	43	0.00	0.00	68.03	7.76	0.00	0.00	2000
229	11.18	2052	2096	0.00	197	0	0	0	nan	0.00	0.00	6.81	81.88	88.82	0.00	38	0	42	0.00	0.00	65.20	7.41	0.00	0.00	2000
233	11.04	2113	2097	0.00	201	0	0	1	88.08	0.00	0.03	6.16	82.71	88.96	0.00	39	0	42	0.00	0.00	65.37	7.69	0.00	0.00	2000
238	11.92	2041	2056	0.76	200	0	0	19	96.84	0.00	0.00	5.71	80.71	88.08	0.00	38	0	43	0.00	0.00	63.74	7.34	0.00	0.00	2000
237	11.24	2059	2147	0.04	197	0	0	0	nan	0.00	0.00	5.28	85.55	88.76	0.00	39	0	42	0.00	0.00	65.33	7.89	0.00	0.00	2000
228	10.99	2085	2092	0.00	204	0	0	0	nan	0.00	0.02	4.13	84.66	89.01	0.00	39	0	42	0.00	0.00	65.68	7.41	0.00	0.00	2000
225	11.25	2066	2029	0.00	198	0	0	0	nan	0.00	0.00	4.93	80.87	88.75	0.00	39	0	43	0.00	0.00	59.17	7.32	0.00	0.00	2000
229	10.57	2081	2187	0.00	220	0	0	0	nan	0.00	0.02	2.94	90.30	89.43	0.00	39	0	42	0.00	0.00	72.13	8.34	0.00	0.00	2000
229	10.81	2135	2089	0.00	203	0	0	0	nan	0.00	0.02	2.78	86.02	89.19	0.00	40	0	42	0.00	0.00	64.65	7.79	0.00	0.00	2000
233	10.70	2178	2100	0.00	203	0	0	0	nan	0.00	0.03	2.83	86.50	89.30	0.00	40	0	42	0.00	0.00	66.05	7.76	0.00	0.00	2000
235	11.20	2073	2121	0.00	219	0	0	0	nan	0.00	0.00	4.52	85.26	88.80	0.00	41	0	42	0.00	0.00	66.46	7.74	0.00	0.00	2000
227	11.08	2067	2077	0.00	203	0	0	0	nan	0.00	0.00	3.36	84.70	88.92	0.00	40	0	42	0.00	0.00	65.72	7.49	0.00	0.00	2000
232	10.95	2103	2116	0.00	217	0	0	0	nan	0.00	0.02	3.79	85.95	89.05	0.00	40	0	42	0.00	0.00	63.90	7.88	0.00	0.00	2000
227	11.00	2103	2060	0.00	203	0	0	0	nan	0.00	0.00	3.19	84.16	89.00	0.00	40	0	42	0.00	0.00	63.66	7.56	0.00	0.00	2000
235	11.08	2088	2129	0.00	230	0	0	0	nan	0.00	0.00	4.49	85.75	88.92	0.00	41	0	42	0.00	0.00	68.48	8.08	0.00	0.00	2000
231	10.98	2093	2108	0.00	188	0	0	0	nan	0.01	0.00	3.36	86.12	89.02	0.00	41	0	42	0.00	0.00	63.65	7.40	0.00	0.00	2000
237	11.59	2154	1993	0.00	199	0	0	0	nan	0.00	0.02	5.28	78.61	88.41	0.00	39	0	42	0.00	0.00	61.75	7.28	0.00	0.00	2000
228	10.38	2080	2220	0.00	231	0	0	0	nan	0.00	0.02	4.10	90.67	89.62	0.00	37	0	42	0.00	0.00	68.30	7.93	0.00	0.00	2000
234	11.56	2038	2091	0.00	200	0	0	0	nan	0.00	0.03	3.25	84.93	88.44	0.00	38	0	42	0.00	0.00	65.22	7.83	0.00	0.00	2000
233	10.60	2189	2113	0.00	203	0	0	1	74.24	0.00	0.03	5.42	84.54	89.40	0.00	38	0	42	0.00	0.00	67.04	7.99	0.00	0.00	2000
234	11.24	2078	2099	0.47	197	0	0	4	63.59	0.00	0.02	4.35	84.49	88.76	0.00	38	0	42	0.00	0.00	64.71	7.82	0.00	0.00	2000
231	11.26	2060	2094	0.00	198	0	0	0	nan	0.00	0.00	5.24	83.36	88.74	0.00	38	0	42	0.00	0.00	64.43	7.75	0.00	0.00	2000
234	11.29	2067	2106	0.00	202	0	0	0	nan	0.00	0.01	5.68	83.38	88.71	0.00	37	0	42	0.00	0.00	64.95	7.82	0.00	0.00	2000
232	11.38	2048	2087	0.00	199	0	0	0	nan	0.00	0.00	6.03	82.14	88.62	0.00	38	0	42	0.00	0.00	65.84	7.78	0.00	0.00	2000
233	11.32	2053	2103	0.00	199	0	0	0	nan	0.00	0.00	7.45	81.40	88.68	0.00	38	0	42	0.00	0.00	62.29	7.49	0.00	0.00	2000
228	11.14	2056	2093	0.00	196	0	0	0	nan	0.00	0.00	6.32	82.32	88.86	0.00	38	0	42	0.00	0.00	65.41	8.03	0.00	0.00	2000
234	11.25	2067	2114	0.00	198	0	0	0	nan	0.00	0.02	6.50	82.98	88.75	0.00	38	0	42	0.00	0.00	64.91	7.88	0.00	0.00	2000
229	11.26	2039	2093	0.00	196	0	0	0	nan	0.00	0.01	4.67	83.90	88.74	0.00	38	0	42	0.00	0.00	67.37	7.81	0.00	0.00	2000
233	11.56	2022	2096	0.00	194	0	0	0	nan	0.00	0.00	6.22	82.18	88.44	0.00	38	0	42	0.00	0.00	63.64	8.04	0.00	0.00	2000
234	11.10	2088	2118	0.00	200	0	0	0	nan	0.00	0.00	4.96	84.78	88.90	0.00	38	0	42	0.00	0.00	66.56	8.18	0.00	0.00	2000
231	11.21	2079	2085	0.00	197	0	0	0	nan	0.01	0.03	5.03	83.22	88.80	0.00	38	0	42	0.00	0.00	62.27	7.49	0.00	0.00	2000
230	11.40	2021	2098	0.00	198	0	0	0	nan	0.00	0.00	6.98	81.67	88.60	0.00	38	0	42	0.00	0.00	64.57	7.79	0.00	0.00	2000
234	10.93	2130	2114	0.00	198	0	0	0	nan	0.00	0.08	4.58	85.17	89.07	0.00	38	0	42	0.00	0.00	65.50	7.87	0.00	0.00	2000
230	11.26	2050	2093	0.00	197	0	0	0	nan	0.00	0.00	5.97	82.57	88.74	0.00	38	0	42	0.00	0.00	64.76	7.84	0.00	0.00	2000
236	11.28	2098	2094	0.00	202	0	0	0	nan	0.00	0.00	5.57	83.01	88.72	0.00	38	0	42	0.00	0.00	63.27	7.77	0.00	0.00	2000
229	11.12	2045	2111	0.00	195	0	0	0	nan	0.00	1.97	7.22	80.32	88.88	0.00	39	0	42	0.00	0.00	69.23	8.08	0.00	0.00	2000
227	10.94	2102	2071	0.00	196	0	0	0	88.45	0.00	0.00	5.95	81.89	89.06	0.00	38	0	42	0.00	0.00	61.83	7.61	0.00	0.00	2000
235	11.11	2085	2128	0.66	198	0	0	3	52.27	0.00	0.00	6.15	83.98	88.89	0.00	38	0	42	0.00	0.00	66.13	7.83	0.00	0.00	2000
232	11.03	2116	2088	0.07	196	0	0	0	nan	0.00	0.00	6.01	82.49	88.97	0.00	38	0	42	0.00	0.00	65.04	7.80	0.00	0.00	2000
236	11.28	2071	2119	0.00	201	0	0	0	nan	0.00	0.00	7.22	82.45	88.72	0.00	38	0	42	0.00	0.00	65.70	7.86	0.00	0.00	2000
231	10.76	2162	2083	0.00	203	0	0	0	nan	0.00	0.00	5.62	83.03	89.24	0.00	38	0	42	0.00	0.00	65.50	7.92	0.00	0.00	2000
230	10.90	2100	2106	0.00	196	0	0	0	nan	0.00	0.00	5.57	83.88	89.10	0.00	38	0	42	0.00	0.00	64.97	7.91	0.00	0.00	2000
230	10.81	2134	2094	0.00	181	0	0	0	nan	0.00	0.00	4.03	84.97	89.19	0.00	38	0	42	0.00	0.00	63.00	7.64	0.00	0.00	2000
232	10.90	2125	2104	0.00	214	0	0	0	nan	0.00	0.04	5.00	84.36	89.10	0.00	38	0	42	0.00	0.00	68.70	8.29	0.00	0.00	2000
233	11.17	2084	2103	0.00	197	0	0	0	nan	0.00	0.02	5.81	83.23	88.83	0.00	38	0	42	0.00	0.00	65.97	8.11	0.00	0.00	2000
227	11.09	2062	2090	0.00	187	0	0	0	nan	0.00	0.03	3.76	84.83	88.91	0.00	38	0	42	0.00	0.00	64.60	7.96	0.00	0.00	2000
226	11.18	2057	2066	0.00	196	0	0	0	nan	0.00	0.02	4.92	82.55	88.82	0.00	39	0	42	0.00	0.00	63.17	7.94	0.00	0.00	2000
231	11.03	2055	2139	0.00	215	0	0	0	nan	0.00	0.02	5.34	85.39	88.97	0.00	38	0	42	0.00	0.00	70.89	8.70	0.00	0.00	2000
234	11.03	2104	2117	0.00	195	0	0	0	nan	0.00	0.00	4.50	85.30	88.97	0.00	38	0	42	0.00	0.00	67.55	8.33	0.00	0.00	2000
229	11.31	2032	2093	0.00	196	0	0	0	nan	0.00	0.00	5.92	82.56	88.69	0.00	39	0	42	0.00	0.00	63.23	7.61	0.00	0.00	2000
230	10.90	2116	2098	0.00	201	0	0	0	nan	0.00	0.00	6.40	82.73	89.10	0.00	39	0	42	0.00	0.00	67.35	8.30	0.00	0.00	2000
232	10.88	2119	2114	0.00	183	0	0	0	nan	0.00	0.02	7.11	82.63	89.12	0.00	38	0	42	0.00	0.00	66.27	8.10	0.00	0.00	2000
228	10.86	2108	2088	0.00	196	0	0	0	nan	0.00	0.00	4.70	84.02	89.14	0.00	38	0	42	0.00	0.00	66.01	8.11	0.00	0.00	2000
235	11.24	2091	2102	0.00	200	0	0	0	nan	0.00	0.01	4.58	84.38	88.76	0.00	39	0	43	0.00	0.00	66.35	8.26	0.00	0.00	2000
232	11.12	2078	2106	0.62	197	0	0	22	36.65	0.00	0.00	4.74	84.53	88.88	0.00	39	0	42	0.00	0.00	67.09	8.42	0.00	0.00	2000
233	11.41	2040	2103	0.38	199	0	0	0	nan	0.00	0.02	6.53	82.28	88.59	0.00	39	0	42	0.00	0.00	67.57	8.37	0.00	0.00	2000
228	11.23	2036	2091	0.00	202	0	0	0	nan	0.00	0.00	6.15	82.40	88.77	0.00	39	0	42	0.00	0.00	63.44	7.75	0.00	0.00	2000
229	10.93	2093	2100	0.00	195	0	0	0	nan	0.00	0.02	6.79	82.35	89.07	0.00	39	0	42	0.00	0.00	66.90	8.36	0.00	0.00	2000
230	10.96	2096	2101	0.00	197	0	0	0	nan	0.00	0.01	5.93	83.29	89.04	0.00	39	0	42	0.00	0.00	64.56	7.96	0.00	0.00	2000
223	10.95	2079	2055	0.00	198	0	0	0	nan	0.00	0.02	4.66	82.47	89.05	0.00	39	0	42	0.00	0.00	64.54	8.11	0.00	0.00	2000
229	10.98	2102	2085	0.00	199	0	0	0	nan	0.00	0.02	5.31	83.16	89.02	0.00	40	0	43	0.00	0.00	67.40	8.88	0.00	0.00	2000
228	10.95	2074	2108	0.00	219	0	0	0	nan	0.00	0.02	5.48	83.92	89.05	0.00	40	0	43	0.00	0.00	66.58	8.91	0.00	0.00	2000
228	11.09	2047	2106	0.00	214	0	0	0	nan	0.00	0.04	5.29	84.00	88.91	0.00	40	0	42	0.00	0.00	67.25	8.73	0.00	0.00	2000
229	10.88	2088	2120	0.00	218	0	0	0	nan	0.00	0.00	6.03	84.01	89.12	0.00	40	0	43	0.00	0.00	69.74	9.25	0.00	0.00	2000
238	11.26	2078	2136	0.00	204	0	0	0	nan	0.00	0.01	4.22	86.16	88.74	0.00	40	0	42	0.00	0.00	68.99	9.08	0.00	0.00	2000
226	10.92	2082	2091	0.00	197	0	0	0	nan	0.00	0.01	5.81	82.91	89.08	0.00	40	0	42	0.00	0.00	66.56	8.51	0.00	0.00	2000
231	11.34	2028	2108	0.00	198	0	0	0	nan	0.00	0.02	4.61	84.51	88.66	0.00	40	0	43	0.00	0.00	67.13	8.71	0.00	0.00	2000
225	10.70	2129	2073	0.00	198	0	0	0	nan	0.00	0.05	4.05	84.12	89.30	0.00	40	0	42	0.00	0.00	62.55	8.15	0.00	0.00	2000
230	11.06	2087	2089	0.00	198	0	0	0	nan	0.00	0.04	3.35	85.22	88.94	0.00	40	0	43	0.00	0.00	67.33	8.82	0.00	0.00	2000
230	11.06	2075	2103	0.00	216	0	0	0	nan	0.00	2.11	3.19	83.97	88.94	0.00	40	0	43	0.00	0.00	65.67	8.59	0.00	0.00	2000
231	10.59	2169	2114	0.00	198	0	0	0	nan	0.00	0.02	6.36	83.66	89.41	0.00	40	0	42	0.00	0.00	67.46	9.17	0.00	0.00	2000
231	11.35	2042	2092	1.63	196	0	0	33	4.22	0.00	0.00	4.95	83.39	88.65	0.00	40	0	43	0.00	0.00	68.12	8.47	0.00	0.00	2000
232	10.98	2094	2123	0.03	216	0	0	0	nan	0.00	0.00	6.57	83.58	89.02	0.00	40	0	42	0.00	0.00	67.14	8.82	0.00	0.00	2000
229	10.95	2100	2093	0.00	196	0	0	0	nan	0.00	0.00	5.82	82.98	89.05	0.00	40	0	42	0.00	0.00	66.75	8.75	0.00	0.00	2000
226	10.87	2097	2082	0.00	195	0	0	0	nan	0.00	0.00	3.95	84.51	89.13	0.00	40	0	42	0.00	0.00	65.97	8.57	0.00	0.00	2000
228	10.84	2099	2101	0.00	194	0	0	0	nan	0.00	0.02	2.83	86.41	89.16	0.00	40	0	42	0.00	0.00	66.87	8.79	0.00	0.00	2000
230	11.21	2051	2103	0.00	195	0	0	0	nan	0.00	0.00	2.73	86.31	88.79	0.00	40	0	42	0.00	0.00	67.90	8.99	0.00	0.00	2000
228	10.71	2110	2123	0.00	210	0	0	0	nan	0.00	0.03	3.55	86.73	89.29	0.00	40	0	42	0.00	0.00	67.25	8.80	0.00	0.00	2000
230	10.93	2108	2102	0.00	194	0	0	0	nan	0.00	0.00	4.47	84.82	89.07	0.00	40	0	42	0.00	0.00	66.41	8.69	0.00	0.00	2000
224	10.92	2079	2069	0.00	195	0	0	0	nan	0.00	0.00	3.64	84.10	89.08	0.00	40	0	42	0.00	0.00	65.45	8.37	0.00	0.00	2000
234	11.26	2066	2114	0.00	195	0	0	0	nan	0.00	0.02	2.34	87.09	88.74	0.00	40	0	42	0.00	0.00	68.34	8.80	0.00	0.00	2000
223	10.93	2057	2085	0.00	210	0	0	0	nan	0.00	0.00	3.71	84.75	89.07	0.00	40	0	43	0.00	0.00	65.15	8.51	0.00	0.00	2000
231	10.88	2101	2117	0.00	194	0	0	0	nan	0.01	0.02	2.54	87.41	89.12	0.00	40	0	42	0.00	0.00	63.91	8.83	0.00	0.00	2000
226	11.09	2077	2063	0.00	197	0	0	0	nan	0.00	0.02	3.09	84.33	88.91	0.00	40	0	42	0.00	0.00	69.16	8.66	0.00	0.00	2000
232	10.98	2084	2130	0.00	212	0	0	0	nan	0.00	0.00	2.35	88.02	89.02	0.00	40	0	42	0.00	0.00	65.23	8.68	0.00	0.00	2000
227	11.06	2035	2122	0.00	211	0	0	0	nan	0.00	0.00	3.13	86.86	88.94	0.00	40	0	42	0.00	0.00	67.46	9.17	0.00	0.00	2000
227	10.88	2091	2094	0.00	194	0	0	0	nan	0.00	0.00	3.49	85.49	89.12	0.00	40	0	42	0.00	0.00	68.87	8.69	0.00	0.00	2000
219	11.84	2080	1864	0.00	196	0	0	10	14.36	0.00	0.00	3.16	75.13	88.16	0.00	40	0	43	0.00	0.00	58.62	7.51	0.00	0.00	2000
286	12.07	2142	2326	1.28	227	0	0	30	12.91	0.00	0.00	3.43	94.19	87.93	0.00	40	0	43	0.00	0.00	75.94	9.82	0.00	0.00	2000
225	10.92	2073	2088	0.00	194	0	0	0	nan	0.00	0.00	2.84	85.84	89.08	0.00	40	0	42	0.00	0.00	63.69	8.33	0.00	0.00	2000
232	11.05	2064	2135	0.00	210	0	0	0	nan	0.00	0.01	2.38	88.14	88.95	0.00	40	0	42	0.00	0.00	71.20	9.20	0.00	0.00	2000
229	10.91	2086	2111	0.00	211	0	0	0	nan	0.00	0.00	4.75	84.92	89.09	0.00	40	0	42	0.00	0.00	66.75	8.79	0.00	0.00	2000
227	10.55	2169	2087	0.00	198	0	0	0	nan	0.00	0.01	4.16	84.81	89.45	0.00	40	0	42	0.00	0.00	66.20	8.66	0.00	0.00	2000
226	11.02	2063	2087	0.00	194	0	0	0	nan	0.00	0.00	2.99	85.51	88.98	0.00	40	0	42	0.00	0.00	64.31	8.51	0.00	0.00	2000
225	10.79	2083	2098	0.00	209	0	0	0	nan	0.00	0.00	2.95	86.29	89.21	0.00	40	0	43	0.00	0.00	68.65	8.93	0.00	0.00	2000
235	11.22	2055	2138	0.00	195	0	0	0	nan	0.00	0.00	2.39	88.11	88.78	0.00	40	0	42	0.00	0.00	66.09	8.82	0.00	0.00	2000
227	11.09	2056	2093	0.00	195	0	0	0	nan	0.00	0.00	3.14	85.54	88.91	0.00	40	0	42	0.00	0.00	68.88	9.04	0.00	0.00	2000
230	10.94	2099	2100	0.00	194	0	0	0	nan	0.00	0.00	2.89	86.33	89.06	0.00	40	0	42	0.00	0.00	64.82	8.47	0.00	0.00	2000
227	11.10	2047	2099	0.00	194	0	0	0	nan	0.00	0.00	3.31	85.69	88.90	0.00	40	0	42	0.00	0.00	68.57	8.89	0.00	0.00	2000
228	10.85	2104	2097	0.00	194	0	0	0	nan	0.00	0.01	2.67	86.41	89.15	0.00	40	0	43	0.00	0.00	67.30	8.72	0.00	0.00	2000
232	11.19	2060	2111	0.00	195	0	0	0	nan	0.00	0.00	3.44	86.00	88.81	0.00	40	0	43	0.00	0.00	64.54	8.26	0.00	0.00	2000
226	10.91	2097	2073	0.00	194	0	0	0	nan	0.00	0.02	3.52	84.48	89.09	0.00	40	0	42	0.00	0.00	66.84	8.15	0.00	0.00	2000
231	11.09	2086	2101	0.00	194	0	0	0	nan	0.00	0.00	2.97	86.03	88.91	0.00	40	0	42	0.00	0.00	60.93	7.25	0.00	0.00	2000
229	11.11	2042	2124	0.00	213	0	0	0	nan	0.00	0.02	4.51	85.53	88.89	0.00	39	0	42	0.00	0.00	70.58	8.14	0.00	0.00	2000
220	11.56	1984	2017	0.20	196	0	0	27	64.36	0.00	0.00	3.60	81.40	88.44	0.00	38	0	42	0.00	0.00	59.64	7.07	0.00	0.00	2000
185	10.28	1740	2166	0.45	234	0	0	7	94.06	0.00	0.02	5.98	86.63	89.72	0.00	38	0	43	0.00	0.00	66.85	8.08	0.00	0.00	2000
78	7.13	1089	2117	0.00	193	0	0	0	nan	0.00	0.00	2.96	90.65	92.87	0.00	37	0	42	0.00	0.00	59.63	7.51	0.00	0.00	2000
73	6.53	1124	2081	0.00	193	0	0	0	nan	0.00	0.00	2.63	89.99	93.47	0.00	37	0	42	0.00	0.00	58.30	7.44	0.00	0.00	2000
81	6.77	1179	2128	0.00	178	0	0	0	nan	0.00	0.01	3.96	90.60	93.23	0.00	37	0	43	0.00	0.00	57.12	7.27	0.00	0.00	2000
