Avg_MHz	Busy%	Bzy_MHz	TSC_MHz	IPC	IRQ	NMI	SMI	LLCMRPS	LLC%hit	POLL%	C1%	C1E%	C6%	CPU%c1	CPU%c6	CoreTmp	CoreThr	PkgTmp	Pkg%pc2	Pkg%pc6	PkgWatt	RAMWatt	PKG_%	RAM_%	UncMHz
194	11.78	1590	2176	0.00	212	0	0	0	nan	0.00	0.00	34.48	57.00	88.22	0.00	37	0	42	0.00	0.00	63.54	7.70	0.00	0.00	2000
402	18.09	2243	2079	0.00	201	0	0	0	nan	0.06	1.16	14.83	65.46	81.91	0.00	37	0	42	0.00	0.00	65.74	7.31	0.00	0.00	2000
262	15.61	1677	2104	0.00	244	0	0	0	nan	0.01	0.02	20.16	64.27	84.39	0.00	37	0	42	0.00	0.00	62.80	7.60	0.00	0.00	2000
75	6.88	1072	2125	0.00	193	0	0	0	nan	0.00	0.00	3.18	91.19	93.12	0.00	37	0	42	0.00	0.00	61.83	7.80	0.00	0.00	2000
74	6.79	1088	2097	0.00	193	0	0	0	nan	0.00	0.00	2.48	90.70	93.21	0.00	37	0	42	0.00	0.00	57.29	7.26	0.00	0.00	2000
71	6.92	1031	2079	0.00	193	0	0	0	nan	0.00	0.02	2.86	89.44	93.08	0.00	37	0	42	0.00	0.00	56.73	7.28	0.00	0.00	2000
73	7.21	1003	2134	0.00	209	0	0	0	nan	0.00	0.00	4.41	90.07	92.79	0.00	37	0	42	0.00	0.00	57.80	7.38	0.00	0.00	2000
74	6.65	1113	2095	0.00	194	0	0	0	nan	0.00	0.00	3.16	89.98	93.35	0.00	37	0	42	0.00	0.00	58.77	7.45	0.00	0.00	2000
74	6.74	1090	2106	0.00	193	0	0	0	nan	0.00	0.00	3.01	90.61	93.26	0.00	37	0	43	0.00	0.00	59.58	7.45	0.00	0.00	2000
71	6.55	1095	2088	0.00	177	0	0	0	nan	0.00	0.02	2.63	90.35	93.45	0.00	37	0	42	0.00	0.00	58.63	7.28	0.00	0.00	2000
73	7.02	1046	2098	0.00	209	0	0	0	nan	0.00	0.02	3.01	90.06	92.98	0.00	37	0	42	0.00	0.00	57.38	7.30	0.00	0.00	2000
72	6.71	1068	2111	0.00	195	0	0	0	nan	0.00	0.03	3.12	90.76	93.29	0.00	37	0	42	0.00	0.00	58.45	7.54	0.00	0.00	2000
72	6.81	1064	2100	0.00	193	0	0	0	nan	0.00	0.02	3.32	89.98	93.19	0.00	37	0	43	0.00	0.00	58.03	7.31	0.00	0.00	2000
71	6.71	1060	2088	0.00	193	0	0	0	nan	0.00	0.02	3.40	89.39	93.29	0.00	37	0	43	0.00	0.00	57.64	7.28	0.00	0.00	2000
74	7.07	1037	2107	0.00	194	0	0	0	nan	0.00	0.00	4.15	89.21	92.93	0.00	37	0	42	0.00	0.00	58.63	7.30	0.00	0.00	2000
71	6.71	1063	2086	0.00	193	0	0	0	88.73	0.00	0.00	3.68	89.05	93.29	0.00	37	0	42	0.00	0.00	59.29	7.56	0.00	0.00	2000
74	7.06	1035	2123	0.29	194	0	0	1	86.68	0.00	0.02	2.25	91.87	92.94	0.00	37	0	43	0.00	0.00	56.35	7.10	0.00	0.00	2000
72	7.07	1018	2097	0.04	193	0	0	0	nan	0.00	0.00	2.65	90.32	92.93	0.00	37	0	42	0.00	0.00	60.52	7.56	0.00	0.00	2000
115	7.80	1470	2106	0.00	214	0	0	0	nan	0.00	1.58	2.81	88.25	92.20	0.00	38	0	43	0.00	0.00	62.49	7.66	0.00	0.00	2000
228	11.36	2010	2091	0.00	233	0	0	0	nan	0.00	0.00	5.20	83.27	88.64	0.00	39	0	43	0.00	0.00	65.08	7.47	0.00	0.00	2000
230	11.35	2026	2100	0.00	203	0	0	0	nan	0.00	0.02	3.19	85.66	88.65	0.00	40	0	43	0.00	0.00	61.90	7.02	0.00	0.00	2000
229	11.19	2047	2096	0.00	203	0	0	0	nan	0.00	0.03	5.00	83.72	88.81	0.00	40	0	43	0.00	0.00	63.40	7.24	0.00	0.00	2000
229	11.32	2055	2068	0.00	204	0	0	0	nan	0.00	0.01	3.58	83.92	88.68	0.00	40	0	42	0.00	0.00	59.78	7.00	0.00	0.00	2000
234	11.26	2034	2149	0.00	237	0	0	0	nan	0.00	0.02	5.65	85.31	88.74	0.00	38	0	42	0.00	0.00	71.48	8.19	0.00	0.00	2000
231	11.28	2049	2097	0.00	196	0	0	0	nan	0.00	0.01	4.27	84.52	88.72	0.00	39	0	42	0.00	0.00	67.68	7.95	0.00	0.00	2000
241	12.06	2000	2096	0.00	199	0	0	0	nan	0.00	0.02	4.71	83.10	87.94	0.00	37	0	43	0.00	0.00	64.59	7.28	0.00	0.00	2000
236	11.17	2103	2106	0.00	197	0	0	0	nan	0.00	0.01	4.97	84.33	88.83	0.00	37	0	43	0.00	0.00	65.89	7.65	0.00	0.00	2000
229	11.33	2023	2095	0.00	206	0	0	0	nan	0.01	0.01	4.10	84.59	88.67	0.00	38	0	42	0.00	0.00	65.41	7.33	0.00	0.00	2000
225	11.10	2064	2065	0.00	196	0	0	0	nan	0.00	0.00	5.17	82.44	88.90	0.00	38	0	43	0.00	0.00	63.44	7.25	0.00	0.00	2000
231	11.40	1997	2131	0.00	197	0	0	0	nan	0.00	0.00	4.72	85.39	88.60	0.00	38	0	42	0.00	0.00	65.41	7.41	0.00	0.00	2000
227	11.42	2016	2074	0.00	196	0	0	0	nan	0.01	0.00	4.60	83.07	88.58	0.00	38	0	43	0.00	0.00	63.79	7.41	0.00	0.00	2000
236	11.75	1983	2130	0.00	198	0	0	0	nan	0.00	0.02	5.28	84.42	88.25	0.00	39	0	42	0.00	0.00	64.74	7.56	0.00	0.00	2000
229	11.14	2081	2074	0.00	204	0	0	4	79.78	0.00	0.01	6.91	81.07	88.86	0.00	39	0	43	0.00	0.00	63.97	7.41	0.00	0.00	2000
231	11.42	2017	2110	0.64	216	0	0	10	82.83	0.00	0.03	5.73	83.46	88.58	0.00	38	0	42	0.00	0.00	67.08	7.67	0.00	0.00	2000
226	11.17	2044	2078	0.00	197	0	0	0	nan	0.00	0.00	6.00	82.10	88.83	0.00	38	0	42	0.00	0.00	60.90	7.12	0.00	0.00	2000
238	11.44	2037	2145	0.00	215	0	0	0	nan	0.01	0.06	3.42	87.22	88.56	0.00	38	0	43	0.00	0.00	69.60	7.90	0.00	0.00	2000
233	11.25	2071	2098	0.00	202	0	0	0	nan	0.00	0.04	7.00	81.81	88.75	0.00	38	0	42	0.00	0.00	65.26	7.61	0.00	0.00	2000
225	11.07	2038	2097	0.00	194	0	0	0	nan	0.00	0.00	7.48	81.42	88.93	0.00	39	0	42	0.00	0.00	64.96	7.69	0.00	0.00	2000
224	10.99	2043	2100	0.00	197	0	0	0	nan	0.00	0.02	5.11	83.99	89.01	0.00	39	0	42	0.00	0.00	64.32	7.61	0.00	0.00	2000
224	10.78	2068	2105	0.00	196	0	0	0	nan	0.00	0.00	6.33	83.19	89.22	0.00	39	0	42	0.00	0.00	65.66	7.72	0.00	0.00	2000
222	10.94	2100	2029	0.00	203	0	0	0	nan	0.00	0.05	4.04	82.09	89.06	0.00	40	0	43	0.00	0.00	61.81	7.33	0.00	0.00	2000
222	11.23	2046	2032	0.00	200	0	0	0	nan	0.00	0.05	4.00	81.95	88.77	0.00	40	0	42	0.00	0.00	62.41	7.24	0.00	0.00	2000
228	10.29	2070	2252	0.00	212	0	0	0	nan	0.00	0.99	6.81	88.55	89.71	0.00	40	0	42	0.00	0.00	68.89	8.20	0.00	0.00	2000
224	10.91	2056	2097	0.00	198	0	0	0	nan	0.01	0.03	8.75	80.32	89.09	0.00	40	0	42	0.00	0.00	65.07	7.54	0.00	0.00	2000
222	10.75	2063	2101	0.00	197	0	0	0	nan	0.00	0.02	4.62	84.78	89.25	0.00	40	0	42	0.00	0.00	64.36	7.64	0.00	0.00	2000
226	10.95	2067	2097	0.00	194	0	0	0	nan	0.06	0.02	7.67	81.35	89.05	0.00	40	0	43	0.00	0.00	64.92	7.70	0.00	0.00	2000
223	10.87	2086	2070	0.00	200	0	0	0	nan	0.00	0.00	6.25	81.66	89.13	0.00	40	0	43	0.00	0.00	64.00	7.56	0.00	0.00	2000
221	11.00	2069	2038	0.00	196	0	0	0	nan	0.00	0.00	6.94	79.53	89.00	0.00	40	0	42	0.00	0.00	63.21	7.53	0.00	0.00	2000
226	10.48	2057	2203	0.00	197	0	0	0	nan	0.00	0.00	6.87	87.11	89.52	0.00	40	0	42	0.00	0.00	65.06	7.51	0.00	0.00	2000
221	10.79	2057	2094	0.00	195	0	0	2	68.19	0.00	0.00	6.72	82.37	89.21	0.00	40	0	43	0.00	0.00	65.55	7.63	0.00	0.00	2000
226	11.17	2042	2077	0.86	195	0	0	3	63.57	0.00	0.00	6.05	81.93	88.83	0.00	40	0	42	0.00	0.00	64.87	7.71	0.00	0.00	2000
227	10.97	2043	2122	0.00	195	0	0	0	nan	0.00	0.00	2.99	87.01	89.03	0.00	40	0	43	0.00	0.00	65.11	7.59	0.00	0.00	2000
220	11.15	2010	2056	0.00	210	0	0	0	nan	0.00	0.04	3.35	83.74	88.85	0.00	40	0	42	0.00	0.00	63.73	7.95	0.00	0.00	2000
220	10.45	2104	2104	0.00	194	0	0	0	nan	0.00	0.04	3.18	86.53	89.55	0.00	40	0	42	0.00	0.00	66.60	8.79	0.00	0.00	2000
221	10.42	2109	2116	0.00	194	0	0	0	nan	0.00	0.02	3.23	87.05	89.58	0.00	40	0	42	0.00	0.00	66.39	8.84	0.00	0.00	2000
220	10.63	2075	2098	0.00	195	0	0	0	nan	0.00	0.00	3.13	86.13	89.37	0.00	40	0	42	0.00	0.00	66.58	8.83	0.00	0.00	2000
222	10.75	2070	2091	0.00	195	0	0	0	nan	0.00	0.01	2.79	86.16	89.25	0.00	40	0	43	0.00	0.00	66.74	8.87	0.00	0.00	2000
219	10.54	2097	2083	0.00	194	0	0	0	nan	0.00	0.00	3.03	85.75	89.46	0.00	40	0	42	0.00	0.00	66.51	8.70	0.00	0.00	2000
221	10.43	2105	2117	0.00	195	0	0	0	nan	0.00	0.00	2.79	87.44	89.57	0.00	40	0	42	0.00	0.00	66.59	8.90	0.00	0.00	2000
220	10.87	2018	2108	0.00	195	0	0	0	nan	0.00	0.01	2.95	86.63	89.13	0.00	40	0	43	0.00	0.00	66.35	8.73	0.00	0.00	2000
221	10.87	2029	2100	0.00	213	0	0	0	nan	0.00	0.00	3.32	85.82	89.13	0.00	40	0	42	0.00	0.00	66.19	8.94	0.00	0.00	2000
220	10.57	2105	2074	0.00	198	0	0	0	nan	0.00	0.04	3.57	84.82	89.43	0.00	40	0	42	0.00	0.00	67.01	8.84	0.00	0.00	2000
223	10.27	2129	2144	0.00	202	0	0	0	nan	0.00	0.01	3.91	87.68	89.73	0.00	40	0	42	0.00	0.00	66.41	8.69	0.00	0.00	2000
221	10.70	2079	2083	0.00	203	0	0	0	nan	0.00	0.00	4.23	84.34	89.30	0.00	40	0	42	0.00	0.00	66.31	8.85	0.00	0.00	2000
220	10.82	2040	2089	0.00	211	0	0	0	nan	0.00	0.00	3.88	84.95	89.18	0.00	40	0	43	0.00	0.00	66.14	8.84	0.00	0.00	2000
222	10.79	2049	2106	0.00	195	0	0	0	nan	0.00	0.00	3.09	86.46	89.21	0.00	40	0	42	0.00	0.00	66.44	8.97	0.00	0.00	2000
220	10.71	2063	2095	0.01	194	0	0	22	8.77	0.00	0.00	2.95	86.21	89.29	0.00	40	0	42	0.00	0.00	66.27	8.76	0.00	0.00	2000
222	10.49	2086	2126	1.56	195	0	0	15	12.05	0.00	0.02	2.74	87.92	89.51	0.00	40	0	42	0.00	0.00	66.67	8.92	0.00	0.00	2000
223	10.86	2073	2076	0.00	194	0	0	0	nan	0.00	0.00	3.23	84.90	89.14	0.00	41	0	42	0.00	0.00	66.56	8.75	0.00	0.00	2000
220	10.48	2075	2122	0.00	194	0	0	0	nan	0.01	0.00	3.02	87.41	89.52	0.00	41	0	42	0.00	0.00	66.34	8.91	0.00	0.00	2000
221	10.84	2067	2074	0.00	196	0	0	0	nan	0.00	0.00	3.70	84.38	89.16	0.00	40	0	42	0.00	0.00	65.92	8.80	0.00	0.00	2000
221	10.63	2067	2109	0.00	195	0	0	0	nan	0.00	0.02	3.20	86.63	89.37	0.00	40	0	42	0.00	0.00	66.33	9.01	0.00	0.00	2000
220	10.62	2058	2118	0.00	195	0	0	0	nan	0.00	0.00	3.87	86.40	89.38	0.00	41	0	42	0.00	0.00	66.57	8.77	0.00	0.00	2000
220	10.78	2078	2063	0.00	211	0	0	0	nan	0.00	0.00	3.22	84.54	89.22	0.00	40	0	42	0.00	0.00	65.03	8.02	0.00	0.00	2000
215	10.31	2035	2154	0.00	227	0	0	0	nan	0.00	0.00	3.04	89.09	89.69	0.00	40	0	42	0.00	0.00	63.96	7.48	0.00	0.00	2000
226	11.50	2002	2064	0.00	213	0	0	0	nan	0.00	0.00	7.40	79.81	88.50	0.00	38	0	42	0.00	0.00	62.76	7.44	0.00	0.00	2000
82	7.94	1015	2138	0.00	210	0	0	0	nan	0.00	0.00	6.65	87.16	92.06	0.00	37	0	42	0.00	0.00	61.86	7.79	0.00	0.00	2000
