Avg_MHz	Busy%	Bzy_MHz	TSC_MHz	IPC	IRQ	NMI	SMI	LLCMRPS	LLC%hit	POLL%	C1%	C1E%	C6%	CPU%c1	CPU%c6	CoreTmp	CoreThr	PkgTmp	Pkg%pc2	Pkg%pc6	PkgWatt	RAMWatt	PKG_%	RAM_%	UncMHz
321	15.52	2032	2141	0.00	228	0	0	0	nan	0.00	0.24	42.67	43.25	84.48	0.00	37	0	42	0.00	0.00	69.95	8.23	0.00	0.00	2000
331	15.79	2117	2082	0.00	218	0	0	0	nan	0.00	1.80	20.86	61.03	84.21	0.00	37	0	42	0.00	0.00	64.51	7.43	0.00	0.00	2000
76	7.18	1045	2132	0.00	209	0	0	0	nan	0.00	0.03	6.54	87.75	92.82	0.00	37	0	42	0.00	0.00	54.88	7.38	0.00	0.00	2000
73	7.08	1028	2100	0.00	195	0	0	0	nan	0.00	0.01	3.45	89.61	92.92	0.00	37	0	43	0.00	0.00	62.26	7.62	0.00	0.00	2000
73	6.60	1108	2106	0.00	193	0	0	0	nan	0.00	0.01	3.46	90.17	93.40	0.00	37	0	42	0.00	0.00	58.58	7.35	0.00	0.00	2000
71	6.53	1096	2086	0.00	193	0	0	0	nan	0.00	0.02	3.73	89.19	93.47	0.00	37	0	42	0.00	0.00	55.38	7.26	0.00	0.00	2000
73	6.66	1093	2097	0.00	194	0	0	0	nan	0.00	0.00	4.12	89.10	93.34	0.00	37	0	42	0.00	0.00	60.70	7.75	0.00	0.00	2000
72	7.03	1029	2086	0.00	197	0	0	0	nan	0.00	0.00	4.63	87.88	92.97	0.00	37	0	42	0.00	0.00	58.20	7.25	0.00	0.00	2000
73	7.14	1028	2098	0.00	194	0	0	0	nan	0.00	0.00	2.13	90.70	92.86	0.00	37	0	42	0.00	0.00	55.72	7.02	0.00	0.00	2000
73	6.94	1033	2128	0.00	209	0	0	0	nan	0.00	0.03	3.75	90.65	93.06	0.00	37	0	42	0.00	0.00	60.90	7.63	0.00	0.00	2000
73	7.06	1036	2091	0.00	194	0	0	0	nan	0.00	0.02	3.39	89.33	92.94	0.00	37	0	42	0.00	0.00	55.39	7.29	0.00	0.00	2000
72	7.04	1019	2097	0.00	194	0	0	0	nan	0.00	0.00	3.76	89.35	92.96	0.00	37	0	42	0.00	0.00	58.03	7.42	0.00	0.00	2000
70	7.04	1001	2081	0.00	193	0	0	0	nan	0.00	0.00	4.01	88.28	92.96	0.00	37	0	42	0.00	0.00	60.12	7.90	0.00	0.00	2000
73	7.08	1010	2134	0.00	193	0	0	0	nan	0.00	0.03	1.95	92.62	92.92	0.00	37	0	42	0.00	0.00	58.77	7.64	0.00	0.00	2000
73	6.74	1083	2086	0.00	193	0	0	0	nan	0.00	0.00	3.07	89.73	93.26	0.00	37	0	42	0.00	0.00	55.56	7.28	0.00	0.00	2000
71	6.93	1032	2089	0.00	193	0	0	1	91.16	0.00	0.01	2.31	90.44	93.07	0.00	37	0	42	0.00	0.00	60.30	7.65	0.00	0.00	2000
73	7.00	1032	2131	0.29	193	0	0	1	88.48	0.00	0.00	2.95	91.59	93.00	0.00	37	0	42	0.00	0.00	58.92	7.53	0.00	0.00	2000
72	6.46	1112	2105	0.00	194	0	0	0	nan	0.00	0.00	2.84	91.04	93.54	0.00	37	0	42	0.00	0.00	57.46	7.42	0.00	0.00	2000
183	9.84	1861	2093	0.00	213	0	0	0	nan	0.02	0.00	4.70	85.25	90.16	0.00	39	0	42	0.00	0.00	63.93	7.50	0.00	0.00	2000
230	11.11	2064	2103	0.00	204	0	0	0	nan	0.00	0.00	4.24	84.98	88.90	0.00	39	0	42	0.00	0.00	65.38	7.48	0.00	0.00	2000
228	11.02	2096	2079	0.00	211	0	0	0	nan	0.00	0.00	3.41	84.81	88.98	0.00	40	0	42	0.00	0.00	60.39	6.96	0.00	0.00	2000
230	10.92	2098	2107	0.00	203	0	0	0	nan	0.00	0.02	2.90	86.60	89.08	0.00	40	0	42	0.00	0.00	65.39	7.53	0.00	0.00	2000
236	11.69	2031	2084	0.00	199	0	0	0	nan	0.00	0.57	5.45	81.86	88.31	0.00	38	0	42	0.00	0.00	63.86	7.58	0.00	0.00	2000
230	11.31	2021	2113	0.00	199	0	0	0	nan	0.00	0.00	6.05	83.38	88.69	0.00	37	0	42	0.00	0.00	68.74	8.17	0.00	0.00	2000
228	11.94	2010	1991	0.00	197	0	0	0	nan	0.01	0.00	4.21	79.47	88.06	0.00	37	0	42	0.00	0.00	60.24	7.12	0.00	0.00	2000
248	11.58	2011	2235	0.00	232	0	0	0	nan	0.00	0.00	5.95	88.33	88.42	0.00	38	0	42	0.00	0.00	69.60	8.26	0.00	0.00	2000
232	11.44	2022	2105	0.00	197	0	0	0	nan	0.00	0.02	5.50	83.42	88.56	0.00	38	0	42	0.00	0.00	66.28	7.66	0.00	0.00	2000
231	11.13	2075	2100	0.00	202	0	0	0	nan	0.00	0.02	6.23	82.85	88.87	0.00	38	0	42	0.00	0.00	65.45	7.72	0.00	0.00	2000
230	10.96	2096	2099	0.00	196	0	0	0	nan	0.00	0.01	5.46	83.71	89.04	0.00	39	0	42	0.00	0.00	66.14	7.53	0.00	0.00	2000
231	11.03	2101	2095	0.00	182	0	0	0	nan	0.00	0.03	5.23	83.72	88.97	0.00	39	0	42	0.00	0.00	65.99	7.72	0.00	0.00	2000
236	11.48	2095	2061	0.00	203	0	0	0	nan	0.00	0.01	3.36	83.70	88.52	0.00	39	0	42	0.00	0.00	59.33	6.72	0.00	0.00	2000
227	10.69	2123	2098	0.00	214	0	0	0	nan	0.00	0.04	4.14	85.15	89.31	0.00	39	0	42	0.00	0.00	66.32	7.62	0.00	0.00	2000
232	11.30	2058	2098	0.00	196	0	0	2	85.87	0.00	0.02	2.77	86.04	88.70	0.00	40	0	42	0.00	0.00	65.86	7.72	0.00	0.00	2000
232	10.99	2074	2136	0.54	216	0	0	22	73.13	0.00	0.03	5.87	84.84	89.01	0.00	39	0	42	0.00	0.00	65.06	7.48	0.00	0.00	2000
229	11.67	2028	2037	0.00	203	0	0	0	nan	0.00	0.00	7.76	78.10	88.33	0.00	38	0	42	0.00	0.00	61.63	7.43	0.00	0.00	2000
230	11.31	2018	2112	0.00	213	0	0	0	nan	0.00	0.00	6.41	82.97	88.69	0.00	38	0	43	0.00	0.00	64.98	7.79	0.00	0.00	2000
234	10.98	2119	2108	0.00	217	0	0	0	nan	0.00	0.00	7.51	81.93	89.02	0.00	38	0	42	0.00	0.00	66.35	7.69	0.00	0.00	2000
221	10.48	2063	2151	0.00	197	0	0	0	nan	0.00	0.02	5.14	86.63	89.52	0.00	38	0	42	0.00	0.00	67.71	7.93	0.00	0.00	2000
161	10.20	1634	2033	0.00	232	0	0	0	nan	0.00	0.08	5.20	81.89	89.80	0.00	37	0	42	0.00	0.00	57.98	7.38	0.00	0.00	2000
78	6.85	1100	2175	0.00	214	0	0	0	nan	0.00	0.02	5.98	90.70	93.15	0.00	37	0	42	0.00	0.00	62.17	7.79	0.00	0.00	2000
