Avg_MHz	Busy%	Bzy_MHz	TSC_MHz	IPC	IRQ	NMI	SMI	LLCMRPS	LLC%hit	POLL%	C1%	C1E%	C6%	CPU%c1	CPU%c6	CoreTmp	CoreThr	PkgTmp	Pkg%pc2	Pkg%pc6	PkgWatt	RAMWatt	PKG_%	RAM_%	UncMHz
219	14.20	1740	1865	0.00	231	0	0	0	nan	0.00	0.01	22.21	54.00	85.80	0.00	37	0	42	0.00	0.00	51.01	6.32	0.00	0.00	2000
501	18.88	2284	2441	0.00	277	0	0	0	nan	0.04	1.33	24.39	68.72	81.12	0.00	38	0	42	0.00	0.00	80.37	8.80	0.00	0.00	2000
78	6.41	1213	2106	0.00	196	0	0	0	nan	0.00	0.00	11.17	82.74	93.59	0.00	37	0	42	0.00	0.00	63.07	7.79	0.00	0.00	2000
74	6.67	1098	2109	0.00	193	0	0	0	nan	0.00	0.00	3.85	89.93	93.33	0.00	37	0	42	0.00	0.00	59.69	7.34	0.00	0.00	2000
78	6.97	1134	2079	0.00	177	0	0	0	nan	0.00	0.01	4.59	87.59	93.03	0.00	37	0	43	0.00	0.00	55.20	6.99	0.00	0.00	2000
72	6.92	1041	2114	0.00	226	0	0	0	nan	0.00	0.00	4.48	89.25	93.08	0.00	37	0	43	0.00	0.00	63.52	8.00	0.00	0.00	2000
74	6.66	1118	2101	0.00	193	0	0	0	nan	0.00	0.00	3.71	89.75	93.34	0.00	37	0	42	0.00	0.00	57.20	7.19	0.00	0.00	2000
72	6.81	1054	2108	0.00	193	0	0	0	nan	0.00	0.00	3.44	90.22	93.19	0.00	37	0	42	0.00	0.00	59.31	7.47	0.00	0.00	2000
73	6.40	1152	2090	0.00	178	0	0	0	nan	0.00	0.00	2.72	90.44	93.60	0.00	37	0	42	0.00	0.00	56.38	7.16	0.00	0.00	2000
72	6.58	1092	2106	0.00	195	0	0	0	nan	0.00	0.02	4.06	89.63	93.42	0.00	37	0	42	0.00	0.00	58.65	7.38	0.00	0.00	2000
73	6.73	1100	2083	0.00	193	0	0	0	nan	0.01	0.02	2.40	90.11	93.27	0.00	37	0	43	0.00	0.00	58.12	7.26	0.00	0.00	2000
73	6.71	1080	2116	0.00	195	0	0	0	nan	0.00	0.00	3.72	90.27	93.29	0.00	37	0	42	0.00	0.00	60.13	7.57	0.00	0.00	2000
75	6.43	1159	2110	0.00	194	0	0	0	nan	0.00	0.01	3.22	90.77	93.57	0.00	37	0	42	0.00	0.00	60.05	7.51	0.00	0.00	2000
73	6.50	1117	2098	0.00	195	0	0	0	nan	0.00	0.00	2.85	90.53	93.50	0.00	37	0	42	0.00	0.00	58.89	7.45	0.00	0.00	2000
73	6.75	1082	2093	0.00	194	0	0	0	nan	0.00	0.01	2.72	90.24	93.25	0.00	37	0	43	0.00	0.00	57.95	7.28	0.00	0.00	2000
80	7.36	1099	2082	0.00	194	0	0	1	89.90	0.00	0.00	3.14	88.63	92.64	0.00	37	0	43	0.00	0.00	57.59	7.33	0.00	0.00	2000
74	6.78	1087	2114	0.06	210	0	0	2	89.92	0.00	0.00	2.83	90.98	93.22	0.00	37	0	42	0.00	0.00	58.16	7.39	0.00	0.00	2000
72	6.36	1138	2092	0.00	178	0	0	0	nan	0.00	0.00	3.04	90.36	93.64	0.00	37	0	42	0.00	0.00	59.52	7.52	0.00	0.00	2000
126	7.78	1622	2099	0.00	211	0	0	0	nan	0.00	0.00	4.67	87.46	92.22	0.00	38	0	42	0.00	0.00	60.28	7.30	0.00	0.00	2000
229	11.06	2070	2100	0.00	202	0	0	0	nan	0.00	0.02	4.80	84.35	88.94	0.00	40	0	42	0.00	0.00	65.06	7.40	0.00	0.00	2000
232	10.93	2116	2109	0.00	206	0	0	0	nan	0.00	0.00	5.27	84.34	89.07	0.00	40	0	42	0.00	0.00	65.27	7.54	0.00	0.00	2000
229	10.85	2113	2101	0.00	203	0	0	0	nan	0.00	0.02	3.85	85.40	89.15	0.00	40	0	42	0.00	0.00	66.16	7.60	0.00	0.00	2000
228	11.26	2105	2022	0.00	201	0	0	0	nan	0.00	0.01	3.08	82.44	88.74	0.00	40	0	42	0.00	0.00	58.92	6.91	0.00	0.00	2000
235	10.32	2192	2181	0.00	233	0	0	0	nan	0.00	0.00	6.82	86.32	89.68	0.00	38	0	42	0.00	0.00	73.67	8.52	0.00	0.00	2000
236	11.25	2079	2123	0.00	195	0	0	0	nan	0.01	0.00	4.81	84.96	88.75	0.00	37	0	42	0.00	0.00	64.65	7.68	0.00	0.00	2000
231	11.10	2111	2073	0.00	194	0	0	0	nan	0.00	0.00	6.57	81.28	88.90	0.00	38	0	42	0.00	0.00	66.95	7.79	0.00	0.00	2000
226	11.23	2005	2112	0.00	198	0	0	0	nan	0.00	2.13	3.67	83.66	88.77	0.00	39	0	43	0.00	0.00	64.12	8.13	0.00	0.00	2000
224	10.99	2033	2103	0.00	204	0	0	0	nan	0.00	1.38	4.42	83.49	89.01	0.00	39	0	42	0.00	0.00	66.25	7.62	0.00	0.00	2000
222	10.75	2060	2105	0.00	196	0	0	0	nan	0.00	0.47	8.73	80.43	89.25	0.00	39	0	42	0.00	0.00	62.74	7.18	0.00	0.00	2000
223	11.08	2011	2097	0.00	199	0	0	0	nan	0.00	0.00	9.45	79.50	88.92	0.00	40	0	42	0.00	0.00	65.02	7.48	0.00	0.00	2000
219	11.06	2031	2052	0.00	197	0	0	0	nan	0.00	0.00	6.55	80.53	88.94	0.00	40	0	42	0.00	0.00	62.91	7.26	0.00	0.00	2000
226	10.90	2022	2148	0.00	195	0	0	0	nan	0.00	0.00	7.48	83.83	89.10	0.00	40	0	43	0.00	0.00	66.42	7.52	0.00	0.00	2000
219	10.95	2068	2035	0.00	199	0	0	5	96.61	0.00	0.00	5.59	80.84	89.05	0.00	40	0	42	0.00	0.00	63.70	7.23	0.00	0.00	2000
222	10.62	2055	2134	0.70	196	0	0	13	97.85	0.00	0.01	7.00	83.97	89.38	0.00	40	0	43	0.00	0.00	64.51	7.33	0.00	0.00	2000
222	10.78	2020	2137	0.00	198	0	0	0	nan	0.00	0.02	5.00	85.96	89.22	0.00	40	0	42	0.00	0.00	67.58	7.73	0.00	0.00	2000
222	11.14	2052	2043	0.00	213	0	0	0	nan	0.04	0.00	6.84	79.74	88.86	0.00	40	0	43	0.00	0.00	62.22	7.14	0.00	0.00	2000
227	10.77	2054	2157	0.00	199	0	0	0	nan	0.04	0.00	7.54	84.17	89.23	0.00	40	0	42	0.00	0.00	65.23	7.49	0.00	0.00	2000
221	10.90	2071	2056	0.00	195	0	0	0	nan	0.00	0.00	7.14	80.19	89.10	0.00	40	0	42	0.00	0.00	64.51	7.37	0.00	0.00	2000
221	10.58	2062	2129	0.00	195	0	0	0	nan	0.00	0.00	5.56	85.16	89.42	0.00	41	0	42	0.00	0.00	64.59	7.54	0.00	0.00	2000
222	10.84	2068	2075	0.00	195	0	0	0	nan	0.00	0.00	7.20	80.99	89.16	0.00	41	0	43	0.00	0.00	65.00	7.47	0.00	0.00	2000
222	10.57	2076	2129	0.00	199	0	0	0	nan	0.00	0.07	3.12	87.55	89.43	0.00	41	0	42	0.00	0.00	65.02	7.55	0.00	0.00	2000
222	11.05	2065	2045	0.00	216	0	0	0	nan	0.00	0.04	3.72	83.02	88.95	0.00	41	0	42	0.00	0.00	65.11	7.56	0.00	0.00	2000
217	10.88	1995	2101	0.00	212	0	0	0	nan	0.00	0.01	6.24	83.08	89.12	0.00	38	0	43	0.00	0.00	60.77	7.31	0.00	0.00	2000
232	11.14	2022	2167	0.00	211	0	0	0	nan	0.00	0.00	6.86	84.89	88.86	0.00	37	0	42	0.00	0.00	68.48	7.99	0.00	0.00	2000
240	11.55	2078	2097	0.00	199	0	0	0	nan	0.00	0.00	5.29	83.12	88.45	0.00	37	0	42	0.00	0.00	67.79	7.90	0.00	0.00	2000
234	11.29	2075	2099	0.00	214	0	0	0	nan	0.00	0.02	6.70	82.12	88.71	0.00	38	0	43	0.00	0.00	65.07	7.62	0.00	0.00	2000
235	11.30	2075	2106	0.00	197	0	0	0	nan	0.00	0.02	7.71	81.31	88.70	0.00	39	0	42	0.00	0.00	64.51	7.83	0.00	0.00	2000
233	11.18	2078	2107	0.00	195	0	0	0	nan	0.00	0.00	4.20	84.96	88.82	0.00	39	0	42	0.00	0.00	65.83	8.03	0.00	0.00	2000
230	11.24	2113	2032	0.00	196	0	0	0	nan	0.00	0.02	5.47	80.50	88.76	0.00	40	0	42	0.00	0.00	63.55	7.71	0.00	0.00	2000
236	11.19	2040	2175	0.10	215	0	0	2	48.67	0.00	0.00	8.77	83.23	88.81	0.00	39	0	42	0.00	0.00	69.86	8.33	0.00	0.00	2000
234	11.11	2109	2101	0.52	202	0	0	3	63.39	0.00	0.00	8.29	80.71	88.89	0.00	40	0	42	0.00	0.00	60.87	7.60	0.00	0.00	2000
233	11.15	2091	2103	0.00	195	0	0	0	nan	0.00	0.09	4.93	84.13	88.85	0.00	40	0	42	0.00	0.00	69.73	7.99	0.00	0.00	2000
234	11.14	2102	2098	0.00	198	0	0	0	nan	0.03	0.11	3.46	85.29	88.86	0.00	40	0	42	0.00	0.00	63.94	7.47	0.00	0.00	2000
230	10.95	2117	2083	0.00	195	0	0	0	nan	0.01	0.07	2.78	85.56	89.05	0.00	40	0	42	0.00	0.00	65.99	7.43	0.00	0.00	2000
230	10.93	2105	2104	0.00	195	0	0	0	nan	0.00	0.02	5.51	83.83	89.07	0.00	40	0	42	0.00	0.00	64.53	7.44	0.00	0.00	2000
230	11.08	2082	2094	0.00	198	0	0	0	nan	0.00	0.00	6.91	81.82	88.92	0.00	41	0	43	0.00	0.00	64.90	7.43	0.00	0.00	2000
232	11.26	2049	2113	0.00	197	0	0	0	nan	0.00	0.00	9.30	80.06	88.74	0.00	40	0	42	0.00	0.00	66.05	7.84	0.00	0.00	2000
229	11.21	2060	2087	0.00	180	0	0	0	nan	0.00	0.02	8.18	80.15	88.79	0.00	41	0	42	0.00	0.00	64.12	7.14	0.00	0.00	2000
229	11.28	2024	2103	0.00	213	0	0	0	nan	0.00	0.00	7.37	81.58	88.72	0.00	40	0	43	0.00	0.00	61.74	7.31	0.00	0.00	2000
228	11.10	2054	2100	0.00	195	0	0	0	nan	0.00	0.00	9.49	79.58	88.90	0.00	41	0	42	0.00	0.00	64.54	7.47	0.00	0.00	2000
231	11.25	2052	2103	0.00	195	0	0	0	nan	0.00	0.00	8.95	79.97	88.75	0.00	41	0	42	0.00	0.00	67.61	7.51	0.00	0.00	2000
228	11.03	2083	2085	0.00	202	0	0	0	nan	0.00	0.00	8.08	80.28	88.97	0.00	41	0	43	0.00	0.00	64.67	7.29	0.00	0.00	2000
228	10.95	2068	2116	0.00	194	0	0	0	nan	0.00	0.00	9.62	80.22	89.05	0.00	41	0	42	0.00	0.00	65.70	7.55	0.00	0.00	2000
229	11.20	2049	2095	0.00	194	0	0	0	nan	0.00	0.00	7.38	81.31	88.81	0.00	41	0	43	0.00	0.00	64.83	7.41	0.00	0.00	2000
235	11.39	2042	2119	0.00	197	0	0	0	nan	0.00	0.00	8.31	81.12	88.61	0.00	41	0	42	0.00	0.00	65.46	7.43	0.00	0.00	2000
230	11.06	2094	2088	0.00	179	0	0	0	nan	0.01	0.00	6.01	82.45	88.94	0.00	40	0	42	0.00	0.00	65.15	7.49	0.00	0.00	2000
228	11.09	2054	2105	0.00	215	0	0	2	92.12	0.00	0.00	7.53	81.65	88.91	0.00	41	0	42	0.00	0.00	62.42	7.30	0.00	0.00	2000
227	10.90	2094	2086	0.66	178	0	0	5	95.55	0.00	0.07	5.05	83.58	89.10	0.00	40	0	43	0.00	0.00	65.52	7.44	0.00	0.00	2000
231	11.04	2085	2109	0.00	196	0	0	0	nan	0.00	0.00	6.07	83.39	88.96	0.00	41	0	42	0.00	0.00	65.80	7.81	0.00	0.00	2000
232	11.08	2076	2114	0.00	202	0	0	0	nan	0.00	0.00	6.54	83.02	88.92	0.00	41	0	42	0.00	0.00	64.24	7.39	0.00	0.00	2000
232	11.18	2143	2031	0.00	196	0	0	0	nan	0.00	0.00	6.65	79.28	88.82	0.00	40	0	42	0.00	0.00	64.04	7.44	0.00	0.00	2000
232	10.19	2227	2145	0.00	215	0	0	0	nan	0.00	3.61	6.16	82.07	89.81	0.00	41	0	42	0.00	0.00	69.53	7.74	0.00	0.00	2000
229	10.98	2062	2125	0.00	195	0	0	0	nan	0.00	0.00	9.87	80.32	89.02	0.00	41	0	42	0.00	0.00	65.20	7.41	0.00	0.00	2000
230	11.41	2037	2079	0.00	197	0	0	0	nan	0.04	0.00	9.81	78.05	88.59	0.00	41	0	42	0.00	0.00	65.00	7.43	0.00	0.00	2000
231	11.11	2053	2123	0.00	196	1	0	0	nan	0.00	0.00	8.29	81.64	88.89	0.00	41	0	42	0.00	0.00	63.29	7.38	0.00	0.00	2000
228	11.19	2077	2056	0.00	180	0	0	0	nan	0.00	0.00	7.71	79.29	88.81	0.00	41	0	42	0.00	0.00	66.61	7.81	0.00	0.00	2000
232	11.29	2017	2139	0.00	214	0	0	0	nan	0.00	0.00	8.16	82.36	88.71	0.00	41	0	42	0.00	0.00	65.85	7.55	0.00	0.00	2000
228	11.19	2063	2078	0.00	197	0	0	0	nan	0.00	0.00	8.17	79.88	88.81	0.00	41	0	42	0.00	0.00	65.46	7.57	0.00	0.00	2000
230	10.94	2072	2130	0.00	195	0	0	0	nan	0.00	0.00	9.81	80.60	89.06	0.00	41	0	42	0.00	0.00	63.76	7.24	0.00	0.00	2000
231	11.30	2074	2069	0.00	181	0	0	0	nan	0.00	0.01	6.59	80.84	88.70	0.00	41	0	42	0.00	0.00	67.29	7.54	0.00	0.00	2000
230	11.12	2045	2121	0.00	211	0	0	0	nan	0.00	0.00	8.62	81.26	88.88	0.00	41	0	42	0.00	0.00	65.02	7.40	0.00	0.00	2000
231	11.17	2090	2080	0.00	198	0	0	0	nan	0.00	0.79	7.99	79.33	88.83	0.00	41	0	42	0.00	0.00	65.45	7.57	0.00	0.00	2000
229	10.67	2132	2115	0.00	196	0	0	0	nan	0.00	1.23	3.95	84.90	89.33	0.00	41	0	42	0.00	0.00	63.04	7.08	0.00	0.00	2000
228	10.90	2100	2091	0.00	197	0	0	0	82.66	0.00	0.00	6.89	81.83	89.10	0.00	41	0	42	0.00	0.00	65.63	7.49	0.00	0.00	2000
230	11.04	2069	2113	1.03	197	0	0	3	73.52	0.00	0.00	7.24	82.35	88.96	0.00	41	0	42	0.00	0.00	62.42	7.20	0.00	0.00	2000
229	11.11	2050	2110	0.00	196	0	0	0	nan	0.00	0.00	8.45	80.98	88.89	0.00	41	0	42	0.00	0.00	69.65	7.97	0.00	0.00	2000
230	11.31	2037	2097	0.00	179	0	0	0	nan	0.00	0.07	7.59	81.10	88.69	0.00	41	0	42	0.00	0.00	62.81	7.09	0.00	0.00	2000
230	11.11	2107	2059	0.00	200	0	0	0	nan	0.04	1.00	8.32	77.96	88.89	0.00	41	0	42	0.00	0.00	64.00	7.48	0.00	0.00	2000
229	11.03	2058	2121	0.00	212	0	0	0	nan	0.00	0.00	9.70	80.28	88.97	0.00	41	0	42	0.00	0.00	67.99	7.71	0.00	0.00	2000
229	10.86	2088	2121	0.00	198	1	0	0	nan	0.00	0.00	8.26	81.90	89.14	0.00	41	0	42	0.00	0.00	64.61	7.36	0.00	0.00	2000
231	11.23	2098	2057	0.00	183	0	0	0	nan	0.00	0.00	7.42	79.64	88.78	0.00	41	0	43	0.00	0.00	63.82	7.68	0.00	0.00	2000
232	11.20	2048	2120	0.00	212	0	0	0	nan	0.00	0.00	8.55	81.22	88.80	0.00	41	0	42	0.00	0.00	65.79	7.42	0.00	0.00	2000
230	11.18	2053	2104	0.00	201	0	0	0	nan	0.00	0.00	8.95	80.16	88.82	0.00	41	0	42	0.00	0.00	65.20	7.37	0.00	0.00	2000
229	10.93	2095	2096	0.00	195	0	0	0	nan	0.00	0.00	8.87	80.05	89.07	0.00	41	0	42	0.00	0.00	65.57	7.57	0.00	0.00	2000
230	10.96	2088	2108	0.00	195	0	0	0	nan	0.00	0.00	8.20	81.30	89.04	0.00	41	0	43	0.00	0.00	65.58	7.59	0.00	0.00	2000
229	11.23	2040	2099	0.00	196	0	0	0	nan	0.00	0.00	8.36	80.47	88.77	0.00	41	0	42	0.00	0.00	65.20	7.40	0.00	0.00	2000
231	11.43	2020	2105	0.00	194	0	0	0	nan	0.00	2.18	6.17	80.63	88.57	0.00	41	0	42	0.00	0.00	65.39	7.49	0.00	0.00	2000
228	11.13	2052	2100	0.00	196	0	0	0	nan	0.00	0.04	5.63	83.35	88.87	0.00	41	0	42	0.00	0.00	65.25	7.56	0.00	0.00	2000
229	11.11	2067	2092	0.00	196	0	0	0	nan	0.00	0.00	8.11	80.44	88.89	0.00	41	0	42	0.00	0.00	65.26	7.38	0.00	0.00	2000
227	11.02	2052	2109	0.00	195	0	0	0	nan	0.00	0.50	10.39	78.66	88.98	0.00	41	0	42	0.00	0.00	65.45	7.59	0.00	0.00	2000
231	11.30	2051	2097	0.00	195	0	0	0	nan	0.00	0.02	9.00	79.60	88.70	0.00	41	0	42	0.00	0.00	65.20	7.53	0.00	0.00	2000
229	11.18	2054	2097	0.58	196	0	0	2	84.69	0.00	0.00	7.22	81.60	88.82	0.00	41	0	43	0.00	0.00	65.14	7.53	0.00	0.00	2000
231	11.17	2068	2102	0.22	199	0	0	0	nan	0.00	0.00	8.29	80.76	88.83	0.00	41	0	43	0.00	0.00	65.09	7.54	0.00	0.00	2000
229	11.11	2061	2102	0.00	181	0	0	0	nan	0.00	0.00	9.95	79.15	88.89	0.00	41	0	42	0.00	0.00	65.63	7.60	0.00	0.00	2000
229	11.04	2076	2099	0.00	197	0	0	0	nan	0.00	0.00	8.44	80.53	88.96	0.00	41	0	42	0.00	0.00	65.33	7.63	0.00	0.00	2000
228	10.93	2072	2112	0.00	195	0	0	0	nan	0.00	0.00	7.31	82.31	89.07	0.00	41	0	42	0.00	0.00	65.17	7.43	0.00	0.00	2000
228	11.21	2067	2068	0.00	194	0	0	0	nan	0.00	0.02	7.30	80.19	88.79	0.00	41	0	42	0.00	0.00	63.26	7.31	0.00	0.00	2000
231	11.14	2068	2107	0.00	211	0	0	0	nan	0.00	0.00	8.85	80.36	88.86	0.00	41	0	42	0.00	0.00	65.23	7.56	0.00	0.00	2000
230	10.85	2090	2129	0.00	195	0	0	0	nan	0.00	0.00	10.81	79.66	89.15	0.00	41	0	42	0.00	0.00	66.38	7.54	0.00	0.00	2000
228	10.93	2097	2085	0.00	179	0	0	0	nan	0.00	0.00	8.00	80.57	89.07	0.00	41	0	43	0.00	0.00	65.95	7.53	0.00	0.00	2000
228	11.23	2052	2079	0.00	199	0	0	0	nan	0.01	2.12	5.52	80.42	88.77	0.00	41	0	42	0.00	0.00	63.56	7.18	0.00	0.00	2000
228	11.12	2043	2111	0.00	211	0	0	0	nan	0.03	0.02	4.56	84.83	88.88	0.00	41	0	42	0.00	0.00	65.28	7.36	0.00	0.00	2000
232	11.23	2035	2128	0.00	198	0	0	0	nan	0.00	0.03	7.11	82.98	88.77	0.00	41	0	42	0.00	0.00	66.45	7.56	0.00	0.00	2000
229	10.81	2122	2096	0.00	180	0	0	0	nan	0.00	0.53	7.55	80.99	89.19	0.00	41	0	42	0.00	0.00	67.02	7.61	0.00	0.00	2000
231	11.29	2044	2106	0.00	195	0	0	0	nan	0.00	0.03	8.64	80.47	88.71	0.00	41	0	43	0.00	0.00	66.27	7.64	0.00	0.00	2000
229	11.17	2054	2097	0.00	195	0	0	0	nan	0.02	1.48	7.01	80.40	88.83	0.00	41	0	42	0.00	0.00	65.85	7.57	0.00	0.00	2000
230	11.39	2017	2101	0.00	196	0	0	0	nan	0.00	0.00	6.61	82.26	88.61	0.00	40	0	42	0.00	0.00	62.92	7.57	0.00	0.00	2000
231	11.25	2052	2100	0.00	196	0	0	0	nan	0.00	0.00	6.78	82.13	88.75	0.00	41	0	42	0.00	0.00	63.86	7.20	0.00	0.00	2000
233	11.18	2085	2102	0.35	198	0	0	9	69.76	0.00	0.00	6.90	82.11	88.82	0.00	41	0	42	0.00	0.00	66.85	7.76	0.00	0.00	2000
231	11.45	2060	2054	0.63	182	0	0	2	81.56	0.04	0.01	7.34	79.42	88.55	0.00	40	0	42	0.00	0.00	63.77	7.52	0.00	0.00	2000
233	11.17	2035	2149	0.00	211	0	0	0	nan	0.00	0.00	7.10	83.92	88.83	0.00	41	0	42	0.00	0.00	66.61	7.55	0.00	0.00	2000
229	11.11	2072	2091	0.00	180	0	0	0	nan	0.00	0.00	6.26	82.31	88.89	0.00	41	0	42	0.00	0.00	66.12	7.57	0.00	0.00	2000
231	11.07	2075	2110	0.00	195	0	0	0	nan	0.00	0.00	7.43	82.00	88.93	0.00	41	0	42	0.00	0.00	67.08	7.62	0.00	0.00	2000
232	11.14	2083	2100	0.00	196	0	0	0	nan	0.00	0.02	7.53	81.37	88.86	0.00	40	0	42	0.00	0.00	63.86	7.40	0.00	0.00	2000
228	11.18	2116	2026	0.00	199	0	0	0	nan	0.00	0.02	6.28	79.45	88.82	0.00	40	0	42	0.00	0.00	61.13	6.95	0.00	0.00	2000
231	10.70	2081	2178	0.00	212	0	0	0	nan	0.00	2.75	3.72	86.32	89.30	0.00	41	0	42	0.00	0.00	70.55	8.37	0.00	0.00	2000
229	11.24	2065	2072	0.00	179	0	0	0	nan	0.00	0.07	3.57	84.08	88.76	0.00	41	0	42	0.00	0.00	64.44	7.41	0.00	0.00	2000
228	11.02	2057	2111	0.00	197	0	0	0	nan	0.00	0.00	6.71	82.89	88.98	0.00	41	0	42	0.00	0.00	67.10	8.40	0.00	0.00	2000
232	11.03	2088	2112	0.00	196	0	0	0	nan	0.00	1.00	7.46	81.11	88.97	0.00	41	0	42	0.00	0.00	65.95	7.38	0.00	0.00	2000
228	10.83	2112	2098	0.00	200	0	0	0	nan	0.00	1.31	6.05	81.81	89.17	0.00	42	0	42	0.00	0.00	63.61	7.18	0.00	0.00	2000
230	10.95	2085	2111	0.00	194	0	0	0	nan	0.00	0.00	8.21	81.40	89.05	0.00	42	0	42	0.00	0.00	63.51	7.19	0.00	0.00	2000
229	11.15	2063	2093	0.00	200	0	0	0	nan	0.00	0.00	7.81	80.87	88.85	0.00	42	0	42	0.00	0.00	66.31	7.65	0.00	0.00	2000
229	11.21	2063	2084	0.00	196	0	0	0	nan	0.00	0.00	7.69	80.60	88.79	0.00	42	0	42	0.00	0.00	65.39	7.46	0.00	0.00	2000
228	11.16	2038	2102	0.00	195	0	0	0	nan	0.00	0.00	8.12	80.91	88.84	0.00	42	0	42	0.00	0.00	62.59	7.68	0.00	0.00	2000
232	11.21	2082	2085	0.00	195	0	0	0	nan	0.00	0.00	9.28	78.97	88.80	0.00	41	0	42	0.00	0.00	67.60	7.43	0.00	0.00	2000
231	10.95	2097	2111	0.01	196	0	0	18	12.38	0.00	0.00	11.11	78.52	89.05	0.00	41	0	42	0.00	0.00	67.30	8.64	0.00	0.00	2000
231	10.93	2092	2124	1.47	196	0	0	4	55.29	0.00	0.00	9.15	81.07	89.07	0.00	42	0	42	0.00	0.00	66.57	7.55	0.00	0.00	2000
227	11.14	2041	2096	0.00	179	0	0	0	nan	0.00	0.00	6.35	82.49	88.86	0.00	42	0	42	0.00	0.00	65.78	7.63	0.00	0.00	2000
229	11.03	2081	2097	0.00	194	0	0	0	nan	0.00	0.02	6.67	82.21	88.97	0.00	42	0	42	0.00	0.00	63.37	7.36	0.00	0.00	2000
230	10.99	2099	2094	0.00	193	0	0	0	nan	0.00	0.06	5.78	83.00	89.01	0.00	42	0	42	0.00	0.00	63.51	7.25	0.00	0.00	2000
229	11.21	2071	2073	0.00	201	0	0	0	nan	0.01	0.06	2.52	85.25	88.79	0.00	42	0	42	0.00	0.00	65.47	7.46	0.00	0.00	2000
229	11.06	2038	2132	0.00	196	0	0	0	nan	0.00	0.01	4.60	85.80	88.94	0.00	42	0	42	0.00	0.00	65.88	7.50	0.00	0.00	2000
230	11.03	2096	2087	0.00	194	0	0	0	nan	0.00	0.94	6.60	81.05	88.98	0.00	41	0	42	0.00	0.00	68.60	8.71	0.00	0.00	2000
229	10.92	2090	2102	0.00	194	0	0	0	nan	0.00	0.96	7.17	81.23	89.08	0.00	42	0	43	0.00	0.00	65.44	7.59	0.00	0.00	2000
232	11.29	2062	2094	0.00	196	0	0	0	nan	0.00	0.00	7.03	81.48	88.71	0.00	42	0	42	0.00	0.00	64.02	7.45	0.00	0.00	2000
228	11.23	2030	2099	0.00	211	0	0	0	nan	0.00	0.00	9.58	79.27	88.77	0.00	42	0	42	0.00	0.00	64.93	7.56	0.00	0.00	2000
228	11.14	2023	2128	0.00	195	0	0	0	nan	0.00	0.00	9.81	80.42	88.86	0.00	42	0	42	0.00	0.00	65.56	7.32	0.00	0.00	2000
233	11.05	2127	2084	0.00	181	0	0	0	nan	0.00	0.00	6.09	82.34	88.95	0.00	42	0	42	0.00	0.00	63.45	7.26	0.00	0.00	2000
230	11.16	2049	2111	0.00	197	0	0	0	nan	0.00	0.00	5.27	84.11	88.84	0.00	42	0	43	0.00	0.00	66.14	7.79	0.00	0.00	2000
231	11.29	2101	2049	0.00	196	0	0	0	nan	0.04	0.00	6.82	79.87	88.71	0.00	41	0	42	0.00	0.00	64.19	8.10	0.00	0.00	2000
229	10.90	2059	2144	0.00	214	0	0	0	nan	0.00	0.00	8.17	82.87	89.10	0.00	42	0	43	0.00	0.00	68.36	8.02	0.00	0.00	2000
228	10.98	2063	2110	0.00	180	0	0	0	nan	0.00	0.00	9.67	79.82	89.02	0.00	42	0	42	0.00	0.00	63.88	7.40	0.00	0.00	2000
229	11.26	2055	2079	0.00	198	0	0	2	51.45	0.00	0.00	5.85	82.08	88.74	0.00	42	0	42	0.00	0.00	67.66	7.82	0.00	0.00	2000
229	11.02	2079	2096	1.43	212	0	0	5	45.51	0.00	0.00	8.58	80.30	88.98	0.00	42	0	42	0.00	0.00	64.77	7.55	0.00	0.00	2000
232	11.15	2064	2115	0.00	194	0	0	0	nan	0.04	0.01	6.28	83.30	88.85	0.00	42	0	42	0.00	0.00	65.37	7.55	0.00	0.00	2000
228	10.79	2120	2092	0.00	200	0	0	0	nan	0.00	1.07	5.19	82.80	89.21	0.00	42	0	42	0.00	0.00	65.21	7.56	0.00	0.00	2000
233	11.04	2114	2100	0.00	199	0	0	0	nan	0.00	0.48	7.00	81.50	88.96	0.00	39	0	42	0.00	0.00	63.06	7.20	0.00	0.00	2000
230	11.13	2056	2107	0.00	179	0	0	0	nan	0.00	0.00	9.36	79.95	88.87	0.00	40	0	42	0.00	0.00	64.25	7.35	0.00	0.00	2000
231	11.27	2054	2096	0.00	212	0	0	0	nan	0.02	1.42	7.54	79.65	88.73	0.00	39	0	42	0.00	0.00	64.84	7.74	0.00	0.00	2000
231	11.26	2076	2078	0.00	180	0	0	0	nan	0.00	0.00	7.54	80.35	88.74	0.00	40	0	42	0.00	0.00	64.40	7.64	0.00	0.00	2000
235	11.39	2053	2113	0.00	213	0	0	0	nan	0.00	0.00	9.42	79.89	88.61	0.00	40	0	42	0.00	0.00	65.25	7.68	0.00	0.00	2000
231	11.25	2066	2087	0.00	181	0	0	0	nan	0.00	0.00	8.65	79.62	88.75	0.00	40	0	42	0.00	0.00	64.55	7.74	0.00	0.00	2000
231	10.93	2086	2126	0.00	210	0	0	0	nan	0.00	0.00	8.38	81.87	89.07	0.00	38	0	42	0.00	0.00	64.36	7.58	0.00	0.00	2000
233	11.23	2080	2092	0.00	194	0	0	0	nan	0.00	0.02	6.53	81.97	88.77	0.00	38	0	42	0.00	0.00	65.05	7.50	0.00	0.00	2000
237	11.43	2071	2100	0.00	198	0	0	0	nan	0.04	0.00	8.22	80.40	88.57	0.00	38	0	42	0.00	0.00	64.75	7.42	0.00	0.00	2000
235	11.39	2077	2085	0.00	198	0	0	0	nan	0.00	0.00	8.63	79.41	88.61	0.00	38	0	42	0.00	0.00	64.61	7.66	0.00	0.00	2000
230	10.96	2093	2110	0.00	194	0	0	0	nan	0.00	0.00	10.06	79.62	89.04	0.00	39	0	42	0.00	0.00	66.98	7.75	0.00	0.00	2000
232	11.15	2080	2103	0.00	195	0	0	0	nan	0.00	0.00	6.67	82.37	88.85	0.00	40	0	42	0.00	0.00	64.97	7.73	0.00	0.00	2000
234	11.06	2107	2104	0.00	195	0	0	0	nan	0.00	0.02	5.40	83.76	88.94	0.00	40	0	42	0.00	0.00	65.11	7.54	0.00	0.00	2000
232	11.32	2060	2087	0.00	196	0	0	1	79.62	0.00	0.00	8.35	79.89	88.68	0.00	39	0	42	0.00	0.00	64.60	7.68	0.00	0.00	2000
233	11.39	2097	2047	0.75	198	0	0	21	57.61	0.00	0.00	8.26	78.16	88.61	0.00	38	0	42	0.00	0.00	60.51	7.05	0.00	0.00	2000
234	10.99	2058	2169	0.00	210	0	0	0	nan	0.00	0.01	8.29	83.73	89.01	0.00	37	0	42	0.00	0.00	67.63	7.98	0.00	0.00	2000
234	11.44	2033	2109	0.00	199	0	0	0	nan	0.00	0.00	8.41	80.65	88.56	0.00	38	0	42	0.00	0.00	65.55	7.49	0.00	0.00	2000
233	11.16	2101	2089	0.00	196	0	0	0	nan	0.00	0.00	8.06	80.40	88.84	0.00	38	0	43	0.00	0.00	61.91	7.45	0.00	0.00	2000
232	11.25	2084	2080	0.00	196	0	0	0	nan	0.00	0.00	8.52	79.46	88.75	0.00	39	0	42	0.00	0.00	68.08	7.58	0.00	0.00	2000
228	11.10	2068	2089	0.00	215	0	0	0	nan	0.00	0.02	10.34	78.21	88.90	0.00	40	0	42	0.00	0.00	64.15	7.42	0.00	0.00	2000
217	11.03	2071	1995	0.00	195	0	0	0	nan	0.00	0.00	6.46	78.13	88.97	0.00	40	0	42	0.00	0.00	59.80	6.86	0.00	0.00	2000
224	10.62	2004	2213	0.00	214	0	0	0	nan	0.00	0.00	7.10	87.24	89.38	0.00	39	0	42	0.00	0.00	69.82	8.13	0.00	0.00	2000
223	10.47	2110	2119	0.00	195	0	0	0	nan	0.00	0.01	6.22	84.18	89.53	0.00	40	0	43	0.00	0.00	65.02	7.59	0.00	0.00	2000
226	10.90	2077	2094	0.00	197	0	0	0	nan	0.04	0.00	7.57	81.34	89.10	0.00	40	0	42	0.00	0.00	64.86	7.59	0.00	0.00	2000
224	10.82	2062	2110	0.00	203	0	0	0	nan	0.00	0.02	6.38	83.28	89.18	0.00	40	0	43	0.00	0.00	64.88	7.36	0.00	0.00	2000
222	10.92	2039	2097	0.00	196	0	0	0	nan	0.00	0.00	8.30	80.74	89.08	0.00	40	0	42	0.00	0.00	64.48	7.45	0.00	0.00	2000
220	10.58	2095	2087	0.00	195	0	0	0	nan	0.00	0.05	3.49	85.42	89.42	0.00	41	0	42	0.00	0.00	64.82	7.56	0.00	0.00	2000
222	10.55	2105	2096	0.00	196	0	0	0	nan	0.00	0.06	3.77	85.51	89.45	0.00	41	0	42	0.00	0.00	64.51	7.61	0.00	0.00	2000
224	10.96	2038	2108	0.00	195	0	0	0	nan	0.02	1.50	6.74	81.34	89.04	0.00	41	0	42	0.00	0.00	64.97	7.45	0.00	0.00	2000
229	10.42	2166	2134	0.00	214	0	0	0	nan	0.00	1.74	9.44	80.03	89.58	0.00	41	0	42	0.00	0.00	67.66	7.74	0.00	0.00	2000
221	10.76	2048	2108	0.00	196	0	0	1	82.00	0.00	0.00	8.67	81.03	89.24	0.00	41	0	42	0.00	0.00	65.46	7.54	0.00	0.00	2000
218	10.91	2066	2032	0.71	198	0	0	5	84.10	0.00	0.02	5.02	81.29	89.09	0.00	41	0	42	0.00	0.00	61.49	7.06	0.00	0.00	2000
223	10.38	2078	2173	0.01	196	0	0	0	nan	0.00	0.00	5.52	87.34	89.62	0.00	40	0	42	0.00	0.00	66.56	8.05	0.00	0.00	2000
217	11.19	2065	1973	0.00	195	0	0	0	nan	0.00	0.00	5.39	78.14	88.81	0.00	40	0	42	0.00	0.00	63.50	8.71	0.00	0.00	2000
226	10.63	2074	2154	0.00	217	0	0	0	nan	0.01	0.72	6.78	84.24	89.37	0.00	40	0	42	0.00	0.00	65.86	8.11	0.00	0.00	2000
223	10.64	2066	2129	0.00	210	0	0	0	nan	0.01	0.00	5.99	84.69	89.36	0.00	40	0	43	0.00	0.00	66.94	7.78	0.00	0.00	2000
218	10.58	2035	2128	0.00	203	0	0	0	nan	0.00	0.00	5.20	85.55	89.42	0.00	38	0	42	0.00	0.00	64.29	7.54	0.00	0.00	2000
124	8.61	1467	2059	0.00	206	0	0	0	nan	0.00	0.00	5.83	83.85	91.39	0.00	37	0	43	0.00	0.00	59.74	7.34	0.00	0.00	2000
105	7.69	1345	2122	0.00	241	0	0	0	nan	0.00	0.07	6.78	86.41	92.31	0.00	37	0	42	0.00	0.00	59.87	7.41	0.00	0.00	2000
78	7.27	1069	2117	0.00	193	0	0	0	nan	0.00	0.00	4.64	88.79	92.73	0.00	37	0	42	0.00	0.00	59.09	7.44	0.00	0.00	2000
72	6.80	1060	2084	0.00	195	0	0	0	nan	0.00	0.00	3.98	88.62	93.20	0.00	37	0	42	0.00	0.00	61.07	7.72	0.00	0.00	2000
72	6.53	1109	2102	0.00	194	0	0	0	nan	0.00	0.03	1.74	91.78	93.47	0.00	37	0	42	0.00	0.00	57.18	7.00	0.00	0.00	2000
175	10.77	1550	2199	0.00	49	0	0	0	nan	0.00	0.08	16.82	76.63	89.23	0.00	37	0	43	0.00	0.00	66.32	7.91	0.00	0.00	2000
