Avg_MHz	Busy%	Bzy_MHz	TSC_MHz	IPC	IRQ	NMI	SMI	LLCMRPS	LLC%hit	POLL%	C1%	C1E%	C6%	CPU%c1	CPU%c6	CoreTmp	CoreThr	PkgTmp	Pkg%pc2	Pkg%pc6	PkgWatt	RAMWatt	PKG_%	RAM_%	UncMHz
237	13.50	1812	2037	0.00	253	0	0	0	nan	0.00	0.03	23.12	60.71	86.50	0.00	38	0	42	0.00	0.00	59.86	7.32	0.00	0.00	2000
375	16.53	2116	2252	0.00	232	0	0	0	nan	0.02	2.23	16.43	71.18	83.47	0.00	38	0	42	0.00	0.00	73.93	8.12	0.00	0.00	2000
81	7.35	1096	2107	0.00	195	0	0	0	nan	0.00	0.00	12.33	80.65	92.65	0.00	37	0	42	0.00	0.00	62.19	7.50	0.00	0.00	2000
74	6.60	1113	2101	0.00	193	0	0	0	nan	0.00	0.02	3.02	90.40	93.40	0.00	37	0	42	0.00	0.00	56.71	7.20	0.00	0.00	2000
74	6.66	1103	2102	0.00	193	0	0	0	nan	0.00	0.01	3.16	90.35	93.34	0.00	37	0	42	0.00	0.00	61.18	7.76	0.00	0.00	2000
73	6.59	1106	2098	0.00	195	0	0	0	nan	0.00	0.00	3.15	90.16	93.41	0.00	37	0	42	0.00	0.00	57.07	7.02	0.00	0.00	2000
73	6.51	1125	2095	0.00	194	0	0	0	nan	0.00	0.02	3.55	89.71	93.49	0.00	37	0	42	0.00	0.00	57.70	7.41	0.00	0.00	2000
73	6.58	1106	2104	0.00	192	0	0	0	nan	0.00	0.04	2.61	90.92	93.42	0.00	37	0	42	0.00	0.00	59.81	7.35	0.00	0.00	2000
73	6.56	1113	2093	0.00	194	0	0	0	nan	0.00	0.00	2.77	90.43	93.44	0.00	37	0	42	0.00	0.00	60.37	7.65	0.00	0.00	2000
72	6.53	1103	2104	0.00	194	0	0	0	nan	0.00	0.03	2.37	91.24	93.47	0.00	37	0	42	0.00	0.00	58.48	7.54	0.00	0.00	2000
73	6.81	1078	2077	0.00	195	0	0	0	nan	0.00	0.00	3.26	88.98	93.19	0.00	37	0	42	0.00	0.00	57.03	7.24	0.00	0.00	2000
72	6.90	1027	2128	0.00	209	0	0	0	nan	0.00	0.00	3.93	90.53	93.10	0.00	37	0	42	0.00	0.00	59.17	7.43	0.00	0.00	2000
71	6.80	1065	2071	0.00	193	0	0	0	nan	0.00	0.02	2.98	88.94	93.20	0.00	37	0	43	0.00	0.00	57.26	7.47	0.00	0.00	2000
71	6.77	1051	2104	0.00	194	0	0	0	nan	0.00	0.00	3.91	89.59	93.23	0.00	37	0	43	0.00	0.00	59.09	7.39	0.00	0.00	2000
81	7.08	1126	2121	0.00	195	0	0	0	nan	0.00	0.02	2.93	90.99	92.92	0.00	37	0	43	0.00	0.00	61.10	7.72	0.00	0.00	2000
72	6.66	1080	2096	0.00	194	0	0	1	88.79	0.00	0.03	3.06	90.27	93.34	0.00	37	0	43	0.00	0.00	56.67	7.23	0.00	0.00	2000
73	6.76	1090	2075	0.28	194	0	0	2	86.52	0.00	0.00	2.39	89.77	93.24	0.00	37	0	42	0.00	0.00	59.07	7.48	0.00	0.00	2000
71	6.94	1026	2106	0.00	209	0	0	0	nan	0.00	0.00	4.17	89.17	93.06	0.00	37	0	43	0.00	0.00	58.32	7.39	0.00	0.00	2000
152	9.06	1657	2122	0.00	213	0	0	0	nan	0.00	0.03	5.88	86.15	90.94	0.00	38	0	42	0.00	0.00	64.59	7.81	0.00	0.00	2000
228	10.86	2110	2087	0.00	207	0	0	0	nan	0.00	0.02	3.94	84.73	89.14	0.00	40	0	42	0.00	0.00	59.91	6.88	0.00	0.00	2000
230	11.15	2063	2101	0.00	202	0	0	0	nan	0.00	0.00	2.34	86.70	88.85	0.00	40	0	43	0.00	0.00	64.85	7.44	0.00	0.00	2000
236	11.32	2061	2121	0.00	211	0	0	0	nan	0.00	0.00	3.42	86.30	88.68	0.00	40	0	43	0.00	0.00	65.86	7.48	0.00	0.00	2000
232	11.33	2056	2088	0.00	198	0	0	0	nan	0.00	0.00	5.01	83.33	88.67	0.00	39	0	42	0.00	0.00	64.83	7.58	0.00	0.00	2000
229	11.25	2054	2082	0.00	198	0	0	0	nan	0.00	0.02	5.89	82.14	88.75	0.00	38	0	43	0.00	0.00	64.57	7.56	0.00	0.00	2000
232	11.07	2086	2113	0.00	197	0	0	0	nan	0.00	0.00	4.32	85.30	88.93	0.00	38	0	43	0.00	0.00	68.65	8.17	0.00	0.00	2000
234	11.24	2067	2115	0.00	198	0	0	0	nan	0.00	0.00	5.35	84.27	88.76	0.00	37	0	42	0.00	0.00	64.70	7.55	0.00	0.00	2000
233	11.31	2062	2097	0.00	198	0	0	0	nan	0.00	0.02	4.82	83.93	88.69	0.00	37	0	43	0.00	0.00	65.90	7.75	0.00	0.00	2000
228	11.10	2062	2088	0.00	200	0	0	0	nan	0.00	0.00	5.38	83.17	88.90	0.00	38	0	42	0.00	0.00	65.97	7.56	0.00	0.00	2000
227	11.53	1999	2068	0.00	196	0	0	0	nan	0.00	0.00	4.01	83.30	88.47	0.00	38	0	42	0.00	0.00	61.56	7.05	0.00	0.00	2000
232	11.04	2057	2147	0.00	213	0	0	0	nan	0.03	0.03	2.75	88.39	88.96	0.00	38	0	43	0.00	0.00	68.35	7.91	0.00	0.00	2000
228	11.14	2074	2067	0.00	195	0	0	0	nan	0.00	0.00	4.44	83.16	88.86	0.00	38	0	42	0.00	0.00	63.02	7.28	0.00	0.00	2000
227	11.38	2026	2072	0.00	203	0	0	0	nan	0.00	0.01	4.55	83.08	88.62	0.00	38	0	43	0.00	0.00	62.48	7.21	0.00	0.00	2000
228	11.03	2046	2120	0.00	211	0	0	5	93.83	0.00	0.04	5.09	84.84	88.97	0.00	39	0	42	0.00	0.00	67.80	7.77	0.00	0.00	2000
233	11.38	2016	2134	0.59	211	0	0	17	88.13	0.00	0.02	5.49	84.69	88.62	0.00	39	0	43	0.00	0.00	68.50	7.77	0.00	0.00	2000
229	11.37	2016	2095	0.00	197	0	0	0	nan	0.00	0.00	5.81	82.82	88.63	0.00	39	0	42	0.00	0.00	64.27	7.24	0.00	0.00	2000
229	11.12	2086	2077	0.00	196	0	0	0	nan	0.00	0.00	6.43	81.55	88.88	0.00	39	0	42	0.00	0.00	62.44	7.21	0.00	0.00	2000
231	10.94	2088	2122	0.00	202	0	0	0	nan	0.00	0.00	4.03	86.02	89.06	0.00	39	0	42	0.00	0.00	64.95	7.60	0.00	0.00	2000
233	11.10	2080	2117	0.00	194	0	0	0	nan	0.00	0.03	3.46	86.26	88.90	0.00	39	0	43	0.00	0.00	66.17	7.60	0.00	0.00	2000
232	10.91	2127	2096	0.00	196	0	0	0	nan	0.00	0.02	4.12	84.83	89.09	0.00	39	0	42	0.00	0.00	65.45	7.46	0.00	0.00	2000
228	10.92	2123	2062	0.00	202	0	0	0	nan	0.00	0.02	5.69	81.90	89.08	0.00	38	0	42	0.00	0.00	63.82	7.36	0.00	0.00	2000
233	11.50	2032	2095	0.00	198	0	0	0	nan	0.00	0.00	6.24	82.25	88.50	0.00	37	0	42	0.00	0.00	63.12	7.44	0.00	0.00	2000
235	11.20	2049	2152	0.00	214	0	0	0	nan	0.00	1.03	4.09	85.96	88.80	0.00	37	0	43	0.00	0.00	70.21	8.25	0.00	0.00	2000
229	11.16	2064	2091	0.00	196	0	0	0	nan	0.00	0.02	5.76	82.81	88.84	0.00	38	0	43	0.00	0.00	64.25	7.42	0.00	0.00	2000
231	10.92	2106	2110	0.00	195	0	0	0	nan	0.00	1.00	4.15	84.50	89.08	0.00	38	0	42	0.00	0.00	65.25	7.57	0.00	0.00	2000
232	11.24	2062	2101	0.00	195	0	0	0	nan	0.00	0.00	4.49	84.43	88.76	0.00	39	0	43	0.00	0.00	66.45	7.62	0.00	0.00	2000
233	10.99	2121	2100	0.00	199	0	0	0	nan	0.00	0.00	6.48	82.73	89.01	0.00	39	0	42	0.00	0.00	66.70	7.69	0.00	0.00	2000
230	11.30	2038	2096	0.00	196	0	0	0	nan	0.00	0.02	5.94	82.74	88.70	0.00	39	0	42	0.00	0.00	64.59	7.51	0.00	0.00	2000
229	11.20	2042	2102	0.00	196	0	0	0	nan	0.00	0.02	5.47	83.51	88.80	0.00	39	0	43	0.00	0.00	65.10	7.48	0.00	0.00	2000
228	11.10	2064	2091	0.00	197	0	0	0	nan	0.00	0.02	5.72	82.80	88.90	0.00	39	0	42	0.00	0.00	64.42	7.32	0.00	0.00	2000
225	11.16	2042	2076	0.00	196	0	0	4	92.31	0.00	0.02	4.40	83.59	88.84	0.00	39	0	42	0.00	0.00	62.71	7.28	0.00	0.00	2000
248	11.99	2040	2129	0.55	197	0	0	18	78.43	0.00	0.03	6.15	83.22	88.01	0.00	39	0	43	0.00	0.00	65.83	7.67	0.00	0.00	2000
228	11.15	2108	2037	0.00	202	0	0	0	nan	0.00	0.03	4.68	81.63	88.85	0.00	37	0	43	0.00	0.00	61.66	7.30	0.00	0.00	2000
235	11.21	2035	2159	0.00	217	0	0	0	nan	0.00	1.51	4.33	85.68	88.79	0.00	38	0	42	0.00	0.00	67.63	7.87	0.00	0.00	2000
232	10.96	2115	2102	0.00	198	0	0	0	nan	0.00	0.00	7.73	81.45	89.04	0.00	39	0	42	0.00	0.00	65.56	7.59	0.00	0.00	2000
232	11.19	2064	2112	0.00	196	0	0	0	nan	0.00	0.05	4.79	84.58	88.81	0.00	39	0	42	0.00	0.00	66.76	7.70	0.00	0.00	2000
243	11.58	2097	2099	0.00	231	0	0	0	nan	0.06	0.01	8.25	80.12	88.42	0.00	39	0	43	0.00	0.00	65.18	7.58	0.00	0.00	2000
231	11.15	2077	2095	0.00	196	0	0	0	nan	0.00	0.01	6.58	82.18	88.85	0.00	39	0	42	0.00	0.00	63.95	7.61	0.00	0.00	2000
226	11.02	2081	2068	0.00	196	0	0	0	nan	0.00	0.02	4.39	83.32	88.98	0.00	38	0	43	0.00	0.00	65.49	7.57	0.00	0.00	2000
232	11.31	2029	2128	0.00	211	0	0	0	nan	0.00	0.06	5.18	84.81	88.69	0.00	39	0	42	0.00	0.00	67.96	7.88	0.00	0.00	2000
230	11.39	2048	2071	0.00	200	0	0	0	nan	0.00	0.00	6.34	81.15	88.61	0.00	39	0	42	0.00	0.00	59.93	7.07	0.00	0.00	2000
232	11.14	2063	2119	0.00	204	0	0	0	nan	0.00	0.00	6.68	83.18	88.86	0.00	38	0	43	0.00	0.00	65.28	7.58	0.00	0.00	2000
234	11.12	2098	2110	0.00	214	0	0	0	nan	0.00	0.00	8.57	80.90	88.88	0.00	38	0	43	0.00	0.00	69.35	8.17	0.00	0.00	2000
224	10.69	2089	2103	0.00	196	0	0	0	nan	0.00	0.00	5.68	83.80	89.31	0.00	39	0	42	0.00	0.00	64.72	7.46	0.00	0.00	2000
223	10.86	2053	2102	0.00	200	0	0	0	nan	0.00	0.00	5.05	84.21	89.14	0.00	39	0	43	0.00	0.00	65.15	7.42	0.00	0.00	2000
224	11.13	2030	2085	0.00	197	0	0	0	nan	0.01	0.00	6.84	81.56	88.87	0.00	39	0	42	0.00	0.00	64.12	7.52	0.00	0.00	2000
223	10.79	2064	2099	0.00	201	0	0	0	nan	0.00	0.06	5.37	83.89	89.21	0.00	39	0	43	0.00	0.00	64.46	7.37	0.00	0.00	2000
223	10.95	2029	2111	0.00	195	0	0	10	93.51	0.00	0.04	3.03	86.60	89.05	0.00	39	0	42	0.00	0.00	64.57	7.64	0.00	0.00	2000
223	10.94	2048	2096	0.63	196	0	0	12	93.17	0.00	0.02	4.92	84.06	89.06	0.00	39	0	43	0.00	0.00	64.69	7.47	0.00	0.00	2000
224	10.89	2046	2114	0.00	200	0	0	0	nan	0.00	0.00	5.81	83.98	89.11	0.00	39	0	42	0.00	0.00	65.58	7.57	0.00	0.00	2000
226	10.80	2111	2082	0.00	195	0	0	0	nan	0.00	0.09	6.35	82.03	89.20	0.00	39	0	42	0.00	0.00	65.36	7.47	0.00	0.00	2000
223	10.78	2065	2107	0.00	197	0	0	0	nan	0.00	0.77	8.32	80.58	89.22	0.00	39	0	43	0.00	0.00	65.13	7.45	0.00	0.00	2000
225	10.69	2097	2107	0.00	196	0	0	0	nan	0.00	0.02	7.33	82.30	89.31	0.00	39	0	43	0.00	0.00	60.34	7.13	0.00	0.00	2000
224	10.64	2102	2099	0.00	198	0	0	0	nan	0.00	0.00	6.16	83.22	89.36	0.00	39	0	43	0.00	0.00	65.41	7.64	0.00	0.00	2000
220	11.14	2088	1985	0.00	198	0	0	0	nan	0.00	0.02	4.19	79.79	88.86	0.00	39	0	42	0.00	0.00	60.83	7.17	0.00	0.00	2000
230	10.52	2062	2229	0.00	196	0	0	0	nan	0.00	0.00	4.99	90.06	89.48	0.00	39	0	42	0.00	0.00	70.87	8.37	0.00	0.00	2000
220	10.76	2045	2102	0.00	197	0	0	0	nan	0.00	0.00	6.66	82.75	89.24	0.00	40	0	42	0.00	0.00	65.39	7.94	0.00	0.00	2000
619	27.54	2488	1896	0.00	209	0	0	0	nan	0.00	0.00	3.74	61.79	72.46	0.00	38	0	42	0.00	0.00	63.93	7.72	0.00	0.00	2000
688	27.28	2500	2120	0.00	262	0	0	0	nan	0.00	0.00	3.87	69.66	72.72	0.00	38	0	42	0.00	0.00	69.36	7.61	0.00	0.00	2000
688	27.47	2500	2103	0.00	249	0	0	0	nan	0.00	0.00	5.43	67.32	72.53	0.00	38	0	42	0.00	0.00	73.60	8.11	0.00	0.00	2000
690	27.63	2500	2096	0.00	247	0	0	0	nan	0.00	0.88	3.86	67.67	72.37	0.00	39	0	42	0.00	0.00	71.32	7.58	0.00	0.00	2000
680	28.06	2500	2035	0.00	250	0	0	0	nan	0.00	0.01	5.18	64.66	71.94	0.00	39	0	43	0.00	0.00	65.84	7.48	0.00	0.00	2000
701	27.46	2500	2145	0.00	259	0	0	0	nan	0.00	0.00	5.02	69.18	72.54	0.00	39	0	42	0.00	0.00	74.56	8.04	0.00	0.00	2000
690	27.56	2500	2104	0.20	248	0	0	78	86.99	0.00	0.00	6.50	66.20	72.44	0.00	39	0	42	0.00	0.00	71.62	7.89	0.00	0.00	2000
692	27.72	2500	2098	0.05	248	0	0	0	nan	0.00	0.00	5.02	67.32	72.28	0.00	39	0	43	0.00	0.00	72.27	7.98	0.00	0.00	2000
445	16.92	2358	2344	0.00	262	0	0	0	nan	0.00	0.00	9.47	83.39	83.08	0.00	39	0	42	0.00	0.00	79.38	8.90	0.00	0.00	2000
233	11.01	2099	2115	0.00	205	0	0	0	nan	0.00	0.00	7.11	82.63	88.99	0.00	38	0	43	0.00	0.00	69.07	8.13	0.00	0.00	2000
224	10.76	2086	2097	0.00	211	0	0	0	nan	0.00	0.00	6.13	83.05	89.24	0.00	38	0	42	0.00	0.00	60.45	7.06	0.00	0.00	2000
224	10.71	2084	2112	0.00	201	0	0	0	nan	0.00	0.00	5.76	84.09	89.29	0.00	39	0	43	0.00	0.00	66.48	7.83	0.00	0.00	2000
223	10.80	2068	2098	0.00	198	0	0	0	nan	0.00	0.00	4.68	84.43	89.20	0.00	39	0	43	0.00	0.00	65.57	7.79	0.00	0.00	2000
217	11.28	2062	1962	0.00	181	0	0	0	nan	0.00	0.00	5.45	77.49	88.72	0.00	38	0	42	0.00	0.00	60.13	7.28	0.00	0.00	2000
227	10.48	2020	2251	0.00	212	0	0	0	nan	0.00	0.00	5.30	90.73	89.52	0.00	39	0	42	0.00	0.00	70.48	8.36	0.00	0.00	2000
222	11.07	2007	2097	0.00	195	0	0	0	nan	0.00	0.00	6.64	82.33	88.93	0.00	39	0	43	0.00	0.00	64.62	7.79	0.00	0.00	2000
226	11.08	2032	2104	0.00	199	0	0	0	nan	0.00	0.88	4.29	84.03	88.92	0.00	39	0	43	0.00	0.00	60.71	7.08	0.00	0.00	2000
224	10.52	2130	2100	0.00	196	0	0	0	nan	0.00	1.42	6.76	81.49	89.48	0.00	39	0	43	0.00	0.00	67.43	7.80	0.00	0.00	2000
222	10.55	2108	2096	0.00	196	0	0	0	nan	0.00	0.40	7.07	81.85	89.45	0.00	39	0	42	0.00	0.00	65.36	7.69	0.00	0.00	2000
232	11.02	2105	2103	0.00	198	0	0	0	nan	0.00	0.00	7.28	81.93	88.98	0.00	39	0	42	0.00	0.00	63.14	7.51	0.00	0.00	2000
223	10.77	2066	2103	0.00	197	0	0	0	nan	0.00	0.00	6.10	83.34	89.23	0.00	39	0	42	0.00	0.00	66.42	7.82	0.00	0.00	2000
225	10.89	2069	2095	0.00	182	0	0	0	nan	0.00	0.00	5.94	83.13	89.11	0.00	39	0	42	0.00	0.00	65.64	7.74	0.00	0.00	2000
224	11.10	2022	2099	0.00	220	0	0	3	59.14	0.00	0.02	6.54	82.38	88.90	0.00	39	0	42	0.00	0.00	64.14	7.41	0.00	0.00	2000
224	10.83	2065	2103	0.47	196	0	0	6	53.02	0.00	0.00	5.86	83.39	89.17	0.00	39	0	43	0.00	0.00	62.72	7.43	0.00	0.00	2000
222	10.80	2059	2097	0.00	195	0	0	0	nan	0.00	0.00	6.32	82.86	89.20	0.00	39	0	43	0.00	0.00	64.43	7.71	0.00	0.00	2000
220	11.03	2067	2024	0.00	196	0	0	0	nan	0.00	0.00	4.36	81.42	88.97	0.00	39	0	43	0.00	0.00	62.85	7.34	0.00	0.00	2000
215	10.44	2010	2155	0.00	203	0	0	0	nan	0.00	0.00	5.66	86.36	89.56	0.00	38	0	42	0.00	0.00	68.84	8.14	0.00	0.00	2000
175	10.43	1669	2105	0.00	261	0	0	0	nan	0.00	0.05	7.45	82.36	89.57	0.00	37	0	43	0.00	0.00	62.85	7.48	0.00	0.00	2000
79	6.79	1163	2104	0.00	194	0	0	0	nan	0.00	0.02	4.19	89.05	93.21	0.00	37	0	42	0.00	0.00	59.94	7.51	0.00	0.00	2000
73	6.66	1098	2095	0.00	195	0	0	0	nan	0.00	0.00	3.01	90.15	93.34	0.00	37	0	42	0.00	0.00	54.47	6.95	0.00	0.00	2000
75	6.42	1163	2114	0.00	193	0	0	0	nan	0.00	0.02	2.44	91.63	93.58	0.00	37	0	42	0.00	0.00	60.27	7.75	0.00	0.00	2000
74	6.10	1220	2099	0.00	193	0	0	0	nan	0.00	0.00	3.08	90.67	93.90	0.00	37	0	42	0.00	0.00	59.95	7.52	0.00	0.00	2000
