Avg_MHz	Busy%	Bzy_MHz	TSC_MHz	IPC	IRQ	NMI	SMI	LLCMRPS	LLC%hit	POLL%	C1%	C1E%	C6%	CPU%c1	CPU%c6	CoreTmp	CoreThr	PkgTmp	Pkg%pc2	Pkg%pc6	PkgWatt	RAMWatt	PKG_%	RAM_%	UncMHz
194	12.27	1632	2038	0.00	274	0	0	0	nan	0.00	0.03	16.78	68.42	87.73	0.00	37	0	42	0.00	0.00	57.76	7.33	0.00	0.00	2000
400	16.96	2211	2243	0.00	259	0	0	0	nan	0.05	1.37	14.54	73.08	83.04	0.00	38	0	43	0.00	0.00	79.10	8.80	0.00	0.00	2000
80	6.87	1144	2129	0.00	194	0	0	0	nan	0.00	0.00	8.99	85.39	93.13	0.00	37	0	42	0.00	0.00	58.52	7.49	0.00	0.00	2000
73	6.28	1161	2117	0.00	194	0	0	0	nan	0.00	0.00	2.76	91.68	93.72	0.00	37	0	42	0.00	0.00	60.26	7.75	0.00	0.00	2000
74	6.59	1127	2096	0.00	193	0	0	0	nan	0.00	0.00	3.20	90.04	93.41	0.00	37	0	42	0.00	0.00	58.57	7.51	0.00	0.00	2000
71	6.47	1119	2068	0.00	195	0	0	0	nan	0.00	0.00	2.75	89.32	93.53	0.00	37	0	42	0.00	0.00	56.89	6.89	0.00	0.00	2000
74	6.58	1111	2131	0.00	195	0	0	0	nan	0.00	0.00	2.11	92.66	93.42	0.00	37	0	42	0.00	0.00	59.44	7.84	0.00	0.00	2000
74	6.73	1093	2100	0.00	194	0	0	0	nan	0.00	0.03	3.55	89.69	93.27	0.00	37	0	42	0.00	0.00	56.19	7.12	0.00	0.00	2000
73	6.74	1082	2104	0.00	197	0	0	0	nan	0.00	0.00	3.88	89.56	93.26	0.00	37	0	42	0.00	0.00	60.66	7.77	0.00	0.00	2000
72	6.52	1112	2080	0.00	193	0	0	0	nan	0.00	0.03	2.70	89.95	93.48	0.00	37	0	43	0.00	0.00	57.70	7.34	0.00	0.00	2000
75	6.45	1154	2119	0.00	195	0	0	0	nan	0.00	0.02	2.49	91.84	93.55	0.00	37	0	43	0.00	0.00	57.18	7.23	0.00	0.00	2000
105	7.83	1361	2064	0.00	193	0	0	0	nan	0.00	0.01	2.73	87.89	92.17	0.00	37	0	43	0.00	0.00	57.61	7.39	0.00	0.00	2000
75	6.68	1099	2137	0.00	193	0	0	0	nan	0.00	0.00	2.21	92.66	93.32	0.00	37	0	42	0.00	0.00	59.88	7.47	0.00	0.00	2000
71	6.66	1067	2090	0.00	194	0	0	0	nan	0.00	0.00	2.93	90.04	93.34	0.00	37	0	43	0.00	0.00	55.41	7.04	0.00	0.00	2000
74	6.50	1134	2098	0.00	193	0	0	0	nan	0.00	0.02	2.22	91.13	93.50	0.00	37	0	42	0.00	0.00	60.58	7.72	0.00	0.00	2000
71	6.44	1103	2108	0.00	192	0	0	1	87.50	0.01	0.02	2.52	91.37	93.56	0.00	37	0	42	0.00	0.00	60.95	7.76	0.00	0.00	2000
73	6.54	1126	2092	0.30	193	0	0	1	88.80	0.00	0.02	2.65	90.51	93.46	0.00	37	0	42	0.00	0.00	56.48	7.36	0.00	0.00	2000
73	6.50	1116	2108	0.00	193	0	0	0	nan	0.00	0.02	2.33	91.58	93.50	0.00	37	0	43	0.00	0.00	56.43	7.19	0.00	0.00	2000
133	7.77	1713	2099	0.00	210	0	0	0	nan	0.01	0.02	4.37	87.75	92.23	0.00	38	0	42	0.00	0.00	64.56	7.99	0.00	0.00	2000
230	11.06	2074	2107	0.00	204	0	0	0	nan	0.01	0.00	3.55	85.76	88.94	0.00	39	0	43	0.00	0.00	60.69	6.92	0.00	0.00	2000
230	11.05	2083	2100	0.00	202	0	0	0	nan	0.00	0.01	3.14	85.94	88.95	0.00	40	0	42	0.00	0.00	65.87	7.69	0.00	0.00	2000
226	10.78	2113	2086	0.00	203	0	0	0	nan	0.01	0.00	3.37	85.29	89.22	0.00	40	0	42	0.00	0.00	65.31	7.54	0.00	0.00	2000
234	11.79	2018	2068	0.00	207	0	0	0	nan	0.00	0.02	4.73	82.34	88.21	0.00	40	0	42	0.00	0.00	60.59	7.02	0.00	0.00	2000
230	10.98	2061	2134	0.00	211	0	0	0	nan	0.00	0.00	7.45	83.16	89.02	0.00	37	0	42	0.00	0.00	69.40	8.23	0.00	0.00	2000
233	11.27	2059	2110	0.00	198	0	0	0	nan	0.00	0.02	4.71	84.51	88.73	0.00	37	0	42	0.00	0.00	65.07	7.78	0.00	0.00	2000
231	11.44	2022	2100	0.00	197	0	0	0	nan	0.00	0.00	4.81	83.95	88.56	0.00	37	0	42	0.00	0.00	65.29	7.73	0.00	0.00	2000
234	10.93	2138	2104	0.00	196	0	0	0	nan	0.00	0.00	5.15	84.12	89.07	0.00	37	0	42	0.00	0.00	67.08	7.91	0.00	0.00	2000
231	11.06	2110	2076	0.00	203	0	0	0	nan	0.01	0.00	6.18	81.73	88.94	0.00	38	0	42	0.00	0.00	66.37	7.68	0.00	0.00	2000
228	11.33	2025	2086	0.00	200	0	0	0	nan	0.00	0.00	6.27	81.91	88.67	0.00	38	0	42	0.00	0.00	61.53	6.98	0.00	0.00	2000
228	11.27	2025	2094	0.00	199	0	0	0	nan	0.00	0.00	4.32	84.32	88.73	0.00	38	0	42	0.00	0.00	65.11	7.57	0.00	0.00	2000
228	10.99	2088	2086	0.00	212	0	0	0	nan	0.00	0.00	3.39	85.07	89.01	0.00	38	0	42	0.00	0.00	63.74	7.30	0.00	0.00	2000
234	11.00	2089	2135	0.00	197	0	0	0	nan	0.00	0.00	6.34	84.15	89.00	0.00	38	0	42	0.00	0.00	65.18	7.42	0.00	0.00	2000
232	11.36	2058	2081	0.00	200	0	0	7	94.69	0.00	0.02	4.90	82.98	88.64	0.00	38	0	42	0.00	0.00	63.53	7.14	0.00	0.00	2000
225	10.84	2076	2101	0.68	211	0	0	12	96.59	0.00	0.02	5.34	83.91	89.16	0.00	39	0	42	0.00	0.00	66.63	7.44	0.00	0.00	2000
239	11.24	2104	2124	0.00	200	0	0	0	nan	0.00	0.02	5.02	84.78	88.76	0.00	39	0	42	0.00	0.00	64.37	7.47	0.00	0.00	2000
233	11.26	2087	2083	0.00	197	0	0	0	nan	0.00	0.00	5.26	82.81	88.74	0.00	38	0	42	0.00	0.00	64.12	7.19	0.00	0.00	2000
231	11.18	2095	2069	0.00	222	0	0	0	nan	0.00	0.00	6.08	81.52	88.82	0.00	37	0	42	0.00	0.00	65.45	7.60	0.00	0.00	2000
231	10.81	2074	2165	0.00	214	0	0	0	nan	0.00	0.00	6.31	85.68	89.19	0.00	38	0	42	0.00	0.00	68.45	8.05	0.00	0.00	2000
230	11.09	2089	2087	0.00	197	0	0	0	nan	0.00	0.00	5.04	83.38	88.91	0.00	38	0	42	0.00	0.00	65.16	7.41	0.00	0.00	2000
227	11.25	2034	2082	0.00	199	0	0	0	nan	0.00	0.01	4.97	83.22	88.75	0.00	39	0	43	0.00	0.00	63.30	7.38	0.00	0.00	2000
235	11.01	2115	2124	0.00	203	0	0	0	nan	0.00	0.00	3.90	86.06	88.99	0.00	39	0	42	0.00	0.00	63.81	7.27	0.00	0.00	2000
228	10.94	2120	2069	0.00	196	0	0	0	nan	0.00	0.03	5.17	82.49	89.06	0.00	39	0	42	0.00	0.00	66.66	7.70	0.00	0.00	2000
230	11.31	2031	2103	0.00	213	0	0	0	nan	0.02	0.00	5.41	83.42	88.69	0.00	38	0	42	0.00	0.00	65.62	7.58	0.00	0.00	2000
233	11.15	2092	2095	0.00	198	0	0	0	nan	0.00	0.06	2.93	85.71	88.85	0.00	38	0	42	0.00	0.00	64.09	7.57	0.00	0.00	2000
233	11.49	1988	2141	0.00	214	0	0	0	nan	0.00	0.00	5.28	85.13	88.51	0.00	39	0	43	0.00	0.00	67.73	7.72	0.00	0.00	2000
231	11.12	2076	2101	0.00	203	0	0	0	nan	0.00	0.02	5.81	83.16	88.88	0.00	39	0	42	0.00	0.00	65.42	7.56	0.00	0.00	2000
223	11.17	2056	2041	0.00	197	0	0	0	nan	0.00	0.00	5.59	80.75	88.83	0.00	37	0	42	0.00	0.00	60.21	7.07	0.00	0.00	2000
242	11.18	2104	2160	0.00	232	0	0	0	nan	0.00	0.05	7.67	83.79	88.82	0.00	38	0	42	0.00	0.00	69.36	8.07	0.00	0.00	2000
228	11.27	2020	2102	0.00	199	0	0	0	nan	0.00	0.00	8.00	80.90	88.73	0.00	39	0	43	0.00	0.00	64.64	7.41	0.00	0.00	2000
225	10.94	2059	2100	0.22	202	0	0	3	60.20	0.00	0.00	7.34	81.78	89.06	0.00	40	0	42	0.00	0.00	65.17	7.65	0.00	0.00	2000
225	10.92	2059	2102	0.75	196	0	0	2	84.89	0.04	0.00	7.62	81.67	89.08	0.00	40	0	42	0.00	0.00	65.84	7.98	0.00	0.00	2000
225	10.90	2070	2094	0.00	199	0	0	0	nan	0.00	0.00	7.84	81.14	89.10	0.00	39	0	42	0.00	0.00	64.77	7.59	0.00	0.00	2000
222	10.83	2044	2103	0.00	194	0	0	0	nan	0.00	0.01	5.51	83.89	89.17	0.00	40	0	42	0.00	0.00	62.35	7.34	0.00	0.00	2000
228	11.23	2168	1970	0.00	228	0	0	0	nan	0.00	1.60	9.39	72.47	88.77	0.00	40	0	42	0.00	0.00	59.34	6.91	0.00	0.00	2000
230	10.71	2012	2243	0.00	213	0	0	0	nan	0.01	0.00	7.37	88.11	89.29	0.00	40	0	42	0.00	0.00	70.81	8.30	0.00	0.00	2000
224	10.61	2112	2101	0.00	198	0	0	0	nan	0.00	0.00	5.39	84.20	89.39	0.00	40	0	42	0.00	0.00	66.53	7.84	0.00	0.00	2000
219	10.97	2113	1979	0.00	194	0	0	0	nan	0.00	0.06	2.95	80.97	89.03	0.00	40	0	42	0.00	0.00	59.83	7.01	0.00	0.00	2000
228	10.26	2093	2226	0.00	196	0	0	0	nan	0.00	0.60	3.87	90.84	89.74	0.00	40	0	42	0.00	0.00	69.03	8.14	0.00	0.00	2000
222	10.78	2057	2101	0.00	196	0	0	0	nan	0.00	0.00	6.55	82.80	89.22	0.00	40	0	43	0.00	0.00	64.86	7.77	0.00	0.00	2000
226	10.64	2131	2098	0.00	197	0	0	0	nan	0.00	0.99	8.25	80.20	89.36	0.00	40	0	42	0.00	0.00	65.94	7.62	0.00	0.00	2000
223	10.73	2077	2103	0.00	196	0	0	0	nan	0.00	1.43	6.86	81.24	89.27	0.00	40	0	43	0.00	0.00	63.16	7.46	0.00	0.00	2000
224	10.89	2057	2096	0.00	180	0	0	0	nan	0.00	0.02	9.15	79.81	89.11	0.00	40	0	42	0.00	0.00	63.19	7.52	0.00	0.00	2000
222	10.81	2050	2102	0.00	213	0	0	0	nan	0.00	0.00	6.00	83.38	89.19	0.00	40	0	42	0.00	0.00	66.73	7.90	0.00	0.00	2000
224	10.72	2085	2102	0.00	197	0	0	0	nan	0.00	0.00	5.18	84.22	89.28	0.00	40	0	42	0.00	0.00	66.21	7.93	0.00	0.00	2000
224	11.01	2061	2074	0.00	196	0	0	0	nan	0.00	0.00	6.92	81.09	88.99	0.00	40	0	42	0.00	0.00	61.12	7.43	0.00	0.00	2000
219	10.67	2173	1988	0.00	197	0	0	0	nan	0.00	0.99	7.12	76.43	89.33	0.00	40	0	42	0.00	0.00	60.34	7.08	0.00	0.00	2000
221	10.70	2082	2080	0.11	197	0	0	2	58.80	0.00	0.00	5.77	82.81	89.30	0.00	40	0	42	0.00	0.00	64.59	7.69	0.00	0.00	2000
226	10.60	2017	2217	1.21	212	0	0	2	84.45	0.00	0.02	5.96	88.53	89.40	0.00	40	0	42	0.00	0.00	70.09	8.78	0.00	0.00	2000
223	10.92	2018	2124	0.00	199	0	0	0	nan	0.01	0.00	7.08	83.11	89.08	0.00	41	0	42	0.00	0.00	65.59	8.34	0.00	0.00	2000
243	11.84	2055	2098	0.00	196	0	0	0	nan	0.02	1.11	9.23	77.87	88.16	0.00	41	0	42	0.00	0.00	66.31	8.42	0.00	0.00	2000
217	11.19	2066	1970	0.00	197	0	0	0	nan	0.00	1.83	5.49	76.12	88.81	0.00	41	0	42	0.00	0.00	60.02	7.70	0.00	0.00	2000
224	10.37	2049	2216	0.00	212	0	0	0	nan	0.00	0.02	2.95	91.68	89.63	0.00	41	0	42	0.00	0.00	70.83	9.13	0.00	0.00	2000
222	10.64	2082	2100	0.00	196	0	0	0	nan	0.04	0.00	6.82	82.59	89.36	0.00	41	0	42	0.00	0.00	65.29	8.31	0.00	0.00	2000
225	10.77	2057	2131	0.00	201	0	0	0	nan	0.00	0.00	5.96	84.65	89.23	0.00	41	0	42	0.00	0.00	65.48	8.41	0.00	0.00	2000
222	10.34	2146	2101	0.00	195	0	0	0	nan	0.00	2.90	7.97	79.04	89.66	0.00	41	0	42	0.00	0.00	66.69	8.31	0.00	0.00	2000
220	10.92	2042	2067	0.00	197	0	0	0	nan	0.00	0.00	7.95	79.86	89.08	0.00	41	0	42	0.00	0.00	64.95	8.30	0.00	0.00	2000
222	10.79	2050	2111	0.00	197	0	0	0	nan	0.04	0.02	7.97	81.84	89.21	0.00	41	0	42	0.00	0.00	64.88	8.14	0.00	0.00	2000
221	10.58	2098	2090	0.00	196	0	0	0	nan	0.00	0.02	6.67	82.36	89.42	0.00	41	0	42	0.00	0.00	65.75	8.39	0.00	0.00	2000
223	10.78	2059	2110	0.00	198	0	0	0	nan	0.00	0.02	6.15	83.61	89.22	0.00	41	0	43	0.00	0.00	65.36	8.31	0.00	0.00	2000
223	10.71	2082	2099	0.00	199	0	0	0	nan	0.00	0.02	6.16	83.23	89.29	0.00	41	0	43	0.00	0.00	65.50	8.51	0.00	0.00	2000
221	10.98	2018	2096	0.00	198	0	0	0	nan	0.00	0.00	7.34	81.74	89.02	0.00	41	0	42	0.00	0.00	64.98	8.29	0.00	0.00	2000
221	10.58	2082	2105	0.00	195	0	0	0	nan	0.01	0.00	7.24	82.47	89.42	0.00	41	0	42	0.00	0.00	65.49	8.61	0.00	0.00	2000
220	10.81	2044	2089	0.00	196	0	0	0	nan	0.00	0.00	5.88	82.96	89.19	0.00	41	0	42	0.00	0.00	65.78	8.51	0.00	0.00	2000
221	10.55	2080	2114	0.01	198	0	0	16	10.93	0.00	0.02	6.55	83.56	89.45	0.00	41	0	42	0.00	0.00	65.55	8.50	0.00	0.00	2000
225	11.01	2013	2131	1.59	202	0	0	7	26.81	0.00	0.04	7.99	82.48	88.99	0.00	41	0	43	0.00	0.00	65.10	8.56	0.00	0.00	2000
221	11.00	2049	2055	0.00	195	0	0	0	nan	0.00	0.04	2.61	84.57	89.00	0.00	41	0	43	0.00	0.00	65.12	8.36	0.00	0.00	2000
221	10.48	2074	2139	0.00	195	0	0	0	nan	0.00	0.00	6.30	84.94	89.52	0.00	41	0	42	0.00	0.00	65.50	8.68	0.00	0.00	2000
220	10.62	2104	2069	0.00	195	0	0	0	nan	0.00	0.97	6.37	80.88	89.38	0.00	41	0	42	0.00	0.00	65.83	8.36	0.00	0.00	2000
220	10.76	2058	2090	0.00	199	0	0	0	nan	0.00	0.00	8.21	80.68	89.24	0.00	41	0	43	0.00	0.00	65.56	8.43	0.00	0.00	2000
225	10.78	2086	2102	0.00	201	0	0	0	nan	0.02	1.46	7.86	80.13	89.22	0.00	41	0	43	0.00	0.00	65.40	8.52	0.00	0.00	2000
217	11.10	2062	1990	0.00	198	0	0	0	nan	0.00	0.00	8.17	76.20	88.90	0.00	41	0	42	0.00	0.00	60.43	7.69	0.00	0.00	2000
225	10.57	2022	2209	0.00	214	0	0	0	nan	0.00	0.00	7.22	86.97	89.43	0.00	41	0	42	0.00	0.00	68.35	8.82	0.00	0.00	2000
222	10.70	2035	2137	0.00	198	0	0	0	nan	0.00	0.00	4.66	86.33	89.30	0.00	41	0	42	0.00	0.00	68.17	8.77	0.00	0.00	2000
223	11.04	2045	2074	0.00	195	0	0	0	nan	0.00	0.00	8.37	79.64	88.96	0.00	41	0	42	0.00	0.00	64.91	8.25	0.00	0.00	2000
224	10.68	2064	2132	0.00	197	0	0	0	nan	0.00	0.00	6.82	83.92	89.32	0.00	41	0	42	0.00	0.00	65.58	8.45	0.00	0.00	2000
222	10.93	2070	2057	0.00	198	0	0	0	nan	0.00	0.00	7.27	80.04	89.07	0.00	41	0	42	0.00	0.00	62.79	7.84	0.00	0.00	2000
222	10.40	2109	2125	0.00	196	0	0	0	nan	0.00	0.00	4.89	85.79	89.60	0.00	41	0	42	0.00	0.00	67.80	9.09	0.00	0.00	2000
220	10.78	2068	2070	0.00	196	0	0	0	nan	0.00	0.00	6.19	81.82	89.22	0.00	41	0	43	0.00	0.00	59.94	7.76	0.00	0.00	2000
222	10.63	2060	2130	0.00	195	0	0	0	nan	0.00	0.01	5.82	84.96	89.37	0.00	41	0	42	0.00	0.00	70.57	8.92	0.00	0.00	2000
223	11.00	2043	2084	0.00	197	0	0	0	nan	0.03	2.13	3.06	83.35	89.00	0.00	41	0	42	0.00	0.00	60.15	7.81	0.00	0.00	2000
221	10.53	2078	2125	0.00	196	0	0	14	13.95	0.00	0.00	6.04	84.55	89.47	0.00	41	0	42	0.00	0.00	71.14	9.18	0.00	0.00	2000
222	10.71	2071	2105	1.61	196	0	0	10	17.48	0.00	0.41	6.58	82.62	89.29	0.00	41	0	42	0.00	0.00	63.46	8.14	0.00	0.00	2000
223	10.88	2025	2122	0.00	197	0	0	0	nan	0.00	0.00	6.22	83.89	89.12	0.00	41	0	42	0.00	0.00	69.19	8.45	0.00	0.00	2000
321	16.40	2453	1674	0.00	216	0	0	0	nan	0.00	0.00	5.11	61.65	83.60	0.00	39	0	42	0.00	0.00	51.51	6.01	0.00	0.00	2000
248	9.52	2072	2639	0.00	253	0	0	0	nan	0.00	0.81	13.69	99.37	90.48	0.00	39	0	42	0.00	0.00	86.00	10.19	0.00	0.00	2000
217	10.69	2054	2073	0.00	199	0	0	0	nan	0.00	0.00	6.26	82.02	89.31	0.00	38	0	42	0.00	0.00	60.12	7.03	0.00	0.00	2000
233	11.38	2064	2080	0.00	226	0	0	0	nan	0.00	0.01	5.91	82.01	88.62	0.00	40	0	42	0.00	0.00	63.92	7.71	0.00	0.00	2000
214	10.49	2025	2118	0.00	211	0	0	0	nan	0.00	0.00	4.80	85.63	89.51	0.00	38	0	42	0.00	0.00	68.48	8.29	0.00	0.00	2000
189	10.03	1884	2100	0.00	245	0	0	0	nan	0.00	0.00	11.60	78.32	89.97	0.00	38	0	42	0.00	0.00	60.35	7.54	0.00	0.00	2000
132	9.70	1324	2160	0.00	97	0	0	0	nan	0.00	0.05	12.45	80.47	90.30	0.00	37	0	42	0.00	0.00	71.66	7.88	0.00	0.00	2000
