Avg_MHz	Busy%	Bzy_MHz	TSC_MHz	IPC	IRQ	NMI	SMI	LLCMRPS	LLC%hit	POLL%	C1%	C1E%	C6%	CPU%c1	CPU%c6	CoreTmp	CoreThr	PkgTmp	Pkg%pc2	Pkg%pc6	PkgWatt	RAMWatt	PKG_%	RAM_%	UncMHz
194	12.81	1488	2137	0.00	236	0	0	0	nan	0.00	0.00	28.25	60.57	87.19	0.00	37	0	42	0.00	0.00	64.37	7.79	0.00	0.00	2000
350	17.81	1998	2064	0.00	195	0	0	0	nan	0.00	0.69	9.26	71.03	82.19	0.00	37	0	42	0.00	0.00	63.89	7.44	0.00	0.00	2000
276	14.20	1903	2143	0.00	214	0	0	0	nan	0.02	0.40	22.81	64.50	85.80	0.00	37	0	42	0.00	0.00	65.84	7.68	0.00	0.00	2000
76	6.72	1146	2083	0.00	194	0	0	0	nan	0.01	0.02	3.36	89.23	93.28	0.00	37	0	42	0.00	0.00	56.06	7.01	0.00	0.00	2000
74	6.92	1059	2134	0.00	209	0	0	0	nan	0.00	0.02	2.33	92.34	93.08	0.00	37	0	42	0.00	0.00	59.66	7.51	0.00	0.00	2000
77	7.00	1108	2098	0.00	178	0	0	0	nan	0.00	0.03	3.26	89.74	93.00	0.00	37	0	43	0.00	0.00	59.99	7.52	0.00	0.00	2000
74	7.01	1062	2099	0.00	196	0	0	0	nan	0.00	0.00	2.86	90.32	92.99	0.00	37	0	42	0.00	0.00	57.60	7.18	0.00	0.00	2000
73	6.99	1041	2097	0.00	210	0	0	0	nan	0.00	0.03	2.24	90.75	93.01	0.00	37	0	42	0.00	0.00	58.95	7.50	0.00	0.00	2000
70	6.89	1032	2075	0.00	193	0	0	0	nan	0.00	0.01	3.17	89.00	93.11	0.00	37	0	42	0.00	0.00	55.99	7.05	0.00	0.00	2000
72	6.73	1064	2120	0.00	194	0	0	0	nan	0.00	0.00	2.96	91.35	93.27	0.00	37	0	42	0.00	0.00	61.65	7.74	0.00	0.00	2000
72	7.12	1016	2085	0.00	194	0	0	0	nan	0.00	0.00	3.36	89.10	92.88	0.00	37	0	42	0.00	0.00	56.15	7.24	0.00	0.00	2000
72	6.89	1040	2101	0.00	194	0	0	0	nan	0.00	0.00	1.85	91.43	93.11	0.00	37	0	42	0.00	0.00	57.41	7.26	0.00	0.00	2000
73	6.73	1073	2116	0.00	193	0	0	0	nan	0.00	0.06	2.55	91.58	93.27	0.00	37	0	42	0.00	0.00	58.81	7.49	0.00	0.00	2000
72	6.85	1048	2110	0.00	193	0	0	0	nan	0.00	0.01	2.40	91.26	93.15	0.00	37	0	42	0.00	0.00	58.36	7.35	0.00	0.00	2000
72	6.96	1049	2079	0.00	194	0	0	0	nan	0.00	0.00	2.78	89.46	93.04	0.00	37	0	42	0.00	0.00	57.54	7.34	0.00	0.00	2000
71	6.79	1043	2117	0.00	210	0	0	0	86.28	0.00	0.02	3.42	90.65	93.21	0.00	37	0	42	0.00	0.00	58.57	7.25	0.00	0.00	2000
74	6.78	1090	2103	0.30	177	0	0	1	84.80	0.01	0.00	3.29	90.25	93.22	0.00	37	0	42	0.00	0.00	58.77	7.47	0.00	0.00	2000
73	6.98	1042	2103	0.01	197	0	0	0	nan	0.00	0.00	3.33	89.94	93.02	0.00	37	0	42	0.00	0.00	58.80	7.52	0.00	0.00	2000
73	6.75	1091	2089	0.00	194	0	0	0	nan	0.01	0.00	2.92	89.91	93.25	0.00	37	0	42	0.00	0.00	58.59	7.43	0.00	0.00	2000
219	11.21	2000	2048	0.00	202	0	0	0	nan	0.01	0.77	4.75	81.25	88.79	0.00	37	0	42	0.00	0.00	63.47	7.18	0.00	0.00	2000
227	11.01	2040	2119	0.00	216	0	0	0	nan	0.00	0.05	4.34	85.58	88.99	0.00	38	0	42	0.00	0.00	65.62	7.38	0.00	0.00	2000
233	11.42	2011	2135	0.00	200	0	0	0	nan	0.00	0.03	3.31	86.95	88.58	0.00	38	0	42	0.00	0.00	64.01	7.29	0.00	0.00	2000
231	10.99	2102	2099	0.00	198	0	0	0	nan	0.00	0.07	3.31	85.84	89.01	0.00	38	0	42	0.00	0.00	65.26	7.28	0.00	0.00	2000
231	11.18	2063	2107	0.00	198	0	0	0	nan	0.00	0.47	4.95	83.91	88.82	0.00	38	0	42	0.00	0.00	66.64	7.77	0.00	0.00	2000
233	11.60	2032	2078	0.00	198	0	0	0	nan	0.00	0.02	4.24	83.33	88.40	0.00	38	0	43	0.00	0.00	64.18	7.37	0.00	0.00	2000
228	11.08	2041	2118	0.00	217	0	0	0	nan	0.00	0.01	4.65	85.20	88.92	0.00	37	0	43	0.00	0.00	64.48	7.49	0.00	0.00	2000
232	11.21	2062	2104	0.00	182	0	0	0	nan	0.00	0.02	6.24	82.86	88.79	0.00	37	0	42	0.00	0.00	67.07	7.87	0.00	0.00	2000
226	11.05	2068	2076	0.00	200	0	0	0	nan	0.00	0.00	5.31	82.77	88.95	0.00	37	0	42	0.00	0.00	65.59	7.51	0.00	0.00	2000
231	11.21	2052	2112	0.00	198	0	0	0	nan	0.00	0.03	4.06	85.41	88.79	0.00	37	0	42	0.00	0.00	64.87	7.27	0.00	0.00	2000
227	11.10	2078	2064	0.00	199	0	0	0	nan	0.01	0.01	4.08	83.49	88.90	0.00	38	0	42	0.00	0.00	61.96	7.12	0.00	0.00	2000
233	11.26	2034	2134	0.00	232	0	0	0	nan	0.00	0.03	4.81	85.55	88.74	0.00	38	0	43	0.00	0.00	66.06	7.63	0.00	0.00	2000
223	10.85	2077	2077	0.00	199	0	0	0	nan	0.00	0.00	6.32	82.04	89.15	0.00	38	0	42	0.00	0.00	62.82	7.24	0.00	0.00	2000
234	10.98	2100	2134	0.00	197	0	0	6	71.93	0.00	0.02	4.61	85.96	89.02	0.00	39	0	42	0.00	0.00	67.79	7.69	0.00	0.00	2000
232	11.08	2092	2101	0.63	202	0	0	15	92.75	0.00	0.01	1.61	87.51	88.92	0.00	39	0	42	0.00	0.00	63.12	7.36	0.00	0.00	2000
227	11.29	2032	2073	0.00	212	0	0	0	nan	0.00	0.03	4.28	83.46	88.71	0.00	39	0	42	0.00	0.00	64.17	7.28	0.00	0.00	2000
226	11.30	2029	2074	0.00	198	0	0	0	nan	0.00	0.00	6.08	81.67	88.70	0.00	39	0	42	0.00	0.00	64.30	7.28	0.00	0.00	2000
238	11.30	2048	2158	0.00	215	0	0	0	nan	0.00	0.04	4.65	86.70	88.70	0.00	38	0	42	0.00	0.00	68.31	7.86	0.00	0.00	2000
230	11.29	2028	2109	0.00	223	0	0	0	nan	0.00	0.01	4.62	84.66	88.71	0.00	39	0	43	0.00	0.00	65.55	7.45	0.00	0.00	2000
228	11.09	2067	2084	0.00	213	0	0	0	nan	0.00	0.00	3.45	85.01	88.91	0.00	40	0	43	0.00	0.00	64.21	7.42	0.00	0.00	2000
232	11.36	2027	2118	0.00	204	0	0	0	nan	0.00	0.00	3.61	85.93	88.64	0.00	41	0	42	0.00	0.00	66.46	7.54	0.00	0.00	2000
229	11.22	2043	2097	0.00	205	0	0	0	nan	0.00	0.00	3.25	85.55	88.78	0.00	41	0	42	0.00	0.00	65.32	7.44	0.00	0.00	2000
225	11.22	2029	2079	0.00	202	0	0	0	nan	0.00	0.00	2.93	85.17	88.78	0.00	40	0	43	0.00	0.00	63.16	7.33	0.00	0.00	2000
235	11.23	2076	2116	0.00	217	0	0	0	nan	0.00	0.00	2.77	86.86	88.77	0.00	41	0	43	0.00	0.00	64.57	7.66	0.00	0.00	2000
227	10.84	2109	2085	0.00	195	0	0	0	nan	0.00	0.02	3.96	84.76	89.16	0.00	40	0	43	0.00	0.00	65.18	7.50	0.00	0.00	2000
232	11.36	2025	2118	0.00	221	0	0	0	nan	0.00	0.02	5.04	84.56	88.64	0.00	41	0	42	0.00	0.00	64.54	7.58	0.00	0.00	2000
228	11.01	2073	2098	0.00	185	0	0	0	nan	0.00	0.00	4.06	84.98	88.99	0.00	41	0	42	0.00	0.00	66.72	7.54	0.00	0.00	2000
230	11.31	2031	2103	0.00	201	0	0	0	nan	0.00	0.00	3.16	85.80	88.69	0.00	41	0	42	0.00	0.00	64.11	7.30	0.00	0.00	2000
231	11.46	2026	2091	0.00	207	0	0	0	nan	0.00	0.00	4.92	83.39	88.54	0.00	39	0	43	0.00	0.00	64.13	7.40	0.00	0.00	2000
235	11.89	2021	2058	0.00	202	0	0	0	nan	0.00	0.94	4.49	81.10	88.11	0.00	38	0	42	0.00	0.00	63.45	7.32	0.00	0.00	2000
236	11.41	2047	2120	0.00	214	0	0	10	93.24	0.00	0.00	7.07	82.58	88.59	0.00	39	0	42	0.00	0.00	67.21	7.78	0.00	0.00	2000
228	11.63	1940	2124	1.06	199	0	0	16	83.62	0.00	0.00	8.28	81.28	88.37	0.00	38	0	42	0.00	0.00	64.20	7.29	0.00	0.00	2000
196	10.35	1887	2109	0.00	205	0	0	0	nan	0.00	0.00	5.56	84.65	89.65	0.00	38	0	42	0.00	0.00	65.96	7.76	0.00	0.00	2000
152	9.54	1601	2087	0.00	142	0	0	0	nan	0.01	0.00	14.94	74.94	90.46	0.00	38	0	42	0.00	0.00	60.53	7.08	0.00	0.00	2000
