Avg_MHz	Busy%	Bzy_MHz	TSC_MHz	IPC	IRQ	NMI	SMI	LLCMRPS	LLC%hit	POLL%	C1%	C1E%	C6%	CPU%c1	CPU%c6	CoreTmp	CoreThr	PkgTmp	Pkg%pc2	Pkg%pc6	PkgWatt	RAMWatt	PKG_%	RAM_%	UncMHz
337	16.58	2019	2116	0.00	234	0	0	0	nan	0.00	0.42	34.90	48.86	83.42	0.00	37	0	42	0.00	0.00	68.91	7.97	0.00	0.00	2000
318	15.98	1954	2136	0.00	212	0	0	0	nan	0.07	0.74	17.68	67.14	84.02	0.00	37	0	42	0.00	0.00	64.83	7.24	0.00	0.00	2000
77	7.13	1082	2084	0.00	193	0	0	0	nan	0.00	0.04	4.05	88.20	92.87	0.00	37	0	42	0.00	0.00	57.44	7.20	0.00	0.00	2000
73	6.98	1040	2111	0.00	194	0	0	0	nan	0.00	0.07	2.18	91.36	93.02	0.00	37	0	42	0.00	0.00	57.67	7.41	0.00	0.00	2000
73	6.77	1078	2115	0.00	210	0	0	0	nan	0.00	0.02	2.87	91.12	93.23	0.00	37	0	42	0.00	0.00	60.49	7.59	0.00	0.00	2000
76	7.13	1061	2097	0.00	193	0	0	0	nan	0.00	0.02	6.24	86.65	92.87	0.00	37	0	42	0.00	0.00	55.65	6.94	0.00	0.00	2000
73	6.66	1106	2091	0.00	195	0	0	0	nan	0.00	0.00	3.01	90.00	93.34	0.00	37	0	42	0.00	0.00	58.81	7.54	0.00	0.00	2000
73	6.49	1118	2101	0.00	210	0	0	0	nan	0.00	0.02	2.69	90.86	93.51	0.00	37	0	42	0.00	0.00	57.72	7.29	0.00	0.00	2000
73	6.79	1072	2110	0.00	196	0	0	0	nan	0.00	0.00	3.43	90.28	93.21	0.00	37	0	42	0.00	0.00	62.58	7.84	0.00	0.00	2000
72	6.62	1089	2093	0.00	194	0	0	0	nan	0.01	0.00	3.07	90.03	93.38	0.00	37	0	42	0.00	0.00	55.73	6.85	0.00	0.00	2000
72	6.86	1052	2086	0.00	194	0	0	0	nan	0.00	0.00	4.15	88.44	93.14	0.00	37	0	43	0.00	0.00	59.40	7.52	0.00	0.00	2000
72	7.11	1004	2116	0.00	195	0	0	0	nan	0.00	0.00	3.63	90.14	92.89	0.00	37	0	42	0.00	0.00	58.16	7.47	0.00	0.00	2000
73	6.65	1101	2104	0.00	194	0	0	0	nan	0.00	0.00	2.49	91.15	93.35	0.00	37	0	42	0.00	0.00	58.20	7.35	0.00	0.00	2000
73	6.57	1100	2107	0.00	193	0	0	0	nan	0.00	0.00	3.27	90.48	93.43	0.00	37	0	42	0.00	0.00	57.77	7.42	0.00	0.00	2000
75	6.65	1129	2086	0.00	196	0	0	0	nan	0.00	0.02	3.54	89.32	93.35	0.00	37	0	42	0.00	0.00	55.65	6.92	0.00	0.00	2000
72	6.61	1086	2100	0.00	179	0	0	0	96.17	0.00	0.00	3.98	89.57	93.39	0.00	37	0	42	0.00	0.00	58.98	7.68	0.00	0.00	2000
70	6.85	1038	2075	0.30	210	0	0	1	86.81	0.00	0.02	2.71	89.44	93.15	0.00	37	0	42	0.00	0.00	57.68	7.46	0.00	0.00	2000
72	6.76	1059	2101	0.12	194	0	0	0	nan	0.00	0.00	2.22	91.12	93.24	0.00	37	0	42	0.00	0.00	58.62	7.35	0.00	0.00	2000
190	10.46	1822	2096	0.00	218	0	0	0	nan	0.02	0.85	5.20	83.52	89.54	0.00	37	0	42	0.00	0.00	61.22	7.28	0.00	0.00	2000
237	11.15	2092	2137	0.00	200	0	0	0	nan	0.00	0.07	4.06	86.41	88.85	0.00	37	0	42	0.00	0.00	69.08	7.82	0.00	0.00	2000
231	11.10	2083	2102	0.00	199	0	0	0	nan	0.00	0.04	6.61	82.51	88.90	0.00	38	0	42	0.00	0.00	65.56	7.48	0.00	0.00	2000
228	11.46	1995	2093	0.00	198	0	0	0	nan	0.00	0.00	6.47	81.93	88.54	0.00	38	0	42	0.00	0.00	64.19	7.47	0.00	0.00	2000
230	11.24	2115	2031	0.00	195	0	0	0	nan	0.00	0.05	4.52	81.42	88.76	0.00	37	0	42	0.00	0.00	63.11	7.54	0.00	0.00	2000
234	11.37	2021	2137	0.00	215	0	0	0	nan	0.00	0.00	4.01	86.39	88.63	0.00	38	0	42	0.00	0.00	66.16	8.03	0.00	0.00	2000
227	10.74	2085	2128	0.00	208	0	0	0	nan	0.00	0.02	4.50	86.03	89.26	0.00	38	0	42	0.00	0.00	66.48	7.65	0.00	0.00	2000
228	11.08	2055	2101	0.00	202	0	0	0	nan	0.00	0.00	3.18	85.97	88.92	0.00	39	0	42	0.00	0.00	67.00	7.99	0.00	0.00	2000
232	11.11	2082	2103	0.00	204	0	0	0	nan	0.00	0.01	3.39	85.75	88.89	0.00	39	0	42	0.00	0.00	66.72	7.77	0.00	0.00	2000
228	11.26	2026	2098	0.00	202	0	0	0	nan	0.00	0.00	3.23	85.60	88.74	0.00	40	0	42	0.00	0.00	64.22	7.51	0.00	0.00	2000
227	11.09	2068	2082	0.00	203	0	0	0	nan	0.01	0.00	3.41	84.87	88.91	0.00	40	0	42	0.00	0.00	64.82	7.56	0.00	0.00	2000
233	11.30	2047	2120	0.00	212	0	0	0	nan	0.00	0.01	3.46	86.28	88.70	0.00	40	0	42	0.00	0.00	65.19	7.60	0.00	0.00	2000
225	11.09	2044	2088	0.00	216	0	0	0	nan	0.00	0.00	2.96	85.62	88.91	0.00	40	0	42	0.00	0.00	64.13	7.42	0.00	0.00	2000
228	11.07	2052	2112	0.00	221	0	0	0	nan	0.00	0.01	3.69	85.92	88.93	0.00	41	0	42	0.00	0.00	67.65	7.73	0.00	0.00	2000
227	11.29	2015	2096	0.00	204	0	0	3	94.55	0.00	0.00	2.59	86.16	88.71	0.00	41	0	42	0.00	0.00	61.98	7.23	0.00	0.00	2000
231	11.06	2080	2107	0.62	204	0	0	16	96.73	0.00	0.02	3.46	85.94	88.94	0.00	41	0	42	0.00	0.00	65.27	7.52	0.00	0.00	2000
233	11.34	2043	2111	0.00	229	0	0	0	nan	0.00	0.02	4.19	85.13	88.66	0.00	41	0	42	0.00	0.00	63.45	7.30	0.00	0.00	2000
228	10.86	2098	2099	0.00	207	0	0	0	nan	0.00	0.00	3.70	85.49	89.14	0.00	41	0	42	0.00	0.00	63.75	7.31	0.00	0.00	2000
260	12.62	2084	2073	0.00	202	0	0	0	nan	0.00	0.00	3.56	82.82	87.38	0.00	41	0	42	0.00	0.00	67.15	7.61	0.00	0.00	2000
232	11.47	1990	2132	0.00	202	0	0	0	nan	0.01	0.02	2.55	87.51	88.53	0.00	41	0	42	0.00	0.00	65.55	7.69	0.00	0.00	2000
231	11.33	2037	2104	0.00	210	0	0	0	nan	0.00	0.00	3.62	85.41	88.67	0.00	41	0	42	0.00	0.00	64.36	7.42	0.00	0.00	2000
223	11.07	2047	2069	0.00	204	0	0	0	nan	0.00	0.01	3.43	84.40	88.93	0.00	41	0	42	0.00	0.00	63.16	7.41	0.00	0.00	2000
230	11.12	2048	2124	0.00	217	0	0	0	nan	0.00	0.01	3.58	86.45	88.88	0.00	41	0	43	0.00	0.00	65.89	7.62	0.00	0.00	2000
228	11.13	2049	2101	0.00	202	0	0	0	nan	0.00	0.02	3.30	85.80	88.87	0.00	41	0	42	0.00	0.00	64.82	7.47	0.00	0.00	2000
231	11.87	2068	1976	0.00	203	0	0	0	nan	0.00	0.02	4.09	79.01	88.13	0.00	39	0	42	0.00	0.00	61.04	7.24	0.00	0.00	2000
241	11.27	2016	2231	0.00	241	0	0	0	nan	0.00	0.01	8.59	85.90	88.73	0.00	38	0	42	0.00	0.00	71.07	8.26	0.00	0.00	2000
232	11.44	2022	2106	0.00	195	0	0	0	nan	0.00	0.06	2.34	86.63	88.56	0.00	39	0	42	0.00	0.00	64.31	7.50	0.00	0.00	2000
227	11.06	2062	2091	0.00	196	0	0	0	nan	0.00	0.48	4.50	83.76	88.94	0.00	39	0	42	0.00	0.00	60.35	6.83	0.00	0.00	2000
228	11.47	2028	2059	0.00	195	0	0	0	nan	0.00	0.00	5.33	81.65	88.53	0.00	39	0	42	0.00	0.00	66.94	7.70	0.00	0.00	2000
236	11.14	2074	2143	0.00	195	0	0	0	nan	0.00	0.03	2.15	88.73	88.86	0.00	39	0	42	0.00	0.00	65.90	7.86	0.00	0.00	2000
231	11.52	2042	2062	0.00	194	0	0	0	nan	0.00	0.02	2.32	84.73	88.48	0.00	39	0	42	0.00	0.00	62.23	7.30	0.00	0.00	2000
227	10.92	2039	2136	0.09	210	0	0	8	72.74	0.00	0.00	4.48	86.32	89.08	0.00	39	0	42	0.00	0.00	64.73	7.71	0.00	0.00	2000
230	11.55	1983	2111	0.79	194	0	0	5	75.50	0.00	0.00	4.05	85.08	88.45	0.00	39	0	42	0.00	0.00	63.62	7.49	0.00	0.00	2000
223	11.60	2049	1973	0.00	195	0	0	0	nan	0.00	0.01	3.00	80.21	88.40	0.00	38	0	42	0.00	0.00	61.60	7.45	0.00	0.00	2000
242	10.96	2062	2252	0.00	231	0	0	0	nan	0.00	0.00	4.95	90.63	89.04	0.00	39	0	42	0.00	0.00	70.09	8.15	0.00	0.00	2000
226	10.42	2176	2096	0.00	194	0	0	0	nan	0.00	0.02	3.17	86.09	89.58	0.00	39	0	42	0.00	0.00	65.57	7.86	0.00	0.00	2000
221	10.98	2082	2033	0.00	197	0	0	0	nan	0.00	0.00	3.92	82.28	89.02	0.00	39	0	42	0.00	0.00	61.81	7.55	0.00	0.00	2000
484	20.91	2415	2011	0.00	212	0	0	0	nan	0.00	0.01	3.03	72.84	79.09	0.00	40	0	42	0.00	0.00	69.92	8.32	0.00	0.00	2000
693	27.68	2500	2104	0.00	261	0	0	0	nan	0.00	0.00	3.47	69.09	72.32	0.00	42	0	42	0.00	0.00	78.39	8.08	0.00	0.00	2000
688	27.48	2500	2102	0.00	251	0	0	0	nan	0.00	0.01	3.07	69.62	72.52	0.00	42	0	42	0.00	0.00	78.70	7.96	0.00	0.00	2000
690	27.60	2500	2099	0.00	263	0	0	0	nan	0.00	0.00	3.10	69.39	72.40	0.00	42	0	42	0.00	0.00	78.95	7.96	0.00	0.00	2000
688	27.50	2500	2101	0.00	252	0	0	0	nan	0.00	0.00	3.73	68.91	72.50	0.00	42	0	43	0.00	0.00	79.10	7.96	0.00	0.00	2000
689	27.59	2500	2099	0.00	260	0	0	0	nan	0.00	0.00	3.72	68.78	72.41	0.00	43	0	43	0.00	0.00	78.27	7.94	0.00	0.00	2000
687	27.46	2500	2101	0.00	251	0	0	0	nan	0.00	0.00	3.39	69.29	72.54	0.00	42	0	42	0.00	0.00	78.59	7.90	0.00	0.00	2000
689	27.56	2500	2099	0.00	262	0	0	0	nan	0.00	0.00	4.48	68.04	72.44	0.00	43	0	43	0.00	0.00	77.99	7.96	0.00	0.00	2000
688	27.51	2500	2100	0.00	251	0	0	0	nan	0.00	0.00	3.39	69.23	72.49	0.00	42	0	42	0.00	0.00	78.67	7.80	0.00	0.00	2000
689	27.55	2500	2101	1.33	260	0	0	122	91.90	0.00	0.00	3.74	68.84	72.45	0.00	42	0	42	0.00	0.00	78.23	7.80	0.00	0.00	2000
688	27.51	2500	2100	0.43	252	0	0	0	nan	0.00	0.00	3.75	68.87	72.49	0.00	43	0	43	0.00	0.00	78.09	7.93	0.00	0.00	2000
690	27.57	2500	2101	0.00	260	0	0	0	nan	0.00	0.00	3.72	68.86	72.43	0.00	43	0	43	0.00	0.00	77.98	7.89	0.00	0.00	2000
686	27.46	2500	2099	0.00	251	0	0	0	nan	0.00	0.00	3.40	69.23	72.54	0.00	43	0	43	0.00	0.00	78.13	7.88	0.00	0.00	2000
689	27.56	2500	2100	0.00	261	0	0	0	nan	0.00	0.01	3.84	68.73	72.44	0.00	43	0	43	0.00	0.00	78.23	7.94	0.00	0.00	2000
687	27.50	2500	2100	0.00	252	0	0	0	nan	0.00	0.00	3.41	69.20	72.50	0.00	43	0	43	0.00	0.00	78.32	7.93	0.00	0.00	2000
689	27.58	2500	2100	0.00	262	0	0	0	nan	0.00	0.00	4.13	68.40	72.42	0.00	43	0	43	0.00	0.00	78.06	7.92	0.00	0.00	2000
688	27.50	2500	2100	0.00	253	0	0	0	nan	0.00	0.00	4.23	68.39	72.50	0.00	43	0	43	0.00	0.00	78.33	7.99	0.00	0.00	2000
690	27.59	2500	2100	0.00	263	0	0	0	nan	0.00	0.01	4.16	68.38	72.41	0.00	43	0	43	0.00	0.00	78.47	7.97	0.00	0.00	2000
687	27.46	2500	2100	0.00	252	0	0	0	nan	0.00	0.00	3.41	69.24	72.54	0.00	42	0	43	0.00	0.00	78.20	7.71	0.00	0.00	2000
691	27.64	2500	2099	0.00	261	0	0	0	nan	0.00	0.00	3.73	68.73	72.36	0.00	43	0	43	0.00	0.00	78.26	7.76	0.00	0.00	2000
687	27.50	2500	2100	0.00	252	0	0	0	nan	0.00	0.00	3.43	69.18	72.50	0.00	43	0	43	0.00	0.00	75.40	7.90	0.00	0.00	2000
690	27.60	2500	2101	0.00	261	0	0	0	nan	0.00	0.00	3.72	68.83	72.40	0.00	43	0	43	0.00	0.00	78.11	7.96	0.00	0.00	2000
688	27.56	2500	2098	0.00	255	0	0	0	87.75	0.00	0.00	5.23	67.27	72.44	0.00	43	0	43	0.00	0.00	78.69	7.98	0.00	0.00	2000
692	27.65	2500	2102	1.76	262	0	0	122	91.22	0.00	0.01	4.03	68.50	72.35	0.00	43	0	43	0.00	0.00	78.29	7.80	0.00	0.00	2000
688	27.50	2500	2100	0.00	251	0	0	0	nan	0.00	0.00	3.40	69.23	72.50	0.00	43	0	43	0.00	0.00	78.33	7.74	0.00	0.00	2000
689	27.56	2500	2099	0.00	261	0	0	0	nan	0.00	0.01	3.83	68.70	72.44	0.00	43	0	43	0.00	0.00	77.96	7.79	0.00	0.00	2000
364	15.60	2196	2230	0.00	268	0	0	0	nan	0.00	0.00	9.10	80.70	84.40	0.00	39	0	42	0.00	0.00	76.58	8.69	0.00	0.00	2000
127	8.09	1548	2137	0.00	218	0	0	0	nan	0.00	0.02	5.81	87.77	91.91	0.00	38	0	43	0.00	0.00	64.76	7.90	0.00	0.00	2000
110	7.95	1389	2090	0.00	216	0	0	0	nan	0.00	0.02	7.24	84.37	92.05	0.00	38	0	42	0.00	0.00	58.60	7.41	0.00	0.00	2000
77	6.92	1105	2106	0.00	193	0	0	0	nan	0.00	0.00	3.93	89.44	93.08	0.00	37	0	42	0.00	0.00	57.94	7.26	0.00	0.00	2000
73	6.78	1075	2109	0.00	193	0	0	0	nan	0.00	0.00	2.55	91.17	93.22	0.00	37	0	42	0.00	0.00	58.38	7.40	0.00	0.00	2000
78	7.08	1114	2064	0.00	161	0	0	0	nan	0.00	0.02	4.99	86.34	92.92	0.00	37	0	42	0.00	0.00	57.78	7.37	0.00	0.00	2000
