Avg_MHz	Busy%	Bzy_MHz	TSC_MHz	IPC	IRQ	NMI	SMI	LLCMRPS	LLC%hit	POLL%	C1%	C1E%	C6%	CPU%c1	CPU%c6	CoreTmp	CoreThr	PkgTmp	Pkg%pc2	Pkg%pc6	PkgWatt	RAMWatt	PKG_%	RAM_%	UncMHz
274	14.57	1864	2120	0.00	253	0	0	0	nan	0.00	0.00	30.15	56.14	85.43	0.00	38	0	42	0.00	0.00	59.76	7.31	0.00	0.00	2000
345	16.80	2055	2096	0.00	228	0	0	0	nan	0.04	1.26	18.24	63.76	83.20	0.00	38	0	42	0.00	0.00	72.28	8.09	0.00	0.00	2000
77	7.07	1074	2144	0.00	210	0	0	0	nan	0.00	0.00	6.25	88.66	92.93	0.00	37	0	42	0.00	0.00	58.80	7.51	0.00	0.00	2000
71	6.91	1047	2069	0.00	193	0	0	0	nan	0.00	0.00	2.78	88.93	93.09	0.00	37	0	43	0.00	0.00	58.89	7.63	0.00	0.00	2000
74	6.60	1101	2127	0.00	194	0	0	0	nan	0.00	0.02	3.08	91.47	93.40	0.00	37	0	42	0.00	0.00	59.01	7.47	0.00	0.00	2000
72	6.68	1079	2102	0.00	193	0	0	0	nan	0.00	0.03	2.47	90.93	93.32	0.00	37	0	42	0.00	0.00	58.31	7.53	0.00	0.00	2000
75	6.40	1162	2111	0.00	194	0	0	0	nan	0.00	0.02	2.55	91.48	93.60	0.00	37	0	42	0.00	0.00	60.50	7.40	0.00	0.00	2000
71	6.85	1048	2063	0.00	192	0	0	0	nan	0.00	0.00	3.38	88.29	93.15	0.00	37	0	42	0.00	0.00	57.55	7.77	0.00	0.00	2000
73	6.67	1085	2131	0.00	193	0	0	0	nan	0.00	0.07	2.37	92.33	93.33	0.00	37	0	42	0.00	0.00	59.01	7.65	0.00	0.00	2000
71	6.81	1057	2083	0.00	194	0	0	0	nan	0.00	0.00	2.96	89.64	93.19	0.00	37	0	42	0.00	0.00	58.23	7.45	0.00	0.00	2000
73	6.82	1067	2105	0.00	211	0	0	0	nan	0.00	0.00	3.48	90.00	93.18	0.00	37	0	43	0.00	0.00	58.23	7.57	0.00	0.00	2000
72	6.61	1092	2100	0.00	193	0	0	0	nan	0.00	0.00	3.04	90.39	93.39	0.00	37	0	43	0.00	0.00	58.53	7.33	0.00	0.00	2000
72	6.62	1089	2110	0.00	193	0	0	0	nan	0.00	0.00	3.93	90.06	93.38	0.00	37	0	42	0.00	0.00	60.46	7.62	0.00	0.00	2000
70	6.76	1048	2072	0.00	193	0	0	0	nan	0.00	0.00	3.42	88.70	93.24	0.00	37	0	42	0.00	0.00	56.49	7.14	0.00	0.00	2000
74	6.76	1079	2127	0.00	194	0	0	0	nan	0.00	0.02	2.69	91.79	93.24	0.00	37	0	42	0.00	0.00	58.66	7.54	0.00	0.00	2000
72	6.61	1089	2107	0.00	194	0	0	1	88.67	0.00	0.00	2.64	91.14	93.39	0.00	37	0	42	0.00	0.00	60.22	7.87	0.00	0.00	2000
73	6.92	1058	2100	0.11	193	0	0	1	86.99	0.00	0.00	3.36	89.86	93.08	0.00	37	0	42	0.00	0.00	58.05	7.51	0.00	0.00	2000
71	6.87	1033	2090	0.00	193	0	0	0	nan	0.00	0.00	3.38	89.41	93.13	0.00	37	0	42	0.00	0.00	58.25	7.43	0.00	0.00	2000
161	9.91	1667	2043	0.00	211	0	0	0	nan	0.00	0.59	6.61	80.54	90.09	0.00	37	0	42	0.00	0.00	58.02	7.09	0.00	0.00	2000
230	10.76	2095	2142	0.00	214	0	0	0	nan	0.00	0.00	5.10	86.07	89.24	0.00	37	0	42	0.00	0.00	64.86	7.47	0.00	0.00	2000
236	11.25	2069	2128	0.00	196	0	0	0	nan	0.00	0.02	5.00	85.08	88.75	0.00	38	0	42	0.00	0.00	68.07	7.81	0.00	0.00	2000
227	11.10	2065	2078	0.00	200	0	0	0	nan	0.00	0.02	5.79	82.27	88.90	0.00	38	0	42	0.00	0.00	63.94	7.39	0.00	0.00	2000
231	11.12	2080	2100	0.00	212	0	0	0	nan	0.00	0.02	6.16	82.69	88.88	0.00	37	0	42	0.00	0.00	63.65	7.59	0.00	0.00	2000
232	11.01	2089	2121	0.00	198	0	0	0	nan	0.00	0.00	5.71	84.32	88.99	0.00	37	0	42	0.00	0.00	70.76	8.52	0.00	0.00	2000
228	11.08	2081	2080	0.00	198	0	0	0	nan	0.00	0.00	4.80	83.35	88.92	0.00	37	0	42	0.00	0.00	58.02	6.73	0.00	0.00	2000
230	10.92	2110	2100	0.00	219	0	0	0	nan	0.01	0.01	5.22	84.02	89.08	0.00	38	0	42	0.00	0.00	73.52	8.66	0.00	0.00	2000
236	11.24	2073	2126	0.00	198	0	0	0	nan	0.00	0.01	4.57	85.33	88.76	0.00	39	0	42	0.00	0.00	65.40	7.88	0.00	0.00	2000
228	11.24	2037	2093	0.00	196	0	0	0	nan	0.00	0.55	5.59	82.50	88.76	0.00	39	0	42	0.00	0.00	64.99	7.55	0.00	0.00	2000
232	10.98	2108	2110	0.00	197	0	0	0	nan	0.00	0.02	3.78	85.67	89.02	0.00	39	0	42	0.00	0.00	64.59	7.38	0.00	0.00	2000
228	11.21	2040	2089	0.00	197	0	0	0	nan	0.00	0.03	5.84	82.62	88.79	0.00	39	0	43	0.00	0.00	66.15	7.75	0.00	0.00	2000
235	11.64	2033	2085	0.00	201	0	0	0	nan	0.00	0.00	6.80	81.01	88.36	0.00	40	0	42	0.00	0.00	63.38	6.83	0.00	0.00	2000
228	11.08	2069	2088	0.00	198	0	0	0	nan	0.00	0.01	5.44	83.08	88.92	0.00	40	0	42	0.00	0.00	63.86	7.83	0.00	0.00	2000
228	11.00	2074	2096	0.00	198	0	0	4	83.39	0.00	0.00	4.33	84.63	89.00	0.00	40	0	43	0.00	0.00	62.34	7.45	0.00	0.00	2000
234	11.14	2063	2135	0.73	214	0	0	8	84.04	0.00	0.00	5.66	84.72	88.86	0.00	39	0	42	0.00	0.00	68.51	8.10	0.00	0.00	2000
246	11.98	2080	2072	0.00	214	0	0	0	nan	0.00	0.00	8.21	78.74	88.02	0.00	38	0	42	0.00	0.00	64.28	7.56	0.00	0.00	2000
230	10.96	2065	2131	0.00	217	0	0	0	nan	0.00	0.00	5.99	84.47	89.04	0.00	38	0	42	0.00	0.00	68.86	7.79	0.00	0.00	2000
230	11.08	2081	2097	0.00	197	0	0	0	nan	0.00	0.00	4.25	84.60	88.92	0.00	38	0	43	0.00	0.00	62.20	7.16	0.00	0.00	2000
230	10.93	2105	2101	0.00	198	0	0	0	nan	0.00	0.08	3.96	85.17	89.07	0.00	39	0	42	0.00	0.00	65.86	7.63	0.00	0.00	2000
227	11.08	2079	2069	0.00	199	0	0	0	nan	0.00	0.00	5.26	82.45	88.92	0.00	39	0	43	0.00	0.00	62.73	7.25	0.00	0.00	2000
236	11.00	2105	2141	0.00	197	0	0	0	nan	0.01	0.04	3.43	87.40	89.00	0.00	39	0	42	0.00	0.00	68.40	7.87	0.00	0.00	2000
230	11.17	2071	2085	0.00	202	0	0	0	nan	0.00	0.79	2.97	84.69	88.83	0.00	39	0	42	0.00	0.00	66.14	7.67	0.00	0.00	2000
232	11.20	2069	2097	0.00	198	0	0	0	nan	0.00	0.00	6.13	82.63	88.80	0.00	38	0	42	0.00	0.00	63.00	7.40	0.00	0.00	2000
229	11.26	2053	2080	0.00	197	0	0	0	nan	0.00	0.00	5.09	82.92	88.74	0.00	39	0	42	0.00	0.00	64.77	7.53	0.00	0.00	2000
233	11.24	2053	2117	0.00	198	0	0	0	nan	0.00	0.00	4.67	84.91	88.76	0.00	39	0	42	0.00	0.00	66.26	7.80	0.00	0.00	2000
233	10.97	2111	2113	0.00	197	0	0	0	nan	0.00	0.01	5.14	84.55	89.03	0.00	39	0	42	0.00	0.00	66.26	7.72	0.00	0.00	2000
225	11.23	2080	2022	0.00	187	0	0	0	nan	0.00	0.00	5.06	80.50	88.77	0.00	37	0	42	0.00	0.00	57.66	6.71	0.00	0.00	2000
240	10.98	2101	2188	0.00	246	0	0	0	nan	0.04	0.00	10.07	82.83	89.02	0.00	39	0	42	0.00	0.00	74.52	8.67	0.00	0.00	2000
225	11.03	2037	2106	0.00	196	0	0	0	nan	0.00	0.01	5.70	83.67	88.97	0.00	39	0	43	0.00	0.00	62.31	7.32	0.00	0.00	2000
224	10.70	2090	2101	0.00	198	0	0	0	nan	0.00	0.00	5.48	83.86	89.30	0.00	40	0	42	0.00	0.00	65.41	7.71	0.00	0.00	2000
227	10.80	2102	2098	0.05	197	0	0	7	83.09	0.06	0.00	7.53	81.66	89.20	0.00	41	0	42	0.00	0.00	65.95	7.72	0.00	0.00	2000
219	11.25	2067	1981	0.87	198	0	0	6	84.23	0.00	0.00	7.27	76.54	88.75	0.00	41	0	42	0.00	0.00	59.29	6.96	0.00	0.00	2000
227	10.54	2030	2233	0.00	196	0	0	0	nan	0.03	0.05	2.81	92.45	89.46	0.00	41	0	42	0.00	0.00	71.60	8.54	0.00	0.00	2000
222	10.73	2075	2098	0.00	197	0	0	0	nan	0.01	0.03	2.60	86.65	89.27	0.00	41	0	42	0.00	0.00	62.01	7.28	0.00	0.00	2000
223	10.86	2050	2100	0.00	198	0	0	0	nan	0.04	0.00	3.39	85.85	89.14	0.00	41	0	42	0.00	0.00	66.03	7.75	0.00	0.00	2000
225	10.72	2096	2101	0.00	202	0	0	0	nan	0.00	0.00	6.55	82.76	89.28	0.00	41	0	42	0.00	0.00	63.52	7.73	0.00	0.00	2000
224	10.71	2085	2104	0.00	181	0	0	0	nan	0.00	0.02	6.32	83.17	89.29	0.00	41	0	42	0.00	0.00	66.72	7.97	0.00	0.00	2000
222	10.74	2073	2099	0.00	194	0	0	0	nan	0.02	1.45	6.40	81.46	89.26	0.00	41	0	42	0.00	0.00	65.85	7.95	0.00	0.00	2000
221	10.59	2097	2095	0.00	198	0	0	0	nan	0.00	0.00	6.45	82.74	89.41	0.00	41	0	42	0.00	0.00	60.99	7.18	0.00	0.00	2000
223	11.03	2027	2099	0.00	200	0	0	0	nan	0.00	0.00	6.51	82.60	88.97	0.00	41	0	43	0.00	0.00	65.77	7.84	0.00	0.00	2000
224	10.83	2067	2105	0.00	181	0	0	0	nan	0.00	0.00	6.77	82.66	89.17	0.00	41	0	43	0.00	0.00	66.29	7.78	0.00	0.00	2000
226	11.04	2042	2103	0.00	199	0	0	0	nan	0.00	0.00	6.96	82.30	88.96	0.00	41	0	42	0.00	0.00	63.38	7.47	0.00	0.00	2000
223	10.89	2054	2097	0.00	196	0	0	0	nan	0.00	0.02	7.73	81.35	89.11	0.00	41	0	42	0.00	0.00	63.38	7.53	0.00	0.00	2000
217	11.30	2083	1936	0.00	198	0	0	0	nan	0.00	0.00	6.27	75.66	88.70	0.00	41	0	42	0.00	0.00	60.35	6.95	0.00	0.00	2000
227	10.32	2028	2275	0.00	196	0	0	0	nan	0.00	0.00	5.40	91.75	89.68	0.00	41	0	42	0.00	0.00	71.00	8.48	0.00	0.00	2000
221	10.99	2042	2073	0.00	214	0	0	0	nan	0.00	0.00	7.16	80.82	89.01	0.00	41	0	42	0.00	0.00	63.12	7.67	0.00	0.00	2000
227	10.71	2087	2134	0.00	198	0	0	0	nan	0.00	0.01	6.52	84.30	89.29	0.00	41	0	42	0.00	0.00	65.56	7.96	0.00	0.00	2000
231	11.31	2041	2098	0.00	196	0	0	2	87.12	0.04	0.05	5.86	82.82	88.69	0.00	41	0	43	0.00	0.00	63.01	7.56	0.00	0.00	2000
223	10.66	2090	2100	0.97	194	0	0	12	83.42	0.00	0.02	3.04	86.35	89.34	0.00	41	0	42	0.00	0.00	66.26	7.77	0.00	0.00	2000
222	10.90	2038	2101	0.00	197	0	0	0	nan	0.00	0.02	5.52	83.78	89.10	0.00	41	0	43	0.00	0.00	64.60	7.75	0.00	0.00	2000
219	11.07	2087	1992	0.00	198	0	0	0	nan	0.00	0.02	7.07	77.36	88.93	0.00	41	0	42	0.00	0.00	60.09	7.17	0.00	0.00	2000
228	10.62	2046	2203	0.00	203	0	0	0	nan	0.00	0.02	7.25	86.63	89.38	0.00	41	0	42	0.00	0.00	69.89	8.38	0.00	0.00	2000
221	10.74	2058	2104	0.00	211	0	0	0	nan	0.00	0.00	6.82	82.70	89.26	0.00	41	0	43	0.00	0.00	63.78	7.62	0.00	0.00	2000
222	10.90	2037	2105	0.00	196	0	0	0	nan	0.00	0.00	7.87	81.54	89.10	0.00	41	0	42	0.00	0.00	63.72	7.49	0.00	0.00	2000
222	10.75	2066	2099	0.00	197	0	0	0	nan	0.00	0.02	5.72	83.57	89.25	0.00	41	0	42	0.00	0.00	66.34	7.90	0.00	0.00	2000
224	10.94	2056	2090	0.00	195	0	0	0	nan	0.00	0.02	5.76	83.00	89.06	0.00	41	0	42	0.00	0.00	64.07	7.76	0.00	0.00	2000
224	10.80	2063	2109	0.00	199	0	0	0	nan	0.00	0.00	5.92	83.68	89.20	0.00	41	0	43	0.00	0.00	65.36	7.84	0.00	0.00	2000
223	10.88	2048	2102	0.00	198	0	0	0	nan	0.02	0.00	7.93	81.36	89.12	0.00	41	0	42	0.00	0.00	62.45	7.32	0.00	0.00	2000
222	10.89	2043	2098	0.00	196	0	0	0	nan	0.00	0.02	6.29	82.80	89.11	0.00	41	0	42	0.00	0.00	65.99	7.77	0.00	0.00	2000
217	11.16	2076	1969	0.00	197	0	0	0	nan	0.00	0.00	5.59	77.84	88.84	0.00	41	0	42	0.00	0.00	60.95	7.23	0.00	0.00	2000
226	10.31	2054	2242	0.00	199	0	0	0	nan	0.00	0.03	4.98	90.91	89.69	0.00	41	0	43	0.00	0.00	68.43	8.02	0.00	0.00	2000
225	11.04	2040	2101	0.00	199	0	0	0	nan	0.06	0.14	7.41	81.64	88.96	0.00	41	0	43	0.00	0.00	64.90	7.59	0.00	0.00	2000
222	10.83	2047	2099	0.00	197	0	0	0	nan	0.00	0.05	2.79	86.36	89.17	0.00	41	0	42	0.00	0.00	63.39	7.44	0.00	0.00	2000
223	10.77	2073	2095	0.00	198	0	0	0	nan	0.00	0.46	5.93	82.78	89.23	0.00	41	0	43	0.00	0.00	64.39	7.64	0.00	0.00	2000
222	10.74	2063	2099	0.00	195	0	0	1	84.85	0.00	0.44	7.24	81.70	89.26	0.00	41	0	42	0.00	0.00	65.26	7.64	0.00	0.00	2000
220	11.00	2073	2024	0.89	197	0	0	12	82.46	0.00	0.00	6.18	79.67	89.00	0.00	41	0	42	0.00	0.00	62.17	7.29	0.00	0.00	2000
229	10.91	2012	2187	0.00	200	0	0	0	nan	0.00	0.03	6.43	86.49	89.09	0.00	42	0	43	0.00	0.00	68.50	7.98	0.00	0.00	2000
222	10.93	2024	2103	0.00	197	0	0	0	nan	0.00	0.05	7.13	82.19	89.07	0.00	41	0	42	0.00	0.00	63.12	7.60	0.00	0.00	2000
217	11.23	2065	1966	0.00	196	0	0	0	nan	0.00	0.02	6.43	76.77	88.77	0.00	41	0	42	0.00	0.00	62.05	7.44	0.00	0.00	2000
226	10.32	2061	2232	0.00	196	0	0	0	nan	0.04	0.00	6.53	88.94	89.68	0.00	41	0	42	0.00	0.00	67.34	8.10	0.00	0.00	2000
221	10.94	2017	2104	0.00	212	0	0	0	nan	0.00	0.00	6.10	83.24	89.06	0.00	41	0	42	0.00	0.00	63.83	7.53	0.00	0.00	2000
224	10.81	2072	2097	0.00	198	0	0	0	nan	0.02	1.26	6.61	81.27	89.19	0.00	41	0	43	0.00	0.00	64.53	7.54	0.00	0.00	2000
222	10.95	2026	2101	0.00	194	0	0	0	nan	0.00	0.00	7.48	81.72	89.05	0.00	41	0	42	0.00	0.00	65.67	7.66	0.00	0.00	2000
222	10.74	2063	2103	0.00	196	0	0	0	nan	0.00	0.00	5.67	83.77	89.26	0.00	42	0	43	0.00	0.00	66.12	7.71	0.00	0.00	2000
213	11.01	2147	1894	0.00	183	0	0	0	nan	0.00	0.00	3.78	76.58	88.99	0.00	39	0	43	0.00	0.00	53.42	6.23	0.00	0.00	2000
239	10.84	1978	2343	0.00	246	0	0	0	nan	0.00	0.46	8.37	90.83	89.16	0.00	40	0	42	0.00	0.00	77.04	9.11	0.00	0.00	2000
231	10.54	2189	2102	0.00	182	0	0	0	nan	0.00	2.15	2.86	84.67	89.46	0.00	40	0	42	0.00	0.00	64.96	7.48	0.00	0.00	2000
231	11.11	2088	2090	0.00	196	0	0	0	nan	0.02	1.51	4.65	82.46	88.89	0.00	41	0	42	0.00	0.00	65.07	7.56	0.00	0.00	2000
230	11.21	2051	2105	0.00	198	0	0	0	nan	0.00	0.00	7.05	82.13	88.79	0.00	41	0	42	0.00	0.00	65.16	7.67	0.00	0.00	2000
231	11.20	2060	2104	0.00	195	0	0	0	nan	0.00	0.00	7.03	82.04	88.80	0.00	40	0	42	0.00	0.00	66.21	7.99	0.00	0.00	2000
231	11.27	2050	2098	0.00	182	0	0	0	nan	0.00	0.06	7.19	81.61	88.73	0.00	41	0	42	0.00	0.00	63.80	7.56	0.00	0.00	2000
234	11.41	2048	2102	0.00	199	0	0	0	nan	0.00	0.01	7.74	81.10	88.59	0.00	41	0	43	0.00	0.00	62.31	7.29	0.00	0.00	2000
232	11.44	2029	2099	0.94	195	0	0	12	84.18	0.00	0.03	8.38	80.29	88.56	0.00	41	0	42	0.00	0.00	66.29	7.86	0.00	0.00	2000
230	11.29	2041	2098	0.12	196	0	0	0	nan	0.00	0.00	6.92	81.92	88.71	0.00	41	0	42	0.00	0.00	64.76	7.74	0.00	0.00	2000
230	10.74	2144	2100	0.00	197	0	0	0	nan	0.00	0.00	5.85	83.41	89.26	0.00	41	0	43	0.00	0.00	63.34	7.27	0.00	0.00	2000
231	11.22	2057	2100	0.00	196	0	0	0	nan	0.00	0.00	6.13	82.70	88.78	0.00	41	0	42	0.00	0.00	65.70	7.70	0.00	0.00	2000
231	11.40	2027	2102	0.00	196	0	0	0	nan	0.00	0.00	7.04	81.87	88.60	0.00	41	0	42	0.00	0.00	65.40	7.82	0.00	0.00	2000
231	11.51	2013	2097	0.00	181	0	0	0	nan	0.00	0.00	6.63	81.92	88.49	0.00	41	0	42	0.00	0.00	64.99	7.56	0.00	0.00	2000
231	11.33	2031	2105	0.00	197	0	0	0	nan	0.00	0.00	7.20	81.88	88.67	0.00	41	0	43	0.00	0.00	63.52	7.45	0.00	0.00	2000
234	11.04	2128	2094	0.00	200	0	0	0	nan	0.00	0.00	5.38	83.42	88.96	0.00	41	0	42	0.00	0.00	65.26	7.68	0.00	0.00	2000
231	11.29	2044	2100	0.00	197	0	0	0	nan	0.01	0.08	3.42	85.41	88.71	0.00	41	0	43	0.00	0.00	62.41	7.42	0.00	0.00	2000
231	11.32	2032	2105	0.00	196	0	0	0	nan	0.00	0.06	3.52	85.51	88.68	0.00	41	0	42	0.00	0.00	65.27	7.72	0.00	0.00	2000
232	11.40	2042	2093	0.00	180	0	0	0	nan	0.00	0.03	7.16	81.36	88.60	0.00	41	0	43	0.00	0.00	65.06	7.55	0.00	0.00	2000
231	11.29	2044	2106	0.00	203	0	0	0	nan	0.00	0.03	5.81	83.30	88.71	0.00	41	0	42	0.00	0.00	65.78	7.88	0.00	0.00	2000
236	11.45	2059	2102	0.00	204	0	0	0	nan	0.00	0.42	5.20	83.21	88.55	0.00	41	0	42	0.00	0.00	63.28	7.55	0.00	0.00	2000
230	11.64	2024	2047	0.00	198	0	0	0	nan	0.00	0.00	6.17	80.11	88.36	0.00	41	0	42	0.00	0.00	62.46	7.41	0.00	0.00	2000
230	11.17	2010	2151	0.00	196	0	0	0	nan	0.00	0.01	7.16	84.02	88.83	0.00	41	0	42	0.00	0.00	66.50	7.51	0.00	0.00	2000
233	11.42	2040	2100	0.00	195	0	0	0	nan	0.00	0.00	5.67	83.09	88.58	0.00	41	0	42	0.00	0.00	65.26	7.58	0.00	0.00	2000
232	11.17	2069	2105	0.00	198	0	0	0	nan	0.00	0.00	5.60	83.55	88.83	0.00	41	0	42	0.00	0.00	66.59	7.87	0.00	0.00	2000
231	11.34	2045	2094	0.47	197	0	0	12	84.32	0.01	0.00	6.82	81.81	88.66	0.00	41	0	42	0.00	0.00	64.62	7.62	0.00	0.00	2000
231	11.18	2059	2107	0.58	195	0	0	2	88.77	0.00	0.01	6.06	83.17	88.82	0.00	41	0	43	0.00	0.00	63.93	7.52	0.00	0.00	2000
232	11.28	2070	2087	0.00	200	0	0	0	nan	0.00	0.00	7.22	81.02	88.72	0.00	41	0	43	0.00	0.00	65.04	7.54	0.00	0.00	2000
230	11.04	2078	2108	0.00	182	0	0	0	nan	0.00	0.00	7.15	82.27	88.96	0.00	41	0	42	0.00	0.00	65.75	7.57	0.00	0.00	2000
233	11.39	2091	2059	0.00	199	0	0	0	nan	0.00	0.01	7.35	79.44	88.61	0.00	41	0	43	0.00	0.00	61.40	7.11	0.00	0.00	2000
232	11.15	2030	2149	0.00	195	0	0	0	nan	0.00	1.46	7.74	81.91	88.85	0.00	41	0	42	0.00	0.00	66.98	7.86	0.00	0.00	2000
229	11.36	2078	2036	0.00	199	0	0	0	nan	0.03	0.02	3.15	82.89	88.64	0.00	42	0	43	0.00	0.00	63.89	8.27	0.00	0.00	2000
231	10.96	2083	2126	0.00	199	0	0	0	nan	0.00	0.01	4.60	85.60	89.04	0.00	42	0	43	0.00	0.00	66.50	8.42	0.00	0.00	2000
230	11.18	2034	2120	0.00	197	0	0	0	nan	0.00	0.00	8.24	81.61	88.82	0.00	42	0	42	0.00	0.00	65.94	8.53	0.00	0.00	2000
231	11.23	2059	2099	0.00	196	0	0	0	nan	0.00	0.43	8.60	79.91	88.77	0.00	42	0	42	0.00	0.00	66.75	8.63	0.00	0.00	2000
230	11.18	2068	2087	0.00	204	0	0	0	nan	0.00	0.00	5.65	82.62	88.82	0.00	41	0	42	0.00	0.00	66.39	8.81	0.00	0.00	2000
229	11.11	2044	2113	0.00	198	0	0	0	nan	0.00	0.02	7.81	81.73	88.89	0.00	42	0	43	0.00	0.00	66.48	8.69	0.00	0.00	2000
231	11.27	2062	2084	0.00	197	0	0	0	nan	0.00	0.00	7.52	80.66	88.73	0.00	42	0	43	0.00	0.00	66.36	8.67	0.00	0.00	2000
229	11.13	2056	2099	0.00	195	0	0	0	nan	0.00	0.02	8.93	80.02	88.87	0.00	41	0	42	0.00	0.00	66.62	8.76	0.00	0.00	2000
232	11.25	2059	2102	0.00	196	0	0	0	nan	0.00	0.00	7.16	81.75	88.75	0.00	41	0	43	0.00	0.00	66.07	8.65	0.00	0.00	2000
228	11.14	2036	2115	0.00	200	0	0	0	nan	0.00	0.02	8.64	81.03	88.86	0.00	42	0	42	0.00	0.00	66.42	8.55	0.00	0.00	2000
231	11.24	2054	2103	0.00	199	0	0	0	nan	0.00	0.00	7.35	81.65	88.76	0.00	42	0	42	0.00	0.00	66.61	8.81	0.00	0.00	2000
229	11.31	2035	2092	0.20	197	0	0	31	10.82	0.00	0.02	6.65	81.93	88.69	0.00	42	0	42	0.00	0.00	66.14	8.64	0.00	0.00	2000
230	11.28	2052	2089	1.42	197	0	0	19	9.25	0.00	0.00	7.53	80.85	88.72	0.00	42	0	43	0.00	0.00	66.57	8.70	0.00	0.00	2000
232	10.96	2106	2110	0.00	196	0	0	0	nan	0.00	0.02	8.57	80.99	89.04	0.00	42	0	42	0.00	0.00	66.60	8.63	0.00	0.00	2000
230	11.33	2044	2089	0.00	198	0	0	0	nan	0.03	0.03	4.47	83.78	88.67	0.00	42	0	43	0.00	0.00	66.47	8.71	0.00	0.00	2000
229	11.11	2062	2100	0.00	197	0	0	0	nan	0.00	0.01	7.68	81.32	88.89	0.00	42	0	43	0.00	0.00	66.83	8.62	0.00	0.00	2000
229	11.23	2026	2118	0.00	200	0	0	0	nan	0.00	0.00	9.10	80.60	88.77	0.00	41	0	43	0.00	0.00	66.35	8.74	0.00	0.00	2000
228	11.19	2043	2098	0.00	195	0	0	0	nan	0.00	0.00	8.55	80.34	88.81	0.00	42	0	43	0.00	0.00	66.75	8.93	0.00	0.00	2000
233	11.25	2084	2086	0.00	198	0	0	0	nan	0.02	1.41	7.82	79.00	88.75	0.00	41	0	42	0.00	0.00	66.34	8.74	0.00	0.00	2000
230	11.29	2040	2101	0.00	200	0	0	0	nan	0.00	0.00	7.52	81.35	88.71	0.00	42	0	42	0.00	0.00	66.98	8.82	0.00	0.00	2000
231	11.21	2055	2101	0.00	213	0	0	0	nan	0.00	0.00	8.22	80.71	88.79	0.00	41	0	42	0.00	0.00	66.24	8.80	0.00	0.00	2000
229	11.03	2065	2115	0.00	180	0	0	0	nan	0.00	0.01	7.73	81.87	88.97	0.00	42	0	42	0.00	0.00	66.90	8.52	0.00	0.00	2000
236	11.40	2084	2089	0.00	197	0	0	0	nan	0.00	0.00	7.73	80.45	88.60	0.00	42	0	43	0.00	0.00	66.66	8.84	0.00	0.00	2000
230	11.40	2005	2111	0.00	196	0	0	0	nan	0.00	0.00	8.07	81.15	88.60	0.00	42	0	42	0.00	0.00	63.86	8.65	0.00	0.00	2000
233	11.43	2043	2100	0.00	216	0	0	0	nan	0.00	0.00	6.44	82.19	88.57	0.00	42	0	42	0.00	0.00	69.88	8.64	0.00	0.00	2000
230	11.27	2049	2090	0.00	181	0	0	0	nan	0.04	0.01	9.11	79.30	88.73	0.00	41	0	43	0.00	0.00	66.68	8.74	0.00	0.00	2000
229	11.17	2054	2097	0.00	194	0	0	0	nan	0.00	0.00	7.86	80.94	88.83	0.00	42	0	42	0.00	0.00	66.75	8.48	0.00	0.00	2000
233	11.52	2034	2091	0.00	198	0	0	0	nan	0.00	0.01	8.33	79.86	88.48	0.00	42	0	42	0.00	0.00	67.49	8.61	0.00	0.00	2000
230	11.10	2047	2126	0.00	197	0	0	19	5.90	0.03	0.01	4.95	85.15	88.90	0.00	41	0	42	0.00	0.00	63.76	8.99	0.00	0.00	2000
231	11.36	2048	2088	1.56	199	0	0	31	6.82	0.05	0.03	4.89	83.40	88.64	0.00	41	0	42	0.00	0.00	68.45	8.54	0.00	0.00	2000
230	11.14	2069	2093	0.00	203	0	0	0	nan	0.00	0.00	6.76	81.86	88.86	0.00	42	0	43	0.00	0.00	67.49	8.59	0.00	0.00	2000
228	10.87	2082	2117	0.00	196	0	0	0	nan	0.00	0.45	9.01	80.54	89.13	0.00	42	0	42	0.00	0.00	67.11	8.47	0.00	0.00	2000
229	11.11	2070	2094	0.00	196	0	0	0	nan	0.00	0.91	7.14	80.68	88.89	0.00	42	0	42	0.00	0.00	66.70	8.73	0.00	0.00	2000
229	11.27	2038	2097	0.00	197	0	0	0	nan	0.00	0.01	8.28	80.44	88.73	0.00	42	0	42	0.00	0.00	66.40	8.76	0.00	0.00	2000
232	11.34	2040	2109	0.00	199	0	0	0	nan	0.00	0.00	6.79	82.34	88.66	0.00	42	0	42	0.00	0.00	67.13	8.66	0.00	0.00	2000
230	11.08	2086	2091	0.00	197	0	0	0	nan	0.00	0.01	7.71	80.85	88.92	0.00	42	0	42	0.00	0.00	66.91	8.70	0.00	0.00	2000
230	11.42	2017	2094	0.00	198	0	0	0	nan	0.00	0.00	8.86	79.59	88.58	0.00	42	0	42	0.00	0.00	66.06	8.78	0.00	0.00	2000
229	11.43	2002	2102	0.00	200	0	0	0	nan	0.00	0.01	9.90	79.00	88.57	0.00	42	0	42	0.00	0.00	66.93	8.58	0.00	0.00	2000
229	11.33	2010	2110	0.00	195	0	0	0	nan	0.00	0.00	8.07	81.24	88.67	0.00	42	0	42	0.00	0.00	66.72	8.76	0.00	0.00	2000
230	11.34	2038	2092	0.00	196	0	0	0	nan	0.00	0.01	7.76	80.63	88.66	0.00	42	0	42	0.00	0.00	66.73	8.88	0.00	0.00	2000
231	10.88	2136	2088	0.00	200	0	0	0	nan	0.00	0.00	8.02	80.59	89.12	0.00	42	0	42	0.00	0.00	66.75	8.80	0.00	0.00	2000
229	11.24	2036	2101	0.00	196	0	0	0	nan	0.00	0.00	9.20	79.71	88.76	0.00	42	0	42	0.00	0.00	67.03	8.54	0.00	0.00	2000
229	10.94	2074	2119	0.00	196	0	0	0	nan	0.00	2.15	5.32	82.64	89.06	0.00	41	0	42	0.00	0.00	66.61	8.77	0.00	0.00	2000
228	11.25	2030	2099	0.00	196	0	0	0	nan	0.00	0.07	3.92	84.86	88.75	0.00	41	0	42	0.00	0.00	66.22	8.58	0.00	0.00	2000
231	11.06	2092	2100	0.00	198	0	0	0	nan	0.00	0.00	6.99	82.01	88.94	0.00	42	0	42	0.00	0.00	66.62	8.58	0.00	0.00	2000
232	11.11	2089	2101	0.00	199	0	0	7	14.46	0.01	0.93	9.58	78.64	88.89	0.00	42	0	43	0.00	0.00	67.28	8.84	0.00	0.00	2000
298	13.65	2267	2024	1.42	208	0	0	34	20.74	0.00	0.02	7.55	75.67	86.35	0.00	39	0	42	0.00	0.00	62.35	7.24	0.00	0.00	2000
288	12.26	2280	2163	0.00	221	0	0	0	nan	0.00	0.00	8.78	81.70	87.74	0.00	38	0	43	0.00	0.00	67.12	7.66	0.00	0.00	2000
228	11.26	2030	2092	0.00	215	0	0	0	nan	0.00	0.00	5.50	82.97	88.74	0.00	38	0	42	0.00	0.00	65.53	7.71	0.00	0.00	2000
230	10.87	2100	2118	0.00	218	0	0	0	nan	0.00	0.00	5.39	84.61	89.13	0.00	38	0	42	0.00	0.00	68.33	8.09	0.00	0.00	2000
235	11.29	2131	2054	0.00	200	0	0	0	nan	0.00	0.00	6.82	80.06	88.71	0.00	38	0	42	0.00	0.00	62.37	7.22	0.00	0.00	2000
232	10.92	2045	2180	0.00	198	0	0	0	nan	0.00	0.02	5.84	86.72	89.08	0.00	38	0	42	0.00	0.00	69.36	8.01	0.00	0.00	2000
230	10.92	2101	2101	0.00	195	0	0	0	nan	0.00	0.00	7.16	82.00	89.08	0.00	38	0	42	0.00	0.00	63.29	7.45	0.00	0.00	2000
228	11.14	2049	2095	0.00	197	0	0	0	nan	0.00	0.02	5.75	83.07	88.86	0.00	38	0	42	0.00	0.00	65.15	7.60	0.00	0.00	2000
233	11.32	2056	2105	0.00	183	0	0	0	nan	0.00	0.66	8.72	79.76	88.68	0.00	39	0	43	0.00	0.00	63.42	7.61	0.00	0.00	2000
229	11.13	2058	2096	0.00	193	0	0	0	nan	0.00	0.02	7.49	81.32	88.87	0.00	38	0	42	0.00	0.00	62.76	7.39	0.00	0.00	2000
231	11.06	2084	2101	0.00	196	0	0	0	nan	0.03	0.05	4.94	84.17	88.94	0.00	38	0	42	0.00	0.00	66.01	7.70	0.00	0.00	2000
229	11.22	2043	2096	0.00	182	0	0	0	nan	0.00	0.04	4.61	84.16	88.78	0.00	39	0	43	0.00	0.00	62.75	7.22	0.00	0.00	2000
231	11.11	2076	2107	0.00	197	0	0	0	nan	0.00	0.02	6.04	83.17	88.89	0.00	39	0	42	0.00	0.00	59.92	7.27	0.00	0.00	2000
235	11.17	2108	2096	0.00	198	0	0	0	nan	0.00	0.00	7.90	80.82	88.83	0.00	39	0	42	0.00	0.00	69.06	7.49	0.00	0.00	2000
232	11.05	2100	2100	0.00	196	0	0	0	nan	0.00	0.03	7.53	81.46	88.95	0.00	39	0	42	0.00	0.00	64.95	7.55	0.00	0.00	2000
230	11.18	2054	2099	0.00	197	0	0	0	nan	0.00	0.00	9.90	78.99	88.82	0.00	39	0	42	0.00	0.00	63.90	7.41	0.00	0.00	2000
231	11.06	2085	2101	0.00	180	0	0	0	nan	0.00	0.02	8.02	81.02	88.94	0.00	39	0	42	0.00	0.00	62.71	7.32	0.00	0.00	2000
229	11.03	2076	2100	0.52	196	0	0	1	76.48	0.00	0.04	7.22	81.77	88.97	0.00	39	0	43	0.00	0.00	66.00	7.66	0.00	0.00	2000
225	11.35	2091	1988	0.17	197	0	0	0	nan	0.00	0.02	4.70	79.39	88.65	0.00	38	0	42	0.00	0.00	59.67	7.08	0.00	0.00	2000
235	11.00	2041	2198	0.00	196	0	0	0	nan	0.00	0.01	7.19	86.15	89.00	0.00	38	0	42	0.00	0.00	66.22	8.06	0.00	0.00	2000
232	11.39	2029	2109	0.00	199	0	0	0	nan	0.00	0.00	7.67	81.41	88.61	0.00	37	0	42	0.00	0.00	64.25	7.88	0.00	0.00	2000
229	11.19	2049	2102	0.00	196	0	0	0	nan	0.00	0.00	7.47	81.59	88.81	0.00	38	0	43	0.00	0.00	66.02	8.05	0.00	0.00	2000
233	11.44	2034	2106	0.00	195	0	0	0	nan	0.00	0.01	6.51	82.39	88.56	0.00	38	0	42	0.00	0.00	63.41	7.78	0.00	0.00	2000
111	8.07	1402	2062	0.00	196	0	0	0	nan	0.00	0.02	7.54	82.84	91.93	0.00	37	0	43	0.00	0.00	60.72	7.44	0.00	0.00	2000
80	7.35	1077	2132	0.00	213	0	0	0	nan	0.00	0.50	9.55	84.14	92.65	0.00	37	0	42	0.00	0.00	60.83	7.72	0.00	0.00	2000
232	11.22	2065	2100	0.00	208	0	0	0	nan	0.00	0.48	6.16	82.23	88.78	0.00	38	0	43	0.00	0.00	63.83	7.38	0.00	0.00	2000
229	11.30	2029	2101	0.00	198	0	0	0	nan	0.00	0.00	7.28	81.58	88.70	0.00	38	0	42	0.00	0.00	63.59	7.11	0.00	0.00	2000
234	11.20	2087	2099	0.00	208	0	0	0	nan	0.00	0.02	5.42	83.47	88.80	0.00	39	0	42	0.00	0.00	64.45	7.34	0.00	0.00	2000
87	7.45	1170	2084	0.00	202	0	0	0	nan	0.00	0.00	6.30	85.76	92.55	0.00	37	0	42	0.00	0.00	60.26	7.53	0.00	0.00	2000
80	7.58	1064	2094	0.00	199	0	0	0	nan	0.04	0.00	8.60	83.64	92.42	0.00	37	0	43	0.00	0.00	58.23	7.53	0.00	0.00	2000
227	11.25	2041	2074	0.00	218	0	0	0	nan	0.00	0.05	8.57	79.20	88.75	0.00	37	0	42	0.00	0.00	61.49	7.07	0.00	0.00	2000
233	11.14	2061	2129	0.00	204	0	0	0	nan	0.00	0.00	7.67	82.56	88.86	0.00	38	0	43	0.00	0.00	68.09	7.92	0.00	0.00	2000
232	10.99	2100	2112	0.00	214	0	0	0	nan	0.00	0.02	3.05	86.48	89.01	0.00	38	0	43	0.00	0.00	63.50	7.35	0.00	0.00	2000
230	10.84	2117	2107	0.00	200	0	0	0	nan	0.00	0.52	4.78	84.25	89.16	0.00	38	0	42	0.00	0.00	67.55	7.71	0.00	0.00	2000
237	11.46	2070	2097	0.71	217	0	0	6	80.90	0.00	0.04	7.85	80.63	88.54	0.00	38	0	42	0.00	0.00	62.14	7.06	0.00	0.00	2000
229	10.90	2091	2108	0.04	198	0	0	0	nan	0.00	0.07	4.93	84.55	89.10	0.00	39	0	42	0.00	0.00	65.79	7.70	0.00	0.00	2000
237	11.04	2238	2018	0.00	206	0	0	0	nan	0.02	3.31	4.41	77.94	88.96	0.00	40	0	42	0.00	0.00	62.99	7.23	0.00	0.00	2000
232	11.05	2009	2192	0.00	197	0	0	0	nan	0.00	0.08	4.34	88.65	88.95	0.00	40	0	42	0.00	0.00	67.91	7.80	0.00	0.00	2000
231	11.23	2052	2107	0.00	198	0	0	0	nan	0.03	0.01	4.33	84.89	88.77	0.00	41	0	42	0.00	0.00	65.80	7.63	0.00	0.00	2000
232	11.40	2035	2097	0.00	199	0	0	0	nan	0.00	0.00	8.34	80.32	88.60	0.00	40	0	42	0.00	0.00	65.52	7.56	0.00	0.00	2000
226	11.06	2140	2009	0.00	202	0	0	0	nan	0.00	0.90	6.92	77.42	88.94	0.00	41	0	42	0.00	0.00	58.33	6.72	0.00	0.00	2000
232	11.09	2035	2162	0.00	198	0	0	0	nan	0.01	0.90	9.26	81.53	88.91	0.00	40	0	42	0.00	0.00	67.04	7.98	0.00	0.00	2000
231	11.18	2054	2118	0.00	195	0	0	0	nan	0.00	0.00	8.43	81.33	88.82	0.00	40	0	42	0.00	0.00	64.37	7.74	0.00	0.00	2000
230	11.26	2049	2096	0.00	196	0	0	0	nan	0.00	0.00	6.90	81.81	88.74	0.00	40	0	42	0.00	0.00	64.48	7.75	0.00	0.00	2000
236	11.33	2083	2098	0.00	214	0	0	0	nan	0.04	0.00	9.59	79.11	88.67	0.00	40	0	42	0.00	0.00	64.15	7.72	0.00	0.00	2000
258	13.03	2085	1990	0.00	202	0	0	0	nan	0.00	0.00	7.41	75.05	86.97	0.00	38	0	42	0.00	0.00	58.02	6.98	0.00	0.00	2000
187	9.61	1805	2260	0.00	248	0	0	0	nan	0.00	0.00	6.83	90.51	90.39	0.00	38	0	42	0.00	0.00	75.46	8.97	0.00	0.00	2000
106	7.93	1355	2071	0.00	224	0	0	0	nan	0.00	0.02	8.65	82.28	92.07	0.00	37	0	42	0.00	0.00	58.94	7.23	0.00	0.00	2000
