Avg_MHz	Busy%	Bzy_MHz	TSC_MHz	IPC	IRQ	NMI	SMI	LLCMRPS	LLC%hit	POLL%	C1%	C1E%	C6%	CPU%c1	CPU%c6	CoreTmp	CoreThr	PkgTmp	Pkg%pc2	Pkg%pc6	PkgWatt	RAMWatt	PKG_%	RAM_%	UncMHz
332	17.07	1925	2122	0.00	236	0	0	0	nan	0.00	0.00	25.18	58.48	82.93	0.00	38	0	42	0.00	0.00	61.57	7.44	0.00	0.00	2000
361	16.09	2194	2146	0.00	243	0	0	0	nan	0.04	1.45	15.57	68.99	83.91	0.00	37	0	42	0.00	0.00	71.52	7.83	0.00	0.00	2000
77	6.67	1153	2111	0.00	211	0	0	0	nan	0.00	0.00	7.97	85.81	93.33	0.00	37	0	42	0.00	0.00	58.05	7.29	0.00	0.00	2000
75	6.83	1092	2100	0.00	197	0	0	0	nan	0.00	0.00	4.57	88.62	93.17	0.00	37	0	42	0.00	0.00	58.76	7.35	0.00	0.00	2000
72	6.66	1085	2100	0.00	194	0	0	0	nan	0.00	0.00	3.81	89.66	93.34	0.00	37	0	42	0.00	0.00	58.18	7.45	0.00	0.00	2000
72	6.65	1085	2099	0.00	194	0	0	0	nan	0.00	0.01	3.81	89.47	93.35	0.00	37	0	42	0.00	0.00	58.35	7.43	0.00	0.00	2000
75	6.45	1158	2100	0.00	194	0	0	0	nan	0.00	0.02	4.38	89.19	93.55	0.00	37	0	42	0.00	0.00	58.39	7.33	0.00	0.00	2000
72	6.56	1100	2100	0.00	177	0	0	0	nan	0.00	0.00	3.30	90.31	93.44	0.00	37	0	43	0.00	0.00	58.79	7.28	0.00	0.00	2000
74	6.39	1155	2106	0.00	209	0	0	0	nan	0.00	0.00	3.38	90.41	93.61	0.00	37	0	42	0.00	0.00	58.03	7.39	0.00	0.00	2000
72	6.43	1124	2094	0.00	193	0	0	0	nan	0.00	0.02	3.32	90.00	93.57	0.00	37	0	42	0.00	0.00	58.55	7.46	0.00	0.00	2000
73	6.69	1092	2103	0.00	195	0	0	0	nan	0.00	0.00	3.70	89.82	93.31	0.00	37	0	42	0.00	0.00	58.12	7.24	0.00	0.00	2000
73	6.18	1199	2084	0.00	179	0	0	0	nan	0.00	0.02	3.91	88.95	93.82	0.00	37	0	42	0.00	0.00	60.02	7.59	0.00	0.00	2000
74	6.38	1154	2108	0.00	195	0	0	0	nan	0.00	0.02	3.08	90.86	93.62	0.00	37	0	42	0.00	0.00	57.91	7.47	0.00	0.00	2000
72	6.39	1131	2101	0.00	211	0	0	0	nan	0.00	0.00	3.31	90.23	93.61	0.00	37	0	42	0.00	0.00	57.64	7.37	0.00	0.00	2000
75	6.41	1159	2108	0.00	196	0	0	0	nan	0.00	0.00	5.41	88.47	93.59	0.00	37	0	42	0.00	0.00	58.16	7.47	0.00	0.00	2000
70	6.60	1069	2091	0.00	195	0	0	1	88.34	0.00	0.00	4.26	88.86	93.40	0.00	37	0	42	0.00	0.00	57.81	7.20	0.00	0.00	2000
71	6.15	1170	2082	0.10	193	0	0	1	87.90	0.00	0.00	3.70	89.27	93.85	0.00	37	0	42	0.00	0.00	58.49	7.40	0.00	0.00	2000
72	6.49	1105	2103	0.00	194	0	0	0	nan	0.00	0.01	1.63	91.89	93.51	0.00	37	0	42	0.00	0.00	59.98	7.61	0.00	0.00	2000
163	9.23	1792	2063	0.00	206	0	0	0	nan	0.00	0.72	5.22	83.26	90.77	0.00	37	0	42	0.00	0.00	59.87	7.16	0.00	0.00	2000
233	10.88	2085	2161	0.00	215	0	0	0	nan	0.00	0.03	4.78	86.95	89.12	0.00	37	0	42	0.00	0.00	67.01	7.63	0.00	0.00	2000
229	11.13	2082	2079	0.00	198	0	0	0	nan	0.00	0.02	3.81	84.18	88.87	0.00	38	0	42	0.00	0.00	65.14	7.43	0.00	0.00	2000
230	10.86	2112	2103	0.00	203	0	0	0	nan	0.00	2.13	2.40	84.81	89.14	0.00	38	0	42	0.00	0.00	64.94	7.36	0.00	0.00	2000
228	10.64	2150	2096	0.00	214	0	0	0	nan	0.00	0.49	4.15	84.45	89.36	0.00	38	0	42	0.00	0.00	62.47	7.38	0.00	0.00	2000
232	10.84	2130	2110	0.00	199	0	0	0	nan	0.00	0.02	5.71	83.79	89.16	0.00	38	0	42	0.00	0.00	69.49	8.43	0.00	0.00	2000
234	10.93	2137	2108	0.00	213	0	0	0	nan	0.00	0.00	5.24	84.13	89.07	0.00	37	0	42	0.00	0.00	64.02	7.49	0.00	0.00	2000
231	11.19	2057	2111	0.00	194	0	0	0	nan	0.00	0.00	3.87	85.58	88.81	0.00	38	0	42	0.00	0.00	67.25	7.97	0.00	0.00	2000
230	10.97	2105	2096	0.00	194	0	0	0	nan	0.00	0.00	3.13	85.76	89.03	0.00	38	0	42	0.00	0.00	62.99	7.39	0.00	0.00	2000
231	11.18	2056	2106	0.00	195	0	0	0	nan	0.00	0.00	3.49	85.63	88.82	0.00	38	0	42	0.00	0.00	67.93	7.86	0.00	0.00	2000
230	10.83	2118	2104	0.00	193	0	0	0	nan	0.00	0.02	3.79	85.51	89.17	0.00	39	0	42	0.00	0.00	62.74	7.25	0.00	0.00	2000
223	10.76	2109	2066	0.00	194	0	0	0	nan	0.00	0.01	3.76	84.03	89.24	0.00	38	0	42	0.00	0.00	65.27	7.38	0.00	0.00	2000
230	10.99	2099	2098	0.00	195	0	0	0	nan	0.00	0.00	3.90	85.00	89.01	0.00	38	0	42	0.00	0.00	63.58	7.33	0.00	0.00	2000
233	10.95	2093	2132	0.00	194	0	0	0	nan	0.00	0.03	2.46	87.91	89.05	0.00	39	0	42	0.00	0.00	68.35	7.79	0.00	0.00	2000
230	10.74	2141	2097	0.00	195	0	0	8	96.13	0.00	0.01	3.63	85.50	89.26	0.00	38	0	42	0.00	0.00	62.18	7.21	0.00	0.00	2000
228	10.71	2123	2108	0.70	194	0	0	11	97.92	0.00	0.00	3.28	86.22	89.29	0.00	38	0	42	0.00	0.00	67.79	7.68	0.00	0.00	2000
228	11.04	2076	2094	0.00	196	0	0	0	nan	0.00	0.02	4.19	84.60	88.96	0.00	39	0	42	0.00	0.00	64.41	7.31	0.00	0.00	2000
233	10.88	2139	2101	0.00	197	0	0	0	nan	0.00	0.03	3.86	85.15	89.12	0.00	39	0	43	0.00	0.00	63.15	7.26	0.00	0.00	2000
226	10.69	2148	2068	0.00	195	0	0	0	nan	0.00	0.02	3.42	84.57	89.31	0.00	39	0	42	0.00	0.00	62.62	7.33	0.00	0.00	2000
228	10.63	2139	2102	0.00	194	0	0	0	nan	0.00	0.00	2.53	86.86	89.37	0.00	39	0	42	0.00	0.00	64.56	7.28	0.00	0.00	2000
227	10.75	2129	2085	0.00	193	0	0	0	nan	0.00	0.01	2.37	86.24	89.25	0.00	39	0	42	0.00	0.00	65.31	7.56	0.00	0.00	2000
228	10.84	2086	2117	0.00	212	0	0	0	nan	0.00	0.00	2.03	87.89	89.16	0.00	39	0	42	0.00	0.00	64.34	7.52	0.00	0.00	2000
229	11.05	2086	2088	0.00	212	0	0	0	nan	0.00	0.01	2.99	85.51	88.95	0.00	39	0	42	0.00	0.00	65.15	7.55	0.00	0.00	2000
229	10.99	2091	2090	0.00	194	0	0	0	nan	0.00	0.02	3.42	85.14	89.01	0.00	38	0	42	0.00	0.00	63.34	7.41	0.00	0.00	2000
232	11.00	2076	2133	0.00	210	0	0	0	nan	0.00	0.00	2.52	87.97	89.00	0.00	38	0	42	0.00	0.00	68.73	7.86	0.00	0.00	2000
232	11.32	2037	2111	0.00	198	0	0	0	nan	0.01	0.02	4.07	85.18	88.68	0.00	38	0	42	0.00	0.00	68.78	7.91	0.00	0.00	2000
225	10.76	2099	2094	0.00	212	0	0	0	nan	0.00	0.00	3.04	85.91	89.25	0.00	38	0	42	0.00	0.00	64.64	7.46	0.00	0.00	2000
223	10.84	2052	2105	0.00	194	0	0	0	nan	0.00	0.00	3.12	86.30	89.16	0.00	39	0	42	0.00	0.00	65.16	7.80	0.00	0.00	2000
225	11.63	2032	2000	0.00	196	0	0	0	nan	0.00	0.00	3.33	80.97	88.37	0.00	38	0	42	0.00	0.00	61.45	7.39	0.00	0.00	2000
226	10.46	2050	2214	0.00	195	0	0	0	nan	0.00	0.00	3.22	91.12	89.54	0.00	39	0	42	0.00	0.00	65.24	7.92	0.00	0.00	2000
224	10.87	2062	2096	0.00	213	0	0	0	nan	0.00	0.00	2.56	86.47	89.13	0.00	39	0	42	0.00	0.00	65.15	7.65	0.00	0.00	2000
222	10.97	2019	2104	0.18	194	0	0	2	69.16	0.00	0.00	2.98	86.34	89.03	0.00	40	0	42	0.00	0.00	66.22	7.83	0.00	0.00	2000
222	10.86	2040	2103	0.49	194	0	0	2	76.97	0.00	0.00	2.79	86.52	89.14	0.00	39	0	42	0.00	0.00	65.29	7.62	0.00	0.00	2000
526	25.22	2260	1936	0.00	193	0	0	0	nan	0.01	0.00	2.21	66.74	74.78	0.00	37	0	42	0.00	0.00	60.09	7.89	0.00	0.00	2000
686	29.65	2339	2077	0.00	244	0	0	0	nan	0.00	0.01	2.45	67.11	70.35	0.00	37	0	42	0.00	0.00	67.38	8.17	0.00	0.00	2000
684	28.62	2367	2120	0.00	261	0	0	0	nan	0.00	0.00	2.36	69.62	71.38	0.00	38	0	42	0.00	0.00	72.75	8.65	0.00	0.00	2000
686	29.11	2352	2104	0.00	244	0	0	0	nan	0.00	0.00	3.25	67.77	70.89	0.00	38	0	42	0.00	0.00	70.05	8.34	0.00	0.00	2000
679	29.04	2352	2087	0.00	243	0	0	0	nan	0.00	0.00	2.83	67.72	70.96	0.00	38	0	42	0.00	0.00	69.52	8.13	0.00	0.00	2000
328	13.96	2170	2277	0.00	243	0	0	0	nan	0.00	0.00	3.61	89.81	86.04	0.00	37	0	43	0.00	0.00	73.30	8.57	0.00	0.00	2000
224	10.86	2047	2112	0.00	194	0	0	0	nan	0.01	0.00	2.78	86.93	89.14	0.00	38	0	42	0.00	0.00	64.33	7.81	0.00	0.00	2000
222	11.11	1991	2106	0.00	194	0	0	0	nan	0.00	0.00	2.83	86.37	88.89	0.00	38	0	42	0.00	0.00	64.33	7.92	0.00	0.00	2000
223	10.82	2072	2085	0.00	196	0	0	0	nan	0.00	0.01	3.52	85.09	89.18	0.00	38	0	42	0.00	0.00	64.55	7.96	0.00	0.00	2000
216	10.61	2058	2076	0.00	202	0	0	0	nan	0.00	0.00	3.62	84.69	89.39	0.00	37	0	42	0.00	0.00	62.12	7.61	0.00	0.00	2000
129	8.09	1570	2136	0.00	229	0	0	0	nan	0.00	0.02	5.42	88.01	91.91	0.00	37	0	42	0.00	0.00	62.56	7.82	0.00	0.00	2000
77	6.89	1112	2111	0.00	210	0	0	0	nan	0.00	0.00	3.91	89.58	93.11	0.00	37	0	42	0.00	0.00	63.44	7.98	0.00	0.00	2000
145	8.37	1673	2168	0.00	49	0	0	0	nan	0.00	0.00	17.06	77.27	91.63	0.00	37	0	42	0.00	0.00	62.17	7.61	0.00	0.00	2000
