Avg_MHz	Busy%	Bzy_MHz	TSC_MHz	IPC	IRQ	NMI	SMI	LLCMRPS	LLC%hit	POLL%	C1%	C1E%	C6%	CPU%c1	CPU%c6	CoreTmp	CoreThr	PkgTmp	Pkg%pc2	Pkg%pc6	PkgWatt	RAMWatt	PKG_%	RAM_%	UncMHz
221	13.77	1706	1978	0.00	227	0	0	0	nan	0.00	0.01	24.20	57.07	86.23	0.00	38	0	42	0.00	0.00	55.91	7.03	0.00	0.00	2000
419	17.19	2221	2306	0.00	250	0	0	0	nan	0.00	2.44	15.20	73.65	82.81	0.00	38	0	42	0.00	0.00	76.23	8.22	0.00	0.00	2000
77	7.12	1090	2077	0.00	194	0	0	0	nan	0.00	0.00	12.89	79.12	92.88	0.00	37	0	42	0.00	0.00	57.96	7.26	0.00	0.00	2000
73	7.25	997	2125	0.00	210	0	0	0	nan	0.00	0.00	4.15	89.70	92.75	0.00	37	0	43	0.00	0.00	62.79	8.08	0.00	0.00	2000
73	6.91	1052	2107	0.00	193	0	0	0	nan	0.00	0.00	3.55	90.00	93.09	0.00	37	0	42	0.00	0.00	57.64	7.42	0.00	0.00	2000
71	6.86	1045	2074	0.00	194	0	0	0	nan	0.00	0.01	2.44	89.49	93.14	0.00	37	0	43	0.00	0.00	56.58	7.42	0.00	0.00	2000
76	6.95	1068	2137	0.00	195	0	0	0	nan	0.00	0.06	3.11	91.64	93.05	0.00	37	0	42	0.00	0.00	60.04	7.66	0.00	0.00	2000
72	6.53	1106	2099	0.00	193	0	0	0	nan	0.00	0.01	2.85	90.45	93.47	0.00	38	0	43	0.00	0.00	58.24	7.31	0.00	0.00	2000
73	6.93	1053	2095	0.00	194	0	0	0	nan	0.00	0.00	3.41	89.56	93.07	0.00	37	0	43	0.00	0.00	58.21	7.46	0.00	0.00	2000
71	6.51	1112	2071	0.00	194	0	0	0	nan	0.00	0.00	2.75	89.42	93.49	0.00	37	0	42	0.00	0.00	56.93	7.09	0.00	0.00	2000
73	6.37	1140	2124	0.00	195	0	0	0	nan	0.00	0.02	3.01	91.59	93.63	0.00	37	0	42	0.00	0.00	58.25	7.34	0.00	0.00	2000
72	6.62	1083	2103	0.00	210	0	0	0	nan	0.00	0.00	2.66	90.88	93.38	0.00	37	0	42	0.00	0.00	57.73	7.40	0.00	0.00	2000
73	6.72	1084	2100	0.00	193	0	0	0	nan	0.00	0.02	2.87	90.45	93.28	0.00	37	0	43	0.00	0.00	60.33	7.75	0.00	0.00	2000
72	6.62	1092	2095	0.00	178	0	0	0	nan	0.00	0.00	3.20	89.97	93.38	0.00	37	0	42	0.00	0.00	56.25	7.13	0.00	0.00	2000
72	7.04	1030	2092	0.00	210	0	0	0	nan	0.00	0.00	2.88	89.73	92.96	0.00	37	0	42	0.00	0.00	57.59	7.48	0.00	0.00	2000
73	7.34	994	2102	0.00	198	0	0	1	88.02	0.00	0.05	4.90	87.97	92.66	0.00	37	0	43	0.00	0.00	62.22	8.06	0.00	0.00	2000
72	6.79	1071	2075	0.06	193	0	0	1	89.08	0.00	0.00	3.47	88.58	93.21	0.00	37	0	42	0.00	0.00	55.88	7.16	0.00	0.00	2000
74	6.53	1111	2141	0.00	194	0	0	0	nan	0.00	0.01	2.10	92.99	93.47	0.00	37	0	42	0.00	0.00	60.44	7.97	0.00	0.00	2000
156	9.21	1700	2088	0.00	196	0	0	0	nan	0.00	0.01	3.23	87.09	90.79	0.00	37	0	42	0.00	0.00	61.90	7.63	0.00	0.00	2000
228	11.27	2062	2063	0.00	194	0	0	0	nan	0.00	0.00	2.35	84.90	88.73	0.00	37	0	43	0.00	0.00	62.53	7.12	0.00	0.00	2000
229	10.97	2041	2144	0.00	211	0	0	0	nan	0.00	0.02	2.90	88.21	89.03	0.00	38	0	43	0.00	0.00	67.68	7.70	0.00	0.00	2000
229	11.21	2052	2091	0.00	195	0	0	0	nan	0.00	0.00	2.88	85.59	88.79	0.00	38	0	43	0.00	0.00	65.47	7.53	0.00	0.00	2000
234	11.53	2021	2107	0.00	193	0	0	0	nan	0.00	0.00	3.46	85.42	88.47	0.00	37	0	43	0.00	0.00	64.70	7.60	0.00	0.00	2000
231	11.18	2054	2111	0.00	195	0	0	0	nan	0.00	0.02	2.65	86.62	88.82	0.00	38	0	43	0.00	0.00	66.20	7.86	0.00	0.00	2000
220	11.84	2048	1909	0.00	195	0	0	0	nan	0.00	0.00	2.16	78.12	88.16	0.00	38	0	43	0.00	0.00	58.59	7.03	0.00	0.00	2000
235	10.23	2079	2319	0.00	243	0	0	0	nan	0.00	0.00	4.45	94.79	89.77	0.00	38	0	43	0.00	0.00	70.24	8.15	0.00	0.00	2000
232	11.35	2037	2112	0.00	195	0	0	0	nan	0.00	0.00	4.32	84.82	88.65	0.00	38	0	43	0.00	0.00	69.11	8.14	0.00	0.00	2000
223	11.07	2059	2055	0.00	194	0	0	0	nan	0.00	0.00	4.15	83.03	88.93	0.00	38	0	43	0.00	0.00	63.16	7.41	0.00	0.00	2000
232	11.15	2050	2135	0.00	195	0	0	0	nan	0.00	0.01	3.35	87.09	88.85	0.00	38	0	43	0.00	0.00	67.20	7.66	0.00	0.00	2000
229	11.13	2094	2068	0.00	195	0	0	0	nan	0.00	0.05	2.42	85.21	88.87	0.00	39	0	43	0.00	0.00	63.49	7.41	0.00	0.00	2000
225	11.02	2038	2106	0.00	211	0	0	0	nan	0.00	0.00	1.61	87.71	88.98	0.00	39	0	42	0.00	0.00	63.16	7.35	0.00	0.00	2000
232	11.06	2070	2125	0.00	195	0	0	0	nan	0.00	0.00	5.04	85.11	88.94	0.00	39	0	43	0.00	0.00	64.87	7.39	0.00	0.00	2000
229	10.80	2121	2101	0.20	194	0	0	13	79.82	0.00	0.00	4.44	84.89	89.20	0.00	39	0	42	0.00	0.00	64.84	7.48	0.00	0.00	2000
227	11.22	2016	2106	0.51	194	0	0	6	94.77	0.00	0.00	4.06	85.06	88.78	0.00	39	0	42	0.00	0.00	69.83	7.86	0.00	0.00	2000
233	11.18	2085	2103	0.00	195	0	0	0	nan	0.00	0.03	2.36	86.74	88.82	0.00	39	0	43	0.00	0.00	64.12	7.23	0.00	0.00	2000
228	11.46	2061	2028	0.00	200	0	0	0	nan	0.01	0.00	2.63	83.08	88.54	0.00	38	0	43	0.00	0.00	57.09	6.74	0.00	0.00	2000
236	11.02	2056	2183	0.00	243	0	0	0	nan	0.00	0.00	2.30	90.40	88.98	0.00	38	0	43	0.00	0.00	75.83	8.79	0.00	0.00	2000
227	11.02	2073	2084	0.00	195	0	0	0	nan	0.00	0.01	2.20	86.25	88.98	0.00	38	0	43	0.00	0.00	65.93	7.48	0.00	0.00	2000
235	11.23	2076	2113	0.00	212	0	0	0	nan	0.00	0.02	2.89	86.46	88.77	0.00	38	0	42	0.00	0.00	64.49	7.24	0.00	0.00	2000
231	11.41	2016	2110	0.00	199	0	0	0	nan	0.00	0.03	5.98	83.18	88.59	0.00	38	0	43	0.00	0.00	65.11	7.57	0.00	0.00	2000
227	11.29	2032	2081	0.00	195	0	0	0	nan	0.00	0.00	3.86	84.26	88.71	0.00	38	0	43	0.00	0.00	64.49	7.40	0.00	0.00	2000
229	11.80	2036	2006	0.00	196	0	0	0	nan	0.00	0.00	3.15	81.30	88.20	0.00	38	0	43	0.00	0.00	62.68	7.21	0.00	0.00	2000
236	10.76	2076	2221	0.00	228	0	0	0	nan	0.00	0.02	4.71	89.86	89.24	0.00	38	0	42	0.00	0.00	69.40	7.72	0.00	0.00	2000
225	11.20	2046	2061	0.00	199	0	0	0	nan	0.00	0.00	5.22	82.09	88.80	0.00	38	0	42	0.00	0.00	63.16	7.31	0.00	0.00	2000
231	11.11	2034	2147	0.00	194	0	0	0	nan	0.00	0.00	3.27	87.78	88.89	0.00	39	0	42	0.00	0.00	70.43	8.63	0.00	0.00	2000
233	11.19	2072	2110	0.00	196	0	0	0	nan	0.00	0.03	2.95	86.50	88.81	0.00	39	0	43	0.00	0.00	63.34	7.54	0.00	0.00	2000
231	11.26	2064	2090	0.00	196	0	0	0	nan	0.00	0.00	3.50	84.93	88.74	0.00	39	0	43	0.00	0.00	66.76	8.11	0.00	0.00	2000
226	10.96	2089	2077	0.00	196	0	0	0	nan	0.00	0.02	3.08	85.14	89.04	0.00	39	0	43	0.00	0.00	61.94	7.62	0.00	0.00	2000
233	11.09	2077	2126	0.00	211	0	0	0	nan	0.00	0.00	2.34	87.66	88.91	0.00	40	0	43	0.00	0.00	63.53	7.67	0.00	0.00	2000
228	11.17	2044	2102	0.53	194	0	0	2	38.17	0.00	0.00	3.35	85.72	88.83	0.00	39	0	43	0.00	0.00	68.64	8.40	0.00	0.00	2000
231	11.33	2036	2100	0.14	194	0	0	0	nan	0.00	0.00	2.75	86.14	88.67	0.00	39	0	42	0.00	0.00	62.10	7.44	0.00	0.00	2000
231	11.34	2048	2087	0.00	197	0	0	0	nan	0.00	0.00	3.81	84.50	88.66	0.00	40	0	42	0.00	0.00	65.90	7.79	0.00	0.00	2000
231	11.36	2019	2117	0.00	194	0	0	0	nan	0.00	0.00	3.95	85.56	88.64	0.00	41	0	42	0.00	0.00	64.67	7.35	0.00	0.00	2000
223	10.84	2080	2074	0.00	197	1	0	0	nan	0.00	0.00	3.48	84.66	89.16	0.00	41	0	43	0.00	0.00	62.63	7.13	0.00	0.00	2000
230	10.96	2089	2110	0.00	197	0	0	0	nan	0.00	0.00	4.25	85.30	89.04	0.00	40	0	43	0.00	0.00	67.44	7.80	0.00	0.00	2000
230	11.00	2083	2104	0.00	196	0	0	0	nan	0.00	0.02	3.31	85.96	89.00	0.00	39	0	42	0.00	0.00	65.64	7.80	0.00	0.00	2000
229	11.13	2065	2094	0.00	195	0	0	0	nan	0.00	0.00	3.37	85.38	88.87	0.00	40	0	42	0.00	0.00	64.23	7.41	0.00	0.00	2000
227	10.96	2066	2107	0.00	194	0	0	0	nan	0.00	0.00	2.99	86.49	89.04	0.00	40	0	43	0.00	0.00	64.98	7.64	0.00	0.00	2000
229	11.10	2055	2112	0.00	194	0	0	0	nan	0.00	0.00	3.22	86.33	88.90	0.00	40	0	42	0.00	0.00	62.26	7.30	0.00	0.00	2000
223	11.07	2041	2073	0.00	194	0	0	0	nan	0.00	0.00	3.58	84.40	88.93	0.00	40	0	43	0.00	0.00	63.50	7.42	0.00	0.00	2000
229	11.13	2039	2121	0.00	211	0	0	0	nan	0.00	0.00	3.16	86.68	88.87	0.00	40	0	43	0.00	0.00	65.01	7.88	0.00	0.00	2000
226	11.34	2007	2085	0.00	196	0	0	0	nan	0.00	0.00	3.39	84.79	88.66	0.00	40	0	43	0.00	0.00	64.78	7.11	0.00	0.00	2000
231	10.86	2107	2124	0.00	194	0	0	0	nan	0.00	0.00	2.86	87.38	89.14	0.00	41	0	43	0.00	0.00	63.25	7.60	0.00	0.00	2000
222	10.95	2055	2068	0.00	194	0	0	0	nan	0.00	0.00	3.00	84.90	89.05	0.00	40	0	43	0.00	0.00	65.69	7.17	0.00	0.00	2000
228	11.03	2065	2106	0.00	193	0	0	0	nan	0.00	0.02	2.57	86.78	88.97	0.00	40	0	43	0.00	0.00	64.68	7.44	0.00	0.00	2000
224	11.09	2032	2090	0.00	196	0	0	0	nan	0.00	0.02	2.26	86.38	88.91	0.00	40	0	42	0.00	0.00	68.21	7.90	0.00	0.00	2000
234	11.32	2036	2134	0.61	211	0	0	4	91.46	0.00	0.00	4.10	86.09	88.68	0.00	40	0	43	0.00	0.00	64.41	7.49	0.00	0.00	2000
226	10.95	2085	2076	0.14	195	0	0	0	nan	0.00	0.00	3.73	84.42	89.05	0.00	40	0	43	0.00	0.00	62.88	7.56	0.00	0.00	2000
229	10.99	2083	2101	0.00	195	0	0	0	nan	0.00	0.00	3.35	85.80	89.01	0.00	40	0	42	0.00	0.00	64.39	7.47	0.00	0.00	2000
230	11.10	2059	2112	0.00	206	0	0	0	nan	0.01	0.00	4.42	85.14	88.90	0.00	41	0	43	0.00	0.00	65.71	7.58	0.00	0.00	2000
231	11.09	2067	2118	0.00	199	0	0	0	nan	0.00	0.02	3.23	86.62	88.91	0.00	41	0	43	0.00	0.00	65.80	7.65	0.00	0.00	2000
229	11.20	2078	2067	0.00	211	0	0	0	nan	0.00	0.00	7.20	80.39	88.81	0.00	41	0	43	0.00	0.00	63.85	7.32	0.00	0.00	2000
232	11.07	2072	2123	0.00	212	0	0	0	nan	0.00	0.00	3.57	86.44	88.93	0.00	41	0	42	0.00	0.00	66.39	7.52	0.00	0.00	2000
227	10.96	2067	2106	0.00	195	0	0	0	nan	0.00	0.00	3.93	85.43	89.04	0.00	41	0	42	0.00	0.00	65.31	7.45	0.00	0.00	2000
224	11.01	2062	2072	0.00	195	0	0	0	nan	0.00	0.00	3.57	84.44	88.99	0.00	41	0	43	0.00	0.00	63.27	7.32	0.00	0.00	2000
233	11.21	2060	2119	0.00	215	0	0	0	nan	0.00	0.02	3.33	86.36	88.79	0.00	41	0	43	0.00	0.00	66.49	7.74	0.00	0.00	2000
228	11.11	2045	2104	0.00	195	0	0	0	nan	0.00	0.00	3.37	85.88	88.89	0.00	41	0	43	0.00	0.00	65.32	7.65	0.00	0.00	2000
224	11.11	2036	2076	0.00	193	0	0	0	nan	0.00	0.00	3.04	85.04	88.89	0.00	41	0	43	0.00	0.00	63.91	7.55	0.00	0.00	2000
230	11.11	2052	2121	0.00	211	0	0	0	nan	0.00	0.00	2.68	87.22	88.89	0.00	41	0	43	0.00	0.00	66.16	7.87	0.00	0.00	2000
223	10.83	2073	2082	0.00	194	0	0	0	nan	0.00	0.00	3.52	85.01	89.17	0.00	41	0	43	0.00	0.00	64.08	7.26	0.00	0.00	2000
232	11.04	2089	2109	0.00	196	0	0	0	nan	0.00	0.00	4.20	85.22	88.96	0.00	41	0	42	0.00	0.00	65.12	7.62	0.00	0.00	2000
222	11.01	2044	2070	0.00	194	0	0	0	nan	0.00	0.02	2.71	85.15	88.99	0.00	41	0	42	0.00	0.00	61.38	7.23	0.00	0.00	2000
231	11.16	2037	2134	0.00	227	0	0	1	81.42	0.00	0.01	2.61	87.70	88.84	0.00	41	0	43	0.00	0.00	71.22	8.21	0.00	0.00	2000
229	11.06	2091	2078	1.02	196	0	0	4	73.88	0.00	0.00	3.64	84.43	88.94	0.00	41	0	43	0.00	0.00	61.42	7.07	0.00	0.00	2000
229	11.03	2080	2092	0.00	196	0	0	0	nan	0.00	0.00	3.74	85.01	88.97	0.00	41	0	43	0.00	0.00	62.45	7.27	0.00	0.00	2000
227	10.97	2060	2106	0.00	210	0	0	0	nan	0.00	0.00	1.81	87.59	89.03	0.00	41	0	43	0.00	0.00	64.17	7.26	0.00	0.00	2000
226	10.97	2056	2100	0.00	211	0	0	0	nan	0.00	0.00	3.02	85.99	89.03	0.00	41	0	43	0.00	0.00	65.77	7.60	0.00	0.00	2000
229	11.08	2059	2109	0.00	211	0	0	0	nan	0.00	0.01	2.05	87.35	88.92	0.00	41	0	43	0.00	0.00	66.62	7.64	0.00	0.00	2000
229	11.26	2031	2102	0.00	212	0	0	0	nan	0.00	0.01	2.65	86.26	88.74	0.00	41	0	43	0.00	0.00	65.72	7.91	0.00	0.00	2000
231	11.15	2049	2126	0.00	195	0	0	0	nan	0.00	0.00	3.02	87.11	88.85	0.00	40	0	42	0.00	0.00	66.14	7.55	0.00	0.00	2000
229	10.89	2104	2100	0.00	194	0	0	0	nan	0.00	0.01	3.19	85.95	89.11	0.00	41	0	43	0.00	0.00	64.75	7.51	0.00	0.00	2000
227	11.08	2051	2100	0.00	194	0	0	0	nan	0.00	0.00	3.14	85.95	88.92	0.00	41	0	42	0.00	0.00	65.04	7.45	0.00	0.00	2000
230	11.08	2075	2097	0.00	195	0	0	0	nan	0.00	0.01	3.43	85.47	88.92	0.00	41	0	42	0.00	0.00	64.78	7.49	0.00	0.00	2000
227	11.09	2041	2103	0.00	194	0	0	0	nan	0.00	0.00	2.91	86.29	88.91	0.00	41	0	43	0.00	0.00	64.78	7.65	0.00	0.00	2000
228	11.23	2035	2099	0.00	196	0	0	0	nan	0.02	0.00	3.29	85.63	88.77	0.00	41	0	43	0.00	0.00	64.63	7.44	0.00	0.00	2000
222	10.87	2077	2069	0.00	195	0	0	0	nan	0.00	0.00	3.66	84.26	89.13	0.00	41	0	43	0.00	0.00	63.39	7.31	0.00	0.00	2000
227	11.07	2054	2093	0.00	195	0	0	0	nan	0.00	0.01	3.68	85.06	88.93	0.00	41	0	43	0.00	0.00	62.19	7.40	0.00	0.00	2000
233	11.19	2047	2132	0.00	227	0	0	0	nan	0.00	0.02	2.72	87.53	88.81	0.00	41	0	43	0.00	0.00	66.09	7.62	0.00	0.00	2000
226	10.83	2094	2094	0.00	193	0	0	0	nan	0.00	0.00	3.50	85.50	89.17	0.00	41	0	43	0.00	0.00	67.44	7.97	0.00	0.00	2000
227	10.94	2075	2102	0.24	194	0	0	3	90.03	0.00	0.03	3.14	86.10	89.06	0.00	41	0	42	0.00	0.00	65.52	7.66	0.00	0.00	2000
231	11.22	2053	2110	0.56	195	0	0	3	92.36	0.00	0.00	3.38	85.94	88.78	0.00	41	0	43	0.00	0.00	64.73	7.54	0.00	0.00	2000
227	10.88	2086	2098	0.00	193	0	0	0	nan	0.00	0.00	3.67	85.49	89.12	0.00	41	0	42	0.00	0.00	64.68	7.49	0.00	0.00	2000
230	11.19	2051	2101	0.00	195	0	0	0	nan	0.00	0.01	3.20	85.84	88.81	0.00	41	0	43	0.00	0.00	64.83	7.57	0.00	0.00	2000
224	10.76	2096	2087	0.00	193	0	0	0	nan	0.00	0.00	3.11	85.67	89.24	0.00	41	0	43	0.00	0.00	64.03	7.28	0.00	0.00	2000
227	11.21	2028	2100	0.00	195	0	0	0	nan	0.00	0.02	2.93	85.95	88.79	0.00	41	0	43	0.00	0.00	61.63	6.98	0.00	0.00	2000
227	11.06	2043	2107	0.00	210	0	0	0	nan	0.00	0.00	3.13	86.27	88.94	0.00	40	0	43	0.00	0.00	64.76	7.52	0.00	0.00	2000
225	11.03	2069	2074	0.00	196	0	0	0	nan	0.00	0.00	2.68	85.28	88.97	0.00	41	0	43	0.00	0.00	67.29	7.72	0.00	0.00	2000
228	10.93	2073	2116	0.00	194	0	0	0	nan	0.00	0.00	2.92	86.90	89.07	0.00	41	0	43	0.00	0.00	65.56	7.52	0.00	0.00	2000
229	11.19	2039	2112	0.00	211	0	0	0	nan	0.00	0.00	3.26	86.21	88.81	0.00	41	0	43	0.00	0.00	62.71	7.33	0.00	0.00	2000
223	10.80	2079	2088	0.00	194	0	0	0	nan	0.00	0.00	3.77	85.05	89.20	0.00	40	0	43	0.00	0.00	67.50	7.69	0.00	0.00	2000
229	11.19	2041	2110	0.00	210	0	0	0	nan	0.00	0.00	2.87	86.49	88.81	0.00	41	0	43	0.00	0.00	64.23	7.21	0.00	0.00	2000
227	10.83	2117	2075	0.00	179	0	0	0	nan	0.00	0.00	3.20	84.95	89.17	0.00	41	0	43	0.00	0.00	64.70	7.71	0.00	0.00	2000
231	11.04	2065	2129	0.00	211	0	0	0	nan	0.00	0.02	3.96	86.30	88.96	0.00	41	0	43	0.00	0.00	63.74	7.41	0.00	0.00	2000
226	11.20	2020	2097	0.00	195	0	0	0	nan	0.00	0.00	3.44	85.41	88.80	0.00	41	0	43	0.00	0.00	64.57	7.36	0.00	0.00	2000
229	11.35	2017	2104	0.00	197	0	0	0	nan	0.00	0.00	5.24	83.74	88.65	0.00	41	0	43	0.00	0.00	66.70	7.86	0.00	0.00	2000
227	11.24	2019	2103	0.00	195	0	0	0	nan	0.00	0.00	3.35	85.68	88.76	0.00	41	0	42	0.00	0.00	64.80	7.57	0.00	0.00	2000
228	10.92	2104	2079	0.49	196	0	0	8	67.77	0.00	0.00	2.85	85.40	89.08	0.00	41	0	43	0.00	0.00	65.14	7.52	0.00	0.00	2000
225	11.12	2033	2092	0.59	194	0	0	2	90.97	0.00	0.00	2.20	86.51	88.88	0.00	41	0	43	0.00	0.00	59.87	7.03	0.00	0.00	2000
234	11.17	2078	2117	0.00	210	0	0	0	nan	0.00	0.00	3.15	86.47	88.83	0.00	42	0	43	0.00	0.00	71.30	8.72	0.00	0.00	2000
224	11.16	2020	2086	0.00	210	0	0	0	nan	0.01	0.00	2.23	86.20	88.84	0.00	42	0	43	0.00	0.00	62.02	7.31	0.00	0.00	2000
235	11.29	2056	2128	0.00	195	0	0	0	nan	0.00	0.00	2.86	87.15	88.71	0.00	42	0	43	0.00	0.00	67.14	7.90	0.00	0.00	2000
228	11.21	2036	2099	0.00	197	0	0	0	nan	0.00	0.00	4.33	84.59	88.79	0.00	41	0	43	0.00	0.00	65.59	7.75	0.00	0.00	2000
226	10.99	2073	2084	0.00	195	0	0	0	nan	0.00	0.00	3.35	85.12	89.01	0.00	42	0	42	0.00	0.00	62.09	7.37	0.00	0.00	2000
226	11.20	2025	2092	0.00	194	0	0	0	nan	0.00	0.00	3.79	84.88	88.80	0.00	42	0	43	0.00	0.00	62.55	7.43	0.00	0.00	2000
229	11.10	2055	2112	0.00	195	0	0	0	nan	0.00	0.00	2.90	86.72	88.90	0.00	41	0	43	0.00	0.00	67.12	7.77	0.00	0.00	2000
229	11.16	2050	2102	0.00	196	0	0	0	nan	0.00	0.00	3.75	85.40	88.84	0.00	41	0	43	0.00	0.00	67.64	7.79	0.00	0.00	2000
224	11.16	2025	2082	0.00	210	0	0	0	nan	0.00	0.05	2.83	85.44	88.84	0.00	41	0	43	0.00	0.00	62.70	8.00	0.00	0.00	2000
227	10.83	2093	2105	0.00	194	0	0	0	nan	0.00	0.00	3.28	86.20	89.17	0.00	41	0	43	0.00	0.00	62.85	7.51	0.00	0.00	2000
232	11.14	2055	2130	0.00	194	0	0	0	nan	0.00	0.03	2.74	87.45	88.86	0.00	42	0	42	0.00	0.00	68.77	8.02	0.00	0.00	2000
228	11.17	2040	2098	0.00	195	0	0	0	nan	0.00	0.00	3.96	84.92	88.83	0.00	42	0	42	0.00	0.00	64.94	7.24	0.00	0.00	2000
223	11.11	2032	2076	0.00	195	0	0	0	nan	0.00	0.01	2.95	85.11	88.89	0.00	42	0	42	0.00	0.00	63.34	7.80	0.00	0.00	2000
230	11.08	2057	2117	0.00	210	0	0	0	nan	0.00	0.00	3.04	86.76	88.92	0.00	42	0	43	0.00	0.00	63.61	7.53	0.00	0.00	2000
224	11.08	2044	2077	0.00	194	0	0	0	nan	0.00	0.00	3.56	84.47	88.92	0.00	41	0	43	0.00	0.00	63.15	8.10	0.00	0.00	2000
230	10.82	2117	2109	0.96	195	0	0	5	28.53	0.00	0.02	2.87	86.63	89.18	0.00	42	0	43	0.00	0.00	69.06	7.96	0.00	0.00	2000
233	11.12	2078	2122	0.59	195	0	0	0	nan	0.00	0.00	3.29	86.67	88.88	0.00	42	0	43	0.00	0.00	66.39	7.72	0.00	0.00	2000
228	11.15	2044	2100	0.00	197	0	0	0	nan	0.00	0.02	3.65	85.34	88.85	0.00	42	0	43	0.00	0.00	64.36	7.77	0.00	0.00	2000
221	10.81	2086	2063	0.00	194	0	0	0	nan	0.00	0.00	2.82	84.94	89.19	0.00	41	0	43	0.00	0.00	61.33	7.17	0.00	0.00	2000
232	11.02	2073	2133	0.00	195	0	0	0	nan	0.00	0.03	2.14	88.21	88.98	0.00	42	0	43	0.00	0.00	65.82	7.84	0.00	0.00	2000
228	10.94	2087	2100	0.00	194	0	0	0	nan	0.00	0.00	3.17	85.95	89.06	0.00	41	0	42	0.00	0.00	64.99	7.63	0.00	0.00	2000
226	11.15	2049	2075	0.00	194	0	0	0	nan	0.00	0.00	3.88	84.08	88.85	0.00	41	0	42	0.00	0.00	64.64	7.87	0.00	0.00	2000
228	11.05	2058	2109	0.00	194	0	0	0	nan	0.00	0.00	3.19	86.26	88.95	0.00	41	0	43	0.00	0.00	68.34	8.26	0.00	0.00	2000
225	11.20	2017	2091	0.00	211	0	0	0	nan	0.00	0.00	3.53	84.99	88.80	0.00	41	0	43	0.00	0.00	62.24	7.17	0.00	0.00	2000
231	11.06	2066	2125	0.00	210	0	0	0	nan	0.00	0.00	3.05	87.10	88.94	0.00	42	0	42	0.00	0.00	68.73	8.09	0.00	0.00	2000
226	10.79	2106	2091	0.00	178	0	0	0	nan	0.00	0.00	2.96	85.95	89.21	0.00	42	0	43	0.00	0.00	65.21	7.65	0.00	0.00	2000
225	11.22	2029	2079	0.00	212	0	0	0	nan	0.00	0.02	3.47	84.57	88.78	0.00	41	0	43	0.00	0.00	62.28	7.29	0.00	0.00	2000
232	11.16	2046	2133	0.00	196	0	0	0	nan	0.00	0.02	2.19	88.05	88.84	0.00	41	0	43	0.00	0.00	64.50	7.49	0.00	0.00	2000
229	11.00	2089	2093	0.00	194	0	0	0	nan	0.00	0.00	3.40	85.33	89.00	0.00	39	0	43	0.00	0.00	65.20	7.67	0.00	0.00	2000
224	10.79	2094	2083	0.00	193	0	0	0	nan	0.00	0.00	2.96	85.68	89.21	0.00	38	0	43	0.00	0.00	63.97	7.50	0.00	0.00	2000
228	11.06	2077	2086	0.00	194	0	0	0	nan	0.00	0.02	2.50	85.96	88.94	0.00	39	0	43	0.00	0.00	61.93	7.19	0.00	0.00	2000
231	11.17	2047	2122	0.00	212	0	0	0	nan	0.02	0.00	3.57	86.34	88.83	0.00	40	0	43	0.00	0.00	68.87	7.86	0.00	0.00	2000
223	10.85	2074	2084	1.30	209	0	0	6	86.97	0.00	0.00	3.69	84.90	89.15	0.00	40	0	43	0.00	0.00	63.34	7.44	0.00	0.00	2000
227	10.98	2065	2102	0.22	194	0	0	0	nan	0.00	0.00	3.33	85.90	89.02	0.00	39	0	43	0.00	0.00	64.72	7.56	0.00	0.00	2000
231	11.13	2055	2123	0.00	210	0	0	0	nan	0.00	0.02	3.65	86.30	88.87	0.00	41	0	43	0.00	0.00	65.84	7.56	0.00	0.00	2000
226	11.04	2063	2084	0.00	195	0	0	0	nan	0.00	0.00	4.11	84.38	88.96	0.00	41	0	43	0.00	0.00	63.82	7.57	0.00	0.00	2000
232	11.04	2074	2127	0.00	195	0	0	0	nan	0.00	0.00	3.95	86.21	88.96	0.00	42	0	43	0.00	0.00	66.15	7.79	0.00	0.00	2000
224	11.09	2054	2068	0.00	197	0	0	0	nan	0.00	0.03	3.90	83.77	88.91	0.00	41	0	42	0.00	0.00	63.21	7.30	0.00	0.00	2000
232	11.25	2038	2125	0.00	210	0	0	0	nan	0.00	0.00	3.92	86.10	88.75	0.00	41	0	42	0.00	0.00	66.66	7.75	0.00	0.00	2000
225	11.19	2036	2070	0.00	196	0	0	0	nan	0.00	0.01	3.91	83.82	88.81	0.00	41	0	43	0.00	0.00	63.02	7.16	0.00	0.00	2000
231	11.05	2060	2127	0.00	210	0	0	0	nan	0.00	0.02	3.45	86.74	88.95	0.00	41	0	43	0.00	0.00	66.19	7.60	0.00	0.00	2000
224	10.73	2100	2088	0.00	194	0	0	0	nan	0.00	0.00	3.87	85.05	89.27	0.00	41	0	43	0.00	0.00	63.83	7.42	0.00	0.00	2000
225	11.16	2053	2065	0.00	194	0	0	0	nan	0.02	0.02	3.24	84.27	88.84	0.00	39	0	42	0.00	0.00	61.60	7.10	0.00	0.00	2000
229	10.96	2075	2116	0.00	212	0	0	0	nan	0.00	0.04	2.90	86.95	89.04	0.00	40	0	42	0.00	0.00	67.65	7.86	0.00	0.00	2000
227	11.12	2057	2084	0.00	193	0	0	0	nan	0.00	0.00	3.00	85.36	88.88	0.00	40	0	43	0.00	0.00	62.05	7.31	0.00	0.00	2000
224	10.83	2068	2103	0.00	211	0	0	0	nan	0.00	0.02	2.43	86.94	89.17	0.00	39	0	43	0.00	0.00	59.56	7.08	0.00	0.00	2000
237	11.12	2092	2135	0.00	245	0	0	0	nan	0.00	0.00	3.53	86.99	88.88	0.00	40	0	42	0.00	0.00	74.19	8.35	0.00	0.00	2000
224	12.18	2024	1905	0.00	195	0	0	0	nan	0.00	0.00	2.83	76.94	87.82	0.00	40	0	43	0.00	0.00	56.77	6.68	0.00	0.00	2000
237	10.18	2075	2360	0.64	266	0	0	7	66.41	0.00	0.00	6.08	94.93	89.82	0.00	38	0	42	0.00	0.00	76.86	8.82	0.00	0.00	2000
229	11.50	1990	2098	0.38	195	0	0	0	nan	0.00	0.02	3.36	85.26	88.50	0.00	39	0	42	0.00	0.00	64.48	7.53	0.00	0.00	2000
227	10.80	2111	2095	0.00	194	0	0	0	nan	0.00	0.00	2.75	86.28	89.20	0.00	39	0	42	0.00	0.00	65.18	7.68	0.00	0.00	2000
227	11.27	2013	2103	0.00	195	0	0	0	nan	0.00	0.00	3.81	85.12	88.73	0.00	39	0	43	0.00	0.00	64.77	7.41	0.00	0.00	2000
229	11.31	2020	2106	0.00	195	0	0	0	nan	0.00	0.02	3.38	85.69	88.69	0.00	39	0	42	0.00	0.00	65.13	7.52	0.00	0.00	2000
228	11.21	2032	2099	0.00	195	0	0	0	nan	0.00	0.01	4.31	84.50	88.79	0.00	39	0	42	0.00	0.00	66.07	8.71	0.00	0.00	2000
230	11.49	2041	2055	0.00	194	0	0	0	nan	0.00	0.00	3.44	83.23	88.51	0.00	39	0	43	0.00	0.00	61.48	8.50	0.00	0.00	2000
226	10.70	2098	2116	0.00	213	0	0	0	nan	0.00	0.03	4.44	85.68	89.30	0.00	39	0	43	0.00	0.00	69.10	8.44	0.00	0.00	2000
225	11.09	2019	2110	0.00	198	0	0	0	nan	0.00	0.00	4.65	84.86	88.91	0.00	38	0	43	0.00	0.00	62.13	7.40	0.00	0.00	2000
152	9.03	1683	2097	0.00	210	0	0	0	nan	0.00	0.00	4.12	86.76	90.97	0.00	38	0	43	0.00	0.00	61.66	7.70	0.00	0.00	2000
105	7.94	1323	2106	0.00	230	0	0	0	nan	0.00	0.00	7.57	84.76	92.06	0.00	38	0	43	0.00	0.00	61.73	7.95	0.00	0.00	2000
95	7.72	1207	2146	0.00	113	0	0	0	nan	0.00	0.00	5.23	89.14	92.28	0.00	38	0	43	0.00	0.00	60.14	7.70	0.00	0.00	2000
