Avg_MHz	Busy%	Bzy_MHz	TSC_MHz	IPC	IRQ	NMI	SMI	LLCMRPS	LLC%hit	POLL%	C1%	C1E%	C6%	CPU%c1	CPU%c6	CoreTmp	CoreThr	PkgTmp	Pkg%pc2	Pkg%pc6	PkgWatt	RAMWatt	PKG_%	RAM_%	UncMHz
354	17.54	1982	2137	0.00	259	0	0	0	nan	0.00	1.19	31.07	51.84	82.46	0.00	37	0	43	0.00	0.00	68.77	8.00	0.00	0.00	2000
287	14.56	1966	2106	0.00	211	0	0	0	nan	0.03	1.07	17.00	67.78	85.44	0.00	37	0	43	0.00	0.00	63.87	7.34	0.00	0.00	2000
77	6.74	1136	2126	0.00	194	0	0	0	nan	0.00	0.02	3.45	91.02	93.26	0.00	37	0	42	0.00	0.00	61.21	7.91	0.00	0.00	2000
74	6.99	1053	2101	0.00	214	0	0	0	nan	0.00	0.00	3.45	89.74	93.01	0.00	37	0	42	0.00	0.00	57.98	7.59	0.00	0.00	2000
73	6.60	1108	2105	0.00	194	0	0	0	nan	0.01	0.00	3.16	90.42	93.40	0.00	37	0	42	0.00	0.00	59.33	7.56	0.00	0.00	2000
74	7.16	1030	2101	0.00	194	0	0	0	nan	0.00	0.02	3.30	89.54	92.84	0.00	37	0	43	0.00	0.00	58.14	7.57	0.00	0.00	2000
72	7.00	1037	2073	0.00	193	0	0	0	nan	0.00	0.00	2.78	89.10	93.00	0.00	37	0	42	0.00	0.00	56.12	7.24	0.00	0.00	2000
72	6.56	1093	2120	0.00	194	0	0	0	nan	0.00	0.02	3.09	91.26	93.44	0.00	37	0	43	0.00	0.00	62.12	8.02	0.00	0.00	2000
74	6.66	1113	2089	0.00	194	0	0	0	nan	0.00	0.04	2.74	90.31	93.34	0.00	37	0	42	0.00	0.00	57.64	7.68	0.00	0.00	2000
73	6.60	1097	2106	0.00	194	0	0	0	nan	0.00	0.02	2.55	91.14	93.40	0.00	37	0	43	0.00	0.00	58.93	7.59	0.00	0.00	2000
74	6.45	1138	2120	0.00	193	0	0	0	nan	0.00	0.00	2.57	91.92	93.55	0.00	37	0	43	0.00	0.00	57.58	7.46	0.00	0.00	2000
73	6.67	1102	2092	0.00	195	0	0	0	nan	0.00	0.00	4.20	88.90	93.33	0.00	37	0	42	0.00	0.00	58.50	7.52	0.00	0.00	2000
72	6.75	1075	2098	0.00	193	0	0	0	nan	0.00	0.00	3.21	89.96	93.25	0.00	37	0	42	0.00	0.00	57.78	7.55	0.00	0.00	2000
72	6.70	1072	2106	0.00	193	0	0	0	nan	0.00	0.00	3.26	90.32	93.30	0.00	37	0	42	0.00	0.00	56.86	7.49	0.00	0.00	2000
74	6.60	1116	2103	0.00	193	0	0	0	nan	0.00	0.00	3.75	89.89	93.40	0.00	37	0	42	0.00	0.00	59.31	7.84	0.00	0.00	2000
72	6.51	1111	2094	0.00	194	0	0	0	97.94	0.00	0.00	3.12	90.10	93.49	0.00	37	0	43	0.00	0.00	58.48	7.53	0.00	0.00	2000
74	6.70	1104	2090	0.30	193	0	0	1	85.37	0.00	0.01	3.08	89.75	93.30	0.00	37	0	42	0.00	0.00	57.59	7.60	0.00	0.00	2000
73	6.81	1066	2107	0.11	193	0	0	0	nan	0.00	0.00	4.09	89.42	93.19	0.00	37	0	42	0.00	0.00	58.30	7.59	0.00	0.00	2000
190	10.30	1847	2100	0.00	211	0	0	0	nan	0.01	0.00	4.79	85.07	89.70	0.00	39	0	43	0.00	0.00	62.42	7.59	0.00	0.00	2000
231	10.98	2114	2093	0.00	212	1	0	0	nan	0.00	0.00	4.27	84.51	89.02	0.00	40	0	43	0.00	0.00	65.37	7.59	0.00	0.00	2000
231	11.00	2093	2106	0.00	208	0	0	0	nan	0.00	0.02	2.86	86.56	89.00	0.00	40	0	43	0.00	0.00	64.76	7.38	0.00	0.00	2000
230	10.99	2090	2104	0.00	203	0	0	0	nan	0.00	0.02	2.80	86.57	89.01	0.00	40	0	43	0.00	0.00	65.23	7.22	0.00	0.00	2000
238	11.54	2080	2081	0.00	195	0	0	0	nan	0.00	0.48	5.74	81.58	88.46	0.00	38	0	42	0.00	0.00	65.10	7.34	0.00	0.00	2000
235	11.33	2059	2115	0.00	217	0	0	0	nan	0.00	0.02	5.95	83.44	88.67	0.00	39	0	42	0.00	0.00	69.00	8.06	0.00	0.00	2000
234	11.56	2045	2082	0.00	199	0	0	0	nan	0.00	0.00	6.36	81.51	88.44	0.00	38	0	43	0.00	0.00	65.63	7.83	0.00	0.00	2000
228	11.20	2028	2111	0.00	199	0	0	0	nan	0.00	0.00	6.22	83.21	88.80	0.00	37	0	42	0.00	0.00	63.69	7.59	0.00	0.00	2000
234	11.22	2064	2118	0.00	198	0	0	0	nan	0.00	0.00	4.22	85.48	88.78	0.00	37	0	42	0.00	0.00	68.44	8.12	0.00	0.00	2000
223	11.10	2047	2058	0.00	198	0	0	0	nan	0.01	0.00	4.62	82.62	88.90	0.00	38	0	42	0.00	0.00	62.66	7.18	0.00	0.00	2000
248	11.84	2061	2134	0.00	214	0	0	0	nan	0.00	0.05	5.98	83.79	88.16	0.00	38	0	42	0.00	0.00	68.60	8.06	0.00	0.00	2000
229	11.32	2051	2074	0.00	203	0	0	0	nan	0.00	0.05	6.38	81.38	88.68	0.00	38	0	42	0.00	0.00	64.22	7.49	0.00	0.00	2000
233	11.29	2033	2136	0.00	194	0	0	0	nan	0.00	0.01	4.46	85.91	88.71	0.00	38	0	42	0.00	0.00	63.55	7.29	0.00	0.00	2000
229	11.20	2066	2077	0.00	203	0	0	0	nan	0.00	0.93	6.01	81.04	88.80	0.00	38	0	43	0.00	0.00	67.63	7.60	0.00	0.00	2000
228	10.72	2130	2095	0.00	199	0	0	1	91.93	0.00	0.00	5.96	83.24	89.28	0.00	39	0	42	0.00	0.00	64.65	7.44	0.00	0.00	2000
227	11.27	2029	2087	0.65	196	0	0	19	86.86	0.00	0.00	4.74	83.59	88.73	0.00	38	0	42	0.00	0.00	64.57	7.24	0.00	0.00	2000
234	11.74	2020	2075	0.02	201	0	0	0	nan	0.00	0.02	4.78	82.63	88.26	0.00	38	0	42	0.00	0.00	61.36	7.07	0.00	0.00	2000
233	11.28	2007	2163	0.00	211	0	0	0	nan	0.00	0.02	6.37	85.19	88.72	0.00	38	0	42	0.00	0.00	70.08	8.05	0.00	0.00	2000
226	11.13	2056	2070	0.00	197	0	0	0	nan	0.00	0.02	4.22	83.55	88.87	0.00	38	0	42	0.00	0.00	62.64	7.21	0.00	0.00	2000
233	11.38	2019	2132	0.00	196	0	0	0	nan	0.00	0.00	4.19	85.94	88.62	0.00	39	0	42	0.00	0.00	65.53	7.58	0.00	0.00	2000
226	11.43	2028	2046	0.00	197	0	0	0	nan	0.00	0.00	4.48	81.98	88.57	0.00	39	0	42	0.00	0.00	63.81	7.25	0.00	0.00	2000
232	11.43	1979	2152	0.00	219	0	0	0	nan	0.00	0.00	4.99	85.96	88.57	0.00	40	0	42	0.00	0.00	66.90	7.81	0.00	0.00	2000
231	11.51	2005	2105	0.00	199	0	0	0	nan	0.00	0.00	3.65	85.25	88.49	0.00	38	0	43	0.00	0.00	65.28	7.45	0.00	0.00	2000
225	11.24	2032	2063	0.00	195	0	0	0	nan	0.00	1.04	2.90	83.44	88.76	0.00	39	0	42	0.00	0.00	64.05	7.71	0.00	0.00	2000
236	11.13	2089	2127	0.00	197	0	0	0	nan	0.00	0.03	3.15	87.03	88.87	0.00	38	0	42	0.00	0.00	67.71	7.97	0.00	0.00	2000
231	10.84	2140	2092	0.00	201	0	0	0	nan	0.00	0.00	5.27	83.67	89.16	0.00	39	0	42	0.00	0.00	63.35	7.30	0.00	0.00	2000
233	11.38	2064	2088	0.00	203	0	0	0	nan	0.00	0.04	4.26	84.04	88.62	0.00	39	0	42	0.00	0.00	63.31	7.29	0.00	0.00	2000
221	10.98	2015	2100	0.00	213	0	0	0	nan	0.00	0.41	6.12	82.69	89.02	0.00	38	0	42	0.00	0.00	65.18	7.67	0.00	0.00	2000
235	11.45	2065	2090	0.00	231	0	0	0	nan	0.00	0.00	7.51	80.66	88.55	0.00	37	0	42	0.00	0.00	65.69	7.83	0.00	0.00	2000
228	10.83	2063	2143	0.00	199	0	0	0	nan	0.00	0.01	6.45	84.65	89.17	0.00	38	0	42	0.00	0.00	65.76	7.78	0.00	0.00	2000
224	10.85	2061	2103	0.00	197	0	0	0	nan	0.00	0.06	7.65	81.73	89.15	0.00	39	0	43	0.00	0.00	65.75	7.76	0.00	0.00	2000
222	10.74	2067	2098	0.00	194	0	0	5	79.94	0.00	0.00	6.41	82.87	89.26	0.00	40	0	43	0.00	0.00	66.73	7.99	0.00	0.00	2000
222	10.66	2088	2098	0.95	194	0	0	7	79.09	0.00	0.00	6.01	83.28	89.34	0.00	39	0	42	0.00	0.00	61.98	7.25	0.00	0.00	2000
224	10.84	2064	2103	0.00	199	0	0	0	nan	0.00	0.00	4.60	84.73	89.16	0.00	40	0	42	0.00	0.00	64.07	7.43	0.00	0.00	2000
225	10.83	2083	2100	0.00	198	0	0	0	nan	0.00	0.01	6.73	82.51	89.17	0.00	40	0	42	0.00	0.00	66.76	8.03	0.00	0.00	2000
222	10.67	2084	2102	0.00	198	0	0	0	nan	0.00	0.00	7.11	82.37	89.33	0.00	40	0	43	0.00	0.00	65.51	7.78	0.00	0.00	2000
223	10.79	2069	2100	0.00	195	0	0	0	nan	0.00	0.00	6.76	82.58	89.21	0.00	40	0	43	0.00	0.00	66.00	7.65	0.00	0.00	2000
223	10.82	2062	2096	0.00	181	0	0	0	nan	0.00	0.01	5.85	83.26	89.19	0.00	40	0	43	0.00	0.00	60.87	7.21	0.00	0.00	2000
223	10.83	2053	2104	0.00	197	0	0	0	nan	0.00	0.01	6.86	82.53	89.17	0.00	40	0	42	0.00	0.00	65.19	7.75	0.00	0.00	2000
223	10.88	2049	2101	0.00	195	0	0	0	nan	0.00	0.00	7.10	82.09	89.12	0.00	40	0	43	0.00	0.00	66.76	7.92	0.00	0.00	2000
226	10.64	2128	2098	0.00	200	0	0	0	nan	0.00	0.63	2.82	86.03	89.36	0.00	40	0	43	0.00	0.00	65.32	7.63	0.00	0.00	2000
219	11.08	2091	1982	0.00	196	0	0	0	nan	0.01	1.44	3.53	79.04	88.92	0.00	40	0	43	0.00	0.00	59.59	7.09	0.00	0.00	2000
227	10.34	2081	2219	0.00	198	0	0	0	nan	0.00	0.48	8.33	86.01	89.66	0.00	40	0	43	0.00	0.00	67.84	7.91	0.00	0.00	2000
224	10.86	2058	2105	0.00	199	0	0	0	nan	0.00	0.43	5.54	83.56	89.14	0.00	40	0	43	0.00	0.00	65.13	7.79	0.00	0.00	2000
223	10.88	2053	2101	0.00	214	0	0	0	nan	0.00	0.00	5.34	83.93	89.12	0.00	40	0	42	0.00	0.00	65.27	7.79	0.00	0.00	2000
224	10.95	2041	2101	0.00	201	0	0	0	nan	0.00	0.00	7.06	82.14	89.05	0.00	40	0	42	0.00	0.00	63.77	7.47	0.00	0.00	2000
230	11.28	2042	2098	0.00	199	0	0	0	nan	0.00	0.00	10.39	78.49	88.72	0.00	39	0	42	0.00	0.00	65.58	7.89	0.00	0.00	2000
223	11.01	2060	2062	0.00	210	0	0	0	nan	0.00	0.00	7.28	80.21	89.00	0.00	40	0	43	0.00	0.00	61.53	7.25	0.00	0.00	2000
223	10.45	2100	2138	0.00	199	0	0	2	82.88	0.00	0.00	6.39	84.88	89.55	0.00	40	0	42	0.00	0.00	67.77	7.92	0.00	0.00	2000
223	10.78	2066	2100	0.95	197	0	0	9	78.76	0.00	0.00	6.52	82.76	89.22	0.00	40	0	42	0.00	0.00	62.93	7.53	0.00	0.00	2000
227	10.87	2085	2101	0.00	198	0	0	0	nan	0.00	0.01	7.01	82.22	89.13	0.00	40	0	43	0.00	0.00	65.57	7.55	0.00	0.00	2000
220	11.24	2087	1972	0.00	181	0	0	0	nan	0.06	0.02	6.76	76.59	88.76	0.00	40	0	42	0.00	0.00	58.60	6.96	0.00	0.00	2000
227	10.23	2076	2241	0.00	211	0	0	0	nan	0.00	0.00	6.89	88.82	89.77	0.00	40	0	43	0.00	0.00	70.81	8.23	0.00	0.00	2000
222	10.79	2065	2096	0.00	196	0	0	0	nan	0.00	0.00	5.77	83.37	89.21	0.00	40	0	42	0.00	0.00	65.04	7.85	0.00	0.00	2000
222	10.73	2071	2098	0.00	194	0	0	0	nan	0.00	2.16	3.54	83.62	89.27	0.00	40	0	42	0.00	0.00	64.78	7.69	0.00	0.00	2000
225	11.02	2043	2103	0.00	203	0	0	0	nan	0.03	0.02	4.43	84.83	88.98	0.00	40	0	42	0.00	0.00	63.59	7.48	0.00	0.00	2000
219	11.18	2101	1961	0.00	197	0	0	0	nan	0.00	0.00	5.73	77.30	88.82	0.00	41	0	43	0.00	0.00	58.36	6.89	0.00	0.00	2000
234	10.56	2067	2250	0.00	199	0	0	0	nan	0.02	0.47	7.79	87.69	89.44	0.00	40	0	42	0.00	0.00	71.52	8.37	0.00	0.00	2000
224	10.83	2065	2100	0.00	199	0	0	0	nan	0.00	0.02	6.47	82.75	89.17	0.00	40	0	43	0.00	0.00	64.47	7.78	0.00	0.00	2000
222	11.03	2016	2099	0.00	199	0	0	0	nan	0.00	0.00	6.74	82.34	88.97	0.00	40	0	43	0.00	0.00	62.97	7.34	0.00	0.00	2000
226	10.88	2074	2100	0.00	199	0	0	0	nan	0.00	0.00	7.57	81.63	89.12	0.00	40	0	43	0.00	0.00	64.96	7.71	0.00	0.00	2000
223	10.90	2042	2103	0.00	196	0	0	0	nan	0.00	0.00	7.41	81.91	89.10	0.00	40	0	42	0.00	0.00	63.77	7.24	0.00	0.00	2000
219	10.93	2131	1975	0.00	195	0	0	0	nan	0.00	0.00	6.77	76.96	89.07	0.00	40	0	42	0.00	0.00	60.95	7.23	0.00	0.00	2000
227	10.15	2105	2233	0.00	197	0	0	0	nan	0.00	0.00	6.84	88.68	89.85	0.00	40	0	42	0.00	0.00	71.18	8.26	0.00	0.00	2000
222	11.01	2017	2099	0.00	195	0	0	0	nan	0.00	0.03	6.28	82.80	88.99	0.00	41	0	42	0.00	0.00	61.57	7.32	0.00	0.00	2000
225	10.94	2052	2102	0.00	195	0	0	0	nan	0.00	0.00	6.81	82.45	89.06	0.00	40	0	43	0.00	0.00	66.33	7.90	0.00	0.00	2000
225	10.62	2119	2096	0.78	201	0	0	10	79.72	0.00	0.00	5.49	83.70	89.38	0.00	40	0	43	0.00	0.00	64.53	7.66	0.00	0.00	2000
223	10.37	2148	2105	0.23	197	0	0	0	nan	0.00	0.02	5.95	83.86	89.63	0.00	41	0	42	0.00	0.00	63.79	7.54	0.00	0.00	2000
223	10.74	2083	2097	0.00	198	0	0	0	nan	0.05	0.05	2.62	86.70	89.26	0.00	40	0	43	0.00	0.00	64.06	7.52	0.00	0.00	2000
222	10.86	2042	2102	0.00	200	1	0	0	nan	0.03	0.01	2.68	86.61	89.14	0.00	40	0	43	0.00	0.00	64.98	7.72	0.00	0.00	2000
225	10.94	2056	2099	0.00	197	0	0	0	nan	0.00	0.02	6.45	82.69	89.06	0.00	40	0	42	0.00	0.00	64.51	7.52	0.00	0.00	2000
224	10.77	2074	2104	0.00	198	0	0	0	nan	0.00	0.00	6.73	82.74	89.23	0.00	40	0	43	0.00	0.00	63.68	7.58	0.00	0.00	2000
222	10.68	2088	2094	0.00	197	0	0	0	nan	0.01	0.02	6.54	82.61	89.32	0.00	40	0	43	0.00	0.00	64.82	7.61	0.00	0.00	2000
223	10.78	2066	2099	0.00	197	0	0	0	nan	0.00	0.00	5.82	83.42	89.22	0.00	40	0	42	0.00	0.00	64.72	7.68	0.00	0.00	2000
218	11.16	2071	1984	0.00	196	0	0	0	nan	0.00	0.02	5.74	78.25	88.84	0.00	40	0	43	0.00	0.00	60.89	7.37	0.00	0.00	2000
229	10.36	2081	2230	0.00	199	0	0	0	nan	0.00	0.00	5.36	89.78	89.64	0.00	40	0	42	0.00	0.00	68.46	8.14	0.00	0.00	2000
222	10.68	2082	2100	0.00	215	0	0	0	nan	0.00	0.04	6.50	82.83	89.32	0.00	40	0	43	0.00	0.00	65.47	7.65	0.00	0.00	2000
222	10.59	2097	2099	0.00	194	0	0	0	nan	0.01	0.00	6.23	83.14	89.41	0.00	41	0	43	0.00	0.00	65.60	7.67	0.00	0.00	2000
218	11.07	2079	1992	0.00	197	0	0	0	nan	0.00	0.01	5.50	78.92	88.93	0.00	40	0	42	0.00	0.00	59.08	6.97	0.00	0.00	2000
226	10.33	2071	2219	0.00	197	0	0	0	nan	0.00	0.02	6.45	88.42	89.67	0.00	40	0	43	0.00	0.00	68.90	8.21	0.00	0.00	2000
226	10.75	2107	2097	0.00	197	0	0	0	nan	0.00	0.02	6.10	83.10	89.26	0.00	41	0	42	0.00	0.00	64.87	7.60	0.00	0.00	2000
221	10.81	2132	2011	0.00	201	0	0	0	nan	0.00	0.00	6.56	78.87	89.19	0.00	40	0	43	0.00	0.00	59.64	7.07	0.00	0.00	2000
227	10.51	2061	2196	0.00	197	0	0	0	nan	0.03	0.08	3.80	89.84	89.49	0.00	41	0	42	0.00	0.00	68.00	8.06	0.00	0.00	2000
223	10.89	2052	2097	0.68	195	0	0	10	77.67	0.00	0.00	5.32	83.75	89.11	0.00	40	0	42	0.00	0.00	65.09	7.77	0.00	0.00	2000
222	10.77	2061	2100	0.31	198	0	0	0	nan	0.00	0.00	6.33	82.95	89.23	0.00	40	0	42	0.00	0.00	64.88	7.67	0.00	0.00	2000
226	10.77	2101	2094	0.00	199	0	0	0	nan	0.00	0.01	4.99	83.96	89.23	0.00	40	0	42	0.00	0.00	63.21	7.58	0.00	0.00	2000
225	10.95	2044	2107	0.00	198	0	0	0	nan	0.00	0.02	4.35	85.08	89.05	0.00	41	0	42	0.00	0.00	65.48	7.77	0.00	0.00	2000
217	11.45	2024	1970	0.00	180	0	0	0	nan	0.00	0.00	2.28	80.88	88.55	0.00	40	0	42	0.00	0.00	60.55	7.17	0.00	0.00	2000
226	10.46	2020	2243	0.00	212	0	0	0	nan	0.00	0.00	2.35	93.37	89.54	0.00	40	0	42	0.00	0.00	67.73	8.21	0.00	0.00	2000
231	11.13	2075	2098	0.00	194	0	0	0	nan	0.00	0.00	4.42	84.49	88.87	0.00	40	0	43	0.00	0.00	66.34	7.67	0.00	0.00	2000
222	10.77	2062	2095	0.00	195	0	0	0	nan	0.00	0.00	2.62	86.49	89.23	0.00	40	0	42	0.00	0.00	64.12	7.45	0.00	0.00	2000
223	10.67	2085	2105	0.00	195	0	0	0	nan	0.00	0.00	3.84	85.83	89.33	0.00	40	0	42	0.00	0.00	63.09	7.48	0.00	0.00	2000
217	11.25	2039	1985	0.00	194	0	0	0	nan	0.02	0.00	2.93	81.13	88.75	0.00	40	0	43	0.00	0.00	61.56	7.31	0.00	0.00	2000
226	10.42	2046	2225	0.00	195	0	0	0	nan	0.00	0.00	2.48	92.45	89.58	0.00	41	0	42	0.00	0.00	69.50	8.19	0.00	0.00	2000
236	11.02	2148	2095	0.00	195	0	0	0	nan	0.00	0.00	3.03	85.82	88.98	0.00	41	0	42	0.00	0.00	62.72	7.51	0.00	0.00	2000
219	10.85	2122	1996	0.00	194	0	0	0	nan	0.00	0.02	2.59	82.17	89.15	0.00	41	0	42	0.00	0.00	62.75	7.30	0.00	0.00	2000
227	10.59	2039	2212	0.00	200	0	0	0	nan	0.00	0.00	3.24	91.01	89.41	0.00	41	0	42	0.00	0.00	68.02	7.90	0.00	0.00	2000
222	10.84	2049	2102	0.00	195	0	0	0	nan	0.00	0.00	3.61	85.71	89.16	0.00	40	0	43	0.00	0.00	65.85	7.70	0.00	0.00	2000
221	10.94	2026	2098	0.00	194	0	0	0	nan	0.00	0.01	3.15	85.92	89.06	0.00	40	0	42	0.00	0.00	62.81	7.38	0.00	0.00	2000
222	10.63	2088	2095	0.00	195	0	0	0	nan	0.00	0.00	3.04	86.17	89.37	0.00	40	0	43	0.00	0.00	64.86	7.65	0.00	0.00	2000
222	10.99	2028	2087	0.40	195	0	0	9	80.93	0.00	0.00	3.01	85.50	89.01	0.00	41	0	42	0.00	0.00	64.79	7.51	0.00	0.00	2000
222	11.14	2071	2018	0.57	196	0	0	1	86.44	0.00	0.00	3.17	82.23	88.86	0.00	40	0	43	0.00	0.00	61.74	7.27	0.00	0.00	2000
224	10.41	2055	2199	0.00	196	0	0	0	nan	0.00	0.02	3.13	90.86	89.59	0.00	41	0	43	0.00	0.00	67.18	8.05	0.00	0.00	2000
222	10.80	2053	2105	0.00	194	0	0	0	nan	0.00	0.02	3.06	86.35	89.20	0.00	40	0	43	0.00	0.00	62.93	7.48	0.00	0.00	2000
221	10.78	2046	2099	0.00	193	0	0	0	nan	0.00	0.00	2.93	86.34	89.22	0.00	40	0	42	0.00	0.00	65.07	7.56	0.00	0.00	2000
222	10.74	2069	2099	0.00	196	0	0	0	nan	0.00	0.01	3.58	85.63	89.26	0.00	41	0	42	0.00	0.00	66.63	7.73	0.00	0.00	2000
219	10.94	2094	2004	0.00	196	0	0	0	nan	0.00	0.00	3.18	81.85	89.06	0.00	40	0	42	0.00	0.00	58.78	6.80	0.00	0.00	2000
225	10.39	2113	2152	0.00	198	0	0	0	nan	0.00	0.03	2.98	88.87	89.61	0.00	41	0	42	0.00	0.00	68.21	8.15	0.00	0.00	2000
217	11.05	2061	1998	0.00	194	0	0	0	nan	0.00	0.00	2.28	82.45	88.95	0.00	41	0	42	0.00	0.00	63.50	8.29	0.00	0.00	2000
223	10.46	1998	2243	0.00	210	0	0	0	nan	0.00	0.00	3.09	92.59	89.54	0.00	41	0	42	0.00	0.00	72.87	9.03	0.00	0.00	2000
220	10.95	2021	2087	0.00	195	0	0	0	nan	0.00	0.00	3.07	85.53	89.05	0.00	41	0	43	0.00	0.00	63.30	8.51	0.00	0.00	2000
221	10.89	2065	2067	0.00	196	0	0	0	nan	0.00	0.00	3.58	84.17	89.11	0.00	41	0	42	0.00	0.00	66.51	8.58	0.00	0.00	2000
221	10.47	2090	2124	0.00	194	0	0	0	nan	0.00	0.02	2.99	87.65	89.53	0.00	41	0	43	0.00	0.00	65.89	8.65	0.00	0.00	2000
221	10.65	2055	2120	0.00	195	0	0	0	nan	0.00	0.00	3.32	86.96	89.35	0.00	41	0	42	0.00	0.00	69.60	8.99	0.00	0.00	2000
220	10.85	2028	2101	0.00	195	0	0	0	nan	0.00	0.00	3.27	86.04	89.15	0.00	41	0	43	0.00	0.00	63.18	8.30	0.00	0.00	2000
219	10.60	2105	2060	0.00	194	0	0	0	nan	0.00	0.00	3.22	84.53	89.40	0.00	41	0	42	0.00	0.00	66.56	8.50	0.00	0.00	2000
224	10.65	2075	2130	0.00	196	0	0	0	nan	0.00	0.00	3.38	87.27	89.35	0.00	41	0	42	0.00	0.00	66.08	8.65	0.00	0.00	2000
219	10.70	2060	2089	0.58	195	0	0	46	4.86	0.00	0.00	3.45	85.50	89.30	0.00	41	0	42	0.00	0.00	66.61	8.40	0.00	0.00	2000
221	10.35	2128	2102	1.04	195	0	0	1	89.56	0.00	0.03	2.88	86.86	89.65	0.00	41	0	42	0.00	0.00	66.13	8.55	0.00	0.00	2000
220	10.62	2089	2079	0.00	195	0	0	0	nan	0.00	0.02	2.87	85.74	89.38	0.00	41	0	43	0.00	0.00	66.09	8.71	0.00	0.00	2000
221	10.65	2031	2145	0.00	195	0	0	0	nan	0.00	0.00	2.68	88.65	89.35	0.00	41	0	42	0.00	0.00	66.33	8.71	0.00	0.00	2000
224	10.91	2066	2085	0.00	195	0	0	0	nan	0.00	0.00	3.44	85.02	89.09	0.00	41	0	42	0.00	0.00	66.79	8.67	0.00	0.00	2000
220	11.08	2001	2087	0.00	213	0	0	0	nan	0.00	0.00	2.94	85.53	88.92	0.00	41	0	42	0.00	0.00	66.29	8.67	0.00	0.00	2000
221	11.20	1974	2096	0.00	194	0	0	0	nan	0.00	0.00	3.22	85.63	88.80	0.00	41	0	43	0.00	0.00	65.81	8.64	0.00	0.00	2000
220	10.68	2056	2100	0.00	194	0	0	0	nan	0.00	0.02	3.13	86.26	89.32	0.00	41	0	42	0.00	0.00	66.39	8.76	0.00	0.00	2000
221	10.69	2060	2109	0.00	194	0	0	0	nan	0.00	0.01	3.17	86.67	89.31	0.00	41	0	42	0.00	0.00	66.53	8.55	0.00	0.00	2000
223	10.89	2031	2114	0.00	197	0	0	0	nan	0.00	0.00	3.46	86.36	89.11	0.00	41	0	42	0.00	0.00	66.26	8.46	0.00	0.00	2000
220	10.82	2038	2095	0.00	195	0	0	0	nan	0.00	0.00	3.92	85.21	89.18	0.00	41	0	42	0.00	0.00	66.22	8.57	0.00	0.00	2000
220	10.95	2010	2095	0.00	195	0	0	0	nan	0.00	0.00	3.59	85.38	89.05	0.00	41	0	43	0.00	0.00	66.39	8.44	0.00	0.00	2000
220	10.60	2075	2098	0.00	194	0	0	0	nan	0.00	0.00	3.49	85.90	89.40	0.00	41	0	42	0.00	0.00	66.49	8.79	0.00	0.00	2000
219	10.71	2070	2073	0.00	211	0	0	0	nan	0.00	0.00	2.90	85.34	89.29	0.00	41	0	43	0.00	0.00	66.24	8.65	0.00	0.00	2000
223	10.60	2066	2144	0.00	196	0	0	0	nan	0.01	0.00	2.47	88.89	89.40	0.00	40	0	43	0.00	0.00	66.92	8.70	0.00	0.00	2000
218	11.06	2011	2055	0.00	210	0	0	0	nan	0.00	0.00	2.64	84.53	88.94	0.00	41	0	42	0.00	0.00	66.18	8.64	0.00	0.00	2000
223	10.50	2098	2123	0.00	194	0	0	0	nan	0.00	0.00	3.04	87.47	89.50	0.00	41	0	43	0.00	0.00	66.71	8.72	0.00	0.00	2000
221	10.71	2025	2137	0.77	196	0	0	46	4.39	0.01	0.00	3.15	87.82	89.29	0.00	41	0	43	0.00	0.00	66.66	8.49	0.00	0.00	2000
219	10.80	2060	2071	0.83	195	0	0	0	85.98	0.00	0.00	3.17	84.88	89.20	0.00	41	0	43	0.00	0.00	66.68	8.53	0.00	0.00	2000
220	10.86	2037	2087	0.00	212	0	0	0	nan	0.00	0.00	3.27	85.40	89.14	0.00	41	0	43	0.00	0.00	65.92	8.53	0.00	0.00	2000
220	10.70	2035	2119	0.00	194	0	0	0	nan	0.00	0.00	3.19	87.02	89.30	0.00	41	0	43	0.00	0.00	66.51	8.73	0.00	0.00	2000
219	11.05	2009	2073	0.00	212	0	0	0	nan	0.00	0.00	3.14	84.84	88.95	0.00	41	0	42	0.00	0.00	65.85	8.44	0.00	0.00	2000
220	10.52	2070	2124	0.00	195	0	0	0	nan	0.00	0.00	2.80	87.80	89.48	0.00	41	0	43	0.00	0.00	65.85	8.62	0.00	0.00	2000
227	11.29	1995	2118	0.00	197	0	0	0	nan	0.03	0.00	4.08	85.48	88.71	0.00	41	0	43	0.00	0.00	64.75	8.30	0.00	0.00	2000
221	10.93	2037	2085	0.00	194	0	0	0	nan	0.00	0.00	3.01	85.47	89.07	0.00	41	0	43	0.00	0.00	66.37	8.38	0.00	0.00	2000
222	10.84	2034	2115	0.00	196	0	0	0	nan	0.00	0.00	2.88	86.93	89.16	0.00	41	0	42	0.00	0.00	66.80	8.69	0.00	0.00	2000
220	10.77	2049	2090	0.00	194	0	0	0	nan	0.00	0.00	3.50	85.45	89.23	0.00	41	0	42	0.00	0.00	66.18	8.62	0.00	0.00	2000
221	10.84	2031	2111	0.00	194	0	0	0	nan	0.00	0.00	3.27	86.38	89.16	0.00	41	0	43	0.00	0.00	68.93	9.10	0.00	0.00	2000
221	10.94	2030	2092	0.00	195	0	0	0	nan	0.00	0.00	3.70	85.12	89.06	0.00	41	0	43	0.00	0.00	63.41	8.47	0.00	0.00	2000
221	10.98	2013	2096	0.00	196	0	0	0	nan	0.00	0.00	3.62	85.32	89.02	0.00	41	0	42	0.00	0.00	68.79	8.95	0.00	0.00	2000
221	10.74	2047	2114	0.00	198	0	0	0	nan	0.00	0.00	4.31	85.58	89.26	0.00	41	0	42	0.00	0.00	66.97	8.71	0.00	0.00	2000
222	10.85	2065	2078	0.00	195	0	0	0	nan	0.00	0.00	3.58	84.71	89.15	0.00	41	0	43	0.00	0.00	66.45	8.52	0.00	0.00	2000
219	10.73	2038	2106	0.00	194	0	0	0	nan	0.00	0.00	2.87	86.73	89.27	0.00	41	0	43	0.00	0.00	63.38	8.55	0.00	0.00	2000
223	10.92	2042	2103	0.00	197	0	0	0	nan	0.00	0.00	4.20	85.08	89.08	0.00	41	0	42	0.00	0.00	68.64	8.92	0.00	0.00	2000
218	10.59	2086	2076	0.79	194	0	0	46	3.95	0.00	0.00	2.98	85.48	89.41	0.00	41	0	42	0.00	0.00	63.79	8.30	0.00	0.00	2000
220	10.50	2073	2127	0.84	194	0	0	0	90.25	0.00	0.02	2.67	87.97	89.50	0.00	41	0	43	0.00	0.00	69.03	9.13	0.00	0.00	2000
221	10.77	2079	2070	0.00	195	0	0	0	nan	0.00	0.00	2.94	85.10	89.23	0.00	41	0	42	0.00	0.00	63.76	8.42	0.00	0.00	2000
221	10.75	2041	2114	0.00	195	0	0	0	nan	0.00	0.00	2.74	87.26	89.25	0.00	41	0	43	0.00	0.00	66.15	8.49	0.00	0.00	2000
223	10.50	2094	2125	0.00	195	0	0	0	nan	0.00	0.01	3.10	87.56	89.50	0.00	41	0	43	0.00	0.00	66.89	8.72	0.00	0.00	2000
315	14.07	2314	2034	0.00	207	0	0	0	nan	0.00	0.00	3.62	79.65	85.93	0.00	39	0	43	0.00	0.00	64.94	7.58	0.00	0.00	2000
258	11.62	2156	2162	0.00	232	0	0	0	nan	0.00	0.00	3.61	87.48	88.38	0.00	37	0	43	0.00	0.00	69.20	7.99	0.00	0.00	2000
230	11.38	2019	2101	0.00	194	0	0	0	nan	0.00	0.00	3.00	85.80	88.62	0.00	37	0	43	0.00	0.00	63.56	7.59	0.00	0.00	2000
231	11.29	2025	2123	0.00	212	0	0	0	nan	0.00	0.00	4.36	85.50	88.71	0.00	37	0	42	0.00	0.00	68.46	8.11	0.00	0.00	2000
223	11.30	2025	2047	0.00	199	0	0	0	nan	0.00	0.00	3.57	83.11	88.70	0.00	37	0	42	0.00	0.00	60.90	7.15	0.00	0.00	2000
231	10.92	2050	2165	0.00	210	0	0	0	nan	0.00	0.02	2.14	89.79	89.08	0.00	38	0	43	0.00	0.00	69.31	8.12	0.00	0.00	2000
226	10.95	2079	2082	0.00	194	0	0	0	nan	0.00	0.00	3.20	85.24	89.05	0.00	38	0	43	0.00	0.00	65.30	7.47	0.00	0.00	2000
232	11.02	2081	2122	0.00	195	0	0	0	nan	0.00	0.00	4.47	85.59	88.98	0.00	38	0	42	0.00	0.00	64.25	7.34	0.00	0.00	2000
229	11.12	2067	2090	0.00	196	0	0	0	nan	0.00	0.03	3.85	84.77	88.88	0.00	38	0	42	0.00	0.00	65.02	7.60	0.00	0.00	2000
226	10.98	2068	2092	0.00	178	0	0	0	nan	0.00	0.02	2.23	86.59	89.02	0.00	38	0	42	0.00	0.00	62.23	7.21	0.00	0.00	2000
230	11.13	2064	2101	0.00	194	0	0	0	nan	0.00	0.02	2.12	86.96	88.87	0.00	38	0	42	0.00	0.00	64.48	7.44	0.00	0.00	2000
231	11.28	2031	2113	0.00	198	0	0	0	nan	0.00	0.02	3.74	85.69	88.72	0.00	39	0	42	0.00	0.00	66.28	7.75	0.00	0.00	2000
229	11.07	2068	2099	0.41	196	0	0	1	85.40	0.00	0.00	3.12	85.91	88.93	0.00	39	0	42	0.00	0.00	65.68	7.80	0.00	0.00	2000
226	11.38	1987	2096	0.27	194	0	0	0	nan	0.00	0.02	3.61	85.05	88.62	0.00	39	0	42	0.00	0.00	64.36	7.38	0.00	0.00	2000
229	11.20	2049	2096	0.00	196	0	0	0	nan	0.00	0.00	3.45	85.31	88.80	0.00	39	0	42	0.00	0.00	62.69	7.22	0.00	0.00	2000
230	11.06	2064	2114	0.00	195	0	0	0	nan	0.00	0.00	4.05	85.70	88.94	0.00	39	0	42	0.00	0.00	66.77	7.80	0.00	0.00	2000
226	10.83	2100	2085	0.00	180	0	0	0	nan	0.00	0.00	3.77	84.92	89.17	0.00	39	0	42	0.00	0.00	62.25	7.27	0.00	0.00	2000
228	11.25	2019	2108	0.00	194	0	0	0	nan	0.00	0.00	2.84	86.46	88.75	0.00	39	0	43	0.00	0.00	64.95	7.60	0.00	0.00	2000
246	12.83	2098	1921	0.00	194	0	0	0	nan	0.00	0.00	3.29	76.53	87.17	0.00	37	0	43	0.00	0.00	57.76	6.88	0.00	0.00	2000
235	10.83	2012	2263	0.00	212	0	0	0	nan	0.00	0.00	3.79	92.39	89.17	0.00	37	0	43	0.00	0.00	68.81	8.20	0.00	0.00	2000
232	11.06	2057	2140	0.00	198	0	0	0	nan	0.00	0.02	4.16	86.53	88.94	0.00	38	0	42	0.00	0.00	64.89	7.98	0.00	0.00	2000
230	11.22	2059	2092	0.00	194	0	0	0	nan	0.00	0.00	3.29	85.35	88.78	0.00	37	0	42	0.00	0.00	65.39	8.12	0.00	0.00	2000
198	10.53	1904	2074	0.00	197	0	0	0	nan	0.00	0.00	4.88	83.63	89.47	0.00	37	0	42	0.00	0.00	63.73	7.76	0.00	0.00	2000
78	6.58	1178	2127	0.00	200	0	0	0	nan	0.00	0.03	3.14	91.52	93.42	0.00	37	0	43	0.00	0.00	59.25	7.69	0.00	0.00	2000
77	7.07	1088	2099	0.00	196	0	0	0	nan	0.00	0.03	2.45	90.52	92.93	0.00	37	0	42	0.00	0.00	57.22	7.19	0.00	0.00	2000
83	7.73	1071	2107	0.00	199	0	0	0	nan	0.00	0.04	5.03	87.74	92.27	0.00	37	0	42	0.00	0.00	60.29	7.63	0.00	0.00	2000
77	7.01	1104	2101	0.00	195	0	0	0	nan	0.00	0.02	3.78	89.43	92.99	0.00	37	0	42	0.00	0.00	58.45	7.47	0.00	0.00	2000
194	10.74	1853	2044	0.00	198	0	0	0	nan	0.00	0.00	3.85	83.17	89.26	0.00	38	0	42	0.00	0.00	59.25	6.97	0.00	0.00	2000
233	11.14	2032	2160	0.00	210	0	0	0	nan	0.00	0.00	3.22	88.28	88.86	0.00	39	0	43	0.00	0.00	68.41	7.89	0.00	0.00	2000
226	11.08	2059	2084	0.61	203	0	0	3	90.55	0.00	0.02	4.75	83.58	88.92	0.00	39	0	42	0.00	0.00	63.74	7.20	0.00	0.00	2000
114	7.83	1446	2117	0.79	199	0	0	0	88.27	0.00	0.00	4.44	88.71	92.17	0.00	37	0	43	0.00	0.00	61.58	7.60	0.00	0.00	2000
76	7.03	1086	2100	0.00	197	0	0	0	nan	0.00	0.00	4.66	88.38	92.97	0.00	37	0	42	0.00	0.00	58.14	7.41	0.00	0.00	2000
207	10.62	1949	2101	0.00	203	0	0	0	nan	0.00	0.00	4.93	84.69	89.38	0.00	37	0	42	0.00	0.00	61.09	7.16	0.00	0.00	2000
222	11.30	2003	2061	0.00	198	0	0	0	nan	0.00	0.02	5.13	82.14	88.70	0.00	39	0	42	0.00	0.00	65.25	7.53	0.00	0.00	2000
235	11.31	2043	2136	0.00	213	0	0	0	nan	0.00	0.00	3.09	87.31	88.69	0.00	38	0	42	0.00	0.00	63.71	7.30	0.00	0.00	2000
223	10.91	2084	2063	0.00	179	0	0	0	nan	0.00	0.02	2.41	85.16	89.09	0.00	39	0	42	0.00	0.00	62.77	7.25	0.00	0.00	2000
233	11.29	2032	2133	0.00	212	0	0	0	nan	0.00	0.03	2.98	87.33	88.71	0.00	39	0	42	0.00	0.00	67.27	7.56	0.00	0.00	2000
225	11.16	2033	2085	0.00	194	0	0	0	nan	0.00	0.00	4.02	84.39	88.84	0.00	39	0	42	0.00	0.00	65.27	7.83	0.00	0.00	2000
236	10.53	2217	2125	0.00	203	0	0	0	nan	0.00	3.36	5.26	82.19	89.47	0.00	38	0	43	0.00	0.00	65.56	7.38	0.00	0.00	2000
223	10.75	2075	2099	0.00	195	0	0	0	nan	0.00	0.01	5.18	84.11	89.25	0.00	39	0	42	0.00	0.00	64.90	7.61	0.00	0.00	2000
220	10.66	2061	2104	0.00	195	0	0	0	nan	0.00	0.00	3.30	86.30	89.34	0.00	39	0	43	0.00	0.00	63.04	7.29	0.00	0.00	2000
215	11.18	2061	1962	0.00	179	0	0	0	nan	0.00	0.02	2.80	80.27	88.82	0.00	39	0	43	0.00	0.00	60.62	7.04	0.00	0.00	2000
221	10.52	2021	2187	0.00	232	0	0	0	nan	0.00	0.02	2.34	90.97	89.48	0.00	39	0	43	0.00	0.00	68.95	7.71	0.00	0.00	2000
223	10.77	2067	2104	0.00	211	0	0	0	nan	0.00	0.00	3.09	86.37	89.23	0.00	39	0	43	0.00	0.00	62.22	7.62	0.00	0.00	2000
220	10.77	2076	2065	0.00	211	0	0	0	nan	0.00	0.00	3.64	84.19	89.23	0.00	39	0	42	0.00	0.00	65.05	7.44	0.00	0.00	2000
221	10.45	2087	2130	0.00	211	0	0	0	98.30	0.00	0.00	2.58	88.37	89.55	0.00	39	0	43	0.00	0.00	62.15	7.36	0.00	0.00	2000
223	10.78	2048	2118	0.74	210	0	0	10	48.41	0.00	0.00	3.24	86.86	89.22	0.00	39	0	43	0.00	0.00	66.52	7.47	0.00	0.00	2000
302	14.17	2106	2124	0.01	208	0	0	0	nan	0.00	0.00	4.02	83.01	85.83	0.00	39	0	42	0.00	0.00	68.31	8.05	0.00	0.00	2000
145	9.00	1632	2073	0.00	233	0	0	0	nan	0.00	0.01	6.71	83.21	91.00	0.00	37	0	42	0.00	0.00	59.75	7.31	0.00	0.00	2000
81	7.52	1063	2115	0.00	209	0	0	0	nan	0.00	0.00	4.31	88.89	92.48	0.00	37	0	42	0.00	0.00	58.08	7.51	0.00	0.00	2000
73	7.12	1034	2083	0.00	196	0	0	0	nan	0.00	0.00	3.11	89.17	92.88	0.00	37	0	42	0.00	0.00	58.36	7.23	0.00	0.00	2000
73	7.40	973	2128	0.00	197	0	0	0	nan	0.00	0.00	3.86	90.17	92.60	0.00	37	0	42	0.00	0.00	59.10	7.64	0.00	0.00	2000
119	8.34	1414	2117	0.00	81	0	0	0	nan	0.00	0.00	9.14	83.31	91.66	0.00	37	0	42	0.00	0.00	62.03	7.41	0.00	0.00	2000
