Avg_MHz	Busy%	Bzy_MHz	TSC_MHz	IPC	IRQ	NMI	SMI	LLCMRPS	LLC%hit	POLL%	C1%	C1E%	C6%	CPU%c1	CPU%c6	CoreTmp	CoreThr	PkgTmp	Pkg%pc2	Pkg%pc6	PkgWatt	RAMWatt	PKG_%	RAM_%	UncMHz
288	14.94	1885	2144	0.00	215	0	0	0	nan	0.00	0.00	35.19	51.69	85.06	0.00	37	0	42	0.00	0.00	63.48	7.61	0.00	0.00	2000
370	16.31	2227	2139	0.00	233	0	0	0	nan	0.00	2.09	12.22	71.18	83.69	0.00	37	0	42	0.00	0.00	68.60	7.64	0.00	0.00	2000
114	7.86	1445	2106	0.00	194	0	0	0	nan	0.00	0.00	10.45	81.80	92.14	0.00	37	0	42	0.00	0.00	59.71	7.48	0.00	0.00	2000
73	6.16	1201	2070	0.00	193	0	0	0	nan	0.00	0.02	2.98	89.32	93.84	0.00	37	0	42	0.00	0.00	59.99	7.81	0.00	0.00	2000
74	6.56	1105	2133	0.00	209	0	0	0	nan	0.00	0.02	2.45	92.45	93.44	0.00	37	0	42	0.00	0.00	60.82	7.57	0.00	0.00	2000
73	6.20	1190	2090	0.00	193	0	0	0	nan	0.00	0.02	2.81	90.32	93.80	0.00	37	0	42	0.00	0.00	58.38	7.50	0.00	0.00	2000
73	6.34	1147	2093	0.00	193	0	0	0	nan	0.00	0.00	3.52	89.74	93.66	0.00	37	0	42	0.00	0.00	58.57	7.31	0.00	0.00	2000
73	6.66	1097	2109	0.00	197	0	0	0	nan	0.03	0.00	5.73	87.90	93.34	0.00	37	0	42	0.00	0.00	58.99	7.67	0.00	0.00	2000
74	6.64	1109	2097	0.00	195	0	0	0	nan	0.00	0.00	4.06	89.29	93.36	0.00	37	0	42	0.00	0.00	59.57	7.43	0.00	0.00	2000
72	6.47	1119	2097	0.00	194	0	0	0	nan	0.00	0.00	3.57	89.74	93.53	0.00	37	0	42	0.00	0.00	57.04	7.41	0.00	0.00	2000
72	6.58	1091	2114	0.00	193	0	0	0	nan	0.00	0.00	3.28	90.77	93.42	0.00	37	0	42	0.00	0.00	60.51	7.64	0.00	0.00	2000
71	6.56	1095	2079	0.00	195	0	0	0	nan	0.00	0.00	3.06	89.44	93.44	0.00	37	0	42	0.00	0.00	58.26	7.35	0.00	0.00	2000
73	6.60	1105	2109	0.00	193	0	0	0	nan	0.00	0.00	4.39	89.37	93.40	0.00	37	0	42	0.00	0.00	58.41	7.55	0.00	0.00	2000
75	6.56	1130	2112	0.00	196	0	0	0	nan	0.00	0.00	4.48	89.44	93.44	0.00	37	0	42	0.00	0.00	58.38	7.26	0.00	0.00	2000
73	6.35	1165	2073	0.00	177	0	0	0	nan	0.00	0.00	3.32	89.08	93.65	0.00	37	0	42	0.00	0.00	56.65	7.20	0.00	0.00	2000
73	6.12	1185	2103	0.00	195	0	0	0	96.31	0.00	0.08	2.09	91.64	93.88	0.00	37	0	42	0.00	0.00	58.26	7.70	0.00	0.00	2000
73	6.06	1201	2112	0.30	193	0	0	1	87.76	0.00	0.03	2.86	91.40	93.94	0.00	37	0	42	0.00	0.00	59.45	7.46	0.00	0.00	2000
72	6.54	1093	2116	0.12	194	0	0	0	nan	0.00	0.01	2.50	91.67	93.46	0.00	37	0	42	0.00	0.00	59.57	7.73	0.00	0.00	2000
136	8.28	1660	2073	0.00	216	0	0	0	nan	0.00	0.00	3.99	86.37	91.72	0.00	38	0	42	0.00	0.00	61.73	7.48	0.00	0.00	2000
232	10.59	2172	2115	0.00	203	0	0	0	nan	0.00	0.02	4.21	85.80	89.41	0.00	39	0	42	0.00	0.00	63.75	7.33	0.00	0.00	2000
230	10.87	2121	2091	0.00	203	0	0	0	nan	0.00	0.03	3.73	85.02	89.13	0.00	40	0	42	0.00	0.00	64.01	7.29	0.00	0.00	2000
233	10.63	2186	2108	0.00	206	0	0	0	nan	0.00	0.00	5.23	84.43	89.37	0.00	40	0	42	0.00	0.00	66.12	7.52	0.00	0.00	2000
236	10.92	2152	2105	0.00	207	0	0	0	nan	0.00	0.05	3.27	85.96	89.08	0.00	39	0	42	0.00	0.00	63.25	7.35	0.00	0.00	2000
237	11.52	2051	2107	0.00	231	0	0	0	nan	0.00	0.00	8.07	80.80	88.48	0.00	38	0	42	0.00	0.00	69.52	8.40	0.00	0.00	2000
226	10.65	2155	2065	0.00	197	0	0	0	nan	0.00	0.45	5.95	81.35	89.35	0.00	39	0	42	0.00	0.00	64.44	7.74	0.00	0.00	2000
238	10.91	2164	2117	0.00	198	0	0	0	nan	0.00	0.00	5.31	84.54	89.09	0.00	37	0	42	0.00	0.00	66.41	7.96	0.00	0.00	2000
232	11.59	2061	2042	0.00	196	0	0	0	nan	0.00	0.02	4.22	81.78	88.41	0.00	37	0	42	0.00	0.00	64.80	7.70	0.00	0.00	2000
233	10.98	2053	2168	0.00	219	0	0	0	nan	0.00	0.00	5.91	86.06	89.02	0.00	38	0	42	0.00	0.00	69.01	7.68	0.00	0.00	2000
231	10.98	2098	2108	0.00	197	0	0	0	nan	0.00	0.01	5.51	83.79	89.02	0.00	38	0	42	0.00	0.00	65.87	7.52	0.00	0.00	2000
230	10.92	2121	2088	0.00	196	0	0	0	nan	0.00	0.00	5.20	83.41	89.09	0.00	38	0	42	0.00	0.00	62.02	7.15	0.00	0.00	2000
230	10.99	2087	2102	0.00	197	0	0	0	nan	0.00	0.00	5.93	83.25	89.01	0.00	39	0	42	0.00	0.00	67.96	7.95	0.00	0.00	2000
231	10.74	2162	2092	0.00	197	0	0	0	nan	0.00	0.00	5.90	82.99	89.26	0.00	39	0	42	0.00	0.00	61.78	7.33	0.00	0.00	2000
232	10.54	2183	2113	0.00	203	0	0	0	nan	0.00	0.00	7.17	82.77	89.46	0.00	39	0	42	0.00	0.00	65.59	7.54	0.00	0.00	2000
227	10.55	2157	2092	0.58	196	0	0	18	96.93	0.00	0.03	4.76	84.30	89.45	0.00	39	0	42	0.00	0.00	66.20	7.68	0.00	0.00	2000
233	11.50	2011	2112	0.14	197	0	0	0	nan	0.00	0.00	6.79	82.28	88.50	0.00	39	0	42	0.00	0.00	64.03	7.70	0.00	0.00	2000
230	10.74	2147	2099	0.00	197	0	0	0	nan	0.00	0.00	6.70	82.62	89.26	0.00	39	0	42	0.00	0.00	65.35	7.57	0.00	0.00	2000
233	10.91	2151	2087	0.00	198	0	0	0	nan	0.00	0.00	7.49	81.02	89.09	0.00	39	0	42	0.00	0.00	64.33	7.40	0.00	0.00	2000
228	10.91	2099	2088	0.00	207	0	0	0	nan	0.00	0.02	6.28	82.31	89.09	0.00	39	0	42	0.00	0.00	65.00	7.56	0.00	0.00	2000
231	10.84	2102	2125	0.00	207	0	0	0	nan	0.00	0.00	8.03	82.19	89.16	0.00	39	0	42	0.00	0.00	65.55	7.68	0.00	0.00	2000
229	11.00	2095	2089	0.00	196	0	0	0	nan	0.00	0.00	5.87	82.73	89.00	0.00	39	0	42	0.00	0.00	64.71	7.53	0.00	0.00	2000
231	10.62	2171	2102	0.00	198	0	0	0	nan	0.00	0.00	7.31	82.07	89.38	0.00	39	0	42	0.00	0.00	64.79	7.34	0.00	0.00	2000
234	10.86	2165	2088	0.00	204	0	0	0	nan	0.00	0.00	8.47	80.09	89.14	0.00	39	0	42	0.00	0.00	65.59	7.50	0.00	0.00	2000
227	10.55	2160	2094	0.00	196	0	0	0	nan	0.00	0.00	5.18	84.05	89.45	0.00	38	0	42	0.00	0.00	62.66	7.62	0.00	0.00	2000
236	10.92	2125	2139	0.00	194	0	0	0	nan	0.00	0.00	2.97	87.73	89.08	0.00	38	0	42	0.00	0.00	71.76	8.49	0.00	0.00	2000
233	11.00	2117	2097	0.00	195	0	0	0	nan	0.00	0.00	3.31	85.49	89.00	0.00	38	0	42	0.00	0.00	64.55	7.52	0.00	0.00	2000
230	10.76	2137	2101	0.00	194	0	0	0	nan	0.00	0.00	3.33	85.92	89.24	0.00	38	0	42	0.00	0.00	63.60	7.25	0.00	0.00	2000
230	10.73	2146	2097	0.00	194	0	0	0	nan	0.00	0.00	3.83	85.28	89.27	0.00	38	0	42	0.00	0.00	65.01	7.50	0.00	0.00	2000
229	10.75	2137	2090	0.00	195	0	0	0	nan	0.00	0.03	3.99	84.80	89.25	0.00	38	0	42	0.00	0.00	62.68	7.33	0.00	0.00	2000
233	10.74	2157	2115	0.00	195	0	0	0	nan	0.00	0.00	4.52	85.34	89.26	0.00	38	0	42	0.00	0.00	65.52	7.70	0.00	0.00	2000
228	10.57	2160	2096	0.00	194	0	0	0	nan	0.00	0.00	2.86	86.36	89.43	0.00	39	0	42	0.00	0.00	65.33	7.42	0.00	0.00	2000
229	10.75	2131	2100	0.62	195	0	0	9	92.11	0.00	0.00	3.42	85.85	89.25	0.00	39	0	42	0.00	0.00	64.30	7.40	0.00	0.00	2000
230	11.05	2117	2061	0.31	195	0	0	0	nan	0.00	0.01	3.13	84.22	88.95	0.00	39	0	42	0.00	0.00	63.10	7.43	0.00	0.00	2000
236	10.93	2138	2117	0.00	196	0	0	0	nan	0.00	0.02	4.16	85.70	89.07	0.00	39	0	42	0.00	0.00	67.75	7.69	0.00	0.00	2000
228	10.94	2116	2071	0.00	195	0	0	0	nan	0.00	0.02	2.78	85.10	89.06	0.00	38	0	42	0.00	0.00	63.02	7.38	0.00	0.00	2000
231	10.64	2137	2135	0.00	210	0	0	0	nan	0.00	0.02	2.33	88.43	89.36	0.00	38	0	42	0.00	0.00	67.70	7.81	0.00	0.00	2000
231	10.89	2115	2103	0.00	194	0	0	0	nan	0.00	0.00	2.37	86.81	89.11	0.00	39	0	42	0.00	0.00	64.88	7.41	0.00	0.00	2000
231	10.79	2140	2103	0.00	195	0	0	0	nan	0.00	0.02	2.66	86.71	89.22	0.00	39	0	42	0.00	0.00	65.11	7.46	0.00	0.00	2000
231	10.83	2146	2089	0.00	195	0	0	0	nan	0.00	0.03	2.95	85.70	89.17	0.00	39	0	42	0.00	0.00	65.09	7.56	0.00	0.00	2000
229	10.98	2113	2076	0.00	194	0	0	0	nan	0.00	0.02	2.57	85.46	89.02	0.00	38	0	42	0.00	0.00	62.63	7.37	0.00	0.00	2000
229	10.79	2106	2116	0.00	210	0	0	0	nan	0.00	0.01	2.35	87.57	89.21	0.00	39	0	42	0.00	0.00	64.91	7.48	0.00	0.00	2000
235	11.13	2080	2129	0.00	210	0	0	0	nan	0.00	0.00	2.77	87.42	88.87	0.00	39	0	42	0.00	0.00	67.49	7.71	0.00	0.00	2000
232	10.78	2145	2103	0.00	197	0	0	0	nan	0.00	0.00	3.18	86.14	89.22	0.00	39	0	42	0.00	0.00	64.84	7.39	0.00	0.00	2000
232	10.89	2123	2105	0.00	203	0	0	0	nan	0.00	0.01	4.43	84.87	89.11	0.00	38	0	42	0.00	0.00	64.35	7.43	0.00	0.00	2000
233	11.50	2032	2091	0.00	195	0	0	0	nan	0.00	0.00	3.38	84.87	88.50	0.00	39	0	42	0.00	0.00	66.47	7.79	0.00	0.00	2000
353	19.14	2309	1679	0.00	204	0	0	0	nan	0.01	0.00	3.01	61.68	80.86	0.00	38	0	42	0.00	0.00	53.22	6.02	0.00	0.00	2000
249	9.88	2003	2643	0.00	277	0	0	0	nan	0.00	0.06	3.50	110.01	90.12	0.00	39	0	42	0.00	0.00	85.65	9.87	0.00	0.00	2000
209	10.63	1980	2081	0.00	211	0	0	6	66.60	0.00	0.00	5.29	83.33	89.37	0.00	39	0	42	0.00	0.00	63.96	7.54	0.00	0.00	2000
110	7.58	1439	2114	0.46	216	0	0	6	82.30	0.00	0.01	9.38	83.59	92.42	0.00	37	0	42	0.00	0.00	60.73	7.45	0.00	0.00	2000
76	6.78	1128	2082	0.00	211	0	0	0	nan	0.00	0.02	3.50	88.83	93.22	0.00	37	0	42	0.00	0.00	56.09	7.15	0.00	0.00	2000
