Avg_MHz	Busy%	Bzy_MHz	TSC_MHz	IPC	IRQ	NMI	SMI	LLCMRPS	LLC%hit	POLL%	C1%	C1E%	C6%	CPU%c1	CPU%c6	CoreTmp	CoreThr	PkgTmp	Pkg%pc2	Pkg%pc6	PkgWatt	RAMWatt	PKG_%	RAM_%	UncMHz
330	15.76	2083	2112	0.00	236	0	0	0	nan	0.00	0.97	34.04	49.73	84.24	0.00	37	0	42	0.00	0.00	67.08	7.90	0.00	0.00	2000
323	15.21	2080	2143	0.00	209	0	0	0	nan	0.04	0.88	16.59	69.18	84.79	0.00	37	0	42	0.00	0.00	66.15	7.67	0.00	0.00	2000
75	6.51	1168	2083	0.00	194	0	0	0	nan	0.00	0.00	5.18	87.56	93.49	0.00	37	0	42	0.00	0.00	57.94	7.28	0.00	0.00	2000
75	6.68	1103	2125	0.00	195	0	0	0	nan	0.00	0.01	3.74	90.69	93.32	0.00	37	0	42	0.00	0.00	60.68	7.40	0.00	0.00	2000
74	6.54	1129	2104	0.00	193	0	0	0	nan	0.00	0.03	2.74	90.88	93.46	0.00	37	0	42	0.00	0.00	58.84	7.78	0.00	0.00	2000
72	6.71	1078	2099	0.00	193	0	0	0	nan	0.00	0.00	3.19	90.01	93.29	0.00	37	0	42	0.00	0.00	55.76	7.29	0.00	0.00	2000
72	6.63	1094	2084	0.00	193	0	0	0	nan	0.00	0.05	2.94	89.61	93.37	0.00	37	0	42	0.00	0.00	62.18	7.91	0.00	0.00	2000
73	6.20	1175	2104	0.00	194	0	0	0	nan	0.00	0.01	2.79	90.97	93.80	0.00	37	0	42	0.00	0.00	56.81	7.20	0.00	0.00	2000
72	6.79	1079	2076	0.00	194	0	0	0	nan	0.00	0.00	2.52	89.66	93.21	0.00	37	0	42	0.00	0.00	57.39	7.34	0.00	0.00	2000
72	6.47	1104	2127	0.00	193	0	0	0	nan	0.00	0.03	4.39	90.21	93.53	0.00	37	0	42	0.00	0.00	61.54	7.79	0.00	0.00	2000
73	6.48	1127	2101	0.00	209	0	0	0	nan	0.00	0.00	2.40	91.12	93.52	0.00	37	0	42	0.00	0.00	57.93	7.30	0.00	0.00	2000
72	6.23	1151	2101	0.00	193	0	0	0	nan	0.00	0.00	3.22	90.39	93.77	0.00	37	0	42	0.00	0.00	59.97	7.82	0.00	0.00	2000
90	7.43	1227	2076	0.00	195	0	0	0	nan	0.00	0.01	3.40	87.93	92.57	0.00	37	0	42	0.00	0.00	56.88	7.31	0.00	0.00	2000
74	6.17	1179	2132	0.00	193	0	0	0	nan	0.00	0.00	2.86	92.23	93.83	0.00	37	0	42	0.00	0.00	59.96	7.59	0.00	0.00	2000
72	6.50	1119	2082	0.00	193	0	0	0	nan	0.00	0.02	3.38	89.32	93.50	0.00	37	0	42	0.00	0.00	58.93	7.46	0.00	0.00	2000
72	6.42	1115	2103	0.00	194	0	0	0	94.35	0.00	0.00	3.76	89.97	93.58	0.00	37	0	42	0.00	0.00	59.42	7.55	0.00	0.00	2000
74	6.61	1112	2100	0.30	193	0	0	1	87.20	0.00	0.00	4.25	89.02	93.39	0.00	37	0	42	0.00	0.00	58.41	7.56	0.00	0.00	2000
75	6.04	1226	2117	0.11	197	0	0	0	nan	0.00	0.00	5.03	89.52	93.96	0.00	37	0	42	0.00	0.00	58.43	7.39	0.00	0.00	2000
182	9.23	1983	2091	0.00	198	0	0	0	nan	0.01	0.02	6.53	83.90	90.77	0.00	38	0	42	0.00	0.00	63.56	7.55	0.00	0.00	2000
230	10.98	2091	2104	0.00	203	0	0	0	nan	0.00	0.02	3.38	85.86	89.02	0.00	39	0	42	0.00	0.00	63.36	7.33	0.00	0.00	2000
230	10.95	2112	2092	0.00	213	0	0	0	nan	0.00	0.01	3.65	85.20	89.05	0.00	40	0	42	0.00	0.00	66.40	7.47	0.00	0.00	2000
228	10.76	2126	2094	0.00	201	0	0	0	nan	0.00	0.02	3.24	85.77	89.24	0.00	40	0	42	0.00	0.00	64.31	7.42	0.00	0.00	2000
231	10.85	2144	2085	0.00	196	0	0	0	nan	0.00	0.00	5.87	82.65	89.15	0.00	38	0	42	0.00	0.00	60.10	7.07	0.00	0.00	2000
238	10.85	2158	2134	0.00	219	0	0	0	nan	0.00	0.02	5.88	84.61	89.15	0.00	38	0	42	0.00	0.00	72.09	8.47	0.00	0.00	2000
231	10.94	2177	2034	0.00	199	0	0	0	nan	0.00	0.00	5.44	80.85	89.06	0.00	38	0	42	0.00	0.00	61.63	7.25	0.00	0.00	2000
235	11.09	2046	2171	0.00	215	0	0	0	nan	0.01	0.01	4.08	87.97	88.91	0.00	37	0	42	0.00	0.00	69.73	8.10	0.00	0.00	2000
231	10.94	2126	2085	0.00	199	0	0	0	nan	0.00	0.03	4.41	84.06	89.07	0.00	37	0	42	0.00	0.00	66.62	7.84	0.00	0.00	2000
232	10.69	2164	2104	0.00	201	0	0	0	nan	0.00	0.52	3.39	85.59	89.31	0.00	37	0	42	0.00	0.00	66.29	7.68	0.00	0.00	2000
232	10.63	2172	2110	0.00	199	0	0	0	nan	0.00	0.53	5.72	83.52	89.37	0.00	38	0	42	0.00	0.00	62.91	7.33	0.00	0.00	2000
232	11.18	2086	2089	0.00	198	0	0	0	nan	0.00	0.00	5.98	82.46	88.82	0.00	38	0	42	0.00	0.00	66.29	7.61	0.00	0.00	2000
229	10.65	2142	2106	0.00	201	0	0	0	nan	0.00	0.00	6.89	82.72	89.35	0.00	38	0	42	0.00	0.00	65.74	7.64	0.00	0.00	2000
229	11.14	2056	2098	0.00	198	0	0	0	nan	0.00	0.01	6.93	81.91	88.86	0.00	38	0	42	0.00	0.00	62.39	7.34	0.00	0.00	2000
226	10.97	2091	2067	0.00	198	0	0	0	nan	0.00	0.02	6.06	81.58	89.03	0.00	38	0	42	0.00	0.00	64.76	7.58	0.00	0.00	2000
227	10.95	2082	2091	0.47	201	0	0	14	45.69	0.00	0.00	5.02	83.68	89.05	0.00	37	0	42	0.00	0.00	61.60	7.21	0.00	0.00	2000
236	11.20	2094	2109	0.00	231	0	0	0	nan	0.00	0.02	5.76	83.40	88.80	0.00	38	0	42	0.00	0.00	68.01	7.73	0.00	0.00	2000
247	11.03	2189	2146	0.00	205	0	0	0	nan	0.00	0.03	7.10	83.75	88.97	0.00	38	0	42	0.00	0.00	67.67	7.87	0.00	0.00	2000
224	11.34	2032	2044	0.00	201	0	0	0	nan	0.00	0.00	5.81	80.53	88.66	0.00	37	0	42	0.00	0.00	63.38	7.72	0.00	0.00	2000
234	10.79	2111	2153	0.00	211	0	0	0	nan	0.00	0.04	4.39	87.11	89.21	0.00	38	0	42	0.00	0.00	66.09	8.11	0.00	0.00	2000
241	11.40	2111	2102	0.00	215	0	0	0	nan	0.00	0.61	7.72	80.50	88.60	0.00	38	0	42	0.00	0.00	66.06	8.01	0.00	0.00	2000
233	10.81	2153	2098	0.00	201	0	0	0	nan	0.00	0.00	6.81	82.36	89.19	0.00	38	0	42	0.00	0.00	64.99	8.03	0.00	0.00	2000
233	10.65	2191	2100	0.00	198	0	0	0	nan	0.00	0.03	6.20	83.11	89.35	0.00	38	0	42	0.00	0.00	65.17	7.87	0.00	0.00	2000
231	10.84	2133	2101	0.00	197	0	0	0	nan	0.00	0.00	6.13	83.16	89.16	0.00	38	0	42	0.00	0.00	64.89	7.93	0.00	0.00	2000
231	11.30	2050	2095	0.00	196	0	0	0	nan	0.00	0.00	5.61	82.96	88.70	0.00	38	0	42	0.00	0.00	66.85	7.95	0.00	0.00	2000
235	11.31	2080	2098	0.00	202	0	0	0	nan	0.00	0.00	6.81	81.89	88.69	0.00	39	0	42	0.00	0.00	62.08	7.58	0.00	0.00	2000
226	10.96	2076	2083	0.00	203	0	0	0	nan	0.00	0.00	6.72	81.71	89.04	0.00	39	0	42	0.00	0.00	61.91	7.24	0.00	0.00	2000
231	11.03	2081	2112	0.00	196	0	0	0	nan	0.00	0.00	7.20	82.32	88.97	0.00	39	0	42	0.00	0.00	70.47	7.89	0.00	0.00	2000
227	10.75	2109	2102	0.00	199	0	0	0	nan	0.00	0.00	6.13	83.23	89.25	0.00	39	0	42	0.00	0.00	59.77	7.33	0.00	0.00	2000
230	11.18	2063	2094	0.00	212	0	0	0	nan	0.00	0.00	6.85	81.82	88.82	0.00	39	0	42	0.00	0.00	67.60	7.85	0.00	0.00	2000
232	11.09	2080	2108	0.00	196	0	0	0	nan	0.00	0.57	4.21	84.60	88.91	0.00	39	0	42	0.00	0.00	64.71	7.46	0.00	0.00	2000
230	11.18	2063	2093	0.00	204	0	0	0	90.49	0.00	0.06	5.48	83.11	88.82	0.00	39	0	42	0.00	0.00	62.07	7.17	0.00	0.00	2000
230	10.91	2102	2105	0.73	197	0	0	4	93.82	0.00	0.02	4.31	85.07	89.09	0.00	39	0	42	0.00	0.00	67.17	7.83	0.00	0.00	2000
230	10.69	2159	2097	0.03	200	0	0	0	nan	0.00	0.00	5.39	83.76	89.31	0.00	39	0	42	0.00	0.00	64.97	7.47	0.00	0.00	2000
228	10.93	2084	2106	0.00	198	0	0	0	nan	0.00	0.52	7.25	81.71	89.07	0.00	39	0	42	0.00	0.00	64.88	7.61	0.00	0.00	2000
228	10.84	2104	2097	0.00	196	0	0	0	nan	0.00	0.00	6.31	82.81	89.16	0.00	39	0	42	0.00	0.00	64.54	7.55	0.00	0.00	2000
233	10.97	2122	2105	0.00	201	0	0	0	nan	0.00	0.00	6.30	82.91	89.03	0.00	39	0	42	0.00	0.00	65.47	7.61	0.00	0.00	2000
227	10.68	2124	2100	0.00	198	0	0	0	nan	0.00	0.00	7.38	81.90	89.32	0.00	39	0	42	0.00	0.00	62.20	7.25	0.00	0.00	2000
229	10.76	2137	2091	0.00	198	0	0	0	nan	0.00	0.00	7.03	81.82	89.24	0.00	39	0	42	0.00	0.00	64.71	7.52	0.00	0.00	2000
229	10.77	2116	2107	0.00	198	0	0	0	nan	0.00	0.00	6.78	82.75	89.23	0.00	39	0	42	0.00	0.00	64.74	7.65	0.00	0.00	2000
228	10.94	2091	2095	0.00	198	0	0	0	nan	0.00	0.00	6.40	82.54	89.06	0.00	39	0	42	0.00	0.00	64.87	7.50	0.00	0.00	2000
232	10.80	2126	2118	0.00	197	0	0	0	nan	0.00	0.00	6.88	83.15	89.20	0.00	40	0	42	0.00	0.00	65.86	8.05	0.00	0.00	2000
228	10.86	2112	2085	0.00	203	0	0	0	nan	0.00	0.00	5.74	82.80	89.14	0.00	39	0	42	0.00	0.00	64.42	7.41	0.00	0.00	2000
239	11.16	2141	2105	0.00	199	0	0	0	nan	0.00	0.07	5.04	83.94	88.84	0.00	39	0	42	0.00	0.00	65.38	7.67	0.00	0.00	2000
230	10.67	2160	2094	0.00	199	0	0	0	nan	0.00	0.57	4.33	84.18	89.33	0.00	39	0	42	0.00	0.00	64.78	7.48	0.00	0.00	2000
227	10.84	2092	2103	0.00	199	0	0	0	nan	0.01	0.52	5.40	83.42	89.16	0.00	39	0	42	0.00	0.00	64.68	7.48	0.00	0.00	2000
236	11.39	2077	2094	0.00	200	0	0	0	nan	0.00	0.00	5.05	83.45	88.61	0.00	39	0	42	0.00	0.00	65.01	7.52	0.00	0.00	2000
228	10.95	2094	2090	0.00	204	0	0	0	nan	0.00	0.00	6.26	82.41	89.05	0.00	39	0	42	0.00	0.00	64.91	7.36	0.00	0.00	2000
229	10.72	2130	2110	0.00	196	0	0	0	nan	0.00	0.00	7.70	82.02	89.28	0.00	40	0	42	0.00	0.00	64.96	7.43	0.00	0.00	2000
227	11.10	2041	2102	0.84	195	0	0	2	85.47	0.00	0.00	6.38	82.71	88.90	0.00	40	0	42	0.00	0.00	64.77	7.69	0.00	0.00	2000
228	10.84	2120	2084	0.34	199	0	0	0	nan	0.00	0.00	5.70	82.78	89.16	0.00	40	0	42	0.00	0.00	64.41	7.33	0.00	0.00	2000
234	10.85	2144	2113	0.00	199	0	0	0	nan	0.00	0.00	6.08	83.57	89.15	0.00	40	0	42	0.00	0.00	65.79	7.62	0.00	0.00	2000
276	13.05	2183	2038	0.00	203	0	0	0	nan	0.00	0.00	5.89	78.53	86.95	0.00	40	0	42	0.00	0.00	62.94	7.13	0.00	0.00	2000
237	11.05	2073	2169	0.00	215	0	0	0	nan	0.00	0.00	7.40	84.62	88.95	0.00	40	0	43	0.00	0.00	68.51	7.84	0.00	0.00	2000
227	10.59	2160	2081	0.00	197	0	0	0	nan	0.00	0.00	5.38	83.25	89.41	0.00	40	0	42	0.00	0.00	63.89	7.19	0.00	0.00	2000
231	10.97	2085	2125	0.00	200	0	0	0	nan	0.00	0.03	4.86	85.20	89.03	0.00	40	0	42	0.00	0.00	65.90	7.61	0.00	0.00	2000
234	10.98	2126	2102	0.00	197	0	0	0	nan	0.00	0.01	6.33	82.79	89.02	0.00	40	0	42	0.00	0.00	64.96	7.56	0.00	0.00	2000
228	10.86	2106	2096	0.00	199	0	0	0	nan	0.00	0.00	6.53	82.41	89.14	0.00	40	0	42	0.00	0.00	64.80	7.54	0.00	0.00	2000
229	11.02	2081	2097	0.00	199	0	0	0	nan	0.00	0.00	6.49	82.42	88.98	0.00	40	0	42	0.00	0.00	65.27	7.48	0.00	0.00	2000
226	10.88	2077	2102	0.00	199	0	0	0	nan	0.00	0.00	8.26	81.08	89.12	0.00	40	0	42	0.00	0.00	64.76	7.50	0.00	0.00	2000
230	11.22	2049	2104	0.00	196	0	0	0	nan	0.00	0.00	6.44	82.58	88.78	0.00	40	0	42	0.00	0.00	64.81	7.48	0.00	0.00	2000
229	11.07	2063	2102	0.00	196	0	0	0	nan	0.00	0.00	6.40	82.65	88.93	0.00	40	0	42	0.00	0.00	64.83	7.59	0.00	0.00	2000
232	11.07	2110	2086	0.00	203	0	0	0	nan	0.00	0.00	6.96	81.41	88.93	0.00	39	0	43	0.00	0.00	64.95	7.65	0.00	0.00	2000
231	10.71	2146	2110	0.00	197	0	0	0	nan	0.00	0.00	7.97	81.68	89.29	0.00	40	0	42	0.00	0.00	65.08	7.58	0.00	0.00	2000
229	10.49	2166	2117	0.00	198	0	0	0	nan	0.00	0.00	6.45	83.76	89.51	0.00	39	0	42	0.00	0.00	66.30	7.83	0.00	0.00	2000
228	10.85	2126	2079	0.00	199	0	0	0	nan	0.00	0.00	4.54	83.73	89.15	0.00	40	0	42	0.00	0.00	63.42	7.38	0.00	0.00	2000
229	11.09	2053	2110	0.63	203	0	0	1	65.94	0.00	0.00	7.45	82.05	88.91	0.00	40	0	42	0.00	0.00	64.51	7.47	0.00	0.00	2000
233	10.95	2125	2100	0.40	204	0	0	0	nan	0.00	0.03	6.03	82.92	89.05	0.00	40	0	42	0.00	0.00	64.96	7.59	0.00	0.00	2000
228	11.02	2070	2098	0.00	197	0	0	0	nan	0.00	0.00	5.48	83.47	88.98	0.00	40	0	42	0.00	0.00	64.40	7.60	0.00	0.00	2000
228	11.03	2073	2098	0.00	198	0	0	0	nan	0.00	0.00	6.92	81.98	88.97	0.00	40	0	42	0.00	0.00	64.74	7.47	0.00	0.00	2000
227	10.68	2132	2094	0.00	198	0	0	0	nan	0.01	0.02	4.60	84.50	89.32	0.00	40	0	42	0.00	0.00	64.54	7.49	0.00	0.00	2000
228	10.97	2071	2108	0.00	198	0	0	0	nan	0.00	0.52	6.79	82.20	89.03	0.00	40	0	42	0.00	0.00	64.76	7.47	0.00	0.00	2000
230	10.88	2122	2092	0.00	203	0	0	0	nan	0.00	0.00	7.14	81.65	89.12	0.00	40	0	42	0.00	0.00	64.74	7.52	0.00	0.00	2000
228	10.97	2070	2108	0.00	196	0	0	0	nan	0.00	0.00	7.03	82.37	89.04	0.00	40	0	42	0.00	0.00	64.97	7.67	0.00	0.00	2000
230	10.91	2116	2093	0.00	199	0	0	0	nan	0.00	0.00	7.33	81.46	89.09	0.00	40	0	42	0.00	0.00	65.04	7.56	0.00	0.00	2000
228	10.93	2077	2104	0.00	198	0	0	0	nan	0.00	0.00	7.31	82.03	89.07	0.00	40	0	42	0.00	0.00	64.78	7.49	0.00	0.00	2000
227	10.73	2124	2095	0.00	197	0	0	0	nan	0.00	0.00	6.50	82.57	89.28	0.00	39	0	42	0.00	0.00	64.74	7.44	0.00	0.00	2000
227	10.78	2127	2082	0.00	198	0	0	0	nan	0.00	0.00	6.71	81.73	89.22	0.00	39	0	42	0.00	0.00	64.39	7.59	0.00	0.00	2000
231	10.76	2120	2127	0.00	203	0	0	0	nan	0.00	0.00	6.19	84.12	89.24	0.00	39	0	43	0.00	0.00	65.49	7.66	0.00	0.00	2000
240	11.43	2112	2090	0.00	198	0	0	0	nan	0.00	0.00	6.09	82.07	88.57	0.00	39	0	42	0.00	0.00	65.36	7.54	0.00	0.00	2000
231	10.58	2174	2110	0.00	198	0	0	0	nan	0.00	0.00	5.24	84.53	89.42	0.00	40	0	42	0.00	0.00	65.32	7.57	0.00	0.00	2000
228	10.53	2171	2094	0.00	198	0	0	0	nan	0.00	1.07	4.67	83.44	89.47	0.00	40	0	42	0.00	0.00	65.16	7.37	0.00	0.00	2000
233	10.84	2142	2105	0.00	197	0	0	0	nan	0.00	0.02	5.58	83.76	89.16	0.00	39	0	42	0.00	0.00	64.70	7.41	0.00	0.00	2000
228	10.73	2132	2094	0.41	202	0	0	8	86.61	0.00	0.00	6.80	82.26	89.27	0.00	40	0	42	0.00	0.00	64.74	7.28	0.00	0.00	2000
228	11.02	2087	2082	0.45	196	0	0	2	94.78	0.00	0.00	6.91	81.34	88.98	0.00	40	0	42	0.00	0.00	65.02	7.84	0.00	0.00	2000
231	10.74	2120	2133	0.00	198	0	0	0	nan	0.00	0.00	5.66	84.98	89.26	0.00	39	0	42	0.00	0.00	65.51	7.83	0.00	0.00	2000
227	10.99	2079	2083	0.00	198	0	0	0	nan	0.00	0.00	5.52	82.84	89.01	0.00	40	0	42	0.00	0.00	66.88	8.15	0.00	0.00	2000
233	10.97	2108	2112	0.00	198	0	0	0	nan	0.00	0.00	6.81	82.76	89.03	0.00	40	0	42	0.00	0.00	64.58	7.64	0.00	0.00	2000
233	11.30	2077	2087	0.00	204	0	0	0	nan	0.00	0.02	6.20	81.96	88.70	0.00	40	0	43	0.00	0.00	67.66	7.66	0.00	0.00	2000
228	10.77	2110	2102	0.00	199	0	0	0	nan	0.00	0.00	6.76	82.59	89.23	0.00	40	0	42	0.00	0.00	65.93	7.76	0.00	0.00	2000
231	10.78	2139	2106	0.00	196	0	0	0	nan	0.00	0.00	5.75	83.70	89.22	0.00	40	0	42	0.00	0.00	64.00	7.43	0.00	0.00	2000
224	10.77	2110	2072	0.00	198	0	0	0	nan	0.00	0.03	4.65	83.41	89.23	0.00	40	0	42	0.00	0.00	67.25	7.79	0.00	0.00	2000
233	11.39	2062	2084	0.00	199	0	0	0	nan	0.01	0.01	4.10	83.84	88.61	0.00	40	0	43	0.00	0.00	61.77	7.19	0.00	0.00	2000
230	10.73	2100	2139	0.00	219	0	0	0	nan	0.01	0.00	4.78	86.24	89.27	0.00	40	0	43	0.00	0.00	69.09	8.21	0.00	0.00	2000
228	10.95	2081	2100	0.00	199	0	0	0	nan	0.00	0.51	7.65	81.05	89.05	0.00	40	0	42	0.00	0.00	67.74	8.16	0.00	0.00	2000
229	10.89	2096	2107	0.00	199	0	0	0	nan	0.00	0.48	6.57	82.46	89.11	0.00	40	0	42	0.00	0.00	66.27	7.90	0.00	0.00	2000
230	10.91	2114	2095	0.00	199	0	0	0	nan	0.00	0.00	6.08	82.90	89.09	0.00	40	0	42	0.00	0.00	66.19	7.59	0.00	0.00	2000
227	11.24	2038	2076	0.00	198	0	0	0	nan	0.00	0.00	6.55	81.30	88.76	0.00	40	0	42	0.00	0.00	64.97	7.23	0.00	0.00	2000
229	11.05	2068	2107	0.00	200	0	0	0	nan	0.00	0.00	5.92	83.26	88.95	0.00	40	0	42	0.00	0.00	63.47	7.69	0.00	0.00	2000
229	10.79	2114	2106	0.00	198	0	0	0	nan	0.00	0.03	4.69	84.77	89.21	0.00	40	0	42	0.00	0.00	65.21	7.51	0.00	0.00	2000
229	10.92	2125	2076	0.30	198	0	0	3	87.86	0.00	0.01	3.97	84.14	89.08	0.00	40	0	42	0.00	0.00	64.88	7.26	0.00	0.00	2000
230	10.98	2064	2134	0.47	213	0	0	2	93.08	0.00	0.00	5.22	85.32	89.02	0.00	40	0	43	0.00	0.00	65.70	8.50	0.00	0.00	2000
233	10.98	2117	2106	0.00	199	0	0	0	nan	0.00	0.00	5.54	83.74	89.02	0.00	39	0	42	0.00	0.00	65.45	7.47	0.00	0.00	2000
228	10.92	2096	2095	0.00	203	0	0	0	nan	0.01	0.00	6.73	82.17	89.08	0.00	40	0	42	0.00	0.00	64.95	7.56	0.00	0.00	2000
229	10.76	2130	2096	0.00	198	0	0	0	nan	0.00	0.08	4.93	84.13	89.24	0.00	40	0	42	0.00	0.00	64.65	7.50	0.00	0.00	2000
230	10.93	2092	2108	0.00	198	0	0	0	nan	0.00	0.00	6.66	82.82	89.07	0.00	39	0	42	0.00	0.00	65.23	7.70	0.00	0.00	2000
225	10.59	2119	2105	0.00	199	0	0	0	nan	0.00	0.00	4.78	84.94	89.41	0.00	39	0	42	0.00	0.00	64.69	7.71	0.00	0.00	2000
127	8.13	1587	2075	0.00	223	0	0	0	nan	0.00	0.02	8.21	82.64	91.87	0.00	38	0	43	0.00	0.00	60.96	7.54	0.00	0.00	2000
76	6.93	1098	2094	0.00	194	0	0	0	nan	0.00	0.02	3.75	89.12	93.07	0.00	37	0	42	0.00	0.00	57.42	7.23	0.00	0.00	2000
