Avg_MHz	Busy%	Bzy_MHz	TSC_MHz	IPC	IRQ	NMI	SMI	LLCMRPS	LLC%hit	POLL%	C1%	C1E%	C6%	CPU%c1	CPU%c6	CoreTmp	CoreThr	PkgTmp	Pkg%pc2	Pkg%pc6	PkgWatt	RAMWatt	PKG_%	RAM_%	UncMHz
336	16.02	2072	2127	0.00	230	0	0	0	nan	0.00	0.70	29.65	54.83	83.98	0.00	37	0	42	0.00	0.00	68.29	7.72	0.00	0.00	2000
292	14.09	2035	2140	0.00	220	0	0	0	nan	0.00	1.46	20.42	65.92	85.91	0.00	37	0	42	0.00	0.00	67.48	7.76	0.00	0.00	2000
76	6.84	1111	2096	0.00	210	0	0	0	nan	0.00	0.01	4.51	88.56	93.16	0.00	37	0	42	0.00	0.00	58.75	7.60	0.00	0.00	2000
73	6.76	1064	2117	0.00	194	0	0	0	nan	0.00	0.00	2.48	91.64	93.24	0.00	37	0	42	0.00	0.00	59.55	7.51	0.00	0.00	2000
73	6.94	1048	2110	0.00	193	0	0	0	nan	0.00	0.02	3.02	90.59	93.06	0.00	37	0	42	0.00	0.00	58.00	7.56	0.00	0.00	2000
70	6.90	1028	2069	0.00	193	0	0	0	nan	0.00	0.00	2.66	89.21	93.10	0.00	37	0	42	0.00	0.00	57.17	7.44	0.00	0.00	2000
72	7.17	1009	2103	0.00	194	0	0	0	nan	0.00	0.00	1.75	91.45	92.83	0.00	37	0	42	0.00	0.00	60.12	7.61	0.00	0.00	2000
74	6.89	1062	2122	0.00	213	0	0	0	nan	0.00	0.02	4.57	89.57	93.11	0.00	37	0	42	0.00	0.00	58.42	7.51	0.00	0.00	2000
71	6.88	1047	2074	0.00	195	0	0	0	nan	0.00	0.00	3.47	88.56	93.12	0.00	37	0	42	0.00	0.00	58.90	7.46	0.00	0.00	2000
73	7.17	996	2134	0.00	193	0	0	0	nan	0.00	0.02	1.77	92.72	92.83	0.00	37	0	42	0.00	0.00	61.68	7.80	0.00	0.00	2000
72	6.83	1072	2076	0.00	193	0	0	0	nan	0.00	0.04	2.80	89.38	93.17	0.00	37	0	42	0.00	0.00	57.67	7.24	0.00	0.00	2000
72	7.11	1022	2091	0.00	194	0	0	0	nan	0.00	0.02	2.73	89.88	92.89	0.00	37	0	42	0.00	0.00	57.27	7.26	0.00	0.00	2000
73	6.86	1055	2121	0.00	210	0	0	0	nan	0.00	0.03	4.02	90.14	93.14	0.00	37	0	42	0.00	0.00	59.49	7.44	0.00	0.00	2000
71	6.80	1039	2108	0.00	193	0	0	0	nan	0.00	0.01	3.27	90.43	93.20	0.00	37	0	42	0.00	0.00	58.16	7.52	0.00	0.00	2000
71	6.86	1041	2103	0.00	193	0	0	0	nan	0.00	0.00	3.23	90.16	93.14	0.00	37	0	42	0.00	0.00	59.61	7.56	0.00	0.00	2000
72	6.65	1080	2093	0.00	195	0	0	1	88.73	0.00	0.02	3.87	89.23	93.35	0.00	37	0	42	0.00	0.00	59.17	7.58	0.00	0.00	2000
72	6.70	1082	2073	0.14	193	0	0	1	86.36	0.00	0.02	3.54	88.68	93.30	0.00	37	0	42	0.00	0.00	56.86	7.14	0.00	0.00	2000
78	7.04	1085	2139	0.00	193	0	0	0	nan	0.00	0.00	1.98	92.82	92.96	0.00	37	0	42	0.00	0.00	61.16	7.83	0.00	0.00	2000
224	11.08	2106	2012	0.00	206	0	0	0	nan	0.00	2.27	8.32	74.84	88.92	0.00	37	0	42	0.00	0.00	60.53	6.99	0.00	0.00	2000
235	10.78	2089	2187	0.00	214	0	0	0	nan	0.00	0.02	6.09	86.75	89.22	0.00	38	0	42	0.00	0.00	69.38	7.88	0.00	0.00	2000
228	11.05	2080	2088	0.00	198	0	0	0	nan	0.00	0.00	5.28	83.27	88.95	0.00	38	0	43	0.00	0.00	62.38	7.34	0.00	0.00	2000
229	10.94	2093	2097	0.00	197	0	0	0	nan	0.00	0.00	4.90	84.05	89.06	0.00	38	0	42	0.00	0.00	65.18	7.48	0.00	0.00	2000
235	11.08	2101	2117	0.00	197	0	0	0	nan	0.00	0.00	5.05	84.56	88.92	0.00	38	0	42	0.00	0.00	67.40	7.66	0.00	0.00	2000
233	10.80	2176	2086	0.00	202	0	0	0	nan	0.00	0.00	6.20	82.50	89.20	0.00	37	0	43	0.00	0.00	67.37	7.79	0.00	0.00	2000
234	10.88	2150	2097	0.00	182	0	0	0	nan	0.00	0.01	6.65	82.37	89.12	0.00	37	0	42	0.00	0.00	66.74	7.67	0.00	0.00	2000
233	11.15	2069	2121	0.00	197	0	0	0	nan	0.00	0.46	7.15	82.19	88.85	0.00	38	0	42	0.00	0.00	65.07	7.53	0.00	0.00	2000
227	10.82	2131	2065	0.00	197	0	0	0	nan	0.00	0.52	4.95	82.30	89.18	0.00	38	0	42	0.00	0.00	64.77	7.59	0.00	0.00	2000
229	11.00	2118	2068	0.00	200	0	0	0	nan	0.00	0.51	4.40	82.80	89.00	0.00	38	0	43	0.00	0.00	61.50	7.19	0.00	0.00	2000
257	11.95	2083	2165	0.00	218	0	0	0	nan	0.00	0.01	7.31	83.56	88.05	0.00	39	0	42	0.00	0.00	70.51	7.95	0.00	0.00	2000
224	10.97	2081	2063	0.00	195	0	0	0	nan	0.00	0.02	5.06	82.43	89.03	0.00	39	0	42	0.00	0.00	63.30	7.36	0.00	0.00	2000
229	11.17	2065	2088	0.00	198	0	0	0	nan	0.00	0.00	3.81	84.58	88.83	0.00	39	0	42	0.00	0.00	64.65	7.14	0.00	0.00	2000
231	10.80	2098	2141	0.00	215	0	0	0	nan	0.00	0.00	6.81	84.24	89.20	0.00	39	0	42	0.00	0.00	68.47	8.22	0.00	0.00	2000
230	10.91	2115	2096	0.00	197	0	0	7	85.66	0.00	0.00	5.11	83.88	89.09	0.00	39	0	42	0.00	0.00	62.94	7.35	0.00	0.00	2000
242	11.38	2111	2112	0.62	195	0	0	14	88.43	0.00	0.00	4.73	84.56	88.62	0.00	39	0	42	0.00	0.00	66.04	7.72	0.00	0.00	2000
230	11.03	2093	2092	0.00	194	0	0	0	nan	0.00	0.00	3.99	84.63	88.97	0.00	39	0	42	0.00	0.00	63.57	7.34	0.00	0.00	2000
229	11.04	2071	2101	0.00	195	0	0	0	nan	0.00	0.00	3.30	85.80	88.96	0.00	40	0	42	0.00	0.00	65.78	7.76	0.00	0.00	2000
231	10.87	2127	2099	0.00	197	0	0	0	nan	0.00	0.00	3.85	85.25	89.13	0.00	40	0	42	0.00	0.00	65.20	7.42	0.00	0.00	2000
227	10.91	2081	2100	0.00	195	0	0	0	nan	0.00	0.00	4.69	84.48	89.09	0.00	40	0	42	0.00	0.00	64.66	7.37	0.00	0.00	2000
228	10.90	2108	2079	0.00	195	0	0	0	nan	0.00	0.00	3.70	84.56	89.10	0.00	39	0	42	0.00	0.00	64.06	7.25	0.00	0.00	2000
229	11.32	2055	2066	0.00	197	0	0	0	nan	0.00	0.00	2.68	84.66	88.68	0.00	39	0	42	0.00	0.00	63.25	7.29	0.00	0.00	2000
224	11.29	1972	2110	0.00	211	0	0	0	nan	0.00	0.03	2.83	86.37	88.71	0.00	38	0	42	0.00	0.00	67.16	7.62	0.00	0.00	2000
232	10.73	2109	2150	0.00	209	0	0	0	nan	0.00	0.00	2.48	88.92	89.27	0.00	37	0	42	0.00	0.00	67.49	8.02	0.00	0.00	2000
232	11.25	2064	2100	0.00	195	0	0	0	nan	0.00	0.00	3.00	85.89	88.75	0.00	37	0	42	0.00	0.00	65.81	7.40	0.00	0.00	2000
231	11.11	2089	2091	0.00	195	0	0	0	nan	0.00	0.00	3.78	84.79	88.89	0.00	38	0	42	0.00	0.00	64.63	7.42	0.00	0.00	2000
227	10.87	2098	2095	0.00	194	0	0	0	nan	0.00	0.00	4.10	84.93	89.13	0.00	38	0	42	0.00	0.00	64.34	7.37	0.00	0.00	2000
226	11.04	2063	2082	0.00	194	0	0	0	nan	0.00	0.00	2.95	85.36	88.96	0.00	38	0	42	0.00	0.00	64.77	7.53	0.00	0.00	2000
229	11.13	2067	2089	0.00	194	0	0	0	nan	0.00	0.02	2.34	86.14	88.87	0.00	38	0	42	0.00	0.00	61.78	7.06	0.00	0.00	2000
233	10.83	2096	2157	0.00	211	0	0	0	nan	0.00	0.00	3.95	87.72	89.17	0.00	39	0	42	0.00	0.00	67.70	7.72	0.00	0.00	2000
228	11.22	2074	2062	0.00	200	0	0	0	nan	0.00	0.01	3.03	84.31	88.78	0.00	38	0	42	0.00	0.00	63.15	7.24	0.00	0.00	2000
231	11.31	2021	2126	0.00	226	0	0	10	82.50	0.00	0.00	6.94	83.01	88.70	0.00	39	0	42	0.00	0.00	68.21	7.75	0.00	0.00	2000
229	11.10	2062	2104	0.65	195	0	0	16	89.23	0.00	0.00	4.50	84.68	88.90	0.00	38	0	42	0.00	0.00	65.25	7.67	0.00	0.00	2000
224	10.96	2074	2071	0.00	194	0	0	0	nan	0.00	0.02	4.04	83.92	89.04	0.00	39	0	42	0.00	0.00	65.13	7.68	0.00	0.00	2000
238	11.16	2089	2139	0.00	196	0	0	0	nan	0.00	0.04	3.16	87.45	88.84	0.00	40	0	43	0.00	0.00	66.26	7.82	0.00	0.00	2000
231	11.17	2062	2103	0.00	194	0	0	0	nan	0.00	0.02	2.52	86.57	88.83	0.00	40	0	42	0.00	0.00	63.25	7.41	0.00	0.00	2000
228	11.09	2061	2095	0.00	194	0	0	0	nan	0.00	0.01	2.56	86.34	88.91	0.00	40	0	42	0.00	0.00	63.97	7.58	0.00	0.00	2000
228	10.80	2130	2086	0.00	194	0	0	0	nan	0.00	0.00	2.64	86.04	89.20	0.00	40	0	42	0.00	0.00	67.59	8.00	0.00	0.00	2000
232	10.90	2122	2110	0.00	197	0	0	0	nan	0.00	0.00	3.69	85.92	89.10	0.00	40	0	42	0.00	0.00	65.75	7.31	0.00	0.00	2000
232	11.11	2084	2104	0.00	195	0	0	0	nan	0.00	0.00	3.14	86.02	88.89	0.00	40	0	42	0.00	0.00	64.57	7.83	0.00	0.00	2000
227	11.15	2062	2072	0.00	194	0	0	0	nan	0.00	0.00	2.93	84.80	88.85	0.00	40	0	42	0.00	0.00	62.66	7.33	0.00	0.00	2000
233	10.88	2121	2123	0.00	195	0	0	0	nan	0.00	0.00	3.13	86.99	89.12	0.00	40	0	43	0.00	0.00	66.54	7.77	0.00	0.00	2000
239	11.41	2090	2104	0.00	203	0	0	0	nan	0.00	0.00	4.32	84.54	88.59	0.00	38	0	42	0.00	0.00	67.96	7.91	0.00	0.00	2000
224	10.59	2127	2087	0.00	210	0	0	0	nan	0.00	0.01	3.99	84.90	89.41	0.00	38	0	43	0.00	0.00	65.04	7.60	0.00	0.00	2000
385	16.61	2305	2113	0.00	272	0	0	0	nan	0.00	0.00	5.93	78.10	83.39	0.00	38	0	42	0.00	0.00	66.74	7.55	0.00	0.00	2000
223	10.83	2052	2106	0.00	195	0	0	0	nan	0.00	0.02	2.66	86.83	89.17	0.00	39	0	42	0.00	0.00	65.49	7.41	0.00	0.00	2000
221	10.91	2023	2101	0.00	195	0	0	0	nan	0.00	0.02	3.76	85.52	89.09	0.00	40	0	43	0.00	0.00	66.22	7.53	0.00	0.00	2000
221	10.90	2020	2103	0.00	179	0	0	0	nan	0.00	0.02	2.63	86.64	89.10	0.00	40	0	42	0.00	0.00	61.45	6.90	0.00	0.00	2000
222	11.14	1991	2100	0.02	196	0	0	1	86.05	0.00	0.00	3.46	85.53	88.86	0.00	40	0	43	0.00	0.00	66.15	7.72	0.00	0.00	2000
223	10.94	2038	2098	0.57	194	0	0	1	89.62	0.00	0.00	2.90	86.23	89.06	0.00	40	0	42	0.00	0.00	64.90	7.45	0.00	0.00	2000
222	11.11	1994	2100	0.00	197	0	0	0	nan	0.00	0.02	5.12	83.98	88.89	0.00	40	0	42	0.00	0.00	63.79	7.28	0.00	0.00	2000
220	10.85	2028	2097	0.00	180	0	0	0	nan	0.00	0.02	3.21	85.90	89.15	0.00	40	0	42	0.00	0.00	66.32	7.55	0.00	0.00	2000
220	10.85	2026	2102	0.00	211	0	0	0	nan	0.00	0.02	2.47	86.89	89.15	0.00	40	0	42	0.00	0.00	64.51	7.62	0.00	0.00	2000
221	11.08	1988	2104	0.00	194	0	0	0	nan	0.00	0.02	2.85	86.41	88.92	0.00	40	0	43	0.00	0.00	64.63	7.65	0.00	0.00	2000
219	10.72	2046	2095	0.00	196	0	0	0	nan	0.00	0.00	3.30	85.96	89.28	0.00	40	0	43	0.00	0.00	62.75	7.09	0.00	0.00	2000
216	11.36	1989	2009	0.00	195	0	0	0	nan	0.00	0.01	2.66	82.33	88.64	0.00	40	0	42	0.00	0.00	61.72	7.12	0.00	0.00	2000
221	10.62	1993	2196	0.00	194	0	0	0	nan	0.00	0.01	3.19	90.53	89.38	0.00	40	0	42	0.00	0.00	67.71	7.86	0.00	0.00	2000
221	10.94	2016	2102	0.00	194	0	0	0	nan	0.00	0.05	3.16	86.14	89.06	0.00	40	0	42	0.00	0.00	65.74	7.81	0.00	0.00	2000
220	10.76	2039	2100	0.00	194	0	0	0	nan	0.00	0.00	2.87	86.53	89.24	0.00	40	0	42	0.00	0.00	63.99	7.39	0.00	0.00	2000
224	10.68	2099	2099	0.00	182	0	0	0	nan	0.00	0.01	2.75	86.60	89.32	0.00	40	0	42	0.00	0.00	64.50	7.51	0.00	0.00	2000
222	10.94	2042	2085	0.00	196	0	0	0	nan	0.00	0.00	3.08	85.54	89.06	0.00	40	0	42	0.00	0.00	64.79	7.92	0.00	0.00	2000
219	10.81	2021	2109	0.00	195	0	0	0	nan	0.00	0.00	3.50	86.24	89.19	0.00	40	0	43	0.00	0.00	66.88	8.04	0.00	0.00	2000
81	7.46	1101	2074	0.00	196	0	0	0	nan	0.00	0.00	3.42	88.10	92.54	0.00	37	0	43	0.00	0.00	57.47	7.12	0.00	0.00	2000
143	9.04	1574	2110	0.00	216	0	0	0	nan	0.00	0.00	4.54	86.98	90.96	0.00	39	0	43	0.00	0.00	61.39	7.58	0.00	0.00	2000
229	10.98	2094	2092	0.00	212	0	0	0	nan	0.00	0.01	4.04	84.69	89.02	0.00	40	0	42	0.00	0.00	64.37	7.39	0.00	0.00	2000
231	11.05	2064	2124	0.05	228	0	0	2	89.57	0.00	0.00	5.92	84.13	88.95	0.00	41	0	42	0.00	0.00	66.97	7.76	0.00	0.00	2000
167	9.62	1755	2072	1.20	209	0	0	5	88.97	0.00	0.00	4.93	84.39	90.38	0.00	39	0	42	0.00	0.00	60.18	7.17	0.00	0.00	2000
77	6.95	1089	2134	0.00	199	0	0	0	nan	0.00	0.02	3.15	91.45	93.05	0.00	38	0	42	0.00	0.00	62.65	7.78	0.00	0.00	2000
194	10.05	1933	2098	0.00	209	0	0	0	nan	0.00	0.02	5.49	84.39	89.95	0.00	40	0	42	0.00	0.00	62.58	7.53	0.00	0.00	2000
225	10.91	2094	2070	0.00	228	0	0	0	nan	0.00	0.00	3.88	84.04	89.09	0.00	40	0	42	0.00	0.00	63.90	7.46	0.00	0.00	2000
231	10.98	2094	2108	0.00	207	0	0	0	nan	0.00	0.01	3.69	85.70	89.02	0.00	41	0	42	0.00	0.00	64.40	7.48	0.00	0.00	2000
229	10.87	2102	2103	0.00	205	0	0	0	nan	0.00	0.00	3.69	85.66	89.13	0.00	41	0	42	0.00	0.00	65.10	7.55	0.00	0.00	2000
228	10.98	2091	2086	0.00	204	0	0	0	nan	0.00	0.03	3.46	85.01	89.02	0.00	41	0	42	0.00	0.00	64.22	7.45	0.00	0.00	2000
234	11.04	2089	2132	0.00	213	0	0	0	nan	0.00	0.00	3.47	86.87	88.96	0.00	41	0	43	0.00	0.00	66.61	7.68	0.00	0.00	2000
238	11.39	2086	2099	0.00	200	0	0	0	nan	0.00	0.01	5.11	83.48	88.61	0.00	39	0	42	0.00	0.00	66.15	7.74	0.00	0.00	2000
231	11.08	2082	2099	0.00	198	0	0	0	nan	0.00	0.00	6.26	82.70	88.92	0.00	38	0	42	0.00	0.00	63.30	7.47	0.00	0.00	2000
303	13.71	2382	1948	0.00	211	0	0	0	nan	0.00	1.76	6.20	72.23	86.29	0.00	38	0	42	0.00	0.00	63.91	7.39	0.00	0.00	2000
126	8.25	1411	2277	0.00	257	0	0	0	nan	0.00	0.00	9.36	90.20	91.75	0.00	37	0	42	0.00	0.00	66.23	8.15	0.00	0.00	2000
76	6.58	1161	2095	0.00	194	0	0	0	nan	0.00	0.00	3.74	89.58	93.42	0.00	37	0	42	0.00	0.00	59.66	7.73	0.00	0.00	2000
79	7.22	1088	2104	0.00	161	0	0	0	nan	0.00	0.00	5.61	87.46	92.78	0.00	37	0	42	0.00	0.00	59.39	7.57	0.00	0.00	2000
