Avg_MHz	Busy%	Bzy_MHz	TSC_MHz	IPC	IRQ	NMI	SMI	LLCMRPS	LLC%hit	POLL%	C1%	C1E%	C6%	CPU%c1	CPU%c6	CoreTmp	CoreThr	PkgTmp	Pkg%pc2	Pkg%pc6	PkgWatt	RAMWatt	PKG_%	RAM_%	UncMHz
236	14.63	1692	2004	0.00	269	0	0	0	nan	0.00	0.00	22.73	58.74	85.37	0.00	38	0	42	0.00	0.00	58.80	7.17	0.00	0.00	2000
395	16.78	2165	2285	0.00	229	0	0	0	nan	0.04	1.17	16.85	72.76	83.22	0.00	38	0	42	0.00	0.00	71.52	8.26	0.00	0.00	2000
77	7.10	1095	2071	0.00	194	0	0	0	nan	0.00	0.03	8.84	82.90	92.90	0.00	37	0	42	0.00	0.00	59.46	7.39	0.00	0.00	2000
73	7.08	1024	2120	0.00	209	0	0	0	nan	0.00	0.00	3.68	90.26	92.92	0.00	37	0	43	0.00	0.00	58.88	7.52	0.00	0.00	2000
73	6.77	1077	2113	0.00	193	0	0	0	nan	0.00	0.00	3.99	89.94	93.23	0.00	37	0	42	0.00	0.00	61.29	7.94	0.00	0.00	2000
72	7.08	1023	2089	0.00	195	0	0	0	nan	0.00	0.00	3.47	89.12	92.92	0.00	37	0	42	0.00	0.00	58.39	7.35	0.00	0.00	2000
72	6.74	1083	2077	0.00	194	0	0	0	nan	0.00	0.00	3.82	88.55	93.26	0.00	37	0	42	0.00	0.00	56.63	7.20	0.00	0.00	2000
73	7.15	1002	2143	0.00	194	0	0	0	nan	0.00	0.00	1.75	93.17	92.85	0.00	37	0	42	0.00	0.00	58.33	7.54	0.00	0.00	2000
72	7.00	1032	2100	0.00	192	0	0	0	nan	0.01	0.02	2.95	90.20	93.00	0.00	37	0	42	0.00	0.00	57.97	7.28	0.00	0.00	2000
79	7.16	1102	2090	0.00	196	0	0	0	nan	0.00	0.00	3.21	89.41	92.84	0.00	37	0	42	0.00	0.00	59.54	7.35	0.00	0.00	2000
74	6.85	1083	2108	0.00	195	0	0	0	nan	0.00	0.01	2.31	91.22	93.15	0.00	37	0	42	0.00	0.00	58.75	7.32	0.00	0.00	2000
70	6.80	1049	2070	0.00	193	0	0	0	nan	0.00	0.02	2.80	89.18	93.20	0.00	37	0	43	0.00	0.00	57.67	7.32	0.00	0.00	2000
74	6.85	1063	2134	0.00	194	0	0	0	nan	0.00	0.00	2.08	92.63	93.15	0.00	37	0	42	0.00	0.00	58.86	7.44	0.00	0.00	2000
73	6.91	1053	2094	0.00	195	0	0	0	nan	0.00	0.02	4.16	88.82	93.09	0.00	37	0	42	0.00	0.00	58.60	7.44	0.00	0.00	2000
73	6.97	1046	2091	0.00	195	0	0	0	nan	0.00	0.00	3.22	89.61	93.03	0.00	37	0	42	0.00	0.00	59.65	7.27	0.00	0.00	2000
70	6.81	1039	2076	0.00	193	0	0	1	88.86	0.00	0.00	2.42	89.87	93.19	0.00	37	0	42	0.00	0.00	56.64	7.57	0.00	0.00	2000
73	7.12	1011	2130	0.15	210	0	0	2	87.08	0.00	0.00	4.21	90.11	92.88	0.00	37	0	42	0.00	0.00	58.40	7.44	0.00	0.00	2000
73	6.71	1087	2093	0.00	194	0	0	0	nan	0.00	0.00	3.45	89.55	93.29	0.00	36	0	42	0.00	0.00	58.85	7.54	0.00	0.00	2000
148	9.06	1628	2105	0.00	213	0	0	0	nan	0.00	0.00	6.49	84.86	90.94	0.00	38	0	43	0.00	0.00	61.44	7.35	0.00	0.00	2000
228	11.07	2057	2101	0.00	202	0	0	0	nan	0.00	0.00	3.15	86.04	88.93	0.00	40	0	42	0.00	0.00	65.11	7.37	0.00	0.00	2000
232	11.28	2052	2107	0.00	202	0	0	0	nan	0.00	0.02	3.65	85.47	88.72	0.00	40	0	42	0.00	0.00	66.39	7.48	0.00	0.00	2000
230	11.48	1997	2103	0.00	213	0	0	0	nan	0.00	0.02	3.88	84.89	88.52	0.00	40	0	42	0.00	0.00	64.09	7.52	0.00	0.00	2000
231	11.06	2101	2088	0.00	197	0	0	0	nan	0.00	0.00	6.52	82.10	88.94	0.00	39	0	43	0.00	0.00	65.00	7.45	0.00	0.00	2000
232	11.14	2073	2108	0.00	198	0	0	0	nan	0.00	0.01	3.76	85.55	88.86	0.00	39	0	43	0.00	0.00	66.43	8.05	0.00	0.00	2000
229	11.12	2071	2090	0.00	197	0	0	0	nan	0.00	0.03	3.32	85.28	88.88	0.00	39	0	42	0.00	0.00	66.87	7.95	0.00	0.00	2000
230	11.27	2063	2079	0.00	197	0	0	0	nan	0.00	0.02	2.72	85.33	88.73	0.00	38	0	42	0.00	0.00	62.79	7.52	0.00	0.00	2000
235	11.17	2086	2113	0.00	198	0	0	0	nan	0.00	0.02	2.76	86.81	88.83	0.00	37	0	42	0.00	0.00	67.85	7.71	0.00	0.00	2000
230	11.15	2063	2103	0.00	202	0	0	0	nan	0.00	0.04	3.73	85.43	88.85	0.00	38	0	42	0.00	0.00	66.81	7.56	0.00	0.00	2000
231	11.42	2014	2112	0.00	194	0	0	0	nan	0.00	0.00	5.15	84.15	88.58	0.00	38	0	42	0.00	0.00	62.56	7.32	0.00	0.00	2000
224	11.43	1987	2067	0.00	198	0	0	0	nan	0.00	0.00	4.72	82.66	88.57	0.00	38	0	42	0.00	0.00	63.50	7.44	0.00	0.00	2000
230	11.41	2034	2077	0.00	198	0	0	0	nan	0.00	0.00	4.05	83.73	88.59	0.00	38	0	42	0.00	0.00	62.96	7.41	0.00	0.00	2000
233	11.00	2073	2149	0.00	216	0	0	0	nan	0.00	0.00	5.37	85.90	89.00	0.00	38	0	43	0.00	0.00	69.62	7.84	0.00	0.00	2000
230	10.84	2116	2101	0.00	201	0	0	3	79.34	0.00	0.00	5.92	83.43	89.16	0.00	38	0	42	0.00	0.00	65.47	7.41	0.00	0.00	2000
228	11.12	2060	2092	0.74	196	0	0	14	91.56	0.00	0.00	6.77	81.99	88.88	0.00	38	0	43	0.00	0.00	66.03	7.67	0.00	0.00	2000
231	11.26	2066	2088	0.00	200	0	0	0	nan	0.00	0.00	5.89	82.55	88.74	0.00	38	0	42	0.00	0.00	63.25	7.25	0.00	0.00	2000
230	11.35	2042	2089	0.00	200	0	0	0	nan	0.00	0.07	3.68	84.59	88.65	0.00	39	0	43	0.00	0.00	62.78	7.31	0.00	0.00	2000
233	11.31	2025	2140	0.00	215	0	0	0	nan	0.01	0.00	5.07	85.53	88.69	0.00	39	0	42	0.00	0.00	68.01	7.73	0.00	0.00	2000
222	11.14	2037	2058	0.00	199	0	0	0	nan	0.00	0.00	6.81	80.43	88.86	0.00	39	0	42	0.00	0.00	62.92	7.28	0.00	0.00	2000
230	11.30	2044	2088	0.00	195	0	0	0	nan	0.00	0.94	4.16	83.32	88.70	0.00	39	0	42	0.00	0.00	61.40	7.24	0.00	0.00	2000
234	11.07	2064	2149	0.00	216	0	0	0	nan	0.00	0.02	5.12	86.04	88.93	0.00	38	0	42	0.00	0.00	71.04	7.84	0.00	0.00	2000
231	11.06	2088	2104	0.00	198	0	0	0	nan	0.00	0.00	5.93	83.32	88.94	0.00	38	0	42	0.00	0.00	64.31	7.47	0.00	0.00	2000
231	11.13	2068	2111	0.00	202	0	0	0	nan	0.00	0.00	6.57	82.86	88.87	0.00	38	0	42	0.00	0.00	65.09	7.51	0.00	0.00	2000
252	12.42	2038	2094	0.00	196	0	0	0	nan	0.00	0.00	6.01	81.47	87.58	0.00	39	0	42	0.00	0.00	66.30	7.70	0.00	0.00	2000
224	11.30	2020	2064	0.00	198	0	0	0	nan	0.00	0.00	4.94	82.40	88.70	0.00	39	0	42	0.00	0.00	63.27	7.42	0.00	0.00	2000
230	11.12	2064	2103	0.00	198	0	0	0	nan	0.00	0.01	4.23	84.92	88.88	0.00	38	0	42	0.00	0.00	62.91	7.30	0.00	0.00	2000
238	11.53	2029	2137	0.00	210	0	0	0	nan	0.00	0.02	4.63	85.52	88.47	0.00	39	0	42	0.00	0.00	71.14	8.34	0.00	0.00	2000
226	11.13	2061	2074	0.00	202	0	0	0	nan	0.00	0.06	5.02	82.93	88.87	0.00	38	0	42	0.00	0.00	62.20	7.25	0.00	0.00	2000
233	11.18	2064	2121	0.00	200	0	0	0	nan	0.00	0.03	4.17	85.71	88.82	0.00	38	0	42	0.00	0.00	67.13	7.76	0.00	0.00	2000
229	11.27	2045	2086	0.00	199	0	0	0	nan	0.00	0.01	5.42	82.91	88.73	0.00	39	0	43	0.00	0.00	63.34	7.52	0.00	0.00	2000
227	11.10	2055	2086	0.00	198	0	0	6	86.71	0.01	0.02	4.25	84.24	88.90	0.00	39	0	42	0.00	0.00	64.26	7.32	0.00	0.00	2000
230	11.09	2084	2094	0.86	196	0	0	9	65.43	0.00	0.00	4.72	84.15	88.91	0.00	38	0	43	0.00	0.00	62.32	7.25	0.00	0.00	2000
410	17.56	2304	2129	0.00	287	0	0	0	nan	0.00	0.70	8.68	74.31	82.44	0.00	39	0	43	0.00	0.00	73.47	8.04	0.00	0.00	2000
228	10.22	2226	2103	0.00	263	0	0	0	nan	0.00	2.08	14.47	73.50	89.78	0.00	38	0	42	0.00	0.00	69.89	7.85	0.00	0.00	2000
161	9.91	1640	2077	0.00	226	0	0	0	nan	0.00	0.00	12.40	76.91	90.09	0.00	38	0	42	0.00	0.00	59.24	7.31	0.00	0.00	2000
79	7.09	1106	2123	0.00	214	0	0	0	nan	0.01	0.03	4.05	89.91	92.91	0.00	38	0	42	0.00	0.00	60.52	7.79	0.00	0.00	2000
81	7.00	1156	2108	0.00	145	0	0	0	nan	0.00	0.02	5.25	88.19	93.00	0.00	37	0	42	0.00	0.00	61.08	7.14	0.00	0.00	2000
