Avg_MHz	Busy%	Bzy_MHz	TSC_MHz	IPC	IRQ	NMI	SMI	LLCMRPS	LLC%hit	POLL%	C1%	C1E%	C6%	CPU%c1	CPU%c6	CoreTmp	CoreThr	PkgTmp	Pkg%pc2	Pkg%pc6	PkgWatt	RAMWatt	PKG_%	RAM_%	UncMHz
190	11.44	1741	2003	0.00	286	0	0	0	nan	0.00	0.01	18.34	66.08	88.56	0.00	37	0	42	0.00	0.00	54.43	6.98	0.00	0.00	2000
441	18.11	2211	2315	0.00	269	0	0	0	nan	0.05	1.06	19.10	70.32	81.89	0.00	39	0	42	0.00	0.00	80.09	8.81	0.00	0.00	2000
77	6.39	1216	2083	0.00	194	0	0	0	nan	0.00	0.00	14.10	78.63	93.61	0.00	37	0	42	0.00	0.00	59.32	7.46	0.00	0.00	2000
73	6.46	1135	2103	0.00	193	0	0	0	nan	0.00	0.01	1.86	91.71	93.54	0.00	37	0	42	0.00	0.00	57.52	7.40	0.00	0.00	2000
71	6.48	1106	2092	0.00	209	0	0	0	nan	0.00	0.00	2.54	90.57	93.52	0.00	37	0	42	0.00	0.00	57.79	7.56	0.00	0.00	2000
73	6.64	1088	2108	0.00	194	0	0	0	nan	0.00	0.02	2.31	91.25	93.36	0.00	37	0	42	0.00	0.00	59.18	7.61	0.00	0.00	2000
72	6.77	1064	2095	0.00	194	0	0	0	nan	0.00	0.02	3.07	90.00	93.23	0.00	37	0	42	0.00	0.00	56.87	7.35	0.00	0.00	2000
71	6.76	1052	2108	0.00	209	0	0	0	nan	0.00	0.00	4.15	89.36	93.24	0.00	37	0	42	0.00	0.00	60.06	7.62	0.00	0.00	2000
74	6.47	1146	2110	0.00	194	0	0	0	nan	0.00	0.00	3.50	90.32	93.53	0.00	37	0	42	0.00	0.00	61.13	7.74	0.00	0.00	2000
73	6.57	1101	2108	0.00	194	0	0	0	nan	0.00	0.00	3.46	90.35	93.43	0.00	37	0	42	0.00	0.00	56.36	6.98	0.00	0.00	2000
72	6.80	1063	2102	0.00	194	0	0	0	nan	0.01	0.00	3.35	90.00	93.20	0.00	37	0	42	0.00	0.00	60.18	7.61	0.00	0.00	2000
71	6.27	1130	2093	0.00	193	0	0	0	nan	0.00	0.00	2.19	91.07	93.73	0.00	37	0	42	0.00	0.00	57.72	7.27	0.00	0.00	2000
73	6.68	1102	2091	0.00	193	0	0	0	nan	0.00	0.03	2.84	89.99	93.32	0.00	37	0	42	0.00	0.00	58.68	7.33	0.00	0.00	2000
71	6.42	1106	2103	0.00	193	0	0	0	nan	0.00	0.02	3.00	90.78	93.58	0.00	37	0	42	0.00	0.00	58.62	7.43	0.00	0.00	2000
75	6.35	1185	2091	0.00	196	0	0	0	nan	0.01	0.02	3.85	89.32	93.65	0.00	37	0	43	0.00	0.00	58.82	7.49	0.00	0.00	2000
73	6.28	1162	2098	0.02	197	0	0	1	84.99	0.00	0.00	2.29	91.27	93.72	0.00	37	0	43	0.00	0.00	57.96	7.41	0.00	0.00	2000
73	6.25	1168	2109	0.26	193	0	0	1	90.90	0.00	0.00	4.00	89.97	93.75	0.00	37	0	42	0.00	0.00	58.72	7.33	0.00	0.00	2000
72	6.73	1070	2113	0.00	209	0	0	0	nan	0.00	0.02	4.18	89.65	93.27	0.00	37	0	42	0.00	0.00	60.53	7.70	0.00	0.00	2000
179	9.97	1824	2067	0.00	211	0	0	0	nan	0.00	0.93	7.69	80.11	90.03	0.00	37	0	42	0.00	0.00	62.09	7.45	0.00	0.00	2000
231	10.90	2109	2111	0.00	199	0	0	0	nan	0.00	0.00	5.28	84.34	89.10	0.00	37	0	42	0.00	0.00	64.96	7.42	0.00	0.00	2000
236	11.15	2103	2110	0.00	204	0	0	0	nan	0.00	0.00	5.21	84.10	88.85	0.00	38	0	42	0.00	0.00	64.76	7.58	0.00	0.00	2000
231	11.01	2081	2115	0.00	199	0	0	0	nan	0.01	0.00	5.35	84.37	88.99	0.00	38	0	42	0.00	0.00	66.47	7.72	0.00	0.00	2000
232	10.99	2134	2073	0.00	198	0	0	0	nan	0.00	0.02	4.09	83.76	89.01	0.00	38	0	42	0.00	0.00	63.36	7.35	0.00	0.00	2000
233	11.15	2068	2120	0.00	214	0	0	0	nan	0.00	0.00	4.42	85.42	88.85	0.00	38	0	42	0.00	0.00	65.18	7.78	0.00	0.00	2000
227	11.43	2080	2001	0.00	199	0	0	0	nan	0.00	0.00	5.41	79.05	88.57	0.00	37	0	42	0.00	0.00	61.39	7.09	0.00	0.00	2000
236	10.73	2086	2216	0.00	219	0	0	0	nan	0.00	0.00	7.09	87.21	89.27	0.00	37	0	42	0.00	0.00	73.51	8.54	0.00	0.00	2000
231	10.78	2153	2087	0.00	201	0	0	0	nan	0.00	0.03	3.57	85.12	89.22	0.00	37	0	42	0.00	0.00	65.62	7.72	0.00	0.00	2000
231	11.17	2059	2111	0.00	199	0	0	0	nan	0.00	0.00	3.41	85.91	88.83	0.00	38	0	42	0.00	0.00	64.93	7.40	0.00	0.00	2000
225	10.96	2085	2071	0.00	199	0	0	0	nan	0.00	0.00	4.57	83.30	89.04	0.00	38	0	42	0.00	0.00	65.43	7.58	0.00	0.00	2000
229	11.30	2066	2058	0.00	198	0	0	0	nan	0.01	0.02	3.49	83.46	88.70	0.00	38	0	42	0.00	0.00	60.86	7.11	0.00	0.00	2000
235	10.89	2088	2168	0.00	218	0	0	0	nan	0.00	0.03	6.34	85.70	89.11	0.00	39	0	42	0.00	0.00	67.68	7.90	0.00	0.00	2000
232	11.08	2087	2110	0.00	200	0	0	0	nan	0.00	0.02	4.95	84.46	88.92	0.00	39	0	42	0.00	0.00	66.13	7.69	0.00	0.00	2000
228	10.81	2121	2091	0.29	199	0	0	11	81.13	0.00	0.00	5.09	83.68	89.19	0.00	39	0	42	0.00	0.00	65.71	7.59	0.00	0.00	2000
226	10.86	2075	2106	0.35	200	0	0	3	84.85	0.00	0.00	3.76	85.75	89.14	0.00	38	0	42	0.00	0.00	64.67	7.50	0.00	0.00	2000
232	11.15	2087	2092	0.00	283	0	0	0	nan	0.00	0.00	4.66	83.97	88.85	0.00	39	0	42	0.00	0.00	64.75	7.39	0.00	0.00	2000
230	11.50	2096	2001	0.00	220	0	0	0	nan	0.00	0.00	5.62	78.73	88.50	0.00	38	0	42	0.00	0.00	58.09	6.86	0.00	0.00	2000
238	10.62	2117	2224	0.00	236	0	0	0	nan	0.00	0.00	7.00	87.78	89.38	0.00	37	0	43	0.00	0.00	74.55	8.71	0.00	0.00	2000
229	11.31	2039	2087	0.00	199	0	0	0	nan	0.00	0.00	4.43	83.78	88.69	0.00	38	0	42	0.00	0.00	65.74	7.53	0.00	0.00	2000
235	10.95	2131	2119	0.00	216	0	0	0	nan	0.00	0.04	3.54	86.28	89.05	0.00	37	0	42	0.00	0.00	64.27	7.74	0.00	0.00	2000
229	10.88	2117	2091	0.00	182	0	0	0	nan	0.00	0.03	4.45	84.32	89.12	0.00	38	0	42	0.00	0.00	65.93	7.97	0.00	0.00	2000
230	10.74	2157	2090	0.00	199	0	0	0	nan	0.00	1.11	2.24	85.51	89.26	0.00	38	0	42	0.00	0.00	59.48	7.36	0.00	0.00	2000
233	11.14	2094	2098	0.00	205	0	0	0	nan	0.01	0.40	2.00	86.44	88.86	0.00	38	0	42	0.00	0.00	70.39	7.92	0.00	0.00	2000
232	11.10	2077	2109	0.00	200	0	0	0	nan	0.00	1.50	5.04	82.90	88.90	0.00	38	0	42	0.00	0.00	64.33	7.72	0.00	0.00	2000
230	10.64	2169	2096	0.00	213	0	0	0	nan	0.00	0.45	7.24	81.36	89.36	0.00	38	0	42	0.00	0.00	63.79	7.69	0.00	0.00	2000
230	11.23	2048	2104	0.00	198	0	0	0	nan	0.00	0.00	6.40	82.64	88.77	0.00	38	0	42	0.00	0.00	64.73	7.75	0.00	0.00	2000
230	11.31	2030	2104	0.00	199	0	0	0	nan	0.00	0.00	6.02	82.99	88.69	0.00	38	0	42	0.00	0.00	64.67	7.61	0.00	0.00	2000
236	11.28	2081	2109	0.00	204	0	0	0	nan	0.00	0.00	6.57	82.54	88.72	0.00	38	0	43	0.00	0.00	64.64	7.73	0.00	0.00	2000
230	11.20	2054	2102	0.00	200	0	0	0	nan	0.00	0.00	6.16	82.81	88.80	0.00	38	0	42	0.00	0.00	65.06	7.70	0.00	0.00	2000
228	10.87	2101	2100	0.00	198	0	0	1	78.43	0.00	0.00	4.65	84.48	89.13	0.00	38	0	42	0.00	0.00	67.12	8.07	0.00	0.00	2000
230	11.23	2051	2100	0.90	199	0	0	4	66.45	0.00	0.01	4.31	84.53	88.77	0.00	38	0	42	0.00	0.00	64.85	7.77	0.00	0.00	2000
231	11.15	2077	2094	0.02	198	0	0	0	nan	0.00	0.00	3.79	84.94	88.85	0.00	38	0	42	0.00	0.00	62.36	7.28	0.00	0.00	2000
244	11.87	2084	2074	0.00	228	0	0	0	nan	0.02	0.00	7.20	79.84	88.13	0.00	39	0	42	0.00	0.00	66.36	8.69	0.00	0.00	2000
230	10.94	2126	2077	0.00	199	0	0	0	nan	0.00	0.00	4.85	83.17	89.06	0.00	39	0	42	0.00	0.00	67.84	8.42	0.00	0.00	2000
228	10.57	2121	2132	0.00	215	0	0	0	nan	0.00	0.02	3.78	86.96	89.43	0.00	39	0	42	0.00	0.00	66.00	9.17	0.00	0.00	2000
232	10.91	2102	2121	0.00	201	0	0	0	nan	0.00	0.03	3.35	86.63	89.09	0.00	38	0	42	0.00	0.00	67.37	8.90	0.00	0.00	2000
227	11.26	2056	2062	0.00	201	0	0	0	nan	0.00	0.03	3.11	84.03	88.74	0.00	38	0	42	0.00	0.00	64.35	8.17	0.00	0.00	2000
229	11.09	2074	2095	0.00	222	0	0	0	nan	0.00	0.93	4.30	83.58	88.91	0.00	39	0	42	0.00	0.00	69.51	8.61	0.00	0.00	2000
227	10.57	2127	2125	0.00	215	0	0	0	nan	0.00	0.00	6.10	84.39	89.43	0.00	39	0	42	0.00	0.00	65.91	9.19	0.00	0.00	2000
229	10.82	2108	2109	0.00	198	0	0	0	nan	0.00	0.00	4.82	84.83	89.18	0.00	39	0	42	0.00	0.00	66.56	8.68	0.00	0.00	2000
233	10.95	2103	2122	0.00	198	0	0	0	nan	0.00	0.04	4.86	85.09	89.05	0.00	39	0	42	0.00	0.00	68.35	9.04	0.00	0.00	2000
232	10.89	2138	2090	0.00	203	0	0	0	nan	0.00	0.00	5.79	82.98	89.11	0.00	39	0	42	0.00	0.00	66.87	8.54	0.00	0.00	2000
227	10.87	2088	2102	0.00	198	0	0	0	nan	0.00	0.00	6.40	82.80	89.14	0.00	39	0	42	0.00	0.00	66.67	8.72	0.00	0.00	2000
234	11.14	2126	2076	0.00	215	0	0	0	nan	0.00	0.00	8.23	79.66	88.86	0.00	38	0	42	0.00	0.00	65.75	8.60	0.00	0.00	2000
228	11.26	2051	2075	0.00	198	0	0	0	nan	0.00	0.00	4.50	83.23	88.74	0.00	39	0	42	0.00	0.00	64.49	8.66	0.00	0.00	2000
233	10.70	2134	2144	0.00	214	0	0	0	nan	0.00	0.00	4.07	87.10	89.30	0.00	39	0	42	0.00	0.00	70.18	9.10	0.00	0.00	2000
231	11.02	2094	2104	0.00	201	0	0	16	10.27	0.00	0.00	3.06	86.15	88.98	0.00	39	0	43	0.00	0.00	67.40	8.98	0.00	0.00	2000
231	10.89	2113	2106	1.52	195	0	0	26	9.05	0.00	0.00	3.90	85.47	89.11	0.00	38	0	42	0.00	0.00	66.67	8.92	0.00	0.00	2000
228	11.29	2059	2056	0.00	196	0	0	0	nan	0.00	0.02	2.61	84.16	88.71	0.00	38	0	42	0.00	0.00	64.23	8.32	0.00	0.00	2000
226	10.59	2114	2120	0.00	210	0	0	0	nan	0.00	0.00	2.78	87.55	89.41	0.00	39	0	42	0.00	0.00	68.87	9.15	0.00	0.00	2000
232	11.34	2056	2085	0.00	195	0	0	0	nan	0.00	0.02	2.26	85.87	88.66	0.00	39	0	43	0.00	0.00	64.33	8.11	0.00	0.00	2000
224	10.76	2124	2053	0.00	213	0	0	0	nan	0.00	0.01	2.65	84.65	89.24	0.00	37	0	42	0.00	0.00	60.33	7.14	0.00	0.00	2000
151	8.20	1773	2181	0.00	231	0	0	0	nan	0.00	0.00	3.47	91.92	91.80	0.00	37	0	42	0.00	0.00	69.22	8.34	0.00	0.00	2000
109	7.49	1444	2109	0.00	210	0	0	0	nan	0.00	0.02	4.62	88.16	92.51	0.00	37	0	42	0.00	0.00	61.92	7.76	0.00	0.00	2000
76	6.31	1212	2089	0.00	193	0	0	0	nan	0.00	0.00	3.25	89.80	93.69	0.00	37	0	42	0.00	0.00	57.14	7.04	0.00	0.00	2000
73	6.62	1106	2096	0.00	195	0	0	0	nan	0.00	0.01	3.48	89.63	93.38	0.00	37	0	42	0.00	0.00	59.54	7.76	0.00	0.00	2000
87	7.31	1169	2134	0.00	130	0	0	0	nan	0.00	0.00	6.39	87.80	92.69	0.00	37	0	42	0.00	0.00	61.73	7.76	0.00	0.00	2000
