Avg_MHz	Busy%	Bzy_MHz	TSC_MHz	IPC	IRQ	NMI	SMI	LLCMRPS	LLC%hit	POLL%	C1%	C1E%	C6%	CPU%c1	CPU%c6	CoreTmp	CoreThr	PkgTmp	Pkg%pc2	Pkg%pc6	PkgWatt	RAMWatt	PKG_%	RAM_%	UncMHz
291	15.29	1854	2158	0.00	288	0	0	0	nan	0.00	0.00	23.47	63.60	84.71	0.00	38	0	42	0.00	0.00	68.82	8.07	0.00	0.00	2000
359	16.38	2170	2123	0.00	222	0	0	0	nan	0.02	1.31	23.87	59.63	83.62	0.00	37	0	42	0.00	0.00	67.65	7.60	0.00	0.00	2000
77	7.03	1108	2080	0.00	193	0	0	0	nan	0.00	0.00	7.16	84.94	92.97	0.00	37	0	42	0.00	0.00	59.31	7.50	0.00	0.00	2000
73	6.52	1112	2117	0.00	195	0	0	0	nan	0.00	0.00	1.98	92.13	93.48	0.00	37	0	42	0.00	0.00	57.96	7.38	0.00	0.00	2000
73	6.73	1083	2115	0.00	209	0	0	0	nan	0.00	0.02	2.83	91.14	93.27	0.00	37	0	42	0.00	0.00	58.08	7.41	0.00	0.00	2000
73	6.57	1113	2091	0.00	194	0	0	0	nan	0.00	0.02	2.86	90.10	93.43	0.00	37	0	42	0.00	0.00	59.24	7.51	0.00	0.00	2000
74	6.62	1120	2105	0.00	177	0	0	0	nan	0.02	0.00	2.96	90.66	93.38	0.00	37	0	42	0.00	0.00	58.84	7.46	0.00	0.00	2000
72	6.68	1082	2088	0.00	210	0	0	0	nan	0.00	0.00	3.01	89.67	93.32	0.00	37	0	42	0.00	0.00	57.67	7.31	0.00	0.00	2000
71	6.96	1026	2085	0.00	193	0	0	0	nan	0.00	0.00	3.65	88.74	93.04	0.00	37	0	42	0.00	0.00	58.04	7.49	0.00	0.00	2000
73	6.51	1100	2129	0.00	193	0	0	0	nan	0.00	0.01	1.74	92.95	93.49	0.00	37	0	42	0.00	0.00	61.96	7.67	0.00	0.00	2000
72	6.50	1113	2078	0.00	193	0	0	0	nan	0.00	0.00	2.70	89.92	93.50	0.00	37	0	42	0.00	0.00	55.66	6.90	0.00	0.00	2000
79	7.13	1095	2116	0.00	194	0	0	0	nan	0.00	0.05	3.03	90.54	92.87	0.00	37	0	42	0.00	0.00	60.43	7.61	0.00	0.00	2000
72	6.78	1065	2102	0.00	209	0	0	0	nan	0.00	0.00	2.96	90.36	93.22	0.00	37	0	42	0.00	0.00	57.70	7.42	0.00	0.00	2000
72	6.73	1079	2090	0.00	194	0	0	0	nan	0.00	0.00	3.35	89.57	93.27	0.00	37	0	42	0.00	0.00	58.80	7.39	0.00	0.00	2000
74	6.57	1114	2114	0.00	193	0	0	0	nan	0.00	0.00	4.13	90.03	93.43	0.00	37	0	42	0.00	0.00	59.21	7.60	0.00	0.00	2000
72	6.68	1085	2095	0.00	182	0	0	1	88.51	0.00	0.00	3.89	89.16	93.32	0.00	37	0	42	0.00	0.00	58.82	7.32	0.00	0.00	2000
74	6.78	1088	2107	0.29	210	0	0	2	89.22	0.00	0.01	2.88	90.61	93.22	0.00	37	0	42	0.00	0.00	57.66	7.06	0.00	0.00	2000
72	6.41	1131	2091	0.00	194	0	0	0	nan	0.00	0.00	3.28	89.85	93.59	0.00	37	0	42	0.00	0.00	59.49	7.47	0.00	0.00	2000
169	9.28	1821	2094	0.00	211	0	0	0	nan	0.00	0.00	5.72	84.72	90.72	0.00	38	0	42	0.00	0.00	63.82	7.61	0.00	0.00	2000
230	11.10	2067	2109	0.00	204	0	0	0	nan	0.00	0.00	3.25	86.15	88.90	0.00	40	0	42	0.00	0.00	65.34	7.39	0.00	0.00	2000
231	11.22	2077	2082	0.00	230	0	0	0	nan	0.00	0.01	4.44	83.63	88.78	0.00	40	0	42	0.00	0.00	59.87	7.23	0.00	0.00	2000
231	11.25	2043	2113	0.00	204	0	0	0	nan	0.00	0.00	5.32	84.00	88.75	0.00	40	0	42	0.00	0.00	68.82	7.32	0.00	0.00	2000
235	11.22	2095	2102	0.00	196	0	0	0	nan	0.00	0.54	5.35	83.14	88.78	0.00	38	0	42	0.00	0.00	65.80	7.55	0.00	0.00	2000
236	10.81	2166	2113	0.00	201	0	0	0	nan	0.00	0.00	5.91	83.81	89.19	0.00	37	0	42	0.00	0.00	65.58	7.57	0.00	0.00	2000
227	11.57	2069	1989	0.00	197	0	0	0	nan	0.00	0.01	5.31	78.55	88.43	0.00	37	0	42	0.00	0.00	61.62	7.08	0.00	0.00	2000
233	10.66	2068	2217	0.00	232	0	0	0	nan	0.00	0.00	5.97	88.44	89.34	0.00	37	0	42	0.00	0.00	72.19	8.47	0.00	0.00	2000
235	11.24	2073	2117	0.00	196	0	0	0	nan	0.00	0.02	5.01	84.55	88.76	0.00	37	0	42	0.00	0.00	65.83	7.60	0.00	0.00	2000
230	11.08	2083	2094	0.00	196	0	0	0	nan	0.00	0.03	4.61	84.21	88.92	0.00	37	0	42	0.00	0.00	63.80	7.28	0.00	0.00	2000
228	11.28	2031	2093	0.00	199	0	0	0	nan	0.00	0.00	4.16	84.36	88.72	0.00	38	0	42	0.00	0.00	66.29	7.50	0.00	0.00	2000
229	10.78	2151	2074	0.00	198	0	0	0	nan	0.00	0.02	4.17	84.04	89.22	0.00	38	0	42	0.00	0.00	62.29	7.04	0.00	0.00	2000
228	11.18	2072	2063	0.00	205	0	0	0	nan	0.00	0.00	2.24	85.10	88.82	0.00	38	0	42	0.00	0.00	62.53	7.11	0.00	0.00	2000
231	10.82	2076	2159	0.00	214	0	0	0	nan	0.00	0.02	3.16	88.61	89.18	0.00	39	0	42	0.00	0.00	68.04	7.79	0.00	0.00	2000
233	10.99	2106	2113	0.00	197	0	0	10	95.83	0.00	1.01	4.61	83.94	89.01	0.00	38	0	42	0.00	0.00	66.22	7.55	0.00	0.00	2000
229	11.16	2055	2102	0.66	198	0	0	7	94.30	0.00	0.52	6.09	82.40	88.84	0.00	38	0	42	0.00	0.00	65.42	7.43	0.00	0.00	2000
234	11.08	2124	2092	0.00	201	0	0	0	nan	0.01	0.58	3.91	84.12	88.92	0.00	38	0	42	0.00	0.00	64.72	7.22	0.00	0.00	2000
229	10.93	2087	2104	0.00	197	0	0	0	nan	0.00	0.45	6.37	82.35	89.07	0.00	39	0	42	0.00	0.00	64.87	7.41	0.00	0.00	2000
227	11.35	2009	2094	0.00	194	0	0	0	nan	0.00	0.00	5.80	82.64	88.65	0.00	39	0	42	0.00	0.00	65.05	7.48	0.00	0.00	2000
231	11.10	2073	2111	0.00	196	0	0	0	nan	0.00	0.02	4.43	85.02	88.90	0.00	39	0	42	0.00	0.00	64.58	7.42	0.00	0.00	2000
230	11.10	2077	2096	0.00	197	0	0	0	nan	0.00	0.02	5.03	83.81	88.90	0.00	39	0	42	0.00	0.00	66.27	7.51	0.00	0.00	2000
229	10.98	2105	2080	0.00	198	0	0	0	nan	0.00	0.00	6.32	81.89	89.02	0.00	39	0	42	0.00	0.00	64.47	7.39	0.00	0.00	2000
228	11.00	2097	2075	0.00	204	0	0	0	nan	0.00	0.00	6.90	81.15	89.00	0.00	39	0	42	0.00	0.00	63.86	7.17	0.00	0.00	2000
233	11.09	2099	2101	0.00	196	0	0	0	nan	0.00	0.00	4.77	84.12	88.91	0.00	39	0	42	0.00	0.00	63.73	7.27	0.00	0.00	2000
227	10.95	2113	2065	0.00	214	0	0	0	nan	0.00	0.01	5.09	82.48	89.05	0.00	37	0	42	0.00	0.00	62.47	7.29	0.00	0.00	2000
236	11.01	2052	2191	0.00	237	0	0	0	nan	0.00	0.00	6.08	86.87	88.99	0.00	38	0	42	0.00	0.00	72.00	8.08	0.00	0.00	2000
230	11.24	2046	2101	0.00	196	0	0	0	nan	0.00	0.00	6.09	82.70	88.76	0.00	38	0	42	0.00	0.00	64.30	7.16	0.00	0.00	2000
230	10.86	2123	2098	0.00	198	0	0	0	nan	0.00	0.55	4.57	84.00	89.14	0.00	39	0	42	0.00	0.00	67.31	7.60	0.00	0.00	2000
231	11.35	2033	2098	0.00	198	0	0	0	nan	0.00	0.02	6.01	82.55	88.65	0.00	39	0	42	0.00	0.00	64.60	7.39	0.00	0.00	2000
230	11.17	2057	2100	0.00	199	0	0	0	nan	0.00	0.00	5.93	82.94	88.83	0.00	39	0	42	0.00	0.00	66.25	7.74	0.00	0.00	2000
229	11.05	2105	2066	0.00	203	0	0	0	nan	0.00	0.01	7.50	80.08	88.95	0.00	38	0	42	0.00	0.00	62.46	7.16	0.00	0.00	2000
235	11.20	2060	2137	0.10	195	0	0	10	72.28	0.00	0.00	5.50	84.90	88.80	0.00	39	0	42	0.00	0.00	66.35	7.53	0.00	0.00	2000
230	11.13	2074	2092	0.77	200	0	0	4	77.15	0.00	0.00	4.81	83.75	88.87	0.00	38	0	42	0.00	0.00	65.11	7.46	0.00	0.00	2000
226	11.32	2066	2032	0.00	197	0	0	0	nan	0.00	0.00	3.51	82.32	88.68	0.00	37	0	42	0.00	0.00	58.44	6.59	0.00	0.00	2000
238	10.98	2082	2191	0.00	253	0	0	0	nan	0.04	0.02	6.76	86.30	89.02	0.00	38	0	42	0.00	0.00	74.96	8.62	0.00	0.00	2000
226	10.99	2059	2096	0.00	196	0	0	0	nan	0.00	0.00	8.73	80.21	89.01	0.00	38	0	42	0.00	0.00	65.19	7.49	0.00	0.00	2000
223	10.93	2038	2103	0.00	195	0	0	0	nan	0.00	0.00	5.72	83.57	89.07	0.00	39	0	42	0.00	0.00	64.04	7.70	0.00	0.00	2000
532	24.94	2410	1859	0.00	212	0	0	0	nan	0.00	0.03	4.40	62.14	75.06	0.00	40	0	42	0.00	0.00	66.20	7.92	0.00	0.00	2000
693	27.28	2500	2133	0.00	266	0	0	0	nan	0.00	0.01	4.34	69.65	72.72	0.00	41	0	42	0.00	0.00	82.17	8.16	0.00	0.00	2000
696	27.93	2500	2094	0.00	232	0	0	0	nan	0.01	0.03	3.73	68.24	72.07	0.00	41	0	42	0.00	0.00	77.22	7.51	0.00	0.00	2000
689	27.51	2500	2102	0.00	265	0	0	0	nan	0.00	0.01	4.03	68.65	72.49	0.00	41	0	42	0.00	0.00	78.74	7.65	0.00	0.00	2000
690	27.65	2500	2096	0.00	232	0	0	0	nan	0.00	0.00	6.62	65.71	72.35	0.00	42	0	42	0.00	0.00	78.87	7.74	0.00	0.00	2000
689	27.51	2500	2104	0.00	267	0	0	0	nan	0.00	0.00	5.95	66.81	72.49	0.00	42	0	42	0.00	0.00	79.22	7.63	0.00	0.00	2000
690	27.64	2500	2096	0.00	229	0	0	0	nan	0.00	0.00	5.97	66.37	72.36	0.00	42	0	42	0.00	0.00	78.77	7.67	0.00	0.00	2000
689	27.49	2500	2105	0.00	266	0	0	0	nan	0.00	0.00	5.80	67.02	72.51	0.00	42	0	42	0.00	0.00	79.29	7.81	0.00	0.00	2000
689	27.64	2500	2095	0.00	231	0	0	0	nan	0.00	0.00	5.52	66.79	72.36	0.00	42	0	42	0.00	0.00	78.90	7.79	0.00	0.00	2000
688	27.47	2500	2104	1.44	264	0	0	122	91.09	0.00	0.00	5.62	67.17	72.53	0.00	42	0	42	0.00	0.00	79.40	7.70	0.00	0.00	2000
692	27.71	2500	2097	0.32	228	0	0	0	nan	0.00	0.00	4.95	67.37	72.29	0.00	42	0	42	0.00	0.00	78.64	7.57	0.00	0.00	2000
688	27.49	2500	2103	0.00	265	0	0	0	nan	0.00	0.00	5.82	66.94	72.51	0.00	42	0	42	0.00	0.00	78.56	7.66	0.00	0.00	2000
690	27.64	2500	2096	0.00	228	0	0	0	nan	0.00	0.00	4.95	67.42	72.36	0.00	42	0	42	0.00	0.00	78.65	7.68	0.00	0.00	2000
688	27.48	2500	2104	0.00	266	0	0	0	nan	0.00	0.05	3.67	69.08	72.52	0.00	42	0	42	0.00	0.00	78.50	7.76	0.00	0.00	2000
689	27.64	2500	2096	0.00	229	0	0	0	nan	0.00	0.81	5.51	66.04	72.36	0.00	42	0	42	0.00	0.00	78.45	7.82	0.00	0.00	2000
688	27.47	2500	2105	0.00	266	0	0	0	nan	0.00	0.00	5.60	67.22	72.53	0.00	42	0	42	0.00	0.00	78.32	7.93	0.00	0.00	2000
688	27.59	2500	2095	0.00	229	0	0	0	nan	0.00	0.00	6.15	66.22	72.41	0.00	42	0	42	0.00	0.00	78.39	7.68	0.00	0.00	2000
690	27.51	2500	2105	0.00	265	0	0	0	nan	0.00	0.00	5.38	67.43	72.49	0.00	42	0	42	0.00	0.00	78.44	7.75	0.00	0.00	2000
687	27.54	2500	2095	0.00	228	0	0	0	nan	0.00	0.00	5.74	66.68	72.46	0.00	42	0	42	0.00	0.00	76.29	7.59	0.00	0.00	2000
691	27.59	2500	2105	0.00	266	0	0	0	nan	0.00	0.00	5.43	67.30	72.41	0.00	42	0	42	0.00	0.00	81.13	7.56	0.00	0.00	2000
688	27.59	2500	2095	0.00	233	0	0	0	nan	0.00	0.00	6.51	65.86	72.41	0.00	42	0	42	0.00	0.00	78.47	7.70	0.00	0.00	2000
690	27.55	2500	2105	0.00	268	0	0	0	nan	0.00	0.00	5.89	66.84	72.45	0.00	42	0	42	0.00	0.00	78.57	7.79	0.00	0.00	2000
686	27.53	2500	2094	0.00	229	0	0	12	90.10	0.00	0.00	5.07	67.33	72.47	0.00	42	0	42	0.00	0.00	78.55	7.60	0.00	0.00	2000
692	27.59	2500	2106	1.75	266	0	0	110	92.12	0.00	0.01	4.96	67.77	72.41	0.00	42	0	42	0.00	0.00	73.92	7.68	0.00	0.00	2000
688	27.59	2500	2096	0.00	230	0	0	0	nan	0.00	0.02	4.67	67.72	72.42	0.00	42	0	43	0.00	0.00	83.63	7.97	0.00	0.00	2000
634	28.72	2500	1855	0.00	262	0	0	0	nan	0.00	0.37	5.14	57.56	71.28	0.00	42	0	42	0.00	0.00	69.14	6.65	0.00	0.00	2000
246	9.83	1970	2668	0.00	303	0	0	0	nan	0.00	2.38	13.15	99.26	90.17	0.00	39	0	42	0.00	0.00	86.70	9.84	0.00	0.00	2000
114	8.36	1336	2135	0.00	241	0	0	0	nan	0.00	0.00	11.14	82.18	91.64	0.00	38	0	42	0.00	0.00	59.53	7.43	0.00	0.00	2000
