Avg_MHz	Busy%	Bzy_MHz	TSC_MHz	IPC	IRQ	NMI	SMI	LLCMRPS	LLC%hit	POLL%	C1%	C1E%	C6%	CPU%c1	CPU%c6	CoreTmp	CoreThr	PkgTmp	Pkg%pc2	Pkg%pc6	PkgWatt	RAMWatt	PKG_%	RAM_%	UncMHz
276	13.79	2036	2062	0.00	228	0	0	0	nan	0.00	0.73	29.65	54.15	86.21	0.00	38	0	42	0.00	0.00	61.26	7.42	0.00	0.00	2000
420	17.76	2257	2201	0.00	256	0	0	0	nan	0.05	1.16	19.79	65.44	82.24	0.00	38	0	42	0.00	0.00	76.12	8.31	0.00	0.00	2000
79	6.49	1214	2107	0.00	196	0	0	0	nan	0.00	0.16	12.49	81.14	93.51	0.00	37	0	42	0.00	0.00	58.36	7.45	0.00	0.00	2000
73	6.61	1113	2093	0.00	193	0	0	0	nan	0.00	0.00	3.50	89.53	93.39	0.00	37	0	42	0.00	0.00	58.90	7.44	0.00	0.00	2000
74	6.12	1203	2110	0.00	195	0	0	0	nan	0.00	0.00	3.49	90.67	93.88	0.00	37	0	42	0.00	0.00	58.74	7.39	0.00	0.00	2000
71	6.59	1092	2063	0.00	195	0	0	0	nan	0.00	0.02	3.79	87.98	93.41	0.00	37	0	42	0.00	0.00	56.59	7.19	0.00	0.00	2000
75	6.55	1135	2119	0.00	195	0	0	0	nan	0.00	0.00	1.89	92.35	93.45	0.00	37	0	42	0.00	0.00	58.94	7.54	0.00	0.00	2000
74	6.56	1116	2122	0.00	193	0	0	0	nan	0.00	0.03	2.22	92.08	93.44	0.00	37	0	42	0.00	0.00	59.59	7.67	0.00	0.00	2000
74	6.81	1103	2068	0.00	193	0	0	0	nan	0.00	0.00	3.27	88.49	93.19	0.00	37	0	42	0.00	0.00	58.43	7.54	0.00	0.00	2000
73	6.55	1104	2131	0.00	194	0	0	0	nan	0.00	0.02	2.37	92.42	93.45	0.00	37	0	42	0.00	0.00	59.83	7.47	0.00	0.00	2000
74	6.18	1198	2096	0.00	194	0	0	0	nan	0.00	0.00	3.11	90.40	93.82	0.00	37	0	42	0.00	0.00	59.28	7.39	0.00	0.00	2000
72	6.52	1108	2102	0.00	193	0	0	0	nan	0.00	0.00	2.85	90.57	93.48	0.00	37	0	42	0.00	0.00	59.06	7.37	0.00	0.00	2000
71	6.44	1118	2071	0.00	193	0	0	0	nan	0.00	0.00	2.68	89.56	93.56	0.00	37	0	42	0.00	0.00	56.90	7.33	0.00	0.00	2000
73	6.34	1133	2137	0.00	192	0	0	0	nan	0.00	0.02	1.97	93.20	93.66	0.00	37	0	42	0.00	0.00	59.48	7.59	0.00	0.00	2000
80	6.45	1247	2098	0.00	194	0	0	0	nan	0.00	0.02	3.32	90.07	93.55	0.00	37	0	42	0.00	0.00	59.99	7.54	0.00	0.00	2000
73	6.27	1180	2084	0.00	196	0	0	0	nan	0.00	0.00	3.89	89.10	93.73	0.00	37	0	42	0.00	0.00	57.58	7.29	0.00	0.00	2000
74	6.50	1129	2107	0.30	193	0	0	0	79.46	0.00	0.00	4.08	89.63	93.50	0.00	37	0	42	0.00	0.00	60.61	7.83	0.00	0.00	2000
74	6.14	1205	2099	0.17	196	0	0	0	nan	0.00	0.00	4.87	88.87	93.86	0.00	36	0	42	0.00	0.00	54.14	7.03	0.00	0.00	2000
127	8.17	1584	2054	0.00	206	0	0	0	nan	0.00	0.71	5.34	83.69	91.83	0.00	37	0	42	0.00	0.00	59.78	7.39	0.00	0.00	2000
231	10.94	2082	2126	0.00	199	0	0	0	nan	0.00	0.00	6.67	83.55	89.06	0.00	37	0	42	0.00	0.00	67.61	7.62	0.00	0.00	2000
234	11.02	2114	2113	0.00	198	0	0	0	nan	0.00	0.07	2.87	86.72	88.98	0.00	37	0	42	0.00	0.00	64.88	7.43	0.00	0.00	2000
232	10.87	2117	2118	0.00	201	0	0	0	nan	0.01	0.01	1.48	88.41	89.13	0.00	37	0	42	0.00	0.00	63.93	7.69	0.00	0.00	2000
232	11.41	2106	2030	0.00	203	0	0	0	nan	0.00	0.16	4.63	80.98	88.59	0.00	37	0	42	0.00	0.00	65.59	7.33	0.00	0.00	2000
234	10.51	2149	2173	0.00	214	0	0	0	nan	0.00	0.76	8.21	83.70	89.49	0.00	38	0	42	0.00	0.00	65.05	7.75	0.00	0.00	2000
230	11.19	2058	2095	0.00	198	0	0	0	nan	0.01	0.00	5.96	82.65	88.81	0.00	38	0	42	0.00	0.00	70.54	8.31	0.00	0.00	2000
231	11.16	2078	2093	0.00	197	0	0	0	nan	0.00	0.02	6.99	81.64	88.84	0.00	37	0	42	0.00	0.00	63.11	7.56	0.00	0.00	2000
233	10.90	2127	2108	0.00	198	0	0	0	nan	0.00	0.00	6.59	82.84	89.10	0.00	38	0	42	0.00	0.00	63.50	7.68	0.00	0.00	2000
233	10.78	2161	2100	0.00	204	0	0	0	nan	0.00	0.00	7.70	81.50	89.22	0.00	38	0	42	0.00	0.00	66.07	7.82	0.00	0.00	2000
228	10.84	2130	2072	0.00	182	0	0	0	nan	0.00	0.00	6.46	81.55	89.16	0.00	38	0	42	0.00	0.00	65.23	7.54	0.00	0.00	2000
230	11.22	2068	2084	0.00	197	0	0	0	nan	0.00	0.00	6.68	81.50	88.78	0.00	38	0	42	0.00	0.00	65.62	7.67	0.00	0.00	2000
233	10.63	2141	2148	0.00	214	0	0	0	nan	0.00	0.00	6.79	84.49	89.37	0.00	39	0	42	0.00	0.00	68.61	7.82	0.00	0.00	2000
223	11.30	2042	2026	0.00	199	0	0	0	nan	0.00	0.00	5.04	80.60	88.70	0.00	39	0	42	0.00	0.00	59.97	6.89	0.00	0.00	2000
237	10.94	2100	2170	0.00	220	0	0	0	nan	0.00	0.02	5.50	86.55	89.06	0.00	39	0	42	0.00	0.00	67.24	7.73	0.00	0.00	2000
227	10.83	2100	2095	0.67	198	0	0	17	97.67	0.00	0.00	7.32	81.70	89.17	0.00	39	0	42	0.00	0.00	62.77	7.26	0.00	0.00	2000
231	10.96	2102	2103	0.15	198	0	0	0	nan	0.00	0.00	4.44	84.75	89.04	0.00	39	0	42	0.00	0.00	64.93	7.62	0.00	0.00	2000
225	10.97	2074	2076	0.00	200	0	0	0	nan	0.00	0.00	6.30	81.81	89.03	0.00	39	0	42	0.00	0.00	65.49	7.69	0.00	0.00	2000
230	11.09	2071	2100	0.00	197	0	0	0	nan	0.00	0.02	4.37	84.64	88.91	0.00	39	0	42	0.00	0.00	66.69	7.66	0.00	0.00	2000
235	10.93	2126	2126	0.00	205	0	0	0	nan	0.00	0.00	4.31	85.92	89.07	0.00	39	0	42	0.00	0.00	64.61	7.56	0.00	0.00	2000
227	10.92	2110	2073	0.00	215	0	0	0	nan	0.00	0.00	6.47	81.52	89.08	0.00	39	0	42	0.00	0.00	62.56	7.37	0.00	0.00	2000
229	10.88	2079	2126	0.00	200	0	0	0	nan	0.00	0.00	7.80	82.52	89.12	0.00	39	0	42	0.00	0.00	65.73	7.59	0.00	0.00	2000
226	11.15	2062	2068	0.00	198	0	0	0	nan	0.00	0.00	6.75	80.85	88.85	0.00	40	0	42	0.00	0.00	65.24	7.33	0.00	0.00	2000
233	11.50	2050	2077	0.00	204	0	0	0	nan	0.00	0.00	6.02	81.64	88.50	0.00	39	0	42	0.00	0.00	65.99	8.20	0.00	0.00	2000
229	10.78	2072	2149	0.00	214	0	0	0	nan	0.01	0.00	6.74	84.63	89.22	0.00	39	0	42	0.00	0.00	62.98	7.42	0.00	0.00	2000
233	11.51	2097	2024	0.00	199	0	0	0	nan	0.00	0.00	4.53	80.81	88.49	0.00	38	0	42	0.00	0.00	62.90	7.30	0.00	0.00	2000
236	10.97	2072	2181	0.00	234	0	0	0	nan	0.00	0.00	7.65	84.93	89.03	0.00	38	0	42	0.00	0.00	69.81	8.42	0.00	0.00	2000
256	12.23	2086	2110	0.00	204	0	0	0	nan	0.00	0.07	4.81	83.40	87.77	0.00	39	0	42	0.00	0.00	68.08	8.40	0.00	0.00	2000
234	11.48	2032	2108	0.00	199	0	0	0	nan	0.00	0.00	4.17	84.85	88.52	0.00	39	0	42	0.00	0.00	65.56	8.03	0.00	0.00	2000
230	11.27	2102	2041	0.00	199	0	0	0	nan	0.00	0.46	4.06	81.78	88.73	0.00	39	0	42	0.00	0.00	59.35	7.14	0.00	0.00	2000
233	10.86	2081	2166	0.00	213	0	0	0	nan	0.00	1.00	7.63	83.49	89.14	0.00	39	0	42	0.00	0.00	68.63	8.25	0.00	0.00	2000
230	11.14	2069	2096	0.00	182	0	0	1	64.60	0.00	0.00	5.12	83.57	88.86	0.00	39	0	42	0.00	0.00	65.43	7.85	0.00	0.00	2000
238	11.46	2078	2099	0.48	202	0	0	4	61.09	0.00	0.44	6.65	81.59	88.54	0.00	39	0	42	0.00	0.00	64.79	7.96	0.00	0.00	2000
233	11.23	2069	2108	0.00	198	0	0	0	nan	0.00	0.01	6.26	82.94	88.77	0.00	39	0	42	0.00	0.00	67.04	8.02	0.00	0.00	2000
229	11.25	2088	2044	0.00	199	0	0	0	nan	0.00	0.00	6.06	80.46	88.75	0.00	40	0	42	0.00	0.00	62.02	7.38	0.00	0.00	2000
231	10.86	2083	2139	0.00	217	0	0	0	nan	0.00	0.02	6.10	84.69	89.14	0.00	40	0	42	0.00	0.00	64.64	7.53	0.00	0.00	2000
230	11.14	2062	2105	0.00	200	0	0	0	nan	0.00	0.00	6.22	82.90	88.86	0.00	40	0	42	0.00	0.00	65.63	7.67	0.00	0.00	2000
234	11.09	2094	2116	0.00	188	0	0	0	nan	0.00	0.00	6.38	83.30	88.91	0.00	40	0	42	0.00	0.00	66.89	7.86	0.00	0.00	2000
230	10.89	2122	2088	0.00	199	0	0	0	nan	0.00	0.00	6.75	81.95	89.11	0.00	40	0	42	0.00	0.00	65.22	7.69	0.00	0.00	2000
228	11.09	2091	2067	0.00	200	0	0	0	nan	0.00	0.03	4.75	82.83	88.91	0.00	40	0	42	0.00	0.00	60.04	7.02	0.00	0.00	2000
231	11.01	2054	2141	0.00	199	0	0	0	nan	0.00	0.07	3.87	86.92	88.99	0.00	40	0	42	0.00	0.00	68.07	8.04	0.00	0.00	2000
227	11.27	2038	2076	0.00	199	0	0	0	nan	0.01	0.00	5.57	82.24	88.73	0.00	40	0	42	0.00	0.00	63.34	7.24	0.00	0.00	2000
231	11.32	2047	2090	0.00	200	0	0	0	nan	0.00	0.02	6.17	82.15	88.68	0.00	41	0	42	0.00	0.00	63.47	7.62	0.00	0.00	2000
229	11.15	2031	2122	0.00	218	0	0	0	nan	0.00	0.00	7.19	82.70	88.85	0.00	40	0	42	0.00	0.00	64.36	7.50	0.00	0.00	2000
228	11.22	2036	2100	0.00	198	0	0	0	nan	0.00	0.00	7.21	81.57	88.78	0.00	40	0	42	0.00	0.00	64.78	7.64	0.00	0.00	2000
227	11.03	2057	2097	0.00	198	0	0	0	nan	0.00	0.00	7.10	81.87	88.97	0.00	40	0	42	0.00	0.00	64.17	7.41	0.00	0.00	2000
229	11.14	2061	2095	0.00	200	0	0	0	nan	0.00	0.00	6.87	81.77	88.86	0.00	40	0	42	0.00	0.00	64.77	7.49	0.00	0.00	2000
230	11.05	2065	2119	0.00	200	0	0	0	nan	0.00	0.00	7.51	82.35	88.95	0.00	40	0	42	0.00	0.00	64.66	7.68	0.00	0.00	2000
229	11.03	2082	2098	0.00	203	0	0	0	87.88	0.00	0.02	6.76	82.15	88.97	0.00	40	0	42	0.00	0.00	64.54	7.57	0.00	0.00	2000
229	11.12	2066	2092	0.78	198	0	0	5	94.54	0.00	0.00	6.75	81.94	88.88	0.00	40	0	42	0.00	0.00	64.64	7.90	0.00	0.00	2000
232	11.16	2060	2118	0.00	201	0	0	0	nan	0.00	0.00	8.16	81.58	88.84	0.00	41	0	42	0.00	0.00	65.90	7.87	0.00	0.00	2000
230	11.02	2140	2045	0.00	181	0	0	0	nan	0.00	0.00	5.58	81.18	88.98	0.00	41	0	42	0.00	0.00	63.48	7.61	0.00	0.00	2000
231	11.01	2064	2135	0.00	216	1	0	0	nan	0.00	0.01	7.79	82.65	88.99	0.00	40	0	42	0.00	0.00	64.83	7.58	0.00	0.00	2000
231	11.07	2096	2089	0.00	204	0	0	0	nan	0.00	0.00	6.50	82.04	88.93	0.00	41	0	42	0.00	0.00	64.48	7.37	0.00	0.00	2000
232	10.91	2092	2134	0.00	200	0	0	0	nan	0.00	0.00	8.38	82.21	89.09	0.00	40	0	42	0.00	0.00	66.08	7.91	0.00	0.00	2000
227	10.75	2168	2048	0.00	182	0	0	0	nan	0.00	0.91	5.01	81.25	89.25	0.00	40	0	42	0.00	0.00	60.72	7.11	0.00	0.00	2000
231	10.98	2058	2147	0.00	214	0	0	0	nan	0.00	0.01	7.85	83.20	89.02	0.00	41	0	42	0.00	0.00	67.51	7.81	0.00	0.00	2000
228	11.09	2080	2079	0.00	199	0	0	0	nan	0.00	0.00	5.37	82.74	88.91	0.00	41	0	42	0.00	0.00	64.67	7.53	0.00	0.00	2000
232	11.09	2079	2115	0.00	204	0	0	0	nan	0.00	0.28	8.15	81.15	88.91	0.00	41	0	42	0.00	0.00	65.27	7.58	0.00	0.00	2000
229	11.03	2090	2088	0.00	199	0	0	0	nan	0.00	0.00	7.15	81.39	88.97	0.00	41	0	42	0.00	0.00	64.77	7.55	0.00	0.00	2000
230	11.27	2038	2104	0.00	203	0	0	0	nan	0.00	0.00	7.70	81.28	88.74	0.00	40	0	42	0.00	0.00	64.76	7.62	0.00	0.00	2000
228	10.97	2075	2105	0.00	199	0	0	0	nan	0.00	0.00	7.52	81.83	89.03	0.00	41	0	42	0.00	0.00	64.59	7.51	0.00	0.00	2000
228	11.25	2032	2099	0.00	200	0	0	0	nan	0.03	0.01	5.58	83.22	88.75	0.00	41	0	42	0.00	0.00	64.14	7.63	0.00	0.00	2000
232	10.90	2121	2109	0.00	205	0	0	0	nan	0.01	1.07	7.27	81.21	89.10	0.00	41	0	42	0.00	0.00	67.01	7.67	0.00	0.00	2000
229	10.72	2168	2069	0.00	183	0	0	0	nan	0.00	0.04	4.40	83.41	89.28	0.00	41	0	42	0.00	0.00	63.63	7.41	0.00	0.00	2000
228	10.85	2075	2125	0.00	215	0	0	0	nan	0.00	0.00	6.17	84.15	89.15	0.00	40	0	42	0.00	0.00	64.53	7.48	0.00	0.00	2000
228	10.72	2118	2109	0.85	199	0	0	2	68.55	0.00	0.00	6.23	83.45	89.28	0.00	41	0	42	0.00	0.00	64.56	7.34	0.00	0.00	2000
229	11.32	2046	2078	0.29	199	0	0	0	nan	0.00	0.00	5.49	82.29	88.68	0.00	41	0	42	0.00	0.00	64.78	7.55	0.00	0.00	2000
232	10.86	2115	2121	0.00	198	0	0	0	nan	0.00	0.00	7.65	82.39	89.14	0.00	41	0	42	0.00	0.00	63.42	7.19	0.00	0.00	2000
228	10.99	2120	2057	0.00	191	0	0	0	nan	0.00	0.02	4.68	82.42	89.01	0.00	41	0	42	0.00	0.00	64.23	7.36	0.00	0.00	2000
230	10.80	2085	2140	0.00	214	0	0	0	nan	0.00	0.02	7.68	83.30	89.20	0.00	41	0	42	0.00	0.00	66.80	7.71	0.00	0.00	2000
231	11.19	2083	2077	0.00	201	0	0	0	nan	0.00	0.00	6.33	81.62	88.81	0.00	40	0	42	0.00	0.00	61.57	7.56	0.00	0.00	2000
231	10.84	2112	2120	0.00	199	0	0	0	nan	0.00	0.00	7.61	82.44	89.16	0.00	41	0	42	0.00	0.00	67.63	7.99	0.00	0.00	2000
229	11.18	2058	2087	0.00	199	0	0	0	nan	0.00	0.00	6.12	82.33	88.82	0.00	41	0	42	0.00	0.00	64.46	7.43	0.00	0.00	2000
231	11.03	2087	2111	0.00	204	0	0	0	nan	0.00	0.00	7.79	81.73	88.97	0.00	41	0	42	0.00	0.00	64.78	7.74	0.00	0.00	2000
230	11.29	2040	2098	0.00	199	0	0	0	nan	0.00	0.00	7.27	81.38	88.71	0.00	40	0	42	0.00	0.00	62.53	7.39	0.00	0.00	2000
230	11.15	2057	2108	0.00	199	0	0	0	nan	0.00	0.00	6.92	82.35	88.85	0.00	40	0	42	0.00	0.00	64.39	7.60	0.00	0.00	2000
228	10.96	2087	2095	0.00	199	0	0	0	nan	0.00	0.00	6.60	82.31	89.04	0.00	40	0	42	0.00	0.00	64.53	7.69	0.00	0.00	2000
228	11.09	2053	2103	0.00	198	0	0	0	nan	0.00	0.00	6.49	82.60	88.91	0.00	41	0	42	0.00	0.00	66.66	7.98	0.00	0.00	2000
236	11.50	2061	2087	0.00	205	0	0	0	nan	0.00	0.00	7.69	80.37	88.50	0.00	41	0	42	0.00	0.00	62.39	7.16	0.00	0.00	2000
230	10.57	2171	2103	0.00	201	0	0	0	nan	0.00	1.49	7.07	81.16	89.43	0.00	41	0	42	0.00	0.00	65.12	7.36	0.00	0.00	2000
227	11.10	2038	2105	0.00	199	0	0	0	nan	0.00	0.01	9.16	80.06	88.90	0.00	40	0	42	0.00	0.00	64.32	7.49	0.00	0.00	2000
229	11.08	2055	2111	0.00	199	0	0	0	nan	0.00	0.00	7.73	81.74	88.92	0.00	40	0	42	0.00	0.00	64.12	7.72	0.00	0.00	2000
227	11.01	2073	2090	0.40	199	0	0	3	87.35	0.00	0.00	6.09	82.61	88.99	0.00	40	0	42	0.00	0.00	64.29	7.43	0.00	0.00	2000
233	11.09	2090	2112	0.39	205	0	0	0	94.47	0.00	0.00	6.93	82.58	88.91	0.00	41	0	42	0.00	0.00	67.19	8.09	0.00	0.00	2000
229	10.81	2137	2079	0.00	199	0	0	0	nan	0.00	0.00	6.82	81.53	89.19	0.00	40	0	42	0.00	0.00	61.76	7.31	0.00	0.00	2000
229	11.08	2059	2108	0.00	198	0	0	0	nan	0.00	0.00	7.26	81.98	88.92	0.00	41	0	42	0.00	0.00	64.66	7.55	0.00	0.00	2000
228	10.92	2091	2098	0.00	199	0	0	0	nan	0.00	0.00	7.93	81.17	89.08	0.00	41	0	42	0.00	0.00	64.01	7.67	0.00	0.00	2000
230	10.94	2079	2122	0.00	200	0	0	0	nan	0.00	0.00	6.95	83.02	89.06	0.00	40	0	42	0.00	0.00	63.63	7.47	0.00	0.00	2000
230	11.17	2084	2076	0.00	184	0	0	0	nan	0.01	0.04	3.37	84.43	88.83	0.00	40	0	42	0.00	0.00	64.15	7.43	0.00	0.00	2000
229	11.07	2074	2093	0.00	202	0	0	0	nan	0.00	0.01	6.83	81.84	88.93	0.00	40	0	42	0.00	0.00	67.04	7.76	0.00	0.00	2000
228	10.81	2091	2120	0.00	199	0	0	0	nan	0.01	0.00	6.76	83.32	89.19	0.00	40	0	42	0.00	0.00	63.16	7.23	0.00	0.00	2000
230	10.51	2177	2114	0.00	200	0	0	0	nan	0.00	1.03	6.45	82.61	89.49	0.00	41	0	42	0.00	0.00	66.73	7.62	0.00	0.00	2000
226	11.39	2023	2059	0.00	198	0	0	0	nan	0.00	0.00	5.69	81.26	88.61	0.00	40	0	42	0.00	0.00	61.96	7.48	0.00	0.00	2000
231	11.17	2035	2139	0.00	199	0	0	0	nan	0.00	0.02	4.82	85.73	88.83	0.00	40	0	42	0.00	0.00	65.86	7.89	0.00	0.00	2000
230	11.27	2104	2033	0.00	203	0	0	0	nan	0.00	0.01	5.53	80.45	88.73	0.00	40	0	42	0.00	0.00	62.21	7.37	0.00	0.00	2000
232	11.07	2029	2172	0.00	215	0	0	0	nan	0.00	0.00	6.86	85.24	88.93	0.00	41	0	42	0.00	0.00	66.36	7.95	0.00	0.00	2000
229	10.91	2101	2097	0.00	182	0	0	0	nan	0.00	0.01	5.47	83.55	89.09	0.00	40	0	42	0.00	0.00	65.71	8.12	0.00	0.00	2000
230	11.40	2012	2103	0.00	200	0	0	0	nan	0.00	0.00	4.74	84.15	88.60	0.00	40	0	42	0.00	0.00	64.76	7.46	0.00	0.00	2000
229	11.03	2077	2102	0.00	197	0	0	0	nan	0.00	0.01	5.09	84.04	88.97	0.00	41	0	42	0.00	0.00	66.64	7.76	0.00	0.00	2000
235	11.19	2118	2082	0.15	204	0	0	10	63.93	0.00	0.00	5.71	82.48	88.81	0.00	40	0	42	0.00	0.00	62.28	7.42	0.00	0.00	2000
231	11.03	2079	2113	0.66	202	0	0	6	61.54	0.00	0.05	7.53	82.10	88.97	0.00	40	0	42	0.00	0.00	62.68	7.37	0.00	0.00	2000
230	10.91	2101	2103	0.00	199	0	0	0	nan	0.00	0.02	3.25	86.02	89.09	0.00	41	0	43	0.00	0.00	65.51	7.70	0.00	0.00	2000
229	10.59	2157	2101	0.00	183	0	0	0	nan	0.00	1.02	4.78	83.82	89.41	0.00	40	0	42	0.00	0.00	67.14	7.83	0.00	0.00	2000
229	10.90	2108	2095	0.00	199	0	0	0	nan	0.00	0.02	4.93	84.03	89.10	0.00	40	0	42	0.00	0.00	64.35	7.52	0.00	0.00	2000
230	11.27	2035	2105	0.00	197	0	0	0	nan	0.00	0.03	5.35	83.73	88.73	0.00	41	0	42	0.00	0.00	65.63	7.73	0.00	0.00	2000
233	11.38	2042	2102	0.00	203	0	0	0	nan	0.00	0.00	6.56	82.18	88.62	0.00	40	0	42	0.00	0.00	63.73	7.86	0.00	0.00	2000
230	11.29	2058	2075	0.00	199	0	0	0	nan	0.00	0.00	5.74	82.02	88.71	0.00	41	0	42	0.00	0.00	64.88	7.81	0.00	0.00	2000
229	11.07	2061	2112	0.00	198	0	0	0	nan	0.00	0.00	7.09	82.40	88.93	0.00	40	0	42	0.00	0.00	66.10	8.43	0.00	0.00	2000
229	10.91	2086	2111	0.00	199	0	0	0	nan	0.00	0.00	8.73	80.87	89.09	0.00	41	0	42	0.00	0.00	63.23	7.63	0.00	0.00	2000
229	11.14	2060	2095	0.00	183	0	0	0	nan	0.00	0.04	4.98	83.78	88.86	0.00	41	0	42	0.00	0.00	65.55	7.82	0.00	0.00	2000
230	11.07	2083	2098	0.00	200	0	0	0	nan	0.00	0.02	4.66	84.28	88.93	0.00	41	0	42	0.00	0.00	65.99	7.68	0.00	0.00	2000
246	11.75	2095	2095	0.00	220	0	0	0	nan	0.00	0.00	3.11	85.02	88.25	0.00	41	0	42	0.00	0.00	62.53	7.41	0.00	0.00	2000
229	11.17	2036	2114	0.00	184	0	0	0	nan	0.00	0.01	7.05	82.50	88.83	0.00	41	0	42	0.00	0.00	66.08	7.97	0.00	0.00	2000
228	10.97	2082	2098	0.00	199	0	0	0	nan	0.00	0.00	5.15	83.82	89.03	0.00	41	0	42	0.00	0.00	65.00	7.74	0.00	0.00	2000
227	11.26	2046	2066	0.00	199	0	0	0	nan	0.00	0.02	4.71	82.71	88.74	0.00	40	0	42	0.00	0.00	64.13	7.39	0.00	0.00	2000
231	11.47	1995	2115	0.00	199	0	0	0	nan	0.00	0.06	4.75	84.56	88.53	0.00	41	0	42	0.00	0.00	61.72	7.89	0.00	0.00	2000
230	11.01	2087	2104	0.00	222	0	0	2	51.97	0.00	0.00	6.72	82.48	88.99	0.00	41	0	42	0.00	0.00	68.06	7.90	0.00	0.00	2000
231	11.21	2041	2117	1.43	198	0	0	6	47.62	0.00	0.00	7.13	82.45	88.79	0.00	41	0	42	0.00	0.00	65.71	7.81	0.00	0.00	2000
228	11.22	2054	2081	0.00	185	0	0	0	nan	0.00	0.00	6.25	81.83	88.78	0.00	42	0	42	0.00	0.00	64.47	7.54	0.00	0.00	2000
230	10.95	2081	2115	0.00	215	0	0	0	nan	0.00	0.00	6.15	83.60	89.05	0.00	41	0	42	0.00	0.00	65.04	7.64	0.00	0.00	2000
230	11.30	2042	2092	0.00	202	0	0	0	nan	0.00	0.00	6.53	81.96	88.70	0.00	41	0	42	0.00	0.00	64.63	7.64	0.00	0.00	2000
230	11.21	2050	2106	0.00	204	0	0	0	nan	0.00	0.03	6.62	82.53	88.79	0.00	41	0	42	0.00	0.00	64.75	7.62	0.00	0.00	2000
237	11.69	2041	2085	0.00	216	0	0	0	nan	0.00	0.37	9.46	78.00	88.31	0.00	41	0	42	0.00	0.00	64.91	8.03	0.00	0.00	2000
230	10.97	2095	2103	0.00	198	0	0	0	nan	0.00	0.00	8.03	81.07	89.03	0.00	41	0	42	0.00	0.00	63.05	7.92	0.00	0.00	2000
229	10.77	2127	2101	0.00	199	0	0	0	nan	0.00	0.50	7.07	81.86	89.23	0.00	41	0	42	0.00	0.00	68.39	7.60	0.00	0.00	2000
230	10.83	2114	2105	0.00	182	0	0	0	nan	0.01	0.03	4.25	85.17	89.17	0.00	42	0	42	0.00	0.00	65.32	7.64	0.00	0.00	2000
230	11.07	2070	2106	0.00	205	0	0	0	nan	0.00	0.00	5.72	83.51	88.93	0.00	42	0	42	0.00	0.00	65.76	7.63	0.00	0.00	2000
229	11.34	2056	2065	0.00	198	0	0	0	nan	0.03	0.02	5.95	81.26	88.66	0.00	41	0	42	0.00	0.00	62.99	7.48	0.00	0.00	2000
228	11.23	1992	2141	0.00	197	0	0	0	nan	0.00	0.05	7.10	83.48	88.77	0.00	41	0	42	0.00	0.00	65.46	7.87	0.00	0.00	2000
231	11.33	2071	2066	0.00	200	0	0	0	nan	0.01	0.00	5.58	81.67	88.67	0.00	41	0	42	0.00	0.00	64.67	7.83	0.00	0.00	2000
228	10.86	2077	2120	0.00	215	0	0	0	nan	0.00	0.00	7.37	82.71	89.14	0.00	41	0	42	0.00	0.00	65.17	8.15	0.00	0.00	2000
232	10.96	2104	2112	0.00	201	0	0	0	nan	0.00	0.00	7.32	82.26	89.04	0.00	41	0	42	0.00	0.00	65.27	7.53	0.00	0.00	2000
228	10.89	2092	2098	0.00	198	0	0	0	nan	0.00	0.00	6.59	82.52	89.11	0.00	41	0	42	0.00	0.00	62.61	7.65	0.00	0.00	2000
230	11.28	2032	2106	0.00	199	0	0	0	83.14	0.00	0.00	6.10	82.89	88.72	0.00	41	0	42	0.00	0.00	68.35	7.64	0.00	0.00	2000
227	11.12	2060	2085	1.45	182	0	0	5	32.67	0.00	0.04	4.98	83.28	88.88	0.00	41	0	42	0.00	0.00	63.34	7.37	0.00	0.00	2000
231	10.83	2110	2119	0.08	198	0	0	0	nan	0.00	0.09	2.99	86.98	89.17	0.00	42	0	42	0.00	0.00	65.99	7.89	0.00	0.00	2000
224	11.51	2165	1886	0.00	199	0	0	0	nan	0.01	0.47	3.00	76.13	88.49	0.00	40	0	42	0.00	0.00	53.68	6.24	0.00	0.00	2000
236	10.40	2025	2356	0.00	252	0	0	0	nan	0.00	0.00	9.06	91.52	89.60	0.00	38	0	42	0.00	0.00	79.91	9.30	0.00	0.00	2000
229	11.07	2114	2060	0.00	183	0	0	0	nan	0.00	0.00	5.54	81.71	88.93	0.00	37	0	42	0.00	0.00	60.69	7.37	0.00	0.00	2000
233	11.28	2051	2118	0.00	216	0	0	0	nan	0.00	0.00	6.25	83.34	88.72	0.00	37	0	42	0.00	0.00	67.03	8.19	0.00	0.00	2000
233	11.34	2064	2094	0.00	199	0	0	0	nan	0.00	0.00	7.08	81.39	88.66	0.00	37	0	42	0.00	0.00	64.95	7.64	0.00	0.00	2000
234	11.15	2088	2111	0.00	206	0	0	0	nan	0.00	0.50	9.61	79.37	88.85	0.00	37	0	42	0.00	0.00	65.23	7.88	0.00	0.00	2000
232	11.10	2087	2105	0.00	199	0	0	0	nan	0.00	0.00	7.32	81.85	88.90	0.00	38	0	42	0.00	0.00	65.13	7.74	0.00	0.00	2000
234	11.19	2084	2104	0.00	199	0	0	0	nan	0.00	0.00	6.17	82.80	88.81	0.00	39	0	42	0.00	0.00	64.55	7.69	0.00	0.00	2000
231	11.31	2048	2098	0.00	184	0	0	0	nan	0.00	0.00	5.69	83.04	88.69	0.00	40	0	42	0.00	0.00	64.33	7.76	0.00	0.00	2000
233	11.22	2076	2098	0.00	215	0	0	0	nan	0.00	0.00	6.73	82.02	88.78	0.00	40	0	42	0.00	0.00	64.78	7.58	0.00	0.00	2000
232	11.33	2063	2086	0.00	188	0	0	0	nan	0.00	0.06	6.22	81.96	88.67	0.00	38	0	42	0.00	0.00	63.27	7.51	0.00	0.00	2000
228	11.14	2103	2048	0.00	215	0	0	0	nan	0.00	0.00	4.29	82.43	88.86	0.00	39	0	42	0.00	0.00	62.90	7.26	0.00	0.00	2000
233	10.20	2230	2156	0.00	214	0	0	0	nan	0.00	2.55	3.96	85.83	89.80	0.00	39	0	42	0.00	0.00	66.00	7.52	0.00	0.00	2000
232	10.97	2106	2111	0.00	199	0	0	0	nan	0.00	0.00	9.27	80.17	89.03	0.00	39	0	42	0.00	0.00	68.50	8.11	0.00	0.00	2000
235	11.25	2076	2112	0.00	197	0	0	4	65.18	0.00	0.00	6.73	82.59	88.75	0.00	38	0	42	0.00	0.00	65.23	7.82	0.00	0.00	2000
229	11.41	2091	2013	0.70	205	0	0	18	59.16	0.00	0.01	5.51	79.52	88.59	0.00	37	0	42	0.00	0.00	59.82	7.05	0.00	0.00	2000
233	10.96	2049	2183	0.00	215	0	0	0	nan	0.00	0.00	6.17	86.51	89.04	0.00	38	0	42	0.00	0.00	67.32	7.93	0.00	0.00	2000
234	11.38	2045	2109	0.00	199	0	0	0	nan	0.00	0.00	7.85	81.25	88.62	0.00	38	0	42	0.00	0.00	67.85	7.95	0.00	0.00	2000
228	11.15	2069	2076	0.00	199	0	0	0	nan	0.00	0.00	6.02	81.89	88.85	0.00	39	0	42	0.00	0.00	61.13	7.21	0.00	0.00	2000
226	10.91	2068	2100	0.00	205	0	0	0	nan	0.00	0.03	5.19	83.97	89.09	0.00	40	0	42	0.00	0.00	64.53	7.47	0.00	0.00	2000
222	10.47	2109	2110	0.00	198	0	0	0	nan	0.00	0.53	6.48	83.06	89.53	0.00	39	0	42	0.00	0.00	65.39	7.46	0.00	0.00	2000
222	10.91	2045	2087	0.00	199	0	0	0	nan	0.00	0.03	6.38	82.26	89.09	0.00	40	0	42	0.00	0.00	64.62	7.58	0.00	0.00	2000
223	10.46	2132	2100	0.00	199	0	0	0	nan	0.00	0.02	4.24	85.29	89.54	0.00	40	0	42	0.00	0.00	64.57	7.58	0.00	0.00	2000
222	10.56	2084	2123	0.00	198	0	0	0	nan	0.00	0.46	5.77	84.19	89.44	0.00	40	0	42	0.00	0.00	64.98	7.59	0.00	0.00	2000
223	11.29	2019	2052	0.00	204	0	0	0	nan	0.00	0.00	6.09	80.69	88.71	0.00	40	0	42	0.00	0.00	64.66	7.54	0.00	0.00	2000
229	10.69	2087	2153	0.00	203	0	0	0	nan	0.00	0.00	6.85	84.74	89.31	0.00	40	0	42	0.00	0.00	65.05	7.70	0.00	0.00	2000
222	11.00	2044	2071	0.00	200	0	0	0	nan	0.00	0.00	7.61	80.27	89.00	0.00	40	0	42	0.00	0.00	64.75	7.73	0.00	0.00	2000
222	10.70	2068	2106	0.00	199	0	0	0	nan	0.00	0.00	5.06	84.56	89.30	0.00	40	0	42	0.00	0.00	64.71	7.56	0.00	0.00	2000
221	10.64	2085	2095	0.00	198	0	0	0	nan	0.00	0.02	4.85	84.27	89.36	0.00	40	0	42	0.00	0.00	64.56	7.54	0.00	0.00	2000
224	10.78	2086	2088	0.00	214	0	0	0	nan	0.00	0.00	6.50	82.22	89.22	0.00	40	0	42	0.00	0.00	64.81	7.83	0.00	0.00	2000
222	10.67	2077	2104	0.00	199	0	0	0	nan	0.00	0.00	6.27	83.40	89.33	0.00	40	0	42	0.00	0.00	64.51	7.38	0.00	0.00	2000
221	10.50	2098	2108	0.00	199	0	0	1	90.26	0.00	0.01	6.19	83.71	89.50	0.00	40	0	42	0.00	0.00	64.49	7.46	0.00	0.00	2000
223	10.24	2184	2089	0.63	198	0	0	19	20.69	0.00	1.57	4.23	83.66	89.76	0.00	39	0	42	0.00	0.00	66.06	8.18	0.00	0.00	2000
223	10.90	2020	2122	0.00	199	0	0	0	nan	0.00	0.04	4.60	85.49	89.10	0.00	40	0	42	0.00	0.00	65.90	9.37	0.00	0.00	2000
223	10.54	2130	2084	0.00	221	0	0	0	nan	0.00	0.07	3.35	85.39	89.46	0.00	39	0	42	0.00	0.00	65.27	8.22	0.00	0.00	2000
221	10.81	2038	2103	0.00	214	0	0	0	nan	0.00	0.00	4.06	85.28	89.19	0.00	40	0	42	0.00	0.00	64.59	7.86	0.00	0.00	2000
219	11.19	1965	2094	0.00	201	0	0	0	nan	0.00	0.03	5.74	82.92	88.81	0.00	37	0	42	0.00	0.00	62.74	7.55	0.00	0.00	2000
131	8.33	1535	2149	0.00	239	0	0	0	nan	0.00	0.03	7.72	86.03	91.67	0.00	37	0	42	0.00	0.00	64.85	7.93	0.00	0.00	2000
94	7.72	1238	2055	0.00	113	0	0	0	nan	0.00	0.00	6.22	84.23	92.28	0.00	37	0	43	0.00	0.00	55.74	6.97	0.00	0.00	2000
