Avg_MHz	Busy%	Bzy_MHz	TSC_MHz	IPC	IRQ	NMI	SMI	LLCMRPS	LLC%hit	POLL%	C1%	C1E%	C6%	CPU%c1	CPU%c6	CoreTmp	CoreThr	PkgTmp	Pkg%pc2	Pkg%pc6	PkgWatt	RAMWatt	PKG_%	RAM_%	UncMHz
328	16.25	1966	2155	0.00	248	0	0	0	nan	0.00	0.46	33.88	51.77	83.75	0.00	37	0	42	0.00	0.00	65.44	7.39	0.00	0.00	2000
303	14.58	2057	2122	0.00	212	0	0	0	nan	0.04	1.15	16.39	69.08	85.42	0.00	37	0	42	0.00	0.00	65.29	7.85	0.00	0.00	2000
77	6.87	1108	2114	0.00	211	0	0	0	nan	0.00	0.02	4.94	88.82	93.13	0.00	37	0	43	0.00	0.00	57.72	7.37	0.00	0.00	2000
72	6.66	1087	2098	0.00	193	0	0	0	nan	0.01	0.00	3.73	89.65	93.34	0.00	37	0	42	0.00	0.00	59.14	7.45	0.00	0.00	2000
71	6.87	1047	2075	0.00	193	0	0	0	nan	0.00	0.02	3.20	88.89	93.13	0.00	37	0	42	0.00	0.00	58.57	7.50	0.00	0.00	2000
73	6.57	1088	2128	0.00	193	0	0	0	nan	0.00	0.02	1.78	92.89	93.43	0.00	37	0	42	0.00	0.00	58.25	7.49	0.00	0.00	2000
75	6.43	1159	2105	0.00	192	0	0	0	nan	0.00	0.00	2.61	91.13	93.57	0.00	37	0	42	0.00	0.00	59.10	7.48	0.00	0.00	2000
77	6.77	1141	2088	0.00	194	0	0	0	nan	0.00	0.00	3.65	89.08	93.23	0.00	37	0	42	0.00	0.00	58.95	7.28	0.00	0.00	2000
73	6.68	1104	2089	0.00	194	0	0	0	nan	0.00	0.00	3.21	89.75	93.32	0.00	37	0	42	0.00	0.00	56.34	7.31	0.00	0.00	2000
72	6.55	1098	2089	0.00	193	0	0	0	nan	0.00	0.00	3.27	89.78	93.45	0.00	37	0	42	0.00	0.00	56.76	7.26	0.00	0.00	2000
74	6.79	1071	2125	0.00	194	0	0	0	nan	0.00	0.00	2.05	92.37	93.21	0.00	37	0	42	0.00	0.00	61.45	7.96	0.00	0.00	2000
72	6.52	1097	2099	0.00	195	0	0	0	nan	0.00	0.00	2.71	90.68	93.48	0.00	37	0	42	0.00	0.00	57.94	7.22	0.00	0.00	2000
95	7.82	1225	2077	0.00	192	0	0	0	nan	0.00	0.00	2.74	88.38	92.18	0.00	37	0	42	0.00	0.00	54.47	7.23	0.00	0.00	2000
75	6.82	1079	2136	0.00	194	0	0	0	nan	0.00	0.04	2.51	92.28	93.18	0.00	37	0	42	0.00	0.00	62.89	7.58	0.00	0.00	2000
73	6.35	1150	2085	0.00	192	0	0	0	nan	0.00	0.00	3.20	89.79	93.65	0.00	37	0	42	0.00	0.00	58.80	7.61	0.00	0.00	2000
73	6.63	1099	2089	0.00	196	0	0	0	85.85	0.00	0.00	3.22	89.61	93.37	0.00	37	0	42	0.00	0.00	53.58	7.41	0.00	0.00	2000
74	6.76	1094	2116	0.30	195	0	0	1	86.30	0.00	0.01	2.78	91.20	93.24	0.00	37	0	42	0.00	0.00	60.80	7.29	0.00	0.00	2000
72	6.67	1081	2084	0.07	196	0	0	0	nan	0.00	0.01	3.92	88.72	93.33	0.00	37	0	42	0.00	0.00	59.03	7.62	0.00	0.00	2000
186	10.14	1843	2093	0.00	213	0	0	0	nan	0.02	0.02	4.87	84.83	89.86	0.00	39	0	42	0.00	0.00	62.99	7.37	0.00	0.00	2000
235	10.97	2117	2128	0.00	203	0	0	0	nan	0.00	0.02	5.06	85.23	89.03	0.00	40	0	42	0.00	0.00	66.60	7.56	0.00	0.00	2000
232	10.85	2136	2103	0.00	213	0	0	0	nan	0.00	0.00	3.62	85.65	89.15	0.00	40	0	42	0.00	0.00	64.54	7.39	0.00	0.00	2000
227	10.96	2085	2087	0.00	202	0	0	0	nan	0.00	0.00	3.56	85.08	89.04	0.00	40	0	42	0.00	0.00	66.28	7.59	0.00	0.00	2000
238	11.28	2104	2110	0.00	196	0	0	0	nan	0.00	0.02	6.17	82.96	88.72	0.00	38	0	42	0.00	0.00	65.24	7.62	0.00	0.00	2000
228	11.05	2083	2084	0.00	199	0	0	0	nan	0.00	0.52	5.76	82.16	88.95	0.00	37	0	42	0.00	0.00	63.66	7.77	0.00	0.00	2000
229	11.83	2033	2000	0.00	198	0	0	0	nan	0.00	0.00	4.59	79.46	88.17	0.00	37	0	42	0.00	0.00	60.12	7.21	0.00	0.00	2000
237	10.59	2097	2236	0.00	232	0	0	0	nan	0.00	0.00	6.12	89.06	89.41	0.00	37	0	42	0.00	0.00	74.73	8.76	0.00	0.00	2000
229	11.01	2095	2084	0.00	200	0	0	0	nan	0.00	0.00	5.33	83.09	88.99	0.00	37	0	42	0.00	0.00	66.24	7.83	0.00	0.00	2000
231	11.00	2092	2104	0.00	196	0	0	0	nan	0.00	0.00	6.30	82.95	89.00	0.00	37	0	42	0.00	0.00	65.56	7.62	0.00	0.00	2000
230	11.12	2063	2104	0.00	198	0	0	0	nan	0.00	0.00	5.75	83.33	88.88	0.00	37	0	42	0.00	0.00	64.11	7.39	0.00	0.00	2000
226	11.05	2079	2070	0.00	198	0	0	0	nan	0.00	0.02	5.26	82.50	88.95	0.00	38	0	42	0.00	0.00	62.66	7.10	0.00	0.00	2000
229	11.09	2086	2078	0.00	201	0	0	0	nan	0.00	0.00	4.66	83.40	88.91	0.00	38	0	42	0.00	0.00	62.60	7.15	0.00	0.00	2000
234	10.67	2138	2155	0.00	212	0	0	0	nan	0.00	0.01	4.79	86.87	89.33	0.00	38	0	42	0.00	0.00	68.97	7.83	0.00	0.00	2000
227	10.86	2099	2091	0.00	198	0	0	1	87.14	0.00	0.00	4.07	84.69	89.14	0.00	38	0	42	0.00	0.00	65.21	7.27	0.00	0.00	2000
227	10.93	2098	2082	0.83	198	0	0	10	86.04	0.00	0.00	4.07	84.35	89.08	0.00	39	0	42	0.00	0.00	64.77	7.26	0.00	0.00	2000
232	11.19	2078	2098	0.00	202	0	0	0	nan	0.00	0.00	4.55	84.27	88.81	0.00	39	0	42	0.00	0.00	64.01	7.28	0.00	0.00	2000
237	11.61	2051	2088	0.00	198	0	0	0	nan	0.00	0.00	5.75	82.21	88.39	0.00	38	0	42	0.00	0.00	67.37	7.75	0.00	0.00	2000
229	10.93	2060	2135	0.00	213	0	0	0	nan	0.00	0.00	6.08	84.56	89.07	0.00	38	0	42	0.00	0.00	65.54	7.62	0.00	0.00	2000
234	11.33	2055	2108	0.00	199	0	0	0	nan	0.00	0.00	8.03	81.02	88.67	0.00	39	0	42	0.00	0.00	65.37	7.58	0.00	0.00	2000
231	11.43	2030	2089	0.00	199	0	0	0	nan	0.00	0.00	6.33	81.80	88.57	0.00	40	0	42	0.00	0.00	63.63	7.29	0.00	0.00	2000
231	10.90	2104	2112	0.00	203	0	0	0	nan	0.00	0.00	5.80	83.89	89.10	0.00	40	0	42	0.00	0.00	66.61	7.69	0.00	0.00	2000
232	11.00	2124	2088	0.00	199	0	0	0	nan	0.00	0.00	6.84	81.66	89.00	0.00	39	0	43	0.00	0.00	65.23	7.49	0.00	0.00	2000
231	10.83	2129	2104	0.00	197	0	0	0	nan	0.00	0.00	5.47	83.91	89.17	0.00	39	0	42	0.00	0.00	64.70	7.70	0.00	0.00	2000
225	10.82	2101	2075	0.00	199	0	0	0	nan	0.00	0.02	4.78	83.47	89.18	0.00	39	0	42	0.00	0.00	63.91	7.36	0.00	0.00	2000
236	11.14	2082	2134	0.00	199	0	0	0	nan	0.00	0.00	4.53	85.85	88.86	0.00	40	0	42	0.00	0.00	66.48	7.60	0.00	0.00	2000
231	11.04	2115	2076	0.00	201	0	0	0	nan	0.00	0.07	4.32	83.62	88.96	0.00	39	0	42	0.00	0.00	64.22	7.55	0.00	0.00	2000
222	11.07	2099	2005	0.00	198	0	0	0	nan	0.00	0.05	2.89	82.07	88.93	0.00	38	0	43	0.00	0.00	57.91	6.91	0.00	0.00	2000
242	10.53	2149	2243	0.00	248	0	0	0	nan	0.00	0.55	3.68	91.49	89.47	0.00	38	0	42	0.00	0.00	74.30	8.59	0.00	0.00	2000
227	10.94	2126	2046	0.00	198	0	0	0	nan	0.04	0.00	3.37	83.39	89.06	0.00	39	0	42	0.00	0.00	62.62	7.50	0.00	0.00	2000
220	10.09	2142	2138	0.00	204	0	0	0	nan	0.00	0.01	4.82	86.69	89.91	0.00	38	0	43	0.00	0.00	64.77	7.59	0.00	0.00	2000
233	11.15	2073	2119	0.19	234	0	0	1	79.59	0.00	0.08	3.04	86.68	88.85	0.00	40	0	42	0.00	0.00	66.76	7.80	0.00	0.00	2000
228	11.12	2057	2091	0.42	204	0	0	2	86.68	0.00	0.00	3.13	85.41	88.88	0.00	40	0	42	0.00	0.00	64.18	7.53	0.00	0.00	2000
230	11.34	2032	2099	0.00	203	0	0	0	nan	0.00	0.00	2.56	86.13	88.66	0.00	40	0	43	0.00	0.00	65.11	7.36	0.00	0.00	2000
227	10.89	2094	2092	0.00	212	0	0	0	nan	0.00	0.02	2.89	85.96	89.11	0.00	41	0	42	0.00	0.00	63.41	7.40	0.00	0.00	2000
228	11.03	2056	2109	0.00	203	0	0	0	nan	0.00	0.00	2.64	86.74	88.97	0.00	40	0	42	0.00	0.00	65.89	7.60	0.00	0.00	2000
227	10.77	2114	2093	0.00	202	0	0	0	nan	0.00	0.03	2.95	86.03	89.23	0.00	41	0	42	0.00	0.00	65.22	7.56	0.00	0.00	2000
227	11.18	2029	2105	0.00	202	0	0	0	nan	0.00	0.00	2.38	86.72	88.82	0.00	41	0	42	0.00	0.00	64.69	7.45	0.00	0.00	2000
232	10.69	2157	2114	0.00	203	0	0	0	nan	0.00	0.02	2.80	87.18	89.31	0.00	41	0	42	0.00	0.00	64.03	7.32	0.00	0.00	2000
229	11.10	2076	2085	0.00	216	0	0	0	nan	0.00	0.00	3.77	84.56	88.90	0.00	41	0	42	0.00	0.00	66.13	7.66	0.00	0.00	2000
228	10.73	2128	2098	0.00	204	0	0	0	nan	0.00	0.00	3.69	85.54	89.27	0.00	41	0	42	0.00	0.00	64.13	7.49	0.00	0.00	2000
233	10.91	2119	2117	0.00	189	0	0	0	nan	0.00	0.00	4.46	85.49	89.09	0.00	41	0	42	0.00	0.00	63.98	7.39	0.00	0.00	2000
234	11.48	2050	2089	0.00	220	0	0	0	nan	0.00	0.00	6.99	81.27	88.52	0.00	41	0	42	0.00	0.00	65.00	7.50	0.00	0.00	2000
228	11.02	2063	2103	0.00	202	0	0	0	nan	0.00	0.02	3.28	85.92	88.98	0.00	41	0	43	0.00	0.00	65.52	7.36	0.00	0.00	2000
228	11.10	2071	2088	0.00	203	0	0	0	nan	0.00	0.02	2.89	85.57	88.90	0.00	41	0	42	0.00	0.00	62.98	7.24	0.00	0.00	2000
231	10.93	2107	2109	0.00	212	0	0	0	nan	0.00	0.00	3.42	86.14	89.07	0.00	40	0	42	0.00	0.00	67.50	7.81	0.00	0.00	2000
231	11.04	2091	2101	0.00	202	0	0	0	nan	0.00	0.00	3.55	85.49	88.96	0.00	40	0	42	0.00	0.00	66.12	7.75	0.00	0.00	2000
126	8.34	1517	2094	0.00	196	0	0	0	nan	0.00	0.01	9.81	81.59	91.66	0.00	38	0	42	0.00	0.00	60.26	7.46	0.00	0.00	2000
98	7.72	1397	1910	0.17	198	0	0	4	61.05	0.00	0.00	4.94	79.03	92.28	0.00	38	0	42	0.00	0.00	52.54	6.73	0.00	0.00	2000
237	10.45	2045	2332	0.86	249	0	0	4	80.56	0.00	0.01	8.17	91.24	89.55	0.00	39	0	42	0.00	0.00	70.10	8.23	0.00	0.00	2000
231	10.65	2165	2103	0.00	187	0	0	0	nan	0.00	0.00	9.70	79.73	89.35	0.00	40	0	42	0.00	0.00	65.18	7.64	0.00	0.00	2000
221	10.36	2136	2097	0.00	195	0	0	0	nan	0.04	0.00	8.97	80.59	89.64	0.00	40	0	42	0.00	0.00	65.25	7.72	0.00	0.00	2000
78	6.57	1183	2098	0.00	199	0	0	0	nan	0.00	0.04	6.69	86.51	93.43	0.00	37	0	43	0.00	0.00	57.53	7.23	0.00	0.00	2000
122	7.71	1593	2090	0.00	203	0	0	0	nan	0.00	0.56	7.29	84.06	92.29	0.00	39	0	42	0.00	0.00	58.70	7.28	0.00	0.00	2000
232	10.88	2131	2103	0.00	216	0	0	0	nan	0.00	0.58	6.20	82.52	89.12	0.00	39	0	42	0.00	0.00	64.39	7.53	0.00	0.00	2000
230	10.78	2119	2112	0.00	201	0	0	0	nan	0.00	0.96	10.09	78.82	89.22	0.00	39	0	42	0.00	0.00	66.09	7.41	0.00	0.00	2000
228	10.84	2111	2091	0.00	178	0	0	0	nan	0.00	0.00	8.54	80.24	89.16	0.00	40	0	42	0.00	0.00	63.41	7.52	0.00	0.00	2000
230	10.91	2122	2090	0.00	213	0	0	0	nan	0.00	0.00	8.01	80.61	89.09	0.00	40	0	42	0.00	0.00	64.22	7.43	0.00	0.00	2000
232	10.95	2115	2109	0.00	195	0	0	0	nan	0.00	0.00	9.39	80.06	89.07	0.00	40	0	42	0.00	0.00	64.24	7.58	0.00	0.00	2000
233	11.03	2087	2124	0.00	206	0	0	0	nan	0.00	0.00	10.17	79.84	88.97	0.00	40	0	42	0.00	0.00	66.55	7.66	0.00	0.00	2000
238	11.72	2142	1989	0.00	181	0	0	0	nan	0.00	1.75	9.18	72.84	88.28	0.00	40	0	42	0.00	0.00	62.11	7.29	0.00	0.00	2000
286	12.06	2250	2213	0.00	235	0	0	0	nan	0.00	0.00	10.41	82.44	87.94	0.00	38	0	42	0.00	0.00	69.63	8.16	0.00	0.00	2000
109	8.11	1368	2066	0.00	224	0	0	0	nan	0.00	0.00	7.90	82.41	91.89	0.00	37	0	42	0.00	0.00	59.26	7.42	0.00	0.00	2000
163	9.43	1614	2250	0.00	65	0	0	0	nan	0.00	0.00	22.49	74.64	90.57	0.00	37	0	43	0.00	0.00	63.02	8.05	0.00	0.00	2000
