Avg_MHz	Busy%	Bzy_MHz	TSC_MHz	IPC	IRQ	NMI	SMI	LLCMRPS	LLC%hit	POLL%	C1%	C1E%	C6%	CPU%c1	CPU%c6	CoreTmp	CoreThr	PkgTmp	Pkg%pc2	Pkg%pc6	PkgWatt	RAMWatt	PKG_%	RAM_%	UncMHz
196	12.13	1722	1971	0.00	220	0	0	0	nan	0.00	0.01	19.83	62.66	87.87	0.00	38	0	43	0.00	0.00	54.10	6.87	0.00	0.00	2000
405	16.93	2154	2334	0.00	248	0	0	0	nan	0.05	1.28	16.10	75.42	83.07	0.00	40	0	43	0.00	0.00	77.55	8.78	0.00	0.00	2000
82	6.65	1237	2095	0.00	193	0	0	0	nan	0.00	0.43	10.28	82.47	93.35	0.00	38	0	43	0.00	0.00	60.09	7.64	0.00	0.00	2000
73	6.77	1079	2089	0.00	193	0	0	0	nan	0.00	0.00	2.18	90.67	93.23	0.00	38	0	43	0.00	0.00	57.71	7.49	0.00	0.00	2000
71	6.97	1024	2098	0.00	193	0	0	0	nan	0.00	0.02	2.70	90.39	93.03	0.00	38	0	43	0.00	0.00	58.35	7.49	0.00	0.00	2000
73	6.92	1034	2131	0.00	209	0	0	0	nan	0.00	0.03	3.81	90.83	93.08	0.00	38	0	43	0.00	0.00	59.14	7.65	0.00	0.00	2000
72	6.91	1058	2071	0.00	194	0	0	0	nan	0.00	0.02	3.85	88.14	93.09	0.00	37	0	43	0.00	0.00	57.36	7.54	0.00	0.00	2000
72	6.95	1032	2116	0.00	194	0	0	0	nan	0.00	0.00	4.02	89.86	93.05	0.00	37	0	43	0.00	0.00	58.76	7.53	0.00	0.00	2000
73	6.80	1073	2113	0.00	195	0	0	0	nan	0.00	0.00	4.35	89.51	93.20	0.00	38	0	43	0.00	0.00	59.27	7.57	0.00	0.00	2000
72	6.56	1106	2092	0.00	193	0	0	0	nan	0.00	0.00	3.17	90.02	93.44	0.00	38	0	43	0.00	0.00	56.11	7.57	0.00	0.00	2000
74	6.87	1069	2101	0.00	194	0	0	0	nan	0.00	0.02	4.36	88.91	93.13	0.00	37	0	43	0.00	0.00	62.01	7.50	0.00	0.00	2000
72	6.57	1089	2101	0.00	177	0	0	0	nan	0.00	0.02	2.97	90.56	93.43	0.00	37	0	43	0.00	0.00	58.03	7.39	0.00	0.00	2000
72	6.77	1065	2083	0.00	209	0	0	0	nan	0.00	0.00	2.53	89.90	93.23	0.00	38	0	43	0.00	0.00	57.80	7.07	0.00	0.00	2000
76	7.09	1066	2111	0.00	193	0	0	0	nan	0.00	0.00	4.25	89.27	92.91	0.00	38	0	43	0.00	0.00	57.87	7.28	0.00	0.00	2000
72	6.85	1055	2087	0.00	194	0	0	0	nan	0.00	0.01	2.98	89.72	93.15	0.00	38	0	43	0.00	0.00	57.78	7.32	0.00	0.00	2000
72	6.88	1050	2093	0.00	197	0	0	1	87.96	0.00	0.02	4.12	88.87	93.12	0.00	38	0	43	0.00	0.00	56.88	7.06	0.00	0.00	2000
75	7.40	1005	2131	0.08	197	0	0	3	75.75	0.00	0.02	3.33	90.79	92.60	0.00	38	0	43	0.00	0.00	61.54	7.90	0.00	0.00	2000
73	6.70	1083	2102	0.00	194	0	0	0	nan	0.00	0.00	2.71	90.72	93.30	0.00	38	0	43	0.00	0.00	58.86	7.73	0.00	0.00	2000
141	8.60	1662	2065	0.00	197	0	0	0	nan	0.00	0.00	3.12	86.75	91.40	0.00	38	0	43	0.00	0.00	58.09	7.10	0.00	0.00	2000
237	11.47	2037	2130	0.00	211	0	0	0	nan	0.01	0.00	3.05	86.95	88.53	0.00	38	0	43	0.00	0.00	65.74	7.91	0.00	0.00	2000
231	11.38	2025	2109	0.00	194	0	0	0	nan	0.00	0.00	2.75	86.48	88.62	0.00	39	0	43	0.00	0.00	64.66	7.55	0.00	0.00	2000
232	11.34	2044	2105	0.00	196	0	0	0	nan	0.00	0.00	3.73	85.25	88.66	0.00	39	0	43	0.00	0.00	64.45	7.46	0.00	0.00	2000
229	11.13	2090	2066	0.00	197	0	0	0	nan	0.00	0.00	4.07	83.59	88.87	0.00	38	0	43	0.00	0.00	64.70	7.49	0.00	0.00	2000
232	11.27	2040	2119	0.00	193	0	0	0	nan	0.00	0.01	2.29	87.32	88.73	0.00	38	0	43	0.00	0.00	67.24	8.02	0.00	0.00	2000
231	11.39	2024	2108	0.00	195	0	0	0	nan	0.00	0.00	2.65	86.49	88.61	0.00	38	0	43	0.00	0.00	68.29	8.12	0.00	0.00	2000
226	11.41	2027	2057	0.00	194	0	0	0	nan	0.00	0.02	3.04	83.92	88.59	0.00	38	0	43	0.00	0.00	60.77	7.32	0.00	0.00	2000
232	11.15	2042	2135	0.00	212	0	0	0	nan	0.00	0.00	2.50	88.00	88.85	0.00	38	0	43	0.00	0.00	70.70	8.30	0.00	0.00	2000
224	11.17	2028	2080	0.00	194	0	0	0	nan	0.00	0.00	1.82	86.39	88.83	0.00	38	0	43	0.00	0.00	61.65	7.04	0.00	0.00	2000
233	11.10	2069	2130	0.00	211	0	0	0	nan	0.00	0.01	1.98	88.33	88.90	0.00	39	0	43	0.00	0.00	67.34	7.90	0.00	0.00	2000
224	11.14	2051	2061	0.00	180	0	0	0	nan	0.00	0.00	2.46	84.98	88.86	0.00	39	0	43	0.00	0.00	60.48	7.09	0.00	0.00	2000
228	11.24	2043	2086	0.00	212	0	0	0	nan	0.01	0.03	2.72	85.61	88.76	0.00	39	0	43	0.00	0.00	66.95	7.70	0.00	0.00	2000
233	11.25	2024	2148	0.00	195	0	0	0	nan	0.00	0.01	3.21	87.77	88.75	0.00	39	0	43	0.00	0.00	65.81	7.76	0.00	0.00	2000
232	11.22	2058	2112	0.00	193	0	0	4	84.30	0.00	0.03	2.96	86.48	88.78	0.00	40	0	43	0.00	0.00	65.52	7.63	0.00	0.00	2000
222	11.77	1987	1996	0.46	198	0	0	15	74.31	0.00	0.01	3.40	80.67	88.23	0.00	38	0	43	0.00	0.00	59.09	7.09	0.00	0.00	2000
232	11.09	2032	2160	0.00	228	0	0	0	nan	0.00	0.02	2.47	89.15	88.91	0.00	38	0	43	0.00	0.00	68.38	7.91	0.00	0.00	2000
237	11.92	1990	2103	0.00	220	0	0	0	nan	0.00	0.02	5.64	82.75	88.08	0.00	38	0	43	0.00	0.00	66.30	7.64	0.00	0.00	2000
226	11.07	2033	2110	0.00	213	0	0	0	nan	0.00	0.02	2.89	86.56	88.93	0.00	38	0	43	0.00	0.00	67.14	8.15	0.00	0.00	2000
233	11.09	2066	2132	0.00	195	0	0	0	nan	0.00	0.00	3.79	86.69	88.91	0.00	39	0	43	0.00	0.00	65.60	7.88	0.00	0.00	2000
234	11.22	2075	2112	0.00	195	0	0	0	nan	0.00	0.02	4.12	85.39	88.78	0.00	39	0	43	0.00	0.00	66.25	8.01	0.00	0.00	2000
225	11.30	2037	2055	0.00	195	0	0	0	nan	0.00	0.00	3.51	83.50	88.70	0.00	39	0	43	0.00	0.00	62.68	7.59	0.00	0.00	2000
233	11.33	2019	2137	0.00	194	0	0	0	nan	0.00	0.00	3.35	87.09	88.67	0.00	39	0	43	0.00	0.00	64.13	7.72	0.00	0.00	2000
229	11.05	2080	2096	0.00	194	0	0	0	nan	0.00	0.00	1.89	87.03	88.95	0.00	39	0	43	0.00	0.00	65.65	7.90	0.00	0.00	2000
233	11.37	2040	2109	0.00	195	0	0	0	nan	0.00	0.00	2.58	86.55	88.63	0.00	39	0	43	0.00	0.00	64.54	7.91	0.00	0.00	2000
227	11.60	2005	2048	0.00	195	0	0	0	nan	0.00	0.00	2.11	84.28	88.40	0.00	39	0	43	0.00	0.00	62.86	7.64	0.00	0.00	2000
229	10.97	2038	2150	0.00	211	0	0	0	nan	0.00	0.02	3.57	87.76	89.03	0.00	40	0	43	0.00	0.00	67.04	7.81	0.00	0.00	2000
227	11.24	2027	2092	0.00	195	0	0	0	nan	0.00	0.00	3.36	85.26	88.76	0.00	40	0	43	0.00	0.00	64.59	7.35	0.00	0.00	2000
228	11.33	1999	2113	0.00	195	0	0	0	nan	0.00	0.00	3.98	85.46	88.67	0.00	40	0	43	0.00	0.00	64.73	7.39	0.00	0.00	2000
222	11.41	1991	2056	0.00	196	0	0	0	nan	0.00	0.01	4.27	82.68	88.59	0.00	39	0	43	0.00	0.00	62.38	7.51	0.00	0.00	2000
229	11.28	2032	2096	0.00	195	0	0	0	nan	0.00	0.00	1.73	87.04	88.72	0.00	40	0	43	0.00	0.00	61.94	7.05	0.00	0.00	2000
229	11.26	2018	2112	0.33	213	0	0	3	91.32	0.00	0.00	4.68	84.73	88.74	0.00	40	0	43	0.00	0.00	68.26	8.04	0.00	0.00	2000
231	11.13	2053	2126	0.48	196	0	0	3	94.68	0.00	0.00	4.13	86.03	88.87	0.00	40	0	43	0.00	0.00	65.26	7.55	0.00	0.00	2000
225	11.18	2034	2080	0.00	195	0	0	0	nan	0.00	0.00	4.35	83.82	88.82	0.00	40	0	43	0.00	0.00	64.17	7.28	0.00	0.00	2000
229	11.00	2064	2121	0.00	194	0	0	0	nan	0.00	0.00	3.58	86.49	89.00	0.00	40	0	43	0.00	0.00	64.83	7.64	0.00	0.00	2000
227	11.38	1988	2106	0.00	194	0	0	0	nan	0.00	0.00	3.95	85.12	88.62	0.00	40	0	43	0.00	0.00	64.90	7.50	0.00	0.00	2000
226	11.16	2053	2074	0.00	196	0	0	0	nan	0.00	0.00	3.18	84.73	88.84	0.00	40	0	43	0.00	0.00	64.00	7.26	0.00	0.00	2000
228	10.97	2077	2100	0.00	199	0	0	0	nan	0.00	0.02	4.77	84.40	89.03	0.00	40	0	43	0.00	0.00	64.57	7.55	0.00	0.00	2000
229	11.38	2033	2082	0.00	196	0	0	0	nan	0.00	0.00	3.02	85.03	88.62	0.00	40	0	43	0.00	0.00	62.57	6.93	0.00	0.00	2000
226	10.96	2030	2136	0.00	211	0	0	0	nan	0.00	0.00	3.80	86.95	89.04	0.00	40	0	43	0.00	0.00	65.10	7.59	0.00	0.00	2000
230	11.41	1998	2116	0.00	195	0	0	0	nan	0.00	0.00	4.07	85.38	88.59	0.00	40	0	43	0.00	0.00	66.72	7.52	0.00	0.00	2000
229	11.32	2038	2082	0.00	198	0	0	0	nan	0.00	0.00	4.28	83.85	88.68	0.00	40	0	43	0.00	0.00	62.61	7.71	0.00	0.00	2000
233	11.34	2054	2105	0.00	195	0	0	0	nan	0.00	0.00	4.97	84.06	88.66	0.00	40	0	43	0.00	0.00	64.96	7.52	0.00	0.00	2000
233	11.40	2041	2102	0.00	210	0	0	0	nan	0.00	0.00	6.65	82.18	88.60	0.00	40	0	43	0.00	0.00	66.83	7.84	0.00	0.00	2000
222	11.55	1985	2036	0.00	194	0	0	0	nan	0.00	0.00	3.53	82.45	88.45	0.00	40	0	43	0.00	0.00	61.11	7.22	0.00	0.00	2000
230	10.92	2062	2148	0.00	212	0	0	0	nan	0.00	0.01	3.82	87.46	89.08	0.00	40	0	43	0.00	0.00	65.23	7.33	0.00	0.00	2000
229	11.36	2035	2077	0.00	194	0	0	0	nan	0.00	0.00	3.19	84.66	88.64	0.00	40	0	43	0.00	0.00	62.69	7.17	0.00	0.00	2000
237	11.17	2076	2142	0.00	212	0	0	0	nan	0.00	0.02	4.41	86.35	88.83	0.00	40	0	43	0.00	0.00	65.02	7.40	0.00	0.00	2000
229	11.20	2037	2104	0.64	195	0	0	5	85.65	0.00	0.00	5.16	84.03	88.80	0.00	41	0	43	0.00	0.00	67.42	7.70	0.00	0.00	2000
227	11.19	2028	2101	0.62	195	0	0	0	88.69	0.00	0.00	4.82	84.24	88.82	0.00	40	0	43	0.00	0.00	64.59	7.43	0.00	0.00	2000
225	11.54	2015	2034	0.00	196	0	0	0	nan	0.00	0.00	3.25	82.60	88.46	0.00	41	0	43	0.00	0.00	61.52	6.96	0.00	0.00	2000
232	10.91	2050	2177	0.00	211	0	0	0	nan	0.00	0.03	2.72	89.78	89.09	0.00	40	0	43	0.00	0.00	68.20	7.87	0.00	0.00	2000
228	11.23	2033	2099	0.00	194	0	0	0	nan	0.00	0.00	3.95	84.97	88.77	0.00	40	0	43	0.00	0.00	64.37	7.60	0.00	0.00	2000
226	11.18	2043	2077	0.00	196	0	0	0	nan	0.00	0.00	4.13	83.92	88.82	0.00	40	0	43	0.00	0.00	60.92	7.19	0.00	0.00	2000
229	11.36	1996	2119	0.00	195	0	0	0	nan	0.00	0.00	3.75	85.84	88.64	0.00	40	0	43	0.00	0.00	67.46	7.70	0.00	0.00	2000
223	11.41	1985	2071	0.00	195	0	0	0	nan	0.00	0.01	2.69	84.88	88.59	0.00	40	0	43	0.00	0.00	64.67	7.30	0.00	0.00	2000
227	11.31	2015	2093	0.00	195	0	0	0	nan	0.00	0.01	1.86	86.74	88.69	0.00	40	0	43	0.00	0.00	62.75	7.32	0.00	0.00	2000
231	11.27	2033	2116	0.00	215	0	0	0	nan	0.00	0.02	3.64	85.97	88.73	0.00	40	0	43	0.00	0.00	63.96	7.36	0.00	0.00	2000
228	11.05	2043	2117	0.00	195	0	0	0	nan	0.00	0.00	5.82	84.05	88.95	0.00	41	0	43	0.00	0.00	64.56	7.36	0.00	0.00	2000
224	11.06	2049	2079	0.00	195	0	0	0	nan	0.00	0.00	5.35	82.86	88.94	0.00	40	0	43	0.00	0.00	63.68	7.46	0.00	0.00	2000
227	11.51	2010	2062	0.00	196	0	0	0	nan	0.00	0.00	3.17	83.90	88.49	0.00	40	0	43	0.00	0.00	64.76	7.56	0.00	0.00	2000
230	10.97	2031	2164	0.00	211	0	0	0	nan	0.00	0.00	3.54	88.43	89.03	0.00	40	0	43	0.00	0.00	64.73	7.40	0.00	0.00	2000
230	11.14	2064	2102	0.00	196	0	0	0	nan	0.00	0.00	4.31	84.78	88.86	0.00	40	0	43	0.00	0.00	65.27	7.82	0.00	0.00	2000
227	11.16	2045	2086	0.00	195	0	0	0	nan	0.00	0.00	4.55	83.89	88.84	0.00	40	0	43	0.00	0.00	65.12	7.60	0.00	0.00	2000
225	11.60	1989	2047	0.00	197	0	0	0	nan	0.00	0.00	3.88	82.50	88.40	0.00	40	0	43	0.00	0.00	63.62	7.33	0.00	0.00	2000
227	10.94	2026	2151	0.75	210	0	0	1	80.13	0.00	0.00	2.82	88.62	89.06	0.00	40	0	43	0.00	0.00	63.99	7.40	0.00	0.00	2000
232	11.12	2061	2122	0.28	196	0	0	0	nan	0.00	0.00	3.19	86.84	88.88	0.00	40	0	43	0.00	0.00	68.62	7.79	0.00	0.00	2000
225	11.19	2026	2081	0.00	194	0	0	0	nan	0.00	0.00	3.43	84.79	88.81	0.00	40	0	43	0.00	0.00	60.56	7.12	0.00	0.00	2000
227	11.53	2007	2057	0.00	194	0	0	0	nan	0.00	0.00	2.93	83.86	88.47	0.00	41	0	43	0.00	0.00	64.82	7.54	0.00	0.00	2000
223	11.33	1974	2093	0.00	210	0	0	0	nan	0.00	0.02	2.15	86.44	88.67	0.00	40	0	43	0.00	0.00	64.26	7.53	0.00	0.00	2000
228	11.20	2019	2121	0.00	212	0	0	0	nan	0.00	0.00	2.47	87.39	88.80	0.00	41	0	43	0.00	0.00	65.26	7.67	0.00	0.00	2000
227	10.93	2040	2135	0.00	210	0	0	0	nan	0.00	0.02	3.61	87.15	89.07	0.00	40	0	43	0.00	0.00	64.14	7.42	0.00	0.00	2000
222	11.39	2005	2044	0.00	196	0	0	0	nan	0.00	0.00	4.61	81.80	88.61	0.00	40	0	43	0.00	0.00	64.21	7.55	0.00	0.00	2000
229	11.08	2019	2149	0.00	210	0	0	0	nan	0.00	0.00	3.52	87.70	88.92	0.00	40	0	43	0.00	0.00	63.62	7.44	0.00	0.00	2000
238	11.68	2043	2098	0.00	271	0	0	0	nan	0.00	1.35	5.82	81.40	88.32	0.00	40	0	43	0.00	0.00	66.78	7.68	0.00	0.00	2000
225	11.46	2004	2058	0.00	194	0	0	0	nan	0.00	0.00	2.62	84.35	88.54	0.00	40	0	43	0.00	0.00	63.04	7.36	0.00	0.00	2000
234	11.08	2044	2171	0.00	213	0	0	0	nan	0.00	0.00	2.73	89.38	88.92	0.00	40	0	43	0.00	0.00	64.63	7.47	0.00	0.00	2000
226	11.25	2024	2081	0.00	198	0	0	0	nan	0.00	0.00	4.38	83.78	88.75	0.00	40	0	43	0.00	0.00	64.37	7.35	0.00	0.00	2000
227	11.32	2014	2090	0.00	197	0	0	0	nan	0.00	0.00	3.46	85.01	88.68	0.00	40	0	43	0.00	0.00	64.99	7.65	0.00	0.00	2000
237	11.72	1992	2134	0.00	211	0	0	0	nan	0.00	0.02	2.17	87.73	88.28	0.00	40	0	43	0.00	0.00	67.00	7.69	0.00	0.00	2000
225	11.23	2036	2067	0.00	194	0	0	0	nan	0.01	0.00	3.04	84.54	88.77	0.00	40	0	43	0.00	0.00	62.09	7.07	0.00	0.00	2000
227	11.44	1995	2093	0.00	194	0	0	2	94.55	0.00	0.00	3.87	84.62	88.56	0.00	40	0	43	0.00	0.00	66.47	7.83	0.00	0.00	2000
228	11.17	2030	2108	0.66	212	0	0	4	94.56	0.00	0.02	2.75	86.59	88.83	0.00	40	0	43	0.00	0.00	62.60	7.10	0.00	0.00	2000
230	11.02	2061	2127	0.00	194	0	0	0	nan	0.00	0.00	4.02	86.32	88.98	0.00	40	0	43	0.00	0.00	66.01	7.95	0.00	0.00	2000
232	11.11	2075	2117	0.00	195	0	0	0	nan	0.00	0.00	3.87	85.93	88.89	0.00	40	0	43	0.00	0.00	66.79	8.35	0.00	0.00	2000
231	11.24	2058	2094	0.00	197	0	0	0	nan	0.00	0.00	5.02	83.64	88.76	0.00	41	0	43	0.00	0.00	64.57	7.60	0.00	0.00	2000
228	11.23	2038	2093	0.00	198	0	0	0	nan	0.00	0.00	5.05	83.60	88.77	0.00	40	0	43	0.00	0.00	65.28	7.75	0.00	0.00	2000
228	11.30	2040	2075	0.00	194	0	0	0	nan	0.00	0.00	4.34	83.52	88.70	0.00	41	0	43	0.00	0.00	65.36	7.66	0.00	0.00	2000
229	11.10	2036	2132	0.00	194	0	0	0	nan	0.00	0.00	5.06	85.39	88.90	0.00	41	0	43	0.00	0.00	66.04	7.90	0.00	0.00	2000
227	11.22	2047	2079	0.00	194	0	0	0	nan	0.00	0.00	4.25	83.84	88.78	0.00	41	0	43	0.00	0.00	65.96	7.70	0.00	0.00	2000
228	10.96	2068	2110	0.00	195	0	0	0	nan	0.00	0.00	6.17	83.37	89.04	0.00	41	0	43	0.00	0.00	65.12	7.82	0.00	0.00	2000
229	11.44	1993	2108	0.00	195	0	0	0	nan	0.00	0.00	4.45	84.65	88.56	0.00	41	0	43	0.00	0.00	65.58	7.81	0.00	0.00	2000
228	11.23	2034	2097	0.00	194	0	0	0	nan	0.00	0.00	3.28	85.57	88.77	0.00	42	0	43	0.00	0.00	66.04	7.77	0.00	0.00	2000
227	11.29	2001	2105	0.00	194	0	0	0	nan	0.00	0.00	3.94	85.14	88.71	0.00	41	0	43	0.00	0.00	65.71	7.50	0.00	0.00	2000
228	11.25	2021	2104	0.00	195	0	0	0	nan	0.00	0.00	4.19	84.89	88.75	0.00	42	0	43	0.00	0.00	65.99	7.72	0.00	0.00	2000
228	11.29	2034	2085	0.00	195	0	0	0	nan	0.01	0.00	3.59	84.69	88.71	0.00	41	0	43	0.00	0.00	65.75	7.57	0.00	0.00	2000
227	11.05	2072	2082	0.00	194	0	0	0	nan	0.00	0.00	4.29	83.96	88.95	0.00	41	0	43	0.00	0.00	65.20	7.79	0.00	0.00	2000
229	11.45	2024	2075	0.00	198	0	0	0	nan	0.00	0.00	3.62	84.04	88.55	0.00	40	0	43	0.00	0.00	63.85	7.60	0.00	0.00	2000
229	10.93	2051	2146	0.00	212	0	0	2	87.85	0.00	0.00	4.94	86.22	89.07	0.00	40	0	43	0.00	0.00	67.58	7.96	0.00	0.00	2000
230	11.29	2039	2095	0.68	194	0	0	5	85.36	0.00	0.00	4.40	84.31	88.71	0.00	40	0	43	0.00	0.00	64.98	7.59	0.00	0.00	2000
231	11.21	2045	2118	0.00	194	0	0	0	nan	0.00	0.00	4.70	85.07	88.79	0.00	40	0	43	0.00	0.00	65.22	8.11	0.00	0.00	2000
226	11.18	2031	2093	0.00	195	0	0	0	nan	0.00	0.00	4.42	84.33	88.82	0.00	40	0	43	0.00	0.00	64.56	7.41	0.00	0.00	2000
226	11.36	1992	2101	0.00	195	0	0	0	nan	0.00	0.00	5.07	83.80	88.64	0.00	40	0	43	0.00	0.00	63.44	7.41	0.00	0.00	2000
228	10.92	2074	2112	0.00	194	0	0	0	nan	0.00	0.00	2.90	86.90	89.08	0.00	40	0	43	0.00	0.00	66.47	7.75	0.00	0.00	2000
224	11.10	2062	2058	0.00	194	0	0	0	nan	0.00	0.00	3.83	83.46	88.90	0.00	40	0	43	0.00	0.00	62.82	7.40	0.00	0.00	2000
227	11.18	2016	2120	0.00	194	0	0	0	nan	0.00	0.00	4.13	85.75	88.82	0.00	39	0	43	0.00	0.00	61.10	7.38	0.00	0.00	2000
142	8.81	1607	2113	0.00	231	0	0	0	nan	0.00	0.01	6.01	85.94	91.19	0.00	39	0	43	0.00	0.00	65.61	8.01	0.00	0.00	2000
