Avg_MHz	Busy%	Bzy_MHz	TSC_MHz	IPC	IRQ	NMI	SMI	LLCMRPS	LLC%hit	POLL%	C1%	C1E%	C6%	CPU%c1	CPU%c6	CoreTmp	CoreThr	PkgTmp	Pkg%pc2	Pkg%pc6	PkgWatt	RAMWatt	PKG_%	RAM_%	UncMHz
193	11.80	1611	2130	0.00	212	0	0	0	nan	0.00	0.00	31.02	58.41	88.20	0.00	38	0	43	0.00	0.00	59.87	7.32	0.00	0.00	2000
234	13.87	1767	2003	0.00	197	0	0	0	nan	0.00	0.00	5.30	76.85	86.13	0.00	38	0	43	0.00	0.00	55.30	6.77	0.00	0.00	2000
401	17.41	2179	2221	0.00	249	0	0	0	nan	0.06	1.25	17.30	69.00	82.59	0.00	38	0	43	0.00	0.00	76.44	8.67	0.00	0.00	2000
78	7.18	1077	2116	0.00	194	0	0	0	nan	0.00	0.00	13.94	79.73	92.82	0.00	38	0	43	0.00	0.00	59.09	7.42	0.00	0.00	2000
73	6.61	1112	2090	0.00	193	0	0	0	nan	0.01	0.00	2.76	90.30	93.39	0.00	38	0	43	0.00	0.00	57.76	7.36	0.00	0.00	2000
73	6.93	1051	2108	0.00	196	0	0	0	nan	0.00	0.02	3.32	90.28	93.07	0.00	38	0	43	0.00	0.00	59.45	7.62	0.00	0.00	2000
75	7.05	1055	2104	0.00	210	0	0	0	nan	0.00	0.00	2.29	90.88	92.95	0.00	38	0	43	0.00	0.00	58.04	7.45	0.00	0.00	2000
72	6.94	1044	2099	0.00	195	0	0	0	nan	0.00	0.02	3.39	89.71	93.06	0.00	38	0	43	0.00	0.00	57.59	7.68	0.00	0.00	2000
73	6.80	1073	2103	0.00	193	0	0	0	nan	0.00	0.01	3.51	89.90	93.20	0.00	37	0	43	0.00	0.00	60.35	7.67	0.00	0.00	2000
72	6.94	1031	2101	0.00	193	0	0	0	nan	0.01	0.00	3.41	89.79	93.06	0.00	38	0	43	0.00	0.00	57.13	7.48	0.00	0.00	2000
72	6.77	1068	2101	0.00	193	0	0	0	nan	0.00	0.00	2.65	90.76	93.23	0.00	38	0	43	0.00	0.00	58.09	7.48	0.00	0.00	2000
72	6.81	1062	2081	0.00	194	0	0	0	nan	0.00	0.00	2.82	89.69	93.19	0.00	38	0	43	0.00	0.00	57.96	7.54	0.00	0.00	2000
72	6.73	1070	2111	0.00	193	0	0	0	nan	0.00	0.00	2.24	91.57	93.27	0.00	38	0	43	0.00	0.00	56.59	7.18	0.00	0.00	2000
72	6.89	1047	2109	0.00	193	0	0	0	nan	0.00	0.02	2.40	91.21	93.11	0.00	37	0	43	0.00	0.00	59.38	7.60	0.00	0.00	2000
73	6.57	1115	2101	0.00	193	0	0	0	nan	0.00	0.01	3.03	90.43	93.43	0.00	37	0	43	0.00	0.00	59.28	7.62	0.00	0.00	2000
71	6.72	1065	2096	0.00	195	0	0	1	89.20	0.00	0.00	2.94	90.23	93.28	0.00	37	0	43	0.00	0.00	58.97	7.49	0.00	0.00	2000
72	6.76	1078	2076	0.08	194	0	0	1	85.49	0.00	0.02	2.59	89.75	93.24	0.00	38	0	43	0.00	0.00	56.95	7.27	0.00	0.00	2000
72	6.91	1027	2121	0.00	192	0	0	0	nan	0.00	0.02	1.92	92.17	93.09	0.00	38	0	43	0.00	0.00	58.44	7.43	0.00	0.00	2000
72	6.76	1075	2094	0.00	193	0	0	0	nan	0.00	0.00	2.66	90.46	93.24	0.00	38	0	43	0.00	0.00	58.34	7.39	0.00	0.00	2000
146	8.83	1642	2109	0.00	211	0	0	0	nan	0.01	0.07	5.18	86.35	91.17	0.00	39	0	43	0.00	0.00	60.50	7.56	0.00	0.00	2000
228	11.10	2069	2085	0.00	202	0	0	0	nan	0.00	0.02	3.27	85.14	88.90	0.00	40	0	43	0.00	0.00	65.07	7.54	0.00	0.00	2000
229	11.03	2076	2099	0.00	202	0	0	0	nan	0.00	0.02	2.54	86.46	88.97	0.00	41	0	43	0.00	0.00	64.26	7.36	0.00	0.00	2000
234	11.42	2037	2114	0.00	203	0	0	0	nan	0.00	0.02	3.20	86.18	88.60	0.00	41	0	43	0.00	0.00	65.77	7.74	0.00	0.00	2000
236	11.24	2104	2096	0.00	207	0	0	0	nan	0.00	0.00	4.71	83.88	88.76	0.00	40	0	43	0.00	0.00	64.58	7.59	0.00	0.00	2000
230	10.93	2110	2095	0.00	198	0	0	0	nan	0.00	0.02	6.14	82.90	89.07	0.00	38	0	43	0.00	0.00	66.75	8.08	0.00	0.00	2000
233	11.37	2037	2111	0.00	200	0	0	0	nan	0.00	0.03	4.17	85.11	88.63	0.00	39	0	43	0.00	0.00	66.73	7.84	0.00	0.00	2000
228	11.21	2030	2101	0.00	200	0	0	0	nan	0.00	0.02	3.71	85.30	88.79	0.00	39	0	43	0.00	0.00	65.43	7.63	0.00	0.00	2000
251	12.12	2073	2099	0.00	197	0	0	0	nan	0.00	0.00	4.65	83.32	87.88	0.00	39	0	43	0.00	0.00	65.36	7.69	0.00	0.00	2000
233	11.38	2053	2092	0.00	200	0	0	0	nan	0.00	0.00	4.30	84.08	88.62	0.00	40	0	43	0.00	0.00	65.31	7.60	0.00	0.00	2000
230	11.57	1981	2109	0.00	196	0	0	0	nan	0.00	0.02	5.63	83.31	88.43	0.00	40	0	44	0.00	0.00	64.53	7.49	0.00	0.00	2000
229	11.33	2021	2104	0.00	196	0	0	0	nan	0.00	0.00	4.99	83.88	88.67	0.00	40	0	43	0.00	0.00	66.39	7.76	0.00	0.00	2000
226	11.02	2078	2073	0.00	200	0	0	0	nan	0.00	0.00	5.16	82.82	88.98	0.00	41	0	43	0.00	0.00	64.53	7.40	0.00	0.00	2000
233	11.21	2059	2117	0.00	199	0	0	0	nan	0.00	0.01	5.41	84.23	88.79	0.00	40	0	43	0.00	0.00	64.94	7.57	0.00	0.00	2000
231	11.33	2036	2103	0.77	201	0	0	19	97.76	0.00	0.01	5.59	83.42	88.67	0.00	41	0	43	0.00	0.00	65.61	7.36	0.00	0.00	2000
226	11.13	2047	2084	0.05	194	0	0	0	nan	0.00	0.00	5.44	82.97	88.87	0.00	41	0	43	0.00	0.00	63.14	7.38	0.00	0.00	2000
229	11.08	2057	2111	0.00	200	0	0	0	nan	0.00	0.03	4.24	85.31	88.92	0.00	41	0	43	0.00	0.00	65.41	7.62	0.00	0.00	2000
229	11.07	2084	2083	0.00	198	0	0	0	nan	0.00	0.00	4.61	83.77	88.93	0.00	41	0	43	0.00	0.00	61.98	7.21	0.00	0.00	2000
232	11.23	2038	2130	0.00	197	0	0	0	nan	0.00	0.00	3.84	86.40	88.77	0.00	41	0	43	0.00	0.00	66.22	7.68	0.00	0.00	2000
232	11.20	2073	2100	0.00	199	0	0	0	nan	0.00	0.00	5.24	83.69	88.80	0.00	41	0	43	0.00	0.00	64.51	7.49	0.00	0.00	2000
228	11.16	2045	2099	0.00	195	0	0	0	nan	0.00	0.82	5.29	82.79	88.84	0.00	41	0	44	0.00	0.00	65.09	7.43	0.00	0.00	2000
228	11.15	2058	2088	0.00	197	0	0	0	nan	0.00	0.00	7.48	81.00	88.85	0.00	41	0	44	0.00	0.00	64.09	7.24	0.00	0.00	2000
230	11.39	2012	2113	0.00	197	0	0	0	nan	0.00	0.02	4.85	84.48	88.61	0.00	41	0	43	0.00	0.00	65.78	7.54	0.00	0.00	2000
230	11.46	2011	2101	0.00	200	0	0	0	nan	0.00	0.00	5.08	83.70	88.54	0.00	40	0	43	0.00	0.00	64.76	7.61	0.00	0.00	2000
239	12.36	1995	2038	0.00	214	0	0	0	nan	0.00	0.00	8.63	76.57	87.64	0.00	38	0	43	0.00	0.00	63.87	7.58	0.00	0.00	2000
231	10.86	2094	2133	0.00	217	0	0	0	nan	0.00	0.00	7.26	83.36	89.14	0.00	39	0	43	0.00	0.00	64.46	7.46	0.00	0.00	2000
234	11.35	2039	2121	0.00	208	0	0	0	nan	0.00	0.00	5.34	84.42	88.65	0.00	38	0	43	0.00	0.00	68.53	7.94	0.00	0.00	2000
232	11.84	2026	2029	0.00	198	0	0	0	nan	0.00	0.00	6.35	79.02	88.16	0.00	38	0	43	0.00	0.00	61.25	7.11	0.00	0.00	2000
236	11.04	2063	2176	0.00	213	0	0	0	nan	0.00	0.00	4.91	87.37	88.96	0.00	38	0	43	0.00	0.00	68.86	8.12	0.00	0.00	2000
239	11.34	2116	2090	0.00	181	0	0	0	nan	0.04	0.02	8.48	79.82	88.66	0.00	38	0	43	0.00	0.00	63.22	7.58	0.00	0.00	2000
231	11.18	2049	2117	0.00	213	0	0	0	nan	0.00	0.00	8.15	81.50	88.82	0.00	38	0	44	0.00	0.00	63.57	7.66	0.00	0.00	2000
231	11.23	2065	2095	0.58	179	0	0	10	66.43	0.00	0.02	6.52	82.17	88.77	0.00	38	0	43	0.00	0.00	64.80	7.70	0.00	0.00	2000
232	11.09	2078	2110	0.14	195	0	0	0	nan	0.00	0.00	7.07	82.30	88.91	0.00	38	0	43	0.00	0.00	66.06	7.87	0.00	0.00	2000
365	18.19	2302	1833	0.00	196	0	0	0	nan	0.00	0.00	4.83	66.65	81.81	0.00	39	0	43	0.00	0.00	55.99	6.96	0.00	0.00	2000
690	27.26	2500	2125	0.00	250	0	0	0	nan	0.00	0.44	2.57	70.75	72.74	0.00	39	0	43	0.00	0.00	73.16	9.05	0.00	0.00	2000
692	27.60	2500	2106	0.00	260	0	0	0	nan	0.00	0.38	5.65	66.70	72.40	0.00	39	0	43	0.00	0.00	72.87	8.69	0.00	0.00	2000
690	27.65	2500	2096	0.00	230	0	0	0	nan	0.00	0.00	6.01	66.33	72.35	0.00	39	0	43	0.00	0.00	73.01	8.71	0.00	0.00	2000
694	27.68	2500	2105	0.00	261	0	0	0	nan	0.00	0.00	5.74	66.90	72.32	0.00	40	0	43	0.00	0.00	72.70	8.64	0.00	0.00	2000
401	15.40	2306	2370	0.00	233	0	0	0	nan	0.00	0.00	10.11	85.47	84.60	0.00	38	0	43	0.00	0.00	81.71	9.76	0.00	0.00	2000
231	11.46	2073	2038	0.00	213	0	0	0	nan	0.00	0.00	6.97	79.00	88.54	0.00	38	0	43	0.00	0.00	59.72	7.40	0.00	0.00	2000
235	10.92	2076	2177	0.00	197	0	0	0	nan	0.04	0.00	7.12	85.23	89.08	0.00	38	0	43	0.00	0.00	67.03	8.31	0.00	0.00	2000
233	11.08	2085	2120	0.00	219	0	0	0	nan	0.00	0.00	10.29	79.48	88.92	0.00	38	0	43	0.00	0.00	65.90	8.13	0.00	0.00	2000
215	11.17	1933	2094	0.00	211	0	0	0	nan	0.04	0.02	8.56	80.19	88.83	0.00	39	0	43	0.00	0.00	64.14	7.56	0.00	0.00	2000
78	6.87	1137	2093	0.00	209	0	0	0	nan	0.01	0.00	6.65	86.26	93.13	0.00	38	0	43	0.00	0.00	59.85	7.38	0.00	0.00	2000
74	6.95	1059	2099	0.00	193	0	0	0	nan	0.00	0.02	3.75	89.31	93.05	0.00	38	0	43	0.00	0.00	58.85	7.55	0.00	0.00	2000
