Avg_MHz	Busy%	Bzy_MHz	TSC_MHz	IPC	IRQ	NMI	SMI	LLCMRPS	LLC%hit	POLL%	C1%	C1E%	C6%	CPU%c1	CPU%c6	CoreTmp	CoreThr	PkgTmp	Pkg%pc2	Pkg%pc6	PkgWatt	RAMWatt	PKG_%	RAM_%	UncMHz
273	15.54	1721	2143	0.00	237	0	0	0	nan	0.00	0.03	30.74	55.58	84.46	0.00	38	0	43	0.00	0.00	62.63	7.75	0.00	0.00	2000
361	16.62	2147	2126	0.00	215	0	0	0	nan	0.04	1.51	20.30	62.78	83.38	0.00	38	0	43	0.00	0.00	66.08	7.46	0.00	0.00	2000
77	6.86	1126	2108	0.00	194	0	0	0	nan	0.00	0.00	7.60	86.01	93.14	0.00	38	0	43	0.00	0.00	61.90	7.74	0.00	0.00	2000
71	7.00	1032	2074	0.00	198	0	0	0	nan	0.00	0.02	2.54	89.48	93.00	0.00	38	0	43	0.00	0.00	55.90	7.23	0.00	0.00	2000
73	7.21	997	2129	0.00	205	0	0	0	nan	0.00	0.00	4.05	90.22	92.79	0.00	38	0	43	0.00	0.00	60.10	7.69	0.00	0.00	2000
73	6.64	1097	2106	0.00	193	0	0	0	nan	0.00	0.02	2.79	90.96	93.36	0.00	38	0	43	0.00	0.00	60.12	7.86	0.00	0.00	2000
72	6.94	1041	2094	0.00	194	0	0	0	nan	0.00	0.00	3.44	89.53	93.06	0.00	38	0	43	0.00	0.00	57.19	7.55	0.00	0.00	2000
72	6.73	1067	2104	0.00	194	0	0	0	nan	0.00	0.00	3.40	90.11	93.27	0.00	38	0	43	0.00	0.00	58.17	7.41	0.00	0.00	2000
73	6.68	1100	2095	0.00	193	0	0	0	nan	0.00	0.02	3.29	89.80	93.32	0.00	38	0	43	0.00	0.00	57.59	7.50	0.00	0.00	2000
71	6.60	1087	2093	0.00	193	0	0	0	nan	0.00	0.00	2.22	90.98	93.40	0.00	38	0	43	0.00	0.00	59.05	7.54	0.00	0.00	2000
74	6.84	1071	2109	0.00	210	0	0	0	nan	0.00	0.00	2.73	90.88	93.16	0.00	38	0	43	0.00	0.00	58.97	7.44	0.00	0.00	2000
73	6.53	1132	2084	0.00	177	0	0	0	nan	0.00	0.02	2.92	89.81	93.47	0.00	38	0	43	0.00	0.00	56.15	7.24	0.00	0.00	2000
74	6.55	1127	2109	0.00	193	0	0	0	nan	0.00	0.03	2.62	91.15	93.45	0.00	38	0	43	0.00	0.00	60.86	7.89	0.00	0.00	2000
72	6.87	1048	2113	0.00	193	0	0	0	nan	0.00	0.01	2.95	90.86	93.13	0.00	38	0	43	0.00	0.00	57.13	7.38	0.00	0.00	2000
73	6.67	1095	2092	0.00	193	0	0	0	nan	0.00	0.01	2.84	90.21	93.33	0.00	37	0	43	0.00	0.00	57.95	7.42	0.00	0.00	2000
72	6.84	1052	2106	0.00	193	0	0	0	85.09	0.00	0.01	2.18	91.31	93.16	0.00	38	0	43	0.00	0.00	59.58	7.77	0.00	0.00	2000
73	6.95	1060	2073	0.30	196	0	0	2	78.11	0.00	0.01	2.62	89.35	93.05	0.00	38	0	43	0.00	0.00	57.02	7.38	0.00	0.00	2000
72	6.80	1056	2098	0.05	193	0	0	0	nan	0.00	0.00	2.13	91.12	93.20	0.00	37	0	43	0.00	0.00	57.73	7.28	0.00	0.00	2000
154	9.02	1730	2077	0.00	203	0	0	0	nan	0.00	1.34	5.56	83.22	90.98	0.00	38	0	43	0.00	0.00	61.75	7.65	0.00	0.00	2000
229	10.84	2071	2143	0.00	214	0	0	0	nan	0.00	1.12	5.16	84.94	89.16	0.00	39	0	43	0.00	0.00	65.28	7.57	0.00	0.00	2000
229	11.63	1969	2104	0.00	195	0	0	0	nan	0.00	0.00	6.38	82.35	88.37	0.00	39	0	43	0.00	0.00	67.25	7.80	0.00	0.00	2000
230	11.43	2026	2087	0.00	205	0	0	0	nan	0.00	0.00	6.45	81.78	88.57	0.00	39	0	43	0.00	0.00	62.46	7.34	0.00	0.00	2000
228	11.51	1967	2116	0.00	194	0	0	0	nan	0.00	0.03	7.53	81.74	88.49	0.00	39	0	43	0.00	0.00	67.38	7.92	0.00	0.00	2000
232	11.32	2051	2100	0.00	198	0	0	0	nan	0.00	0.02	6.73	82.04	88.68	0.00	39	0	43	0.00	0.00	63.44	7.39	0.00	0.00	2000
230	11.43	2014	2094	0.00	198	0	0	0	nan	0.00	0.00	5.46	83.01	88.57	0.00	39	0	43	0.00	0.00	67.95	7.89	0.00	0.00	2000
232	11.77	1993	2073	0.00	201	0	0	0	nan	0.00	0.02	3.84	83.41	88.23	0.00	39	0	43	0.00	0.00	64.76	7.66	0.00	0.00	2000
241	11.40	2077	2139	0.00	203	0	0	0	nan	0.00	0.00	3.81	86.42	88.60	0.00	39	0	43	0.00	0.00	67.10	7.83	0.00	0.00	2000
230	10.99	2094	2094	0.00	199	0	0	0	nan	0.00	0.00	5.88	83.04	89.01	0.00	39	0	43	0.00	0.00	66.20	7.69	0.00	0.00	2000
225	11.11	2058	2065	0.00	198	0	0	0	nan	0.00	0.00	4.06	83.39	88.89	0.00	40	0	43	0.00	0.00	63.15	7.36	0.00	0.00	2000
229	11.09	2062	2103	0.00	196	0	0	0	nan	0.00	0.02	2.73	86.43	88.91	0.00	40	0	43	0.00	0.00	64.07	7.44	0.00	0.00	2000
227	11.21	2080	2045	0.00	198	0	0	0	nan	0.01	0.03	1.80	84.79	88.79	0.00	40	0	43	0.00	0.00	62.15	7.11	0.00	0.00	2000
235	11.34	2034	2138	0.00	221	0	0	0	nan	0.00	0.07	2.85	87.35	88.66	0.00	40	0	43	0.00	0.00	64.93	7.79	0.00	0.00	2000
255	11.71	2146	2134	0.00	221	0	0	3	96.52	0.00	0.02	7.23	82.61	88.29	0.00	41	0	43	0.00	0.00	67.48	7.49	0.00	0.00	2000
229	11.31	2009	2116	0.70	196	0	0	17	95.93	0.00	0.00	5.57	84.01	88.69	0.00	40	0	43	0.00	0.00	65.21	7.55	0.00	0.00	2000
226	11.38	2027	2057	0.00	197	0	0	0	nan	0.00	0.00	5.54	81.48	88.62	0.00	40	0	43	0.00	0.00	63.01	7.27	0.00	0.00	2000
235	11.58	2007	2127	0.00	196	0	0	0	nan	0.00	0.02	5.30	84.44	88.42	0.00	40	0	43	0.00	0.00	66.92	7.76	0.00	0.00	2000
230	10.96	2090	2107	0.00	205	0	0	0	nan	0.00	0.01	5.39	84.05	89.04	0.00	41	0	43	0.00	0.00	65.19	7.49	0.00	0.00	2000
230	11.21	2052	2099	0.00	200	0	0	0	nan	0.00	0.05	6.22	82.68	88.79	0.00	41	0	43	0.00	0.00	65.01	7.51	0.00	0.00	2000
230	11.04	2079	2105	0.00	200	0	0	0	nan	0.00	0.02	2.76	86.55	88.96	0.00	41	0	43	0.00	0.00	64.91	7.33	0.00	0.00	2000
227	11.08	2102	2046	0.00	199	0	0	0	nan	0.01	0.00	3.57	83.22	88.92	0.00	41	0	43	0.00	0.00	60.85	7.22	0.00	0.00	2000
227	11.33	2015	2084	0.00	217	0	0	0	nan	0.00	0.00	3.78	84.45	88.67	0.00	41	0	43	0.00	0.00	66.32	7.65	0.00	0.00	2000
229	11.17	2043	2106	0.00	213	0	0	0	nan	0.00	1.41	2.94	84.94	88.83	0.00	40	0	43	0.00	0.00	62.72	7.12	0.00	0.00	2000
230	11.06	2041	2140	0.00	212	0	0	0	nan	0.00	0.98	4.70	85.16	88.94	0.00	39	0	43	0.00	0.00	66.38	7.70	0.00	0.00	2000
235	11.17	2072	2129	0.00	216	0	0	0	nan	0.00	0.01	3.89	86.32	88.83	0.00	39	0	43	0.00	0.00	67.45	7.86	0.00	0.00	2000
233	11.49	2024	2106	0.00	202	0	0	0	nan	0.00	0.01	6.53	82.43	88.51	0.00	39	0	43	0.00	0.00	65.79	7.72	0.00	0.00	2000
227	11.31	2017	2087	0.00	197	0	0	0	nan	0.00	0.00	7.70	80.58	88.69	0.00	39	0	43	0.00	0.00	62.60	7.19	0.00	0.00	2000
232	11.32	2039	2107	0.00	196	0	0	0	nan	0.00	0.00	7.08	82.01	88.68	0.00	39	0	43	0.00	0.00	68.11	8.10	0.00	0.00	2000
226	11.26	2039	2067	0.00	199	0	0	0	nan	0.00	0.00	5.73	81.83	88.74	0.00	39	0	43	0.00	0.00	61.53	7.31	0.00	0.00	2000
234	11.16	2057	2137	0.00	200	0	0	0	nan	0.00	0.00	4.38	86.10	88.84	0.00	39	0	43	0.00	0.00	69.02	8.05	0.00	0.00	2000
232	11.27	2057	2098	0.00	203	0	0	6	79.16	0.00	0.02	4.47	84.26	88.73	0.00	40	0	43	0.00	0.00	63.73	7.36	0.00	0.00	2000
227	11.06	2083	2071	0.57	197	0	0	14	84.64	0.00	0.00	4.59	83.22	88.94	0.00	40	0	43	0.00	0.00	62.70	7.37	0.00	0.00	2000
237	11.55	2125	2027	0.00	202	0	0	0	nan	0.00	0.01	5.16	80.38	88.45	0.00	38	0	43	0.00	0.00	61.06	7.11	0.00	0.00	2000
359	15.72	2257	2124	0.00	253	0	0	0	nan	0.00	0.67	5.51	79.13	84.28	0.00	39	0	43	0.00	0.00	72.89	8.20	0.00	0.00	2000
236	10.90	2068	2198	0.00	221	0	0	0	nan	0.00	0.00	11.70	81.73	89.10	0.00	38	0	43	0.00	0.00	66.75	7.67	0.00	0.00	2000
231	11.00	2098	2099	0.00	200	0	0	0	nan	0.00	0.06	4.18	84.89	89.00	0.00	38	0	43	0.00	0.00	65.21	7.72	0.00	0.00	2000
229	10.90	2101	2097	0.00	195	0	0	0	nan	0.00	0.03	3.60	85.44	89.10	0.00	39	0	43	0.00	0.00	64.85	7.53	0.00	0.00	2000
232	11.01	2100	2104	0.00	201	0	0	0	nan	0.00	0.03	7.53	81.64	88.99	0.00	39	0	43	0.00	0.00	63.14	7.44	0.00	0.00	2000
228	11.03	2073	2096	0.00	181	0	0	0	nan	0.00	0.00	7.55	81.31	88.97	0.00	39	0	43	0.00	0.00	65.36	7.71	0.00	0.00	2000
232	11.10	2084	2106	0.00	194	0	0	0	nan	0.04	0.02	7.12	82.01	88.90	0.00	39	0	43	0.00	0.00	65.88	7.75	0.00	0.00	2000
231	11.24	2062	2097	0.00	196	0	0	0	nan	0.00	0.02	7.20	81.49	88.76	0.00	38	0	43	0.00	0.00	62.86	7.33	0.00	0.00	2000
230	11.27	2038	2099	0.00	195	0	0	0	nan	0.00	0.00	6.86	81.99	88.73	0.00	39	0	43	0.00	0.00	64.52	7.63	0.00	0.00	2000
229	11.07	2064	2104	0.00	195	0	0	0	nan	0.00	0.00	7.46	81.74	88.93	0.00	39	0	43	0.00	0.00	63.36	7.37	0.00	0.00	2000
229	11.11	2062	2099	0.00	179	0	0	0	nan	0.00	0.00	6.79	82.10	88.89	0.00	39	0	43	0.00	0.00	65.85	7.90	0.00	0.00	2000
229	11.11	2061	2101	0.00	197	0	0	0	nan	0.00	0.02	5.96	83.14	88.89	0.00	39	0	43	0.00	0.00	63.09	7.38	0.00	0.00	2000
229	11.25	2048	2085	0.00	196	0	0	0	nan	0.00	0.00	6.10	82.20	88.75	0.00	39	0	43	0.00	0.00	64.29	7.58	0.00	0.00	2000
231	11.19	2049	2116	0.00	199	0	0	0	nan	0.00	0.01	6.41	83.17	88.81	0.00	39	0	43	0.00	0.00	64.05	7.54	0.00	0.00	2000
228	10.94	2093	2095	0.00	194	0	0	1	85.77	0.00	0.00	7.84	81.11	89.06	0.00	39	0	43	0.00	0.00	64.58	7.79	0.00	0.00	2000
230	11.15	2077	2081	0.60	188	0	0	7	57.36	0.00	0.00	6.88	81.29	88.85	0.00	39	0	43	0.00	0.00	63.04	7.63	0.00	0.00	2000
235	10.98	2124	2116	0.01	206	0	0	0	nan	0.00	0.05	4.43	85.28	89.02	0.00	39	0	43	0.00	0.00	66.14	8.10	0.00	0.00	2000
150	8.53	1768	2090	0.00	197	0	0	0	nan	0.00	2.15	4.62	84.50	91.47	0.00	38	0	43	0.00	0.00	62.82	7.58	0.00	0.00	2000
80	7.42	1074	2115	0.00	195	0	0	0	nan	0.00	0.01	5.92	87.36	92.58	0.00	38	0	43	0.00	0.00	60.09	7.62	0.00	0.00	2000
185	9.73	1912	2089	0.00	213	0	0	0	nan	0.00	0.02	5.18	84.66	90.27	0.00	40	0	43	0.00	0.00	62.19	7.41	0.00	0.00	2000
229	10.85	2109	2101	0.00	203	0	0	0	nan	0.00	0.01	4.11	85.12	89.15	0.00	41	0	43	0.00	0.00	65.55	7.57	0.00	0.00	2000
225	10.94	2073	2084	0.00	212	0	0	0	nan	0.00	0.00	5.07	83.39	89.06	0.00	41	0	43	0.00	0.00	64.17	7.49	0.00	0.00	2000
135	8.73	1550	2096	0.00	224	0	0	0	nan	0.00	0.02	5.11	86.12	91.27	0.00	39	0	43	0.00	0.00	61.57	7.54	0.00	0.00	2000
82	7.16	1130	2123	0.00	200	0	0	0	nan	0.04	0.00	7.16	86.58	92.84	0.00	38	0	43	0.00	0.00	59.32	7.56	0.00	0.00	2000
206	10.45	1977	2098	0.00	212	0	0	0	nan	0.00	0.00	5.85	83.74	89.55	0.00	40	0	43	0.00	0.00	63.88	7.48	0.00	0.00	2000
231	11.22	2049	2111	0.00	210	0	0	0	nan	0.01	0.00	3.85	85.60	88.78	0.00	41	0	43	0.00	0.00	65.40	7.28	0.00	0.00	2000
228	10.78	2120	2092	0.00	202	0	0	0	nan	0.00	0.00	3.60	85.39	89.22	0.00	41	0	43	0.00	0.00	64.43	7.51	0.00	0.00	2000
224	10.98	2070	2074	0.00	202	0	0	0	nan	0.00	0.02	3.51	84.51	89.02	0.00	41	0	43	0.00	0.00	64.90	7.52	0.00	0.00	2000
233	11.05	2095	2112	0.00	203	0	0	0	nan	0.00	0.03	2.54	87.01	88.95	0.00	42	0	43	0.00	0.00	65.01	7.53	0.00	0.00	2000
234	11.55	2003	2121	0.00	214	0	0	0	nan	0.00	0.00	3.65	85.88	88.45	0.00	42	0	43	0.00	0.00	64.97	7.14	0.00	0.00	2000
249	12.75	2067	1987	0.00	204	0	0	0	nan	0.00	0.21	4.07	78.47	87.25	0.00	41	0	43	0.00	0.00	58.87	7.32	0.00	0.00	2000
230	10.93	1995	2219	0.00	233	0	0	1	88.39	0.00	1.00	10.16	83.10	89.07	0.00	39	0	43	0.00	0.00	71.98	8.53	0.00	0.00	2000
108	7.81	1401	2075	0.39	221	0	0	9	70.50	0.00	0.00	9.98	81.28	92.19	0.00	38	0	43	0.00	0.00	59.93	7.28	0.00	0.00	2000
139	9.01	1486	2177	0.00	66	0	0	0	nan	0.00	0.00	11.45	82.74	90.99	0.00	38	0	43	0.00	0.00	62.79	7.91	0.00	0.00	2000
