Avg_MHz	Busy%	Bzy_MHz	TSC_MHz	IPC	IRQ	NMI	SMI	LLCMRPS	LLC%hit	POLL%	C1%	C1E%	C6%	CPU%c1	CPU%c6	CoreTmp	CoreThr	PkgTmp	Pkg%pc2	Pkg%pc6	PkgWatt	RAMWatt	PKG_%	RAM_%	UncMHz
350	16.52	2017	2207	0.00	253	0	0	0	nan	0.00	0.02	29.34	58.34	83.48	0.00	38	0	42	0.00	0.00	65.98	7.88	0.00	0.00	2000
366	16.07	2255	2120	0.00	205	0	0	0	nan	0.07	1.01	16.62	67.27	83.93	0.00	39	0	43	0.00	0.00	69.74	7.59	0.00	0.00	2000
78	6.80	1149	2099	0.00	195	0	0	0	nan	0.00	0.00	7.56	85.43	93.20	0.00	38	0	43	0.00	0.00	59.61	7.44	0.00	0.00	2000
112	7.65	1452	2125	0.00	199	0	0	0	nan	0.00	0.00	4.54	88.82	92.35	0.00	38	0	43	0.00	0.00	61.19	7.56	0.00	0.00	2000
74	6.46	1149	2098	0.00	195	0	0	0	nan	0.00	0.00	3.38	90.09	93.54	0.00	38	0	43	0.00	0.00	56.19	7.08	0.00	0.00	2000
72	6.85	1055	2099	0.00	193	0	0	0	nan	0.00	0.00	3.01	90.04	93.15	0.00	38	0	43	0.00	0.00	57.91	7.39	0.00	0.00	2000
74	6.55	1129	2094	0.00	194	0	0	0	nan	0.00	0.04	3.53	89.63	93.45	0.00	38	0	42	0.00	0.00	58.66	7.42	0.00	0.00	2000
73	6.47	1122	2102	0.00	193	0	0	0	nan	0.00	0.00	2.73	90.91	93.53	0.00	38	0	43	0.00	0.00	58.51	7.45	0.00	0.00	2000
73	6.38	1153	2095	0.00	193	0	0	0	nan	0.00	0.00	3.33	90.03	93.62	0.00	38	0	43	0.00	0.00	58.98	7.48	0.00	0.00	2000
71	6.58	1096	2079	0.00	195	0	0	0	nan	0.00	0.00	2.53	89.89	93.42	0.00	38	0	43	0.00	0.00	57.25	7.33	0.00	0.00	2000
73	6.74	1082	2095	0.00	195	0	0	0	nan	0.00	0.02	1.88	91.12	93.26	0.00	38	0	43	0.00	0.00	58.54	7.46	0.00	0.00	2000
71	7.02	1010	2102	0.00	209	0	0	0	nan	0.00	0.00	4.04	89.09	92.98	0.00	38	0	43	0.00	0.00	57.26	7.23	0.00	0.00	2000
73	6.76	1070	2124	0.00	193	0	0	0	nan	0.00	0.00	3.60	90.77	93.24	0.00	38	0	43	0.00	0.00	60.29	7.86	0.00	0.00	2000
72	6.70	1075	2109	0.00	194	0	0	0	nan	0.00	0.00	2.55	91.11	93.30	0.00	38	0	43	0.00	0.00	58.57	7.41	0.00	0.00	2000
73	6.76	1078	2095	0.00	194	0	0	0	nan	0.00	0.02	3.05	90.08	93.24	0.00	38	0	43	0.00	0.00	58.43	7.49	0.00	0.00	2000
69	6.61	1054	2077	0.00	193	0	0	1	89.46	0.01	0.00	2.90	89.52	93.39	0.00	38	0	43	0.00	0.00	56.97	7.16	0.00	0.00	2000
74	6.53	1128	2095	0.29	193	0	0	1	86.88	0.00	0.00	2.02	91.16	93.47	0.00	38	0	42	0.00	0.00	57.55	7.15	0.00	0.00	2000
71	6.68	1065	2102	0.02	193	0	0	0	nan	0.00	0.03	1.87	91.54	93.32	0.00	38	0	43	0.00	0.00	59.55	7.36	0.00	0.00	2000
152	9.32	1632	2103	0.00	231	0	0	0	nan	0.00	0.00	6.11	84.77	90.68	0.00	39	0	43	0.00	0.00	62.42	7.52	0.00	0.00	2000
232	11.17	2054	2121	0.00	219	0	0	0	nan	0.00	0.00	3.95	85.86	88.83	0.00	40	0	43	0.00	0.00	65.42	7.31	0.00	0.00	2000
231	11.42	2025	2093	0.00	202	0	0	0	nan	0.00	0.02	3.67	84.70	88.58	0.00	40	0	42	0.00	0.00	64.02	7.24	0.00	0.00	2000
231	10.89	2123	2098	0.00	210	0	0	0	nan	0.00	0.00	4.03	85.09	89.11	0.00	41	0	43	0.00	0.00	63.21	7.22	0.00	0.00	2000
235	11.08	2112	2112	0.00	198	0	0	0	nan	0.00	0.49	5.76	83.18	88.92	0.00	39	0	43	0.00	0.00	66.65	7.69	0.00	0.00	2000
232	11.37	2041	2100	0.00	201	0	0	0	nan	0.00	0.00	7.41	81.35	88.63	0.00	39	0	43	0.00	0.00	65.99	7.90	0.00	0.00	2000
224	11.21	2072	2022	0.00	198	0	0	0	nan	0.00	0.00	4.76	80.86	88.79	0.00	39	0	43	0.00	0.00	55.43	6.46	0.00	0.00	2000
238	10.71	2107	2212	0.00	251	0	0	0	nan	0.00	0.00	6.13	87.84	89.29	0.00	38	0	43	0.00	0.00	79.93	9.05	0.00	0.00	2000
230	11.17	2076	2085	0.00	197	0	0	0	nan	0.00	0.00	5.50	82.79	88.83	0.00	38	0	43	0.00	0.00	66.81	7.80	0.00	0.00	2000
230	11.13	2068	2100	0.00	199	0	0	0	nan	0.00	0.01	3.90	84.88	88.87	0.00	39	0	42	0.00	0.00	65.44	7.42	0.00	0.00	2000
229	11.38	2015	2101	0.00	200	0	0	0	nan	0.00	0.00	3.87	84.89	88.62	0.00	39	0	43	0.00	0.00	64.97	7.44	0.00	0.00	2000
230	11.02	2099	2084	0.00	197	0	0	0	nan	0.00	0.00	4.55	83.86	88.98	0.00	39	0	43	0.00	0.00	63.45	6.89	0.00	0.00	2000
229	11.03	2086	2087	0.00	208	0	0	0	nan	0.00	0.00	3.55	85.02	88.97	0.00	39	0	43	0.00	0.00	61.79	7.43	0.00	0.00	2000
233	11.01	2074	2140	0.00	214	0	0	0	nan	0.00	0.02	4.53	86.25	88.99	0.00	39	0	43	0.00	0.00	69.38	7.99	0.00	0.00	2000
223	10.72	2133	2051	0.18	197	0	0	12	82.02	0.00	0.00	3.94	83.33	89.28	0.00	39	0	43	0.00	0.00	60.51	7.03	0.00	0.00	2000
236	11.20	2068	2137	0.43	215	0	0	4	93.88	0.00	0.04	4.45	86.04	88.80	0.00	39	0	43	0.00	0.00	66.71	7.66	0.00	0.00	2000
260	12.68	2038	2112	0.00	221	0	0	0	nan	0.00	0.00	5.16	82.76	87.32	0.00	39	0	43	0.00	0.00	68.05	7.60	0.00	0.00	2000
228	11.15	2063	2080	0.00	197	0	0	0	nan	0.00	0.00	4.92	83.11	88.85	0.00	39	0	43	0.00	0.00	61.02	6.89	0.00	0.00	2000
229	11.56	2044	2037	0.00	195	0	0	0	nan	0.00	0.00	4.15	81.74	88.44	0.00	39	0	43	0.00	0.00	60.56	6.99	0.00	0.00	2000
235	10.74	2096	2192	0.00	243	0	0	0	nan	0.00	0.02	3.69	89.49	89.26	0.00	38	0	43	0.00	0.00	72.44	8.10	0.00	0.00	2000
234	11.38	2048	2108	0.00	198	0	0	0	nan	0.00	0.00	4.01	85.05	88.62	0.00	39	0	43	0.00	0.00	67.96	7.80	0.00	0.00	2000
226	11.40	2007	2072	0.00	195	0	0	0	nan	0.00	0.02	3.14	84.36	88.60	0.00	39	0	43	0.00	0.00	62.18	7.01	0.00	0.00	2000
233	11.18	2062	2124	0.00	211	0	0	0	nan	0.00	0.00	3.25	86.71	88.82	0.00	40	0	43	0.00	0.00	65.09	7.46	0.00	0.00	2000
231	10.84	2116	2113	0.00	195	0	0	0	nan	0.00	0.00	4.72	85.07	89.16	0.00	40	0	43	0.00	0.00	65.97	7.42	0.00	0.00	2000
228	11.14	2074	2075	0.00	197	0	0	0	nan	0.00	0.00	4.45	83.45	88.86	0.00	39	0	43	0.00	0.00	63.06	7.17	0.00	0.00	2000
232	11.08	2086	2108	0.00	197	0	0	0	nan	0.00	0.00	4.35	85.03	88.92	0.00	40	0	43	0.00	0.00	66.46	7.85	0.00	0.00	2000
232	10.92	2128	2093	0.00	193	0	0	0	nan	0.00	0.00	2.53	86.36	89.08	0.00	39	0	43	0.00	0.00	64.52	7.42	0.00	0.00	2000
231	11.18	2049	2121	0.00	195	0	0	0	nan	0.00	0.01	2.87	86.94	88.82	0.00	39	0	43	0.00	0.00	68.90	7.88	0.00	0.00	2000
234	11.29	2070	2103	0.00	195	0	0	0	nan	0.00	0.00	3.01	85.96	88.71	0.00	39	0	43	0.00	0.00	64.83	7.51	0.00	0.00	2000
228	11.19	2062	2080	0.00	195	0	0	0	nan	0.00	0.00	2.28	85.79	88.81	0.00	39	0	43	0.00	0.00	64.18	7.28	0.00	0.00	2000
236	11.61	2130	2003	0.00	215	0	0	0	nan	0.01	0.00	3.55	80.82	88.39	0.00	38	0	43	0.00	0.00	58.95	7.08	0.00	0.00	2000
237	10.94	2046	2222	0.45	194	0	0	6	62.86	0.00	0.00	2.75	91.55	89.06	0.00	38	0	43	0.00	0.00	72.32	8.43	0.00	0.00	2000
235	11.19	2093	2103	0.28	195	0	0	0	nan	0.00	0.00	3.64	85.35	88.81	0.00	38	0	43	0.00	0.00	64.02	7.35	0.00	0.00	2000
234	11.09	2114	2096	0.00	195	0	0	0	nan	0.00	0.01	3.16	85.60	88.91	0.00	38	0	43	0.00	0.00	66.13	7.76	0.00	0.00	2000
233	11.12	2092	2100	0.00	194	0	0	0	nan	0.00	0.00	3.20	85.77	88.88	0.00	38	0	43	0.00	0.00	62.74	7.27	0.00	0.00	2000
231	10.89	2126	2095	0.00	178	0	0	0	nan	0.00	0.00	3.04	85.78	89.11	0.00	38	0	42	0.00	0.00	66.29	7.76	0.00	0.00	2000
474	22.46	2419	1832	0.00	209	0	0	0	nan	0.00	0.05	3.52	64.16	77.54	0.00	39	0	43	0.00	0.00	63.28	7.13	0.00	0.00	2000
685	27.52	2500	2092	0.00	244	0	0	0	nan	0.00	0.00	3.54	68.79	72.48	0.00	40	0	43	0.00	0.00	76.72	8.34	0.00	0.00	2000
685	27.35	2500	2103	0.00	243	0	0	0	nan	0.00	0.01	2.03	70.84	72.65	0.00	40	0	43	0.00	0.00	78.97	8.39	0.00	0.00	2000
685	27.39	2500	2100	0.00	242	0	0	0	nan	0.01	0.00	1.68	71.06	72.61	0.00	41	0	43	0.00	0.00	75.55	7.85	0.00	0.00	2000
685	27.40	2500	2099	0.00	244	0	0	0	nan	0.00	0.02	2.07	70.63	72.60	0.00	41	0	43	0.00	0.00	78.48	8.07	0.00	0.00	2000
683	27.38	2500	2096	0.00	242	0	0	0	nan	0.00	0.01	1.33	71.28	72.62	0.00	42	0	43	0.00	0.00	80.62	8.59	0.00	0.00	2000
686	27.40	2500	2104	0.00	242	0	0	0	nan	0.00	0.01	1.67	71.17	72.60	0.00	42	0	43	0.00	0.00	75.44	7.59	0.00	0.00	2000
686	27.46	2500	2097	0.00	246	0	0	0	nan	0.00	0.00	2.49	70.08	72.54	0.00	42	0	43	0.00	0.00	77.73	7.78	0.00	0.00	2000
687	27.43	2500	2103	0.00	244	0	0	0	nan	0.00	0.00	2.45	70.37	72.57	0.00	42	0	43	0.00	0.00	78.05	7.61	0.00	0.00	2000
684	27.40	2500	2097	0.00	243	0	0	4	88.27	0.00	0.00	1.95	70.66	72.60	0.00	42	0	43	0.00	0.00	77.59	7.68	0.00	0.00	2000
688	27.46	2500	2104	1.79	244	0	0	37	90.30	0.00	0.00	2.65	70.16	72.54	0.00	42	0	43	0.00	0.00	77.70	7.60	0.00	0.00	2000
686	27.50	2500	2096	0.00	243	0	0	0	nan	0.00	0.01	1.89	70.58	72.50	0.00	42	0	43	0.00	0.00	77.88	7.65	0.00	0.00	2000
688	27.46	2500	2104	0.00	243	0	0	0	nan	0.00	0.00	2.63	70.17	72.54	0.00	42	0	43	0.00	0.00	77.79	7.50	0.00	0.00	2000
685	27.44	2500	2096	0.00	244	0	0	0	nan	0.00	0.00	2.33	70.20	72.56	0.00	42	0	43	0.00	0.00	77.91	7.66	0.00	0.00	2000
688	27.45	2500	2105	0.00	244	0	0	0	nan	0.00	0.00	2.31	70.52	72.55	0.00	42	0	43	0.00	0.00	77.74	7.60	0.00	0.00	2000
686	27.46	2500	2097	0.00	242	0	0	0	nan	0.00	0.01	1.92	70.63	72.54	0.00	42	0	43	0.00	0.00	77.62	7.65	0.00	0.00	2000
687	27.44	2500	2102	0.00	244	0	0	0	nan	0.00	0.02	2.27	70.47	72.56	0.00	42	0	43	0.00	0.00	77.75	7.50	0.00	0.00	2000
685	27.42	2500	2097	0.00	245	0	0	0	nan	0.00	0.01	1.61	70.97	72.58	0.00	42	0	43	0.00	0.00	77.89	7.51	0.00	0.00	2000
687	27.43	2500	2104	0.00	242	0	0	0	nan	0.00	0.00	1.97	70.83	72.57	0.00	42	0	43	0.00	0.00	77.74	7.54	0.00	0.00	2000
684	27.41	2500	2096	0.00	242	0	0	0	nan	0.00	0.01	1.63	70.94	72.60	0.00	42	0	42	0.00	0.00	77.73	7.56	0.00	0.00	2000
687	27.44	2500	2104	0.00	244	0	0	0	nan	0.00	0.00	2.73	70.10	72.56	0.00	42	0	43	0.00	0.00	78.11	7.52	0.00	0.00	2000
684	27.40	2500	2096	0.00	243	0	0	0	nan	0.00	0.01	2.31	70.26	72.60	0.00	42	0	43	0.00	0.00	77.58	7.42	0.00	0.00	2000
687	27.44	2500	2104	0.00	243	0	0	0	nan	0.00	0.00	2.33	70.49	72.56	0.00	42	0	43	0.00	0.00	77.69	7.59	0.00	0.00	2000
690	27.66	2500	2096	0.00	248	0	0	23	89.69	0.00	0.01	3.59	68.74	72.34	0.00	42	0	42	0.00	0.00	77.91	7.63	0.00	0.00	2000
693	27.63	2500	2105	1.76	255	0	0	20	90.19	0.00	0.00	5.62	67.06	72.37	0.00	42	0	43	0.00	0.00	77.87	7.62	0.00	0.00	2000
685	27.47	2500	2095	0.00	246	0	0	0	nan	0.00	0.00	4.25	68.22	72.53	0.00	42	0	43	0.00	0.00	77.72	7.57	0.00	0.00	2000
688	27.45	2500	2105	0.00	251	0	0	0	nan	0.00	0.00	3.21	69.64	72.55	0.00	42	0	43	0.00	0.00	77.74	7.55	0.00	0.00	2000
685	27.45	2500	2096	0.00	249	0	0	0	nan	0.00	0.03	2.08	70.42	72.55	0.00	42	0	43	0.00	0.00	77.99	7.67	0.00	0.00	2000
688	27.47	2500	2104	0.00	253	0	0	0	nan	0.00	1.60	3.63	67.60	72.53	0.00	42	0	43	0.00	0.00	77.57	7.62	0.00	0.00	2000
684	27.43	2500	2096	0.00	245	0	0	0	nan	0.00	0.01	5.44	67.11	72.57	0.00	42	0	43	0.00	0.00	77.92	7.51	0.00	0.00	2000
688	27.46	2500	2105	0.00	251	0	0	0	nan	0.00	0.00	5.65	67.19	72.54	0.00	42	0	43	0.00	0.00	77.86	7.55	0.00	0.00	2000
685	27.46	2500	2095	0.00	247	0	0	0	nan	0.00	0.01	4.52	67.96	72.54	0.00	42	0	43	0.00	0.00	77.55	7.71	0.00	0.00	2000
687	27.44	2500	2104	0.00	251	0	0	0	nan	0.00	0.00	5.19	67.62	72.56	0.00	42	0	43	0.00	0.00	77.95	7.59	0.00	0.00	2000
684	27.42	2500	2095	0.00	247	0	0	0	nan	0.00	0.01	4.16	68.37	72.58	0.00	42	0	43	0.00	0.00	77.59	7.53	0.00	0.00	2000
688	27.47	2500	2104	0.00	253	0	0	0	nan	0.00	0.00	5.05	67.76	72.53	0.00	42	0	43	0.00	0.00	77.90	7.58	0.00	0.00	2000
684	27.42	2500	2096	0.00	246	0	0	0	nan	0.00	0.01	4.09	68.48	72.58	0.00	42	0	43	0.00	0.00	77.77	7.49	0.00	0.00	2000
688	27.46	2500	2104	0.00	251	0	0	0	nan	0.00	0.00	4.49	68.31	72.54	0.00	42	0	43	0.00	0.00	77.74	7.37	0.00	0.00	2000
685	27.43	2500	2097	0.67	247	0	0	39	90.85	0.00	0.01	3.99	68.58	72.57	0.00	42	0	43	0.00	0.00	77.60	7.59	0.00	0.00	2000
689	27.50	2500	2106	1.11	252	0	0	2	93.55	0.00	0.02	3.17	69.64	72.50	0.00	42	0	43	0.00	0.00	78.09	7.51	0.00	0.00	2000
685	27.48	2500	2094	0.00	248	0	0	0	nan	0.00	0.81	3.79	67.84	72.52	0.00	42	0	43	0.00	0.00	77.65	7.59	0.00	0.00	2000
689	27.52	2500	2104	0.00	254	0	0	0	nan	0.00	0.79	6.19	65.79	72.48	0.00	42	0	43	0.00	0.00	77.78	7.57	0.00	0.00	2000
685	27.45	2500	2097	0.00	248	0	0	0	nan	0.00	0.01	5.50	67.05	72.55	0.00	42	0	43	0.00	0.00	77.69	7.54	0.00	0.00	2000
687	27.44	2500	2103	0.00	250	0	0	0	nan	0.00	0.00	4.78	68.01	72.56	0.00	42	0	43	0.00	0.00	77.76	7.51	0.00	0.00	2000
684	27.41	2500	2095	0.00	246	0	0	0	nan	0.00	0.01	4.22	68.32	72.59	0.00	42	0	43	0.00	0.00	77.78	7.52	0.00	0.00	2000
688	27.46	2500	2106	0.00	252	0	0	0	nan	0.00	0.00	4.75	68.11	72.54	0.00	42	0	43	0.00	0.00	77.74	7.45	0.00	0.00	2000
683	27.41	2500	2094	0.00	246	0	0	0	nan	0.00	0.01	4.45	68.06	72.59	0.00	42	0	43	0.00	0.00	77.84	7.49	0.00	0.00	2000
688	27.46	2500	2105	0.00	251	0	0	0	nan	0.00	0.00	4.19	68.63	72.54	0.00	42	0	43	0.00	0.00	77.44	7.59	0.00	0.00	2000
684	27.43	2500	2095	0.00	248	0	0	0	nan	0.00	0.01	5.27	67.25	72.57	0.00	42	0	43	0.00	0.00	78.18	7.53	0.00	0.00	2000
704	28.12	2500	2104	0.00	251	0	0	0	nan	0.00	0.00	4.71	67.45	71.88	0.00	42	0	43	0.00	0.00	77.43	7.70	0.00	0.00	2000
685	27.44	2500	2096	0.00	246	0	0	0	nan	0.00	0.01	3.18	69.37	72.56	0.00	42	0	42	0.00	0.00	77.69	7.36	0.00	0.00	2000
688	27.49	2500	2104	0.00	251	0	0	0	nan	0.01	0.83	2.38	69.58	72.51	0.00	42	0	43	0.00	0.00	77.84	7.55	0.00	0.00	2000
686	27.50	2500	2096	1.58	247	0	0	40	90.81	0.00	0.84	5.05	66.63	72.50	0.00	42	0	43	0.00	0.00	77.86	7.44	0.00	0.00	2000
692	27.60	2500	2105	0.22	250	0	0	0	nan	0.00	0.01	4.93	67.76	72.40	0.00	42	0	43	0.00	0.00	77.64	7.41	0.00	0.00	2000
685	27.46	2500	2095	0.00	247	0	0	0	nan	0.00	0.00	6.92	65.56	72.54	0.00	42	0	43	0.00	0.00	77.87	7.47	0.00	0.00	2000
689	27.50	2500	2104	0.00	255	0	0	0	nan	0.00	0.00	5.01	67.74	72.50	0.00	42	0	43	0.00	0.00	78.01	7.51	0.00	0.00	2000
684	27.42	2500	2096	0.00	247	0	0	0	nan	0.00	0.01	4.99	67.56	72.58	0.00	43	0	43	0.00	0.00	77.53	7.52	0.00	0.00	2000
689	27.51	2500	2104	0.00	254	0	0	0	nan	0.00	0.00	4.73	68.02	72.49	0.00	42	0	43	0.00	0.00	77.74	7.63	0.00	0.00	2000
685	27.45	2500	2096	0.00	248	0	0	0	nan	0.00	0.01	4.96	67.57	72.55	0.00	42	0	43	0.00	0.00	77.55	7.54	0.00	0.00	2000
688	27.47	2500	2103	0.00	251	0	0	0	nan	0.00	0.00	3.71	69.05	72.53	0.00	42	0	43	0.00	0.00	77.68	7.62	0.00	0.00	2000
685	27.44	2500	2097	0.00	246	0	0	0	nan	0.00	0.02	4.37	68.20	72.56	0.00	42	0	43	0.00	0.00	77.73	7.43	0.00	0.00	2000
690	27.58	2500	2103	0.00	249	0	0	0	nan	0.00	0.00	3.60	69.04	72.42	0.00	42	0	43	0.00	0.00	77.53	7.55	0.00	0.00	2000
686	27.47	2500	2098	0.00	257	0	0	0	nan	0.00	0.03	2.24	70.34	72.53	0.00	42	0	43	0.00	0.00	78.01	7.51	0.00	0.00	2000
688	27.43	2500	2107	0.00	246	0	0	0	nan	0.00	0.01	3.49	69.43	72.57	0.00	42	0	43	0.00	0.00	77.63	7.49	0.00	0.00	2000
685	27.51	2500	2092	0.00	243	0	0	0	nan	0.00	0.01	3.24	69.10	72.49	0.00	42	0	43	0.00	0.00	77.98	7.48	0.00	0.00	2000
686	27.39	2500	2105	0.00	242	0	0	8	90.66	0.00	0.02	1.63	71.24	72.61	0.00	42	0	43	0.00	0.00	77.34	7.59	0.00	0.00	2000
687	27.54	2500	2097	1.79	243	0	0	34	90.69	0.00	0.01	2.53	69.93	72.46	0.00	43	0	43	0.00	0.00	77.84	7.62	0.00	0.00	2000
685	27.36	2500	2102	0.00	242	0	0	0	nan	0.00	0.01	1.95	70.89	72.64	0.00	42	0	43	0.00	0.00	77.62	7.51	0.00	0.00	2000
686	27.48	2500	2096	0.00	245	0	0	0	nan	0.00	0.01	2.33	70.18	72.52	0.00	43	0	43	0.00	0.00	77.77	7.51	0.00	0.00	2000
686	27.39	2500	2105	0.00	242	0	0	0	nan	0.00	0.00	1.97	70.92	72.61	0.00	42	0	43	0.00	0.00	77.74	7.61	0.00	0.00	2000
691	27.71	2500	2095	0.00	259	0	0	0	nan	0.01	0.00	5.33	66.91	72.29	0.00	42	0	43	0.00	0.00	77.86	7.53	0.00	0.00	2000
687	27.40	2500	2106	0.00	243	0	0	0	nan	0.00	0.01	2.94	69.98	72.60	0.00	42	0	43	0.00	0.00	77.71	7.73	0.00	0.00	2000
685	27.48	2500	2095	0.00	244	0	0	0	nan	0.00	0.00	2.35	70.11	72.52	0.00	42	0	43	0.00	0.00	77.82	7.79	0.00	0.00	2000
685	27.37	2500	2103	0.00	242	0	0	0	nan	0.00	0.00	1.65	71.21	72.63	0.00	42	0	43	0.00	0.00	77.73	7.44	0.00	0.00	2000
686	27.50	2500	2097	0.00	245	0	0	0	nan	0.00	0.01	1.64	70.87	72.50	0.00	42	0	43	0.00	0.00	75.10	7.51	0.00	0.00	2000
687	27.42	2500	2104	0.00	243	0	0	0	nan	0.00	0.00	2.05	70.80	72.58	0.00	42	0	43	0.00	0.00	80.25	7.43	0.00	0.00	2000
685	27.47	2500	2096	0.00	242	0	0	0	nan	0.00	0.01	1.60	70.90	72.53	0.00	43	0	43	0.00	0.00	75.00	7.31	0.00	0.00	2000
686	27.38	2500	2104	0.00	243	0	0	0	nan	0.00	0.00	2.28	70.60	72.62	0.00	42	0	43	0.00	0.00	80.56	7.81	0.00	0.00	2000
686	27.49	2500	2096	0.00	244	0	0	0	nan	0.00	0.01	2.67	69.81	72.51	0.00	42	0	43	0.00	0.00	74.89	7.15	0.00	0.00	2000
717	27.28	2500	2208	0.01	250	0	0	29	91.52	0.00	0.00	3.11	73.48	72.72	0.00	43	0	43	0.00	0.00	84.99	7.99	0.00	0.00	2000
659	27.59	2500	2006	1.86	235	0	0	16	90.05	0.00	0.00	3.24	66.02	72.41	0.00	43	0	43	0.00	0.00	73.63	6.98	0.00	0.00	2000
685	27.48	2500	2095	0.00	243	0	0	0	nan	0.00	0.00	3.14	69.32	72.52	0.00	42	0	43	0.00	0.00	74.76	7.20	0.00	0.00	2000
686	27.50	2500	2096	0.00	244	0	0	0	nan	0.00	0.00	2.66	69.82	72.50	0.00	42	0	43	0.00	0.00	77.57	7.45	0.00	0.00	2000
592	22.14	2461	2280	0.00	306	0	0	0	nan	0.00	0.09	3.86	80.74	77.86	0.00	40	0	43	0.00	0.00	83.88	8.09	0.00	0.00	2000
225	10.63	1991	2235	0.00	236	0	0	0	nan	0.00	0.01	5.11	89.99	89.37	0.00	40	0	43	0.00	0.00	70.01	8.18	0.00	0.00	2000
115	8.16	1414	2100	0.00	239	0	0	0	nan	0.00	0.02	8.14	83.84	91.84	0.00	39	0	43	0.00	0.00	58.79	7.16	0.00	0.00	2000
