Avg_MHz	Busy%	Bzy_MHz	TSC_MHz	IPC	IRQ	NMI	SMI	LLCMRPS	LLC%hit	POLL%	C1%	C1E%	C6%	CPU%c1	CPU%c6	CoreTmp	CoreThr	PkgTmp	Pkg%pc2	Pkg%pc6	PkgWatt	RAMWatt	PKG_%	RAM_%	UncMHz
200	12.97	1629	1984	0.00	226	0	0	0	nan	0.00	0.00	18.83	63.40	87.03	0.00	38	0	43	0.00	0.00	53.31	6.90	0.00	0.00	2000
387	17.48	2049	2271	0.00	260	0	0	0	nan	0.02	1.21	17.66	70.59	82.52	0.00	38	0	43	0.00	0.00	79.32	8.86	0.00	0.00	2000
75	7.42	1007	2112	0.00	210	0	0	0	nan	0.00	0.00	11.09	82.21	92.58	0.00	37	0	43	0.00	0.00	58.00	7.61	0.00	0.00	2000
73	6.97	1032	2130	0.00	194	0	0	0	nan	0.00	0.03	2.20	92.23	93.03	0.00	38	0	43	0.00	0.00	61.11	7.97	0.00	0.00	2000
73	6.60	1110	2094	0.00	194	0	0	0	nan	0.00	0.00	3.05	90.11	93.40	0.00	38	0	43	0.00	0.00	58.39	7.48	0.00	0.00	2000
72	6.54	1092	2104	0.00	193	0	0	0	nan	0.00	0.00	2.57	91.16	93.46	0.00	38	0	43	0.00	0.00	58.91	7.51	0.00	0.00	2000
81	7.46	1093	2074	0.00	194	0	0	0	nan	0.00	0.02	3.98	87.51	92.54	0.00	38	0	43	0.00	0.00	56.96	7.36	0.00	0.00	2000
73	6.77	1068	2129	0.00	209	0	0	0	nan	0.00	0.00	4.05	90.45	93.23	0.00	37	0	43	0.00	0.00	58.21	7.47	0.00	0.00	2000
73	6.40	1142	2099	0.00	195	0	0	0	nan	0.00	0.00	2.89	90.59	93.60	0.00	38	0	43	0.00	0.00	58.29	7.50	0.00	0.00	2000
71	6.54	1096	2092	0.00	193	0	0	0	nan	0.00	0.01	3.18	89.81	93.46	0.00	37	0	43	0.00	0.00	60.56	7.74	0.00	0.00	2000
73	6.68	1088	2107	0.00	193	0	0	0	nan	0.00	0.00	3.19	90.48	93.32	0.00	37	0	43	0.00	0.00	59.57	7.60	0.00	0.00	2000
73	6.56	1119	2094	0.00	193	0	0	0	nan	0.00	0.03	2.44	90.68	93.44	0.00	38	0	43	0.00	0.00	56.46	7.25	0.00	0.00	2000
73	6.83	1084	2076	0.00	199	0	0	0	nan	0.00	0.03	3.22	88.90	93.17	0.00	37	0	43	0.00	0.00	59.79	7.61	0.00	0.00	2000
72	7.09	1009	2126	0.00	211	0	0	0	nan	0.00	0.03	4.73	89.37	92.91	0.00	38	0	43	0.00	0.00	58.12	7.33	0.00	0.00	2000
75	6.58	1143	2093	0.00	195	0	0	0	nan	0.00	0.00	4.56	88.58	93.42	0.00	37	0	43	0.00	0.00	58.83	7.48	0.00	0.00	2000
71	6.63	1075	2090	0.02	193	0	0	1	85.84	0.00	0.00	4.38	88.68	93.37	0.00	37	0	43	0.00	0.00	57.77	7.41	0.00	0.00	2000
73	6.85	1068	2096	0.25	194	0	0	1	89.92	0.00	0.01	2.42	90.52	93.15	0.00	37	0	43	0.00	0.00	60.82	7.63	0.00	0.00	2000
72	6.82	1047	2118	0.00	193	0	0	0	nan	0.00	0.03	3.41	90.67	93.18	0.00	37	0	43	0.00	0.00	59.04	7.53	0.00	0.00	2000
175	9.55	1859	2074	0.00	227	0	0	0	nan	0.00	1.41	6.52	81.42	90.45	0.00	39	0	43	0.00	0.00	58.18	6.97	0.00	0.00	2000
232	10.91	2103	2126	0.00	197	0	0	0	nan	0.00	0.02	6.32	83.85	89.09	0.00	39	0	43	0.00	0.00	69.27	7.79	0.00	0.00	2000
229	11.24	2066	2074	0.00	202	0	0	0	nan	0.00	0.00	4.95	82.84	88.76	0.00	40	0	43	0.00	0.00	61.31	7.20	0.00	0.00	2000
235	11.08	2075	2146	0.00	213	0	0	0	nan	0.00	0.00	6.32	84.55	88.92	0.00	40	0	43	0.00	0.00	66.65	7.82	0.00	0.00	2000
228	11.05	2076	2089	0.00	201	0	0	0	nan	0.00	0.03	4.07	84.51	88.95	0.00	39	0	43	0.00	0.00	65.77	7.68	0.00	0.00	2000
230	11.14	2064	2099	0.00	202	0	0	0	nan	0.00	0.00	2.42	86.49	88.86	0.00	40	0	43	0.00	0.00	65.98	7.81	0.00	0.00	2000
237	11.17	2144	2076	0.00	202	0	0	0	nan	0.00	0.00	3.22	84.59	88.83	0.00	39	0	43	0.00	0.00	63.09	7.48	0.00	0.00	2000
231	10.81	2099	2134	0.00	218	0	0	0	nan	0.00	0.51	5.43	84.74	89.19	0.00	38	0	43	0.00	0.00	70.06	8.27	0.00	0.00	2000
233	11.08	2102	2102	0.00	198	0	0	0	nan	0.00	0.00	6.34	82.75	88.92	0.00	38	0	43	0.00	0.00	66.55	7.80	0.00	0.00	2000
229	11.10	2072	2093	0.00	199	0	0	0	nan	0.00	0.02	5.91	82.74	88.91	0.00	38	0	43	0.00	0.00	65.14	7.55	0.00	0.00	2000
230	11.22	2046	2105	0.00	198	0	0	0	nan	0.00	0.00	6.28	82.81	88.78	0.00	38	0	43	0.00	0.00	64.07	7.32	0.00	0.00	2000
231	11.12	2079	2096	0.00	198	0	0	0	nan	0.00	0.01	5.98	82.78	88.88	0.00	39	0	43	0.00	0.00	64.84	7.44	0.00	0.00	2000
232	10.97	2118	2098	0.00	201	0	0	0	nan	0.00	0.00	6.45	82.57	89.03	0.00	39	0	43	0.00	0.00	65.12	7.39	0.00	0.00	2000
230	10.83	2120	2101	0.00	195	0	0	0	nan	0.00	0.00	7.52	81.72	89.17	0.00	39	0	43	0.00	0.00	65.30	7.61	0.00	0.00	2000
229	11.24	2039	2103	0.23	198	0	0	9	83.05	0.00	0.01	7.21	81.77	88.76	0.00	39	0	43	0.00	0.00	64.69	7.37	0.00	0.00	2000
228	11.14	2072	2076	0.58	201	0	0	5	86.14	0.00	0.00	5.78	82.12	88.86	0.00	38	0	43	0.00	0.00	62.72	6.98	0.00	0.00	2000
239	11.43	2091	2098	0.00	200	0	0	0	nan	0.00	0.00	5.79	82.87	88.57	0.00	38	0	43	0.00	0.00	63.18	7.42	0.00	0.00	2000
233	10.48	2189	2132	0.00	218	0	0	0	nan	0.00	0.00	6.68	84.27	89.52	0.00	39	0	43	0.00	0.00	70.19	8.21	0.00	0.00	2000
229	10.88	2108	2092	0.00	196	0	0	0	nan	0.00	1.00	4.83	82.95	89.12	0.00	39	0	43	0.00	0.00	64.33	7.31	0.00	0.00	2000
232	11.14	2078	2102	0.00	198	0	0	0	nan	0.00	0.00	7.67	81.38	88.86	0.00	39	0	43	0.00	0.00	65.83	7.48	0.00	0.00	2000
229	10.97	2091	2098	0.00	197	0	0	0	nan	0.00	0.00	6.29	82.72	89.03	0.00	39	0	43	0.00	0.00	65.40	7.47	0.00	0.00	2000
234	11.03	2125	2092	0.00	198	0	0	0	nan	0.00	0.02	5.91	82.67	88.97	0.00	39	0	43	0.00	0.00	63.21	7.31	0.00	0.00	2000
231	10.95	2097	2111	0.00	199	0	0	0	nan	0.00	0.00	6.80	82.77	89.05	0.00	39	0	43	0.00	0.00	65.68	7.56	0.00	0.00	2000
232	11.18	2072	2098	0.00	196	0	0	0	nan	0.00	0.00	6.62	82.19	88.82	0.00	39	0	43	0.00	0.00	65.81	7.52	0.00	0.00	2000
230	11.06	2082	2096	0.00	197	0	0	0	nan	0.00	0.00	5.15	83.76	88.94	0.00	39	0	43	0.00	0.00	65.72	7.64	0.00	0.00	2000
229	10.86	2115	2096	0.00	198	0	0	0	nan	0.00	0.00	5.34	83.60	89.14	0.00	40	0	43	0.00	0.00	66.18	7.42	0.00	0.00	2000
232	11.08	2102	2090	0.00	198	0	0	0	nan	0.00	0.00	5.90	82.66	88.92	0.00	39	0	43	0.00	0.00	63.54	7.39	0.00	0.00	2000
233	12.05	2237	1811	0.00	205	0	0	0	nan	0.00	0.00	5.37	70.37	87.95	0.00	38	0	43	0.00	0.00	55.19	6.50	0.00	0.00	2000
238	9.87	2045	2473	0.00	227	0	0	0	nan	0.00	0.00	7.79	98.42	90.13	0.00	39	0	43	0.00	0.00	77.73	8.75	0.00	0.00	2000
225	10.68	2112	2096	0.00	197	0	0	0	nan	0.00	0.02	6.25	83.01	89.32	0.00	39	0	43	0.00	0.00	65.91	7.87	0.00	0.00	2000
224	10.75	2083	2103	0.00	197	0	0	0	nan	0.00	0.01	6.25	83.17	89.25	0.00	40	0	43	0.00	0.00	65.60	7.65	0.00	0.00	2000
225	10.90	2069	2096	0.32	198	0	0	10	80.33	0.00	1.63	4.33	83.16	89.10	0.00	40	0	43	0.00	0.00	65.57	7.78	0.00	0.00	2000
224	10.89	2055	2100	0.64	198	0	0	2	85.75	0.04	0.02	2.55	86.67	89.11	0.00	41	0	43	0.00	0.00	64.99	7.55	0.00	0.00	2000
221	11.16	2085	1992	0.00	197	0	0	0	nan	0.00	0.00	6.03	78.29	88.84	0.00	41	0	43	0.00	0.00	61.51	7.71	0.00	0.00	2000
224	10.67	2048	2149	0.00	195	0	0	0	nan	0.00	0.00	6.51	85.11	89.33	0.00	41	0	43	0.00	0.00	67.17	8.53	0.00	0.00	2000
216	10.77	1956	2155	0.00	212	0	0	0	nan	0.00	0.01	6.42	85.19	89.23	0.00	40	0	43	0.00	0.00	66.01	7.81	0.00	0.00	2000
231	11.13	2078	2102	0.00	217	0	0	0	nan	0.00	0.00	5.74	83.32	88.87	0.00	41	0	43	0.00	0.00	64.58	7.78	0.00	0.00	2000
225	10.88	2083	2084	0.00	208	0	0	0	nan	0.01	0.00	3.01	85.47	89.12	0.00	41	0	43	0.00	0.00	63.51	7.45	0.00	0.00	2000
232	10.78	2128	2122	0.00	251	0	0	0	nan	0.00	0.00	4.04	86.02	89.22	0.00	41	0	43	0.00	0.00	65.25	7.72	0.00	0.00	2000
230	11.23	2047	2107	0.00	186	0	0	0	nan	0.00	0.00	3.29	85.88	88.77	0.00	41	0	43	0.00	0.00	63.51	7.78	0.00	0.00	2000
231	10.64	2171	2102	0.00	214	0	0	0	nan	0.00	0.01	3.26	86.18	89.36	0.00	42	0	43	0.00	0.00	67.43	7.23	0.00	0.00	2000
226	11.03	2063	2089	0.00	204	0	0	0	nan	0.00	0.05	3.72	84.89	88.97	0.00	42	0	43	0.00	0.00	64.87	7.47	0.00	0.00	2000
228	10.95	2083	2100	0.00	203	0	0	0	nan	0.00	0.00	4.63	84.51	89.05	0.00	42	0	43	0.00	0.00	64.66	7.37	0.00	0.00	2000
226	11.00	2057	2099	0.00	203	0	0	0	nan	0.00	0.00	3.86	85.25	89.00	0.00	42	0	43	0.00	0.00	65.40	7.65	0.00	0.00	2000
228	11.00	2069	2102	0.00	203	0	0	0	nan	0.00	0.00	4.03	85.13	89.00	0.00	41	0	43	0.00	0.00	63.85	7.57	0.00	0.00	2000
231	10.91	2111	2109	0.00	204	0	0	0	nan	0.00	0.00	3.75	85.74	89.09	0.00	41	0	43	0.00	0.00	64.67	7.45	0.00	0.00	2000
229	10.72	2139	2092	0.00	196	0	0	0	nan	0.00	0.02	3.21	85.75	89.28	0.00	42	0	43	0.00	0.00	64.73	7.59	0.00	0.00	2000
227	10.98	2065	2099	0.00	203	0	0	0	nan	0.00	0.00	3.16	85.91	89.02	0.00	42	0	43	0.00	0.00	65.71	7.73	0.00	0.00	2000
232	11.04	2086	2112	0.32	204	0	0	2	83.78	0.00	0.00	2.51	86.93	88.96	0.00	42	0	43	0.00	0.00	64.06	7.38	0.00	0.00	2000
225	11.03	2053	2086	0.37	203	0	0	1	89.95	0.00	0.00	3.31	85.14	88.97	0.00	41	0	43	0.00	0.00	65.05	7.57	0.00	0.00	2000
234	10.99	2127	2107	0.00	202	0	0	0	nan	0.00	0.00	4.36	85.00	89.01	0.00	41	0	43	0.00	0.00	66.35	7.76	0.00	0.00	2000
231	11.01	2109	2088	0.00	213	0	0	0	nan	0.00	0.01	3.48	85.03	88.99	0.00	41	0	43	0.00	0.00	62.66	7.46	0.00	0.00	2000
231	10.80	2118	2121	0.00	204	0	0	0	nan	0.00	0.00	3.81	86.31	89.20	0.00	42	0	43	0.00	0.00	65.15	7.45	0.00	0.00	2000
223	10.56	2144	2067	0.00	203	0	0	0	nan	0.00	0.00	3.43	84.68	89.44	0.00	42	0	43	0.00	0.00	64.78	7.51	0.00	0.00	2000
232	10.51	2188	2124	0.00	205	0	0	0	nan	0.00	0.04	3.22	87.18	89.49	0.00	42	0	43	0.00	0.00	66.14	7.79	0.00	0.00	2000
230	10.75	2123	2111	0.00	203	0	0	0	nan	0.00	0.02	3.72	86.07	89.25	0.00	41	0	43	0.00	0.00	65.47	7.58	0.00	0.00	2000
233	10.76	2167	2097	0.00	215	0	0	0	nan	0.00	0.00	3.13	86.05	89.24	0.00	41	0	43	0.00	0.00	65.27	7.40	0.00	0.00	2000
203	10.07	2054	2058	0.00	199	0	0	0	nan	0.00	0.64	4.77	82.66	89.93	0.00	40	0	43	0.00	0.00	63.34	7.57	0.00	0.00	2000
77	7.03	1087	2104	0.00	196	0	0	0	nan	0.00	0.03	8.18	84.94	92.97	0.00	39	0	43	0.00	0.00	57.82	7.40	0.00	0.00	2000
153	9.25	1650	2104	0.00	215	0	0	0	nan	0.00	0.00	6.47	84.49	90.75	0.00	41	0	43	0.00	0.00	62.27	7.51	0.00	0.00	2000
232	11.39	2015	2123	0.00	222	0	0	0	nan	0.00	0.00	4.81	84.82	88.61	0.00	42	0	43	0.00	0.00	63.80	7.31	0.00	0.00	2000
228	10.95	2081	2098	0.00	220	0	0	0	nan	0.00	0.00	5.31	83.74	89.05	0.00	42	0	43	0.00	0.00	64.83	7.59	0.00	0.00	2000
157	9.03	1740	2097	0.00	200	0	0	0	nan	0.02	0.00	9.35	81.45	90.97	0.00	39	0	43	0.00	0.00	63.05	7.39	0.00	0.00	2000
76	6.72	1135	2105	0.00	194	0	0	0	nan	0.00	0.00	8.03	85.45	93.28	0.00	38	0	43	0.00	0.00	58.49	7.34	0.00	0.00	2000
187	10.13	1889	2054	0.00	210	0	0	0	nan	0.00	0.86	4.67	82.36	89.87	0.00	39	0	43	0.00	0.00	57.49	6.90	0.00	0.00	2000
315	14.43	2162	2120	0.44	230	0	0	50	64.67	0.00	0.99	8.74	76.87	85.57	0.00	40	0	43	0.00	0.00	73.46	8.48	0.00	0.00	2000
139	8.99	1540	2109	0.38	232	0	0	0	94.56	0.00	0.07	7.98	83.43	91.01	0.00	38	0	43	0.00	0.00	60.44	7.18	0.00	0.00	2000
78	7.17	1073	2123	0.00	210	0	0	0	nan	0.00	0.00	4.05	89.81	92.83	0.00	38	0	43	0.00	0.00	58.73	7.33	0.00	0.00	2000
73	6.70	1097	2101	0.00	193	0	0	0	nan	0.00	0.00	3.70	89.79	93.30	0.00	38	0	43	0.00	0.00	58.39	7.39	0.00	0.00	2000
72	6.55	1112	2076	0.00	177	0	0	0	nan	0.00	0.00	3.43	88.96	93.45	0.00	38	0	43	0.00	0.00	58.46	7.29	0.00	0.00	2000
82	7.25	1109	2140	0.00	163	0	0	0	nan	0.00	0.00	6.95	87.51	92.75	0.00	38	0	43	0.00	0.00	58.36	7.32	0.00	0.00	2000
