Avg_MHz	Busy%	Bzy_MHz	TSC_MHz	IPC	IRQ	NMI	SMI	LLCMRPS	LLC%hit	POLL%	C1%	C1E%	C6%	CPU%c1	CPU%c6	CoreTmp	CoreThr	PkgTmp	Pkg%pc2	Pkg%pc6	PkgWatt	RAMWatt	PKG_%	RAM_%	UncMHz
255	14.91	1882	1909	0.00	252	0	0	0	nan	0.00	0.03	26.05	51.25	85.09	0.00	38	0	43	0.00	0.00	53.40	6.60	0.00	0.00	2000
483	19.33	2222	2361	0.00	278	0	0	0	nan	0.06	1.41	18.57	70.94	80.67	0.00	38	0	43	0.00	0.00	79.79	8.68	0.00	0.00	2000
78	6.59	1172	2121	0.00	194	0	0	0	nan	0.00	0.00	10.69	83.58	93.41	0.00	38	0	43	0.00	0.00	61.40	7.53	0.00	0.00	2000
80	6.85	1149	2122	0.00	209	0	0	0	nan	0.02	0.00	5.46	88.60	93.15	0.00	38	0	43	0.00	0.00	59.36	7.53	0.00	0.00	2000
74	6.70	1100	2097	0.00	193	0	0	0	nan	0.00	0.00	3.52	89.70	93.30	0.00	38	0	43	0.00	0.00	58.65	7.48	0.00	0.00	2000
72	6.30	1149	2098	0.00	193	0	0	0	nan	0.00	0.00	3.41	90.12	93.70	0.00	38	0	43	0.00	0.00	59.64	7.67	0.00	0.00	2000
76	6.43	1177	2102	0.00	197	0	0	0	nan	0.00	0.00	4.86	88.68	93.57	0.00	38	0	43	0.00	0.00	59.06	7.67	0.00	0.00	2000
72	6.67	1075	2096	0.00	195	0	0	0	nan	0.00	0.00	3.89	89.24	93.33	0.00	38	0	43	0.00	0.00	57.90	7.25	0.00	0.00	2000
72	6.78	1070	2097	0.00	194	0	0	0	nan	0.00	0.00	2.84	90.35	93.22	0.00	38	0	43	0.00	0.00	57.82	7.54	0.00	0.00	2000
72	6.78	1060	2104	0.00	193	0	0	0	nan	0.00	0.00	3.45	90.05	93.22	0.00	38	0	43	0.00	0.00	57.75	7.38	0.00	0.00	2000
73	6.65	1094	2103	0.00	194	0	0	0	nan	0.00	0.01	3.23	90.24	93.35	0.00	38	0	43	0.00	0.00	56.24	7.13	0.00	0.00	2000
72	6.30	1142	2100	0.00	193	0	0	0	nan	0.00	0.02	3.25	90.33	93.70	0.00	38	0	43	0.00	0.00	59.17	7.50	0.00	0.00	2000
73	6.81	1068	2102	0.00	195	0	0	0	nan	0.00	0.01	3.37	89.92	93.19	0.00	38	0	43	0.00	0.00	60.97	7.67	0.00	0.00	2000
72	6.68	1071	2105	0.00	193	0	0	0	nan	0.00	0.01	3.77	89.84	93.32	0.00	38	0	43	0.00	0.00	56.19	7.10	0.00	0.00	2000
73	6.68	1099	2100	0.00	194	0	0	0	nan	0.00	0.01	4.02	89.35	93.32	0.00	38	0	43	0.00	0.00	60.47	7.82	0.00	0.00	2000
72	6.68	1072	2098	0.00	193	0	0	1	88.34	0.00	0.02	3.38	89.85	93.32	0.00	38	0	43	0.00	0.00	56.13	7.11	0.00	0.00	2000
73	6.62	1105	2094	0.06	193	0	0	1	88.37	0.00	0.02	3.36	89.77	93.38	0.00	38	0	43	0.00	0.00	60.95	7.73	0.00	0.00	2000
71	6.80	1052	2100	0.00	193	0	0	0	nan	0.01	0.00	3.58	89.72	93.20	0.00	38	0	43	0.00	0.00	56.37	7.17	0.00	0.00	2000
136	8.44	1619	2093	0.00	205	0	0	0	nan	0.00	0.88	6.29	84.15	91.56	0.00	38	0	43	0.00	0.00	62.07	7.66	0.00	0.00	2000
242	11.38	2111	2113	0.00	199	0	0	0	nan	0.00	0.00	7.98	81.24	88.62	0.00	39	0	43	0.00	0.00	62.93	7.21	0.00	0.00	2000
229	11.13	2065	2092	0.00	199	0	0	0	nan	0.00	0.01	5.59	83.06	88.87	0.00	39	0	43	0.00	0.00	64.70	7.37	0.00	0.00	2000
230	11.11	2070	2103	0.00	198	0	0	0	nan	0.00	0.00	5.98	83.07	88.89	0.00	40	0	43	0.00	0.00	64.74	7.58	0.00	0.00	2000
228	11.59	2059	2010	0.00	204	0	0	0	nan	0.00	0.00	6.57	78.16	88.41	0.00	39	0	43	0.00	0.00	62.92	6.97	0.00	0.00	2000
239	10.62	2146	2204	0.00	219	0	0	0	nan	0.00	0.00	6.68	87.16	89.38	0.00	38	0	43	0.00	0.00	68.16	8.20	0.00	0.00	2000
232	10.89	2130	2098	0.00	199	0	0	0	nan	0.00	0.56	3.82	84.71	89.11	0.00	38	0	43	0.00	0.00	65.57	7.79	0.00	0.00	2000
225	10.63	2116	2101	0.00	203	0	0	0	nan	0.02	0.00	4.10	85.33	89.37	0.00	39	0	43	0.00	0.00	65.68	7.78	0.00	0.00	2000
231	11.03	2092	2101	0.00	203	0	0	0	nan	0.00	0.00	3.34	85.84	88.97	0.00	39	0	43	0.00	0.00	65.56	7.71	0.00	0.00	2000
230	11.35	2038	2090	0.00	215	0	0	0	nan	0.00	0.00	4.66	83.68	88.65	0.00	40	0	43	0.00	0.00	64.05	7.55	0.00	0.00	2000
229	11.02	2081	2100	0.00	204	0	0	0	nan	0.00	0.00	4.26	84.80	88.98	0.00	40	0	43	0.00	0.00	64.73	7.48	0.00	0.00	2000
225	11.10	2039	2084	0.00	203	0	0	0	nan	0.00	0.00	3.83	84.48	88.90	0.00	41	0	43	0.00	0.00	63.70	7.47	0.00	0.00	2000
233	11.05	2084	2120	0.00	203	0	0	0	nan	0.00	0.01	2.53	87.34	88.95	0.00	41	0	43	0.00	0.00	68.10	7.74	0.00	0.00	2000
231	10.99	2093	2106	0.00	204	0	0	0	nan	0.00	0.00	3.39	85.98	89.01	0.00	41	0	43	0.00	0.00	64.86	7.31	0.00	0.00	2000
229	10.94	2104	2087	0.00	215	0	0	3	72.08	0.00	0.00	4.02	84.49	89.06	0.00	41	0	43	0.00	0.00	63.96	7.27	0.00	0.00	2000
231	10.89	2110	2109	0.61	203	0	0	16	82.38	0.00	0.00	3.42	86.17	89.11	0.00	41	0	43	0.00	0.00	65.31	7.50	0.00	0.00	2000
230	10.69	2150	2097	0.00	203	0	0	0	nan	0.00	0.01	3.66	85.54	89.31	0.00	42	0	43	0.00	0.00	61.49	7.15	0.00	0.00	2000
231	10.83	2139	2095	0.00	204	0	0	0	nan	0.00	0.00	3.20	85.77	89.17	0.00	42	0	43	0.00	0.00	64.43	7.38	0.00	0.00	2000
230	10.97	2106	2087	0.00	220	0	0	0	nan	0.00	0.00	3.47	85.04	89.03	0.00	41	0	43	0.00	0.00	64.21	7.54	0.00	0.00	2000
231	10.88	2118	2101	0.00	208	0	0	0	nan	0.00	0.02	5.14	84.05	89.12	0.00	39	0	43	0.00	0.00	62.75	7.43	0.00	0.00	2000
228	11.75	2089	1949	0.00	214	0	0	0	nan	0.00	0.05	2.68	79.23	88.25	0.00	39	0	43	0.00	0.00	60.18	6.94	0.00	0.00	2000
241	10.66	2078	2286	0.00	251	0	0	0	nan	0.00	0.01	6.78	90.46	89.34	0.00	39	0	43	0.00	0.00	73.67	8.61	0.00	0.00	2000
224	11.07	2022	2105	0.00	204	0	0	0	nan	0.00	0.01	5.09	84.10	88.93	0.00	40	0	43	0.00	0.00	67.07	8.13	0.00	0.00	2000
224	11.02	2037	2101	0.00	198	0	0	0	nan	0.00	0.04	5.93	83.15	88.98	0.00	40	0	43	0.00	0.00	64.77	7.83	0.00	0.00	2000
225	10.63	2101	2111	0.00	214	0	0	0	nan	0.00	0.01	4.71	85.22	89.37	0.00	40	0	43	0.00	0.00	64.60	7.72	0.00	0.00	2000
223	10.93	2039	2098	0.00	199	0	0	0	nan	0.00	0.00	5.07	84.03	89.07	0.00	40	0	43	0.00	0.00	66.20	7.70	0.00	0.00	2000
227	10.91	2074	2101	0.00	200	0	0	0	nan	0.00	0.00	5.01	84.19	89.09	0.00	40	0	43	0.00	0.00	66.46	7.80	0.00	0.00	2000
221	10.96	2156	1960	0.00	202	0	0	0	nan	0.00	0.02	5.28	77.82	89.04	0.00	40	0	43	0.00	0.00	62.59	7.27	0.00	0.00	2000
227	10.42	2042	2239	0.00	198	0	0	0	nan	0.00	0.01	5.39	90.31	89.58	0.00	41	0	43	0.00	0.00	67.63	8.06	0.00	0.00	2000
220	11.25	2090	1964	0.00	202	0	0	0	nan	0.00	0.00	4.41	78.63	88.75	0.00	41	0	43	0.00	0.00	61.25	7.02	0.00	0.00	2000
224	10.27	2055	2233	0.00	215	0	0	0	nan	0.01	0.02	3.05	92.33	89.73	0.00	42	0	43	0.00	0.00	68.18	7.58	0.00	0.00	2000
222	11.09	1993	2108	0.41	205	0	0	6	91.10	0.00	0.00	6.28	83.06	88.91	0.00	42	0	43	0.00	0.00	67.61	7.81	0.00	0.00	2000
221	10.84	2028	2113	0.72	215	0	0	3	91.08	0.00	0.00	5.98	83.84	89.16	0.00	41	0	43	0.00	0.00	65.03	7.37	0.00	0.00	2000
223	11.25	2032	2048	0.00	198	0	0	0	nan	0.00	0.02	4.98	81.70	88.75	0.00	41	0	43	0.00	0.00	62.68	7.32	0.00	0.00	2000
222	10.62	2054	2139	0.00	198	0	0	0	nan	0.00	0.00	4.52	86.55	89.38	0.00	41	0	43	0.00	0.00	65.16	7.52	0.00	0.00	2000
222	10.82	2037	2111	0.00	197	0	0	0	nan	0.00	0.02	4.88	84.91	89.18	0.00	42	0	43	0.00	0.00	65.76	7.48	0.00	0.00	2000
219	11.12	2042	2028	0.00	203	0	0	0	nan	0.00	0.00	5.25	80.78	88.88	0.00	42	0	43	0.00	0.00	63.24	7.13	0.00	0.00	2000
222	10.49	2062	2155	0.00	198	0	0	0	nan	0.00	0.00	5.98	86.04	89.51	0.00	41	0	43	0.00	0.00	64.88	7.43	0.00	0.00	2000
221	10.69	2064	2099	0.00	199	0	0	0	nan	0.00	0.02	4.59	84.72	89.31	0.00	42	0	43	0.00	0.00	64.59	7.45	0.00	0.00	2000
221	10.81	2036	2113	0.00	199	0	0	0	nan	0.00	0.04	5.88	84.07	89.19	0.00	42	0	43	0.00	0.00	65.37	7.36	0.00	0.00	2000
220	10.92	2059	2049	0.00	213	0	0	0	nan	0.00	0.02	4.31	82.69	89.08	0.00	41	0	43	0.00	0.00	63.30	7.22	0.00	0.00	2000
223	10.74	2035	2142	0.00	208	0	0	0	nan	0.00	0.04	7.38	83.75	89.26	0.00	41	0	43	0.00	0.00	65.17	7.42	0.00	0.00	2000
219	11.01	2014	2078	0.00	198	0	0	0	nan	0.00	0.48	6.14	81.58	88.99	0.00	41	0	43	0.00	0.00	66.03	7.61	0.00	0.00	2000
213	11.17	2069	1937	0.00	199	0	0	0	nan	0.00	0.06	2.71	79.27	88.83	0.00	40	0	43	0.00	0.00	55.44	6.35	0.00	0.00	2000
239	10.47	2052	2336	0.00	247	0	0	0	nan	0.00	0.02	4.20	95.48	89.53	0.00	41	0	43	0.00	0.00	73.83	8.49	0.00	0.00	2000
229	11.34	2042	2078	0.00	192	0	0	0	nan	0.00	0.00	4.95	82.93	88.66	0.00	42	0	43	0.00	0.00	64.35	7.76	0.00	0.00	2000
230	11.33	2005	2126	0.00	198	0	0	0	nan	0.00	0.00	6.87	83.06	88.67	0.00	41	0	43	0.00	0.00	64.82	7.71	0.00	0.00	2000
230	11.13	2083	2079	0.00	198	0	0	0	nan	0.00	0.00	5.91	82.18	88.87	0.00	42	0	43	0.00	0.00	64.86	7.16	0.00	0.00	2000
236	11.55	2045	2096	0.51	200	0	0	4	69.52	0.00	0.00	6.89	81.43	88.45	0.00	42	0	43	0.00	0.00	64.85	7.39	0.00	0.00	2000
233	10.97	2123	2099	0.31	202	0	0	0	nan	0.00	0.01	8.10	80.88	89.03	0.00	42	0	43	0.00	0.00	64.78	7.39	0.00	0.00	2000
232	11.04	2100	2104	0.00	214	0	0	0	nan	0.00	0.00	4.82	84.46	88.96	0.00	42	0	43	0.00	0.00	64.83	7.32	0.00	0.00	2000
229	11.16	2060	2091	0.00	178	0	0	0	nan	0.00	0.00	4.54	84.06	88.84	0.00	42	0	43	0.00	0.00	64.83	7.50	0.00	0.00	2000
229	10.89	2095	2109	0.00	211	0	0	0	nan	0.00	0.00	4.71	84.84	89.11	0.00	42	0	43	0.00	0.00	64.58	7.84	0.00	0.00	2000
228	10.90	2084	2105	0.00	179	0	0	0	nan	0.00	0.00	4.09	85.26	89.10	0.00	42	0	43	0.00	0.00	64.79	7.42	0.00	0.00	2000
231	10.77	2155	2091	0.00	195	0	0	0	nan	0.00	0.00	4.55	84.30	89.23	0.00	42	0	43	0.00	0.00	65.38	7.56	0.00	0.00	2000
230	11.04	2059	2130	0.00	195	0	0	0	nan	0.00	0.02	4.63	85.69	88.96	0.00	42	0	43	0.00	0.00	66.37	7.54	0.00	0.00	2000
229	11.19	2075	2074	0.00	196	0	0	0	nan	0.00	0.00	3.14	84.57	88.81	0.00	42	0	43	0.00	0.00	64.17	7.57	0.00	0.00	2000
228	10.90	2086	2106	0.00	194	0	0	0	nan	0.00	0.02	3.47	85.91	89.10	0.00	42	0	43	0.00	0.00	64.87	7.50	0.00	0.00	2000
229	10.75	2129	2103	0.00	195	0	0	0	nan	0.00	0.00	3.73	85.68	89.25	0.00	42	0	43	0.00	0.00	65.14	7.49	0.00	0.00	2000
231	11.06	2111	2076	0.00	198	0	0	0	nan	0.00	0.03	4.31	83.66	88.94	0.00	42	0	43	0.00	0.00	64.63	7.45	0.00	0.00	2000
232	11.50	2000	2119	0.00	212	0	0	0	nan	0.00	0.00	4.65	84.74	88.50	0.00	42	0	43	0.00	0.00	65.13	7.41	0.00	0.00	2000
227	10.92	2050	2129	0.00	178	0	0	0	nan	0.00	0.02	4.82	85.59	89.08	0.00	42	0	43	0.00	0.00	67.12	7.82	0.00	0.00	2000
228	11.42	2003	2094	0.00	195	0	0	0	nan	0.00	0.00	3.52	84.84	88.58	0.00	42	0	43	0.00	0.00	64.59	7.45	0.00	0.00	2000
226	11.18	2083	2040	0.00	194	0	0	0	nan	0.00	0.02	3.37	82.97	88.82	0.00	42	0	43	0.00	0.00	60.12	6.79	0.00	0.00	2000
228	10.87	2073	2128	0.00	194	0	0	0	nan	0.00	0.00	3.62	86.79	89.13	0.00	42	0	43	0.00	0.00	67.01	7.58	0.00	0.00	2000
229	11.24	2029	2106	0.47	195	0	0	3	72.93	0.00	0.02	4.93	84.17	88.76	0.00	42	0	43	0.00	0.00	64.58	7.24	0.00	0.00	2000
231	11.14	2059	2113	0.67	196	0	0	2	89.25	0.00	0.03	4.44	85.07	88.86	0.00	42	0	43	0.00	0.00	64.90	7.41	0.00	0.00	2000
230	11.18	2081	2074	0.00	194	0	0	0	nan	0.00	0.00	4.16	83.63	88.82	0.00	42	0	43	0.00	0.00	64.75	7.66	0.00	0.00	2000
230	11.23	2038	2112	0.00	210	0	0	0	nan	0.00	0.00	4.09	85.28	88.77	0.00	42	0	43	0.00	0.00	64.09	7.42	0.00	0.00	2000
230	11.07	2083	2092	0.00	182	0	0	0	nan	0.00	0.01	5.59	83.01	88.93	0.00	42	0	43	0.00	0.00	62.45	7.57	0.00	0.00	2000
230	11.08	2041	2141	0.00	196	0	0	0	nan	0.00	0.00	4.92	85.71	88.92	0.00	42	0	43	0.00	0.00	67.94	7.36	0.00	0.00	2000
227	10.96	2100	2075	0.00	196	0	0	0	nan	0.00	0.02	2.72	85.37	89.04	0.00	42	0	43	0.00	0.00	64.36	7.36	0.00	0.00	2000
228	11.14	2037	2113	0.00	194	0	0	0	nan	0.00	0.00	3.78	85.74	88.86	0.00	42	0	43	0.00	0.00	64.97	7.48	0.00	0.00	2000
227	11.07	2066	2082	0.00	194	0	0	0	nan	0.00	0.00	3.97	84.27	88.93	0.00	42	0	43	0.00	0.00	65.14	7.54	0.00	0.00	2000
229	11.15	2058	2098	0.00	195	0	0	0	nan	0.00	0.00	4.04	84.77	88.85	0.00	42	0	43	0.00	0.00	64.89	7.55	0.00	0.00	2000
227	10.99	2078	2087	0.00	196	0	0	0	nan	0.00	0.00	4.16	84.41	89.01	0.00	42	0	43	0.00	0.00	64.36	7.27	0.00	0.00	2000
230	11.11	2056	2120	0.00	196	0	0	0	nan	0.00	0.00	4.55	85.35	88.89	0.00	42	0	43	0.00	0.00	64.63	7.51	0.00	0.00	2000
227	11.26	2039	2079	0.00	195	0	0	0	nan	0.00	0.03	4.18	83.85	88.74	0.00	42	0	43	0.00	0.00	64.78	7.39	0.00	0.00	2000
228	10.88	2084	2114	0.00	195	0	0	0	nan	0.00	0.00	4.63	85.16	89.12	0.00	42	0	43	0.00	0.00	64.90	7.33	0.00	0.00	2000
228	10.85	2078	2122	0.00	196	0	0	0	nan	0.00	0.00	4.44	85.63	89.15	0.00	42	0	43	0.00	0.00	66.18	7.63	0.00	0.00	2000
232	11.63	2037	2061	0.00	195	0	0	0	nan	0.00	0.02	3.07	83.76	88.37	0.00	42	0	43	0.00	0.00	60.25	7.06	0.00	0.00	2000
231	11.53	1982	2119	0.00	195	0	0	0	nan	0.00	0.04	4.03	85.26	88.47	0.00	42	0	43	0.00	0.00	67.77	7.75	0.00	0.00	2000
228	11.00	2052	2123	0.09	195	0	0	2	91.51	0.00	0.00	4.12	85.95	89.00	0.00	42	0	43	0.00	0.00	65.67	7.52	0.00	0.00	2000
228	11.00	2123	2055	0.62	196	0	0	3	94.80	0.00	0.00	3.35	83.73	89.00	0.00	42	0	43	0.00	0.00	61.65	6.88	0.00	0.00	2000
229	11.01	2047	2133	0.00	195	0	0	0	nan	0.00	0.02	4.03	86.45	88.99	0.00	42	0	43	0.00	0.00	67.47	7.82	0.00	0.00	2000
226	10.92	2083	2090	0.00	194	0	0	0	nan	0.00	0.01	4.37	84.26	89.08	0.00	42	0	43	0.00	0.00	65.21	7.44	0.00	0.00	2000
232	11.36	2044	2094	0.00	196	0	0	0	nan	0.00	0.00	4.48	83.93	88.64	0.00	42	0	43	0.00	0.00	64.27	7.41	0.00	0.00	2000
230	10.96	2055	2141	0.00	197	0	0	0	nan	0.00	0.01	5.24	85.62	89.04	0.00	42	0	43	0.00	0.00	67.28	7.77	0.00	0.00	2000
228	10.95	2107	2074	0.00	196	0	0	0	nan	0.00	0.00	3.37	84.65	89.05	0.00	42	0	43	0.00	0.00	61.63	7.01	0.00	0.00	2000
228	11.23	2029	2098	0.00	195	0	0	0	nan	0.00	0.03	2.66	86.08	88.77	0.00	42	0	43	0.00	0.00	64.83	7.37	0.00	0.00	2000
232	11.15	2054	2124	0.00	198	0	0	0	nan	0.00	0.05	5.05	84.85	88.85	0.00	43	0	43	0.00	0.00	66.91	8.39	0.00	0.00	2000
232	10.94	2126	2096	0.00	197	0	0	0	nan	0.00	0.00	3.88	85.04	89.06	0.00	43	0	43	0.00	0.00	66.63	7.77	0.00	0.00	2000
230	10.88	2123	2090	0.00	203	0	0	0	nan	0.00	0.72	5.33	82.72	89.12	0.00	43	0	43	0.00	0.00	63.55	7.31	0.00	0.00	2000
230	11.03	2070	2113	0.00	199	0	0	0	nan	0.00	0.01	5.70	83.93	88.97	0.00	43	0	43	0.00	0.00	66.93	7.74	0.00	0.00	2000
230	11.14	2066	2096	0.00	180	0	0	0	nan	0.00	0.00	5.43	83.29	88.86	0.00	43	0	43	0.00	0.00	65.48	7.52	0.00	0.00	2000
228	11.19	2046	2091	0.00	199	0	0	0	nan	0.00	0.02	5.85	82.66	88.81	0.00	43	0	43	0.00	0.00	63.56	7.28	0.00	0.00	2000
231	10.84	2113	2117	0.00	199	0	0	0	nan	0.00	0.00	5.01	84.94	89.16	0.00	43	0	43	0.00	0.00	66.21	7.55	0.00	0.00	2000
230	11.23	2058	2086	0.00	199	0	0	0	nan	0.00	0.00	5.55	82.67	88.77	0.00	43	0	43	0.00	0.00	63.37	7.45	0.00	0.00	2000
229	11.16	2074	2080	0.00	205	0	0	0	nan	0.00	0.00	5.04	83.03	88.84	0.00	43	0	43	0.00	0.00	65.25	8.31	0.00	0.00	2000
226	10.87	2106	2073	0.00	199	0	0	1	63.74	0.00	0.00	5.22	82.80	89.13	0.00	43	0	43	0.00	0.00	62.98	7.38	0.00	0.00	2000
234	11.07	2049	2162	1.42	199	0	0	6	49.85	0.00	0.08	2.29	89.39	88.93	0.00	42	0	43	0.00	0.00	65.62	7.69	0.00	0.00	2000
228	11.11	2056	2098	0.00	199	0	0	0	nan	0.00	0.05	4.33	84.50	88.89	0.00	43	0	43	0.00	0.00	65.99	7.75	0.00	0.00	2000
231	10.97	2109	2097	0.00	199	0	0	0	nan	0.00	0.02	5.30	83.61	89.03	0.00	43	0	43	0.00	0.00	67.10	7.59	0.00	0.00	2000
231	11.28	2067	2079	0.00	189	0	0	0	nan	0.00	0.02	5.43	82.50	88.72	0.00	43	0	43	0.00	0.00	62.78	7.14	0.00	0.00	2000
230	10.99	2089	2104	0.00	201	0	0	0	nan	0.00	0.00	6.77	82.46	89.01	0.00	43	0	43	0.00	0.00	64.57	7.38	0.00	0.00	2000
230	10.98	2093	2100	0.00	199	0	0	0	nan	0.00	0.00	6.80	82.33	89.02	0.00	42	0	43	0.00	0.00	66.49	8.25	0.00	0.00	2000
229	11.07	2065	2108	0.00	199	0	0	0	nan	0.00	0.00	6.01	83.29	88.93	0.00	43	0	43	0.00	0.00	67.57	7.51	0.00	0.00	2000
229	11.05	2055	2117	0.00	200	0	0	0	nan	0.00	0.02	6.04	83.72	88.95	0.00	43	0	43	0.00	0.00	64.69	7.74	0.00	0.00	2000
232	11.24	2080	2084	0.00	204	0	0	0	nan	0.00	0.00	6.21	81.92	88.76	0.00	43	0	43	0.00	0.00	63.52	7.26	0.00	0.00	2000
229	11.08	2054	2113	0.00	198	0	0	0	nan	0.00	0.00	5.11	84.56	88.92	0.00	43	0	43	0.00	0.00	67.28	7.88	0.00	0.00	2000
230	11.21	2073	2076	0.00	185	0	0	0	nan	0.00	0.00	6.70	81.13	88.79	0.00	43	0	43	0.00	0.00	62.49	7.22	0.00	0.00	2000
228	11.12	2035	2117	0.00	199	0	0	0	nan	0.00	0.02	7.10	82.64	88.88	0.00	43	0	43	0.00	0.00	65.42	7.56	0.00	0.00	2000
229	11.10	2103	2063	0.00	199	0	0	0	nan	0.00	0.00	5.19	82.13	88.90	0.00	42	0	43	0.00	0.00	61.86	7.86	0.00	0.00	2000
228	11.23	2029	2102	0.00	199	0	0	0	nan	0.00	0.01	5.55	83.40	88.77	0.00	43	0	43	0.00	0.00	67.57	8.08	0.00	0.00	2000
232	11.25	2034	2132	0.00	221	0	0	0	nan	0.00	0.04	6.12	84.15	88.75	0.00	43	0	43	0.00	0.00	64.80	7.48	0.00	0.00	2000
228	10.61	2160	2092	0.00	182	0	0	0	nan	0.00	0.93	3.24	84.93	89.39	0.00	43	0	43	0.00	0.00	65.12	7.15	0.00	0.00	2000
229	11.45	2004	2096	0.00	198	0	0	0	nan	0.00	0.00	5.67	82.82	88.55	0.00	43	0	43	0.00	0.00	65.16	7.39	0.00	0.00	2000
230	11.34	2022	2103	1.12	199	0	0	5	32.28	0.00	0.00	6.30	82.58	88.66	0.00	43	0	43	0.00	0.00	65.48	7.43	0.00	0.00	2000
229	11.10	2062	2098	0.42	197	0	0	0	nan	0.00	0.00	5.56	83.32	88.90	0.00	43	0	43	0.00	0.00	64.48	7.35	0.00	0.00	2000
233	11.32	2058	2095	0.00	204	0	0	0	nan	0.00	0.02	7.83	80.74	88.68	0.00	40	0	43	0.00	0.00	64.79	7.68	0.00	0.00	2000
230	11.05	2084	2094	0.00	199	0	0	0	nan	0.00	0.00	6.65	82.04	88.95	0.00	39	0	43	0.00	0.00	64.59	7.40	0.00	0.00	2000
228	10.83	2095	2107	0.00	200	0	0	0	nan	0.00	0.00	6.61	82.94	89.17	0.00	39	0	43	0.00	0.00	65.03	7.66	0.00	0.00	2000
230	11.13	2062	2107	0.00	198	0	0	0	nan	0.00	0.00	6.49	82.76	88.87	0.00	40	0	43	0.00	0.00	64.76	7.44	0.00	0.00	2000
228	11.01	2066	2102	0.00	199	0	0	0	nan	0.00	0.00	5.91	83.27	88.99	0.00	40	0	43	0.00	0.00	64.64	7.52	0.00	0.00	2000
232	10.96	2138	2079	0.00	204	0	0	0	nan	0.00	0.00	6.41	81.83	89.04	0.00	40	0	43	0.00	0.00	61.98	7.13	0.00	0.00	2000
229	11.35	2002	2119	0.00	200	0	0	0	nan	0.00	0.02	6.78	82.85	88.65	0.00	38	0	43	0.00	0.00	67.99	7.80	0.00	0.00	2000
230	11.15	2062	2099	0.00	198	0	0	0	nan	0.00	0.03	5.33	83.62	88.85	0.00	39	0	43	0.00	0.00	64.45	7.57	0.00	0.00	2000
228	11.63	1982	2079	0.00	199	0	0	0	nan	0.00	0.01	5.59	82.06	88.37	0.00	39	0	43	0.00	0.00	61.74	7.12	0.00	0.00	2000
225	11.36	2025	2054	0.00	199	0	0	0	nan	0.00	0.00	5.97	80.88	88.64	0.00	39	0	43	0.00	0.00	64.13	7.37	0.00	0.00	2000
231	11.52	2015	2094	0.00	222	1	0	0	nan	0.00	0.00	5.58	82.84	88.48	0.00	42	0	43	0.00	0.00	65.03	7.34	0.00	0.00	2000
232	10.93	2045	2178	0.00	198	0	0	0	nan	0.00	0.02	6.16	86.30	89.07	0.00	42	0	43	0.00	0.00	67.66	7.75	0.00	0.00	2000
228	11.02	2080	2093	0.00	201	0	0	0	nan	0.00	0.00	7.45	81.31	88.98	0.00	42	0	43	0.00	0.00	64.80	7.45	0.00	0.00	2000
231	12.00	2043	1983	0.00	207	0	0	0	nan	0.00	0.00	6.68	76.56	88.00	0.00	40	0	43	0.00	0.00	57.34	6.80	0.00	0.00	2000
231	10.71	2053	2209	0.00	215	0	0	0	nan	0.00	0.00	7.35	86.65	89.29	0.00	39	0	43	0.00	0.00	70.01	8.09	0.00	0.00	2000
233	11.07	2103	2105	1.09	204	0	0	1	84.48	0.00	0.00	6.17	83.07	88.93	0.00	39	0	43	0.00	0.00	64.86	7.38	0.00	0.00	2000
229	11.06	2072	2094	0.39	200	0	0	0	nan	0.00	0.05	5.47	83.23	88.94	0.00	40	0	43	0.00	0.00	64.91	7.52	0.00	0.00	2000
229	11.33	2024	2099	0.00	198	0	0	0	nan	0.02	0.02	5.72	83.00	88.67	0.00	41	0	43	0.00	0.00	63.55	7.29	0.00	0.00	2000
230	11.29	2034	2105	0.00	199	0	0	0	nan	0.00	0.00	7.56	81.42	88.71	0.00	42	0	43	0.00	0.00	64.19	7.47	0.00	0.00	2000
231	11.07	2061	2123	0.00	207	0	0	0	nan	0.00	0.00	7.45	82.58	88.93	0.00	42	0	43	0.00	0.00	67.17	7.78	0.00	0.00	2000
232	11.14	2098	2086	0.00	203	0	0	0	nan	0.00	1.10	4.40	82.89	88.86	0.00	42	0	43	0.00	0.00	62.38	7.19	0.00	0.00	2000
230	11.16	2068	2092	0.00	200	0	0	0	nan	0.00	0.00	7.24	81.29	88.84	0.00	42	0	43	0.00	0.00	64.60	7.37	0.00	0.00	2000
229	11.22	2005	2134	0.00	201	0	0	0	nan	0.00	0.00	8.67	81.72	88.78	0.00	41	0	43	0.00	0.00	66.32	8.22	0.00	0.00	2000
230	11.28	2085	2052	0.00	199	0	0	0	nan	0.00	0.02	5.05	81.74	88.72	0.00	41	0	43	0.00	0.00	65.53	9.28	0.00	0.00	2000
229	11.12	2049	2115	0.00	199	0	0	0	nan	0.00	0.00	5.76	83.78	88.88	0.00	41	0	43	0.00	0.00	64.84	8.10	0.00	0.00	2000
234	11.18	2091	2103	0.00	207	0	0	0	nan	0.00	0.00	6.96	82.04	88.82	0.00	41	0	43	0.00	0.00	64.15	7.75	0.00	0.00	2000
204	10.29	1952	2129	0.00	196	0	0	0	nan	0.00	0.00	7.03	84.04	89.71	0.00	39	0	43	0.00	0.00	65.40	7.70	0.00	0.00	2000
114	8.65	1335	2070	0.00	227	0	0	0	nan	0.00	0.01	5.75	84.43	91.35	0.00	38	0	43	0.00	0.00	58.66	7.35	0.00	0.00	2000
78	6.97	1102	2121	0.00	193	0	0	0	nan	0.00	0.00	3.97	89.98	93.03	0.00	39	0	43	0.00	0.00	58.97	7.56	0.00	0.00	2000
73	6.88	1068	2084	0.00	209	0	0	0	nan	0.00	0.00	3.72	88.77	93.12	0.00	38	0	43	0.00	0.00	58.66	7.52	0.00	0.00	2000
72	6.72	1077	2092	0.00	195	0	0	0	nan	0.00	0.02	2.24	90.65	93.28	0.00	38	0	43	0.00	0.00	56.65	7.36	0.00	0.00	2000
142	8.72	1509	2261	0.00	65	0	0	0	nan	0.00	0.00	10.61	87.77	91.28	0.00	38	0	43	0.00	0.00	73.11	8.78	0.00	0.00	2000
