Avg_MHz	Busy%	Bzy_MHz	TSC_MHz	IPC	IRQ	NMI	SMI	LLCMRPS	LLC%hit	POLL%	C1%	C1E%	C6%	CPU%c1	CPU%c6	CoreTmp	CoreThr	PkgTmp	Pkg%pc2	Pkg%pc6	PkgWatt	RAMWatt	PKG_%	RAM_%	UncMHz
189	11.31	1635	2146	0.00	210	0	0	0	nan	0.00	0.00	32.48	58.15	88.69	0.00	36	0	42	0.00	0.00	63.53	7.81	0.00	0.00	2000
215	12.09	1872	1999	0.00	194	0	0	0	nan	0.00	0.02	4.55	79.00	87.91	0.00	37	0	42	0.00	0.00	53.01	6.86	0.00	0.00	2000
365	16.71	2081	2206	0.00	264	0	0	0	nan	0.01	1.47	17.32	69.00	83.29	0.00	36	0	41	0.00	0.00	77.40	8.60	0.00	0.00	2000
75	6.72	1112	2115	0.00	193	0	0	0	nan	0.00	0.00	8.34	85.58	93.28	0.00	36	0	42	0.00	0.00	60.39	7.69	0.00	0.00	2000
77	6.49	1186	2096	0.00	193	0	0	0	nan	0.00	0.03	3.04	90.21	93.51	0.00	36	0	42	0.00	0.00	59.24	7.66	0.00	0.00	2000
73	6.51	1121	2094	0.00	197	0	0	0	nan	0.00	0.00	3.76	89.44	93.49	0.00	36	0	41	0.00	0.00	59.29	7.49	0.00	0.00	2000
75	6.24	1194	2108	0.00	198	0	0	0	nan	0.00	0.00	4.29	89.79	93.76	0.00	36	0	42	0.00	0.00	57.34	7.63	0.00	0.00	2000
72	6.22	1160	2085	0.00	195	0	0	0	nan	0.00	0.00	2.58	90.44	93.78	0.00	36	0	42	0.00	0.00	58.38	7.53	0.00	0.00	2000
73	6.46	1130	2113	0.00	194	0	0	0	nan	0.00	0.03	2.43	91.67	93.54	0.00	36	0	42	0.00	0.00	59.97	7.68	0.00	0.00	2000
75	6.61	1122	2120	0.00	193	0	0	0	nan	0.00	0.02	2.38	91.84	93.39	0.00	36	0	42	0.00	0.00	61.16	7.76	0.00	0.00	2000
74	6.41	1158	2091	0.00	194	0	0	0	nan	0.00	0.01	3.15	90.05	93.59	0.00	36	0	42	0.00	0.00	59.32	7.49	0.00	0.00	2000
72	6.51	1109	2095	0.00	195	0	0	0	nan	0.00	0.01	2.68	90.61	93.49	0.00	36	0	42	0.00	0.00	59.54	7.64	0.00	0.00	2000
72	7.02	1035	2079	0.00	193	0	0	0	nan	0.00	0.02	2.47	89.62	92.98	0.00	36	0	42	0.00	0.00	56.98	7.36	0.00	0.00	2000
71	6.75	1043	2130	0.00	193	0	0	0	nan	0.00	0.00	1.98	92.52	93.25	0.00	36	0	42	0.00	0.00	58.60	7.45	0.00	0.00	2000
73	6.54	1123	2093	0.00	193	0	0	0	nan	0.00	0.01	2.87	90.18	93.46	0.00	36	0	42	0.00	0.00	61.55	7.52	0.00	0.00	2000
72	6.62	1088	2106	0.00	195	0	0	1	89.22	0.00	0.01	3.12	90.57	93.38	0.00	36	0	42	0.00	0.00	56.76	7.14	0.00	0.00	2000
73	6.65	1103	2093	0.06	209	0	0	2	86.96	0.00	0.00	2.77	90.21	93.35	0.00	36	0	42	0.00	0.00	60.96	7.67	0.00	0.00	2000
72	6.30	1132	2111	0.00	177	0	0	0	nan	0.01	0.00	3.27	90.88	93.70	0.00	36	0	42	0.00	0.00	60.43	7.50	0.00	0.00	2000
72	6.56	1117	2067	0.00	195	0	0	0	nan	0.00	0.00	2.81	89.24	93.44	0.00	36	0	42	0.00	0.00	56.11	7.04	0.00	0.00	2000
143	8.63	1676	2072	0.00	207	0	0	0	nan	0.00	0.83	3.35	86.03	91.37	0.00	36	0	42	0.00	0.00	61.03	7.50	0.00	0.00	2000
234	10.73	2116	2160	0.00	215	0	0	0	nan	0.00	0.00	5.70	86.29	89.27	0.00	37	0	42	0.00	0.00	69.26	7.70	0.00	0.00	2000
230	10.86	2122	2092	0.00	200	0	0	0	nan	0.00	0.48	6.34	82.04	89.14	0.00	37	0	42	0.00	0.00	64.87	7.61	0.00	0.00	2000
229	11.24	2048	2093	0.00	198	0	0	0	nan	0.00	0.02	4.13	84.45	88.76	0.00	38	0	42	0.00	0.00	63.73	7.29	0.00	0.00	2000
229	11.12	2054	2105	0.00	203	0	0	0	nan	0.00	0.00	7.40	81.79	88.88	0.00	37	0	42	0.00	0.00	64.26	7.47	0.00	0.00	2000
232	11.36	2035	2110	0.00	198	0	0	0	nan	0.00	0.02	5.68	83.48	88.64	0.00	37	0	42	0.00	0.00	65.38	7.85	0.00	0.00	2000
228	11.02	2089	2075	0.00	198	0	0	0	nan	0.00	0.02	5.40	82.57	88.98	0.00	37	0	42	0.00	0.00	64.60	7.63	0.00	0.00	2000
236	11.08	2117	2115	0.00	203	0	0	0	nan	0.00	0.00	6.16	83.43	88.92	0.00	37	0	42	0.00	0.00	66.04	7.58	0.00	0.00	2000
233	11.19	2080	2104	0.00	199	0	0	0	nan	0.00	0.04	4.64	84.40	88.81	0.00	37	0	42	0.00	0.00	67.45	8.13	0.00	0.00	2000
233	11.14	2099	2096	0.00	203	0	0	0	nan	0.00	0.00	5.23	83.57	88.86	0.00	37	0	42	0.00	0.00	65.88	7.44	0.00	0.00	2000
229	11.22	2034	2108	0.00	195	0	0	0	nan	0.00	0.01	4.47	84.71	88.78	0.00	37	0	42	0.00	0.00	64.51	7.42	0.00	0.00	2000
229	11.12	2086	2077	0.00	199	0	0	0	nan	0.00	0.00	3.89	84.03	88.88	0.00	38	0	42	0.00	0.00	61.98	6.93	0.00	0.00	2000
224	10.92	2058	2092	0.00	215	0	0	0	nan	0.00	0.55	3.36	84.95	89.08	0.00	38	0	42	0.00	0.00	66.15	7.67	0.00	0.00	2000
235	11.28	2061	2121	0.00	202	0	0	3	83.72	0.00	0.01	4.68	85.13	88.72	0.00	38	0	42	0.00	0.00	65.24	7.54	0.00	0.00	2000
230	10.77	2133	2107	0.70	199	0	0	18	87.96	0.00	0.86	4.47	84.21	89.23	0.00	39	0	42	0.00	0.00	66.06	7.53	0.00	0.00	2000
229	11.33	2028	2094	0.00	196	0	0	0	nan	0.01	0.00	5.60	82.97	88.67	0.00	38	0	42	0.00	0.00	62.96	7.20	0.00	0.00	2000
233	11.45	2052	2084	0.00	201	0	0	0	nan	0.00	0.02	4.09	83.94	88.55	0.00	37	0	42	0.00	0.00	62.48	7.59	0.00	0.00	2000
233	11.39	2012	2136	0.00	214	0	0	0	nan	0.00	0.00	5.48	84.79	88.61	0.00	37	0	41	0.00	0.00	69.99	7.60	0.00	0.00	2000
230	11.14	2077	2085	0.00	202	0	0	0	nan	0.00	0.00	5.92	82.51	88.86	0.00	37	0	42	0.00	0.00	65.51	7.66	0.00	0.00	2000
230	11.37	2016	2105	0.00	199	0	0	0	nan	0.00	0.00	5.65	83.35	88.63	0.00	38	0	41	0.00	0.00	64.94	7.48	0.00	0.00	2000
232	11.29	2044	2110	0.00	198	0	0	0	nan	0.00	0.00	4.78	84.48	88.71	0.00	38	0	42	0.00	0.00	65.94	7.60	0.00	0.00	2000
226	11.22	2035	2082	0.00	199	0	0	0	nan	0.00	0.00	5.41	82.85	88.78	0.00	39	0	42	0.00	0.00	62.88	7.26	0.00	0.00	2000
226	11.30	2027	2070	0.00	199	0	0	0	nan	0.00	0.01	4.62	82.95	88.70	0.00	38	0	42	0.00	0.00	65.18	7.45	0.00	0.00	2000
234	11.46	2035	2111	0.00	204	0	0	0	nan	0.00	0.00	4.13	85.07	88.54	0.00	38	0	42	0.00	0.00	64.55	7.49	0.00	0.00	2000
230	11.37	2020	2102	0.00	214	0	0	0	nan	0.00	0.06	3.71	85.18	88.63	0.00	38	0	42	0.00	0.00	64.39	7.42	0.00	0.00	2000
232	10.99	2094	2122	0.00	199	0	0	0	nan	0.00	0.55	4.21	85.28	89.01	0.00	38	0	42	0.00	0.00	68.96	7.96	0.00	0.00	2000
228	11.08	2064	2096	0.00	200	0	0	0	nan	0.00	0.03	3.04	85.78	88.92	0.00	38	0	42	0.00	0.00	62.50	7.17	0.00	0.00	2000
224	11.29	2058	2022	0.00	205	0	0	0	nan	0.00	0.00	3.85	81.68	88.71	0.00	37	0	42	0.00	0.00	55.67	6.63	0.00	0.00	2000
242	10.98	2093	2208	0.00	287	0	0	0	nan	0.01	0.06	7.80	85.82	89.02	0.00	37	0	42	0.00	0.00	78.97	9.23	0.00	0.00	2000
225	10.79	2075	2106	0.00	194	0	0	0	nan	0.00	0.02	6.94	82.50	89.21	0.00	38	0	42	0.00	0.00	65.93	7.70	0.00	0.00	2000
224	10.84	2074	2094	0.32	196	0	0	8	78.41	0.00	0.00	6.07	82.97	89.16	0.00	38	0	42	0.00	0.00	63.25	7.55	0.00	0.00	2000
226	11.46	2053	2018	0.66	205	0	0	4	83.51	0.00	0.02	7.18	78.05	88.54	0.00	38	0	42	0.00	0.00	62.41	7.31	0.00	0.00	2000
226	10.64	2044	2180	0.00	197	0	0	0	nan	0.00	0.00	7.01	85.92	89.36	0.00	39	0	42	0.00	0.00	68.87	8.09	0.00	0.00	2000
223	10.83	2121	2039	0.00	197	0	0	0	nan	0.00	0.00	4.73	81.90	89.17	0.00	39	0	42	0.00	0.00	61.93	7.43	0.00	0.00	2000
224	10.81	2044	2127	0.00	198	0	0	0	nan	0.00	0.00	5.22	85.35	89.19	0.00	40	0	42	0.00	0.00	65.93	8.37	0.00	0.00	2000
227	10.71	2076	2145	0.00	207	0	0	0	nan	0.00	0.00	5.82	85.48	89.29	0.00	39	0	42	0.00	0.00	68.51	8.37	0.00	0.00	2000
224	10.86	2047	2112	0.00	203	0	0	0	nan	0.01	0.00	7.05	82.69	89.14	0.00	39	0	42	0.00	0.00	64.23	7.51	0.00	0.00	2000
221	10.67	2072	2099	0.00	197	0	0	0	nan	0.00	0.00	7.05	82.32	89.33	0.00	39	0	42	0.00	0.00	65.74	7.65	0.00	0.00	2000
221	10.54	2103	2099	0.00	195	0	0	0	nan	0.00	0.00	6.22	83.19	89.46	0.00	39	0	42	0.00	0.00	64.28	7.38	0.00	0.00	2000
221	10.63	2083	2097	0.00	182	0	0	0	nan	0.00	0.02	4.41	84.89	89.37	0.00	39	0	42	0.00	0.00	65.49	7.61	0.00	0.00	2000
222	10.44	2123	2105	0.00	198	0	0	0	nan	0.00	0.00	5.53	84.21	89.56	0.00	39	0	42	0.00	0.00	63.67	7.37	0.00	0.00	2000
223	10.68	2089	2101	0.00	198	0	0	0	nan	0.00	0.08	2.99	86.37	89.32	0.00	39	0	42	0.00	0.00	66.01	7.17	0.00	0.00	2000
217	11.20	2083	1956	0.00	202	0	0	0	nan	0.00	0.01	3.79	79.00	88.80	0.00	39	0	42	0.00	0.00	58.98	7.25	0.00	0.00	2000
226	10.21	2066	2253	0.00	198	0	0	0	nan	0.00	0.01	6.18	90.21	89.79	0.00	39	0	42	0.00	0.00	71.62	7.97	0.00	0.00	2000
223	10.63	2096	2099	0.00	196	0	0	0	nan	0.00	0.01	5.59	83.80	89.37	0.00	40	0	42	0.00	0.00	63.04	7.66	0.00	0.00	2000
219	10.84	2106	2013	0.00	197	0	0	0	nan	0.01	0.00	5.94	79.52	89.16	0.00	39	0	42	0.00	0.00	60.21	6.96	0.00	0.00	2000
226	10.42	2074	2194	0.00	200	0	0	0	nan	0.00	0.00	5.65	88.01	89.58	0.00	39	0	42	0.00	0.00	69.06	8.04	0.00	0.00	2000
222	10.64	2084	2099	0.00	206	0	0	1	85.21	0.00	0.02	7.10	82.25	89.36	0.00	39	0	42	0.00	0.00	62.73	7.39	0.00	0.00	2000
215	11.15	2076	1954	0.56	198	0	0	1	88.20	0.00	0.00	6.19	76.54	88.85	0.00	39	0	42	0.00	0.00	61.88	7.10	0.00	0.00	2000
226	10.16	2068	2254	0.00	196	0	0	0	nan	0.00	0.00	6.78	89.76	89.84	0.00	39	0	42	0.00	0.00	67.83	7.97	0.00	0.00	2000
220	10.96	2069	2036	0.00	196	0	0	0	nan	0.00	0.04	4.96	81.46	89.05	0.00	39	0	42	0.00	0.00	60.62	7.05	0.00	0.00	2000
225	10.60	2057	2161	0.00	195	0	0	0	nan	0.00	0.00	5.20	86.92	89.40	0.00	39	0	42	0.00	0.00	68.77	8.20	0.00	0.00	2000
228	10.42	2184	2102	0.00	201	0	0	0	nan	0.02	0.71	6.67	82.20	89.58	0.00	39	0	42	0.00	0.00	63.36	7.69	0.00	0.00	2000
112	6.95	1609	2099	0.00	200	0	0	0	nan	0.00	0.01	9.20	83.61	93.05	0.00	37	0	42	0.00	0.00	59.59	7.63	0.00	0.00	2000
79	6.65	1196	2082	0.00	198	0	0	0	nan	0.00	0.06	5.66	86.80	93.35	0.00	36	0	41	0.00	0.00	62.60	7.51	0.00	0.00	2000
82	6.66	1230	2103	0.00	202	0	0	0	nan	0.03	0.02	5.97	87.47	93.34	0.00	36	0	42	0.00	0.00	58.65	7.38	0.00	0.00	2000
77	6.95	1101	2115	0.00	198	0	0	0	nan	0.00	0.07	7.32	86.36	93.05	0.00	36	0	42	0.00	0.00	60.99	7.49	0.00	0.00	2000
151	8.94	1709	2077	0.00	212	0	0	0	nan	0.01	0.02	5.53	84.57	91.06	0.00	38	0	42	0.00	0.00	61.03	7.43	0.00	0.00	2000
224	11.05	2030	2098	0.00	218	0	0	0	nan	0.00	0.02	4.03	84.90	88.95	0.00	40	0	42	0.00	0.00	65.56	7.54	0.00	0.00	2000
234	11.31	2035	2131	0.00	212	0	0	0	nan	0.00	0.00	5.10	84.93	88.69	0.00	40	0	42	0.00	0.00	65.42	7.84	0.00	0.00	2000
163	9.01	1812	2103	0.00	208	0	0	0	nan	0.00	0.02	5.97	85.08	90.99	0.00	38	0	42	0.00	0.00	63.17	7.57	0.00	0.00	2000
77	6.59	1178	2088	0.00	197	0	0	0	nan	0.00	0.02	5.71	87.20	93.41	0.00	36	0	42	0.00	0.00	57.25	7.21	0.00	0.00	2000
179	9.66	1864	2085	0.00	216	0	0	0	nan	0.00	0.01	6.23	83.49	90.34	0.00	38	0	42	0.00	0.00	65.47	7.78	0.00	0.00	2000
232	10.71	2156	2108	0.00	224	0	0	0	nan	0.00	0.00	4.97	84.68	89.29	0.00	39	0	42	0.00	0.00	62.94	7.44	0.00	0.00	2000
230	11.10	2087	2085	0.07	205	0	0	2	73.91	0.00	0.01	3.06	85.30	88.90	0.00	40	0	42	0.00	0.00	64.24	7.34	0.00	0.00	2000
228	11.06	2068	2093	0.51	219	0	0	4	76.32	0.00	0.02	4.47	84.21	88.94	0.00	40	0	42	0.00	0.00	64.17	7.49	0.00	0.00	2000
236	10.79	2143	2140	0.00	213	0	0	0	nan	0.00	0.00	5.97	85.02	89.21	0.00	40	0	42	0.00	0.00	68.11	7.61	0.00	0.00	2000
226	10.97	2084	2080	0.00	221	0	0	0	nan	0.00	0.00	2.98	85.32	89.03	0.00	40	0	42	0.00	0.00	62.36	7.54	0.00	0.00	2000
233	10.86	2121	2121	0.00	226	0	0	0	nan	0.00	2.81	5.36	82.01	89.14	0.00	38	0	41	0.00	0.00	68.38	7.90	0.00	0.00	2000
307	14.39	2171	2060	0.00	198	0	0	0	nan	0.00	0.00	5.78	78.36	85.61	0.00	38	0	42	0.00	0.00	61.81	7.28	0.00	0.00	2000
112	7.82	1433	2104	0.00	253	0	0	0	nan	0.00	0.02	6.11	86.18	92.18	0.00	37	0	42	0.00	0.00	65.26	8.21	0.00	0.00	2000
79	6.75	1145	2140	0.00	209	0	0	0	nan	0.00	0.00	3.91	90.96	93.25	0.00	36	0	42	0.00	0.00	59.77	7.79	0.00	0.00	2000
72	6.44	1130	2094	0.00	178	0	0	0	nan	0.00	0.02	3.03	90.18	93.56	0.00	36	0	42	0.00	0.00	57.49	7.30	0.00	0.00	2000
73	6.49	1129	2098	0.00	193	0	0	0	nan	0.00	0.01	3.58	89.75	93.51	0.00	37	0	42	0.00	0.00	58.29	7.26	0.00	0.00	2000
109	8.24	1309	2111	0.00	82	0	0	0	nan	0.02	0.00	6.68	85.53	91.76	0.00	36	0	42	0.00	0.00	59.30	7.18	0.00	0.00	2000
