Avg_MHz	Busy%	Bzy_MHz	TSC_MHz	IPC	IRQ	NMI	SMI	LLCMRPS	LLC%hit	POLL%	C1%	C1E%	C6%	CPU%c1	CPU%c6	CoreTmp	CoreThr	PkgTmp	Pkg%pc2	Pkg%pc6	PkgWatt	RAMWatt	PKG_%	RAM_%	UncMHz
255	14.41	1838	2024	0.00	233	0	0	0	nan	0.00	0.04	21.80	60.79	85.59	0.00	37	0	41	0.00	0.00	54.92	6.73	0.00	0.00	2000
433	17.73	2220	2310	0.00	282	0	0	0	nan	0.01	1.42	17.15	72.36	82.27	0.00	37	0	42	0.00	0.00	84.84	9.41	0.00	0.00	2000
77	6.70	1146	2117	0.00	210	0	0	0	nan	0.00	0.22	13.43	80.51	93.30	0.00	36	0	42	0.00	0.00	59.25	7.67	0.00	0.00	2000
74	6.80	1082	2099	0.00	186	0	0	0	nan	0.00	0.00	3.31	89.98	93.20	0.00	36	0	42	0.00	0.00	58.97	7.49	0.00	0.00	2000
73	6.78	1080	2107	0.00	200	0	0	0	nan	0.00	0.00	3.35	90.34	93.22	0.00	36	0	42	0.00	0.00	59.99	7.43	0.00	0.00	2000
72	6.62	1095	2085	0.00	178	0	0	0	nan	0.00	0.02	2.94	89.89	93.38	0.00	36	0	42	0.00	0.00	58.36	7.50	0.00	0.00	2000
72	7.05	1036	2083	0.00	213	0	0	0	nan	0.00	0.07	4.62	87.66	92.95	0.00	37	0	42	0.00	0.00	57.10	7.12	0.00	0.00	2000
73	6.62	1100	2119	0.00	195	0	0	0	nan	0.00	0.00	3.07	91.22	93.38	0.00	36	0	42	0.00	0.00	58.68	7.26	0.00	0.00	2000
74	6.89	1077	2082	0.00	194	0	0	0	nan	0.00	0.00	2.14	90.29	93.11	0.00	37	0	42	0.00	0.00	56.61	7.15	0.00	0.00	2000
73	6.98	1029	2131	0.00	209	0	0	0	nan	0.00	0.01	1.95	92.60	93.02	0.00	36	0	42	0.00	0.00	63.17	7.99	0.00	0.00	2000
73	6.86	1069	2098	0.00	177	0	0	0	nan	0.00	0.00	2.61	90.52	93.14	0.00	36	0	42	0.00	0.00	56.98	7.38	0.00	0.00	2000
71	6.57	1085	2086	0.00	194	0	0	0	nan	0.00	0.02	3.12	89.84	93.43	0.00	36	0	42	0.00	0.00	53.03	7.14	0.00	0.00	2000
73	7.00	1038	2110	0.00	210	0	0	0	nan	0.00	0.01	2.93	90.64	93.00	0.00	36	0	42	0.00	0.00	65.59	7.95	0.00	0.00	2000
72	6.33	1136	2093	0.00	177	0	0	0	nan	0.00	0.00	3.11	90.30	93.67	0.00	36	0	42	0.00	0.00	54.08	6.89	0.00	0.00	2000
72	6.82	1058	2105	0.00	193	0	0	0	nan	0.00	0.00	3.08	90.52	93.18	0.00	36	0	41	0.00	0.00	58.41	7.50	0.00	0.00	2000
72	6.61	1089	2110	0.00	195	0	0	1	88.91	0.00	0.00	3.06	90.83	93.39	0.00	36	0	42	0.00	0.00	58.94	7.87	0.00	0.00	2000
72	6.92	1052	2069	0.11	193	0	0	1	88.88	0.00	0.02	2.59	89.20	93.08	0.00	36	0	42	0.00	0.00	57.19	7.12	0.00	0.00	2000
72	6.76	1054	2115	0.00	194	0	0	0	nan	0.00	0.02	2.66	91.40	93.24	0.00	37	0	42	0.00	0.00	59.05	7.55	0.00	0.00	2000
150	9.20	1653	2071	0.00	205	0	0	0	nan	0.00	2.03	3.31	84.38	90.80	0.00	37	0	42	0.00	0.00	60.19	7.29	0.00	0.00	2000
228	11.23	1996	2137	0.00	215	0	0	0	nan	0.00	0.00	9.17	81.38	88.77	0.00	38	0	41	0.00	0.00	67.12	7.73	0.00	0.00	2000
231	11.55	1993	2105	0.00	198	0	0	0	nan	0.00	0.02	5.32	83.56	88.45	0.00	38	0	42	0.00	0.00	63.97	7.35	0.00	0.00	2000
230	11.13	2080	2087	0.00	204	0	0	0	nan	0.00	0.00	5.22	83.30	88.87	0.00	38	0	42	0.00	0.00	65.87	7.49	0.00	0.00	2000
229	11.33	2039	2086	0.00	198	0	0	0	nan	0.00	0.00	6.23	82.06	88.67	0.00	38	0	42	0.00	0.00	64.41	7.52	0.00	0.00	2000
235	11.43	2026	2127	0.00	200	0	0	0	nan	0.00	0.00	5.78	84.13	88.57	0.00	36	0	41	0.00	0.00	65.92	8.06	0.00	0.00	2000
229	11.09	2078	2089	0.00	198	0	0	0	nan	0.00	0.02	4.66	83.97	88.91	0.00	37	0	41	0.00	0.00	66.31	8.18	0.00	0.00	2000
227	11.26	1998	2115	0.00	204	0	0	0	nan	0.00	0.00	4.10	85.44	88.74	0.00	38	0	41	0.00	0.00	65.46	7.86	0.00	0.00	2000
232	11.52	2016	2097	0.00	203	0	0	0	nan	0.00	0.00	3.52	85.05	88.48	0.00	38	0	41	0.00	0.00	66.14	7.74	0.00	0.00	2000
229	11.15	2059	2091	0.00	214	0	0	0	nan	0.00	0.00	3.90	84.71	88.85	0.00	39	0	41	0.00	0.00	65.31	7.85	0.00	0.00	2000
226	11.13	2043	2092	0.00	204	0	0	0	nan	0.00	0.02	3.62	85.08	88.87	0.00	39	0	41	0.00	0.00	62.69	7.27	0.00	0.00	2000
233	11.36	2023	2125	0.00	204	0	0	0	nan	0.00	0.02	2.51	87.41	88.64	0.00	40	0	41	0.00	0.00	65.01	7.74	0.00	0.00	2000
228	11.06	2071	2092	0.00	203	0	0	0	nan	0.00	0.00	3.13	85.67	88.94	0.00	40	0	42	0.00	0.00	63.91	7.42	0.00	0.00	2000
231	11.32	2035	2105	0.00	204	0	0	0	nan	0.00	0.00	3.55	85.57	88.68	0.00	40	0	42	0.00	0.00	64.75	7.61	0.00	0.00	2000
224	10.93	2084	2067	0.00	212	0	0	5	84.82	0.00	0.00	4.03	83.84	89.07	0.00	40	0	42	0.00	0.00	64.58	7.51	0.00	0.00	2000
270	12.64	2104	2133	0.55	203	0	0	13	80.97	0.00	0.02	2.42	86.43	87.36	0.00	40	0	42	0.00	0.00	62.85	7.60	0.00	0.00	2000
228	11.03	2075	2092	0.00	203	0	0	0	nan	0.00	0.00	3.47	85.34	88.99	0.00	40	0	41	0.00	0.00	67.10	7.48	0.00	0.00	2000
230	11.28	2034	2107	0.00	204	0	0	0	nan	0.00	0.00	3.44	85.74	88.72	0.00	40	0	41	0.00	0.00	64.94	7.70	0.00	0.00	2000
232	11.29	2052	2100	0.00	204	0	0	0	nan	0.00	0.00	3.57	85.31	88.71	0.00	40	0	42	0.00	0.00	65.18	7.57	0.00	0.00	2000
223	11.24	2031	2052	0.00	212	0	0	0	nan	0.00	0.01	3.22	83.74	88.76	0.00	40	0	42	0.00	0.00	57.28	6.79	0.00	0.00	2000
237	11.14	2067	2158	0.00	246	0	0	0	nan	0.00	0.02	5.29	86.22	88.86	0.00	39	0	42	0.00	0.00	74.91	8.79	0.00	0.00	2000
231	11.27	2042	2105	0.00	199	0	0	0	nan	0.00	0.00	5.57	83.58	88.73	0.00	39	0	41	0.00	0.00	66.67	7.78	0.00	0.00	2000
232	11.49	2021	2099	0.00	203	0	0	0	nan	0.00	0.02	5.25	83.38	88.51	0.00	39	0	41	0.00	0.00	64.62	7.39	0.00	0.00	2000
229	11.30	2029	2103	0.00	198	0	0	0	nan	0.00	0.00	5.75	83.28	88.71	0.00	39	0	41	0.00	0.00	65.63	7.69	0.00	0.00	2000
230	11.20	2070	2086	0.00	197	0	0	0	nan	0.00	0.02	4.96	83.44	88.80	0.00	39	0	42	0.00	0.00	64.50	7.62	0.00	0.00	2000
227	11.26	2034	2080	0.00	197	0	0	0	nan	0.00	0.02	4.36	83.74	88.74	0.00	39	0	41	0.00	0.00	64.47	7.51	0.00	0.00	2000
234	11.41	2050	2098	0.00	201	0	0	0	nan	0.00	1.02	4.18	83.55	88.59	0.00	39	0	42	0.00	0.00	64.18	7.47	0.00	0.00	2000
235	11.54	2012	2123	0.00	219	0	0	0	nan	0.00	0.16	4.00	85.50	88.46	0.00	39	0	42	0.00	0.00	67.04	7.95	0.00	0.00	2000
226	11.86	2046	1954	0.00	199	0	0	0	nan	0.00	0.00	5.64	76.50	88.14	0.00	38	0	41	0.00	0.00	61.28	6.80	0.00	0.00	2000
238	10.53	2074	2286	0.00	236	0	0	0	nan	0.00	0.00	8.22	89.27	89.47	0.00	37	0	42	0.00	0.00	73.50	8.85	0.00	0.00	2000
226	10.79	2095	2098	0.00	201	0	0	0	nan	0.00	0.03	4.98	84.22	89.21	0.00	38	0	42	0.00	0.00	61.16	7.07	0.00	0.00	2000
225	11.07	2039	2092	0.02	183	0	0	19	36.10	0.00	0.01	5.19	83.51	88.93	0.00	38	0	41	0.00	0.00	67.31	8.27	0.00	0.00	2000
225	10.79	2102	2078	1.71	198	0	0	10	39.92	0.00	0.00	5.28	83.12	89.21	0.00	39	0	41	0.00	0.00	67.21	8.29	0.00	0.00	2000
216	11.19	2018	2011	0.00	196	0	0	0	nan	0.01	0.00	2.84	82.32	88.81	0.00	37	0	41	0.00	0.00	62.19	7.60	0.00	0.00	2000
148	8.56	1641	2215	0.00	230	0	0	0	nan	0.00	0.00	3.20	93.47	91.44	0.00	37	0	42	0.00	0.00	67.27	8.10	0.00	0.00	2000
109	8.03	1348	2119	0.00	213	0	0	0	nan	0.00	0.01	5.97	86.95	91.97	0.00	37	0	42	0.00	0.00	61.50	7.60	0.00	0.00	2000
77	6.97	1107	2088	0.00	194	0	0	0	nan	0.00	0.00	3.15	89.38	93.03	0.00	36	0	42	0.00	0.00	58.13	7.28	0.00	0.00	2000
73	6.95	1048	2097	0.00	193	0	0	0	nan	0.00	0.02	2.61	90.42	93.05	0.00	36	0	42	0.00	0.00	58.58	7.64	0.00	0.00	2000
123	8.67	1428	2086	0.00	65	0	0	0	nan	0.00	0.05	8.65	82.09	91.33	0.00	36	0	42	0.00	0.00	63.27	7.89	0.00	0.00	2000
