Avg_MHz	Busy%	Bzy_MHz	TSC_MHz	IPC	IRQ	NMI	SMI	LLCMRPS	LLC%hit	POLL%	C1%	C1E%	C6%	CPU%c1	CPU%c6	CoreTmp	CoreThr	PkgTmp	Pkg%pc2	Pkg%pc6	PkgWatt	RAMWatt	PKG_%	RAM_%	UncMHz
191	10.89	1718	2143	0.00	220	0	0	0	nan	0.00	0.00	32.34	58.59	89.11	0.00	36	0	41	0.00	0.00	65.84	8.05	0.00	0.00	2000
376	17.43	2181	2079	0.00	195	0	0	0	nan	0.02	2.79	10.77	68.44	82.57	0.00	36	0	41	0.00	0.00	66.00	7.64	0.00	0.00	2000
249	13.46	1826	2125	0.00	225	0	0	0	nan	0.04	0.95	15.71	70.92	86.54	0.00	36	0	42	0.00	0.00	66.19	7.81	0.00	0.00	2000
75	6.92	1083	2110	0.00	195	0	0	0	nan	0.01	0.00	3.45	90.23	93.08	0.00	36	0	42	0.00	0.00	57.62	7.29	0.00	0.00	2000
75	6.80	1109	2095	0.00	196	0	0	0	nan	0.00	0.00	4.82	88.27	93.20	0.00	36	0	42	0.00	0.00	59.38	7.51	0.00	0.00	2000
73	6.85	1071	2100	0.00	195	0	0	0	nan	0.00	0.01	3.70	89.67	93.15	0.00	36	0	42	0.00	0.00	59.38	7.49	0.00	0.00	2000
73	6.65	1104	2099	0.00	193	0	0	0	nan	0.00	0.00	2.92	90.55	93.35	0.00	36	0	41	0.00	0.00	58.99	7.52	0.00	0.00	2000
72	7.00	1026	2107	0.00	195	0	0	0	nan	0.00	0.01	4.02	89.47	93.00	0.00	36	0	42	0.00	0.00	58.25	7.26	0.00	0.00	2000
72	6.85	1060	2073	0.00	194	0	0	0	nan	0.00	0.02	3.18	88.95	93.15	0.00	36	0	42	0.00	0.00	57.62	7.23	0.00	0.00	2000
73	6.73	1068	2128	0.00	193	0	0	0	nan	0.00	0.00	2.54	91.93	93.27	0.00	36	0	42	0.00	0.00	62.43	7.96	0.00	0.00	2000
74	6.92	1077	2076	0.00	193	0	0	0	nan	0.00	0.02	2.79	89.38	93.08	0.00	36	0	42	0.00	0.00	56.20	7.09	0.00	0.00	2000
73	6.83	1064	2120	0.00	194	0	0	0	nan	0.00	0.00	2.69	91.49	93.17	0.00	36	0	42	0.00	0.00	57.10	7.54	0.00	0.00	2000
73	7.13	1018	2105	0.00	193	0	0	0	nan	0.00	0.02	2.81	90.39	92.87	0.00	36	0	41	0.00	0.00	65.90	7.75	0.00	0.00	2000
72	6.85	1050	2100	0.00	193	0	0	0	nan	0.00	0.00	2.79	90.48	93.15	0.00	36	0	42	0.00	0.00	59.47	7.60	0.00	0.00	2000
73	6.90	1056	2103	0.00	193	0	0	0	nan	0.00	0.02	2.86	90.46	93.10	0.00	36	0	42	0.00	0.00	56.72	7.28	0.00	0.00	2000
70	7.02	1019	2067	0.00	194	0	0	0	96.77	0.00	0.02	3.44	88.25	92.98	0.00	36	0	42	0.00	0.00	60.47	7.71	0.00	0.00	2000
73	6.92	1045	2121	0.29	210	0	0	1	83.71	0.00	0.04	2.17	91.91	93.08	0.00	36	0	41	0.00	0.00	58.02	7.47	0.00	0.00	2000
72	6.62	1088	2099	0.05	178	0	0	0	nan	0.00	0.00	2.93	90.52	93.38	0.00	36	0	42	0.00	0.00	59.55	7.56	0.00	0.00	2000
77	7.17	1088	2076	0.00	209	0	0	0	nan	0.00	0.01	3.02	88.87	92.83	0.00	36	0	41	0.00	0.00	57.84	7.23	0.00	0.00	2000
233	11.28	2078	2091	0.00	200	0	0	0	nan	0.00	0.00	6.80	81.74	88.72	0.00	36	0	42	0.00	0.00	61.48	7.26	0.00	0.00	2000
234	11.06	2081	2131	0.00	194	0	0	0	nan	0.00	0.01	2.87	87.51	88.94	0.00	37	0	42	0.00	0.00	68.17	7.64	0.00	0.00	2000
230	10.92	2097	2107	0.00	210	0	0	0	nan	0.00	0.00	2.00	87.45	89.08	0.00	37	0	41	0.00	0.00	66.55	7.72	0.00	0.00	2000
230	11.00	2096	2095	0.00	178	0	0	0	nan	0.00	0.00	2.89	86.04	89.00	0.00	38	0	42	0.00	0.00	63.29	7.16	0.00	0.00	2000
232	11.50	2055	2066	0.00	195	0	0	0	nan	0.00	0.00	3.26	84.01	88.50	0.00	37	0	41	0.00	0.00	65.33	7.86	0.00	0.00	2000
232	10.92	2107	2116	0.00	214	0	0	0	nan	0.00	0.02	4.62	85.23	89.08	0.00	37	0	42	0.00	0.00	65.37	7.78	0.00	0.00	2000
233	11.18	2073	2111	0.00	195	0	0	0	nan	0.00	0.00	4.01	85.38	88.82	0.00	37	0	42	0.00	0.00	66.50	7.85	0.00	0.00	2000
230	11.07	2080	2102	0.00	194	0	0	0	nan	0.00	0.00	4.24	84.89	88.93	0.00	37	0	41	0.00	0.00	65.75	7.70	0.00	0.00	2000
231	11.48	1998	2110	0.00	194	0	0	0	nan	0.00	0.00	4.45	84.67	88.52	0.00	37	0	42	0.00	0.00	64.69	7.77	0.00	0.00	2000
227	10.80	2129	2075	0.00	195	0	0	0	nan	0.00	0.00	3.10	85.13	89.20	0.00	37	0	41	0.00	0.00	65.18	7.48	0.00	0.00	2000
234	11.01	2091	2134	0.00	195	0	0	0	nan	0.00	0.01	3.30	87.29	88.99	0.00	37	0	42	0.00	0.00	67.39	7.73	0.00	0.00	2000
228	11.16	2056	2083	0.00	194	0	0	0	nan	0.00	0.00	3.28	85.01	88.84	0.00	38	0	42	0.00	0.00	63.14	7.34	0.00	0.00	2000
227	11.28	2009	2108	0.00	194	0	0	0	nan	0.00	0.00	3.86	85.34	88.72	0.00	38	0	42	0.00	0.00	64.42	7.45	0.00	0.00	2000
226	11.20	2036	2076	0.00	194	0	0	0	nan	0.00	0.00	2.93	85.07	88.80	0.00	38	0	42	0.00	0.00	63.99	7.39	0.00	0.00	2000
229	11.13	2055	2101	0.63	194	0	0	18	96.46	0.00	0.00	2.68	86.45	88.87	0.00	38	0	42	0.00	0.00	64.78	7.64	0.00	0.00	2000
233	11.75	2027	2055	0.12	199	0	0	0	nan	0.00	0.00	4.17	82.39	88.25	0.00	38	0	42	0.00	0.00	62.13	7.06	0.00	0.00	2000
232	10.93	2056	2164	0.00	212	0	0	0	nan	0.00	0.02	3.18	88.75	89.07	0.00	39	0	42	0.00	0.00	68.30	7.91	0.00	0.00	2000
227	11.07	2070	2082	0.00	198	0	0	0	nan	0.00	0.00	4.99	83.29	88.93	0.00	38	0	42	0.00	0.00	64.47	7.30	0.00	0.00	2000
234	11.23	2062	2119	0.00	194	0	0	0	nan	0.00	0.00	3.30	86.36	88.77	0.00	38	0	42	0.00	0.00	65.51	7.56	0.00	0.00	2000
228	11.56	2003	2069	0.00	195	0	0	0	nan	0.00	0.00	3.44	83.91	88.44	0.00	38	0	42	0.00	0.00	63.47	7.38	0.00	0.00	2000
231	10.83	2090	2146	0.00	194	0	0	0	nan	0.00	0.02	2.71	88.54	89.17	0.00	38	0	41	0.00	0.00	67.04	7.74	0.00	0.00	2000
228	11.07	2083	2076	0.00	195	0	0	0	nan	0.00	0.00	3.02	84.98	88.94	0.00	38	0	42	0.00	0.00	61.54	7.27	0.00	0.00	2000
224	11.33	2022	2053	0.00	194	0	0	0	nan	0.00	0.02	1.39	85.51	88.67	0.00	39	0	42	0.00	0.00	63.66	7.47	0.00	0.00	2000
228	10.95	2054	2131	0.00	210	0	0	0	nan	0.00	0.00	3.62	86.90	89.05	0.00	39	0	42	0.00	0.00	65.82	7.45	0.00	0.00	2000
231	10.92	2083	2133	0.00	196	0	0	0	nan	0.00	0.03	2.74	87.88	89.08	0.00	38	0	42	0.00	0.00	66.10	7.82	0.00	0.00	2000
233	11.22	2067	2107	0.00	215	0	0	0	nan	0.00	0.02	3.96	85.26	88.78	0.00	38	0	42	0.00	0.00	66.17	7.81	0.00	0.00	2000
229	11.26	2025	2105	0.00	195	0	0	0	nan	0.00	0.00	3.47	85.64	88.74	0.00	39	0	42	0.00	0.00	65.98	7.52	0.00	0.00	2000
227	11.02	2077	2086	0.00	193	0	0	0	nan	0.00	0.00	3.00	85.58	88.98	0.00	39	0	42	0.00	0.00	66.09	7.60	0.00	0.00	2000
226	11.41	1991	2091	0.00	194	0	0	0	nan	0.00	0.00	2.59	85.83	88.59	0.00	40	0	42	0.00	0.00	63.14	7.19	0.00	0.00	2000
234	11.32	2042	2127	0.00	195	0	0	0	nan	0.00	0.00	3.43	86.54	88.68	0.00	40	0	42	0.00	0.00	65.75	7.30	0.00	0.00	2000
225	10.79	2117	2068	0.00	193	0	0	1	85.15	0.00	0.00	3.59	84.34	89.21	0.00	39	0	42	0.00	0.00	65.55	7.41	0.00	0.00	2000
235	11.32	2049	2127	0.74	195	0	0	34	69.69	0.00	0.00	2.25	87.71	88.68	0.00	39	0	41	0.00	0.00	65.59	7.68	0.00	0.00	2000
230	11.12	2063	2104	0.00	194	0	0	0	nan	0.00	0.01	2.92	86.27	88.88	0.00	39	0	42	0.00	0.00	63.88	7.54	0.00	0.00	2000
231	11.00	2113	2088	0.00	196	0	0	0	nan	0.00	0.00	3.48	85.11	89.00	0.00	39	0	42	0.00	0.00	67.32	7.43	0.00	0.00	2000
233	11.13	2078	2117	0.00	196	0	0	0	nan	0.00	0.02	3.36	86.33	88.87	0.00	39	0	41	0.00	0.00	65.99	7.60	0.00	0.00	2000
223	12.37	1995	1897	0.00	197	0	0	0	nan	0.00	0.00	3.11	76.26	87.63	0.00	40	0	42	0.00	0.00	56.77	6.73	0.00	0.00	2000
238	10.40	2045	2352	0.00	262	0	0	0	nan	0.00	0.02	4.41	96.03	89.60	0.00	37	0	42	0.00	0.00	78.34	8.89	0.00	0.00	2000
218	11.32	1919	2106	0.00	206	0	0	0	nan	0.00	0.02	4.11	85.04	88.68	0.00	38	0	42	0.00	0.00	64.12	7.57	0.00	0.00	2000
228	11.16	2050	2088	0.00	203	0	0	0	nan	0.00	0.00	2.96	85.61	88.84	0.00	39	0	42	0.00	0.00	63.14	7.64	0.00	0.00	2000
231	10.88	2119	2103	0.00	202	0	0	0	nan	0.00	0.00	3.06	86.28	89.12	0.00	40	0	42	0.00	0.00	65.93	7.56	0.00	0.00	2000
233	11.05	2094	2115	0.00	203	0	0	0	nan	0.00	0.00	3.61	86.02	88.95	0.00	40	0	42	0.00	0.00	67.06	7.87	0.00	0.00	2000
229	11.15	2069	2085	0.00	203	0	0	0	nan	0.00	0.01	4.37	83.99	88.85	0.00	40	0	42	0.00	0.00	65.92	7.70	0.00	0.00	2000
232	11.13	2081	2105	0.00	213	0	0	0	nan	0.00	0.00	2.74	86.45	88.87	0.00	39	0	42	0.00	0.00	65.46	7.77	0.00	0.00	2000
230	11.56	1991	2104	0.00	203	0	0	0	nan	0.00	0.00	2.67	86.17	88.45	0.00	40	0	41	0.00	0.00	64.35	7.57	0.00	0.00	2000
228	10.99	2082	2090	0.00	202	0	0	0	nan	0.00	0.00	3.62	85.07	89.01	0.00	40	0	42	0.00	0.00	65.89	7.66	0.00	0.00	2000
231	11.00	2110	2090	0.00	207	0	0	0	nan	0.01	0.03	3.12	85.57	89.00	0.00	40	0	42	0.00	0.00	62.86	7.45	0.00	0.00	2000
227	11.21	2026	2096	0.00	221	0	0	0	nan	0.00	0.02	3.62	85.21	88.79	0.00	39	0	42	0.00	0.00	64.32	7.90	0.00	0.00	2000
234	11.30	2044	2124	0.14	228	0	0	7	77.97	0.00	0.00	4.05	85.88	88.70	0.00	40	0	42	0.00	0.00	66.71	7.87	0.00	0.00	2000
229	11.19	2049	2102	0.72	203	0	0	7	79.11	0.00	0.00	3.67	85.36	88.81	0.00	40	0	42	0.00	0.00	64.60	7.70	0.00	0.00	2000
229	11.35	2030	2085	0.00	201	0	0	0	nan	0.00	0.00	3.98	84.28	88.66	0.00	40	0	42	0.00	0.00	66.33	7.89	0.00	0.00	2000
230	11.56	1981	2111	0.00	204	0	0	0	nan	0.00	0.00	3.65	85.49	88.44	0.00	40	0	42	0.00	0.00	63.90	7.58	0.00	0.00	2000
233	11.60	2000	2106	0.00	203	0	0	0	nan	0.00	0.02	2.63	86.21	88.40	0.00	40	0	42	0.00	0.00	64.12	7.53	0.00	0.00	2000
227	11.51	1993	2077	0.00	213	0	0	0	nan	0.00	0.02	2.63	85.07	88.49	0.00	39	0	42	0.00	0.00	62.26	7.57	0.00	0.00	2000
229	10.98	2080	2101	0.00	219	0	0	0	nan	0.00	0.00	3.19	86.00	89.02	0.00	39	0	42	0.00	0.00	64.91	8.00	0.00	0.00	2000
230	11.05	2065	2113	0.00	222	0	0	0	nan	0.00	0.00	3.09	86.55	88.95	0.00	39	0	42	0.00	0.00	64.59	7.98	0.00	0.00	2000
230	11.07	2079	2102	0.00	203	0	0	0	nan	0.00	0.00	3.35	85.82	88.93	0.00	40	0	42	0.00	0.00	64.34	7.62	0.00	0.00	2000
233	11.22	2072	2100	0.00	213	0	0	0	nan	0.00	0.01	3.94	84.95	88.78	0.00	40	0	42	0.00	0.00	64.60	7.57	0.00	0.00	2000
231	11.19	2059	2106	0.00	203	0	0	0	nan	0.01	0.00	3.93	85.33	88.81	0.00	40	0	42	0.00	0.00	67.94	7.96	0.00	0.00	2000
228	11.09	2060	2099	0.00	204	0	0	0	nan	0.00	0.00	3.98	85.10	88.91	0.00	40	0	42	0.00	0.00	62.44	7.59	0.00	0.00	2000
229	11.12	2061	2095	0.00	203	0	0	0	nan	0.00	0.02	2.93	85.94	88.88	0.00	40	0	42	0.00	0.00	64.32	7.52	0.00	0.00	2000
229	11.15	2048	2104	0.00	203	0	0	0	nan	0.00	0.01	3.69	85.53	88.85	0.00	40	0	42	0.00	0.00	64.38	7.50	0.00	0.00	2000
235	11.37	2067	2104	0.00	215	0	0	0	nan	0.00	0.00	5.41	83.60	88.63	0.00	40	0	42	0.00	0.00	68.20	8.07	0.00	0.00	2000
229	10.99	2086	2097	0.00	204	0	0	0	nan	0.00	0.00	3.83	85.21	89.01	0.00	40	0	42	0.00	0.00	62.50	7.45	0.00	0.00	2000
229	11.12	2063	2099	0.00	203	0	0	0	nan	0.00	0.00	2.81	86.20	88.88	0.00	40	0	42	0.00	0.00	64.97	7.79	0.00	0.00	2000
228	11.02	2072	2095	0.11	187	0	0	5	82.54	0.00	0.00	3.12	85.86	88.98	0.00	40	0	42	0.00	0.00	66.07	7.70	0.00	0.00	2000
230	11.10	2069	2099	0.76	204	0	0	6	81.20	0.00	0.02	3.76	85.28	88.90	0.00	40	0	42	0.00	0.00	65.27	7.65	0.00	0.00	2000
234	11.29	2062	2109	0.00	207	0	0	0	nan	0.00	0.00	3.27	86.02	88.71	0.00	40	0	42	0.00	0.00	65.86	7.93	0.00	0.00	2000
230	11.17	2061	2096	0.00	214	0	0	0	nan	0.00	0.02	3.48	85.34	88.83	0.00	41	0	41	0.00	0.00	65.90	7.69	0.00	0.00	2000
621	27.41	2497	1906	0.00	210	0	0	0	nan	0.00	0.01	4.49	61.48	72.59	0.00	38	0	42	0.00	0.00	60.02	7.00	0.00	0.00	2000
680	27.15	2500	2104	0.00	229	0	0	0	nan	0.00	0.00	5.11	67.98	72.85	0.00	38	0	42	0.00	0.00	73.47	8.92	0.00	0.00	2000
681	27.26	2500	2098	0.00	236	0	0	0	nan	0.00	0.00	5.63	67.17	72.74	0.00	38	0	42	0.00	0.00	73.18	8.44	0.00	0.00	2000
680	27.17	2500	2101	0.00	230	0	0	0	nan	0.00	0.00	5.04	67.95	72.83	0.00	38	0	42	0.00	0.00	76.28	8.90	0.00	0.00	2000
679	27.16	2500	2099	0.00	230	0	0	0	nan	0.00	0.00	4.92	68.01	72.84	0.00	39	0	42	0.00	0.00	71.86	8.31	0.00	0.00	2000
682	27.27	2500	2101	0.00	235	0	0	0	nan	0.00	0.00	6.31	66.59	72.73	0.00	38	0	42	0.00	0.00	77.58	8.83	0.00	0.00	2000
678	27.16	2500	2098	0.00	233	1	0	0	nan	0.00	0.00	5.16	67.74	72.84	0.00	38	0	42	0.00	0.00	72.64	8.69	0.00	0.00	2000
682	27.26	2500	2101	0.00	236	0	0	0	nan	0.00	0.00	5.32	67.60	72.74	0.00	38	0	42	0.00	0.00	75.26	8.69	0.00	0.00	2000
680	27.20	2500	2099	0.00	230	0	0	0	nan	0.00	0.00	5.14	67.75	72.80	0.00	38	0	42	0.00	0.00	75.53	8.53	0.00	0.00	2000
680	27.19	2500	2101	0.00	231	0	0	0	nan	0.00	0.00	4.75	68.21	72.81	0.00	38	0	42	0.00	0.00	75.87	8.66	0.00	0.00	2000
681	27.25	2500	2099	0.00	235	0	0	0	nan	0.00	0.00	4.64	68.21	72.75	0.00	39	0	42	0.00	0.00	75.55	8.63	0.00	0.00	2000
679	27.16	2500	2101	0.00	230	0	0	4	34.14	0.00	0.01	2.59	70.39	72.84	0.00	38	0	42	0.00	0.00	75.90	8.62	0.00	0.00	2000
683	27.32	2500	2099	0.42	236	0	0	34	27.32	0.00	0.00	5.21	67.56	72.68	0.00	39	0	42	0.00	0.00	75.79	8.66	0.00	0.00	2000
680	27.19	2500	2101	0.00	230	0	0	0	nan	0.00	0.00	5.91	67.07	72.81	0.00	38	0	42	0.00	0.00	75.91	8.59	0.00	0.00	2000
679	27.18	2500	2099	0.00	231	0	0	0	nan	0.00	0.00	5.79	67.12	72.82	0.00	38	0	42	0.00	0.00	75.78	8.66	0.00	0.00	2000
683	27.31	2500	2102	0.00	236	0	0	0	nan	0.00	0.00	7.68	65.20	72.69	0.00	39	0	42	0.00	0.00	75.94	8.67	0.00	0.00	2000
680	27.21	2500	2098	0.00	234	0	0	0	nan	0.00	0.00	5.06	67.78	72.79	0.00	39	0	42	0.00	0.00	75.87	8.70	0.00	0.00	2000
682	27.26	2500	2102	0.00	236	0	0	0	nan	0.00	0.00	5.04	67.88	72.74	0.00	39	0	42	0.00	0.00	75.98	8.77	0.00	0.00	2000
678	27.14	2500	2099	0.00	230	0	0	0	nan	0.00	0.00	5.71	67.22	72.86	0.00	38	0	42	0.00	0.00	76.01	8.57	0.00	0.00	2000
680	27.18	2500	2101	0.00	230	0	0	0	nan	0.00	0.00	4.36	68.63	72.82	0.00	39	0	42	0.00	0.00	75.89	8.90	0.00	0.00	2000
682	27.29	2500	2098	0.00	237	0	0	0	nan	0.00	0.00	6.03	66.75	72.71	0.00	39	0	42	0.00	0.00	75.86	8.79	0.00	0.00	2000
685	27.39	2500	2101	0.00	231	0	0	0	nan	0.00	0.00	5.01	67.76	72.61	0.00	39	0	42	0.00	0.00	76.34	8.80	0.00	0.00	2000
685	27.20	2500	2114	0.00	230	0	0	0	nan	0.00	0.00	3.90	69.52	72.80	0.00	39	0	42	0.00	0.00	76.01	8.68	0.00	0.00	2000
561	22.05	2500	2137	0.00	250	0	0	0	nan	0.00	0.40	4.55	74.53	77.95	0.00	39	0	42	0.00	0.00	73.20	8.32	0.00	0.00	2000
411	17.65	2323	2102	0.00	226	0	0	0	nan	0.00	0.45	5.17	76.95	82.35	0.00	38	0	42	0.00	0.00	69.56	8.20	0.00	0.00	2000
375	17.16	2172	2113	0.00	215	0	0	0	nan	0.00	0.05	5.55	77.90	82.84	0.00	38	0	42	0.00	0.00	72.00	8.43	0.00	0.00	2000
305	13.73	2101	2221	0.00	218	0	0	2	46.79	0.00	0.00	4.65	86.72	86.27	0.00	39	0	42	0.00	0.00	68.14	8.17	0.00	0.00	2000
225	10.80	2067	2115	0.46	199	0	0	12	39.05	0.00	0.02	5.08	84.63	89.20	0.00	38	0	42	0.00	0.00	65.06	7.74	0.00	0.00	2000
215	10.63	2017	2105	0.00	204	0	0	0	nan	0.00	0.00	3.98	85.80	89.37	0.00	38	0	42	0.00	0.00	66.27	7.84	0.00	0.00	2000
232	11.21	2049	2120	0.00	220	0	0	0	nan	0.00	0.00	4.02	85.82	88.79	0.00	38	0	42	0.00	0.00	63.95	7.67	0.00	0.00	2000
228	11.04	2078	2088	0.00	197	0	0	0	nan	0.00	0.01	3.23	85.41	88.96	0.00	38	0	42	0.00	0.00	65.97	7.96	0.00	0.00	2000
230	11.08	2077	2096	0.00	203	0	0	0	nan	0.00	0.03	4.10	84.79	88.92	0.00	38	0	42	0.00	0.00	62.65	7.49	0.00	0.00	2000
230	10.97	2084	2108	0.00	204	0	0	0	nan	0.00	0.00	3.27	86.17	89.03	0.00	39	0	42	0.00	0.00	64.81	7.83	0.00	0.00	2000
232	11.05	2086	2113	0.00	203	0	0	0	nan	0.00	0.00	3.48	86.12	88.95	0.00	39	0	42	0.00	0.00	65.88	7.81	0.00	0.00	2000
225	10.84	2104	2068	0.00	205	0	0	0	nan	0.00	0.02	4.34	83.57	89.16	0.00	39	0	42	0.00	0.00	63.15	7.66	0.00	0.00	2000
236	11.15	2088	2133	0.00	208	0	0	0	nan	0.00	0.03	4.55	85.83	88.85	0.00	39	0	42	0.00	0.00	66.84	7.85	0.00	0.00	2000
225	11.10	2044	2086	0.00	208	0	0	0	nan	0.00	0.02	3.97	84.47	88.90	0.00	39	0	42	0.00	0.00	63.09	7.54	0.00	0.00	2000
228	11.05	2080	2084	0.00	204	0	0	0	nan	0.00	0.00	2.42	85.89	88.95	0.00	39	0	42	0.00	0.00	66.16	7.91	0.00	0.00	2000
231	11.21	2035	2125	0.00	220	0	0	0	nan	0.00	0.00	3.59	86.45	88.79	0.00	39	0	42	0.00	0.00	66.41	7.92	0.00	0.00	2000
228	11.10	2053	2104	0.00	202	0	0	0	nan	0.00	0.00	3.21	86.03	88.90	0.00	39	0	42	0.00	0.00	63.29	7.64	0.00	0.00	2000
229	11.10	2072	2090	0.00	214	0	0	0	nan	0.00	0.00	4.04	84.47	88.90	0.00	40	0	42	0.00	0.00	66.04	7.98	0.00	0.00	2000
228	10.90	2101	2089	0.00	205	0	0	0	nan	0.00	0.00	3.41	85.28	89.10	0.00	40	0	42	0.00	0.00	64.19	7.71	0.00	0.00	2000
228	11.08	2050	2104	0.00	203	0	0	0	nan	0.00	0.01	3.15	86.15	88.92	0.00	40	0	42	0.00	0.00	64.94	7.94	0.00	0.00	2000
230	11.02	2076	2113	0.00	219	0	0	0	61.68	0.00	0.00	3.66	86.01	88.98	0.00	40	0	42	0.00	0.00	64.83	7.87	0.00	0.00	2000
229	10.94	2106	2087	0.72	187	0	0	13	34.01	0.00	0.00	3.39	85.21	89.06	0.00	40	0	42	0.00	0.00	62.15	7.47	0.00	0.00	2000
230	11.22	2061	2084	0.02	215	0	0	0	nan	0.00	0.00	4.54	83.72	88.78	0.00	40	0	42	0.00	0.00	67.16	7.69	0.00	0.00	2000
231	11.05	2075	2116	0.00	203	0	0	0	nan	0.00	0.00	3.93	85.86	88.95	0.00	40	0	42	0.00	0.00	62.45	8.03	0.00	0.00	2000
234	11.84	2121	1960	0.00	214	0	0	0	nan	0.00	0.00	4.00	78.42	88.16	0.00	39	0	42	0.00	0.00	60.03	7.07	0.00	0.00	2000
221	10.37	2062	2166	0.00	233	0	0	0	nan	0.00	0.88	4.18	87.50	89.63	0.00	37	0	42	0.00	0.00	65.89	7.68	0.00	0.00	2000
192	9.78	1888	2181	0.00	260	0	0	0	nan	0.00	0.30	9.01	84.56	90.22	0.00	37	0	42	0.00	0.00	71.09	8.43	0.00	0.00	2000
75	6.62	1127	2102	0.00	193	0	0	0	nan	0.00	0.02	5.85	87.65	93.38	0.00	37	0	42	0.00	0.00	59.44	7.65	0.00	0.00	2000
76	6.70	1139	2100	0.00	193	0	0	0	nan	0.00	0.02	3.15	90.08	93.30	0.00	37	0	42	0.00	0.00	59.06	7.58	0.00	0.00	2000
87	7.79	1139	2060	0.00	114	0	0	0	nan	0.00	0.00	4.51	86.03	92.21	0.00	37	0	42	0.00	0.00	55.64	6.84	0.00	0.00	2000
