Avg_MHz	Busy%	Bzy_MHz	TSC_MHz	IPC	IRQ	NMI	SMI	LLCMRPS	LLC%hit	POLL%	C1%	C1E%	C6%	CPU%c1	CPU%c6	CoreTmp	CoreThr	PkgTmp	Pkg%pc2	Pkg%pc6	PkgWatt	RAMWatt	PKG_%	RAM_%	UncMHz
183	12.08	1479	2148	0.00	237	0	0	0	nan	0.00	0.00	27.20	62.73	87.92	0.00	36	0	42	0.00	0.00	59.89	7.47	0.00	0.00	2000
366	16.89	2168	2096	0.00	200	0	0	0	nan	0.00	0.85	10.45	71.84	83.11	0.00	36	0	42	0.00	0.00	70.63	8.00	0.00	0.00	2000
276	13.77	2004	2103	0.00	217	0	0	0	nan	0.00	1.67	18.25	66.60	86.23	0.00	37	0	42	0.00	0.00	63.69	7.31	0.00	0.00	2000
74	7.05	1050	2106	0.00	193	0	0	0	nan	0.00	0.04	2.93	90.42	92.95	0.00	36	0	42	0.00	0.00	57.22	7.21	0.00	0.00	2000
72	7.07	1028	2086	0.00	209	0	0	0	nan	0.00	0.00	3.72	88.51	92.93	0.00	36	0	42	0.00	0.00	58.43	7.39	0.00	0.00	2000
73	6.97	1029	2125	0.00	193	0	0	0	nan	0.00	0.02	1.80	92.44	93.03	0.00	36	0	42	0.00	0.00	60.82	7.71	0.00	0.00	2000
74	6.78	1094	2101	0.00	210	0	0	0	nan	0.00	0.00	3.23	90.02	93.22	0.00	36	0	42	0.00	0.00	57.89	7.35	0.00	0.00	2000
72	6.45	1119	2086	0.00	177	0	0	0	nan	0.00	0.02	3.82	89.14	93.55	0.00	36	0	42	0.00	0.00	58.34	7.44	0.00	0.00	2000
73	6.55	1115	2108	0.00	209	0	0	0	nan	0.00	0.00	3.49	90.29	93.45	0.00	36	0	42	0.00	0.00	59.17	7.84	0.00	0.00	2000
73	6.38	1133	2108	0.00	177	0	0	0	nan	0.00	0.02	3.62	90.42	93.62	0.00	36	0	42	0.00	0.00	59.47	7.56	0.00	0.00	2000
81	7.24	1117	2098	0.00	223	0	0	0	nan	0.00	0.18	3.16	89.48	92.76	0.00	36	0	42	0.00	0.00	59.02	7.45	0.00	0.00	2000
73	6.26	1173	2094	0.00	207	0	0	0	nan	0.00	0.70	5.56	87.31	93.74	0.00	36	0	42	0.00	0.00	59.91	7.59	0.00	0.00	2000
73	6.44	1133	2100	0.00	194	0	0	0	nan	0.00	0.00	3.14	90.46	93.56	0.00	36	0	42	0.00	0.00	58.95	7.56	0.00	0.00	2000
71	6.36	1123	2093	0.00	195	0	0	0	nan	0.00	0.00	2.52	90.85	93.64	0.00	36	0	42	0.00	0.00	59.57	7.45	0.00	0.00	2000
74	6.80	1083	2118	0.00	194	0	0	0	nan	0.00	0.02	2.30	91.66	93.20	0.00	36	0	42	0.00	0.00	58.32	7.32	0.00	0.00	2000
70	6.69	1068	2071	0.00	194	0	0	1	90.90	0.00	0.00	2.64	89.48	93.31	0.00	36	0	42	0.00	0.00	58.75	7.37	0.00	0.00	2000
74	6.89	1063	2113	0.29	209	0	0	2	85.65	0.00	0.01	3.01	90.74	93.11	0.00	37	0	42	0.00	0.00	58.97	7.30	0.00	0.00	2000
72	6.62	1083	2111	0.00	177	0	0	0	nan	0.00	0.00	3.84	90.05	93.38	0.00	36	0	42	0.00	0.00	59.44	7.52	0.00	0.00	2000
74	6.81	1091	2086	0.00	211	0	0	0	nan	0.00	0.00	3.26	89.36	93.19	0.00	36	0	42	0.00	0.00	57.86	7.27	0.00	0.00	2000
226	10.78	2087	2106	0.00	230	0	0	0	nan	0.00	0.00	7.03	82.39	89.22	0.00	39	0	42	0.00	0.00	67.10	7.78	0.00	0.00	2000
232	11.01	2101	2106	0.00	208	0	0	0	nan	0.00	0.00	3.16	86.22	88.99	0.00	40	0	42	0.00	0.00	65.47	7.35	0.00	0.00	2000
230	11.04	2068	2115	0.00	203	0	0	0	nan	0.00	0.00	3.26	86.44	88.96	0.00	39	0	42	0.00	0.00	66.26	7.61	0.00	0.00	2000
230	11.07	2077	2101	0.00	205	0	0	0	nan	0.00	0.01	3.66	85.45	88.93	0.00	40	0	42	0.00	0.00	65.60	7.61	0.00	0.00	2000
239	11.50	2088	2094	0.00	200	0	0	0	nan	0.00	0.00	6.53	81.87	88.50	0.00	38	0	42	0.00	0.00	66.16	7.84	0.00	0.00	2000
232	11.14	2102	2079	0.00	203	0	0	0	nan	0.00	0.00	5.43	82.60	88.86	0.00	37	0	42	0.00	0.00	65.01	7.77	0.00	0.00	2000
231	11.12	2105	2077	0.00	200	0	0	0	nan	0.00	0.02	5.28	82.70	88.88	0.00	37	0	42	0.00	0.00	59.37	6.80	0.00	0.00	2000
232	11.07	2058	2142	0.00	214	0	0	0	nan	0.00	0.00	4.29	86.51	88.93	0.00	36	0	42	0.00	0.00	69.22	8.24	0.00	0.00	2000
230	11.22	2055	2097	0.00	201	0	0	0	nan	0.00	0.02	4.13	84.62	88.78	0.00	37	0	42	0.00	0.00	68.74	8.18	0.00	0.00	2000
232	11.10	2106	2087	0.00	198	0	0	0	nan	0.00	0.04	3.88	84.57	88.90	0.00	37	0	42	0.00	0.00	66.19	7.67	0.00	0.00	2000
229	10.87	2112	2099	0.00	205	0	0	0	nan	0.00	0.03	2.00	87.20	89.13	0.00	37	0	42	0.00	0.00	59.95	6.95	0.00	0.00	2000
232	11.01	2096	2115	0.00	198	0	0	0	nan	0.00	0.47	3.94	85.31	88.99	0.00	38	0	42	0.00	0.00	66.07	7.61	0.00	0.00	2000
229	11.57	1979	2103	0.00	197	0	0	0	nan	0.00	0.00	5.93	82.80	88.43	0.00	38	0	42	0.00	0.00	65.14	7.58	0.00	0.00	2000
227	11.08	2070	2080	0.00	199	0	0	1	92.47	0.00	0.00	5.23	82.93	88.92	0.00	38	0	42	0.00	0.00	64.52	7.36	0.00	0.00	2000
232	11.02	2086	2117	0.74	199	0	0	18	97.72	0.00	0.00	5.14	84.71	88.98	0.00	38	0	42	0.00	0.00	65.31	7.56	0.00	0.00	2000
229	11.35	2047	2072	0.03	202	0	0	0	nan	0.00	0.00	5.35	82.23	88.65	0.00	38	0	42	0.00	0.00	62.17	7.29	0.00	0.00	2000
229	11.15	2026	2131	0.00	216	0	0	0	nan	0.00	0.03	4.66	85.65	88.85	0.00	38	0	42	0.00	0.00	67.93	7.82	0.00	0.00	2000
229	10.98	2085	2101	0.00	198	0	0	0	nan	0.00	0.00	4.57	84.62	89.02	0.00	38	0	42	0.00	0.00	65.13	7.51	0.00	0.00	2000
230	10.74	2134	2105	0.00	198	0	0	0	nan	0.00	0.05	3.50	86.02	89.26	0.00	38	0	42	0.00	0.00	66.80	7.96	0.00	0.00	2000
229	11.10	2069	2093	0.00	198	0	0	0	nan	0.01	1.06	3.99	83.64	88.90	0.00	38	0	42	0.00	0.00	64.72	7.41	0.00	0.00	2000
233	10.89	2139	2102	0.00	205	0	0	0	nan	0.00	0.03	5.41	83.84	89.11	0.00	38	0	42	0.00	0.00	65.14	7.47	0.00	0.00	2000
228	11.15	2068	2077	0.00	199	0	0	0	nan	0.00	0.04	5.00	82.97	88.85	0.00	38	0	42	0.00	0.00	63.37	7.19	0.00	0.00	2000
229	11.33	2030	2088	0.00	197	0	0	0	nan	0.00	0.00	5.19	83.07	88.67	0.00	38	0	42	0.00	0.00	62.47	7.15	0.00	0.00	2000
231	11.11	2047	2135	0.00	214	0	0	0	nan	0.00	0.00	4.84	85.69	88.89	0.00	38	0	42	0.00	0.00	68.46	7.93	0.00	0.00	2000
231	11.25	2084	2066	0.00	200	0	0	0	nan	0.00	0.00	6.55	80.81	88.75	0.00	37	0	42	0.00	0.00	62.65	7.31	0.00	0.00	2000
230	10.95	2073	2132	0.00	219	0	0	0	nan	0.00	0.00	6.98	83.50	89.05	0.00	37	0	42	0.00	0.00	68.82	7.81	0.00	0.00	2000
233	10.98	2105	2113	0.00	200	0	0	0	nan	0.00	0.00	5.20	84.49	89.02	0.00	38	0	42	0.00	0.00	67.50	7.72	0.00	0.00	2000
229	10.95	2095	2095	0.00	197	0	0	0	nan	0.00	0.00	5.54	83.33	89.05	0.00	38	0	42	0.00	0.00	65.37	7.40	0.00	0.00	2000
228	11.10	2064	2086	0.00	200	0	0	0	nan	0.00	0.00	5.81	82.59	88.90	0.00	39	0	42	0.00	0.00	63.65	7.24	0.00	0.00	2000
231	10.96	2093	2113	0.00	202	0	0	0	nan	0.00	0.00	5.96	83.69	89.04	0.00	39	0	42	0.00	0.00	65.37	7.33	0.00	0.00	2000
226	10.91	2091	2081	0.00	199	0	0	11	94.37	0.00	0.03	4.45	83.92	89.09	0.00	38	0	42	0.00	0.00	65.33	7.26	0.00	0.00	2000
236	11.18	2088	2127	0.71	198	0	0	35	68.94	0.01	0.03	2.52	87.51	88.82	0.00	38	0	42	0.00	0.00	66.74	7.87	0.00	0.00	2000
225	11.41	2010	2062	0.00	200	0	0	0	nan	0.00	0.99	5.18	81.00	88.59	0.00	38	0	42	0.00	0.00	64.57	7.43	0.00	0.00	2000
234	10.89	2166	2086	0.00	199	0	0	0	nan	0.00	1.00	4.29	83.26	89.11	0.00	39	0	42	0.00	0.00	65.19	7.35	0.00	0.00	2000
239	10.91	2138	2153	0.00	200	0	0	0	nan	0.00	1.06	4.94	85.44	89.09	0.00	39	0	42	0.00	0.00	67.06	7.60	0.00	0.00	2000
227	11.16	2080	2051	0.00	207	0	0	0	nan	0.00	0.01	3.39	83.46	88.84	0.00	38	0	42	0.00	0.00	62.58	7.26	0.00	0.00	2000
243	11.37	2080	2154	0.00	216	0	0	0	nan	0.00	0.00	6.67	84.32	88.63	0.00	37	0	42	0.00	0.00	70.24	8.04	0.00	0.00	2000
235	11.02	2131	2099	0.00	196	0	0	0	nan	0.00	0.00	5.08	83.82	88.98	0.00	37	0	42	0.00	0.00	66.39	7.68	0.00	0.00	2000
230	11.42	2083	2031	0.00	199	0	0	0	nan	0.00	0.00	4.96	80.80	88.58	0.00	37	0	42	0.00	0.00	61.41	7.21	0.00	0.00	2000
240	11.53	2019	2170	0.00	219	0	0	0	nan	0.00	0.00	6.83	84.68	88.47	0.00	37	0	42	0.00	0.00	65.88	8.09	0.00	0.00	2000
234	11.43	2046	2100	0.00	183	0	0	0	nan	0.00	0.00	8.21	80.57	88.57	0.00	37	0	42	0.00	0.00	68.98	7.69	0.00	0.00	2000
241	14.63	2195	1577	0.00	200	0	0	0	nan	0.00	0.00	4.62	59.52	85.37	0.00	38	0	42	0.00	0.00	44.26	5.27	0.00	0.00	2000
775	26.59	2495	2453	0.00	303	0	0	0	nan	0.00	0.00	5.59	80.30	73.41	0.00	37	0	42	0.00	0.00	88.62	10.41	0.00	0.00	2000
696	27.79	2500	2104	0.00	248	0	0	0	nan	0.00	0.01	5.32	67.14	72.21	0.00	38	0	42	0.00	0.00	74.84	8.68	0.00	0.00	2000
720	27.20	2500	2224	0.00	268	0	0	0	nan	0.00	0.00	7.00	70.25	72.80	0.00	38	0	42	0.00	0.00	80.76	9.22	0.00	0.00	2000
252	11.65	2104	2157	0.00	262	0	0	0	nan	0.00	0.05	2.24	88.69	88.35	0.00	38	0	42	0.00	0.00	70.98	8.09	0.00	0.00	2000
234	10.96	2049	2186	0.00	195	0	0	4	55.74	0.00	0.03	3.15	89.64	89.04	0.00	39	0	42	0.00	0.00	65.34	7.84	0.00	0.00	2000
223	12.26	2121	1801	0.70	212	0	0	9	51.25	0.00	0.00	7.26	68.04	87.74	0.00	39	0	42	0.00	0.00	52.37	6.18	0.00	0.00	2000
214	9.52	1903	2479	0.00	272	0	0	0	nan	0.00	0.93	7.70	98.30	90.48	0.00	38	0	42	0.00	0.00	84.91	9.92	0.00	0.00	2000
107	7.79	1378	2101	0.00	222	0	0	0	nan	0.00	0.47	9.66	82.14	92.21	0.00	37	0	42	0.00	0.00	61.77	7.55	0.00	0.00	2000
76	6.87	1109	2096	0.00	193	0	0	0	nan	0.00	0.00	3.80	89.08	93.13	0.00	36	0	42	0.00	0.00	59.13	7.53	0.00	0.00	2000
74	6.52	1143	2091	0.00	193	0	0	0	nan	0.00	0.00	3.53	89.48	93.48	0.00	36	0	42	0.00	0.00	56.97	7.27	0.00	0.00	2000
121	9.96	1231	2066	0.00	49	0	0	0	nan	0.00	0.00	12.55	76.16	90.04	0.00	36	0	42	0.00	0.00	57.55	6.73	0.00	0.00	2000
