Avg_MHz	Busy%	Bzy_MHz	TSC_MHz	IPC	IRQ	NMI	SMI	LLCMRPS	LLC%hit	POLL%	C1%	C1E%	C6%	CPU%c1	CPU%c6	CoreTmp	CoreThr	PkgTmp	Pkg%pc2	Pkg%pc6	PkgWatt	RAMWatt	PKG_%	RAM_%	UncMHz
311	15.85	1930	2138	0.00	287	0	0	0	nan	0.00	0.24	16.95	68.68	84.15	0.00	37	0	42	0.00	0.00	73.09	8.22	0.00	0.00	2000
326	16.30	1977	2124	0.00	211	0	0	0	nan	0.04	1.10	17.91	65.91	83.70	0.00	38	0	42	0.00	0.00	66.27	7.48	0.00	0.00	2000
78	6.86	1124	2114	0.00	210	0	0	0	nan	0.00	0.00	6.17	87.69	93.14	0.00	38	0	42	0.00	0.00	60.03	7.50	0.00	0.00	2000
74	6.79	1090	2093	0.00	193	0	0	0	nan	0.00	0.01	2.62	90.41	93.21	0.00	38	0	42	0.00	0.00	58.99	7.67	0.00	0.00	2000
73	6.78	1073	2103	0.00	177	0	0	0	nan	0.00	0.00	3.21	90.34	93.22	0.00	38	0	42	0.00	0.00	59.78	7.33	0.00	0.00	2000
72	6.91	1041	2103	0.00	195	0	0	0	nan	0.00	0.02	2.46	90.93	93.09	0.00	38	0	42	0.00	0.00	59.06	7.44	0.00	0.00	2000
73	6.99	1038	2099	0.00	193	0	0	0	nan	0.00	0.00	2.45	90.70	93.01	0.00	38	0	42	0.00	0.00	59.38	7.49	0.00	0.00	2000
71	6.66	1081	2076	0.00	196	0	0	0	nan	0.00	0.02	2.49	89.90	93.34	0.00	38	0	43	0.00	0.00	56.49	7.28	0.00	0.00	2000
73	6.95	1039	2116	0.00	194	0	0	0	nan	0.00	0.01	2.73	91.21	93.05	0.00	38	0	43	0.00	0.00	58.85	7.74	0.00	0.00	2000
72	6.81	1046	2111	0.00	193	0	0	0	nan	0.00	0.00	2.69	91.17	93.19	0.00	38	0	42	0.00	0.00	60.60	7.68	0.00	0.00	2000
73	6.66	1106	2086	0.00	194	0	0	0	nan	0.00	0.01	2.52	90.26	93.34	0.00	38	0	42	0.00	0.00	58.00	7.46	0.00	0.00	2000
72	6.66	1080	2103	0.00	196	0	0	0	nan	0.00	0.00	2.46	91.15	93.34	0.00	37	0	42	0.00	0.00	59.46	7.33	0.00	0.00	2000
73	6.95	1054	2084	0.00	193	0	0	0	nan	0.00	0.00	2.91	89.63	93.05	0.00	38	0	43	0.00	0.00	58.94	7.40	0.00	0.00	2000
71	6.96	1016	2120	0.00	210	0	0	0	nan	0.00	0.00	3.35	90.74	93.04	0.00	38	0	42	0.00	0.00	62.41	7.81	0.00	0.00	2000
73	6.65	1095	2096	0.00	178	0	0	0	nan	0.00	0.00	3.29	90.00	93.35	0.00	38	0	42	0.00	0.00	56.94	7.41	0.00	0.00	2000
71	6.84	1046	2084	0.00	195	0	0	0	90.63	0.00	0.02	3.34	89.22	93.16	0.00	38	0	42	0.00	0.00	55.91	7.14	0.00	0.00	2000
73	6.99	1039	2123	0.30	193	0	0	1	87.47	0.00	0.01	3.02	91.18	93.01	0.00	38	0	42	0.00	0.00	63.66	8.05	0.00	0.00	2000
73	6.84	1072	2092	0.18	194	0	0	0	nan	0.00	0.00	2.49	90.44	93.16	0.00	37	0	42	0.00	0.00	57.33	7.28	0.00	0.00	2000
162	9.27	1741	2107	0.00	214	0	0	0	nan	0.00	0.03	4.52	86.55	90.73	0.00	38	0	42	0.00	0.00	62.38	7.48	0.00	0.00	2000
229	11.35	2021	2095	0.00	204	0	0	0	nan	0.00	0.01	3.87	84.76	88.65	0.00	40	0	42	0.00	0.00	63.43	7.19	0.00	0.00	2000
231	11.45	2014	2105	0.00	205	0	0	0	nan	0.00	0.00	4.24	84.74	88.55	0.00	40	0	42	0.00	0.00	67.77	7.68	0.00	0.00	2000
230	11.24	2056	2093	0.00	214	0	0	0	nan	0.00	0.01	3.67	84.99	88.76	0.00	40	0	42	0.00	0.00	66.27	7.62	0.00	0.00	2000
235	11.14	2105	2105	0.00	212	0	0	0	nan	0.00	0.26	5.00	83.98	88.86	0.00	39	0	42	0.00	0.00	64.95	7.54	0.00	0.00	2000
231	11.31	2037	2101	0.00	198	0	0	0	nan	0.00	0.00	6.59	82.35	88.69	0.00	38	0	42	0.00	0.00	65.97	7.94	0.00	0.00	2000
232	11.10	2094	2099	0.00	198	0	0	0	nan	0.00	0.00	4.15	84.84	88.90	0.00	37	0	42	0.00	0.00	65.80	7.61	0.00	0.00	2000
230	11.08	2082	2089	0.00	182	0	0	0	nan	0.00	0.00	4.69	83.96	88.92	0.00	38	0	42	0.00	0.00	64.24	7.53	0.00	0.00	2000
234	11.13	2100	2100	0.00	199	0	0	0	nan	0.00	0.02	3.44	85.57	88.87	0.00	38	0	42	0.00	0.00	66.70	7.75	0.00	0.00	2000
230	11.31	2050	2087	0.00	197	0	0	0	nan	0.00	0.02	4.47	83.84	88.69	0.00	38	0	42	0.00	0.00	64.41	7.49	0.00	0.00	2000
227	11.04	2041	2119	0.00	210	0	0	0	nan	0.00	0.44	5.78	83.73	88.96	0.00	38	0	42	0.00	0.00	65.34	7.52	0.00	0.00	2000
225	11.39	2011	2062	0.00	200	0	0	0	nan	0.00	0.00	5.13	82.11	88.61	0.00	38	0	42	0.00	0.00	63.62	7.33	0.00	0.00	2000
233	11.23	2038	2138	0.00	198	0	0	0	nan	0.00	0.00	4.66	85.93	88.77	0.00	38	0	42	0.00	0.00	64.89	7.47	0.00	0.00	2000
229	11.21	2075	2070	0.00	202	0	0	0	nan	0.00	0.95	4.19	82.57	88.79	0.00	39	0	43	0.00	0.00	63.75	7.46	0.00	0.00	2000
230	10.89	2086	2130	0.00	212	0	0	1	92.54	0.00	0.00	6.26	84.34	89.11	0.00	39	0	42	0.00	0.00	68.80	7.76	0.00	0.00	2000
229	11.51	1982	2108	0.67	196	0	0	19	84.11	0.00	0.00	5.32	83.72	88.49	0.00	39	0	43	0.00	0.00	65.25	7.68	0.00	0.00	2000
231	11.55	2002	2098	0.14	199	0	0	0	nan	0.00	0.00	4.36	84.12	88.45	0.00	39	0	42	0.00	0.00	65.58	7.29	0.00	0.00	2000
229	11.71	1995	2061	0.00	198	0	0	0	nan	0.00	0.00	5.01	81.85	88.29	0.00	39	0	42	0.00	0.00	62.16	7.19	0.00	0.00	2000
230	11.09	2071	2099	0.00	219	0	0	0	nan	0.00	0.01	5.09	83.94	88.91	0.00	38	0	42	0.00	0.00	65.72	7.57	0.00	0.00	2000
232	11.26	2061	2097	0.00	213	0	0	0	nan	0.00	0.04	3.24	85.52	88.74	0.00	39	0	42	0.00	0.00	66.30	7.65	0.00	0.00	2000
230	10.73	2108	2136	0.00	212	0	0	0	nan	0.00	0.04	3.62	87.27	89.27	0.00	39	0	42	0.00	0.00	68.53	7.78	0.00	0.00	2000
232	11.60	1997	2101	0.00	197	0	0	0	nan	0.00	0.02	6.05	82.58	88.40	0.00	40	0	42	0.00	0.00	65.79	7.51	0.00	0.00	2000
231	11.32	2054	2085	0.00	204	0	0	0	nan	0.00	0.00	7.36	80.83	88.68	0.00	40	0	42	0.00	0.00	64.50	7.44	0.00	0.00	2000
228	11.32	2004	2112	0.00	196	0	0	0	nan	0.00	0.00	8.23	81.18	88.68	0.00	40	0	43	0.00	0.00	64.69	7.28	0.00	0.00	2000
230	11.28	2055	2082	0.00	198	0	0	0	nan	0.00	0.00	6.14	81.99	88.72	0.00	40	0	43	0.00	0.00	63.96	7.44	0.00	0.00	2000
227	11.19	2036	2094	0.00	197	0	0	0	nan	0.00	0.00	5.80	82.92	88.81	0.00	39	0	42	0.00	0.00	64.25	7.39	0.00	0.00	2000
237	11.71	2017	2111	0.00	215	0	0	0	nan	0.00	0.00	3.89	85.07	88.29	0.00	40	0	43	0.00	0.00	67.80	8.04	0.00	0.00	2000
229	11.33	1998	2128	0.00	202	0	0	0	nan	0.00	0.00	7.55	82.47	88.67	0.00	39	0	43	0.00	0.00	66.23	7.52	0.00	0.00	2000
229	11.32	2024	2095	0.00	195	0	0	0	nan	0.00	0.00	6.86	81.77	88.68	0.00	40	0	42	0.00	0.00	64.68	7.39	0.00	0.00	2000
227	11.35	2044	2058	0.00	198	0	0	0	nan	0.00	0.00	5.12	81.96	88.65	0.00	40	0	43	0.00	0.00	63.83	7.29	0.00	0.00	2000
225	12.34	2106	1814	0.00	201	0	0	0	nan	0.00	0.00	4.02	71.82	87.66	0.00	38	0	42	0.00	0.00	51.46	6.00	0.00	0.00	2000
248	10.24	2025	2509	0.00	246	0	0	6	65.48	0.00	0.02	7.83	99.53	89.76	0.00	38	0	43	0.00	0.00	83.20	9.67	0.00	0.00	2000
235	11.26	2081	2105	0.60	197	0	0	3	79.22	0.00	0.00	7.08	81.99	88.74	0.00	38	0	42	0.00	0.00	66.08	7.68	0.00	0.00	2000
593	25.93	2467	1946	0.00	208	0	0	0	nan	0.00	0.05	5.51	63.22	74.07	0.00	41	0	42	0.00	0.00	71.00	7.32	0.00	0.00	2000
347	14.44	2238	2255	0.00	264	0	0	0	nan	0.00	0.03	10.33	81.70	85.56	0.00	38	0	43	0.00	0.00	72.63	8.06	0.00	0.00	2000
100	7.59	1321	2091	0.00	227	0	0	0	nan	0.00	0.80	5.42	86.06	92.41	0.00	38	0	42	0.00	0.00	59.44	7.25	0.00	0.00	2000
78	7.34	1059	2105	0.00	209	0	0	0	nan	0.00	0.00	4.00	88.94	92.66	0.00	38	0	43	0.00	0.00	63.73	8.12	0.00	0.00	2000
73	6.76	1071	2119	0.00	194	0	0	0	nan	0.00	0.00	3.90	90.32	93.24	0.00	38	0	43	0.00	0.00	58.41	7.44	0.00	0.00	2000
140	9.78	1434	2096	0.00	48	0	0	0	nan	0.00	0.00	11.87	78.17	90.22	0.00	38	0	43	0.00	0.00	54.26	6.37	0.00	0.00	2000
