Avg_MHz	Busy%	Bzy_MHz	TSC_MHz	IPC	IRQ	NMI	SMI	LLCMRPS	LLC%hit	POLL%	C1%	C1E%	C6%	CPU%c1	CPU%c6	CoreTmp	CoreThr	PkgTmp	Pkg%pc2	Pkg%pc6	PkgWatt	RAMWatt	PKG_%	RAM_%	UncMHz
179	11.92	1634	1926	0.00	271	0	0	0	nan	0.00	0.00	11.99	68.84	88.08	0.00	37	0	42	0.00	0.00	54.35	6.68	0.00	0.00	2000
414	17.38	2106	2376	0.00	277	0	0	0	nan	0.00	1.19	15.47	77.09	82.62	0.00	37	0	42	0.00	0.00	81.45	8.97	0.00	0.00	2000
77	7.04	1090	2101	0.00	195	0	0	0	nan	0.00	0.00	5.57	87.61	92.96	0.00	37	0	42	0.00	0.00	60.96	7.55	0.00	0.00	2000
73	6.91	1052	2121	0.00	193	0	0	0	nan	0.00	0.02	2.25	91.93	93.09	0.00	37	0	42	0.00	0.00	59.16	7.51	0.00	0.00	2000
74	6.92	1057	2116	0.00	194	0	0	0	nan	0.00	0.01	2.42	91.61	93.08	0.00	37	0	42	0.00	0.00	59.52	7.72	0.00	0.00	2000
72	7.10	1016	2101	0.00	193	0	0	0	nan	0.00	0.00	3.22	89.88	92.90	0.00	37	0	43	0.00	0.00	59.31	7.66	0.00	0.00	2000
103	8.35	1243	2092	0.00	199	0	0	0	nan	0.00	0.08	4.11	87.28	91.65	0.00	37	0	42	0.00	0.00	58.63	7.35	0.00	0.00	2000
74	7.17	1029	2106	0.00	196	0	0	0	nan	0.00	0.03	3.12	90.08	92.83	0.00	37	0	42	0.00	0.00	59.02	7.38	0.00	0.00	2000
72	6.64	1107	2072	0.00	195	0	0	0	nan	0.00	0.01	2.71	89.40	93.36	0.00	37	0	43	0.00	0.00	57.07	7.09	0.00	0.00	2000
73	6.90	1038	2136	0.00	194	0	0	0	nan	0.00	0.00	2.16	92.66	93.10	0.00	37	0	43	0.00	0.00	60.03	7.59	0.00	0.00	2000
73	6.84	1075	2093	0.00	195	0	0	0	nan	0.00	0.02	3.52	89.37	93.16	0.00	37	0	43	0.00	0.00	59.06	7.50	0.00	0.00	2000
72	6.56	1113	2068	0.00	194	0	0	0	nan	0.00	0.00	2.94	89.15	93.44	0.00	37	0	42	0.00	0.00	57.79	7.22	0.00	0.00	2000
73	6.91	1044	2123	0.00	193	0	0	0	nan	0.00	0.00	2.55	91.70	93.09	0.00	38	0	42	0.00	0.00	58.81	7.49	0.00	0.00	2000
73	6.84	1059	2111	0.00	193	0	0	0	nan	0.00	0.01	2.90	90.81	93.16	0.00	38	0	43	0.00	0.00	59.94	7.51	0.00	0.00	2000
73	6.81	1066	2104	0.00	194	0	0	0	nan	0.00	0.00	2.98	90.47	93.19	0.00	37	0	43	0.00	0.00	58.46	7.47	0.00	0.00	2000
72	6.33	1136	2092	0.00	195	0	0	1	86.93	0.00	0.00	3.34	89.97	93.67	0.00	37	0	42	0.00	0.00	59.33	7.38	0.00	0.00	2000
72	7.01	1036	2073	0.07	193	0	0	1	88.88	0.00	0.02	2.50	89.37	92.99	0.00	37	0	42	0.00	0.00	55.81	7.15	0.00	0.00	2000
71	6.82	1029	2109	0.00	210	0	0	0	nan	0.00	0.03	3.34	90.30	93.18	0.00	37	0	43	0.00	0.00	57.10	7.27	0.00	0.00	2000
146	8.89	1628	2113	0.00	210	0	0	0	nan	0.00	0.00	6.49	85.26	91.11	0.00	38	0	43	0.00	0.00	63.72	7.82	0.00	0.00	2000
230	11.11	2071	2095	0.00	204	0	0	0	nan	0.00	0.00	3.65	85.23	88.89	0.00	40	0	42	0.00	0.00	65.21	7.51	0.00	0.00	2000
233	11.19	2065	2114	0.00	202	0	0	0	nan	0.00	0.02	2.89	86.66	88.81	0.00	40	0	43	0.00	0.00	65.76	7.57	0.00	0.00	2000
232	10.84	2136	2102	0.00	203	0	0	0	nan	0.00	0.00	4.40	84.96	89.16	0.00	40	0	42	0.00	0.00	63.73	7.18	0.00	0.00	2000
233	11.46	2035	2096	0.00	206	0	0	0	nan	0.00	0.00	5.71	82.84	88.54	0.00	38	0	43	0.00	0.00	67.39	7.68	0.00	0.00	2000
230	11.34	2031	2099	0.00	197	0	0	0	nan	0.00	0.00	5.63	83.14	88.66	0.00	38	0	43	0.00	0.00	61.18	7.08	0.00	0.00	2000
231	11.36	2032	2100	0.00	198	0	0	0	nan	0.00	0.52	4.80	83.49	88.64	0.00	38	0	42	0.00	0.00	66.69	7.79	0.00	0.00	2000
233	11.48	2039	2087	0.00	199	0	0	0	nan	0.00	0.01	5.38	82.73	88.52	0.00	37	0	43	0.00	0.00	66.38	7.62	0.00	0.00	2000
232	11.79	1963	2110	0.00	197	0	0	0	nan	0.00	0.00	5.44	83.40	88.21	0.00	38	0	43	0.00	0.00	65.33	7.64	0.00	0.00	2000
230	11.47	2020	2088	0.00	204	0	0	0	nan	0.01	0.00	6.91	81.34	88.53	0.00	38	0	42	0.00	0.00	67.15	7.66	0.00	0.00	2000
230	11.34	2023	2103	0.00	196	0	0	0	nan	0.00	0.00	7.69	81.32	88.66	0.00	38	0	42	0.00	0.00	64.65	7.32	0.00	0.00	2000
225	11.25	2041	2058	0.00	199	0	0	0	nan	0.00	0.00	5.93	81.23	88.75	0.00	39	0	42	0.00	0.00	63.13	7.22	0.00	0.00	2000
233	11.52	2024	2101	0.00	196	0	0	0	nan	0.01	0.00	4.80	83.95	88.50	0.00	39	0	42	0.00	0.00	63.64	7.21	0.00	0.00	2000
232	11.10	2054	2134	0.00	216	0	0	0	nan	0.00	0.02	6.13	84.38	88.90	0.00	39	0	42	0.00	0.00	68.04	7.70	0.00	0.00	2000
226	10.85	2098	2087	0.00	203	0	0	10	88.12	0.00	0.00	6.31	82.48	89.15	0.00	39	0	42	0.00	0.00	63.58	7.31	0.00	0.00	2000
231	10.93	2095	2118	0.61	198	0	0	9	75.48	0.00	0.00	5.20	84.83	89.07	0.00	39	0	43	0.00	0.00	65.25	7.65	0.00	0.00	2000
231	11.13	2070	2103	0.00	197	0	0	0	nan	0.00	0.00	4.08	85.09	88.87	0.00	39	0	42	0.00	0.00	65.31	7.29	0.00	0.00	2000
230	11.14	2076	2093	0.00	198	0	0	0	nan	0.00	0.52	6.63	81.56	88.86	0.00	39	0	42	0.00	0.00	65.34	7.40	0.00	0.00	2000
227	11.38	2044	2050	0.00	200	0	0	0	nan	0.00	0.00	6.40	80.20	88.62	0.00	38	0	42	0.00	0.00	59.31	6.93	0.00	0.00	2000
224	11.29	1972	2116	0.00	234	0	0	0	nan	0.00	0.00	6.51	83.08	88.71	0.00	38	0	42	0.00	0.00	66.35	7.74	0.00	0.00	2000
236	11.68	2023	2099	0.00	233	0	0	0	nan	0.00	0.03	7.42	81.01	88.32	0.00	37	0	43	0.00	0.00	61.90	7.22	0.00	0.00	2000
378	17.68	2312	1944	0.00	284	0	0	0	nan	0.00	0.00	5.75	70.57	82.32	0.00	40	0	43	0.00	0.00	69.21	7.71	0.00	0.00	2000
680	27.56	2500	2071	0.00	229	0	0	0	nan	0.00	0.00	4.35	67.20	72.44	0.00	41	0	42	0.00	0.00	78.00	7.30	0.00	0.00	2000
678	26.70	2500	2133	0.00	248	0	0	0	nan	0.00	0.00	4.64	69.95	73.30	0.00	42	0	42	0.00	0.00	83.78	7.87	0.00	0.00	2000
676	27.45	2500	2067	0.00	230	0	0	0	nan	0.00	0.00	3.15	68.39	72.55	0.00	42	0	42	0.00	0.00	78.10	7.20	0.00	0.00	2000
681	26.78	2500	2135	0.00	249	0	0	0	nan	0.01	0.00	3.73	70.83	73.22	0.00	42	0	43	0.00	0.00	83.71	7.88	0.00	0.00	2000
722	26.82	2500	2262	0.00	228	0	0	0	nan	0.00	0.02	5.46	73.46	73.18	0.00	43	0	42	0.00	0.00	87.13	8.14	0.00	0.00	2000
223	10.73	1993	2193	0.00	221	0	0	0	nan	0.00	0.02	6.78	86.62	89.27	0.00	39	0	43	0.00	0.00	73.39	8.25	0.00	0.00	2000
129	8.17	1576	2096	0.00	210	0	0	0	nan	0.00	0.03	7.21	84.62	91.83	0.00	38	0	43	0.00	0.00	57.74	7.18	0.00	0.00	2000
96	7.35	1316	2075	0.00	228	0	0	0	nan	0.00	0.00	3.69	87.93	92.65	0.00	38	0	42	0.00	0.00	58.79	7.40	0.00	0.00	2000
76	6.78	1112	2132	0.28	210	0	0	2	70.68	0.00	0.00	3.62	91.04	93.22	0.00	38	0	42	0.00	0.00	62.84	7.96	0.00	0.00	2000
71	6.73	1063	2098	0.18	193	0	0	0	nan	0.00	0.00	3.49	89.74	93.27	0.00	37	0	42	0.00	0.00	57.49	7.24	0.00	0.00	2000
77	6.88	1121	2104	0.00	177	0	0	0	nan	0.00	0.00	3.51	89.90	93.12	0.00	38	0	42	0.00	0.00	56.91	7.25	0.00	0.00	2000
