Avg_MHz	Busy%	Bzy_MHz	TSC_MHz	IPC	IRQ	NMI	SMI	LLCMRPS	LLC%hit	POLL%	C1%	C1E%	C6%	CPU%c1	CPU%c6	CoreTmp	CoreThr	PkgTmp	Pkg%pc2	Pkg%pc6	PkgWatt	RAMWatt	PKG_%	RAM_%	UncMHz
220	13.13	1797	1960	0.00	224	0	0	0	nan	0.00	0.01	22.56	58.49	86.87	0.00	38	0	42	0.00	0.00	54.76	6.78	0.00	0.00	2000
423	17.24	2210	2331	0.00	245	0	0	0	nan	0.03	2.02	18.03	72.15	82.76	0.00	37	0	42	0.00	0.00	77.63	8.54	0.00	0.00	2000
77	6.81	1139	2091	0.00	194	0	0	0	nan	0.00	0.67	11.54	80.72	93.19	0.00	37	0	42	0.00	0.00	57.67	7.18	0.00	0.00	2000
75	6.96	1060	2122	0.00	196	0	0	0	nan	0.01	0.00	3.97	90.19	93.04	0.00	37	0	42	0.00	0.00	59.39	7.54	0.00	0.00	2000
73	6.61	1102	2103	0.00	209	0	0	0	nan	0.00	0.00	2.88	90.70	93.39	0.00	37	0	42	0.00	0.00	62.89	7.77	0.00	0.00	2000
70	6.49	1096	2077	0.00	193	0	0	0	nan	0.00	0.00	2.57	89.86	93.51	0.00	38	0	42	0.00	0.00	56.87	7.13	0.00	0.00	2000
73	6.82	1063	2118	0.00	193	0	0	0	nan	0.00	0.00	2.69	91.35	93.18	0.00	37	0	42	0.00	0.00	58.39	7.37	0.00	0.00	2000
69	6.79	1035	2075	0.00	193	0	0	0	nan	0.00	0.02	2.38	89.82	93.21	0.00	37	0	42	0.00	0.00	56.82	7.12	0.00	0.00	2000
73	6.94	1044	2130	0.00	194	0	0	0	nan	0.00	0.02	1.76	92.68	93.06	0.00	37	0	42	0.00	0.00	60.38	7.54	0.00	0.00	2000
71	6.82	1045	2085	0.00	193	0	0	0	nan	0.00	0.00	3.06	89.54	93.18	0.00	37	0	42	0.00	0.00	57.43	7.37	0.00	0.00	2000
74	6.75	1090	2106	0.00	195	0	0	0	nan	0.00	0.02	3.33	90.17	93.25	0.00	37	0	42	0.00	0.00	56.51	7.23	0.00	0.00	2000
71	6.62	1075	2109	0.00	193	0	0	0	nan	0.00	0.00	3.22	90.65	93.38	0.00	37	0	42	0.00	0.00	59.37	7.48	0.00	0.00	2000
73	6.67	1105	2090	0.00	193	0	0	0	nan	0.00	0.02	3.46	89.52	93.33	0.00	37	0	42	0.00	0.00	59.22	7.48	0.00	0.00	2000
73	6.58	1110	2104	0.00	193	0	0	0	nan	0.00	0.02	2.42	91.18	93.42	0.00	37	0	42	0.00	0.00	59.95	7.59	0.00	0.00	2000
73	6.52	1128	2088	0.00	194	0	0	0	nan	0.00	0.02	2.32	90.67	93.48	0.00	37	0	42	0.00	0.00	57.92	7.48	0.00	0.00	2000
73	6.89	1044	2126	0.00	192	0	0	1	88.68	0.00	0.01	2.20	92.19	93.11	0.00	37	0	42	0.00	0.00	58.41	7.52	0.00	0.00	2000
74	6.77	1091	2104	0.06	194	0	0	1	88.60	0.00	0.00	3.34	90.13	93.23	0.00	37	0	42	0.00	0.00	60.23	7.57	0.00	0.00	2000
71	6.39	1122	2072	0.00	193	0	0	0	nan	0.00	0.00	3.52	88.82	93.61	0.00	37	0	42	0.00	0.00	57.39	7.29	0.00	0.00	2000
138	8.96	1551	2090	0.00	211	0	0	0	nan	0.00	0.00	5.65	85.02	91.04	0.00	38	0	42	0.00	0.00	59.47	7.33	0.00	0.00	2000
233	11.00	2087	2130	0.00	219	0	0	0	nan	0.00	0.00	5.07	85.32	89.00	0.00	39	0	42	0.00	0.00	68.17	7.66	0.00	0.00	2000
227	11.06	2076	2075	0.00	203	0	0	0	nan	0.00	0.02	3.60	84.35	88.94	0.00	40	0	42	0.00	0.00	62.54	7.18	0.00	0.00	2000
233	10.90	2115	2121	0.00	213	0	0	0	nan	0.00	0.00	4.41	85.66	89.10	0.00	40	0	42	0.00	0.00	66.32	7.69	0.00	0.00	2000
235	11.44	2084	2073	0.00	198	0	0	0	nan	0.00	0.00	5.54	81.89	88.56	0.00	39	0	42	0.00	0.00	64.71	7.51	0.00	0.00	2000
235	11.11	2082	2130	0.00	217	0	0	0	nan	0.00	0.01	6.82	83.42	88.89	0.00	37	0	42	0.00	0.00	65.47	7.79	0.00	0.00	2000
230	10.99	2105	2090	0.00	183	0	0	0	nan	0.00	0.01	5.72	82.89	89.01	0.00	37	0	42	0.00	0.00	66.73	7.93	0.00	0.00	2000
226	11.08	2062	2072	0.00	198	0	0	0	nan	0.00	0.02	6.04	81.79	88.92	0.00	37	0	42	0.00	0.00	63.68	7.63	0.00	0.00	2000
237	11.11	2088	2144	0.00	235	0	0	0	nan	0.00	0.00	5.87	85.02	88.89	0.00	38	0	42	0.00	0.00	69.26	8.15	0.00	0.00	2000
234	11.06	2143	2073	0.00	182	0	0	0	nan	0.00	0.06	4.06	83.81	88.94	0.00	38	0	42	0.00	0.00	65.81	7.49	0.00	0.00	2000
233	11.06	2084	2126	0.00	198	0	0	0	nan	0.00	0.06	3.04	87.11	88.94	0.00	38	0	42	0.00	0.00	65.59	7.42	0.00	0.00	2000
232	11.10	2082	2104	0.00	196	0	0	0	nan	0.00	0.05	3.18	85.99	88.90	0.00	38	0	42	0.00	0.00	65.99	7.53	0.00	0.00	2000
230	11.41	2017	2100	0.00	197	0	0	0	nan	0.00	0.02	5.37	83.35	88.59	0.00	38	0	42	0.00	0.00	65.09	7.70	0.00	0.00	2000
227	11.26	2047	2067	0.00	202	0	0	0	nan	0.00	0.02	4.12	83.35	88.74	0.00	39	0	42	0.00	0.00	64.03	7.43	0.00	0.00	2000
233	11.18	2065	2119	0.00	214	0	0	5	84.17	0.00	0.02	5.06	84.69	88.82	0.00	39	0	42	0.00	0.00	63.28	7.37	0.00	0.00	2000
226	11.17	2043	2084	0.47	198	0	0	13	81.37	0.00	0.00	5.82	82.42	88.83	0.00	38	0	42	0.00	0.00	62.08	7.30	0.00	0.00	2000
239	11.25	2082	2139	0.00	230	0	0	0	nan	0.00	0.00	5.61	84.93	88.75	0.00	39	0	42	0.00	0.00	72.67	8.29	0.00	0.00	2000
226	11.10	2074	2064	0.00	204	0	0	0	nan	0.00	0.00	6.43	81.12	88.90	0.00	38	0	42	0.00	0.00	64.05	7.32	0.00	0.00	2000
234	11.39	2044	2115	0.00	213	0	0	0	nan	0.01	0.00	6.74	82.64	88.61	0.00	38	0	42	0.00	0.00	63.67	7.61	0.00	0.00	2000
232	11.31	2037	2115	0.00	196	0	0	0	nan	0.00	0.00	5.31	84.17	88.69	0.00	38	0	42	0.00	0.00	68.37	8.08	0.00	0.00	2000
230	11.14	2075	2091	0.00	198	0	0	0	nan	0.00	0.01	4.42	84.26	88.86	0.00	38	0	42	0.00	0.00	64.13	7.66	0.00	0.00	2000
231	11.15	2081	2092	0.00	202	0	0	0	nan	0.00	0.00	4.42	84.28	88.85	0.00	38	0	42	0.00	0.00	64.25	7.63	0.00	0.00	2000
235	11.08	2091	2125	0.00	196	0	0	0	nan	0.00	0.03	4.53	85.62	88.92	0.00	38	0	42	0.00	0.00	66.10	7.96	0.00	0.00	2000
228	11.37	2017	2092	0.00	196	0	0	0	nan	0.00	0.00	5.46	83.05	88.63	0.00	38	0	42	0.00	0.00	65.61	7.82	0.00	0.00	2000
232	11.27	2059	2102	0.00	198	0	0	0	nan	0.00	0.00	5.11	83.90	88.73	0.00	38	0	42	0.00	0.00	64.52	7.68	0.00	0.00	2000
230	11.14	2079	2087	0.00	200	0	0	0	nan	0.00	0.02	5.44	82.93	88.86	0.00	38	0	42	0.00	0.00	64.05	7.51	0.00	0.00	2000
236	11.89	1975	2113	0.00	197	0	0	0	nan	0.00	0.03	5.13	83.68	88.11	0.00	38	0	42	0.00	0.00	65.03	7.81	0.00	0.00	2000
229	11.30	2037	2086	0.00	200	0	0	0	nan	0.00	0.02	5.57	82.69	88.70	0.00	38	0	42	0.00	0.00	63.39	7.56	0.00	0.00	2000
232	11.64	1986	2110	0.00	195	0	0	0	nan	0.00	0.00	6.45	82.48	88.36	0.00	38	0	42	0.00	0.00	67.45	7.94	0.00	0.00	2000
232	11.13	2082	2103	0.00	200	0	0	0	nan	0.00	0.00	6.07	83.01	88.87	0.00	39	0	42	0.00	0.00	62.93	7.55	0.00	0.00	2000
230	11.06	2088	2087	0.00	198	0	0	0	nan	0.00	0.00	5.13	83.43	88.94	0.00	38	0	42	0.00	0.00	65.65	7.85	0.00	0.00	2000
232	11.15	2069	2113	0.04	197	0	0	2	60.30	0.00	0.00	5.47	84.13	88.85	0.00	38	0	42	0.00	0.00	66.04	7.94	0.00	0.00	2000
234	11.12	2115	2092	0.78	202	0	0	3	76.55	0.00	0.00	6.10	82.61	88.88	0.00	38	0	42	0.00	0.00	64.96	7.73	0.00	0.00	2000
230	11.42	2013	2096	0.00	198	0	0	0	nan	0.00	0.00	6.08	82.49	88.58	0.00	39	0	42	0.00	0.00	66.03	8.51	0.00	0.00	2000
229	11.20	2032	2111	0.00	193	0	0	0	nan	0.00	0.00	6.70	82.71	88.80	0.00	39	0	42	0.00	0.00	70.19	9.26	0.00	0.00	2000
228	11.01	2070	2096	0.00	197	0	0	0	nan	0.00	0.02	4.16	84.78	88.99	0.00	39	0	42	0.00	0.00	67.00	8.75	0.00	0.00	2000
230	11.35	2037	2091	0.00	196	0	0	0	nan	0.00	0.00	4.78	83.64	88.65	0.00	39	0	42	0.00	0.00	64.45	8.63	0.00	0.00	2000
224	11.21	2019	2084	0.00	218	0	0	0	nan	0.00	0.02	6.32	82.00	88.79	0.00	39	0	42	0.00	0.00	68.43	8.77	0.00	0.00	2000
233	11.47	1999	2133	0.00	195	0	0	0	nan	0.01	0.00	6.47	83.64	88.53	0.00	39	0	42	0.00	0.00	68.38	8.60	0.00	0.00	2000
224	11.06	2058	2071	0.00	197	0	0	0	nan	0.00	0.00	5.18	82.59	88.94	0.00	39	0	42	0.00	0.00	65.64	9.08	0.00	0.00	2000
240	12.13	1994	2081	0.00	198	0	0	0	nan	0.00	0.00	4.90	82.37	87.87	0.00	39	0	42	0.00	0.00	63.93	8.31	0.00	0.00	2000
235	11.06	2089	2137	0.00	214	0	0	0	nan	0.00	0.03	5.11	85.53	88.94	0.00	39	0	43	0.00	0.00	68.52	8.90	0.00	0.00	2000
227	11.17	2059	2070	0.00	195	0	0	0	nan	0.00	0.00	5.60	82.08	88.83	0.00	39	0	42	0.00	0.00	65.29	8.49	0.00	0.00	2000
234	11.14	2058	2141	0.00	215	0	0	0	nan	0.00	0.00	5.03	85.73	88.86	0.00	39	0	42	0.00	0.00	71.59	9.52	0.00	0.00	2000
232	11.25	2055	2107	0.00	197	0	0	0	nan	0.00	0.00	4.17	85.03	88.75	0.00	39	0	42	0.00	0.00	64.79	8.55	0.00	0.00	2000
234	11.40	2064	2092	0.00	201	0	0	0	nan	0.00	0.00	7.21	81.15	88.60	0.00	39	0	42	0.00	0.00	67.00	8.76	0.00	0.00	2000
227	10.89	2113	2069	0.00	204	0	0	0	nan	0.00	0.00	5.82	82.14	89.11	0.00	39	0	42	0.00	0.00	65.64	8.63	0.00	0.00	2000
233	11.26	2042	2125	0.00	216	0	0	0	nan	0.00	0.51	6.54	82.96	88.74	0.00	39	0	42	0.00	0.00	65.91	8.65	0.00	0.00	2000
229	11.19	2032	2112	0.65	200	0	0	36	5.74	0.00	0.00	7.21	82.30	88.81	0.00	39	0	42	0.00	0.00	69.41	9.21	0.00	0.00	2000
228	11.47	1996	2097	1.01	197	0	0	6	22.86	0.00	0.02	5.64	82.90	88.53	0.00	39	0	42	0.00	0.00	66.66	8.74	0.00	0.00	2000
234	11.57	2013	2106	0.00	196	0	0	0	nan	0.00	0.01	5.08	83.81	88.43	0.00	39	0	42	0.00	0.00	67.41	8.97	0.00	0.00	2000
228	11.38	2010	2096	0.00	199	0	0	0	nan	0.00	0.00	6.12	82.51	88.62	0.00	38	0	42	0.00	0.00	65.97	8.14	0.00	0.00	2000
229	11.15	2064	2094	0.00	197	0	0	0	nan	0.00	0.00	5.45	83.27	88.85	0.00	39	0	42	0.00	0.00	62.09	7.63	0.00	0.00	2000
190	10.33	1862	2074	0.00	209	0	0	0	nan	0.00	0.00	4.49	84.19	89.67	0.00	38	0	42	0.00	0.00	65.41	7.45	0.00	0.00	2000
105	8.49	1222	2129	0.00	220	0	0	0	nan	0.00	0.04	9.81	83.04	91.51	0.00	37	0	42	0.00	0.00	60.51	7.73	0.00	0.00	2000
77	6.74	1144	2091	0.00	195	0	0	0	nan	0.00	0.00	3.10	89.78	93.26	0.00	37	0	43	0.00	0.00	59.41	7.58	0.00	0.00	2000
73	6.99	1055	2081	0.00	193	0	0	0	nan	0.00	0.02	2.77	89.36	93.01	0.00	37	0	42	0.00	0.00	60.68	7.63	0.00	0.00	2000
71	6.88	1034	2105	0.00	194	0	0	0	nan	0.00	0.00	3.85	89.59	93.12	0.00	37	0	42	0.00	0.00	58.04	7.34	0.00	0.00	2000
75	6.82	1086	2117	0.00	216	0	0	0	nan	0.00	0.00	6.08	87.83	93.18	0.00	37	0	42	0.00	0.00	58.58	7.31	0.00	0.00	2000
