Avg_MHz	Busy%	Bzy_MHz	TSC_MHz	IPC	IRQ	NMI	SMI	LLCMRPS	LLC%hit	POLL%	C1%	C1E%	C6%	CPU%c1	CPU%c6	CoreTmp	CoreThr	PkgTmp	Pkg%pc2	Pkg%pc6	PkgWatt	RAMWatt	PKG_%	RAM_%	UncMHz
332	16.65	1972	2124	0.00	231	0	0	0	nan	0.01	0.55	37.95	45.95	83.35	0.00	36	0	42	0.00	0.00	65.94	7.57	0.00	0.00	2000
291	14.31	2013	2124	0.00	209	0	0	0	nan	0.03	0.67	14.73	71.42	85.69	0.00	36	0	41	0.00	0.00	65.08	7.53	0.00	0.00	2000
77	6.65	1154	2096	0.00	194	0	0	0	nan	0.00	0.00	5.37	87.75	93.35	0.00	36	0	42	0.00	0.00	58.98	7.41	0.00	0.00	2000
74	6.73	1086	2128	0.00	209	0	0	0	nan	0.00	0.00	4.78	89.69	93.27	0.00	36	0	42	0.00	0.00	62.08	7.58	0.00	0.00	2000
73	6.90	1059	2099	0.00	193	0	0	0	nan	0.00	0.00	3.47	89.56	93.10	0.00	36	0	41	0.00	0.00	61.02	7.76	0.00	0.00	2000
74	6.37	1153	2101	0.00	193	0	0	0	nan	0.00	0.00	3.46	90.28	93.63	0.00	36	0	42	0.00	0.00	57.92	7.31	0.00	0.00	2000
74	6.61	1124	2100	0.00	195	0	0	0	nan	0.01	0.00	3.51	89.81	93.39	0.00	36	0	42	0.00	0.00	59.70	7.32	0.00	0.00	2000
72	6.56	1094	2099	0.00	177	0	0	0	nan	0.01	0.00	3.48	89.91	93.44	0.00	36	0	42	0.00	0.00	57.62	6.94	0.00	0.00	2000
73	6.64	1093	2107	0.00	210	0	0	0	nan	0.00	0.00	2.83	90.89	93.36	0.00	36	0	42	0.00	0.00	59.81	7.42	0.00	0.00	2000
72	6.60	1094	2094	0.00	193	0	0	0	nan	0.00	0.02	2.75	90.31	93.40	0.00	36	0	42	0.00	0.00	59.24	7.55	0.00	0.00	2000
73	6.75	1086	2083	0.00	179	0	0	0	nan	0.00	0.03	3.37	89.22	93.25	0.00	36	0	41	0.00	0.00	58.57	7.14	0.00	0.00	2000
70	7.03	997	2089	0.00	209	0	0	0	nan	0.00	0.00	3.49	89.02	92.97	0.00	36	0	42	0.00	0.00	61.38	7.50	0.00	0.00	2000
75	6.67	1100	2143	0.00	194	0	0	0	nan	0.00	0.00	1.95	93.19	93.33	0.00	36	0	41	0.00	0.00	59.77	7.39	0.00	0.00	2000
71	6.21	1156	2069	0.00	193	0	0	0	nan	0.01	0.00	3.02	89.35	93.79	0.00	36	0	42	0.00	0.00	58.85	7.23	0.00	0.00	2000
73	6.64	1102	2106	0.00	194	0	0	0	nan	0.00	0.00	2.94	90.81	93.36	0.00	36	0	41	0.00	0.00	58.66	7.33	0.00	0.00	2000
72	6.61	1093	2108	0.00	195	0	0	1	87.31	0.00	0.02	2.98	90.71	93.39	0.00	36	0	41	0.00	0.00	57.54	7.30	0.00	0.00	2000
74	6.70	1106	2107	0.29	210	0	0	2	87.74	0.00	0.01	2.94	90.63	93.30	0.00	36	0	42	0.00	0.00	58.79	7.42	0.00	0.00	2000
72	6.46	1112	2097	0.01	178	0	0	0	nan	0.00	0.00	3.03	90.39	93.54	0.00	36	0	42	0.00	0.00	60.91	7.37	0.00	0.00	2000
193	10.16	1893	2102	0.00	216	0	0	0	nan	0.02	0.03	5.82	84.11	89.84	0.00	38	0	42	0.00	0.00	63.77	7.46	0.00	0.00	2000
231	10.96	2104	2101	0.00	204	0	0	0	nan	0.00	0.02	3.49	85.60	89.04	0.00	39	0	42	0.00	0.00	65.12	7.55	0.00	0.00	2000
224	10.72	2116	2078	0.00	211	0	0	0	nan	0.00	0.00	3.18	85.22	89.28	0.00	39	0	42	0.00	0.00	65.21	7.33	0.00	0.00	2000
232	11.17	2069	2112	0.00	219	0	0	0	nan	0.00	0.00	1.89	87.46	88.83	0.00	40	0	42	0.00	0.00	64.47	7.30	0.00	0.00	2000
234	11.31	2072	2101	0.00	214	0	0	0	nan	0.00	0.03	5.54	83.22	88.69	0.00	37	0	42	0.00	0.00	64.33	7.33	0.00	0.00	2000
228	11.00	2100	2077	0.00	196	0	0	0	nan	0.00	0.56	3.92	83.72	89.00	0.00	37	0	42	0.00	0.00	66.07	7.85	0.00	0.00	2000
233	11.08	2102	2102	0.00	202	0	0	0	nan	0.00	0.00	4.61	84.55	88.92	0.00	37	0	42	0.00	0.00	68.18	8.04	0.00	0.00	2000
236	11.16	2076	2134	0.00	194	0	0	0	nan	0.00	0.02	5.33	84.99	88.84	0.00	36	0	42	0.00	0.00	67.73	7.84	0.00	0.00	2000
235	11.40	2080	2081	0.00	200	0	0	0	nan	0.00	0.00	6.00	81.91	88.60	0.00	37	0	42	0.00	0.00	60.11	6.88	0.00	0.00	2000
233	11.13	2080	2116	0.00	199	0	0	0	nan	0.00	1.00	5.39	83.22	88.87	0.00	37	0	42	0.00	0.00	68.16	7.77	0.00	0.00	2000
230	10.96	2092	2104	0.00	196	0	0	0	nan	0.00	0.00	5.10	84.17	89.04	0.00	37	0	42	0.00	0.00	63.81	7.21	0.00	0.00	2000
231	11.14	2093	2083	0.00	200	0	0	0	nan	0.00	0.00	6.56	81.69	88.86	0.00	37	0	42	0.00	0.00	65.17	7.24	0.00	0.00	2000
230	11.11	2080	2094	0.00	208	0	0	0	nan	0.00	0.00	5.15	83.62	88.89	0.00	37	0	42	0.00	0.00	65.16	7.60	0.00	0.00	2000
225	10.78	2106	2082	0.00	198	0	0	0	nan	0.00	0.00	5.25	83.27	89.22	0.00	38	0	42	0.00	0.00	63.83	7.33	0.00	0.00	2000
234	10.95	2107	2133	0.00	198	0	0	1	91.53	0.00	0.00	4.28	86.26	89.05	0.00	37	0	42	0.00	0.00	69.11	7.89	0.00	0.00	2000
230	11.16	2057	2105	0.80	196	0	0	12	84.43	0.00	0.01	3.73	85.45	88.84	0.00	37	0	42	0.00	0.00	65.29	7.48	0.00	0.00	2000
232	10.81	2157	2089	0.03	201	0	0	0	nan	0.00	0.00	4.14	84.66	89.19	0.00	38	0	42	0.00	0.00	65.16	7.43	0.00	0.00	2000
230	10.95	2113	2088	0.00	208	0	0	0	nan	0.00	0.02	4.02	84.58	89.05	0.00	36	0	42	0.00	0.00	62.13	7.36	0.00	0.00	2000
241	11.15	2131	2131	0.00	201	0	0	0	nan	0.00	0.55	6.84	82.81	88.85	0.00	37	0	42	0.00	0.00	71.25	8.40	0.00	0.00	2000
229	10.66	2194	2052	0.00	202	0	0	0	nan	0.00	0.02	4.04	83.32	89.34	0.00	37	0	41	0.00	0.00	61.34	6.92	0.00	0.00	2000
233	11.33	2044	2113	0.00	214	0	0	0	nan	0.00	0.00	5.62	83.67	88.67	0.00	37	0	42	0.00	0.00	66.33	7.48	0.00	0.00	2000
231	11.31	2045	2095	0.00	203	0	0	0	nan	0.00	0.44	6.79	81.37	88.69	0.00	38	0	42	0.00	0.00	64.88	7.29	0.00	0.00	2000
235	11.03	2091	2137	0.00	198	0	0	0	nan	0.00	0.00	5.49	85.04	88.97	0.00	38	0	42	0.00	0.00	70.07	8.00	0.00	0.00	2000
229	10.97	2143	2048	0.00	197	0	0	0	nan	0.00	0.00	5.22	81.64	89.03	0.00	37	0	41	0.00	0.00	60.35	6.91	0.00	0.00	2000
232	10.87	2091	2144	0.00	213	0	0	0	nan	0.00	0.00	5.13	85.94	89.13	0.00	37	0	42	0.00	0.00	68.78	7.68	0.00	0.00	2000
223	12.69	2102	1760	0.00	201	0	0	0	nan	0.00	0.01	4.52	68.67	87.31	0.00	37	0	42	0.00	0.00	51.57	5.97	0.00	0.00	2000
338	12.88	2234	2468	0.00	259	0	0	0	nan	0.00	0.03	8.30	94.19	87.12	0.00	37	0	42	0.00	0.00	82.07	9.27	0.00	0.00	2000
162	8.99	1776	2130	0.00	242	0	0	0	nan	0.00	0.00	9.12	83.30	91.01	0.00	37	0	42	0.00	0.00	65.80	8.02	0.00	0.00	2000
79	6.96	1127	2117	0.00	194	0	0	0	nan	0.00	0.00	2.86	90.95	93.04	0.00	37	0	41	0.00	0.00	58.27	7.18	0.00	0.00	2000
113	8.92	1317	2027	0.00	82	0	0	0	nan	0.00	0.05	9.97	78.02	91.08	0.00	37	0	42	0.00	0.00	57.11	7.01	0.00	0.00	2000
