Avg_MHz	Busy%	Bzy_MHz	TSC_MHz	IPC	IRQ	NMI	SMI	LLCMRPS	LLC%hit	POLL%	C1%	C1E%	C6%	CPU%c1	CPU%c6	CoreTmp	CoreThr	PkgTmp	Pkg%pc2	Pkg%pc6	PkgWatt	RAMWatt	PKG_%	RAM_%	UncMHz
339	16.94	1939	2165	0.00	227	0	0	0	nan	0.01	0.53	29.36	55.88	83.06	0.00	36	0	42	0.00	0.00	68.20	7.85	0.00	0.00	2000
311	14.73	2125	2087	0.00	210	0	0	0	nan	0.04	2.21	20.56	62.17	85.27	0.00	36	0	42	0.00	0.00	67.11	7.51	0.00	0.00	2000
78	6.82	1144	2111	0.00	197	0	0	0	nan	0.00	0.01	5.62	88.07	93.18	0.00	36	0	41	0.00	0.00	56.46	7.15	0.00	0.00	2000
73	6.37	1144	2098	0.00	194	0	0	0	nan	0.00	0.02	3.00	90.52	93.63	0.00	36	0	42	0.00	0.00	60.43	7.67	0.00	0.00	2000
74	6.41	1160	2081	0.00	193	0	0	0	nan	0.00	0.02	2.60	90.00	93.59	0.00	36	0	41	0.00	0.00	57.90	7.34	0.00	0.00	2000
71	6.61	1073	2111	0.00	194	0	0	0	nan	0.00	0.00	2.92	90.92	93.39	0.00	36	0	42	0.00	0.00	57.50	7.34	0.00	0.00	2000
73	6.79	1069	2121	0.00	212	0	0	0	nan	0.00	0.00	4.33	89.68	93.21	0.00	36	0	41	0.00	0.00	63.88	8.03	0.00	0.00	2000
73	6.35	1144	2102	0.00	193	0	0	0	nan	0.00	0.00	3.45	90.29	93.65	0.00	36	0	41	0.00	0.00	56.48	7.27	0.00	0.00	2000
71	6.41	1123	2079	0.00	193	0	0	0	nan	0.00	0.00	3.13	89.60	93.59	0.00	36	0	41	0.00	0.00	57.59	7.32	0.00	0.00	2000
71	6.73	1056	2094	0.00	194	0	0	0	nan	0.00	0.00	3.12	89.82	93.27	0.00	36	0	41	0.00	0.00	60.31	7.67	0.00	0.00	2000
73	6.76	1084	2102	0.00	194	0	0	0	nan	0.00	0.02	2.11	91.10	93.24	0.00	36	0	41	0.00	0.00	58.70	7.52	0.00	0.00	2000
72	6.72	1062	2125	0.00	209	0	0	0	nan	0.00	0.00	3.95	90.39	93.28	0.00	36	0	41	0.00	0.00	61.65	7.62	0.00	0.00	2000
72	6.90	1055	2079	0.00	193	0	0	0	nan	0.00	0.00	3.36	88.90	93.10	0.00	36	0	41	0.00	0.00	56.65	7.63	0.00	0.00	2000
73	6.64	1087	2110	0.00	193	0	0	0	nan	0.00	0.01	1.83	91.87	93.36	0.00	36	0	41	0.00	0.00	57.35	7.24	0.00	0.00	2000
74	6.43	1149	2107	0.00	195	0	0	0	nan	0.00	0.00	3.22	90.56	93.57	0.00	36	0	41	0.00	0.00	59.97	7.60	0.00	0.00	2000
71	6.62	1083	2077	0.00	193	0	0	1	88.37	0.00	0.02	2.60	89.77	93.38	0.00	36	0	41	0.00	0.00	56.88	7.31	0.00	0.00	2000
74	6.66	1100	2129	0.14	209	0	0	2	87.92	0.00	0.00	4.10	90.40	93.34	0.00	36	0	42	0.00	0.00	61.17	7.80	0.00	0.00	2000
73	6.48	1134	2078	0.00	177	0	0	0	nan	0.00	0.01	3.53	88.96	93.52	0.00	36	0	42	0.00	0.00	55.92	7.24	0.00	0.00	2000
213	10.74	1961	2123	0.00	231	0	0	0	nan	0.01	0.02	6.10	84.19	89.26	0.00	38	0	41	0.00	0.00	66.52	7.82	0.00	0.00	2000
226	10.74	2128	2074	0.00	215	0	0	0	nan	0.00	0.00	4.03	84.24	89.26	0.00	39	0	41	0.00	0.00	65.58	7.57	0.00	0.00	2000
232	11.08	2086	2111	0.00	204	0	0	0	nan	0.00	0.02	2.78	86.64	88.92	0.00	39	0	41	0.00	0.00	63.76	7.26	0.00	0.00	2000
228	11.10	2054	2099	0.00	202	0	0	0	nan	0.00	0.02	3.15	85.88	88.90	0.00	40	0	42	0.00	0.00	65.53	7.48	0.00	0.00	2000
232	11.10	2107	2079	0.00	196	0	0	0	nan	0.00	0.03	6.18	81.80	88.90	0.00	37	0	41	0.00	0.00	62.93	7.32	0.00	0.00	2000
236	11.45	2038	2122	0.00	238	0	0	0	nan	0.00	0.02	3.80	85.78	88.55	0.00	38	0	41	0.00	0.00	68.62	8.16	0.00	0.00	2000
229	11.19	2083	2066	0.00	183	0	0	0	nan	0.01	0.02	5.08	82.40	88.81	0.00	36	0	41	0.00	0.00	64.93	7.43	0.00	0.00	2000
235	10.89	2105	2155	0.00	213	0	0	0	nan	0.00	0.49	3.02	88.00	89.11	0.00	36	0	41	0.00	0.00	70.62	8.00	0.00	0.00	2000
230	11.17	2069	2091	0.00	197	0	0	0	nan	0.00	0.03	4.40	84.16	88.83	0.00	36	0	41	0.00	0.00	66.24	7.57	0.00	0.00	2000
226	10.56	2170	2068	0.00	197	0	0	0	nan	0.00	0.97	5.05	81.99	89.44	0.00	37	0	41	0.00	0.00	64.65	7.21	0.00	0.00	2000
238	11.46	2048	2131	0.00	202	0	0	0	nan	0.00	0.00	4.60	85.35	88.54	0.00	37	0	42	0.00	0.00	65.01	7.53	0.00	0.00	2000
227	11.25	2047	2073	0.00	195	0	0	0	nan	0.00	0.00	4.44	83.31	88.75	0.00	37	0	42	0.00	0.00	63.18	7.34	0.00	0.00	2000
234	11.07	2073	2139	0.00	213	0	0	0	nan	0.00	0.00	5.03	85.53	88.93	0.00	37	0	41	0.00	0.00	68.42	7.92	0.00	0.00	2000
228	11.09	2063	2094	0.00	197	0	0	0	nan	0.00	0.02	4.66	84.06	88.91	0.00	38	0	42	0.00	0.00	66.03	7.54	0.00	0.00	2000
232	11.17	2088	2093	0.00	196	0	0	8	84.11	0.00	0.00	4.78	83.83	88.83	0.00	38	0	42	0.00	0.00	63.50	7.16	0.00	0.00	2000
225	10.97	2111	2042	0.46	204	0	0	15	75.41	0.00	0.01	4.64	82.03	89.03	0.00	37	0	42	0.00	0.00	60.56	7.12	0.00	0.00	2000
248	11.13	2153	2169	0.00	228	0	0	0	nan	0.00	0.07	4.95	86.85	88.87	0.00	37	0	41	0.00	0.00	72.31	8.20	0.00	0.00	2000
232	11.23	2061	2109	0.00	198	0	0	0	nan	0.01	0.02	4.54	84.71	88.77	0.00	37	0	42	0.00	0.00	67.59	7.84	0.00	0.00	2000
231	11.19	2065	2102	0.00	198	0	0	0	nan	0.00	0.00	5.70	83.24	88.81	0.00	38	0	42	0.00	0.00	63.05	7.33	0.00	0.00	2000
226	10.72	2149	2058	0.00	202	0	0	0	nan	0.00	0.11	3.34	84.13	89.28	0.00	38	0	41	0.00	0.00	62.23	7.20	0.00	0.00	2000
233	10.65	2150	2132	0.00	196	0	0	0	nan	0.00	0.01	4.47	86.29	89.35	0.00	39	0	42	0.00	0.00	69.72	8.00	0.00	0.00	2000
230	10.99	2093	2099	0.00	200	0	0	0	nan	0.00	0.04	5.24	83.85	89.01	0.00	38	0	42	0.00	0.00	65.37	7.49	0.00	0.00	2000
234	11.14	2088	2108	0.00	197	0	0	0	nan	0.01	0.01	4.51	84.72	88.86	0.00	38	0	42	0.00	0.00	66.06	7.76	0.00	0.00	2000
231	11.21	2072	2085	0.00	198	0	0	0	nan	0.00	0.02	4.08	84.16	88.79	0.00	38	0	41	0.00	0.00	63.54	7.19	0.00	0.00	2000
232	10.92	2120	2099	0.00	211	0	0	0	nan	0.00	0.01	3.82	85.34	89.08	0.00	38	0	42	0.00	0.00	67.17	7.71	0.00	0.00	2000
234	11.21	2062	2123	0.00	198	0	0	0	nan	0.00	0.01	3.07	86.78	88.79	0.00	38	0	42	0.00	0.00	66.86	7.78	0.00	0.00	2000
221	10.86	2086	2051	0.00	195	0	0	0	nan	0.00	0.02	2.32	84.79	89.14	0.00	37	0	42	0.00	0.00	55.07	6.59	0.00	0.00	2000
246	10.92	2186	2161	0.00	264	0	0	0	nan	0.00	0.03	3.67	87.96	89.08	0.00	37	0	42	0.00	0.00	79.98	9.11	0.00	0.00	2000
224	10.72	2089	2102	0.00	194	0	0	0	nan	0.00	0.03	3.34	86.10	89.28	0.00	38	0	42	0.00	0.00	62.73	7.85	0.00	0.00	2000
225	10.32	2177	2099	0.00	195	0	0	0	nan	0.00	0.03	3.55	86.01	89.68	0.00	39	0	42	0.00	0.00	65.96	7.51	0.00	0.00	2000
223	10.34	2154	2100	0.00	194	0	0	0	nan	0.00	0.00	2.71	86.94	89.66	0.00	39	0	41	0.00	0.00	62.22	7.67	0.00	0.00	2000
222	10.80	2054	2101	0.40	194	0	0	10	78.79	0.00	0.01	2.88	86.41	89.20	0.00	39	0	41	0.00	0.00	66.13	7.67	0.00	0.00	2000
222	11.32	2036	2023	0.57	195	0	0	1	83.58	0.00	0.00	2.80	82.66	88.68	0.00	40	0	42	0.00	0.00	61.78	7.55	0.00	0.00	2000
224	10.69	2061	2136	0.00	194	0	0	0	nan	0.00	0.02	3.17	87.76	89.31	0.00	40	0	42	0.00	0.00	71.95	8.79	0.00	0.00	2000
216	10.25	2095	2116	0.00	194	0	0	0	nan	0.00	0.01	2.59	87.84	89.75	0.00	37	0	41	0.00	0.00	64.79	8.10	0.00	0.00	2000
150	8.55	1736	2124	0.00	253	0	0	0	nan	0.00	0.02	4.30	88.12	91.45	0.00	37	0	41	0.00	0.00	61.67	7.53	0.00	0.00	2000
115	7.75	1488	2095	0.00	216	0	0	0	nan	0.00	0.00	7.21	84.77	92.25	0.00	36	0	41	0.00	0.00	60.34	7.54	0.00	0.00	2000
88	7.23	1216	2113	0.00	113	0	0	0	nan	0.00	0.00	7.94	85.39	92.77	0.00	36	0	42	0.00	0.00	56.04	7.09	0.00	0.00	2000
