Avg_MHz	Busy%	Bzy_MHz	TSC_MHz	IPC	IRQ	NMI	SMI	LLCMRPS	LLC%hit	POLL%	C1%	C1E%	C6%	CPU%c1	CPU%c6	CoreTmp	CoreThr	PkgTmp	Pkg%pc2	Pkg%pc6	PkgWatt	RAMWatt	PKG_%	RAM_%	UncMHz
322	15.38	2061	2132	0.00	237	0	0	0	nan	0.00	0.32	41.12	44.47	84.62	0.00	37	0	42	0.00	0.00	63.95	7.60	0.00	0.00	2000
328	15.84	2068	2105	0.00	213	0	0	0	nan	0.01	1.48	19.36	63.71	84.16	0.00	36	0	41	0.00	0.00	70.11	7.89	0.00	0.00	2000
78	6.77	1139	2113	0.00	210	0	0	0	nan	0.00	0.03	4.99	88.80	93.23	0.00	36	0	42	0.00	0.00	58.66	7.43	0.00	0.00	2000
73	6.71	1092	2098	0.00	178	0	0	0	nan	0.00	0.01	3.54	89.65	93.29	0.00	36	0	42	0.00	0.00	60.21	7.67	0.00	0.00	2000
74	6.54	1135	2094	0.00	194	0	0	0	nan	0.00	0.02	2.95	90.09	93.46	0.00	36	0	42	0.00	0.00	59.11	7.43	0.00	0.00	2000
72	6.69	1081	2095	0.00	194	0	0	0	nan	0.00	0.00	2.71	90.31	93.31	0.00	37	0	42	0.00	0.00	57.75	7.23	0.00	0.00	2000
74	6.61	1110	2121	0.00	211	0	0	0	nan	0.00	0.07	3.75	90.65	93.39	0.00	36	0	42	0.00	0.00	59.89	7.60	0.00	0.00	2000
71	6.64	1091	2065	0.00	178	0	0	0	nan	0.00	0.02	2.98	88.84	93.36	0.00	36	0	42	0.00	0.00	59.11	7.38	0.00	0.00	2000
72	6.83	1053	2098	0.00	209	0	0	0	nan	0.00	0.03	3.43	89.66	93.17	0.00	36	0	41	0.00	0.00	58.78	7.56	0.00	0.00	2000
71	6.62	1063	2133	0.00	193	0	0	0	nan	0.00	0.00	2.09	92.75	93.38	0.00	36	0	42	0.00	0.00	61.64	7.85	0.00	0.00	2000
74	6.92	1079	2091	0.00	193	0	0	0	nan	0.00	0.03	2.62	90.10	93.08	0.00	36	0	42	0.00	0.00	59.34	7.37	0.00	0.00	2000
72	6.63	1082	2103	0.00	194	0	0	0	nan	0.00	0.00	2.78	90.66	93.37	0.00	36	0	42	0.00	0.00	58.75	7.23	0.00	0.00	2000
74	6.65	1100	2117	0.00	193	0	0	0	nan	0.00	0.03	2.81	91.32	93.35	0.00	36	0	42	0.00	0.00	60.57	7.59	0.00	0.00	2000
71	6.61	1093	2064	0.00	193	0	0	0	nan	0.00	0.00	2.97	88.73	93.39	0.00	36	0	42	0.00	0.00	55.55	6.85	0.00	0.00	2000
73	6.77	1072	2119	0.00	193	0	0	0	nan	0.00	0.00	3.54	90.47	93.23	0.00	36	0	42	0.00	0.00	62.70	7.78	0.00	0.00	2000
73	6.50	1113	2112	0.00	196	0	0	1	89.13	0.00	0.00	3.05	90.95	93.50	0.00	36	0	42	0.00	0.00	58.34	7.24	0.00	0.00	2000
74	6.50	1155	2077	0.29	197	0	0	2	80.21	0.00	0.01	3.88	88.51	93.50	0.00	36	0	42	0.00	0.00	57.99	7.07	0.00	0.00	2000
73	6.46	1132	2108	0.08	195	0	0	0	nan	0.00	0.00	2.89	91.02	93.54	0.00	36	0	41	0.00	0.00	60.30	7.56	0.00	0.00	2000
171	9.62	1765	2116	0.00	216	0	0	0	nan	0.02	0.00	5.10	85.97	90.38	0.00	38	0	42	0.00	0.00	65.77	7.66	0.00	0.00	2000
229	11.13	2064	2091	0.00	203	0	0	0	nan	0.00	0.02	3.51	85.10	88.87	0.00	39	0	42	0.00	0.00	64.75	7.41	0.00	0.00	2000
229	11.11	2066	2096	0.00	203	0	0	0	nan	0.00	0.02	3.41	85.39	88.89	0.00	39	0	41	0.00	0.00	64.89	7.45	0.00	0.00	2000
229	10.90	2096	2102	0.00	229	0	0	0	nan	0.00	0.03	3.40	85.84	89.10	0.00	40	0	42	0.00	0.00	65.17	7.28	0.00	0.00	2000
233	11.05	2109	2100	0.00	196	0	0	0	nan	0.00	0.55	6.38	82.21	88.95	0.00	38	0	42	0.00	0.00	62.14	7.25	0.00	0.00	2000
235	11.12	2098	2113	0.00	200	0	0	0	nan	0.00	0.00	5.40	84.10	88.89	0.00	38	0	42	0.00	0.00	68.19	8.05	0.00	0.00	2000
231	11.46	2069	2047	0.00	197	0	0	0	nan	0.00	0.00	4.43	81.90	88.54	0.00	37	0	42	0.00	0.00	60.68	7.10	0.00	0.00	2000
232	10.72	2098	2164	0.00	234	0	0	0	nan	0.00	0.04	4.41	87.56	89.28	0.00	37	0	41	0.00	0.00	71.51	8.08	0.00	0.00	2000
229	11.11	2068	2090	0.00	198	0	0	0	nan	0.01	0.02	3.72	84.77	88.89	0.00	36	0	42	0.00	0.00	65.57	7.70	0.00	0.00	2000
232	11.13	2082	2099	0.00	196	0	0	0	nan	0.00	0.05	4.08	84.76	88.87	0.00	37	0	41	0.00	0.00	66.87	7.79	0.00	0.00	2000
230	10.98	2081	2109	0.00	198	0	0	0	nan	0.00	0.01	4.97	84.56	89.02	0.00	37	0	42	0.00	0.00	64.86	7.45	0.00	0.00	2000
243	11.60	2156	2041	0.00	196	0	0	0	nan	0.01	0.02	3.75	82.17	88.40	0.00	37	0	41	0.00	0.00	61.61	7.13	0.00	0.00	2000
233	10.86	2114	2128	0.00	218	0	0	0	nan	0.00	0.00	6.17	84.15	89.14	0.00	38	0	42	0.00	0.00	66.64	7.61	0.00	0.00	2000
228	11.15	2042	2107	0.00	213	0	0	0	nan	0.00	0.00	4.62	84.61	88.85	0.00	38	0	42	0.00	0.00	63.56	7.22	0.00	0.00	2000
229	11.23	2017	2121	0.00	213	0	0	9	94.49	0.00	0.02	5.02	84.81	88.77	0.00	38	0	42	0.00	0.00	65.23	7.83	0.00	0.00	2000
228	11.13	2070	2080	0.63	198	0	0	9	97.42	0.00	0.00	6.05	82.06	88.87	0.00	38	0	42	0.00	0.00	68.41	7.49	0.00	0.00	2000
230	11.15	2078	2087	0.00	202	0	0	0	nan	0.00	0.00	5.38	82.86	88.85	0.00	38	0	42	0.00	0.00	65.77	7.63	0.00	0.00	2000
232	10.92	2105	2119	0.00	201	0	0	0	nan	0.00	0.00	5.43	84.59	89.08	0.00	38	0	42	0.00	0.00	65.31	7.41	0.00	0.00	2000
232	11.15	2079	2100	0.00	218	0	0	0	nan	0.00	0.51	3.73	84.65	88.85	0.00	39	0	42	0.00	0.00	64.67	7.21	0.00	0.00	2000
228	11.01	2054	2119	0.00	198	0	0	0	nan	0.00	0.51	4.09	85.31	88.99	0.00	38	0	42	0.00	0.00	64.76	7.55	0.00	0.00	2000
232	11.11	2101	2089	0.00	201	0	0	0	nan	0.00	0.07	4.18	84.33	88.89	0.00	38	0	42	0.00	0.00	65.47	7.59	0.00	0.00	2000
226	10.61	2152	2081	0.00	198	0	0	0	nan	0.00	0.04	3.84	84.78	89.39	0.00	38	0	42	0.00	0.00	64.64	7.24	0.00	0.00	2000
233	11.01	2105	2113	0.00	211	0	0	0	nan	0.00	0.04	2.12	87.49	88.99	0.00	38	0	41	0.00	0.00	63.58	7.26	0.00	0.00	2000
229	11.18	2030	2115	0.00	198	0	0	0	nan	0.00	0.00	6.23	83.34	88.82	0.00	38	0	41	0.00	0.00	68.42	8.01	0.00	0.00	2000
232	11.48	2029	2094	0.00	200	0	0	0	nan	0.00	0.02	5.82	82.56	88.52	0.00	37	0	41	0.00	0.00	64.55	7.48	0.00	0.00	2000
233	10.94	2117	2115	0.00	199	0	0	0	nan	0.00	0.00	7.33	82.50	89.06	0.00	37	0	41	0.00	0.00	67.06	7.65	0.00	0.00	2000
227	11.02	2085	2080	0.00	196	0	0	0	nan	0.00	0.00	6.96	81.35	88.98	0.00	38	0	41	0.00	0.00	65.67	7.68	0.00	0.00	2000
229	11.13	2052	2107	0.00	198	0	0	0	nan	0.00	0.00	5.95	83.33	88.87	0.00	38	0	41	0.00	0.00	65.29	7.44	0.00	0.00	2000
230	11.09	2084	2093	0.00	199	0	0	0	nan	0.00	0.00	4.91	83.81	88.91	0.00	38	0	42	0.00	0.00	64.26	7.39	0.00	0.00	2000
232	11.13	2076	2109	0.00	199	0	0	0	nan	0.00	0.02	5.24	84.09	88.87	0.00	38	0	41	0.00	0.00	66.83	7.99	0.00	0.00	2000
229	11.27	2060	2068	0.00	203	0	0	0	nan	0.00	0.05	4.98	82.48	88.73	0.00	38	0	42	0.00	0.00	63.09	7.32	0.00	0.00	2000
234	11.20	2061	2127	0.02	195	0	0	8	73.85	0.00	0.06	4.05	85.94	88.80	0.00	38	0	42	0.00	0.00	65.49	7.62	0.00	0.00	2000
233	10.96	2117	2111	0.85	198	0	0	5	74.38	0.01	0.03	3.18	86.39	89.04	0.00	38	0	42	0.00	0.00	66.38	7.61	0.00	0.00	2000
226	11.17	2066	2057	0.00	198	0	0	0	nan	0.00	0.82	4.44	81.88	88.83	0.00	37	0	42	0.00	0.00	59.33	6.85	0.00	0.00	2000
341	17.83	2231	1798	0.00	243	0	0	0	nan	0.04	0.17	4.09	66.15	82.17	0.00	38	0	42	0.00	0.00	56.69	6.63	0.00	0.00	2000
229	9.99	1906	2525	0.00	296	0	0	0	nan	0.00	0.03	9.52	98.85	90.01	0.00	39	0	42	0.00	0.00	89.66	10.33	0.00	0.00	2000
110	7.45	1477	2099	0.00	220	0	0	0	nan	0.07	0.78	8.93	82.79	92.55	0.00	36	0	42	0.00	0.00	60.55	7.59	0.00	0.00	2000
88	7.48	1195	2070	0.00	129	0	0	0	nan	0.00	0.00	5.15	85.93	92.52	0.00	36	0	42	0.00	0.00	55.26	6.91	0.00	0.00	2000
