Avg_MHz	Busy%	Bzy_MHz	TSC_MHz	IPC	IRQ	NMI	SMI	LLCMRPS	LLC%hit	POLL%	C1%	C1E%	C6%	CPU%c1	CPU%c6	CoreTmp	CoreThr	PkgTmp	Pkg%pc2	Pkg%pc6	PkgWatt	RAMWatt	PKG_%	RAM_%	UncMHz
311	15.85	1924	2145	0.00	238	0	0	0	nan	0.00	0.72	34.34	51.04	84.15	0.00	37	0	42	0.00	0.00	64.45	7.55	0.00	0.00	2000
307	15.27	2020	2090	0.00	211	0	0	0	nan	0.06	1.39	16.65	66.51	84.73	0.00	37	0	42	0.00	0.00	66.51	7.69	0.00	0.00	2000
76	6.75	1114	2131	0.00	210	0	0	0	nan	0.00	0.00	6.47	88.15	93.25	0.00	37	0	42	0.00	0.00	62.08	7.70	0.00	0.00	2000
73	6.84	1068	2097	0.00	195	0	0	0	nan	0.00	0.00	3.72	89.40	93.16	0.00	36	0	42	0.00	0.00	58.52	7.47	0.00	0.00	2000
71	6.83	1058	2076	0.00	194	0	0	0	nan	0.00	0.00	3.64	88.56	93.17	0.00	37	0	42	0.00	0.00	56.09	7.15	0.00	0.00	2000
73	6.76	1064	2125	0.00	193	0	0	0	nan	0.00	0.02	2.30	92.04	93.24	0.00	36	0	42	0.00	0.00	58.32	7.41	0.00	0.00	2000
73	6.80	1080	2089	0.00	210	0	0	0	nan	0.00	0.01	2.68	90.08	93.20	0.00	36	0	42	0.00	0.00	58.42	7.31	0.00	0.00	2000
71	6.70	1061	2086	0.00	195	0	0	0	nan	0.00	0.00	3.27	89.41	93.30	0.00	37	0	43	0.00	0.00	60.41	7.67	0.00	0.00	2000
72	7.16	1006	2108	0.00	193	0	0	0	nan	0.00	0.00	4.41	88.82	92.84	0.00	37	0	42	0.00	0.00	59.76	7.71	0.00	0.00	2000
71	6.91	1035	2087	0.00	193	0	0	0	nan	0.00	0.02	2.37	90.25	93.09	0.00	37	0	42	0.00	0.00	58.41	7.67	0.00	0.00	2000
73	6.54	1112	2118	0.00	194	0	0	0	nan	0.00	0.02	2.32	91.95	93.46	0.00	37	0	42	0.00	0.00	58.49	7.67	0.00	0.00	2000
73	6.60	1099	2103	0.00	195	0	0	0	nan	0.00	0.01	2.67	90.89	93.40	0.00	37	0	42	0.00	0.00	59.65	7.63	0.00	0.00	2000
74	6.75	1102	2095	0.00	197	0	0	0	nan	0.01	0.00	3.42	89.52	93.25	0.00	36	0	42	0.00	0.00	58.14	7.34	0.00	0.00	2000
74	6.80	1089	2093	0.00	218	0	0	0	nan	0.00	0.02	3.47	89.31	93.20	0.00	37	0	42	0.00	0.00	58.38	7.42	0.00	0.00	2000
71	6.96	1018	2094	0.00	201	0	0	0	nan	0.00	0.00	4.89	87.99	93.04	0.00	37	0	42	0.00	0.00	59.52	7.63	0.00	0.00	2000
73	6.91	1050	2125	0.00	194	0	0	1	88.71	0.00	0.02	3.13	91.19	93.09	0.00	36	0	42	0.00	0.00	62.50	7.76	0.00	0.00	2000
74	6.75	1090	2105	0.13	193	0	0	2	86.18	0.00	0.00	3.04	90.49	93.25	0.00	37	0	42	0.00	0.00	59.54	7.52	0.00	0.00	2000
70	6.72	1061	2068	0.00	193	0	0	0	nan	0.00	0.00	3.56	88.42	93.28	0.00	37	0	42	0.00	0.00	57.25	7.21	0.00	0.00	2000
200	10.46	1897	2115	0.00	213	0	0	0	nan	0.00	0.00	3.53	86.68	89.54	0.00	38	0	42	0.00	0.00	62.35	7.27	0.00	0.00	2000
234	11.19	2076	2120	0.00	231	0	0	0	nan	0.00	0.00	4.06	85.63	88.81	0.00	40	0	42	0.00	0.00	63.89	7.63	0.00	0.00	2000
229	10.64	2156	2098	0.00	202	0	0	0	nan	0.00	0.02	3.54	85.68	89.36	0.00	40	0	43	0.00	0.00	64.77	7.49	0.00	0.00	2000
229	10.99	2082	2099	0.00	202	0	0	0	nan	0.00	0.00	4.02	85.03	89.01	0.00	40	0	42	0.00	0.00	64.63	7.52	0.00	0.00	2000
236	11.41	2068	2102	0.00	195	0	0	0	nan	0.01	0.00	5.85	82.97	88.59	0.00	38	0	42	0.00	0.00	65.70	7.70	0.00	0.00	2000
229	11.05	2107	2070	0.00	196	0	0	0	nan	0.00	0.00	5.69	82.09	88.95	0.00	37	0	42	0.00	0.00	66.41	7.97	0.00	0.00	2000
233	11.01	2111	2110	0.00	201	0	0	0	nan	0.00	0.04	6.43	83.04	88.99	0.00	37	0	42	0.00	0.00	68.85	7.95	0.00	0.00	2000
232	10.97	2099	2111	0.00	195	0	0	0	nan	0.00	0.01	2.92	86.60	89.03	0.00	38	0	42	0.00	0.00	66.94	7.53	0.00	0.00	2000
231	11.34	2036	2099	0.00	200	0	0	0	nan	0.00	0.00	4.80	83.98	88.66	0.00	38	0	42	0.00	0.00	62.77	7.76	0.00	0.00	2000
229	11.40	2005	2106	0.00	200	0	0	0	nan	0.00	0.02	6.20	82.73	88.60	0.00	39	0	42	0.00	0.00	67.86	7.70	0.00	0.00	2000
241	11.98	2012	2097	0.00	207	0	0	0	nan	0.01	0.43	7.51	80.11	88.02	0.00	38	0	42	0.00	0.00	64.27	7.34	0.00	0.00	2000
226	11.48	2030	2035	0.00	209	0	0	0	nan	0.00	0.00	4.66	81.19	88.52	0.00	39	0	42	0.00	0.00	62.25	6.97	0.00	0.00	2000
229	11.19	2020	2129	0.00	212	0	0	0	nan	0.00	0.02	4.32	85.77	88.81	0.00	39	0	42	0.00	0.00	64.67	7.67	0.00	0.00	2000
234	11.11	2069	2133	0.00	200	0	0	0	nan	0.00	0.02	4.67	85.76	88.89	0.00	39	0	42	0.00	0.00	65.61	7.57	0.00	0.00	2000
230	11.01	2092	2098	0.00	204	0	0	2	87.33	0.00	0.00	6.26	82.80	88.99	0.00	39	0	42	0.00	0.00	65.13	7.55	0.00	0.00	2000
229	11.08	2120	2046	0.50	199	0	0	19	85.98	0.00	0.00	6.19	80.57	88.92	0.00	39	0	42	0.00	0.00	64.32	7.50	0.00	0.00	2000
237	11.11	2077	2158	0.00	232	0	0	0	nan	0.00	0.00	7.00	84.43	88.89	0.00	37	0	42	0.00	0.00	69.14	7.98	0.00	0.00	2000
225	10.78	2076	2111	0.00	198	0	0	0	nan	0.00	0.00	5.65	84.10	89.22	0.00	38	0	42	0.00	0.00	61.50	7.01	0.00	0.00	2000
222	10.71	2073	2101	0.00	196	0	0	0	nan	0.00	0.00	7.05	82.42	89.29	0.00	39	0	42	0.00	0.00	66.36	7.62	0.00	0.00	2000
221	10.63	2090	2094	0.00	179	0	0	0	nan	0.00	0.57	2.58	86.13	89.37	0.00	39	0	42	0.00	0.00	65.79	7.46	0.00	0.00	2000
223	11.13	2005	2101	0.00	214	0	0	0	nan	0.00	0.04	3.41	85.61	88.87	0.00	39	0	42	0.00	0.00	66.39	7.67	0.00	0.00	2000
221	10.88	2024	2103	0.00	196	0	0	0	nan	0.00	0.00	7.70	81.65	89.12	0.00	39	0	42	0.00	0.00	62.10	7.21	0.00	0.00	2000
225	11.06	2040	2095	0.00	197	0	0	0	nan	0.00	0.00	6.17	82.65	88.94	0.00	39	0	42	0.00	0.00	68.41	7.80	0.00	0.00	2000
224	10.82	2072	2102	0.00	196	0	0	0	nan	0.00	0.90	6.13	82.39	89.18	0.00	38	0	42	0.00	0.00	63.28	7.54	0.00	0.00	2000
223	10.80	2066	2100	0.00	197	0	0	0	nan	0.00	0.00	5.04	84.26	89.20	0.00	38	0	42	0.00	0.00	67.84	7.86	0.00	0.00	2000
225	11.03	2044	2097	0.00	199	0	0	0	nan	0.00	0.02	6.44	82.50	88.97	0.00	39	0	42	0.00	0.00	65.09	7.56	0.00	0.00	2000
222	10.98	2020	2103	0.00	195	0	0	0	nan	0.00	0.00	7.41	81.83	89.02	0.00	38	0	42	0.00	0.00	65.35	7.52	0.00	0.00	2000
220	11.04	2039	2054	0.00	195	0	0	0	nan	0.00	0.00	7.38	79.73	88.96	0.00	39	0	42	0.00	0.00	63.88	7.52	0.00	0.00	2000
224	10.89	2036	2126	0.00	203	0	0	0	nan	0.00	0.00	6.77	83.60	89.11	0.00	37	0	42	0.00	0.00	63.63	7.54	0.00	0.00	2000
233	11.35	2034	2122	0.00	213	0	0	0	nan	0.00	0.00	7.68	82.03	88.65	0.00	37	0	42	0.00	0.00	65.78	7.70	0.00	0.00	2000
236	11.74	2010	2100	0.00	199	0	0	0	nan	0.00	0.00	6.16	82.23	88.26	0.00	36	0	42	0.00	0.00	65.51	7.67	0.00	0.00	2000
230	10.96	2100	2100	0.00	179	0	0	3	78.24	0.00	0.52	8.52	80.05	89.04	0.00	37	0	42	0.00	0.00	66.66	7.71	0.00	0.00	2000
234	11.18	2082	2108	0.91	196	0	0	9	80.15	0.00	2.17	3.48	83.74	88.82	0.00	37	0	42	0.00	0.00	66.97	7.93	0.00	0.00	2000
230	11.15	2132	2037	0.00	196	0	0	0	nan	0.00	0.44	5.55	80.27	88.85	0.00	37	0	42	0.00	0.00	60.88	6.85	0.00	0.00	2000
234	11.41	2012	2145	0.00	214	0	0	0	nan	0.00	0.00	9.22	81.42	88.59	0.00	37	0	42	0.00	0.00	69.54	9.18	0.00	0.00	2000
225	11.14	2033	2086	0.00	199	0	0	0	nan	0.00	0.00	8.03	80.30	88.86	0.00	37	0	42	0.00	0.00	65.55	7.88	0.00	0.00	2000
227	11.38	1972	2119	0.00	231	0	0	0	nan	0.00	0.78	11.62	77.17	88.62	0.00	37	0	42	0.00	0.00	65.41	7.75	0.00	0.00	2000
78	7.03	1108	2099	0.00	193	0	0	0	nan	0.00	0.00	8.74	84.12	92.97	0.00	37	0	42	0.00	0.00	59.81	7.52	0.00	0.00	2000
82	7.10	1148	2118	0.00	162	0	0	0	nan	0.00	0.00	5.20	88.57	92.90	0.00	37	0	42	0.00	0.00	60.15	7.53	0.00	0.00	2000
