Avg_MHz	Busy%	Bzy_MHz	TSC_MHz	IPC	IRQ	NMI	SMI	LLCMRPS	LLC%hit	POLL%	C1%	C1E%	C6%	CPU%c1	CPU%c6	CoreTmp	CoreThr	PkgTmp	Pkg%pc2	Pkg%pc6	PkgWatt	RAMWatt	PKG_%	RAM_%	UncMHz
333	16.41	2007	2124	0.00	225	0	0	0	nan	0.00	0.38	39.39	44.93	83.59	0.00	38	0	42	0.00	0.00	67.66	7.73	0.00	0.00	2000
300	15.35	1959	2096	0.00	208	0	0	0	nan	0.04	1.01	18.21	65.36	84.65	0.00	37	0	42	0.00	0.00	61.65	6.96	0.00	0.00	2000
78	6.77	1131	2138	0.00	210	0	0	0	nan	0.00	0.03	5.84	89.04	93.23	0.00	37	0	42	0.00	0.00	65.36	7.98	0.00	0.00	2000
72	6.58	1106	2084	0.00	178	0	0	0	nan	0.00	0.01	2.81	90.01	93.42	0.00	36	0	42	0.00	0.00	58.77	7.49	0.00	0.00	2000
72	6.84	1045	2115	0.00	209	0	0	0	nan	0.00	0.00	3.66	90.20	93.16	0.00	37	0	42	0.00	0.00	58.17	7.27	0.00	0.00	2000
70	6.58	1082	2072	0.00	193	0	0	0	nan	0.00	0.00	3.52	88.64	93.42	0.00	37	0	42	0.00	0.00	58.03	7.26	0.00	0.00	2000
74	6.59	1111	2117	0.00	195	0	0	0	nan	0.00	0.00	1.46	92.58	93.41	0.00	36	0	42	0.00	0.00	62.24	7.86	0.00	0.00	2000
72	6.14	1173	2101	0.00	193	0	0	0	nan	0.00	0.02	2.94	90.86	93.86	0.00	36	0	42	0.00	0.00	55.72	7.11	0.00	0.00	2000
74	6.60	1113	2108	0.00	194	0	0	0	nan	0.00	0.02	2.31	91.45	93.40	0.00	36	0	42	0.00	0.00	63.45	8.05	0.00	0.00	2000
72	6.71	1087	2078	0.00	194	0	0	0	nan	0.00	0.01	2.11	90.10	93.29	0.00	36	0	42	0.00	0.00	58.53	7.22	0.00	0.00	2000
73	7.03	1029	2124	0.00	210	0	0	0	nan	0.00	0.00	3.74	90.31	92.97	0.00	36	0	42	0.00	0.00	58.11	7.29	0.00	0.00	2000
73	6.41	1145	2088	0.00	194	0	0	0	nan	0.00	0.02	3.14	89.87	93.59	0.00	37	0	42	0.00	0.00	60.21	7.49	0.00	0.00	2000
71	6.34	1126	2074	0.00	193	0	0	0	nan	0.00	0.03	3.80	88.61	93.66	0.00	37	0	42	0.00	0.00	57.20	7.23	0.00	0.00	2000
74	6.82	1061	2144	0.00	193	0	0	0	nan	0.00	0.00	2.12	92.96	93.18	0.00	36	0	42	0.00	0.00	59.29	7.45	0.00	0.00	2000
73	6.56	1113	2089	0.00	195	0	0	0	nan	0.00	0.02	3.65	89.37	93.44	0.00	36	0	42	0.00	0.00	59.96	7.32	0.00	0.00	2000
72	6.48	1111	2097	0.00	197	0	0	0	89.91	0.00	0.00	4.24	89.14	93.52	0.00	36	0	42	0.00	0.00	60.33	7.53	0.00	0.00	2000
74	6.58	1118	2106	0.30	193	0	0	1	87.67	0.00	0.00	2.95	90.69	93.42	0.00	36	0	42	0.00	0.00	59.99	7.35	0.00	0.00	2000
73	6.56	1115	2097	0.00	194	0	0	0	nan	0.00	0.02	3.86	89.55	93.44	0.00	36	0	42	0.00	0.00	59.71	7.43	0.00	0.00	2000
194	9.82	1970	2102	0.00	218	0	0	0	nan	0.00	0.02	4.96	85.26	90.18	0.00	38	0	42	0.00	0.00	60.73	7.08	0.00	0.00	2000
231	10.85	2135	2094	0.00	208	0	0	0	nan	0.00	0.05	3.66	85.28	89.15	0.00	39	0	42	0.00	0.00	62.90	7.31	0.00	0.00	2000
230	11.03	2099	2091	0.00	205	0	0	0	nan	0.00	0.02	3.57	85.12	88.97	0.00	39	0	42	0.00	0.00	67.10	7.37	0.00	0.00	2000
232	10.89	2118	2113	0.00	203	0	0	0	nan	0.01	0.00	3.13	86.56	89.11	0.00	40	0	42	0.00	0.00	66.13	7.43	0.00	0.00	2000
243	11.55	2106	2102	0.00	200	0	0	0	nan	0.00	0.00	7.81	80.84	88.45	0.00	38	0	42	0.00	0.00	67.68	7.92	0.00	0.00	2000
226	10.93	2098	2071	0.00	198	0	0	0	nan	0.00	0.03	5.65	82.31	89.07	0.00	37	0	42	0.00	0.00	66.58	7.76	0.00	0.00	2000
234	11.68	2028	2074	0.00	194	0	0	0	nan	0.00	0.00	4.83	82.51	88.32	0.00	37	0	42	0.00	0.00	63.42	7.26	0.00	0.00	2000
231	10.92	2067	2146	0.00	216	0	0	0	nan	0.00	0.00	5.78	85.32	89.08	0.00	37	0	42	0.00	0.00	70.52	8.24	0.00	0.00	2000
231	11.21	2066	2096	0.00	198	0	0	0	nan	0.00	0.00	5.83	82.89	88.79	0.00	37	0	42	0.00	0.00	66.69	7.78	0.00	0.00	2000
232	10.78	2140	2115	0.00	197	0	0	0	nan	0.00	0.02	6.02	83.92	89.22	0.00	37	0	42	0.00	0.00	66.68	7.58	0.00	0.00	2000
228	11.05	2078	2084	0.00	198	0	0	0	nan	0.00	0.00	5.77	82.59	88.95	0.00	37	0	42	0.00	0.00	64.25	7.25	0.00	0.00	2000
229	11.28	2053	2073	0.00	196	0	0	0	nan	0.00	0.02	3.80	83.85	88.72	0.00	38	0	42	0.00	0.00	63.10	7.08	0.00	0.00	2000
229	11.10	2074	2092	0.00	199	0	0	0	nan	0.00	0.04	4.67	83.95	88.90	0.00	38	0	42	0.00	0.00	64.35	7.29	0.00	0.00	2000
228	10.81	2106	2107	0.00	214	0	0	0	nan	0.01	0.02	4.92	84.59	89.19	0.00	38	0	42	0.00	0.00	67.00	7.68	0.00	0.00	2000
235	10.96	2106	2141	0.00	213	0	0	1	76.70	0.00	0.03	4.07	86.79	89.04	0.00	38	0	42	0.00	0.00	65.20	7.34	0.00	0.00	2000
231	11.45	2071	2047	0.53	182	0	0	15	45.33	0.00	0.95	5.11	80.37	88.55	0.00	37	0	42	0.00	0.00	64.68	7.40	0.00	0.00	2000
234	11.31	2059	2111	0.00	213	0	0	0	nan	0.01	0.00	4.70	84.40	88.69	0.00	37	0	42	0.00	0.00	66.78	7.66	0.00	0.00	2000
226	10.71	2092	2119	0.00	222	0	0	0	nan	0.00	0.02	6.06	84.14	89.29	0.00	37	0	42	0.00	0.00	65.96	7.54	0.00	0.00	2000
240	11.47	2073	2120	0.00	270	0	0	0	nan	0.00	0.00	4.69	84.77	88.53	0.00	38	0	42	0.00	0.00	70.56	8.39	0.00	0.00	2000
232	11.32	2041	2106	0.00	211	0	0	0	nan	0.00	0.00	3.62	85.40	88.68	0.00	39	0	42	0.00	0.00	65.79	7.79	0.00	0.00	2000
233	11.06	2114	2098	0.00	203	0	0	0	nan	0.00	0.01	4.71	84.20	88.94	0.00	39	0	42	0.00	0.00	63.57	7.47	0.00	0.00	2000
230	11.18	2057	2097	0.00	204	0	0	0	nan	0.00	0.00	3.74	85.06	88.82	0.00	40	0	42	0.00	0.00	65.74	7.78	0.00	0.00	2000
230	11.14	2072	2092	0.00	203	0	0	0	nan	0.00	0.00	3.52	85.08	88.86	0.00	40	0	42	0.00	0.00	62.48	7.56	0.00	0.00	2000
234	11.16	2087	2111	0.00	203	0	0	0	nan	0.00	0.00	4.65	84.81	88.84	0.00	40	0	42	0.00	0.00	66.27	7.87	0.00	0.00	2000
231	10.96	2111	2099	0.00	211	0	0	0	nan	0.00	0.01	3.56	85.46	89.04	0.00	40	0	42	0.00	0.00	68.50	8.00	0.00	0.00	2000
227	11.11	2057	2089	0.00	205	0	0	0	nan	0.00	0.00	3.45	85.09	88.89	0.00	40	0	42	0.00	0.00	63.04	7.33	0.00	0.00	2000
231	11.20	2042	2118	0.00	203	0	0	0	nan	0.00	0.00	3.78	85.86	88.80	0.00	41	0	42	0.00	0.00	69.49	7.96	0.00	0.00	2000
226	11.10	2042	2098	0.00	203	0	0	0	nan	0.00	0.02	3.57	85.37	88.90	0.00	41	0	42	0.00	0.00	65.27	7.32	0.00	0.00	2000
229	11.37	2023	2094	0.00	202	0	0	0	nan	0.00	0.02	3.74	84.79	88.63	0.00	40	0	42	0.00	0.00	63.12	7.22	0.00	0.00	2000
230	10.82	2125	2104	0.00	213	0	0	0	nan	0.00	0.02	3.67	85.79	89.18	0.00	40	0	42	0.00	0.00	63.42	7.22	0.00	0.00	2000
229	11.09	2060	2102	0.00	203	0	0	0	nan	0.00	0.00	3.46	85.53	88.91	0.00	40	0	42	0.00	0.00	69.96	8.15	0.00	0.00	2000
223	10.92	2066	2076	0.17	206	0	0	2	93.21	0.00	0.00	3.33	84.87	89.08	0.00	40	0	42	0.00	0.00	61.99	7.11	0.00	0.00	2000
229	11.02	2065	2117	0.53	203	0	0	4	95.18	0.00	0.02	2.86	86.91	88.98	0.00	41	0	42	0.00	0.00	67.75	7.62	0.00	0.00	2000
229	11.06	2079	2088	0.00	220	0	0	0	nan	0.00	0.00	3.05	85.46	88.94	0.00	41	0	42	0.00	0.00	65.40	7.43	0.00	0.00	2000
227	10.83	2103	2094	0.00	210	0	0	0	nan	0.00	0.00	2.22	86.73	89.17	0.00	40	0	42	0.00	0.00	63.51	7.06	0.00	0.00	2000
228	10.69	2130	2108	0.00	203	0	0	0	nan	0.00	0.01	3.16	86.56	89.31	0.00	40	0	42	0.00	0.00	66.09	7.42	0.00	0.00	2000
229	10.80	2117	2105	0.00	220	0	0	0	nan	0.00	0.00	3.22	86.26	89.20	0.00	41	0	42	0.00	0.00	64.46	7.33	0.00	0.00	2000
234	11.54	2034	2096	0.00	206	0	0	0	nan	0.00	0.02	3.66	84.71	88.46	0.00	40	0	42	0.00	0.00	68.15	7.49	0.00	0.00	2000
231	11.25	2062	2096	0.00	213	0	0	0	nan	0.00	0.00	1.88	86.76	88.75	0.00	40	0	42	0.00	0.00	63.34	7.25	0.00	0.00	2000
226	11.05	2060	2085	0.00	203	0	0	0	nan	0.00	0.00	3.13	85.28	88.95	0.00	40	0	42	0.00	0.00	64.94	7.40	0.00	0.00	2000
233	11.06	2079	2128	0.00	203	0	0	0	nan	0.00	0.02	4.18	85.97	88.94	0.00	40	0	42	0.00	0.00	66.91	7.99	0.00	0.00	2000
225	11.11	2051	2073	0.00	201	0	0	0	nan	0.00	0.00	3.20	84.63	88.89	0.00	41	0	42	0.00	0.00	65.00	7.56	0.00	0.00	2000
236	11.11	2102	2125	0.00	207	0	0	0	nan	0.00	0.00	4.27	85.74	88.89	0.00	41	0	42	0.00	0.00	66.47	7.80	0.00	0.00	2000
230	11.09	2076	2101	0.00	214	0	0	0	nan	0.00	0.01	3.48	85.53	88.91	0.00	41	0	42	0.00	0.00	65.89	7.44	0.00	0.00	2000
226	10.91	2085	2084	0.00	203	0	0	0	nan	0.00	0.00	3.02	85.54	89.09	0.00	40	0	42	0.00	0.00	64.66	7.33	0.00	0.00	2000
228	10.91	2081	2106	0.00	204	0	0	0	nan	0.00	0.06	3.51	85.88	89.09	0.00	41	0	42	0.00	0.00	65.55	7.56	0.00	0.00	2000
228	10.80	2122	2090	0.00	203	0	0	0	nan	0.00	0.00	3.03	85.81	89.20	0.00	41	0	42	0.00	0.00	64.98	7.54	0.00	0.00	2000
228	11.01	2068	2104	0.00	220	0	0	0	nan	0.00	0.00	3.86	85.39	88.99	0.00	41	0	42	0.00	0.00	65.47	7.62	0.00	0.00	2000
231	10.86	2110	2117	0.52	210	0	0	2	82.77	0.00	0.01	3.63	86.26	89.14	0.00	41	0	42	0.00	0.00	66.22	7.54	0.00	0.00	2000
225	11.20	2039	2074	0.74	203	0	0	2	90.74	0.00	0.01	3.07	84.76	88.80	0.00	41	0	42	0.00	0.00	63.97	7.26	0.00	0.00	2000
228	10.95	2077	2107	0.00	202	0	0	0	nan	0.00	0.00	3.61	85.83	89.05	0.00	41	0	42	0.00	0.00	65.74	7.47	0.00	0.00	2000
227	11.08	2044	2106	0.00	236	0	0	0	nan	0.00	0.01	3.23	86.05	88.92	0.00	41	0	42	0.00	0.00	65.20	7.66	0.00	0.00	2000
233	11.41	2048	2092	0.00	230	0	0	0	nan	0.00	0.00	5.89	82.48	88.59	0.00	41	0	42	0.00	0.00	65.08	7.51	0.00	0.00	2000
226	11.06	2042	2105	0.00	221	0	0	0	nan	0.00	0.02	3.94	85.35	88.94	0.00	41	0	42	0.00	0.00	65.27	7.40	0.00	0.00	2000
229	11.03	2062	2110	0.00	216	0	0	0	nan	0.00	0.02	4.03	85.38	88.97	0.00	41	0	42	0.00	0.00	65.64	7.56	0.00	0.00	2000
229	10.88	2084	2116	0.00	204	0	0	0	nan	0.00	0.00	3.08	86.85	89.12	0.00	41	0	42	0.00	0.00	65.65	7.46	0.00	0.00	2000
227	10.93	2102	2078	0.00	212	0	0	0	nan	0.00	0.00	3.56	84.72	89.07	0.00	41	0	42	0.00	0.00	63.81	7.37	0.00	0.00	2000
230	10.78	2117	2113	0.00	206	0	0	0	nan	0.00	0.03	4.62	85.22	89.22	0.00	41	0	42	0.00	0.00	65.78	7.45	0.00	0.00	2000
225	10.80	2110	2077	0.00	204	0	0	0	nan	0.00	0.02	3.03	85.27	89.20	0.00	41	0	42	0.00	0.00	64.22	7.47	0.00	0.00	2000
227	10.68	2118	2109	0.00	219	0	0	0	nan	0.00	0.02	3.21	86.47	89.32	0.00	41	0	42	0.00	0.00	65.43	7.46	0.00	0.00	2000
227	11.29	2023	2087	0.00	219	0	0	0	nan	0.00	0.00	2.74	85.50	88.71	0.00	41	0	42	0.00	0.00	62.16	7.04	0.00	0.00	2000
230	11.32	2008	2122	0.00	213	0	0	0	nan	0.00	0.00	3.95	85.73	88.68	0.00	41	0	42	0.00	0.00	64.35	7.46	0.00	0.00	2000
227	11.07	2064	2087	0.00	201	0	0	0	nan	0.00	0.00	2.54	85.88	88.93	0.00	41	0	42	0.00	0.00	68.70	8.07	0.00	0.00	2000
229	10.90	2089	2117	0.00	203	0	0	0	nan	0.00	0.01	3.62	86.21	89.10	0.00	40	0	42	0.00	0.00	66.40	7.55	0.00	0.00	2000
226	11.14	2044	2083	0.00	202	0	0	0	nan	0.00	0.01	3.04	85.24	88.86	0.00	41	0	42	0.00	0.00	64.23	7.40	0.00	0.00	2000
232	11.23	2051	2115	0.87	203	0	0	1	74.21	0.00	0.00	4.06	85.45	88.77	0.00	41	0	42	0.00	0.00	66.45	7.59	0.00	0.00	2000
226	10.94	2070	2096	0.16	211	0	0	0	nan	0.00	0.00	2.69	86.34	89.06	0.00	41	0	42	0.00	0.00	65.29	7.38	0.00	0.00	2000
229	11.19	2031	2118	0.00	216	0	0	0	nan	0.00	0.00	2.92	86.80	88.81	0.00	41	0	42	0.00	0.00	63.63	7.12	0.00	0.00	2000
225	11.07	2055	2079	0.00	204	0	0	0	nan	0.00	0.00	3.20	84.86	88.93	0.00	41	0	42	0.00	0.00	63.74	7.64	0.00	0.00	2000
228	11.05	2055	2109	0.00	203	0	0	0	nan	0.00	0.02	2.78	86.64	88.95	0.00	41	0	42	0.00	0.00	66.25	7.15	0.00	0.00	2000
230	10.69	2158	2092	0.00	204	0	0	0	nan	0.00	0.02	4.16	84.89	89.31	0.00	41	0	42	0.00	0.00	66.30	7.43	0.00	0.00	2000
227	11.02	2068	2093	0.00	220	0	0	0	nan	0.00	0.02	3.48	85.31	88.98	0.00	41	0	42	0.00	0.00	64.00	7.22	0.00	0.00	2000
232	11.39	2009	2127	0.00	211	0	0	0	nan	0.00	0.00	5.63	84.25	88.61	0.00	41	0	42	0.00	0.00	68.31	7.56	0.00	0.00	2000
226	10.72	2118	2093	0.00	202	0	0	0	nan	0.00	0.00	4.20	84.85	89.28	0.00	41	0	42	0.00	0.00	63.21	7.22	0.00	0.00	2000
225	11.07	2057	2076	0.00	203	0	0	0	nan	0.00	0.00	3.91	84.03	88.93	0.00	41	0	42	0.00	0.00	64.21	7.14	0.00	0.00	2000
234	11.34	2032	2135	0.00	204	0	0	0	nan	0.01	0.00	4.16	86.08	88.66	0.00	41	0	42	0.00	0.00	66.54	7.68	0.00	0.00	2000
224	10.78	2104	2070	0.00	213	0	0	0	nan	0.00	0.00	3.69	84.36	89.22	0.00	41	0	42	0.00	0.00	64.22	7.25	0.00	0.00	2000
230	11.05	2063	2117	0.00	205	0	0	0	nan	0.00	0.00	4.22	85.49	88.95	0.00	41	0	42	0.00	0.00	65.69	7.52	0.00	0.00	2000
228	10.73	2124	2105	0.00	206	0	0	0	nan	0.00	0.00	4.31	85.25	89.27	0.00	41	0	42	0.00	0.00	62.42	7.20	0.00	0.00	2000
227	10.95	2070	2105	0.00	203	0	0	0	nan	0.00	0.00	3.50	85.83	89.05	0.00	40	0	42	0.00	0.00	65.34	7.34	0.00	0.00	2000
231	11.05	2096	2095	0.00	203	0	0	0	nan	0.00	0.00	3.90	84.95	88.95	0.00	41	0	42	0.00	0.00	66.25	7.62	0.00	0.00	2000
227	11.05	2056	2102	0.00	212	0	0	0	nan	0.00	0.00	3.25	85.89	88.95	0.00	41	0	42	0.00	0.00	65.66	7.42	0.00	0.00	2000
224	11.25	2021	2072	0.60	204	0	0	5	84.82	0.00	0.00	3.79	83.93	88.75	0.00	41	0	42	0.00	0.00	65.26	7.51	0.00	0.00	2000
229	10.94	2086	2110	0.24	202	0	0	0	nan	0.00	0.01	3.46	86.06	89.06	0.00	41	0	42	0.00	0.00	66.26	7.61	0.00	0.00	2000
245	11.74	2083	2106	0.00	270	0	0	0	nan	0.00	0.96	6.79	80.98	88.26	0.00	41	0	42	0.00	0.00	67.38	8.30	0.00	0.00	2000
231	10.88	2111	2108	0.00	203	0	0	0	nan	0.00	0.00	4.20	85.35	89.12	0.00	41	0	42	0.00	0.00	61.29	7.44	0.00	0.00	2000
237	11.42	2064	2110	0.00	215	0	0	0	nan	0.00	0.01	4.24	84.82	88.58	0.00	41	0	42	0.00	0.00	69.60	7.82	0.00	0.00	2000
227	10.68	2132	2092	0.00	203	0	0	0	nan	0.00	0.00	3.78	85.34	89.32	0.00	42	0	42	0.00	0.00	65.89	7.57	0.00	0.00	2000
224	10.81	2091	2077	0.00	202	0	0	0	nan	0.00	0.02	3.09	85.22	89.19	0.00	42	0	42	0.00	0.00	65.78	7.51	0.00	0.00	2000
230	11.03	2053	2129	0.00	236	0	0	0	nan	0.00	0.01	3.20	87.02	88.97	0.00	42	0	42	0.00	0.00	68.31	7.96	0.00	0.00	2000
232	11.13	2080	2103	0.00	214	0	0	0	nan	0.00	0.00	3.79	85.19	88.87	0.00	42	0	42	0.00	0.00	66.61	7.78	0.00	0.00	2000
228	11.01	2070	2101	0.00	199	0	0	0	nan	0.00	0.02	3.55	85.50	88.99	0.00	42	0	42	0.00	0.00	66.94	7.64	0.00	0.00	2000
224	11.06	2058	2069	0.00	204	0	0	0	nan	0.00	0.00	3.20	84.55	88.94	0.00	42	0	42	0.00	0.00	65.30	7.38	0.00	0.00	2000
226	10.89	2075	2098	0.00	219	0	0	0	nan	0.00	0.00	3.57	85.54	89.11	0.00	42	0	42	0.00	0.00	67.18	7.64	0.00	0.00	2000
228	10.84	2107	2097	0.00	203	0	0	0	nan	0.00	0.02	3.96	85.09	89.17	0.00	42	0	42	0.00	0.00	67.34	7.70	0.00	0.00	2000
232	10.78	2128	2125	0.00	227	0	0	0	nan	0.00	0.01	3.50	86.83	89.22	0.00	42	0	42	0.00	0.00	67.90	7.75	0.00	0.00	2000
229	10.94	2095	2101	0.00	204	0	0	0	nan	0.00	0.01	3.13	86.03	89.06	0.00	42	0	42	0.00	0.00	67.13	7.54	0.00	0.00	2000
231	11.19	2057	2112	0.00	204	0	0	0	nan	0.00	0.02	3.20	86.24	88.81	0.00	42	0	42	0.00	0.00	67.75	7.73	0.00	0.00	2000
229	10.97	2093	2095	0.00	202	0	0	0	nan	0.00	0.00	3.52	85.33	89.03	0.00	41	0	42	0.00	0.00	67.14	7.79	0.00	0.00	2000
232	11.12	2084	2102	0.70	203	0	0	3	81.39	0.00	0.00	3.96	85.08	88.88	0.00	41	0	42	0.00	0.00	64.91	7.34	0.00	0.00	2000
228	10.89	2109	2081	0.06	211	0	0	0	nan	0.00	0.00	3.27	85.15	89.12	0.00	41	0	42	0.00	0.00	64.69	7.49	0.00	0.00	2000
230	10.76	2129	2111	0.00	204	0	0	0	nan	0.00	0.00	3.16	86.57	89.24	0.00	41	0	42	0.00	0.00	66.06	7.94	0.00	0.00	2000
229	10.84	2111	2102	0.00	203	0	0	0	nan	0.00	0.02	3.31	86.02	89.17	0.00	41	0	42	0.00	0.00	65.80	7.40	0.00	0.00	2000
230	10.82	2113	2110	0.00	204	0	0	0	nan	0.00	0.00	3.53	86.21	89.18	0.00	41	0	42	0.00	0.00	66.14	7.36	0.00	0.00	2000
232	11.05	2099	2100	0.00	203	0	0	0	nan	0.00	0.00	3.58	85.46	88.95	0.00	40	0	42	0.00	0.00	65.66	7.79	0.00	0.00	2000
226	10.86	2107	2077	0.00	210	0	0	0	nan	0.00	0.00	3.90	84.38	89.14	0.00	40	0	42	0.00	0.00	64.20	7.52	0.00	0.00	2000
196	10.53	1861	2106	0.00	224	0	0	0	nan	0.00	0.08	8.33	81.45	89.47	0.00	39	0	42	0.00	0.00	64.99	7.62	0.00	0.00	2000
106	8.16	1325	2051	0.00	81	0	0	0	nan	0.00	0.00	9.52	80.17	91.84	0.00	38	0	42	0.00	0.00	59.20	7.41	0.00	0.00	2000
