Avg_MHz	Busy%	Bzy_MHz	TSC_MHz	IPC	IRQ	NMI	SMI	LLCMRPS	LLC%hit	POLL%	C1%	C1E%	C6%	CPU%c1	CPU%c6	CoreTmp	CoreThr	PkgTmp	Pkg%pc2	Pkg%pc6	PkgWatt	RAMWatt	PKG_%	RAM_%	UncMHz
272	15.08	1786	2122	0.00	242	0	0	0	nan	0.00	0.05	27.52	58.35	84.92	0.00	37	0	42	0.00	0.00	64.09	7.88	0.00	0.00	2000
374	17.14	2162	2119	0.00	212	0	0	0	nan	0.05	1.16	10.77	72.07	82.86	0.00	37	0	42	0.00	0.00	67.93	7.84	0.00	0.00	2000
80	7.02	1118	2129	0.00	211	0	0	0	nan	0.00	0.03	8.17	86.09	92.98	0.00	36	0	42	0.00	0.00	62.74	7.87	0.00	0.00	2000
73	6.94	1041	2108	0.00	193	0	0	0	nan	0.00	0.01	3.24	90.35	93.06	0.00	36	0	42	0.00	0.00	58.86	7.43	0.00	0.00	2000
73	6.71	1087	2100	0.00	193	0	0	0	nan	0.00	0.00	3.39	90.02	93.29	0.00	36	0	41	0.00	0.00	59.90	7.37	0.00	0.00	2000
72	6.28	1156	2095	0.00	178	0	0	0	nan	0.00	0.01	2.92	90.59	93.72	0.00	36	0	42	0.00	0.00	60.12	7.56	0.00	0.00	2000
72	6.88	1063	2075	0.00	194	0	0	0	nan	0.00	0.00	2.97	89.21	93.12	0.00	36	0	42	0.00	0.00	55.12	7.46	0.00	0.00	2000
78	6.92	1108	2134	0.00	212	0	0	0	nan	0.00	0.00	4.87	89.76	93.08	0.00	36	0	42	0.00	0.00	62.18	7.57	0.00	0.00	2000
72	6.81	1072	2082	0.00	193	0	0	0	nan	0.00	0.02	3.06	89.37	93.19	0.00	36	0	41	0.00	0.00	58.68	7.48	0.00	0.00	2000
73	6.47	1117	2125	0.00	193	0	0	0	nan	0.00	0.00	3.98	90.60	93.53	0.00	36	0	41	0.00	0.00	58.96	7.78	0.00	0.00	2000
74	6.62	1114	2099	0.00	178	0	0	0	nan	0.00	0.00	3.14	90.22	93.38	0.00	36	0	42	0.00	0.00	60.66	7.21	0.00	0.00	2000
71	6.83	1047	2094	0.00	195	0	0	0	nan	0.00	0.00	3.00	90.07	93.17	0.00	36	0	41	0.00	0.00	59.16	7.46	0.00	0.00	2000
73	6.85	1067	2093	0.00	194	0	0	0	nan	0.00	0.03	2.70	90.26	93.15	0.00	36	0	42	0.00	0.00	59.94	7.33	0.00	0.00	2000
72	6.84	1043	2107	0.00	193	0	0	0	nan	0.00	0.00	2.12	91.36	93.16	0.00	36	0	42	0.00	0.00	58.98	7.78	0.00	0.00	2000
73	6.94	1056	2095	0.00	193	0	0	0	nan	0.00	0.00	2.66	90.30	93.06	0.00	36	0	42	0.00	0.00	57.91	7.31	0.00	0.00	2000
72	6.59	1106	2072	0.00	193	0	0	0	nan	0.00	0.02	2.49	89.69	93.41	0.00	36	0	42	0.00	0.00	58.21	7.49	0.00	0.00	2000
74	6.71	1091	2112	0.30	193	0	0	1	81.28	0.00	0.01	1.83	92.01	93.29	0.00	36	0	42	0.00	0.00	61.03	7.73	0.00	0.00	2000
71	6.92	1023	2094	0.14	195	0	0	0	nan	0.00	0.00	2.70	90.15	93.08	0.00	36	0	42	0.00	0.00	58.43	7.26	0.00	0.00	2000
140	9.05	1550	2091	0.00	227	0	0	0	nan	0.00	0.71	6.15	83.78	90.95	0.00	36	0	42	0.00	0.00	62.15	7.79	0.00	0.00	2000
232	11.22	2041	2132	0.00	199	0	0	0	nan	0.00	0.00	4.57	85.79	88.78	0.00	37	0	42	0.00	0.00	64.87	7.62	0.00	0.00	2000
228	11.05	2073	2092	0.00	198	0	0	0	nan	0.00	0.04	3.22	85.55	88.95	0.00	38	0	41	0.00	0.00	65.04	7.52	0.00	0.00	2000
228	11.36	2027	2083	0.00	198	0	0	0	nan	0.00	0.99	4.24	82.93	88.64	0.00	37	0	41	0.00	0.00	63.56	7.42	0.00	0.00	2000
237	11.32	2066	2127	0.00	204	0	0	0	nan	0.00	2.61	6.79	80.68	88.68	0.00	37	0	42	0.00	0.00	66.04	7.56	0.00	0.00	2000
229	11.15	2055	2097	0.00	214	0	0	0	nan	0.00	0.01	5.66	83.25	88.85	0.00	37	0	42	0.00	0.00	65.72	7.93	0.00	0.00	2000
231	11.15	2072	2103	0.00	182	0	0	0	nan	0.00	0.03	5.15	84.03	88.85	0.00	36	0	41	0.00	0.00	66.57	7.96	0.00	0.00	2000
228	11.05	2055	2104	0.00	203	0	0	0	nan	0.00	0.00	2.66	86.69	88.95	0.00	38	0	42	0.00	0.00	65.39	7.99	0.00	0.00	2000
231	11.11	2086	2090	0.00	203	0	0	0	nan	0.01	0.00	3.22	85.47	88.89	0.00	38	0	42	0.00	0.00	65.80	7.81	0.00	0.00	2000
230	11.12	2071	2097	0.00	213	0	0	0	nan	0.00	0.02	3.39	85.56	88.88	0.00	39	0	42	0.00	0.00	64.93	7.73	0.00	0.00	2000
230	11.11	2066	2108	0.00	203	0	0	0	nan	0.00	0.01	3.42	85.98	88.89	0.00	39	0	41	0.00	0.00	64.72	7.40	0.00	0.00	2000
229	11.05	2068	2102	0.00	204	0	0	0	nan	0.00	0.02	3.31	85.91	88.95	0.00	39	0	42	0.00	0.00	63.10	7.34	0.00	0.00	2000
230	11.19	2058	2100	0.00	204	0	0	0	nan	0.00	0.00	3.01	85.98	88.81	0.00	39	0	41	0.00	0.00	66.66	7.58	0.00	0.00	2000
229	11.25	2029	2106	0.00	204	0	0	0	nan	0.00	0.00	3.95	85.24	88.75	0.00	40	0	41	0.00	0.00	63.02	7.21	0.00	0.00	2000
231	11.20	2072	2091	0.00	214	0	0	0	nan	0.00	0.00	3.43	85.21	88.80	0.00	40	0	42	0.00	0.00	67.35	7.56	0.00	0.00	2000
229	11.15	2055	2103	0.69	204	0	0	18	95.06	0.00	0.00	3.31	85.87	88.85	0.00	40	0	42	0.00	0.00	64.68	7.14	0.00	0.00	2000
229	10.87	2105	2098	0.06	202	0	0	0	nan	0.00	0.00	2.89	86.19	89.13	0.00	40	0	42	0.00	0.00	64.96	7.60	0.00	0.00	2000
231	11.28	2040	2106	0.00	205	0	0	0	nan	0.00	0.02	3.95	85.23	88.72	0.00	40	0	42	0.00	0.00	64.10	7.29	0.00	0.00	2000
226	11.40	2001	2077	0.00	202	0	0	0	nan	0.00	0.00	3.28	84.57	88.60	0.00	40	0	42	0.00	0.00	64.43	7.40	0.00	0.00	2000
230	11.49	2070	2032	0.00	210	0	0	0	nan	0.00	0.00	4.87	80.93	88.51	0.00	39	0	41	0.00	0.00	59.46	6.97	0.00	0.00	2000
236	10.94	2072	2191	0.00	230	0	0	0	nan	0.00	0.00	6.74	86.33	89.06	0.00	38	0	42	0.00	0.00	69.80	8.02	0.00	0.00	2000
231	11.12	2075	2101	0.00	201	0	0	0	nan	0.00	0.00	6.20	82.93	88.88	0.00	37	0	42	0.00	0.00	66.31	7.61	0.00	0.00	2000
232	11.35	2034	2107	0.00	199	0	0	0	nan	0.00	0.02	4.40	84.78	88.65	0.00	38	0	42	0.00	0.00	66.12	7.70	0.00	0.00	2000
231	11.97	1972	2057	0.00	205	0	0	0	nan	0.00	0.00	5.46	80.99	88.03	0.00	38	0	42	0.00	0.00	64.83	7.30	0.00	0.00	2000
235	11.52	2000	2144	0.00	214	0	0	0	nan	0.00	0.00	5.87	84.63	88.48	0.00	38	0	42	0.00	0.00	68.74	8.07	0.00	0.00	2000
226	11.27	2037	2065	0.00	198	0	0	0	nan	0.00	0.01	5.75	81.72	88.73	0.00	37	0	42	0.00	0.00	63.19	7.22	0.00	0.00	2000
234	11.30	2030	2141	0.00	198	0	0	0	nan	0.00	0.00	5.12	85.48	88.70	0.00	38	0	41	0.00	0.00	65.81	7.59	0.00	0.00	2000
230	11.19	2070	2088	0.00	200	0	0	0	nan	0.00	0.01	5.59	82.88	88.81	0.00	38	0	42	0.00	0.00	66.45	7.60	0.00	0.00	2000
226	11.38	2049	2036	0.00	204	0	0	0	nan	0.00	0.00	4.19	81.89	88.62	0.00	37	0	42	0.00	0.00	59.25	6.79	0.00	0.00	2000
244	11.38	2123	2120	0.00	234	0	0	0	nan	0.00	0.00	6.87	82.74	88.62	0.00	36	0	42	0.00	0.00	70.61	7.83	0.00	0.00	2000
235	11.24	2042	2154	0.00	199	0	0	0	nan	0.00	0.01	5.30	85.81	88.76	0.00	36	0	42	0.00	0.00	65.37	7.70	0.00	0.00	2000
233	11.44	2033	2101	0.00	198	0	0	1	66.92	0.00	0.02	5.11	83.63	88.56	0.00	36	0	41	0.00	0.00	66.15	7.76	0.00	0.00	2000
234	11.82	1976	2103	0.50	202	0	0	4	62.15	0.00	0.01	5.47	82.93	88.18	0.00	36	0	42	0.00	0.00	65.18	7.93	0.00	0.00	2000
232	11.45	2023	2101	0.00	199	0	0	0	nan	0.00	0.00	5.26	83.50	88.55	0.00	36	0	42	0.00	0.00	67.47	8.16	0.00	0.00	2000
232	11.47	2023	2097	0.00	200	0	0	0	nan	0.00	0.00	5.70	82.90	88.53	0.00	36	0	42	0.00	0.00	65.83	8.01	0.00	0.00	2000
233	11.40	2041	2105	0.00	197	0	0	0	nan	0.00	0.04	4.80	84.11	88.60	0.00	36	0	42	0.00	0.00	66.50	7.82	0.00	0.00	2000
231	11.39	2031	2099	0.00	198	0	0	0	nan	0.00	0.00	5.17	83.52	88.61	0.00	36	0	42	0.00	0.00	65.92	7.79	0.00	0.00	2000
235	11.14	2107	2104	0.00	200	0	0	0	nan	0.00	0.00	5.38	83.71	88.86	0.00	36	0	42	0.00	0.00	67.77	8.07	0.00	0.00	2000
231	11.05	2098	2095	0.00	203	0	0	0	nan	0.00	0.07	4.93	83.81	88.95	0.00	36	0	42	0.00	0.00	63.52	7.58	0.00	0.00	2000
232	11.25	2056	2102	0.00	198	0	0	0	nan	0.00	0.00	4.97	83.98	88.75	0.00	36	0	42	0.00	0.00	64.39	7.65	0.00	0.00	2000
231	11.16	2073	2101	0.00	198	0	0	0	nan	0.00	0.46	5.32	83.18	88.84	0.00	36	0	42	0.00	0.00	67.38	7.91	0.00	0.00	2000
231	11.20	2067	2093	0.00	186	0	0	0	nan	0.00	0.00	7.23	81.36	88.80	0.00	36	0	42	0.00	0.00	66.27	7.89	0.00	0.00	2000
232	11.52	2048	2069	0.00	201	0	0	0	nan	0.01	0.04	5.03	82.21	88.48	0.00	36	0	42	0.00	0.00	65.43	7.80	0.00	0.00	2000
234	11.51	1995	2142	0.00	201	0	0	0	nan	0.00	0.00	6.65	83.82	88.49	0.00	36	0	42	0.00	0.00	67.58	8.08	0.00	0.00	2000
233	11.39	2052	2094	0.00	199	0	0	0	nan	0.00	0.02	6.12	82.40	88.61	0.00	36	0	42	0.00	0.00	63.64	7.55	0.00	0.00	2000
231	11.26	2051	2101	0.00	201	0	0	0	nan	0.00	0.01	5.76	83.06	88.74	0.00	37	0	42	0.00	0.00	67.13	7.91	0.00	0.00	2000
232	11.09	2090	2105	0.00	199	0	0	0	nan	0.00	0.00	5.04	84.05	88.91	0.00	36	0	42	0.00	0.00	64.98	7.68	0.00	0.00	2000
231	11.17	2102	2069	0.00	183	0	0	0	nan	0.00	0.01	4.81	82.75	88.83	0.00	36	0	42	0.00	0.00	65.79	7.92	0.00	0.00	2000
232	11.04	2073	2132	0.00	198	0	0	0	nan	0.00	0.00	5.57	84.79	88.96	0.00	36	0	42	0.00	0.00	67.45	7.93	0.00	0.00	2000
233	10.86	2153	2096	0.44	202	0	0	3	37.41	0.00	0.02	5.62	83.46	89.14	0.00	36	0	42	0.00	0.00	65.27	7.77	0.00	0.00	2000
234	10.88	2147	2099	0.31	200	0	0	0	nan	0.01	0.01	4.05	84.97	89.12	0.00	36	0	42	0.00	0.00	66.61	8.01	0.00	0.00	2000
229	11.35	2098	2017	0.00	201	0	0	0	nan	0.00	0.00	4.65	80.50	88.65	0.00	36	0	42	0.00	0.00	62.67	7.75	0.00	0.00	2000
234	11.06	2032	2182	0.00	198	0	0	0	nan	0.00	0.00	5.92	86.57	88.94	0.00	36	0	42	0.00	0.00	68.83	8.07	0.00	0.00	2000
232	11.49	2013	2108	0.00	199	0	0	0	nan	0.00	0.02	5.68	83.22	88.51	0.00	36	0	42	0.00	0.00	67.70	8.21	0.00	0.00	2000
236	11.56	2040	2103	0.00	204	0	0	0	nan	0.00	0.00	6.43	82.23	88.44	0.00	36	0	42	0.00	0.00	64.59	7.65	0.00	0.00	2000
230	11.22	2053	2098	0.00	197	0	0	0	nan	0.00	0.00	5.88	82.85	88.78	0.00	36	0	42	0.00	0.00	65.09	7.66	0.00	0.00	2000
230	11.16	2059	2101	0.00	182	0	0	0	nan	0.00	0.02	5.55	83.34	88.84	0.00	36	0	42	0.00	0.00	67.87	8.59	0.00	0.00	2000
230	11.14	2061	2101	0.00	198	0	0	0	nan	0.00	0.00	6.04	82.96	88.86	0.00	36	0	42	0.00	0.00	64.47	8.13	0.00	0.00	2000
228	11.07	2063	2098	0.00	198	0	0	0	nan	0.00	0.00	5.31	83.61	88.93	0.00	36	0	42	0.00	0.00	66.50	8.43	0.00	0.00	2000
226	11.29	2102	2003	0.00	199	0	0	0	nan	0.00	0.00	5.42	79.22	88.71	0.00	36	0	42	0.00	0.00	60.96	7.72	0.00	0.00	2000
233	10.79	2064	2202	0.00	205	0	0	0	nan	0.00	0.00	5.28	88.35	89.21	0.00	36	0	42	0.00	0.00	72.36	8.96	0.00	0.00	2000
230	10.86	2119	2103	0.00	199	0	0	0	nan	0.00	0.01	6.00	83.29	89.14	0.00	36	0	42	0.00	0.00	65.40	8.37	0.00	0.00	2000
231	10.75	2148	2101	0.00	201	0	0	0	nan	0.00	0.00	5.42	83.93	89.25	0.00	37	0	42	0.00	0.00	64.44	8.27	0.00	0.00	2000
230	11.15	2064	2101	0.00	184	0	0	0	nan	0.00	0.02	4.72	84.26	88.85	0.00	36	0	41	0.00	0.00	67.93	8.56	0.00	0.00	2000
230	10.76	2141	2100	0.00	199	0	0	0	nan	0.00	0.02	5.33	83.89	89.24	0.00	36	0	42	0.00	0.00	64.41	8.22	0.00	0.00	2000
230	10.82	2127	2099	0.00	199	0	0	0	nan	0.00	0.04	3.15	86.00	89.18	0.00	37	0	42	0.00	0.00	65.46	7.95	0.00	0.00	2000
232	10.90	2130	2098	0.01	187	0	0	15	43.89	0.00	0.02	2.95	86.07	89.10	0.00	36	0	42	0.00	0.00	67.67	8.45	0.00	0.00	2000
231	11.16	2072	2100	0.88	199	0	0	10	47.52	0.00	0.01	6.36	82.59	88.84	0.00	36	0	42	0.00	0.00	64.31	8.32	0.00	0.00	2000
227	11.40	2055	2038	0.00	199	0	0	0	nan	0.00	0.00	5.62	80.46	88.60	0.00	36	0	42	0.00	0.00	63.50	8.01	0.00	0.00	2000
230	10.87	2049	2171	0.00	198	0	0	0	nan	0.00	0.00	5.50	86.80	89.13	0.00	36	0	42	0.00	0.00	68.08	8.53	0.00	0.00	2000
231	11.09	2087	2094	0.00	199	0	0	0	nan	0.00	0.02	4.96	83.66	88.91	0.00	37	0	42	0.00	0.00	66.34	8.26	0.00	0.00	2000
231	11.09	2077	2103	0.00	199	0	0	0	nan	0.00	0.00	6.41	82.70	88.91	0.00	36	0	42	0.00	0.00	65.05	8.15	0.00	0.00	2000
236	11.04	2150	2086	0.00	205	0	0	0	nan	0.00	0.74	5.45	82.33	88.97	0.00	37	0	42	0.00	0.00	68.00	8.41	0.00	0.00	2000
228	10.98	2102	2074	0.00	182	0	0	0	nan	0.00	0.00	7.35	80.62	89.02	0.00	37	0	42	0.00	0.00	64.96	8.72	0.00	0.00	2000
229	11.23	2036	2102	0.00	200	0	0	0	nan	0.00	0.01	5.03	83.98	88.77	0.00	38	0	42	0.00	0.00	67.51	8.92	0.00	0.00	2000
228	10.94	2100	2086	0.00	200	0	0	0	nan	0.00	0.06	4.47	84.05	89.06	0.00	38	0	42	0.00	0.00	67.76	9.08	0.00	0.00	2000
229	10.93	2074	2125	0.00	198	0	0	0	nan	0.00	0.03	5.04	85.12	89.07	0.00	38	0	42	0.00	0.00	68.05	8.95	0.00	0.00	2000
231	10.51	2194	2102	0.00	203	0	0	0	nan	0.00	2.13	4.20	83.43	89.49	0.00	38	0	42	0.00	0.00	68.69	9.00	0.00	0.00	2000
229	11.33	2038	2084	0.00	198	0	0	0	nan	0.00	0.00	6.87	81.22	88.67	0.00	38	0	42	0.00	0.00	67.80	9.04	0.00	0.00	2000
229	11.00	2071	2114	0.00	197	0	0	0	nan	0.00	0.00	6.51	83.12	89.00	0.00	38	0	42	0.00	0.00	67.91	8.91	0.00	0.00	2000
229	11.03	2093	2084	0.00	199	0	0	0	nan	0.00	0.00	6.57	81.80	88.97	0.00	38	0	42	0.00	0.00	67.79	8.72	0.00	0.00	2000
229	10.98	2088	2097	0.00	199	0	0	0	nan	0.00	0.00	5.26	83.69	89.02	0.00	38	0	42	0.00	0.00	67.77	8.76	0.00	0.00	2000
232	11.15	2081	2095	0.00	204	0	0	0	nan	0.00	0.00	6.04	82.68	88.85	0.00	38	0	42	0.00	0.00	67.53	8.86	0.00	0.00	2000
229	10.98	2077	2107	0.00	199	0	0	10	10.08	0.00	0.02	6.27	83.12	89.02	0.00	38	0	42	0.00	0.00	67.70	8.86	0.00	0.00	2000
226	11.34	2083	2007	1.63	200	0	0	25	8.00	0.00	0.00	5.85	79.01	88.66	0.00	38	0	42	0.00	0.00	62.44	8.28	0.00	0.00	2000
231	10.67	2073	2194	0.00	215	0	0	0	nan	0.00	0.02	5.27	88.08	89.33	0.00	38	0	42	0.00	0.00	73.47	9.17	0.00	0.00	2000
229	10.86	2107	2105	0.00	200	0	0	0	nan	0.00	0.07	4.70	84.62	89.14	0.00	38	0	42	0.00	0.00	67.81	9.37	0.00	0.00	2000
232	11.02	2101	2101	0.00	206	0	0	0	nan	0.00	0.02	5.73	83.38	88.98	0.00	38	0	42	0.00	0.00	67.91	8.98	0.00	0.00	2000
229	11.06	2052	2123	0.00	199	0	0	0	nan	0.00	0.03	5.16	84.82	88.94	0.00	38	0	42	0.00	0.00	67.73	8.88	0.00	0.00	2000
229	11.34	2029	2086	0.00	198	0	0	0	nan	0.00	0.00	6.00	82.17	88.66	0.00	37	0	41	0.00	0.00	67.64	8.86	0.00	0.00	2000
229	11.36	2014	2105	0.00	199	0	0	0	nan	0.00	0.00	6.06	82.90	88.64	0.00	38	0	42	0.00	0.00	68.10	8.37	0.00	0.00	2000
228	11.03	2086	2079	0.00	198	0	0	0	nan	0.00	0.00	6.12	82.10	88.97	0.00	37	0	42	0.00	0.00	64.40	9.22	0.00	0.00	2000
232	11.16	2075	2106	0.00	202	0	0	0	nan	0.00	0.02	6.40	82.72	88.84	0.00	38	0	42	0.00	0.00	68.05	8.38	0.00	0.00	2000
231	11.02	2068	2126	0.00	202	0	0	0	nan	0.01	0.00	6.70	83.50	88.98	0.00	37	0	42	0.00	0.00	70.90	9.22	0.00	0.00	2000
230	10.98	2115	2077	0.00	198	0	0	0	nan	0.00	0.00	6.16	81.82	89.02	0.00	38	0	41	0.00	0.00	67.20	8.72	0.00	0.00	2000
229	10.93	2087	2108	0.00	199	0	0	0	nan	0.00	0.00	5.25	84.16	89.07	0.00	38	0	41	0.00	0.00	65.33	8.39	0.00	0.00	2000
229	11.00	2086	2099	0.00	199	0	0	0	nan	0.00	0.00	6.03	82.99	89.00	0.00	37	0	42	0.00	0.00	67.77	8.84	0.00	0.00	2000
231	11.22	2065	2096	0.00	199	0	0	0	nan	0.00	0.00	5.76	82.90	88.78	0.00	37	0	42	0.00	0.00	67.62	8.84	0.00	0.00	2000
230	11.11	2069	2103	0.00	208	0	0	0	nan	0.00	0.00	3.62	85.46	88.89	0.00	38	0	42	0.00	0.00	67.70	8.84	0.00	0.00	2000
228	10.81	2136	2077	0.00	198	0	0	0	nan	0.01	0.49	5.76	82.05	89.19	0.00	38	0	42	0.00	0.00	67.65	8.94	0.00	0.00	2000
230	10.86	2101	2117	0.00	200	0	0	5	13.62	0.00	0.02	5.46	84.46	89.14	0.00	38	0	42	0.00	0.00	67.89	8.89	0.00	0.00	2000
230	11.21	2038	2118	1.73	199	0	0	32	9.06	0.00	0.00	5.67	83.97	88.79	0.00	37	0	42	0.00	0.00	67.63	8.90	0.00	0.00	2000
232	11.49	2032	2087	0.01	199	0	0	0	nan	0.00	0.00	6.05	82.01	88.51	0.00	38	0	42	0.00	0.00	67.49	8.98	0.00	0.00	2000
242	11.72	2082	2080	0.00	224	0	0	0	nan	0.00	0.00	10.51	77.07	88.28	0.00	38	0	42	0.00	0.00	67.68	8.97	0.00	0.00	2000
232	10.98	2088	2127	0.00	198	0	0	0	nan	0.00	0.02	6.83	83.32	89.02	0.00	38	0	42	0.00	0.00	68.30	8.97	0.00	0.00	2000
230	11.35	2030	2095	0.00	202	0	0	0	nan	0.00	0.00	6.64	81.97	88.65	0.00	37	0	42	0.00	0.00	67.32	9.01	0.00	0.00	2000
229	11.29	2022	2104	0.00	198	0	0	0	nan	0.00	0.00	5.55	83.49	88.71	0.00	38	0	42	0.00	0.00	67.24	8.77	0.00	0.00	2000
230	11.08	2062	2115	0.00	198	0	0	0	nan	0.00	0.00	6.10	83.48	88.92	0.00	38	0	42	0.00	0.00	70.81	9.35	0.00	0.00	2000
230	10.96	2102	2098	0.00	196	0	0	0	nan	0.00	0.02	3.58	85.39	89.04	0.00	38	0	41	0.00	0.00	67.45	8.63	0.00	0.00	2000
229	11.33	2045	2073	0.00	195	0	0	0	nan	0.00	0.03	3.96	83.61	88.67	0.00	38	0	42	0.00	0.00	64.62	8.79	0.00	0.00	2000
230	10.84	2115	2104	0.00	199	0	0	0	nan	0.00	0.00	4.54	84.80	89.16	0.00	38	0	42	0.00	0.00	67.53	8.80	0.00	0.00	2000
228	10.84	2117	2087	0.00	196	0	0	0	nan	0.00	0.00	4.25	84.32	89.16	0.00	38	0	42	0.00	0.00	67.62	8.98	0.00	0.00	2000
229	10.89	2094	2113	0.00	194	0	0	0	nan	0.00	0.01	3.38	86.37	89.11	0.00	38	0	42	0.00	0.00	68.00	8.75	0.00	0.00	2000
231	11.14	2052	2117	0.00	197	0	0	0	nan	0.00	0.00	3.81	85.82	88.86	0.00	38	0	42	0.00	0.00	67.59	8.69	0.00	0.00	2000
230	11.24	2055	2090	0.00	195	0	0	0	nan	0.00	0.00	3.73	84.62	88.76	0.00	38	0	41	0.00	0.00	67.75	8.78	0.00	0.00	2000
229	11.15	2066	2091	0.00	194	0	0	0	nan	0.00	0.00	3.90	84.61	88.85	0.00	37	0	42	0.00	0.00	66.93	8.61	0.00	0.00	2000
230	11.05	2078	2104	0.00	195	0	0	0	nan	0.00	0.00	3.36	85.88	88.95	0.00	37	0	42	0.00	0.00	65.55	7.70	0.00	0.00	2000
228	11.03	2076	2094	0.00	197	0	0	0	nan	0.00	0.00	4.19	84.55	88.97	0.00	37	0	41	0.00	0.00	65.91	7.55	0.00	0.00	2000
233	11.33	2054	2102	0.83	197	0	0	8	38.50	0.00	0.00	3.81	85.07	88.67	0.00	37	0	41	0.00	0.00	65.42	7.54	0.00	0.00	2000
213	10.41	2039	2104	0.27	195	0	0	0	nan	0.00	0.00	4.04	85.80	89.59	0.00	36	0	42	0.00	0.00	66.04	7.66	0.00	0.00	2000
186	10.03	1830	2129	0.00	214	0	0	0	nan	0.00	0.00	5.89	85.45	89.97	0.00	36	0	42	0.00	0.00	63.98	7.42	0.00	0.00	2000
80	7.48	1075	2080	0.00	178	0	0	0	nan	0.00	0.02	3.31	88.41	92.52	0.00	36	0	42	0.00	0.00	59.15	7.40	0.00	0.00	2000
