Avg_MHz	Busy%	Bzy_MHz	TSC_MHz	IPC	IRQ	NMI	SMI	LLCMRPS	LLC%hit	POLL%	C1%	C1E%	C6%	CPU%c1	CPU%c6	CoreTmp	CoreThr	PkgTmp	Pkg%pc2	Pkg%pc6	PkgWatt	RAMWatt	PKG_%	RAM_%	UncMHz
330	16.63	1942	2145	0.00	233	0	0	0	nan	0.03	0.12	30.25	54.87	83.37	0.00	37	0	42	0.00	0.00	64.51	7.61	0.00	0.00	2000
441	19.90	2197	2119	0.00	227	0	0	0	nan	0.07	1.42	17.82	61.78	80.10	0.00	37	0	42	0.00	0.00	72.61	8.12	0.00	0.00	2000
80	6.60	1190	2125	0.00	211	0	0	0	nan	0.00	0.00	11.92	82.63	93.40	0.00	36	0	41	0.00	0.00	60.49	7.66	0.00	0.00	2000
74	6.72	1104	2089	0.00	193	0	0	0	nan	0.00	0.00	2.71	90.14	93.28	0.00	36	0	41	0.00	0.00	58.61	7.48	0.00	0.00	2000
77	6.45	1182	2118	0.00	179	0	0	0	nan	0.00	0.06	3.71	90.56	93.55	0.00	37	0	41	0.00	0.00	57.52	7.30	0.00	0.00	2000
73	6.49	1120	2097	0.00	193	0	0	0	nan	0.00	0.02	3.06	90.41	93.51	0.00	36	0	42	0.00	0.00	56.81	7.23	0.00	0.00	2000
72	6.49	1129	2059	0.00	193	0	0	0	nan	0.00	0.01	3.53	88.18	93.51	0.00	36	0	41	0.00	0.00	57.35	7.38	0.00	0.00	2000
72	6.76	1055	2133	0.00	193	0	0	0	nan	0.00	0.01	2.13	92.65	93.24	0.00	36	0	41	0.00	0.00	58.71	7.51	0.00	0.00	2000
73	6.25	1183	2074	0.00	194	0	0	0	nan	0.00	0.02	2.82	89.68	93.75	0.00	36	0	41	0.00	0.00	58.87	7.41	0.00	0.00	2000
72	6.13	1175	2110	0.00	193	0	0	0	nan	0.01	0.01	1.91	92.25	93.87	0.00	36	0	42	0.00	0.00	58.91	7.42	0.00	0.00	2000
76	6.41	1164	2128	0.00	195	0	0	0	nan	0.00	0.00	2.08	92.63	93.59	0.00	36	0	42	0.00	0.00	59.51	7.58	0.00	0.00	2000
72	6.26	1160	2070	0.00	193	0	0	0	nan	0.00	0.00	3.47	88.92	93.74	0.00	36	0	42	0.00	0.00	58.90	7.36	0.00	0.00	2000
75	6.74	1101	2127	0.00	193	0	0	0	nan	0.00	0.00	3.13	91.25	93.26	0.00	36	0	42	0.00	0.00	59.72	7.47	0.00	0.00	2000
73	6.95	1043	2102	0.00	194	0	0	0	nan	0.00	0.00	3.04	90.16	93.05	0.00	37	0	42	0.00	0.00	58.65	7.50	0.00	0.00	2000
73	6.26	1175	2074	0.00	194	0	0	0	nan	0.00	0.02	3.01	89.37	93.74	0.00	36	0	42	0.00	0.00	58.18	7.39	0.00	0.00	2000
73	6.55	1098	2127	0.00	195	0	0	0	nan	0.00	0.00	2.81	91.82	93.45	0.00	37	0	42	0.00	0.00	60.75	7.55	0.00	0.00	2000
73	6.28	1167	2094	0.30	193	0	0	1	80.42	0.00	0.02	3.03	90.31	93.72	0.00	36	0	42	0.00	0.00	59.14	7.42	0.00	0.00	2000
72	6.59	1092	2099	0.18	193	0	0	0	nan	0.00	0.00	3.01	90.40	93.41	0.00	36	0	42	0.00	0.00	58.84	7.67	0.00	0.00	2000
124	8.16	1532	2087	0.00	211	0	0	0	nan	0.01	0.00	4.72	86.50	91.84	0.00	37	0	42	0.00	0.00	58.87	7.14	0.00	0.00	2000
230	10.95	2093	2103	0.00	219	0	0	0	nan	0.00	0.00	3.90	85.31	89.05	0.00	39	0	42	0.00	0.00	66.33	7.86	0.00	0.00	2000
231	10.99	2092	2112	0.00	202	0	0	0	nan	0.00	0.02	3.36	86.22	89.01	0.00	39	0	41	0.00	0.00	63.78	7.20	0.00	0.00	2000
228	10.74	2130	2095	0.00	188	0	0	0	nan	0.00	0.02	3.11	86.01	89.26	0.00	40	0	42	0.00	0.00	65.69	7.83	0.00	0.00	2000
229	11.27	2089	2046	0.00	206	0	0	0	nan	0.00	0.00	3.55	82.99	88.73	0.00	39	0	42	0.00	0.00	59.41	6.99	0.00	0.00	2000
235	10.95	2083	2162	0.00	233	0	0	0	nan	0.00	0.02	6.79	84.90	89.05	0.00	37	0	42	0.00	0.00	72.34	8.60	0.00	0.00	2000
233	10.63	2194	2094	0.00	201	0	0	0	nan	0.00	0.58	5.00	83.56	89.37	0.00	37	0	42	0.00	0.00	66.75	7.93	0.00	0.00	2000
230	10.96	2106	2090	0.00	199	0	0	0	nan	0.00	0.00	5.33	83.28	89.04	0.00	37	0	42	0.00	0.00	65.50	7.82	0.00	0.00	2000
235	10.77	2179	2100	0.00	197	0	0	0	nan	0.01	1.05	4.26	83.99	89.23	0.00	37	0	42	0.00	0.00	66.33	7.95	0.00	0.00	2000
232	11.03	2095	2107	0.00	203	0	0	0	nan	0.00	0.00	6.24	83.04	88.97	0.00	37	0	42	0.00	0.00	66.35	7.67	0.00	0.00	2000
235	11.21	2108	2088	0.00	197	0	0	0	nan	0.00	0.02	5.53	82.78	88.79	0.00	37	0	42	0.00	0.00	65.02	7.38	0.00	0.00	2000
233	10.90	2142	2095	0.00	197	0	0	0	nan	0.00	0.02	4.92	83.95	89.10	0.00	37	0	42	0.00	0.00	63.50	7.34	0.00	0.00	2000
232	10.75	2132	2128	0.00	212	0	0	0	nan	0.00	0.00	4.96	85.41	89.25	0.00	38	0	42	0.00	0.00	68.60	7.85	0.00	0.00	2000
227	10.76	2137	2072	0.00	204	0	0	0	nan	0.00	0.00	6.11	81.95	89.24	0.00	38	0	41	0.00	0.00	64.43	7.46	0.00	0.00	2000
233	11.16	2082	2103	0.00	195	0	0	2	79.89	0.00	0.00	4.69	84.31	88.84	0.00	38	0	42	0.00	0.00	60.09	7.29	0.00	0.00	2000
230	11.06	2085	2099	0.58	218	0	0	18	88.30	0.00	0.00	5.99	82.91	88.94	0.00	37	0	42	0.00	0.00	68.60	7.51	0.00	0.00	2000
236	10.88	2142	2122	0.00	214	0	0	0	nan	0.00	0.00	5.43	84.71	89.12	0.00	37	0	42	0.00	0.00	69.16	7.95	0.00	0.00	2000
221	11.00	2092	2017	0.00	198	0	0	0	nan	0.00	0.00	4.24	81.26	89.00	0.00	37	0	42	0.00	0.00	54.63	6.39	0.00	0.00	2000
245	11.12	2135	2164	0.00	276	0	0	0	nan	0.00	0.00	5.89	85.76	88.88	0.00	37	0	42	0.00	0.00	78.32	9.00	0.00	0.00	2000
227	10.69	2089	2131	0.00	219	0	0	0	nan	0.00	0.02	6.61	84.11	89.31	0.00	38	0	41	0.00	0.00	64.41	7.51	0.00	0.00	2000
154	9.46	1656	2070	0.00	214	0	0	0	nan	0.00	0.00	6.85	82.45	90.54	0.00	37	0	42	0.00	0.00	61.29	7.52	0.00	0.00	2000
77	6.56	1141	2155	0.00	235	0	0	0	nan	0.00	0.00	7.21	88.74	93.44	0.00	36	0	41	0.00	0.00	62.00	7.96	0.00	0.00	2000
76	6.80	1130	2067	0.00	193	0	0	0	nan	0.02	0.00	3.66	88.09	93.20	0.00	37	0	42	0.00	0.00	58.14	7.30	0.00	0.00	2000
74	6.36	1157	2115	0.00	193	0	0	0	nan	0.00	0.00	2.17	92.15	93.64	0.00	36	0	42	0.00	0.00	58.18	7.30	0.00	0.00	2000
74	6.82	1093	2088	0.00	194	0	0	0	nan	0.00	0.00	2.74	89.96	93.18	0.00	36	0	41	0.00	0.00	58.03	7.40	0.00	0.00	2000
