Avg_MHz	Busy%	Bzy_MHz	TSC_MHz	IPC	IRQ	NMI	SMI	LLCMRPS	LLC%hit	POLL%	C1%	C1E%	C6%	CPU%c1	CPU%c6	CoreTmp	CoreThr	PkgTmp	Pkg%pc2	Pkg%pc6	PkgWatt	RAMWatt	PKG_%	RAM_%	UncMHz
301	14.72	1999	2149	0.00	227	0	0	0	nan	0.00	0.32	31.17	55.89	85.28	0.00	37	0	42	0.00	0.00	65.33	7.63	0.00	0.00	2000
361	16.30	2223	2094	0.00	217	0	0	0	nan	0.04	2.60	22.86	58.22	83.70	0.00	36	0	42	0.00	0.00	68.61	7.69	0.00	0.00	2000
78	6.71	1155	2106	0.00	194	0	0	0	nan	0.00	0.03	7.81	85.79	93.29	0.00	36	0	42	0.00	0.00	59.82	7.60	0.00	0.00	2000
73	6.50	1124	2111	0.00	195	0	0	0	nan	0.00	0.00	2.86	91.16	93.50	0.00	36	0	41	0.00	0.00	60.66	7.49	0.00	0.00	2000
75	6.56	1136	2103	0.00	209	0	0	0	nan	0.00	0.02	2.41	91.02	93.44	0.00	36	0	41	0.00	0.00	58.65	7.43	0.00	0.00	2000
72	6.70	1084	2089	0.00	193	0	0	0	nan	0.00	0.02	3.37	89.31	93.30	0.00	36	0	41	0.00	0.00	58.63	7.39	0.00	0.00	2000
74	7.02	1047	2113	0.00	196	0	0	0	nan	0.00	0.00	4.24	89.41	92.98	0.00	36	0	42	0.00	0.00	59.18	7.49	0.00	0.00	2000
93	7.57	1242	2088	0.00	194	0	0	0	nan	0.00	0.02	3.67	88.28	92.43	0.00	36	0	41	0.00	0.00	60.75	7.55	0.00	0.00	2000
71	6.69	1074	2081	0.00	194	0	0	0	nan	0.00	0.00	3.49	89.11	93.31	0.00	36	0	42	0.00	0.00	58.76	7.27	0.00	0.00	2000
73	6.60	1084	2137	0.00	193	0	0	0	nan	0.00	0.02	2.01	93.00	93.40	0.00	36	0	42	0.00	0.00	59.96	7.46	0.00	0.00	2000
72	6.89	1064	2070	0.00	194	0	0	0	nan	0.00	0.00	3.01	88.84	93.11	0.00	36	0	42	0.00	0.00	56.75	7.19	0.00	0.00	2000
73	6.74	1071	2121	0.00	212	0	0	0	nan	0.00	0.00	4.86	89.33	93.26	0.00	36	0	42	0.00	0.00	61.76	7.82	0.00	0.00	2000
73	6.59	1118	2076	0.00	198	0	0	0	nan	0.00	0.01	4.03	88.39	93.41	0.00	36	0	41	0.00	0.00	60.03	7.47	0.00	0.00	2000
72	6.67	1086	2091	0.00	195	0	0	0	nan	0.00	0.02	2.58	90.45	93.33	0.00	36	0	42	0.00	0.00	57.85	7.24	0.00	0.00	2000
74	6.68	1099	2123	0.00	196	0	0	0	nan	0.00	0.00	2.37	92.00	93.32	0.00	36	0	42	0.00	0.00	60.52	7.56	0.00	0.00	2000
72	6.54	1101	2114	0.00	192	0	0	1	91.49	0.00	0.01	1.94	92.22	93.46	0.00	36	0	42	0.00	0.00	58.82	7.39	0.00	0.00	2000
72	6.31	1155	2084	0.30	193	0	0	1	87.94	0.00	0.00	2.80	90.15	93.69	0.00	36	0	42	0.00	0.00	59.53	7.48	0.00	0.00	2000
72	6.34	1131	2097	0.02	192	0	0	0	nan	0.00	0.02	2.16	91.35	93.66	0.00	36	0	42	0.00	0.00	59.28	7.37	0.00	0.00	2000
182	9.57	1911	2094	0.00	213	0	0	0	nan	0.00	1.06	3.86	85.34	90.43	0.00	38	0	42	0.00	0.00	62.41	7.34	0.00	0.00	2000
232	10.90	2104	2122	0.00	205	0	0	0	nan	0.00	0.00	4.35	85.73	89.10	0.00	39	0	42	0.00	0.00	66.02	7.62	0.00	0.00	2000
234	11.44	2034	2109	0.00	210	0	0	0	nan	0.00	0.01	2.87	86.12	88.56	0.00	39	0	42	0.00	0.00	65.44	7.54	0.00	0.00	2000
226	11.20	2044	2071	0.00	202	0	0	0	nan	0.00	0.00	3.47	84.24	88.80	0.00	39	0	42	0.00	0.00	63.83	7.24	0.00	0.00	2000
236	11.23	2075	2125	0.00	213	0	0	0	nan	0.00	0.00	7.81	82.05	88.77	0.00	38	0	41	0.00	0.00	67.91	7.67	0.00	0.00	2000
231	11.17	2070	2095	0.00	199	0	0	0	nan	0.00	0.00	5.77	82.96	88.83	0.00	38	0	42	0.00	0.00	66.37	7.83	0.00	0.00	2000
233	11.69	2067	2028	0.00	195	0	0	0	nan	0.00	0.02	5.46	79.82	88.31	0.00	37	0	42	0.00	0.00	61.85	7.17	0.00	0.00	2000
232	10.72	2079	2182	0.00	218	0	0	0	nan	0.00	0.00	6.38	86.46	89.28	0.00	37	0	42	0.00	0.00	69.74	8.06	0.00	0.00	2000
232	11.18	2071	2102	0.00	200	0	0	0	nan	0.00	0.03	4.74	84.20	88.82	0.00	37	0	42	0.00	0.00	66.27	7.79	0.00	0.00	2000
224	11.09	2061	2063	0.00	200	0	0	0	nan	0.00	0.00	5.41	82.01	88.91	0.00	38	0	42	0.00	0.00	63.61	7.28	0.00	0.00	2000
244	11.38	2103	2137	0.00	211	0	0	0	nan	0.00	0.02	5.61	84.56	88.62	0.00	38	0	42	0.00	0.00	65.79	7.59	0.00	0.00	2000
227	11.17	2089	2044	0.00	198	0	0	0	nan	0.00	0.00	4.82	81.68	88.83	0.00	38	0	41	0.00	0.00	63.74	7.21	0.00	0.00	2000
235	10.83	2110	2160	0.00	219	0	0	0	nan	0.00	0.06	2.74	88.98	89.17	0.00	39	0	42	0.00	0.00	67.89	7.87	0.00	0.00	2000
229	11.07	2075	2089	0.00	201	0	0	0	nan	0.00	0.02	5.99	82.52	88.93	0.00	38	0	41	0.00	0.00	63.23	7.19	0.00	0.00	2000
227	11.17	2053	2079	0.00	199	0	0	2	89.51	0.01	0.00	6.32	81.70	88.83	0.00	38	0	42	0.00	0.00	64.37	7.52	0.00	0.00	2000
232	11.28	2028	2131	0.79	195	0	0	13	87.10	0.00	0.00	6.15	83.97	88.72	0.00	38	0	41	0.00	0.00	67.86	7.93	0.00	0.00	2000
233	11.49	2036	2091	0.00	201	0	0	0	nan	0.00	0.00	5.10	83.12	88.51	0.00	39	0	42	0.00	0.00	65.51	7.46	0.00	0.00	2000
227	11.01	2081	2077	0.00	199	0	0	0	nan	0.00	0.00	6.36	81.83	88.99	0.00	37	0	42	0.00	0.00	65.65	7.65	0.00	0.00	2000
237	11.08	2109	2134	0.00	196	0	0	0	nan	0.00	0.03	5.22	85.25	88.92	0.00	37	0	41	0.00	0.00	63.68	8.04	0.00	0.00	2000
231	11.04	2094	2098	0.00	198	0	0	0	nan	0.00	0.02	4.36	84.65	88.96	0.00	37	0	42	0.00	0.00	68.40	7.61	0.00	0.00	2000
231	10.95	2118	2093	0.00	198	0	0	0	nan	0.00	0.02	4.64	84.24	89.05	0.00	37	0	42	0.00	0.00	64.31	7.45	0.00	0.00	2000
233	10.73	2163	2104	0.00	200	0	0	0	nan	0.00	0.00	4.98	84.55	89.27	0.00	38	0	41	0.00	0.00	66.39	7.70	0.00	0.00	2000
230	11.32	2038	2098	0.00	214	0	0	0	nan	0.00	0.00	4.75	83.94	88.68	0.00	38	0	41	0.00	0.00	60.57	7.01	0.00	0.00	2000
227	10.78	2161	2044	0.00	202	0	0	0	nan	0.01	0.03	5.38	81.45	89.22	0.00	37	0	42	0.00	0.00	65.27	7.52	0.00	0.00	2000
235	11.16	2076	2133	0.00	228	0	0	0	nan	0.00	0.44	5.64	84.24	88.84	0.00	37	0	41	0.00	0.00	66.89	7.70	0.00	0.00	2000
240	11.22	2136	2104	0.00	221	0	0	0	nan	0.00	0.03	5.47	83.50	88.78	0.00	37	0	41	0.00	0.00	64.89	7.40	0.00	0.00	2000
228	11.07	2084	2077	0.00	198	0	0	0	nan	0.00	0.00	5.84	82.14	88.93	0.00	37	0	42	0.00	0.00	67.65	8.08	0.00	0.00	2000
235	10.95	2090	2158	0.00	214	0	0	0	nan	0.00	0.01	6.92	84.64	89.05	0.00	37	0	42	0.00	0.00	65.68	8.08	0.00	0.00	2000
232	11.38	2041	2097	0.00	199	0	0	0	nan	0.00	0.00	5.85	82.78	88.62	0.00	37	0	42	0.00	0.00	65.16	8.00	0.00	0.00	2000
231	11.11	2086	2091	0.00	197	0	0	0	nan	0.00	0.00	6.21	82.35	88.89	0.00	38	0	42	0.00	0.00	65.77	7.96	0.00	0.00	2000
237	11.28	2092	2109	0.00	203	0	0	0	nan	0.00	0.00	6.86	82.34	88.72	0.00	38	0	41	0.00	0.00	65.73	7.73	0.00	0.00	2000
230	11.08	2077	2094	0.00	199	0	0	2	57.13	0.00	0.00	5.78	83.03	88.92	0.00	38	0	42	0.00	0.00	65.38	7.84	0.00	0.00	2000
234	11.13	2095	2104	0.53	194	0	0	3	61.41	0.00	0.02	5.03	84.03	88.87	0.00	38	0	42	0.00	0.00	64.57	7.87	0.00	0.00	2000
233	11.49	2031	2096	0.00	204	0	0	0	nan	0.00	0.46	7.50	80.53	88.51	0.00	38	0	42	0.00	0.00	64.82	7.74	0.00	0.00	2000
228	11.09	2049	2103	0.00	198	0	0	0	nan	0.00	0.03	4.89	84.17	88.91	0.00	38	0	42	0.00	0.00	65.12	7.44	0.00	0.00	2000
232	11.13	2089	2097	0.00	203	0	0	0	nan	0.00	0.22	3.31	85.27	88.87	0.00	39	0	42	0.00	0.00	64.83	7.40	0.00	0.00	2000
230	10.73	2139	2106	0.00	199	0	0	0	nan	0.00	0.00	7.13	82.26	89.27	0.00	38	0	42	0.00	0.00	65.20	7.46	0.00	0.00	2000
230	11.11	2080	2090	0.00	196	0	0	0	nan	0.00	0.00	6.34	82.22	88.89	0.00	39	0	42	0.00	0.00	66.13	7.84	0.00	0.00	2000
229	11.03	2080	2100	0.00	197	0	0	0	nan	0.00	0.01	6.26	82.74	88.97	0.00	38	0	42	0.00	0.00	63.78	7.47	0.00	0.00	2000
231	11.51	2007	2103	0.00	199	0	0	0	nan	0.00	0.00	7.66	81.08	88.49	0.00	38	0	42	0.00	0.00	64.19	7.54	0.00	0.00	2000
232	11.31	2051	2102	0.00	200	0	0	0	nan	0.00	0.00	6.19	82.69	88.69	0.00	39	0	42	0.00	0.00	64.41	7.55	0.00	0.00	2000
225	11.06	2068	2062	0.00	195	0	0	0	nan	0.00	0.02	4.77	82.55	88.94	0.00	38	0	42	0.00	0.00	66.58	7.86	0.00	0.00	2000
232	11.07	2064	2133	0.00	217	0	0	0	nan	0.00	0.02	5.22	85.24	88.93	0.00	39	0	42	0.00	0.00	63.99	7.36	0.00	0.00	2000
228	11.05	2058	2107	0.00	198	0	0	0	nan	0.00	0.00	5.60	83.73	88.95	0.00	39	0	42	0.00	0.00	64.48	7.51	0.00	0.00	2000
229	11.08	2078	2089	0.00	198	0	0	0	nan	0.00	0.04	3.81	84.76	88.92	0.00	38	0	42	0.00	0.00	64.57	7.42	0.00	0.00	2000
232	11.20	2057	2113	0.00	201	0	0	0	nan	0.00	0.00	6.47	83.00	88.80	0.00	39	0	42	0.00	0.00	64.91	7.51	0.00	0.00	2000
228	10.90	2105	2091	0.00	199	0	0	0	nan	0.00	0.01	7.57	81.18	89.10	0.00	38	0	42	0.00	0.00	64.43	7.46	0.00	0.00	2000
225	11.03	2061	2075	0.00	198	0	0	0	nan	0.00	0.00	7.34	80.65	88.97	0.00	38	0	42	0.00	0.00	63.77	7.38	0.00	0.00	2000
229	11.10	2038	2127	0.00	196	0	0	2	94.55	0.00	0.00	5.51	84.56	88.90	0.00	38	0	42	0.00	0.00	66.58	7.69	0.00	0.00	2000
224	11.32	2052	2027	0.97	198	0	0	20	24.02	0.00	0.01	3.52	82.14	88.68	0.00	38	0	42	0.00	0.00	59.80	7.32	0.00	0.00	2000
239	11.05	2073	2190	0.00	216	0	0	0	nan	0.01	0.00	5.22	87.64	88.95	0.00	38	0	42	0.00	0.00	68.86	7.89	0.00	0.00	2000
224	11.32	2055	2025	0.00	199	0	0	0	nan	0.00	0.00	4.49	81.14	88.68	0.00	39	0	42	0.00	0.00	62.51	7.39	0.00	0.00	2000
232	10.62	2116	2169	0.00	213	0	0	0	nan	0.00	0.02	4.60	87.83	89.38	0.00	39	0	42	0.00	0.00	68.25	7.82	0.00	0.00	2000
229	11.10	2055	2105	0.00	196	0	0	0	nan	0.00	0.00	5.83	83.22	88.90	0.00	39	0	42	0.00	0.00	64.73	7.56	0.00	0.00	2000
231	11.38	2044	2088	0.00	201	0	0	0	nan	0.00	0.00	6.45	81.79	88.62	0.00	39	0	42	0.00	0.00	64.18	7.40	0.00	0.00	2000
229	11.23	2081	2057	0.00	206	0	0	0	nan	0.00	0.00	3.74	83.14	88.77	0.00	39	0	42	0.00	0.00	63.02	7.24	0.00	0.00	2000
227	10.63	2104	2128	0.00	215	0	0	0	nan	0.00	0.20	3.84	86.57	89.37	0.00	39	0	41	0.00	0.00	66.98	7.61	0.00	0.00	2000
231	10.85	2107	2120	0.00	197	0	0	0	nan	0.00	0.00	4.79	85.25	89.15	0.00	39	0	42	0.00	0.00	65.54	7.50	0.00	0.00	2000
230	11.61	2018	2057	0.00	198	0	0	0	nan	0.00	0.90	6.52	79.28	88.39	0.00	39	0	42	0.00	0.00	62.25	7.07	0.00	0.00	2000
230	10.64	2132	2128	0.00	219	0	0	0	nan	0.00	0.01	6.20	84.40	89.36	0.00	39	0	42	0.00	0.00	67.48	7.69	0.00	0.00	2000
229	10.93	2076	2117	0.00	196	0	0	0	nan	0.00	0.00	7.25	82.58	89.07	0.00	39	0	42	0.00	0.00	64.78	7.42	0.00	0.00	2000
228	11.08	2045	2111	0.00	195	0	0	0	nan	0.00	0.00	6.08	83.35	88.92	0.00	39	0	42	0.00	0.00	65.13	7.36	0.00	0.00	2000
231	11.02	2102	2090	0.00	201	0	0	0	nan	0.00	0.03	5.63	82.89	88.98	0.00	39	0	42	0.00	0.00	65.28	7.53	0.00	0.00	2000
229	11.12	2056	2102	0.00	199	0	0	0	nan	0.00	0.00	6.07	82.99	88.88	0.00	39	0	42	0.00	0.00	64.27	7.33	0.00	0.00	2000
233	10.98	2125	2097	0.00	202	0	0	0	nan	0.00	0.00	6.31	82.68	89.02	0.00	39	0	42	0.00	0.00	65.14	7.57	0.00	0.00	2000
228	11.00	2063	2108	0.01	200	0	0	2	79.69	0.00	0.00	7.50	81.93	89.00	0.00	39	0	42	0.00	0.00	64.58	7.58	0.00	0.00	2000
230	11.01	2092	2096	1.05	198	0	0	2	84.10	0.00	0.00	6.09	82.81	88.99	0.00	39	0	42	0.00	0.00	64.58	7.53	0.00	0.00	2000
227	10.96	2064	2105	0.00	199	0	0	0	nan	0.00	0.00	5.67	83.69	89.04	0.00	39	0	42	0.00	0.00	64.53	7.52	0.00	0.00	2000
233	11.35	2079	2070	0.00	197	0	0	0	nan	0.00	0.02	5.61	81.92	88.65	0.00	39	0	42	0.00	0.00	63.87	7.25	0.00	0.00	2000
233	11.04	2091	2115	0.00	202	0	0	0	nan	0.00	0.01	5.39	84.30	88.96	0.00	39	0	42	0.00	0.00	65.67	7.61	0.00	0.00	2000
228	11.30	2066	2046	0.00	198	0	0	0	nan	0.00	0.00	4.52	81.94	88.70	0.00	39	0	42	0.00	0.00	62.40	7.55	0.00	0.00	2000
232	10.89	2068	2165	0.00	215	0	0	0	nan	0.00	0.02	6.61	85.34	89.11	0.00	39	0	42	0.00	0.00	68.48	7.93	0.00	0.00	2000
223	11.44	2010	2034	0.00	200	0	0	0	nan	0.00	0.00	5.52	80.35	88.56	0.00	39	0	42	0.00	0.00	60.98	7.36	0.00	0.00	2000
242	11.14	2084	2189	0.00	218	0	0	0	nan	0.00	0.02	5.71	87.07	88.86	0.00	39	0	42	0.00	0.00	66.49	7.71	0.00	0.00	2000
231	11.18	2073	2096	0.00	199	0	0	0	nan	0.00	0.00	7.69	81.04	88.82	0.00	39	0	42	0.00	0.00	65.24	7.57	0.00	0.00	2000
225	11.14	2028	2093	0.00	199	0	0	0	nan	0.00	0.00	6.70	81.94	88.86	0.00	39	0	42	0.00	0.00	66.39	7.55	0.00	0.00	2000
228	11.32	2035	2081	0.00	202	0	0	0	nan	0.00	0.00	5.81	82.18	88.68	0.00	39	0	42	0.00	0.00	64.28	7.36	0.00	0.00	2000
226	11.48	2020	2048	0.00	199	0	0	0	nan	0.00	0.00	5.33	81.11	88.52	0.00	39	0	42	0.00	0.00	61.80	7.13	0.00	0.00	2000
231	10.93	2058	2159	0.00	218	0	0	0	nan	0.00	0.02	4.36	87.37	89.07	0.00	39	0	42	0.00	0.00	65.40	7.38	0.00	0.00	2000
226	11.30	2050	2049	0.00	196	0	0	0	nan	0.00	0.02	3.37	83.23	88.70	0.00	39	0	42	0.00	0.00	62.62	7.11	0.00	0.00	2000
229	10.88	2054	2151	0.00	215	0	0	0	nan	0.00	0.03	4.49	86.88	89.12	0.00	39	0	42	0.00	0.00	69.41	8.09	0.00	0.00	2000
230	10.92	2096	2114	0.00	199	0	0	0	nan	0.00	0.00	3.85	85.90	89.08	0.00	39	0	42	0.00	0.00	64.70	7.46	0.00	0.00	2000
231	11.40	2052	2070	0.32	194	0	0	4	88.37	0.00	0.00	4.00	83.40	88.60	0.00	39	0	42	0.00	0.00	61.29	7.03	0.00	0.00	2000
229	10.93	2057	2137	0.46	220	0	0	2	93.41	0.00	2.59	7.24	81.00	89.07	0.00	39	0	42	0.00	0.00	67.75	7.79	0.00	0.00	2000
231	11.04	2077	2112	0.00	199	0	0	0	nan	0.00	0.00	7.75	81.88	88.96	0.00	39	0	42	0.00	0.00	64.87	7.31	0.00	0.00	2000
229	11.19	2053	2091	0.00	196	0	0	0	nan	0.00	0.00	5.67	82.82	88.81	0.00	39	0	42	0.00	0.00	64.66	7.43	0.00	0.00	2000
228	11.07	2067	2092	0.00	198	0	0	0	nan	0.00	0.00	6.42	82.22	88.93	0.00	39	0	42	0.00	0.00	64.95	7.42	0.00	0.00	2000
230	11.07	2077	2098	0.00	199	0	0	0	nan	0.00	0.00	7.10	81.85	88.93	0.00	39	0	42	0.00	0.00	64.33	7.36	0.00	0.00	2000
228	10.90	2088	2101	0.00	208	0	0	0	nan	0.00	0.00	5.44	83.79	89.10	0.00	39	0	42	0.00	0.00	64.89	7.61	0.00	0.00	2000
229	10.88	2095	2108	0.00	197	0	0	0	nan	0.00	0.00	6.30	83.26	89.12	0.00	39	0	42	0.00	0.00	64.78	7.41	0.00	0.00	2000
223	10.97	2072	2061	0.00	197	0	0	0	nan	0.00	0.00	6.07	81.46	89.03	0.00	39	0	42	0.00	0.00	62.83	7.27	0.00	0.00	2000
235	10.88	2105	2153	0.00	201	0	0	0	nan	0.00	0.58	4.10	86.83	89.12	0.00	39	0	42	0.00	0.00	66.52	7.61	0.00	0.00	2000
231	11.49	2020	2094	0.00	199	0	0	0	nan	0.02	0.53	5.13	82.69	88.51	0.00	39	0	42	0.00	0.00	64.87	7.45	0.00	0.00	2000
228	11.41	1999	2098	0.00	202	0	0	0	nan	0.00	0.02	6.20	82.42	88.59	0.00	39	0	42	0.00	0.00	64.61	7.61	0.00	0.00	2000
231	11.23	2046	2108	0.00	199	0	0	0	nan	0.00	0.06	5.23	83.92	88.77	0.00	39	0	42	0.00	0.00	64.92	7.61	0.00	0.00	2000
223	10.76	2114	2062	0.00	199	0	0	0	nan	0.00	1.01	5.71	80.98	89.24	0.00	39	0	42	0.00	0.00	63.73	7.21	0.00	0.00	2000
228	11.22	2027	2104	0.00	200	0	0	0	nan	0.00	0.00	4.93	84.18	88.78	0.00	39	0	42	0.00	0.00	63.82	7.22	0.00	0.00	2000
235	11.48	2013	2130	0.00	196	0	0	0	nan	0.00	0.00	4.05	85.88	88.52	0.00	39	0	42	0.00	0.00	65.34	7.68	0.00	0.00	2000
228	11.47	1994	2095	0.00	204	0	0	0	nan	0.00	0.01	4.96	83.53	88.53	0.00	39	0	42	0.00	0.00	64.25	7.40	0.00	0.00	2000
228	10.99	2076	2097	0.16	196	0	0	4	85.89	0.00	0.00	5.03	83.97	89.01	0.00	39	0	42	0.00	0.00	65.88	7.64	0.00	0.00	2000
231	11.27	2055	2095	1.08	196	0	0	4	87.07	0.00	0.01	5.51	83.11	88.73	0.00	39	0	42	0.00	0.00	65.23	7.45	0.00	0.00	2000
229	11.02	2078	2100	0.00	197	0	0	0	nan	0.00	0.00	6.27	82.83	88.98	0.00	39	0	42	0.00	0.00	65.07	7.45	0.00	0.00	2000
229	11.07	2056	2111	0.00	195	0	0	0	nan	0.00	0.00	6.56	82.99	88.93	0.00	39	0	42	0.00	0.00	64.91	7.64	0.00	0.00	2000
230	11.48	2003	2098	0.00	205	0	0	0	nan	0.00	0.02	6.03	82.51	88.52	0.00	39	0	42	0.00	0.00	64.49	7.42	0.00	0.00	2000
230	10.97	2097	2102	0.00	199	0	0	0	nan	0.00	0.04	4.41	84.67	89.03	0.00	39	0	42	0.00	0.00	65.00	7.52	0.00	0.00	2000
228	11.13	2056	2092	0.00	199	1	0	0	nan	0.00	0.00	6.23	82.34	88.87	0.00	39	0	41	0.00	0.00	61.59	7.07	0.00	0.00	2000
229	11.25	2022	2109	0.00	201	0	0	0	nan	0.00	0.96	7.21	81.09	88.75	0.00	39	0	42	0.00	0.00	67.84	7.72	0.00	0.00	2000
227	11.12	2049	2094	0.00	199	0	0	0	nan	0.00	0.51	6.36	81.79	88.88	0.00	39	0	41	0.00	0.00	64.14	7.63	0.00	0.00	2000
232	11.16	2078	2106	0.00	202	0	0	0	nan	0.00	0.00	6.35	82.79	88.84	0.00	39	0	42	0.00	0.00	65.35	7.45	0.00	0.00	2000
230	11.24	2048	2095	0.00	196	0	0	0	nan	0.00	0.00	6.16	82.52	88.76	0.00	39	0	42	0.00	0.00	61.79	7.25	0.00	0.00	2000
229	11.01	2089	2095	0.00	197	0	0	0	nan	0.00	0.00	6.21	82.59	88.99	0.00	39	0	42	0.00	0.00	64.40	7.56	0.00	0.00	2000
225	11.05	2058	2079	0.00	197	0	0	0	nan	0.00	0.00	5.95	82.23	88.95	0.00	39	0	41	0.00	0.00	63.70	7.37	0.00	0.00	2000
231	11.08	2069	2117	0.00	198	0	0	0	nan	0.00	0.00	7.30	82.46	88.92	0.00	39	0	42	0.00	0.00	64.70	7.54	0.00	0.00	2000
230	11.03	2080	2102	0.00	199	0	0	0	nan	0.00	0.00	6.48	82.59	88.97	0.00	39	0	42	0.00	0.00	67.52	7.78	0.00	0.00	2000
232	11.07	2081	2112	0.00	206	0	0	0	nan	0.00	0.00	4.42	85.09	88.93	0.00	39	0	42	0.00	0.00	65.78	7.52	0.00	0.00	2000
229	11.18	2057	2095	0.00	196	0	0	0	nan	0.00	0.00	5.88	82.86	88.82	0.00	39	0	42	0.00	0.00	61.40	6.99	0.00	0.00	2000
229	11.04	2069	2101	0.00	198	0	0	3	78.02	0.00	0.01	6.72	82.32	88.96	0.00	39	0	42	0.00	0.00	67.87	7.64	0.00	0.00	2000
228	11.25	2030	2101	1.11	199	0	0	5	80.35	0.00	0.03	5.58	83.24	88.75	0.00	39	0	42	0.00	0.00	61.74	7.28	0.00	0.00	2000
231	11.04	2101	2088	0.00	197	0	0	0	nan	0.00	0.05	3.55	84.92	88.96	0.00	39	0	41	0.00	0.00	65.46	7.45	0.00	0.00	2000
230	11.19	2039	2114	0.00	206	0	0	0	nan	0.00	0.00	6.96	82.50	88.81	0.00	39	0	42	0.00	0.00	64.77	7.38	0.00	0.00	2000
232	11.08	2088	2102	0.00	199	0	0	0	nan	0.00	0.00	7.34	81.72	88.92	0.00	39	0	42	0.00	0.00	66.00	7.71	0.00	0.00	2000
234	11.22	2090	2097	0.00	205	0	0	0	nan	0.00	0.02	4.74	83.94	88.78	0.00	39	0	42	0.00	0.00	64.81	7.61	0.00	0.00	2000
228	11.18	2042	2099	0.00	197	0	0	0	nan	0.00	0.00	5.43	83.46	88.82	0.00	39	0	42	0.00	0.00	64.38	7.41	0.00	0.00	2000
230	11.32	2037	2099	0.00	197	0	0	0	nan	0.00	0.00	5.92	82.75	88.68	0.00	39	0	42	0.00	0.00	64.47	7.47	0.00	0.00	2000
230	11.17	2066	2090	0.00	205	0	0	0	nan	0.00	0.00	7.59	80.95	88.83	0.00	39	0	42	0.00	0.00	65.02	7.50	0.00	0.00	2000
229	10.83	2105	2108	0.00	197	0	0	0	nan	0.00	0.00	6.72	82.92	89.17	0.00	39	0	42	0.00	0.00	65.65	7.48	0.00	0.00	2000
230	10.92	2109	2099	0.00	197	0	0	0	nan	0.00	0.00	5.95	83.17	89.08	0.00	39	0	41	0.00	0.00	65.04	7.33	0.00	0.00	2000
229	11.12	2057	2101	0.00	194	0	0	0	nan	0.00	0.00	5.02	83.99	88.88	0.00	39	0	41	0.00	0.00	64.45	7.27	0.00	0.00	2000
225	10.95	2089	2068	0.00	199	0	0	0	nan	0.00	0.00	5.50	82.28	89.05	0.00	39	0	42	0.00	0.00	63.20	7.30	0.00	0.00	2000
235	11.10	2086	2129	0.00	204	0	0	0	nan	0.00	0.02	5.85	84.37	88.90	0.00	39	0	42	0.00	0.00	65.58	7.75	0.00	0.00	2000
230	11.39	2012	2105	0.00	197	0	0	0	nan	0.00	0.51	4.84	83.56	88.61	0.00	39	0	42	0.00	0.00	63.96	7.36	0.00	0.00	2000
227	10.64	2159	2075	0.00	195	0	0	0	nan	0.00	1.01	4.94	82.39	89.36	0.00	38	0	42	0.00	0.00	64.95	7.62	0.00	0.00	2000
233	11.05	2084	2122	0.00	198	0	0	0	nan	0.00	0.98	6.07	83.04	88.95	0.00	39	0	42	0.00	0.00	65.45	7.50	0.00	0.00	2000
228	11.35	2006	2102	0.00	198	0	0	2	77.85	0.00	0.00	5.81	83.04	88.65	0.00	39	0	42	0.00	0.00	64.08	7.49	0.00	0.00	2000
228	11.06	2081	2077	1.14	198	0	0	7	71.75	0.00	0.02	4.71	83.33	88.94	0.00	39	0	41	0.00	0.00	64.51	7.55	0.00	0.00	2000
231	11.10	2076	2106	0.00	201	0	0	0	nan	0.00	0.00	6.84	82.46	88.90	0.00	39	0	42	0.00	0.00	65.23	7.56	0.00	0.00	2000
235	11.39	2038	2122	0.00	200	0	0	0	nan	0.00	0.00	5.45	84.25	88.61	0.00	39	0	42	0.00	0.00	64.15	7.43	0.00	0.00	2000
225	10.91	2073	2089	0.00	198	0	0	0	nan	0.00	0.00	4.57	84.21	89.09	0.00	39	0	42	0.00	0.00	65.72	7.61	0.00	0.00	2000
231	11.19	2065	2104	0.00	197	0	0	0	nan	0.00	0.02	4.00	84.92	88.81	0.00	39	0	42	0.00	0.00	63.93	7.41	0.00	0.00	2000
226	11.02	2084	2067	0.00	200	0	0	0	nan	0.00	0.00	3.23	84.45	88.98	0.00	39	0	42	0.00	0.00	65.45	7.59	0.00	0.00	2000
234	11.04	2084	2133	0.00	214	0	0	0	nan	0.00	0.06	6.18	84.19	88.96	0.00	39	0	42	0.00	0.00	66.06	7.65	0.00	0.00	2000
228	11.03	2067	2102	0.00	200	0	0	0	nan	0.00	0.00	5.82	83.35	88.97	0.00	39	0	42	0.00	0.00	64.32	7.44	0.00	0.00	2000
230	11.17	2055	2106	0.00	197	0	0	0	nan	0.00	0.00	5.37	83.76	88.83	0.00	39	0	42	0.00	0.00	64.94	7.42	0.00	0.00	2000
229	11.28	2029	2099	0.00	198	0	0	0	nan	0.00	0.45	6.72	81.66	88.72	0.00	39	0	42	0.00	0.00	64.80	7.56	0.00	0.00	2000
233	11.00	2121	2100	0.00	200	0	0	0	nan	0.00	0.02	5.32	83.64	89.00	0.00	39	0	42	0.00	0.00	64.86	7.60	0.00	0.00	2000
227	11.25	2019	2097	0.00	200	0	0	0	nan	0.00	0.00	6.67	82.02	88.75	0.00	39	0	42	0.00	0.00	64.74	7.53	0.00	0.00	2000
230	11.10	2074	2101	0.00	199	0	0	0	nan	0.00	0.00	6.06	82.99	88.90	0.00	39	0	42	0.00	0.00	65.12	7.43	0.00	0.00	2000
228	11.09	2062	2098	0.00	197	0	0	0	nan	0.00	0.00	5.58	83.23	88.91	0.00	39	0	42	0.00	0.00	64.82	7.52	0.00	0.00	2000
229	11.16	2049	2104	0.00	197	0	0	0	nan	0.00	0.00	6.31	82.83	88.84	0.00	39	0	42	0.00	0.00	64.91	7.62	0.00	0.00	2000
234	11.05	2108	2107	0.00	201	0	0	0	nan	0.00	0.00	6.34	82.92	88.95	0.00	39	0	42	0.00	0.00	62.94	7.27	0.00	0.00	2000
230	11.12	2075	2090	0.00	199	0	0	0	92.38	0.00	0.00	5.72	82.84	88.88	0.00	39	0	42	0.00	0.00	66.36	7.66	0.00	0.00	2000
227	10.88	2091	2091	1.13	198	0	0	8	70.41	0.00	0.00	6.17	82.74	89.12	0.00	39	0	42	0.00	0.00	64.88	7.53	0.00	0.00	2000
230	11.19	2046	2108	0.04	198	0	0	0	nan	0.00	0.00	5.89	83.30	88.81	0.00	39	0	42	0.00	0.00	63.98	7.40	0.00	0.00	2000
234	11.24	2078	2102	0.00	200	0	0	0	nan	0.00	0.00	5.16	83.70	88.76	0.00	39	0	42	0.00	0.00	65.19	7.67	0.00	0.00	2000
228	10.95	2097	2084	0.00	197	0	0	0	nan	0.00	0.52	6.43	81.51	89.05	0.00	39	0	42	0.00	0.00	62.61	7.12	0.00	0.00	2000
233	11.13	2095	2103	0.00	203	0	0	0	nan	0.00	0.04	8.35	80.76	88.87	0.00	39	0	42	0.00	0.00	65.57	7.41	0.00	0.00	2000
232	11.06	2080	2113	0.00	199	0	0	0	nan	0.00	0.00	8.11	81.53	88.94	0.00	39	0	42	0.00	0.00	64.85	7.36	0.00	0.00	2000
227	11.00	2065	2099	0.00	197	0	0	0	nan	0.01	0.00	5.97	83.02	89.00	0.00	39	0	42	0.00	0.00	65.57	7.22	0.00	0.00	2000
230	11.10	2097	2077	0.00	180	0	0	0	nan	0.00	0.02	6.30	81.69	88.90	0.00	39	0	42	0.00	0.00	64.57	7.44	0.00	0.00	2000
233	11.21	2051	2128	0.00	216	0	0	0	nan	0.00	0.03	6.73	83.36	88.79	0.00	39	0	42	0.00	0.00	65.74	7.43	0.00	0.00	2000
232	10.91	2125	2101	0.00	184	0	0	0	nan	0.00	0.00	6.79	82.39	89.09	0.00	39	0	42	0.00	0.00	62.76	7.31	0.00	0.00	2000
225	11.16	2050	2062	0.00	198	0	0	0	nan	0.00	0.00	5.23	82.16	88.84	0.00	39	0	42	0.00	0.00	62.79	7.23	0.00	0.00	2000
233	10.88	2120	2126	0.00	215	0	0	0	nan	0.00	0.00	5.14	85.15	89.12	0.00	39	0	42	0.00	0.00	68.23	7.64	0.00	0.00	2000
223	10.69	2113	2074	0.00	197	0	0	0	nan	0.00	0.00	5.28	83.00	89.31	0.00	39	0	42	0.00	0.00	63.75	7.30	0.00	0.00	2000
232	11.42	1998	2138	0.00	200	0	0	0	nan	0.00	0.04	5.39	84.82	88.58	0.00	39	0	42	0.00	0.00	64.40	7.37	0.00	0.00	2000
227	11.02	2094	2069	0.00	201	0	0	0	nan	0.00	0.00	4.98	82.78	88.98	0.00	39	0	42	0.00	0.00	64.87	7.39	0.00	0.00	2000
236	11.25	2061	2139	0.00	199	0	0	0	nan	0.00	0.00	6.87	83.61	88.75	0.00	39	0	42	0.00	0.00	66.91	7.77	0.00	0.00	2000
226	11.03	2091	2062	0.00	180	0	0	0	nan	0.00	0.02	5.82	81.63	88.97	0.00	39	0	42	0.00	0.00	62.00	7.21	0.00	0.00	2000
231	11.41	2003	2124	0.84	214	0	0	6	62.76	0.00	0.02	6.85	82.86	88.59	0.00	39	0	42	0.00	0.00	66.50	7.80	0.00	0.00	2000
228	11.24	2024	2104	0.30	199	0	0	0	nan	0.00	0.00	6.25	82.84	88.76	0.00	39	0	42	0.00	0.00	64.70	7.41	0.00	0.00	2000
227	11.15	2064	2074	0.00	201	0	0	0	nan	0.00	0.00	6.85	81.04	88.85	0.00	39	0	42	0.00	0.00	64.98	7.55	0.00	0.00	2000
230	11.19	2029	2125	0.00	198	0	0	0	nan	0.00	0.00	6.92	82.99	88.81	0.00	39	0	42	0.00	0.00	64.30	7.41	0.00	0.00	2000
225	11.12	2061	2060	0.00	197	0	0	0	nan	0.00	0.02	4.86	82.40	88.88	0.00	39	0	42	0.00	0.00	64.62	7.51	0.00	0.00	2000
232	10.98	2076	2139	0.00	212	0	0	0	nan	0.00	0.00	2.48	88.23	89.02	0.00	39	0	42	0.00	0.00	64.66	7.51	0.00	0.00	2000
229	10.93	2099	2100	0.00	198	0	0	0	nan	0.00	0.00	5.19	83.95	89.07	0.00	39	0	42	0.00	0.00	67.44	7.70	0.00	0.00	2000
227	10.98	2095	2076	0.00	182	0	0	0	nan	0.00	0.00	6.09	82.05	89.02	0.00	39	0	42	0.00	0.00	61.33	7.17	0.00	0.00	2000
233	11.33	2029	2127	0.00	215	0	0	0	nan	0.00	0.00	6.81	83.12	88.67	0.00	38	0	42	0.00	0.00	66.99	8.18	0.00	0.00	2000
228	10.96	2083	2098	0.00	197	0	0	0	nan	0.00	0.02	4.90	84.13	89.04	0.00	38	0	42	0.00	0.00	65.51	7.53	0.00	0.00	2000
230	11.14	2061	2106	0.00	200	0	0	0	nan	0.00	0.98	6.64	81.60	88.86	0.00	39	0	42	0.00	0.00	64.26	7.46	0.00	0.00	2000
233	11.06	2119	2089	0.00	199	0	0	0	nan	0.00	0.00	8.26	80.24	88.94	0.00	39	0	42	0.00	0.00	65.34	7.56	0.00	0.00	2000
233	11.60	1997	2110	0.00	220	0	0	0	nan	0.00	0.00	7.10	81.83	88.40	0.00	39	0	42	0.00	0.00	64.18	7.35	0.00	0.00	2000
225	11.19	2039	2073	0.00	195	0	0	0	nan	0.00	0.00	6.05	81.81	88.81	0.00	39	0	42	0.00	0.00	64.84	7.65	0.00	0.00	2000
231	11.17	2055	2118	0.00	198	0	0	0	nan	0.00	0.00	7.95	81.72	88.83	0.00	39	0	42	0.00	0.00	64.73	7.35	0.00	0.00	2000
230	11.00	2088	2102	0.00	198	0	0	0	nan	0.00	0.00	6.89	82.22	89.00	0.00	39	0	42	0.00	0.00	65.38	7.37	0.00	0.00	2000
232	11.15	2082	2102	0.00	198	0	0	0	nan	0.00	0.00	6.05	82.95	88.85	0.00	39	0	42	0.00	0.00	64.71	7.45	0.00	0.00	2000
228	11.19	2040	2093	0.73	198	0	0	6	60.39	0.00	0.00	6.47	82.05	88.81	0.00	39	0	42	0.00	0.00	64.35	7.43	0.00	0.00	2000
233	11.17	2068	2113	0.43	205	0	0	0	nan	0.00	0.00	4.97	84.42	88.83	0.00	39	0	42	0.00	0.00	64.70	7.59	0.00	0.00	2000
228	10.90	2096	2100	0.00	197	0	0	0	nan	0.00	0.00	4.36	84.86	89.10	0.00	39	0	42	0.00	0.00	63.46	7.63	0.00	0.00	2000
229	11.09	2064	2102	0.00	198	0	0	0	nan	0.00	0.00	5.42	83.67	88.91	0.00	39	0	42	0.00	0.00	67.43	7.54	0.00	0.00	2000
227	10.91	2101	2083	0.00	199	0	0	0	nan	0.00	0.02	4.06	84.37	89.09	0.00	39	0	42	0.00	0.00	64.76	7.67	0.00	0.00	2000
232	11.47	2014	2111	0.00	195	0	0	0	nan	0.00	0.00	6.93	82.13	88.53	0.00	39	0	42	0.00	0.00	64.48	7.47	0.00	0.00	2000
228	11.44	1991	2104	0.00	203	0	0	0	nan	0.00	0.00	7.36	81.52	88.56	0.00	39	0	42	0.00	0.00	64.41	7.41	0.00	0.00	2000
229	11.21	2048	2100	0.00	198	0	0	0	nan	0.00	0.01	6.18	82.65	88.79	0.00	38	0	42	0.00	0.00	64.48	7.55	0.00	0.00	2000
227	11.05	2066	2088	0.00	196	0	0	0	nan	0.00	0.00	4.85	83.69	88.95	0.00	39	0	42	0.00	0.00	65.51	7.64	0.00	0.00	2000
227	10.98	2072	2096	0.00	199	0	0	0	nan	0.00	0.00	6.57	82.34	89.02	0.00	39	0	42	0.00	0.00	65.14	7.40	0.00	0.00	2000
233	11.12	2086	2109	0.00	198	0	0	0	nan	0.00	0.00	6.82	82.52	88.88	0.00	39	0	42	0.00	0.00	64.92	7.77	0.00	0.00	2000
231	11.09	2092	2093	0.00	207	0	0	0	nan	0.00	0.00	7.66	81.03	88.91	0.00	39	0	42	0.00	0.00	61.55	7.27	0.00	0.00	2000
230	10.99	2089	2106	0.00	196	0	0	0	nan	0.00	0.00	6.44	82.98	89.01	0.00	39	0	42	0.00	0.00	66.22	8.02	0.00	0.00	2000
230	10.53	2174	2113	0.00	196	0	0	0	nan	0.00	0.00	5.34	84.69	89.47	0.00	39	0	42	0.00	0.00	64.18	7.46	0.00	0.00	2000
226	10.94	2083	2077	0.00	183	0	0	0	nan	0.00	0.06	3.38	84.71	89.06	0.00	39	0	42	0.00	0.00	65.38	7.63	0.00	0.00	2000
229	11.17	2083	2067	0.00	198	0	0	0	nan	0.00	0.02	4.20	83.27	88.83	0.00	39	0	42	0.00	0.00	65.40	7.63	0.00	0.00	2000
233	11.01	2070	2146	0.00	219	0	0	0	nan	0.00	0.03	5.29	85.73	88.99	0.00	39	0	42	0.00	0.00	66.19	8.34	0.00	0.00	2000
227	10.98	2089	2077	0.57	200	0	0	6	41.46	0.00	0.46	5.94	81.75	89.02	0.00	40	0	42	0.00	0.00	65.19	7.52	0.00	0.00	2000
232	10.92	2108	2118	0.94	194	0	0	2	71.16	0.00	0.52	7.86	81.50	89.08	0.00	40	0	42	0.00	0.00	65.89	7.67	0.00	0.00	2000
234	11.50	2027	2108	0.00	201	0	0	0	nan	0.00	0.03	7.84	81.08	88.50	0.00	40	0	42	0.00	0.00	67.94	7.76	0.00	0.00	2000
229	11.37	2010	2104	0.00	197	0	0	0	nan	0.00	0.02	5.96	82.93	88.63	0.00	40	0	42	0.00	0.00	65.61	7.51	0.00	0.00	2000
226	11.34	2033	2057	0.00	201	0	0	0	nan	0.00	0.00	6.11	80.78	88.66	0.00	40	0	42	0.00	0.00	62.81	7.19	0.00	0.00	2000
230	10.70	2123	2128	0.00	196	0	0	0	nan	0.00	0.00	4.36	86.14	89.30	0.00	40	0	42	0.00	0.00	66.44	7.54	0.00	0.00	2000
231	11.03	2087	2110	0.00	197	0	0	0	nan	0.00	0.02	4.06	85.34	88.97	0.00	39	0	42	0.00	0.00	65.71	7.53	0.00	0.00	2000
232	10.70	2156	2113	0.00	196	0	0	0	nan	0.00	0.02	4.11	85.80	89.30	0.00	40	0	42	0.00	0.00	64.73	8.06	0.00	0.00	2000
228	10.98	2087	2091	0.00	196	0	0	0	nan	0.00	0.00	5.09	83.66	89.02	0.00	40	0	42	0.00	0.00	67.93	7.65	0.00	0.00	2000
232	11.36	2036	2103	0.00	198	0	0	0	nan	0.00	0.52	4.83	83.51	88.64	0.00	40	0	42	0.00	0.00	62.96	7.32	0.00	0.00	2000
229	10.70	2140	2101	0.00	202	0	0	0	nan	0.00	0.03	5.56	83.86	89.30	0.00	40	0	42	0.00	0.00	63.49	7.57	0.00	0.00	2000
228	11.32	2019	2096	0.00	198	0	0	0	nan	0.00	0.00	6.61	82.06	88.68	0.00	40	0	42	0.00	0.00	67.82	7.29	0.00	0.00	2000
228	10.95	2081	2100	0.00	198	0	0	0	nan	0.00	0.00	6.31	82.78	89.05	0.00	40	0	42	0.00	0.00	64.66	7.42	0.00	0.00	2000
229	10.94	2094	2101	0.00	199	0	0	0	nan	0.00	0.00	6.61	82.59	89.06	0.00	40	0	41	0.00	0.00	66.13	7.53	0.00	0.00	2000
233	11.04	2129	2082	0.00	203	0	0	0	nan	0.00	0.00	7.77	80.53	88.96	0.00	40	0	42	0.00	0.00	65.65	8.17	0.00	0.00	2000
231	10.95	2095	2111	0.00	203	0	0	0	nan	0.00	0.00	6.92	82.73	89.05	0.00	40	0	42	0.00	0.00	66.73	7.55	0.00	0.00	2000
230	10.85	2126	2092	0.00	197	0	0	0	nan	0.00	0.00	6.63	82.09	89.15	0.00	40	0	42	0.00	0.00	64.90	7.53	0.00	0.00	2000
225	10.91	2048	2114	0.18	195	0	0	4	37.09	0.00	0.00	7.26	82.44	89.09	0.00	40	0	42	0.00	0.00	65.21	7.46	0.00	0.00	2000
230	11.16	2056	2103	1.29	197	0	0	3	55.74	0.00	0.00	5.10	83.90	88.84	0.00	40	0	42	0.00	0.00	65.43	7.47	0.00	0.00	2000
227	11.02	2060	2100	0.00	197	0	0	0	nan	0.00	0.00	5.90	83.11	88.98	0.00	40	0	42	0.00	0.00	65.12	7.73	0.00	0.00	2000
231	11.24	2052	2103	0.00	202	0	0	0	nan	0.00	0.05	6.02	82.82	88.76	0.00	40	0	42	0.00	0.00	65.61	7.44	0.00	0.00	2000
230	11.08	2083	2095	0.00	198	0	0	0	nan	0.00	0.03	5.23	83.56	88.92	0.00	40	0	42	0.00	0.00	66.30	8.20	0.00	0.00	2000
231	10.61	2178	2098	0.00	199	0	0	0	nan	0.00	0.01	4.49	84.89	89.39	0.00	40	0	42	0.00	0.00	65.53	7.55	0.00	0.00	2000
227	10.87	2091	2100	0.00	200	0	0	0	nan	0.00	0.00	4.22	84.96	89.13	0.00	40	0	42	0.00	0.00	65.61	7.63	0.00	0.00	2000
230	11.33	2033	2100	0.00	196	0	0	0	nan	0.00	0.00	6.66	82.05	88.67	0.00	40	0	42	0.00	0.00	64.67	7.56	0.00	0.00	2000
231	10.80	2145	2094	0.00	200	0	0	0	nan	0.00	0.02	4.55	84.38	89.20	0.00	40	0	42	0.00	0.00	65.58	7.61	0.00	0.00	2000
229	11.01	2081	2103	0.00	195	0	0	0	nan	0.00	0.00	7.13	82.08	88.99	0.00	40	0	42	0.00	0.00	65.18	7.83	0.00	0.00	2000
228	11.00	2079	2093	0.00	200	0	0	0	nan	0.00	0.00	7.44	81.39	89.00	0.00	40	0	42	0.00	0.00	62.08	7.49	0.00	0.00	2000
224	10.53	2114	2110	0.00	199	0	0	0	nan	0.00	0.00	5.79	84.15	89.47	0.00	38	0	42	0.00	0.00	68.23	7.42	0.00	0.00	2000
225	11.05	2049	2084	0.00	202	0	0	0	nan	0.00	0.02	2.82	85.61	88.95	0.00	39	0	42	0.00	0.00	63.88	7.41	0.00	0.00	2000
232	11.03	2098	2109	0.00	213	0	0	0	nan	0.00	0.02	4.57	84.84	88.97	0.00	40	0	42	0.00	0.00	65.36	7.81	0.00	0.00	2000
230	10.51	2177	2111	0.00	203	0	0	0	nan	0.00	0.01	2.84	87.01	89.49	0.00	40	0	42	0.00	0.00	65.73	7.74	0.00	0.00	2000
226	11.05	2067	2075	0.00	201	0	0	0	nan	0.00	0.02	3.00	84.98	88.95	0.00	40	0	42	0.00	0.00	63.66	7.14	0.00	0.00	2000
231	10.97	2083	2121	0.00	202	0	0	0	nan	0.00	0.00	4.36	85.67	89.03	0.00	40	0	42	0.00	0.00	65.60	7.48	0.00	0.00	2000
229	11.04	2080	2096	0.14	203	0	0	4	70.03	0.01	0.01	3.53	85.35	88.96	0.00	40	0	42	0.00	0.00	64.71	7.41	0.00	0.00	2000
236	11.15	2098	2122	1.02	207	0	0	7	70.49	0.01	0.00	5.15	84.66	88.85	0.00	40	0	42	0.00	0.00	66.19	7.46	0.00	0.00	2000
233	10.82	2171	2085	0.00	211	0	0	0	nan	0.00	0.00	4.68	83.84	89.18	0.00	40	0	42	0.00	0.00	64.50	7.29	0.00	0.00	2000
225	10.84	2102	2076	0.00	201	0	0	0	nan	0.00	0.00	2.79	85.41	89.16	0.00	41	0	42	0.00	0.00	63.55	7.33	0.00	0.00	2000
231	10.86	2096	2136	0.00	220	0	0	0	nan	0.00	0.02	3.55	87.18	89.14	0.00	41	0	42	0.00	0.00	66.14	7.76	0.00	0.00	2000
224	11.01	2055	2080	0.00	200	0	0	0	nan	0.00	0.02	3.94	84.29	88.99	0.00	41	0	42	0.00	0.00	64.11	7.31	0.00	0.00	2000
237	11.24	2082	2123	0.00	215	0	0	0	nan	0.00	0.03	4.75	85.06	88.76	0.00	41	0	42	0.00	0.00	65.68	7.69	0.00	0.00	2000
227	11.04	2060	2098	0.00	203	0	0	0	nan	0.00	0.00	4.11	84.82	88.96	0.00	41	0	42	0.00	0.00	64.83	7.45	0.00	0.00	2000
226	10.79	2125	2065	0.00	204	0	0	0	nan	0.00	0.00	3.86	83.95	89.21	0.00	41	0	42	0.00	0.00	63.46	7.16	0.00	0.00	2000
230	11.05	2061	2117	0.00	204	0	0	0	nan	0.01	0.00	5.07	84.73	88.95	0.00	41	0	42	0.00	0.00	62.46	7.50	0.00	0.00	2000
232	10.71	2149	2112	0.00	203	0	0	0	nan	0.00	0.00	3.64	86.25	89.29	0.00	41	0	42	0.00	0.00	68.65	7.56	0.00	0.00	2000
232	10.79	2144	2105	0.00	205	0	0	0	nan	0.00	0.00	4.43	85.08	89.21	0.00	41	0	42	0.00	0.00	63.44	7.32	0.00	0.00	2000
226	10.93	2095	2070	0.00	212	0	0	0	nan	0.00	0.00	3.02	84.88	89.07	0.00	41	0	42	0.00	0.00	65.38	7.36	0.00	0.00	2000
226	11.06	2045	2097	0.00	219	0	0	0	nan	0.00	0.02	4.44	84.47	88.94	0.00	41	0	42	0.00	0.00	64.59	7.45	0.00	0.00	2000
230	10.95	2093	2104	0.00	219	0	0	0	nan	0.00	0.00	4.01	85.28	89.05	0.00	41	0	42	0.00	0.00	65.10	7.48	0.00	0.00	2000
235	11.18	2065	2134	0.00	203	0	0	0	nan	0.00	0.00	4.70	85.68	88.82	0.00	41	0	42	0.00	0.00	63.29	7.26	0.00	0.00	2000
230	10.83	2127	2098	0.00	211	0	0	0	nan	0.00	0.00	4.12	84.98	89.17	0.00	41	0	42	0.00	0.00	68.29	7.47	0.00	0.00	2000
223	10.95	2071	2068	0.29	201	0	0	5	70.16	0.00	0.00	4.01	83.75	89.05	0.00	40	0	42	0.00	0.00	60.19	7.28	0.00	0.00	2000
238	11.05	2116	2133	0.93	207	0	0	6	73.36	0.00	0.03	5.90	84.46	88.95	0.00	41	0	42	0.00	0.00	66.77	7.67	0.00	0.00	2000
224	10.90	2089	2067	0.00	200	0	0	0	nan	0.00	0.02	4.09	83.73	89.10	0.00	41	0	42	0.00	0.00	63.07	7.24	0.00	0.00	2000
230	11.17	2048	2112	0.00	219	0	0	0	nan	0.00	0.01	4.69	84.75	88.83	0.00	41	0	42	0.00	0.00	66.72	7.70	0.00	0.00	2000
233	11.03	2092	2121	0.00	215	0	0	0	nan	0.00	0.00	3.98	85.99	88.97	0.00	40	0	42	0.00	0.00	64.90	7.64	0.00	0.00	2000
228	10.97	2088	2091	0.00	205	0	0	0	nan	0.00	0.00	3.60	85.19	89.03	0.00	41	0	42	0.00	0.00	65.10	7.39	0.00	0.00	2000
224	10.98	2067	2076	0.00	203	0	0	0	nan	0.00	0.00	3.69	84.43	89.02	0.00	41	0	42	0.00	0.00	63.14	7.43	0.00	0.00	2000
230	11.08	2074	2099	0.00	218	0	0	0	nan	0.00	0.00	4.48	84.42	88.92	0.00	41	0	42	0.00	0.00	64.74	7.72	0.00	0.00	2000
230	11.10	2061	2106	0.00	215	0	0	0	nan	0.00	0.01	4.70	84.57	88.90	0.00	41	0	42	0.00	0.00	65.10	7.65	0.00	0.00	2000
230	11.16	2054	2109	0.00	204	0	0	0	nan	0.00	0.02	3.69	85.67	88.84	0.00	41	0	42	0.00	0.00	65.07	7.55	0.00	0.00	2000
231	11.04	2071	2118	0.00	204	0	0	0	nan	0.00	0.00	3.05	86.81	88.96	0.00	41	0	42	0.00	0.00	65.66	7.47	0.00	0.00	2000
232	11.08	2087	2104	0.00	202	0	0	0	nan	0.00	0.00	3.67	85.46	88.92	0.00	41	0	42	0.00	0.00	65.06	7.36	0.00	0.00	2000
223	10.86	2091	2066	0.00	202	0	0	0	nan	0.00	0.00	3.51	84.30	89.14	0.00	41	0	42	0.00	0.00	63.36	7.38	0.00	0.00	2000
232	11.28	2049	2110	0.00	229	0	0	0	nan	0.00	0.02	3.97	85.21	88.72	0.00	41	0	42	0.00	0.00	65.41	7.70	0.00	0.00	2000
229	10.89	2100	2101	0.00	203	0	0	0	nan	0.00	0.02	3.20	85.97	89.11	0.00	41	0	42	0.00	0.00	64.63	7.63	0.00	0.00	2000
233	11.17	2064	2123	0.00	202	0	0	0	nan	0.00	0.01	3.96	85.87	88.83	0.00	41	0	42	0.00	0.00	65.85	7.72	0.00	0.00	2000
227	10.85	2092	2097	0.00	202	0	0	0	nan	0.00	0.00	4.15	85.06	89.15	0.00	41	0	42	0.00	0.00	64.31	7.43	0.00	0.00	2000
226	11.10	2070	2069	0.44	203	0	0	6	68.05	0.00	0.00	3.83	83.91	88.90	0.00	41	0	42	0.00	0.00	63.21	7.31	0.00	0.00	2000
231	10.95	2088	2125	0.76	212	0	0	5	73.45	0.00	0.02	4.71	85.51	89.05	0.00	41	0	42	0.00	0.00	65.87	7.60	0.00	0.00	2000
228	11.18	2051	2091	0.00	200	0	0	0	nan	0.00	0.02	3.58	84.93	88.82	0.00	41	0	42	0.00	0.00	64.50	7.52	0.00	0.00	2000
226	10.90	2078	2101	0.00	220	0	0	0	nan	0.00	0.02	2.72	86.48	89.10	0.00	41	0	42	0.00	0.00	64.74	7.63	0.00	0.00	2000
227	11.12	2058	2079	0.00	219	0	0	0	nan	0.00	0.02	2.99	85.07	88.88	0.00	41	0	42	0.00	0.00	63.94	7.57	0.00	0.00	2000
235	11.33	2032	2142	0.00	211	0	0	0	nan	0.00	0.02	4.74	85.83	88.67	0.00	41	0	42	0.00	0.00	66.49	7.81	0.00	0.00	2000
225	11.01	2075	2065	0.00	201	0	0	0	nan	0.00	0.00	3.64	84.03	88.99	0.00	41	0	42	0.00	0.00	63.33	7.50	0.00	0.00	2000
231	11.31	2011	2135	0.00	220	0	0	0	nan	0.00	0.02	4.09	86.25	88.69	0.00	41	0	42	0.00	0.00	66.17	7.59	0.00	0.00	2000
228	10.85	2112	2090	0.00	206	0	0	0	nan	0.00	0.00	3.86	84.91	89.15	0.00	41	0	42	0.00	0.00	64.16	7.71	0.00	0.00	2000
233	11.05	2096	2112	0.00	204	0	0	0	nan	0.00	0.02	3.20	86.33	88.95	0.00	41	0	42	0.00	0.00	62.73	7.25	0.00	0.00	2000
224	10.76	2101	2080	0.00	212	0	0	0	nan	0.00	0.00	3.74	84.78	89.24	0.00	41	0	42	0.00	0.00	65.93	7.82	0.00	0.00	2000
227	10.80	2106	2100	0.00	219	0	0	0	nan	0.00	0.03	3.09	86.22	89.20	0.00	41	0	42	0.00	0.00	64.44	7.56	0.00	0.00	2000
231	10.65	2161	2109	0.00	203	0	0	0	nan	0.00	0.03	3.94	85.79	89.35	0.00	41	0	42	0.00	0.00	65.40	7.28	0.00	0.00	2000
228	10.93	2099	2091	0.00	204	0	0	0	nan	0.00	0.01	2.99	85.74	89.07	0.00	41	0	42	0.00	0.00	62.45	7.76	0.00	0.00	2000
230	10.97	2099	2093	0.00	228	0	0	0	nan	0.00	0.05	3.40	85.39	89.03	0.00	41	0	42	0.00	0.00	64.82	7.41	0.00	0.00	2000
226	10.87	2083	2098	0.00	219	0	0	0	nan	0.00	0.01	2.55	86.61	89.13	0.00	41	0	42	0.00	0.00	64.34	7.41	0.00	0.00	2000
231	10.89	2113	2112	0.00	203	0	0	0	nan	0.00	0.00	4.03	85.69	89.11	0.00	41	0	42	0.00	0.00	65.21	7.38	0.00	0.00	2000
233	11.09	2082	2120	1.05	206	0	0	9	61.49	0.00	0.00	3.41	86.36	88.91	0.00	41	0	42	0.00	0.00	65.93	7.64	0.00	0.00	2000
230	10.93	2117	2089	0.20	202	0	0	0	nan	0.00	0.00	4.18	84.44	89.07	0.00	41	0	42	0.00	0.00	64.73	7.38	0.00	0.00	2000
229	11.06	2062	2112	0.00	214	0	0	0	nan	0.00	0.02	3.30	86.26	88.94	0.00	41	0	42	0.00	0.00	65.21	7.68	0.00	0.00	2000
224	10.98	2076	2063	0.00	202	0	0	0	nan	0.00	0.00	3.81	83.81	89.02	0.00	41	0	42	0.00	0.00	63.27	7.48	0.00	0.00	2000
229	10.81	2102	2121	0.00	202	0	0	0	nan	0.00	0.00	3.75	86.45	89.19	0.00	41	0	42	0.00	0.00	65.43	7.62	0.00	0.00	2000
226	10.82	2103	2087	0.00	218	0	0	0	nan	0.00	0.02	2.94	85.78	89.18	0.00	41	0	42	0.00	0.00	64.66	7.26	0.00	0.00	2000
235	10.91	2119	2133	0.00	214	0	0	0	nan	0.00	0.00	3.98	86.42	89.09	0.00	41	0	42	0.00	0.00	66.25	7.64	0.00	0.00	2000
231	10.87	2125	2100	0.00	205	0	0	0	nan	0.00	0.00	3.66	85.54	89.13	0.00	41	0	42	0.00	0.00	65.22	7.42	0.00	0.00	2000
222	11.03	2050	2062	0.00	202	0	0	0	nan	0.00	0.00	3.51	84.02	88.97	0.00	41	0	42	0.00	0.00	62.79	7.16	0.00	0.00	2000
238	11.48	2060	2114	0.00	267	0	0	0	nan	0.00	1.04	8.27	79.89	88.52	0.00	41	0	42	0.00	0.00	65.59	7.56	0.00	0.00	2000
233	10.98	2102	2123	0.00	206	0	0	0	nan	0.00	0.00	3.41	86.68	89.02	0.00	41	0	42	0.00	0.00	65.84	7.49	0.00	0.00	2000
230	10.78	2149	2089	0.00	213	0	0	0	nan	0.00	0.00	4.53	84.35	89.22	0.00	41	0	42	0.00	0.00	64.44	7.37	0.00	0.00	2000
226	11.19	2041	2082	0.00	203	0	0	0	nan	0.00	0.00	3.20	84.98	88.81	0.00	41	0	42	0.00	0.00	63.82	7.33	0.00	0.00	2000
233	11.09	2071	2130	0.00	217	0	0	0	nan	0.00	0.00	3.56	86.68	88.91	0.00	41	0	42	0.00	0.00	66.11	7.69	0.00	0.00	2000
228	10.92	2088	2100	0.00	202	0	0	0	nan	0.00	0.00	4.09	85.06	89.08	0.00	41	0	42	0.00	0.00	64.84	7.51	0.00	0.00	2000
231	11.38	2034	2099	0.00	205	0	0	0	nan	0.00	0.00	4.44	84.22	88.62	0.00	41	0	42	0.00	0.00	64.50	7.41	0.00	0.00	2000
226	11.01	2078	2075	0.00	204	0	0	0	nan	0.00	0.02	5.91	82.16	88.99	0.00	39	0	42	0.00	0.00	64.46	7.49	0.00	0.00	2000
230	10.93	2107	2095	1.07	198	0	0	9	62.32	0.00	0.00	4.71	84.31	89.07	0.00	39	0	42	0.00	0.00	64.84	7.33	0.00	0.00	2000
227	10.96	2083	2092	0.19	200	0	0	0	nan	0.00	0.03	3.40	85.38	89.04	0.00	40	0	42	0.00	0.00	64.16	7.54	0.00	0.00	2000
229	10.89	2101	2098	0.00	195	0	0	0	nan	0.00	0.02	4.27	84.86	89.11	0.00	40	0	42	0.00	0.00	62.38	7.31	0.00	0.00	2000
238	11.20	2086	2135	0.00	215	0	0	0	nan	0.00	0.03	2.83	87.53	88.80	0.00	40	0	42	0.00	0.00	69.39	8.02	0.00	0.00	2000
225	11.04	2074	2064	0.00	200	0	0	0	nan	0.00	0.00	5.47	82.08	88.96	0.00	40	0	42	0.00	0.00	60.15	7.04	0.00	0.00	2000
227	10.80	2112	2094	0.00	212	0	0	0	nan	0.00	1.93	3.80	83.24	89.20	0.00	40	0	42	0.00	0.00	64.76	7.55	0.00	0.00	2000
231	11.11	2065	2110	0.00	214	0	0	0	nan	0.00	0.02	7.48	81.91	88.89	0.00	40	0	42	0.00	0.00	65.68	7.87	0.00	0.00	2000
234	11.39	2025	2130	0.00	200	0	0	0	nan	0.00	0.00	5.15	84.83	88.61	0.00	40	0	42	0.00	0.00	66.37	7.63	0.00	0.00	2000
226	11.05	2072	2069	0.00	202	0	0	0	nan	0.00	0.00	6.15	81.58	88.95	0.00	40	0	42	0.00	0.00	66.45	7.57	0.00	0.00	2000
226	11.12	2041	2096	0.00	197	0	0	0	nan	0.00	0.02	6.15	82.70	88.88	0.00	40	0	42	0.00	0.00	61.85	7.25	0.00	0.00	2000
233	10.96	2097	2133	0.00	230	0	0	0	nan	0.00	0.01	5.01	85.52	89.04	0.00	40	0	42	0.00	0.00	66.27	7.67	0.00	0.00	2000
228	11.19	2057	2076	0.00	198	0	0	0	nan	0.00	0.00	5.20	82.64	88.81	0.00	40	0	42	0.00	0.00	66.56	7.59	0.00	0.00	2000
234	11.05	2101	2120	0.00	218	0	0	0	nan	0.00	0.01	4.55	85.33	88.95	0.00	40	0	42	0.00	0.00	63.14	7.46	0.00	0.00	2000
226	11.10	2057	2077	0.00	202	0	0	0	nan	0.00	0.02	7.19	80.69	88.90	0.00	40	0	42	0.00	0.00	63.44	7.22	0.00	0.00	2000
228	10.93	2099	2089	0.00	214	0	0	0	nan	0.00	0.01	4.50	84.22	89.07	0.00	40	0	42	0.00	0.00	64.50	7.50	0.00	0.00	2000
232	10.69	2138	2130	0.00	199	0	0	0	nan	0.00	0.02	5.84	84.69	89.31	0.00	40	0	42	0.00	0.00	69.00	8.15	0.00	0.00	2000
235	11.37	2058	2114	0.00	202	0	0	4	73.19	0.00	0.01	3.63	85.69	88.63	0.00	40	0	42	0.00	0.00	65.41	7.59	0.00	0.00	2000
225	11.06	2063	2073	1.17	196	0	0	6	72.84	0.00	0.00	6.36	81.61	88.94	0.00	40	0	42	0.00	0.00	60.38	7.14	0.00	0.00	2000
233	11.41	2042	2096	0.00	197	0	0	0	nan	0.00	0.00	6.27	82.31	88.59	0.00	40	0	42	0.00	0.00	64.72	7.64	0.00	0.00	2000
230	11.01	2077	2108	0.00	215	0	0	0	nan	0.00	0.02	5.42	83.97	88.99	0.00	40	0	42	0.00	0.00	64.92	7.55	0.00	0.00	2000
239	11.14	2118	2128	0.00	199	0	0	0	nan	0.00	0.02	6.54	83.58	88.86	0.00	40	0	42	0.00	0.00	66.29	7.74	0.00	0.00	2000
225	10.75	2128	2069	0.00	203	0	0	0	nan	0.00	0.00	6.47	81.57	89.25	0.00	40	0	42	0.00	0.00	63.82	7.31	0.00	0.00	2000
229	11.02	2075	2101	0.00	197	0	0	0	nan	0.00	0.01	5.00	84.17	88.98	0.00	40	0	42	0.00	0.00	65.10	7.54	0.00	0.00	2000
230	11.05	2062	2120	0.00	215	0	0	0	nan	0.00	0.02	4.73	85.22	88.95	0.00	40	0	42	0.00	0.00	65.34	7.64	0.00	0.00	2000
226	11.16	2050	2071	0.00	213	0	0	0	nan	0.00	0.00	4.97	82.79	88.84	0.00	40	0	42	0.00	0.00	63.11	7.21	0.00	0.00	2000
234	11.09	2072	2136	0.00	203	0	0	0	nan	0.00	0.05	4.17	86.31	88.91	0.00	40	0	42	0.00	0.00	66.54	7.63	0.00	0.00	2000
225	10.80	2113	2074	0.00	197	0	0	0	nan	0.01	0.00	4.75	83.44	89.20	0.00	40	0	42	0.00	0.00	64.08	7.46	0.00	0.00	2000
232	11.16	2056	2127	0.00	199	0	0	0	nan	0.00	0.00	5.47	84.63	88.84	0.00	40	0	42	0.00	0.00	65.94	7.62	0.00	0.00	2000
231	11.16	2074	2100	0.00	196	0	0	0	nan	0.00	0.01	5.68	83.25	88.84	0.00	40	0	42	0.00	0.00	65.00	7.28	0.00	0.00	2000
230	11.02	2097	2089	0.00	204	0	0	0	nan	0.00	0.00	5.54	82.84	88.98	0.00	40	0	42	0.00	0.00	64.42	7.21	0.00	0.00	2000
234	11.41	2042	2111	0.00	199	0	0	0	nan	0.00	0.01	6.18	83.04	88.59	0.00	41	0	42	0.00	0.00	65.34	7.69	0.00	0.00	2000
230	11.32	2026	2104	0.00	197	0	0	0	nan	0.00	0.00	6.20	82.62	88.68	0.00	40	0	42	0.00	0.00	64.83	7.48	0.00	0.00	2000
227	10.75	2131	2081	0.00	197	0	0	0	nan	0.00	0.02	6.13	82.37	89.25	0.00	40	0	42	0.00	0.00	64.47	7.50	0.00	0.00	2000
227	11.21	2049	2079	0.15	198	0	0	5	69.86	0.00	0.00	5.49	82.51	88.79	0.00	40	0	42	0.00	0.00	64.06	7.64	0.00	0.00	2000
231	11.17	2074	2096	0.98	199	0	0	5	72.69	0.00	0.01	4.54	84.17	88.83	0.00	40	0	42	0.00	0.00	64.73	7.57	0.00	0.00	2000
227	10.87	2089	2099	0.00	237	0	0	0	nan	0.00	0.02	5.08	84.03	89.13	0.00	40	0	42	0.00	0.00	64.97	7.60	0.00	0.00	2000
229	11.29	2020	2105	0.00	197	0	0	0	nan	0.00	0.04	3.83	85.16	88.71	0.00	40	0	42	0.00	0.00	61.93	7.25	0.00	0.00	2000
230	10.77	2124	2113	0.00	212	0	0	0	nan	0.00	0.05	3.38	86.47	89.23	0.00	40	0	42	0.00	0.00	68.43	7.70	0.00	0.00	2000
234	11.28	2054	2118	0.00	197	0	0	0	nan	0.00	0.51	5.08	84.00	88.72	0.00	40	0	42	0.00	0.00	63.09	7.30	0.00	0.00	2000
226	11.02	2066	2081	0.00	218	0	0	0	nan	0.00	0.44	6.29	81.58	88.98	0.00	40	0	42	0.00	0.00	66.50	7.72	0.00	0.00	2000
231	10.99	2089	2112	0.00	198	0	0	0	nan	0.00	0.02	6.40	83.16	89.01	0.00	40	0	42	0.00	0.00	65.41	7.57	0.00	0.00	2000
232	11.12	2071	2119	0.00	198	0	0	0	nan	0.00	0.00	5.05	84.78	88.88	0.00	40	0	42	0.00	0.00	65.84	7.07	0.00	0.00	2000
230	11.14	2066	2095	0.00	196	0	0	0	nan	0.00	0.00	4.98	83.82	88.86	0.00	40	0	42	0.00	0.00	64.43	7.73	0.00	0.00	2000
233	10.98	2120	2100	0.00	199	0	0	0	nan	0.00	0.00	6.18	82.83	89.02	0.00	40	0	42	0.00	0.00	65.28	7.42	0.00	0.00	2000
234	11.30	2077	2095	0.00	216	0	0	0	nan	0.00	0.00	9.21	79.40	88.70	0.00	40	0	42	0.00	0.00	64.94	7.47	0.00	0.00	2000
226	10.97	2090	2070	0.00	198	0	0	0	nan	0.00	0.00	5.20	82.62	89.03	0.00	40	0	42	0.00	0.00	63.52	7.42	0.00	0.00	2000
235	11.06	2091	2138	0.00	198	0	0	0	nan	0.00	0.00	4.68	85.93	88.94	0.00	40	0	42	0.00	0.00	63.90	7.50	0.00	0.00	2000
227	10.66	2143	2092	0.00	196	0	0	0	nan	0.01	0.00	5.54	83.55	89.34	0.00	40	0	42	0.00	0.00	67.43	7.65	0.00	0.00	2000
233	11.05	2105	2104	0.00	197	0	0	0	nan	0.00	0.00	5.01	84.21	88.95	0.00	40	0	42	0.00	0.00	62.81	7.21	0.00	0.00	2000
230	10.92	2102	2101	0.00	204	0	0	0	nan	0.00	0.00	6.05	83.18	89.08	0.00	40	0	42	0.00	0.00	65.02	7.58	0.00	0.00	2000
224	11.38	2004	2066	0.50	213	0	0	7	67.48	0.00	0.02	7.29	80.10	88.62	0.00	40	0	42	0.00	0.00	62.93	7.39	0.00	0.00	2000
234	11.27	2038	2136	0.76	200	0	0	3	74.95	0.00	0.56	5.88	84.03	88.73	0.00	40	0	42	0.00	0.00	66.22	7.61	0.00	0.00	2000
227	11.29	2029	2076	0.00	198	0	0	0	nan	0.00	0.02	5.02	82.74	88.71	0.00	40	0	42	0.00	0.00	63.54	7.46	0.00	0.00	2000
234	11.42	2034	2120	0.00	199	0	0	0	nan	0.00	0.02	5.49	84.07	88.58	0.00	40	0	42	0.00	0.00	63.38	7.61	0.00	0.00	2000
230	11.05	2071	2105	0.00	213	0	0	0	nan	0.00	0.00	6.76	82.52	88.95	0.00	40	0	42	0.00	0.00	67.80	7.89	0.00	0.00	2000
231	11.35	2032	2103	0.00	196	0	0	0	nan	0.00	0.00	6.19	82.63	88.65	0.00	40	0	42	0.00	0.00	64.72	7.48	0.00	0.00	2000
227	11.01	2085	2074	0.00	199	0	0	0	nan	0.00	0.00	5.70	82.28	88.99	0.00	40	0	42	0.00	0.00	63.67	7.31	0.00	0.00	2000
230	10.84	2116	2108	0.00	198	0	0	0	nan	0.00	0.03	4.53	84.95	89.16	0.00	40	0	42	0.00	0.00	65.35	7.44	0.00	0.00	2000
231	11.14	2085	2091	0.00	197	0	0	0	nan	0.00	0.00	5.11	83.50	88.86	0.00	40	0	42	0.00	0.00	64.40	7.51	0.00	0.00	2000
228	10.91	2098	2091	0.00	200	0	0	0	nan	0.00	0.01	4.71	84.08	89.09	0.00	40	0	42	0.00	0.00	64.70	7.56	0.00	0.00	2000
229	10.96	2092	2101	0.00	199	0	0	0	nan	0.01	0.01	4.07	85.12	89.04	0.00	40	0	42	0.00	0.00	62.57	7.29	0.00	0.00	2000
234	10.97	2095	2133	0.00	213	0	0	0	nan	0.00	0.00	4.65	85.76	89.03	0.00	40	0	42	0.00	0.00	69.54	8.24	0.00	0.00	2000
227	10.80	2129	2078	0.00	196	0	0	0	nan	0.00	0.53	6.32	81.46	89.20	0.00	40	0	42	0.00	0.00	64.23	7.35	0.00	0.00	2000
237	10.72	2184	2125	0.00	198	0	0	0	nan	0.01	0.55	3.42	86.42	89.28	0.00	40	0	42	0.00	0.00	66.31	7.67	0.00	0.00	2000
235	11.56	2035	2096	0.00	202	0	0	0	nan	0.00	0.02	7.15	81.23	88.44	0.00	40	0	42	0.00	0.00	64.93	7.36	0.00	0.00	2000
224	11.16	2038	2066	0.00	195	0	0	0	nan	0.00	0.00	6.01	81.57	88.84	0.00	40	0	42	0.00	0.00	63.19	7.28	0.00	0.00	2000
233	11.11	2069	2128	0.00	214	0	0	0	nan	0.00	0.02	4.52	85.55	88.89	0.00	40	0	42	0.00	0.00	63.81	7.60	0.00	0.00	2000
223	11.01	2055	2069	0.63	197	0	0	8	63.72	0.00	0.00	5.71	82.02	88.99	0.00	40	0	42	0.00	0.00	66.23	7.62	0.00	0.00	2000
236	11.43	2036	2130	0.57	218	0	0	2	76.45	0.00	0.02	6.03	83.88	88.57	0.00	40	0	42	0.00	0.00	63.22	7.41	0.00	0.00	2000
231	10.97	2095	2107	0.00	198	0	0	0	nan	0.00	0.00	6.26	83.18	89.03	0.00	40	0	42	0.00	0.00	68.29	7.79	0.00	0.00	2000
230	11.15	2145	2024	0.00	197	0	0	0	nan	0.00	0.02	4.67	80.98	88.85	0.00	38	0	42	0.00	0.00	63.47	7.51	0.00	0.00	2000
232	10.93	2051	2170	0.00	213	0	0	0	nan	0.00	0.54	4.00	87.56	89.07	0.00	38	0	42	0.00	0.00	68.05	7.91	0.00	0.00	2000
233	11.11	2098	2098	0.00	199	0	0	0	nan	0.00	0.02	5.33	83.47	88.89	0.00	38	0	42	0.00	0.00	65.02	7.48	0.00	0.00	2000
228	11.10	2074	2076	0.00	204	0	0	0	nan	0.00	0.00	8.99	78.97	88.90	0.00	38	0	42	0.00	0.00	61.27	7.18	0.00	0.00	2000
232	10.67	2137	2132	0.00	199	0	0	0	nan	0.00	0.01	7.72	83.02	89.33	0.00	38	0	42	0.00	0.00	68.66	7.91	0.00	0.00	2000
229	11.15	2056	2094	0.00	197	0	0	0	nan	0.00	0.00	6.32	82.34	88.85	0.00	39	0	42	0.00	0.00	61.69	7.18	0.00	0.00	2000
230	11.26	2043	2103	0.00	200	0	0	0	nan	0.00	0.00	6.81	82.10	88.74	0.00	39	0	42	0.00	0.00	68.04	7.84	0.00	0.00	2000
232	11.26	2068	2095	0.00	196	0	0	0	nan	0.00	0.00	6.58	81.97	88.74	0.00	39	0	42	0.00	0.00	64.92	7.10	0.00	0.00	2000
225	11.05	2077	2063	0.00	203	0	0	0	nan	0.00	0.00	6.40	81.09	88.95	0.00	39	0	42	0.00	0.00	60.54	7.31	0.00	0.00	2000
228	11.33	2037	2070	0.00	195	0	0	0	nan	0.00	0.00	6.39	81.12	88.67	0.00	39	0	42	0.00	0.00	65.52	7.55	0.00	0.00	2000
234	10.91	2071	2177	0.00	215	0	0	0	nan	0.00	0.02	6.53	85.95	89.09	0.00	39	0	42	0.00	0.00	68.39	7.69	0.00	0.00	2000
228	11.30	2023	2097	0.00	198	0	0	0	nan	0.00	0.00	5.60	83.07	88.70	0.00	39	0	42	0.00	0.00	61.46	7.27	0.00	0.00	2000
228	10.99	2108	2069	0.00	199	0	0	0	nan	0.00	0.00	5.91	81.89	89.01	0.00	39	0	42	0.00	0.00	64.12	7.61	0.00	0.00	2000
229	11.36	2038	2079	0.00	201	0	0	0	nan	0.00	0.05	4.80	83.04	88.64	0.00	39	0	42	0.00	0.00	65.68	7.60	0.00	0.00	2000
231	10.65	2126	2144	0.78	212	0	0	9	63.85	0.00	0.02	4.21	87.07	89.35	0.00	39	0	42	0.00	0.00	64.66	7.60	0.00	0.00	2000
229	11.02	2069	2109	0.47	198	0	0	0	nan	0.00	0.01	6.52	82.94	88.98	0.00	39	0	42	0.00	0.00	65.00	7.51	0.00	0.00	2000
230	10.85	2123	2094	0.00	198	0	0	0	nan	0.00	0.00	6.60	82.28	89.15	0.00	39	0	42	0.00	0.00	65.29	7.50	0.00	0.00	2000
231	11.40	2019	2108	0.00	198	0	0	0	nan	0.00	0.00	7.04	81.94	88.60	0.00	39	0	42	0.00	0.00	64.61	7.64	0.00	0.00	2000
226	11.05	2074	2068	0.00	197	0	0	0	nan	0.00	0.00	6.87	80.80	88.95	0.00	39	0	42	0.00	0.00	63.62	7.34	0.00	0.00	2000
234	11.04	2083	2135	0.00	198	0	0	0	nan	0.00	0.00	6.62	83.92	88.96	0.00	39	0	42	0.00	0.00	66.68	7.67	0.00	0.00	2000
229	11.23	2039	2098	0.00	198	0	0	0	nan	0.00	0.00	6.19	82.49	88.77	0.00	39	0	42	0.00	0.00	64.65	7.19	0.00	0.00	2000
230	10.98	2098	2099	0.00	197	0	0	0	nan	0.00	0.02	5.70	83.31	89.02	0.00	39	0	42	0.00	0.00	65.37	7.84	0.00	0.00	2000
226	10.83	2130	2059	0.00	199	0	0	0	nan	0.00	0.00	5.84	81.64	89.17	0.00	39	0	42	0.00	0.00	63.80	7.20	0.00	0.00	2000
228	11.31	2050	2062	0.00	208	0	0	0	nan	0.00	0.00	6.71	80.49	88.69	0.00	39	0	42	0.00	0.00	62.11	7.27	0.00	0.00	2000
229	11.20	2036	2110	0.00	215	0	0	0	nan	0.01	0.00	3.98	85.43	88.80	0.00	39	0	42	0.00	0.00	67.23	7.80	0.00	0.00	2000
234	10.79	2089	2179	0.00	213	0	0	0	nan	0.00	0.01	3.94	88.72	89.21	0.00	39	0	42	0.00	0.00	66.04	7.68	0.00	0.00	2000
235	11.44	2064	2086	0.00	197	0	0	0	nan	0.00	0.02	4.32	83.73	88.56	0.00	39	0	42	0.00	0.00	64.75	7.74	0.00	0.00	2000
227	11.20	2047	2078	0.00	198	0	0	0	nan	0.00	0.00	7.45	80.60	88.80	0.00	39	0	42	0.00	0.00	64.47	7.47	0.00	0.00	2000
226	11.05	2049	2093	0.00	197	0	0	0	nan	0.00	0.00	7.49	81.33	88.95	0.00	39	0	42	0.00	0.00	62.01	7.36	0.00	0.00	2000
233	11.13	2090	2102	0.00	198	0	0	0	nan	0.00	0.95	3.49	84.65	88.87	0.00	39	0	42	0.00	0.00	66.31	7.95	0.00	0.00	2000
229	10.99	2058	2125	0.00	211	0	0	0	nan	0.00	0.02	7.06	83.10	89.01	0.00	39	0	42	0.00	0.00	64.19	7.19	0.00	0.00	2000
231	11.21	2063	2097	0.97	198	0	0	8	67.08	0.00	0.00	7.45	81.33	88.79	0.00	39	0	42	0.00	0.00	64.97	7.44	0.00	0.00	2000
236	11.16	2098	2112	0.34	205	0	0	0	nan	0.00	0.03	7.42	81.96	88.84	0.00	39	0	42	0.00	0.00	65.35	7.57	0.00	0.00	2000
230	10.91	2119	2087	0.00	199	0	0	0	nan	0.00	0.00	6.84	81.77	89.09	0.00	39	0	42	0.00	0.00	65.51	7.49	0.00	0.00	2000
231	10.87	2121	2105	0.00	199	0	0	0	nan	0.00	0.00	7.03	82.45	89.13	0.00	39	0	42	0.00	0.00	64.34	7.55	0.00	0.00	2000
229	11.04	2061	2111	0.00	198	0	0	0	nan	0.00	0.03	6.71	82.89	88.96	0.00	39	0	42	0.00	0.00	64.81	7.45	0.00	0.00	2000
232	11.01	2112	2098	0.00	197	0	0	0	nan	0.00	0.06	4.85	84.17	88.99	0.00	39	0	42	0.00	0.00	64.66	7.61	0.00	0.00	2000
227	11.14	2040	2100	0.00	201	0	0	0	nan	0.00	0.00	6.79	82.15	88.86	0.00	39	0	42	0.00	0.00	64.99	7.59	0.00	0.00	2000
230	11.11	2076	2094	0.00	196	0	0	0	nan	0.00	0.00	7.01	81.76	88.89	0.00	39	0	42	0.00	0.00	64.85	7.45	0.00	0.00	2000
230	10.94	2094	2110	0.00	198	0	0	0	nan	0.00	0.52	6.18	82.84	89.06	0.00	39	0	42	0.00	0.00	65.88	7.57	0.00	0.00	2000
229	11.09	2078	2088	0.00	197	0	0	0	nan	0.00	0.00	6.58	81.91	88.91	0.00	39	0	42	0.00	0.00	64.85	7.51	0.00	0.00	2000
232	11.16	2082	2092	0.00	196	0	0	0	nan	0.00	0.00	6.93	81.64	88.84	0.00	39	0	42	0.00	0.00	64.73	7.61	0.00	0.00	2000
231	10.75	2145	2103	0.00	200	0	0	0	nan	0.00	0.00	7.19	82.25	89.25	0.00	39	0	42	0.00	0.00	65.44	7.50	0.00	0.00	2000
227	10.92	2093	2085	0.00	196	0	0	0	nan	0.00	0.00	7.53	81.04	89.08	0.00	39	0	42	0.00	0.00	64.21	7.29	0.00	0.00	2000
231	11.38	2052	2077	0.00	202	0	0	0	nan	0.00	0.00	6.09	81.46	88.62	0.00	39	0	42	0.00	0.00	62.73	7.11	0.00	0.00	2000
229	10.93	2052	2150	0.00	215	0	0	0	nan	0.00	0.01	4.47	86.85	89.07	0.00	39	0	42	0.00	0.00	67.37	7.80	0.00	0.00	2000
230	11.06	2103	2080	0.00	195	0	0	0	nan	0.00	0.00	6.34	81.86	88.94	0.00	39	0	42	0.00	0.00	64.44	7.42	0.00	0.00	2000
233	10.90	2129	2114	0.00	203	0	0	0	nan	0.00	0.00	8.16	81.66	89.10	0.00	39	0	42	0.00	0.00	65.53	7.61	0.00	0.00	2000
229	11.10	2062	2097	0.81	200	0	0	9	65.92	0.00	0.02	7.47	81.40	88.90	0.00	39	0	42	0.00	0.00	64.58	7.47	0.00	0.00	2000
229	10.78	2120	2102	0.48	197	0	0	0	nan	0.00	0.00	6.05	83.33	89.22	0.00	39	0	42	0.00	0.00	65.14	7.34	0.00	0.00	2000
225	11.48	2017	2040	0.00	197	0	0	0	nan	0.00	0.42	6.72	78.95	88.52	0.00	39	0	42	0.00	0.00	61.69	7.12	0.00	0.00	2000
236	10.88	2090	2176	0.00	216	0	0	0	nan	0.00	0.07	3.99	88.48	89.12	0.00	39	0	42	0.00	0.00	68.79	8.25	0.00	0.00	2000
227	11.08	2075	2075	0.00	197	0	0	0	nan	0.00	0.00	6.76	81.25	88.92	0.00	39	0	42	0.00	0.00	64.05	7.31	0.00	0.00	2000
231	11.21	2035	2129	0.00	197	0	0	0	nan	0.01	0.00	6.63	83.55	88.79	0.00	39	0	42	0.00	0.00	65.72	7.46	0.00	0.00	2000
225	11.05	2076	2063	0.00	197	0	0	0	nan	0.00	0.00	6.41	81.12	88.95	0.00	39	0	42	0.00	0.00	63.58	7.22	0.00	0.00	2000
231	11.08	2061	2128	0.00	197	0	0	0	nan	0.00	0.00	6.41	83.90	88.92	0.00	39	0	42	0.00	0.00	65.54	7.57	0.00	0.00	2000
229	11.62	2036	2035	0.00	202	0	0	0	nan	0.00	0.00	6.84	78.93	88.38	0.00	39	0	42	0.00	0.00	62.03	7.21	0.00	0.00	2000
233	10.85	2066	2183	0.00	211	0	0	0	nan	0.00	0.00	6.50	86.21	89.15	0.00	39	0	42	0.00	0.00	68.63	7.89	0.00	0.00	2000
231	11.02	2101	2097	0.00	198	0	0	0	nan	0.00	0.02	5.64	83.29	88.98	0.00	39	0	42	0.00	0.00	65.14	7.69	0.00	0.00	2000
228	10.79	2118	2098	0.00	197	0	0	0	nan	0.00	0.00	5.92	83.24	89.21	0.00	39	0	42	0.00	0.00	64.89	7.49	0.00	0.00	2000
229	11.10	2062	2096	0.00	198	0	0	0	nan	0.00	0.02	5.68	83.19	88.90	0.00	39	0	42	0.00	0.00	64.36	7.46	0.00	0.00	2000
233	10.95	2131	2100	0.00	201	0	0	0	nan	0.00	0.04	5.44	83.60	89.05	0.00	39	0	42	0.00	0.00	65.30	7.59	0.00	0.00	2000
231	11.19	2061	2104	0.00	196	0	0	0	nan	0.00	0.03	5.96	83.12	88.81	0.00	39	0	42	0.00	0.00	64.84	7.59	0.00	0.00	2000
226	10.86	2111	2067	0.00	197	0	0	0	nan	0.00	0.00	7.26	80.51	89.14	0.00	39	0	42	0.00	0.00	63.62	7.37	0.00	0.00	2000
232	11.49	2033	2089	0.00	201	0	0	0	nan	0.00	0.00	6.86	81.27	88.51	0.00	39	0	42	0.00	0.00	62.97	7.48	0.00	0.00	2000
232	11.20	2024	2146	0.93	215	0	0	9	63.25	0.00	0.00	6.08	84.80	88.80	0.00	39	0	42	0.00	0.00	67.89	7.88	0.00	0.00	2000
231	11.16	2089	2083	0.33	201	0	0	0	nan	0.00	0.00	6.41	81.82	88.84	0.00	39	0	42	0.00	0.00	64.75	7.44	0.00	0.00	2000
230	11.12	2059	2111	0.00	196	0	0	0	nan	0.00	0.00	7.72	81.64	88.88	0.00	39	0	42	0.00	0.00	64.91	7.61	0.00	0.00	2000
230	11.09	2065	2109	0.00	199	0	0	0	nan	0.00	0.00	6.95	82.40	88.91	0.00	39	0	42	0.00	0.00	64.62	7.52	0.00	0.00	2000
230	10.90	2110	2098	0.00	198	0	0	0	nan	0.00	0.00	6.40	82.71	89.10	0.00	39	0	42	0.00	0.00	64.72	7.59	0.00	0.00	2000
229	11.10	2063	2103	0.00	199	0	0	0	nan	0.00	0.00	5.47	83.69	88.90	0.00	39	0	42	0.00	0.00	64.71	7.58	0.00	0.00	2000
224	10.97	2059	2080	0.00	201	0	0	0	nan	0.01	0.02	5.91	82.36	89.03	0.00	38	0	42	0.00	0.00	62.37	7.20	0.00	0.00	2000
228	10.73	2133	2094	0.00	197	0	0	0	nan	0.00	0.00	4.58	84.48	89.27	0.00	38	0	42	0.00	0.00	64.15	7.18	0.00	0.00	2000
231	11.08	2068	2115	0.00	196	0	0	0	nan	0.00	0.02	5.15	84.38	88.92	0.00	38	0	42	0.00	0.00	63.61	7.16	0.00	0.00	2000
231	10.74	2149	2102	0.00	214	0	0	0	nan	0.00	0.00	5.85	83.49	89.26	0.00	38	0	42	0.00	0.00	67.36	7.55	0.00	0.00	2000
232	11.46	2009	2119	0.00	193	0	0	0	nan	0.00	0.02	5.42	84.02	88.54	0.00	38	0	42	0.00	0.00	65.43	7.51	0.00	0.00	2000
224	11.07	2071	2048	0.00	203	0	0	0	nan	0.00	0.00	5.82	81.02	88.93	0.00	38	0	42	0.00	0.00	60.54	7.08	0.00	0.00	2000
233	11.07	2094	2111	0.00	213	0	0	0	nan	0.00	0.02	6.13	83.25	88.93	0.00	38	0	42	0.00	0.00	65.07	7.69	0.00	0.00	2000
233	11.18	2061	2127	0.00	212	0	0	0	nan	0.00	0.00	5.17	84.81	88.82	0.00	39	0	42	0.00	0.00	66.22	7.81	0.00	0.00	2000
227	10.99	2087	2075	0.00	217	0	0	0	nan	0.00	0.02	6.28	81.71	89.01	0.00	39	0	42	0.00	0.00	66.11	7.45	0.00	0.00	2000
234	11.08	2092	2121	0.00	198	0	0	0	nan	0.00	0.01	6.26	83.66	88.92	0.00	39	0	42	0.00	0.00	63.73	7.16	0.00	0.00	2000
229	11.07	2050	2118	0.00	214	0	0	5	22.63	0.00	0.03	6.15	83.58	88.93	0.00	39	0	42	0.00	0.00	68.25	7.91	0.00	0.00	2000
230	11.02	2092	2097	1.22	198	0	0	25	18.99	0.00	0.00	4.70	84.20	88.98	0.00	39	0	42	0.00	0.00	64.90	7.68	0.00	0.00	2000
229	11.12	2068	2093	0.00	198	0	0	0	nan	0.00	0.00	6.15	82.53	88.88	0.00	39	0	42	0.00	0.00	64.72	7.54	0.00	0.00	2000
229	10.77	2150	2077	0.00	206	0	0	0	nan	0.00	0.00	6.68	81.60	89.23	0.00	39	0	42	0.00	0.00	64.08	7.47	0.00	0.00	2000
227	10.93	2081	2091	0.00	197	0	0	0	nan	0.00	0.02	4.46	84.28	89.07	0.00	39	0	42	0.00	0.00	61.97	7.28	0.00	0.00	2000
235	11.20	2057	2143	0.00	214	0	0	0	nan	0.00	0.00	6.53	84.18	88.80	0.00	39	0	42	0.00	0.00	69.59	7.97	0.00	0.00	2000
228	11.13	2048	2097	0.00	199	0	0	0	nan	0.00	0.00	5.57	83.29	88.87	0.00	38	0	42	0.00	0.00	64.50	7.48	0.00	0.00	2000
233	11.04	2100	2108	0.00	199	0	0	0	nan	0.00	0.02	5.83	83.46	88.96	0.00	39	0	42	0.00	0.00	65.48	7.48	0.00	0.00	2000
224	11.07	2060	2060	0.00	200	0	0	0	nan	0.00	0.32	5.99	81.01	88.93	0.00	39	0	42	0.00	0.00	63.11	7.29	0.00	0.00	2000
231	11.14	2073	2105	0.00	197	0	0	0	nan	0.00	0.10	6.19	82.82	88.86	0.00	39	0	42	0.00	0.00	62.72	7.34	0.00	0.00	2000
233	10.79	2125	2134	0.00	213	0	0	0	nan	0.01	0.02	5.46	85.23	89.21	0.00	39	0	42	0.00	0.00	70.37	8.10	0.00	0.00	2000
227	10.88	2115	2069	0.00	197	0	0	0	nan	0.00	0.02	5.67	82.15	89.12	0.00	39	0	42	0.00	0.00	59.74	7.09	0.00	0.00	2000
235	11.29	2048	2131	0.00	200	0	0	0	nan	0.00	0.00	5.87	84.24	88.71	0.00	39	0	42	0.00	0.00	69.48	8.02	0.00	0.00	2000
230	10.78	2133	2100	0.00	197	0	0	0	nan	0.00	0.00	6.17	83.12	89.22	0.00	39	0	42	0.00	0.00	64.88	7.60	0.00	0.00	2000
229	11.22	2037	2101	0.00	199	0	0	0	nan	0.01	0.01	3.83	85.14	88.78	0.00	39	0	42	0.00	0.00	64.80	7.50	0.00	0.00	2000
228	10.82	2134	2076	0.00	196	0	0	0	nan	0.00	0.00	5.07	83.14	89.18	0.00	38	0	42	0.00	0.00	63.77	7.48	0.00	0.00	2000
232	11.23	2047	2121	0.00	198	0	0	0	nan	0.00	0.00	5.09	84.68	88.77	0.00	39	0	42	0.00	0.00	65.58	7.54	0.00	0.00	2000
233	11.43	2034	2106	0.00	198	0	0	2	73.78	0.00	0.02	5.78	83.13	88.57	0.00	39	0	42	0.00	0.00	65.05	7.69	0.00	0.00	2000
224	10.85	2098	2067	1.22	201	0	0	9	66.93	0.00	0.00	5.34	82.57	89.15	0.00	38	0	42	0.00	0.00	63.48	7.41	0.00	0.00	2000
229	10.92	2098	2102	0.00	197	0	0	0	nan	0.00	0.00	6.06	83.22	89.08	0.00	39	0	42	0.00	0.00	64.63	7.54	0.00	0.00	2000
232	10.93	2106	2114	0.00	196	0	0	0	nan	0.00	0.02	4.73	84.96	89.07	0.00	39	0	42	0.00	0.00	65.16	7.61	0.00	0.00	2000
225	11.22	2039	2067	0.00	198	0	0	0	nan	0.00	0.00	4.56	82.91	88.78	0.00	39	0	42	0.00	0.00	61.00	7.19	0.00	0.00	2000
237	11.09	2079	2154	0.00	217	0	0	0	nan	0.00	0.02	5.52	85.69	88.91	0.00	39	0	42	0.00	0.00	69.19	8.17	0.00	0.00	2000
226	10.90	2110	2066	0.00	198	0	0	0	nan	0.00	0.00	6.79	80.95	89.10	0.00	39	0	42	0.00	0.00	63.65	7.43	0.00	0.00	2000
228	11.13	2056	2095	0.00	198	0	0	0	nan	0.00	0.02	5.56	83.09	88.87	0.00	39	0	42	0.00	0.00	62.18	7.51	0.00	0.00	2000
229	10.94	2088	2104	0.00	213	0	0	0	nan	0.00	0.00	3.99	85.33	89.06	0.00	38	0	42	0.00	0.00	64.92	7.46	0.00	0.00	2000
233	11.07	2092	2118	0.00	218	0	0	0	nan	0.00	0.00	4.40	85.34	88.93	0.00	39	0	42	0.00	0.00	65.82	7.71	0.00	0.00	2000
225	10.90	2085	2078	0.00	213	0	0	0	nan	0.00	0.02	5.11	83.10	89.10	0.00	39	0	42	0.00	0.00	63.64	7.54	0.00	0.00	2000
232	11.09	2053	2142	0.00	214	0	0	0	nan	0.00	0.03	5.15	85.66	88.91	0.00	38	0	42	0.00	0.00	68.86	7.97	0.00	0.00	2000
237	11.71	2026	2101	0.00	195	0	0	0	nan	0.00	0.00	6.34	82.08	88.29	0.00	39	0	42	0.00	0.00	65.14	7.46	0.00	0.00	2000
231	11.25	2054	2100	0.00	198	0	0	0	nan	0.00	0.00	5.65	83.19	88.75	0.00	39	0	42	0.00	0.00	64.91	7.64	0.00	0.00	2000
229	11.52	1991	2099	0.00	203	0	0	0	nan	0.00	0.00	6.77	81.79	88.48	0.00	39	0	42	0.00	0.00	64.78	7.45	0.00	0.00	2000
225	11.04	2075	2065	0.00	198	0	0	0	nan	0.00	0.00	6.15	81.36	88.96	0.00	39	0	42	0.00	0.00	63.48	7.37	0.00	0.00	2000
231	11.14	2069	2105	0.00	198	0	0	0	nan	0.00	0.03	5.37	83.78	88.86	0.00	39	0	42	0.00	0.00	62.71	7.35	0.00	0.00	2000
231	11.09	2056	2131	0.30	215	0	0	6	68.99	0.00	0.01	4.78	85.53	88.91	0.00	39	0	42	0.00	0.00	68.42	7.96	0.00	0.00	2000
233	11.43	2039	2101	0.95	202	0	0	5	75.88	0.00	0.00	6.25	82.45	88.57	0.00	39	0	42	0.00	0.00	65.55	7.48	0.00	0.00	2000
229	10.83	2113	2100	0.00	199	0	0	0	nan	0.00	0.00	6.76	82.51	89.17	0.00	38	0	42	0.00	0.00	65.08	7.28	0.00	0.00	2000
229	10.99	2086	2100	0.00	196	0	0	0	nan	0.00	0.00	4.93	84.14	89.01	0.00	39	0	42	0.00	0.00	64.55	7.46	0.00	0.00	2000
227	10.98	2081	2088	0.00	196	0	0	0	nan	0.00	0.02	4.28	84.31	89.02	0.00	39	0	42	0.00	0.00	61.41	7.24	0.00	0.00	2000
230	11.22	2042	2110	0.00	197	0	0	0	nan	0.00	0.00	5.37	83.90	88.78	0.00	39	0	42	0.00	0.00	67.67	7.89	0.00	0.00	2000
230	10.61	2183	2085	0.00	199	0	0	0	nan	0.00	0.00	4.79	84.05	89.39	0.00	39	0	42	0.00	0.00	61.53	7.24	0.00	0.00	2000
233	11.03	2097	2118	0.00	199	0	0	0	nan	0.00	0.03	3.76	86.07	88.97	0.00	39	0	42	0.00	0.00	68.37	8.12	0.00	0.00	2000
227	11.43	1991	2099	0.00	198	0	0	0	nan	0.00	0.00	5.97	82.72	88.57	0.00	39	0	42	0.00	0.00	64.62	7.57	0.00	0.00	2000
229	11.19	2046	2097	0.00	200	0	0	0	nan	0.00	0.00	6.97	81.85	88.81	0.00	39	0	42	0.00	0.00	64.39	7.35	0.00	0.00	2000
229	11.22	2041	2100	0.00	199	0	0	0	nan	0.00	0.00	5.86	83.07	88.78	0.00	39	0	42	0.00	0.00	64.76	7.54	0.00	0.00	2000
232	11.20	2070	2102	0.00	197	0	0	0	nan	0.00	0.02	5.22	83.68	88.80	0.00	39	0	42	0.00	0.00	64.76	7.58	0.00	0.00	2000
225	10.88	2099	2066	0.00	200	0	0	0	nan	0.00	0.00	5.90	81.88	89.12	0.00	39	0	42	0.00	0.00	60.54	7.08	0.00	0.00	2000
232	10.97	2098	2119	0.00	197	0	0	0	nan	0.00	0.02	5.67	84.21	89.03	0.00	39	0	42	0.00	0.00	66.12	7.60	0.00	0.00	2000
231	10.70	2146	2114	0.00	214	0	0	0	nan	0.00	0.02	5.30	84.60	89.30	0.00	39	0	42	0.00	0.00	62.70	7.21	0.00	0.00	2000
230	10.89	2110	2100	0.00	198	0	0	0	nan	0.00	0.00	5.31	83.92	89.11	0.00	39	0	42	0.00	0.00	65.06	7.68	0.00	0.00	2000
227	10.79	2128	2073	0.00	197	0	0	0	nan	0.00	0.00	5.68	82.51	89.21	0.00	39	0	42	0.00	0.00	65.76	7.63	0.00	0.00	2000
227	11.15	2054	2083	0.27	219	0	0	6	68.12	0.00	0.01	5.67	82.54	88.85	0.00	39	0	42	0.00	0.00	64.77	7.52	0.00	0.00	2000
234	10.92	2094	2145	0.93	198	0	0	5	73.88	0.00	0.01	4.62	86.44	89.08	0.00	39	0	42	0.00	0.00	69.35	8.09	0.00	0.00	2000
229	11.43	2004	2100	0.00	196	0	0	0	nan	0.00	0.02	4.09	84.67	88.57	0.00	39	0	42	0.00	0.00	64.47	7.55	0.00	0.00	2000
227	10.95	2078	2099	0.00	197	0	0	0	nan	0.00	0.02	5.23	83.82	89.05	0.00	39	0	42	0.00	0.00	61.63	7.33	0.00	0.00	2000
232	11.39	2035	2104	0.00	198	0	0	0	nan	0.00	0.03	6.18	82.72	88.61	0.00	39	0	42	0.00	0.00	62.56	7.12	0.00	0.00	2000
225	10.90	2093	2069	0.00	198	0	0	0	nan	0.00	0.02	6.23	81.67	89.10	0.00	39	0	42	0.00	0.00	65.96	7.74	0.00	0.00	2000
233	11.20	2064	2119	0.00	217	0	0	0	nan	0.00	0.00	5.11	84.59	88.80	0.00	39	0	42	0.00	0.00	64.13	7.45	0.00	0.00	2000
228	11.22	2021	2108	0.00	195	0	0	0	nan	0.00	0.00	6.09	83.17	88.78	0.00	39	0	42	0.00	0.00	64.13	7.58	0.00	0.00	2000
226	11.05	2080	2062	0.00	196	0	0	0	nan	0.00	0.01	3.78	83.68	88.95	0.00	38	0	42	0.00	0.00	60.90	7.21	0.00	0.00	2000
234	11.00	2068	2160	0.00	253	0	0	0	nan	0.00	0.00	5.87	85.69	89.00	0.00	39	0	42	0.00	0.00	75.59	7.84	0.00	0.00	2000
229	11.21	2067	2072	0.00	223	0	0	0	nan	0.00	0.00	7.40	80.40	88.79	0.00	40	0	42	0.00	0.00	61.52	7.80	0.00	0.00	2000
229	11.00	2076	2102	0.00	214	0	0	0	nan	0.01	0.06	3.53	85.69	89.00	0.00	40	0	42	0.00	0.00	64.66	7.55	0.00	0.00	2000
230	11.05	2089	2088	0.00	199	0	0	0	nan	0.00	0.06	3.50	85.06	88.95	0.00	40	0	42	0.00	0.00	61.58	7.56	0.00	0.00	2000
228	10.99	2076	2103	0.00	195	0	0	0	nan	0.00	0.06	3.27	85.99	89.01	0.00	39	0	42	0.00	0.00	64.85	7.56	0.00	0.00	2000
228	10.97	2070	2105	0.00	196	0	0	0	nan	0.00	0.02	2.61	86.74	89.03	0.00	40	0	42	0.00	0.00	67.70	7.91	0.00	0.00	2000
229	11.05	2062	2108	0.00	210	0	0	0	nan	0.00	0.00	2.82	86.50	88.95	0.00	40	0	42	0.00	0.00	62.82	7.40	0.00	0.00	2000
230	11.11	2052	2120	0.00	193	0	0	0	nan	0.00	0.00	2.48	87.36	88.89	0.00	40	0	42	0.00	0.00	65.07	7.94	0.00	0.00	2000
229	11.07	2070	2099	0.72	195	0	0	6	39.06	0.00	0.00	3.17	85.82	88.93	0.00	39	0	42	0.00	0.00	64.71	7.52	0.00	0.00	2000
225	10.86	2098	2069	0.27	193	0	0	0	nan	0.00	0.00	3.51	84.37	89.14	0.00	40	0	42	0.00	0.00	63.54	7.52	0.00	0.00	2000
225	11.04	2041	2096	0.00	195	0	0	0	nan	0.00	0.02	2.72	86.16	88.96	0.00	40	0	42	0.00	0.00	64.64	7.23	0.00	0.00	2000
231	10.72	2131	2122	0.00	210	0	0	0	nan	0.00	0.00	3.27	86.99	89.28	0.00	40	0	42	0.00	0.00	65.21	7.92	0.00	0.00	2000
229	10.85	2121	2089	0.00	195	0	0	0	nan	0.00	0.02	3.47	85.30	89.15	0.00	40	0	42	0.00	0.00	65.49	7.70	0.00	0.00	2000
226	11.04	2058	2090	0.00	195	0	0	0	nan	0.00	0.00	2.07	86.60	88.96	0.00	40	0	42	0.00	0.00	60.80	7.17	0.00	0.00	2000
231	11.05	2051	2138	0.00	210	0	0	0	nan	0.00	0.00	2.48	88.16	88.95	0.00	40	0	42	0.00	0.00	68.94	8.15	0.00	0.00	2000
231	10.96	2107	2099	0.00	194	0	0	0	nan	0.00	0.02	3.60	85.39	89.04	0.00	40	0	42	0.00	0.00	65.30	7.62	0.00	0.00	2000
222	10.76	2096	2063	0.00	194	0	0	0	nan	0.00	0.00	3.76	84.02	89.24	0.00	40	0	42	0.00	0.00	63.24	7.46	0.00	0.00	2000
238	10.89	2165	2123	0.00	198	0	0	0	nan	0.00	0.02	3.93	86.06	89.11	0.00	40	0	42	0.00	0.00	66.32	8.04	0.00	0.00	2000
225	10.88	2078	2091	0.00	194	0	0	0	nan	0.00	0.03	2.51	86.28	89.12	0.00	40	0	42	0.00	0.00	63.95	7.65	0.00	0.00	2000
225	10.86	2092	2082	0.00	194	0	0	0	nan	0.00	0.02	2.52	85.91	89.14	0.00	40	0	42	0.00	0.00	61.49	7.20	0.00	0.00	2000
223	10.92	2058	2087	0.00	210	0	0	0	nan	0.00	0.02	2.48	86.16	89.08	0.00	40	0	42	0.00	0.00	64.41	7.44	0.00	0.00	2000
234	11.14	2085	2113	0.00	257	0	0	0	nan	0.00	0.02	3.38	86.13	88.86	0.00	40	0	42	0.00	0.00	65.03	7.84	0.00	0.00	2000
231	11.00	2069	2134	0.00	210	0	0	0	nan	0.00	0.01	2.91	87.59	89.00	0.00	39	0	42	0.00	0.00	69.10	8.04	0.00	0.00	2000
226	10.86	2102	2084	0.00	195	0	0	0	nan	0.01	0.00	3.73	84.81	89.14	0.00	40	0	42	0.00	0.00	63.31	7.55	0.00	0.00	2000
226	10.92	2071	2096	0.00	196	0	0	2	57.50	0.00	0.01	2.60	86.38	89.08	0.00	40	0	42	0.00	0.00	62.36	7.47	0.00	0.00	2000
229	10.97	2085	2099	0.81	212	0	0	6	56.35	0.00	0.01	3.56	85.53	89.03	0.00	40	0	42	0.00	0.00	64.63	7.68	0.00	0.00	2000
230	10.82	2098	2131	0.00	210	0	0	0	nan	0.00	0.00	3.04	87.46	89.18	0.00	40	0	42	0.00	0.00	68.94	7.99	0.00	0.00	2000
228	10.96	2083	2097	0.00	193	0	0	0	nan	0.00	0.00	3.73	85.27	89.04	0.00	40	0	42	0.00	0.00	64.53	7.51	0.00	0.00	2000
223	10.54	2143	2074	0.00	194	0	0	0	nan	0.00	0.00	3.64	84.85	89.46	0.00	40	0	42	0.00	0.00	63.68	7.49	0.00	0.00	2000
234	11.13	2075	2130	0.00	196	0	0	0	nan	0.01	0.00	4.02	86.21	88.87	0.00	40	0	42	0.00	0.00	66.23	8.02	0.00	0.00	2000
228	10.79	2118	2099	0.00	194	0	0	0	nan	0.00	0.02	3.65	85.40	89.21	0.00	40	0	42	0.00	0.00	65.10	7.69	0.00	0.00	2000
226	10.92	2092	2077	0.00	193	0	0	0	nan	0.00	0.00	3.59	84.59	89.08	0.00	39	0	42	0.00	0.00	63.33	7.61	0.00	0.00	2000
269	12.28	2163	2127	0.00	194	0	0	0	nan	0.00	0.02	2.64	86.18	87.72	0.00	40	0	42	0.00	0.00	66.68	7.64	0.00	0.00	2000
224	11.01	2064	2066	0.00	195	0	0	0	nan	0.00	0.00	3.62	84.07	88.99	0.00	40	0	42	0.00	0.00	62.95	7.42	0.00	0.00	2000
229	10.67	2125	2119	0.00	194	0	0	0	nan	0.00	0.00	2.50	87.68	89.33	0.00	40	0	42	0.00	0.00	65.54	7.76	0.00	0.00	2000
233	10.89	2120	2116	0.00	194	0	0	0	nan	0.00	0.03	2.65	87.22	89.11	0.00	40	0	42	0.00	0.00	65.68	7.61	0.00	0.00	2000
221	10.95	2056	2064	0.00	194	0	0	0	nan	0.00	0.00	3.09	84.48	89.05	0.00	40	0	42	0.00	0.00	63.09	7.36	0.00	0.00	2000
227	11.01	2061	2099	0.00	211	0	0	0	nan	0.00	0.01	3.38	85.67	88.99	0.00	40	0	42	0.00	0.00	63.37	8.25	0.00	0.00	2000
231	10.85	2109	2123	0.00	194	0	0	0	nan	0.00	0.00	2.96	87.27	89.15	0.00	40	0	42	0.00	0.00	70.43	9.78	0.00	0.00	2000
230	10.92	2122	2088	0.00	195	0	0	0	nan	0.00	0.00	3.86	84.71	89.08	0.00	40	0	42	0.00	0.00	64.73	7.90	0.00	0.00	2000
233	11.11	2073	2126	0.00	194	0	0	0	nan	0.00	0.02	2.77	87.25	88.89	0.00	40	0	42	0.00	0.00	66.34	7.81	0.00	0.00	2000
210	10.55	2029	2062	0.00	208	0	0	2	68.30	0.00	0.02	5.00	82.92	89.45	0.00	38	0	42	0.00	0.00	63.92	7.63	0.00	0.00	2000
110	7.96	1372	2106	0.29	218	0	0	3	87.42	0.00	0.04	6.03	86.27	92.04	0.00	37	0	42	0.00	0.00	60.58	7.66	0.00	0.00	2000
81	6.85	1169	2128	0.00	196	0	0	0	nan	0.00	0.00	4.27	89.99	93.15	0.00	37	0	42	0.00	0.00	60.35	7.63	0.00	0.00	2000
73	6.35	1152	2092	0.00	194	0	0	0	nan	0.00	0.00	2.65	90.57	93.65	0.00	37	0	42	0.00	0.00	60.25	7.79	0.00	0.00	2000
76	6.80	1108	2110	0.00	194	0	0	0	nan	0.00	0.00	3.14	90.54	93.20	0.00	37	0	42	0.00	0.00	61.72	7.87	0.00	0.00	2000
