Avg_MHz	Busy%	Bzy_MHz	TSC_MHz	IPC	IRQ	NMI	SMI	LLCMRPS	LLC%hit	POLL%	C1%	C1E%	C6%	CPU%c1	CPU%c6	CoreTmp	CoreThr	PkgTmp	Pkg%pc2	Pkg%pc6	PkgWatt	RAMWatt	PKG_%	RAM_%	UncMHz
332	18.94	1819	2021	0.00	245	0	0	0	nan	0.00	0.00	28.38	49.58	81.06	0.00	37	0	42	0.00	0.00	62.49	7.54	0.00	0.00	2000
356	15.88	2088	2252	0.00	246	0	0	0	nan	0.06	1.17	21.56	67.75	84.12	0.00	37	0	41	0.00	0.00	73.47	8.13	0.00	0.00	2000
78	6.92	1115	2125	0.00	210	0	0	0	nan	0.00	0.00	7.73	86.40	93.08	0.00	36	0	42	0.00	0.00	58.47	7.53	0.00	0.00	2000
73	6.53	1135	2071	0.00	193	0	0	0	nan	0.00	0.02	3.17	89.07	93.47	0.00	36	0	42	0.00	0.00	59.00	7.30	0.00	0.00	2000
74	6.80	1084	2117	0.00	193	0	0	0	nan	0.00	0.03	4.08	89.82	93.20	0.00	36	0	42	0.00	0.00	58.87	7.58	0.00	0.00	2000
74	6.63	1117	2098	0.00	194	0	0	0	nan	0.00	0.00	3.94	89.29	93.37	0.00	36	0	42	0.00	0.00	59.32	7.41	0.00	0.00	2000
73	6.70	1086	2092	0.00	194	0	0	0	nan	0.00	0.00	4.46	88.59	93.30	0.00	36	0	42	0.00	0.00	58.64	7.29	0.00	0.00	2000
73	6.78	1062	2125	0.00	193	0	0	0	nan	0.00	0.00	4.08	90.26	93.22	0.00	36	0	42	0.00	0.00	58.47	7.35	0.00	0.00	2000
73	6.58	1120	2095	0.00	193	0	0	0	nan	0.00	0.00	3.14	90.01	93.42	0.00	36	0	42	0.00	0.00	60.86	7.67	0.00	0.00	2000
74	6.57	1119	2110	0.00	193	0	0	0	nan	0.00	0.00	3.32	90.53	93.43	0.00	36	0	42	0.00	0.00	58.38	7.52	0.00	0.00	2000
74	6.72	1098	2096	0.00	194	0	0	0	nan	0.00	0.00	3.74	89.42	93.28	0.00	36	0	42	0.00	0.00	59.09	7.29	0.00	0.00	2000
72	6.38	1140	2068	0.00	193	0	0	0	nan	0.00	0.00	3.06	89.11	93.62	0.00	36	0	42	0.00	0.00	58.66	7.46	0.00	0.00	2000
72	6.95	1037	2101	0.00	194	0	0	0	nan	0.00	0.00	3.95	89.21	93.05	0.00	36	0	42	0.00	0.00	59.57	7.64	0.00	0.00	2000
72	6.38	1112	2116	0.00	193	0	0	0	nan	0.00	0.02	2.32	91.93	93.62	0.00	37	0	42	0.00	0.00	57.62	7.34	0.00	0.00	2000
74	6.48	1129	2117	0.00	194	0	0	0	nan	0.00	0.01	1.98	92.30	93.52	0.00	36	0	42	0.00	0.00	59.62	7.52	0.00	0.00	2000
72	6.60	1092	2098	0.00	194	0	0	1	89.73	0.00	0.01	3.20	90.11	93.40	0.00	36	0	42	0.00	0.00	59.32	7.67	0.00	0.00	2000
74	6.56	1129	2097	0.08	193	0	0	1	88.13	0.00	0.02	3.10	90.23	93.44	0.00	36	0	42	0.00	0.00	58.91	7.44	0.00	0.00	2000
73	6.68	1110	2072	0.00	197	0	0	0	nan	0.00	0.01	3.68	88.34	93.32	0.00	36	0	42	0.00	0.00	57.55	7.44	0.00	0.00	2000
145	8.65	1680	2095	0.00	215	0	0	0	nan	0.00	0.02	3.38	87.77	91.35	0.00	37	0	42	0.00	0.00	64.88	7.98	0.00	0.00	2000
233	11.23	2046	2128	0.00	220	0	0	0	nan	0.00	0.00	5.23	84.76	88.77	0.00	39	0	42	0.00	0.00	64.92	7.69	0.00	0.00	2000
229	10.99	2088	2095	0.00	202	0	0	0	nan	0.00	0.00	3.66	85.12	89.01	0.00	39	0	42	0.00	0.00	66.33	7.72	0.00	0.00	2000
226	11.25	2031	2081	0.00	212	0	0	0	nan	0.00	0.00	3.10	84.93	88.75	0.00	40	0	42	0.00	0.00	64.01	7.49	0.00	0.00	2000
237	11.72	1999	2125	0.00	214	0	0	0	nan	0.00	0.00	6.56	82.88	88.28	0.00	38	0	42	0.00	0.00	64.04	7.65	0.00	0.00	2000
232	11.58	2002	2101	0.00	212	0	0	0	nan	0.00	0.00	8.31	80.29	88.42	0.00	37	0	42	0.00	0.00	66.05	7.82	0.00	0.00	2000
226	12.85	2070	1784	0.00	196	0	0	0	nan	0.00	0.00	4.69	69.45	87.15	0.00	36	0	42	0.00	0.00	54.26	6.48	0.00	0.00	2000
239	9.90	2031	2498	0.00	229	0	0	0	nan	0.00	0.00	9.20	98.16	90.10	0.00	37	0	42	0.00	0.00	78.28	9.86	0.00	0.00	2000
224	10.80	2077	2096	0.00	197	0	0	0	nan	0.00	0.00	7.25	81.91	89.20	0.00	37	0	42	0.00	0.00	64.89	7.94	0.00	0.00	2000
224	10.87	2058	2099	0.00	196	0	0	0	nan	0.00	0.02	5.90	83.29	89.13	0.00	37	0	42	0.00	0.00	65.53	7.73	0.00	0.00	2000
223	10.81	2058	2103	0.00	194	0	0	0	nan	0.00	0.02	6.86	82.56	89.19	0.00	38	0	42	0.00	0.00	65.91	7.75	0.00	0.00	2000
221	10.83	2083	2055	0.00	196	0	0	0	nan	0.00	0.00	5.84	81.55	89.17	0.00	38	0	42	0.00	0.00	64.33	7.50	0.00	0.00	2000
224	10.70	2089	2107	0.00	196	0	0	0	nan	0.00	0.02	7.10	82.52	89.30	0.00	38	0	42	0.00	0.00	63.94	7.48	0.00	0.00	2000
222	10.76	2035	2129	0.00	196	0	0	0	nan	0.00	0.00	8.34	82.26	89.24	0.00	38	0	42	0.00	0.00	67.90	7.92	0.00	0.00	2000
223	10.89	2034	2113	0.00	195	0	0	9	78.42	0.00	0.03	7.92	81.85	89.11	0.00	38	0	42	0.00	0.00	63.20	7.77	0.00	0.00	2000
224	10.81	2071	2098	0.67	196	0	0	11	91.12	0.00	0.03	4.35	84.88	89.19	0.00	38	0	42	0.00	0.00	65.86	7.34	0.00	0.00	2000
223	10.50	2124	2095	0.00	196	0	0	0	nan	0.01	0.52	2.63	86.21	89.50	0.00	38	0	42	0.00	0.00	65.36	7.58	0.00	0.00	2000
223	11.14	2095	2005	0.00	202	0	0	0	nan	0.00	0.01	5.16	79.66	88.86	0.00	39	0	42	0.00	0.00	63.52	7.29	0.00	0.00	2000
226	10.28	2126	2167	0.00	199	0	0	0	nan	0.00	0.51	7.22	84.93	89.72	0.00	39	0	42	0.00	0.00	65.77	7.45	0.00	0.00	2000
224	11.22	2076	2023	0.00	201	0	0	0	nan	0.00	0.01	6.65	78.92	88.78	0.00	36	0	42	0.00	0.00	58.77	6.85	0.00	0.00	2000
240	10.94	2060	2234	0.00	245	0	0	0	nan	0.00	0.01	6.08	88.70	89.06	0.00	37	0	42	0.00	0.00	73.90	8.35	0.00	0.00	2000
226	11.19	2063	2061	0.00	201	0	0	0	nan	0.00	0.52	5.62	81.09	88.81	0.00	37	0	42	0.00	0.00	65.35	7.66	0.00	0.00	2000
234	11.17	2066	2133	0.00	214	0	0	0	nan	0.00	0.02	5.17	85.21	88.83	0.00	37	0	42	0.00	0.00	68.32	7.91	0.00	0.00	2000
229	11.27	2040	2091	0.00	199	0	0	0	nan	0.00	0.00	5.35	83.08	88.73	0.00	38	0	42	0.00	0.00	63.42	7.32	0.00	0.00	2000
225	10.45	2175	2081	0.00	196	0	0	0	nan	0.00	0.00	4.90	83.90	89.55	0.00	38	0	42	0.00	0.00	64.44	7.43	0.00	0.00	2000
234	10.80	2159	2104	0.00	198	0	0	0	nan	0.00	0.00	5.21	84.22	89.20	0.00	38	0	42	0.00	0.00	65.59	7.65	0.00	0.00	2000
237	11.39	2051	2131	0.00	202	0	0	0	nan	0.00	0.00	5.01	84.99	88.61	0.00	38	0	42	0.00	0.00	66.80	7.99	0.00	0.00	2000
228	11.40	2035	2067	0.00	199	0	0	0	nan	0.00	0.01	6.98	80.22	88.60	0.00	37	0	42	0.00	0.00	64.64	7.57	0.00	0.00	2000
234	11.28	2043	2134	0.00	213	0	0	0	nan	0.00	2.00	5.80	82.53	88.72	0.00	38	0	42	0.00	0.00	68.56	8.11	0.00	0.00	2000
225	10.84	2111	2067	0.00	199	0	0	0	nan	0.00	0.98	8.16	78.72	89.16	0.00	38	0	42	0.00	0.00	64.43	7.45	0.00	0.00	2000
228	11.54	2036	2039	0.00	200	0	0	0	nan	0.00	0.00	4.83	81.25	88.46	0.00	36	0	42	0.00	0.00	56.56	6.89	0.00	0.00	2000
239	11.03	2059	2211	0.42	247	0	0	10	51.66	0.00	0.00	11.06	82.72	88.97	0.00	36	0	42	0.00	0.00	75.21	8.83	0.00	0.00	2000
225	10.80	2083	2100	0.23	194	0	0	0	nan	0.00	0.00	5.32	83.93	89.20	0.00	37	0	42	0.00	0.00	65.50	8.02	0.00	0.00	2000
228	10.91	2092	2097	0.00	198	0	0	0	nan	0.00	0.02	6.86	82.15	89.09	0.00	38	0	42	0.00	0.00	66.15	7.94	0.00	0.00	2000
224	10.92	2050	2100	0.00	201	0	0	0	nan	0.00	0.02	5.99	83.22	89.09	0.00	38	0	42	0.00	0.00	65.57	7.77	0.00	0.00	2000
224	10.87	2060	2097	0.00	196	0	0	0	nan	0.00	0.01	6.37	82.74	89.13	0.00	39	0	42	0.00	0.00	65.39	7.77	0.00	0.00	2000
223	10.63	2091	2107	0.00	194	0	0	0	nan	0.00	0.02	5.45	84.27	89.37	0.00	38	0	42	0.00	0.00	64.29	7.42	0.00	0.00	2000
464	21.10	2407	1919	0.00	213	0	0	0	nan	0.00	0.00	5.60	66.61	78.90	0.00	39	0	42	0.00	0.00	64.73	7.69	0.00	0.00	2000
687	27.43	2500	2105	0.00	264	0	0	0	nan	0.00	0.00	4.95	67.90	72.57	0.00	40	0	42	0.00	0.00	79.10	8.76	0.00	0.00	2000
685	27.39	2500	2101	0.00	236	0	0	0	nan	0.00	0.00	3.74	69.01	72.61	0.00	41	0	42	0.00	0.00	78.63	8.47	0.00	0.00	2000
689	27.60	2500	2098	0.00	294	0	0	0	nan	0.00	0.00	5.73	66.72	72.40	0.00	41	0	42	0.00	0.00	77.94	8.05	0.00	0.00	2000
685	27.40	2500	2102	0.00	236	0	0	0	nan	0.00	0.00	3.66	69.11	72.60	0.00	41	0	42	0.00	0.00	78.06	8.28	0.00	0.00	2000
684	27.36	2500	2100	0.00	276	0	0	0	nan	0.00	0.00	3.31	69.45	72.64	0.00	42	0	42	0.00	0.00	77.85	8.28	0.00	0.00	2000
682	27.38	2500	2094	0.00	235	0	0	0	nan	0.00	0.00	3.29	69.23	72.62	0.00	41	0	42	0.00	0.00	77.60	7.89	0.00	0.00	2000
689	27.48	2500	2105	0.00	279	0	0	0	nan	0.00	0.00	3.62	69.20	72.52	0.00	42	0	42	0.00	0.00	78.19	7.73	0.00	0.00	2000
684	27.36	2500	2100	0.00	250	0	0	0	nan	0.00	0.00	3.97	68.80	72.64	0.00	42	0	42	0.00	0.00	77.90	7.78	0.00	0.00	2000
688	27.50	2500	2100	1.79	260	0	0	40	90.26	0.00	0.01	3.43	69.19	72.50	0.00	42	0	42	0.00	0.00	78.02	7.61	0.00	0.00	2000
686	27.46	2500	2099	0.00	251	0	0	0	nan	0.00	0.00	3.96	68.68	72.54	0.00	42	0	42	0.00	0.00	77.59	7.73	0.00	0.00	2000
693	27.72	2500	2099	0.00	261	0	0	0	nan	0.00	0.00	4.04	68.34	72.28	0.00	42	0	42	0.00	0.00	78.06	7.72	0.00	0.00	2000
685	27.40	2500	2101	0.00	251	0	0	0	nan	0.00	0.00	3.93	68.83	72.60	0.00	42	0	42	0.00	0.00	77.72	7.61	0.00	0.00	2000
687	27.49	2500	2100	0.00	262	0	0	0	nan	0.00	0.00	3.80	68.82	72.51	0.00	41	0	42	0.00	0.00	77.92	7.56	0.00	0.00	2000
685	27.40	2500	2100	0.00	252	0	0	0	nan	0.00	0.00	3.51	69.22	72.60	0.00	42	0	42	0.00	0.00	77.87	7.77	0.00	0.00	2000
688	27.54	2500	2099	0.00	259	0	0	0	nan	0.00	0.00	3.42	69.12	72.46	0.00	42	0	42	0.00	0.00	78.13	7.73	0.00	0.00	2000
686	27.41	2500	2101	0.00	254	0	0	0	nan	0.00	0.00	4.38	68.34	72.59	0.00	42	0	42	0.00	0.00	77.86	7.59	0.00	0.00	2000
693	27.53	2500	2113	0.00	252	0	0	0	nan	0.00	0.00	4.94	68.11	72.47	0.00	42	0	42	0.00	0.00	77.69	7.73	0.00	0.00	2000
684	27.51	2500	2088	0.00	246	0	0	0	nan	0.00	0.00	4.18	68.01	72.49	0.00	42	0	42	0.00	0.00	75.32	7.47	0.00	0.00	2000
688	27.53	2500	2100	0.00	251	0	0	0	nan	0.00	0.00	3.81	68.78	72.47	0.00	42	0	42	0.00	0.00	78.38	7.78	0.00	0.00	2000
685	27.42	2500	2099	0.00	262	0	0	0	nan	0.00	0.01	3.83	68.83	72.58	0.00	42	0	42	0.00	0.00	79.91	7.98	0.00	0.00	2000
688	27.52	2500	2101	0.00	251	0	0	0	nan	0.00	0.00	3.81	68.82	72.48	0.00	42	0	42	0.00	0.00	75.80	7.35	0.00	0.00	2000
685	27.38	2500	2100	0.00	261	0	0	2	83.30	0.00	0.00	3.83	68.91	72.62	0.00	42	0	42	0.00	0.00	77.86	7.62	0.00	0.00	2000
688	27.53	2500	2100	1.78	251	0	0	40	90.12	0.00	0.00	4.11	68.46	72.47	0.00	42	0	42	0.00	0.00	77.94	7.75	0.00	0.00	2000
686	27.44	2500	2100	0.00	262	0	0	0	nan	0.00	0.00	3.85	68.82	72.56	0.00	42	0	42	0.00	0.00	77.57	7.47	0.00	0.00	2000
688	27.52	2500	2100	0.00	251	0	0	0	nan	0.00	0.01	3.81	68.77	72.48	0.00	42	0	42	0.00	0.00	78.17	7.72	0.00	0.00	2000
685	27.40	2500	2101	0.00	262	0	0	0	nan	0.00	0.00	3.16	69.58	72.60	0.00	41	0	42	0.00	0.00	77.92	7.67	0.00	0.00	2000
688	27.53	2500	2100	0.00	252	0	0	0	nan	0.00	0.00	3.92	68.66	72.47	0.00	41	0	42	0.00	0.00	77.88	7.72	0.00	0.00	2000
685	27.39	2500	2100	0.00	259	0	0	0	nan	0.00	0.00	3.48	69.23	72.61	0.00	42	0	42	0.00	0.00	77.90	7.73	0.00	0.00	2000
689	27.54	2500	2100	0.00	251	0	0	0	nan	0.00	0.00	4.14	68.45	72.46	0.00	42	0	42	0.00	0.00	77.80	7.69	0.00	0.00	2000
686	27.43	2500	2099	0.00	261	0	0	0	nan	0.00	0.00	4.21	68.46	72.57	0.00	42	0	42	0.00	0.00	78.05	7.64	0.00	0.00	2000
688	27.52	2500	2099	0.00	252	0	0	0	nan	0.00	0.00	4.20	68.37	72.48	0.00	42	0	42	0.00	0.00	78.06	7.65	0.00	0.00	2000
685	27.39	2500	2100	0.00	261	0	0	0	nan	0.00	0.00	3.80	68.93	72.61	0.00	42	0	42	0.00	0.00	77.75	7.79	0.00	0.00	2000
689	27.54	2500	2100	0.00	252	0	0	0	nan	0.00	0.00	3.88	68.68	72.46	0.00	42	0	42	0.00	0.00	78.03	7.68	0.00	0.00	2000
686	27.44	2500	2101	0.00	265	0	0	0	nan	0.00	0.00	3.90	68.82	72.56	0.00	42	0	42	0.00	0.00	77.83	7.63	0.00	0.00	2000
688	27.52	2500	2100	0.00	251	0	0	0	nan	0.00	0.00	3.77	68.82	72.48	0.00	42	0	42	0.00	0.00	77.83	7.57	0.00	0.00	2000
685	27.39	2500	2100	0.11	260	0	0	20	89.53	0.00	0.00	3.81	68.92	72.61	0.00	42	0	42	0.00	0.00	77.62	7.64	0.00	0.00	2000
689	27.56	2500	2099	1.65	252	0	0	23	88.62	0.00	0.00	4.57	67.98	72.44	0.00	42	0	42	0.00	0.00	77.84	7.65	0.00	0.00	2000
686	27.43	2500	2100	0.00	261	0	0	0	nan	0.00	0.00	3.12	69.55	72.57	0.00	42	0	42	0.00	0.00	77.96	7.75	0.00	0.00	2000
688	27.52	2500	2100	0.00	251	0	0	0	nan	0.00	0.00	4.15	68.45	72.48	0.00	42	0	42	0.00	0.00	77.93	7.76	0.00	0.00	2000
686	27.43	2500	2101	0.00	260	0	0	0	nan	0.00	0.00	4.24	68.49	72.57	0.00	42	0	42	0.00	0.00	77.80	7.69	0.00	0.00	2000
688	27.54	2500	2099	0.00	252	0	0	0	nan	0.00	0.00	4.13	68.42	72.46	0.00	42	0	42	0.00	0.00	77.92	7.73	0.00	0.00	2000
684	27.38	2500	2100	0.00	260	0	0	0	nan	0.00	0.00	3.80	68.93	72.62	0.00	42	0	42	0.00	0.00	77.80	7.73	0.00	0.00	2000
688	27.54	2500	2099	0.00	251	0	0	0	nan	0.00	0.00	3.79	68.77	72.46	0.00	42	0	42	0.00	0.00	77.81	7.65	0.00	0.00	2000
687	27.45	2500	2101	0.00	262	0	0	0	nan	0.00	0.00	4.19	68.51	72.55	0.00	42	0	42	0.00	0.00	78.02	7.73	0.00	0.00	2000
687	27.50	2500	2100	0.00	251	0	0	0	nan	0.00	0.00	3.79	68.82	72.50	0.00	42	0	42	0.00	0.00	77.66	7.88	0.00	0.00	2000
685	27.42	2500	2099	0.00	261	0	0	0	nan	0.00	0.00	3.45	69.22	72.58	0.00	42	0	42	0.00	0.00	77.65	7.86	0.00	0.00	2000
689	27.54	2500	2101	0.00	252	0	0	0	nan	0.00	0.00	4.26	68.35	72.46	0.00	42	0	42	0.00	0.00	78.03	7.82	0.00	0.00	2000
685	27.43	2500	2099	0.00	259	0	0	0	nan	0.00	0.01	3.13	69.51	72.57	0.00	42	0	42	0.00	0.00	77.73	7.85	0.00	0.00	2000
689	27.53	2500	2101	0.00	251	0	0	0	nan	0.00	0.00	3.12	69.49	72.47	0.00	42	0	42	0.00	0.00	77.81	7.80	0.00	0.00	2000
688	27.52	2500	2100	1.02	263	0	0	39	87.61	0.00	0.00	5.25	67.34	72.48	0.00	42	0	42	0.00	0.00	77.88	7.75	0.00	0.00	2000
689	27.56	2500	2099	0.77	253	0	0	4	84.66	0.00	0.00	3.91	68.62	72.44	0.00	42	0	42	0.00	0.00	77.93	7.72	0.00	0.00	2000
688	27.52	2500	2100	0.00	263	0	0	0	nan	0.00	0.00	4.01	68.59	72.48	0.00	42	0	42	0.00	0.00	77.79	7.76	0.00	0.00	2000
684	27.52	2500	2088	0.00	251	0	0	0	nan	0.00	0.00	3.93	68.27	72.48	0.00	42	0	42	0.00	0.00	77.42	7.67	0.00	0.00	2000
690	27.46	2500	2112	0.00	260	0	0	0	nan	0.00	0.00	3.48	69.59	72.54	0.00	42	0	42	0.00	0.00	78.16	7.80	0.00	0.00	2000
686	27.46	2500	2100	0.00	251	0	0	0	nan	0.00	0.00	3.53	69.13	72.54	0.00	42	0	42	0.00	0.00	78.02	7.68	0.00	0.00	2000
688	27.52	2500	2100	0.00	258	0	0	0	nan	0.00	0.00	3.72	68.88	72.48	0.00	42	0	42	0.00	0.00	77.90	7.69	0.00	0.00	2000
687	27.49	2500	2100	0.00	250	0	0	0	nan	0.00	0.00	3.60	69.02	72.51	0.00	42	0	42	0.00	0.00	77.81	7.83	0.00	0.00	2000
686	27.47	2500	2099	0.00	260	0	0	0	nan	0.00	0.00	3.40	69.21	72.53	0.00	42	0	42	0.00	0.00	77.87	7.76	0.00	0.00	2000
686	27.43	2500	2101	0.00	251	0	0	0	nan	0.00	0.00	3.45	69.27	72.57	0.00	42	0	42	0.00	0.00	77.90	7.82	0.00	0.00	2000
688	27.50	2500	2100	0.00	260	0	0	0	nan	0.00	0.02	3.47	69.15	72.50	0.00	42	0	42	0.00	0.00	77.87	7.64	0.00	0.00	2000
686	27.43	2500	2100	0.00	251	0	0	0	nan	0.00	0.00	3.13	69.56	72.57	0.00	42	0	42	0.00	0.00	77.80	7.80	0.00	0.00	2000
690	27.48	2500	2110	0.00	251	0	0	0	nan	0.00	0.00	4.02	68.95	72.52	0.00	42	0	42	0.00	0.00	78.04	7.70	0.00	0.00	2000
687	27.64	2500	2089	0.00	244	0	0	0	nan	0.00	0.00	3.38	68.72	72.36	0.00	42	0	42	0.00	0.00	72.36	7.50	0.00	0.00	2000
689	27.54	2500	2102	1.68	252	0	0	40	87.23	0.00	0.01	3.73	68.90	72.46	0.00	42	0	42	0.00	0.00	83.55	7.71	0.00	0.00	2000
687	27.46	2500	2100	0.10	259	0	0	0	nan	0.00	0.00	3.43	69.24	72.54	0.00	42	0	42	0.00	0.00	77.90	7.86	0.00	0.00	2000
688	27.51	2500	2099	0.00	251	0	0	0	nan	0.00	0.00	3.78	68.81	72.49	0.00	43	0	43	0.00	0.00	77.78	8.08	0.00	0.00	2000
690	26.87	2500	2157	0.00	267	0	0	0	nan	0.00	0.00	5.53	69.70	73.13	0.00	42	0	42	0.00	0.00	74.66	7.41	0.00	0.00	2000
687	27.51	2500	2099	0.00	252	0	0	0	nan	0.00	0.00	3.66	68.92	72.49	0.00	42	0	42	0.00	0.00	77.91	7.73	0.00	0.00	2000
686	27.43	2500	2101	0.00	261	0	0	0	nan	0.00	0.00	3.37	69.34	72.57	0.00	42	0	42	0.00	0.00	78.14	7.82	0.00	0.00	2000
688	27.52	2500	2100	0.00	253	0	0	0	nan	0.00	0.00	3.73	68.86	72.48	0.00	43	0	43	0.00	0.00	77.96	7.64	0.00	0.00	2000
686	27.43	2500	2101	0.00	261	0	0	0	nan	0.00	0.00	3.05	69.68	72.57	0.00	42	0	42	0.00	0.00	77.91	7.64	0.00	0.00	2000
686	27.46	2500	2099	0.00	252	0	0	0	nan	0.00	0.00	3.39	69.24	72.54	0.00	42	0	42	0.00	0.00	77.95	7.61	0.00	0.00	2000
703	27.67	2500	2134	0.00	261	0	0	0	nan	0.00	0.00	4.02	69.60	72.33	0.00	42	0	42	0.00	0.00	80.93	7.90	0.00	0.00	2000
672	27.30	2500	2068	0.00	237	0	0	0	nan	0.00	0.00	3.20	68.51	72.70	0.00	42	0	42	0.00	0.00	74.99	7.34	0.00	0.00	2000
686	27.43	2500	2100	0.00	260	0	0	0	nan	0.00	0.00	3.38	69.31	72.57	0.00	42	0	42	0.00	0.00	78.01	7.68	0.00	0.00	2000
687	27.46	2500	2100	0.00	250	0	0	0	nan	0.00	0.00	3.71	68.96	72.54	0.00	42	0	42	0.00	0.00	77.76	7.65	0.00	0.00	2000
686	27.45	2500	2099	0.00	261	0	0	0	90.70	0.00	0.00	3.76	68.88	72.55	0.00	42	0	42	0.00	0.00	78.00	7.65	0.00	0.00	2000
687	27.48	2500	2101	1.80	251	0	0	41	89.00	0.00	0.00	3.36	69.29	72.52	0.00	42	0	42	0.00	0.00	77.90	7.64	0.00	0.00	2000
686	27.44	2500	2100	0.00	260	0	0	0	nan	0.00	0.00	3.04	69.62	72.56	0.00	42	0	42	0.00	0.00	78.02	7.61	0.00	0.00	2000
696	27.85	2500	2098	0.00	251	0	0	0	nan	0.00	0.00	4.60	67.62	72.15	0.00	42	0	42	0.00	0.00	77.87	7.72	0.00	0.00	2000
687	27.47	2500	2102	0.00	260	0	0	0	nan	0.00	0.00	4.09	68.64	72.53	0.00	42	0	42	0.00	0.00	78.04	7.73	0.00	0.00	2000
705	26.80	2500	2208	0.00	292	0	0	0	nan	0.00	0.00	6.91	70.19	73.20	0.00	41	0	42	0.00	0.00	87.12	8.43	0.00	0.00	2000
226	10.95	2078	2084	0.00	206	0	0	0	nan	0.00	0.45	7.73	80.30	89.05	0.00	38	0	42	0.00	0.00	59.73	7.01	0.00	0.00	2000
207	10.16	1996	2144	0.00	245	0	0	0	nan	0.00	0.00	10.07	81.67	89.84	0.00	38	0	42	0.00	0.00	69.08	8.46	0.00	0.00	2000
107	7.96	1343	2095	0.00	239	0	0	0	nan	0.00	1.00	10.56	80.43	92.04	0.00	37	0	42	0.00	0.00	67.12	8.14	0.00	0.00	2000
77	6.98	1109	2099	0.00	193	0	0	0	nan	0.00	0.00	4.22	88.77	93.02	0.00	37	0	42	0.00	0.00	54.72	6.98	0.00	0.00	2000
74	6.83	1074	2106	0.00	193	0	0	0	nan	0.00	0.00	4.26	89.20	93.17	0.00	37	0	42	0.00	0.00	63.54	8.13	0.00	0.00	2000
76	6.79	1125	2095	0.00	177	0	0	0	nan	0.00	0.00	4.86	88.16	93.21	0.00	37	0	42	0.00	0.00	59.42	7.61	0.00	0.00	2000
