Avg_MHz	Busy%	Bzy_MHz	TSC_MHz	IPC	IRQ	NMI	SMI	LLCMRPS	LLC%hit	POLL%	C1%	C1E%	C6%	CPU%c1	CPU%c6	CoreTmp	CoreThr	PkgTmp	Pkg%pc2	Pkg%pc6	PkgWatt	RAMWatt	PKG_%	RAM_%	UncMHz
202	12.15	1594	2185	0.00	237	0	0	0	nan	0.00	0.00	32.68	58.53	87.85	0.00	37	0	42	0.00	0.00	65.96	7.95	0.00	0.00	2000
371	17.79	2247	1948	0.00	200	0	0	0	nan	0.00	1.04	12.02	63.48	82.21	0.00	36	0	42	0.00	0.00	60.79	6.62	0.00	0.00	2000
218	11.42	1785	2245	0.00	232	0	0	0	nan	0.00	0.16	14.65	79.97	88.58	0.00	36	0	42	0.00	0.00	71.52	8.42	0.00	0.00	2000
75	6.85	1099	2101	0.00	198	0	0	0	nan	0.00	0.01	3.37	89.83	93.15	0.00	36	0	42	0.00	0.00	58.42	7.31	0.00	0.00	2000
74	6.52	1129	2110	0.00	195	0	0	0	nan	0.00	0.00	2.79	91.12	93.48	0.00	36	0	41	0.00	0.00	59.43	7.48	0.00	0.00	2000
74	6.69	1091	2120	0.00	194	0	0	0	nan	0.00	0.02	2.74	91.47	93.31	0.00	37	0	41	0.00	0.00	60.54	7.64	0.00	0.00	2000
74	6.57	1127	2096	0.00	193	0	0	0	nan	0.00	0.00	2.75	90.51	93.43	0.00	36	0	42	0.00	0.00	59.02	7.40	0.00	0.00	2000
73	6.57	1117	2093	0.00	197	0	0	0	nan	0.00	0.03	4.49	88.49	93.43	0.00	36	0	42	0.00	0.00	58.07	7.25	0.00	0.00	2000
72	6.45	1121	2098	0.00	194	0	0	0	nan	0.00	0.00	3.45	89.96	93.55	0.00	36	0	42	0.00	0.00	57.01	7.04	0.00	0.00	2000
72	6.60	1090	2107	0.00	194	0	0	0	nan	0.00	0.00	3.22	90.49	93.40	0.00	36	0	42	0.00	0.00	59.32	7.36	0.00	0.00	2000
74	6.59	1120	2097	0.00	193	0	0	0	nan	0.00	0.02	3.58	89.80	93.41	0.00	36	0	42	0.00	0.00	59.32	7.62	0.00	0.00	2000
74	6.23	1185	2100	0.00	194	0	0	0	nan	0.00	0.00	5.84	87.85	93.77	0.00	36	0	42	0.00	0.00	60.05	7.54	0.00	0.00	2000
73	6.59	1111	2101	0.00	194	0	0	0	nan	0.00	0.00	3.98	89.44	93.41	0.00	36	0	42	0.00	0.00	59.22	7.42	0.00	0.00	2000
73	6.40	1132	2109	0.00	177	0	0	0	nan	0.00	0.00	3.44	90.43	93.60	0.00	36	0	42	0.00	0.00	61.12	7.66	0.00	0.00	2000
72	6.89	1065	2064	0.00	193	0	0	0	nan	0.00	0.00	3.22	88.35	93.11	0.00	36	0	42	0.00	0.00	55.41	7.47	0.00	0.00	2000
72	6.25	1139	2116	0.00	194	0	0	0	nan	0.00	0.01	2.47	91.88	93.75	0.00	36	0	42	0.00	0.00	62.60	7.35	0.00	0.00	2000
73	6.94	1056	2090	0.30	193	0	0	1	82.40	0.00	0.02	2.57	90.18	93.06	0.00	36	0	42	0.00	0.00	57.50	7.30	0.00	0.00	2000
73	6.63	1089	2115	0.12	193	0	0	0	nan	0.00	0.00	2.62	91.38	93.37	0.00	36	0	42	0.00	0.00	59.58	7.58	0.00	0.00	2000
108	8.13	1441	1929	0.00	195	0	0	0	nan	0.03	0.00	3.39	80.98	91.87	0.00	37	0	42	0.00	0.00	52.57	6.51	0.00	0.00	2000
236	10.50	2046	2307	0.00	255	0	0	0	nan	0.00	1.03	8.31	89.08	89.50	0.00	37	0	41	0.00	0.00	70.32	7.96	0.00	0.00	2000
232	11.25	2058	2105	0.00	199	0	0	0	nan	0.00	0.00	4.43	84.63	88.75	0.00	37	0	42	0.00	0.00	65.51	7.83	0.00	0.00	2000
234	11.57	2027	2093	0.00	216	0	0	0	nan	0.00	0.03	6.72	81.55	88.43	0.00	38	0	42	0.00	0.00	65.77	7.19	0.00	0.00	2000
228	11.25	2078	2045	0.00	198	0	0	0	nan	0.00	0.00	3.89	82.58	88.75	0.00	37	0	42	0.00	0.00	60.87	7.03	0.00	0.00	2000
236	10.44	2179	2180	0.00	233	0	0	0	nan	0.00	0.29	5.73	86.95	89.56	0.00	37	0	41	0.00	0.00	71.76	8.47	0.00	0.00	2000
232	11.18	2076	2096	0.00	198	0	0	0	nan	0.00	0.02	5.26	83.44	88.82	0.00	37	0	42	0.00	0.00	66.44	7.73	0.00	0.00	2000
233	11.41	2050	2095	0.00	197	0	0	0	nan	0.00	0.00	5.97	82.50	88.59	0.00	37	0	42	0.00	0.00	65.80	7.83	0.00	0.00	2000
234	11.19	2094	2100	0.00	198	0	0	0	nan	0.02	0.00	7.11	81.85	88.81	0.00	37	0	42	0.00	0.00	66.38	7.75	0.00	0.00	2000
230	10.92	2131	2080	0.00	187	0	0	0	nan	0.00	0.00	5.59	82.70	89.08	0.00	38	0	42	0.00	0.00	66.01	7.50	0.00	0.00	2000
233	11.25	2054	2114	0.00	216	0	0	0	nan	0.00	0.00	7.91	81.51	88.75	0.00	38	0	42	0.00	0.00	63.62	7.24	0.00	0.00	2000
231	10.91	2112	2105	0.00	198	0	0	0	nan	0.00	0.00	6.14	83.17	89.09	0.00	39	0	42	0.00	0.00	65.51	7.55	0.00	0.00	2000
229	11.12	2064	2095	0.00	199	0	0	0	nan	0.00	0.00	5.99	82.70	88.88	0.00	39	0	42	0.00	0.00	63.83	7.36	0.00	0.00	2000
234	11.09	2111	2100	0.00	199	0	0	0	nan	0.00	0.00	5.90	83.08	88.91	0.00	39	0	42	0.00	0.00	65.53	7.49	0.00	0.00	2000
228	10.66	2153	2089	0.00	203	0	0	5	96.33	0.00	0.00	6.23	82.68	89.34	0.00	39	0	42	0.00	0.00	65.19	7.50	0.00	0.00	2000
232	11.17	2060	2115	0.80	199	0	0	13	89.43	0.00	0.00	6.22	83.31	88.83	0.00	39	0	42	0.00	0.00	65.46	7.51	0.00	0.00	2000
231	10.89	2132	2094	0.00	197	0	0	0	nan	0.00	0.00	4.41	84.47	89.11	0.00	39	0	42	0.00	0.00	64.88	7.38	0.00	0.00	2000
230	10.76	2144	2098	0.00	199	0	0	0	nan	0.00	0.02	5.09	84.09	89.24	0.00	38	0	42	0.00	0.00	65.42	7.44	0.00	0.00	2000
230	10.98	2088	2110	0.00	200	0	0	0	nan	0.00	0.03	6.06	83.43	89.02	0.00	37	0	42	0.00	0.00	64.31	7.57	0.00	0.00	2000
233	11.44	2064	2069	0.00	200	0	0	0	nan	0.01	0.02	2.85	84.36	88.56	0.00	37	0	42	0.00	0.00	62.86	7.34	0.00	0.00	2000
230	11.15	2032	2136	0.00	215	0	0	0	nan	0.00	0.00	6.12	84.40	88.85	0.00	38	0	42	0.00	0.00	67.83	7.80	0.00	0.00	2000
229	11.13	2061	2099	0.00	195	0	0	0	nan	0.00	0.02	4.82	84.04	88.87	0.00	38	0	42	0.00	0.00	65.51	7.60	0.00	0.00	2000
232	11.19	2075	2101	0.00	201	0	0	0	nan	0.00	0.00	5.10	83.75	88.81	0.00	38	0	42	0.00	0.00	65.35	7.58	0.00	0.00	2000
232	10.85	2138	2102	0.00	199	0	0	0	nan	0.00	0.02	4.70	84.56	89.15	0.00	38	0	42	0.00	0.00	67.85	7.89	0.00	0.00	2000
230	11.00	2122	2065	0.00	204	0	0	0	nan	0.00	0.00	5.63	81.87	89.00	0.00	37	0	42	0.00	0.00	63.72	7.46	0.00	0.00	2000
234	10.99	2095	2136	0.00	199	0	0	0	nan	0.00	0.01	4.99	85.58	89.01	0.00	38	0	42	0.00	0.00	66.31	7.69	0.00	0.00	2000
228	10.78	2131	2087	0.00	196	0	0	0	nan	0.00	0.00	4.48	84.20	89.22	0.00	38	0	42	0.00	0.00	65.89	7.52	0.00	0.00	2000
232	10.80	2143	2105	0.00	197	0	0	0	nan	0.00	0.02	3.47	85.92	89.20	0.00	38	0	42	0.00	0.00	65.80	7.51	0.00	0.00	2000
227	10.53	2166	2087	0.00	205	0	0	0	nan	0.01	0.03	4.42	84.45	89.47	0.00	38	0	42	0.00	0.00	67.28	7.78	0.00	0.00	2000
235	11.20	2079	2120	0.00	263	0	0	0	nan	0.00	0.00	5.53	84.14	88.80	0.00	39	0	42	0.00	0.00	64.47	7.46	0.00	0.00	2000
236	11.00	2140	2102	0.00	208	0	0	0	nan	0.00	0.00	4.57	84.60	89.00	0.00	39	0	42	0.00	0.00	65.02	7.77	0.00	0.00	2000
229	10.66	2150	2097	0.14	204	0	0	1	70.13	0.00	0.00	3.17	86.05	89.34	0.00	40	0	42	0.00	0.00	65.00	7.62	0.00	0.00	2000
230	11.31	2048	2087	0.73	203	0	0	3	68.44	0.00	0.01	3.57	84.64	88.69	0.00	40	0	42	0.00	0.00	63.90	7.48	0.00	0.00	2000
232	11.01	2096	2111	0.00	213	0	0	0	nan	0.00	0.00	3.70	85.86	88.99	0.00	40	0	42	0.00	0.00	66.31	7.84	0.00	0.00	2000
233	10.94	2130	2104	0.00	206	0	0	0	nan	0.00	0.01	4.04	85.15	89.06	0.00	40	0	42	0.00	0.00	64.66	7.53	0.00	0.00	2000
230	11.02	2091	2099	0.00	204	0	0	0	nan	0.00	0.00	3.70	85.26	88.98	0.00	40	0	42	0.00	0.00	61.86	7.62	0.00	0.00	2000
229	11.10	2070	2097	0.00	203	0	0	0	nan	0.00	0.00	3.41	85.40	88.90	0.00	40	0	42	0.00	0.00	67.70	7.54	0.00	0.00	2000
231	11.07	2081	2107	0.00	203	0	0	0	nan	0.00	0.00	3.99	85.39	88.93	0.00	40	0	41	0.00	0.00	65.25	7.57	0.00	0.00	2000
234	10.98	2131	2100	0.00	212	0	0	0	nan	0.00	0.00	4.81	84.29	89.02	0.00	40	0	42	0.00	0.00	65.60	7.62	0.00	0.00	2000
228	10.56	2168	2096	0.00	202	0	0	0	nan	0.00	0.02	3.70	85.51	89.44	0.00	40	0	42	0.00	0.00	64.72	7.61	0.00	0.00	2000
229	10.93	2105	2090	0.00	202	0	0	0	nan	0.00	0.02	3.63	85.08	89.07	0.00	40	0	42	0.00	0.00	64.46	7.51	0.00	0.00	2000
231	11.08	2068	2116	0.00	200	0	0	0	nan	0.00	0.00	4.74	84.94	88.92	0.00	40	0	42	0.00	0.00	65.57	7.58	0.00	0.00	2000
228	11.03	2081	2086	0.00	204	0	0	0	nan	0.00	0.00	3.79	84.74	88.97	0.00	40	0	42	0.00	0.00	64.11	7.64	0.00	0.00	2000
233	11.33	2047	2105	0.00	212	0	0	0	nan	0.00	0.00	4.70	84.28	88.67	0.00	40	0	42	0.00	0.00	65.81	7.75	0.00	0.00	2000
228	11.15	2050	2099	0.00	202	0	0	0	nan	0.00	0.00	4.06	84.83	88.85	0.00	40	0	42	0.00	0.00	64.83	7.66	0.00	0.00	2000
232	10.96	2107	2108	0.00	202	0	0	0	nan	0.00	0.00	3.75	85.68	89.04	0.00	40	0	42	0.00	0.00	65.96	7.68	0.00	0.00	2000
228	11.20	2043	2089	0.00	204	0	0	0	nan	0.00	0.00	3.76	84.67	88.80	0.00	40	0	42	0.00	0.00	64.15	7.49	0.00	0.00	2000
229	11.05	2065	2105	0.00	204	0	0	0	nan	0.00	0.00	4.03	85.24	88.95	0.00	40	0	42	0.00	0.00	61.85	7.09	0.00	0.00	2000
229	10.80	2126	2095	0.17	212	0	0	9	15.05	0.00	0.00	3.38	85.61	89.20	0.00	41	0	42	0.00	0.00	66.90	7.99	0.00	0.00	2000
227	10.74	2115	2096	1.36	217	0	0	15	12.41	0.00	0.00	3.18	85.94	89.26	0.00	41	0	42	0.00	0.00	66.07	8.14	0.00	0.00	2000
231	10.89	2117	2101	0.00	206	0	0	0	nan	0.01	0.02	4.65	84.57	89.11	0.00	41	0	42	0.00	0.00	66.86	8.18	0.00	0.00	2000
228	10.83	2104	2097	0.00	203	0	0	0	nan	0.00	0.01	3.18	85.91	89.17	0.00	41	0	42	0.00	0.00	66.96	8.36	0.00	0.00	2000
227	10.52	2171	2090	0.00	202	0	0	0	nan	0.00	0.02	3.11	85.88	89.48	0.00	41	0	42	0.00	0.00	66.16	8.27	0.00	0.00	2000
234	11.03	2087	2136	0.00	211	0	0	0	nan	0.00	0.01	3.16	87.40	88.97	0.00	41	0	42	0.00	0.00	68.59	8.62	0.00	0.00	2000
225	10.45	2183	2075	0.00	202	0	0	0	nan	0.00	0.00	2.96	85.50	89.55	0.00	41	0	42	0.00	0.00	65.74	8.03	0.00	0.00	2000
232	11.14	2056	2124	0.00	204	0	0	0	nan	0.00	0.02	3.55	86.36	88.86	0.00	41	0	42	0.00	0.00	67.74	8.36	0.00	0.00	2000
226	10.87	2109	2076	0.00	203	0	0	0	nan	0.00	0.00	3.25	84.89	89.13	0.00	41	0	42	0.00	0.00	65.96	7.82	0.00	0.00	2000
229	10.65	2130	2116	0.00	202	0	0	0	nan	0.00	0.02	3.19	86.77	89.35	0.00	41	0	42	0.00	0.00	66.97	8.40	0.00	0.00	2000
232	11.02	2096	2109	0.00	210	0	0	0	nan	0.00	0.02	3.53	85.88	88.98	0.00	41	0	42	0.00	0.00	67.42	8.26	0.00	0.00	2000
226	10.81	2108	2078	0.00	204	0	0	0	nan	0.00	0.02	3.10	85.19	89.19	0.00	41	0	42	0.00	0.00	66.17	8.02	0.00	0.00	2000
229	10.67	2141	2102	0.00	201	0	0	0	nan	0.00	0.00	3.04	86.40	89.33	0.00	41	0	41	0.00	0.00	66.86	8.27	0.00	0.00	2000
229	11.27	2053	2082	0.00	201	0	0	0	nan	0.00	0.02	2.94	85.12	88.73	0.00	41	0	42	0.00	0.00	65.99	8.13	0.00	0.00	2000
231	10.83	2116	2114	0.00	219	0	0	0	nan	0.00	0.01	3.72	86.00	89.17	0.00	41	0	42	0.00	0.00	67.18	8.26	0.00	0.00	2000
228	10.80	2111	2100	0.00	211	0	0	0	nan	0.00	0.00	3.09	86.15	89.20	0.00	41	0	42	0.00	0.00	66.58	8.27	0.00	0.00	2000
230	10.77	2132	2105	0.00	203	0	0	0	nan	0.00	0.01	2.78	86.72	89.23	0.00	41	0	42	0.00	0.00	66.99	8.00	0.00	0.00	2000
226	10.63	2131	2097	0.00	203	0	0	7	16.96	0.00	0.00	3.43	85.83	89.37	0.00	41	0	42	0.00	0.00	66.70	8.24	0.00	0.00	2000
234	11.12	2106	2099	1.36	218	0	0	17	13.36	0.00	0.01	3.43	85.42	88.88	0.00	41	0	41	0.00	0.00	66.59	8.31	0.00	0.00	2000
236	11.03	2112	2126	0.00	203	0	0	0	nan	0.00	0.00	3.64	86.51	88.97	0.00	41	0	42	0.00	0.00	68.35	8.18	0.00	0.00	2000
227	10.88	2112	2074	0.00	213	0	0	0	nan	0.00	0.00	3.43	84.65	89.12	0.00	41	0	42	0.00	0.00	65.48	8.12	0.00	0.00	2000
227	10.82	2101	2101	0.00	204	0	0	0	nan	0.00	0.00	3.19	86.00	89.18	0.00	41	0	42	0.00	0.00	66.90	8.18	0.00	0.00	2000
227	10.85	2098	2090	0.00	222	0	0	0	nan	0.00	0.00	3.52	85.25	89.15	0.00	41	0	42	0.00	0.00	66.15	7.97	0.00	0.00	2000
228	10.98	2076	2099	0.00	207	0	0	0	nan	0.00	0.00	3.55	85.58	89.02	0.00	41	0	42	0.00	0.00	67.00	8.17	0.00	0.00	2000
235	11.17	2066	2135	0.00	226	0	0	0	nan	0.00	0.02	3.21	87.07	88.83	0.00	41	0	42	0.00	0.00	68.07	8.29	0.00	0.00	2000
224	10.80	2102	2077	0.00	200	0	0	0	nan	0.00	0.02	3.18	85.06	89.20	0.00	41	0	42	0.00	0.00	65.77	7.81	0.00	0.00	2000
229	10.57	2163	2102	0.00	205	0	0	0	nan	0.00	0.04	3.68	85.84	89.43	0.00	41	0	42	0.00	0.00	66.79	7.88	0.00	0.00	2000
227	10.89	2088	2099	0.00	204	0	0	0	nan	0.00	0.02	3.71	85.45	89.11	0.00	41	0	42	0.00	0.00	66.77	8.23	0.00	0.00	2000
229	10.72	2135	2105	0.00	203	0	0	0	nan	0.00	0.02	3.26	86.29	89.28	0.00	41	0	42	0.00	0.00	67.16	8.19	0.00	0.00	2000
230	11.06	2085	2094	0.00	212	0	0	0	nan	0.00	0.02	3.63	85.03	88.94	0.00	41	0	42	0.00	0.00	65.96	8.20	0.00	0.00	2000
231	10.90	2110	2111	0.00	203	0	0	0	nan	0.00	0.00	3.55	86.04	89.10	0.00	42	0	42	0.00	0.00	67.72	8.04	0.00	0.00	2000
229	10.82	2115	2099	0.00	204	0	0	0	nan	0.00	0.02	3.56	85.59	89.18	0.00	41	0	42	0.00	0.00	66.53	8.04	0.00	0.00	2000
226	10.69	2128	2086	0.00	202	0	0	0	nan	0.00	0.00	3.01	85.66	89.31	0.00	41	0	42	0.00	0.00	65.98	8.03	0.00	0.00	2000
229	10.86	2105	2108	0.00	205	0	0	0	nan	0.00	0.01	3.06	86.44	89.14	0.00	40	0	42	0.00	0.00	66.10	8.02	0.00	0.00	2000
237	11.35	2107	2079	0.00	205	0	0	2	86.89	0.00	0.02	4.70	83.10	88.65	0.00	38	0	42	0.00	0.00	62.98	7.23	0.00	0.00	2000
231	10.99	2063	2138	0.58	212	0	0	2	89.20	0.00	0.00	9.93	80.78	89.01	0.00	38	0	42	0.00	0.00	66.59	7.52	0.00	0.00	2000
231	10.98	2105	2100	0.00	181	0	0	0	nan	0.00	0.02	6.83	82.29	89.02	0.00	38	0	42	0.00	0.00	64.99	7.32	0.00	0.00	2000
228	11.04	2069	2099	0.00	196	0	0	0	nan	0.00	0.05	6.03	82.93	88.96	0.00	38	0	42	0.00	0.00	59.61	6.84	0.00	0.00	2000
229	10.89	2098	2102	0.00	196	0	0	0	nan	0.00	0.02	5.93	83.25	89.11	0.00	38	0	42	0.00	0.00	65.07	7.60	0.00	0.00	2000
228	11.05	2074	2089	0.00	196	0	0	0	nan	0.00	0.00	6.66	81.93	88.96	0.00	38	0	42	0.00	0.00	65.63	7.64	0.00	0.00	2000
234	11.00	2118	2108	0.00	184	0	0	0	nan	0.04	0.11	3.47	85.89	89.00	0.00	38	0	42	0.00	0.00	64.48	7.73	0.00	0.00	2000
230	10.81	2127	2105	0.00	197	0	0	0	nan	0.00	0.02	3.01	86.31	89.19	0.00	38	0	42	0.00	0.00	63.07	7.28	0.00	0.00	2000
230	11.10	2074	2097	0.00	198	0	0	0	nan	0.00	0.02	5.92	82.87	88.90	0.00	38	0	42	0.00	0.00	62.25	7.17	0.00	0.00	2000
230	10.69	2153	2099	0.00	198	0	0	0	nan	0.00	0.47	7.07	81.64	89.31	0.00	38	0	42	0.00	0.00	67.23	7.66	0.00	0.00	2000
231	10.86	2119	2106	0.00	180	0	0	0	nan	0.00	0.00	7.52	81.91	89.14	0.00	38	0	42	0.00	0.00	63.89	7.48	0.00	0.00	2000
229	10.79	2125	2099	0.00	198	0	0	0	nan	0.00	0.05	5.49	83.57	89.21	0.00	38	0	42	0.00	0.00	64.67	7.35	0.00	0.00	2000
233	11.24	2107	2062	0.00	196	0	0	0	nan	0.02	0.36	8.32	78.59	88.76	0.00	39	0	42	0.00	0.00	63.42	7.45	0.00	0.00	2000
229	10.84	2083	2134	0.00	197	0	0	0	nan	0.04	0.00	10.20	80.50	89.16	0.00	39	0	42	0.00	0.00	65.72	7.49	0.00	0.00	2000
229	11.16	2086	2064	0.00	179	0	0	0	nan	0.00	0.03	7.64	79.77	88.84	0.00	37	0	42	0.00	0.00	63.08	7.23	0.00	0.00	2000
232	11.10	2063	2124	0.00	211	0	0	0	nan	0.00	0.00	8.05	81.94	88.90	0.00	37	0	42	0.00	0.00	66.54	7.81	0.00	0.00	2000
232	11.20	2078	2098	0.00	180	0	0	0	nan	0.00	0.01	6.56	82.22	88.80	0.00	37	0	42	0.00	0.00	63.21	7.80	0.00	0.00	2000
176	9.73	1810	2103	0.00	201	0	0	0	nan	0.00	0.00	7.74	82.69	90.27	0.00	36	0	42	0.00	0.00	65.63	7.25	0.00	0.00	2000
79	6.61	1191	2106	0.35	213	0	0	1	76.10	0.00	0.00	9.39	84.16	93.39	0.00	37	0	42	0.00	0.00	59.24	7.36	0.00	0.00	2000
158	8.95	1765	2098	0.07	205	0	0	0	nan	0.00	0.01	5.95	84.98	91.05	0.00	39	0	42	0.00	0.00	63.78	7.69	0.00	0.00	2000
228	10.84	2115	2089	0.00	201	0	0	0	nan	0.00	0.00	3.76	84.98	89.16	0.00	40	0	42	0.00	0.00	64.78	7.40	0.00	0.00	2000
227	10.80	2114	2085	0.00	212	0	0	0	nan	0.00	0.03	3.91	84.61	89.20	0.00	40	0	42	0.00	0.00	59.67	6.73	0.00	0.00	2000
165	9.30	1778	2098	0.00	210	0	0	0	nan	0.00	0.02	5.52	85.12	90.70	0.00	38	0	42	0.00	0.00	67.36	7.92	0.00	0.00	2000
75	6.82	1088	2121	0.00	195	0	0	0	nan	0.00	0.54	9.75	83.92	93.18	0.00	37	0	42	0.00	0.00	57.80	7.08	0.00	0.00	2000
164	9.40	1806	2032	0.00	210	0	0	0	nan	0.00	0.01	4.90	82.83	90.60	0.00	39	0	42	0.00	0.00	52.53	6.27	0.00	0.00	2000
241	11.00	2084	2208	0.00	245	0	0	0	nan	0.00	0.02	5.07	88.46	89.00	0.00	38	0	42	0.00	0.00	76.26	8.55	0.00	0.00	2000
231	11.03	2094	2096	0.00	209	0	0	0	nan	0.00	0.00	6.01	82.89	88.97	0.00	38	0	42	0.00	0.00	66.90	7.49	0.00	0.00	2000
227	11.01	2072	2091	0.00	201	0	0	0	nan	0.00	0.00	5.45	83.21	88.99	0.00	38	0	42	0.00	0.00	64.56	7.27	0.00	0.00	2000
232	10.97	2100	2111	0.00	200	0	0	0	nan	0.00	0.00	4.68	84.85	89.03	0.00	38	0	42	0.00	0.00	65.13	7.40	0.00	0.00	2000
230	10.65	2164	2093	0.00	201	0	0	0	nan	0.00	0.61	3.96	84.56	89.35	0.00	38	0	42	0.00	0.00	65.58	7.36	0.00	0.00	2000
227	11.27	2054	2058	0.00	201	0	0	0	nan	0.00	0.08	6.81	80.24	88.73	0.00	38	0	42	0.00	0.00	58.47	6.53	0.00	0.00	2000
242	11.06	2136	2149	0.00	240	0	0	0	nan	0.00	0.04	7.57	83.44	88.94	0.00	38	0	42	0.00	0.00	73.35	8.68	0.00	0.00	2000
235	10.83	2175	2091	0.00	183	0	0	0	nan	0.00	2.63	5.98	80.29	89.17	0.00	37	0	42	0.00	0.00	66.08	7.59	0.00	0.00	2000
225	10.89	2069	2093	0.00	208	0	0	0	nan	0.00	0.05	4.53	84.37	89.11	0.00	39	0	42	0.00	0.00	64.86	7.53	0.00	0.00	2000
288	13.57	2134	2085	0.11	244	0	0	24	73.49	0.00	0.06	3.64	82.21	86.43	0.00	39	0	42	0.00	0.00	61.01	7.27	0.00	0.00	2000
170	9.77	1707	2135	0.51	271	0	0	18	73.11	0.00	0.17	10.49	81.26	90.23	0.00	37	0	42	0.00	0.00	65.22	7.84	0.00	0.00	2000
82	7.38	1124	2071	0.00	193	0	0	0	nan	0.00	0.13	4.38	87.01	92.62	0.00	37	0	42	0.00	0.00	60.19	7.26	0.00	0.00	2000
74	6.69	1096	2130	0.00	209	0	0	0	nan	0.00	0.02	3.22	91.32	93.31	0.00	37	0	42	0.00	0.00	60.84	7.78	0.00	0.00	2000
74	6.04	1232	2096	0.00	193	0	0	0	nan	0.00	0.02	3.51	89.95	93.96	0.00	37	0	42	0.00	0.00	59.32	7.35	0.00	0.00	2000
