Avg_MHz	Busy%	Bzy_MHz	TSC_MHz	IPC	IRQ	NMI	SMI	LLCMRPS	LLC%hit	POLL%	C1%	C1E%	C6%	CPU%c1	CPU%c6	CoreTmp	CoreThr	PkgTmp	Pkg%pc2	Pkg%pc6	PkgWatt	RAMWatt	PKG_%	RAM_%	UncMHz
301	14.53	1996	2177	0.00	229	0	0	0	nan	0.00	1.03	32.86	54.73	85.47	0.00	36	0	42	0.00	0.00	68.16	8.08	0.00	0.00	2000
316	14.92	2130	2088	0.00	204	0	0	0	nan	0.05	3.05	16.73	65.09	85.08	0.00	37	0	42	0.00	0.00	67.61	7.91	0.00	0.00	2000
77	6.83	1120	2120	0.00	210	0	0	0	nan	0.00	0.01	7.35	86.72	93.17	0.00	37	0	42	0.00	0.00	61.46	7.64	0.00	0.00	2000
73	6.68	1096	2085	0.00	178	0	0	0	nan	0.00	0.01	3.01	89.74	93.32	0.00	36	0	42	0.00	0.00	58.90	7.55	0.00	0.00	2000
73	6.62	1096	2118	0.00	209	0	0	0	nan	0.00	0.00	3.36	90.78	93.38	0.00	36	0	42	0.00	0.00	57.57	7.22	0.00	0.00	2000
71	6.36	1130	2077	0.00	193	0	0	0	nan	0.00	0.00	3.47	89.12	93.64	0.00	36	0	42	0.00	0.00	57.90	7.37	0.00	0.00	2000
74	6.88	1061	2121	0.00	193	0	0	0	nan	0.00	0.00	2.33	91.82	93.12	0.00	36	0	42	0.00	0.00	58.48	7.58	0.00	0.00	2000
73	6.34	1146	2103	0.00	194	0	0	0	nan	0.00	0.01	3.08	90.67	93.66	0.00	36	0	42	0.00	0.00	59.91	7.60	0.00	0.00	2000
73	6.48	1129	2094	0.00	193	0	0	0	nan	0.00	0.02	2.78	90.41	93.52	0.00	36	0	42	0.00	0.00	58.78	7.57	0.00	0.00	2000
73	6.32	1159	2107	0.00	194	0	0	0	nan	0.00	0.00	2.77	91.10	93.68	0.00	36	0	42	0.00	0.00	60.01	7.69	0.00	0.00	2000
73	6.47	1128	2089	0.00	194	0	0	0	nan	0.00	0.01	2.65	90.42	93.53	0.00	37	0	42	0.00	0.00	57.24	7.15	0.00	0.00	2000
73	6.53	1106	2111	0.00	194	0	0	0	nan	0.00	0.01	3.04	90.85	93.47	0.00	36	0	42	0.00	0.00	61.25	7.66	0.00	0.00	2000
72	6.28	1159	2081	0.00	193	0	0	0	nan	0.00	0.00	2.99	89.92	93.72	0.00	36	0	42	0.00	0.00	58.58	7.39	0.00	0.00	2000
73	6.70	1074	2116	0.00	193	0	0	0	nan	0.00	0.00	1.95	92.10	93.30	0.00	36	0	42	0.00	0.00	59.11	7.58	0.00	0.00	2000
73	6.71	1098	2074	0.00	196	0	0	0	nan	0.00	0.02	3.67	88.44	93.29	0.00	36	0	42	0.00	0.00	56.78	7.13	0.00	0.00	2000
72	6.82	1055	2114	0.00	195	0	0	1	87.38	0.00	0.00	4.40	89.47	93.18	0.00	36	0	42	0.00	0.00	59.35	7.59	0.00	0.00	2000
73	6.23	1164	2116	0.30	194	0	0	2	87.43	0.00	0.01	3.17	91.22	93.77	0.00	37	0	42	0.00	0.00	62.06	8.00	0.00	0.00	2000
72	6.62	1090	2091	0.03	193	0	0	0	nan	0.00	0.00	2.53	90.41	93.38	0.00	36	0	42	0.00	0.00	55.65	7.12	0.00	0.00	2000
187	10.05	1911	2046	0.00	195	0	0	0	nan	0.00	0.00	3.09	84.60	89.95	0.00	37	0	42	0.00	0.00	61.48	7.54	0.00	0.00	2000
235	11.01	2080	2158	0.00	212	0	0	0	nan	0.00	0.01	3.24	88.31	88.99	0.00	37	0	42	0.00	0.00	67.26	7.86	0.00	0.00	2000
229	10.81	2117	2104	0.00	195	0	0	0	nan	0.00	0.04	2.50	86.93	89.19	0.00	37	0	42	0.00	0.00	65.82	7.71	0.00	0.00	2000
225	11.10	2059	2067	0.00	194	0	0	0	nan	0.00	0.02	2.71	84.89	88.90	0.00	38	0	42	0.00	0.00	63.78	7.40	0.00	0.00	2000
237	11.07	2104	2136	0.00	210	0	0	0	nan	0.00	0.03	2.46	88.05	88.93	0.00	37	0	42	0.00	0.00	69.30	8.09	0.00	0.00	2000
227	11.09	2086	2065	0.00	195	0	0	0	nan	0.00	0.02	2.41	85.10	88.91	0.00	37	0	42	0.00	0.00	65.28	7.68	0.00	0.00	2000
236	11.43	2032	2135	0.00	195	0	0	0	nan	0.00	0.00	3.53	86.64	88.57	0.00	37	0	42	0.00	0.00	65.30	7.67	0.00	0.00	2000
225	10.78	2110	2073	0.00	195	0	0	0	nan	0.00	0.00	2.40	85.79	89.22	0.00	37	0	42	0.00	0.00	66.17	7.82	0.00	0.00	2000
245	11.49	2103	2132	0.00	195	0	0	0	nan	0.00	0.02	2.64	87.29	88.51	0.00	37	0	42	0.00	0.00	66.48	7.85	0.00	0.00	2000
228	10.95	2093	2086	0.00	194	0	0	0	nan	0.00	0.00	2.60	85.95	89.05	0.00	38	0	42	0.00	0.00	65.88	7.90	0.00	0.00	2000
230	11.11	2066	2108	0.00	194	0	0	0	nan	0.00	0.02	2.40	86.88	88.89	0.00	38	0	42	0.00	0.00	64.80	7.56	0.00	0.00	2000
224	11.41	2028	2032	0.00	195	0	0	0	nan	0.00	0.02	2.87	82.97	88.60	0.00	38	0	42	0.00	0.00	61.69	7.43	0.00	0.00	2000
232	10.75	2095	2164	0.00	210	0	0	0	nan	0.00	0.01	2.29	89.83	89.25	0.00	39	0	42	0.00	0.00	68.30	7.95	0.00	0.00	2000
227	10.96	2090	2082	0.00	196	0	0	0	nan	0.00	0.00	4.09	84.29	89.04	0.00	39	0	41	0.00	0.00	64.33	7.61	0.00	0.00	2000
230	10.91	2089	2118	0.00	194	0	0	3	95.86	0.00	0.00	3.25	86.62	89.09	0.00	39	0	42	0.00	0.00	65.03	7.51	0.00	0.00	2000
229	10.98	2075	2113	0.71	194	0	0	15	96.19	0.00	0.00	3.22	86.41	89.02	0.00	39	0	42	0.00	0.00	63.49	7.14	0.00	0.00	2000
233	11.38	2052	2094	0.00	198	0	0	0	nan	0.00	0.00	4.63	83.85	88.62	0.00	39	0	42	0.00	0.00	66.78	7.65	0.00	0.00	2000
226	11.04	2062	2085	0.00	195	0	0	0	nan	0.00	0.00	4.37	84.05	88.96	0.00	39	0	42	0.00	0.00	64.92	7.54	0.00	0.00	2000
229	11.16	2043	2108	0.00	195	0	0	0	nan	0.00	0.00	3.90	85.42	88.84	0.00	39	0	42	0.00	0.00	65.09	7.44	0.00	0.00	2000
228	11.08	2064	2096	0.00	194	0	0	0	nan	0.00	0.01	3.52	85.33	88.92	0.00	39	0	42	0.00	0.00	64.99	7.60	0.00	0.00	2000
230	10.98	2094	2098	0.00	195	0	0	0	nan	0.00	0.02	3.99	85.03	89.02	0.00	39	0	42	0.00	0.00	61.23	7.11	0.00	0.00	2000
231	11.11	2067	2111	0.00	195	0	0	0	nan	0.00	0.00	4.21	85.27	88.89	0.00	40	0	42	0.00	0.00	68.18	7.77	0.00	0.00	2000
229	11.11	2062	2102	0.00	194	0	0	0	nan	0.00	0.00	3.58	85.57	88.89	0.00	39	0	42	0.00	0.00	65.16	7.46	0.00	0.00	2000
228	11.16	2042	2099	0.00	194	0	0	0	nan	0.00	0.00	3.74	85.20	88.84	0.00	39	0	42	0.00	0.00	64.94	7.46	0.00	0.00	2000
228	11.02	2072	2094	0.00	194	0	0	0	nan	0.00	0.00	3.84	84.99	88.98	0.00	39	0	42	0.00	0.00	65.29	7.40	0.00	0.00	2000
230	11.12	2073	2096	0.00	196	0	0	0	nan	0.00	0.00	4.78	84.02	88.88	0.00	39	0	42	0.00	0.00	63.45	7.46	0.00	0.00	2000
234	11.24	2067	2115	0.00	196	0	0	0	nan	0.00	0.00	5.21	84.28	88.76	0.00	39	0	42	0.00	0.00	65.34	8.01	0.00	0.00	2000
229	10.98	2087	2100	0.00	194	0	0	0	nan	0.00	0.02	3.99	85.19	89.02	0.00	39	0	42	0.00	0.00	62.54	7.45	0.00	0.00	2000
229	10.93	2102	2095	0.00	195	0	0	0	nan	0.00	0.02	3.69	85.16	89.07	0.00	39	0	41	0.00	0.00	67.97	7.81	0.00	0.00	2000
229	11.13	2061	2101	0.00	194	0	0	0	nan	0.00	0.00	4.26	84.74	88.87	0.00	39	0	41	0.00	0.00	64.75	7.75	0.00	0.00	2000
231	11.12	2073	2100	0.00	195	0	0	0	nan	0.00	0.00	4.63	84.30	88.88	0.00	39	0	42	0.00	0.00	65.35	7.68	0.00	0.00	2000
229	11.17	2058	2094	0.00	194	0	0	0	nan	0.00	0.00	4.47	84.19	88.83	0.00	39	0	42	0.00	0.00	64.77	7.63	0.00	0.00	2000
230	11.01	2091	2098	0.64	195	0	0	41	87.82	0.00	0.00	3.64	85.37	88.99	0.00	39	0	42	0.00	0.00	62.61	7.41	0.00	0.00	2000
233	11.03	2101	2111	0.15	194	0	0	0	nan	0.00	0.00	3.83	85.72	88.97	0.00	39	0	42	0.00	0.00	65.75	7.52	0.00	0.00	2000
222	11.55	2058	1962	0.00	195	0	0	0	nan	0.00	0.01	3.31	79.41	88.45	0.00	37	0	42	0.00	0.00	60.88	6.91	0.00	0.00	2000
240	10.59	2091	2273	0.00	244	0	0	0	nan	0.00	0.00	4.38	92.56	89.41	0.00	38	0	42	0.00	0.00	71.42	8.51	0.00	0.00	2000
347	15.77	2238	2064	0.00	241	0	0	0	nan	0.00	0.03	8.78	74.05	84.23	0.00	37	0	42	0.00	0.00	67.45	7.64	0.00	0.00	2000
145	8.83	1612	2133	0.00	211	0	0	0	nan	0.00	0.03	4.91	87.70	91.17	0.00	37	0	42	0.00	0.00	64.48	7.86	0.00	0.00	2000
88	6.94	1253	2122	0.00	145	0	0	0	nan	0.00	0.02	5.55	88.41	93.06	0.00	37	0	42	0.00	0.00	60.40	7.54	0.00	0.00	2000
