Avg_MHz	Busy%	Bzy_MHz	TSC_MHz	IPC	IRQ	NMI	SMI	LLCMRPS	LLC%hit	POLL%	C1%	C1E%	C6%	CPU%c1	CPU%c6	CoreTmp	CoreThr	PkgTmp	Pkg%pc2	Pkg%pc6	PkgWatt	RAMWatt	PKG_%	RAM_%	UncMHz
316	15.73	1927	2188	0.00	242	0	0	0	nan	0.00	0.02	26.98	60.92	84.27	0.00	37	0	42	0.00	0.00	71.03	7.81	0.00	0.00	2000
358	17.11	2122	2073	0.00	217	0	0	0	nan	0.00	1.98	14.61	65.58	82.89	0.00	37	0	42	0.00	0.00	64.01	7.65	0.00	0.00	2000
78	7.33	1059	2121	0.00	198	0	0	0	nan	0.00	0.05	10.35	83.35	92.67	0.00	37	0	42	0.00	0.00	61.30	7.54	0.00	0.00	2000
73	7.05	1027	2117	0.00	210	0	0	0	nan	0.00	0.00	4.66	89.07	92.95	0.00	36	0	42	0.00	0.00	59.15	7.39	0.00	0.00	2000
74	6.78	1090	2109	0.00	193	0	0	0	nan	0.00	0.00	3.93	89.81	93.22	0.00	36	0	42	0.00	0.00	58.96	7.55	0.00	0.00	2000
72	6.54	1114	2087	0.00	193	0	0	0	nan	0.00	0.00	3.09	89.83	93.46	0.00	37	0	42	0.00	0.00	59.26	7.48	0.00	0.00	2000
72	7.00	1028	2098	0.00	194	0	0	0	nan	0.00	0.00	3.97	89.14	93.00	0.00	36	0	42	0.00	0.00	58.73	7.15	0.00	0.00	2000
69	6.93	998	2087	0.00	193	0	0	0	nan	0.00	0.03	3.82	88.88	93.07	0.00	36	0	42	0.00	0.00	56.81	7.26	0.00	0.00	2000
74	6.97	1053	2129	0.00	193	0	0	0	nan	0.00	0.01	2.61	91.82	93.03	0.00	37	0	42	0.00	0.00	63.84	8.11	0.00	0.00	2000
71	6.78	1057	2081	0.00	194	0	0	0	nan	0.00	0.00	2.98	89.50	93.22	0.00	36	0	42	0.00	0.00	54.62	6.85	0.00	0.00	2000
74	6.97	1048	2119	0.00	194	0	0	0	nan	0.00	0.00	3.96	89.96	93.03	0.00	36	0	42	0.00	0.00	62.73	7.97	0.00	0.00	2000
72	6.75	1076	2096	0.00	193	0	0	0	nan	0.00	0.00	3.24	89.92	93.25	0.00	37	0	42	0.00	0.00	54.21	6.85	0.00	0.00	2000
73	6.67	1100	2101	0.00	194	0	0	0	nan	0.00	0.00	3.16	90.25	93.33	0.00	37	0	42	0.00	0.00	61.25	7.77	0.00	0.00	2000
71	6.81	1050	2098	0.00	194	0	0	0	nan	0.00	0.01	2.94	90.17	93.19	0.00	37	0	42	0.00	0.00	61.33	7.79	0.00	0.00	2000
74	6.62	1107	2109	0.00	195	0	0	0	nan	0.00	0.00	3.16	90.65	93.38	0.00	37	0	42	0.00	0.00	59.36	7.51	0.00	0.00	2000
70	6.55	1084	2081	0.00	194	0	0	1	89.04	0.00	0.00	3.41	89.25	93.45	0.00	37	0	42	0.00	0.00	54.67	7.06	0.00	0.00	2000
73	6.76	1087	2077	0.29	193	0	0	1	85.35	0.00	0.01	2.72	89.59	93.24	0.00	36	0	42	0.00	0.00	61.46	7.69	0.00	0.00	2000
72	6.54	1092	2123	0.05	194	0	0	0	nan	0.00	0.02	1.87	92.67	93.46	0.00	36	0	42	0.00	0.00	57.57	7.13	0.00	0.00	2000
152	9.39	1666	2040	0.00	202	0	0	0	nan	0.01	0.77	5.57	81.74	90.61	0.00	37	0	42	0.00	0.00	57.73	7.06	0.00	0.00	2000
234	11.04	2049	2172	0.00	215	0	0	0	nan	0.00	0.57	3.09	88.42	88.96	0.00	38	0	42	0.00	0.00	70.53	8.21	0.00	0.00	2000
231	11.47	2007	2103	0.00	199	0	0	0	nan	0.00	0.01	4.33	84.39	88.53	0.00	39	0	42	0.00	0.00	62.66	7.07	0.00	0.00	2000
233	11.26	2069	2101	0.00	203	0	0	0	nan	0.00	0.00	4.02	84.90	88.74	0.00	39	0	42	0.00	0.00	66.62	7.71	0.00	0.00	2000
228	10.98	2081	2097	0.00	202	0	0	0	nan	0.00	0.03	7.74	81.24	89.02	0.00	38	0	42	0.00	0.00	65.08	7.44	0.00	0.00	2000
230	11.06	2083	2092	0.00	200	0	0	0	nan	0.00	0.02	6.64	82.04	88.94	0.00	38	0	42	0.00	0.00	67.01	7.88	0.00	0.00	2000
230	11.48	2008	2097	0.00	199	0	0	0	nan	0.00	0.00	6.10	82.48	88.52	0.00	39	0	42	0.00	0.00	66.15	7.77	0.00	0.00	2000
233	11.44	2027	2111	0.00	197	0	0	0	nan	0.00	0.00	6.21	82.90	88.56	0.00	37	0	42	0.00	0.00	65.80	7.88	0.00	0.00	2000
230	11.04	2114	2074	0.00	199	0	0	0	nan	0.00	0.02	6.49	81.49	88.96	0.00	37	0	42	0.00	0.00	65.68	7.71	0.00	0.00	2000
230	11.20	2056	2095	0.00	204	0	0	0	nan	0.00	0.00	6.37	82.26	88.80	0.00	38	0	42	0.00	0.00	62.78	7.21	0.00	0.00	2000
232	11.20	2047	2128	0.00	198	0	0	0	nan	0.00	0.02	5.44	84.72	88.80	0.00	38	0	42	0.00	0.00	68.33	7.83	0.00	0.00	2000
229	10.80	2129	2091	0.00	198	0	0	0	nan	0.00	0.00	3.97	85.00	89.20	0.00	38	0	42	0.00	0.00	62.37	7.24	0.00	0.00	2000
228	11.04	2079	2090	0.00	198	0	0	0	nan	0.00	0.00	3.61	85.02	88.96	0.00	38	0	42	0.00	0.00	64.00	7.31	0.00	0.00	2000
228	11.26	2043	2079	0.00	205	0	0	0	nan	0.01	0.02	3.53	84.41	88.74	0.00	38	0	42	0.00	0.00	62.20	7.12	0.00	0.00	2000
233	10.95	2093	2132	0.00	213	0	0	4	87.76	0.00	0.03	5.73	84.72	89.05	0.00	38	0	42	0.00	0.00	68.41	7.79	0.00	0.00	2000
231	10.93	2108	2102	0.71	199	0	0	12	93.23	0.00	0.04	2.46	86.76	89.07	0.00	38	0	42	0.00	0.00	67.65	7.71	0.00	0.00	2000
228	10.82	2129	2084	0.02	214	0	0	0	nan	0.00	0.02	3.43	85.10	89.18	0.00	38	0	42	0.00	0.00	65.40	7.53	0.00	0.00	2000
242	11.50	2079	2122	0.00	201	0	0	0	nan	0.00	1.97	7.84	79.65	88.50	0.00	39	0	42	0.00	0.00	65.16	7.44	0.00	0.00	2000
229	11.12	2084	2074	0.00	203	0	0	0	nan	0.00	0.00	6.87	81.01	88.88	0.00	39	0	42	0.00	0.00	62.27	7.03	0.00	0.00	2000
238	11.42	2080	2102	0.00	216	0	0	0	nan	0.00	0.01	8.02	80.69	88.58	0.00	39	0	42	0.00	0.00	65.38	7.38	0.00	0.00	2000
230	11.12	2068	2098	0.00	198	0	0	0	nan	0.00	0.01	4.27	84.62	88.88	0.00	39	0	42	0.00	0.00	65.78	7.48	0.00	0.00	2000
229	11.20	2049	2096	0.00	216	0	0	0	nan	0.00	0.02	4.31	84.36	88.80	0.00	38	0	42	0.00	0.00	61.98	7.25	0.00	0.00	2000
272	12.74	2146	2092	0.00	224	0	0	0	nan	0.00	0.05	5.52	81.48	87.26	0.00	37	0	42	0.00	0.00	66.34	7.93	0.00	0.00	2000
267	12.39	2122	2129	0.00	217	0	0	0	nan	0.00	0.07	5.38	83.45	87.61	0.00	38	0	42	0.00	0.00	67.94	7.98	0.00	0.00	2000
271	12.64	2133	2113	0.00	218	0	0	0	nan	0.00	0.02	4.56	83.41	87.36	0.00	38	0	42	0.00	0.00	70.16	7.91	0.00	0.00	2000
289	13.45	2177	2069	0.00	187	0	0	0	nan	0.00	0.02	7.65	77.77	86.55	0.00	39	0	42	0.00	0.00	65.34	7.22	0.00	0.00	2000
243	11.53	2066	2140	0.00	216	0	0	0	nan	0.00	0.00	6.79	83.49	88.47	0.00	39	0	42	0.00	0.00	65.41	7.50	0.00	0.00	2000
298	13.89	2180	2068	0.00	203	0	0	0	nan	0.00	0.05	7.19	77.68	86.11	0.00	38	0	42	0.00	0.00	66.50	7.77	0.00	0.00	2000
264	12.54	2119	2090	0.00	205	0	0	0	nan	0.00	0.01	8.01	79.14	87.46	0.00	38	0	42	0.00	0.00	63.90	7.35	0.00	0.00	2000
268	12.60	2107	2123	0.00	201	0	0	0	nan	0.00	0.00	4.27	84.18	87.40	0.00	39	0	42	0.00	0.00	65.30	7.56	0.00	0.00	2000
268	12.30	2167	2109	0.00	202	0	0	0	nan	0.00	0.03	7.51	80.64	87.70	0.00	39	0	42	0.00	0.00	66.76	7.85	0.00	0.00	2000
260	12.41	2124	2075	0.01	201	0	0	10	74.74	0.00	0.02	4.60	82.02	87.59	0.00	39	0	42	0.00	0.00	64.44	7.42	0.00	0.00	2000
301	14.04	2137	2106	0.75	226	0	0	14	66.77	0.00	0.00	6.99	79.33	85.96	0.00	38	0	42	0.00	0.00	69.48	7.97	0.00	0.00	2000
231	10.96	2085	2128	0.00	195	0	0	0	nan	0.00	0.00	4.15	86.19	89.04	0.00	38	0	42	0.00	0.00	66.74	7.82	0.00	0.00	2000
401	17.82	2387	1978	0.00	270	0	0	0	nan	0.00	0.01	6.20	71.32	82.18	0.00	39	0	42	0.00	0.00	62.06	6.90	0.00	0.00	2000
738	29.50	2500	2103	0.00	273	0	0	0	nan	0.00	0.00	7.09	63.62	70.50	0.00	41	0	42	0.00	0.00	78.84	7.58	0.00	0.00	2000
734	29.30	2500	2104	0.00	278	0	0	0	nan	0.00	0.00	6.50	64.47	70.70	0.00	42	0	42	0.00	0.00	78.65	7.54	0.00	0.00	2000
711	28.47	2500	2096	0.00	259	0	0	0	nan	0.00	0.00	6.53	64.99	71.53	0.00	42	0	42	0.00	0.00	78.55	7.46	0.00	0.00	2000
708	28.34	2500	2100	0.00	273	0	0	0	nan	0.00	0.00	5.35	66.42	71.66	0.00	41	0	42	0.00	0.00	78.20	7.58	0.00	0.00	2000
735	29.40	2500	2100	0.00	256	0	0	0	nan	0.00	0.01	8.20	62.53	70.60	0.00	42	0	42	0.00	0.00	78.90	7.28	0.00	0.00	2000
709	28.37	2500	2100	0.00	276	0	0	0	nan	0.00	0.02	5.92	65.80	71.63	0.00	42	0	42	0.00	0.00	78.03	7.55	0.00	0.00	2000
684	27.38	2500	2100	0.00	248	0	0	0	nan	0.00	0.00	3.19	69.54	72.62	0.00	42	0	42	0.00	0.00	77.86	7.62	0.00	0.00	2000
683	27.33	2500	2100	0.00	267	0	0	0	nan	0.00	0.00	3.62	69.15	72.67	0.00	42	0	42	0.00	0.00	77.64	7.65	0.00	0.00	2000
687	27.52	2500	2099	0.00	248	0	0	0	nan	0.00	0.00	4.48	68.08	72.48	0.00	42	0	43	0.00	0.00	77.73	7.55	0.00	0.00	2000
683	27.29	2500	2101	0.00	268	0	0	0	nan	0.00	0.00	3.17	69.67	72.71	0.00	42	0	42	0.00	0.00	77.62	7.56	0.00	0.00	2000
683	27.31	2500	2100	0.00	245	0	0	15	99.10	0.00	0.00	3.19	69.62	72.69	0.00	42	0	42	0.00	0.00	77.61	7.47	0.00	0.00	2000
780	31.14	2500	2104	1.21	283	0	0	40	93.93	0.00	0.81	8.40	59.93	68.86	0.00	43	0	43	0.00	0.00	79.09	7.45	0.00	0.00	2000
703	28.90	2500	2044	0.00	258	0	0	0	nan	0.00	0.00	6.83	62.49	71.10	0.00	42	0	42	0.00	0.00	76.39	7.39	0.00	0.00	2000
744	28.98	2500	2156	0.00	295	0	0	0	nan	0.00	0.00	6.03	67.02	71.02	0.00	42	0	42	0.00	0.00	81.45	7.75	0.00	0.00	2000
735	29.40	2500	2101	0.00	255	0	0	0	nan	0.00	0.00	6.74	64.00	70.60	0.00	43	0	43	0.00	0.00	78.83	7.60	0.00	0.00	2000
735	29.40	2500	2100	0.00	282	0	0	0	nan	0.00	0.00	7.69	63.03	70.60	0.00	43	0	43	0.00	0.00	75.84	7.28	0.00	0.00	2000
736	29.44	2500	2100	0.00	259	0	0	0	nan	0.00	0.02	7.67	63.03	70.56	0.00	43	0	43	0.00	0.00	81.53	7.90	0.00	0.00	2000
709	28.37	2500	2099	0.00	279	0	0	0	nan	0.00	0.00	5.58	66.12	71.63	0.00	43	0	43	0.00	0.00	76.14	7.08	0.00	0.00	2000
711	28.43	2500	2101	0.00	252	0	0	0	nan	0.00	0.00	5.24	66.48	71.57	0.00	42	0	42	0.00	0.00	78.11	7.62	0.00	0.00	2000
734	29.37	2500	2099	0.00	277	0	0	0	nan	0.00	0.03	7.24	63.48	70.63	0.00	42	0	42	0.00	0.00	78.79	7.54	0.00	0.00	2000
710	28.33	2500	2104	0.00	246	0	0	0	nan	0.00	0.00	4.17	67.75	71.67	0.00	42	0	42	0.00	0.00	77.66	7.50	0.00	0.00	2000
728	29.17	2500	2097	0.00	280	0	0	0	nan	0.00	0.00	6.41	64.45	70.83	0.00	42	0	42	0.00	0.00	78.88	7.61	0.00	0.00	2000
735	29.34	2500	2103	0.00	258	0	0	0	nan	0.00	0.00	6.09	64.80	70.66	0.00	43	0	43	0.00	0.00	78.66	7.32	0.00	0.00	2000
716	28.70	2500	2096	0.00	280	0	0	0	nan	0.00	0.01	5.73	65.53	71.30	0.00	42	0	42	0.00	0.00	78.97	7.52	0.00	0.00	2000
726	28.54	2500	2137	0.15	282	0	0	37	94.94	0.00	0.25	8.52	64.07	71.47	0.00	43	0	43	0.00	0.00	84.80	8.23	0.00	0.00	2000
279	13.53	2040	2120	0.82	245	0	0	6	75.01	0.00	0.00	13.09	74.37	86.47	0.00	39	0	42	0.00	0.00	64.55	7.62	0.00	0.00	2000
176	9.48	1796	2175	0.00	247	0	0	0	nan	0.00	0.00	8.32	85.52	90.52	0.00	38	0	42	0.00	0.00	70.78	8.22	0.00	0.00	2000
134	8.94	1529	2053	0.00	217	0	0	0	nan	0.00	0.01	6.57	82.50	91.06	0.00	38	0	42	0.00	0.00	56.79	7.06	0.00	0.00	2000
106	7.88	1320	2139	0.00	237	0	0	0	nan	0.00	0.00	8.46	85.38	92.12	0.00	37	0	43	0.00	0.00	63.59	7.85	0.00	0.00	2000
89	7.52	1158	2144	0.00	130	0	0	0	nan	0.00	0.11	5.01	89.42	92.48	0.00	37	0	42	0.00	0.00	64.49	8.21	0.00	0.00	2000
