Avg_MHz	Busy%	Bzy_MHz	TSC_MHz	IPC	IRQ	NMI	SMI	LLCMRPS	LLC%hit	POLL%	C1%	C1E%	C6%	CPU%c1	CPU%c6	CoreTmp	CoreThr	PkgTmp	Pkg%pc2	Pkg%pc6	PkgWatt	RAMWatt	PKG_%	RAM_%	UncMHz
364	17.49	2075	2108	0.00	246	0	0	0	nan	0.00	0.84	36.56	45.51	82.51	0.00	37	0	42	0.00	0.00	71.69	8.09	0.00	0.00	2000
267	13.92	1897	2120	0.00	212	0	0	0	nan	0.01	0.76	15.69	70.46	86.08	0.00	36	0	42	0.00	0.00	65.53	7.56	0.00	0.00	2000
77	6.89	1113	2101	0.00	194	0	0	0	nan	0.00	0.00	3.68	89.54	93.11	0.00	36	0	42	0.00	0.00	58.33	7.26	0.00	0.00	2000
74	6.67	1102	2116	0.00	194	0	0	0	nan	0.00	0.00	2.12	92.02	93.33	0.00	37	0	42	0.00	0.00	59.82	7.62	0.00	0.00	2000
74	7.02	1042	2120	0.00	194	0	0	0	nan	0.01	0.00	2.51	91.43	92.98	0.00	36	0	42	0.00	0.00	59.63	7.44	0.00	0.00	2000
72	6.56	1100	2098	0.00	193	0	0	0	nan	0.00	0.00	3.26	90.13	93.44	0.00	36	0	42	0.00	0.00	60.81	7.65	0.00	0.00	2000
73	6.50	1135	2079	0.00	194	0	0	0	nan	0.00	0.00	2.95	89.62	93.50	0.00	37	0	42	0.00	0.00	59.89	7.45	0.00	0.00	2000
73	6.50	1111	2115	0.00	194	0	0	0	nan	0.00	0.00	2.75	91.46	93.50	0.00	37	0	42	0.00	0.00	60.29	7.48	0.00	0.00	2000
72	6.65	1095	2083	0.00	193	0	0	0	nan	0.00	0.00	2.74	89.90	93.35	0.00	36	0	42	0.00	0.00	58.40	7.28	0.00	0.00	2000
72	6.53	1097	2102	0.00	192	0	0	0	nan	0.00	0.01	2.03	91.57	93.47	0.00	36	0	42	0.00	0.00	59.59	7.38	0.00	0.00	2000
73	6.55	1108	2113	0.00	194	0	0	0	nan	0.00	0.00	2.23	91.69	93.45	0.00	36	0	42	0.00	0.00	59.08	7.48	0.00	0.00	2000
71	6.78	1067	2073	0.00	193	0	0	0	nan	0.00	0.03	2.27	89.75	93.22	0.00	36	0	42	0.00	0.00	61.06	7.80	0.00	0.00	2000
72	7.22	989	2128	0.00	209	0	0	0	nan	0.00	0.00	4.11	90.02	92.78	0.00	36	0	42	0.00	0.00	61.16	7.84	0.00	0.00	2000
70	6.73	1058	2077	0.00	193	0	0	0	nan	0.00	0.00	3.65	88.63	93.27	0.00	36	0	42	0.00	0.00	57.60	7.18	0.00	0.00	2000
74	6.84	1069	2136	0.00	194	0	0	0	nan	0.00	0.03	2.11	92.56	93.16	0.00	36	0	42	0.00	0.00	59.49	7.44	0.00	0.00	2000
72	6.74	1067	2095	0.00	194	0	0	1	87.52	0.00	0.00	3.26	89.89	93.26	0.00	37	0	42	0.00	0.00	59.81	7.53	0.00	0.00	2000
72	6.61	1103	2085	0.29	194	0	0	1	86.41	0.00	0.00	2.79	89.94	93.39	0.00	37	0	42	0.00	0.00	57.57	7.21	0.00	0.00	2000
74	6.86	1085	2087	0.00	209	0	0	0	nan	0.00	0.02	3.02	89.55	93.14	0.00	36	0	42	0.00	0.00	61.60	7.65	0.00	0.00	2000
223	10.74	2072	2106	0.00	222	0	0	0	nan	0.01	0.02	5.76	83.77	89.26	0.00	39	0	42	0.00	0.00	64.28	7.51	0.00	0.00	2000
231	11.15	2064	2112	0.00	223	0	0	0	nan	0.00	0.01	5.29	84.13	88.85	0.00	39	0	42	0.00	0.00	67.73	7.86	0.00	0.00	2000
228	10.93	2101	2081	0.00	188	0	0	0	nan	0.00	0.02	3.83	84.50	89.07	0.00	40	0	42	0.00	0.00	62.51	7.40	0.00	0.00	2000
232	10.99	2090	2125	0.00	217	0	0	0	nan	0.00	0.00	4.90	85.29	89.02	0.00	40	0	42	0.00	0.00	69.34	7.88	0.00	0.00	2000
234	11.11	2108	2097	0.00	195	0	0	0	nan	0.00	0.00	6.18	82.63	88.89	0.00	38	0	42	0.00	0.00	67.46	7.68	0.00	0.00	2000
236	10.95	2153	2106	0.00	188	0	0	0	nan	0.00	0.00	5.83	83.52	89.05	0.00	38	0	42	0.00	0.00	62.52	7.71	0.00	0.00	2000
231	10.95	2127	2085	0.00	213	0	0	0	nan	0.00	0.00	5.39	83.15	89.05	0.00	37	0	42	0.00	0.00	64.55	7.40	0.00	0.00	2000
230	10.71	2144	2106	0.00	196	0	0	0	nan	0.00	0.00	4.99	84.44	89.29	0.00	37	0	42	0.00	0.00	70.56	8.42	0.00	0.00	2000
228	11.19	2056	2081	0.00	198	0	0	0	nan	0.00	0.02	4.77	83.31	88.81	0.00	37	0	42	0.00	0.00	65.69	7.64	0.00	0.00	2000
230	10.82	2125	2104	0.00	200	0	0	0	nan	0.00	0.54	3.41	85.51	89.18	0.00	38	0	42	0.00	0.00	65.28	7.51	0.00	0.00	2000
237	11.43	2047	2126	0.00	203	0	0	0	nan	0.00	0.02	4.32	85.37	88.57	0.00	38	0	42	0.00	0.00	65.28	7.51	0.00	0.00	2000
225	10.87	2099	2067	0.00	195	0	0	0	nan	0.00	0.00	6.32	81.51	89.13	0.00	38	0	42	0.00	0.00	64.79	7.42	0.00	0.00	2000
233	11.11	2079	2114	0.00	200	0	0	0	nan	0.00	0.00	4.84	84.74	88.89	0.00	38	0	42	0.00	0.00	65.71	7.61	0.00	0.00	2000
232	11.08	2079	2113	0.00	196	0	0	0	nan	0.00	0.00	5.98	83.58	88.92	0.00	38	0	42	0.00	0.00	66.27	7.43	0.00	0.00	2000
225	11.41	2006	2059	0.00	199	0	0	1	89.07	0.00	0.00	5.43	81.55	88.59	0.00	38	0	42	0.00	0.00	61.92	6.95	0.00	0.00	2000
232	11.23	2043	2124	0.84	216	0	0	15	88.80	0.00	0.06	5.31	84.57	88.77	0.00	38	0	42	0.00	0.00	65.98	7.52	0.00	0.00	2000
229	11.13	2070	2085	0.00	196	0	0	0	nan	0.00	0.00	7.06	81.27	88.87	0.00	38	0	42	0.00	0.00	67.00	7.63	0.00	0.00	2000
233	11.10	2079	2123	0.00	201	0	0	0	nan	0.00	0.02	4.43	85.53	88.90	0.00	37	0	42	0.00	0.00	64.56	7.54	0.00	0.00	2000
227	11.03	2087	2072	0.00	214	0	0	0	nan	0.00	0.01	4.72	83.15	88.97	0.00	37	0	42	0.00	0.00	67.22	7.68	0.00	0.00	2000
231	11.00	2089	2112	0.00	202	0	0	0	nan	0.00	0.04	3.15	86.38	89.00	0.00	37	0	42	0.00	0.00	63.01	7.31	0.00	0.00	2000
239	11.39	2085	2112	0.00	231	0	0	0	nan	0.00	0.01	7.74	81.49	88.61	0.00	37	0	42	0.00	0.00	69.65	8.12	0.00	0.00	2000
227	10.88	2074	2116	0.00	200	0	0	0	nan	0.00	0.07	5.52	84.33	89.12	0.00	38	0	42	0.00	0.00	66.14	7.98	0.00	0.00	2000
225	10.81	2083	2098	0.00	198	0	0	0	nan	0.00	0.07	2.68	86.48	89.19	0.00	39	0	42	0.00	0.00	65.64	8.00	0.00	0.00	2000
226	10.89	2076	2104	0.00	198	0	0	0	nan	0.00	0.03	3.48	85.83	89.11	0.00	39	0	42	0.00	0.00	66.21	7.94	0.00	0.00	2000
224	10.73	2089	2099	0.00	202	0	0	0	nan	0.00	0.44	5.37	83.51	89.27	0.00	39	0	42	0.00	0.00	66.34	7.89	0.00	0.00	2000
223	10.73	2103	2075	0.00	196	0	0	0	nan	0.00	0.00	6.01	82.25	89.27	0.00	39	0	42	0.00	0.00	62.93	7.44	0.00	0.00	2000
225	10.67	2084	2123	0.00	194	0	0	0	nan	0.00	0.00	5.07	85.32	89.33	0.00	39	0	42	0.00	0.00	65.44	7.87	0.00	0.00	2000
230	10.93	2107	2100	0.00	198	0	0	0	nan	0.00	0.00	5.59	83.58	89.07	0.00	39	0	42	0.00	0.00	69.05	8.24	0.00	0.00	2000
224	11.12	2063	2052	0.00	197	0	0	0	nan	0.00	0.00	6.42	80.53	88.88	0.00	40	0	42	0.00	0.00	64.09	7.65	0.00	0.00	2000
223	10.70	2077	2103	0.00	200	0	0	0	nan	0.00	0.01	5.37	84.13	89.30	0.00	40	0	42	0.00	0.00	65.88	7.39	0.00	0.00	2000
221	10.52	2062	2135	0.00	197	0	0	0	nan	0.00	0.00	7.92	83.11	89.48	0.00	40	0	42	0.00	0.00	64.94	7.50	0.00	0.00	2000
222	10.63	2070	2120	0.00	198	0	0	2	68.78	0.00	0.02	6.68	83.56	89.37	0.00	40	0	42	0.00	0.00	67.79	7.68	0.00	0.00	2000
223	10.88	2076	2069	0.59	194	0	0	7	59.74	0.00	0.00	6.66	81.27	89.12	0.00	40	0	42	0.00	0.00	62.44	7.46	0.00	0.00	2000
223	10.82	2088	2074	0.00	197	0	0	0	nan	0.00	0.00	6.07	82.03	89.18	0.00	40	0	42	0.00	0.00	64.48	7.28	0.00	0.00	2000
222	10.87	2042	2098	0.00	201	0	0	0	nan	0.00	0.00	7.08	82.02	89.13	0.00	40	0	42	0.00	0.00	66.28	7.47	0.00	0.00	2000
221	10.77	2042	2111	0.00	212	0	0	0	nan	0.00	1.55	5.64	82.65	89.23	0.00	40	0	42	0.00	0.00	65.06	7.32	0.00	0.00	2000
219	10.99	2080	2008	0.00	195	0	0	0	nan	0.04	0.52	4.10	80.64	89.01	0.00	40	0	42	0.00	0.00	62.27	7.04	0.00	0.00	2000
222	10.45	2038	2194	0.00	198	0	0	0	nan	0.00	0.03	3.95	89.65	89.55	0.00	40	0	42	0.00	0.00	68.19	7.87	0.00	0.00	2000
224	10.73	2084	2105	0.00	197	0	0	0	nan	0.00	0.48	7.05	82.08	89.27	0.00	40	0	42	0.00	0.00	65.79	7.31	0.00	0.00	2000
222	10.26	2179	2090	0.00	199	0	0	0	nan	0.06	1.48	6.05	81.96	89.74	0.00	40	0	42	0.00	0.00	66.23	7.48	0.00	0.00	2000
222	10.39	2101	2141	0.00	195	0	0	0	nan	0.00	0.03	9.32	82.09	89.61	0.00	40	0	42	0.00	0.00	66.08	7.40	0.00	0.00	2000
220	10.95	2033	2073	0.00	195	0	0	0	nan	0.00	0.01	6.97	81.03	89.05	0.00	40	0	42	0.00	0.00	64.62	7.24	0.00	0.00	2000
223	11.03	2001	2117	0.00	200	0	0	0	nan	0.00	0.00	8.29	81.51	88.97	0.00	40	0	42	0.00	0.00	68.09	7.73	0.00	0.00	2000
223	10.79	2068	2100	0.00	196	0	0	0	nan	0.00	0.00	6.59	82.74	89.21	0.00	40	0	42	0.00	0.00	63.93	7.06	0.00	0.00	2000
219	10.69	2068	2083	0.00	215	0	0	0	nan	0.00	0.00	7.41	81.23	89.31	0.00	40	0	42	0.00	0.00	64.73	7.52	0.00	0.00	2000
223	10.90	2011	2140	0.00	195	0	0	0	nan	0.00	0.00	7.56	83.39	89.10	0.00	40	0	42	0.00	0.00	68.01	8.01	0.00	0.00	2000
223	10.76	2079	2097	0.00	198	0	0	0	nan	0.00	0.01	6.15	83.09	89.24	0.00	40	0	42	0.00	0.00	62.62	7.30	0.00	0.00	2000
220	10.94	2063	2046	0.00	197	0	0	0	nan	0.00	0.00	5.83	81.04	89.06	0.00	40	0	42	0.00	0.00	63.96	7.34	0.00	0.00	2000
225	10.74	2056	2140	0.00	198	0	0	2	81.90	0.04	0.00	6.64	84.39	89.26	0.00	40	0	42	0.00	0.00	67.39	7.66	0.00	0.00	2000
223	10.75	2101	2071	0.93	201	0	0	3	79.93	0.00	0.04	6.91	81.15	89.25	0.00	40	0	42	0.00	0.00	65.76	7.45	0.00	0.00	2000
223	10.83	2037	2126	0.00	197	0	0	0	nan	0.00	0.08	3.33	87.04	89.17	0.00	40	0	42	0.00	0.00	65.71	7.33	0.00	0.00	2000
221	10.95	2037	2082	0.00	196	0	0	0	nan	0.00	0.02	3.23	85.14	89.05	0.00	40	0	42	0.00	0.00	65.30	7.57	0.00	0.00	2000
222	10.84	2042	2105	0.00	198	0	0	0	nan	0.00	0.00	5.43	83.99	89.16	0.00	40	0	42	0.00	0.00	64.95	7.38	0.00	0.00	2000
224	10.54	2105	2122	0.00	198	0	0	0	nan	0.00	0.46	6.09	83.89	89.46	0.00	40	0	42	0.00	0.00	66.33	7.50	0.00	0.00	2000
220	10.81	2062	2076	0.00	216	0	0	0	nan	0.00	0.00	7.74	80.50	89.19	0.00	41	0	42	0.00	0.00	64.58	6.89	0.00	0.00	2000
220	10.87	2029	2095	0.00	197	0	0	0	nan	0.00	0.00	5.72	83.30	89.13	0.00	40	0	42	0.00	0.00	62.39	7.38	0.00	0.00	2000
222	10.76	2042	2121	0.00	195	0	0	0	nan	0.00	0.00	5.91	84.25	89.24	0.00	41	0	42	0.00	0.00	67.88	7.96	0.00	0.00	2000
219	10.89	2048	2063	0.00	197	0	0	0	nan	0.00	0.00	5.04	82.58	89.11	0.00	40	0	42	0.00	0.00	64.93	7.45	0.00	0.00	2000
226	10.75	2070	2129	0.00	201	0	0	0	nan	0.00	0.02	7.63	82.97	89.25	0.00	41	0	42	0.00	0.00	65.24	7.35	0.00	0.00	2000
220	11.83	2124	1840	0.00	200	0	0	0	nan	0.04	0.00	7.44	69.80	88.17	0.00	41	0	42	0.00	0.00	58.66	6.53	0.00	0.00	2000
236	9.88	2051	2446	0.00	229	0	0	0	nan	0.00	0.02	7.98	97.03	90.12	0.00	40	0	42	0.00	0.00	75.55	8.52	0.00	0.00	2000
218	10.89	2083	2018	0.00	196	0	0	0	nan	0.00	0.02	5.22	80.44	89.11	0.00	41	0	42	0.00	0.00	61.62	6.89	0.00	0.00	2000
226	10.52	2088	2162	0.00	199	0	0	0	nan	0.00	0.02	8.31	83.89	89.48	0.00	41	0	42	0.00	0.00	68.32	7.72	0.00	0.00	2000
221	10.86	2060	2077	0.00	197	0	0	0	nan	0.04	0.00	8.09	80.16	89.14	0.00	40	0	42	0.00	0.00	65.15	7.14	0.00	0.00	2000
223	10.35	2138	2112	0.00	200	0	0	0	nan	0.00	0.06	4.20	85.95	89.65	0.00	41	0	42	0.00	0.00	65.47	7.60	0.00	0.00	2000
222	10.64	2092	2092	0.00	201	0	0	2	77.31	0.00	0.02	3.67	85.43	89.36	0.00	40	0	42	0.00	0.00	62.60	7.06	0.00	0.00	2000
221	10.55	2121	2079	0.99	215	0	0	3	81.67	0.00	0.00	6.23	82.31	89.45	0.00	41	0	42	0.00	0.00	65.36	7.54	0.00	0.00	2000
225	10.81	2046	2138	0.00	199	0	0	0	nan	0.00	0.01	6.47	84.44	89.19	0.00	40	0	42	0.00	0.00	65.58	7.73	0.00	0.00	2000
222	10.85	2049	2101	0.00	197	0	0	0	nan	0.00	1.05	7.73	80.57	89.15	0.00	40	0	42	0.00	0.00	68.48	7.98	0.00	0.00	2000
222	10.89	2049	2087	0.00	197	0	0	0	nan	0.00	0.00	7.80	80.84	89.11	0.00	40	0	42	0.00	0.00	62.75	7.13	0.00	0.00	2000
223	10.86	2069	2088	0.00	197	0	0	0	nan	0.00	0.00	5.50	83.23	89.14	0.00	40	0	42	0.00	0.00	65.46	7.42	0.00	0.00	2000
221	10.50	2110	2099	0.00	199	0	0	0	nan	0.00	0.00	5.17	84.31	89.50	0.00	40	0	42	0.00	0.00	65.75	7.38	0.00	0.00	2000
224	10.88	2048	2106	0.00	200	0	0	0	nan	0.01	0.00	6.63	82.93	89.12	0.00	40	0	42	0.00	0.00	65.36	7.49	0.00	0.00	2000
220	10.68	2064	2095	0.00	196	0	0	0	nan	0.00	0.02	7.72	81.46	89.32	0.00	40	0	42	0.00	0.00	64.87	7.59	0.00	0.00	2000
221	10.77	2032	2123	0.00	195	0	0	0	nan	0.00	0.00	7.46	82.74	89.23	0.00	40	0	42	0.00	0.00	65.38	7.32	0.00	0.00	2000
221	10.97	2019	2095	0.00	198	0	0	0	nan	0.03	0.00	6.03	82.88	89.03	0.00	40	0	42	0.00	0.00	64.68	7.48	0.00	0.00	2000
221	10.72	2051	2107	0.00	197	0	0	0	nan	0.00	0.00	6.65	83.01	89.28	0.00	40	0	42	0.00	0.00	65.26	7.46	0.00	0.00	2000
223	10.80	2073	2095	0.00	198	0	0	0	nan	0.00	0.03	7.09	82.03	89.20	0.00	40	0	42	0.00	0.00	65.41	7.24	0.00	0.00	2000
221	10.92	2031	2092	0.00	207	0	0	0	nan	0.00	0.03	4.52	84.34	89.08	0.00	40	0	42	0.00	0.00	65.45	7.67	0.00	0.00	2000
220	10.64	2074	2090	0.00	195	0	0	0	nan	0.00	0.03	2.82	86.21	89.36	0.00	40	0	42	0.00	0.00	64.98	7.49	0.00	0.00	2000
221	10.59	2077	2106	0.00	197	0	0	0	nan	0.00	0.01	5.19	84.53	89.41	0.00	40	0	42	0.00	0.00	65.32	7.52	0.00	0.00	2000
232	10.83	2109	2134	0.00	212	0	0	0	nan	0.06	0.03	11.90	78.76	89.17	0.00	40	0	42	0.00	0.00	66.47	7.63	0.00	0.00	2000
224	10.86	2065	2098	0.00	200	0	0	3	91.70	0.00	0.02	6.65	82.45	89.14	0.00	40	0	42	0.00	0.00	65.30	7.33	0.00	0.00	2000
219	11.04	2043	2041	0.68	204	0	0	4	92.97	0.00	0.02	6.72	79.94	88.96	0.00	40	0	42	0.00	0.00	63.84	7.27	0.00	0.00	2000
223	10.52	2095	2121	0.00	197	0	0	0	nan	0.00	0.00	5.99	84.45	89.48	0.00	40	0	42	0.00	0.00	65.46	7.61	0.00	0.00	2000
221	10.49	2070	2133	0.00	195	0	0	0	nan	0.00	0.02	6.53	84.41	89.51	0.00	40	0	42	0.00	0.00	65.35	7.52	0.00	0.00	2000
219	11.14	1992	2069	0.00	198	0	0	0	nan	0.00	0.00	6.64	81.08	88.86	0.00	40	0	42	0.00	0.00	63.49	7.28	0.00	0.00	2000
214	11.37	2067	1912	0.00	197	0	0	0	nan	0.00	0.00	4.36	76.42	88.63	0.00	38	0	42	0.00	0.00	55.98	6.32	0.00	0.00	2000
237	10.48	2016	2356	0.00	234	0	0	0	nan	0.00	0.00	9.07	91.45	89.52	0.00	37	0	42	0.00	0.00	78.92	8.89	0.00	0.00	2000
230	11.13	2071	2092	0.00	196	0	0	0	nan	0.04	0.00	8.43	80.17	88.87	0.00	37	0	42	0.00	0.00	62.97	7.03	0.00	0.00	2000
231	11.33	2031	2104	0.00	196	0	0	0	nan	0.00	0.00	7.73	81.21	88.67	0.00	37	0	42	0.00	0.00	68.24	7.51	0.00	0.00	2000
230	11.21	2067	2086	0.00	198	0	0	0	nan	0.00	0.00	7.63	80.65	88.79	0.00	38	0	42	0.00	0.00	64.57	8.10	0.00	0.00	2000
230	10.82	2116	2113	0.00	199	0	0	0	nan	0.00	0.03	7.15	82.64	89.18	0.00	38	0	42	0.00	0.00	65.38	7.63	0.00	0.00	2000
228	11.17	2047	2094	0.00	197	0	0	0	nan	0.00	0.06	3.65	85.03	88.83	0.00	39	0	42	0.00	0.00	66.53	7.48	0.00	0.00	2000
231	11.20	2038	2126	0.00	206	0	0	0	nan	0.03	0.00	5.58	84.37	88.80	0.00	39	0	42	0.00	0.00	66.66	7.60	0.00	0.00	2000
229	11.09	2075	2091	0.00	209	0	0	0	nan	0.00	0.03	6.64	81.99	88.91	0.00	39	0	42	0.00	0.00	66.52	7.69	0.00	0.00	2000
227	11.06	2105	2049	0.00	198	0	0	0	nan	0.00	0.00	6.03	80.79	88.94	0.00	39	0	42	0.00	0.00	63.90	7.41	0.00	0.00	2000
234	11.02	2075	2154	0.00	201	0	0	0	nan	0.00	0.02	6.71	84.60	88.98	0.00	39	0	42	0.00	0.00	66.70	7.96	0.00	0.00	2000
227	11.25	2061	2058	0.00	194	0	0	0	nan	0.00	0.02	8.34	78.78	88.75	0.00	38	0	42	0.00	0.00	63.70	7.20	0.00	0.00	2000
230	11.19	2062	2092	0.00	198	0	0	15	7.68	0.00	0.00	6.70	81.86	88.81	0.00	38	0	42	0.00	0.00	65.88	8.04	0.00	0.00	2000
231	11.09	2043	2146	1.40	198	0	0	7	43.91	0.00	0.03	8.22	82.74	88.91	0.00	39	0	42	0.00	0.00	65.98	7.74	0.00	0.00	2000
229	11.24	2039	2098	0.00	198	0	0	0	nan	0.00	0.00	7.66	81.11	88.76	0.00	39	0	42	0.00	0.00	65.82	7.62	0.00	0.00	2000
234	11.50	2033	2105	0.00	202	0	0	0	nan	0.04	0.00	9.78	79.03	88.50	0.00	39	0	42	0.00	0.00	65.82	7.35	0.00	0.00	2000
228	11.05	2075	2085	0.00	200	0	0	0	nan	0.00	0.00	8.99	79.44	88.95	0.00	39	0	42	0.00	0.00	66.48	7.69	0.00	0.00	2000
231	10.85	2109	2118	0.00	198	0	0	0	nan	0.00	0.02	7.43	82.49	89.15	0.00	39	0	42	0.00	0.00	66.95	7.68	0.00	0.00	2000
226	11.15	2091	2036	0.00	197	0	0	0	nan	0.00	0.02	5.20	81.00	88.85	0.00	39	0	42	0.00	0.00	63.32	7.14	0.00	0.00	2000
231	10.94	2051	2159	0.00	196	0	0	0	nan	0.00	0.02	7.21	84.42	89.06	0.00	38	0	42	0.00	0.00	66.59	8.06	0.00	0.00	2000
230	11.29	2076	2065	0.00	200	0	0	0	nan	0.00	0.58	6.17	80.53	88.71	0.00	39	0	42	0.00	0.00	65.82	7.87	0.00	0.00	2000
230	10.99	2062	2135	0.00	200	0	0	0	nan	0.00	0.03	4.65	85.99	89.01	0.00	39	0	42	0.00	0.00	65.97	7.59	0.00	0.00	2000
230	10.83	2104	2117	0.00	196	0	0	0	nan	0.00	0.47	7.14	82.42	89.17	0.00	39	0	42	0.00	0.00	68.12	7.70	0.00	0.00	2000
233	11.56	2073	2043	0.00	199	0	0	0	nan	0.00	0.00	8.46	77.66	88.44	0.00	39	0	42	0.00	0.00	63.86	7.36	0.00	0.00	2000
228	11.01	2034	2142	0.00	197	0	0	0	nan	0.00	0.00	8.43	82.44	88.99	0.00	39	0	42	0.00	0.00	66.12	7.79	0.00	0.00	2000
233	11.19	2073	2107	0.00	198	0	0	0	nan	0.00	0.00	6.47	82.73	88.81	0.00	39	0	42	0.00	0.00	67.16	7.39	0.00	0.00	2000
227	11.19	2100	2031	0.00	202	0	0	0	nan	0.00	0.01	6.47	79.48	88.81	0.00	38	0	42	0.00	0.00	61.55	7.78	0.00	0.00	2000
231	10.98	2066	2142	0.00	197	0	0	0	nan	0.00	0.02	6.65	84.17	89.02	0.00	39	0	42	0.00	0.00	68.85	8.12	0.00	0.00	2000
227	10.96	2075	2094	0.00	196	0	0	0	nan	0.00	0.00	8.49	80.38	89.04	0.00	39	0	42	0.00	0.00	64.83	7.51	0.00	0.00	2000
230	11.02	2066	2124	0.00	198	0	0	1	58.38	0.00	0.00	7.61	82.56	88.98	0.00	39	0	42	0.00	0.00	65.94	7.56	0.00	0.00	2000
230	11.29	2059	2080	1.48	197	0	0	6	44.97	0.00	0.21	8.65	79.09	88.71	0.00	39	0	42	0.00	0.00	65.42	7.65	0.00	0.00	2000
230	11.05	2075	2108	0.00	201	0	0	0	nan	0.00	0.00	8.52	80.84	88.95	0.00	39	0	42	0.00	0.00	65.83	7.74	0.00	0.00	2000
228	11.01	2063	2109	0.00	199	0	0	0	nan	0.00	0.00	7.58	81.84	88.99	0.00	39	0	42	0.00	0.00	65.34	7.57	0.00	0.00	2000
231	11.49	2006	2108	0.00	199	0	0	0	nan	0.00	0.00	7.46	81.51	88.51	0.00	36	0	42	0.00	0.00	65.40	7.78	0.00	0.00	2000
227	11.16	2047	2091	0.00	198	0	0	0	nan	0.00	0.00	5.06	83.57	88.84	0.00	37	0	42	0.00	0.00	66.39	7.13	0.00	0.00	2000
233	11.33	2100	2054	0.00	196	0	0	0	nan	0.00	2.16	3.14	81.64	88.67	0.00	37	0	42	0.00	0.00	61.71	7.47	0.00	0.00	2000
230	10.77	2084	2151	0.00	202	0	0	0	nan	0.01	0.60	4.95	86.01	89.23	0.00	37	0	42	0.00	0.00	68.60	7.90	0.00	0.00	2000
230	11.27	2054	2085	0.00	198	0	0	0	nan	0.00	0.00	6.92	81.19	88.73	0.00	38	0	42	0.00	0.00	66.20	7.58	0.00	0.00	2000
227	11.12	2031	2115	0.00	194	0	0	0	nan	0.00	0.00	8.07	81.60	88.88	0.00	37	0	42	0.00	0.00	64.99	7.58	0.00	0.00	2000
229	11.42	2013	2093	0.00	197	0	0	0	nan	0.02	0.93	8.71	78.83	88.58	0.00	37	0	42	0.00	0.00	65.10	7.44	0.00	0.00	2000
229	11.29	2020	2105	0.00	195	0	0	0	nan	0.00	0.00	8.59	80.50	88.71	0.00	38	0	42	0.00	0.00	63.29	7.61	0.00	0.00	2000
232	11.44	2019	2109	0.00	197	0	0	0	nan	0.02	1.35	8.92	78.88	88.56	0.00	38	0	42	0.00	0.00	67.70	7.52	0.00	0.00	2000
223	11.64	2091	1927	0.00	199	0	0	0	nan	0.00	0.00	7.54	73.65	88.36	0.00	38	0	42	0.00	0.00	57.24	6.59	0.00	0.00	2000
236	10.84	2009	2272	0.00	214	0	0	0	nan	0.00	0.00	7.37	89.29	89.16	0.00	37	0	42	0.00	0.00	74.71	8.52	0.00	0.00	2000
228	11.06	2082	2081	0.00	195	0	0	0	nan	0.00	0.00	7.62	80.64	88.94	0.00	37	0	42	0.00	0.00	62.87	7.18	0.00	0.00	2000
233	11.22	2043	2139	0.00	195	0	0	0	nan	0.00	0.00	7.13	83.40	88.78	0.00	37	0	42	0.00	0.00	68.05	7.91	0.00	0.00	2000
219	11.98	2075	1854	0.00	201	0	0	0	93.85	0.00	0.01	6.30	71.42	88.02	0.00	37	0	42	0.00	0.00	56.74	6.44	0.00	0.00	2000
238	10.47	2007	2376	1.40	228	0	0	3	89.63	0.00	0.00	6.87	94.54	89.53	0.00	38	0	42	0.00	0.00	76.33	8.77	0.00	0.00	2000
229	11.01	2082	2095	0.00	197	0	0	0	nan	0.00	0.00	7.68	81.20	88.99	0.00	38	0	42	0.00	0.00	65.64	7.40	0.00	0.00	2000
232	11.34	2055	2089	0.00	198	0	0	0	nan	0.03	0.06	4.07	84.23	88.66	0.00	38	0	42	0.00	0.00	62.66	7.20	0.00	0.00	2000
228	11.14	2067	2075	0.00	200	0	0	0	nan	0.00	3.12	4.33	80.59	88.86	0.00	37	0	42	0.00	0.00	64.88	7.37	0.00	0.00	2000
231	10.97	2060	2145	0.00	195	0	0	0	nan	0.00	0.03	9.99	80.94	89.03	0.00	37	0	42	0.00	0.00	68.44	7.76	0.00	0.00	2000
228	11.21	2067	2069	0.00	194	0	0	0	nan	0.00	0.00	9.28	78.22	88.79	0.00	38	0	42	0.00	0.00	62.89	7.00	0.00	0.00	2000
229	10.93	2065	2133	0.00	209	0	0	0	nan	0.00	0.03	7.73	82.82	89.07	0.00	38	0	42	0.00	0.00	68.39	7.76	0.00	0.00	2000
228	11.22	2030	2106	0.00	201	0	0	0	nan	0.00	0.00	7.32	81.77	88.78	0.00	38	0	42	0.00	0.00	64.22	7.24	0.00	0.00	2000
230	11.33	2081	2051	0.00	198	0	0	0	nan	0.00	0.85	7.74	78.09	88.67	0.00	38	0	42	0.00	0.00	64.03	7.39	0.00	0.00	2000
230	11.27	2033	2114	0.00	199	0	0	0	nan	0.00	0.00	10.34	79.04	88.73	0.00	37	0	42	0.00	0.00	65.70	8.26	0.00	0.00	2000
238	11.76	2016	2110	0.00	201	0	0	0	nan	0.00	0.00	8.11	80.69	88.24	0.00	37	0	42	0.00	0.00	68.15	9.36	0.00	0.00	2000
229	11.17	2037	2116	0.00	197	0	0	0	nan	0.00	0.00	7.96	81.65	88.83	0.00	37	0	42	0.00	0.00	68.14	8.41	0.00	0.00	2000
232	11.40	2027	2106	0.00	197	0	0	0	nan	0.00	0.00	7.25	81.65	88.60	0.00	37	0	42	0.00	0.00	65.60	7.67	0.00	0.00	2000
222	11.17	1977	2107	0.00	206	0	0	0	nan	0.00	0.52	7.36	81.35	88.83	0.00	38	0	42	0.00	0.00	64.01	7.40	0.00	0.00	2000
93	7.36	1283	2069	0.00	221	0	0	0	nan	0.00	0.49	7.09	83.86	92.64	0.00	37	0	42	0.00	0.00	61.68	7.58	0.00	0.00	2000
79	7.21	1074	2137	0.00	211	0	0	0	nan	0.00	0.00	4.88	89.53	92.79	0.00	37	0	42	0.00	0.00	61.53	7.61	0.00	0.00	2000
