Avg_MHz	Busy%	Bzy_MHz	TSC_MHz	IPC	IRQ	NMI	SMI	LLCMRPS	LLC%hit	POLL%	C1%	C1E%	C6%	CPU%c1	CPU%c6	CoreTmp	CoreThr	PkgTmp	Pkg%pc2	Pkg%pc6	PkgWatt	RAMWatt	PKG_%	RAM_%	UncMHz
243	13.04	1855	2114	0.00	237	0	0	0	nan	0.00	0.04	23.61	63.93	86.96	0.00	37	0	42	0.00	0.00	63.88	7.42	0.00	0.00	2000
381	17.78	2134	2111	0.00	214	0	0	0	nan	0.05	1.43	14.00	67.45	82.22	0.00	37	0	42	0.00	0.00	65.88	7.43	0.00	0.00	2000
121	8.91	1354	2109	0.00	227	0	0	0	nan	0.02	0.00	11.72	79.89	91.09	0.00	37	0	42	0.00	0.00	65.56	8.04	0.00	0.00	2000
74	6.79	1081	2120	0.00	194	0	0	0	nan	0.00	0.00	3.04	91.09	93.21	0.00	37	0	42	0.00	0.00	61.18	7.49	0.00	0.00	2000
73	6.61	1105	2109	0.00	193	0	0	0	nan	0.00	0.02	2.42	91.41	93.39	0.00	37	0	42	0.00	0.00	60.26	7.54	0.00	0.00	2000
73	6.83	1065	2101	0.00	196	0	0	0	nan	0.00	0.02	2.72	90.59	93.17	0.00	37	0	42	0.00	0.00	60.23	7.56	0.00	0.00	2000
74	6.68	1107	2090	0.00	194	0	0	0	nan	0.00	0.03	3.05	89.88	93.32	0.00	36	0	42	0.00	0.00	60.56	7.56	0.00	0.00	2000
73	6.71	1075	2120	0.00	194	0	0	0	nan	0.00	0.02	2.46	91.84	93.29	0.00	37	0	42	0.00	0.00	60.37	7.59	0.00	0.00	2000
73	6.68	1096	2091	0.00	193	0	0	0	nan	0.00	0.01	3.31	89.68	93.32	0.00	37	0	42	0.00	0.00	59.76	7.34	0.00	0.00	2000
72	6.42	1125	2085	0.00	194	0	0	0	nan	0.00	0.00	2.70	90.22	93.58	0.00	36	0	42	0.00	0.00	59.69	7.25	0.00	0.00	2000
74	6.61	1115	2097	0.00	193	0	0	0	nan	0.00	0.00	3.20	90.06	93.39	0.00	36	0	42	0.00	0.00	59.93	7.48	0.00	0.00	2000
73	6.55	1103	2112	0.00	193	0	0	0	nan	0.00	0.00	2.03	91.95	93.45	0.00	36	0	42	0.00	0.00	59.57	7.24	0.00	0.00	2000
74	6.98	1048	2110	0.00	194	0	0	0	nan	0.00	0.02	2.76	90.77	93.02	0.00	36	0	42	0.00	0.00	60.44	7.61	0.00	0.00	2000
71	6.86	1044	2086	0.00	193	0	0	0	nan	0.00	0.00	3.02	89.54	93.14	0.00	37	0	42	0.00	0.00	57.72	7.21	0.00	0.00	2000
74	6.93	1056	2114	0.00	194	0	0	0	nan	0.01	0.00	1.99	91.83	93.07	0.00	36	0	42	0.00	0.00	61.84	7.58	0.00	0.00	2000
71	6.37	1136	2060	0.00	195	0	0	1	89.97	0.00	0.00	3.02	88.88	93.63	0.00	36	0	42	0.00	0.00	58.64	7.27	0.00	0.00	2000
73	6.85	1055	2123	0.29	195	0	0	1	87.90	0.00	0.01	1.77	92.38	93.15	0.00	36	0	42	0.00	0.00	58.62	7.24	0.00	0.00	2000
72	7.00	1025	2105	0.00	210	0	0	0	nan	0.00	0.02	2.61	90.75	93.00	0.00	36	0	42	0.00	0.00	59.20	7.41	0.00	0.00	2000
144	9.36	1551	2083	0.00	210	0	0	0	nan	0.01	0.02	6.32	83.77	90.64	0.00	37	0	42	0.00	0.00	61.83	7.55	0.00	0.00	2000
235	11.04	2089	2136	0.00	203	0	0	0	nan	0.00	0.03	5.31	85.34	88.96	0.00	38	0	42	0.00	0.00	67.53	7.83	0.00	0.00	2000
229	11.12	2070	2091	0.00	202	0	0	0	nan	0.00	0.01	3.23	85.43	88.88	0.00	39	0	42	0.00	0.00	66.10	7.58	0.00	0.00	2000
230	11.13	2062	2101	0.00	202	0	0	0	nan	0.00	0.00	3.33	85.74	88.87	0.00	40	0	42	0.00	0.00	63.93	7.28	0.00	0.00	2000
232	11.79	2047	2016	0.00	205	0	0	0	nan	0.00	0.00	3.91	80.89	88.21	0.00	39	0	42	0.00	0.00	62.58	7.20	0.00	0.00	2000
235	11.05	2044	2190	0.00	213	0	0	0	nan	0.00	0.00	7.06	85.82	88.95	0.00	37	0	42	0.00	0.00	69.61	8.23	0.00	0.00	2000
233	11.25	2068	2100	0.00	201	0	0	0	nan	0.00	0.00	5.93	83.04	88.75	0.00	37	0	42	0.00	0.00	65.71	7.85	0.00	0.00	2000
226	11.43	1977	2099	0.00	199	0	0	0	nan	0.00	0.02	4.87	83.88	88.57	0.00	37	0	42	0.00	0.00	65.96	7.74	0.00	0.00	2000
236	11.45	2056	2108	0.00	198	0	0	0	nan	0.00	0.00	7.14	81.85	88.55	0.00	37	0	42	0.00	0.00	68.63	8.10	0.00	0.00	2000
229	11.24	2047	2093	0.00	205	0	0	0	nan	0.00	0.00	6.38	82.23	88.76	0.00	37	0	42	0.00	0.00	63.68	7.23	0.00	0.00	2000
225	11.13	2055	2069	0.00	196	0	0	0	nan	0.00	0.01	5.24	82.47	88.87	0.00	37	0	42	0.00	0.00	62.57	7.16	0.00	0.00	2000
238	11.51	2040	2126	0.00	231	0	0	0	nan	0.00	0.02	7.31	82.48	88.49	0.00	37	0	42	0.00	0.00	71.15	8.04	0.00	0.00	2000
229	11.24	2069	2071	0.00	198	0	0	0	nan	0.00	0.01	4.04	83.64	88.76	0.00	37	0	42	0.00	0.00	60.44	7.04	0.00	0.00	2000
230	11.13	2052	2119	0.00	219	0	0	0	nan	0.00	0.00	6.87	83.01	88.87	0.00	38	0	42	0.00	0.00	67.52	7.67	0.00	0.00	2000
227	11.36	2008	2086	0.00	214	0	0	6	92.00	0.01	0.01	3.85	84.39	88.64	0.00	37	0	42	0.00	0.00	65.86	7.47	0.00	0.00	2000
235	11.08	2080	2141	0.67	199	0	0	11	95.18	0.00	0.02	3.05	87.67	88.92	0.00	38	0	42	0.00	0.00	66.67	7.65	0.00	0.00	2000
230	11.12	2073	2096	0.00	197	0	0	0	nan	0.00	0.00	3.33	85.59	88.88	0.00	38	0	42	0.00	0.00	66.33	7.72	0.00	0.00	2000
233	11.51	2024	2103	0.00	199	0	0	0	nan	0.00	0.00	4.98	83.78	88.49	0.00	38	0	42	0.00	0.00	65.37	7.62	0.00	0.00	2000
232	11.26	2060	2100	0.00	202	0	0	0	nan	0.00	0.00	6.14	82.76	88.74	0.00	38	0	42	0.00	0.00	65.61	7.36	0.00	0.00	2000
227	11.23	2026	2097	0.00	197	0	0	0	nan	0.00	0.00	5.97	82.89	88.77	0.00	38	0	42	0.00	0.00	66.77	7.58	0.00	0.00	2000
225	11.25	2030	2068	0.00	197	0	0	0	nan	0.00	0.02	5.23	82.38	88.75	0.00	38	0	42	0.00	0.00	62.74	7.06	0.00	0.00	2000
227	11.35	2011	2091	0.00	197	0	0	0	nan	0.00	0.00	4.70	83.70	88.65	0.00	38	0	42	0.00	0.00	62.56	7.19	0.00	0.00	2000
231	11.28	2043	2102	0.00	216	0	0	0	nan	0.00	0.02	4.59	84.40	88.72	0.00	38	0	42	0.00	0.00	65.27	7.22	0.00	0.00	2000
234	10.95	2091	2146	0.00	214	0	0	0	nan	0.00	0.00	5.74	85.48	89.05	0.00	38	0	42	0.00	0.00	69.73	8.02	0.00	0.00	2000
225	11.17	2039	2070	0.00	199	0	0	0	nan	0.00	0.00	4.02	83.74	88.83	0.00	38	0	42	0.00	0.00	57.86	6.84	0.00	0.00	2000
236	10.85	2140	2138	0.00	246	0	0	0	nan	0.00	0.02	5.93	84.98	89.15	0.00	39	0	42	0.00	0.00	76.50	8.80	0.00	0.00	2000
230	11.00	2099	2090	0.00	205	0	0	0	nan	0.00	0.00	4.02	84.77	89.00	0.00	39	0	42	0.00	0.00	62.97	7.39	0.00	0.00	2000
227	11.06	2072	2076	0.00	201	0	0	0	nan	0.00	0.03	4.06	84.05	88.94	0.00	39	0	42	0.00	0.00	66.02	7.62	0.00	0.00	2000
235	11.75	1970	2128	0.00	197	0	0	0	nan	0.00	1.35	5.25	83.07	88.25	0.00	39	0	42	0.00	0.00	65.62	7.51	0.00	0.00	2000
229	11.14	2059	2095	0.00	197	0	0	0	nan	0.01	1.00	7.14	80.71	88.86	0.00	39	0	42	0.00	0.00	66.28	7.66	0.00	0.00	2000
233	11.72	1983	2106	0.00	197	0	0	0	nan	0.00	0.00	6.48	82.27	88.28	0.00	39	0	42	0.00	0.00	64.26	7.48	0.00	0.00	2000
228	11.20	2038	2099	0.34	200	0	0	11	76.35	0.00	0.00	5.87	83.03	88.80	0.00	40	0	42	0.00	0.00	69.03	7.98	0.00	0.00	2000
232	11.43	2027	2101	0.54	199	0	0	6	78.04	0.00	0.03	5.39	83.34	88.57	0.00	39	0	42	0.00	0.00	66.05	7.70	0.00	0.00	2000
225	12.15	2023	1920	0.00	197	0	0	0	nan	0.00	0.00	3.96	76.49	87.85	0.00	39	0	42	0.00	0.00	59.19	6.91	0.00	0.00	2000
231	11.97	2210	1835	0.00	251	0	0	0	nan	0.00	0.00	4.94	71.93	88.03	0.00	37	0	42	0.00	0.00	57.02	6.61	0.00	0.00	2000
372	13.51	2193	2637	0.00	297	0	0	0	nan	0.00	0.37	9.91	98.59	86.49	0.00	38	0	42	0.00	0.00	88.33	9.95	0.00	0.00	2000
105	8.60	1232	2084	0.00	240	0	0	0	nan	0.00	0.01	11.04	79.75	91.40	0.00	37	0	42	0.00	0.00	60.97	7.65	0.00	0.00	2000
84	7.81	1073	2107	0.00	146	0	0	0	nan	0.00	0.00	3.89	88.69	92.19	0.00	36	0	42	0.00	0.00	62.18	7.56	0.00	0.00	2000
