Avg_MHz	Busy%	Bzy_MHz	TSC_MHz	IPC	IRQ	NMI	SMI	LLCMRPS	LLC%hit	POLL%	C1%	C1E%	C6%	CPU%c1	CPU%c6	CoreTmp	CoreThr	PkgTmp	Pkg%pc2	Pkg%pc6	PkgWatt	RAMWatt	PKG_%	RAM_%	UncMHz
345	16.98	2021	2112	0.00	244	0	0	0	nan	0.00	0.51	44.42	38.61	83.02	0.00	37	0	42	0.00	0.00	67.28	7.32	0.00	0.00	2000
302	14.83	2004	2133	0.00	209	0	0	0	nan	0.00	1.73	16.92	68.14	85.17	0.00	36	0	42	0.00	0.00	65.23	7.57	0.00	0.00	2000
77	6.95	1116	2095	0.00	210	0	0	0	nan	0.00	0.02	5.22	87.67	93.05	0.00	36	0	42	0.00	0.00	60.67	7.76	0.00	0.00	2000
73	6.57	1120	2096	0.00	178	0	0	0	nan	0.00	0.00	3.78	89.53	93.43	0.00	36	0	42	0.00	0.00	56.22	7.16	0.00	0.00	2000
75	6.89	1078	2109	0.00	209	0	0	0	nan	0.00	0.04	4.15	89.31	93.11	0.00	37	0	42	0.00	0.00	61.93	7.70	0.00	0.00	2000
76	7.21	1063	2093	0.00	177	0	0	0	nan	0.00	0.02	3.92	88.50	92.79	0.00	37	0	42	0.00	0.00	59.10	7.39	0.00	0.00	2000
74	6.73	1095	2112	0.00	210	0	0	0	nan	0.00	0.00	4.69	89.11	93.27	0.00	36	0	42	0.00	0.00	62.48	7.75	0.00	0.00	2000
72	6.50	1106	2105	0.00	193	0	0	0	nan	0.00	0.00	3.68	90.03	93.50	0.00	36	0	42	0.00	0.00	55.12	6.75	0.00	0.00	2000
72	6.86	1065	2078	0.00	178	0	0	0	nan	0.00	0.00	2.96	89.27	93.14	0.00	36	0	42	0.00	0.00	57.86	7.24	0.00	0.00	2000
73	6.53	1116	2113	0.00	210	0	0	0	nan	0.00	0.00	3.61	90.28	93.47	0.00	36	0	42	0.00	0.00	60.24	7.64	0.00	0.00	2000
78	6.90	1130	2107	0.00	197	0	0	0	nan	0.00	0.01	5.21	88.16	93.10	0.00	36	0	42	0.00	0.00	62.05	7.76	0.00	0.00	2000
73	6.41	1131	2101	0.00	179	0	0	0	nan	0.00	0.00	3.71	89.93	93.59	0.00	36	0	42	0.00	0.00	58.14	7.19	0.00	0.00	2000
73	6.20	1177	2101	0.00	194	0	0	0	nan	0.00	0.03	2.75	90.94	93.80	0.00	36	0	42	0.00	0.00	59.27	7.24	0.00	0.00	2000
72	6.46	1107	2103	0.00	209	0	0	0	nan	0.00	0.02	2.51	91.03	93.54	0.00	36	0	42	0.00	0.00	61.43	7.61	0.00	0.00	2000
73	6.39	1138	2102	0.00	193	0	0	0	nan	0.00	0.02	3.41	90.24	93.61	0.00	36	0	42	0.00	0.00	59.03	7.50	0.00	0.00	2000
72	6.62	1087	2095	0.00	194	0	0	0	nan	0.00	0.02	3.45	89.70	93.38	0.00	36	0	42	0.00	0.00	61.60	7.88	0.00	0.00	2000
72	6.66	1091	2074	0.30	193	0	0	1	77.60	0.00	0.00	3.57	88.56	93.34	0.00	36	0	42	0.00	0.00	57.03	7.16	0.00	0.00	2000
73	6.79	1081	2097	0.11	196	0	0	0	nan	0.00	0.00	3.74	89.24	93.21	0.00	36	0	42	0.00	0.00	58.28	7.39	0.00	0.00	2000
194	10.31	1878	2105	0.00	216	0	0	0	nan	0.00	0.00	5.05	84.97	89.69	0.00	38	0	42	0.00	0.00	63.90	7.40	0.00	0.00	2000
234	11.14	2090	2112	0.00	230	0	0	0	nan	0.00	0.01	4.59	84.84	88.86	0.00	39	0	42	0.00	0.00	65.45	7.40	0.00	0.00	2000
229	11.07	2070	2099	0.00	220	0	0	0	nan	0.00	0.00	3.24	85.67	88.93	0.00	39	0	42	0.00	0.00	63.66	7.31	0.00	0.00	2000
231	11.21	2043	2118	0.00	204	0	0	0	nan	0.05	0.00	3.55	86.13	88.79	0.00	39	0	42	0.00	0.00	68.74	7.92	0.00	0.00	2000
231	11.07	2105	2084	0.00	196	0	0	0	nan	0.00	0.02	6.18	82.12	88.93	0.00	37	0	41	0.00	0.00	62.04	7.31	0.00	0.00	2000
229	11.21	2073	2072	0.00	197	0	0	0	nan	0.00	0.00	6.55	81.13	88.79	0.00	37	0	42	0.00	0.00	65.48	7.84	0.00	0.00	2000
240	10.90	2153	2149	0.00	201	0	0	0	nan	0.00	0.02	6.42	84.75	89.10	0.00	37	0	42	0.00	0.00	70.72	8.29	0.00	0.00	2000
223	10.93	2085	2059	0.00	196	0	0	0	nan	0.00	1.47	4.75	81.31	89.07	0.00	36	0	41	0.00	0.00	65.04	7.65	0.00	0.00	2000
235	11.43	2042	2119	0.00	195	0	0	0	nan	0.00	0.00	5.12	84.30	88.57	0.00	37	0	42	0.00	0.00	65.79	7.81	0.00	0.00	2000
233	11.19	2066	2117	0.00	199	0	0	0	nan	0.00	0.02	4.21	85.44	88.81	0.00	38	0	42	0.00	0.00	66.34	7.48	0.00	0.00	2000
233	11.18	2075	2107	0.00	199	0	0	0	nan	0.00	0.02	4.89	84.33	88.82	0.00	38	0	42	0.00	0.00	66.32	7.55	0.00	0.00	2000
232	11.31	2063	2091	0.00	204	0	0	0	nan	0.00	0.00	5.03	83.40	88.69	0.00	38	0	42	0.00	0.00	66.18	7.53	0.00	0.00	2000
232	10.87	2124	2110	0.00	196	0	0	0	nan	0.00	0.00	5.53	84.00	89.13	0.00	38	0	42	0.00	0.00	65.77	7.37	0.00	0.00	2000
224	10.69	2138	2055	0.00	200	0	0	0	nan	0.00	0.00	5.25	82.28	89.31	0.00	38	0	42	0.00	0.00	64.53	7.16	0.00	0.00	2000
232	10.99	2089	2124	0.00	199	0	0	0	nan	0.00	0.01	3.81	86.32	89.01	0.00	38	0	42	0.00	0.00	65.88	7.71	0.00	0.00	2000
231	11.09	2075	2110	0.77	198	0	0	14	89.16	0.00	0.05	2.55	86.90	88.91	0.00	39	0	42	0.00	0.00	65.24	7.33	0.00	0.00	2000
234	11.06	2120	2099	0.02	200	0	0	0	nan	0.00	0.02	3.03	85.96	88.94	0.00	38	0	42	0.00	0.00	64.22	7.29	0.00	0.00	2000
223	11.28	2076	2001	0.00	216	0	0	0	nan	0.00	0.83	5.18	78.66	88.72	0.00	37	0	42	0.00	0.00	59.84	7.01	0.00	0.00	2000
237	10.90	2055	2219	0.00	229	0	0	0	nan	0.00	0.00	7.05	87.25	89.10	0.00	37	0	42	0.00	0.00	75.10	8.74	0.00	0.00	2000
234	11.05	2110	2106	0.00	200	0	0	0	nan	0.00	0.00	5.42	83.87	88.95	0.00	37	0	42	0.00	0.00	67.05	7.59	0.00	0.00	2000
233	11.22	2079	2094	0.00	201	0	0	0	nan	0.00	0.99	4.96	82.69	88.78	0.00	37	0	42	0.00	0.00	64.69	7.50	0.00	0.00	2000
227	11.22	2050	2073	0.00	198	0	0	0	nan	0.01	0.00	5.91	81.84	88.78	0.00	37	0	42	0.00	0.00	63.04	7.23	0.00	0.00	2000
230	11.32	2033	2097	0.00	215	0	0	0	nan	0.00	0.02	4.81	83.83	88.68	0.00	38	0	42	0.00	0.00	64.26	7.47	0.00	0.00	2000
230	11.41	2050	2062	0.00	197	0	0	0	nan	0.00	0.00	4.78	82.30	88.59	0.00	37	0	42	0.00	0.00	62.81	7.21	0.00	0.00	2000
233	10.65	2134	2153	0.00	232	0	0	0	nan	0.00	0.01	4.71	86.96	89.35	0.00	37	0	42	0.00	0.00	71.49	8.06	0.00	0.00	2000
240	11.37	2086	2129	0.00	200	0	0	0	nan	0.00	0.02	4.88	85.07	88.63	0.00	37	0	42	0.00	0.00	63.75	7.42	0.00	0.00	2000
224	10.48	2141	2100	0.00	218	0	0	0	nan	0.00	0.00	3.87	85.73	89.52	0.00	38	0	42	0.00	0.00	66.49	7.90	0.00	0.00	2000
232	10.69	2177	2090	0.00	202	0	0	0	nan	0.00	0.00	2.92	85.95	89.31	0.00	39	0	42	0.00	0.00	66.14	8.04	0.00	0.00	2000
234	11.28	2068	2105	0.00	202	0	0	0	nan	0.00	0.00	4.31	84.68	88.72	0.00	39	0	42	0.00	0.00	64.01	7.70	0.00	0.00	2000
227	10.92	2106	2074	0.00	214	0	0	0	nan	0.00	0.01	3.54	84.60	89.08	0.00	39	0	42	0.00	0.00	65.26	7.88	0.00	0.00	2000
234	11.32	2052	2119	0.00	201	0	0	0	nan	0.00	0.00	4.64	84.97	88.68	0.00	39	0	42	0.00	0.00	65.19	7.99	0.00	0.00	2000
228	11.34	2010	2105	0.10	203	0	0	2	58.74	0.00	0.00	4.12	84.87	88.66	0.00	39	0	42	0.00	0.00	64.33	7.95	0.00	0.00	2000
230	11.13	2066	2102	0.47	202	0	0	3	64.54	0.00	0.01	3.47	85.60	88.87	0.00	40	0	42	0.00	0.00	64.99	8.18	0.00	0.00	2000
232	11.18	2081	2096	0.00	205	0	0	0	nan	0.00	0.00	3.88	84.88	88.82	0.00	40	0	42	0.00	0.00	68.11	7.61	0.00	0.00	2000
232	11.12	2074	2113	0.00	215	0	0	0	nan	0.00	0.02	3.28	86.17	88.88	0.00	40	0	42	0.00	0.00	65.90	7.51	0.00	0.00	2000
226	10.75	2111	2090	0.00	204	0	0	0	nan	0.00	0.00	3.70	85.22	89.25	0.00	40	0	42	0.00	0.00	64.20	7.47	0.00	0.00	2000
226	10.97	2080	2079	0.00	202	0	0	0	nan	0.00	0.01	2.97	85.30	89.03	0.00	41	0	42	0.00	0.00	63.76	7.33	0.00	0.00	2000
235	10.98	2113	2128	0.00	220	0	0	0	nan	0.00	0.02	4.25	86.03	89.02	0.00	40	0	42	0.00	0.00	62.59	7.73	0.00	0.00	2000
232	11.10	2088	2103	0.00	206	0	0	0	nan	0.00	0.00	3.35	85.84	88.90	0.00	40	0	42	0.00	0.00	67.19	7.39	0.00	0.00	2000
224	10.71	2117	2079	0.00	215	0	0	0	nan	0.00	0.00	4.40	84.06	89.29	0.00	40	0	42	0.00	0.00	65.70	7.42	0.00	0.00	2000
231	11.25	2031	2120	0.00	221	0	0	0	nan	0.00	0.00	3.02	86.76	88.75	0.00	41	0	42	0.00	0.00	61.19	7.34	0.00	0.00	2000
224	10.75	2096	2085	0.00	203	0	0	0	nan	0.00	0.02	3.03	85.70	89.25	0.00	40	0	42	0.00	0.00	64.94	7.08	0.00	0.00	2000
230	11.22	2041	2110	0.00	204	0	0	0	nan	0.00	0.00	2.83	86.43	88.78	0.00	41	0	42	0.00	0.00	67.45	7.68	0.00	0.00	2000
225	11.19	2038	2076	0.00	208	0	0	0	nan	0.00	0.01	2.61	85.34	88.81	0.00	40	0	42	0.00	0.00	64.94	7.53	0.00	0.00	2000
229	11.06	2046	2123	0.00	203	0	0	0	nan	0.00	0.00	3.64	86.34	88.94	0.00	40	0	42	0.00	0.00	62.56	7.29	0.00	0.00	2000
229	10.87	2093	2111	0.00	218	0	0	0	nan	0.00	0.00	3.41	86.24	89.13	0.00	40	0	42	0.00	0.00	65.19	7.52	0.00	0.00	2000
226	10.90	2091	2084	0.00	204	0	0	0	nan	0.00	0.00	4.32	84.18	89.10	0.00	40	0	42	0.00	0.00	64.79	7.51	0.00	0.00	2000
228	11.30	2026	2094	0.00	204	0	0	0	nan	0.00	0.00	3.87	84.65	88.70	0.00	40	0	42	0.00	0.00	65.17	7.45	0.00	0.00	2000
225	10.79	2097	2088	0.33	213	0	0	3	92.40	0.00	0.00	3.46	85.30	89.21	0.00	40	0	42	0.00	0.00	65.32	7.52	0.00	0.00	2000
232	11.11	2060	2130	0.48	219	0	0	4	96.47	0.00	0.00	4.07	86.12	88.89	0.00	40	0	42	0.00	0.00	65.55	7.76	0.00	0.00	2000
230	10.79	2135	2093	0.00	205	0	0	0	nan	0.00	0.00	3.81	85.17	89.21	0.00	40	0	42	0.00	0.00	65.59	7.74	0.00	0.00	2000
227	10.77	2116	2093	0.00	203	0	0	0	nan	0.00	0.00	3.31	85.70	89.23	0.00	40	0	42	0.00	0.00	64.56	7.30	0.00	0.00	2000
231	10.67	2169	2101	0.00	204	0	0	0	nan	0.00	0.04	3.31	86.05	89.33	0.00	41	0	42	0.00	0.00	65.11	7.71	0.00	0.00	2000
230	11.24	2034	2115	0.00	212	0	0	0	nan	0.00	0.00	2.75	86.75	88.76	0.00	41	0	42	0.00	0.00	66.01	7.59	0.00	0.00	2000
228	11.19	2051	2082	0.00	204	0	0	0	nan	0.00	0.00	3.04	85.06	88.81	0.00	40	0	42	0.00	0.00	63.51	7.38	0.00	0.00	2000
229	10.88	2091	2113	0.00	201	0	0	0	nan	0.01	0.00	3.13	86.61	89.12	0.00	41	0	42	0.00	0.00	65.73	7.49	0.00	0.00	2000
231	11.18	2054	2110	0.00	204	0	0	0	nan	0.00	0.00	3.48	85.77	88.82	0.00	41	0	42	0.00	0.00	65.38	7.51	0.00	0.00	2000
230	11.03	2087	2100	0.00	203	0	0	0	nan	0.00	0.02	3.86	85.18	88.97	0.00	40	0	42	0.00	0.00	65.04	7.50	0.00	0.00	2000
224	10.86	2099	2065	0.00	211	0	0	0	nan	0.00	0.02	3.56	84.20	89.14	0.00	41	0	42	0.00	0.00	63.59	7.31	0.00	0.00	2000
231	11.02	2074	2121	0.00	221	0	0	0	nan	0.00	0.00	3.91	86.09	88.98	0.00	41	0	42	0.00	0.00	64.61	7.63	0.00	0.00	2000
227	10.78	2115	2093	0.00	204	0	0	0	nan	0.00	0.02	2.47	86.41	89.22	0.00	41	0	42	0.00	0.00	65.38	7.55	0.00	0.00	2000
228	10.84	2090	2111	0.00	204	0	0	0	nan	0.00	0.02	2.67	87.10	89.16	0.00	41	0	42	0.00	0.00	66.15	7.41	0.00	0.00	2000
228	10.73	2135	2087	0.00	230	0	0	0	nan	0.00	0.02	3.15	85.52	89.27	0.00	41	0	42	0.00	0.00	64.20	7.32	0.00	0.00	2000
229	10.71	2130	2111	0.00	203	0	0	0	nan	0.00	0.01	3.03	86.73	89.29	0.00	41	0	42	0.00	0.00	64.68	7.46	0.00	0.00	2000
231	11.13	2060	2116	0.00	204	1	0	0	nan	0.01	0.00	2.96	86.68	88.87	0.00	41	0	42	0.00	0.00	66.01	7.61	0.00	0.00	2000
233	10.98	2131	2091	0.54	219	0	0	5	54.52	0.00	0.00	6.34	82.35	89.02	0.00	41	0	42	0.00	0.00	64.34	7.33	0.00	0.00	2000
226	11.01	2079	2075	0.61	203	0	0	2	89.50	0.00	0.01	3.10	84.94	88.99	0.00	41	0	42	0.00	0.00	62.48	7.32	0.00	0.00	2000
231	10.77	2133	2114	0.00	212	0	0	0	nan	0.00	0.03	2.79	87.00	89.23	0.00	41	0	42	0.00	0.00	65.34	7.67	0.00	0.00	2000
229	11.12	2057	2107	0.00	202	0	0	0	nan	0.00	0.01	2.36	86.97	88.88	0.00	41	0	42	0.00	0.00	67.32	7.77	0.00	0.00	2000
226	10.83	2096	2087	0.00	204	0	0	0	nan	0.00	0.00	2.90	85.65	89.17	0.00	41	0	42	0.00	0.00	64.55	7.37	0.00	0.00	2000
231	11.13	2065	2110	0.00	204	0	0	0	nan	0.00	0.00	3.66	85.78	88.87	0.00	41	0	42	0.00	0.00	62.00	7.43	0.00	0.00	2000
238	11.37	2103	2091	0.00	201	0	0	0	nan	0.00	0.00	3.33	84.85	88.63	0.00	41	0	42	0.00	0.00	67.89	7.78	0.00	0.00	2000
228	10.61	2153	2100	0.00	244	0	0	0	nan	0.00	0.00	3.22	86.05	89.39	0.00	41	0	42	0.00	0.00	62.32	7.22	0.00	0.00	2000
230	10.83	2106	2114	0.00	203	0	0	0	nan	0.00	0.00	3.59	86.31	89.17	0.00	41	0	42	0.00	0.00	68.55	8.01	0.00	0.00	2000
232	10.99	2105	2110	0.00	207	0	0	0	nan	0.00	0.02	4.57	84.96	89.01	0.00	40	0	42	0.00	0.00	63.01	7.40	0.00	0.00	2000
229	11.00	2078	2100	0.00	203	0	0	0	nan	0.00	0.00	4.02	85.09	89.00	0.00	40	0	42	0.00	0.00	64.76	7.22	0.00	0.00	2000
231	10.71	2160	2100	0.00	203	0	0	0	nan	0.00	0.02	3.55	85.81	89.29	0.00	41	0	42	0.00	0.00	65.00	7.44	0.00	0.00	2000
225	10.73	2111	2085	0.00	210	0	0	0	nan	0.00	0.00	3.47	85.24	89.27	0.00	41	0	42	0.00	0.00	63.54	7.33	0.00	0.00	2000
226	10.75	2114	2089	0.00	203	0	0	0	nan	0.00	0.00	3.51	85.35	89.25	0.00	41	0	42	0.00	0.00	63.95	7.32	0.00	0.00	2000
229	10.94	2079	2116	0.00	207	0	0	0	nan	0.00	0.00	5.38	84.42	89.06	0.00	41	0	42	0.00	0.00	65.84	7.38	0.00	0.00	2000
226	10.75	2117	2088	0.00	202	0	0	0	nan	0.00	0.02	3.15	85.59	89.25	0.00	40	0	42	0.00	0.00	64.44	7.27	0.00	0.00	2000
231	11.20	2050	2113	0.00	204	0	0	0	nan	0.00	0.00	3.12	86.32	88.80	0.00	41	0	42	0.00	0.00	64.98	7.71	0.00	0.00	2000
225	10.93	2083	2078	0.44	229	0	0	3	89.28	0.00	0.00	3.01	85.20	89.07	0.00	41	0	42	0.00	0.00	65.03	7.32	0.00	0.00	2000
230	10.98	2078	2116	0.33	204	0	0	2	92.67	0.00	0.00	3.56	86.17	89.02	0.00	41	0	42	0.00	0.00	65.03	7.56	0.00	0.00	2000
229	10.59	2162	2104	0.00	203	0	0	0	nan	0.00	0.00	3.34	86.31	89.41	0.00	41	0	42	0.00	0.00	65.13	7.60	0.00	0.00	2000
223	11.02	2048	2078	0.00	204	0	0	0	nan	0.00	0.01	3.11	84.97	88.98	0.00	41	0	42	0.00	0.00	63.84	7.36	0.00	0.00	2000
233	11.17	2063	2120	0.00	228	0	0	0	nan	0.00	0.00	4.77	84.95	88.83	0.00	41	0	42	0.00	0.00	67.07	7.65	0.00	0.00	2000
229	10.98	2067	2116	0.00	202	0	0	0	nan	0.00	0.00	4.27	85.57	89.02	0.00	41	0	42	0.00	0.00	66.22	7.62	0.00	0.00	2000
228	11.01	2071	2096	0.00	203	0	0	0	nan	0.00	0.02	2.94	85.99	88.99	0.00	41	0	42	0.00	0.00	63.89	7.27	0.00	0.00	2000
227	11.23	2019	2103	0.00	201	0	0	0	nan	0.00	0.00	2.72	86.33	88.77	0.00	41	0	42	0.00	0.00	63.82	7.29	0.00	0.00	2000
226	11.09	2065	2070	0.00	203	0	0	0	nan	0.00	0.00	3.50	84.18	88.91	0.00	41	0	42	0.00	0.00	63.55	7.45	0.00	0.00	2000
230	10.99	2083	2112	0.00	212	0	0	0	nan	0.00	0.02	4.30	85.29	89.01	0.00	41	0	42	0.00	0.00	65.39	7.68	0.00	0.00	2000
229	11.19	2045	2101	0.00	205	0	0	0	nan	0.00	0.00	3.37	85.61	88.81	0.00	41	0	42	0.00	0.00	64.93	7.52	0.00	0.00	2000
229	11.04	2065	2113	0.00	221	0	0	0	nan	0.00	0.02	2.98	86.59	88.96	0.00	41	0	42	0.00	0.00	64.67	7.31	0.00	0.00	2000
229	11.05	2073	2102	0.00	203	0	0	0	nan	0.00	0.02	3.22	85.93	88.95	0.00	41	0	42	0.00	0.00	67.52	7.98	0.00	0.00	2000
227	10.74	2119	2096	0.00	203	0	0	0	nan	0.00	0.00	3.45	85.78	89.26	0.00	41	0	42	0.00	0.00	62.05	7.14	0.00	0.00	2000
230	11.42	2010	2103	0.00	213	0	0	0	nan	0.00	0.00	3.45	85.41	88.58	0.00	41	0	42	0.00	0.00	66.92	7.70	0.00	0.00	2000
227	10.93	2076	2098	0.00	203	0	0	0	nan	0.00	0.00	3.75	85.31	89.07	0.00	41	0	42	0.00	0.00	65.34	7.48	0.00	0.00	2000
230	11.08	2064	2108	0.00	203	0	0	0	nan	0.00	0.00	3.63	85.65	88.92	0.00	42	0	42	0.00	0.00	64.55	7.39	0.00	0.00	2000
230	11.09	2076	2098	0.75	207	0	0	5	83.95	0.00	0.02	4.80	84.16	88.91	0.00	41	0	42	0.00	0.00	64.55	7.53	0.00	0.00	2000
230	10.80	2126	2103	0.56	204	0	0	3	91.82	0.00	0.00	4.32	85.02	89.20	0.00	41	0	42	0.00	0.00	65.20	7.51	0.00	0.00	2000
229	10.91	2105	2091	0.00	211	0	0	0	nan	0.00	0.03	3.16	85.63	89.09	0.00	41	0	42	0.00	0.00	65.18	7.36	0.00	0.00	2000
230	10.74	2136	2104	0.00	201	0	0	0	nan	0.00	0.00	3.60	85.93	89.26	0.00	41	0	42	0.00	0.00	65.64	7.52	0.00	0.00	2000
226	11.26	2008	2094	0.00	200	0	0	0	nan	0.00	0.00	3.87	84.77	88.74	0.00	41	0	42	0.00	0.00	64.17	7.20	0.00	0.00	2000
228	11.23	2025	2103	0.00	202	0	0	0	nan	0.00	0.00	3.64	85.40	88.77	0.00	41	0	42	0.00	0.00	63.65	7.39	0.00	0.00	2000
229	11.05	2070	2106	0.00	204	0	0	0	nan	0.00	0.01	2.89	86.41	88.95	0.00	41	0	42	0.00	0.00	65.96	7.55	0.00	0.00	2000
227	11.02	2080	2082	0.00	204	0	0	0	nan	0.00	0.00	4.03	84.27	88.98	0.00	41	0	42	0.00	0.00	61.62	6.91	0.00	0.00	2000
226	10.83	2098	2092	0.00	211	0	0	0	nan	0.00	0.00	3.88	85.05	89.17	0.00	41	0	42	0.00	0.00	67.27	7.53	0.00	0.00	2000
228	11.10	2056	2101	0.00	205	0	0	0	nan	0.00	0.00	2.79	86.14	88.90	0.00	41	0	42	0.00	0.00	64.51	7.34	0.00	0.00	2000
231	11.23	2034	2124	0.00	204	0	0	0	nan	0.00	0.02	2.38	87.42	88.77	0.00	41	0	42	0.00	0.00	66.73	7.76	0.00	0.00	2000
229	11.09	2065	2097	0.00	203	0	0	0	nan	0.00	0.00	2.82	86.03	88.91	0.00	41	0	42	0.00	0.00	65.16	7.44	0.00	0.00	2000
233	10.96	2118	2108	0.00	204	0	0	0	nan	0.00	0.00	3.67	85.72	89.04	0.00	41	0	42	0.00	0.00	63.64	7.32	0.00	0.00	2000
223	11.03	2053	2065	0.00	212	0	0	0	nan	0.00	0.00	4.27	83.38	88.97	0.00	41	0	42	0.00	0.00	63.26	7.22	0.00	0.00	2000
230	10.95	2086	2112	0.00	203	0	0	0	nan	0.00	0.02	2.59	87.10	89.05	0.00	41	0	42	0.00	0.00	66.56	7.65	0.00	0.00	2000
231	11.12	2063	2118	0.00	218	0	0	0	nan	0.00	0.00	3.03	86.70	88.88	0.00	41	0	42	0.00	0.00	64.70	7.43	0.00	0.00	2000
227	10.99	2064	2098	0.00	202	0	0	0	nan	0.00	0.01	2.55	86.51	89.01	0.00	41	0	42	0.00	0.00	64.07	7.31	0.00	0.00	2000
232	11.21	2065	2106	0.57	215	0	0	5	77.45	0.00	0.00	4.20	84.87	88.79	0.00	40	0	42	0.00	0.00	67.13	7.48	0.00	0.00	2000
222	11.01	2048	2070	0.65	202	0	0	3	83.76	0.00	0.01	3.70	84.09	88.99	0.00	41	0	42	0.00	0.00	60.75	6.92	0.00	0.00	2000
233	11.28	2039	2128	0.00	202	0	0	0	nan	0.00	0.00	2.29	87.70	88.72	0.00	41	0	42	0.00	0.00	69.32	7.63	0.00	0.00	2000
231	11.08	2088	2097	0.00	204	0	0	0	nan	0.00	0.00	3.35	85.59	88.92	0.00	41	0	42	0.00	0.00	61.87	7.40	0.00	0.00	2000
232	11.02	2100	2102	0.00	209	0	0	0	nan	0.00	0.00	3.45	85.74	88.98	0.00	41	0	42	0.00	0.00	66.53	7.37	0.00	0.00	2000
231	11.04	2082	2107	0.00	211	0	0	0	nan	0.00	0.02	3.09	86.29	88.96	0.00	41	0	42	0.00	0.00	63.43	7.38	0.00	0.00	2000
225	11.30	2015	2079	0.00	202	0	0	0	nan	0.00	0.00	3.36	84.68	88.70	0.00	41	0	42	0.00	0.00	65.45	7.31	0.00	0.00	2000
232	11.06	2077	2118	0.00	203	0	0	0	nan	0.00	0.00	2.18	87.61	88.94	0.00	41	0	42	0.00	0.00	65.05	7.51	0.00	0.00	2000
226	11.03	2071	2076	0.00	202	0	0	0	nan	0.00	0.00	3.43	84.56	88.97	0.00	41	0	42	0.00	0.00	65.83	7.55	0.00	0.00	2000
230	10.89	2096	2114	0.00	219	0	0	0	nan	0.00	0.01	2.68	87.11	89.11	0.00	41	0	42	0.00	0.00	64.04	7.43	0.00	0.00	2000
229	11.04	2092	2087	0.00	187	0	0	0	nan	0.00	0.00	3.95	84.54	88.96	0.00	40	0	42	0.00	0.00	65.29	7.38	0.00	0.00	2000
231	10.83	2109	2121	0.00	225	0	0	0	nan	0.00	0.00	3.90	86.20	89.17	0.00	41	0	42	0.00	0.00	64.65	7.47	0.00	0.00	2000
226	10.82	2102	2085	0.00	187	0	0	0	nan	0.00	0.00	2.96	85.66	89.18	0.00	40	0	42	0.00	0.00	65.84	7.47	0.00	0.00	2000
227	10.71	2123	2096	0.00	220	0	0	0	nan	0.00	0.02	2.78	86.37	89.29	0.00	41	0	42	0.00	0.00	64.10	7.59	0.00	0.00	2000
229	10.98	2086	2098	0.00	202	0	0	0	nan	0.00	0.02	2.37	86.64	89.02	0.00	41	0	42	0.00	0.00	63.60	7.23	0.00	0.00	2000
235	11.20	2073	2127	0.00	212	0	0	0	nan	0.00	0.01	2.96	87.05	88.80	0.00	40	0	42	0.00	0.00	66.02	7.86	0.00	0.00	2000
231	10.78	2141	2099	0.00	203	0	0	0	nan	0.00	0.00	3.39	85.94	89.22	0.00	41	0	42	0.00	0.00	65.71	7.60	0.00	0.00	2000
221	10.87	2075	2059	0.45	201	0	0	5	71.01	0.00	0.00	3.33	84.10	89.13	0.00	41	0	42	0.00	0.00	64.17	7.28	0.00	0.00	2000
235	11.17	2070	2132	0.76	202	0	0	4	76.48	0.00	0.01	2.29	87.97	88.83	0.00	41	0	42	0.00	0.00	66.28	7.50	0.00	0.00	2000
230	10.78	2128	2109	0.00	203	0	0	0	nan	0.00	0.00	3.11	86.50	89.22	0.00	41	0	42	0.00	0.00	63.46	7.27	0.00	0.00	2000
232	10.75	2161	2096	0.00	202	0	0	0	nan	0.01	0.02	3.73	85.37	89.25	0.00	41	0	42	0.00	0.00	65.80	7.44	0.00	0.00	2000
229	10.81	2115	2101	0.00	196	0	0	0	nan	0.00	0.00	3.11	86.17	89.19	0.00	41	0	42	0.00	0.00	66.08	7.48	0.00	0.00	2000
227	11.08	2061	2088	0.00	203	0	0	0	nan	0.00	0.01	2.53	86.02	88.92	0.00	41	0	42	0.00	0.00	62.54	7.03	0.00	0.00	2000
226	11.06	2067	2080	0.00	202	0	0	0	nan	0.00	0.02	3.53	84.61	88.94	0.00	41	0	42	0.00	0.00	64.99	7.42	0.00	0.00	2000
233	10.90	2111	2125	0.00	208	0	0	0	nan	0.00	0.02	5.67	84.48	89.10	0.00	41	0	42	0.00	0.00	67.18	7.88	0.00	0.00	2000
229	10.90	2103	2097	0.00	206	0	0	0	nan	0.00	0.00	3.87	85.21	89.11	0.00	41	0	42	0.00	0.00	62.93	7.19	0.00	0.00	2000
232	11.04	2103	2102	0.00	230	0	0	0	nan	0.00	0.00	3.20	85.86	88.96	0.00	41	0	42	0.00	0.00	66.69	7.62	0.00	0.00	2000
229	10.75	2128	2098	0.00	187	0	0	0	nan	0.00	0.01	3.58	85.61	89.25	0.00	41	0	42	0.00	0.00	64.61	7.25	0.00	0.00	2000
228	10.86	2112	2084	0.00	202	0	0	0	nan	0.00	0.00	2.98	85.61	89.14	0.00	41	0	42	0.00	0.00	63.45	7.37	0.00	0.00	2000
228	10.83	2103	2097	0.00	205	0	0	0	nan	0.00	0.00	2.87	86.20	89.17	0.00	41	0	42	0.00	0.00	64.50	7.31	0.00	0.00	2000
233	10.86	2113	2128	0.00	219	0	0	0	nan	0.00	0.02	3.25	87.17	89.14	0.00	41	0	42	0.00	0.00	64.74	7.26	0.00	0.00	2000
230	11.22	2051	2098	0.00	211	0	0	0	nan	0.00	0.01	3.63	85.17	88.78	0.00	41	0	42	0.00	0.00	65.17	7.50	0.00	0.00	2000
224	10.78	2103	2075	0.00	204	0	0	0	nan	0.00	0.02	3.22	85.00	89.22	0.00	41	0	42	0.00	0.00	64.83	7.52	0.00	0.00	2000
228	11.25	2032	2097	0.00	202	0	0	0	nan	0.00	0.00	3.57	85.14	88.75	0.00	41	0	42	0.00	0.00	66.01	7.63	0.00	0.00	2000
241	11.29	2110	2125	0.13	202	0	0	3	73.02	0.00	0.02	2.14	87.60	88.71	0.00	41	0	42	0.00	0.00	65.39	7.44	0.00	0.00	2000
230	11.25	2034	2109	0.95	203	0	0	6	74.30	0.00	0.00	3.04	86.20	88.75	0.00	41	0	42	0.00	0.00	65.29	7.48	0.00	0.00	2000
229	11.14	2075	2079	0.00	210	0	0	0	nan	0.00	0.01	3.44	84.62	88.86	0.00	41	0	42	0.00	0.00	63.74	7.49	0.00	0.00	2000
230	11.05	2064	2113	0.00	202	0	0	0	nan	0.00	0.02	4.17	85.45	88.95	0.00	41	0	42	0.00	0.00	65.49	7.64	0.00	0.00	2000
231	10.86	2119	2110	0.00	204	0	0	0	nan	0.00	0.00	3.51	86.15	89.14	0.00	40	0	42	0.00	0.00	62.94	7.23	0.00	0.00	2000
227	10.88	2096	2086	0.00	202	0	0	0	nan	0.00	0.00	3.61	84.95	89.12	0.00	41	0	42	0.00	0.00	65.26	7.58	0.00	0.00	2000
229	11.14	2055	2099	0.00	202	0	0	0	nan	0.00	0.00	2.46	86.43	88.86	0.00	41	0	42	0.00	0.00	65.57	7.62	0.00	0.00	2000
235	11.03	2115	2112	0.00	205	0	0	0	nan	0.00	0.00	4.39	85.10	88.97	0.00	41	0	42	0.00	0.00	66.71	7.79	0.00	0.00	2000
229	11.31	2026	2095	0.00	217	0	0	0	nan	0.00	0.00	3.42	85.18	88.69	0.00	41	0	42	0.00	0.00	64.22	7.32	0.00	0.00	2000
227	10.89	2089	2097	0.00	203	0	0	0	nan	0.01	0.00	3.56	85.55	89.11	0.00	41	0	42	0.00	0.00	65.59	7.57	0.00	0.00	2000
231	11.16	2061	2109	0.00	206	0	0	0	nan	0.00	0.00	4.52	84.78	88.84	0.00	41	0	42	0.00	0.00	64.65	7.47	0.00	0.00	2000
228	10.54	2170	2091	0.00	204	0	0	0	nan	0.00	0.03	3.99	85.06	89.46	0.00	41	0	42	0.00	0.00	65.28	7.55	0.00	0.00	2000
233	11.37	2037	2108	0.00	204	0	0	0	nan	0.00	0.00	4.78	84.28	88.63	0.00	41	0	42	0.00	0.00	64.65	7.63	0.00	0.00	2000
226	10.92	2085	2081	0.00	212	0	0	0	nan	0.00	0.00	3.21	85.22	89.08	0.00	40	0	42	0.00	0.00	63.75	7.34	0.00	0.00	2000
230	11.02	2075	2114	0.00	202	0	0	0	nan	0.00	0.00	4.25	85.49	88.98	0.00	41	0	42	0.00	0.00	64.22	7.46	0.00	0.00	2000
228	10.94	2083	2105	0.00	204	0	0	0	nan	0.00	0.00	3.60	85.68	89.06	0.00	41	0	42	0.00	0.00	64.60	7.28	0.00	0.00	2000
229	10.85	2114	2099	0.00	204	0	0	0	nan	0.00	0.02	4.02	85.17	89.15	0.00	40	0	42	0.00	0.00	67.87	7.99	0.00	0.00	2000
228	11.19	2054	2087	0.00	204	0	0	2	78.28	0.00	0.00	3.18	85.19	88.81	0.00	41	0	42	0.00	0.00	64.31	7.04	0.00	0.00	2000
228	10.76	2127	2087	1.05	210	0	0	7	69.69	0.00	0.00	3.68	85.15	89.24	0.00	41	0	42	0.00	0.00	61.70	7.44	0.00	0.00	2000
230	10.75	2122	2118	0.00	202	0	0	0	nan	0.01	0.00	2.58	87.50	89.25	0.00	41	0	42	0.00	0.00	65.55	7.67	0.00	0.00	2000
227	10.75	2126	2084	0.00	205	0	0	0	nan	0.00	0.00	2.97	85.65	89.25	0.00	41	0	42	0.00	0.00	64.07	7.32	0.00	0.00	2000
230	10.66	2146	2110	0.00	202	0	0	0	nan	0.00	0.02	3.09	86.72	89.34	0.00	41	0	42	0.00	0.00	65.46	7.46	0.00	0.00	2000
230	11.00	2101	2091	0.00	204	0	0	0	nan	0.00	0.00	3.33	85.30	89.00	0.00	41	0	42	0.00	0.00	64.55	7.44	0.00	0.00	2000
227	11.07	2060	2088	0.00	212	0	0	0	nan	0.00	0.00	3.62	84.95	88.93	0.00	41	0	42	0.00	0.00	65.17	7.43	0.00	0.00	2000
235	11.37	2030	2137	0.00	203	0	0	0	nan	0.01	0.00	3.18	87.16	88.63	0.00	41	0	42	0.00	0.00	68.32	7.84	0.00	0.00	2000
228	11.01	2071	2103	0.00	201	0	0	0	nan	0.00	0.01	3.31	85.88	88.99	0.00	41	0	42	0.00	0.00	62.67	7.26	0.00	0.00	2000
229	11.17	2054	2098	0.00	200	0	0	0	nan	0.00	0.00	3.12	85.78	88.83	0.00	40	0	42	0.00	0.00	64.53	7.47	0.00	0.00	2000
228	11.10	2059	2100	0.00	200	0	0	0	nan	0.01	0.00	3.37	85.67	88.90	0.00	40	0	42	0.00	0.00	66.07	8.12	0.00	0.00	2000
232	11.13	2083	2101	0.00	212	0	0	0	nan	0.00	0.00	3.71	85.31	88.87	0.00	41	0	42	0.00	0.00	63.79	7.47	0.00	0.00	2000
222	10.97	2062	2060	0.00	203	0	0	0	nan	0.00	0.00	3.43	84.09	89.03	0.00	41	0	42	0.00	0.00	63.73	7.31	0.00	0.00	2000
231	10.83	2113	2121	0.00	204	0	0	0	nan	0.00	0.02	1.84	88.28	89.17	0.00	41	0	42	0.00	0.00	65.31	7.58	0.00	0.00	2000
232	10.91	2106	2119	0.00	205	0	0	0	nan	0.00	0.02	3.06	86.89	89.09	0.00	41	0	42	0.00	0.00	66.96	7.65	0.00	0.00	2000
228	11.00	2077	2094	0.00	203	0	0	0	nan	0.00	0.02	3.38	85.42	89.00	0.00	41	0	42	0.00	0.00	63.90	7.53	0.00	0.00	2000
229	10.64	2166	2084	0.00	203	0	0	0	nan	0.00	0.00	3.32	85.43	89.36	0.00	41	0	42	0.00	0.00	64.73	7.36	0.00	0.00	2000
232	11.21	2053	2120	0.00	212	0	0	0	nan	0.00	0.02	2.80	86.92	88.79	0.00	41	0	42	0.00	0.00	65.14	7.51	0.00	0.00	2000
229	11.15	2052	2102	1.13	202	0	0	7	59.88	0.00	0.00	2.83	86.09	88.85	0.00	41	0	42	0.00	0.00	65.69	7.53	0.00	0.00	2000
225	11.01	2070	2070	0.04	203	0	0	0	nan	0.00	0.00	2.73	85.19	88.99	0.00	41	0	42	0.00	0.00	62.24	7.33	0.00	0.00	2000
233	11.26	2056	2119	0.00	205	0	0	0	nan	0.00	0.02	4.23	85.43	88.74	0.00	41	0	42	0.00	0.00	65.94	7.58	0.00	0.00	2000
233	11.45	2024	2110	0.00	202	0	0	0	nan	0.00	0.00	3.15	85.98	88.55	0.00	41	0	42	0.00	0.00	65.47	7.64	0.00	0.00	2000
226	11.00	2067	2090	0.00	210	0	0	0	nan	0.00	0.00	3.34	85.37	89.00	0.00	41	0	42	0.00	0.00	63.43	7.38	0.00	0.00	2000
229	11.19	2045	2106	0.00	202	0	0	0	nan	0.00	0.02	2.85	86.29	88.81	0.00	41	0	42	0.00	0.00	65.48	7.63	0.00	0.00	2000
227	11.00	2069	2098	0.00	203	0	0	0	nan	0.00	0.00	3.74	85.25	89.00	0.00	41	0	42	0.00	0.00	64.59	7.49	0.00	0.00	2000
230	11.22	2043	2105	0.00	202	0	0	0	nan	0.00	0.02	3.26	85.86	88.78	0.00	41	0	42	0.00	0.00	65.01	7.59	0.00	0.00	2000
228	10.94	2088	2099	0.00	204	0	0	0	nan	0.00	0.00	3.73	85.31	89.06	0.00	41	0	42	0.00	0.00	65.24	7.52	0.00	0.00	2000
230	10.87	2120	2098	0.00	212	0	0	0	nan	0.00	0.00	3.34	85.78	89.13	0.00	41	0	42	0.00	0.00	64.55	7.47	0.00	0.00	2000
229	11.18	2043	2107	0.00	204	0	0	0	nan	0.00	0.02	4.30	84.87	88.82	0.00	41	0	42	0.00	0.00	65.01	7.73	0.00	0.00	2000
227	11.10	2067	2081	0.00	202	0	0	0	nan	0.00	0.02	3.76	84.48	88.90	0.00	41	0	42	0.00	0.00	62.07	7.17	0.00	0.00	2000
225	10.92	2070	2087	0.00	203	0	0	0	nan	0.00	0.03	4.19	84.37	89.08	0.00	40	0	42	0.00	0.00	65.66	7.54	0.00	0.00	2000
232	11.19	2057	2113	0.00	203	0	0	0	nan	0.00	0.00	4.23	85.25	88.81	0.00	41	0	42	0.00	0.00	66.02	8.01	0.00	0.00	2000
230	11.07	2077	2102	0.00	215	0	0	0	nan	0.00	0.01	3.95	85.13	88.93	0.00	41	0	42	0.00	0.00	66.01	7.75	0.00	0.00	2000
232	10.78	2134	2115	0.00	202	0	0	0	nan	0.00	0.00	3.77	86.02	89.22	0.00	41	0	42	0.00	0.00	65.22	7.65	0.00	0.00	2000
229	10.67	2149	2098	0.00	204	0	0	0	nan	0.00	0.02	5.31	83.89	89.33	0.00	41	0	42	0.00	0.00	66.02	8.11	0.00	0.00	2000
232	10.88	2137	2095	1.24	204	0	0	5	27.75	0.00	0.00	4.53	84.42	89.12	0.00	42	0	42	0.00	0.00	65.78	7.74	0.00	0.00	2000
230	11.11	2059	2112	0.21	207	0	0	0	nan	0.00	0.00	3.86	85.61	88.89	0.00	41	0	42	0.00	0.00	65.25	7.74	0.00	0.00	2000
231	11.05	2092	2099	0.00	211	0	0	0	nan	0.00	0.00	4.19	84.80	88.95	0.00	42	0	42	0.00	0.00	63.12	7.41	0.00	0.00	2000
226	10.85	2089	2094	0.00	202	0	0	0	nan	0.00	0.00	3.04	85.99	89.15	0.00	42	0	42	0.00	0.00	66.72	7.80	0.00	0.00	2000
228	10.84	2108	2099	0.00	203	0	0	0	nan	0.00	0.02	3.46	85.77	89.16	0.00	42	0	42	0.00	0.00	64.91	7.44	0.00	0.00	2000
226	11.01	2068	2081	0.00	202	0	0	0	nan	0.00	0.02	3.23	85.13	88.99	0.00	42	0	42	0.00	0.00	64.22	7.54	0.00	0.00	2000
228	10.93	2086	2098	0.00	220	0	0	0	nan	0.00	0.00	3.14	85.90	89.07	0.00	41	0	42	0.00	0.00	64.71	7.53	0.00	0.00	2000
231	10.81	2123	2110	0.00	211	0	0	0	nan	0.00	0.01	3.69	85.99	89.19	0.00	41	0	42	0.00	0.00	66.46	8.12	0.00	0.00	2000
229	10.71	2145	2090	0.00	203	0	0	0	nan	0.00	0.00	3.10	85.87	89.29	0.00	42	0	42	0.00	0.00	65.19	7.98	0.00	0.00	2000
227	11.32	1991	2118	0.00	220	0	0	0	nan	0.00	0.02	3.26	86.35	88.68	0.00	42	0	42	0.00	0.00	65.50	7.70	0.00	0.00	2000
228	11.22	2035	2093	0.00	201	0	0	0	nan	0.00	0.00	3.54	85.08	88.78	0.00	42	0	42	0.00	0.00	62.28	7.32	0.00	0.00	2000
233	11.38	2024	2121	0.00	204	0	0	0	nan	0.00	0.00	4.02	85.64	88.62	0.00	42	0	42	0.00	0.00	66.98	7.82	0.00	0.00	2000
227	10.86	2098	2092	0.00	212	0	0	0	nan	0.00	0.00	3.44	85.53	89.14	0.00	41	0	42	0.00	0.00	65.57	7.68	0.00	0.00	2000
228	10.92	2090	2102	0.00	203	0	0	0	nan	0.00	0.00	3.36	85.78	89.08	0.00	42	0	42	0.00	0.00	62.99	7.47	0.00	0.00	2000
229	10.98	2090	2096	0.00	204	0	0	0	nan	0.00	0.02	3.84	85.08	89.02	0.00	41	0	42	0.00	0.00	66.00	8.05	0.00	0.00	2000
228	10.80	2111	2098	0.00	203	0	0	0	nan	0.00	0.01	2.98	86.28	89.20	0.00	42	0	42	0.00	0.00	64.68	7.62	0.00	0.00	2000
229	11.03	2088	2092	0.00	202	0	0	0	nan	0.00	0.00	3.21	85.53	88.97	0.00	42	0	42	0.00	0.00	64.62	7.47	0.00	0.00	2000
230	10.97	2083	2109	1.31	213	0	0	5	29.79	0.00	0.03	2.93	86.53	89.03	0.00	42	0	42	0.00	0.00	66.31	7.89	0.00	0.00	2000
227	11.16	2051	2087	0.25	200	0	0	0	nan	0.00	0.04	3.53	84.80	88.84	0.00	42	0	42	0.00	0.00	63.49	7.43	0.00	0.00	2000
232	11.13	2062	2123	0.00	204	0	0	0	nan	0.00	0.00	4.34	85.47	88.87	0.00	41	0	42	0.00	0.00	66.00	7.81	0.00	0.00	2000
227	10.76	2134	2077	0.00	206	0	0	0	nan	0.00	0.01	4.13	84.22	89.24	0.00	41	0	42	0.00	0.00	64.50	7.51	0.00	0.00	2000
228	11.11	2047	2104	0.00	204	0	0	0	nan	0.00	0.01	2.80	86.34	88.89	0.00	41	0	42	0.00	0.00	65.92	8.32	0.00	0.00	2000
231	10.99	2102	2099	0.00	213	0	0	0	nan	0.00	0.03	4.57	84.44	89.01	0.00	42	0	42	0.00	0.00	65.93	7.79	0.00	0.00	2000
228	10.99	2077	2096	0.00	203	0	0	0	nan	0.00	0.01	3.44	85.37	89.01	0.00	42	0	42	0.00	0.00	64.44	7.65	0.00	0.00	2000
231	10.87	2114	2113	0.00	203	0	0	0	nan	0.00	0.00	3.66	86.05	89.13	0.00	42	0	42	0.00	0.00	66.00	7.76	0.00	0.00	2000
228	11.02	2067	2104	0.00	202	0	0	0	nan	0.00	0.00	3.51	85.74	88.98	0.00	42	0	42	0.00	0.00	67.05	7.83	0.00	0.00	2000
224	11.30	2013	2072	0.00	204	0	0	0	nan	0.00	0.00	3.18	84.42	88.70	0.00	42	0	42	0.00	0.00	62.16	7.26	0.00	0.00	2000
233	10.81	2132	2125	0.00	212	0	0	0	nan	0.00	0.02	4.02	86.31	89.19	0.00	42	0	42	0.00	0.00	65.77	7.61	0.00	0.00	2000
242	11.68	2108	2065	0.00	195	0	0	0	nan	0.01	0.00	5.86	81.08	88.32	0.00	40	0	42	0.00	0.00	65.14	7.45	0.00	0.00	2000
228	11.15	2058	2091	0.00	195	0	0	0	nan	0.00	0.00	7.85	80.79	88.85	0.00	38	0	42	0.00	0.00	64.88	7.27	0.00	0.00	2000
227	11.44	2069	2011	0.00	196	0	0	0	nan	0.00	0.00	5.86	79.02	88.56	0.00	37	0	42	0.00	0.00	60.38	6.93	0.00	0.00	2000
234	10.80	2061	2212	0.00	211	0	0	0	nan	0.00	0.05	3.43	90.55	89.20	0.00	37	0	42	0.00	0.00	70.70	8.49	0.00	0.00	2000
228	11.64	2055	1998	0.00	195	0	0	0	nan	0.00	2.05	2.91	79.39	88.36	0.00	37	0	42	0.00	0.00	60.85	6.76	0.00	0.00	2000
248	11.51	2027	2234	0.00	228	0	0	0	nan	0.00	0.00	9.60	84.59	88.49	0.00	37	0	42	0.00	0.00	71.20	8.13	0.00	0.00	2000
227	11.64	2067	1978	0.93	198	0	0	8	62.94	0.00	0.02	6.74	76.62	88.36	0.00	37	0	42	0.00	0.00	60.53	6.83	0.00	0.00	2000
233	10.59	2104	2199	0.18	212	0	0	0	nan	0.00	0.94	6.66	86.16	89.41	0.00	37	0	42	0.00	0.00	71.27	8.06	0.00	0.00	2000
235	11.24	2071	2119	0.00	200	0	0	0	nan	0.06	0.02	7.30	82.33	88.76	0.00	37	0	42	0.00	0.00	65.96	7.49	0.00	0.00	2000
230	11.20	2066	2085	0.00	196	0	0	0	nan	0.00	0.00	8.78	79.57	88.80	0.00	37	0	42	0.00	0.00	65.26	7.56	0.00	0.00	2000
232	11.26	2053	2106	0.00	199	0	0	0	nan	0.00	0.00	7.17	82.01	88.74	0.00	37	0	42	0.00	0.00	65.22	7.56	0.00	0.00	2000
229	11.00	2099	2079	0.00	200	0	0	0	nan	0.00	0.00	5.53	82.65	89.00	0.00	37	0	42	0.00	0.00	63.22	7.15	0.00	0.00	2000
232	10.85	2124	2117	0.00	201	0	0	0	nan	0.00	0.02	6.70	83.25	89.15	0.00	37	0	42	0.00	0.00	68.54	7.85	0.00	0.00	2000
233	11.16	2065	2120	0.00	199	0	0	0	nan	0.00	0.00	7.58	82.24	88.84	0.00	37	0	42	0.00	0.00	65.66	7.60	0.00	0.00	2000
230	11.30	2061	2076	0.00	197	0	0	0	nan	0.00	0.00	8.68	79.07	88.70	0.00	37	0	42	0.00	0.00	65.15	7.55	0.00	0.00	2000
231	11.07	2081	2102	0.00	198	0	0	0	nan	0.01	0.00	7.71	81.42	88.93	0.00	37	0	42	0.00	0.00	65.71	7.54	0.00	0.00	2000
231	11.03	2094	2100	0.00	196	0	0	0	nan	0.00	0.00	6.18	82.94	88.97	0.00	37	0	42	0.00	0.00	65.33	7.51	0.00	0.00	2000
230	11.06	2074	2111	0.00	196	0	0	0	nan	0.04	0.00	7.33	82.13	88.94	0.00	37	0	42	0.00	0.00	65.53	7.29	0.00	0.00	2000
232	11.24	2074	2091	0.00	196	0	0	0	nan	0.00	1.31	4.18	83.05	88.76	0.00	37	0	42	0.00	0.00	65.38	7.41	0.00	0.00	2000
232	11.18	2065	2108	0.00	207	0	0	0	nan	0.00	0.00	5.95	83.28	88.82	0.00	37	0	42	0.00	0.00	62.66	7.19	0.00	0.00	2000
232	11.24	2072	2091	0.00	196	0	0	0	nan	0.04	0.00	8.96	79.53	88.76	0.00	38	0	42	0.00	0.00	65.76	7.41	0.00	0.00	2000
229	11.05	2083	2091	0.00	194	0	0	0	nan	0.00	0.00	7.37	81.31	88.95	0.00	38	0	42	0.00	0.00	65.21	7.46	0.00	0.00	2000
231	10.87	2118	2111	0.00	197	0	0	0	nan	0.00	0.03	6.10	83.52	89.13	0.00	37	0	42	0.00	0.00	66.04	7.65	0.00	0.00	2000
231	11.04	2074	2122	0.74	196	0	0	8	65.60	0.00	0.00	8.09	81.86	88.96	0.00	38	0	42	0.00	0.00	65.35	7.51	0.00	0.00	2000
231	11.04	2083	2108	0.44	197	0	0	0	61.46	0.00	1.00	8.53	79.94	88.96	0.00	37	0	42	0.00	0.00	68.88	7.85	0.00	0.00	2000
229	11.17	2056	2095	0.00	198	0	0	0	nan	0.00	0.00	7.92	80.75	88.83	0.00	38	0	42	0.00	0.00	63.02	7.19	0.00	0.00	2000
231	11.16	2063	2107	0.00	201	1	0	0	nan	0.00	0.00	5.63	83.56	88.84	0.00	37	0	42	0.00	0.00	68.19	7.97	0.00	0.00	2000
230	11.35	2072	2058	0.00	195	0	0	0	nan	0.00	0.02	7.27	79.66	88.65	0.00	37	0	42	0.00	0.00	63.00	7.31	0.00	0.00	2000
228	11.27	2115	2012	0.00	197	0	0	0	nan	0.00	0.00	6.26	78.76	88.73	0.00	37	0	42	0.00	0.00	62.71	7.35	0.00	0.00	2000
233	10.92	2032	2204	0.00	216	0	0	0	nan	0.04	0.00	7.31	86.25	89.08	0.00	38	0	42	0.00	0.00	68.14	7.87	0.00	0.00	2000
231	11.09	2081	2105	0.00	196	0	0	0	nan	0.00	0.00	8.24	80.99	88.91	0.00	37	0	42	0.00	0.00	65.81	7.83	0.00	0.00	2000
230	11.14	2069	2098	0.00	197	0	0	0	nan	0.00	0.00	8.00	80.73	88.86	0.00	37	0	42	0.00	0.00	65.03	7.56	0.00	0.00	2000
231	11.33	2031	2108	0.00	199	0	0	0	nan	0.00	2.11	5.38	81.70	88.67	0.00	37	0	42	0.00	0.00	66.11	7.52	0.00	0.00	2000
232	11.20	2070	2101	0.00	197	0	0	0	nan	0.00	0.05	4.45	84.44	88.80	0.00	37	0	42	0.00	0.00	65.41	7.40	0.00	0.00	2000
230	10.84	2137	2081	0.00	203	0	0	0	nan	0.00	0.92	5.44	82.00	89.16	0.00	37	0	42	0.00	0.00	65.71	7.48	0.00	0.00	2000
229	10.91	2106	2092	0.00	197	0	0	0	nan	0.00	0.53	9.11	79.26	89.09	0.00	37	0	42	0.00	0.00	65.55	7.54	0.00	0.00	2000
228	11.39	2081	2018	0.00	196	0	0	0	nan	0.00	0.02	7.17	78.07	88.61	0.00	37	0	42	0.00	0.00	60.64	6.90	0.00	0.00	2000
266	11.74	2169	2196	0.00	212	0	0	0	nan	0.00	0.00	7.44	84.89	88.26	0.00	38	0	42	0.00	0.00	71.83	8.25	0.00	0.00	2000
233	10.95	2118	2113	0.00	201	0	0	0	nan	0.00	0.00	7.17	82.46	89.05	0.00	38	0	42	0.00	0.00	66.09	7.49	0.00	0.00	2000
231	11.08	2094	2087	0.00	197	0	0	0	nan	0.00	0.00	8.84	79.57	88.92	0.00	37	0	42	0.00	0.00	65.48	7.60	0.00	0.00	2000
232	11.03	2095	2113	0.72	206	0	0	9	64.39	0.00	0.02	7.80	81.76	88.97	0.00	37	0	42	0.00	0.00	65.53	7.69	0.00	0.00	2000
229	11.07	2084	2087	0.43	201	0	0	0	61.00	0.00	0.00	7.34	81.16	88.93	0.00	37	0	42	0.00	0.00	65.73	7.56	0.00	0.00	2000
232	10.84	2123	2114	0.00	196	0	0	0	nan	0.00	0.00	5.75	84.04	89.16	0.00	37	0	42	0.00	0.00	65.40	7.36	0.00	0.00	2000
233	10.91	2128	2104	0.00	200	0	0	0	nan	0.00	0.00	6.38	82.92	89.09	0.00	37	0	42	0.00	0.00	66.00	7.63	0.00	0.00	2000
232	11.02	2116	2092	0.00	198	0	0	0	nan	0.00	0.00	8.47	80.28	88.98	0.00	37	0	42	0.00	0.00	65.80	7.56	0.00	0.00	2000
229	10.89	2111	2091	0.00	197	0	0	0	nan	0.00	0.00	7.97	80.89	89.11	0.00	38	0	42	0.00	0.00	65.34	7.40	0.00	0.00	2000
230	10.86	2110	2110	0.00	197	0	0	0	nan	0.00	0.03	4.22	85.37	89.14	0.00	38	0	42	0.00	0.00	65.55	7.34	0.00	0.00	2000
230	10.80	2145	2086	0.00	198	0	0	0	nan	0.00	0.03	4.26	84.34	89.20	0.00	37	0	42	0.00	0.00	62.97	6.98	0.00	0.00	2000
234	10.99	2086	2143	0.00	199	0	0	0	nan	0.00	0.02	6.13	84.72	89.01	0.00	38	0	42	0.00	0.00	68.73	7.75	0.00	0.00	2000
230	11.09	2075	2094	0.00	205	0	0	0	nan	0.01	0.00	6.31	82.36	88.91	0.00	37	0	42	0.00	0.00	65.73	7.43	0.00	0.00	2000
232	11.14	2096	2090	0.00	198	0	0	0	nan	0.00	0.00	6.83	81.57	88.86	0.00	37	0	42	0.00	0.00	65.95	7.44	0.00	0.00	2000
230	10.90	2138	2075	0.00	198	0	0	0	nan	0.00	0.00	6.41	81.60	89.10	0.00	37	0	42	0.00	0.00	63.15	7.19	0.00	0.00	2000
232	11.01	2065	2144	0.00	199	0	0	0	nan	0.00	0.00	7.53	83.41	88.99	0.00	37	0	42	0.00	0.00	68.73	7.49	0.00	0.00	2000
232	11.30	2098	2058	0.00	197	0	0	0	nan	0.00	0.27	7.92	78.79	88.70	0.00	37	0	42	0.00	0.00	62.49	7.07	0.00	0.00	2000
231	10.84	2123	2109	0.00	200	0	0	0	nan	0.00	0.03	8.00	81.54	89.16	0.00	37	0	42	0.00	0.00	65.62	7.33	0.00	0.00	2000
235	11.20	2073	2126	0.00	206	0	0	0	nan	0.00	0.00	5.78	84.19	88.80	0.00	37	0	42	0.00	0.00	68.92	7.65	0.00	0.00	2000
226	11.87	2020	1981	0.00	198	0	0	0	nan	0.00	0.00	5.86	77.40	88.13	0.00	38	0	42	0.00	0.00	60.35	6.90	0.00	0.00	2000
233	10.93	2043	2190	0.58	212	0	0	9	63.39	0.02	0.00	7.03	85.97	89.07	0.00	37	0	42	0.00	0.00	68.16	7.92	0.00	0.00	2000
233	11.03	2105	2110	0.57	197	0	0	1	90.05	0.00	0.02	7.80	81.72	88.97	0.00	37	0	42	0.00	0.00	65.52	7.42	0.00	0.00	2000
228	10.84	2080	2126	0.00	195	0	0	0	nan	0.00	0.00	8.56	81.77	89.16	0.00	37	0	42	0.00	0.00	68.79	7.82	0.00	0.00	2000
230	11.32	2042	2088	0.00	197	0	0	0	nan	0.00	0.00	4.30	84.02	88.68	0.00	37	0	42	0.00	0.00	65.29	7.48	0.00	0.00	2000
229	11.09	2068	2100	0.00	198	0	0	0	nan	0.01	0.01	3.47	85.62	88.91	0.00	37	0	42	0.00	0.00	65.87	7.09	0.00	0.00	2000
230	11.13	2079	2087	0.00	196	0	0	0	nan	0.00	0.00	7.02	81.41	88.87	0.00	37	0	42	0.00	0.00	62.50	7.34	0.00	0.00	2000
231	11.06	2097	2093	0.00	196	0	0	0	nan	0.00	0.00	7.40	81.28	88.94	0.00	37	0	42	0.00	0.00	65.69	7.43	0.00	0.00	2000
231	10.88	2086	2142	0.00	202	0	0	0	nan	0.00	0.03	7.41	83.53	89.12	0.00	38	0	42	0.00	0.00	68.71	7.68	0.00	0.00	2000
229	11.29	2063	2067	0.00	198	0	0	0	nan	0.00	0.03	6.58	80.77	88.71	0.00	37	0	42	0.00	0.00	62.68	7.06	0.00	0.00	2000
230	11.24	2044	2098	0.00	198	0	0	0	nan	0.00	0.00	7.47	81.35	88.76	0.00	38	0	42	0.00	0.00	65.18	7.50	0.00	0.00	2000
229	10.80	2124	2094	0.00	196	0	0	0	nan	0.00	0.00	6.49	82.51	89.20	0.00	38	0	42	0.00	0.00	65.77	7.56	0.00	0.00	2000
234	11.27	2065	2109	0.00	195	0	0	0	nan	0.00	0.02	7.10	82.15	88.73	0.00	38	0	42	0.00	0.00	65.44	7.46	0.00	0.00	2000
231	11.13	2089	2090	0.00	199	0	0	0	nan	0.00	0.00	8.59	79.97	88.87	0.00	38	0	42	0.00	0.00	65.76	7.35	0.00	0.00	2000
231	10.96	2091	2114	0.00	197	0	0	0	nan	0.00	0.00	7.30	82.44	89.04	0.00	37	0	42	0.00	0.00	65.69	7.38	0.00	0.00	2000
229	11.17	2052	2096	0.00	195	0	0	0	nan	0.00	0.00	6.96	81.86	88.83	0.00	38	0	42	0.00	0.00	65.29	7.35	0.00	0.00	2000
232	11.16	2056	2119	0.00	194	0	0	0	nan	0.00	0.00	7.42	82.33	88.84	0.00	38	0	42	0.00	0.00	65.66	7.42	0.00	0.00	2000
231	11.41	2045	2076	0.00	202	0	0	0	nan	0.00	0.00	9.15	78.61	88.59	0.00	38	0	42	0.00	0.00	65.33	7.37	0.00	0.00	2000
234	10.99	2097	2136	0.34	200	0	0	7	68.31	0.02	0.13	7.88	82.52	89.01	0.00	38	0	42	0.00	0.00	68.66	7.61	0.00	0.00	2000
230	11.30	2066	2067	0.84	196	0	0	3	77.99	0.01	0.53	3.33	83.54	88.70	0.00	38	0	42	0.00	0.00	62.88	7.21	0.00	0.00	2000
231	10.80	2135	2101	0.00	197	0	0	0	nan	0.00	1.02	5.70	82.67	89.20	0.00	37	0	42	0.00	0.00	66.21	7.39	0.00	0.00	2000
228	10.89	2101	2093	0.00	198	0	0	0	nan	0.00	0.00	6.23	82.71	89.11	0.00	38	0	42	0.00	0.00	65.42	7.36	0.00	0.00	2000
230	10.91	2069	2144	0.00	196	0	0	0	nan	0.00	0.01	7.85	83.17	89.09	0.00	37	0	42	0.00	0.00	68.57	7.85	0.00	0.00	2000
233	11.43	2062	2072	0.00	203	0	0	0	nan	0.00	0.03	6.18	81.24	88.57	0.00	38	0	42	0.00	0.00	62.93	7.09	0.00	0.00	2000
225	11.73	2052	1963	0.00	196	0	0	0	nan	0.00	0.00	8.19	74.45	88.27	0.00	37	0	42	0.00	0.00	60.64	6.88	0.00	0.00	2000
234	10.77	2035	2240	0.00	211	0	0	0	nan	0.00	0.00	8.33	87.03	89.23	0.00	37	0	42	0.00	0.00	71.19	7.92	0.00	0.00	2000
230	11.29	2042	2095	0.00	195	0	0	0	nan	0.00	0.01	7.58	81.14	88.71	0.00	38	0	42	0.00	0.00	65.55	7.52	0.00	0.00	2000
230	10.92	2110	2100	0.00	198	0	0	0	nan	0.00	0.00	6.80	82.32	89.08	0.00	38	0	42	0.00	0.00	65.66	7.45	0.00	0.00	2000
231	11.06	2049	2139	0.00	197	0	0	0	nan	0.00	0.03	7.37	83.33	88.94	0.00	38	0	42	0.00	0.00	65.78	7.64	0.00	0.00	2000
230	11.42	2052	2062	0.00	196	0	0	0	nan	0.00	0.02	7.25	79.85	88.58	0.00	38	0	42	0.00	0.00	66.06	7.51	0.00	0.00	2000
226	11.44	2080	1998	0.00	197	0	0	0	nan	0.00	0.02	6.14	78.19	88.56	0.00	38	0	42	0.00	0.00	60.71	6.87	0.00	0.00	2000
233	10.95	2019	2211	0.00	212	0	0	0	nan	0.00	0.02	6.28	87.59	89.05	0.00	38	0	42	0.00	0.00	70.61	8.12	0.00	0.00	2000
233	11.06	2105	2102	0.00	197	0	0	0	nan	0.00	0.02	6.89	82.24	88.94	0.00	38	0	42	0.00	0.00	66.10	7.49	0.00	0.00	2000
229	10.99	2094	2093	0.00	200	0	0	0	nan	0.00	1.37	5.86	81.60	89.01	0.00	39	0	42	0.00	0.00	65.25	7.49	0.00	0.00	2000
231	11.46	2112	2002	0.00	196	0	0	0	nan	0.01	0.51	3.54	80.39	88.54	0.00	39	0	42	0.00	0.00	61.30	6.95	0.00	0.00	2000
232	10.74	2057	2210	0.46	215	0	0	8	66.27	0.00	0.02	4.78	89.23	89.26	0.00	39	0	42	0.00	0.00	70.89	8.24	0.00	0.00	2000
225	11.50	2061	1997	0.68	195	0	0	2	80.92	0.00	0.02	7.18	77.02	88.50	0.00	39	0	42	0.00	0.00	60.61	6.82	0.00	0.00	2000
238	11.15	2026	2211	0.00	219	0	0	0	nan	0.02	0.96	8.58	84.15	88.85	0.00	39	0	42	0.00	0.00	71.28	8.12	0.00	0.00	2000
230	11.03	2075	2109	0.00	196	0	0	0	nan	0.00	0.02	8.23	81.24	88.97	0.00	39	0	42	0.00	0.00	65.53	7.61	0.00	0.00	2000
228	11.04	2074	2091	0.00	196	0	0	0	nan	0.00	0.00	6.42	82.26	88.96	0.00	39	0	42	0.00	0.00	62.94	7.22	0.00	0.00	2000
230	11.01	2071	2118	0.00	196	0	0	0	nan	0.00	0.02	7.60	82.19	88.99	0.00	39	0	42	0.00	0.00	68.61	7.99	0.00	0.00	2000
230	11.21	2083	2066	0.00	196	0	0	0	nan	0.00	0.00	6.06	81.41	88.79	0.00	39	0	42	0.00	0.00	62.97	7.38	0.00	0.00	2000
232	10.88	2116	2120	0.00	201	0	0	0	nan	0.00	0.02	7.37	82.63	89.12	0.00	39	0	42	0.00	0.00	68.70	7.72	0.00	0.00	2000
229	11.00	2090	2096	0.00	195	0	0	0	nan	0.00	0.01	7.71	81.23	89.00	0.00	38	0	42	0.00	0.00	65.06	7.45	0.00	0.00	2000
230	10.98	2093	2100	0.00	196	0	0	0	nan	0.00	0.03	6.98	82.08	89.02	0.00	39	0	42	0.00	0.00	63.18	7.21	0.00	0.00	2000
231	11.25	2049	2108	0.00	198	0	0	0	nan	0.00	0.00	7.57	81.58	88.75	0.00	39	0	42	0.00	0.00	65.70	7.50	0.00	0.00	2000
232	11.83	2092	1967	0.00	199	0	0	0	nan	0.00	0.00	8.33	74.29	88.17	0.00	38	0	42	0.00	0.00	63.34	7.25	0.00	0.00	2000
235	10.55	2093	2231	0.00	218	0	0	0	nan	0.00	0.04	5.54	89.61	89.45	0.00	38	0	42	0.00	0.00	68.48	7.87	0.00	0.00	2000
231	11.09	2066	2121	0.00	196	0	0	0	nan	0.00	0.04	4.49	85.39	88.91	0.00	38	0	42	0.00	0.00	65.72	7.41	0.00	0.00	2000
230	11.00	2106	2081	0.00	197	0	0	0	nan	0.00	0.00	7.05	81.21	89.00	0.00	39	0	42	0.00	0.00	65.22	7.62	0.00	0.00	2000
231	10.78	2140	2104	0.00	198	0	0	0	nan	0.01	0.02	5.64	83.74	89.22	0.00	39	0	42	0.00	0.00	65.54	7.56	0.00	0.00	2000
231	10.72	2167	2090	0.00	196	0	0	0	nan	0.00	0.42	6.78	81.64	89.28	0.00	39	0	42	0.00	0.00	66.18	7.55	0.00	0.00	2000
232	10.77	2122	2132	0.47	202	0	0	8	65.25	0.00	0.00	7.03	83.57	89.23	0.00	38	0	42	0.00	0.00	65.75	7.45	0.00	0.00	2000
229	11.14	2077	2078	0.69	197	0	0	2	81.78	0.00	0.00	8.44	79.59	88.86	0.00	39	0	42	0.00	0.00	65.60	7.40	0.00	0.00	2000
232	10.96	2110	2106	0.00	198	0	0	0	nan	0.00	0.02	7.45	81.90	89.04	0.00	38	0	42	0.00	0.00	65.67	7.40	0.00	0.00	2000
229	10.96	2109	2078	0.00	194	0	0	0	nan	0.00	0.00	7.69	80.45	89.04	0.00	38	0	42	0.00	0.00	66.29	7.59	0.00	0.00	2000
234	10.76	2153	2118	0.00	196	0	0	0	nan	0.00	0.02	6.67	83.31	89.24	0.00	38	0	42	0.00	0.00	65.10	7.51	0.00	0.00	2000
230	10.93	2108	2097	0.00	200	0	0	0	nan	0.00	0.03	9.21	79.72	89.07	0.00	39	0	42	0.00	0.00	66.51	7.55	0.00	0.00	2000
230	10.87	2109	2111	0.00	197	0	0	0	nan	0.00	0.00	7.67	81.95	89.13	0.00	39	0	42	0.00	0.00	65.58	7.35	0.00	0.00	2000
229	10.98	2096	2090	0.00	198	0	0	0	nan	0.00	0.00	6.50	82.17	89.02	0.00	39	0	42	0.00	0.00	65.42	7.41	0.00	0.00	2000
231	10.90	2118	2105	0.00	196	0	0	0	nan	0.00	0.00	6.68	82.70	89.10	0.00	38	0	42	0.00	0.00	65.67	7.59	0.00	0.00	2000
230	10.80	2115	2115	0.00	195	0	0	0	nan	0.00	0.01	7.38	82.50	89.20	0.00	39	0	42	0.00	0.00	65.86	7.43	0.00	0.00	2000
231	11.19	2088	2076	0.00	201	0	0	0	nan	0.03	0.05	3.46	84.39	88.81	0.00	38	0	42	0.00	0.00	65.38	7.50	0.00	0.00	2000
229	10.83	2124	2093	0.00	197	0	0	0	nan	0.01	0.00	4.98	83.94	89.17	0.00	38	0	42	0.00	0.00	65.80	7.76	0.00	0.00	2000
227	11.26	2109	2008	0.00	194	0	0	0	nan	0.00	0.00	7.32	77.61	88.74	0.00	39	0	42	0.00	0.00	60.78	6.74	0.00	0.00	2000
232	10.88	2022	2217	0.00	212	0	0	0	nan	0.00	0.02	6.75	87.37	89.12	0.00	39	0	42	0.00	0.00	70.88	8.17	0.00	0.00	2000
234	11.24	2077	2104	0.00	197	0	0	0	nan	0.00	0.03	8.16	80.83	88.76	0.00	38	0	42	0.00	0.00	65.76	7.47	0.00	0.00	2000
228	11.13	2072	2079	0.00	202	0	0	0	nan	0.00	0.00	6.80	81.27	88.87	0.00	39	0	42	0.00	0.00	65.72	7.54	0.00	0.00	2000
230	10.82	2119	2109	0.00	196	0	0	0	nan	0.00	0.00	8.58	81.05	89.18	0.00	38	0	42	0.00	0.00	65.72	7.53	0.00	0.00	2000
228	10.97	2089	2090	0.33	196	0	0	7	63.99	0.00	0.00	6.26	82.42	89.03	0.00	39	0	42	0.00	0.00	65.48	7.49	0.00	0.00	2000
232	10.91	2108	2120	0.82	198	0	0	4	75.08	0.00	0.00	6.06	83.88	89.09	0.00	39	0	42	0.00	0.00	65.77	7.52	0.00	0.00	2000
231	11.05	2103	2086	0.00	196	0	0	0	nan	0.00	0.00	7.45	80.93	88.95	0.00	38	0	42	0.00	0.00	65.66	7.74	0.00	0.00	2000
231	11.11	2072	2107	0.00	201	0	0	0	nan	0.00	0.01	6.94	82.29	88.89	0.00	38	0	42	0.00	0.00	65.45	7.33	0.00	0.00	2000
230	11.04	2094	2086	0.00	196	0	0	0	nan	0.04	0.02	9.02	79.39	88.96	0.00	39	0	42	0.00	0.00	65.77	7.46	0.00	0.00	2000
230	10.75	2121	2119	0.00	198	0	0	0	nan	0.00	0.00	6.79	83.33	89.25	0.00	39	0	42	0.00	0.00	65.80	7.69	0.00	0.00	2000
228	10.94	2094	2088	0.00	196	0	0	0	nan	0.00	0.00	7.29	81.38	89.06	0.00	39	0	42	0.00	0.00	65.71	7.50	0.00	0.00	2000
230	11.05	2070	2113	0.00	194	0	0	0	nan	0.01	0.03	4.85	84.72	88.95	0.00	39	0	42	0.00	0.00	65.50	7.48	0.00	0.00	2000
233	11.11	2110	2090	0.00	197	0	0	0	nan	0.01	2.08	4.24	82.21	88.89	0.00	39	0	42	0.00	0.00	65.91	7.56	0.00	0.00	2000
231	10.86	2099	2128	0.00	201	0	0	0	nan	0.00	0.00	8.95	81.42	89.14	0.00	39	0	42	0.00	0.00	66.08	7.69	0.00	0.00	2000
229	11.22	2061	2076	0.00	198	0	0	0	nan	0.00	0.00	8.44	79.45	88.78	0.00	39	0	42	0.00	0.00	65.53	7.74	0.00	0.00	2000
231	11.08	2092	2095	0.00	198	0	0	0	nan	0.00	0.05	6.68	82.06	88.92	0.00	39	0	42	0.00	0.00	65.65	7.45	0.00	0.00	2000
229	10.94	2101	2093	0.00	199	0	0	0	nan	0.00	0.00	6.34	82.46	89.06	0.00	38	0	42	0.00	0.00	60.21	7.24	0.00	0.00	2000
237	11.14	2123	2109	0.00	201	0	0	0	nan	0.00	0.02	8.45	80.91	88.86	0.00	39	0	42	0.00	0.00	71.60	7.41	0.00	0.00	2000
230	10.99	2104	2090	0.00	199	0	0	0	nan	0.00	0.01	8.15	80.54	89.01	0.00	39	0	42	0.00	0.00	63.01	7.51	0.00	0.00	2000
231	10.75	2120	2128	0.00	199	0	0	0	nan	0.00	0.00	6.75	83.68	89.25	0.00	39	0	42	0.00	0.00	68.99	7.67	0.00	0.00	2000
230	10.98	2073	2120	0.00	196	0	0	0	nan	0.00	0.00	8.33	81.67	89.02	0.00	39	0	42	0.00	0.00	66.85	7.56	0.00	0.00	2000
228	11.26	2075	2044	0.00	195	0	0	5	69.52	0.00	0.00	6.00	80.49	88.74	0.00	39	0	42	0.00	0.00	61.36	7.24	0.00	0.00	2000
232	10.95	2112	2109	1.07	197	0	0	6	72.31	0.00	0.02	7.02	82.40	89.05	0.00	39	0	42	0.00	0.00	65.48	7.60	0.00	0.00	2000
231	10.67	2119	2144	0.00	197	0	0	0	nan	0.00	0.00	9.74	81.52	89.33	0.00	39	0	42	0.00	0.00	68.66	7.81	0.00	0.00	2000
228	11.18	2082	2055	0.00	197	0	0	0	nan	0.00	0.02	6.65	80.34	88.82	0.00	39	0	42	0.00	0.00	62.53	7.23	0.00	0.00	2000
230	11.10	2058	2111	0.00	196	0	0	0	nan	0.00	2.11	3.57	83.90	88.90	0.00	39	0	42	0.00	0.00	65.62	7.52	0.00	0.00	2000
229	10.94	2098	2094	0.00	198	0	0	0	nan	0.01	0.03	3.71	85.25	89.06	0.00	39	0	42	0.00	0.00	65.71	7.63	0.00	0.00	2000
234	11.14	2091	2106	0.00	196	0	0	0	nan	0.02	1.51	6.78	80.97	88.86	0.00	39	0	42	0.00	0.00	66.22	7.55	0.00	0.00	2000
230	10.24	2231	2111	0.00	198	0	0	0	nan	0.00	2.57	7.60	80.30	89.76	0.00	38	0	42	0.00	0.00	69.65	8.00	0.00	0.00	2000
229	10.90	2115	2085	0.00	197	0	0	0	nan	0.00	0.58	7.39	80.63	89.10	0.00	39	0	42	0.00	0.00	62.86	7.45	0.00	0.00	2000
229	10.88	2080	2126	0.00	198	0	0	0	nan	0.00	0.00	6.03	84.28	89.12	0.00	39	0	42	0.00	0.00	68.61	7.58	0.00	0.00	2000
231	11.31	2061	2085	0.00	197	0	0	0	nan	0.00	0.00	6.94	81.22	88.69	0.00	39	0	42	0.00	0.00	62.84	7.20	0.00	0.00	2000
234	11.20	2067	2120	0.00	194	0	0	0	nan	0.00	0.00	7.10	82.61	88.80	0.00	39	0	42	0.00	0.00	68.75	7.64	0.00	0.00	2000
231	11.47	2033	2081	0.00	201	0	0	0	nan	0.00	0.04	6.77	81.08	88.53	0.00	39	0	42	0.00	0.00	62.47	6.97	0.00	0.00	2000
229	11.17	2075	2077	0.00	196	0	0	0	nan	0.04	0.00	7.97	80.01	88.83	0.00	39	0	42	0.00	0.00	65.58	7.36	0.00	0.00	2000
227	11.38	2086	2007	0.00	197	0	0	0	nan	0.00	0.02	7.23	77.57	88.62	0.00	39	0	42	0.00	0.00	63.37	7.09	0.00	0.00	2000
232	10.80	2051	2199	0.00	212	0	0	0	nan	0.00	0.00	5.77	87.72	89.20	0.00	39	0	42	0.00	0.00	68.53	7.71	0.00	0.00	2000
234	11.06	2101	2110	0.00	198	0	0	0	nan	0.00	0.02	7.09	82.37	88.94	0.00	39	0	42	0.00	0.00	65.77	7.28	0.00	0.00	2000
228	10.27	2223	2099	0.00	197	0	0	4	69.15	0.00	2.07	8.30	79.48	89.73	0.00	36	0	42	0.00	0.00	66.05	7.24	0.00	0.00	2000
232	11.33	2028	2119	1.04	195	0	0	7	71.95	0.04	0.04	6.94	82.66	88.67	0.00	37	0	42	0.00	0.00	65.78	7.49	0.00	0.00	2000
228	11.01	2065	2110	0.00	197	0	0	0	nan	0.02	0.02	4.49	85.04	88.99	0.00	37	0	42	0.00	0.00	68.09	7.72	0.00	0.00	2000
231	11.25	2073	2083	0.00	195	0	0	0	nan	0.00	0.03	6.61	81.50	88.75	0.00	37	0	42	0.00	0.00	62.90	7.23	0.00	0.00	2000
231	11.16	2084	2089	0.00	197	0	0	0	nan	0.00	0.00	8.62	79.87	88.84	0.00	37	0	42	0.00	0.00	65.62	7.49	0.00	0.00	2000
237	10.76	2196	2110	0.00	204	0	0	0	nan	0.00	1.52	8.51	79.78	89.24	0.00	37	0	42	0.00	0.00	66.59	7.48	0.00	0.00	2000
230	10.98	2088	2104	0.00	197	0	0	0	nan	0.00	0.00	9.04	80.17	89.02	0.00	37	0	42	0.00	0.00	65.89	7.36	0.00	0.00	2000
230	11.21	2038	2117	0.00	196	0	0	0	nan	0.00	0.00	8.69	80.94	88.79	0.00	37	0	42	0.00	0.00	68.37	7.69	0.00	0.00	2000
228	11.11	2082	2072	0.00	195	0	0	0	nan	0.00	0.00	8.30	79.51	88.89	0.00	37	0	42	0.00	0.00	62.63	7.32	0.00	0.00	2000
235	11.09	2087	2129	0.00	199	0	0	0	nan	0.01	0.27	8.90	81.06	88.91	0.00	37	0	42	0.00	0.00	65.93	7.55	0.00	0.00	2000
237	11.85	2037	2063	0.00	203	0	0	0	nan	0.00	0.00	8.12	78.61	88.15	0.00	37	0	42	0.00	0.00	65.76	7.51	0.00	0.00	2000
234	11.03	2098	2123	0.00	197	0	0	0	nan	0.04	0.00	8.79	81.17	88.97	0.00	37	0	42	0.00	0.00	66.01	7.50	0.00	0.00	2000
230	11.18	2070	2082	0.00	195	0	0	0	nan	0.00	0.00	8.49	79.68	88.82	0.00	37	0	42	0.00	0.00	65.42	7.41	0.00	0.00	2000
233	11.10	2079	2116	0.00	196	0	0	0	nan	0.04	0.01	8.35	81.23	88.90	0.00	37	0	42	0.00	0.00	65.83	7.49	0.00	0.00	2000
231	11.34	2043	2094	0.00	196	0	0	0	nan	0.00	0.59	9.01	78.91	88.66	0.00	37	0	42	0.00	0.00	65.41	7.63	0.00	0.00	2000
231	11.09	2054	2127	0.00	200	0	0	0	nan	0.00	0.08	9.45	80.71	88.91	0.00	37	0	42	0.00	0.00	68.37	7.87	0.00	0.00	2000
235	11.51	2076	2064	0.00	215	0	0	0	nan	0.00	0.50	7.59	79.04	88.49	0.00	37	0	42	0.00	0.00	62.75	7.20	0.00	0.00	2000
231	11.12	2046	2136	0.00	199	0	0	2	72.85	0.00	0.00	9.31	81.15	88.88	0.00	37	0	42	0.00	0.00	68.62	7.69	0.00	0.00	2000
231	11.34	2072	2061	1.10	199	0	0	9	68.36	0.00	0.00	9.20	77.88	88.66	0.00	37	0	42	0.00	0.00	62.88	7.33	0.00	0.00	2000
230	11.02	2087	2099	0.00	194	0	0	0	nan	0.00	0.07	7.61	81.35	88.98	0.00	37	0	42	0.00	0.00	65.03	7.37	0.00	0.00	2000
232	11.06	2079	2121	0.00	201	0	0	0	nan	0.00	0.01	7.04	82.84	88.94	0.00	37	0	42	0.00	0.00	65.91	7.56	0.00	0.00	2000
231	11.20	2040	2122	0.00	195	0	0	0	nan	0.04	0.00	9.65	80.27	88.80	0.00	37	0	42	0.00	0.00	68.54	7.83	0.00	0.00	2000
230	11.48	2033	2069	0.00	199	0	0	0	nan	0.00	0.02	7.92	79.37	88.52	0.00	37	0	42	0.00	0.00	62.45	6.98	0.00	0.00	2000
230	11.19	2034	2122	0.00	197	0	0	0	nan	0.00	0.00	8.39	81.53	88.81	0.00	37	0	42	0.00	0.00	65.70	7.69	0.00	0.00	2000
229	11.04	2110	2068	0.00	197	0	0	0	nan	0.00	0.00	7.46	80.16	88.96	0.00	37	0	42	0.00	0.00	65.65	7.62	0.00	0.00	2000
233	10.87	2102	2139	0.00	199	0	0	0	nan	0.00	0.01	7.15	83.70	89.13	0.00	37	0	42	0.00	0.00	66.56	7.54	0.00	0.00	2000
230	11.20	2080	2076	0.00	196	0	0	0	nan	0.00	0.00	9.19	78.61	88.80	0.00	37	0	42	0.00	0.00	65.11	7.54	0.00	0.00	2000
231	11.16	2047	2124	0.00	196	0	0	0	nan	0.00	0.00	9.14	80.84	88.84	0.00	37	0	42	0.00	0.00	66.11	7.58	0.00	0.00	2000
231	11.26	2093	2057	0.00	196	0	0	0	nan	0.04	0.00	8.20	78.72	88.74	0.00	37	0	42	0.00	0.00	62.81	7.13	0.00	0.00	2000
232	10.94	2079	2142	0.00	196	0	0	0	nan	0.00	0.03	6.65	84.24	89.06	0.00	37	0	42	0.00	0.00	68.58	7.91	0.00	0.00	2000
232	11.33	2074	2077	0.00	198	0	0	0	nan	0.00	2.13	6.32	79.38	88.67	0.00	37	0	42	0.00	0.00	65.86	7.50	0.00	0.00	2000
231	11.09	2060	2122	0.00	203	0	0	0	nan	0.02	1.52	5.43	82.99	88.91	0.00	37	0	42	0.00	0.00	64.96	7.52	0.00	0.00	2000
228	11.26	2067	2059	0.00	194	0	0	0	nan	0.00	0.00	9.73	77.31	88.74	0.00	37	0	42	0.00	0.00	63.06	7.04	0.00	0.00	2000
231	10.93	2072	2145	0.00	194	0	0	0	nan	0.00	0.02	7.82	83.19	89.07	0.00	37	0	42	0.00	0.00	68.60	8.04	0.00	0.00	2000
230	11.26	2075	2069	0.00	199	0	0	0	nan	0.00	0.02	6.43	81.00	88.74	0.00	37	0	42	0.00	0.00	65.54	7.63	0.00	0.00	2000
234	11.17	2059	2133	1.02	196	0	0	8	67.01	0.00	0.36	9.35	80.64	88.83	0.00	37	0	42	0.00	0.00	65.36	7.51	0.00	0.00	2000
230	11.05	2097	2085	0.18	202	0	0	0	nan	0.00	0.00	8.78	79.58	88.95	0.00	37	0	42	0.00	0.00	66.29	7.59	0.00	0.00	2000
231	11.26	2037	2114	0.00	198	0	0	0	nan	0.00	0.00	9.03	80.42	88.74	0.00	37	0	42	0.00	0.00	65.29	7.52	0.00	0.00	2000
229	11.06	2110	2058	0.00	196	0	0	0	nan	0.00	0.02	7.72	79.38	88.94	0.00	37	0	42	0.00	0.00	63.14	7.09	0.00	0.00	2000
231	10.82	2092	2141	0.00	196	0	0	0	nan	0.00	0.02	7.00	83.97	89.18	0.00	37	0	42	0.00	0.00	68.16	7.82	0.00	0.00	2000
231	11.27	2080	2074	0.00	196	0	0	0	nan	0.00	0.00	7.48	80.16	88.73	0.00	37	0	42	0.00	0.00	63.38	7.15	0.00	0.00	2000
231	10.93	2114	2097	0.00	198	0	0	0	nan	0.00	1.01	9.23	78.85	89.07	0.00	37	0	42	0.00	0.00	65.53	7.40	0.00	0.00	2000
230	11.12	2066	2099	0.00	194	0	0	0	nan	0.00	0.00	9.22	79.70	88.88	0.00	37	0	42	0.00	0.00	65.91	7.60	0.00	0.00	2000
231	11.20	2053	2106	0.00	195	0	0	0	nan	0.00	0.00	9.02	80.17	88.80	0.00	37	0	42	0.00	0.00	65.52	7.54	0.00	0.00	2000
231	11.02	2111	2087	0.00	198	0	0	0	nan	0.00	0.02	5.80	82.75	88.98	0.00	37	0	42	0.00	0.00	65.65	7.30	0.00	0.00	2000
233	11.04	2102	2107	0.00	197	0	0	0	nan	0.03	0.04	4.51	84.73	88.96	0.00	37	0	42	0.00	0.00	65.83	7.42	0.00	0.00	2000
231	11.22	2050	2112	0.00	197	0	0	0	nan	0.03	0.00	4.42	84.98	88.78	0.00	37	0	42	0.00	0.00	66.15	7.34	0.00	0.00	2000
230	10.96	2081	2118	0.00	195	0	0	0	nan	0.00	0.00	3.99	85.91	89.04	0.00	37	0	42	0.00	0.00	65.26	7.48	0.00	0.00	2000
228	11.35	2020	2090	0.00	195	0	0	0	nan	0.00	0.02	3.59	84.73	88.65	0.00	37	0	42	0.00	0.00	65.84	7.40	0.00	0.00	2000
229	11.06	2091	2081	0.00	194	0	0	0	nan	0.00	0.01	3.63	84.49	88.94	0.00	37	0	42	0.00	0.00	65.88	7.34	0.00	0.00	2000
228	11.03	2073	2097	0.00	194	0	0	0	nan	0.00	0.00	4.30	84.59	88.97	0.00	37	0	42	0.00	0.00	65.48	7.35	0.00	0.00	2000
231	11.07	2087	2101	0.00	195	0	0	0	nan	0.00	0.00	4.46	84.59	88.93	0.00	37	0	42	0.00	0.00	65.97	7.44	0.00	0.00	2000
228	10.88	2102	2093	0.76	195	0	0	8	66.36	0.00	0.00	4.18	84.75	89.12	0.00	37	0	42	0.00	0.00	65.44	7.50	0.00	0.00	2000
230	11.17	2041	2116	0.45	194	0	0	0	92.21	0.00	0.00	4.01	85.54	88.83	0.00	37	0	42	0.00	0.00	65.75	7.46	0.00	0.00	2000
229	11.13	2041	2114	0.00	195	0	0	0	nan	0.00	0.00	3.86	85.64	88.87	0.00	37	0	42	0.00	0.00	65.68	7.34	0.00	0.00	2000
229	10.99	2102	2080	0.00	195	0	0	0	nan	0.00	0.00	3.77	84.50	89.01	0.00	37	0	42	0.00	0.00	65.63	7.39	0.00	0.00	2000
231	11.31	2026	2114	0.00	197	0	0	0	nan	0.00	0.00	5.22	84.12	88.69	0.00	37	0	42	0.00	0.00	65.49	7.49	0.00	0.00	2000
229	11.21	2056	2088	0.00	197	0	0	0	nan	0.00	0.00	4.04	84.32	88.79	0.00	37	0	42	0.00	0.00	65.72	7.34	0.00	0.00	2000
228	11.28	2027	2095	0.00	195	0	0	0	nan	0.00	0.00	4.42	84.18	88.72	0.00	37	0	42	0.00	0.00	65.30	7.46	0.00	0.00	2000
229	11.03	2051	2129	0.00	195	0	0	0	nan	0.00	0.00	3.98	86.35	88.97	0.00	37	0	42	0.00	0.00	65.60	7.48	0.00	0.00	2000
228	11.19	2070	2064	0.00	195	0	0	0	nan	0.00	0.00	3.81	83.52	88.81	0.00	37	0	42	0.00	0.00	65.77	7.57	0.00	0.00	2000
230	11.23	2109	2038	0.00	194	0	0	0	nan	0.00	0.01	3.53	82.65	88.77	0.00	37	0	42	0.00	0.00	60.87	6.80	0.00	0.00	2000
237	11.11	2039	2196	0.00	213	0	0	0	nan	0.00	0.02	3.33	89.76	88.89	0.00	37	0	42	0.00	0.00	71.57	8.20	0.00	0.00	2000
231	11.01	2115	2080	0.00	196	0	0	0	nan	0.00	0.00	4.25	83.86	88.99	0.00	37	0	42	0.00	0.00	65.80	7.51	0.00	0.00	2000
228	10.76	2102	2121	0.00	195	0	0	0	nan	0.00	0.00	4.01	86.25	89.24	0.00	37	0	42	0.00	0.00	65.77	7.59	0.00	0.00	2000
231	10.96	2103	2102	0.00	194	0	0	0	nan	0.00	0.00	3.57	85.53	89.04	0.00	37	0	42	0.00	0.00	65.77	7.47	0.00	0.00	2000
230	11.21	2086	2066	0.00	196	0	0	0	nan	0.00	0.00	3.93	83.44	88.79	0.00	37	0	42	0.00	0.00	65.66	7.42	0.00	0.00	2000
231	10.99	2079	2125	0.00	195	0	0	0	nan	0.00	0.02	3.91	86.24	89.01	0.00	37	0	42	0.00	0.00	66.06	7.26	0.00	0.00	2000
228	11.06	2052	2106	0.00	195	0	0	0	nan	0.00	0.00	3.99	85.32	88.94	0.00	37	0	42	0.00	0.00	65.66	7.32	0.00	0.00	2000
229	11.14	2043	2113	0.60	195	0	0	9	65.58	0.00	0.00	3.43	86.08	88.86	0.00	37	0	42	0.00	0.00	65.56	7.48	0.00	0.00	2000
228	11.41	2040	2058	0.57	195	0	0	1	88.52	0.01	0.00	2.88	84.09	88.59	0.00	37	0	42	0.00	0.00	65.18	7.30	0.00	0.00	2000
226	11.56	2022	2032	0.00	195	0	0	0	nan	0.00	0.00	3.49	82.23	88.44	0.00	37	0	42	0.00	0.00	60.83	6.93	0.00	0.00	2000
232	10.71	2097	2171	0.00	213	0	0	0	nan	0.00	0.01	3.26	89.17	89.29	0.00	37	0	42	0.00	0.00	68.32	7.63	0.00	0.00	2000
230	10.96	2088	2110	0.00	194	0	0	0	nan	0.00	0.02	3.80	85.81	89.04	0.00	37	0	42	0.00	0.00	65.75	7.89	0.00	0.00	2000
228	11.14	2040	2106	0.00	194	0	0	0	nan	0.00	0.00	3.90	85.40	88.86	0.00	37	0	42	0.00	0.00	67.90	7.43	0.00	0.00	2000
229	11.05	2054	2117	0.00	194	0	0	0	nan	0.00	0.00	4.54	85.24	88.95	0.00	37	0	42	0.00	0.00	65.60	7.56	0.00	0.00	2000
231	11.66	2000	2083	0.00	197	0	0	0	nan	0.00	0.00	4.29	83.41	88.34	0.00	37	0	42	0.00	0.00	65.62	7.34	0.00	0.00	2000
232	11.27	2041	2117	0.00	198	0	0	0	nan	0.00	0.00	5.31	84.32	88.73	0.00	37	0	42	0.00	0.00	65.56	7.42	0.00	0.00	2000
223	11.27	2104	1979	0.00	195	0	0	0	nan	0.00	0.00	4.08	79.62	88.73	0.00	37	0	42	0.00	0.00	57.03	6.54	0.00	0.00	2000
235	10.80	2039	2238	0.00	226	0	0	0	nan	0.00	0.00	4.70	90.40	89.20	0.00	37	0	42	0.00	0.00	74.14	8.42	0.00	0.00	2000
228	11.05	2067	2098	0.00	179	0	0	0	nan	0.00	0.00	4.45	84.45	88.95	0.00	37	0	42	0.00	0.00	65.66	7.48	0.00	0.00	2000
231	11.34	2029	2105	0.00	212	0	0	0	nan	0.00	0.00	4.28	84.71	88.66	0.00	37	0	42	0.00	0.00	65.49	7.44	0.00	0.00	2000
229	11.22	2045	2095	0.00	178	0	0	0	nan	0.00	0.00	3.96	84.70	88.78	0.00	37	0	42	0.00	0.00	65.41	7.52	0.00	0.00	2000
230	11.13	2077	2087	0.00	211	0	0	0	nan	0.00	0.00	3.87	84.53	88.87	0.00	38	0	42	0.00	0.00	65.42	7.50	0.00	0.00	2000
228	11.09	2049	2109	0.00	179	0	0	0	nan	0.00	0.00	5.35	83.96	88.91	0.00	38	0	42	0.00	0.00	65.90	7.35	0.00	0.00	2000
229	11.38	2011	2101	0.00	211	0	0	0	nan	0.00	0.00	4.46	84.29	88.62	0.00	38	0	42	0.00	0.00	65.47	7.44	0.00	0.00	2000
230	11.11	2085	2084	0.60	179	0	0	9	63.63	0.00	0.00	5.11	83.22	88.89	0.00	38	0	42	0.00	0.00	65.72	7.56	0.00	0.00	2000
230	11.01	2073	2117	0.56	211	0	0	1	89.37	0.00	0.00	5.04	84.80	89.00	0.00	37	0	42	0.00	0.00	65.97	7.40	0.00	0.00	2000
230	11.01	2104	2081	0.00	179	0	0	0	nan	0.00	0.00	4.50	83.72	88.99	0.00	38	0	42	0.00	0.00	66.07	7.06	0.00	0.00	2000
230	11.13	2055	2112	0.00	210	0	0	0	nan	0.00	0.00	4.81	84.72	88.87	0.00	38	0	42	0.00	0.00	65.15	7.83	0.00	0.00	2000
243	11.26	2161	2102	0.00	250	0	0	0	nan	0.00	0.78	6.18	81.96	88.74	0.00	38	0	42	0.00	0.00	67.11	7.54	0.00	0.00	2000
231	11.20	2071	2094	0.00	211	0	0	0	nan	0.00	0.00	6.98	81.60	88.80	0.00	38	0	42	0.00	0.00	65.83	7.64	0.00	0.00	2000
228	10.96	2079	2104	0.00	179	0	0	0	nan	0.00	0.00	4.89	84.46	89.04	0.00	38	0	42	0.00	0.00	65.64	7.43	0.00	0.00	2000
230	11.22	2040	2108	0.00	212	0	0	0	nan	0.00	0.00	3.94	85.28	88.78	0.00	38	0	42	0.00	0.00	65.61	7.33	0.00	0.00	2000
230	11.32	2034	2102	0.00	178	0	0	0	nan	0.00	0.00	4.56	84.31	88.68	0.00	38	0	42	0.00	0.00	63.04	7.35	0.00	0.00	2000
238	11.87	2007	2098	0.00	212	0	0	0	nan	0.00	0.00	4.32	83.86	88.13	0.00	38	0	42	0.00	0.00	68.22	7.52	0.00	0.00	2000
231	11.20	2077	2082	0.00	178	0	0	0	nan	0.00	0.00	4.77	83.30	88.80	0.00	38	0	42	0.00	0.00	66.22	7.40	0.00	0.00	2000
232	11.27	2039	2123	0.00	215	0	0	0	nan	0.00	0.03	6.08	83.73	88.73	0.00	38	0	42	0.00	0.00	65.65	7.59	0.00	0.00	2000
228	11.12	2063	2088	0.00	180	0	0	0	nan	0.00	0.00	4.26	84.25	88.88	0.00	38	0	42	0.00	0.00	65.45	7.33	0.00	0.00	2000
228	11.38	2013	2093	0.00	211	0	0	0	nan	0.00	0.02	4.08	84.39	88.62	0.00	38	0	42	0.00	0.00	62.84	7.18	0.00	0.00	2000
230	10.93	2097	2104	0.00	182	0	0	0	nan	0.00	0.00	6.29	83.06	89.07	0.00	38	0	42	0.00	0.00	68.54	7.68	0.00	0.00	2000
230	11.01	2079	2109	0.00	212	0	0	0	nan	0.00	0.00	4.51	84.95	88.99	0.00	38	0	42	0.00	0.00	65.73	7.53	0.00	0.00	2000
230	11.24	2050	2098	0.00	179	0	0	0	nan	0.00	0.00	5.20	83.47	88.76	0.00	38	0	42	0.00	0.00	63.81	7.41	0.00	0.00	2000
229	11.05	2073	2097	0.35	196	0	0	7	69.80	0.00	0.04	3.47	85.46	88.95	0.00	38	0	42	0.00	0.00	67.73	7.60	0.00	0.00	2000
229	11.11	2059	2101	0.85	194	0	0	3	77.28	0.00	0.00	3.26	85.70	88.89	0.00	38	0	42	0.00	0.00	65.52	7.48	0.00	0.00	2000
230	11.12	2059	2106	0.00	212	0	0	0	nan	0.00	0.00	4.62	84.52	88.88	0.00	38	0	42	0.00	0.00	65.85	7.55	0.00	0.00	2000
229	11.31	2023	2096	0.00	178	0	0	0	nan	0.00	0.00	4.48	84.16	88.69	0.00	38	0	42	0.00	0.00	65.73	7.44	0.00	0.00	2000
232	11.42	2038	2090	0.00	212	0	0	0	nan	0.00	0.00	3.95	84.31	88.58	0.00	38	0	42	0.00	0.00	62.59	7.17	0.00	0.00	2000
229	11.11	2051	2107	0.00	178	0	0	0	nan	0.00	0.00	5.08	84.22	88.89	0.00	38	0	42	0.00	0.00	68.70	7.98	0.00	0.00	2000
230	11.16	2071	2090	0.00	212	0	0	0	nan	0.00	0.00	4.58	83.84	88.84	0.00	38	0	42	0.00	0.00	62.83	7.10	0.00	0.00	2000
228	10.89	2079	2113	0.00	178	0	0	0	nan	0.00	0.00	5.15	84.71	89.11	0.00	38	0	42	0.00	0.00	65.50	7.74	0.00	0.00	2000
231	11.02	2104	2089	0.00	211	0	0	0	nan	0.00	0.00	4.10	84.39	88.98	0.00	38	0	42	0.00	0.00	65.88	7.21	0.00	0.00	2000
232	11.18	2082	2090	0.00	179	0	0	0	nan	0.00	0.02	5.16	83.34	88.82	0.00	38	0	42	0.00	0.00	65.90	7.57	0.00	0.00	2000
232	10.89	2108	2119	0.00	211	0	0	0	nan	0.00	0.02	5.49	84.46	89.11	0.00	38	0	42	0.00	0.00	65.55	7.40	0.00	0.00	2000
229	11.18	2052	2096	0.00	179	0	0	0	nan	0.00	0.00	4.63	84.08	88.82	0.00	38	0	42	0.00	0.00	65.71	7.59	0.00	0.00	2000
229	11.15	2062	2095	0.00	210	0	0	0	nan	0.00	0.00	4.25	84.45	88.85	0.00	38	0	42	0.00	0.00	65.66	7.45	0.00	0.00	2000
228	11.09	2048	2107	0.00	178	0	0	0	nan	0.00	0.00	4.96	84.40	88.91	0.00	38	0	42	0.00	0.00	65.52	7.57	0.00	0.00	2000
228	11.43	2062	2031	0.00	213	0	0	0	nan	0.00	0.00	4.82	80.92	88.57	0.00	38	0	42	0.00	0.00	63.08	7.32	0.00	0.00	2000
232	10.75	2083	2180	0.00	199	0	0	0	nan	0.00	0.00	3.07	89.54	89.25	0.00	38	0	42	0.00	0.00	68.62	7.71	0.00	0.00	2000
229	11.13	2062	2098	0.00	212	0	0	0	nan	0.00	0.00	4.13	84.68	88.87	0.00	38	0	42	0.00	0.00	65.66	7.30	0.00	0.00	2000
228	11.08	2057	2102	0.14	178	0	0	6	67.70	0.00	0.00	4.76	84.24	88.92	0.00	38	0	42	0.00	0.00	63.04	6.91	0.00	0.00	2000
229	11.15	2068	2089	0.98	211	0	0	5	75.39	0.00	0.02	4.18	84.09	88.85	0.00	38	0	42	0.00	0.00	68.30	7.74	0.00	0.00	2000
230	11.05	2070	2107	0.00	180	0	0	0	nan	0.00	0.00	5.81	83.54	88.95	0.00	38	0	42	0.00	0.00	63.43	7.19	0.00	0.00	2000
229	11.02	2079	2100	0.00	210	0	0	0	nan	0.00	0.00	4.19	84.85	88.98	0.00	38	0	42	0.00	0.00	65.09	7.56	0.00	0.00	2000
229	11.31	2040	2082	0.00	178	0	0	0	nan	0.00	0.00	4.62	83.35	88.69	0.00	38	0	42	0.00	0.00	65.32	7.52	0.00	0.00	2000
229	10.87	2083	2126	0.00	211	0	0	0	nan	0.00	0.00	5.30	85.04	89.13	0.00	38	0	42	0.00	0.00	65.31	7.70	0.00	0.00	2000
228	11.01	2079	2094	0.00	179	0	0	0	nan	0.00	0.02	4.51	84.33	88.99	0.00	38	0	42	0.00	0.00	66.11	7.42	0.00	0.00	2000
233	11.22	2087	2092	0.00	212	0	0	0	nan	0.00	0.00	4.30	84.18	88.78	0.00	38	0	42	0.00	0.00	65.80	7.53	0.00	0.00	2000
228	10.79	2121	2093	0.00	178	0	0	0	nan	0.00	0.00	4.16	84.85	89.21	0.00	38	0	42	0.00	0.00	66.35	7.54	0.00	0.00	2000
230	11.17	2035	2122	0.00	209	0	0	0	nan	0.00	0.00	4.82	85.04	88.83	0.00	38	0	42	0.00	0.00	65.23	7.57	0.00	0.00	2000
229	11.21	2056	2092	0.00	180	0	0	0	nan	0.00	0.00	4.58	83.90	88.79	0.00	38	0	42	0.00	0.00	65.22	7.59	0.00	0.00	2000
229	11.35	2034	2087	0.00	212	0	0	0	nan	0.00	0.00	4.22	83.99	88.65	0.00	38	0	42	0.00	0.00	65.18	7.46	0.00	0.00	2000
229	10.99	2070	2115	0.00	179	0	0	0	nan	0.00	0.00	5.68	84.01	89.01	0.00	38	0	42	0.00	0.00	66.11	7.51	0.00	0.00	2000
231	11.27	2061	2090	0.00	211	0	0	0	nan	0.00	0.00	4.53	83.80	88.73	0.00	38	0	42	0.00	0.00	65.74	7.67	0.00	0.00	2000
228	11.08	2072	2090	0.00	179	0	0	0	nan	0.00	0.00	5.53	82.96	88.92	0.00	38	0	42	0.00	0.00	65.77	7.39	0.00	0.00	2000
229	10.78	2091	2132	0.00	210	0	0	0	nan	0.00	0.00	4.76	85.88	89.22	0.00	38	0	42	0.00	0.00	65.56	7.48	0.00	0.00	2000
228	11.30	2042	2077	0.00	179	0	0	0	nan	0.00	0.06	3.95	83.86	88.70	0.00	38	0	42	0.00	0.00	62.99	7.44	0.00	0.00	2000
229	11.23	2035	2110	0.00	212	0	0	4	68.69	0.00	0.00	4.78	84.46	88.77	0.00	38	0	42	0.00	0.00	68.20	7.46	0.00	0.00	2000
231	11.45	2031	2084	1.05	183	0	0	7	71.55	0.03	0.03	4.94	83.03	88.55	0.00	37	0	42	0.00	0.00	65.89	7.44	0.00	0.00	2000
229	10.77	2106	2121	0.00	212	0	0	0	nan	0.00	0.00	5.28	84.89	89.23	0.00	38	0	42	0.00	0.00	65.45	7.41	0.00	0.00	2000
227	11.36	2023	2075	0.00	178	0	0	0	nan	0.00	0.00	4.42	83.26	88.64	0.00	38	0	42	0.00	0.00	65.82	7.46	0.00	0.00	2000
230	11.00	2085	2110	0.00	210	0	0	0	nan	0.00	0.00	4.91	84.57	89.00	0.00	38	0	42	0.00	0.00	65.76	7.34	0.00	0.00	2000
229	10.85	2120	2087	0.00	180	0	0	0	nan	0.00	0.00	5.23	83.46	89.15	0.00	38	0	42	0.00	0.00	65.67	7.32	0.00	0.00	2000
232	11.16	2049	2127	0.00	212	0	0	0	nan	0.00	0.00	5.28	84.82	88.84	0.00	38	0	42	0.00	0.00	65.59	7.35	0.00	0.00	2000
229	11.14	2059	2099	0.00	179	0	0	0	nan	0.00	0.00	4.41	84.58	88.86	0.00	38	0	42	0.00	0.00	66.11	7.70	0.00	0.00	2000
234	11.51	2031	2104	0.00	212	0	0	0	nan	0.00	0.00	4.76	84.02	88.50	0.00	38	0	42	0.00	0.00	65.50	7.30	0.00	0.00	2000
228	11.21	2041	2094	0.00	179	0	0	0	nan	0.00	0.00	3.96	84.77	88.79	0.00	38	0	42	0.00	0.00	65.26	7.47	0.00	0.00	2000
230	11.28	2041	2099	0.00	212	0	0	0	nan	0.00	0.04	3.86	85.01	88.72	0.00	38	0	42	0.00	0.00	65.21	7.56	0.00	0.00	2000
230	11.19	2078	2079	0.00	179	0	0	0	nan	0.00	0.00	4.58	83.45	88.81	0.00	38	0	42	0.00	0.00	65.69	7.52	0.00	0.00	2000
230	10.95	2071	2126	0.00	211	0	0	0	nan	0.00	0.00	4.97	85.37	89.05	0.00	38	0	42	0.00	0.00	65.69	7.41	0.00	0.00	2000
229	11.24	2047	2090	0.00	179	0	0	0	nan	0.00	0.00	4.01	84.36	88.76	0.00	38	0	42	0.00	0.00	65.50	7.54	0.00	0.00	2000
229	11.26	2040	2093	0.00	211	0	0	0	nan	0.00	0.00	4.19	84.31	88.74	0.00	38	0	42	0.00	0.00	65.76	7.41	0.00	0.00	2000
228	11.09	2053	2105	0.00	178	0	0	0	nan	0.00	0.00	4.59	84.64	88.91	0.00	38	0	42	0.00	0.00	65.68	7.57	0.00	0.00	2000
232	11.20	2073	2102	0.00	209	0	0	0	nan	0.00	0.02	4.31	84.62	88.80	0.00	38	0	42	0.00	0.00	65.54	7.53	0.00	0.00	2000
228	11.24	2027	2098	0.00	180	0	0	2	71.44	0.00	0.00	4.95	83.85	88.76	0.00	38	0	41	0.00	0.00	65.52	7.71	0.00	0.00	2000
230	11.23	2038	2108	1.08	213	0	0	8	66.74	0.00	0.00	4.54	84.69	88.77	0.00	38	0	42	0.00	0.00	65.44	7.46	0.00	0.00	2000
228	11.14	2051	2097	0.00	178	0	0	0	nan	0.00	0.00	4.36	84.36	88.86	0.00	38	0	42	0.00	0.00	65.78	7.51	0.00	0.00	2000
230	11.35	2048	2074	0.00	214	0	0	0	nan	0.00	0.00	5.07	82.44	88.65	0.00	38	0	42	0.00	0.00	64.25	7.37	0.00	0.00	2000
231	11.12	2047	2127	0.00	196	0	0	0	nan	0.00	0.00	5.39	84.76	88.88	0.00	40	0	42	0.00	0.00	65.80	7.55	0.00	0.00	2000
232	11.53	2019	2095	0.00	212	0	0	0	nan	0.00	0.02	5.50	82.86	88.47	0.00	39	0	42	0.00	0.00	65.14	7.45	0.00	0.00	2000
230	11.02	2075	2114	0.00	194	0	0	0	nan	0.00	0.00	4.46	85.15	88.98	0.00	39	0	42	0.00	0.00	67.24	8.30	0.00	0.00	2000
232	11.08	2119	2071	0.00	178	0	0	0	nan	0.00	0.01	3.41	84.25	88.92	0.00	39	0	42	0.00	0.00	64.01	7.66	0.00	0.00	2000
229	10.84	2101	2107	0.00	211	0	0	0	nan	0.00	0.00	4.79	84.79	89.16	0.00	39	0	42	0.00	0.00	65.34	7.65	0.00	0.00	2000
230	11.22	2042	2106	0.00	196	0	0	0	nan	0.00	0.00	5.02	84.13	88.78	0.00	39	0	42	0.00	0.00	64.66	7.66	0.00	0.00	2000
229	10.93	2103	2094	0.00	195	0	0	0	nan	0.00	0.00	4.30	84.57	89.07	0.00	39	0	42	0.00	0.00	65.31	7.76	0.00	0.00	2000
229	11.23	2029	2112	0.00	194	0	0	0	nan	0.00	0.00	4.93	84.43	88.77	0.00	39	0	42	0.00	0.00	64.71	7.55	0.00	0.00	2000
229	11.10	2059	2100	0.00	197	1	0	0	nan	0.00	0.00	4.64	84.28	88.90	0.00	39	0	42	0.00	0.00	65.62	7.64	0.00	0.00	2000
229	11.23	2037	2102	0.00	195	0	0	0	nan	0.00	0.00	4.64	84.32	88.77	0.00	39	0	42	0.00	0.00	65.32	7.73	0.00	0.00	2000
227	11.01	2065	2100	0.00	196	0	0	0	nan	0.00	0.00	4.33	84.70	88.99	0.00	39	0	42	0.00	0.00	65.11	7.52	0.00	0.00	2000
230	10.97	2105	2095	0.00	195	0	0	0	nan	0.00	0.00	4.71	84.19	89.03	0.00	40	0	42	0.00	0.00	65.47	7.50	0.00	0.00	2000
228	11.15	2036	2113	0.00	224	0	0	0	nan	0.00	0.00	4.56	84.98	88.85	0.00	39	0	42	0.00	0.00	64.91	7.38	0.00	0.00	2000
231	11.04	2093	2100	0.00	194	0	0	0	nan	0.00	0.00	4.31	84.72	88.96	0.00	39	0	42	0.00	0.00	65.72	7.84	0.00	0.00	2000
228	11.24	2051	2076	0.76	195	0	0	6	40.75	0.00	0.00	4.40	83.40	88.76	0.00	39	0	42	0.00	0.00	65.53	7.46	0.00	0.00	2000
229	11.15	2039	2116	0.14	195	0	0	0	nan	0.00	0.00	5.08	84.54	88.85	0.00	40	0	42	0.00	0.00	65.33	7.70	0.00	0.00	2000
230	11.08	2072	2104	0.00	196	0	0	0	nan	0.00	0.00	4.37	84.83	88.92	0.00	39	0	42	0.00	0.00	66.82	7.76	0.00	0.00	2000
229	11.10	2079	2086	0.00	178	0	0	0	nan	0.00	0.03	3.75	84.60	88.90	0.00	40	0	42	0.00	0.00	64.07	7.43	0.00	0.00	2000
228	11.33	2017	2098	0.00	211	0	0	0	nan	0.00	0.00	4.51	84.18	88.67	0.00	40	0	42	0.00	0.00	65.19	7.46	0.00	0.00	2000
229	11.09	2051	2114	0.00	194	0	0	0	nan	0.00	0.00	5.34	84.32	88.91	0.00	39	0	42	0.00	0.00	65.01	7.55	0.00	0.00	2000
229	11.16	2068	2088	0.00	195	0	0	0	nan	0.00	0.00	4.44	83.99	88.84	0.00	39	0	42	0.00	0.00	65.84	7.74	0.00	0.00	2000
231	11.17	2066	2104	0.00	198	0	0	0	nan	0.00	0.00	6.24	82.78	88.83	0.00	40	0	42	0.00	0.00	65.50	7.58	0.00	0.00	2000
230	11.08	2081	2094	0.00	198	0	0	0	nan	0.00	0.00	5.66	83.07	88.92	0.00	40	0	42	0.00	0.00	65.60	7.58	0.00	0.00	2000
236	11.27	2069	2129	0.00	194	0	0	0	nan	0.00	0.00	5.21	84.82	88.73	0.00	39	0	42	0.00	0.00	66.18	7.83	0.00	0.00	2000
228	10.77	2150	2065	0.00	178	0	0	0	nan	0.00	0.00	3.24	84.43	89.23	0.00	39	0	42	0.00	0.00	64.93	7.47	0.00	0.00	2000
229	11.34	2001	2123	0.00	213	0	0	0	nan	0.00	0.03	5.91	83.85	88.66	0.00	39	0	42	0.00	0.00	64.71	7.43	0.00	0.00	2000
228	10.90	2111	2083	0.00	197	0	0	0	nan	0.00	0.00	4.73	83.58	89.10	0.00	40	0	42	0.00	0.00	65.08	7.42	0.00	0.00	2000
232	10.66	2151	2124	0.00	196	0	0	0	nan	0.00	0.00	4.64	85.79	89.34	0.00	39	0	42	0.00	0.00	65.53	7.61	0.00	0.00	2000
232	11.39	2044	2092	0.00	210	0	0	0	nan	0.00	0.00	7.19	81.20	88.61	0.00	40	0	42	0.00	0.00	65.24	7.50	0.00	0.00	2000
229	10.80	2120	2097	0.00	195	0	0	0	nan	0.00	0.00	3.74	85.38	89.20	0.00	40	0	42	0.00	0.00	65.11	7.44	0.00	0.00	2000
227	11.03	2070	2088	0.00	195	0	0	0	nan	0.00	0.00	4.18	84.33	88.97	0.00	39	0	42	0.00	0.00	65.03	7.65	0.00	0.00	2000
228	11.07	2041	2117	0.56	195	0	0	6	42.71	0.00	0.00	4.96	84.73	88.93	0.00	39	0	42	0.00	0.00	64.79	7.44	0.00	0.00	2000
229	11.29	2044	2088	0.35	196	0	0	0	nan	0.00	0.00	4.34	83.95	88.71	0.00	39	0	42	0.00	0.00	65.33	7.73	0.00	0.00	2000
229	10.94	2081	2111	0.00	195	0	0	0	nan	0.00	0.00	4.75	84.84	89.06	0.00	39	0	42	0.00	0.00	64.92	7.35	0.00	0.00	2000
227	10.97	2073	2097	0.00	194	0	0	0	nan	0.00	0.00	4.16	84.82	89.03	0.00	40	0	42	0.00	0.00	65.63	7.59	0.00	0.00	2000
229	11.05	2075	2093	0.00	195	0	0	0	nan	0.00	0.00	4.12	84.59	88.95	0.00	39	0	42	0.00	0.00	64.83	7.63	0.00	0.00	2000
227	10.68	2120	2105	0.00	194	0	0	0	nan	0.00	0.00	4.69	84.88	89.32	0.00	40	0	42	0.00	0.00	65.72	7.64	0.00	0.00	2000
232	10.75	2159	2097	0.00	195	0	0	0	nan	0.00	0.00	4.71	84.39	89.25	0.00	40	0	42	0.00	0.00	65.31	7.64	0.00	0.00	2000
228	11.03	2080	2092	0.00	195	0	0	0	nan	0.00	0.00	4.55	84.16	88.97	0.00	40	0	42	0.00	0.00	65.68	7.45	0.00	0.00	2000
229	11.04	2064	2111	0.00	195	0	0	0	nan	0.00	0.00	4.99	84.50	88.96	0.00	40	0	42	0.00	0.00	65.20	7.67	0.00	0.00	2000
228	11.08	2066	2092	0.00	195	0	0	0	nan	0.00	0.00	4.73	83.92	88.92	0.00	40	0	42	0.00	0.00	65.60	7.59	0.00	0.00	2000
230	10.93	2094	2108	0.00	197	0	0	0	nan	0.00	0.00	4.79	84.72	89.08	0.00	40	0	42	0.00	0.00	65.10	7.39	0.00	0.00	2000
229	11.24	2026	2111	0.00	200	0	0	0	nan	0.00	0.00	5.72	83.51	88.76	0.00	40	0	42	0.00	0.00	65.46	7.44	0.00	0.00	2000
230	11.24	2057	2091	0.00	195	0	0	0	nan	0.00	0.00	4.09	84.46	88.76	0.00	39	0	42	0.00	0.00	67.39	9.50	0.00	0.00	2000
229	10.95	2109	2084	0.00	194	0	0	0	nan	0.00	0.00	4.46	83.79	89.05	0.00	40	0	42	0.00	0.00	64.94	9.33	0.00	0.00	2000
229	11.03	2060	2117	0.00	195	0	0	0	nan	0.00	0.00	5.28	84.46	88.97	0.00	39	0	42	0.00	0.00	68.00	7.86	0.00	0.00	2000
229	10.98	2087	2098	0.00	195	0	0	0	nan	0.00	0.00	4.47	84.52	89.02	0.00	39	0	42	0.00	0.00	65.45	7.49	0.00	0.00	2000
222	10.90	2028	2106	0.00	196	0	0	0	nan	0.00	0.02	4.54	84.90	89.10	0.00	38	0	42	0.00	0.00	61.75	7.27	0.00	0.00	2000
181	9.87	1827	2110	0.27	231	0	0	9	70.16	0.00	0.00	7.95	82.68	90.13	0.00	37	0	42	0.00	0.00	65.00	7.73	0.00	0.00	2000
78	6.75	1175	2072	0.22	193	0	0	3	93.66	0.00	0.00	3.99	87.90	93.25	0.00	37	0	42	0.00	0.00	58.58	7.36	0.00	0.00	2000
72	6.12	1178	2109	0.00	194	0	0	0	nan	0.00	0.00	2.15	92.00	93.88	0.00	36	0	42	0.00	0.00	59.77	7.68	0.00	0.00	2000
83	6.67	1232	2112	0.00	163	0	0	0	nan	0.00	0.00	4.37	89.33	93.33	0.00	36	0	42	0.00	0.00	59.99	7.49	0.00	0.00	2000
