Avg_MHz	Busy%	Bzy_MHz	TSC_MHz	IPC	IRQ	NMI	SMI	LLCMRPS	LLC%hit	POLL%	C1%	C1E%	C6%	CPU%c1	CPU%c6	CoreTmp	CoreThr	PkgTmp	Pkg%pc2	Pkg%pc6	PkgWatt	RAMWatt	PKG_%	RAM_%	UncMHz
270	15.04	1755	2146	0.00	233	0	0	0	nan	0.00	0.27	27.17	59.47	84.96	0.00	37	0	42	0.00	0.00	64.07	7.45	0.00	0.00	2000
385	17.27	2194	2136	0.00	237	0	0	0	nan	0.07	1.31	15.16	67.98	82.73	0.00	37	0	42	0.00	0.00	69.44	7.80	0.00	0.00	2000
79	6.71	1165	2107	0.00	196	0	0	0	nan	0.00	0.00	14.17	79.40	93.29	0.00	36	0	42	0.00	0.00	59.86	7.38	0.00	0.00	2000
73	6.70	1081	2102	0.00	194	0	0	0	nan	0.00	0.00	3.77	89.57	93.30	0.00	36	0	42	0.00	0.00	60.09	7.48	0.00	0.00	2000
73	6.34	1152	2087	0.00	194	0	0	0	nan	0.00	0.00	2.68	90.33	93.66	0.00	36	0	42	0.00	0.00	60.64	7.68	0.00	0.00	2000
73	6.65	1101	2094	0.00	193	0	0	0	nan	0.00	0.00	3.88	89.21	93.35	0.00	36	0	42	0.00	0.00	59.60	7.47	0.00	0.00	2000
75	6.42	1155	2114	0.00	194	0	0	0	nan	0.00	0.00	4.58	89.59	93.58	0.00	37	0	42	0.00	0.00	59.64	7.48	0.00	0.00	2000
73	6.69	1090	2094	0.00	193	0	0	0	nan	0.00	0.00	3.86	89.23	93.31	0.00	36	0	41	0.00	0.00	59.31	7.50	0.00	0.00	2000
74	6.64	1103	2112	0.00	193	0	0	0	nan	0.00	0.00	3.98	89.92	93.36	0.00	36	0	41	0.00	0.00	58.23	7.46	0.00	0.00	2000
72	6.63	1086	2095	0.00	193	0	0	0	nan	0.00	0.02	3.44	89.67	93.37	0.00	36	0	42	0.00	0.00	59.83	7.43	0.00	0.00	2000
73	6.79	1077	2098	0.00	196	0	0	0	nan	0.00	0.02	3.45	89.66	93.21	0.00	36	0	42	0.00	0.00	59.78	7.45	0.00	0.00	2000
71	6.66	1085	2079	0.00	202	0	0	0	nan	0.00	0.00	5.02	87.45	93.34	0.00	36	0	42	0.00	0.00	58.45	7.21	0.00	0.00	2000
74	6.72	1101	2087	0.00	202	0	0	0	nan	0.00	0.02	3.13	89.66	93.28	0.00	36	0	42	0.00	0.00	57.86	7.23	0.00	0.00	2000
72	6.56	1088	2126	0.00	193	0	0	0	nan	0.00	0.00	2.02	92.54	93.44	0.00	36	0	41	0.00	0.00	62.79	7.79	0.00	0.00	2000
73	6.33	1157	2093	0.00	194	0	0	0	nan	0.01	0.00	2.36	90.89	93.67	0.00	36	0	42	0.00	0.00	56.48	7.05	0.00	0.00	2000
72	6.74	1059	2105	0.00	194	0	0	0	91.07	0.00	0.00	2.37	91.23	93.26	0.00	36	0	42	0.00	0.00	60.29	7.54	0.00	0.00	2000
74	6.35	1165	2089	0.29	193	0	0	1	88.18	0.00	0.00	2.41	90.51	93.65	0.00	36	0	41	0.00	0.00	59.08	7.35	0.00	0.00	2000
72	6.70	1061	2123	0.04	210	0	0	0	nan	0.00	0.03	2.93	91.45	93.30	0.00	36	0	42	0.00	0.00	64.64	7.73	0.00	0.00	2000
145	8.87	1653	2077	0.00	206	0	0	0	nan	0.00	0.87	5.66	83.59	91.13	0.00	36	0	41	0.00	0.00	59.16	7.14	0.00	0.00	2000
229	10.91	2082	2119	0.00	199	0	0	0	nan	0.00	0.00	7.04	82.90	89.09	0.00	37	0	42	0.00	0.00	65.99	7.37	0.00	0.00	2000
230	11.11	2068	2099	0.00	198	0	0	0	nan	0.00	0.00	4.89	84.03	88.89	0.00	37	0	42	0.00	0.00	65.30	7.62	0.00	0.00	2000
233	11.12	2085	2106	0.00	199	0	0	0	nan	0.00	0.00	5.10	84.14	88.88	0.00	38	0	42	0.00	0.00	66.07	7.69	0.00	0.00	2000
233	11.39	2047	2099	0.00	198	0	0	0	nan	0.00	0.02	4.87	83.78	88.61	0.00	36	0	42	0.00	0.00	64.40	7.29	0.00	0.00	2000
230	11.28	2032	2103	0.00	194	0	0	0	nan	0.00	0.00	2.86	86.07	88.72	0.00	37	0	42	0.00	0.00	66.11	7.81	0.00	0.00	2000
232	10.97	2114	2103	0.00	194	0	0	0	nan	0.00	0.00	2.74	86.48	89.03	0.00	37	0	42	0.00	0.00	67.41	7.89	0.00	0.00	2000
225	11.21	2039	2063	0.00	194	0	0	0	nan	0.00	0.00	3.88	83.40	88.79	0.00	37	0	42	0.00	0.00	64.43	7.53	0.00	0.00	2000
245	11.43	2104	2135	0.00	195	0	0	0	nan	0.00	0.04	2.38	87.73	88.57	0.00	37	0	42	0.00	0.00	68.05	7.99	0.00	0.00	2000
229	11.32	2067	2056	0.00	198	0	0	0	nan	0.00	0.00	2.98	83.93	88.68	0.00	37	0	42	0.00	0.00	62.32	7.37	0.00	0.00	2000
223	10.92	2036	2102	0.00	209	0	0	0	nan	0.00	0.02	3.98	85.30	89.08	0.00	38	0	42	0.00	0.00	65.37	7.39	0.00	0.00	2000
230	11.27	2061	2081	0.00	194	0	0	0	nan	0.00	0.02	1.24	86.75	88.73	0.00	38	0	42	0.00	0.00	64.06	7.23	0.00	0.00	2000
226	10.78	2069	2128	0.00	210	0	0	0	nan	0.00	0.00	3.04	87.46	89.22	0.00	38	0	42	0.00	0.00	67.49	7.53	0.00	0.00	2000
234	11.28	2107	2071	0.00	197	0	0	0	nan	0.00	0.00	3.17	84.34	88.72	0.00	38	0	42	0.00	0.00	64.55	7.38	0.00	0.00	2000
233	11.12	2044	2150	0.00	226	0	0	4	81.26	0.00	0.03	7.05	84.09	88.88	0.00	38	0	42	0.00	0.00	66.23	7.85	0.00	0.00	2000
232	11.17	2071	2105	0.58	195	0	0	16	85.56	0.00	0.00	4.61	84.56	88.83	0.00	38	0	42	0.00	0.00	68.08	7.54	0.00	0.00	2000
224	10.78	2098	2085	0.00	194	0	0	0	nan	0.00	0.00	5.02	83.66	89.22	0.00	37	0	42	0.00	0.00	63.06	7.29	0.00	0.00	2000
228	11.91	2075	1937	0.00	196	0	0	0	nan	0.00	0.00	3.08	78.21	88.09	0.00	37	0	42	0.00	0.00	57.74	6.70	0.00	0.00	2000
241	10.29	2112	2333	0.00	263	0	0	0	nan	0.01	0.02	5.23	94.55	89.71	0.00	36	0	42	0.00	0.00	76.63	8.63	0.00	0.00	2000
234	11.46	2037	2105	0.00	196	0	0	0	nan	0.00	0.00	3.63	85.26	88.54	0.00	37	0	42	0.00	0.00	67.60	7.85	0.00	0.00	2000
233	11.27	2102	2063	0.00	179	0	0	0	nan	0.00	0.01	2.95	84.14	88.73	0.00	37	0	42	0.00	0.00	62.16	7.06	0.00	0.00	2000
234	11.00	2088	2138	0.00	212	0	0	0	nan	0.00	0.00	5.46	85.18	89.00	0.00	37	0	42	0.00	0.00	68.15	7.81	0.00	0.00	2000
232	11.08	2088	2106	0.00	178	0	0	0	nan	0.00	0.00	3.74	85.47	88.92	0.00	37	0	42	0.00	0.00	66.81	8.00	0.00	0.00	2000
306	14.07	2198	2080	0.00	198	0	0	0	nan	0.00	0.01	4.32	80.84	85.93	0.00	37	0	42	0.00	0.00	63.09	7.47	0.00	0.00	2000
236	11.43	2048	2118	0.00	214	0	0	0	nan	0.02	0.00	4.18	85.26	88.57	0.00	37	0	42	0.00	0.00	71.17	8.22	0.00	0.00	2000
232	11.26	2063	2100	0.00	196	0	0	0	nan	0.00	0.01	3.46	85.38	88.74	0.00	37	0	42	0.00	0.00	67.52	7.70	0.00	0.00	2000
234	10.94	2139	2095	0.00	196	0	0	0	nan	0.00	0.01	3.80	85.08	89.06	0.00	37	0	42	0.00	0.00	62.85	7.40	0.00	0.00	2000
230	11.03	2090	2097	0.00	194	0	0	0	nan	0.00	0.00	3.06	85.76	88.97	0.00	37	0	42	0.00	0.00	63.74	7.48	0.00	0.00	2000
233	10.57	2190	2110	0.00	194	0	0	0	nan	0.00	0.00	4.02	85.67	89.43	0.00	37	0	42	0.00	0.00	68.32	7.77	0.00	0.00	2000
230	11.04	2133	2050	0.00	180	0	0	0	nan	0.00	0.00	3.55	83.32	88.96	0.00	37	0	42	0.00	0.00	64.20	7.50	0.00	0.00	2000
232	10.97	2070	2148	0.00	210	0	0	0	nan	0.00	0.03	4.43	86.66	89.03	0.00	38	0	42	0.00	0.00	66.86	7.78	0.00	0.00	2000
232	11.04	2096	2107	0.01	179	0	0	2	66.54	0.00	0.02	3.60	85.73	88.96	0.00	37	0	42	0.00	0.00	67.82	8.01	0.00	0.00	2000
232	11.27	2067	2095	0.84	194	0	0	3	64.47	0.00	0.00	2.93	85.67	88.73	0.00	37	0	42	0.00	0.00	64.34	7.47	0.00	0.00	2000
228	11.22	2115	2016	0.00	194	0	0	0	nan	0.00	0.00	2.73	82.62	88.78	0.00	37	0	42	0.00	0.00	59.57	7.32	0.00	0.00	2000
232	10.77	2076	2180	0.00	211	0	0	0	nan	0.00	0.02	3.23	89.41	89.23	0.00	38	0	42	0.00	0.00	73.20	9.51	0.00	0.00	2000
228	10.93	2092	2094	0.00	178	0	0	0	nan	0.00	0.00	4.03	84.74	89.07	0.00	38	0	42	0.00	0.00	67.09	8.81	0.00	0.00	2000
231	11.16	2061	2110	0.00	211	0	0	0	nan	0.00	0.00	3.61	85.72	88.84	0.00	37	0	42	0.00	0.00	67.20	8.78	0.00	0.00	2000
229	11.09	2085	2079	0.00	179	0	0	0	nan	0.00	0.00	3.74	84.39	88.91	0.00	37	0	42	0.00	0.00	67.66	8.66	0.00	0.00	2000
230	11.27	2032	2105	0.00	212	0	0	0	nan	0.00	0.00	5.41	83.70	88.73	0.00	37	0	42	0.00	0.00	66.96	8.68	0.00	0.00	2000
227	10.93	2069	2106	0.00	178	0	0	0	nan	0.00	0.00	4.71	84.75	89.07	0.00	37	0	42	0.00	0.00	67.16	8.71	0.00	0.00	2000
241	11.74	2053	2104	0.00	210	0	0	0	nan	0.00	0.00	5.40	83.12	88.26	0.00	37	0	42	0.00	0.00	67.76	8.86	0.00	0.00	2000
230	11.12	2095	2075	0.00	178	0	0	0	nan	0.00	0.00	3.98	83.95	88.88	0.00	37	0	42	0.00	0.00	67.23	8.86	0.00	0.00	2000
233	11.08	2089	2112	0.00	212	0	0	0	nan	0.00	0.00	5.25	84.31	88.92	0.00	38	0	42	0.00	0.00	67.54	8.95	0.00	0.00	2000
231	11.23	2064	2089	0.00	180	0	0	0	nan	0.00	0.00	4.79	83.57	88.77	0.00	37	0	42	0.00	0.00	67.20	8.73	0.00	0.00	2000
232	10.85	2108	2127	0.00	213	0	0	0	nan	0.00	0.00	5.88	84.44	89.15	0.00	38	0	42	0.00	0.00	67.98	8.98	0.00	0.00	2000
228	11.14	2079	2072	0.00	179	0	0	0	nan	0.00	0.00	4.08	83.63	88.86	0.00	38	0	42	0.00	0.00	67.36	8.97	0.00	0.00	2000
231	11.21	2050	2111	0.00	216	0	0	0	nan	0.00	0.04	5.00	84.29	88.79	0.00	38	0	42	0.00	0.00	68.05	8.93	0.00	0.00	2000
231	11.20	2048	2110	0.00	180	0	0	0	nan	0.00	0.00	4.73	84.60	88.80	0.00	38	0	42	0.00	0.00	67.41	9.00	0.00	0.00	2000
229	11.28	2030	2100	0.00	210	0	0	10	10.19	0.00	0.00	4.26	84.57	88.72	0.00	38	0	42	0.00	0.00	67.22	8.88	0.00	0.00	2000
230	11.19	2074	2081	1.54	178	0	0	29	7.08	0.00	0.00	4.28	83.76	88.81	0.00	38	0	42	0.00	0.00	67.39	8.86	0.00	0.00	2000
231	11.05	2069	2124	0.00	212	0	0	0	nan	0.00	0.00	4.83	85.18	88.95	0.00	38	0	42	0.00	0.00	67.53	8.99	0.00	0.00	2000
229	10.82	2136	2080	0.00	178	0	0	0	nan	0.00	0.00	4.00	84.08	89.18	0.00	38	0	42	0.00	0.00	68.17	8.91	0.00	0.00	2000
232	11.31	2044	2106	0.00	212	0	0	0	nan	0.00	0.00	5.37	83.56	88.69	0.00	38	0	42	0.00	0.00	67.26	8.75	0.00	0.00	2000
229	10.98	2100	2088	0.00	178	0	0	0	nan	0.00	0.00	4.79	83.78	89.02	0.00	38	0	42	0.00	0.00	65.69	7.61	0.00	0.00	2000
221	10.73	2068	2092	0.00	213	0	0	0	nan	0.00	0.00	5.06	83.91	89.27	0.00	37	0	42	0.00	0.00	62.05	7.39	0.00	0.00	2000
146	8.59	1695	2112	0.00	214	0	0	0	nan	0.00	0.02	5.94	86.02	91.41	0.00	37	0	42	0.00	0.00	66.45	7.91	0.00	0.00	2000
80	7.01	1129	2135	0.00	209	0	0	0	nan	0.00	0.01	2.92	91.62	92.99	0.00	37	0	42	0.00	0.00	58.43	7.45	0.00	0.00	2000
73	6.70	1087	2095	0.00	193	0	0	0	nan	0.00	0.00	3.12	89.99	93.30	0.00	37	0	42	0.00	0.00	58.93	7.26	0.00	0.00	2000
77	6.43	1191	2111	0.00	194	0	0	0	nan	0.00	0.02	3.97	89.92	93.57	0.00	36	0	42	0.00	0.00	60.81	7.48	0.00	0.00	2000
