Avg_MHz	Busy%	Bzy_MHz	TSC_MHz	IPC	IRQ	NMI	SMI	LLCMRPS	LLC%hit	POLL%	C1%	C1E%	C6%	CPU%c1	CPU%c6	CoreTmp	CoreThr	PkgTmp	Pkg%pc2	Pkg%pc6	PkgWatt	RAMWatt	PKG_%	RAM_%	UncMHz
370	17.90	2002	2167	0.00	248	0	0	0	nan	0.00	1.13	39.76	44.06	82.10	0.00	37	0	42	0.00	0.00	68.26	7.82	0.00	0.00	2000
304	14.55	2074	2113	0.00	219	0	0	0	nan	0.06	1.22	23.48	61.46	85.45	0.00	37	0	42	0.00	0.00	61.32	7.44	0.00	0.00	2000
77	6.71	1148	2095	0.00	193	0	0	0	nan	0.00	0.02	3.33	89.76	93.29	0.00	36	0	42	0.00	0.00	61.51	7.41	0.00	0.00	2000
74	6.67	1095	2123	0.00	195	0	0	0	nan	0.00	0.00	3.17	91.18	93.33	0.00	37	0	42	0.00	0.00	60.48	7.52	0.00	0.00	2000
73	6.62	1101	2090	0.00	194	0	0	0	nan	0.00	0.01	2.74	90.25	93.38	0.00	37	0	42	0.00	0.00	56.63	7.18	0.00	0.00	2000
79	6.54	1216	2085	0.00	195	0	0	0	nan	0.00	0.00	2.87	89.76	93.46	0.00	37	0	42	0.00	0.00	58.70	7.37	0.00	0.00	2000
74	6.81	1076	2112	0.00	209	0	0	0	nan	0.00	0.00	3.47	90.19	93.19	0.00	36	0	42	0.00	0.00	63.30	8.12	0.00	0.00	2000
74	6.98	1062	2100	0.00	194	0	0	0	nan	0.00	0.00	4.82	88.27	93.02	0.00	37	0	42	0.00	0.00	58.75	7.37	0.00	0.00	2000
76	6.79	1111	2107	0.00	195	0	0	0	nan	0.00	0.00	4.83	88.77	93.21	0.00	36	0	42	0.00	0.00	59.21	7.56	0.00	0.00	2000
72	6.73	1074	2088	0.00	195	0	0	0	nan	0.00	0.00	3.33	89.42	93.27	0.00	36	0	42	0.00	0.00	58.77	7.49	0.00	0.00	2000
73	6.81	1076	2104	0.00	194	0	0	0	nan	0.00	0.00	4.34	89.09	93.19	0.00	37	0	42	0.00	0.00	58.27	7.32	0.00	0.00	2000
73	6.74	1071	2113	0.00	195	0	0	0	nan	0.00	0.00	4.07	89.89	93.26	0.00	37	0	42	0.00	0.00	59.20	7.46	0.00	0.00	2000
72	6.52	1109	2097	0.00	193	0	0	0	nan	0.00	0.00	3.01	90.37	93.48	0.00	37	0	42	0.00	0.00	58.61	7.31	0.00	0.00	2000
72	6.48	1118	2087	0.00	193	0	0	0	nan	0.00	0.00	3.22	89.74	93.52	0.00	36	0	42	0.00	0.00	60.08	7.61	0.00	0.00	2000
73	6.94	1043	2111	0.00	193	0	0	0	nan	0.00	0.00	3.91	89.72	93.06	0.00	37	0	42	0.00	0.00	58.58	7.59	0.00	0.00	2000
73	6.67	1090	2099	0.00	194	0	0	0	87.06	0.00	0.06	4.03	89.28	93.33	0.00	36	0	42	0.00	0.00	59.17	7.55	0.00	0.00	2000
71	6.70	1070	2077	0.30	193	0	0	1	86.16	0.00	0.01	3.53	88.82	93.30	0.00	36	0	42	0.00	0.00	56.96	7.19	0.00	0.00	2000
72	6.81	1053	2096	0.08	193	0	0	0	nan	0.00	0.01	1.80	91.23	93.19	0.00	37	0	42	0.00	0.00	57.63	7.19	0.00	0.00	2000
210	10.85	1903	2134	0.00	228	0	0	0	nan	0.00	0.02	5.56	85.13	89.15	0.00	38	0	42	0.00	0.00	65.82	7.70	0.00	0.00	2000
231	10.89	2121	2101	0.00	211	0	0	0	nan	0.00	0.01	3.50	85.62	89.11	0.00	39	0	42	0.00	0.00	66.49	7.52	0.00	0.00	2000
227	10.84	2106	2086	0.00	202	0	0	0	nan	0.00	0.02	3.23	85.46	89.16	0.00	40	0	42	0.00	0.00	64.76	7.39	0.00	0.00	2000
231	11.27	2044	2106	0.00	203	0	0	0	nan	0.00	0.00	3.20	85.86	88.73	0.00	40	0	42	0.00	0.00	65.98	7.39	0.00	0.00	2000
236	11.12	2115	2104	0.00	196	0	0	0	nan	0.00	0.05	4.83	84.29	88.88	0.00	38	0	42	0.00	0.00	66.84	7.87	0.00	0.00	2000
228	11.07	2083	2078	0.00	196	0	0	0	nan	0.00	0.55	3.14	84.42	88.93	0.00	38	0	42	0.00	0.00	64.45	7.73	0.00	0.00	2000
234	11.24	2092	2090	0.00	203	0	0	0	nan	0.00	0.06	3.43	84.98	88.76	0.00	37	0	42	0.00	0.00	65.59	7.57	0.00	0.00	2000
233	11.01	2095	2121	0.00	212	0	0	0	nan	0.00	0.02	4.99	84.95	88.99	0.00	37	0	42	0.00	0.00	65.85	7.57	0.00	0.00	2000
230	11.21	2054	2097	0.00	178	0	0	0	nan	0.00	0.02	5.59	83.19	88.79	0.00	37	0	42	0.00	0.00	66.26	7.74	0.00	0.00	2000
230	10.82	2121	2107	0.00	195	0	0	0	nan	0.00	0.02	5.20	84.24	89.18	0.00	38	0	42	0.00	0.00	66.69	7.56	0.00	0.00	2000
229	11.06	2081	2094	0.00	199	0	0	0	nan	0.00	0.02	4.41	84.43	88.94	0.00	38	0	42	0.00	0.00	65.50	7.61	0.00	0.00	2000
229	11.35	2041	2075	0.00	204	0	0	0	nan	0.00	0.02	6.65	80.98	88.65	0.00	38	0	42	0.00	0.00	63.92	7.25	0.00	0.00	2000
236	11.23	2067	2132	0.00	215	0	0	0	nan	0.00	0.01	6.39	83.85	88.77	0.00	38	0	42	0.00	0.00	65.05	7.46	0.00	0.00	2000
230	11.07	2073	2101	0.00	198	0	0	0	nan	0.00	0.00	5.43	83.60	88.93	0.00	38	0	42	0.00	0.00	65.82	7.57	0.00	0.00	2000
224	10.94	2072	2073	0.00	199	0	0	3	96.71	0.00	0.00	5.59	82.46	89.06	0.00	38	0	42	0.00	0.00	66.48	7.54	0.00	0.00	2000
235	11.28	2062	2118	0.69	215	0	0	15	97.35	0.00	0.02	2.50	87.08	88.72	0.00	38	0	42	0.00	0.00	63.95	7.22	0.00	0.00	2000
229	10.59	2163	2101	0.00	200	0	0	0	nan	0.00	0.00	5.21	84.28	89.41	0.00	38	0	42	0.00	0.00	67.98	7.79	0.00	0.00	2000
231	11.15	2072	2101	0.00	195	0	0	0	nan	0.01	0.02	3.31	85.67	88.85	0.00	38	0	42	0.00	0.00	65.18	7.46	0.00	0.00	2000
231	10.94	2110	2097	0.00	199	0	0	0	nan	0.00	0.00	4.81	84.23	89.06	0.00	39	0	42	0.00	0.00	65.51	7.45	0.00	0.00	2000
226	11.27	2028	2080	0.00	197	0	0	0	nan	0.00	0.00	4.63	83.38	88.73	0.00	38	0	42	0.00	0.00	62.75	7.21	0.00	0.00	2000
235	11.31	2050	2128	0.00	211	0	0	0	nan	0.00	0.00	6.16	83.78	88.69	0.00	38	0	42	0.00	0.00	65.01	7.68	0.00	0.00	2000
229	11.09	2058	2106	0.00	196	0	0	0	nan	0.00	0.01	6.69	82.61	88.91	0.00	38	0	42	0.00	0.00	66.92	7.72	0.00	0.00	2000
234	11.59	2051	2067	0.00	201	0	0	0	nan	0.00	0.01	6.77	80.36	88.41	0.00	38	0	42	0.00	0.00	63.67	7.33	0.00	0.00	2000
231	11.27	2026	2120	0.00	211	0	0	0	nan	0.00	0.00	6.59	83.14	88.73	0.00	39	0	42	0.00	0.00	65.10	7.47	0.00	0.00	2000
232	11.39	2029	2111	0.00	199	0	0	0	nan	0.00	0.00	6.73	82.51	88.61	0.00	39	0	42	0.00	0.00	65.50	7.37	0.00	0.00	2000
231	11.38	2032	2100	0.00	202	0	0	0	nan	0.00	0.00	5.25	83.50	88.62	0.00	39	0	42	0.00	0.00	66.60	7.75	0.00	0.00	2000
230	11.09	2073	2103	0.00	205	0	0	0	nan	0.00	0.00	4.58	84.62	88.91	0.00	38	0	42	0.00	0.00	68.20	7.64	0.00	0.00	2000
229	10.97	2088	2099	0.00	198	0	0	0	nan	0.00	0.00	4.28	84.79	89.03	0.00	38	0	42	0.00	0.00	65.05	7.40	0.00	0.00	2000
231	11.33	2033	2102	0.00	197	0	0	0	nan	0.00	0.03	4.10	84.78	88.67	0.00	39	0	42	0.00	0.00	65.21	7.54	0.00	0.00	2000
229	10.77	2127	2098	0.00	197	0	0	0	nan	0.00	0.06	3.32	85.86	89.23	0.00	39	0	42	0.00	0.00	62.47	7.24	0.00	0.00	2000
229	11.10	2098	2069	0.00	200	0	0	0	nan	0.00	0.02	6.31	81.36	88.90	0.00	39	0	42	0.00	0.00	67.44	7.64	0.00	0.00	2000
232	11.34	2034	2114	0.00	203	0	0	3	83.88	0.01	0.02	3.63	85.66	88.66	0.00	39	0	42	0.00	0.00	64.86	7.36	0.00	0.00	2000
231	10.79	2131	2108	0.77	214	0	0	17	87.96	0.00	0.02	6.69	82.92	89.21	0.00	38	0	42	0.00	0.00	64.95	7.54	0.00	0.00	2000
230	11.36	2050	2077	0.00	195	0	0	0	nan	0.00	0.00	4.85	82.98	88.64	0.00	37	0	42	0.00	0.00	65.89	7.66	0.00	0.00	2000
232	11.17	2062	2117	0.00	214	0	0	0	nan	0.00	0.02	5.31	84.33	88.83	0.00	38	0	42	0.00	0.00	63.46	7.39	0.00	0.00	2000
232	11.10	2078	2108	0.00	202	0	0	0	nan	0.00	0.00	5.00	84.34	88.90	0.00	39	0	42	0.00	0.00	66.58	7.55	0.00	0.00	2000
227	11.21	2037	2086	0.00	198	0	0	0	nan	0.00	0.02	5.03	83.33	88.79	0.00	39	0	42	0.00	0.00	69.23	7.95	0.00	0.00	2000
233	10.97	2100	2120	0.00	197	0	0	0	nan	0.00	0.00	4.41	85.51	89.03	0.00	39	0	42	0.00	0.00	65.70	7.50	0.00	0.00	2000
233	10.96	2122	2103	0.00	213	0	0	0	nan	0.00	0.00	5.75	83.58	89.04	0.00	39	0	42	0.00	0.00	66.38	7.60	0.00	0.00	2000
227	10.76	2163	2049	0.00	182	0	0	0	nan	0.00	0.02	4.71	82.45	89.24	0.00	38	0	42	0.00	0.00	63.55	7.40	0.00	0.00	2000
236	11.06	2077	2158	0.00	219	0	0	0	nan	0.00	0.06	3.43	88.08	88.94	0.00	38	0	42	0.00	0.00	68.35	7.71	0.00	0.00	2000
225	10.61	2154	2068	0.00	196	0	0	0	nan	0.00	0.00	3.26	84.80	89.39	0.00	39	0	42	0.00	0.00	62.93	7.25	0.00	0.00	2000
236	11.09	2095	2134	0.00	196	0	0	0	nan	0.00	0.04	2.64	87.77	88.91	0.00	39	0	42	0.00	0.00	68.55	7.97	0.00	0.00	2000
228	11.18	2042	2096	0.00	202	0	0	0	nan	0.00	0.03	5.57	83.24	88.82	0.00	38	0	42	0.00	0.00	64.82	7.46	0.00	0.00	2000
241	11.65	2118	2049	0.00	197	0	0	0	nan	0.00	0.00	7.34	78.99	88.35	0.00	38	0	42	0.00	0.00	65.98	7.51	0.00	0.00	2000
233	10.54	2156	2151	0.00	214	0	0	0	nan	0.00	2.60	9.62	79.62	89.46	0.00	39	0	42	0.00	0.00	66.54	7.52	0.00	0.00	2000
481	22.31	2411	1878	0.00	266	0	0	0	nan	0.00	0.03	6.10	63.45	77.69	0.00	38	0	42	0.00	0.00	58.81	6.71	0.00	0.00	2000
399	15.44	2292	2369	0.00	285	0	0	0	nan	0.00	0.00	10.64	84.82	84.56	0.00	37	0	42	0.00	0.00	83.47	9.31	0.00	0.00	2000
234	11.05	2111	2106	0.03	184	0	0	1	81.25	0.01	0.00	6.89	82.39	88.95	0.00	38	0	42	0.00	0.00	66.64	7.74	0.00	0.00	2000
230	11.28	2040	2096	0.55	197	0	0	2	84.74	0.00	0.02	5.56	83.13	88.72	0.00	38	0	42	0.00	0.00	61.19	7.01	0.00	0.00	2000
230	11.19	2047	2105	0.00	199	0	0	0	nan	0.00	0.02	3.86	85.29	88.81	0.00	38	0	42	0.00	0.00	64.90	7.47	0.00	0.00	2000
228	10.99	2083	2093	0.00	202	0	0	0	nan	0.00	0.00	4.75	84.09	89.01	0.00	38	0	42	0.00	0.00	64.36	7.33	0.00	0.00	2000
231	11.13	2064	2109	0.00	198	0	0	0	nan	0.00	0.00	3.45	85.93	88.87	0.00	39	0	42	0.00	0.00	66.10	7.67	0.00	0.00	2000
232	10.94	2113	2110	0.00	198	0	0	0	nan	0.00	0.00	4.00	85.53	89.06	0.00	38	0	42	0.00	0.00	67.14	7.73	0.00	0.00	2000
264	12.56	2111	2089	0.00	200	0	0	0	nan	0.01	0.00	6.56	80.47	87.44	0.00	39	0	42	0.00	0.00	66.13	7.56	0.00	0.00	2000
228	10.81	2119	2091	0.00	198	0	0	0	nan	0.01	0.01	4.92	84.03	89.19	0.00	38	0	42	0.00	0.00	66.36	7.59	0.00	0.00	2000
228	11.22	2035	2094	0.00	197	0	0	0	nan	0.00	0.44	5.90	82.34	88.78	0.00	39	0	42	0.00	0.00	64.54	7.33	0.00	0.00	2000
227	11.28	2016	2100	0.00	197	0	0	0	nan	0.00	0.00	6.15	82.72	88.72	0.00	39	0	42	0.00	0.00	65.53	7.57	0.00	0.00	2000
234	11.13	2075	2125	0.00	195	0	0	0	nan	0.00	0.03	6.55	83.46	88.87	0.00	38	0	42	0.00	0.00	67.06	7.62	0.00	0.00	2000
232	10.99	2110	2103	0.00	184	0	0	0	nan	0.00	0.00	5.38	83.85	89.01	0.00	38	0	42	0.00	0.00	61.81	7.15	0.00	0.00	2000
226	10.99	2078	2077	0.00	198	0	0	0	nan	0.00	0.02	5.80	82.23	89.01	0.00	38	0	42	0.00	0.00	65.81	7.71	0.00	0.00	2000
228	10.98	2084	2095	0.00	198	0	0	0	nan	0.00	0.00	6.24	82.62	89.02	0.00	38	0	42	0.00	0.00	66.19	7.60	0.00	0.00	2000
236	11.01	2125	2117	0.00	196	0	0	0	nan	0.00	0.00	6.29	83.46	88.99	0.00	38	0	42	0.00	0.00	67.11	7.87	0.00	0.00	2000
234	11.22	2119	2066	0.00	199	0	0	0	nan	0.00	0.00	6.14	81.28	88.78	0.00	38	0	42	0.00	0.00	64.64	7.73	0.00	0.00	2000
81	6.63	1217	2112	0.00	197	0	0	0	nan	0.00	0.00	8.27	85.72	93.37	0.00	37	0	42	0.00	0.00	59.28	7.50	0.00	0.00	2000
108	7.89	1465	1968	0.00	203	0	0	5	59.80	0.00	0.01	3.60	82.68	92.11	0.00	38	0	42	0.00	0.00	53.15	6.80	0.00	0.00	2000
236	10.75	2024	2275	1.04	228	0	0	4	87.37	0.00	0.07	4.29	92.43	89.25	0.00	40	0	42	0.00	0.00	71.58	8.60	0.00	0.00	2000
229	10.91	2112	2090	0.00	181	0	0	0	nan	0.00	0.14	4.17	84.51	89.09	0.00	40	0	42	0.00	0.00	66.56	7.00	0.00	0.00	2000
211	10.31	2048	2094	0.00	206	0	0	0	nan	0.00	0.06	3.55	85.98	89.69	0.00	39	0	42	0.00	0.00	64.81	7.65	0.00	0.00	2000
85	7.02	1201	2119	0.00	202	0	0	0	nan	0.00	0.03	5.59	88.21	92.98	0.00	37	0	42	0.00	0.00	58.67	7.41	0.00	0.00	2000
112	8.20	1471	1951	0.00	202	0	0	0	nan	0.00	0.00	7.10	78.22	91.80	0.00	39	0	42	0.00	0.00	54.13	6.64	0.00	0.00	2000
236	11.00	2001	2248	0.00	215	0	0	0	nan	0.04	0.02	10.83	84.55	89.00	0.00	39	0	42	0.00	0.00	76.04	8.80	0.00	0.00	2000
231	11.23	2052	2105	0.00	206	0	0	0	nan	0.00	0.00	7.48	81.57	88.77	0.00	39	0	42	0.00	0.00	65.59	7.39	0.00	0.00	2000
231	11.13	2076	2098	0.00	196	0	0	0	nan	0.00	0.02	7.26	81.56	88.87	0.00	40	0	42	0.00	0.00	62.64	7.04	0.00	0.00	2000
231	11.36	2035	2099	0.00	201	0	0	0	nan	0.00	0.00	7.83	80.88	88.64	0.00	40	0	42	0.00	0.00	65.12	7.65	0.00	0.00	2000
231	11.16	2061	2110	0.00	196	0	0	0	nan	0.01	0.00	8.57	80.76	88.84	0.00	40	0	42	0.00	0.00	63.92	7.45	0.00	0.00	2000
232	11.14	2074	2107	0.00	196	0	0	0	nan	0.00	0.00	7.03	82.24	88.86	0.00	40	0	42	0.00	0.00	66.59	7.60	0.00	0.00	2000
227	11.08	2120	2030	0.00	196	0	0	0	nan	0.00	0.06	8.44	77.54	88.92	0.00	38	0	42	0.00	0.00	64.28	7.72	0.00	0.00	2000
226	10.95	2091	2072	0.00	213	0	0	0	nan	0.00	1.52	5.94	80.55	89.05	0.00	37	0	42	0.00	0.00	61.56	7.17	0.00	0.00	2000
271	12.41	2210	2072	0.00	239	0	0	0	nan	0.00	0.00	7.62	78.95	87.59	0.00	38	0	42	0.00	0.00	65.11	7.41	0.00	0.00	2000
166	8.81	1776	2220	0.00	270	0	0	0	nan	0.00	0.00	6.88	89.56	91.19	0.00	37	0	42	0.00	0.00	73.03	8.80	0.00	0.00	2000
106	8.37	1261	2114	0.00	222	0	0	0	nan	0.00	0.17	8.52	83.85	91.63	0.00	36	0	42	0.00	0.00	59.57	7.44	0.00	0.00	2000
77	6.88	1119	2106	0.26	194	0	0	1	79.65	0.00	0.00	3.51	89.91	93.12	0.00	37	0	42	0.00	0.00	59.31	7.23	0.00	0.00	2000
79	6.94	1144	2085	0.23	161	0	0	0	93.22	0.00	0.02	4.97	87.49	93.06	0.00	37	0	42	0.00	0.00	59.58	7.66	0.00	0.00	2000
