Avg_MHz	Busy%	Bzy_MHz	TSC_MHz	IPC	IRQ	NMI	SMI	LLCMRPS	LLC%hit	POLL%	C1%	C1E%	C6%	CPU%c1	CPU%c6	CoreTmp	CoreThr	PkgTmp	Pkg%pc2	Pkg%pc6	PkgWatt	RAMWatt	PKG_%	RAM_%	UncMHz
293	15.69	1821	2156	0.00	298	0	0	0	nan	0.00	0.17	20.22	66.38	84.31	0.00	36	0	42	0.00	0.00	65.90	7.69	0.00	0.00	2000
324	16.03	2021	2103	0.00	226	0	0	0	nan	0.06	1.02	17.21	66.12	83.97	0.00	37	0	42	0.00	0.00	67.27	7.59	0.00	0.00	2000
118	9.43	1252	2099	0.00	209	0	0	0	nan	0.00	0.00	8.26	82.43	90.57	0.00	37	0	42	0.00	0.00	61.15	7.31	0.00	0.00	2000
72	6.91	1036	2119	0.00	209	0	0	0	nan	0.00	0.02	3.34	90.71	93.09	0.00	37	0	42	0.00	0.00	59.85	7.48	0.00	0.00	2000
72	6.74	1076	2078	0.00	193	0	0	0	nan	0.00	0.00	3.23	89.24	93.26	0.00	36	0	42	0.00	0.00	57.32	7.06	0.00	0.00	2000
73	6.85	1057	2120	0.00	196	0	0	0	nan	0.00	0.02	2.65	91.45	93.15	0.00	37	0	42	0.00	0.00	60.36	7.29	0.00	0.00	2000
74	7.01	1057	2090	0.00	195	0	0	0	nan	0.00	0.02	3.32	89.39	92.99	0.00	37	0	42	0.00	0.00	58.55	7.27	0.00	0.00	2000
72	6.86	1040	2113	0.00	210	0	0	0	nan	0.00	0.00	4.35	89.47	93.14	0.00	37	0	42	0.00	0.00	58.90	7.39	0.00	0.00	2000
73	6.44	1124	2106	0.00	193	0	0	0	nan	0.00	0.00	3.42	90.29	93.56	0.00	37	0	42	0.00	0.00	58.72	7.38	0.00	0.00	2000
71	6.79	1050	2080	0.00	193	0	0	0	nan	0.00	0.00	3.01	89.49	93.21	0.00	36	0	42	0.00	0.00	56.94	7.39	0.00	0.00	2000
73	6.71	1097	2089	0.00	194	0	0	0	nan	0.00	0.00	2.04	90.85	93.29	0.00	36	0	42	0.00	0.00	60.49	7.00	0.00	0.00	2000
72	6.74	1064	2115	0.00	195	0	0	0	nan	0.00	0.02	1.72	92.34	93.26	0.00	36	0	42	0.00	0.00	60.16	7.38	0.00	0.00	2000
72	6.78	1072	2092	0.00	210	0	0	0	nan	0.00	0.00	2.67	90.28	93.22	0.00	36	0	42	0.00	0.00	58.28	7.18	0.00	0.00	2000
70	7.19	979	2092	0.00	193	0	0	0	nan	0.00	0.00	3.85	88.77	92.81	0.00	36	0	42	0.00	0.00	58.00	7.41	0.00	0.00	2000
72	6.91	1048	2097	0.00	193	0	0	0	nan	0.00	0.03	1.90	91.14	93.09	0.00	36	0	42	0.00	0.00	56.55	7.02	0.00	0.00	2000
72	7.24	976	2129	0.00	210	0	0	1	87.65	0.00	0.00	3.92	90.34	92.76	0.00	36	0	42	0.00	0.00	62.29	7.75	0.00	0.00	2000
71	6.44	1118	2080	0.10	193	0	0	1	89.66	0.00	0.00	3.15	89.63	93.56	0.00	36	0	42	0.00	0.00	57.61	7.36	0.00	0.00	2000
72	6.56	1092	2106	0.00	192	0	0	0	nan	0.00	0.00	2.19	91.62	93.44	0.00	36	0	42	0.00	0.00	58.25	7.20	0.00	0.00	2000
220	11.32	1976	2064	0.00	201	0	0	0	nan	0.00	0.84	3.68	82.82	88.68	0.00	37	0	42	0.00	0.00	61.05	7.03	0.00	0.00	2000
232	10.70	2118	2153	0.00	219	0	0	0	nan	0.01	0.05	5.37	86.27	89.30	0.00	38	0	42	0.00	0.00	68.76	7.67	0.00	0.00	2000
229	10.95	2097	2094	0.00	198	0	0	0	nan	0.00	0.02	3.88	85.02	89.05	0.00	38	0	42	0.00	0.00	66.39	7.49	0.00	0.00	2000
225	11.03	2067	2076	0.00	197	0	0	0	nan	0.00	0.02	4.23	83.75	88.97	0.00	39	0	42	0.00	0.00	61.79	6.93	0.00	0.00	2000
236	11.19	2094	2120	0.00	198	0	0	0	nan	0.00	0.01	4.22	85.53	88.81	0.00	37	0	42	0.00	0.00	68.87	8.04	0.00	0.00	2000
236	11.34	2075	2105	0.00	200	0	0	0	nan	0.00	0.02	4.65	84.28	88.66	0.00	37	0	42	0.00	0.00	65.62	7.77	0.00	0.00	2000
225	10.91	2075	2089	0.00	220	0	0	0	nan	0.00	0.04	4.78	83.99	89.09	0.00	37	0	42	0.00	0.00	64.76	7.42	0.00	0.00	2000
230	11.01	2075	2113	0.00	202	0	0	0	nan	0.00	0.00	4.18	85.34	88.99	0.00	38	0	42	0.00	0.00	68.18	8.06	0.00	0.00	2000
226	10.99	2081	2079	0.00	202	0	0	0	nan	0.00	0.00	3.43	84.90	89.01	0.00	39	0	42	0.00	0.00	64.20	7.35	0.00	0.00	2000
230	10.92	2096	2111	0.00	217	0	0	0	nan	0.00	0.00	3.64	85.98	89.08	0.00	39	0	42	0.00	0.00	64.63	7.24	0.00	0.00	2000
228	10.95	2097	2087	0.00	210	0	0	0	nan	0.00	0.00	3.88	84.59	89.05	0.00	39	0	42	0.00	0.00	64.57	7.29	0.00	0.00	2000
226	10.88	2086	2096	0.00	203	0	0	0	nan	0.00	0.00	4.14	84.88	89.13	0.00	40	0	42	0.00	0.00	66.04	7.52	0.00	0.00	2000
233	10.92	2107	2131	0.00	204	0	0	0	nan	0.00	0.01	2.06	88.34	89.08	0.00	40	0	42	0.00	0.00	66.36	7.60	0.00	0.00	2000
230	10.71	2144	2107	0.00	203	0	0	0	nan	0.00	0.00	3.97	85.60	89.29	0.00	40	0	42	0.00	0.00	66.31	7.51	0.00	0.00	2000
229	11.25	2053	2082	0.22	204	0	0	13	93.98	0.00	0.03	3.67	84.45	88.75	0.00	40	0	42	0.00	0.00	63.75	7.36	0.00	0.00	2000
232	10.88	2118	2119	0.53	212	0	0	5	80.98	0.00	0.00	3.75	86.30	89.12	0.00	40	0	42	0.00	0.00	66.59	7.43	0.00	0.00	2000
231	10.80	2151	2092	0.00	205	0	0	0	nan	0.00	0.00	3.60	85.35	89.20	0.00	40	0	42	0.00	0.00	64.36	7.29	0.00	0.00	2000
236	11.25	2144	2059	0.00	199	0	0	0	nan	0.00	0.02	5.86	81.21	88.75	0.00	38	0	42	0.00	0.00	62.91	7.33	0.00	0.00	2000
228	10.64	2130	2114	0.00	213	0	0	0	nan	0.00	0.00	5.93	84.07	89.36	0.00	37	0	42	0.00	0.00	67.89	7.80	0.00	0.00	2000
237	11.29	2066	2132	0.00	197	0	0	0	nan	0.00	0.04	4.11	86.02	88.71	0.00	38	0	42	0.00	0.00	67.91	7.76	0.00	0.00	2000
231	11.09	2102	2086	0.00	222	0	0	0	nan	0.00	0.00	6.54	81.86	88.91	0.00	38	0	42	0.00	0.00	63.67	7.29	0.00	0.00	2000
229	11.01	2091	2086	0.00	184	0	0	0	nan	0.00	0.02	6.86	81.59	88.99	0.00	38	0	42	0.00	0.00	65.56	7.29	0.00	0.00	2000
228	11.08	2069	2093	0.00	214	0	0	0	nan	0.00	0.00	6.14	82.44	88.92	0.00	39	0	42	0.00	0.00	65.79	7.54	0.00	0.00	2000
226	10.87	2078	2100	0.00	200	0	0	0	nan	0.00	0.03	4.07	85.07	89.13	0.00	38	0	42	0.00	0.00	64.74	7.48	0.00	0.00	2000
233	11.16	2067	2117	0.00	228	0	0	0	nan	0.00	0.02	4.11	85.53	88.84	0.00	39	0	42	0.00	0.00	66.40	7.61	0.00	0.00	2000
233	12.11	2034	1989	0.00	202	0	0	0	nan	0.00	0.02	6.66	76.62	87.89	0.00	37	0	42	0.00	0.00	60.62	7.04	0.00	0.00	2000
235	11.11	1983	2235	0.00	228	0	0	0	nan	0.00	0.05	4.82	89.93	88.89	0.00	37	0	42	0.00	0.00	69.41	8.06	0.00	0.00	2000
230	11.46	2003	2101	0.00	182	0	0	0	nan	0.03	0.01	2.89	85.84	88.54	0.00	36	0	41	0.00	0.00	63.99	7.56	0.00	0.00	2000
234	11.51	2031	2099	0.00	197	0	0	0	nan	0.00	0.00	5.45	83.12	88.49	0.00	36	0	42	0.00	0.00	63.45	7.35	0.00	0.00	2000
230	11.42	2015	2097	0.00	209	0	0	0	nan	0.00	0.00	5.22	83.39	88.58	0.00	36	0	42	0.00	0.00	63.45	7.37	0.00	0.00	2000
232	11.44	2028	2100	0.00	194	0	0	0	nan	0.00	0.02	6.92	81.77	88.56	0.00	36	0	42	0.00	0.00	63.16	7.11	0.00	0.00	2000
417	19.42	2341	1928	0.14	198	0	0	18	47.47	0.00	0.00	3.88	70.20	80.58	0.00	37	0	42	0.00	0.00	58.14	6.88	0.00	0.00	2000
690	27.66	2492	2102	0.06	262	0	0	0	nan	0.00	0.00	3.58	68.96	72.34	0.00	38	0	42	0.00	0.00	71.06	7.78	0.00	0.00	2000
686	27.54	2493	2099	0.00	252	0	0	0	nan	0.00	0.02	3.79	68.76	72.46	0.00	38	0	42	0.00	0.00	70.84	7.56	0.00	0.00	2000
693	27.66	2492	2112	0.00	234	0	0	0	nan	0.00	0.00	3.37	69.51	72.34	0.00	38	0	42	0.00	0.00	70.79	7.56	0.00	0.00	2000
681	27.48	2492	2087	0.00	245	0	0	0	nan	0.00	0.02	2.94	69.26	72.52	0.00	38	0	42	0.00	0.00	70.92	7.48	0.00	0.00	2000
340	14.82	2206	2182	0.00	234	0	0	0	nan	0.00	0.00	9.51	79.23	85.18	0.00	37	0	42	0.00	0.00	70.30	7.84	0.00	0.00	2000
239	11.17	2038	2204	0.00	231	0	0	0	nan	0.00	0.02	7.75	85.66	88.83	0.00	37	0	42	0.00	0.00	66.71	7.97	0.00	0.00	2000
223	11.17	1993	2103	0.00	197	0	0	0	nan	0.00	0.00	8.79	80.31	88.83	0.00	37	0	42	0.00	0.00	64.97	7.76	0.00	0.00	2000
175	9.54	1822	2121	0.00	232	0	0	0	nan	0.00	0.00	11.47	79.77	90.46	0.00	37	0	42	0.00	0.00	64.06	7.57	0.00	0.00	2000
76	7.22	1073	2066	0.00	195	0	0	0	nan	0.00	0.01	4.09	87.30	92.78	0.00	37	0	42	0.00	0.00	56.97	7.23	0.00	0.00	2000
132	10.38	1247	2142	0.00	49	0	0	0	nan	0.00	0.00	9.78	81.68	89.62	0.00	36	0	42	0.00	0.00	73.69	8.95	0.00	0.00	2000
