Avg_MHz	Busy%	Bzy_MHz	TSC_MHz	IPC	IRQ	NMI	SMI	LLCMRPS	LLC%hit	POLL%	C1%	C1E%	C6%	CPU%c1	CPU%c6	CoreTmp	CoreThr	PkgTmp	Pkg%pc2	Pkg%pc6	PkgWatt	RAMWatt	PKG_%	RAM_%	UncMHz
187	10.98	1663	2151	0.00	264	0	0	0	nan	0.00	0.01	26.97	64.33	89.02	0.00	37	0	42	0.00	0.00	64.01	7.68	0.00	0.00	2000
417	18.16	2307	2088	0.00	221	0	0	0	nan	0.05	3.24	17.50	60.97	81.84	0.00	37	0	42	0.00	0.00	67.07	7.28	0.00	0.00	2000
214	12.61	1695	2103	0.00	213	0	0	0	nan	0.00	0.25	16.22	71.14	87.39	0.00	36	0	42	0.00	0.00	61.10	7.39	0.00	0.00	2000
75	6.60	1141	2098	0.00	194	0	0	0	nan	0.00	0.01	2.40	90.89	93.40	0.00	37	0	42	0.00	0.00	60.80	7.50	0.00	0.00	2000
74	6.82	1083	2105	0.00	210	0	0	0	nan	0.00	0.00	2.73	90.69	93.18	0.00	37	0	42	0.00	0.00	60.70	7.57	0.00	0.00	2000
71	6.69	1062	2105	0.00	194	0	0	0	nan	0.00	0.00	4.05	89.54	93.31	0.00	37	0	42	0.00	0.00	56.82	7.27	0.00	0.00	2000
72	6.78	1063	2108	0.00	194	0	0	0	nan	0.00	0.00	2.66	90.95	93.22	0.00	37	0	42	0.00	0.00	61.65	7.84	0.00	0.00	2000
71	6.75	1065	2079	0.00	209	0	0	0	nan	0.00	0.02	3.31	89.01	93.25	0.00	37	0	42	0.00	0.00	57.14	7.26	0.00	0.00	2000
72	6.58	1102	2098	0.00	193	0	0	0	nan	0.00	0.00	2.95	90.53	93.42	0.00	37	0	42	0.00	0.00	56.86	7.14	0.00	0.00	2000
71	6.81	1041	2110	0.00	193	0	0	0	nan	0.00	0.02	1.85	91.78	93.19	0.00	37	0	42	0.00	0.00	62.00	7.86	0.00	0.00	2000
73	7.01	1028	2115	0.00	210	0	0	0	nan	0.00	0.00	4.35	89.24	92.99	0.00	37	0	42	0.00	0.00	57.33	7.23	0.00	0.00	2000
71	6.67	1072	2079	0.00	196	0	0	0	nan	0.00	0.00	2.17	90.29	93.33	0.00	37	0	42	0.00	0.00	57.59	7.22	0.00	0.00	2000
73	6.95	1042	2112	0.00	194	0	0	0	nan	0.00	0.02	1.90	91.80	93.05	0.00	37	0	42	0.00	0.00	61.40	7.79	0.00	0.00	2000
70	6.82	1032	2098	0.00	210	0	0	0	nan	0.00	0.00	3.75	89.47	93.18	0.00	37	0	42	0.00	0.00	56.56	7.23	0.00	0.00	2000
72	7.10	1018	2093	0.00	194	0	0	0	nan	0.00	0.00	2.21	90.44	92.90	0.00	37	0	42	0.00	0.00	60.54	7.72	0.00	0.00	2000
74	7.07	1039	2123	0.02	213	0	0	2	74.32	0.00	0.00	5.10	88.90	92.93	0.00	37	0	42	0.00	0.00	56.76	7.34	0.00	0.00	2000
72	6.60	1093	2088	0.26	195	0	0	1	92.08	0.00	0.00	2.84	90.09	93.40	0.00	37	0	42	0.00	0.00	58.73	7.38	0.00	0.00	2000
73	6.72	1071	2116	0.00	213	0	0	0	nan	0.00	0.02	3.93	90.04	93.28	0.00	37	0	42	0.00	0.00	62.16	7.56	0.00	0.00	2000
162	9.20	1772	2088	0.00	213	0	0	0	nan	0.00	0.00	5.59	84.83	90.80	0.00	38	0	41	0.00	0.00	57.95	7.27	0.00	0.00	2000
230	10.74	2128	2109	0.00	219	0	0	0	nan	0.01	0.02	3.05	86.58	89.26	0.00	39	0	42	0.00	0.00	69.89	8.05	0.00	0.00	2000
229	10.96	2105	2086	0.00	211	0	0	0	nan	0.00	0.00	3.89	84.65	89.04	0.00	40	0	42	0.00	0.00	64.30	7.18	0.00	0.00	2000
232	11.16	2060	2116	0.00	201	0	0	0	nan	0.00	0.00	4.06	85.51	88.84	0.00	40	0	42	0.00	0.00	65.06	7.50	0.00	0.00	2000
234	11.11	2106	2099	0.00	198	0	0	0	nan	0.00	0.01	5.85	83.09	88.89	0.00	38	0	42	0.00	0.00	63.95	7.33	0.00	0.00	2000
226	11.10	2064	2068	0.00	196	0	0	0	nan	0.00	0.02	4.96	82.59	88.90	0.00	39	0	42	0.00	0.00	64.05	7.75	0.00	0.00	2000
237	11.73	2042	2074	0.00	212	0	0	0	nan	0.00	0.00	6.41	80.90	88.27	0.00	38	0	42	0.00	0.00	66.27	7.62	0.00	0.00	2000
227	10.54	2118	2136	0.00	220	0	0	0	nan	0.00	0.00	6.27	84.90	89.46	0.00	37	0	42	0.00	0.00	68.72	7.98	0.00	0.00	2000
230	11.30	2043	2091	0.00	200	0	0	0	nan	0.00	0.02	3.96	84.54	88.70	0.00	37	0	42	0.00	0.00	63.82	7.47	0.00	0.00	2000
231	11.09	2078	2109	0.00	213	0	0	0	nan	0.00	0.02	3.46	85.94	88.92	0.00	37	0	42	0.00	0.00	63.98	7.38	0.00	0.00	2000
230	11.16	2059	2104	0.00	199	0	0	0	nan	0.00	0.00	5.98	83.16	88.84	0.00	37	0	42	0.00	0.00	69.17	7.85	0.00	0.00	2000
228	10.98	2082	2096	0.00	203	0	0	0	nan	0.00	0.00	5.48	83.42	89.04	0.00	38	0	42	0.00	0.00	64.07	7.44	0.00	0.00	2000
230	11.29	2038	2095	0.00	196	0	0	0	nan	0.00	0.00	5.46	83.09	88.71	0.00	38	0	42	0.00	0.00	62.85	7.20	0.00	0.00	2000
227	10.96	2095	2074	0.00	213	0	0	0	nan	0.00	0.00	6.00	82.01	89.04	0.00	38	0	42	0.00	0.00	64.16	7.21	0.00	0.00	2000
227	11.11	2044	2098	0.51	206	0	0	14	97.75	0.00	0.00	5.07	83.92	88.89	0.00	38	0	42	0.00	0.00	64.91	7.43	0.00	0.00	2000
230	11.34	2022	2105	0.21	204	0	0	0	nan	0.00	0.02	6.46	82.56	88.66	0.00	38	0	42	0.00	0.00	65.22	7.59	0.00	0.00	2000
227	11.07	2053	2095	0.00	214	0	0	0	nan	0.00	0.00	6.20	82.60	88.93	0.00	38	0	42	0.00	0.00	64.48	7.39	0.00	0.00	2000
229	10.91	2062	2134	0.00	213	0	0	0	nan	0.00	0.00	5.80	84.77	89.09	0.00	38	0	42	0.00	0.00	67.36	7.66	0.00	0.00	2000
229	11.11	2075	2088	0.00	212	0	0	0	nan	0.00	0.02	3.84	84.56	88.89	0.00	38	0	42	0.00	0.00	64.65	7.40	0.00	0.00	2000
233	11.06	2079	2125	0.00	206	0	0	0	nan	0.00	0.00	6.70	83.38	88.94	0.00	38	0	42	0.00	0.00	68.48	7.86	0.00	0.00	2000
229	11.18	2063	2084	0.00	196	0	0	0	nan	0.00	0.00	5.10	83.11	88.82	0.00	39	0	42	0.00	0.00	62.17	7.25	0.00	0.00	2000
228	11.00	2110	2064	0.00	199	0	0	0	nan	0.01	0.04	1.92	85.60	89.00	0.00	38	0	42	0.00	0.00	63.54	7.27	0.00	0.00	2000
235	11.23	2062	2132	0.00	214	0	0	0	nan	0.00	0.03	4.43	85.79	88.77	0.00	38	0	42	0.00	0.00	67.27	7.58	0.00	0.00	2000
225	10.75	2101	2093	0.00	217	0	0	0	nan	0.00	0.03	6.26	82.71	89.25	0.00	37	0	42	0.00	0.00	65.38	7.31	0.00	0.00	2000
229	10.93	2092	2107	0.00	215	0	0	0	nan	0.00	0.03	3.59	85.89	89.07	0.00	38	0	42	0.00	0.00	60.94	6.96	0.00	0.00	2000
214	11.04	1910	2129	0.00	232	0	0	0	nan	0.00	0.01	4.39	85.79	88.96	0.00	37	0	42	0.00	0.00	71.09	8.24	0.00	0.00	2000
432	20.39	2133	2085	0.00	196	0	0	0	nan	0.00	0.01	7.85	71.26	79.61	0.00	37	0	42	0.00	0.00	66.35	7.85	0.00	0.00	2000
210	10.97	1918	2099	0.00	229	0	0	0	nan	0.00	0.00	9.47	79.59	89.03	0.00	38	0	42	0.00	0.00	64.02	7.58	0.00	0.00	2000
141	9.25	1515	2111	0.00	255	0	0	0	nan	0.00	0.65	9.76	80.97	90.75	0.00	37	0	42	0.00	0.00	63.90	7.75	0.00	0.00	2000
74	6.71	1105	2086	0.00	193	0	0	0	nan	0.00	0.00	3.39	89.37	93.29	0.00	37	0	42	0.00	0.00	58.12	7.36	0.00	0.00	2000
77	6.94	1109	2102	0.25	194	0	0	1	81.67	0.00	0.02	2.17	90.97	93.06	0.00	37	0	42	0.00	0.00	56.93	7.41	0.00	0.00	2000
71	7.22	989	2102	0.22	209	0	0	1	91.82	0.00	0.00	3.23	89.83	92.78	0.00	37	0	42	0.00	0.00	58.18	7.35	0.00	0.00	2000
85	7.57	1115	2105	0.00	129	0	0	0	nan	0.00	0.00	6.73	86.12	92.43	0.00	37	0	42	0.00	0.00	64.50	8.26	0.00	0.00	2000
