Avg_MHz	Busy%	Bzy_MHz	TSC_MHz	IPC	IRQ	NMI	SMI	LLCMRPS	LLC%hit	POLL%	C1%	C1E%	C6%	CPU%c1	CPU%c6	CoreTmp	CoreThr	PkgTmp	Pkg%pc2	Pkg%pc6	PkgWatt	RAMWatt	PKG_%	RAM_%	UncMHz
357	16.74	2117	2113	0.00	231	0	0	0	nan	0.00	0.75	37.72	45.50	83.26	0.00	37	0	42	0.00	0.00	64.97	7.53	0.00	0.00	2000
288	15.11	1889	2122	0.00	215	0	0	0	nan	0.03	0.96	21.54	63.48	84.89	0.00	37	0	42	0.00	0.00	66.95	7.53	0.00	0.00	2000
79	6.83	1141	2121	0.00	197	0	0	0	nan	0.00	0.00	5.44	88.60	93.17	0.00	37	0	42	0.00	0.00	59.88	8.00	0.00	0.00	2000
72	6.50	1113	2101	0.00	211	0	0	0	nan	0.00	0.00	3.06	90.51	93.50	0.00	37	0	42	0.00	0.00	61.60	7.60	0.00	0.00	2000
74	6.27	1179	2098	0.00	194	0	0	0	nan	0.00	0.02	3.43	90.12	93.73	0.00	37	0	42	0.00	0.00	59.84	7.67	0.00	0.00	2000
72	6.62	1091	2080	0.00	193	0	0	0	nan	0.00	0.00	3.32	89.17	93.38	0.00	37	0	42	0.00	0.00	59.94	7.56	0.00	0.00	2000
74	6.85	1069	2127	0.00	194	0	0	0	nan	0.00	0.01	3.33	91.08	93.15	0.00	37	0	42	0.00	0.00	59.16	7.65	0.00	0.00	2000
71	6.78	1058	2090	0.00	193	0	0	0	nan	0.00	0.00	2.87	90.02	93.22	0.00	37	0	42	0.00	0.00	59.51	7.77	0.00	0.00	2000
74	6.23	1185	2112	0.00	193	0	0	0	nan	0.00	0.00	2.77	91.32	93.77	0.00	37	0	42	0.00	0.00	59.40	7.61	0.00	0.00	2000
72	6.73	1078	2083	0.00	193	0	0	0	nan	0.00	0.02	3.49	89.07	93.27	0.00	37	0	42	0.00	0.00	54.80	7.21	0.00	0.00	2000
72	6.81	1063	2100	0.00	194	0	0	0	nan	0.00	0.00	4.32	88.85	93.19	0.00	37	0	42	0.00	0.00	63.83	7.77	0.00	0.00	2000
73	6.39	1132	2113	0.00	193	0	0	0	nan	0.00	0.00	3.39	90.71	93.61	0.00	37	0	42	0.00	0.00	57.54	7.33	0.00	0.00	2000
72	6.59	1097	2097	0.00	194	0	0	0	nan	0.00	0.00	3.31	90.04	93.41	0.00	37	0	42	0.00	0.00	60.38	7.71	0.00	0.00	2000
73	6.70	1080	2111	0.00	193	0	0	0	nan	0.00	0.01	3.20	90.76	93.30	0.00	37	0	42	0.00	0.00	58.54	7.30	0.00	0.00	2000
73	6.11	1203	2089	0.00	177	0	0	0	nan	0.00	0.01	2.99	90.26	93.89	0.00	37	0	42	0.00	0.00	59.89	7.54	0.00	0.00	2000
72	6.11	1180	2089	0.00	194	0	0	0	95.24	0.00	0.00	3.26	90.03	93.89	0.00	37	0	42	0.00	0.00	59.96	7.59	0.00	0.00	2000
73	6.47	1133	2097	0.31	194	0	0	1	85.50	0.00	0.00	3.09	90.35	93.53	0.00	37	0	42	0.00	0.00	57.21	7.32	0.00	0.00	2000
74	6.51	1118	2125	0.19	194	0	0	0	nan	0.00	0.02	2.26	92.31	93.49	0.00	36	0	42	0.00	0.00	60.66	7.69	0.00	0.00	2000
186	10.04	1861	2092	0.00	205	0	0	0	nan	0.02	0.82	4.17	84.79	89.96	0.00	37	0	42	0.00	0.00	63.19	7.55	0.00	0.00	2000
231	11.26	2066	2087	0.00	198	0	0	0	nan	0.00	0.00	4.59	83.55	88.74	0.00	38	0	42	0.00	0.00	62.68	7.27	0.00	0.00	2000
231	11.00	2081	2116	0.00	217	0	0	0	nan	0.00	0.03	6.09	83.74	89.00	0.00	38	0	42	0.00	0.00	68.99	7.74	0.00	0.00	2000
251	11.69	2149	2094	0.00	198	0	0	0	nan	0.00	0.02	4.55	83.46	88.31	0.00	38	0	42	0.00	0.00	65.99	7.55	0.00	0.00	2000
236	11.14	2124	2094	0.00	199	0	0	0	nan	0.00	0.02	5.27	83.48	88.86	0.00	37	0	42	0.00	0.00	62.48	7.69	0.00	0.00	2000
228	11.48	2030	2052	0.00	200	0	0	0	nan	0.00	0.00	4.84	81.78	88.52	0.00	37	0	42	0.00	0.00	67.04	7.54	0.00	0.00	2000
240	11.20	2075	2165	0.00	216	0	0	0	nan	0.00	0.00	5.13	86.48	88.80	0.00	37	0	42	0.00	0.00	69.06	7.87	0.00	0.00	2000
230	11.07	2083	2098	0.00	200	0	0	0	nan	0.01	0.00	6.52	82.38	88.93	0.00	37	0	42	0.00	0.00	66.38	7.89	0.00	0.00	2000
232	11.13	2087	2096	0.00	198	0	0	0	nan	0.00	0.03	5.07	83.66	88.87	0.00	38	0	42	0.00	0.00	66.44	7.78	0.00	0.00	2000
228	10.99	2087	2086	0.00	197	0	0	0	nan	0.00	0.02	4.63	83.88	89.01	0.00	38	0	42	0.00	0.00	64.30	7.31	0.00	0.00	2000
232	11.45	2009	2116	0.00	197	0	0	0	nan	0.00	0.00	4.83	84.49	88.55	0.00	38	0	42	0.00	0.00	67.79	7.86	0.00	0.00	2000
230	11.43	2024	2091	0.00	203	0	0	0	nan	0.00	0.00	4.58	83.77	88.57	0.00	39	0	42	0.00	0.00	64.98	7.40	0.00	0.00	2000
231	11.06	2088	2097	0.00	198	0	0	0	nan	0.00	0.03	3.91	84.92	88.94	0.00	39	0	42	0.00	0.00	63.64	7.13	0.00	0.00	2000
227	11.08	2082	2067	0.00	199	0	0	0	nan	0.00	0.02	2.69	84.86	88.92	0.00	39	0	42	0.00	0.00	65.05	7.48	0.00	0.00	2000
232	11.18	2065	2109	0.00	213	0	0	1	91.40	0.00	0.02	3.56	85.79	88.82	0.00	39	0	42	0.00	0.00	66.28	7.52	0.00	0.00	2000
234	10.94	2116	2123	0.56	199	0	0	17	49.71	0.00	0.00	6.58	83.54	89.06	0.00	38	0	42	0.00	0.00	66.34	7.68	0.00	0.00	2000
233	11.50	2085	2039	0.06	198	0	0	0	nan	0.01	0.50	3.63	81.87	88.50	0.00	38	0	42	0.00	0.00	63.17	7.30	0.00	0.00	2000
243	11.21	2087	2179	0.00	217	0	0	0	nan	0.00	0.00	7.10	85.18	88.79	0.00	37	0	42	0.00	0.00	69.98	7.91	0.00	0.00	2000
223	11.24	2013	2070	0.00	198	0	0	0	nan	0.00	0.02	6.17	81.54	88.76	0.00	38	0	42	0.00	0.00	64.86	7.72	0.00	0.00	2000
234	11.44	2026	2124	0.00	198	0	0	0	nan	0.00	0.00	5.02	84.64	88.56	0.00	38	0	42	0.00	0.00	67.39	8.23	0.00	0.00	2000
236	11.23	2105	2096	0.00	198	0	0	0	nan	0.00	0.00	4.47	84.14	88.77	0.00	38	0	42	0.00	0.00	64.23	7.60	0.00	0.00	2000
235	11.26	2070	2113	0.00	203	0	0	0	nan	0.00	0.02	4.90	84.48	88.74	0.00	38	0	42	0.00	0.00	67.76	7.97	0.00	0.00	2000
231	11.12	2085	2089	0.00	198	0	0	0	nan	0.00	0.00	5.63	82.89	88.88	0.00	38	0	42	0.00	0.00	63.21	7.60	0.00	0.00	2000
236	11.45	2063	2103	0.00	200	0	0	0	nan	0.00	0.00	7.23	81.53	88.55	0.00	38	0	42	0.00	0.00	68.23	7.93	0.00	0.00	2000
230	11.02	2099	2088	0.00	200	0	0	0	nan	0.00	0.00	7.71	80.86	88.98	0.00	38	0	42	0.00	0.00	66.23	7.86	0.00	0.00	2000
233	11.36	2044	2111	0.00	200	0	0	0	nan	0.00	0.02	6.17	82.84	88.64	0.00	38	0	42	0.00	0.00	65.09	7.67	0.00	0.00	2000
231	11.03	2111	2087	0.00	199	0	0	0	nan	0.00	0.02	4.60	83.91	88.97	0.00	39	0	42	0.00	0.00	64.52	7.35	0.00	0.00	2000
228	10.73	2132	2090	0.00	198	0	0	0	nan	0.00	0.48	4.19	84.24	89.28	0.00	39	0	42	0.00	0.00	65.19	6.98	0.00	0.00	2000
227	10.88	2075	2111	0.00	197	0	0	0	nan	0.00	1.00	5.83	82.85	89.12	0.00	39	0	42	0.00	0.00	66.59	7.95	0.00	0.00	2000
233	11.28	2056	2107	0.00	198	0	0	0	nan	0.00	0.00	5.67	83.46	88.72	0.00	38	0	42	0.00	0.00	64.26	7.79	0.00	0.00	2000
228	10.83	2106	2101	0.00	197	0	0	0	nan	0.00	0.03	4.44	84.82	89.17	0.00	39	0	42	0.00	0.00	66.54	7.60	0.00	0.00	2000
231	11.31	2048	2097	0.00	201	0	0	0	nan	0.00	0.00	5.36	83.32	88.69	0.00	39	0	42	0.00	0.00	65.79	7.67	0.00	0.00	2000
228	11.32	2044	2068	0.68	196	0	0	3	91.55	0.00	0.00	5.79	81.69	88.68	0.00	39	0	42	0.00	0.00	63.53	7.24	0.00	0.00	2000
228	10.85	2107	2094	0.07	198	0	0	0	nan	0.00	0.01	3.85	85.15	89.15	0.00	39	0	42	0.00	0.00	63.23	7.25	0.00	0.00	2000
229	11.00	2042	2143	0.00	215	0	0	0	nan	0.00	0.00	6.20	84.70	89.00	0.00	39	0	42	0.00	0.00	67.89	7.82	0.00	0.00	2000
228	11.11	2070	2083	0.00	198	0	0	0	nan	0.00	0.00	5.63	82.62	88.89	0.00	39	0	42	0.00	0.00	64.22	7.41	0.00	0.00	2000
235	10.88	2132	2127	0.00	203	0	0	0	nan	0.00	0.03	4.54	85.74	89.12	0.00	39	0	42	0.00	0.00	66.47	7.72	0.00	0.00	2000
228	10.93	2084	2099	0.00	196	0	0	0	nan	0.00	0.00	5.67	83.46	89.07	0.00	39	0	42	0.00	0.00	62.34	7.30	0.00	0.00	2000
226	11.09	2066	2067	0.00	199	0	0	0	nan	0.00	0.95	5.99	80.73	88.91	0.00	39	0	42	0.00	0.00	63.16	7.06	0.00	0.00	2000
228	11.09	2065	2088	0.00	198	0	0	0	nan	0.00	0.94	5.88	81.74	88.91	0.00	39	0	42	0.00	0.00	67.80	7.87	0.00	0.00	2000
232	10.99	2081	2132	0.00	197	0	0	0	nan	0.00	0.02	3.89	86.57	89.01	0.00	39	0	42	0.00	0.00	65.27	7.15	0.00	0.00	2000
228	11.29	2055	2067	0.00	204	0	0	0	nan	0.00	0.95	5.98	80.48	88.71	0.00	39	0	42	0.00	0.00	63.25	8.03	0.00	0.00	2000
228	10.71	2102	2132	0.00	214	0	0	0	nan	0.00	0.00	8.58	82.10	89.29	0.00	39	0	42	0.00	0.00	65.96	7.64	0.00	0.00	2000
230	11.34	2032	2098	0.00	195	0	0	0	nan	0.00	0.00	5.62	83.10	88.66	0.00	39	0	42	0.00	0.00	65.25	7.71	0.00	0.00	2000
225	11.33	2040	2039	0.00	199	0	0	0	nan	0.00	0.00	5.29	80.85	88.67	0.00	39	0	42	0.00	0.00	64.94	7.59	0.00	0.00	2000
235	10.99	2070	2173	0.00	214	0	0	0	nan	0.00	0.00	4.98	87.29	89.02	0.00	39	0	42	0.00	0.00	65.58	7.39	0.00	0.00	2000
226	11.55	2016	2037	0.00	203	0	0	0	nan	0.00	0.00	5.03	80.85	88.45	0.00	39	0	42	0.00	0.00	64.92	7.48	0.00	0.00	2000
231	10.92	2044	2169	0.00	215	0	0	0	nan	0.00	0.02	2.48	89.59	89.08	0.00	39	0	42	0.00	0.00	65.35	7.41	0.00	0.00	2000
224	11.37	2027	2037	0.00	198	0	0	1	87.69	0.00	0.52	2.87	82.70	88.63	0.00	39	0	42	0.00	0.00	64.43	7.40	0.00	0.00	2000
235	10.88	2132	2124	0.97	213	0	0	3	88.39	0.00	0.00	3.98	86.17	89.12	0.00	39	0	42	0.00	0.00	66.87	7.63	0.00	0.00	2000
229	10.54	2130	2147	0.00	218	0	0	0	nan	0.00	0.63	3.77	87.26	89.46	0.00	40	0	42	0.00	0.00	64.49	7.51	0.00	0.00	2000
224	11.60	1993	2031	0.00	198	0	0	0	nan	0.00	0.00	4.91	80.68	88.40	0.00	40	0	42	0.00	0.00	64.53	7.52	0.00	0.00	2000
240	11.28	2046	2180	0.00	216	0	0	0	nan	0.01	0.00	5.37	86.77	88.72	0.00	39	0	42	0.00	0.00	65.49	7.75	0.00	0.00	2000
228	11.26	2054	2071	0.00	199	0	0	0	nan	0.00	0.03	5.79	81.86	88.74	0.00	40	0	42	0.00	0.00	64.24	7.42	0.00	0.00	2000
234	11.16	2063	2136	0.00	204	0	0	0	nan	0.00	0.00	6.66	83.76	88.84	0.00	39	0	42	0.00	0.00	68.25	7.73	0.00	0.00	2000
228	11.20	2044	2094	0.00	199	0	0	0	nan	0.00	0.02	4.42	84.14	88.80	0.00	40	0	42	0.00	0.00	64.36	7.46	0.00	0.00	2000
223	11.06	2095	2022	0.00	196	0	0	0	nan	0.00	0.00	3.22	82.45	88.94	0.00	39	0	42	0.00	0.00	59.80	6.95	0.00	0.00	2000
230	10.74	2081	2159	0.00	217	0	0	0	nan	0.00	0.01	4.36	87.43	89.26	0.00	39	0	42	0.00	0.00	68.13	7.66	0.00	0.00	2000
228	11.21	2090	2044	0.00	202	0	0	0	nan	0.00	0.00	4.45	82.01	88.79	0.00	39	0	42	0.00	0.00	62.56	7.23	0.00	0.00	2000
232	10.48	2133	2182	0.00	214	0	0	0	nan	0.00	0.00	5.31	87.79	89.52	0.00	39	0	42	0.00	0.00	69.15	7.91	0.00	0.00	2000
228	11.12	2049	2105	0.00	199	0	0	0	nan	0.00	0.04	3.59	85.56	88.88	0.00	39	0	42	0.00	0.00	64.72	7.47	0.00	0.00	2000
229	10.98	2082	2101	0.00	197	0	0	0	nan	0.00	0.04	2.78	86.27	89.02	0.00	39	0	42	0.00	0.00	67.74	7.60	0.00	0.00	2000
232	11.25	2099	2063	0.00	200	0	0	0	nan	0.00	0.02	3.45	83.79	88.75	0.00	39	0	42	0.00	0.00	64.84	7.64	0.00	0.00	2000
226	10.60	2130	2102	0.00	217	0	0	0	nan	0.00	0.97	6.96	81.67	89.40	0.00	39	0	42	0.00	0.00	64.27	7.31	0.00	0.00	2000
228	11.54	2003	2068	0.00	199	0	0	0	nan	0.00	0.00	8.43	78.85	88.46	0.00	39	0	42	0.00	0.00	65.31	7.54	0.00	0.00	2000
224	11.12	2025	2092	0.37	215	0	0	1	85.34	0.00	0.00	3.83	84.77	88.88	0.00	39	0	42	0.00	0.00	64.87	7.42	0.00	0.00	2000
237	11.34	2059	2133	0.59	213	0	0	1	88.38	0.00	0.01	4.11	86.05	88.66	0.00	39	0	42	0.00	0.00	66.76	7.75	0.00	0.00	2000
224	10.74	2072	2112	0.00	217	0	0	0	nan	0.00	0.01	6.28	83.57	89.26	0.00	39	0	42	0.00	0.00	63.55	7.40	0.00	0.00	2000
225	11.41	2011	2060	0.00	195	0	0	0	nan	0.00	0.00	4.91	82.17	88.59	0.00	39	0	42	0.00	0.00	62.08	7.28	0.00	0.00	2000
232	10.94	2038	2183	0.00	216	0	0	0	nan	0.00	0.00	3.70	88.97	89.06	0.00	39	0	42	0.00	0.00	68.86	8.12	0.00	0.00	2000
229	10.94	2111	2079	0.00	198	0	0	0	nan	0.00	0.02	5.44	82.77	89.06	0.00	39	0	42	0.00	0.00	64.77	7.36	0.00	0.00	2000
232	11.29	2039	2121	0.00	201	0	0	0	nan	0.01	0.00	6.59	83.08	88.71	0.00	40	0	42	0.00	0.00	65.80	7.28	0.00	0.00	2000
229	11.16	2069	2081	0.00	198	0	0	0	nan	0.00	0.98	4.42	82.77	88.84	0.00	39	0	42	0.00	0.00	64.70	7.74	0.00	0.00	2000
226	10.86	2096	2089	0.00	196	0	0	0	nan	0.00	0.07	6.06	82.71	89.14	0.00	39	0	42	0.00	0.00	64.57	7.50	0.00	0.00	2000
227	11.24	2034	2084	0.00	198	0	0	0	nan	0.00	0.02	3.57	84.68	88.76	0.00	39	0	42	0.00	0.00	60.88	6.90	0.00	0.00	2000
232	11.23	2031	2139	0.00	214	0	0	0	nan	0.01	0.00	4.25	86.32	88.77	0.00	39	0	42	0.00	0.00	66.67	7.64	0.00	0.00	2000
229	10.95	2100	2090	0.00	202	0	0	0	nan	0.00	0.00	6.57	82.22	89.05	0.00	39	0	42	0.00	0.00	67.76	7.67	0.00	0.00	2000
227	11.26	2006	2113	0.00	196	0	0	0	nan	0.00	0.00	7.77	81.65	88.74	0.00	39	0	42	0.00	0.00	62.23	7.28	0.00	0.00	2000
225	11.05	2063	2075	0.00	198	0	0	0	nan	0.00	0.00	6.06	81.93	88.95	0.00	39	0	42	0.00	0.00	66.73	7.69	0.00	0.00	2000
227	11.10	2048	2101	0.00	197	0	0	0	nan	0.00	0.00	5.56	83.54	88.90	0.00	39	0	42	0.00	0.00	62.21	7.02	0.00	0.00	2000
234	11.19	2070	2121	0.00	196	0	0	0	nan	0.00	0.00	4.56	85.15	88.81	0.00	39	0	42	0.00	0.00	66.77	7.59	0.00	0.00	2000
239	11.71	2046	2094	0.00	201	0	0	0	nan	0.00	0.03	4.31	83.86	88.29	0.00	39	0	42	0.00	0.00	64.03	7.29	0.00	0.00	2000
231	11.05	2084	2107	0.47	196	0	0	8	86.56	0.00	0.02	3.50	85.72	88.95	0.00	39	0	42	0.00	0.00	65.94	7.44	0.00	0.00	2000
231	10.93	2113	2104	0.37	195	0	0	0	89.07	0.00	0.02	4.27	85.00	89.07	0.00	39	0	42	0.00	0.00	66.56	8.10	0.00	0.00	2000
227	10.92	2094	2083	0.00	200	0	0	0	nan	0.00	0.07	6.13	82.30	89.08	0.00	39	0	42	0.00	0.00	66.15	7.99	0.00	0.00	2000
234	11.02	2094	2125	0.00	198	0	0	0	nan	0.00	0.53	7.57	82.10	88.98	0.00	39	0	42	0.00	0.00	67.78	7.96	0.00	0.00	2000
231	10.70	2173	2090	0.00	205	0	0	0	nan	0.00	1.62	3.08	84.42	89.30	0.00	40	0	42	0.00	0.00	66.41	7.52	0.00	0.00	2000
226	11.27	2041	2066	0.00	196	0	0	0	nan	0.00	0.02	4.87	82.52	88.73	0.00	40	0	42	0.00	0.00	63.91	7.45	0.00	0.00	2000
226	11.32	2037	2062	0.00	197	0	0	0	nan	0.00	0.00	5.53	81.64	88.68	0.00	40	0	42	0.00	0.00	63.72	7.47	0.00	0.00	2000
234	11.00	2056	2175	0.00	217	0	0	0	nan	0.00	0.00	5.21	87.17	89.00	0.00	40	0	42	0.00	0.00	70.45	8.16	0.00	0.00	2000
231	11.30	2050	2093	0.00	198	0	0	0	nan	0.00	0.00	5.52	83.06	88.70	0.00	40	0	42	0.00	0.00	66.53	7.69	0.00	0.00	2000
228	11.01	2086	2087	0.00	201	0	0	0	nan	0.00	0.00	6.40	82.14	88.99	0.00	40	0	42	0.00	0.00	66.39	7.89	0.00	0.00	2000
227	10.99	2068	2097	0.00	198	0	0	0	nan	0.00	0.00	6.31	82.74	89.01	0.00	40	0	42	0.00	0.00	65.59	7.60	0.00	0.00	2000
231	10.93	2087	2123	0.00	199	0	0	0	nan	0.00	0.00	4.33	85.82	89.07	0.00	40	0	42	0.00	0.00	67.35	7.89	0.00	0.00	2000
224	11.55	2005	2030	0.00	195	0	0	0	nan	0.00	0.05	2.94	82.69	88.45	0.00	40	0	42	0.00	0.00	62.79	7.62	0.00	0.00	2000
232	11.14	2066	2120	0.00	215	0	0	0	nan	0.00	0.01	3.46	86.34	88.86	0.00	40	0	42	0.00	0.00	67.27	7.94	0.00	0.00	2000
233	10.83	2099	2152	0.00	218	0	0	0	nan	0.00	0.01	4.44	87.00	89.17	0.00	40	0	42	0.00	0.00	70.09	8.11	0.00	0.00	2000
230	11.50	2028	2075	0.00	215	0	0	0	nan	0.00	0.00	9.93	77.61	88.50	0.00	39	0	42	0.00	0.00	65.76	7.74	0.00	0.00	2000
227	11.35	2007	2088	0.00	197	0	0	0	nan	0.00	0.00	5.55	82.69	88.65	0.00	39	0	42	0.00	0.00	64.12	7.28	0.00	0.00	2000
231	11.54	2001	2105	0.54	215	0	0	3	85.94	0.00	0.00	4.49	84.26	88.46	0.00	39	0	42	0.00	0.00	65.49	7.59	0.00	0.00	2000
230	10.97	2105	2093	0.21	199	0	0	0	nan	0.00	0.00	6.82	82.00	89.03	0.00	39	0	42	0.00	0.00	65.15	8.08	0.00	0.00	2000
230	10.60	2131	2138	0.00	197	0	0	0	nan	0.00	0.00	5.14	85.94	89.40	0.00	39	0	42	0.00	0.00	65.89	7.48	0.00	0.00	2000
226	11.11	2051	2078	0.00	196	0	0	0	nan	0.00	0.01	3.54	84.58	88.89	0.00	39	0	42	0.00	0.00	63.45	7.40	0.00	0.00	2000
229	11.33	2031	2087	0.00	200	0	0	0	nan	0.00	0.00	4.99	83.25	88.67	0.00	38	0	42	0.00	0.00	63.59	7.48	0.00	0.00	2000
237	10.94	2110	2152	0.00	216	0	0	0	nan	0.00	0.00	7.31	83.96	89.06	0.00	39	0	42	0.00	0.00	68.40	8.07	0.00	0.00	2000
227	11.81	1936	2086	0.00	236	0	0	0	nan	0.00	0.06	7.39	80.29	88.19	0.00	38	0	42	0.00	0.00	65.51	7.65	0.00	0.00	2000
75	6.74	1123	2076	0.00	193	0	0	0	nan	0.00	0.00	3.19	89.09	93.26	0.00	37	0	42	0.00	0.00	57.36	7.44	0.00	0.00	2000
85	7.14	1169	2144	0.00	161	0	0	0	nan	0.00	0.01	3.55	91.25	92.86	0.00	37	0	42	0.00	0.00	62.22	7.80	0.00	0.00	2000
