Avg_MHz	Busy%	Bzy_MHz	TSC_MHz	IPC	IRQ	NMI	SMI	LLCMRPS	LLC%hit	POLL%	C1%	C1E%	C6%	CPU%c1	CPU%c6	CoreTmp	CoreThr	PkgTmp	Pkg%pc2	Pkg%pc6	PkgWatt	RAMWatt	PKG_%	RAM_%	UncMHz
180	11.79	1493	2147	0.00	251	0	0	0	nan	0.00	0.00	26.87	63.31	88.21	0.00	37	0	42	0.00	0.00	60.46	7.53	0.00	0.00	2000
397	18.00	2182	2121	0.00	196	0	0	0	nan	0.00	1.10	12.01	69.90	82.00	0.00	38	0	42	0.00	0.00	68.76	7.92	0.00	0.00	2000
244	13.40	1805	2117	0.00	236	0	0	0	nan	0.01	0.18	17.24	69.87	86.60	0.00	37	0	42	0.00	0.00	63.37	7.69	0.00	0.00	2000
73	6.54	1135	2078	0.00	193	0	0	0	nan	0.00	0.00	4.18	88.34	93.46	0.00	37	0	42	0.00	0.00	57.25	7.39	0.00	0.00	2000
76	6.76	1107	2120	0.00	194	0	0	0	nan	0.00	0.01	1.89	92.17	93.24	0.00	37	0	42	0.00	0.00	61.68	8.01	0.00	0.00	2000
72	6.65	1084	2102	0.00	193	0	0	0	nan	0.00	0.00	2.57	90.82	93.35	0.00	37	0	42	0.00	0.00	58.52	7.58	0.00	0.00	2000
73	6.29	1168	2084	0.00	194	0	0	0	nan	0.00	0.03	2.95	89.99	93.71	0.00	36	0	42	0.00	0.00	55.80	7.37	0.00	0.00	2000
73	6.65	1092	2100	0.00	193	0	0	0	nan	0.00	0.03	1.86	91.39	93.35	0.00	37	0	42	0.00	0.00	60.41	7.58	0.00	0.00	2000
76	6.77	1116	2105	0.00	198	0	0	0	nan	0.00	0.00	4.32	89.09	93.23	0.00	37	0	42	0.00	0.00	59.48	7.64	0.00	0.00	2000
72	6.60	1099	2088	0.00	194	0	0	0	nan	0.00	0.02	2.57	90.12	93.40	0.00	37	0	42	0.00	0.00	56.91	7.28	0.00	0.00	2000
73	6.73	1072	2127	0.00	209	0	0	0	nan	0.00	0.00	4.47	90.02	93.27	0.00	37	0	42	0.00	0.00	61.48	7.88	0.00	0.00	2000
74	6.53	1132	2106	0.00	178	0	0	0	nan	0.00	0.02	3.14	90.53	93.47	0.00	37	0	42	0.00	0.00	58.11	7.38	0.00	0.00	2000
73	6.56	1127	2069	0.00	194	0	0	0	nan	0.00	0.00	3.21	88.84	93.44	0.00	36	0	42	0.00	0.00	58.62	7.40	0.00	0.00	2000
72	6.50	1115	2097	0.00	193	0	0	0	nan	0.00	0.01	2.34	90.96	93.50	0.00	37	0	42	0.00	0.00	58.48	7.44	0.00	0.00	2000
72	6.73	1067	2119	0.00	194	0	0	0	nan	0.00	0.00	2.87	91.21	93.27	0.00	36	0	42	0.00	0.00	59.33	7.52	0.00	0.00	2000
72	6.61	1081	2107	0.00	195	0	0	1	87.17	0.00	0.02	2.91	90.84	93.39	0.00	37	0	42	0.00	0.00	57.76	7.05	0.00	0.00	2000
74	6.53	1134	2087	0.29	193	0	0	2	87.05	0.00	0.00	2.63	90.22	93.47	0.00	36	0	42	0.00	0.00	60.71	7.71	0.00	0.00	2000
71	6.51	1088	2114	0.00	211	0	0	0	nan	0.00	0.00	3.62	90.53	93.49	0.00	37	0	42	0.00	0.00	58.44	7.46	0.00	0.00	2000
118	8.34	1453	2047	0.00	196	0	0	0	nan	0.00	0.00	5.94	83.38	91.66	0.00	38	0	42	0.00	0.00	50.11	6.33	0.00	0.00	2000
235	11.18	2041	2160	0.00	283	0	0	0	nan	0.00	0.41	8.47	82.61	88.82	0.00	39	0	42	0.00	0.00	76.61	8.83	0.00	0.00	2000
230	11.12	2063	2106	0.00	199	0	0	0	nan	0.00	0.00	5.49	83.67	88.88	0.00	39	0	42	0.00	0.00	67.23	7.94	0.00	0.00	2000
231	10.91	2118	2102	0.00	197	0	0	0	nan	0.00	0.02	5.91	83.38	89.09	0.00	39	0	42	0.00	0.00	63.90	7.32	0.00	0.00	2000
236	11.28	2096	2093	0.00	201	0	0	0	nan	0.00	0.02	6.11	82.42	88.72	0.00	38	0	42	0.00	0.00	65.10	7.55	0.00	0.00	2000
226	10.53	2165	2079	0.00	196	0	0	0	nan	0.00	0.00	6.02	82.60	89.47	0.00	37	0	42	0.00	0.00	66.21	7.90	0.00	0.00	2000
238	11.22	2095	2126	0.00	198	0	0	0	nan	0.00	0.03	3.93	86.00	88.78	0.00	37	0	42	0.00	0.00	65.88	7.64	0.00	0.00	2000
232	11.25	2066	2093	0.00	200	0	0	0	nan	0.00	0.54	6.52	81.59	88.75	0.00	37	0	42	0.00	0.00	66.95	7.93	0.00	0.00	2000
231	11.08	2087	2098	0.00	198	0	0	0	nan	0.01	0.01	2.91	85.93	88.92	0.00	37	0	42	0.00	0.00	66.79	7.90	0.00	0.00	2000
234	11.41	2044	2109	0.00	202	0	0	0	nan	0.01	0.02	2.49	86.54	88.59	0.00	37	0	42	0.00	0.00	65.60	7.59	0.00	0.00	2000
229	11.06	2083	2086	0.00	198	0	0	0	nan	0.00	0.04	5.50	82.94	88.94	0.00	37	0	42	0.00	0.00	63.79	7.47	0.00	0.00	2000
230	10.66	2159	2102	0.00	197	0	0	0	nan	0.00	0.01	5.11	84.30	89.34	0.00	38	0	42	0.00	0.00	66.36	7.59	0.00	0.00	2000
229	11.08	2090	2074	0.00	197	0	0	0	nan	0.00	0.00	4.09	83.74	88.92	0.00	38	0	42	0.00	0.00	62.31	7.18	0.00	0.00	2000
234	11.16	2064	2137	0.00	212	0	0	0	nan	0.00	0.02	4.51	85.96	88.84	0.00	38	0	42	0.00	0.00	70.04	8.00	0.00	0.00	2000
232	11.11	2085	2101	0.00	202	0	0	9	95.34	0.00	0.00	5.28	83.75	88.89	0.00	38	0	42	0.00	0.00	65.46	7.40	0.00	0.00	2000
229	10.98	2085	2102	0.67	196	0	0	11	96.77	0.00	0.00	6.78	82.43	89.02	0.00	38	0	42	0.00	0.00	65.40	7.36	0.00	0.00	2000
232	11.07	2088	2106	0.00	195	0	0	0	nan	0.00	0.00	4.45	84.90	88.93	0.00	39	0	42	0.00	0.00	65.75	7.56	0.00	0.00	2000
232	11.25	2067	2092	0.00	197	0	0	0	nan	0.00	0.01	5.65	82.85	88.75	0.00	39	0	42	0.00	0.00	65.63	7.39	0.00	0.00	2000
234	11.25	2108	2073	0.00	198	0	0	0	nan	0.01	0.01	4.41	83.27	88.75	0.00	37	0	42	0.00	0.00	63.85	7.55	0.00	0.00	2000
230	11.02	2051	2134	0.00	215	0	0	0	nan	0.00	0.00	6.71	83.75	88.98	0.00	38	0	42	0.00	0.00	68.82	7.75	0.00	0.00	2000
232	11.45	2031	2095	0.00	197	0	0	0	nan	0.00	0.44	5.89	82.14	88.55	0.00	38	0	42	0.00	0.00	65.40	7.52	0.00	0.00	2000
232	11.09	2099	2090	0.00	195	0	0	0	nan	0.00	0.00	5.69	82.76	88.91	0.00	39	0	42	0.00	0.00	65.74	7.44	0.00	0.00	2000
233	11.04	2090	2120	0.00	196	0	0	0	nan	0.00	0.00	5.16	84.72	88.96	0.00	39	0	42	0.00	0.00	66.78	7.62	0.00	0.00	2000
231	11.27	2069	2084	0.00	197	0	0	0	nan	0.00	0.02	5.80	82.33	88.73	0.00	38	0	42	0.00	0.00	64.15	7.32	0.00	0.00	2000
232	11.37	2029	2113	0.00	198	0	0	0	nan	0.00	0.00	6.50	82.74	88.63	0.00	38	0	42	0.00	0.00	67.98	7.65	0.00	0.00	2000
231	11.33	2036	2100	0.00	198	0	0	0	nan	0.01	0.00	6.81	81.94	88.67	0.00	39	0	42	0.00	0.00	63.57	7.19	0.00	0.00	2000
231	10.92	2115	2102	0.00	197	0	0	0	nan	0.00	0.00	5.95	83.32	89.08	0.00	39	0	42	0.00	0.00	66.69	7.72	0.00	0.00	2000
230	11.03	2100	2084	0.00	183	0	0	0	nan	0.00	0.00	4.29	84.12	88.97	0.00	39	0	42	0.00	0.00	63.14	7.43	0.00	0.00	2000
227	11.16	2081	2050	0.00	216	0	0	0	nan	0.00	0.04	3.22	83.59	88.84	0.00	37	0	42	0.00	0.00	57.85	6.68	0.00	0.00	2000
232	10.79	2067	2184	0.00	256	0	0	0	nan	0.00	0.02	5.64	87.19	89.21	0.00	39	0	42	0.00	0.00	77.81	8.89	0.00	0.00	2000
233	11.05	2118	2095	0.00	199	0	0	0	nan	0.00	1.05	6.02	81.78	88.95	0.00	40	0	42	0.00	0.00	65.74	7.80	0.00	0.00	2000
234	11.55	2028	2100	0.51	279	0	0	12	75.35	0.01	0.01	6.20	82.30	88.45	0.00	38	0	42	0.00	0.00	65.76	7.63	0.00	0.00	2000
212	10.85	1957	2099	0.21	202	0	0	0	nan	0.00	0.49	6.11	82.63	89.15	0.00	39	0	42	0.00	0.00	63.61	7.71	0.00	0.00	2000
123	8.16	1528	2074	0.00	226	0	0	0	nan	0.00	1.18	9.25	80.56	91.84	0.00	37	0	42	0.00	0.00	58.87	7.10	0.00	0.00	2000
78	7.27	1066	2126	0.00	210	0	0	0	nan	0.00	0.03	5.25	88.66	92.73	0.00	37	0	42	0.00	0.00	58.80	7.45	0.00	0.00	2000
73	6.77	1086	2086	0.00	177	0	0	0	nan	0.00	0.00	3.17	89.57	93.23	0.00	37	0	42	0.00	0.00	59.86	7.68	0.00	0.00	2000
72	6.79	1072	2084	0.00	194	0	0	0	nan	0.00	0.00	2.95	89.57	93.21	0.00	37	0	42	0.00	0.00	57.34	7.28	0.00	0.00	2000
75	7.21	1028	2123	0.00	194	0	0	0	nan	0.00	0.00	4.92	88.96	92.79	0.00	37	0	42	0.00	0.00	59.94	7.58	0.00	0.00	2000
