Avg_MHz	Busy%	Bzy_MHz	TSC_MHz	IPC	IRQ	NMI	SMI	LLCMRPS	LLC%hit	POLL%	C1%	C1E%	C6%	CPU%c1	CPU%c6	CoreTmp	CoreThr	PkgTmp	Pkg%pc2	Pkg%pc6	PkgWatt	RAMWatt	PKG_%	RAM_%	UncMHz
309	15.94	1919	2122	0.00	223	0	0	0	nan	0.00	0.47	29.94	54.65	84.06	0.00	37	0	42	0.00	0.00	67.09	7.98	0.00	0.00	2000
310	15.59	1950	2138	0.00	212	0	0	0	nan	0.05	0.84	16.54	68.68	84.41	0.00	37	0	42	0.00	0.00	66.50	7.71	0.00	0.00	2000
78	6.77	1136	2124	0.00	210	0	0	0	nan	0.00	0.00	6.08	88.14	93.23	0.00	37	0	42	0.00	0.00	58.97	7.37	0.00	0.00	2000
73	6.72	1086	2086	0.00	196	0	0	0	nan	0.00	0.00	4.10	88.63	93.28	0.00	37	0	42	0.00	0.00	59.33	7.53	0.00	0.00	2000
74	6.66	1100	2113	0.00	194	0	0	0	nan	0.00	0.02	3.46	90.57	93.34	0.00	37	0	42	0.00	0.00	59.10	7.32	0.00	0.00	2000
77	6.97	1099	2100	0.00	209	0	0	0	nan	0.00	0.00	6.49	86.49	93.03	0.00	37	0	42	0.00	0.00	61.31	7.87	0.00	0.00	2000
74	6.77	1088	2104	0.00	194	0	0	0	nan	0.00	0.01	3.97	89.50	93.23	0.00	37	0	42	0.00	0.00	59.34	7.53	0.00	0.00	2000
72	6.67	1088	2095	0.00	193	0	0	0	nan	0.00	0.00	3.13	89.97	93.33	0.00	37	0	42	0.00	0.00	56.56	7.33	0.00	0.00	2000
73	6.68	1090	2100	0.00	194	0	0	0	nan	0.00	0.00	2.63	90.59	93.32	0.00	37	0	42	0.00	0.00	61.13	7.90	0.00	0.00	2000
71	6.65	1070	2095	0.00	193	0	0	0	nan	0.00	0.00	2.65	90.56	93.35	0.00	37	0	42	0.00	0.00	59.22	7.49	0.00	0.00	2000
73	6.46	1136	2089	0.00	193	0	0	0	nan	0.00	0.00	2.64	90.29	93.54	0.00	37	0	42	0.00	0.00	56.89	7.21	0.00	0.00	2000
73	6.48	1130	2101	0.00	195	0	0	0	nan	0.00	0.00	4.31	89.25	93.52	0.00	37	0	42	0.00	0.00	59.50	7.55	0.00	0.00	2000
74	6.90	1064	2113	0.00	193	0	0	0	nan	0.00	0.00	4.22	89.60	93.10	0.00	37	0	42	0.00	0.00	59.08	7.55	0.00	0.00	2000
72	6.52	1104	2106	0.00	193	0	0	0	nan	0.00	0.00	3.53	90.10	93.48	0.00	37	0	42	0.00	0.00	59.13	7.56	0.00	0.00	2000
73	6.61	1105	2097	0.00	194	0	0	0	nan	0.00	0.02	3.81	89.50	93.39	0.00	37	0	42	0.00	0.00	60.58	7.76	0.00	0.00	2000
72	6.83	1053	2098	0.00	194	0	0	1	87.80	0.00	0.00	3.30	89.81	93.17	0.00	37	0	42	0.00	0.00	58.68	7.62	0.00	0.00	2000
73	6.79	1074	2098	0.30	194	0	0	2	86.99	0.00	0.00	3.25	89.86	93.21	0.00	37	0	42	0.00	0.00	56.76	7.42	0.00	0.00	2000
71	6.65	1070	2102	0.08	193	0	0	0	nan	0.00	0.00	2.50	91.07	93.35	0.00	37	0	42	0.00	0.00	59.75	7.62	0.00	0.00	2000
170	9.56	1801	2073	0.00	204	0	0	0	nan	0.00	0.80	6.39	82.15	90.44	0.00	38	0	42	0.00	0.00	63.11	7.65	0.00	0.00	2000
232	10.93	2103	2117	0.00	197	0	0	0	nan	0.00	0.07	3.52	86.32	89.07	0.00	39	0	42	0.00	0.00	65.67	7.48	0.00	0.00	2000
233	11.08	2103	2104	0.00	217	0	0	0	nan	0.00	0.07	4.16	84.96	88.92	0.00	39	0	42	0.00	0.00	67.50	7.75	0.00	0.00	2000
228	11.00	2093	2078	0.00	180	0	0	0	nan	0.00	1.02	3.44	83.76	89.00	0.00	39	0	42	0.00	0.00	62.36	7.33	0.00	0.00	2000
236	11.28	2110	2083	0.00	212	0	0	0	nan	0.00	0.93	7.42	79.74	88.72	0.00	38	0	42	0.00	0.00	63.90	7.38	0.00	0.00	2000
233	11.09	2056	2143	0.00	198	0	0	0	nan	0.00	0.00	6.78	84.04	88.91	0.00	38	0	42	0.00	0.00	71.50	8.07	0.00	0.00	2000
230	11.98	2027	1989	0.00	198	0	0	0	nan	0.00	0.00	4.15	79.32	88.02	0.00	37	0	43	0.00	0.00	60.23	7.38	0.00	0.00	2000
233	10.61	2068	2230	0.00	233	0	0	0	nan	0.00	0.01	7.21	87.82	89.39	0.00	37	0	42	0.00	0.00	73.15	8.50	0.00	0.00	2000
231	11.08	2091	2097	0.00	195	0	0	0	nan	0.00	0.00	6.41	82.47	88.92	0.00	38	0	42	0.00	0.00	66.57	7.86	0.00	0.00	2000
228	11.20	2065	2069	0.00	200	0	0	0	nan	0.00	0.00	6.37	81.13	88.80	0.00	38	0	42	0.00	0.00	64.10	7.46	0.00	0.00	2000
234	10.92	2108	2137	0.00	197	0	0	0	nan	0.00	0.00	5.44	85.29	89.08	0.00	38	0	42	0.00	0.00	66.51	7.59	0.00	0.00	2000
229	10.93	2124	2068	0.00	196	0	0	0	nan	0.01	0.00	6.09	81.71	89.07	0.00	38	0	42	0.00	0.00	65.89	7.02	0.00	0.00	2000
235	11.02	2100	2130	0.00	201	0	0	0	nan	0.00	0.00	6.16	84.21	89.00	0.00	39	0	42	0.00	0.00	66.46	7.80	0.00	0.00	2000
230	11.11	2075	2095	0.00	199	0	0	0	nan	0.00	0.94	4.87	82.95	88.89	0.00	38	0	42	0.00	0.00	65.95	7.59	0.00	0.00	2000
229	11.10	2063	2104	0.00	195	0	0	2	86.36	0.00	0.97	7.36	80.90	88.90	0.00	38	0	42	0.00	0.00	65.64	7.52	0.00	0.00	2000
230	11.19	2061	2094	0.61	196	0	0	22	81.64	0.00	0.48	6.36	81.91	88.81	0.00	38	0	42	0.00	0.00	65.90	7.51	0.00	0.00	2000
229	10.73	2119	2111	0.00	202	0	0	0	nan	0.00	0.00	5.07	84.75	89.27	0.00	39	0	42	0.00	0.00	65.55	7.63	0.00	0.00	2000
231	11.05	2102	2090	0.00	213	0	0	0	nan	0.00	0.01	3.50	85.11	88.95	0.00	40	0	42	0.00	0.00	65.21	7.38	0.00	0.00	2000
233	11.25	2049	2117	0.00	202	0	0	0	nan	0.00	0.00	2.48	87.10	88.75	0.00	40	0	42	0.00	0.00	65.95	7.47	0.00	0.00	2000
229	10.96	2098	2092	0.00	200	0	0	0	nan	0.00	0.00	3.46	85.27	89.04	0.00	40	0	42	0.00	0.00	64.97	7.53	0.00	0.00	2000
225	10.95	2083	2069	0.00	203	0	0	0	nan	0.00	0.02	3.30	84.57	89.05	0.00	41	0	42	0.00	0.00	64.68	7.37	0.00	0.00	2000
233	11.09	2085	2114	0.00	204	0	0	0	nan	0.00	0.00	3.86	85.69	88.91	0.00	40	0	42	0.00	0.00	66.57	7.58	0.00	0.00	2000
232	11.11	2075	2115	0.00	231	0	0	0	nan	0.00	0.02	3.08	86.58	88.90	0.00	40	0	42	0.00	0.00	67.95	7.87	0.00	0.00	2000
225	10.92	2082	2076	0.00	202	0	0	0	nan	0.00	0.01	3.07	85.01	89.08	0.00	41	0	42	0.00	0.00	65.83	7.60	0.00	0.00	2000
233	11.56	1990	2127	0.00	219	0	0	0	nan	0.00	0.00	4.11	85.61	88.44	0.00	40	0	42	0.00	0.00	68.09	7.81	0.00	0.00	2000
231	11.14	2079	2097	0.00	204	0	0	0	nan	0.00	0.02	5.20	83.67	88.86	0.00	41	0	42	0.00	0.00	63.29	7.00	0.00	0.00	2000
232	11.43	2032	2101	0.00	213	0	0	0	nan	0.00	0.00	4.78	83.93	88.57	0.00	40	0	42	0.00	0.00	64.65	7.48	0.00	0.00	2000
235	11.37	2070	2101	0.00	202	0	0	0	nan	0.00	0.00	5.64	83.09	88.63	0.00	39	0	42	0.00	0.00	66.29	7.59	0.00	0.00	2000
236	11.18	2114	2098	0.00	195	0	0	0	nan	0.00	0.02	8.10	80.71	88.82	0.00	38	0	42	0.00	0.00	67.17	7.82	0.00	0.00	2000
224	11.10	2019	2100	0.00	197	0	0	0	nan	0.00	0.01	6.88	82.25	88.90	0.00	39	0	42	0.00	0.00	62.48	7.40	0.00	0.00	2000
223	10.91	2037	2104	0.00	195	0	0	0	nan	0.00	0.00	6.65	82.72	89.09	0.00	40	0	42	0.00	0.00	65.37	7.67	0.00	0.00	2000
221	11.28	2082	1975	0.00	196	0	0	3	80.56	0.02	0.87	7.25	75.46	88.72	0.00	40	0	42	0.00	0.00	62.31	7.23	0.00	0.00	2000
226	10.35	2055	2236	0.95	197	0	0	9	80.65	0.00	0.01	8.20	87.43	89.65	0.00	40	0	42	0.00	0.00	68.88	7.96	0.00	0.00	2000
224	10.75	2088	2097	0.00	198	0	0	0	nan	0.00	0.02	6.11	83.04	89.25	0.00	40	0	42	0.00	0.00	64.42	7.53	0.00	0.00	2000
223	10.88	2049	2102	0.00	195	0	0	0	nan	0.00	0.00	5.01	84.36	89.12	0.00	40	0	42	0.00	0.00	66.81	7.53	0.00	0.00	2000
223	10.83	2068	2092	0.00	196	0	0	0	nan	0.04	0.01	6.80	82.16	89.17	0.00	40	0	42	0.00	0.00	62.39	7.67	0.00	0.00	2000
224	11.15	2004	2103	0.00	196	0	0	0	nan	0.00	0.02	6.20	83.00	88.85	0.00	40	0	42	0.00	0.00	65.41	7.59	0.00	0.00	2000
218	11.28	2078	1953	0.00	183	0	0	0	nan	0.01	0.00	6.17	76.51	88.72	0.00	40	0	43	0.00	0.00	58.75	7.01	0.00	0.00	2000
226	10.50	2000	2263	0.00	212	0	0	0	nan	0.01	0.00	7.86	88.76	89.50	0.00	40	0	42	0.00	0.00	71.49	8.42	0.00	0.00	2000
222	10.53	2115	2098	0.00	196	0	0	0	nan	0.00	0.02	6.58	82.82	89.47	0.00	40	0	42	0.00	0.00	63.93	7.50	0.00	0.00	2000
219	11.02	2112	1972	0.00	195	0	0	0	nan	0.00	0.01	6.21	77.41	88.98	0.00	40	0	42	0.00	0.00	62.01	7.03	0.00	0.00	2000
230	10.51	2051	2238	0.00	194	0	0	0	nan	0.03	0.59	3.23	91.80	89.49	0.00	40	0	42	0.00	0.00	68.76	8.43	0.00	0.00	2000
220	10.75	2053	2098	0.00	215	0	0	0	nan	0.00	0.00	4.65	84.62	89.25	0.00	40	0	42	0.00	0.00	63.10	7.26	0.00	0.00	2000
221	10.82	2046	2099	0.00	195	0	0	0	nan	0.00	0.00	6.64	82.67	89.18	0.00	40	0	42	0.00	0.00	64.84	7.70	0.00	0.00	2000
223	10.79	2065	2099	0.00	195	0	0	0	nan	0.00	0.02	7.37	81.86	89.21	0.00	40	0	42	0.00	0.00	64.55	7.71	0.00	0.00	2000
223	10.85	2061	2098	0.00	194	0	0	0	nan	0.00	0.04	6.28	82.85	89.15	0.00	40	0	42	0.00	0.00	65.02	7.81	0.00	0.00	2000
228	11.22	2024	2106	0.00	202	0	0	0	nan	0.06	0.02	8.11	81.06	88.78	0.00	40	0	42	0.00	0.00	66.31	7.70	0.00	0.00	2000
214	11.64	2078	1855	0.00	181	0	0	0	nan	0.00	0.00	7.04	71.18	88.36	0.00	38	0	42	0.00	0.00	53.25	6.33	0.00	0.00	2000
239	10.53	2001	2377	0.00	229	0	0	3	81.37	0.00	0.00	7.58	93.77	89.47	0.00	37	0	42	0.00	0.00	75.69	8.87	0.00	0.00	2000
230	11.26	2040	2101	1.01	199	0	0	9	81.89	0.00	0.00	6.13	82.73	88.74	0.00	37	0	42	0.00	0.00	65.42	7.67	0.00	0.00	2000
237	11.63	2028	2107	0.00	197	0	0	0	nan	0.00	0.00	8.11	80.63	88.37	0.00	37	0	42	0.00	0.00	66.26	7.70	0.00	0.00	2000
231	11.05	2096	2096	0.00	197	0	0	0	nan	0.00	0.01	7.54	81.41	88.95	0.00	37	0	42	0.00	0.00	63.23	7.49	0.00	0.00	2000
232	11.33	2051	2098	0.00	195	0	0	0	nan	0.06	0.00	7.52	81.15	88.67	0.00	37	0	42	0.00	0.00	64.55	7.48	0.00	0.00	2000
229	11.26	2039	2099	0.00	195	0	0	0	nan	0.00	0.00	7.25	81.55	88.74	0.00	37	0	42	0.00	0.00	65.20	7.48	0.00	0.00	2000
231	11.30	2041	2103	0.00	197	0	0	0	nan	0.00	0.02	4.69	84.26	88.70	0.00	37	0	42	0.00	0.00	64.87	7.73	0.00	0.00	2000
230	10.79	2138	2098	0.00	199	0	0	0	nan	0.00	0.07	3.30	85.79	89.21	0.00	37	0	42	0.00	0.00	65.46	7.68	0.00	0.00	2000
242	11.66	2077	2102	0.00	199	0	0	0	nan	0.03	0.02	3.92	84.62	88.34	0.00	37	0	42	0.00	0.00	65.93	7.82	0.00	0.00	2000
231	11.16	2070	2101	0.00	181	0	0	0	nan	0.00	0.00	7.30	81.69	88.84	0.00	37	0	42	0.00	0.00	63.54	7.56	0.00	0.00	2000
232	10.89	2130	2102	0.00	192	0	0	0	nan	0.00	0.46	8.39	80.48	89.11	0.00	37	0	42	0.00	0.00	66.12	7.37	0.00	0.00	2000
230	11.20	2058	2097	0.00	199	0	0	0	nan	0.00	0.02	6.75	82.09	88.80	0.00	38	0	42	0.00	0.00	63.18	7.79	0.00	0.00	2000
231	11.03	2099	2098	0.00	196	0	0	0	nan	0.00	0.00	6.37	82.55	88.97	0.00	37	0	42	0.00	0.00	63.13	7.63	0.00	0.00	2000
235	11.33	2070	2101	0.00	180	0	0	0	nan	0.00	0.02	6.24	82.52	88.67	0.00	37	0	42	0.00	0.00	67.40	7.97	0.00	0.00	2000
238	11.51	2064	2105	0.00	200	0	0	0	nan	0.04	0.00	10.57	78.26	88.49	0.00	37	0	42	0.00	0.00	63.71	7.52	0.00	0.00	2000
231	11.20	2065	2098	0.00	198	0	0	0	nan	0.00	0.00	8.38	80.46	88.80	0.00	37	0	42	0.00	0.00	66.14	7.81	0.00	0.00	2000
232	11.26	2069	2095	0.00	196	0	0	0	nan	0.00	0.02	6.70	81.87	88.74	0.00	37	0	42	0.00	0.00	62.78	7.51	0.00	0.00	2000
231	11.11	2073	2103	0.00	180	0	0	0	nan	0.01	0.00	6.35	82.71	88.89	0.00	38	0	42	0.00	0.00	66.76	7.96	0.00	0.00	2000
231	11.19	2064	2101	0.50	196	0	0	10	80.57	0.01	0.00	7.05	81.95	88.81	0.00	38	0	42	0.00	0.00	62.69	7.31	0.00	0.00	2000
232	11.71	2051	2030	0.53	197	0	0	0	nan	0.00	0.05	8.18	77.31	88.29	0.00	37	0	42	0.00	0.00	63.67	7.52	0.00	0.00	2000
234	10.88	2078	2171	0.00	199	0	0	0	nan	0.00	0.00	7.38	84.76	89.12	0.00	37	0	42	0.00	0.00	68.43	8.16	0.00	0.00	2000
230	11.31	2033	2096	0.00	198	0	0	0	nan	0.00	2.12	4.43	82.23	88.69	0.00	37	0	42	0.00	0.00	62.43	7.36	0.00	0.00	2000
231	11.45	2012	2106	0.00	196	0	0	0	nan	0.00	0.09	3.23	85.64	88.55	0.00	37	0	42	0.00	0.00	64.95	7.84	0.00	0.00	2000
231	10.95	2106	2100	0.00	197	0	0	0	nan	0.00	0.52	6.66	82.00	89.05	0.00	38	0	42	0.00	0.00	66.11	7.67	0.00	0.00	2000
231	11.07	2091	2098	0.00	199	0	0	0	nan	0.00	0.03	4.99	83.85	88.93	0.00	38	0	42	0.00	0.00	61.70	7.37	0.00	0.00	2000
233	10.99	2122	2100	0.00	200	0	0	0	nan	0.00	0.02	5.65	83.35	89.01	0.00	37	0	42	0.00	0.00	66.78	8.08	0.00	0.00	2000
232	11.19	2100	2073	0.00	180	0	0	0	nan	0.00	0.00	7.13	80.65	88.81	0.00	37	0	42	0.00	0.00	62.67	7.38	0.00	0.00	2000
231	11.13	2048	2132	0.00	198	0	0	0	nan	0.00	0.00	8.25	82.11	88.87	0.00	37	0	42	0.00	0.00	66.35	7.91	0.00	0.00	2000
230	11.24	2050	2094	0.00	195	0	0	0	nan	0.00	0.00	6.86	81.78	88.76	0.00	37	0	42	0.00	0.00	64.33	7.79	0.00	0.00	2000
229	11.59	2037	2033	0.00	196	0	0	0	nan	0.00	0.00	5.63	80.14	88.41	0.00	38	0	42	0.00	0.00	62.70	7.49	0.00	0.00	2000
236	10.99	2074	2169	0.00	195	0	0	0	nan	0.00	0.00	7.18	84.82	89.01	0.00	37	0	42	0.00	0.00	68.04	8.02	0.00	0.00	2000
230	11.18	2056	2099	0.00	200	0	0	0	nan	0.00	0.00	6.81	81.97	88.82	0.00	38	0	42	0.00	0.00	63.14	7.48	0.00	0.00	2000
233	11.19	2072	2108	0.00	196	0	0	0	nan	0.00	0.00	8.04	81.06	88.81	0.00	37	0	42	0.00	0.00	65.94	7.89	0.00	0.00	2000
230	10.96	2106	2093	0.00	195	0	0	0	nan	0.00	0.00	7.36	81.45	89.04	0.00	37	0	42	0.00	0.00	65.05	7.81	0.00	0.00	2000
228	11.53	2034	2045	0.00	193	0	0	0	nan	0.00	0.02	6.21	80.02	88.47	0.00	38	0	42	0.00	0.00	62.65	7.61	0.00	0.00	2000
233	11.31	2009	2151	0.13	195	0	0	8	81.05	0.00	0.00	7.06	83.97	88.69	0.00	37	0	42	0.00	0.00	64.57	7.79	0.00	0.00	2000
233	11.24	2068	2104	0.82	204	0	0	4	85.29	0.00	0.04	5.44	83.52	88.76	0.00	38	0	42	0.00	0.00	65.01	7.70	0.00	0.00	2000
232	11.21	2059	2109	0.00	196	0	0	0	nan	0.00	0.00	6.74	82.39	88.79	0.00	37	0	42	0.00	0.00	66.90	7.96	0.00	0.00	2000
232	10.99	2116	2099	0.00	196	0	0	0	nan	0.00	0.44	7.29	81.34	89.01	0.00	37	0	42	0.00	0.00	63.83	7.56	0.00	0.00	2000
228	11.14	2153	2000	0.00	200	0	0	0	nan	0.00	0.01	6.58	78.05	88.86	0.00	37	0	42	0.00	0.00	61.90	7.33	0.00	0.00	2000
234	11.15	1998	2202	0.00	198	0	0	0	nan	0.01	0.00	7.89	85.51	88.85	0.00	37	0	42	0.00	0.00	68.10	8.22	0.00	0.00	2000
233	11.51	2029	2096	0.00	202	0	0	0	nan	0.04	0.01	8.43	80.03	88.49	0.00	38	0	42	0.00	0.00	65.08	7.79	0.00	0.00	2000
231	11.28	2046	2104	0.00	197	0	0	0	nan	0.00	0.08	6.84	82.16	88.72	0.00	37	0	42	0.00	0.00	65.29	7.72	0.00	0.00	2000
230	11.27	2038	2104	0.00	194	0	0	0	nan	0.00	0.00	7.31	81.75	88.73	0.00	37	0	42	0.00	0.00	62.88	7.60	0.00	0.00	2000
231	11.20	2070	2096	0.00	195	0	0	0	nan	0.00	0.00	5.50	83.26	88.80	0.00	38	0	42	0.00	0.00	65.22	7.78	0.00	0.00	2000
229	11.36	2017	2102	0.00	196	0	0	0	nan	0.00	0.00	6.40	82.56	88.64	0.00	38	0	42	0.00	0.00	66.56	7.90	0.00	0.00	2000
233	11.35	2054	2096	0.00	180	0	0	0	nan	0.00	0.01	6.67	81.93	88.65	0.00	38	0	42	0.00	0.00	62.72	7.44	0.00	0.00	2000
232	11.02	2095	2107	0.00	200	0	0	0	nan	0.00	0.00	6.78	82.47	88.98	0.00	38	0	42	0.00	0.00	66.94	8.01	0.00	0.00	2000
230	11.00	2167	2027	0.00	197	0	0	0	nan	0.00	0.02	6.03	79.85	89.00	0.00	38	0	42	0.00	0.00	59.87	7.00	0.00	0.00	2000
231	10.95	2040	2176	0.00	197	0	0	0	nan	0.00	0.00	6.46	85.93	89.05	0.00	37	0	43	0.00	0.00	69.21	8.09	0.00	0.00	2000
232	11.40	2034	2098	0.00	195	0	0	0	nan	0.00	2.16	3.99	82.64	88.60	0.00	38	0	42	0.00	0.00	65.11	7.83	0.00	0.00	2000
230	11.42	2017	2099	0.00	197	0	0	0	nan	0.00	0.02	3.72	85.05	88.58	0.00	37	0	42	0.00	0.00	62.50	7.55	0.00	0.00	2000
234	11.23	2083	2100	0.00	199	0	0	4	75.74	0.00	0.00	5.21	83.63	88.77	0.00	37	0	42	0.00	0.00	66.43	7.95	0.00	0.00	2000
232	11.24	2063	2099	0.99	195	0	0	9	83.19	0.00	0.00	8.07	80.85	88.76	0.00	38	0	42	0.00	0.00	63.97	7.63	0.00	0.00	2000
230	11.24	2088	2057	0.00	180	0	0	0	nan	0.00	0.00	7.99	79.04	88.76	0.00	38	0	42	0.00	0.00	61.24	7.36	0.00	0.00	2000
229	11.07	2035	2131	0.00	195	0	0	0	nan	0.00	0.00	7.43	82.97	88.93	0.00	38	0	42	0.00	0.00	69.45	8.92	0.00	0.00	2000
230	11.42	2008	2102	0.00	198	0	0	0	nan	0.00	0.02	5.67	83.15	88.58	0.00	38	0	42	0.00	0.00	66.17	8.82	0.00	0.00	2000
231	11.51	2014	2091	0.00	196	0	0	0	nan	0.00	0.00	8.04	80.24	88.49	0.00	38	0	42	0.00	0.00	66.05	8.88	0.00	0.00	2000
230	11.02	2072	2113	0.00	200	0	0	0	nan	0.00	0.00	6.87	82.73	88.98	0.00	38	0	42	0.00	0.00	66.84	8.74	0.00	0.00	2000
228	11.29	2026	2094	0.00	196	0	0	0	nan	0.00	0.00	7.37	81.30	88.71	0.00	38	0	42	0.00	0.00	66.02	8.76	0.00	0.00	2000
236	11.76	1997	2108	0.00	200	0	0	0	nan	0.00	0.00	8.01	80.79	88.24	0.00	38	0	42	0.00	0.00	66.78	8.70	0.00	0.00	2000
229	11.10	2073	2091	0.00	196	0	0	0	nan	0.00	0.02	8.18	80.38	88.90	0.00	38	0	42	0.00	0.00	66.47	8.63	0.00	0.00	2000
232	11.45	2018	2108	0.00	194	0	0	0	nan	0.00	0.00	7.06	81.95	88.55	0.00	38	0	42	0.00	0.00	66.47	8.88	0.00	0.00	2000
229	11.24	2060	2077	0.00	203	0	0	0	nan	0.00	0.00	6.13	81.87	88.76	0.00	38	0	42	0.00	0.00	63.35	8.41	0.00	0.00	2000
229	11.44	2005	2099	0.00	196	0	0	0	nan	0.00	2.16	6.35	80.27	88.56	0.00	38	0	42	0.00	0.00	66.07	8.76	0.00	0.00	2000
228	11.31	2041	2079	0.00	197	0	0	0	nan	0.02	0.02	4.12	83.86	88.69	0.00	38	0	42	0.00	0.00	66.40	8.64	0.00	0.00	2000
230	11.01	2051	2139	0.00	197	0	0	0	nan	0.00	0.03	6.51	84.24	88.99	0.00	38	0	42	0.00	0.00	70.07	9.17	0.00	0.00	2000
230	11.30	2033	2099	0.00	196	0	0	0	nan	0.00	0.00	5.91	82.85	88.70	0.00	38	0	42	0.00	0.00	66.54	8.90	0.00	0.00	2000
230	11.45	2020	2094	0.00	197	0	0	0	nan	0.00	0.03	6.70	81.71	88.55	0.00	38	0	42	0.00	0.00	63.67	8.35	0.00	0.00	2000
229	11.31	2018	2103	0.00	197	0	0	0	95.07	0.00	0.00	7.55	81.38	88.69	0.00	38	0	42	0.00	0.00	69.21	9.19	0.00	0.00	2000
230	11.31	2020	2111	1.46	196	0	0	49	4.63	0.00	0.00	6.88	82.39	88.69	0.00	38	0	42	0.00	0.00	66.93	8.79	0.00	0.00	2000
228	11.33	2054	2056	0.23	195	0	0	0	nan	0.00	0.02	6.87	80.12	88.67	0.00	38	0	42	0.00	0.00	63.01	8.48	0.00	0.00	2000
231	11.12	2049	2125	0.00	196	0	0	0	nan	0.00	0.04	6.66	83.38	88.88	0.00	38	0	42	0.00	0.00	66.62	8.76	0.00	0.00	2000
230	11.40	2046	2073	0.00	197	0	0	0	nan	0.00	0.00	7.54	80.07	88.60	0.00	38	0	42	0.00	0.00	66.01	8.71	0.00	0.00	2000
230	10.93	2064	2143	0.00	196	0	0	0	nan	0.00	0.00	8.18	82.79	89.07	0.00	38	0	42	0.00	0.00	69.63	9.07	0.00	0.00	2000
228	11.52	1991	2089	0.00	195	0	0	0	nan	0.00	0.00	6.95	81.30	88.48	0.00	38	0	42	0.00	0.00	63.24	8.23	0.00	0.00	2000
229	11.25	2027	2109	0.00	196	0	0	0	nan	0.00	0.00	7.37	81.88	88.75	0.00	38	0	42	0.00	0.00	69.72	9.18	0.00	0.00	2000
229	11.40	2014	2094	0.00	195	0	0	0	nan	0.00	0.00	7.04	81.49	88.60	0.00	38	0	42	0.00	0.00	63.18	8.35	0.00	0.00	2000
233	11.53	2022	2094	0.00	197	0	0	0	nan	0.04	0.03	6.65	81.73	88.47	0.00	38	0	42	0.00	0.00	66.42	8.58	0.00	0.00	2000
228	11.27	2029	2095	0.00	195	0	0	0	nan	0.00	0.04	4.13	84.44	88.73	0.00	38	0	42	0.00	0.00	66.38	8.72	0.00	0.00	2000
231	11.49	1995	2120	0.00	199	0	0	0	nan	0.02	1.50	7.95	80.15	88.51	0.00	38	0	42	0.00	0.00	66.59	8.76	0.00	0.00	2000
229	11.19	2074	2071	0.00	198	0	0	0	nan	0.00	0.49	8.70	78.45	88.81	0.00	38	0	42	0.00	0.00	66.81	8.66	0.00	0.00	2000
229	11.11	2055	2110	0.00	197	0	0	0	nan	0.00	0.00	6.71	82.71	88.89	0.00	38	0	42	0.00	0.00	66.56	8.68	0.00	0.00	2000
232	11.36	2031	2111	0.00	196	0	0	0	nan	0.00	0.02	7.65	81.61	88.64	0.00	38	0	42	0.00	0.00	66.44	8.84	0.00	0.00	2000
230	11.41	2002	2112	0.00	202	0	0	0	nan	0.00	0.02	7.23	82.00	88.59	0.00	38	0	42	0.00	0.00	66.69	8.69	0.00	0.00	2000
230	11.27	2046	2091	0.00	197	0	0	0	nan	0.04	0.02	7.77	80.70	88.73	0.00	38	0	42	0.00	0.00	66.21	8.61	0.00	0.00	2000
231	11.14	2071	2104	0.00	198	0	0	0	nan	0.00	0.00	6.04	83.10	88.86	0.00	38	0	42	0.00	0.00	66.99	8.69	0.00	0.00	2000
228	11.41	2027	2072	1.06	198	0	0	49	2.51	0.00	0.00	7.07	80.45	88.59	0.00	38	0	42	0.00	0.00	66.86	8.69	0.00	0.00	2000
231	11.28	2045	2102	0.65	195	0	0	0	nan	0.00	0.00	7.47	81.49	88.72	0.00	38	0	42	0.00	0.00	66.38	8.67	0.00	0.00	2000
230	11.22	2049	2099	0.00	197	0	0	0	nan	0.00	0.00	8.00	80.81	88.78	0.00	38	0	42	0.00	0.00	66.91	8.82	0.00	0.00	2000
230	11.23	2016	2131	0.00	194	0	0	0	nan	0.00	0.00	8.86	81.39	88.77	0.00	38	0	42	0.00	0.00	66.23	8.79	0.00	0.00	2000
228	11.38	2029	2073	0.00	195	0	0	0	nan	0.00	0.02	6.67	81.02	88.62	0.00	39	0	42	0.00	0.00	66.42	8.81	0.00	0.00	2000
230	11.20	2057	2094	0.00	195	0	0	0	nan	0.00	0.00	8.55	80.14	88.80	0.00	38	0	42	0.00	0.00	66.27	8.74	0.00	0.00	2000
241	11.88	2104	2028	0.00	197	0	0	0	nan	0.01	0.06	3.95	81.20	88.12	0.00	38	0	42	0.00	0.00	64.11	8.42	0.00	0.00	2000
234	11.17	2015	2187	0.00	217	0	0	0	nan	0.02	1.55	5.11	86.06	88.83	0.00	38	0	42	0.00	0.00	70.04	9.11	0.00	0.00	2000
228	11.17	2064	2080	0.00	199	0	0	0	nan	0.00	0.00	9.28	78.81	88.83	0.00	38	0	42	0.00	0.00	66.48	8.94	0.00	0.00	2000
231	11.08	2055	2129	0.00	196	0	0	0	nan	0.00	0.04	6.75	83.46	88.92	0.00	38	0	42	0.00	0.00	66.92	8.78	0.00	0.00	2000
228	11.20	2066	2070	0.00	195	0	0	0	nan	0.00	0.02	7.28	80.32	88.80	0.00	38	0	42	0.00	0.00	66.87	8.77	0.00	0.00	2000
235	11.02	2105	2126	0.00	199	0	0	0	nan	0.00	0.02	7.28	82.89	88.98	0.00	39	0	42	0.00	0.00	67.40	8.75	0.00	0.00	2000
230	11.47	2001	2103	0.00	202	0	0	0	nan	0.00	0.00	8.30	80.55	88.53	0.00	38	0	42	0.00	0.00	66.67	8.81	0.00	0.00	2000
230	11.20	2048	2108	0.00	197	0	0	0	nan	0.00	0.00	6.60	82.64	88.80	0.00	38	0	42	0.00	0.00	66.76	8.93	0.00	0.00	2000
231	11.08	2061	2119	0.00	198	0	0	0	nan	0.00	0.00	8.04	81.75	88.92	0.00	38	0	42	0.00	0.00	67.13	8.20	0.00	0.00	2000
230	11.30	2030	2103	0.00	197	0	0	0	nan	0.00	0.00	7.45	81.61	88.70	0.00	38	0	42	0.00	0.00	63.32	7.42	0.00	0.00	2000
229	11.14	2057	2097	0.00	197	0	0	0	nan	0.00	0.00	6.75	82.16	88.86	0.00	37	0	42	0.00	0.00	63.39	7.45	0.00	0.00	2000
231	11.39	2037	2095	0.50	181	0	0	2	79.17	0.00	0.00	6.96	81.65	88.61	0.00	38	0	42	0.00	0.00	65.11	7.72	0.00	0.00	2000
230	11.62	2006	2068	0.61	196	0	0	1	87.16	0.06	0.00	8.12	79.15	88.38	0.00	37	0	42	0.00	0.00	61.37	7.10	0.00	0.00	2000
231	11.38	2031	2096	0.00	197	0	0	0	nan	0.00	0.07	7.83	80.67	88.62	0.00	38	0	42	0.00	0.00	66.17	7.98	0.00	0.00	2000
230	11.16	2059	2099	0.00	196	0	0	0	nan	0.00	0.03	4.71	84.12	88.84	0.00	37	0	42	0.00	0.00	64.24	7.77	0.00	0.00	2000
230	11.28	2031	2106	0.00	196	0	0	0	nan	0.00	0.04	3.41	85.64	88.72	0.00	38	0	42	0.00	0.00	64.30	7.79	0.00	0.00	2000
237	11.42	2073	2101	0.00	200	0	0	0	nan	0.02	0.98	9.05	78.74	88.58	0.00	37	0	42	0.00	0.00	64.38	7.81	0.00	0.00	2000
225	10.99	2024	2122	0.00	235	0	0	0	nan	0.00	0.00	7.52	82.45	89.01	0.00	37	0	42	0.00	0.00	63.92	7.70	0.00	0.00	2000
164	9.68	1709	2083	0.00	212	0	0	0	nan	0.00	0.00	12.72	77.06	90.32	0.00	37	0	42	0.00	0.00	61.81	7.49	0.00	0.00	2000
