Avg_MHz	Busy%	Bzy_MHz	TSC_MHz	IPC	IRQ	NMI	SMI	LLCMRPS	LLC%hit	POLL%	C1%	C1E%	C6%	CPU%c1	CPU%c6	CoreTmp	CoreThr	PkgTmp	Pkg%pc2	Pkg%pc6	PkgWatt	RAMWatt	PKG_%	RAM_%	UncMHz
257	13.87	1825	2130	0.00	258	0	0	0	nan	0.00	0.33	24.67	62.37	86.13	0.00	37	0	42	0.00	0.00	57.35	7.37	0.00	0.00	2000
356	15.42	2286	2122	0.00	228	0	0	0	nan	0.03	1.49	14.06	70.03	84.58	0.00	37	0	42	0.00	0.00	77.09	8.07	0.00	0.00	2000
77	6.91	1107	2127	0.00	194	0	0	0	nan	0.00	0.00	10.23	84.09	93.09	0.00	37	0	42	0.00	0.00	58.93	7.41	0.00	0.00	2000
72	6.41	1141	2082	0.00	194	0	0	0	nan	0.00	0.02	3.85	88.83	93.59	0.00	37	0	42	0.00	0.00	58.54	7.48	0.00	0.00	2000
74	6.87	1059	2125	0.00	209	0	0	0	nan	0.00	0.00	4.33	89.93	93.13	0.00	37	0	42	0.00	0.00	59.52	7.32	0.00	0.00	2000
72	6.53	1101	2101	0.00	194	0	0	0	nan	0.00	0.00	3.46	90.11	93.47	0.00	37	0	42	0.00	0.00	59.02	7.59	0.00	0.00	2000
72	6.57	1117	2068	0.00	198	0	0	0	nan	0.00	0.00	5.19	86.76	93.43	0.00	37	0	42	0.00	0.00	59.05	7.54	0.00	0.00	2000
73	6.43	1122	2135	0.00	194	0	0	0	nan	0.00	0.00	2.20	92.87	93.57	0.00	37	0	42	0.00	0.00	62.17	7.96	0.00	0.00	2000
71	6.77	1062	2072	0.00	193	0	0	0	nan	0.00	0.00	2.49	89.51	93.23	0.00	37	0	42	0.00	0.00	56.28	7.19	0.00	0.00	2000
72	6.91	1036	2119	0.00	209	0	0	0	nan	0.00	0.04	3.94	90.01	93.09	0.00	37	0	42	0.00	0.00	57.88	7.38	0.00	0.00	2000
74	6.31	1163	2105	0.00	195	0	0	0	nan	0.00	0.00	4.08	89.77	93.69	0.00	37	0	42	0.00	0.00	59.77	7.60	0.00	0.00	2000
73	6.42	1128	2104	0.00	193	0	0	0	nan	0.00	0.00	3.39	90.29	93.58	0.00	37	0	42	0.00	0.00	60.57	7.61	0.00	0.00	2000
73	6.36	1148	2103	0.00	177	0	0	0	nan	0.01	0.00	2.88	90.90	93.64	0.00	37	0	42	0.00	0.00	59.55	7.45	0.00	0.00	2000
72	6.69	1082	2089	0.00	193	0	0	0	nan	0.00	0.01	2.33	90.52	93.31	0.00	37	0	42	0.00	0.00	57.84	7.34	0.00	0.00	2000
74	6.81	1077	2111	0.00	211	0	0	0	nan	0.00	0.00	4.29	89.41	93.19	0.00	37	0	42	0.00	0.00	57.40	7.21	0.00	0.00	2000
72	6.48	1105	2102	0.00	193	0	0	1	88.27	0.00	0.00	3.44	90.21	93.52	0.00	37	0	42	0.00	0.00	59.31	7.51	0.00	0.00	2000
73	6.77	1081	2088	0.09	194	0	0	2	86.41	0.00	0.02	2.94	89.77	93.23	0.00	37	0	42	0.00	0.00	57.95	7.55	0.00	0.00	2000
73	6.43	1129	2098	0.00	193	0	0	0	nan	0.00	0.02	2.32	91.08	93.57	0.00	37	0	42	0.00	0.00	59.70	7.55	0.00	0.00	2000
169	8.97	1897	2092	0.00	215	0	0	0	nan	0.01	0.00	3.68	87.02	91.03	0.00	38	0	42	0.00	0.00	65.28	7.81	0.00	0.00	2000
231	10.82	2119	2111	0.00	205	0	0	0	nan	0.00	0.01	3.81	85.84	89.18	0.00	39	0	42	0.00	0.00	66.37	7.62	0.00	0.00	2000
236	11.03	2125	2117	0.00	206	0	0	0	nan	0.00	0.00	3.37	86.28	88.97	0.00	39	0	42	0.00	0.00	64.69	7.55	0.00	0.00	2000
229	11.08	2070	2097	0.00	212	0	0	0	nan	0.00	0.00	4.02	84.88	88.92	0.00	40	0	42	0.00	0.00	63.06	7.53	0.00	0.00	2000
235	11.03	2145	2087	0.00	198	0	0	0	nan	0.00	0.61	3.59	84.17	88.97	0.00	38	0	42	0.00	0.00	64.81	7.59	0.00	0.00	2000
228	11.01	2077	2099	0.00	199	0	0	0	nan	0.00	0.55	3.77	84.59	88.99	0.00	37	0	42	0.00	0.00	66.12	7.84	0.00	0.00	2000
225	11.50	2085	1972	0.00	198	0	0	0	nan	0.00	0.02	3.31	79.91	88.50	0.00	37	0	42	0.00	0.00	59.22	7.07	0.00	0.00	2000
237	10.54	2090	2258	0.00	252	0	0	0	nan	0.00	0.50	6.70	89.05	89.46	0.00	37	0	42	0.00	0.00	74.94	8.78	0.00	0.00	2000
232	11.08	2095	2097	0.00	200	0	0	0	nan	0.00	0.00	5.76	83.11	88.92	0.00	37	0	42	0.00	0.00	66.77	7.82	0.00	0.00	2000
226	10.94	2092	2077	0.00	204	0	0	0	nan	0.00	0.00	5.52	82.58	89.06	0.00	37	0	42	0.00	0.00	64.69	7.52	0.00	0.00	2000
230	10.84	2118	2107	0.00	199	0	0	0	nan	0.00	0.01	4.38	85.07	89.16	0.00	37	0	42	0.00	0.00	65.25	7.60	0.00	0.00	2000
236	11.31	2061	2127	0.00	203	0	0	0	nan	0.00	0.00	4.70	85.23	88.69	0.00	38	0	42	0.00	0.00	66.38	7.65	0.00	0.00	2000
228	11.05	2078	2088	0.00	199	0	0	0	nan	0.00	0.00	5.94	82.70	88.95	0.00	38	0	42	0.00	0.00	65.64	7.72	0.00	0.00	2000
230	11.11	2059	2112	0.00	199	0	0	0	nan	0.00	0.00	6.34	83.10	88.89	0.00	38	0	42	0.00	0.00	65.39	7.56	0.00	0.00	2000
227	11.17	2041	2087	0.00	198	0	0	4	84.82	0.00	0.00	5.91	82.58	88.83	0.00	38	0	42	0.00	0.00	65.10	7.43	0.00	0.00	2000
228	10.99	2103	2068	0.57	200	0	0	15	88.06	0.00	0.00	5.71	82.03	89.01	0.00	38	0	42	0.00	0.00	63.97	7.45	0.00	0.00	2000
233	10.94	2116	2113	0.00	203	0	0	0	nan	0.00	0.00	3.84	85.86	89.06	0.00	39	0	42	0.00	0.00	66.32	7.70	0.00	0.00	2000
233	11.17	2065	2120	0.00	219	0	0	0	nan	0.00	0.03	5.56	84.27	88.83	0.00	39	0	42	0.00	0.00	68.05	7.89	0.00	0.00	2000
232	10.88	2117	2114	0.00	183	0	0	0	nan	0.00	0.02	5.34	84.47	89.12	0.00	40	0	42	0.00	0.00	66.73	7.70	0.00	0.00	2000
229	11.00	2088	2090	0.00	199	0	0	0	nan	0.00	0.05	3.11	85.53	89.00	0.00	40	0	42	0.00	0.00	60.90	7.28	0.00	0.00	2000
232	11.13	2086	2100	0.00	200	0	0	0	nan	0.01	0.01	2.30	86.60	88.87	0.00	40	0	42	0.00	0.00	64.10	7.60	0.00	0.00	2000
235	11.11	2095	2117	0.00	198	0	0	0	nan	0.00	1.03	4.64	84.00	88.89	0.00	40	0	42	0.00	0.00	65.89	7.59	0.00	0.00	2000
225	10.88	2106	2059	0.00	202	0	0	0	nan	0.00	2.46	6.24	78.82	89.12	0.00	40	0	42	0.00	0.00	66.32	7.35	0.00	0.00	2000
239	11.16	2112	2125	0.00	197	0	0	0	nan	0.00	0.03	5.83	84.06	88.84	0.00	40	0	42	0.00	0.00	66.63	8.14	0.00	0.00	2000
233	10.86	2143	2101	0.00	200	0	0	0	nan	0.00	0.00	6.15	83.08	89.14	0.00	39	0	42	0.00	0.00	63.94	7.32	0.00	0.00	2000
229	10.97	2085	2103	0.00	199	0	0	0	nan	0.00	0.00	4.76	84.48	89.03	0.00	40	0	42	0.00	0.00	65.32	7.51	0.00	0.00	2000
228	10.72	2141	2087	0.00	198	0	0	0	nan	0.00	0.01	5.06	83.73	89.28	0.00	40	0	42	0.00	0.00	65.57	7.72	0.00	0.00	2000
233	10.81	2151	2108	0.00	203	0	0	0	nan	0.00	0.03	5.16	84.31	89.19	0.00	40	0	42	0.00	0.00	65.43	7.65	0.00	0.00	2000
242	11.50	2094	2110	0.00	210	0	0	0	nan	0.00	0.00	5.57	83.43	88.50	0.00	37	0	42	0.00	0.00	66.58	7.75	0.00	0.00	2000
234	11.29	2076	2098	0.00	201	0	0	0	nan	0.00	0.07	4.48	84.18	88.71	0.00	37	0	42	0.00	0.00	66.68	7.73	0.00	0.00	2000
234	11.13	2096	2103	0.00	199	0	0	0	nan	0.01	0.04	2.91	86.10	88.87	0.00	37	0	42	0.00	0.00	66.73	8.20	0.00	0.00	2000
231	11.13	2083	2096	0.00	198	0	0	2	80.56	0.03	0.01	3.62	85.20	88.87	0.00	38	0	42	0.00	0.00	67.38	8.13	0.00	0.00	2000
235	11.36	2102	2065	0.97	184	0	0	11	79.25	0.01	0.09	3.41	83.82	88.64	0.00	38	0	42	0.00	0.00	59.62	7.15	0.00	0.00	2000
233	10.60	2173	2124	0.00	201	0	0	0	nan	0.00	2.05	5.09	83.48	89.40	0.00	38	0	42	0.00	0.00	67.30	7.89	0.00	0.00	2000
232	11.33	2050	2099	0.00	199	0	0	0	nan	0.00	0.00	6.98	81.80	88.67	0.00	38	0	42	0.00	0.00	70.01	8.80	0.00	0.00	2000
231	11.40	2056	2073	0.00	198	0	0	0	nan	0.00	0.00	6.16	81.35	88.60	0.00	38	0	42	0.00	0.00	63.75	7.75	0.00	0.00	2000
199	10.06	1943	2141	0.00	224	0	0	0	nan	0.00	0.00	5.66	86.09	89.94	0.00	38	0	42	0.00	0.00	69.89	8.21	0.00	0.00	2000
112	7.96	1410	2088	0.00	214	0	0	0	nan	0.00	0.00	6.90	84.52	92.04	0.00	37	0	42	0.00	0.00	60.48	7.61	0.00	0.00	2000
112	8.14	1340	2147	0.00	81	0	0	0	nan	0.00	0.08	11.74	82.12	91.86	0.00	37	0	42	0.00	0.00	59.50	7.21	0.00	0.00	2000
