Avg_MHz	Busy%	Bzy_MHz	TSC_MHz	IPC	IRQ	NMI	SMI	LLCMRPS	LLC%hit	POLL%	C1%	C1E%	C6%	CPU%c1	CPU%c6	CoreTmp	CoreThr	PkgTmp	Pkg%pc2	Pkg%pc6	PkgWatt	RAMWatt	PKG_%	RAM_%	UncMHz
216	12.01	1763	2142	0.00	242	0	0	0	nan	0.00	0.01	26.81	62.95	87.99	0.00	37	0	42	0.00	0.00	63.66	7.85	0.00	0.00	2000
344	16.40	2117	2083	0.00	211	0	0	0	nan	0.02	1.21	15.72	66.25	83.60	0.00	37	0	42	0.00	0.00	63.27	7.28	0.00	0.00	2000
124	8.27	1465	2153	0.00	212	0	0	0	nan	0.00	0.03	11.71	82.18	91.73	0.00	37	0	42	0.00	0.00	66.21	8.03	0.00	0.00	2000
73	6.65	1113	2085	0.00	194	0	0	0	nan	0.00	0.01	2.54	90.26	93.35	0.00	37	0	42	0.00	0.00	61.34	7.51	0.00	0.00	2000
73	6.49	1122	2120	0.00	209	0	0	0	nan	0.00	0.00	2.67	91.70	93.51	0.00	37	0	42	0.00	0.00	58.98	7.71	0.00	0.00	2000
71	6.64	1086	2066	0.00	178	0	0	0	nan	0.00	0.02	2.85	89.07	93.36	0.00	37	0	42	0.00	0.00	57.79	7.49	0.00	0.00	2000
74	6.78	1071	2131	0.00	210	0	0	0	nan	0.00	0.00	3.93	90.50	93.22	0.00	37	0	42	0.00	0.00	58.98	7.40	0.00	0.00	2000
73	6.39	1146	2096	0.00	193	0	0	0	nan	0.00	0.00	3.82	89.60	93.61	0.00	36	0	42	0.00	0.00	59.68	7.65	0.00	0.00	2000
73	6.78	1069	2109	0.00	193	0	0	0	nan	0.00	0.00	3.65	90.07	93.22	0.00	37	0	42	0.00	0.00	60.15	7.79	0.00	0.00	2000
73	6.59	1104	2102	0.00	193	0	0	0	nan	0.00	0.00	3.12	90.41	93.41	0.00	37	0	42	0.00	0.00	58.28	7.47	0.00	0.00	2000
74	6.59	1120	2099	0.00	194	0	0	0	nan	0.00	0.00	3.33	89.83	93.41	0.00	37	0	42	0.00	0.00	58.61	7.38	0.00	0.00	2000
71	6.67	1072	2092	0.00	193	0	0	0	nan	0.01	0.00	3.69	89.22	93.33	0.00	36	0	42	0.00	0.00	58.09	7.56	0.00	0.00	2000
73	6.60	1105	2109	0.00	193	0	0	0	nan	0.00	0.00	3.66	90.17	93.40	0.00	37	0	42	0.00	0.00	61.02	7.40	0.00	0.00	2000
71	6.66	1067	2102	0.00	193	0	0	0	nan	0.00	0.00	2.84	90.63	93.34	0.00	37	0	42	0.00	0.00	56.40	7.55	0.00	0.00	2000
72	6.44	1134	2085	0.00	194	0	0	0	nan	0.00	0.02	3.03	89.79	93.56	0.00	37	0	42	0.00	0.00	59.85	7.56	0.00	0.00	2000
73	6.26	1157	2103	0.00	194	0	0	1	85.71	0.00	0.02	3.16	90.63	93.74	0.00	37	0	42	0.00	0.00	60.48	7.48	0.00	0.00	2000
74	6.61	1112	2105	0.29	194	0	0	2	87.20	0.00	0.00	3.78	89.91	93.39	0.00	37	0	42	0.00	0.00	59.31	7.58	0.00	0.00	2000
78	6.62	1176	2098	0.00	195	0	0	0	nan	0.00	0.00	4.35	88.87	93.38	0.00	36	0	42	0.00	0.00	58.75	7.49	0.00	0.00	2000
121	8.21	1471	2103	0.00	210	0	0	0	nan	0.00	0.00	5.94	85.91	91.79	0.00	37	0	42	0.00	0.00	61.05	7.53	0.00	0.00	2000
229	11.27	2034	2096	0.00	205	0	0	0	nan	0.00	0.00	6.08	82.60	88.73	0.00	39	0	42	0.00	0.00	64.33	7.47	0.00	0.00	2000
231	11.03	2089	2104	0.00	203	0	0	0	nan	0.00	0.01	3.48	85.65	88.97	0.00	40	0	42	0.00	0.00	65.23	7.42	0.00	0.00	2000
229	10.94	2102	2093	0.00	204	0	0	0	nan	0.00	0.00	3.22	85.57	89.06	0.00	40	0	42	0.00	0.00	65.97	7.64	0.00	0.00	2000
235	11.60	2049	2076	0.00	208	0	0	0	nan	0.00	0.00	3.30	84.12	88.40	0.00	39	0	42	0.00	0.00	60.80	7.22	0.00	0.00	2000
226	10.77	2094	2107	0.00	232	0	0	0	nan	0.00	0.02	7.04	82.51	89.23	0.00	37	0	42	0.00	0.00	70.73	8.25	0.00	0.00	2000
237	11.03	2119	2127	0.00	197	0	0	0	nan	0.00	0.02	3.44	86.75	88.97	0.00	37	0	42	0.00	0.00	65.97	7.75	0.00	0.00	2000
231	11.04	2113	2083	0.00	198	0	0	0	nan	0.00	0.00	4.57	83.76	88.96	0.00	37	0	42	0.00	0.00	65.84	7.77	0.00	0.00	2000
236	11.01	2134	2108	0.00	199	0	0	0	nan	0.00	0.00	4.71	84.75	88.99	0.00	38	0	42	0.00	0.00	66.70	7.75	0.00	0.00	2000
228	10.97	2129	2052	0.00	199	0	0	0	nan	0.00	0.00	5.03	82.07	89.03	0.00	38	0	42	0.00	0.00	63.03	7.11	0.00	0.00	2000
225	10.71	2087	2120	0.00	210	0	0	0	nan	0.00	0.53	3.11	86.54	89.29	0.00	38	0	42	0.00	0.00	68.37	7.65	0.00	0.00	2000
231	10.85	2120	2109	0.00	195	0	0	0	nan	0.01	0.03	1.33	88.24	89.15	0.00	39	0	42	0.00	0.00	65.11	7.45	0.00	0.00	2000
231	11.12	2063	2115	0.00	198	0	0	0	nan	0.00	0.06	2.72	86.90	88.88	0.00	39	0	42	0.00	0.00	65.55	7.43	0.00	0.00	2000
231	11.09	2095	2090	0.00	199	0	0	0	nan	0.00	0.00	5.34	83.17	88.91	0.00	39	0	42	0.00	0.00	64.86	7.41	0.00	0.00	2000
232	11.24	2059	2108	0.00	213	0	0	7	95.21	0.00	0.00	3.93	85.20	88.76	0.00	39	0	42	0.00	0.00	62.72	7.10	0.00	0.00	2000
223	10.86	2065	2090	0.66	197	0	0	10	94.93	0.00	0.00	7.39	81.47	89.14	0.00	39	0	42	0.00	0.00	65.28	7.47	0.00	0.00	2000
236	11.38	2054	2117	0.00	198	0	0	0	nan	0.00	0.00	5.94	83.51	88.62	0.00	39	0	42	0.00	0.00	68.37	7.85	0.00	0.00	2000
225	11.09	2063	2065	0.00	197	0	0	0	nan	0.00	0.00	5.98	81.49	88.91	0.00	39	0	42	0.00	0.00	63.15	7.31	0.00	0.00	2000
233	10.97	2112	2107	0.00	198	0	0	0	nan	0.00	0.00	3.63	85.68	89.03	0.00	40	0	42	0.00	0.00	64.49	7.33	0.00	0.00	2000
233	11.05	2071	2135	0.00	213	0	0	0	nan	0.00	0.00	6.41	84.12	88.95	0.00	40	0	42	0.00	0.00	68.25	7.73	0.00	0.00	2000
230	10.88	2119	2095	0.00	198	0	0	0	nan	0.00	0.03	3.88	85.08	89.12	0.00	39	0	42	0.00	0.00	65.60	7.41	0.00	0.00	2000
228	11.11	2044	2107	0.00	197	0	0	0	nan	0.00	0.51	7.02	81.71	88.89	0.00	40	0	42	0.00	0.00	64.96	7.31	0.00	0.00	2000
232	11.31	2093	2055	0.00	202	0	0	0	nan	0.00	0.01	6.17	80.66	88.69	0.00	40	0	42	0.00	0.00	63.04	7.22	0.00	0.00	2000
222	11.24	2036	2042	0.00	235	0	0	0	nan	0.00	0.02	6.83	79.61	88.76	0.00	38	0	42	0.00	0.00	59.07	6.94	0.00	0.00	2000
239	10.74	2106	2222	0.00	262	0	0	0	nan	0.00	0.02	6.38	88.09	89.26	0.00	37	0	42	0.00	0.00	76.86	8.86	0.00	0.00	2000
232	11.25	2073	2092	0.00	197	0	0	0	nan	0.00	0.01	5.93	82.54	88.75	0.00	37	0	42	0.00	0.00	65.88	7.68	0.00	0.00	2000
232	11.32	2037	2111	0.00	206	0	0	0	nan	0.00	0.00	6.34	82.87	88.68	0.00	38	0	42	0.00	0.00	67.89	7.76	0.00	0.00	2000
230	11.09	2073	2103	0.00	198	0	0	0	nan	0.00	0.00	5.23	83.86	88.91	0.00	37	0	42	0.00	0.00	63.59	7.56	0.00	0.00	2000
236	11.08	2131	2098	0.00	198	0	0	0	nan	0.00	0.00	4.88	83.91	88.92	0.00	38	0	42	0.00	0.00	66.16	7.55	0.00	0.00	2000
230	10.99	2100	2091	0.00	199	0	0	0	nan	0.01	0.00	4.04	84.62	89.01	0.00	38	0	42	0.00	0.00	62.85	7.23	0.00	0.00	2000
228	10.71	2149	2083	0.00	199	0	0	0	nan	0.00	0.00	5.93	82.57	89.29	0.00	39	0	42	0.00	0.00	66.41	7.61	0.00	0.00	2000
231	10.79	2121	2119	0.44	199	0	0	10	95.03	0.00	0.05	4.50	85.57	89.21	0.00	39	0	42	0.00	0.00	66.47	7.61	0.00	0.00	2000
234	10.90	2136	2115	0.47	197	0	0	3	93.27	0.00	0.43	2.64	86.73	89.10	0.00	39	0	42	0.00	0.00	66.78	7.68	0.00	0.00	2000
230	11.37	2057	2062	0.00	196	0	0	0	nan	0.00	0.00	5.45	81.63	88.63	0.00	39	0	42	0.00	0.00	64.02	7.22	0.00	0.00	2000
233	11.66	2095	2007	0.00	198	0	0	0	nan	0.00	0.02	3.06	81.39	88.34	0.00	37	0	42	0.00	0.00	60.49	7.07	0.00	0.00	2000
234	10.62	2060	2249	0.00	250	0	0	0	nan	0.00	0.05	8.23	87.58	89.38	0.00	37	0	42	0.00	0.00	72.90	8.25	0.00	0.00	2000
231	10.81	2147	2092	0.00	196	0	0	0	nan	0.00	0.00	7.55	81.23	89.19	0.00	38	0	42	0.00	0.00	66.56	7.57	0.00	0.00	2000
232	10.98	2110	2105	0.00	199	0	0	0	nan	0.00	0.00	5.99	83.28	89.02	0.00	38	0	42	0.00	0.00	64.62	7.32	0.00	0.00	2000
228	10.93	2114	2073	0.00	181	0	0	0	nan	0.00	0.02	4.94	83.11	89.08	0.00	38	0	42	0.00	0.00	64.95	7.58	0.00	0.00	2000
236	11.07	2107	2129	0.00	214	0	0	0	nan	0.00	0.00	5.78	84.42	88.93	0.00	38	0	42	0.00	0.00	69.03	8.05	0.00	0.00	2000
230	11.04	2107	2076	0.00	205	0	0	0	nan	0.00	0.00	4.96	83.08	88.96	0.00	38	0	42	0.00	0.00	63.97	7.46	0.00	0.00	2000
232	11.09	2068	2127	0.00	200	0	0	0	nan	0.00	0.00	7.10	83.01	88.91	0.00	38	0	42	0.00	0.00	69.20	7.82	0.00	0.00	2000
233	10.68	2182	2096	0.00	196	0	0	0	nan	0.00	0.01	4.98	84.04	89.32	0.00	38	0	42	0.00	0.00	63.07	7.38	0.00	0.00	2000
223	11.08	2073	2040	0.00	198	0	0	0	nan	0.00	0.06	3.56	82.84	88.92	0.00	37	0	41	0.00	0.00	56.51	6.80	0.00	0.00	2000
237	10.89	2099	2174	0.00	269	0	0	0	nan	0.00	0.02	8.88	83.50	89.11	0.00	38	0	42	0.00	0.00	77.33	9.00	0.00	0.00	2000
223	10.62	2105	2098	0.00	198	0	0	0	nan	0.00	0.57	3.14	85.78	89.38	0.00	39	0	42	0.00	0.00	65.08	7.65	0.00	0.00	2000
221	10.89	2042	2089	0.00	194	0	0	0	nan	0.00	0.58	3.13	85.12	89.11	0.00	39	0	42	0.00	0.00	61.62	7.24	0.00	0.00	2000
222	11.00	2087	2030	0.00	196	0	0	3	95.49	0.00	0.01	6.44	79.64	89.00	0.00	39	0	42	0.00	0.00	61.90	7.30	0.00	0.00	2000
225	10.68	2041	2171	0.70	199	0	0	19	96.72	0.00	0.02	7.37	85.01	89.32	0.00	39	0	42	0.00	0.00	66.71	7.81	0.00	0.00	2000
227	11.02	2042	2114	0.01	197	0	0	0	nan	0.02	1.41	7.79	80.52	88.98	0.00	39	0	42	0.00	0.00	66.17	7.67	0.00	0.00	2000
222	10.82	2064	2087	0.00	197	0	0	0	nan	0.00	0.00	6.73	82.02	89.18	0.00	39	0	42	0.00	0.00	63.80	7.39	0.00	0.00	2000
225	10.79	2078	2108	0.00	197	0	0	0	nan	0.04	0.00	6.75	82.91	89.21	0.00	39	0	42	0.00	0.00	61.72	7.16	0.00	0.00	2000
225	11.08	2053	2078	0.00	196	0	0	0	nan	0.04	0.00	7.04	81.08	88.92	0.00	39	0	42	0.00	0.00	66.40	7.85	0.00	0.00	2000
225	10.88	2062	2102	0.00	200	0	0	0	nan	0.00	0.02	5.88	83.45	89.12	0.00	39	0	42	0.00	0.00	64.43	7.49	0.00	0.00	2000
222	10.81	2048	2109	0.00	214	0	0	0	nan	0.00	0.00	5.08	84.54	89.19	0.00	39	0	42	0.00	0.00	64.43	7.55	0.00	0.00	2000
223	10.71	2084	2102	0.00	197	0	0	0	nan	0.00	0.00	5.84	83.58	89.29	0.00	39	0	42	0.00	0.00	59.99	7.02	0.00	0.00	2000
223	10.75	2082	2091	0.00	196	0	0	0	nan	0.00	0.01	5.08	83.90	89.25	0.00	39	0	42	0.00	0.00	66.85	7.72	0.00	0.00	2000
227	11.06	2039	2112	0.00	196	0	0	0	nan	0.00	0.02	6.30	83.34	88.94	0.00	39	0	42	0.00	0.00	63.79	7.67	0.00	0.00	2000
223	10.75	2065	2111	0.00	200	0	0	0	nan	0.00	0.03	5.41	84.39	89.25	0.00	39	0	42	0.00	0.00	64.94	7.90	0.00	0.00	2000
569	25.75	2457	1888	0.00	209	0	0	0	nan	0.00	0.07	2.98	63.86	74.25	0.00	38	0	42	0.00	0.00	61.37	7.70	0.00	0.00	2000
691	27.68	2500	2096	0.00	246	0	0	0	nan	0.00	0.01	3.50	68.80	72.32	0.00	38	0	42	0.00	0.00	68.84	7.85	0.00	0.00	2000
689	27.64	2500	2094	0.00	254	0	0	0	nan	0.00	0.00	7.08	65.21	72.36	0.00	38	0	42	0.00	0.00	71.23	8.09	0.00	0.00	2000
691	27.58	2500	2105	0.00	247	0	0	0	nan	0.00	0.00	6.10	66.62	72.42	0.00	38	0	42	0.00	0.00	71.12	7.91	0.00	0.00	2000
688	27.59	2500	2095	0.00	249	0	0	8	86.93	0.00	0.00	5.88	66.48	72.41	0.00	38	0	42	0.00	0.00	71.13	7.93	0.00	0.00	2000
693	27.66	2500	2103	0.23	258	0	0	71	86.87	0.00	0.00	6.51	66.06	72.34	0.00	38	0	42	0.00	0.00	71.13	7.92	0.00	0.00	2000
688	27.54	2500	2099	0.00	253	0	0	0	nan	0.00	0.00	6.12	66.43	72.46	0.00	38	0	42	0.00	0.00	71.20	7.92	0.00	0.00	2000
691	27.62	2500	2103	0.00	244	0	0	0	nan	0.00	0.00	5.43	67.18	72.38	0.00	38	0	42	0.00	0.00	71.08	7.76	0.00	0.00	2000
615	22.20	2499	2326	0.00	267	0	0	0	nan	0.00	0.91	8.87	76.58	77.80	0.00	38	0	42	0.00	0.00	81.46	9.08	0.00	0.00	2000
236	11.34	2050	2135	0.00	208	0	0	0	nan	0.00	0.00	9.30	80.99	88.66	0.00	38	0	42	0.00	0.00	65.41	7.77	0.00	0.00	2000
230	11.07	2081	2099	0.00	196	0	0	0	nan	0.00	0.00	6.99	81.98	88.93	0.00	39	0	42	0.00	0.00	65.03	7.77	0.00	0.00	2000
230	11.15	2065	2101	0.00	179	0	0	0	nan	0.00	0.02	5.96	82.97	88.85	0.00	39	0	42	0.00	0.00	64.12	7.65	0.00	0.00	2000
230	11.28	2043	2099	0.00	195	0	0	0	nan	0.00	0.10	4.19	84.56	88.72	0.00	39	0	42	0.00	0.00	64.36	7.65	0.00	0.00	2000
231	11.42	2019	2108	0.00	203	0	0	0	nan	0.03	0.88	3.81	84.24	88.58	0.00	39	0	42	0.00	0.00	65.27	7.86	0.00	0.00	2000
230	11.17	2064	2096	0.00	195	0	0	0	nan	0.00	0.02	7.81	80.93	88.83	0.00	39	0	42	0.00	0.00	62.31	7.63	0.00	0.00	2000
232	11.25	2059	2103	0.00	198	0	0	0	nan	0.00	0.02	5.06	83.91	88.75	0.00	39	0	42	0.00	0.00	63.03	7.38	0.00	0.00	2000
229	11.10	2071	2096	0.00	196	0	0	0	nan	0.00	0.00	7.21	81.66	88.90	0.00	39	0	42	0.00	0.00	64.96	7.85	0.00	0.00	2000
231	11.12	2072	2101	0.00	179	0	0	0	nan	0.02	0.94	7.91	80.21	88.88	0.00	39	0	42	0.00	0.00	65.32	7.87	0.00	0.00	2000
235	11.15	2103	2102	0.00	197	0	0	0	nan	0.00	0.01	7.49	81.54	88.85	0.00	39	0	42	0.00	0.00	63.06	7.61	0.00	0.00	2000
231	10.94	2116	2094	0.00	195	0	0	0	nan	0.00	0.03	7.88	80.89	89.06	0.00	39	0	42	0.00	0.00	64.33	7.56	0.00	0.00	2000
236	11.47	2049	2104	0.00	197	0	0	0	nan	0.00	0.00	8.23	80.60	88.53	0.00	39	0	42	0.00	0.00	65.02	7.75	0.00	0.00	2000
231	11.12	2075	2100	0.25	197	0	0	7	45.60	0.00	0.07	7.47	81.44	88.88	0.00	39	0	42	0.00	0.00	62.17	7.34	0.00	0.00	2000
232	11.11	2085	2101	0.34	199	0	0	2	77.32	0.00	0.00	6.93	82.05	88.89	0.00	39	0	42	0.00	0.00	66.15	7.92	0.00	0.00	2000
233	11.20	2081	2098	0.00	197	0	0	0	nan	0.00	0.00	6.69	82.10	88.80	0.00	39	0	42	0.00	0.00	64.54	7.86	0.00	0.00	2000
231	11.28	2039	2106	0.00	187	0	0	0	nan	0.00	0.02	7.61	81.42	88.72	0.00	39	0	42	0.00	0.00	63.42	7.65	0.00	0.00	2000
219	10.77	2038	2092	0.00	198	0	0	0	nan	0.00	0.00	8.06	80.92	89.23	0.00	38	0	42	0.00	0.00	63.24	7.67	0.00	0.00	2000
150	8.57	1745	2106	0.00	255	0	0	0	nan	0.00	0.02	4.75	86.82	91.43	0.00	37	0	42	0.00	0.00	63.53	7.62	0.00	0.00	2000
110	7.71	1440	2074	0.00	220	0	0	0	nan	0.00	0.00	8.73	82.34	92.29	0.00	37	0	42	0.00	0.00	60.68	7.45	0.00	0.00	2000
75	6.27	1192	2118	0.00	193	0	0	0	nan	0.02	0.00	2.26	92.14	93.73	0.00	37	0	42	0.00	0.00	60.19	7.67	0.00	0.00	2000
75	6.66	1120	2097	0.00	193	0	0	0	nan	0.00	0.02	2.33	90.89	93.34	0.00	37	0	42	0.00	0.00	58.05	7.40	0.00	0.00	2000
104	8.03	1302	2080	0.00	98	0	0	0	nan	0.00	0.04	9.14	81.79	91.97	0.00	37	0	42	0.00	0.00	58.33	7.24	0.00	0.00	2000
