Avg_MHz	Busy%	Bzy_MHz	TSC_MHz	IPC	IRQ	NMI	SMI	LLCMRPS	LLC%hit	POLL%	C1%	C1E%	C6%	CPU%c1	CPU%c6	CoreTmp	CoreThr	PkgTmp	Pkg%pc2	Pkg%pc6	PkgWatt	RAMWatt	PKG_%	RAM_%	UncMHz
311	15.69	1948	2136	0.00	301	0	0	0	nan	0.01	0.26	27.11	58.52	84.31	0.00	37	0	42	0.00	0.00	68.37	7.73	0.00	0.00	2000
309	15.64	1974	2104	0.00	214	0	0	0	nan	0.00	1.68	21.56	61.37	84.36	0.00	37	0	42	0.00	0.00	69.12	7.71	0.00	0.00	2000
77	7.19	1060	2129	0.00	210	0	0	0	nan	0.00	0.00	5.95	88.17	92.81	0.00	37	0	42	0.00	0.00	58.85	7.28	0.00	0.00	2000
73	6.67	1091	2097	0.00	193	0	0	0	nan	0.00	0.00	2.94	90.31	93.33	0.00	37	0	42	0.00	0.00	59.10	7.53	0.00	0.00	2000
73	6.77	1068	2106	0.00	194	0	0	0	nan	0.00	0.00	3.04	90.59	93.23	0.00	37	0	42	0.00	0.00	59.46	7.29	0.00	0.00	2000
71	6.57	1092	2068	0.00	193	0	0	0	nan	0.00	0.02	2.92	89.03	93.43	0.00	37	0	42	0.00	0.00	58.32	7.36	0.00	0.00	2000
73	6.51	1127	2100	0.00	193	0	0	0	nan	0.00	0.03	2.12	91.36	93.49	0.00	37	0	42	0.00	0.00	59.46	7.33	0.00	0.00	2000
74	6.86	1058	2135	0.00	194	0	0	0	nan	0.00	0.02	2.03	92.70	93.14	0.00	37	0	42	0.00	0.00	60.48	7.58	0.00	0.00	2000
73	6.73	1093	2095	0.00	192	0	0	0	nan	0.00	0.02	3.22	89.85	93.27	0.00	37	0	42	0.00	0.00	59.82	7.59	0.00	0.00	2000
73	6.93	1045	2103	0.00	193	0	0	0	nan	0.00	0.00	3.21	90.06	93.07	0.00	37	0	42	0.00	0.00	59.31	7.45	0.00	0.00	2000
72	6.69	1092	2080	0.00	194	0	0	0	nan	0.00	0.00	2.71	89.70	93.31	0.00	37	0	42	0.00	0.00	58.50	7.35	0.00	0.00	2000
72	6.71	1070	2112	0.00	193	0	0	0	nan	0.00	0.00	2.78	91.10	93.29	0.00	36	0	42	0.00	0.00	60.31	7.61	0.00	0.00	2000
72	6.37	1135	2078	0.00	194	0	0	0	nan	0.00	0.00	2.16	90.38	93.63	0.00	37	0	42	0.00	0.00	58.04	7.16	0.00	0.00	2000
72	6.90	1035	2120	0.00	193	0	0	0	nan	0.00	0.03	2.41	91.63	93.10	0.00	37	0	42	0.00	0.00	58.96	7.37	0.00	0.00	2000
73	6.60	1112	2089	0.00	209	0	0	0	nan	0.01	0.00	3.31	89.56	93.40	0.00	37	0	42	0.00	0.00	57.84	7.09	0.00	0.00	2000
72	6.60	1083	2111	0.00	196	0	0	1	88.18	0.00	0.00	4.39	89.62	93.40	0.00	37	0	42	0.00	0.00	61.18	7.72	0.00	0.00	2000
73	6.55	1120	2102	0.29	194	0	0	2	86.96	0.00	0.00	3.59	89.89	93.45	0.00	37	0	42	0.00	0.00	59.17	7.37	0.00	0.00	2000
72	6.32	1146	2096	0.01	193	0	0	0	nan	0.01	0.00	3.21	90.11	93.68	0.00	37	0	42	0.00	0.00	59.11	7.37	0.00	0.00	2000
188	10.17	1844	2102	0.00	213	0	0	0	nan	0.00	0.00	6.72	83.22	89.83	0.00	39	0	42	0.00	0.00	62.71	7.38	0.00	0.00	2000
232	11.03	2099	2101	0.00	205	0	0	0	nan	0.00	0.00	4.03	85.01	88.97	0.00	39	0	42	0.00	0.00	66.51	7.72	0.00	0.00	2000
233	10.95	2117	2112	0.00	209	0	0	0	nan	0.00	0.00	2.77	86.86	89.05	0.00	40	0	42	0.00	0.00	66.58	7.60	0.00	0.00	2000
230	11.14	2069	2095	0.00	206	0	0	0	nan	0.01	0.00	4.99	83.74	88.86	0.00	40	0	42	0.00	0.00	65.70	7.63	0.00	0.00	2000
235	11.39	2068	2095	0.00	200	0	0	0	nan	0.00	0.00	8.77	79.67	88.61	0.00	38	0	42	0.00	0.00	63.41	7.35	0.00	0.00	2000
232	10.98	2103	2108	0.00	199	0	0	0	nan	0.00	0.00	4.55	84.82	89.02	0.00	37	0	42	0.00	0.00	66.49	7.82	0.00	0.00	2000
231	11.96	2025	2001	0.00	197	0	0	0	nan	0.00	0.00	5.37	78.58	88.04	0.00	38	0	42	0.00	0.00	61.52	7.11	0.00	0.00	2000
233	10.36	2142	2209	0.00	234	0	0	0	nan	0.00	1.00	7.47	85.80	89.64	0.00	38	0	42	0.00	0.00	70.56	8.27	0.00	0.00	2000
231	11.39	2030	2102	0.00	197	0	0	0	nan	0.00	0.02	7.45	81.24	88.61	0.00	38	0	42	0.00	0.00	69.23	7.98	0.00	0.00	2000
231	10.79	2147	2090	0.00	200	0	0	0	nan	0.00	0.00	6.14	82.62	89.21	0.00	38	0	42	0.00	0.00	60.90	7.02	0.00	0.00	2000
230	11.04	2079	2106	0.00	198	0	0	0	nan	0.00	0.00	6.30	82.94	88.96	0.00	38	0	42	0.00	0.00	67.35	7.86	0.00	0.00	2000
233	11.43	2054	2084	0.00	199	0	0	0	nan	0.00	0.00	5.73	82.26	88.57	0.00	39	0	42	0.00	0.00	64.74	7.45	0.00	0.00	2000
229	10.74	2135	2096	0.00	203	0	0	0	nan	0.00	0.00	6.84	82.30	89.26	0.00	39	0	42	0.00	0.00	64.78	7.29	0.00	0.00	2000
225	11.15	2062	2057	0.00	200	0	0	0	nan	0.00	0.00	4.93	82.08	88.85	0.00	39	0	42	0.00	0.00	65.05	7.37	0.00	0.00	2000
235	10.92	2073	2177	0.00	216	0	0	4	87.50	0.00	0.03	2.07	90.36	89.08	0.00	39	0	42	0.00	0.00	69.27	8.07	0.00	0.00	2000
232	11.05	2108	2091	0.56	199	0	0	16	78.90	0.00	0.03	4.78	83.79	88.96	0.00	39	0	42	0.00	0.00	63.50	7.45	0.00	0.00	2000
229	10.94	2116	2077	0.00	198	0	0	0	nan	0.00	0.00	5.53	82.63	89.06	0.00	40	0	42	0.00	0.00	64.75	7.48	0.00	0.00	2000
231	11.00	2077	2124	0.00	199	0	0	0	nan	0.00	0.01	6.46	83.53	89.00	0.00	40	0	42	0.00	0.00	68.54	7.75	0.00	0.00	2000
225	10.90	2102	2067	0.00	197	0	0	0	nan	0.00	0.94	3.31	83.44	89.10	0.00	40	0	42	0.00	0.00	62.73	7.25	0.00	0.00	2000
230	10.85	2093	2128	0.00	196	0	0	0	nan	0.00	0.04	3.97	86.45	89.15	0.00	39	0	42	0.00	0.00	66.74	7.60	0.00	0.00	2000
228	10.98	2097	2081	0.00	199	0	0	0	nan	0.00	0.02	4.77	83.52	89.02	0.00	38	0	42	0.00	0.00	65.31	7.65	0.00	0.00	2000
232	11.38	2063	2075	0.00	201	0	0	0	nan	0.00	0.00	4.30	83.27	88.62	0.00	38	0	42	0.00	0.00	63.98	7.69	0.00	0.00	2000
232	10.97	2087	2131	0.00	214	0	0	0	nan	0.00	0.01	6.27	84.21	89.03	0.00	38	0	42	0.00	0.00	68.76	8.02	0.00	0.00	2000
231	11.21	2061	2097	0.00	198	0	0	0	nan	0.00	0.00	3.78	84.99	88.79	0.00	38	0	42	0.00	0.00	64.66	7.29	0.00	0.00	2000
234	11.08	2093	2123	0.00	199	0	0	0	nan	0.00	0.02	5.22	84.77	88.92	0.00	38	0	42	0.00	0.00	66.09	7.59	0.00	0.00	2000
232	11.03	2094	2106	0.00	212	0	0	0	nan	0.00	0.00	5.44	83.83	88.97	0.00	38	0	42	0.00	0.00	65.25	7.51	0.00	0.00	2000
230	10.92	2110	2097	0.00	202	0	0	0	nan	0.00	0.00	7.41	81.69	89.08	0.00	39	0	42	0.00	0.00	64.98	7.32	0.00	0.00	2000
228	11.10	2071	2084	0.00	196	0	0	0	nan	0.00	0.00	6.03	82.30	88.90	0.00	38	0	42	0.00	0.00	64.89	7.44	0.00	0.00	2000
232	10.95	2093	2122	0.00	198	0	0	0	nan	0.00	0.56	4.40	85.14	89.05	0.00	38	0	42	0.00	0.00	68.97	7.96	0.00	0.00	2000
234	10.84	2164	2094	0.00	197	0	0	0	nan	0.00	0.07	3.09	85.88	89.16	0.00	38	0	42	0.00	0.00	63.31	7.39	0.00	0.00	2000
226	11.09	2041	2094	0.00	196	0	0	0	nan	0.07	0.02	5.13	83.60	88.91	0.00	38	0	42	0.00	0.00	64.89	7.29	0.00	0.00	2000
221	10.87	2101	2034	0.00	199	0	0	9	87.33	0.00	0.42	5.45	80.56	89.13	0.00	39	0	42	0.00	0.00	60.96	7.22	0.00	0.00	2000
226	10.58	2063	2175	0.86	194	0	0	17	94.26	0.00	0.00	7.78	84.90	89.42	0.00	39	0	42	0.00	0.00	71.29	8.25	0.00	0.00	2000
223	10.90	2063	2082	0.00	194	0	0	0	nan	0.00	0.88	6.82	80.75	89.10	0.00	40	0	42	0.00	0.00	60.56	6.99	0.00	0.00	2000
224	10.62	2099	2113	0.00	198	0	0	0	nan	0.00	0.01	4.87	85.11	89.38	0.00	39	0	42	0.00	0.00	67.83	8.34	0.00	0.00	2000
223	10.98	2074	2056	0.00	195	0	0	0	nan	0.00	0.00	6.36	80.93	89.02	0.00	39	0	42	0.00	0.00	63.98	7.30	0.00	0.00	2000
224	10.79	2041	2135	0.00	200	0	0	0	nan	0.00	0.00	6.26	84.55	89.21	0.00	39	0	42	0.00	0.00	67.57	8.07	0.00	0.00	2000
224	10.93	2032	2117	0.00	195	0	0	0	nan	0.00	0.00	6.96	83.00	89.07	0.00	40	0	42	0.00	0.00	66.41	7.64	0.00	0.00	2000
222	10.69	2079	2101	0.00	196	0	0	0	nan	0.00	0.03	5.77	83.67	89.31	0.00	39	0	42	0.00	0.00	60.93	7.29	0.00	0.00	2000
220	10.98	2079	2026	0.00	195	0	0	0	nan	0.00	0.02	5.41	80.60	89.02	0.00	39	0	42	0.00	0.00	62.69	7.32	0.00	0.00	2000
235	10.85	2103	2163	0.00	201	0	0	0	nan	0.04	0.01	8.65	83.18	89.15	0.00	37	0	43	0.00	0.00	69.97	8.35	0.00	0.00	2000
314	15.03	2218	1976	0.00	200	0	0	0	nan	0.00	0.04	5.71	74.35	84.97	0.00	37	0	42	0.00	0.00	55.69	6.45	0.00	0.00	2000
287	12.55	2119	2268	0.00	371	0	0	0	nan	0.00	0.00	14.52	79.98	87.45	0.00	37	0	42	0.00	0.00	75.84	8.68	0.00	0.00	2000
229	11.19	2055	2095	0.00	202	0	0	0	nan	0.00	0.00	6.43	82.22	88.81	0.00	38	0	42	0.00	0.00	66.37	7.71	0.00	0.00	2000
232	11.46	2022	2101	0.00	202	0	0	0	nan	0.01	0.03	3.03	85.73	88.54	0.00	38	0	42	0.00	0.00	65.35	7.52	0.00	0.00	2000
226	10.98	2066	2093	0.00	197	0	0	0	nan	0.01	0.00	5.22	83.53	89.02	0.00	38	0	42	0.00	0.00	64.31	7.44	0.00	0.00	2000
232	11.29	2036	2122	0.00	198	0	0	0	nan	0.00	0.00	4.38	85.38	88.71	0.00	38	0	42	0.00	0.00	65.76	7.67	0.00	0.00	2000
227	11.29	2014	2098	0.00	199	0	0	0	nan	0.00	0.00	4.93	83.78	88.71	0.00	38	0	42	0.00	0.00	65.57	7.55	0.00	0.00	2000
228	11.14	2048	2098	0.00	196	0	0	1	86.80	0.00	0.01	5.67	83.17	88.86	0.00	38	0	42	0.00	0.00	65.26	7.52	0.00	0.00	2000
236	11.70	2030	2085	0.56	204	0	0	2	70.55	0.00	0.00	6.00	81.80	88.30	0.00	38	0	42	0.00	0.00	64.59	7.40	0.00	0.00	2000
233	11.27	2047	2117	0.00	208	0	0	0	nan	0.00	0.00	3.96	85.63	88.73	0.00	39	0	42	0.00	0.00	64.50	7.57	0.00	0.00	2000
227	11.00	2066	2096	0.00	196	0	0	0	nan	0.00	0.01	3.89	85.08	89.00	0.00	39	0	42	0.00	0.00	65.05	7.59	0.00	0.00	2000
229	11.20	2050	2095	0.00	197	0	0	0	nan	0.01	0.03	2.78	85.92	88.80	0.00	39	0	42	0.00	0.00	65.54	7.57	0.00	0.00	2000
229	11.05	2061	2110	0.00	196	0	0	0	nan	0.00	0.02	4.31	85.17	88.95	0.00	39	0	42	0.00	0.00	65.15	7.78	0.00	0.00	2000
229	11.42	2016	2088	0.00	199	0	0	0	nan	0.00	0.00	5.46	82.77	88.58	0.00	39	0	42	0.00	0.00	65.60	7.61	0.00	0.00	2000
230	11.36	2012	2109	0.00	200	0	0	0	nan	0.00	0.02	6.31	82.83	88.64	0.00	39	0	42	0.00	0.00	65.46	7.60	0.00	0.00	2000
232	11.32	2044	2105	0.00	199	0	0	0	nan	0.00	0.00	6.66	82.34	88.69	0.00	38	0	42	0.00	0.00	66.34	7.88	0.00	0.00	2000
228	11.11	2069	2082	0.00	197	0	0	0	nan	0.00	0.02	5.59	82.63	88.89	0.00	38	0	42	0.00	0.00	66.92	7.96	0.00	0.00	2000
159	9.72	1649	2083	0.00	205	0	0	0	nan	0.00	0.00	6.78	82.95	90.28	0.00	37	0	42	0.00	0.00	60.21	7.23	0.00	0.00	2000
78	7.00	1112	2097	0.00	200	0	0	0	nan	0.00	0.00	5.43	87.47	93.00	0.00	37	0	42	0.00	0.00	59.30	7.73	0.00	0.00	2000
83	6.91	1170	2147	0.00	196	0	0	0	nan	0.01	0.01	2.40	92.65	93.09	0.00	37	0	42	0.00	0.00	59.90	7.72	0.00	0.00	2000
78	7.14	1116	2060	0.00	197	0	0	0	nan	0.00	0.00	4.95	86.28	92.86	0.00	37	0	42	0.00	0.00	59.42	7.64	0.00	0.00	2000
117	8.57	1425	2013	0.00	212	0	0	0	nan	0.00	0.00	4.24	83.54	91.43	0.00	37	0	42	0.00	0.00	59.43	7.47	0.00	0.00	2000
234	10.60	2099	2207	0.00	199	0	0	0	nan	0.00	0.01	5.65	88.32	89.40	0.00	37	0	42	0.00	0.00	66.83	7.70	0.00	0.00	2000
232	10.95	2119	2105	0.00	202	0	0	0	nan	0.00	0.07	4.35	84.91	89.05	0.00	37	0	42	0.00	0.00	65.07	7.65	0.00	0.00	2000
199	10.16	1950	2113	0.00	201	0	0	4	81.74	0.00	0.02	4.28	86.28	89.84	0.00	37	0	42	0.00	0.00	66.51	7.79	0.00	0.00	2000
78	6.98	1113	2098	0.07	194	0	0	2	88.44	0.00	0.02	3.67	89.32	93.02	0.00	37	0	42	0.00	0.00	58.60	7.43	0.00	0.00	2000
143	9.22	1588	2050	0.00	202	0	0	0	nan	0.00	0.05	4.16	84.60	90.78	0.00	37	0	42	0.00	0.00	60.17	7.31	0.00	0.00	2000
231	11.11	2034	2144	0.00	194	0	0	0	nan	0.00	0.02	3.76	87.15	88.89	0.00	37	0	42	0.00	0.00	68.31	7.89	0.00	0.00	2000
228	11.13	2050	2100	0.00	199	0	0	0	nan	0.00	0.00	4.54	84.37	88.87	0.00	37	0	42	0.00	0.00	65.37	7.67	0.00	0.00	2000
225	11.66	2043	1987	0.00	195	0	0	0	nan	0.00	0.01	3.41	80.26	88.34	0.00	37	0	42	0.00	0.00	60.58	7.02	0.00	0.00	2000
232	10.88	2041	2197	0.00	212	0	0	0	nan	0.00	0.00	3.47	89.82	89.12	0.00	37	0	42	0.00	0.00	67.92	7.91	0.00	0.00	2000
230	11.00	2059	2128	0.00	195	0	0	0	nan	0.00	0.00	4.14	86.16	89.00	0.00	37	0	42	0.00	0.00	67.81	7.87	0.00	0.00	2000
218	12.35	2104	1758	0.00	194	0	0	0	nan	0.00	0.01	2.96	70.55	87.65	0.00	37	0	42	0.00	0.00	49.95	5.75	0.00	0.00	2000
245	10.09	2005	2546	0.00	244	0	0	0	nan	0.00	0.00	5.49	103.55	89.91	0.00	37	0	42	0.00	0.00	82.70	9.94	0.00	0.00	2000
255	11.71	2318	1972	0.00	208	0	0	0	nan	0.00	1.62	5.50	75.92	88.29	0.00	37	0	42	0.00	0.00	61.44	7.31	0.00	0.00	2000
197	10.08	1826	2250	0.00	276	0	0	0	nan	0.00	0.02	6.25	90.20	89.92	0.00	37	0	42	0.00	0.00	73.29	8.90	0.00	0.00	2000
96	7.59	1257	2103	0.00	212	0	0	0	nan	0.00	0.00	5.37	87.20	92.41	0.00	37	0	42	0.00	0.00	60.77	7.58	0.00	0.00	2000
78	6.82	1152	2092	0.00	193	0	0	0	nan	0.00	0.00	3.87	89.01	93.18	0.00	37	0	42	0.00	0.00	58.62	7.59	0.00	0.00	2000
100	8.51	1188	2082	0.00	81	0	0	0	nan	0.00	0.00	6.95	83.95	91.49	0.00	37	0	42	0.00	0.00	56.70	7.15	0.00	0.00	2000
