Avg_MHz	Busy%	Bzy_MHz	TSC_MHz	IPC	IRQ	NMI	SMI	LLCMRPS	LLC%hit	POLL%	C1%	C1E%	C6%	CPU%c1	CPU%c6	CoreTmp	CoreThr	PkgTmp	Pkg%pc2	Pkg%pc6	PkgWatt	RAMWatt	PKG_%	RAM_%	UncMHz
326	15.73	2034	2143	0.00	224	0	0	0	nan	0.00	0.42	41.03	44.62	84.27	0.00	37	0	42	0.00	0.00	66.83	7.80	0.00	0.00	2000
316	15.22	2047	2130	0.00	216	0	0	0	nan	0.01	2.84	14.10	69.31	84.78	0.00	37	0	41	0.00	0.00	68.38	7.55	0.00	0.00	2000
79	6.91	1143	2110	0.00	193	0	0	0	nan	0.00	0.00	4.90	88.68	93.09	0.00	37	0	42	0.00	0.00	60.42	7.51	0.00	0.00	2000
71	6.66	1082	2074	0.00	195	0	0	0	nan	0.00	0.00	2.97	89.20	93.34	0.00	37	0	42	0.00	0.00	57.95	7.01	0.00	0.00	2000
74	6.56	1119	2111	0.00	193	0	0	0	nan	0.00	0.02	2.36	91.43	93.44	0.00	37	0	42	0.00	0.00	58.72	7.33	0.00	0.00	2000
73	6.40	1131	2110	0.00	193	0	0	0	nan	0.00	0.02	2.49	91.49	93.60	0.00	37	0	42	0.00	0.00	60.16	7.43	0.00	0.00	2000
78	7.22	1090	2094	0.00	215	0	0	0	nan	0.00	0.00	4.03	88.49	92.78	0.00	37	0	42	0.00	0.00	58.29	7.15	0.00	0.00	2000
73	6.65	1104	2080	0.00	198	0	0	0	nan	0.00	0.05	4.43	88.05	93.35	0.00	37	0	42	0.00	0.00	57.37	7.10	0.00	0.00	2000
72	6.68	1080	2108	0.00	195	0	0	0	nan	0.00	0.00	3.57	90.23	93.32	0.00	37	0	42	0.00	0.00	61.87	7.89	0.00	0.00	2000
72	6.96	1025	2123	0.00	192	0	0	0	nan	0.00	0.00	1.78	92.47	93.04	0.00	37	0	42	0.00	0.00	59.56	7.50	0.00	0.00	2000
73	6.46	1134	2103	0.00	192	0	0	0	nan	0.00	0.02	2.55	91.08	93.54	0.00	37	0	41	0.00	0.00	58.66	7.28	0.00	0.00	2000
73	6.81	1077	2098	0.00	193	0	0	0	nan	0.00	0.00	2.92	90.31	93.19	0.00	37	0	42	0.00	0.00	60.02	7.46	0.00	0.00	2000
72	6.06	1200	2077	0.00	193	0	0	0	nan	0.00	0.02	2.83	90.11	93.94	0.00	37	0	42	0.00	0.00	58.96	7.27	0.00	0.00	2000
72	6.54	1109	2095	0.00	192	0	0	0	nan	0.00	0.02	1.92	91.24	93.46	0.00	37	0	42	0.00	0.00	58.50	7.45	0.00	0.00	2000
75	6.54	1124	2136	0.00	193	0	0	0	nan	0.00	0.00	2.07	92.87	93.46	0.00	37	0	41	0.00	0.00	60.73	7.69	0.00	0.00	2000
73	6.56	1108	2096	0.00	195	0	0	0	90.06	0.00	0.02	3.09	90.15	93.44	0.00	37	0	41	0.00	0.00	58.60	7.35	0.00	0.00	2000
72	6.41	1143	2066	0.30	193	0	0	1	83.23	0.00	0.00	2.61	89.40	93.59	0.00	37	0	42	0.00	0.00	57.50	7.03	0.00	0.00	2000
73	6.56	1093	2139	0.04	193	0	0	0	nan	0.00	0.02	2.17	93.00	93.44	0.00	37	0	41	0.00	0.00	60.39	7.57	0.00	0.00	2000
186	9.69	1950	2065	0.00	215	0	0	0	nan	0.00	0.02	3.96	84.90	90.31	0.00	38	0	42	0.00	0.00	61.94	7.14	0.00	0.00	2000
232	11.43	2014	2112	0.00	223	0	0	0	nan	0.00	0.00	4.39	84.82	88.57	0.00	39	0	42	0.00	0.00	63.99	7.18	0.00	0.00	2000
231	11.11	2063	2117	0.00	215	0	0	0	nan	0.00	0.00	4.11	85.65	88.89	0.00	40	0	42	0.00	0.00	66.10	7.41	0.00	0.00	2000
230	11.11	2066	2102	0.00	203	0	0	0	nan	0.00	0.02	3.04	86.09	88.89	0.00	40	0	42	0.00	0.00	65.96	7.19	0.00	0.00	2000
232	11.51	2018	2094	0.00	197	0	0	0	nan	0.00	0.00	5.52	82.93	88.49	0.00	38	0	42	0.00	0.00	65.71	7.82	0.00	0.00	2000
233	11.24	2070	2106	0.00	198	0	0	0	nan	0.00	0.00	4.65	84.48	88.76	0.00	38	0	42	0.00	0.00	64.50	7.70	0.00	0.00	2000
232	11.38	2086	2052	0.00	200	0	0	0	nan	0.01	0.02	4.17	82.47	88.62	0.00	37	0	41	0.00	0.00	64.61	7.53	0.00	0.00	2000
233	10.65	2131	2156	0.00	215	0	0	0	nan	0.00	0.01	6.29	85.44	89.35	0.00	37	0	42	0.00	0.00	72.75	8.51	0.00	0.00	2000
232	11.25	2070	2093	0.00	201	0	0	0	nan	0.00	1.05	6.61	80.92	88.75	0.00	37	0	42	0.00	0.00	65.62	7.66	0.00	0.00	2000
228	11.18	2048	2093	0.00	199	0	0	0	nan	0.00	0.00	6.67	82.03	88.82	0.00	37	0	42	0.00	0.00	62.60	7.05	0.00	0.00	2000
231	11.09	2075	2103	0.00	196	0	0	0	nan	0.00	0.00	4.69	84.39	88.91	0.00	37	0	42	0.00	0.00	64.97	7.57	0.00	0.00	2000
233	11.74	1980	2105	0.00	201	0	0	0	nan	0.00	0.00	5.22	83.42	88.26	0.00	37	0	42	0.00	0.00	63.33	7.16	0.00	0.00	2000
224	11.30	2039	2044	0.00	198	0	0	0	nan	0.00	0.00	5.62	80.82	88.70	0.00	38	0	42	0.00	0.00	61.50	7.14	0.00	0.00	2000
232	10.92	2075	2156	0.00	213	0	0	0	nan	0.01	0.02	4.82	86.74	89.08	0.00	38	0	42	0.00	0.00	68.38	7.90	0.00	0.00	2000
227	11.07	2073	2077	0.00	199	0	0	3	94.37	0.00	0.00	4.63	83.45	88.93	0.00	38	0	42	0.00	0.00	66.83	7.28	0.00	0.00	2000
232	11.49	1996	2126	0.57	217	0	0	17	97.13	0.00	0.01	4.80	84.90	88.51	0.00	38	0	42	0.00	0.00	64.15	7.45	0.00	0.00	2000
227	10.84	2129	2062	0.00	205	0	0	0	nan	0.00	0.00	3.45	84.24	89.16	0.00	38	0	42	0.00	0.00	63.34	7.17	0.00	0.00	2000
233	11.24	2033	2143	0.00	197	0	0	0	nan	0.00	0.02	3.17	87.53	88.76	0.00	38	0	42	0.00	0.00	71.11	7.73	0.00	0.00	2000
228	11.45	2018	2071	0.00	199	0	0	0	nan	0.00	0.03	3.85	83.63	88.55	0.00	39	0	42	0.00	0.00	61.23	7.24	0.00	0.00	2000
230	10.78	2101	2131	0.00	215	0	0	0	nan	0.00	0.00	5.23	85.44	89.22	0.00	38	0	42	0.00	0.00	65.63	7.48	0.00	0.00	2000
228	10.74	2160	2065	0.00	199	0	0	0	nan	0.00	0.04	4.14	83.62	89.26	0.00	38	0	42	0.00	0.00	63.74	7.00	0.00	0.00	2000
232	11.29	2020	2139	0.00	198	0	0	0	nan	0.01	0.00	4.70	85.73	88.71	0.00	38	0	42	0.00	0.00	65.72	7.55	0.00	0.00	2000
230	11.23	2053	2094	0.00	196	0	0	0	nan	0.00	0.00	4.98	83.62	88.77	0.00	38	0	42	0.00	0.00	65.39	7.47	0.00	0.00	2000
229	11.11	2053	2104	0.00	196	0	0	0	nan	0.00	0.00	6.49	82.72	88.89	0.00	38	0	42	0.00	0.00	64.77	7.40	0.00	0.00	2000
225	11.11	2063	2065	0.00	199	0	0	0	nan	0.00	0.02	5.45	82.05	88.89	0.00	37	0	42	0.00	0.00	65.80	7.67	0.00	0.00	2000
238	11.40	2049	2137	0.00	201	0	0	0	nan	0.00	0.03	5.39	84.90	88.60	0.00	38	0	42	0.00	0.00	69.33	7.96	0.00	0.00	2000
230	11.19	2061	2097	0.00	196	0	0	0	nan	0.00	0.02	5.85	83.03	88.81	0.00	38	0	42	0.00	0.00	65.07	7.42	0.00	0.00	2000
232	11.37	2032	2109	0.00	198	0	0	0	nan	0.00	0.02	4.37	84.78	88.63	0.00	38	0	42	0.00	0.00	60.44	6.97	0.00	0.00	2000
229	10.95	2122	2070	0.00	201	0	0	0	nan	0.00	0.00	4.92	82.94	89.05	0.00	38	0	42	0.00	0.00	64.10	7.59	0.00	0.00	2000
234	11.08	2085	2124	0.00	214	0	0	0	nan	0.00	0.02	4.19	85.88	88.92	0.00	38	0	42	0.00	0.00	70.52	7.87	0.00	0.00	2000
232	11.15	2092	2094	0.00	199	0	0	0	nan	0.00	0.06	5.19	83.47	88.85	0.00	38	0	42	0.00	0.00	62.08	7.17	0.00	0.00	2000
225	10.52	2160	2078	0.00	198	0	0	4	75.77	0.00	0.04	3.88	84.65	89.48	0.00	38	0	42	0.00	0.00	65.36	7.65	0.00	0.00	2000
237	11.45	2038	2137	0.77	198	0	0	11	75.43	0.00	0.03	3.56	86.64	88.55	0.00	38	0	42	0.00	0.00	65.34	7.61	0.00	0.00	2000
227	10.62	2166	2076	0.00	199	0	0	0	nan	0.00	0.84	4.94	82.66	89.38	0.00	38	0	42	0.00	0.00	59.80	6.99	0.00	0.00	2000
253	11.93	2168	2056	0.00	240	0	0	0	nan	0.01	0.25	7.02	79.05	88.07	0.00	37	0	42	0.00	0.00	71.32	8.10	0.00	0.00	2000
236	10.73	2133	2163	0.00	194	0	0	0	nan	0.00	0.67	8.12	83.32	89.27	0.00	37	0	42	0.00	0.00	67.17	7.80	0.00	0.00	2000
337	15.73	2299	1957	0.00	210	0	0	0	nan	0.00	0.01	4.23	74.40	84.27	0.00	39	0	42	0.00	0.00	64.11	8.05	0.00	0.00	2000
692	27.51	2500	2112	0.00	293	0	0	0	nan	0.00	0.00	3.00	70.02	72.49	0.00	40	0	42	0.00	0.00	80.26	8.05	0.00	0.00	2000
687	27.49	2500	2099	0.00	252	0	0	0	nan	0.00	0.00	3.45	69.17	72.51	0.00	41	0	42	0.00	0.00	76.05	7.77	0.00	0.00	2000
689	27.55	2500	2100	0.00	261	0	0	0	nan	0.00	0.01	3.53	69.05	72.45	0.00	42	0	42	0.00	0.00	81.31	8.05	0.00	0.00	2000
687	27.49	2500	2100	0.00	251	0	0	0	nan	0.00	0.00	3.47	69.18	72.51	0.00	42	0	42	0.00	0.00	75.57	7.51	0.00	0.00	2000
688	27.53	2500	2100	0.00	262	0	0	0	nan	0.00	0.00	3.32	69.28	72.47	0.00	42	0	42	0.00	0.00	78.18	7.73	0.00	0.00	2000
686	27.46	2500	2099	0.00	251	0	0	0	nan	0.00	0.00	3.48	69.16	72.54	0.00	42	0	42	0.00	0.00	78.14	7.71	0.00	0.00	2000
689	27.55	2500	2101	0.00	261	0	0	0	nan	0.00	0.00	3.31	69.30	72.45	0.00	42	0	42	0.00	0.00	78.18	7.77	0.00	0.00	2000
688	27.50	2500	2100	0.00	251	0	0	0	nan	0.00	0.00	3.05	69.57	72.50	0.00	42	0	42	0.00	0.00	78.21	7.73	0.00	0.00	2000
688	27.51	2500	2100	0.00	251	0	0	0	nan	0.00	0.00	3.00	69.63	72.49	0.00	42	0	42	0.00	0.00	78.31	7.81	0.00	0.00	2000
687	27.51	2500	2098	1.72	262	0	0	122	91.96	0.00	0.00	4.44	68.10	72.49	0.00	42	0	42	0.00	0.00	78.38	7.62	0.00	0.00	2000
694	27.62	2500	2110	0.06	252	0	0	0	nan	0.00	0.00	4.43	68.42	72.38	0.00	42	0	42	0.00	0.00	81.32	7.93	0.00	0.00	2000
686	27.53	2500	2092	0.00	241	0	0	0	nan	0.00	0.00	3.16	69.18	72.47	0.00	42	0	42	0.00	0.00	75.71	7.63	0.00	0.00	2000
688	27.54	2500	2100	0.00	251	0	0	0	nan	0.00	0.00	3.71	68.87	72.46	0.00	42	0	42	0.00	0.00	78.28	7.52	0.00	0.00	2000
688	27.50	2500	2101	0.00	261	0	0	0	nan	0.00	0.00	3.38	69.28	72.50	0.00	42	0	42	0.00	0.00	78.34	7.78	0.00	0.00	2000
689	27.54	2500	2100	0.00	252	0	0	0	nan	0.00	0.00	3.79	68.82	72.46	0.00	42	0	42	0.00	0.00	78.35	7.73	0.00	0.00	2000
688	27.50	2500	2100	0.00	261	0	0	0	nan	0.00	0.00	3.40	69.23	72.50	0.00	42	0	42	0.00	0.00	78.37	7.75	0.00	0.00	2000
688	27.52	2500	2100	0.00	251	0	0	0	nan	0.00	0.00	3.73	68.88	72.48	0.00	42	0	42	0.00	0.00	78.67	7.64	0.00	0.00	2000
687	27.49	2500	2099	0.00	261	0	0	0	nan	0.00	0.00	3.47	69.14	72.51	0.00	42	0	42	0.00	0.00	78.50	7.76	0.00	0.00	2000
688	27.50	2500	2100	0.00	251	0	0	0	nan	0.00	0.00	3.40	69.23	72.50	0.00	42	0	42	0.00	0.00	78.18	7.77	0.00	0.00	2000
686	27.48	2500	2099	0.00	260	0	0	0	nan	0.00	0.00	3.08	69.53	72.52	0.00	43	0	43	0.00	0.00	78.49	7.83	0.00	0.00	2000
689	27.52	2500	2101	0.00	251	0	0	0	nan	0.00	0.00	3.77	68.89	72.48	0.00	42	0	42	0.00	0.00	78.45	7.59	0.00	0.00	2000
687	27.48	2500	2100	0.00	262	0	0	0	nan	0.00	0.00	3.79	68.85	72.52	0.00	42	0	42	0.00	0.00	78.23	7.73	0.00	0.00	2000
688	27.52	2500	2100	0.00	251	0	0	4	86.24	0.00	0.00	3.74	68.87	72.48	0.00	42	0	42	0.00	0.00	78.35	7.76	0.00	0.00	2000
688	27.53	2500	2100	1.77	260	0	0	118	92.81	0.00	0.00	3.77	68.83	72.47	0.00	43	0	43	0.00	0.00	78.46	7.64	0.00	0.00	2000
709	28.41	2500	2096	0.00	252	0	0	0	nan	0.00	0.00	4.31	67.27	71.59	0.00	42	0	42	0.00	0.00	78.93	7.78	0.00	0.00	2000
547	21.13	2396	2268	0.00	283	0	0	0	nan	0.00	0.00	11.55	73.73	78.87	0.00	40	0	42	0.00	0.00	82.42	8.62	0.00	0.00	2000
195	9.94	1939	2126	0.00	206	0	0	0	nan	0.00	0.00	5.73	85.49	90.06	0.00	39	0	42	0.00	0.00	66.27	7.90	0.00	0.00	2000
110	7.41	1500	2083	0.00	221	0	0	0	nan	0.00	0.02	7.46	84.30	92.59	0.00	38	0	42	0.00	0.00	60.43	7.42	0.00	0.00	2000
112	8.24	1356	2108	0.00	82	0	0	0	nan	0.00	0.00	9.11	83.25	91.76	0.00	38	0	42	0.00	0.00	64.17	7.78	0.00	0.00	2000
