Avg_MHz	Busy%	Bzy_MHz	TSC_MHz	IPC	IRQ	NMI	SMI	LLCMRPS	LLC%hit	POLL%	C1%	C1E%	C6%	CPU%c1	CPU%c6	CoreTmp	CoreThr	PkgTmp	Pkg%pc2	Pkg%pc6	PkgWatt	RAMWatt	PKG_%	RAM_%	UncMHz
323	16.50	1891	2176	0.00	256	0	0	0	nan	0.00	1.00	30.86	54.80	83.50	0.00	37	0	42	0.00	0.00	69.19	8.00	0.00	0.00	2000
303	14.86	2065	2076	0.00	213	0	0	0	nan	0.02	2.21	25.47	56.67	85.14	0.00	37	0	42	0.00	0.00	62.54	7.23	0.00	0.00	2000
77	7.05	1073	2141	0.00	210	0	0	0	nan	0.00	0.00	5.80	89.02	92.95	0.00	37	0	42	0.00	0.00	60.52	7.62	0.00	0.00	2000
73	6.49	1125	2097	0.00	193	0	0	0	nan	0.00	0.00	3.74	89.62	93.51	0.00	37	0	42	0.00	0.00	57.87	7.25	0.00	0.00	2000
74	6.78	1088	2098	0.00	193	0	0	0	nan	0.00	0.02	3.37	89.73	93.22	0.00	37	0	42	0.00	0.00	57.79	7.12	0.00	0.00	2000
73	6.68	1096	2106	0.00	193	0	0	0	nan	0.00	0.00	3.33	90.36	93.32	0.00	36	0	42	0.00	0.00	58.85	7.55	0.00	0.00	2000
73	6.41	1153	2076	0.00	195	0	0	0	nan	0.00	0.02	3.39	89.12	93.59	0.00	37	0	42	0.00	0.00	57.57	7.42	0.00	0.00	2000
72	7.00	1023	2120	0.00	193	0	0	0	nan	0.00	0.00	4.30	89.61	93.00	0.00	37	0	42	0.00	0.00	58.58	7.48	0.00	0.00	2000
74	6.47	1141	2105	0.00	193	0	0	0	nan	0.00	0.00	3.79	89.86	93.53	0.00	37	0	42	0.00	0.00	57.36	7.29	0.00	0.00	2000
72	6.66	1088	2101	0.00	193	0	0	0	nan	0.00	0.02	3.43	90.03	93.34	0.00	37	0	42	0.00	0.00	60.70	7.74	0.00	0.00	2000
72	6.64	1094	2081	0.00	194	0	0	0	nan	0.00	0.00	3.50	89.15	93.36	0.00	36	0	42	0.00	0.00	54.79	7.20	0.00	0.00	2000
73	6.40	1134	2101	0.00	193	0	0	0	nan	0.00	0.01	2.44	91.22	93.60	0.00	37	0	42	0.00	0.00	60.71	7.65	0.00	0.00	2000
74	6.62	1106	2111	0.00	194	0	0	0	nan	0.00	0.06	2.93	90.92	93.38	0.00	37	0	42	0.00	0.00	58.73	7.62	0.00	0.00	2000
72	6.64	1088	2092	0.00	194	0	0	0	nan	0.00	0.02	2.62	90.29	93.36	0.00	36	0	42	0.00	0.00	58.61	7.49	0.00	0.00	2000
73	6.39	1148	2075	0.00	194	0	0	0	nan	0.00	0.01	2.94	89.51	93.61	0.00	36	0	42	0.00	0.00	56.47	7.27	0.00	0.00	2000
73	6.91	1034	2134	0.00	194	0	0	0	86.80	0.00	0.01	1.92	92.74	93.09	0.00	37	0	42	0.00	0.00	60.39	7.71	0.00	0.00	2000
73	6.51	1127	2102	0.29	210	0	0	1	86.85	0.00	0.00	2.73	90.85	93.49	0.00	36	0	42	0.00	0.00	58.29	7.34	0.00	0.00	2000
72	6.58	1090	2103	0.01	193	0	0	0	nan	0.00	0.02	2.88	90.71	93.42	0.00	37	0	42	0.00	0.00	58.70	7.46	0.00	0.00	2000
180	10.07	1814	2069	0.00	214	0	0	0	nan	0.01	0.01	5.51	83.18	89.93	0.00	38	0	42	0.00	0.00	62.43	7.35	0.00	0.00	2000
235	11.34	2047	2123	0.00	218	0	0	0	nan	0.00	0.00	4.63	85.11	88.66	0.00	39	0	42	0.00	0.00	65.56	7.55	0.00	0.00	2000
231	10.97	2094	2108	0.00	211	0	0	0	nan	0.00	0.00	3.28	86.21	89.03	0.00	40	0	42	0.00	0.00	64.92	7.46	0.00	0.00	2000
230	11.47	1997	2105	0.00	202	0	0	0	nan	0.01	0.00	2.76	86.15	88.54	0.00	40	0	42	0.00	0.00	65.60	7.59	0.00	0.00	2000
231	11.07	2101	2083	0.00	198	0	0	0	nan	0.02	0.26	5.49	82.65	88.93	0.00	38	0	42	0.00	0.00	62.63	7.54	0.00	0.00	2000
230	11.40	2021	2098	0.00	199	0	0	0	nan	0.00	0.00	5.06	83.60	88.60	0.00	38	0	42	0.00	0.00	65.39	7.87	0.00	0.00	2000
238	11.74	2064	2066	0.00	203	0	0	0	nan	0.00	0.02	4.24	82.66	88.26	0.00	38	0	42	0.00	0.00	66.82	7.65	0.00	0.00	2000
232	10.66	2120	2152	0.00	211	0	0	0	nan	0.00	0.02	6.48	85.07	89.34	0.00	38	0	42	0.00	0.00	66.99	7.96	0.00	0.00	2000
233	11.20	2084	2096	0.00	200	0	0	0	nan	0.00	0.00	6.23	82.46	88.80	0.00	38	0	42	0.00	0.00	66.19	7.81	0.00	0.00	2000
230	11.39	2021	2095	0.00	199	0	0	0	nan	0.01	0.00	5.36	83.15	88.61	0.00	38	0	42	0.00	0.00	64.37	7.41	0.00	0.00	2000
230	10.90	2101	2108	0.00	198	0	0	0	nan	0.00	1.10	3.80	84.63	89.10	0.00	39	0	42	0.00	0.00	66.06	7.55	0.00	0.00	2000
231	11.16	2084	2088	0.00	204	0	0	0	nan	0.00	0.01	6.09	82.27	88.84	0.00	39	0	42	0.00	0.00	66.09	7.55	0.00	0.00	2000
225	10.90	2087	2075	0.00	196	0	0	0	nan	0.00	0.00	5.00	83.12	89.10	0.00	39	0	42	0.00	0.00	63.55	7.25	0.00	0.00	2000
236	11.65	2026	2101	0.00	206	0	0	0	nan	0.00	0.02	5.81	82.62	88.35	0.00	39	0	43	0.00	0.00	63.16	7.26	0.00	0.00	2000
234	11.33	2067	2100	0.00	199	0	0	8	87.48	0.00	0.04	4.85	83.91	88.67	0.00	39	0	42	0.00	0.00	68.40	7.85	0.00	0.00	2000
232	10.90	2108	2121	0.45	216	0	0	14	50.73	0.00	0.00	8.94	81.07	89.10	0.00	38	0	42	0.00	0.00	63.66	7.34	0.00	0.00	2000
229	11.16	2080	2070	0.00	198	0	0	0	nan	0.00	0.00	5.10	82.58	88.85	0.00	38	0	42	0.00	0.00	64.62	7.41	0.00	0.00	2000
238	11.92	2132	1966	0.00	216	0	0	0	nan	0.00	0.02	5.82	76.74	88.08	0.00	37	0	42	0.00	0.00	64.01	7.40	0.00	0.00	2000
236	11.08	2052	2183	0.00	214	0	0	0	nan	0.00	0.03	7.01	85.44	88.92	0.00	37	0	42	0.00	0.00	66.36	7.65	0.00	0.00	2000
219	11.01	1947	2142	0.00	215	0	0	0	nan	0.00	0.01	6.77	84.04	88.99	0.00	38	0	42	0.00	0.00	64.85	7.54	0.00	0.00	2000
81	7.02	1127	2151	0.00	252	0	0	0	nan	0.00	0.00	7.66	87.75	92.98	0.00	37	0	42	0.00	0.00	64.54	7.60	0.00	0.00	2000
