Avg_MHz	Busy%	Bzy_MHz	TSC_MHz	IPC	IRQ	NMI	SMI	LLCMRPS	LLC%hit	POLL%	C1%	C1E%	C6%	CPU%c1	CPU%c6	CoreTmp	CoreThr	PkgTmp	Pkg%pc2	Pkg%pc6	PkgWatt	RAMWatt	PKG_%	RAM_%	UncMHz
244	14.47	1855	1911	0.00	225	0	0	0	nan	0.00	0.00	27.05	50.92	85.53	0.00	37	0	42	0.00	0.00	52.08	6.56	0.00	0.00	2000
450	18.06	2180	2401	0.00	278	0	0	0	nan	0.05	1.17	20.72	72.17	81.94	0.00	38	0	42	0.00	0.00	83.85	9.50	0.00	0.00	2000
77	6.98	1107	2101	0.00	195	0	0	0	nan	0.00	0.01	9.70	83.53	93.02	0.00	37	0	42	0.00	0.00	58.99	7.57	0.00	0.00	2000
73	6.89	1060	2087	0.00	193	0	0	0	nan	0.00	0.02	3.01	89.74	93.11	0.00	37	0	41	0.00	0.00	57.79	7.49	0.00	0.00	2000
75	6.72	1099	2120	0.00	194	0	0	0	nan	0.00	0.00	2.66	91.44	93.28	0.00	37	0	42	0.00	0.00	59.09	7.69	0.00	0.00	2000
72	6.67	1078	2091	0.00	194	0	0	0	nan	0.00	0.00	3.17	89.86	93.33	0.00	37	0	42	0.00	0.00	58.92	7.47	0.00	0.00	2000
73	6.93	1051	2109	0.00	193	0	0	0	nan	0.00	0.01	3.13	90.42	93.07	0.00	37	0	42	0.00	0.00	58.98	7.53	0.00	0.00	2000
71	6.72	1069	2077	0.00	194	0	0	0	nan	0.00	0.01	2.89	89.51	93.28	0.00	37	0	42	0.00	0.00	58.20	7.47	0.00	0.00	2000
73	6.65	1091	2118	0.00	193	0	0	0	nan	0.00	0.00	2.27	91.95	93.35	0.00	37	0	42	0.00	0.00	58.84	7.50	0.00	0.00	2000
71	6.56	1078	2100	0.00	195	0	0	0	nan	0.00	0.00	2.53	90.94	93.44	0.00	37	0	42	0.00	0.00	58.97	7.73	0.00	0.00	2000
73	7.04	1042	2099	0.00	196	0	0	0	nan	0.00	0.01	4.01	88.97	92.96	0.00	37	0	42	0.00	0.00	58.09	7.39	0.00	0.00	2000
78	6.76	1158	2087	0.00	198	0	0	0	nan	0.00	0.01	4.46	88.19	93.24	0.00	37	0	42	0.00	0.00	58.39	7.44	0.00	0.00	2000
73	6.92	1042	2118	0.00	192	0	0	0	nan	0.00	0.00	2.89	91.16	93.08	0.00	37	0	42	0.00	0.00	58.26	7.64	0.00	0.00	2000
71	6.63	1073	2100	0.00	193	0	0	0	nan	0.00	0.02	2.90	90.57	93.37	0.00	37	0	42	0.00	0.00	58.39	7.54	0.00	0.00	2000
71	7.01	1038	2063	0.00	192	0	0	0	nan	0.01	0.00	2.82	88.70	92.99	0.00	37	0	42	0.00	0.00	57.51	7.42	0.00	0.00	2000
71	6.94	1025	2107	0.00	196	0	0	1	87.30	0.00	0.06	2.59	90.90	93.06	0.00	37	0	42	0.00	0.00	62.01	7.76	0.00	0.00	2000
74	7.37	988	2129	0.08	210	0	0	1	89.12	0.00	0.00	4.08	89.98	92.63	0.00	37	0	41	0.00	0.00	57.67	7.58	0.00	0.00	2000
72	6.81	1053	2102	0.00	194	0	0	0	nan	0.00	0.01	3.25	90.14	93.19	0.00	37	0	42	0.00	0.00	59.17	7.60	0.00	0.00	2000
142	8.96	1610	2060	0.00	195	0	0	0	nan	0.00	0.02	3.67	85.71	91.04	0.00	37	0	41	0.00	0.00	58.51	7.32	0.00	0.00	2000
236	11.03	2093	2147	0.00	195	0	0	0	nan	0.00	0.02	3.26	87.72	88.97	0.00	37	0	42	0.00	0.00	65.90	7.76	0.00	0.00	2000
232	11.00	2106	2099	0.00	193	0	0	0	nan	0.00	0.03	3.08	85.94	89.00	0.00	38	0	41	0.00	0.00	65.48	7.60	0.00	0.00	2000
231	11.06	2092	2097	0.00	194	0	0	0	nan	0.00	0.02	3.61	85.31	88.94	0.00	37	0	42	0.00	0.00	65.37	7.87	0.00	0.00	2000
231	11.07	2098	2085	0.00	195	0	0	0	nan	0.00	0.00	3.75	84.64	88.93	0.00	37	0	41	0.00	0.00	65.12	7.44	0.00	0.00	2000
228	10.81	2129	2080	0.00	195	0	0	0	nan	0.00	0.00	2.47	85.93	89.19	0.00	37	0	41	0.00	0.00	66.07	7.89	0.00	0.00	2000
225	11.88	2050	1944	0.00	193	0	0	0	nan	0.00	0.00	1.64	80.01	88.12	0.00	37	0	41	0.00	0.00	57.35	6.99	0.00	0.00	2000
238	10.23	2097	2326	0.00	259	0	0	0	nan	0.00	0.02	3.86	95.67	89.77	0.00	37	0	42	0.00	0.00	79.28	9.10	0.00	0.00	2000
231	11.06	2089	2100	0.00	194	0	0	0	nan	0.00	0.00	3.91	85.13	88.94	0.00	38	0	42	0.00	0.00	66.40	7.82	0.00	0.00	2000
231	10.93	2101	2110	0.00	194	0	0	0	nan	0.00	0.00	3.97	85.52	89.07	0.00	38	0	42	0.00	0.00	65.49	7.63	0.00	0.00	2000
230	11.03	2089	2098	0.00	194	0	0	0	nan	0.00	0.00	3.48	85.45	88.97	0.00	38	0	41	0.00	0.00	64.37	7.32	0.00	0.00	2000
228	11.16	2050	2095	0.00	194	0	0	0	nan	0.00	0.00	4.34	84.35	88.84	0.00	38	0	42	0.00	0.00	64.22	7.54	0.00	0.00	2000
237	11.35	2112	2080	0.00	213	0	0	0	nan	0.00	0.00	7.54	80.37	88.65	0.00	39	0	42	0.00	0.00	64.50	7.50	0.00	0.00	2000
231	10.92	2103	2116	0.00	196	0	0	0	nan	0.00	0.00	3.89	85.91	89.08	0.00	39	0	42	0.00	0.00	65.81	7.68	0.00	0.00	2000
230	11.11	2066	2102	0.25	194	0	0	8	82.34	0.00	0.00	3.36	85.68	88.89	0.00	39	0	42	0.00	0.00	64.85	7.61	0.00	0.00	2000
228	11.49	2060	2027	0.41	195	0	0	11	86.66	0.00	0.00	3.61	81.88	88.51	0.00	37	0	42	0.00	0.00	62.63	7.37	0.00	0.00	2000
234	10.72	2100	2180	0.00	210	0	0	0	nan	0.00	0.00	3.92	88.81	89.28	0.00	37	0	42	0.00	0.00	69.14	7.90	0.00	0.00	2000
223	12.34	2114	1795	0.00	200	0	0	0	nan	0.00	0.00	3.87	71.06	87.66	0.00	37	0	42	0.00	0.00	52.44	6.17	0.00	0.00	2000
231	10.63	1955	2334	0.00	244	0	0	0	nan	0.00	0.00	3.48	96.06	89.37	0.00	38	0	41	0.00	0.00	72.92	8.85	0.00	0.00	2000
226	10.95	1986	2180	0.00	216	0	0	0	nan	0.00	0.02	4.47	88.04	89.05	0.00	37	0	41	0.00	0.00	65.75	7.84	0.00	0.00	2000
79	6.36	1215	2161	0.00	242	0	0	0	nan	0.00	0.00	3.37	93.06	93.64	0.00	37	0	42	0.00	0.00	62.22	7.95	0.00	0.00	2000
102	8.39	1210	2104	0.00	97	0	0	0	nan	0.00	0.03	8.39	83.26	91.61	0.00	37	0	42	0.00	0.00	64.36	7.83	0.00	0.00	2000
