Avg_MHz	Busy%	Bzy_MHz	TSC_MHz	IPC	IRQ	NMI	SMI	LLCMRPS	LLC%hit	POLL%	C1%	C1E%	C6%	CPU%c1	CPU%c6	CoreTmp	CoreThr	PkgTmp	Pkg%pc2	Pkg%pc6	PkgWatt	RAMWatt	PKG_%	RAM_%	UncMHz
333	15.67	2091	2132	0.00	260	0	0	0	nan	0.00	1.04	45.87	38.85	84.33	0.00	36	0	42	0.00	0.00	66.69	7.65	0.00	0.00	2000
352	17.01	2076	2092	0.00	222	0	0	0	nan	0.00	2.58	20.12	60.23	82.99	0.00	37	0	42	0.00	0.00	69.42	7.43	0.00	0.00	2000
76	6.93	1088	2105	0.00	210	0	0	0	nan	0.00	0.00	6.99	86.21	93.07	0.00	36	0	42	0.00	0.00	56.67	7.39	0.00	0.00	2000
75	6.70	1093	2135	0.00	194	0	0	0	nan	0.00	0.00	3.13	91.72	93.30	0.00	37	0	41	0.00	0.00	60.88	7.75	0.00	0.00	2000
73	6.51	1132	2092	0.00	193	0	0	0	nan	0.00	0.01	2.72	90.35	93.49	0.00	36	0	42	0.00	0.00	59.51	7.42	0.00	0.00	2000
72	6.40	1134	2098	0.00	194	0	0	0	nan	0.00	0.00	2.71	90.66	93.60	0.00	36	0	42	0.00	0.00	59.04	7.30	0.00	0.00	2000
73	6.69	1083	2104	0.00	193	0	0	0	nan	0.00	0.00	3.11	90.38	93.31	0.00	36	0	42	0.00	0.00	59.45	7.29	0.00	0.00	2000
72	6.41	1127	2095	0.00	193	0	0	0	nan	0.00	0.00	2.92	90.34	93.59	0.00	37	0	42	0.00	0.00	56.65	7.44	0.00	0.00	2000
73	6.58	1110	2086	0.00	192	0	0	0	nan	0.00	0.00	2.38	90.40	93.42	0.00	36	0	42	0.00	0.00	61.29	7.32	0.00	0.00	2000
71	6.21	1149	2102	0.00	193	0	0	0	nan	0.00	0.00	1.98	91.85	93.79	0.00	36	0	42	0.00	0.00	59.70	7.44	0.00	0.00	2000
75	6.70	1108	2120	0.00	195	0	0	0	nan	0.00	0.00	2.84	91.35	93.30	0.00	36	0	42	0.00	0.00	60.29	7.50	0.00	0.00	2000
73	6.94	1064	2069	0.00	195	0	0	0	nan	0.00	0.01	3.33	88.25	93.06	0.00	36	0	42	0.00	0.00	57.43	7.15	0.00	0.00	2000
72	7.03	1019	2123	0.00	210	0	0	0	nan	0.00	0.00	3.96	90.15	92.97	0.00	36	0	42	0.00	0.00	61.08	7.65	0.00	0.00	2000
74	6.43	1141	2106	0.00	194	0	0	0	nan	0.00	0.00	4.46	89.31	93.57	0.00	36	0	42	0.00	0.00	59.88	7.48	0.00	0.00	2000
74	6.20	1192	2099	0.00	195	0	0	0	nan	0.00	0.00	3.87	89.72	93.80	0.00	36	0	42	0.00	0.00	57.36	7.18	0.00	0.00	2000
72	6.34	1134	2099	0.00	193	0	0	0	84.33	0.00	0.00	2.84	90.72	93.66	0.00	36	0	42	0.00	0.00	61.76	7.85	0.00	0.00	2000
73	6.59	1108	2098	0.30	193	0	0	1	84.62	0.00	0.02	3.48	89.79	93.41	0.00	36	0	42	0.00	0.00	61.21	7.62	0.00	0.00	2000
71	6.60	1084	2074	0.00	194	0	0	0	nan	0.00	0.00	3.69	88.46	93.40	0.00	36	0	42	0.00	0.00	57.05	7.08	0.00	0.00	2000
181	9.76	1848	2111	0.00	215	0	0	0	nan	0.02	0.06	4.76	85.97	90.24	0.00	38	0	42	0.00	0.00	61.84	7.32	0.00	0.00	2000
232	11.08	2092	2106	0.00	203	0	0	0	nan	0.00	0.00	4.28	84.99	88.92	0.00	39	0	42	0.00	0.00	65.51	7.62	0.00	0.00	2000
230	10.72	2152	2095	0.00	212	0	0	0	nan	0.00	0.00	3.44	85.69	89.28	0.00	40	0	42	0.00	0.00	65.26	7.47	0.00	0.00	2000
230	11.02	2078	2112	0.00	203	0	0	0	nan	0.00	0.00	2.56	87.01	88.98	0.00	40	0	42	0.00	0.00	65.24	7.36	0.00	0.00	2000
241	11.52	2088	2104	0.00	231	0	0	0	nan	0.00	0.02	9.79	78.90	88.48	0.00	38	0	42	0.00	0.00	64.39	7.39	0.00	0.00	2000
231	10.89	2115	2109	0.00	197	0	0	0	nan	0.00	0.00	6.52	83.07	89.11	0.00	38	0	41	0.00	0.00	71.95	8.57	0.00	0.00	2000
226	11.11	2102	2029	0.00	197	0	0	0	nan	0.00	0.00	4.89	81.06	88.89	0.00	38	0	42	0.00	0.00	55.81	6.69	0.00	0.00	2000
237	10.83	2100	2186	0.00	235	0	0	0	nan	0.00	0.02	6.58	86.29	89.17	0.00	38	0	42	0.00	0.00	78.08	9.16	0.00	0.00	2000
233	10.99	2118	2100	0.00	200	0	0	0	nan	0.00	0.00	4.90	84.22	89.01	0.00	37	0	42	0.00	0.00	66.13	7.72	0.00	0.00	2000
229	11.09	2076	2091	0.00	199	0	0	0	nan	0.00	0.56	3.90	84.12	88.91	0.00	37	0	42	0.00	0.00	65.77	7.67	0.00	0.00	2000
228	11.10	2061	2091	0.00	198	0	0	0	nan	0.00	0.02	3.78	84.76	88.90	0.00	38	0	42	0.00	0.00	65.03	7.38	0.00	0.00	2000
236	11.38	2063	2114	0.00	204	0	0	0	nan	0.00	0.23	3.99	85.11	88.62	0.00	38	0	42	0.00	0.00	64.88	7.49	0.00	0.00	2000
227	10.86	2095	2092	0.00	197	0	0	0	nan	0.00	0.00	6.47	82.46	89.14	0.00	38	0	42	0.00	0.00	65.61	7.56	0.00	0.00	2000
230	10.93	2089	2111	0.00	199	0	0	0	nan	0.00	0.55	3.64	85.45	89.07	0.00	38	0	42	0.00	0.00	64.50	7.43	0.00	0.00	2000
230	11.00	2092	2099	0.00	197	0	0	3	86.95	0.00	0.98	5.28	82.86	89.00	0.00	38	0	42	0.00	0.00	65.89	7.56	0.00	0.00	2000
231	11.43	2024	2101	0.56	199	0	0	18	81.01	0.00	0.00	5.33	83.37	88.57	0.00	38	0	42	0.00	0.00	64.63	7.61	0.00	0.00	2000
230	10.92	2129	2079	0.00	202	0	0	0	nan	0.00	0.01	6.23	82.01	89.08	0.00	38	0	42	0.00	0.00	64.93	7.45	0.00	0.00	2000
227	10.81	2114	2089	0.00	198	0	0	0	nan	0.00	0.01	5.21	83.56	89.19	0.00	38	0	42	0.00	0.00	63.42	7.19	0.00	0.00	2000
234	11.18	2058	2132	0.00	197	0	0	0	nan	0.00	0.03	3.90	86.40	88.82	0.00	39	0	42	0.00	0.00	68.33	7.83	0.00	0.00	2000
230	11.06	2084	2096	0.00	198	0	0	0	nan	0.00	0.00	5.33	83.50	88.94	0.00	38	0	42	0.00	0.00	65.42	7.50	0.00	0.00	2000
232	11.38	2082	2051	0.00	199	0	0	0	nan	0.00	0.00	5.66	80.95	88.62	0.00	37	0	42	0.00	0.00	62.81	7.26	0.00	0.00	2000
232	10.98	2081	2133	0.00	221	0	0	0	nan	0.00	0.05	4.11	86.42	89.02	0.00	37	0	42	0.00	0.00	67.96	7.53	0.00	0.00	2000
234	11.32	2051	2121	0.00	199	0	0	0	nan	0.00	0.02	2.47	87.25	88.68	0.00	37	0	42	0.00	0.00	68.12	8.16	0.00	0.00	2000
225	11.15	2041	2073	0.00	197	0	0	0	nan	0.00	0.01	3.98	83.82	88.85	0.00	37	0	42	0.00	0.00	63.93	7.22	0.00	0.00	2000
230	10.91	2110	2097	0.00	198	0	0	0	nan	0.00	0.02	3.73	85.32	89.09	0.00	38	0	42	0.00	0.00	64.75	7.55	0.00	0.00	2000
232	11.17	2072	2103	0.00	199	0	0	0	nan	0.00	0.02	5.21	83.83	88.83	0.00	38	0	42	0.00	0.00	65.36	7.40	0.00	0.00	2000
233	10.98	2124	2095	0.00	203	0	0	0	nan	0.00	0.96	4.96	83.05	89.02	0.00	38	0	42	0.00	0.00	62.94	7.21	0.00	0.00	2000
224	10.66	2106	2091	0.00	215	0	0	0	nan	0.00	0.00	6.81	82.24	89.34	0.00	38	0	42	0.00	0.00	65.95	7.66	0.00	0.00	2000
234	11.03	2099	2125	0.00	199	0	0	0	nan	0.00	0.00	4.48	85.65	88.97	0.00	38	0	42	0.00	0.00	67.88	7.81	0.00	0.00	2000
224	10.84	2097	2069	0.00	200	0	0	0	nan	0.00	0.03	4.36	83.52	89.16	0.00	38	0	42	0.00	0.00	60.17	7.37	0.00	0.00	2000
241	11.33	2066	2158	0.00	217	0	0	0	nan	0.00	0.00	6.21	85.02	88.67	0.00	38	0	42	0.00	0.00	72.28	7.96	0.00	0.00	2000
225	10.86	2106	2066	0.00	197	0	0	9	95.07	0.00	0.01	5.89	81.79	89.14	0.00	38	0	42	0.00	0.00	64.80	7.30	0.00	0.00	2000
232	10.93	2100	2117	0.96	197	0	0	8	90.12	0.00	0.03	5.07	84.85	89.07	0.00	39	0	42	0.00	0.00	65.81	7.44	0.00	0.00	2000
229	10.98	2099	2086	0.00	199	0	0	0	nan	0.00	1.03	3.32	84.14	89.02	0.00	38	0	42	0.00	0.00	62.55	7.17	0.00	0.00	2000
233	11.39	2032	2116	0.00	213	0	0	0	nan	0.00	0.05	3.29	86.03	88.61	0.00	38	0	42	0.00	0.00	67.79	8.02	0.00	0.00	2000
253	12.21	2081	2088	0.00	196	0	0	0	nan	0.00	0.00	3.36	83.91	87.79	0.00	38	0	42	0.00	0.00	63.72	7.12	0.00	0.00	2000
234	11.20	2068	2125	0.00	214	0	0	0	nan	0.00	0.02	3.21	86.71	88.80	0.00	39	0	42	0.00	0.00	67.94	7.87	0.00	0.00	2000
228	11.16	2049	2096	0.00	195	0	0	0	nan	0.00	0.02	3.27	85.56	88.84	0.00	38	0	42	0.00	0.00	64.72	7.53	0.00	0.00	2000
231	11.24	2051	2103	0.00	194	0	0	0	nan	0.00	0.02	2.77	86.31	88.76	0.00	38	0	42	0.00	0.00	62.76	7.33	0.00	0.00	2000
233	11.22	2076	2101	0.00	214	0	0	0	nan	0.00	0.00	4.46	84.53	88.78	0.00	37	0	42	0.00	0.00	67.15	7.65	0.00	0.00	2000
286	14.83	2218	1828	0.00	196	0	0	0	nan	0.00	0.00	2.66	71.55	85.17	0.00	37	0	42	0.00	0.00	55.84	6.37	0.00	0.00	2000
313	12.20	2212	2435	0.00	383	0	0	0	nan	0.04	0.77	9.47	91.65	87.80	0.00	39	0	42	0.00	0.00	80.50	9.04	0.00	0.00	2000
234	11.61	2001	2117	0.00	196	0	0	0	nan	0.00	0.00	3.72	85.50	88.39	0.00	39	0	42	0.00	0.00	66.70	7.78	0.00	0.00	2000
229	11.30	2022	2104	0.00	194	0	0	0	nan	0.00	0.02	2.73	86.24	88.70	0.00	39	0	42	0.00	0.00	64.71	7.45	0.00	0.00	2000
228	11.09	2057	2100	0.00	193	0	0	0	nan	0.00	0.00	2.66	86.30	88.91	0.00	39	0	42	0.00	0.00	64.99	7.53	0.00	0.00	2000
226	10.97	2075	2084	0.00	195	0	0	0	nan	0.00	0.00	3.73	84.71	89.03	0.00	40	0	42	0.00	0.00	62.56	7.17	0.00	0.00	2000
232	10.93	2103	2123	0.00	195	0	0	0	nan	0.00	0.00	2.75	87.35	89.07	0.00	39	0	42	0.00	0.00	64.18	7.42	0.00	0.00	2000
221	10.67	2102	2073	0.00	194	0	0	0	nan	0.00	0.00	4.03	84.31	89.33	0.00	40	0	42	0.00	0.00	65.96	7.58	0.00	0.00	2000
231	10.97	2104	2101	0.33	195	0	0	1	84.90	0.00	0.00	2.98	86.13	89.03	0.00	40	0	42	0.00	0.00	64.92	7.52	0.00	0.00	2000
231	10.97	2098	2108	0.35	195	0	0	1	89.30	0.00	0.00	4.13	85.25	89.03	0.00	39	0	42	0.00	0.00	65.91	7.36	0.00	0.00	2000
229	11.04	2075	2100	0.00	194	0	0	0	nan	0.00	0.02	3.65	85.32	88.96	0.00	40	0	42	0.00	0.00	65.50	7.49	0.00	0.00	2000
231	10.90	2091	2124	0.00	178	0	0	0	nan	0.00	0.00	3.74	86.44	89.10	0.00	40	0	42	0.00	0.00	64.48	7.48	0.00	0.00	2000
225	10.86	2093	2077	0.00	194	0	0	0	nan	0.00	0.00	3.00	85.29	89.14	0.00	40	0	42	0.00	0.00	62.83	7.27	0.00	0.00	2000
230	11.31	2025	2108	0.00	195	0	0	0	nan	0.00	0.00	2.19	86.95	88.69	0.00	40	0	42	0.00	0.00	64.41	7.48	0.00	0.00	2000
231	11.07	2078	2113	0.00	193	0	0	0	nan	0.00	0.00	2.17	87.35	88.93	0.00	39	0	42	0.00	0.00	68.26	7.74	0.00	0.00	2000
224	10.82	2090	2076	0.00	195	0	0	0	nan	0.00	0.00	3.46	84.77	89.18	0.00	39	0	42	0.00	0.00	62.82	7.21	0.00	0.00	2000
234	11.49	2024	2113	0.00	198	0	0	0	nan	0.00	0.00	3.92	85.23	88.51	0.00	39	0	42	0.00	0.00	65.19	7.82	0.00	0.00	2000
169	9.38	1799	2098	0.00	197	0	0	0	nan	0.02	0.43	5.22	84.98	90.62	0.00	37	0	42	0.00	0.00	64.15	7.46	0.00	0.00	2000
78	6.59	1187	2096	0.00	196	0	0	0	nan	0.00	0.00	3.73	89.43	93.41	0.00	37	0	42	0.00	0.00	60.98	7.83	0.00	0.00	2000
208	10.26	2079	2050	0.00	199	0	0	0	nan	0.00	0.02	3.40	84.12	89.74	0.00	38	0	42	0.00	0.00	63.00	7.23	0.00	0.00	2000
230	10.73	2084	2160	0.00	210	0	0	0	nan	0.00	0.01	3.49	88.38	89.27	0.00	39	0	42	0.00	0.00	67.93	7.89	0.00	0.00	2000
228	10.85	2115	2090	0.00	202	0	0	0	nan	0.00	0.00	3.97	84.79	89.15	0.00	39	0	42	0.00	0.00	63.33	7.50	0.00	0.00	2000
115	7.21	1592	2108	0.00	184	0	0	0	nan	0.01	0.02	5.03	88.05	92.79	0.00	37	0	42	0.00	0.00	61.54	7.55	0.00	0.00	2000
79	6.22	1265	2098	0.00	214	0	0	0	nan	0.00	0.00	2.47	91.07	93.78	0.00	37	0	42	0.00	0.00	61.92	7.70	0.00	0.00	2000
193	10.09	1930	2079	0.00	182	0	0	0	nan	0.00	0.00	3.53	85.53	89.91	0.00	38	0	42	0.00	0.00	62.73	7.37	0.00	0.00	2000
229	11.03	2063	2110	0.17	215	0	0	4	61.77	0.00	0.00	5.37	84.00	88.97	0.00	39	0	42	0.00	0.00	65.49	7.47	0.00	0.00	2000
230	11.10	2068	2102	0.49	195	0	0	3	75.19	0.00	0.00	4.30	84.74	88.90	0.00	39	0	42	0.00	0.00	65.17	7.61	0.00	0.00	2000
229	11.07	2083	2082	0.00	195	0	0	0	nan	0.00	0.00	4.19	83.96	88.93	0.00	39	0	42	0.00	0.00	64.69	7.44	0.00	0.00	2000
231	11.07	2059	2126	0.00	194	0	0	0	nan	0.00	0.00	5.54	84.54	88.93	0.00	39	0	42	0.00	0.00	65.07	7.61	0.00	0.00	2000
228	11.07	2074	2090	0.00	195	0	0	0	nan	0.00	0.00	3.74	84.76	88.93	0.00	39	0	42	0.00	0.00	64.43	7.43	0.00	0.00	2000
227	10.90	2069	2112	0.00	244	0	0	0	nan	0.00	0.01	6.28	83.41	89.10	0.00	37	0	42	0.00	0.00	63.66	7.40	0.00	0.00	2000
222	10.54	2101	2101	0.00	196	0	0	0	nan	0.00	0.02	3.04	86.48	89.46	0.00	37	0	42	0.00	0.00	65.43	7.78	0.00	0.00	2000
249	11.57	2252	2004	0.00	207	0	0	0	nan	0.00	1.36	4.05	79.16	88.43	0.00	38	0	42	0.00	0.00	63.48	7.49	0.00	0.00	2000
221	10.71	1987	2181	0.00	295	0	0	0	nan	0.00	0.02	8.66	84.19	89.29	0.00	37	0	42	0.00	0.00	67.10	7.93	0.00	0.00	2000
137	9.69	1346	2200	0.00	64	0	0	0	nan	0.00	0.12	12.67	81.91	90.31	0.00	37	0	42	0.00	0.00	60.43	7.57	0.00	0.00	2000
