Avg_MHz	Busy%	Bzy_MHz	TSC_MHz	IPC	IRQ	NMI	SMI	LLCMRPS	LLC%hit	POLL%	C1%	C1E%	C6%	CPU%c1	CPU%c6	CoreTmp	CoreThr	PkgTmp	Pkg%pc2	Pkg%pc6	PkgWatt	RAMWatt	PKG_%	RAM_%	UncMHz
335	16.19	1988	2184	0.00	250	0	0	0	nan	0.00	0.58	25.79	60.86	83.81	0.00	37	0	42	0.00	0.00	67.55	7.84	0.00	0.00	2000
381	17.32	2158	2139	0.00	217	0	0	0	nan	0.03	1.12	17.43	65.74	82.68	0.00	37	0	42	0.00	0.00	72.90	8.00	0.00	0.00	2000
77	7.06	1095	2079	0.00	193	0	0	0	nan	0.00	0.00	8.84	83.28	92.94	0.00	37	0	42	0.00	0.00	58.21	7.20	0.00	0.00	2000
73	6.91	1053	2102	0.00	194	0	0	0	nan	0.00	0.02	2.42	90.83	93.09	0.00	37	0	42	0.00	0.00	59.30	7.28	0.00	0.00	2000
73	6.87	1055	2115	0.00	210	0	0	0	nan	0.00	0.02	3.76	89.98	93.13	0.00	37	0	42	0.00	0.00	60.85	7.60	0.00	0.00	2000
70	6.85	1040	2078	0.00	194	0	0	0	nan	0.00	0.00	3.47	88.77	93.15	0.00	37	0	42	0.00	0.00	56.92	6.95	0.00	0.00	2000
73	6.84	1057	2120	0.00	194	0	0	0	nan	0.00	0.00	3.57	90.56	93.16	0.00	37	0	42	0.00	0.00	62.53	7.68	0.00	0.00	2000
73	6.42	1141	2097	0.00	194	0	0	0	nan	0.00	0.00	3.66	89.70	93.58	0.00	36	0	42	0.00	0.00	57.94	7.19	0.00	0.00	2000
78	7.02	1105	2100	0.00	193	0	0	0	nan	0.00	0.00	4.10	88.95	92.98	0.00	36	0	42	0.00	0.00	59.13	7.37	0.00	0.00	2000
93	7.84	1185	2109	0.00	194	0	0	0	nan	0.00	0.00	3.80	88.76	92.16	0.00	36	0	42	0.00	0.00	61.39	7.45	0.00	0.00	2000
74	6.78	1099	2091	0.00	194	0	0	0	nan	0.00	0.02	3.73	89.13	93.22	0.00	37	0	42	0.00	0.00	60.21	7.48	0.00	0.00	2000
74	6.50	1132	2113	0.00	194	0	0	0	nan	0.00	0.00	4.10	89.84	93.50	0.00	37	0	42	0.00	0.00	60.51	7.50	0.00	0.00	2000
72	6.70	1078	2099	0.00	193	0	0	0	nan	0.00	0.00	3.66	89.73	93.30	0.00	36	0	42	0.00	0.00	61.81	7.50	0.00	0.00	2000
73	7.02	1036	2103	0.00	196	0	0	0	nan	0.00	0.00	4.34	88.81	92.98	0.00	36	0	42	0.00	0.00	62.21	7.71	0.00	0.00	2000
72	6.87	1059	2071	0.00	194	0	0	0	nan	0.00	0.01	3.93	87.95	93.13	0.00	36	0	42	0.00	0.00	55.94	6.94	0.00	0.00	2000
71	6.71	1050	2127	0.00	195	0	0	1	88.14	0.00	0.00	2.10	92.40	93.29	0.00	37	0	42	0.00	0.00	62.95	7.89	0.00	0.00	2000
74	6.69	1097	2105	0.30	193	0	0	2	87.73	0.00	0.00	2.75	90.75	93.31	0.00	37	0	42	0.00	0.00	61.39	7.37	0.00	0.00	2000
72	6.45	1124	2098	0.02	192	0	0	0	nan	0.00	0.00	2.86	90.60	93.55	0.00	36	0	42	0.00	0.00	59.60	7.39	0.00	0.00	2000
150	9.09	1704	2035	0.00	207	0	0	0	nan	0.00	0.71	6.93	80.46	90.91	0.00	36	0	41	0.00	0.00	56.73	6.98	0.00	0.00	2000
236	11.03	2071	2171	0.00	214	0	0	0	nan	0.00	0.04	3.62	88.50	88.97	0.00	37	0	42	0.00	0.00	72.88	8.24	0.00	0.00	2000
228	11.08	2070	2084	0.00	196	0	0	0	nan	0.00	0.03	4.88	83.48	88.92	0.00	37	0	42	0.00	0.00	64.29	7.32	0.00	0.00	2000
233	11.52	2011	2110	0.00	197	0	0	0	nan	0.00	0.07	3.28	85.73	88.48	0.00	37	0	42	0.00	0.00	68.04	7.69	0.00	0.00	2000
232	10.93	2113	2109	0.00	198	0	0	0	nan	0.00	0.02	5.83	83.58	89.07	0.00	37	0	42	0.00	0.00	61.75	7.04	0.00	0.00	2000
229	11.26	2040	2092	0.00	197	0	0	0	nan	0.00	0.02	6.30	82.29	88.74	0.00	38	0	42	0.00	0.00	66.98	7.75	0.00	0.00	2000
229	11.30	2032	2093	0.00	196	0	0	0	nan	0.00	0.00	5.92	82.63	88.70	0.00	38	0	42	0.00	0.00	66.69	7.67	0.00	0.00	2000
234	11.52	2023	2107	0.00	198	0	0	0	nan	0.00	0.03	6.03	82.90	88.48	0.00	37	0	42	0.00	0.00	66.59	7.77	0.00	0.00	2000
233	11.45	2036	2102	0.00	198	0	0	0	nan	0.00	0.02	6.03	82.66	88.55	0.00	37	0	42	0.00	0.00	65.93	7.68	0.00	0.00	2000
230	11.00	2092	2098	0.00	200	0	0	0	nan	0.00	0.02	6.08	82.84	89.00	0.00	38	0	42	0.00	0.00	66.85	7.67	0.00	0.00	2000
231	11.03	2093	2099	0.00	200	0	0	0	nan	0.00	0.00	6.56	82.42	88.97	0.00	38	0	42	0.00	0.00	65.73	7.41	0.00	0.00	2000
229	11.09	2062	2102	0.00	197	0	0	0	nan	0.00	0.02	4.57	84.60	88.91	0.00	38	0	42	0.00	0.00	65.67	7.41	0.00	0.00	2000
229	11.33	2021	2096	0.00	195	0	0	0	nan	0.02	0.01	4.61	83.99	88.67	0.00	38	0	42	0.00	0.00	65.06	7.38	0.00	0.00	2000
232	11.04	2110	2095	0.00	195	0	0	0	nan	0.00	0.01	5.37	83.45	88.96	0.00	38	0	42	0.00	0.00	64.90	7.42	0.00	0.00	2000
226	11.22	2033	2083	0.00	204	0	0	4	97.08	0.00	0.00	6.75	81.43	88.78	0.00	38	0	42	0.00	0.00	64.12	7.22	0.00	0.00	2000
223	10.85	2075	2086	0.73	213	0	0	14	97.73	0.00	0.00	5.40	83.28	89.15	0.00	38	0	42	0.00	0.00	65.87	7.38	0.00	0.00	2000
231	11.32	2024	2114	0.01	198	0	0	0	nan	0.00	0.00	4.75	84.63	88.68	0.00	39	0	42	0.00	0.00	67.74	7.66	0.00	0.00	2000
229	11.41	2011	2096	0.00	212	0	0	0	nan	0.00	0.04	4.79	83.76	88.59	0.00	38	0	42	0.00	0.00	63.17	7.10	0.00	0.00	2000
230	10.93	2102	2106	0.00	205	0	0	0	nan	0.00	0.00	6.88	82.58	89.07	0.00	39	0	42	0.00	0.00	65.44	7.32	0.00	0.00	2000
232	11.41	2011	2119	0.00	196	0	0	0	nan	0.00	0.00	4.18	85.36	88.59	0.00	39	0	42	0.00	0.00	65.72	7.47	0.00	0.00	2000
226	11.28	2047	2053	0.00	198	0	0	0	nan	0.00	0.02	4.35	82.54	88.72	0.00	39	0	42	0.00	0.00	62.85	7.25	0.00	0.00	2000
230	10.86	2080	2136	0.00	212	0	0	0	nan	0.00	0.02	3.83	86.97	89.14	0.00	39	0	42	0.00	0.00	68.52	7.72	0.00	0.00	2000
234	11.41	2058	2089	0.00	200	0	0	0	nan	0.00	0.00	4.81	83.36	88.59	0.00	39	0	42	0.00	0.00	64.38	7.32	0.00	0.00	2000
227	10.99	2044	2124	0.00	213	0	0	0	nan	0.00	0.02	5.66	84.44	89.01	0.00	38	0	42	0.00	0.00	69.74	7.98	0.00	0.00	2000
226	11.14	2050	2075	0.00	199	0	0	0	nan	0.00	0.02	4.52	83.41	88.86	0.00	38	0	42	0.00	0.00	63.38	7.30	0.00	0.00	2000
233	11.30	2026	2139	0.00	198	0	0	0	nan	0.00	0.55	5.03	85.00	88.70	0.00	38	0	42	0.00	0.00	66.72	7.59	0.00	0.00	2000
229	11.31	2054	2071	0.00	197	0	0	0	nan	0.00	0.00	5.13	82.43	88.69	0.00	39	0	42	0.00	0.00	66.31	7.48	0.00	0.00	2000
230	10.90	2094	2116	0.00	201	0	0	0	nan	0.00	0.03	4.68	85.16	89.10	0.00	38	0	42	0.00	0.00	66.83	7.68	0.00	0.00	2000
225	11.28	2040	2049	0.00	195	0	0	0	nan	0.00	0.00	4.22	82.48	88.72	0.00	39	0	42	0.00	0.00	61.16	6.90	0.00	0.00	2000
232	10.73	2111	2147	0.00	214	0	0	0	nan	0.00	0.04	4.43	86.88	89.27	0.00	39	0	42	0.00	0.00	70.15	7.76	0.00	0.00	2000
231	11.18	2056	2115	0.00	199	0	0	0	nan	0.00	0.00	4.99	84.58	88.82	0.00	39	0	42	0.00	0.00	67.13	7.41	0.00	0.00	2000
229	11.03	2085	2092	0.00	199	0	0	6	94.39	0.00	0.00	5.35	83.38	88.97	0.00	39	0	42	0.00	0.00	67.12	7.48	0.00	0.00	2000
233	11.30	2050	2107	0.73	199	0	0	8	96.30	0.00	0.02	5.27	83.82	88.70	0.00	39	0	42	0.00	0.00	66.02	7.37	0.00	0.00	2000
228	11.03	2067	2103	0.00	197	0	0	0	nan	0.01	0.03	4.36	84.74	88.97	0.00	39	0	42	0.00	0.00	65.98	7.26	0.00	0.00	2000
228	10.97	2092	2091	0.00	199	0	0	0	nan	0.00	0.00	5.23	83.61	89.04	0.00	39	0	42	0.00	0.00	66.24	7.42	0.00	0.00	2000
231	11.19	2069	2093	0.00	198	0	0	0	nan	0.00	0.02	4.44	84.14	88.81	0.00	39	0	42	0.00	0.00	65.58	7.21	0.00	0.00	2000
231	10.97	2118	2084	0.00	197	0	0	0	nan	0.00	0.00	5.98	82.48	89.03	0.00	39	0	42	0.00	0.00	63.76	7.06	0.00	0.00	2000
229	10.85	2089	2118	0.00	216	0	0	0	nan	0.00	0.02	6.48	83.59	89.15	0.00	39	0	42	0.00	0.00	69.01	7.62	0.00	0.00	2000
235	11.61	2037	2082	0.00	214	0	0	0	nan	0.00	0.00	9.75	77.99	88.39	0.00	39	0	42	0.00	0.00	63.53	7.22	0.00	0.00	2000
224	11.13	2017	2096	0.00	211	0	0	0	nan	0.00	0.02	5.26	83.57	88.87	0.00	39	0	42	0.00	0.00	68.09	7.51	0.00	0.00	2000
237	11.71	2014	2111	0.00	198	0	0	0	nan	0.00	0.00	4.20	84.70	88.29	0.00	39	0	42	0.00	0.00	65.37	7.60	0.00	0.00	2000
231	11.30	2061	2082	0.00	225	0	0	0	nan	0.00	0.00	4.36	83.69	88.70	0.00	39	0	42	0.00	0.00	67.81	7.63	0.00	0.00	2000
228	11.09	2068	2083	0.00	199	0	0	0	nan	0.00	0.00	5.76	82.54	88.91	0.00	39	0	42	0.00	0.00	63.03	7.05	0.00	0.00	2000
231	11.04	2065	2128	0.00	213	0	0	0	nan	0.00	0.00	3.69	86.50	88.96	0.00	39	0	42	0.00	0.00	67.66	7.71	0.00	0.00	2000
227	10.89	2095	2091	0.00	211	0	0	0	nan	0.00	0.00	4.84	84.04	89.11	0.00	39	0	42	0.00	0.00	67.85	7.47	0.00	0.00	2000
237	11.17	2078	2147	0.00	205	0	0	0	nan	0.00	0.02	4.62	86.29	88.83	0.00	38	0	42	0.00	0.00	68.05	7.65	0.00	0.00	2000
229	10.65	2160	2088	0.00	198	0	0	0	nan	0.00	0.01	4.17	84.79	89.35	0.00	38	0	42	0.00	0.00	65.17	7.46	0.00	0.00	2000
231	10.92	2109	2105	0.00	198	0	0	0	nan	0.00	0.01	3.15	86.23	89.08	0.00	38	0	42	0.00	0.00	67.53	7.79	0.00	0.00	2000
234	10.66	2184	2112	0.20	197	0	0	24	94.10	0.00	0.03	2.57	87.34	89.34	0.00	38	0	42	0.00	0.00	68.05	7.81	0.00	0.00	2000
227	10.81	2117	2084	0.66	198	0	0	3	92.29	0.00	0.03	4.80	83.79	89.19	0.00	39	0	42	0.00	0.00	66.96	7.50	0.00	0.00	2000
237	11.48	2051	2111	0.00	202	0	0	0	nan	0.00	0.00	5.81	83.25	88.52	0.00	38	0	42	0.00	0.00	65.25	7.54	0.00	0.00	2000
225	11.10	2050	2073	0.00	197	0	0	0	nan	0.00	0.02	6.32	81.52	88.90	0.00	38	0	42	0.00	0.00	64.22	7.27	0.00	0.00	2000
234	11.04	2104	2117	0.00	197	0	0	0	nan	0.00	0.00	5.47	84.28	88.96	0.00	38	0	42	0.00	0.00	66.60	7.38	0.00	0.00	2000
226	11.00	2075	2082	0.00	197	0	0	0	nan	0.00	0.01	4.37	84.02	89.00	0.00	39	0	42	0.00	0.00	66.60	7.42	0.00	0.00	2000
235	11.09	2090	2125	0.00	198	0	0	0	nan	0.00	0.02	4.60	85.46	88.92	0.00	39	0	42	0.00	0.00	66.84	7.53	0.00	0.00	2000
224	11.63	2031	1992	0.00	209	0	0	0	nan	0.00	0.01	5.44	78.44	88.37	0.00	37	0	42	0.00	0.00	61.32	6.90	0.00	0.00	2000
234	10.49	2124	2205	0.00	230	0	0	0	nan	0.00	0.02	5.89	88.12	89.51	0.00	37	0	42	0.00	0.00	72.33	8.16	0.00	0.00	2000
232	11.05	2096	2108	0.00	194	0	0	0	nan	0.00	0.03	3.75	85.66	88.95	0.00	38	0	42	0.00	0.00	64.96	7.39	0.00	0.00	2000
373	17.42	2329	1930	0.00	212	0	0	0	nan	0.00	0.00	3.07	72.91	82.58	0.00	38	0	42	0.00	0.00	61.59	7.23	0.00	0.00	2000
697	27.52	2500	2129	0.00	277	0	0	0	nan	0.00	0.00	3.52	70.08	72.48	0.00	39	0	42	0.00	0.00	77.07	8.76	0.00	0.00	2000
321	13.66	2205	2240	0.00	245	0	0	0	nan	0.00	0.82	10.10	81.35	86.34	0.00	37	0	42	0.00	0.00	74.27	8.67	0.00	0.00	2000
238	11.55	2001	2161	0.00	225	0	0	0	nan	0.00	0.56	3.85	86.84	88.45	0.00	38	0	42	0.00	0.00	69.13	8.07	0.00	0.00	2000
210	11.26	1887	2070	0.00	226	0	0	0	nan	0.00	0.02	8.46	79.13	88.74	0.00	37	0	42	0.00	0.00	63.40	7.54	0.00	0.00	2000
79	7.36	1069	2101	0.00	193	0	0	0	nan	0.00	0.00	6.78	85.88	92.64	0.00	37	0	42	0.00	0.00	60.52	7.46	0.00	0.00	2000
74	7.18	1011	2134	0.00	209	0	0	1	86.16	0.00	0.04	4.43	90.01	92.82	0.00	37	0	42	0.00	0.00	62.41	7.61	0.00	0.00	2000
73	6.84	1070	2094	0.30	193	0	0	2	88.34	0.00	0.02	3.58	89.32	93.16	0.00	37	0	42	0.00	0.00	60.28	7.34	0.00	0.00	2000
81	6.95	1166	2102	0.00	161	0	0	0	nan	0.00	0.00	5.37	87.83	93.05	0.00	37	0	42	0.00	0.00	58.47	7.29	0.00	0.00	2000
