Avg_MHz	Busy%	Bzy_MHz	TSC_MHz	IPC	IRQ	NMI	SMI	LLCMRPS	LLC%hit	POLL%	C1%	C1E%	C6%	CPU%c1	CPU%c6	CoreTmp	CoreThr	PkgTmp	Pkg%pc2	Pkg%pc6	PkgWatt	RAMWatt	PKG_%	RAM_%	UncMHz
184	11.34	1609	2115	0.00	255	0	0	0	nan	0.00	0.02	31.80	57.36	88.66	0.00	36	0	41	0.00	0.00	61.74	7.59	0.00	0.00	2000
346	17.08	2013	2116	0.00	197	0	0	0	nan	0.00	0.66	11.74	71.33	82.92	0.00	37	0	42	0.00	0.00	70.48	8.09	0.00	0.00	2000
277	14.43	1935	2087	0.00	224	0	0	0	nan	0.04	0.66	21.60	62.89	85.57	0.00	36	0	42	0.00	0.00	62.36	7.02	0.00	0.00	2000
76	6.59	1146	2127	0.00	194	0	0	0	nan	0.00	0.02	2.66	91.91	93.41	0.00	36	0	42	0.00	0.00	60.10	7.58	0.00	0.00	2000
74	6.77	1091	2116	0.00	193	0	0	0	nan	0.00	0.01	2.73	91.25	93.23	0.00	36	0	41	0.00	0.00	60.40	7.53	0.00	0.00	2000
72	6.84	1058	2087	0.00	194	0	0	0	nan	0.00	0.00	2.75	89.95	93.16	0.00	36	0	41	0.00	0.00	58.65	7.31	0.00	0.00	2000
74	6.92	1062	2113	0.00	193	0	0	0	nan	0.00	0.02	2.38	91.35	93.08	0.00	36	0	42	0.00	0.00	60.00	7.49	0.00	0.00	2000
73	6.56	1111	2100	0.00	193	0	0	0	nan	0.00	0.00	3.87	89.70	93.44	0.00	36	0	41	0.00	0.00	60.96	7.85	0.00	0.00	2000
74	6.33	1177	2085	0.00	193	0	0	0	nan	0.00	0.02	3.61	89.43	93.67	0.00	36	0	42	0.00	0.00	60.35	7.46	0.00	0.00	2000
73	6.66	1087	2111	0.00	193	0	0	0	nan	0.00	0.00	4.59	89.13	93.34	0.00	36	0	42	0.00	0.00	59.55	7.60	0.00	0.00	2000
73	6.76	1087	2094	0.00	194	0	0	0	nan	0.00	0.02	3.87	89.20	93.24	0.00	36	0	42	0.00	0.00	59.73	7.48	0.00	0.00	2000
72	6.83	1063	2094	0.00	195	0	0	0	nan	0.00	0.01	4.09	88.93	93.17	0.00	36	0	41	0.00	0.00	59.30	7.55	0.00	0.00	2000
73	6.50	1124	2105	0.00	194	0	0	0	nan	0.00	0.00	4.03	89.63	93.50	0.00	36	0	42	0.00	0.00	60.00	7.59	0.00	0.00	2000
72	6.94	1042	2082	0.00	193	0	0	0	nan	0.00	0.02	3.47	88.91	93.06	0.00	36	0	42	0.00	0.00	57.86	7.34	0.00	0.00	2000
74	6.55	1116	2132	0.00	193	0	0	0	nan	0.01	0.00	1.92	92.90	93.45	0.00	36	0	41	0.00	0.00	60.23	7.60	0.00	0.00	2000
72	6.47	1110	2093	0.00	194	0	0	0	nan	0.00	0.00	3.40	89.83	93.53	0.00	36	0	41	0.00	0.00	60.07	7.50	0.00	0.00	2000
74	6.62	1113	2103	0.30	193	0	0	1	77.00	0.00	0.01	2.63	90.83	93.38	0.00	36	0	42	0.00	0.00	59.11	7.45	0.00	0.00	2000
70	6.74	1051	2084	0.10	194	0	0	0	nan	0.00	0.00	2.70	89.97	93.26	0.00	36	0	41	0.00	0.00	58.66	7.31	0.00	0.00	2000
74	6.25	1184	2105	0.00	196	0	0	0	nan	0.00	0.00	3.29	90.59	93.75	0.00	36	0	42	0.00	0.00	58.98	7.39	0.00	0.00	2000
193	9.99	1924	2108	0.00	212	0	0	0	nan	0.00	0.50	5.90	83.94	90.01	0.00	38	0	41	0.00	0.00	63.71	7.62	0.00	0.00	2000
239	11.39	2096	2105	0.00	219	0	0	0	nan	0.00	0.00	6.72	82.15	88.61	0.00	39	0	42	0.00	0.00	66.81	7.79	0.00	0.00	2000
228	10.80	2115	2094	0.00	213	0	0	0	nan	0.00	0.00	3.25	85.79	89.20	0.00	39	0	41	0.00	0.00	63.76	7.37	0.00	0.00	2000
228	10.76	2129	2092	0.00	204	0	0	0	nan	0.00	0.00	3.34	85.56	89.24	0.00	40	0	42	0.00	0.00	65.46	7.56	0.00	0.00	2000
234	11.24	2078	2105	0.00	199	0	0	0	nan	0.00	0.00	6.16	82.92	88.76	0.00	38	0	41	0.00	0.00	65.72	7.65	0.00	0.00	2000
234	11.17	2086	2107	0.00	198	0	0	0	nan	0.00	0.02	5.47	83.82	88.83	0.00	38	0	42	0.00	0.00	67.80	7.89	0.00	0.00	2000
227	11.18	2130	2005	0.00	198	0	0	0	nan	0.00	0.00	4.86	80.06	88.82	0.00	37	0	41	0.00	0.00	62.46	7.32	0.00	0.00	2000
238	10.93	2082	2194	0.00	218	0	0	0	nan	0.00	0.00	5.10	88.03	89.07	0.00	37	0	42	0.00	0.00	70.47	8.31	0.00	0.00	2000
233	10.99	2109	2108	0.00	199	0	0	0	nan	0.00	0.01	4.12	85.27	89.01	0.00	38	0	42	0.00	0.00	66.33	7.71	0.00	0.00	2000
233	10.96	2125	2097	0.00	208	0	0	0	nan	0.00	0.51	3.84	84.69	89.04	0.00	38	0	41	0.00	0.00	64.64	7.60	0.00	0.00	2000
226	11.04	2064	2080	0.00	205	0	0	0	nan	0.00	0.02	5.00	83.23	88.96	0.00	38	0	42	0.00	0.00	64.33	7.32	0.00	0.00	2000
237	11.23	2080	2129	0.00	199	0	0	0	nan	0.00	0.00	3.51	86.60	88.77	0.00	38	0	41	0.00	0.00	65.85	7.57	0.00	0.00	2000
225	11.16	2055	2061	0.00	207	0	0	0	nan	0.00	0.00	3.52	83.83	88.84	0.00	39	0	42	0.00	0.00	63.85	7.25	0.00	0.00	2000
231	11.27	2043	2111	0.00	216	0	0	0	nan	0.00	0.00	3.95	85.26	88.73	0.00	39	0	42	0.00	0.00	65.03	7.67	0.00	0.00	2000
225	11.02	2056	2090	0.74	198	0	0	15	98.31	0.00	0.00	6.65	81.99	88.98	0.00	39	0	42	0.00	0.00	62.63	7.32	0.00	0.00	2000
230	11.45	2044	2069	0.05	200	0	0	0	nan	0.00	0.00	5.39	81.93	88.55	0.00	39	0	42	0.00	0.00	67.33	7.96	0.00	0.00	2000
232	11.03	2065	2137	0.00	221	0	0	0	nan	0.00	0.01	5.54	85.12	88.97	0.00	39	0	42	0.00	0.00	64.92	7.41	0.00	0.00	2000
232	11.08	2068	2128	0.00	200	0	0	0	nan	0.00	0.00	5.81	84.34	88.92	0.00	39	0	41	0.00	0.00	66.06	7.60	0.00	0.00	2000
229	11.07	2075	2097	0.00	197	0	0	0	nan	0.00	0.00	3.78	85.00	88.93	0.00	39	0	41	0.00	0.00	65.92	7.25	0.00	0.00	2000
224	10.82	2116	2056	0.00	199	0	0	0	nan	0.00	0.00	4.51	82.90	89.18	0.00	39	0	41	0.00	0.00	62.90	7.31	0.00	0.00	2000
236	11.54	2053	2090	0.00	201	0	0	0	nan	0.00	0.53	4.87	82.71	88.46	0.00	39	0	42	0.00	0.00	64.67	7.56	0.00	0.00	2000
226	10.87	2056	2122	0.00	221	0	0	0	nan	0.00	0.00	5.96	84.18	89.13	0.00	39	0	42	0.00	0.00	66.12	7.47	0.00	0.00	2000
231	11.16	2051	2124	0.00	198	0	0	0	nan	0.00	0.02	4.99	84.93	88.84	0.00	39	0	42	0.00	0.00	68.08	7.78	0.00	0.00	2000
232	11.08	2082	2110	0.00	199	0	0	0	nan	0.00	0.00	4.41	85.05	88.92	0.00	37	0	42	0.00	0.00	63.37	7.29	0.00	0.00	2000
227	11.20	2050	2071	0.00	199	0	0	0	nan	0.00	0.00	4.88	82.75	88.80	0.00	38	0	42	0.00	0.00	63.88	7.36	0.00	0.00	2000
243	12.01	2066	2059	0.00	205	0	0	0	nan	0.00	0.02	6.19	80.21	87.99	0.00	37	0	42	0.00	0.00	63.16	7.37	0.00	0.00	2000
232	11.05	2076	2122	0.00	222	0	0	0	nan	0.00	0.02	6.25	83.77	88.95	0.00	37	0	42	0.00	0.00	68.31	8.30	0.00	0.00	2000
228	11.01	2058	2117	0.00	214	0	0	0	nan	0.00	0.02	6.27	83.45	88.99	0.00	37	0	42	0.00	0.00	64.24	7.70	0.00	0.00	2000
234	11.14	2084	2116	0.00	197	0	0	0	nan	0.00	0.02	3.14	86.48	88.86	0.00	37	0	41	0.00	0.00	67.52	8.05	0.00	0.00	2000
233	11.22	2079	2099	0.00	200	0	0	0	nan	0.00	0.03	3.27	85.53	88.78	0.00	38	0	42	0.00	0.00	61.78	7.53	0.00	0.00	2000
231	10.96	2109	2094	0.00	203	0	0	1	77.20	0.00	0.04	3.22	85.70	89.04	0.00	38	0	42	0.00	0.00	65.53	8.00	0.00	0.00	2000
236	11.61	2007	2126	0.51	197	0	0	4	60.80	0.00	0.01	2.74	86.88	88.39	0.00	38	0	41	0.00	0.00	68.58	8.46	0.00	0.00	2000
246	11.85	2099	2081	0.00	198	0	0	0	nan	0.00	0.02	4.78	82.67	88.15	0.00	38	0	42	0.00	0.00	66.04	7.87	0.00	0.00	2000
250	11.74	2137	2096	0.00	218	0	0	0	nan	0.01	0.03	3.00	85.08	88.26	0.00	38	0	42	0.00	0.00	62.92	7.59	0.00	0.00	2000
230	11.18	2051	2107	0.00	199	0	0	0	nan	0.00	0.00	7.44	81.83	88.82	0.00	38	0	42	0.00	0.00	65.09	7.54	0.00	0.00	2000
226	10.67	2123	2096	0.00	203	0	0	0	nan	0.00	0.00	7.16	82.05	89.33	0.00	38	0	42	0.00	0.00	65.53	7.56	0.00	0.00	2000
229	11.20	2039	2107	0.00	197	0	0	0	nan	0.00	0.00	7.48	81.69	88.80	0.00	38	0	42	0.00	0.00	64.76	7.56	0.00	0.00	2000
232	11.44	2033	2097	0.00	200	0	0	0	nan	0.00	0.00	6.96	81.60	88.56	0.00	38	0	42	0.00	0.00	64.68	7.71	0.00	0.00	2000
227	11.19	2030	2098	0.00	198	0	0	0	nan	0.00	0.00	6.69	82.26	88.81	0.00	38	0	42	0.00	0.00	61.88	7.49	0.00	0.00	2000
227	11.57	1987	2073	0.00	198	0	0	0	nan	0.00	0.00	6.22	81.21	88.43	0.00	38	0	42	0.00	0.00	66.62	7.42	0.00	0.00	2000
232	10.90	2090	2135	0.00	207	0	0	0	nan	0.00	0.01	3.16	87.54	89.10	0.00	38	0	42	0.00	0.00	63.21	7.24	0.00	0.00	2000
230	11.05	2077	2101	0.00	200	0	0	0	nan	0.00	0.02	4.74	84.42	88.95	0.00	38	0	42	0.00	0.00	65.22	7.45	0.00	0.00	2000
226	11.15	2056	2066	0.00	197	0	0	0	nan	0.00	0.02	2.94	84.63	88.85	0.00	38	0	42	0.00	0.00	64.60	7.61	0.00	0.00	2000
231	11.11	2055	2128	0.00	215	0	0	0	nan	0.01	0.03	3.66	86.50	88.89	0.00	39	0	42	0.00	0.00	66.73	7.83	0.00	0.00	2000
228	11.16	2032	2113	0.00	198	0	0	0	nan	0.00	0.00	6.24	83.24	88.84	0.00	38	0	41	0.00	0.00	64.68	7.47	0.00	0.00	2000
226	11.42	2020	2060	0.00	204	0	0	0	nan	0.00	0.01	6.14	80.75	88.58	0.00	39	0	42	0.00	0.00	63.92	7.52	0.00	0.00	2000
226	10.81	2084	2106	0.00	199	0	0	0	nan	0.00	0.95	3.17	85.50	89.19	0.00	38	0	41	0.00	0.00	65.94	7.63	0.00	0.00	2000
225	11.00	2049	2101	0.00	213	0	0	2	92.41	0.00	0.00	8.18	81.02	89.00	0.00	38	0	42	0.00	0.00	63.20	7.42	0.00	0.00	2000
230	11.15	2042	2125	0.65	198	0	0	5	91.77	0.00	0.00	4.69	85.32	88.85	0.00	38	0	42	0.00	0.00	65.70	7.73	0.00	0.00	2000
233	11.31	2063	2100	0.00	202	0	0	0	nan	0.00	0.01	5.49	83.33	88.69	0.00	39	0	42	0.00	0.00	65.58	7.82	0.00	0.00	2000
233	11.32	2047	2111	0.00	198	0	0	0	nan	0.01	0.00	5.53	83.66	88.68	0.00	38	0	42	0.00	0.00	65.95	7.82	0.00	0.00	2000
230	11.28	2039	2100	0.00	199	0	0	0	nan	0.00	0.00	4.38	84.44	88.72	0.00	39	0	42	0.00	0.00	65.12	7.65	0.00	0.00	2000
227	11.28	2019	2095	0.00	195	0	0	0	nan	0.00	0.00	5.07	83.59	88.72	0.00	39	0	41	0.00	0.00	64.68	7.40	0.00	0.00	2000
234	11.34	2055	2108	0.00	197	0	0	0	nan	0.00	0.00	5.27	83.86	88.66	0.00	39	0	42	0.00	0.00	65.22	7.54	0.00	0.00	2000
232	11.37	2053	2088	0.00	199	0	0	0	nan	0.00	0.00	6.09	82.18	88.63	0.00	39	0	41	0.00	0.00	65.06	7.66	0.00	0.00	2000
230	11.30	2030	2110	0.00	204	0	0	0	nan	0.00	0.02	6.46	82.78	88.70	0.00	39	0	42	0.00	0.00	64.91	7.47	0.00	0.00	2000
227	10.80	2132	2068	0.00	197	0	0	0	nan	0.00	0.05	5.13	82.78	89.20	0.00	39	0	42	0.00	0.00	64.58	7.50	0.00	0.00	2000
225	11.27	2037	2058	0.00	198	0	0	0	nan	0.00	0.00	6.06	80.92	88.73	0.00	39	0	42	0.00	0.00	62.37	7.14	0.00	0.00	2000
231	11.22	1993	2173	0.00	216	0	0	0	nan	0.00	0.00	5.83	86.12	88.78	0.00	39	0	42	0.00	0.00	68.18	7.73	0.00	0.00	2000
230	12.01	1982	2031	0.00	202	0	0	0	nan	0.00	0.01	5.03	80.22	87.99	0.00	39	0	41	0.00	0.00	61.80	7.30	0.00	0.00	2000
233	11.03	2037	2181	0.00	217	0	0	0	nan	0.00	0.00	7.41	85.11	88.97	0.00	39	0	41	0.00	0.00	68.78	7.64	0.00	0.00	2000
230	11.04	2096	2087	0.00	198	0	0	0	nan	0.00	0.00	6.08	82.31	88.96	0.00	39	0	42	0.00	0.00	64.98	7.56	0.00	0.00	2000
229	11.25	2028	2110	0.00	203	0	0	0	nan	0.00	0.00	8.05	81.26	88.75	0.00	39	0	42	0.00	0.00	65.05	7.60	0.00	0.00	2000
230	10.93	2100	2103	0.00	199	0	0	0	nan	0.00	0.00	5.59	83.69	89.07	0.00	39	0	41	0.00	0.00	65.21	7.66	0.00	0.00	2000
228	11.30	2024	2093	0.00	201	0	0	2	80.05	0.00	0.00	5.98	82.61	88.70	0.00	39	0	42	0.00	0.00	64.92	7.56	0.00	0.00	2000
228	10.96	2086	2096	1.04	198	0	0	3	80.10	0.00	0.00	6.22	82.79	89.04	0.00	39	0	42	0.00	0.00	65.31	7.50	0.00	0.00	2000
232	10.94	2138	2086	0.00	199	0	0	0	nan	0.00	0.01	5.37	83.12	89.06	0.00	39	0	41	0.00	0.00	64.39	7.54	0.00	0.00	2000
229	10.88	2084	2120	0.00	198	0	0	0	nan	0.00	0.00	6.27	83.79	89.12	0.00	39	0	41	0.00	0.00	64.93	7.57	0.00	0.00	2000
227	10.78	2127	2082	0.00	198	0	0	0	nan	0.00	0.58	4.01	83.95	89.22	0.00	39	0	42	0.00	0.00	65.08	7.41	0.00	0.00	2000
231	11.06	2066	2118	0.00	203	0	0	0	nan	0.00	1.09	4.86	83.98	88.94	0.00	39	0	42	0.00	0.00	64.56	7.42	0.00	0.00	2000
229	11.15	2062	2091	0.00	198	0	0	0	nan	0.00	0.00	7.20	81.39	88.86	0.00	39	0	42	0.00	0.00	65.16	7.73	0.00	0.00	2000
230	11.14	2050	2111	0.00	197	0	0	0	nan	0.00	0.00	7.36	82.05	88.86	0.00	39	0	42	0.00	0.00	65.23	7.53	0.00	0.00	2000
230	11.13	2080	2082	0.00	197	0	0	0	nan	0.00	0.00	5.93	82.26	88.87	0.00	39	0	42	0.00	0.00	65.18	7.37	0.00	0.00	2000
229	10.93	2090	2106	0.00	198	0	0	0	nan	0.00	0.00	7.14	82.16	89.07	0.00	39	0	41	0.00	0.00	64.97	7.36	0.00	0.00	2000
231	11.18	2071	2096	0.00	200	0	0	0	nan	0.00	0.00	6.66	82.11	88.82	0.00	39	0	41	0.00	0.00	65.22	7.60	0.00	0.00	2000
224	11.35	2031	2038	0.00	204	0	0	0	nan	0.00	0.00	6.50	79.60	88.65	0.00	39	0	41	0.00	0.00	61.27	7.09	0.00	0.00	2000
233	10.77	2087	2176	0.00	215	0	0	0	nan	0.00	0.00	4.33	88.21	89.23	0.00	39	0	42	0.00	0.00	68.36	7.96	0.00	0.00	2000
229	11.15	2061	2098	0.00	199	0	0	0	nan	0.00	0.03	4.68	84.15	88.85	0.00	39	0	41	0.00	0.00	65.12	7.43	0.00	0.00	2000
226	11.11	2026	2108	0.00	198	0	0	0	nan	0.00	0.00	6.14	83.24	88.89	0.00	39	0	42	0.00	0.00	64.23	7.50	0.00	0.00	2000
232	11.13	2083	2103	0.00	204	0	0	0	nan	0.00	0.00	4.69	84.19	88.87	0.00	39	0	41	0.00	0.00	64.89	7.61	0.00	0.00	2000
225	11.05	2073	2064	0.00	200	0	0	0	nan	0.01	0.04	6.04	81.45	88.95	0.00	39	0	41	0.00	0.00	64.00	7.46	0.00	0.00	2000
226	11.25	2033	2071	0.00	199	0	0	1	89.92	0.00	0.00	5.15	82.47	88.75	0.00	39	0	41	0.00	0.00	61.61	7.24	0.00	0.00	2000
228	11.02	2038	2131	0.66	214	0	0	4	91.51	0.00	0.00	5.17	85.25	88.98	0.00	39	0	42	0.00	0.00	68.69	7.86	0.00	0.00	2000
236	11.43	2039	2123	0.00	198	0	0	0	nan	0.00	0.00	6.22	83.41	88.57	0.00	39	0	42	0.00	0.00	64.13	7.50	0.00	0.00	2000
228	10.75	2117	2103	0.00	203	0	0	0	nan	0.00	0.02	4.84	84.57	89.25	0.00	39	0	42	0.00	0.00	66.30	7.54	0.00	0.00	2000
230	11.05	2085	2097	0.00	195	0	0	0	nan	0.00	0.00	6.05	82.83	88.95	0.00	38	0	42	0.00	0.00	64.93	7.53	0.00	0.00	2000
227	10.85	2094	2099	0.00	198	0	0	0	nan	0.00	0.00	5.89	83.31	89.15	0.00	39	0	41	0.00	0.00	61.98	7.18	0.00	0.00	2000
229	11.16	2046	2109	0.00	201	0	0	0	nan	0.00	0.00	6.02	83.33	88.84	0.00	39	0	42	0.00	0.00	67.56	7.82	0.00	0.00	2000
229	11.05	2082	2086	0.00	197	0	0	0	nan	0.00	0.00	5.22	83.28	88.95	0.00	39	0	42	0.00	0.00	59.62	6.78	0.00	0.00	2000
230	11.08	2066	2114	0.00	203	0	0	0	nan	0.00	0.00	6.79	82.70	88.92	0.00	39	0	41	0.00	0.00	68.32	8.02	0.00	0.00	2000
229	11.11	2076	2084	0.00	198	0	0	0	nan	0.00	0.00	5.01	83.26	88.89	0.00	39	0	41	0.00	0.00	61.13	7.22	0.00	0.00	2000
228	10.82	2095	2117	0.00	198	0	0	0	nan	0.00	0.99	7.95	80.99	89.18	0.00	39	0	42	0.00	0.00	70.45	8.10	0.00	0.00	2000
226	11.01	2063	2088	0.00	196	0	0	0	nan	0.00	0.46	7.34	80.80	88.99	0.00	39	0	41	0.00	0.00	59.76	6.92	0.00	0.00	2000
229	11.08	2073	2097	0.00	198	0	0	0	nan	0.00	0.00	6.50	82.41	88.92	0.00	39	0	41	0.00	0.00	65.28	7.59	0.00	0.00	2000
233	11.45	2025	2115	0.00	202	0	0	0	nan	0.00	0.00	6.81	82.41	88.55	0.00	39	0	41	0.00	0.00	68.17	7.85	0.00	0.00	2000
231	11.21	2075	2088	0.00	199	0	0	0	nan	0.00	0.00	7.35	81.03	88.79	0.00	39	0	41	0.00	0.00	61.70	7.16	0.00	0.00	2000
227	11.05	2053	2101	0.00	197	0	0	0	nan	0.00	0.00	7.12	82.08	88.95	0.00	39	0	42	0.00	0.00	65.35	7.83	0.00	0.00	2000
231	11.13	2065	2113	0.00	198	0	0	0	nan	0.00	0.00	6.38	83.10	88.88	0.00	39	0	41	0.00	0.00	65.17	7.70	0.00	0.00	2000
229	10.77	2137	2088	0.00	198	0	0	0	91.07	0.00	0.00	5.67	83.03	89.23	0.00	39	0	42	0.00	0.00	66.24	7.48	0.00	0.00	2000
237	11.35	2083	2101	0.70	200	0	0	14	58.19	0.00	0.03	6.09	82.74	88.65	0.00	38	0	42	0.00	0.00	64.74	7.47	0.00	0.00	2000
227	10.76	2110	2105	0.00	203	0	0	0	nan	0.00	0.00	7.02	82.46	89.24	0.00	39	0	42	0.00	0.00	64.87	7.58	0.00	0.00	2000
230	11.30	2033	2098	0.00	200	0	0	0	nan	0.00	0.00	6.23	82.55	88.70	0.00	39	0	42	0.00	0.00	69.33	7.90	0.00	0.00	2000
230	10.99	2080	2109	0.00	196	0	0	0	nan	0.00	0.06	2.88	86.57	89.01	0.00	39	0	42	0.00	0.00	63.31	7.22	0.00	0.00	2000
230	11.15	2065	2096	0.00	198	0	0	0	nan	0.00	0.57	3.97	84.18	88.85	0.00	39	0	42	0.00	0.00	64.68	7.46	0.00	0.00	2000
231	11.23	2054	2101	0.00	199	0	0	0	nan	0.00	0.03	4.10	84.80	88.77	0.00	39	0	41	0.00	0.00	62.77	7.23	0.00	0.00	2000
230	10.87	2120	2101	0.00	203	0	0	0	nan	0.00	0.00	6.72	82.59	89.13	0.00	39	0	41	0.00	0.00	67.46	8.07	0.00	0.00	2000
222	11.28	2015	2052	0.00	198	0	0	0	nan	0.00	0.01	5.61	81.28	88.72	0.00	39	0	42	0.00	0.00	62.44	7.34	0.00	0.00	2000
232	11.07	2060	2135	0.00	196	0	0	0	nan	0.00	0.01	5.66	84.84	88.93	0.00	39	0	41	0.00	0.00	70.84	8.89	0.00	0.00	2000
236	11.42	2060	2106	0.00	200	0	0	0	nan	0.00	0.00	4.74	84.17	88.58	0.00	40	0	42	0.00	0.00	63.66	7.36	0.00	0.00	2000
232	11.57	2015	2088	0.00	197	0	0	0	nan	0.00	0.00	3.87	84.25	88.43	0.00	40	0	42	0.00	0.00	66.11	7.63	0.00	0.00	2000
224	10.88	2090	2072	0.00	203	0	0	0	nan	0.00	0.00	3.83	84.24	89.12	0.00	40	0	41	0.00	0.00	64.03	7.47	0.00	0.00	2000
232	11.18	2046	2135	0.00	214	0	0	0	nan	0.00	0.00	5.97	84.47	88.82	0.00	40	0	42	0.00	0.00	64.65	7.46	0.00	0.00	2000
227	10.94	2065	2105	0.00	200	0	0	0	nan	0.00	0.00	6.17	83.25	89.06	0.00	40	0	41	0.00	0.00	65.96	7.64	0.00	0.00	2000
231	11.25	2062	2089	0.00	198	0	0	0	nan	0.00	0.00	5.09	83.33	88.75	0.00	39	0	42	0.00	0.00	64.84	7.42	0.00	0.00	2000
230	11.38	2019	2100	0.00	198	0	0	0	nan	0.00	0.02	6.55	82.20	88.62	0.00	39	0	42	0.00	0.00	64.68	7.59	0.00	0.00	2000
224	11.14	2034	2080	0.00	207	0	0	0	98.31	0.00	0.00	8.19	79.99	88.86	0.00	40	0	42	0.00	0.00	65.31	8.28	0.00	0.00	2000
227	11.38	1997	2101	1.44	215	0	0	5	35.32	0.00	0.02	3.99	84.87	88.62	0.00	40	0	41	0.00	0.00	65.23	7.62	0.00	0.00	2000
226	11.06	2047	2101	0.00	198	0	0	0	nan	0.00	0.00	6.12	82.93	88.94	0.00	40	0	41	0.00	0.00	63.28	7.30	0.00	0.00	2000
232	10.99	2105	2106	0.00	199	0	0	0	nan	0.00	0.01	3.36	85.91	89.01	0.00	40	0	41	0.00	0.00	66.90	7.81	0.00	0.00	2000
232	10.86	2112	2123	0.00	202	0	0	0	nan	0.00	0.03	4.73	85.53	89.14	0.00	40	0	42	0.00	0.00	69.13	8.01	0.00	0.00	2000
227	10.72	2121	2099	0.00	199	0	0	0	nan	0.00	0.00	5.08	84.19	89.28	0.00	40	0	41	0.00	0.00	63.90	7.55	0.00	0.00	2000
231	11.52	2033	2069	0.00	201	0	0	0	nan	0.00	0.02	5.11	82.20	88.48	0.00	39	0	42	0.00	0.00	64.51	7.48	0.00	0.00	2000
228	10.85	2067	2137	0.00	215	0	0	0	nan	0.00	0.00	7.58	83.15	89.15	0.00	39	0	42	0.00	0.00	66.35	8.13	0.00	0.00	2000
228	10.97	2088	2094	0.00	198	0	0	0	nan	0.00	0.00	6.17	82.71	89.03	0.00	40	0	42	0.00	0.00	65.63	7.26	0.00	0.00	2000
229	11.09	2084	2083	0.00	204	0	0	0	nan	0.00	0.00	6.63	81.63	88.91	0.00	40	0	41	0.00	0.00	65.08	7.30	0.00	0.00	2000
229	11.31	2013	2114	0.00	199	0	0	0	nan	0.00	0.02	5.93	83.49	88.69	0.00	40	0	42	0.00	0.00	63.29	7.35	0.00	0.00	2000
229	11.14	2049	2108	0.00	195	0	0	0	nan	0.00	0.01	3.44	85.88	88.86	0.00	40	0	42	0.00	0.00	66.44	7.57	0.00	0.00	2000
225	10.78	2129	2061	0.00	198	0	0	0	nan	0.00	0.54	2.09	85.07	89.22	0.00	40	0	42	0.00	0.00	64.39	7.38	0.00	0.00	2000
233	11.25	2039	2138	0.00	215	0	0	0	nan	0.00	0.59	3.95	86.01	88.75	0.00	39	0	42	0.00	0.00	68.18	8.21	0.00	0.00	2000
232	10.93	2106	2114	0.00	195	0	0	0	nan	0.00	0.00	3.95	85.88	89.07	0.00	40	0	42	0.00	0.00	66.08	8.09	0.00	0.00	2000
227	11.06	2058	2097	0.00	193	0	0	0	nan	0.00	0.00	3.69	85.18	88.94	0.00	40	0	42	0.00	0.00	65.04	7.67	0.00	0.00	2000
227	11.09	2058	2092	0.00	194	0	0	0	nan	0.00	0.00	4.36	84.38	88.91	0.00	40	0	42	0.00	0.00	65.18	7.39	0.00	0.00	2000
225	10.89	2064	2099	0.00	195	0	0	0	89.40	0.00	0.00	5.01	84.17	89.11	0.00	40	0	42	0.00	0.00	65.43	7.64	0.00	0.00	2000
232	11.29	2042	2109	1.47	194	0	0	6	36.41	0.00	0.00	4.62	84.64	88.71	0.00	40	0	42	0.00	0.00	64.69	7.50	0.00	0.00	2000
229	11.13	2073	2085	0.00	195	0	0	0	nan	0.00	0.00	4.31	84.08	88.87	0.00	40	0	42	0.00	0.00	65.15	7.45	0.00	0.00	2000
219	10.77	2024	2107	0.00	194	0	0	0	nan	0.00	0.00	4.67	85.00	89.23	0.00	38	0	42	0.00	0.00	64.70	7.41	0.00	0.00	2000
228	11.07	2054	2103	0.00	237	0	0	0	nan	0.00	0.00	3.02	86.25	88.93	0.00	39	0	42	0.00	0.00	64.45	7.59	0.00	0.00	2000
231	11.23	2053	2103	0.00	220	0	0	0	nan	0.00	0.00	3.56	85.49	88.77	0.00	39	0	42	0.00	0.00	63.61	7.73	0.00	0.00	2000
231	11.21	2062	2099	0.00	212	0	0	0	nan	0.00	0.02	2.69	86.12	88.79	0.00	39	0	42	0.00	0.00	66.16	7.78	0.00	0.00	2000
231	10.89	2127	2094	0.00	203	0	0	0	nan	0.00	0.02	3.87	85.10	89.11	0.00	39	0	42	0.00	0.00	64.39	7.70	0.00	0.00	2000
231	11.01	2095	2106	0.00	205	0	0	0	nan	0.00	0.00	3.30	86.11	88.99	0.00	40	0	42	0.00	0.00	65.32	7.82	0.00	0.00	2000
233	11.10	2099	2102	0.00	222	0	0	0	nan	0.00	0.02	4.66	84.36	88.90	0.00	38	0	41	0.00	0.00	62.93	7.51	0.00	0.00	2000
228	11.23	2056	2070	0.00	196	0	0	0	nan	0.00	0.00	3.77	83.95	88.77	0.00	38	0	42	0.00	0.00	62.89	7.42	0.00	0.00	2000
232	11.09	2081	2108	0.00	195	0	0	0	nan	0.00	0.00	2.64	86.71	88.91	0.00	39	0	42	0.00	0.00	62.73	7.41	0.00	0.00	2000
233	10.83	2134	2112	0.00	213	0	0	0	nan	0.00	0.00	3.08	86.67	89.17	0.00	39	0	42	0.00	0.00	68.33	7.86	0.00	0.00	2000
231	11.44	2087	2036	0.00	196	0	0	0	nan	0.00	0.02	2.73	83.16	88.56	0.00	37	0	42	0.00	0.00	63.24	7.38	0.00	0.00	2000
230	11.22	2053	2099	0.00	211	0	0	0	nan	0.00	0.00	2.45	86.39	88.78	0.00	38	0	42	0.00	0.00	65.10	7.81	0.00	0.00	2000
231	11.24	2047	2108	0.00	210	0	0	0	nan	0.00	0.01	2.95	86.20	88.76	0.00	38	0	42	0.00	0.00	65.58	7.55	0.00	0.00	2000
229	10.83	2047	2167	0.00	212	0	0	0	nan	0.00	0.00	4.27	87.91	89.17	0.00	38	0	42	0.00	0.00	67.54	7.97	0.00	0.00	2000
229	11.18	2058	2093	0.41	204	0	0	18	56.83	0.00	0.00	3.28	85.35	88.82	0.00	39	0	42	0.00	0.00	61.76	7.33	0.00	0.00	2000
235	11.02	2116	2112	0.40	213	0	0	5	71.54	0.00	0.02	3.80	85.72	88.98	0.00	39	0	42	0.00	0.00	65.34	7.69	0.00	0.00	2000
231	11.01	2097	2103	0.00	203	0	0	0	nan	0.00	0.00	3.52	85.56	88.99	0.00	39	0	42	0.00	0.00	65.46	7.65	0.00	0.00	2000
232	11.75	2097	1975	0.00	203	0	0	0	nan	0.00	0.01	3.44	79.64	88.25	0.00	38	0	42	0.00	0.00	61.79	7.06	0.00	0.00	2000
229	10.74	2055	2183	0.00	231	0	0	0	nan	0.00	0.02	5.05	87.87	89.26	0.00	38	0	42	0.00	0.00	67.02	7.58	0.00	0.00	2000
230	11.05	2070	2111	0.00	220	0	0	0	nan	0.00	0.04	3.05	86.46	88.95	0.00	38	0	42	0.00	0.00	67.85	7.77	0.00	0.00	2000
229	11.11	2086	2078	0.00	197	0	0	0	nan	0.00	0.00	4.62	83.33	88.89	0.00	38	0	42	0.00	0.00	62.75	7.31	0.00	0.00	2000
228	10.92	2034	2154	0.00	216	0	0	0	nan	0.00	0.98	4.77	85.75	89.08	0.00	38	0	42	0.00	0.00	67.57	7.84	0.00	0.00	2000
231	11.10	2071	2107	0.00	198	0	0	0	nan	0.00	0.44	5.75	83.04	88.90	0.00	38	0	42	0.00	0.00	64.97	7.61	0.00	0.00	2000
233	11.52	2030	2094	0.00	197	0	0	0	nan	0.00	0.02	6.09	82.16	88.48	0.00	38	0	42	0.00	0.00	64.77	7.53	0.00	0.00	2000
232	11.50	2020	2102	0.00	210	0	0	0	nan	0.00	0.00	7.27	81.48	88.50	0.00	38	0	42	0.00	0.00	64.77	7.63	0.00	0.00	2000
228	11.40	2000	2098	0.00	198	0	0	0	nan	0.00	0.00	6.73	81.89	88.60	0.00	38	0	42	0.00	0.00	64.81	7.33	0.00	0.00	2000
232	11.10	2097	2093	0.00	202	0	0	0	nan	0.00	0.00	5.84	82.78	88.90	0.00	39	0	42	0.00	0.00	65.18	7.49	0.00	0.00	2000
229	11.06	2061	2108	0.00	208	0	0	0	nan	0.00	0.00	7.80	81.59	88.94	0.00	39	0	42	0.00	0.00	65.24	7.53	0.00	0.00	2000
230	10.89	2106	2102	0.00	198	0	0	0	nan	0.00	0.00	6.26	82.97	89.11	0.00	39	0	42	0.00	0.00	65.33	7.14	0.00	0.00	2000
230	11.06	2095	2088	0.00	203	0	0	0	nan	0.00	0.00	7.19	81.36	88.94	0.00	39	0	41	0.00	0.00	62.27	7.42	0.00	0.00	2000
230	10.87	2106	2111	0.00	199	0	0	0	nan	0.00	0.00	7.33	82.33	89.13	0.00	38	0	42	0.00	0.00	65.01	7.59	0.00	0.00	2000
228	10.94	2095	2092	0.47	198	0	0	65	9.72	0.00	0.00	5.70	83.06	89.06	0.00	38	0	42	0.00	0.00	66.72	9.40	0.00	0.00	2000
223	11.47	2015	2031	0.23	198	0	0	0	92.39	0.00	0.00	5.47	80.26	88.53	0.00	38	0	42	0.00	0.00	64.13	8.04	0.00	0.00	2000
231	10.77	2060	2190	0.00	214	0	0	0	nan	0.00	0.02	4.06	89.07	89.23	0.00	38	0	41	0.00	0.00	68.32	7.77	0.00	0.00	2000
233	11.62	2018	2086	0.00	232	0	0	0	nan	0.00	0.03	9.16	78.77	88.38	0.00	38	0	42	0.00	0.00	63.89	7.67	0.00	0.00	2000
75	6.84	1084	2112	0.00	193	0	0	0	nan	0.00	0.01	3.00	90.81	93.16	0.00	37	0	42	0.00	0.00	58.88	7.32	0.00	0.00	2000
77	7.04	1095	2087	0.00	193	0	0	0	nan	0.00	0.00	3.09	89.42	92.96	0.00	37	0	42	0.00	0.00	59.31	7.45	0.00	0.00	2000
74	6.22	1184	2113	0.00	193	0	0	0	nan	0.00	0.04	2.57	91.64	93.78	0.00	37	0	42	0.00	0.00	59.19	7.46	0.00	0.00	2000
93	7.01	1324	2112	0.00	130	0	0	0	nan	0.01	0.00	6.52	87.02	92.99	0.00	37	0	42	0.00	0.00	60.05	7.31	0.00	0.00	2000
