Avg_MHz	Busy%	Bzy_MHz	TSC_MHz	IPC	IRQ	NMI	SMI	LLCMRPS	LLC%hit	POLL%	C1%	C1E%	C6%	CPU%c1	CPU%c6	CoreTmp	CoreThr	PkgTmp	Pkg%pc2	Pkg%pc6	PkgWatt	RAMWatt	PKG_%	RAM_%	UncMHz
391	18.27	2111	2128	0.00	242	0	0	0	nan	0.00	3.02	35.02	44.91	81.73	0.00	37	0	41	0.00	0.00	69.02	7.96	0.00	0.00	2000
353	16.30	2144	2123	0.00	215	0	0	0	nan	0.02	2.02	17.49	65.46	83.70	0.00	37	0	41	0.00	0.00	68.61	7.66	0.00	0.00	2000
76	6.94	1108	2078	0.00	193	0	0	0	nan	0.00	0.00	7.80	84.34	93.06	0.00	37	0	42	0.00	0.00	58.23	7.33	0.00	0.00	2000
74	7.03	1055	2109	0.00	197	0	0	0	nan	0.00	0.00	5.12	88.38	92.97	0.00	36	0	41	0.00	0.00	62.14	7.50	0.00	0.00	2000
74	6.69	1090	2123	0.00	210	0	0	0	nan	0.00	0.03	4.14	90.12	93.31	0.00	36	0	41	0.00	0.00	62.27	8.11	0.00	0.00	2000
73	6.77	1080	2100	0.00	197	0	0	0	nan	0.00	0.02	3.67	89.61	93.23	0.00	36	0	41	0.00	0.00	59.61	7.29	0.00	0.00	2000
73	6.78	1081	2101	0.00	195	0	0	0	nan	0.00	0.00	3.07	90.28	93.22	0.00	36	0	41	0.00	0.00	59.86	7.46	0.00	0.00	2000
70	6.61	1074	2085	0.00	194	0	0	0	nan	0.00	0.00	2.76	90.08	93.39	0.00	36	0	41	0.00	0.00	59.63	7.66	0.00	0.00	2000
72	6.84	1059	2088	0.00	193	0	0	0	nan	0.00	0.01	2.03	90.54	93.16	0.00	36	0	41	0.00	0.00	57.86	7.30	0.00	0.00	2000
72	6.90	1029	2121	0.00	210	0	0	0	nan	0.00	0.00	3.32	90.81	93.10	0.00	36	0	41	0.00	0.00	61.86	7.78	0.00	0.00	2000
73	6.85	1069	2099	0.00	193	0	0	0	nan	0.00	0.02	3.65	89.52	93.15	0.00	36	0	41	0.00	0.00	59.77	7.54	0.00	0.00	2000
72	6.86	1043	2108	0.00	194	0	0	0	nan	0.00	0.00	3.79	89.78	93.14	0.00	36	0	41	0.00	0.00	59.01	7.39	0.00	0.00	2000
72	6.87	1051	2093	0.00	194	0	0	0	nan	0.00	0.00	3.56	89.45	93.13	0.00	36	0	41	0.00	0.00	59.88	7.46	0.00	0.00	2000
72	6.57	1101	2101	0.00	195	0	0	0	nan	0.00	0.02	3.36	90.19	93.43	0.00	36	0	41	0.00	0.00	60.61	7.58	0.00	0.00	2000
74	6.36	1160	2103	0.00	194	0	0	0	nan	0.00	0.00	3.73	90.05	93.64	0.00	36	0	41	0.00	0.00	60.66	7.59	0.00	0.00	2000
72	6.78	1065	2097	0.00	179	0	0	0	91.01	0.00	0.01	3.53	89.71	93.22	0.00	36	0	41	0.00	0.00	57.68	7.25	0.00	0.00	2000
73	6.94	1054	2106	0.29	210	0	0	1	86.20	0.00	0.00	3.57	89.84	93.06	0.00	36	0	41	0.00	0.00	61.34	7.73	0.00	0.00	2000
73	6.51	1123	2091	0.00	194	0	0	0	nan	0.00	0.02	3.21	89.90	93.49	0.00	36	0	41	0.00	0.00	58.60	7.28	0.00	0.00	2000
158	9.50	1659	2107	0.00	212	0	0	0	nan	0.00	0.00	5.19	85.75	90.50	0.00	38	0	41	0.00	0.00	63.85	7.90	0.00	0.00	2000
230	11.10	2065	2105	0.00	203	0	0	0	nan	0.00	0.01	4.30	84.90	88.90	0.00	39	0	41	0.00	0.00	66.56	7.47	0.00	0.00	2000
229	10.91	2108	2091	0.00	201	0	0	0	nan	0.00	0.00	3.47	85.34	89.09	0.00	40	0	41	0.00	0.00	66.56	7.65	0.00	0.00	2000
232	11.17	2074	2099	0.00	212	0	0	0	nan	0.01	0.00	2.50	86.27	88.83	0.00	40	0	41	0.00	0.00	63.72	7.27	0.00	0.00	2000
233	10.94	2132	2095	0.00	197	0	0	0	nan	0.00	1.05	4.90	82.98	89.06	0.00	38	0	41	0.00	0.00	66.60	7.71	0.00	0.00	2000
233	10.91	2121	2110	0.00	200	0	0	0	nan	0.00	0.00	8.77	80.83	89.09	0.00	38	0	41	0.00	0.00	64.40	7.64	0.00	0.00	2000
230	11.11	2079	2096	0.00	196	0	0	0	nan	0.00	0.00	5.46	83.33	88.89	0.00	38	0	41	0.00	0.00	65.89	7.67	0.00	0.00	2000
229	11.47	2021	2072	0.00	198	0	0	0	nan	0.00	0.00	5.77	81.75	88.53	0.00	36	0	41	0.00	0.00	64.56	7.60	0.00	0.00	2000
239	11.49	2052	2133	0.00	204	0	0	0	nan	0.00	0.01	6.39	83.62	88.51	0.00	37	0	41	0.00	0.00	71.91	8.53	0.00	0.00	2000
229	11.34	2025	2096	0.00	197	0	0	0	nan	0.00	0.00	6.06	82.56	88.66	0.00	37	0	41	0.00	0.00	65.45	7.64	0.00	0.00	2000
227	11.04	2080	2072	0.00	197	0	0	0	nan	0.00	0.02	4.54	83.31	88.96	0.00	37	0	41	0.00	0.00	63.25	7.13	0.00	0.00	2000
230	11.04	2061	2125	0.00	215	0	0	0	nan	0.00	0.00	5.15	84.98	88.96	0.00	38	0	41	0.00	0.00	65.94	7.61	0.00	0.00	2000
232	11.20	2083	2090	0.00	199	0	0	0	nan	0.00	0.01	4.92	83.48	88.80	0.00	38	0	41	0.00	0.00	64.31	7.46	0.00	0.00	2000
232	10.92	2108	2120	0.00	202	0	0	0	nan	0.00	0.00	7.40	82.62	89.08	0.00	38	0	41	0.00	0.00	67.60	7.79	0.00	0.00	2000
229	10.76	2143	2086	0.00	195	0	0	0	89.47	0.00	0.00	5.95	82.66	89.24	0.00	38	0	41	0.00	0.00	63.96	7.30	0.00	0.00	2000
228	11.32	2007	2108	0.76	197	0	0	18	96.04	0.00	0.00	5.47	83.64	88.68	0.00	38	0	41	0.00	0.00	67.84	7.76	0.00	0.00	2000
229	10.89	2115	2084	0.04	196	0	0	0	nan	0.00	0.53	4.82	83.20	89.11	0.00	38	0	41	0.00	0.00	62.24	7.07	0.00	0.00	2000
230	10.89	2101	2112	0.00	197	0	0	0	nan	0.00	0.00	6.30	83.37	89.11	0.00	38	0	41	0.00	0.00	69.26	7.76	0.00	0.00	2000
228	11.40	2027	2074	0.00	202	0	0	0	nan	0.00	0.02	2.74	84.82	88.60	0.00	37	0	41	0.00	0.00	65.24	7.58	0.00	0.00	2000
232	11.17	2045	2133	0.00	213	0	0	0	nan	0.00	0.05	6.94	83.43	88.83	0.00	38	0	41	0.00	0.00	65.32	7.74	0.00	0.00	2000
224	11.08	2054	2068	0.00	197	0	0	0	nan	0.00	0.02	5.94	81.71	88.92	0.00	38	0	41	0.00	0.00	63.10	7.35	0.00	0.00	2000
234	11.33	2031	2131	0.00	199	0	0	0	nan	0.00	0.00	5.04	85.05	88.67	0.00	38	0	42	0.00	0.00	65.38	7.66	0.00	0.00	2000
233	10.91	2141	2098	0.00	199	0	0	0	nan	0.00	0.00	6.21	82.80	89.09	0.00	38	0	41	0.00	0.00	65.90	7.61	0.00	0.00	2000
221	11.22	2034	2033	0.00	205	0	0	0	nan	0.00	0.00	5.20	80.95	88.78	0.00	37	0	41	0.00	0.00	58.67	7.11	0.00	0.00	2000
236	11.04	2063	2179	0.00	246	0	0	0	nan	0.00	0.00	6.72	85.70	88.96	0.00	38	0	41	0.00	0.00	73.88	8.08	0.00	0.00	2000
243	11.23	2154	2106	0.00	204	0	0	0	nan	0.00	0.00	5.57	83.60	88.77	0.00	37	0	41	0.00	0.00	66.52	7.67	0.00	0.00	2000
230	11.36	2079	2047	0.00	200	0	0	0	nan	0.00	0.05	4.63	81.86	88.64	0.00	37	0	41	0.00	0.00	67.28	8.00	0.00	0.00	2000
233	10.99	2076	2140	0.00	218	0	0	0	nan	0.00	0.01	8.69	82.13	89.01	0.00	38	0	41	0.00	0.00	66.92	8.16	0.00	0.00	2000
233	11.16	2085	2099	0.00	201	0	0	0	nan	0.00	0.04	5.46	83.47	88.84	0.00	37	0	41	0.00	0.00	65.52	7.60	0.00	0.00	2000
233	11.01	2100	2115	0.00	197	0	0	0	nan	0.00	0.99	6.79	81.96	88.99	0.00	37	0	41	0.00	0.00	66.22	7.90	0.00	0.00	2000
231	11.12	2082	2094	0.00	199	0	0	0	nan	0.00	0.48	5.59	82.67	88.88	0.00	38	0	41	0.00	0.00	64.78	7.65	0.00	0.00	2000
242	11.61	2075	2107	0.00	204	0	0	2	70.56	0.00	0.00	7.63	81.18	88.39	0.00	38	0	41	0.00	0.00	66.47	7.95	0.00	0.00	2000
235	11.37	2062	2103	0.51	197	0	0	3	64.74	0.00	0.00	7.44	81.46	88.63	0.00	38	0	42	0.00	0.00	66.02	8.03	0.00	0.00	2000
232	11.11	2108	2083	0.00	198	0	0	0	nan	0.00	0.01	5.70	82.41	88.89	0.00	38	0	41	0.00	0.00	64.46	7.53	0.00	0.00	2000
230	11.09	2070	2101	0.00	197	0	0	0	nan	0.00	0.00	7.68	81.36	88.91	0.00	39	0	41	0.00	0.00	65.12	7.47	0.00	0.00	2000
228	11.07	2056	2107	0.00	196	0	0	0	nan	0.00	0.00	6.28	83.04	88.93	0.00	39	0	41	0.00	0.00	65.74	7.69	0.00	0.00	2000
232	10.92	2118	2110	0.00	195	0	0	0	nan	0.00	0.00	6.89	82.71	89.08	0.00	38	0	42	0.00	0.00	67.02	7.64	0.00	0.00	2000
226	11.07	2085	2058	0.00	201	0	0	0	nan	0.00	0.00	5.18	82.05	88.93	0.00	38	0	41	0.00	0.00	63.81	7.51	0.00	0.00	2000
231	11.24	2019	2139	0.00	202	0	0	0	nan	0.00	0.02	4.56	86.00	88.76	0.00	39	0	41	0.00	0.00	64.96	7.44	0.00	0.00	2000
226	11.20	2031	2087	0.00	199	0	0	0	nan	0.00	0.01	4.68	83.66	88.80	0.00	39	0	42	0.00	0.00	66.00	7.67	0.00	0.00	2000
230	10.94	2103	2100	0.00	198	0	0	0	nan	0.00	0.54	3.36	85.26	89.06	0.00	39	0	42	0.00	0.00	65.52	7.55	0.00	0.00	2000
232	11.11	2073	2111	0.00	197	0	0	0	nan	0.00	0.00	6.34	83.07	88.89	0.00	38	0	41	0.00	0.00	65.76	7.62	0.00	0.00	2000
226	11.17	2030	2093	0.00	200	0	0	0	nan	0.00	0.00	7.00	81.69	88.83	0.00	39	0	41	0.00	0.00	64.10	7.51	0.00	0.00	2000
226	11.17	2045	2076	0.00	197	0	0	0	nan	0.00	0.01	5.88	82.07	88.83	0.00	39	0	41	0.00	0.00	65.32	7.50	0.00	0.00	2000
231	11.25	2030	2122	0.00	198	0	0	0	nan	0.00	0.00	5.10	84.71	88.75	0.00	39	0	41	0.00	0.00	65.49	7.64	0.00	0.00	2000
227	10.91	2099	2079	0.00	196	0	0	0	nan	0.00	0.00	5.00	83.23	89.09	0.00	39	0	42	0.00	0.00	65.48	7.55	0.00	0.00	2000
234	11.54	2045	2080	0.00	201	0	0	0	nan	0.00	0.00	5.21	82.45	88.46	0.00	38	0	42	0.00	0.00	63.45	7.45	0.00	0.00	2000
225	10.74	2081	2117	0.00	218	0	0	0	nan	0.00	0.01	6.01	84.05	89.26	0.00	39	0	42	0.00	0.00	67.24	7.64	0.00	0.00	2000
226	11.15	2070	2054	0.00	198	0	0	2	94.52	0.00	0.00	4.82	82.19	88.85	0.00	39	0	41	0.00	0.00	62.99	7.31	0.00	0.00	2000
236	10.82	2100	2182	1.00	215	0	0	22	23.78	0.01	0.03	3.16	89.53	89.18	0.00	39	0	42	0.00	0.00	69.83	8.27	0.00	0.00	2000
233	11.13	2090	2103	0.00	198	0	0	0	nan	0.00	0.52	7.55	81.07	88.87	0.00	38	0	41	0.00	0.00	66.40	7.74	0.00	0.00	2000
228	11.31	2051	2063	0.00	199	0	0	0	nan	0.00	0.02	6.32	80.84	88.69	0.00	39	0	42	0.00	0.00	63.75	7.54	0.00	0.00	2000
228	11.11	2091	2059	0.00	198	0	0	0	nan	0.00	0.93	4.24	82.10	88.89	0.00	39	0	42	0.00	0.00	62.89	7.25	0.00	0.00	2000
231	10.74	2081	2171	0.00	211	0	0	0	nan	0.00	0.47	6.24	85.70	89.26	0.00	39	0	42	0.00	0.00	68.97	7.98	0.00	0.00	2000
231	11.08	2079	2102	0.00	198	0	0	0	nan	0.00	0.00	6.49	82.60	88.92	0.00	38	0	41	0.00	0.00	66.03	7.68	0.00	0.00	2000
230	11.44	2008	2103	0.00	198	0	0	0	nan	0.00	0.00	7.32	81.49	88.56	0.00	39	0	42	0.00	0.00	65.14	7.55	0.00	0.00	2000
230	11.08	2086	2091	0.00	198	0	0	0	nan	0.00	0.00	6.68	81.97	88.92	0.00	39	0	42	0.00	0.00	65.73	7.52	0.00	0.00	2000
226	11.12	2031	2105	0.00	198	0	0	0	nan	0.00	0.00	7.43	81.72	88.88	0.00	39	0	42	0.00	0.00	65.00	7.57	0.00	0.00	2000
229	11.04	2075	2100	0.00	199	0	0	0	nan	0.00	0.00	4.77	84.36	88.96	0.00	39	0	42	0.00	0.00	65.95	7.42	0.00	0.00	2000
234	11.42	2039	2108	0.00	201	0	0	0	nan	0.00	0.00	5.98	83.09	88.58	0.00	39	0	41	0.00	0.00	66.34	7.66	0.00	0.00	2000
230	10.81	2128	2097	0.00	198	0	0	0	nan	0.00	0.00	5.22	83.83	89.19	0.00	39	0	42	0.00	0.00	65.83	7.38	0.00	0.00	2000
230	11.16	2060	2102	0.00	199	0	0	0	nan	0.01	0.02	5.96	82.91	88.84	0.00	39	0	41	0.00	0.00	65.22	7.49	0.00	0.00	2000
228	11.02	2071	2099	0.00	197	0	0	0	nan	0.00	0.05	4.17	84.80	88.98	0.00	39	0	42	0.00	0.00	65.06	7.44	0.00	0.00	2000
229	11.25	2037	2097	0.00	199	0	0	0	nan	0.00	0.00	6.60	82.16	88.75	0.00	39	0	42	0.00	0.00	65.67	7.58	0.00	0.00	2000
230	11.12	2078	2094	0.00	200	0	0	0	nan	0.00	0.00	6.64	82.01	88.88	0.00	39	0	41	0.00	0.00	64.98	7.57	0.00	0.00	2000
223	11.29	2020	2057	0.00	197	0	0	1	87.83	0.00	0.00	4.94	82.04	88.71	0.00	39	0	42	0.00	0.00	62.57	7.15	0.00	0.00	2000
235	11.14	2099	2106	0.95	199	0	0	3	79.61	0.00	0.02	4.35	84.71	88.86	0.00	39	0	42	0.00	0.00	65.35	7.53	0.00	0.00	2000
231	10.87	2080	2141	0.00	216	0	0	0	nan	0.00	0.00	8.12	82.83	89.13	0.00	39	0	41	0.00	0.00	69.18	8.03	0.00	0.00	2000
231	11.15	2071	2101	0.00	205	0	0	0	nan	0.00	0.00	9.13	79.86	88.85	0.00	39	0	41	0.00	0.00	65.45	7.65	0.00	0.00	2000
229	10.93	2093	2105	0.00	200	0	0	0	nan	0.00	0.00	6.66	82.66	89.07	0.00	39	0	42	0.00	0.00	65.36	7.61	0.00	0.00	2000
226	11.08	2084	2056	0.00	199	0	0	0	nan	0.00	0.00	6.55	80.56	88.92	0.00	39	0	41	0.00	0.00	64.25	7.50	0.00	0.00	2000
235	11.03	2083	2151	0.00	203	0	0	0	nan	0.00	0.00	6.44	84.86	88.97	0.00	39	0	41	0.00	0.00	67.41	7.64	0.00	0.00	2000
229	11.04	2089	2088	0.00	200	0	0	0	nan	0.00	0.04	4.75	83.76	88.96	0.00	38	0	41	0.00	0.00	65.31	7.51	0.00	0.00	2000
227	10.93	2072	2106	0.00	198	0	0	0	nan	0.00	0.02	4.84	84.49	89.07	0.00	39	0	41	0.00	0.00	65.20	7.35	0.00	0.00	2000
226	11.00	2080	2079	0.00	199	0	0	0	nan	0.00	0.47	6.84	80.85	89.00	0.00	39	0	41	0.00	0.00	64.57	7.34	0.00	0.00	2000
230	10.92	2086	2124	0.00	197	0	0	0	nan	0.00	0.03	4.62	85.49	89.08	0.00	39	0	41	0.00	0.00	66.00	7.57	0.00	0.00	2000
232	11.05	2108	2094	0.00	202	0	0	0	nan	0.00	0.03	3.98	84.76	88.95	0.00	39	0	42	0.00	0.00	65.29	7.56	0.00	0.00	2000
223	10.90	2071	2073	0.00	195	0	0	0	nan	0.00	0.00	6.35	81.71	89.10	0.00	39	0	42	0.00	0.00	61.91	7.20	0.00	0.00	2000
224	11.24	2041	2049	0.00	195	0	0	0	nan	0.00	0.00	5.68	81.03	88.76	0.00	39	0	42	0.00	0.00	64.40	7.34	0.00	0.00	2000
231	11.28	2013	2138	0.00	215	0	0	0	nan	0.00	0.00	4.24	86.09	88.72	0.00	39	0	41	0.00	0.00	64.59	7.38	0.00	0.00	2000
233	11.03	2063	2148	0.00	215	0	0	0	nan	0.00	0.00	5.55	85.54	88.97	0.00	39	0	42	0.00	0.00	68.63	7.81	0.00	0.00	2000
229	10.84	2119	2097	0.00	199	0	0	0	nan	0.00	0.00	7.08	81.95	89.16	0.00	39	0	42	0.00	0.00	65.11	7.49	0.00	0.00	2000
229	11.07	2061	2104	0.00	199	0	0	2	87.12	0.00	0.00	7.56	81.65	88.93	0.00	39	0	42	0.00	0.00	65.02	7.30	0.00	0.00	2000
229	11.12	2064	2100	0.66	200	0	0	4	91.26	0.00	0.00	5.46	83.52	88.88	0.00	39	0	42	0.00	0.00	65.31	7.59	0.00	0.00	2000
230	11.08	2072	2103	0.00	199	0	0	0	nan	0.00	0.00	5.25	83.85	88.92	0.00	39	0	41	0.00	0.00	65.78	7.56	0.00	0.00	2000
231	11.30	2051	2093	0.00	198	0	0	0	nan	0.00	0.00	5.48	83.07	88.70	0.00	39	0	42	0.00	0.00	65.03	7.51	0.00	0.00	2000
229	11.02	2072	2106	0.00	202	0	0	0	nan	0.00	0.27	6.40	82.59	88.98	0.00	39	0	42	0.00	0.00	65.88	7.44	0.00	0.00	2000
228	10.67	2151	2092	0.00	198	0	0	0	nan	0.00	0.02	6.22	82.72	89.33	0.00	39	0	41	0.00	0.00	62.67	7.21	0.00	0.00	2000
229	11.26	2027	2102	0.00	201	0	0	0	nan	0.00	0.00	7.17	81.82	88.74	0.00	39	0	41	0.00	0.00	67.85	7.71	0.00	0.00	2000
227	11.11	2055	2093	0.00	200	0	0	0	nan	0.00	0.01	5.64	83.05	88.89	0.00	39	0	41	0.00	0.00	66.10	7.67	0.00	0.00	2000
232	11.14	2084	2099	0.00	196	0	0	0	nan	0.00	0.00	6.24	82.61	88.86	0.00	39	0	42	0.00	0.00	65.20	7.41	0.00	0.00	2000
229	11.11	2066	2094	0.00	200	0	0	0	nan	0.00	0.00	6.63	82.11	88.89	0.00	39	0	42	0.00	0.00	63.08	7.17	0.00	0.00	2000
229	10.78	2114	2107	0.00	198	0	0	0	nan	0.00	0.00	7.93	81.63	89.22	0.00	39	0	42	0.00	0.00	65.11	7.50	0.00	0.00	2000
229	11.18	2032	2113	0.00	198	0	0	0	nan	0.00	0.00	6.25	83.15	88.82	0.00	39	0	42	0.00	0.00	65.88	7.40	0.00	0.00	2000
228	10.87	2112	2087	0.00	198	0	0	0	nan	0.00	0.00	6.15	82.46	89.13	0.00	39	0	41	0.00	0.00	66.05	7.59	0.00	0.00	2000
229	11.09	2066	2101	0.00	200	0	0	0	nan	0.00	0.00	5.81	83.26	88.91	0.00	39	0	42	0.00	0.00	65.73	7.52	0.00	0.00	2000
233	11.21	2074	2109	0.00	203	0	0	0	nan	0.00	0.06	6.08	83.15	88.79	0.00	39	0	41	0.00	0.00	65.33	7.86	0.00	0.00	2000
228	11.12	2054	2098	0.00	195	0	0	0	nan	0.00	0.00	5.31	83.52	88.88	0.00	39	0	41	0.00	0.00	65.11	7.60	0.00	0.00	2000
227	11.32	2015	2090	0.00	199	0	0	0	nan	0.00	0.97	5.29	82.23	88.68	0.00	39	0	41	0.00	0.00	65.20	7.40	0.00	0.00	2000
233	11.37	2039	2109	0.00	197	0	0	1	86.64	0.00	0.00	7.10	81.95	88.63	0.00	38	0	41	0.00	0.00	65.64	7.71	0.00	0.00	2000
228	11.40	2004	2099	1.01	198	0	0	11	62.84	0.00	0.00	6.41	82.33	88.60	0.00	39	0	42	0.00	0.00	67.88	7.90	0.00	0.00	2000
233	11.26	2063	2107	0.00	201	0	0	0	nan	0.00	0.00	5.76	83.30	88.74	0.00	39	0	41	0.00	0.00	62.75	7.41	0.00	0.00	2000
230	11.28	2035	2100	0.00	197	0	0	0	nan	0.00	0.02	6.98	81.85	88.72	0.00	39	0	41	0.00	0.00	65.76	7.69	0.00	0.00	2000
228	11.01	2069	2099	0.00	200	0	0	0	nan	0.00	0.00	6.46	82.63	88.99	0.00	39	0	41	0.00	0.00	66.05	7.69	0.00	0.00	2000
229	11.20	2048	2099	0.00	200	0	0	0	nan	0.00	0.01	5.52	83.35	88.80	0.00	39	0	41	0.00	0.00	64.89	7.60	0.00	0.00	2000
229	11.03	2076	2100	0.00	198	0	0	0	nan	0.00	0.00	5.81	83.30	88.97	0.00	39	0	42	0.00	0.00	65.95	7.68	0.00	0.00	2000
231	11.29	2088	2055	0.00	181	0	0	0	nan	0.00	0.00	5.72	81.21	88.71	0.00	38	0	41	0.00	0.00	63.29	7.75	0.00	0.00	2000
229	11.10	2023	2141	0.00	216	0	0	0	nan	0.00	0.00	7.17	83.55	88.90	0.00	38	0	42	0.00	0.00	64.77	7.79	0.00	0.00	2000
230	11.06	2075	2103	0.00	198	0	0	0	nan	0.00	0.01	4.70	84.40	88.94	0.00	38	0	41	0.00	0.00	67.60	8.00	0.00	0.00	2000
225	10.78	2110	2076	0.00	202	0	0	0	nan	0.00	0.03	3.42	84.84	89.22	0.00	39	0	41	0.00	0.00	62.51	7.41	0.00	0.00	2000
234	11.22	2058	2130	0.00	196	0	0	0	nan	0.00	0.05	2.65	87.45	88.78	0.00	39	0	41	0.00	0.00	67.80	7.94	0.00	0.00	2000
231	11.17	2067	2104	0.00	199	0	0	0	nan	0.00	0.52	4.74	83.90	88.83	0.00	39	0	42	0.00	0.00	65.56	7.54	0.00	0.00	2000
227	11.09	2059	2090	0.00	201	0	0	0	nan	0.00	2.13	4.13	82.41	88.91	0.00	39	0	42	0.00	0.00	62.45	7.38	0.00	0.00	2000
224	11.04	2057	2074	0.00	197	0	0	0	nan	0.00	0.00	6.01	81.99	88.96	0.00	39	0	41	0.00	0.00	65.21	7.63	0.00	0.00	2000
240	11.55	2056	2122	0.00	198	0	0	0	nan	0.00	0.00	6.16	83.34	88.45	0.00	39	0	42	0.00	0.00	65.55	7.75	0.00	0.00	2000
228	11.18	2043	2093	0.00	198	0	0	0	nan	0.00	0.00	5.71	82.93	88.82	0.00	38	0	41	0.00	0.00	65.36	7.67	0.00	0.00	2000
232	11.27	2060	2095	0.00	197	0	0	0	nan	0.00	0.00	6.05	82.59	88.73	0.00	39	0	42	0.00	0.00	65.07	7.58	0.00	0.00	2000
234	11.23	2082	2105	0.61	204	0	0	17	27.34	0.00	0.00	6.72	82.30	88.77	0.00	38	0	42	0.00	0.00	66.20	7.98	0.00	0.00	2000
231	11.04	2089	2104	0.12	196	0	0	0	nan	0.01	0.00	8.76	80.53	88.96	0.00	38	0	41	0.00	0.00	65.09	7.83	0.00	0.00	2000
230	11.02	2077	2108	0.00	198	0	0	0	nan	0.00	0.00	6.36	83.05	88.98	0.00	38	0	42	0.00	0.00	65.46	7.96	0.00	0.00	2000
226	11.24	2017	2092	0.00	200	0	0	0	nan	0.01	0.01	4.46	84.03	88.76	0.00	38	0	42	0.00	0.00	64.51	7.66	0.00	0.00	2000
230	11.34	2027	2097	0.00	201	0	0	0	nan	0.00	0.02	5.59	83.03	88.66	0.00	38	0	42	0.00	0.00	65.17	7.68	0.00	0.00	2000
230	11.01	2090	2102	0.00	202	0	0	0	nan	0.00	0.00	5.55	83.57	88.99	0.00	38	0	41	0.00	0.00	65.22	7.63	0.00	0.00	2000
231	11.15	2061	2114	0.00	199	0	0	0	nan	0.01	0.00	5.85	83.62	88.85	0.00	39	0	42	0.00	0.00	65.91	7.57	0.00	0.00	2000
230	10.88	2110	2101	0.00	197	0	0	0	nan	0.00	0.00	5.90	83.32	89.12	0.00	38	0	42	0.00	0.00	65.80	7.71	0.00	0.00	2000
227	11.09	2052	2097	0.00	198	0	0	0	nan	0.00	0.00	6.66	82.24	88.91	0.00	39	0	42	0.00	0.00	65.65	7.72	0.00	0.00	2000
228	11.32	2017	2098	0.00	196	0	0	0	nan	0.00	0.00	5.87	82.82	88.68	0.00	39	0	42	0.00	0.00	64.54	7.58	0.00	0.00	2000
232	11.09	2090	2104	0.00	202	0	0	0	nan	0.00	0.00	6.61	82.55	88.91	0.00	39	0	42	0.00	0.00	66.22	7.59	0.00	0.00	2000
229	11.45	2004	2096	0.00	198	0	0	0	nan	0.00	0.00	6.28	82.20	88.55	0.00	39	0	42	0.00	0.00	64.61	7.62	0.00	0.00	2000
231	11.02	2095	2104	0.00	201	0	0	0	nan	0.00	0.00	7.55	81.65	88.98	0.00	39	0	42	0.00	0.00	65.91	7.72	0.00	0.00	2000
230	11.00	2102	2094	0.00	199	0	0	0	nan	0.00	0.00	6.07	82.66	89.00	0.00	39	0	42	0.00	0.00	65.20	7.69	0.00	0.00	2000
229	10.81	2124	2093	0.00	184	0	0	0	nan	0.00	0.00	5.65	83.41	89.19	0.00	39	0	41	0.00	0.00	64.40	7.33	0.00	0.00	2000
235	10.91	2141	2112	0.00	197	0	0	0	nan	0.00	0.01	5.43	84.20	89.09	0.00	39	0	41	0.00	0.00	66.32	7.72	0.00	0.00	2000
231	11.08	2079	2102	0.00	201	0	0	0	nan	0.00	0.02	6.11	83.02	88.92	0.00	39	0	42	0.00	0.00	64.33	7.66	0.00	0.00	2000
229	11.28	2031	2100	0.52	200	0	0	6	53.86	0.00	0.00	5.98	82.81	88.72	0.00	39	0	42	0.00	0.00	65.01	7.65	0.00	0.00	2000
229	10.71	2146	2097	0.46	198	0	0	2	79.64	0.00	0.00	5.35	83.83	89.29	0.00	39	0	41	0.00	0.00	67.44	7.75	0.00	0.00	2000
229	11.39	2020	2093	0.00	199	0	0	0	nan	0.00	0.00	5.63	82.79	88.61	0.00	39	0	41	0.00	0.00	64.53	7.51	0.00	0.00	2000
230	10.96	2091	2108	0.00	197	0	0	0	nan	0.00	0.00	6.02	83.43	89.04	0.00	39	0	41	0.00	0.00	66.50	7.79	0.00	0.00	2000
234	11.00	2151	2081	0.00	199	0	0	0	nan	0.00	0.00	7.18	81.07	89.00	0.00	38	0	42	0.00	0.00	65.81	8.13	0.00	0.00	2000
228	11.17	2026	2116	0.00	205	0	0	0	nan	0.00	0.00	7.87	81.68	88.83	0.00	38	0	42	0.00	0.00	65.08	7.82	0.00	0.00	2000
224	11.54	2012	2026	0.00	196	0	0	0	nan	0.00	0.00	5.19	80.27	88.46	0.00	38	0	42	0.00	0.00	61.98	7.47	0.00	0.00	2000
232	11.02	2022	2187	0.00	215	0	0	0	nan	0.00	0.00	4.97	87.78	88.98	0.00	38	0	42	0.00	0.00	69.08	8.35	0.00	0.00	2000
229	11.11	2078	2085	0.00	200	0	0	0	nan	0.00	0.00	6.44	81.83	88.89	0.00	38	0	41	0.00	0.00	64.57	7.81	0.00	0.00	2000
234	11.16	2078	2117	0.00	196	0	0	0	nan	0.00	0.00	3.66	85.96	88.84	0.00	38	0	42	0.00	0.00	66.00	7.93	0.00	0.00	2000
232	11.33	2060	2092	0.00	195	0	0	0	nan	0.00	0.00	5.15	83.21	88.67	0.00	38	0	41	0.00	0.00	62.27	7.78	0.00	0.00	2000
230	10.87	2108	2110	0.00	195	0	0	0	nan	0.00	0.02	3.96	85.68	89.13	0.00	38	0	42	0.00	0.00	67.08	7.44	0.00	0.00	2000
228	10.89	2106	2090	0.00	195	0	0	0	nan	0.00	0.00	3.89	84.82	89.11	0.00	38	0	42	0.00	0.00	66.86	7.84	0.00	0.00	2000
228	11.06	2059	2101	0.00	194	0	0	0	nan	0.00	0.00	4.57	84.44	88.94	0.00	39	0	41	0.00	0.00	64.74	7.79	0.00	0.00	2000
233	11.01	2106	2107	0.00	196	0	0	0	nan	0.00	0.00	4.38	84.93	88.99	0.00	39	0	41	0.00	0.00	63.11	7.25	0.00	0.00	2000
232	11.28	2062	2093	0.00	211	0	0	0	nan	0.00	0.00	6.89	81.65	88.72	0.00	39	0	42	0.00	0.00	65.35	7.71	0.00	0.00	2000
232	10.65	2177	2105	0.00	198	0	0	0	nan	0.00	0.00	5.41	84.18	89.35	0.00	39	0	41	0.00	0.00	65.57	7.72	0.00	0.00	2000
230	11.17	2061	2095	0.23	199	0	0	6	45.11	0.00	0.00	3.74	84.91	88.83	0.00	39	0	41	0.00	0.00	64.32	7.64	0.00	0.00	2000
226	11.14	2038	2094	0.14	195	0	0	6	46.67	0.00	0.00	4.19	84.46	88.86	0.00	38	0	42	0.00	0.00	64.42	7.87	0.00	0.00	2000
230	11.17	2060	2100	0.00	196	0	0	0	nan	0.00	0.00	2.84	86.07	88.84	0.00	39	0	42	0.00	0.00	65.75	7.66	0.00	0.00	2000
232	11.13	2068	2113	0.00	196	0	0	0	nan	0.00	0.01	4.03	85.49	88.87	0.00	39	0	42	0.00	0.00	65.68	7.66	0.00	0.00	2000
228	10.58	2158	2098	0.00	194	0	0	0	nan	0.00	0.00	4.18	85.04	89.42	0.00	39	0	41	0.00	0.00	65.90	7.66	0.00	0.00	2000
229	11.16	2053	2096	0.00	194	0	0	0	nan	0.00	0.00	3.91	84.86	88.84	0.00	39	0	42	0.00	0.00	64.18	7.58	0.00	0.00	2000
226	10.89	2074	2103	0.00	194	0	0	0	nan	0.00	0.00	4.37	84.98	89.11	0.00	39	0	42	0.00	0.00	65.29	7.63	0.00	0.00	2000
232	11.10	2080	2107	0.00	194	0	0	0	nan	0.00	0.00	4.33	84.92	88.90	0.00	39	0	42	0.00	0.00	64.48	7.81	0.00	0.00	2000
228	11.08	2064	2090	0.00	196	0	0	0	nan	0.01	0.00	3.84	84.74	88.92	0.00	39	0	42	0.00	0.00	65.02	7.73	0.00	0.00	2000
230	11.02	2083	2102	0.00	195	0	0	0	nan	0.00	0.00	4.22	84.90	88.98	0.00	39	0	42	0.00	0.00	65.27	7.58	0.00	0.00	2000
227	10.95	2075	2099	0.00	194	0	0	0	nan	0.00	0.00	4.24	84.86	89.05	0.00	39	0	42	0.00	0.00	65.17	7.51	0.00	0.00	2000
228	11.04	2068	2100	0.00	194	0	0	0	nan	0.00	0.00	4.03	85.02	88.96	0.00	39	0	42	0.00	0.00	65.23	7.48	0.00	0.00	2000
230	10.67	2161	2092	0.00	196	0	0	0	nan	0.00	0.00	3.70	85.24	89.33	0.00	39	0	42	0.00	0.00	63.77	7.47	0.00	0.00	2000
231	11.00	2092	2108	0.00	195	0	0	0	nan	0.00	0.00	3.93	85.42	89.00	0.00	39	0	42	0.00	0.00	68.00	7.93	0.00	0.00	2000
228	11.07	2059	2098	0.00	196	0	0	0	nan	0.00	0.00	3.60	85.22	88.93	0.00	39	0	42	0.00	0.00	64.95	7.71	0.00	0.00	2000
230	10.94	2099	2102	0.00	196	0	0	0	nan	0.00	0.00	4.04	85.15	89.06	0.00	39	0	42	0.00	0.00	65.39	7.60	0.00	0.00	2000
228	11.07	2075	2088	0.00	196	0	0	0	nan	0.00	0.00	4.51	84.00	88.93	0.00	39	0	42	0.00	0.00	65.51	7.40	0.00	0.00	2000
230	11.00	2084	2104	0.09	194	0	0	4	53.25	0.00	0.00	4.62	84.58	89.00	0.00	39	0	41	0.00	0.00	64.88	7.88	0.00	0.00	2000
232	10.98	2107	2110	0.81	196	0	0	5	60.28	0.00	0.00	5.00	84.54	89.02	0.00	39	0	42	0.00	0.00	65.90	7.80	0.00	0.00	2000
229	10.81	2123	2099	0.00	196	0	0	0	nan	0.00	0.00	4.03	85.14	89.19	0.00	39	0	42	0.00	0.00	65.07	7.72	0.00	0.00	2000
229	11.17	2048	2097	0.00	197	0	0	0	nan	0.00	0.00	4.23	84.58	88.83	0.00	39	0	42	0.00	0.00	64.93	7.62	0.00	0.00	2000
228	11.29	2014	2103	0.00	195	0	0	0	nan	0.00	0.00	4.43	84.50	88.71	0.00	39	0	42	0.00	0.00	64.82	7.72	0.00	0.00	2000
229	10.62	2151	2104	0.00	194	0	0	0	nan	0.00	0.00	4.42	85.22	89.38	0.00	38	0	42	0.00	0.00	66.17	7.79	0.00	0.00	2000
230	10.65	2170	2088	0.00	196	0	0	0	nan	0.00	0.00	4.18	84.75	89.35	0.00	39	0	42	0.00	0.00	63.12	7.19	0.00	0.00	2000
227	10.71	2124	2094	0.00	179	0	0	0	nan	0.00	0.01	4.37	84.70	89.29	0.00	39	0	41	0.00	0.00	65.00	7.56	0.00	0.00	2000
228	11.21	2052	2080	0.00	210	0	0	0	nan	0.00	0.01	2.38	85.67	88.79	0.00	39	0	42	0.00	0.00	63.55	7.92	0.00	0.00	2000
227	10.92	2052	2127	0.00	196	0	0	0	nan	0.00	0.02	4.09	86.22	89.08	0.00	39	0	42	0.00	0.00	66.99	8.25	0.00	0.00	2000
229	11.44	1994	2105	0.00	195	0	0	0	nan	0.00	0.00	3.35	85.53	88.56	0.00	39	0	42	0.00	0.00	67.89	7.96	0.00	0.00	2000
230	11.37	2018	2101	0.00	196	0	0	0	nan	0.00	0.01	2.68	86.16	88.63	0.00	39	0	42	0.00	0.00	66.02	7.77	0.00	0.00	2000
228	11.75	1983	2051	0.00	195	0	0	0	nan	0.00	0.02	2.42	83.91	88.25	0.00	39	0	42	0.00	0.00	63.26	7.57	0.00	0.00	2000
265	12.03	2141	2158	0.00	210	0	0	0	nan	0.00	0.00	3.16	87.39	87.97	0.00	39	0	42	0.00	0.00	67.37	8.16	0.00	0.00	2000
227	10.81	2105	2093	0.00	194	0	0	0	nan	0.00	0.00	3.63	85.36	89.19	0.00	39	0	42	0.00	0.00	65.17	7.84	0.00	0.00	2000
229	11.02	2065	2114	0.00	180	0	0	0	nan	0.00	0.02	4.51	85.26	88.98	0.00	39	0	42	0.00	0.00	64.66	7.64	0.00	0.00	2000
225	11.29	2076	2015	0.00	195	0	0	0	nan	0.00	0.00	2.92	82.32	88.71	0.00	39	0	42	0.00	0.00	64.08	7.64	0.00	0.00	2000
232	10.60	2113	2171	0.00	210	0	0	3	49.59	0.00	0.00	2.68	89.84	89.40	0.00	40	0	42	0.00	0.00	69.72	8.52	0.00	0.00	2000
227	10.76	2109	2099	1.42	194	0	0	5	49.66	0.00	0.00	3.93	85.23	89.24	0.00	40	0	42	0.00	0.00	62.65	7.34	0.00	0.00	2000
228	11.19	2032	2108	0.00	195	0	0	0	nan	0.00	0.00	4.11	85.11	88.81	0.00	40	0	42	0.00	0.00	65.37	7.64	0.00	0.00	2000
230	11.05	2074	2104	0.00	196	0	0	0	nan	0.00	0.00	4.77	84.42	88.95	0.00	40	0	42	0.00	0.00	65.77	7.63	0.00	0.00	2000
229	11.05	2078	2094	0.00	196	0	0	0	nan	0.00	0.00	4.49	84.22	88.95	0.00	40	0	42	0.00	0.00	65.66	7.54	0.00	0.00	2000
231	10.90	2119	2103	0.00	198	0	0	0	nan	0.00	0.00	4.79	84.45	89.10	0.00	40	0	42	0.00	0.00	65.81	7.75	0.00	0.00	2000
227	10.88	2102	2086	0.00	196	0	0	0	nan	0.00	0.00	4.03	84.66	89.12	0.00	40	0	42	0.00	0.00	65.44	7.40	0.00	0.00	2000
229	11.11	2050	2117	0.00	195	0	0	0	nan	0.00	0.00	5.11	84.56	88.89	0.00	39	0	42	0.00	0.00	65.29	7.61	0.00	0.00	2000
226	10.73	2102	2100	0.00	194	0	0	0	nan	0.00	0.00	4.17	85.11	89.27	0.00	40	0	41	0.00	0.00	66.52	8.33	0.00	0.00	2000
225	11.16	2053	2067	0.00	194	0	0	0	nan	0.00	0.00	4.18	83.41	88.84	0.00	40	0	42	0.00	0.00	63.81	7.31	0.00	0.00	2000
228	10.91	2081	2105	0.00	195	0	0	0	nan	0.00	0.00	3.31	86.16	89.09	0.00	40	0	41	0.00	0.00	65.83	7.71	0.00	0.00	2000
228	11.10	2066	2086	0.00	196	0	0	0	nan	0.00	0.00	3.52	84.86	88.90	0.00	40	0	41	0.00	0.00	68.35	7.96	0.00	0.00	2000
233	11.33	2070	2091	0.00	200	0	0	0	nan	0.00	0.77	3.81	83.88	88.67	0.00	40	0	42	0.00	0.00	64.21	7.34	0.00	0.00	2000
231	11.13	2027	2148	0.00	214	0	0	0	nan	0.00	0.00	6.32	84.70	88.87	0.00	40	0	42	0.00	0.00	67.95	7.74	0.00	0.00	2000
229	11.25	2041	2096	0.00	205	0	0	0	nan	0.00	0.02	5.25	83.39	88.75	0.00	39	0	41	0.00	0.00	63.45	7.40	0.00	0.00	2000
234	11.03	2111	2111	0.00	199	0	0	0	nan	0.00	0.00	5.87	83.56	88.97	0.00	40	0	42	0.00	0.00	67.58	8.35	0.00	0.00	2000
222	11.00	2054	2060	0.00	199	0	0	0	nan	0.00	0.00	5.11	82.38	89.00	0.00	40	0	42	0.00	0.00	64.45	7.42	0.00	0.00	2000
231	10.99	2078	2127	0.00	199	0	0	2	52.12	0.00	0.00	4.50	85.77	89.01	0.00	40	0	42	0.00	0.00	66.30	7.73	0.00	0.00	2000
229	11.13	2059	2099	1.43	199	0	0	5	45.31	0.00	0.00	4.51	84.43	88.87	0.00	40	0	42	0.00	0.00	66.22	7.68	0.00	0.00	2000
233	11.30	2050	2111	0.00	206	0	0	0	nan	0.00	0.00	5.37	83.92	88.70	0.00	40	0	42	0.00	0.00	66.05	7.63	0.00	0.00	2000
227	11.12	2045	2095	0.00	198	0	0	0	nan	0.00	0.02	3.94	84.77	88.88	0.00	40	0	42	0.00	0.00	66.02	7.62	0.00	0.00	2000
230	11.04	2072	2106	0.00	199	0	0	0	nan	0.00	1.01	5.37	82.85	88.96	0.00	39	0	42	0.00	0.00	66.18	7.50	0.00	0.00	2000
223	10.92	2079	2064	0.00	199	0	0	0	nan	0.00	0.51	5.84	81.33	89.08	0.00	40	0	41	0.00	0.00	66.04	8.20	0.00	0.00	2000
232	10.99	2087	2121	0.00	199	0	0	0	nan	0.00	0.00	5.52	84.38	89.01	0.00	40	0	42	0.00	0.00	66.61	7.47	0.00	0.00	2000
232	11.23	2054	2114	0.00	204	0	0	0	nan	0.00	0.00	5.77	83.65	88.77	0.00	40	0	42	0.00	0.00	66.91	7.73	0.00	0.00	2000
228	10.90	2088	2100	0.00	198	0	0	0	nan	0.00	0.00	7.04	82.14	89.10	0.00	40	0	42	0.00	0.00	66.57	7.50	0.00	0.00	2000
229	10.97	2097	2094	0.00	202	0	0	0	nan	0.00	0.00	7.95	80.86	89.03	0.00	40	0	42	0.00	0.00	67.30	7.63	0.00	0.00	2000
232	11.04	2106	2093	0.00	199	0	0	0	nan	0.00	0.00	6.58	82.08	88.96	0.00	40	0	42	0.00	0.00	65.27	7.61	0.00	0.00	2000
227	10.94	2071	2108	0.00	199	0	0	0	nan	0.00	0.00	6.59	82.84	89.06	0.00	40	0	41	0.00	0.00	66.09	7.58	0.00	0.00	2000
224	10.98	2076	2067	0.00	198	0	0	0	nan	0.00	0.00	6.64	81.07	89.02	0.00	38	0	42	0.00	0.00	61.86	7.11	0.00	0.00	2000
229	11.02	2074	2106	0.00	196	0	0	0	nan	0.00	0.01	2.85	86.45	88.98	0.00	37	0	42	0.00	0.00	65.38	7.63	0.00	0.00	2000
232	11.09	2090	2105	0.00	194	0	0	0	nan	0.00	0.00	2.71	86.51	88.91	0.00	37	0	42	0.00	0.00	63.52	7.58	0.00	0.00	2000
223	11.06	2046	2071	0.00	211	0	0	0	nan	0.00	0.00	3.18	84.54	88.94	0.00	37	0	42	0.00	0.00	63.84	7.51	0.00	0.00	2000
232	11.04	2097	2105	0.00	211	0	0	0	nan	0.00	0.02	2.26	87.02	88.96	0.00	37	0	42	0.00	0.00	68.12	8.06	0.00	0.00	2000
233	10.89	2084	2157	0.00	212	0	0	9	34.92	0.00	0.02	2.84	88.73	89.11	0.00	38	0	41	0.00	0.00	66.62	7.93	0.00	0.00	2000
223	11.11	2063	2042	0.55	194	0	0	8	39.07	0.00	0.00	2.66	83.80	88.89	0.00	37	0	41	0.00	0.00	60.69	7.22	0.00	0.00	2000
228	10.91	2080	2109	0.00	211	0	0	0	nan	0.00	0.00	1.79	87.73	89.09	0.00	37	0	41	0.00	0.00	65.49	7.90	0.00	0.00	2000
233	11.17	2066	2125	0.00	210	0	0	0	nan	0.00	0.00	2.05	87.91	88.83	0.00	37	0	42	0.00	0.00	66.23	8.06	0.00	0.00	2000
226	11.24	2018	2096	0.00	210	0	0	0	nan	0.00	0.00	2.99	85.68	88.76	0.00	37	0	42	0.00	0.00	64.90	7.62	0.00	0.00	2000
232	10.81	2116	2129	0.00	211	0	0	0	nan	0.00	0.00	3.30	87.17	89.19	0.00	37	0	41	0.00	0.00	68.45	8.19	0.00	0.00	2000
228	11.16	2039	2104	0.00	194	0	0	0	nan	0.00	0.00	3.70	85.39	88.84	0.00	37	0	41	0.00	0.00	64.72	7.71	0.00	0.00	2000
226	10.89	2096	2082	0.00	204	0	0	0	nan	0.00	0.01	3.52	84.90	89.11	0.00	37	0	42	0.00	0.00	65.90	7.77	0.00	0.00	2000
231	10.73	2138	2114	0.00	203	0	0	0	nan	0.00	0.02	3.87	86.00	89.27	0.00	39	0	42	0.00	0.00	66.01	7.60	0.00	0.00	2000
242	11.70	2062	2106	0.00	204	0	0	0	nan	0.00	0.00	3.48	85.17	88.30	0.00	39	0	42	0.00	0.00	64.95	8.27	0.00	0.00	2000
227	11.10	2072	2069	0.00	204	0	0	0	nan	0.00	0.01	3.14	84.51	88.90	0.00	39	0	42	0.00	0.00	61.14	7.35	0.00	0.00	2000
233	11.13	2057	2135	0.00	219	0	0	0	nan	0.00	0.00	4.43	86.01	88.87	0.00	39	0	42	0.00	0.00	66.75	7.87	0.00	0.00	2000
228	10.88	2128	2073	0.00	216	0	0	0	nan	0.00	0.01	3.73	84.29	89.12	0.00	39	0	42	0.00	0.00	63.54	7.63	0.00	0.00	2000
227	10.88	2097	2093	0.00	220	0	0	0	nan	0.00	0.00	2.87	85.98	89.12	0.00	39	0	42	0.00	0.00	64.85	7.80	0.00	0.00	2000
231	11.03	2090	2106	0.00	207	0	0	0	nan	0.00	0.00	5.42	83.88	88.97	0.00	39	0	42	0.00	0.00	65.73	7.70	0.00	0.00	2000
234	10.80	2139	2128	0.00	205	0	0	0	nan	0.00	0.00	3.68	86.68	89.20	0.00	39	0	42	0.00	0.00	66.23	7.97	0.00	0.00	2000
231	11.02	2092	2101	0.00	203	0	0	0	nan	0.00	0.00	4.07	84.94	88.98	0.00	39	0	42	0.00	0.00	64.28	7.85	0.00	0.00	2000
227	10.89	2105	2077	0.42	209	0	0	17	29.56	0.00	0.00	3.87	84.38	89.11	0.00	39	0	42	0.00	0.00	64.04	7.73	0.00	0.00	2000
229	10.79	2120	2098	0.25	204	0	0	0	90.17	0.00	0.00	3.65	85.53	89.21	0.00	39	0	42	0.00	0.00	65.17	7.69	0.00	0.00	2000
232	10.92	2118	2104	0.00	203	0	0	0	nan	0.00	0.01	3.56	85.78	89.08	0.00	39	0	42	0.00	0.00	64.99	7.86	0.00	0.00	2000
227	10.89	2088	2096	0.00	219	0	0	0	nan	0.00	0.01	2.96	86.03	89.11	0.00	39	0	42	0.00	0.00	64.55	7.64	0.00	0.00	2000
237	10.93	2139	2127	0.00	214	0	0	0	nan	0.00	0.03	4.54	85.68	89.07	0.00	40	0	42	0.00	0.00	66.09	7.92	0.00	0.00	2000
224	10.93	2081	2067	0.00	203	0	0	0	nan	0.00	0.00	4.03	83.73	89.07	0.00	39	0	42	0.00	0.00	63.54	7.68	0.00	0.00	2000
228	10.92	2082	2108	0.00	220	0	0	0	nan	0.00	0.00	3.64	85.89	89.08	0.00	40	0	42	0.00	0.00	65.45	7.79	0.00	0.00	2000
231	10.72	2134	2118	0.00	203	0	0	0	nan	0.00	0.02	3.80	86.28	89.28	0.00	40	0	42	0.00	0.00	65.55	7.95	0.00	0.00	2000
232	10.94	2109	2110	0.00	203	0	0	0	nan	0.00	0.00	3.66	85.80	89.06	0.00	39	0	42	0.00	0.00	65.34	7.84	0.00	0.00	2000
229	10.62	2166	2090	0.00	213	0	0	0	nan	0.00	0.00	4.31	84.72	89.38	0.00	39	0	41	0.00	0.00	64.37	7.68	0.00	0.00	2000
231	10.87	2118	2106	0.00	203	0	0	0	nan	0.00	0.00	3.68	85.81	89.13	0.00	39	0	41	0.00	0.00	65.14	7.92	0.00	0.00	2000
224	10.95	2077	2069	0.00	204	0	0	0	nan	0.01	0.00	3.11	84.74	89.05	0.00	39	0	42	0.00	0.00	63.32	7.63	0.00	0.00	2000
234	11.05	2085	2135	0.00	203	0	0	0	nan	0.00	0.01	3.60	86.98	88.95	0.00	39	0	42	0.00	0.00	66.91	7.98	0.00	0.00	2000
227	10.74	2124	2089	0.00	204	0	0	0	nan	0.00	0.02	4.39	84.50	89.26	0.00	40	0	42	0.00	0.00	64.16	7.69	0.00	0.00	2000
231	11.29	2069	2076	0.00	212	0	0	0	nan	0.00	0.02	3.76	84.00	88.71	0.00	39	0	42	0.00	0.00	63.74	7.63	0.00	0.00	2000
229	11.02	2073	2104	0.00	222	0	0	0	nan	0.00	0.00	4.91	84.33	88.98	0.00	39	0	42	0.00	0.00	65.11	7.76	0.00	0.00	2000
234	10.93	2110	2129	0.00	205	0	0	0	nan	0.00	0.00	4.07	86.30	89.07	0.00	40	0	42	0.00	0.00	66.54	8.02	0.00	0.00	2000
224	10.75	2111	2072	0.45	204	0	0	17	27.92	0.00	0.00	4.65	83.47	89.25	0.00	39	0	42	0.00	0.00	63.51	7.47	0.00	0.00	2000
229	11.12	2061	2096	0.19	220	0	0	0	nan	0.00	0.00	3.58	85.21	88.88	0.00	39	0	42	0.00	0.00	65.39	7.69	0.00	0.00	2000
231	10.90	2105	2113	0.00	213	0	0	0	nan	0.00	0.02	3.06	86.63	89.10	0.00	40	0	42	0.00	0.00	64.92	7.87	0.00	0.00	2000
233	11.12	2108	2091	0.00	214	0	0	0	nan	0.00	0.00	4.66	83.89	88.88	0.00	37	0	42	0.00	0.00	63.39	7.64	0.00	0.00	2000
227	10.96	2078	2097	0.00	199	0	0	0	nan	0.00	0.00	5.84	83.07	89.04	0.00	38	0	42	0.00	0.00	63.25	7.51	0.00	0.00	2000
232	11.06	2069	2125	0.00	214	0	0	0	nan	0.00	0.00	4.94	85.15	88.94	0.00	37	0	42	0.00	0.00	68.24	8.08	0.00	0.00	2000
231	10.94	2113	2099	0.00	195	0	0	0	nan	0.00	0.00	3.75	85.30	89.06	0.00	37	0	42	0.00	0.00	61.84	7.57	0.00	0.00	2000
228	10.81	2117	2088	0.00	194	0	0	0	nan	0.00	0.00	3.54	85.29	89.19	0.00	37	0	42	0.00	0.00	70.30	8.19	0.00	0.00	2000
229	10.81	2123	2095	0.00	195	0	0	0	nan	0.01	0.00	3.54	85.54	89.19	0.00	37	0	42	0.00	0.00	62.09	7.65	0.00	0.00	2000
227	11.04	2080	2079	0.00	195	0	0	0	nan	0.00	0.00	2.74	85.42	88.96	0.00	37	0	42	0.00	0.00	61.97	7.51	0.00	0.00	2000
230	11.37	2038	2089	0.00	225	0	0	0	nan	0.00	0.03	3.58	84.73	88.63	0.00	37	0	42	0.00	0.00	64.69	7.66	0.00	0.00	2000
235	10.99	2082	2161	0.00	213	0	0	0	nan	0.00	0.02	2.14	89.47	89.01	0.00	38	0	41	0.00	0.00	69.46	8.27	0.00	0.00	2000
228	11.22	2036	2093	0.00	195	0	0	0	nan	0.00	0.00	3.62	84.98	88.78	0.00	38	0	42	0.00	0.00	64.98	7.94	0.00	0.00	2000
223	11.31	2021	2053	0.00	194	0	0	0	nan	0.00	0.00	3.30	83.54	88.69	0.00	38	0	42	0.00	0.00	61.35	7.31	0.00	0.00	2000
230	11.15	2054	2110	0.00	211	0	0	0	nan	0.00	0.00	2.65	86.72	88.85	0.00	37	0	42	0.00	0.00	65.30	7.72	0.00	0.00	2000
232	11.08	2056	2140	0.00	210	0	0	0	nan	0.00	0.02	3.18	87.60	88.92	0.00	37	0	41	0.00	0.00	68.70	8.25	0.00	0.00	2000
222	11.05	2061	2050	0.00	195	0	0	6	36.22	0.00	0.00	3.08	83.87	88.95	0.00	37	0	42	0.00	0.00	61.09	7.32	0.00	0.00	2000
233	11.13	2065	2129	0.52	212	0	0	11	37.73	0.00	0.03	2.89	87.21	88.87	0.00	38	0	42	0.00	0.00	65.80	7.99	0.00	0.00	2000
231	11.13	2054	2124	0.00	213	0	0	0	nan	0.00	0.00	4.42	85.60	88.87	0.00	37	0	42	0.00	0.00	68.34	7.92	0.00	0.00	2000
226	11.17	2042	2083	0.00	194	0	0	0	nan	0.00	0.00	3.33	84.86	88.83	0.00	37	0	41	0.00	0.00	61.57	7.75	0.00	0.00	2000
230	11.05	2065	2120	0.00	211	0	0	0	nan	0.00	0.02	3.51	86.35	88.95	0.00	37	0	42	0.00	0.00	68.21	8.14	0.00	0.00	2000
232	10.97	2101	2111	0.00	194	0	0	0	nan	0.00	0.02	2.69	86.86	89.03	0.00	37	0	42	0.00	0.00	66.09	7.90	0.00	0.00	2000
228	10.65	2155	2091	0.00	194	0	0	0	nan	0.00	0.02	3.35	85.67	89.35	0.00	38	0	42	0.00	0.00	62.42	7.35	0.00	0.00	2000
226	10.99	2077	2077	0.00	195	0	0	0	nan	0.00	0.00	3.34	84.78	89.01	0.00	37	0	41	0.00	0.00	66.40	7.78	0.00	0.00	2000
229	11.13	2052	2101	0.00	193	0	0	0	nan	0.00	0.02	2.02	87.01	88.87	0.00	37	0	42	0.00	0.00	63.18	7.55	0.00	0.00	2000
236	10.99	2134	2111	0.00	212	0	0	0	nan	0.00	0.00	3.16	86.42	89.01	0.00	38	0	41	0.00	0.00	64.67	7.94	0.00	0.00	2000
232	11.04	2086	2113	0.00	193	0	0	0	nan	0.00	0.00	3.70	85.91	88.96	0.00	38	0	42	0.00	0.00	65.77	8.40	0.00	0.00	2000
230	11.10	2080	2095	0.00	195	0	0	0	nan	0.00	0.00	3.96	84.84	88.90	0.00	37	0	41	0.00	0.00	67.67	7.54	0.00	0.00	2000
229	11.01	2073	2104	0.00	194	0	0	0	nan	0.00	0.01	3.17	86.08	88.99	0.00	37	0	42	0.00	0.00	65.39	7.36	0.00	0.00	2000
228	10.82	2126	2085	0.00	194	0	0	0	nan	0.00	0.00	3.85	84.71	89.18	0.00	38	0	41	0.00	0.00	61.09	7.81	0.00	0.00	2000
224	11.05	2058	2065	0.00	193	0	0	0	nan	0.00	0.01	2.84	84.66	88.95	0.00	37	0	42	0.00	0.00	64.18	7.71	0.00	0.00	2000
232	11.01	2080	2123	0.00	211	0	0	0	nan	0.00	0.02	2.78	87.25	88.99	0.00	38	0	42	0.00	0.00	65.90	7.75	0.00	0.00	2000
231	10.80	2123	2115	0.00	211	0	0	0	nan	0.01	0.01	3.39	86.50	89.20	0.00	37	0	42	0.00	0.00	64.74	7.68	0.00	0.00	2000
231	11.09	2066	2116	0.21	196	0	0	14	31.55	0.00	0.00	3.35	86.33	88.91	0.00	37	0	41	0.00	0.00	68.64	8.16	0.00	0.00	2000
227	11.14	2042	2094	0.43	194	0	0	5	44.18	0.00	0.00	3.05	85.61	88.86	0.00	38	0	42	0.00	0.00	64.55	7.73	0.00	0.00	2000
228	11.08	2070	2089	0.00	194	0	0	0	nan	0.00	0.01	2.55	85.84	88.92	0.00	37	0	42	0.00	0.00	62.44	7.56	0.00	0.00	2000
229	11.13	2042	2114	0.00	212	0	0	0	nan	0.00	0.06	3.03	86.45	88.87	0.00	37	0	42	0.00	0.00	67.69	8.10	0.00	0.00	2000
231	10.88	2134	2087	0.00	197	0	0	0	nan	0.00	0.02	3.06	85.60	89.12	0.00	38	0	42	0.00	0.00	61.42	7.48	0.00	0.00	2000
228	11.09	2057	2098	0.00	193	0	0	0	nan	0.00	0.02	2.56	86.28	88.91	0.00	37	0	42	0.00	0.00	65.59	7.96	0.00	0.00	2000
225	10.88	2094	2070	0.00	210	0	0	0	nan	0.00	0.00	2.96	84.88	89.12	0.00	37	0	42	0.00	0.00	63.69	7.70	0.00	0.00	2000
228	10.93	2080	2101	0.00	211	0	0	0	nan	0.00	0.00	2.38	86.80	89.07	0.00	37	0	42	0.00	0.00	64.95	7.70	0.00	0.00	2000
228	11.02	2070	2098	0.00	211	0	0	0	nan	0.00	0.02	3.61	85.32	88.98	0.00	37	0	41	0.00	0.00	64.85	7.80	0.00	0.00	2000
235	10.89	2098	2158	0.00	210	0	0	0	nan	0.00	0.00	4.01	87.55	89.11	0.00	37	0	42	0.00	0.00	66.88	8.04	0.00	0.00	2000
225	10.74	2137	2057	0.00	195	0	0	0	nan	0.00	0.00	3.66	83.86	89.26	0.00	37	0	41	0.00	0.00	63.22	7.49	0.00	0.00	2000
229	11.07	2078	2090	0.00	196	0	0	0	nan	0.00	0.02	3.42	85.10	88.93	0.00	37	0	42	0.00	0.00	65.08	7.85	0.00	0.00	2000
230	11.01	2091	2102	0.00	211	0	0	0	nan	0.00	0.00	3.78	85.41	88.99	0.00	38	0	42	0.00	0.00	64.98	7.76	0.00	0.00	2000
234	10.97	2080	2151	0.00	210	0	0	0	nan	0.00	0.02	2.73	88.49	89.03	0.00	38	0	42	0.00	0.00	66.78	8.02	0.00	0.00	2000
225	10.60	2153	2072	0.00	194	0	0	0	nan	0.00	0.00	3.59	84.73	89.40	0.00	38	0	42	0.00	0.00	63.23	7.51	0.00	0.00	2000
233	11.12	2068	2131	0.00	195	0	0	0	nan	0.00	0.00	2.81	87.48	88.88	0.00	39	0	42	0.00	0.00	66.78	7.95	0.00	0.00	2000
225	11.04	2067	2069	0.00	194	0	0	0	nan	0.01	0.02	3.16	84.59	88.96	0.00	39	0	42	0.00	0.00	63.63	7.62	0.00	0.00	2000
232	10.79	2129	2124	0.54	194	0	0	18	27.11	0.00	0.00	2.95	87.30	89.21	0.00	39	0	42	0.00	0.00	65.98	7.89	0.00	0.00	2000
226	10.84	2113	2073	0.12	195	0	0	0	nan	0.00	0.00	2.74	85.33	89.16	0.00	39	0	42	0.00	0.00	63.89	7.54	0.00	0.00	2000
227	10.81	2100	2096	0.00	193	0	0	0	nan	0.00	0.00	2.24	86.80	89.19	0.00	39	0	42	0.00	0.00	62.23	7.44	0.00	0.00	2000
235	11.17	2099	2103	0.00	212	0	0	0	nan	0.00	0.03	3.54	85.46	88.83	0.00	39	0	42	0.00	0.00	68.20	8.21	0.00	0.00	2000
230	10.75	2127	2109	0.00	210	0	0	0	nan	0.00	0.00	3.72	85.85	89.25	0.00	39	0	42	0.00	0.00	65.12	7.80	0.00	0.00	2000
233	10.89	2117	2119	0.00	194	0	0	0	nan	0.00	0.00	3.78	86.17	89.11	0.00	39	0	42	0.00	0.00	65.96	7.76	0.00	0.00	2000
229	10.84	2121	2087	0.00	194	0	0	0	nan	0.00	0.01	3.47	85.24	89.16	0.00	39	0	42	0.00	0.00	64.58	7.74	0.00	0.00	2000
230	11.00	2089	2098	0.00	198	0	0	0	nan	0.00	0.01	4.57	84.35	89.00	0.00	39	0	42	0.00	0.00	62.74	7.56	0.00	0.00	2000
234	10.81	2147	2113	0.00	212	0	0	0	nan	0.00	0.00	3.66	86.14	89.19	0.00	39	0	42	0.00	0.00	68.37	8.27	0.00	0.00	2000
227	10.68	2155	2072	0.00	194	0	0	0	nan	0.00	0.00	3.66	84.53	89.32	0.00	39	0	42	0.00	0.00	64.15	7.61	0.00	0.00	2000
231	10.84	2099	2130	0.00	194	0	0	0	nan	0.00	0.01	3.76	86.76	89.16	0.00	39	0	42	0.00	0.00	66.20	7.89	0.00	0.00	2000
231	11.05	2087	2100	0.00	198	0	0	0	nan	0.00	0.00	4.46	84.60	88.95	0.00	39	0	42	0.00	0.00	63.06	7.48	0.00	0.00	2000
232	11.09	2079	2108	0.00	213	0	0	0	nan	0.00	0.00	3.80	85.51	88.91	0.00	39	0	42	0.00	0.00	68.05	7.98	0.00	0.00	2000
230	10.93	2104	2100	0.00	195	0	0	0	nan	0.00	0.02	3.08	86.04	89.07	0.00	39	0	42	0.00	0.00	65.68	7.77	0.00	0.00	2000
228	10.85	2132	2067	0.00	210	0	0	0	nan	0.00	0.00	6.09	81.62	89.15	0.00	39	0	42	0.00	0.00	63.32	7.39	0.00	0.00	2000
236	10.90	2121	2141	0.00	195	0	0	0	nan	0.00	0.00	3.13	87.69	89.10	0.00	39	0	42	0.00	0.00	67.23	7.99	0.00	0.00	2000
223	10.83	2095	2062	0.00	194	0	0	3	42.38	0.00	0.00	3.36	84.31	89.17	0.00	39	0	42	0.00	0.00	63.00	7.55	0.00	0.00	2000
234	10.91	2119	2121	0.63	195	0	0	16	34.71	0.00	0.00	3.45	86.58	89.09	0.00	39	0	42	0.00	0.00	65.55	7.81	0.00	0.00	2000
227	10.96	2091	2078	0.00	195	0	0	0	nan	0.00	0.02	3.07	85.15	89.04	0.00	39	0	42	0.00	0.00	63.76	7.62	0.00	0.00	2000
232	10.97	2101	2116	0.00	195	0	0	0	nan	0.00	0.00	3.87	85.87	89.03	0.00	39	0	42	0.00	0.00	63.27	7.63	0.00	0.00	2000
227	10.79	2110	2093	0.00	211	0	0	0	nan	0.00	0.01	3.17	85.80	89.21	0.00	39	0	42	0.00	0.00	67.08	7.92	0.00	0.00	2000
232	10.77	2141	2115	0.00	194	0	0	0	nan	0.00	0.00	3.12	86.75	89.23	0.00	39	0	41	0.00	0.00	65.59	7.84	0.00	0.00	2000
226	10.94	2088	2081	0.00	195	0	0	0	nan	0.00	0.01	3.79	84.58	89.06	0.00	39	0	42	0.00	0.00	64.03	7.71	0.00	0.00	2000
226	10.99	2067	2087	0.00	211	0	0	0	nan	0.00	0.00	3.07	85.49	89.01	0.00	39	0	42	0.00	0.00	61.53	7.36	0.00	0.00	2000
234	10.82	2132	2134	0.00	194	0	0	0	nan	0.00	0.02	3.62	87.02	89.18	0.00	39	0	42	0.00	0.00	69.54	8.26	0.00	0.00	2000
231	11.51	2074	2031	0.00	195	0	0	0	nan	0.00	0.02	3.03	82.65	88.49	0.00	38	0	42	0.00	0.00	61.05	7.02	0.00	0.00	2000
233	10.88	2063	2176	0.00	212	0	0	0	nan	0.00	0.00	2.77	89.55	89.12	0.00	38	0	42	0.00	0.00	68.32	7.86	0.00	0.00	2000
231	11.11	2086	2089	0.00	199	0	0	0	nan	0.00	0.00	4.38	84.21	88.89	0.00	38	0	42	0.00	0.00	64.96	7.53	0.00	0.00	2000
230	11.10	2070	2098	0.00	196	0	0	0	nan	0.00	0.00	4.75	84.28	88.90	0.00	38	0	42	0.00	0.00	64.95	7.55	0.00	0.00	2000
230	11.01	2077	2113	0.00	195	0	0	0	nan	0.00	0.00	4.28	85.36	88.99	0.00	38	0	41	0.00	0.00	64.98	7.69	0.00	0.00	2000
227	11.04	2065	2092	0.00	194	0	0	0	nan	0.00	0.00	4.03	84.66	88.96	0.00	38	0	42	0.00	0.00	64.52	7.70	0.00	0.00	2000
231	11.05	2085	2108	0.00	197	0	0	0	nan	0.00	0.00	4.15	85.22	88.95	0.00	39	0	42	0.00	0.00	65.51	7.59	0.00	0.00	2000
228	10.97	2086	2094	0.00	194	0	0	0	nan	0.00	0.00	4.48	84.31	89.03	0.00	38	0	42	0.00	0.00	64.91	7.62	0.00	0.00	2000
227	11.27	2006	2108	0.00	195	0	0	2	54.94	0.00	0.00	4.49	84.74	88.73	0.00	38	0	42	0.00	0.00	64.53	7.59	0.00	0.00	2000
226	11.17	2032	2093	0.78	194	0	0	8	39.14	0.00	0.00	4.31	84.29	88.83	0.00	38	0	42	0.00	0.00	64.58	7.55	0.00	0.00	2000
228	11.32	2011	2105	0.00	194	0	0	0	nan	0.00	0.00	4.42	84.60	88.68	0.00	38	0	42	0.00	0.00	64.77	7.68	0.00	0.00	2000
231	11.23	2058	2099	0.00	196	0	0	0	nan	0.00	0.00	4.63	84.25	88.77	0.00	38	0	42	0.00	0.00	61.97	7.40	0.00	0.00	2000
229	11.26	2042	2090	0.00	196	0	0	0	nan	0.00	0.00	4.44	84.08	88.74	0.00	38	0	42	0.00	0.00	64.74	7.67	0.00	0.00	2000
227	10.93	2080	2098	0.00	194	0	0	0	nan	0.00	0.00	4.58	84.51	89.07	0.00	38	0	42	0.00	0.00	65.10	7.68	0.00	0.00	2000
221	11.40	2008	2031	0.00	194	0	0	0	nan	0.00	0.00	4.20	81.65	88.60	0.00	39	0	42	0.00	0.00	63.81	7.60	0.00	0.00	2000
230	11.22	2023	2131	0.00	212	0	0	0	nan	0.00	0.02	2.69	87.56	88.78	0.00	39	0	42	0.00	0.00	66.16	7.78	0.00	0.00	2000
229	10.90	2056	2145	0.00	212	0	0	0	nan	0.00	0.01	2.91	88.24	89.10	0.00	39	0	42	0.00	0.00	67.08	7.92	0.00	0.00	2000
230	11.12	2067	2100	0.00	195	0	0	0	nan	0.00	0.01	2.87	86.08	88.88	0.00	38	0	42	0.00	0.00	62.45	7.32	0.00	0.00	2000
228	11.01	2073	2099	0.00	196	0	0	0	nan	0.00	0.00	4.30	84.74	88.99	0.00	38	0	42	0.00	0.00	64.74	7.50	0.00	0.00	2000
229	10.86	2102	2107	0.00	195	0	0	0	nan	0.00	0.00	4.60	84.87	89.14	0.00	39	0	42	0.00	0.00	65.45	7.85	0.00	0.00	2000
230	11.04	2082	2102	0.00	194	0	0	0	nan	0.00	0.00	4.21	84.92	88.96	0.00	39	0	42	0.00	0.00	64.98	7.49	0.00	0.00	2000
226	11.05	2070	2070	0.00	196	0	0	0	nan	0.00	0.00	4.68	83.11	88.95	0.00	38	0	42	0.00	0.00	63.71	7.46	0.00	0.00	2000
227	11.37	2028	2069	0.00	194	0	0	0	nan	0.00	0.00	3.11	84.31	88.63	0.00	39	0	42	0.00	0.00	64.73	7.77	0.00	0.00	2000
231	10.95	2048	2159	0.00	215	0	0	0	nan	0.00	0.01	4.21	87.46	89.05	0.00	38	0	42	0.00	0.00	65.53	7.81	0.00	0.00	2000
230	11.06	2070	2110	0.00	195	0	0	0	nan	0.00	0.00	3.96	85.43	88.94	0.00	38	0	42	0.00	0.00	65.36	7.82	0.00	0.00	2000
222	11.31	2044	2018	0.00	194	0	0	3	43.03	0.00	0.00	3.84	81.43	88.69	0.00	39	0	42	0.00	0.00	64.18	7.81	0.00	0.00	2000
232	11.13	2050	2134	0.74	211	0	0	6	43.62	0.00	0.00	2.62	87.70	88.87	0.00	38	0	42	0.00	0.00	66.16	7.76	0.00	0.00	2000
227	10.72	2075	2147	0.00	212	0	0	0	nan	0.00	0.02	3.77	87.60	89.28	0.00	39	0	42	0.00	0.00	64.84	7.59	0.00	0.00	2000
226	10.96	2086	2077	0.00	195	0	0	0	nan	0.00	0.00	3.73	84.42	89.04	0.00	38	0	42	0.00	0.00	64.80	7.55	0.00	0.00	2000
225	11.26	2049	2049	0.00	195	0	0	0	nan	0.00	0.00	3.42	83.27	88.74	0.00	39	0	42	0.00	0.00	62.14	7.29	0.00	0.00	2000
232	11.00	2036	2174	0.00	212	0	0	0	nan	0.00	0.00	2.68	89.59	89.00	0.00	38	0	42	0.00	0.00	68.10	8.05	0.00	0.00	2000
227	11.01	2080	2081	0.00	196	0	0	0	nan	0.00	0.00	3.90	84.38	88.99	0.00	39	0	41	0.00	0.00	64.69	7.58	0.00	0.00	2000
231	11.52	2060	2041	0.00	196	0	0	0	nan	0.00	0.00	3.50	82.55	88.48	0.00	39	0	42	0.00	0.00	62.08	7.35	0.00	0.00	2000
230	10.64	2084	2182	0.00	209	0	0	0	nan	0.00	0.02	2.36	90.60	89.36	0.00	39	0	42	0.00	0.00	68.74	8.01	0.00	0.00	2000
229	11.07	2068	2102	0.00	195	0	0	0	nan	0.00	0.00	3.15	85.90	88.93	0.00	38	0	42	0.00	0.00	64.99	7.67	0.00	0.00	2000
232	11.16	2063	2113	0.00	195	0	0	0	nan	0.00	0.00	4.39	85.05	88.84	0.00	39	0	42	0.00	0.00	65.99	7.77	0.00	0.00	2000
229	11.06	2081	2086	0.00	195	0	0	0	nan	0.00	0.00	4.05	84.34	88.94	0.00	38	0	42	0.00	0.00	64.53	7.47	0.00	0.00	2000
225	10.93	2055	2099	0.00	194	0	0	0	nan	0.00	0.00	4.53	84.55	89.07	0.00	39	0	42	0.00	0.00	64.48	7.50	0.00	0.00	2000
232	10.98	2098	2110	0.00	194	0	0	0	nan	0.00	0.00	3.39	86.05	89.02	0.00	39	0	41	0.00	0.00	66.04	7.82	0.00	0.00	2000
231	10.97	2105	2098	0.00	198	0	0	0	nan	0.00	0.00	5.22	83.83	89.03	0.00	39	0	42	0.00	0.00	65.49	7.74	0.00	0.00	2000
229	10.82	2110	2102	0.00	195	0	0	0	nan	0.00	0.00	4.37	84.92	89.18	0.00	39	0	42	0.00	0.00	65.08	7.66	0.00	0.00	2000
226	11.20	2022	2096	0.00	195	0	0	0	nan	0.00	0.00	4.25	84.50	88.80	0.00	39	0	42	0.00	0.00	64.51	7.59	0.00	0.00	2000
228	11.04	2067	2103	0.11	196	0	0	5	40.23	0.00	0.00	4.82	84.34	88.96	0.00	39	0	42	0.00	0.00	65.25	7.77	0.00	0.00	2000
229	11.25	2033	2100	0.83	198	0	0	5	48.10	0.00	0.00	5.85	82.96	88.75	0.00	39	0	42	0.00	0.00	64.80	7.68	0.00	0.00	2000
230	11.06	2085	2090	0.00	196	0	0	0	nan	0.00	0.00	4.12	84.49	88.94	0.00	39	0	42	0.00	0.00	65.27	7.62	0.00	0.00	2000
227	10.99	2056	2109	0.00	194	0	0	0	nan	0.00	0.00	4.38	85.07	89.01	0.00	39	0	42	0.00	0.00	64.70	7.63	0.00	0.00	2000
229	10.98	2087	2102	0.00	194	0	0	0	nan	0.00	0.00	4.14	85.12	89.02	0.00	39	0	42	0.00	0.00	65.19	7.64	0.00	0.00	2000
227	10.98	2072	2095	0.00	194	0	0	0	nan	0.00	0.00	3.77	85.11	89.02	0.00	39	0	42	0.00	0.00	64.80	7.55	0.00	0.00	2000
229	11.06	2071	2103	0.00	196	0	0	0	nan	0.00	0.00	4.06	85.05	88.94	0.00	39	0	42	0.00	0.00	64.78	7.48	0.00	0.00	2000
229	10.90	2113	2090	0.00	194	0	0	0	nan	0.00	0.00	4.14	84.55	89.10	0.00	39	0	42	0.00	0.00	65.20	7.70	0.00	0.00	2000
227	11.08	2041	2112	0.00	195	0	0	0	nan	0.00	0.00	4.72	84.86	88.92	0.00	39	0	42	0.00	0.00	64.71	7.52	0.00	0.00	2000
227	11.34	2002	2096	0.00	195	0	0	0	nan	0.00	0.00	4.26	84.29	88.66	0.00	39	0	42	0.00	0.00	64.92	7.55	0.00	0.00	2000
227	11.02	2060	2096	0.00	196	0	0	0	nan	0.00	0.00	4.36	84.49	88.98	0.00	39	0	42	0.00	0.00	64.43	7.43	0.00	0.00	2000
233	11.18	2080	2102	0.00	207	0	0	0	nan	0.00	0.02	5.90	83.00	88.82	0.00	39	0	42	0.00	0.00	66.33	7.79	0.00	0.00	2000
224	10.75	2127	2058	0.00	194	0	0	0	nan	0.00	0.00	4.85	82.72	89.25	0.00	39	0	42	0.00	0.00	64.58	7.89	0.00	0.00	2000
234	10.72	2130	2153	0.00	196	0	0	0	nan	0.00	0.00	3.73	87.77	89.28	0.00	39	0	42	0.00	0.00	66.74	7.64	0.00	0.00	2000
229	11.05	2087	2086	0.00	196	0	0	0	nan	0.00	0.00	4.07	84.37	88.95	0.00	39	0	42	0.00	0.00	64.92	7.32	0.00	0.00	2000
227	11.05	2050	2107	0.00	195	0	0	0	nan	0.00	0.00	4.90	84.37	88.95	0.00	39	0	42	0.00	0.00	65.62	8.17	0.00	0.00	2000
230	10.87	2117	2096	0.00	195	0	0	0	nan	0.00	0.00	4.13	84.90	89.13	0.00	39	0	42	0.00	0.00	67.34	8.78	0.00	0.00	2000
230	10.91	2118	2093	0.00	194	0	0	5	60.95	0.00	0.00	4.49	84.32	89.09	0.00	39	0	42	0.00	0.00	67.30	8.43	0.00	0.00	2000
233	10.78	2161	2103	0.93	198	0	0	29	17.59	0.00	0.00	4.73	84.65	89.22	0.00	39	0	42	0.00	0.00	65.95	7.95	0.00	0.00	2000
224	10.84	2088	2080	0.00	194	0	0	0	nan	0.00	0.00	4.40	83.96	89.16	0.00	39	0	42	0.00	0.00	64.17	7.50	0.00	0.00	2000
232	11.26	2025	2136	0.00	204	0	0	0	nan	0.00	0.00	3.60	86.74	88.74	0.00	38	0	42	0.00	0.00	67.67	7.93	0.00	0.00	2000
154	9.21	1700	2063	0.00	220	0	0	0	nan	0.03	0.13	7.62	81.71	90.79	0.00	37	0	42	0.00	0.00	58.44	7.05	0.00	0.00	2000
87	7.39	1154	2147	0.00	164	0	0	0	nan	0.00	0.00	5.82	88.91	92.61	0.00	37	0	42	0.00	0.00	65.74	7.98	0.00	0.00	2000
