Avg_MHz	Busy%	Bzy_MHz	TSC_MHz	IPC	IRQ	NMI	SMI	LLCMRPS	LLC%hit	POLL%	C1%	C1E%	C6%	CPU%c1	CPU%c6	CoreTmp	CoreThr	PkgTmp	Pkg%pc2	Pkg%pc6	PkgWatt	RAMWatt	PKG_%	RAM_%	UncMHz
230	12.82	1748	2150	0.00	230	0	0	0	nan	0.00	0.00	30.10	59.06	87.18	0.00	37	0	42	0.00	0.00	62.30	7.48	0.00	0.00	2000
331	16.53	2053	2048	0.00	221	0	0	0	nan	0.04	1.16	10.13	70.41	83.47	0.00	37	0	42	0.00	0.00	65.31	7.30	0.00	0.00	2000
141	9.10	1522	2134	0.00	211	0	0	0	nan	0.04	0.02	16.58	75.76	90.90	0.00	36	0	42	0.00	0.00	62.72	7.69	0.00	0.00	2000
74	6.62	1106	2126	0.00	194	0	0	0	nan	0.00	0.00	2.39	92.08	93.38	0.00	36	0	42	0.00	0.00	61.57	7.63	0.00	0.00	2000
74	6.59	1132	2085	0.00	192	0	0	0	nan	0.00	0.02	2.94	89.82	93.41	0.00	36	0	42	0.00	0.00	60.63	7.65	0.00	0.00	2000
72	6.84	1050	2117	0.00	193	0	0	0	nan	0.00	0.00	3.14	90.83	93.16	0.00	36	0	42	0.00	0.00	57.73	7.11	0.00	0.00	2000
73	6.27	1177	2090	0.00	195	0	0	0	nan	0.00	0.00	2.33	90.85	93.73	0.00	37	0	42	0.00	0.00	57.67	7.25	0.00	0.00	2000
72	6.62	1103	2079	0.00	195	0	0	0	nan	0.00	0.02	2.31	90.15	93.38	0.00	37	0	42	0.00	0.00	57.71	7.33	0.00	0.00	2000
74	6.69	1091	2127	0.00	210	0	0	0	nan	0.00	0.00	3.74	90.80	93.31	0.00	37	0	42	0.00	0.00	64.63	8.11	0.00	0.00	2000
72	6.32	1139	2097	0.00	193	0	0	0	nan	0.00	0.00	3.41	90.09	93.68	0.00	36	0	42	0.00	0.00	57.33	7.22	0.00	0.00	2000
73	6.27	1161	2100	0.00	193	0	0	0	nan	0.00	0.03	3.39	90.20	93.73	0.00	36	0	41	0.00	0.00	56.94	7.30	0.00	0.00	2000
72	6.37	1135	2105	0.00	179	0	0	0	nan	0.00	0.00	3.62	90.18	93.63	0.00	36	0	42	0.00	0.00	60.15	7.66	0.00	0.00	2000
73	6.43	1137	2100	0.00	209	0	0	0	nan	0.00	0.00	2.48	90.99	93.57	0.00	36	0	42	0.00	0.00	61.17	7.67	0.00	0.00	2000
72	6.40	1120	2100	0.00	179	0	0	0	nan	0.00	0.02	3.10	90.50	93.60	0.00	36	0	41	0.00	0.00	57.64	7.21	0.00	0.00	2000
74	6.62	1112	2103	0.00	210	0	0	0	nan	0.00	0.00	2.41	91.04	93.38	0.00	37	0	42	0.00	0.00	58.97	7.42	0.00	0.00	2000
72	6.43	1115	2095	0.00	195	0	0	1	88.07	0.01	0.00	3.13	90.22	93.57	0.00	36	0	42	0.00	0.00	59.39	7.47	0.00	0.00	2000
73	6.80	1077	2104	0.29	194	0	0	2	86.59	0.00	0.00	3.53	89.92	93.20	0.00	36	0	42	0.00	0.00	64.10	7.86	0.00	0.00	2000
72	6.40	1118	2104	0.00	193	0	0	0	nan	0.00	0.00	3.59	90.09	93.60	0.00	36	0	42	0.00	0.00	58.58	7.37	0.00	0.00	2000
132	8.37	1593	2074	0.00	201	0	0	0	nan	0.01	0.35	6.82	83.39	91.63	0.00	36	0	42	0.00	0.00	59.30	7.08	0.00	0.00	2000
233	11.04	2089	2117	0.00	199	0	0	0	nan	0.00	0.05	3.39	86.38	88.96	0.00	37	0	41	0.00	0.00	65.25	7.47	0.00	0.00	2000
228	10.92	2112	2075	0.00	197	0	0	0	nan	0.00	0.02	5.03	82.92	89.08	0.00	37	0	42	0.00	0.00	64.86	7.27	0.00	0.00	2000
234	11.23	2065	2114	0.00	214	0	0	0	nan	0.00	0.02	5.73	83.72	88.77	0.00	37	0	42	0.00	0.00	64.17	7.50	0.00	0.00	2000
232	11.10	2109	2082	0.00	184	0	0	0	nan	0.00	0.93	5.67	81.70	88.90	0.00	37	0	42	0.00	0.00	64.51	7.50	0.00	0.00	2000
233	11.01	2076	2137	0.00	211	0	0	0	nan	0.00	0.00	7.62	83.04	88.99	0.00	37	0	42	0.00	0.00	69.88	8.24	0.00	0.00	2000
229	11.18	2060	2088	0.00	198	0	0	0	nan	0.00	0.00	5.33	83.05	88.82	0.00	37	0	41	0.00	0.00	67.07	7.90	0.00	0.00	2000
229	11.25	2059	2074	0.00	199	0	0	0	nan	0.00	0.02	5.13	82.57	88.75	0.00	37	0	41	0.00	0.00	64.96	7.71	0.00	0.00	2000
238	11.47	2075	2098	0.00	198	0	0	0	nan	0.00	0.00	4.25	84.27	88.53	0.00	37	0	41	0.00	0.00	64.68	7.38	0.00	0.00	2000
228	11.01	2048	2125	0.00	220	0	0	0	nan	0.00	0.00	5.77	84.33	88.99	0.00	37	0	41	0.00	0.00	68.58	7.97	0.00	0.00	2000
230	11.25	2033	2112	0.00	195	0	0	0	nan	0.00	0.00	4.81	84.58	88.75	0.00	36	0	41	0.00	0.00	65.03	7.43	0.00	0.00	2000
228	11.04	2080	2084	0.00	196	0	0	0	nan	0.00	0.59	3.13	84.68	88.96	0.00	38	0	42	0.00	0.00	65.30	7.38	0.00	0.00	2000
228	11.06	2074	2087	0.00	196	0	0	0	nan	0.00	0.04	3.19	85.22	88.94	0.00	38	0	42	0.00	0.00	62.51	6.94	0.00	0.00	2000
233	11.13	2078	2117	0.00	217	0	0	0	nan	0.02	0.04	4.05	85.59	88.87	0.00	38	0	42	0.00	0.00	65.87	7.57	0.00	0.00	2000
223	11.10	2104	2002	0.00	197	0	0	5	82.64	0.00	0.01	4.38	80.49	88.90	0.00	38	0	42	0.00	0.00	61.91	7.06	0.00	0.00	2000
235	10.70	2114	2183	0.51	231	0	0	6	84.11	0.00	0.44	4.55	87.92	89.30	0.00	37	0	41	0.00	0.00	69.11	7.92	0.00	0.00	2000
236	11.72	2082	2031	0.00	212	0	0	0	nan	0.00	0.00	5.56	79.97	88.28	0.00	36	0	42	0.00	0.00	60.80	6.87	0.00	0.00	2000
235	10.70	2079	2216	0.00	197	0	0	0	nan	0.00	0.00	7.22	87.09	89.30	0.00	37	0	42	0.00	0.00	73.36	8.22	0.00	0.00	2000
228	10.89	2096	2097	0.00	198	0	0	0	nan	0.02	0.00	8.63	80.44	89.11	0.00	37	0	42	0.00	0.00	65.04	7.62	0.00	0.00	2000
214	11.18	2110	1904	0.00	197	0	0	0	nan	0.00	0.01	4.76	75.85	88.82	0.00	37	0	42	0.00	0.00	58.11	6.98	0.00	0.00	2000
325	13.18	2232	2323	0.00	254	0	0	0	nan	0.00	0.00	8.87	87.31	86.82	0.00	37	0	42	0.00	0.00	69.51	8.29	0.00	0.00	2000
159	9.63	1675	2075	0.00	239	0	0	0	nan	0.00	0.02	10.02	79.35	90.37	0.00	37	0	42	0.00	0.00	67.21	7.56	0.00	0.00	2000
79	7.26	1070	2132	0.00	193	0	0	0	nan	0.00	0.00	6.15	88.07	92.74	0.00	37	0	42	0.00	0.00	59.38	7.56	0.00	0.00	2000
77	7.01	1110	2091	0.00	195	0	0	0	nan	0.00	0.03	4.07	88.61	92.99	0.00	36	0	42	0.00	0.00	58.91	7.45	0.00	0.00	2000
74	6.45	1132	2116	0.00	209	0	0	0	nan	0.00	0.00	3.96	90.29	93.55	0.00	37	0	42	0.00	0.00	59.58	7.62	0.00	0.00	2000
80	6.69	1203	2092	0.00	162	0	0	0	nan	0.00	0.00	5.00	87.89	93.31	0.00	36	0	41	0.00	0.00	59.82	7.77	0.00	0.00	2000
