Avg_MHz	Busy%	Bzy_MHz	TSC_MHz	IPC	IRQ	NMI	SMI	LLCMRPS	LLC%hit	POLL%	C1%	C1E%	C6%	CPU%c1	CPU%c6	CoreTmp	CoreThr	PkgTmp	Pkg%pc2	Pkg%pc6	PkgWatt	RAMWatt	PKG_%	RAM_%	UncMHz
391	18.28	2096	2145	0.00	228	0	0	0	nan	0.00	0.86	29.85	52.81	81.72	0.00	38	0	42	0.00	0.00	65.72	7.35	0.00	0.00	2000
302	14.68	2035	2123	0.00	222	0	0	0	nan	0.04	0.56	19.41	66.43	85.32	0.00	37	0	42	0.00	0.00	67.78	7.82	0.00	0.00	2000
85	6.59	1289	2100	0.00	195	0	0	0	nan	0.00	0.02	3.19	90.14	93.41	0.00	36	0	42	0.00	0.00	59.27	7.40	0.00	0.00	2000
74	6.56	1119	2111	0.00	209	0	0	0	nan	0.00	0.00	3.33	90.48	93.44	0.00	36	0	42	0.00	0.00	59.65	7.48	0.00	0.00	2000
74	6.48	1139	2092	0.00	194	0	0	0	nan	0.00	0.02	3.33	89.84	93.52	0.00	36	0	42	0.00	0.00	59.66	7.61	0.00	0.00	2000
72	6.47	1108	2112	0.00	177	0	0	0	nan	0.00	0.02	3.73	90.34	93.53	0.00	37	0	42	0.00	0.00	59.85	7.55	0.00	0.00	2000
75	6.69	1113	2101	0.00	195	0	0	0	nan	0.00	0.00	2.39	90.93	93.31	0.00	36	0	42	0.00	0.00	59.16	7.47	0.00	0.00	2000
73	6.46	1126	2106	0.00	194	0	0	0	nan	0.00	0.00	2.50	91.31	93.54	0.00	36	0	42	0.00	0.00	61.05	7.70	0.00	0.00	2000
73	6.43	1147	2088	0.00	194	0	0	0	nan	0.00	0.00	2.90	90.07	93.57	0.00	36	0	42	0.00	0.00	57.96	7.18	0.00	0.00	2000
72	6.63	1097	2083	0.00	194	0	0	0	nan	0.00	0.02	3.08	89.46	93.37	0.00	36	0	42	0.00	0.00	58.14	7.39	0.00	0.00	2000
74	6.60	1106	2125	0.00	211	0	0	0	nan	0.00	0.02	2.40	92.07	93.40	0.00	36	0	41	0.00	0.00	60.87	7.63	0.00	0.00	2000
72	6.38	1128	2100	0.00	194	0	0	0	nan	0.00	0.00	2.59	91.01	93.62	0.00	36	0	42	0.00	0.00	59.47	7.40	0.00	0.00	2000
73	6.29	1166	2098	0.00	193	0	0	0	nan	0.00	0.02	2.85	90.61	93.71	0.00	36	0	42	0.00	0.00	59.46	7.51	0.00	0.00	2000
71	6.23	1153	2073	0.00	177	0	0	0	nan	0.00	0.04	3.23	89.15	93.77	0.00	36	0	42	0.00	0.00	59.42	7.47	0.00	0.00	2000
74	6.60	1106	2122	0.00	210	0	0	0	nan	0.00	0.00	4.54	89.79	93.40	0.00	36	0	42	0.00	0.00	59.80	7.68	0.00	0.00	2000
73	6.37	1134	2108	0.00	194	0	0	0	90.33	0.00	0.00	4.28	89.61	93.63	0.00	36	0	42	0.00	0.00	58.69	7.54	0.00	0.00	2000
72	6.44	1129	2066	0.30	197	0	0	1	87.58	0.00	0.00	3.82	88.32	93.56	0.00	36	0	41	0.00	0.00	59.97	7.57	0.00	0.00	2000
78	6.60	1163	2121	0.10	192	0	0	0	nan	0.00	0.01	1.78	92.45	93.40	0.00	36	0	42	0.00	0.00	61.96	7.54	0.00	0.00	2000
230	11.32	2063	2065	0.00	202	0	0	0	nan	0.00	0.87	9.57	76.76	88.68	0.00	37	0	42	0.00	0.00	62.13	7.51	0.00	0.00	2000
231	10.75	2109	2138	0.00	213	0	0	0	nan	0.00	0.00	6.79	84.19	89.25	0.00	37	0	42	0.00	0.00	66.13	7.79	0.00	0.00	2000
228	11.07	2082	2079	0.00	195	0	0	0	nan	0.00	0.56	4.05	83.55	88.93	0.00	38	0	42	0.00	0.00	64.77	7.61	0.00	0.00	2000
229	10.96	2091	2103	0.00	196	0	0	0	nan	0.00	0.00	5.64	83.55	89.04	0.00	38	0	42	0.00	0.00	62.37	7.24	0.00	0.00	2000
231	11.24	2029	2130	0.00	198	0	0	0	nan	0.00	0.00	8.49	81.58	88.76	0.00	38	0	42	0.00	0.00	67.96	8.09	0.00	0.00	2000
234	11.18	2097	2100	0.00	198	0	0	0	nan	0.00	0.00	5.49	83.37	88.82	0.00	38	0	42	0.00	0.00	66.91	7.87	0.00	0.00	2000
234	11.36	2062	2099	0.00	197	0	0	0	nan	0.00	0.01	7.05	81.62	88.64	0.00	37	0	42	0.00	0.00	66.23	7.52	0.00	0.00	2000
228	11.08	2067	2091	0.00	197	0	0	0	nan	0.00	0.00	6.17	82.45	88.92	0.00	37	0	42	0.00	0.00	65.99	8.04	0.00	0.00	2000
233	11.37	2049	2103	0.00	195	0	0	0	nan	0.00	0.00	5.68	83.22	88.63	0.00	37	0	42	0.00	0.00	67.18	7.61	0.00	0.00	2000
233	10.68	2171	2111	0.00	199	0	0	0	nan	0.00	0.00	6.03	83.87	89.32	0.00	38	0	42	0.00	0.00	64.00	7.43	0.00	0.00	2000
227	11.24	2055	2064	0.00	200	0	0	0	nan	0.00	0.00	5.87	81.46	88.76	0.00	38	0	42	0.00	0.00	63.67	7.36	0.00	0.00	2000
233	11.18	2058	2131	0.00	196	0	0	0	nan	0.00	0.00	4.70	85.51	88.82	0.00	38	0	42	0.00	0.00	67.68	7.67	0.00	0.00	2000
230	11.03	2087	2096	0.00	194	0	0	0	nan	0.00	0.03	5.89	83.01	88.97	0.00	38	0	42	0.00	0.00	65.45	7.59	0.00	0.00	2000
226	10.91	2091	2082	0.00	196	0	0	0	nan	0.00	0.00	4.44	83.96	89.09	0.00	38	0	42	0.00	0.00	64.11	7.35	0.00	0.00	2000
242	11.68	2085	2084	0.00	196	0	0	1	91.89	0.00	0.02	4.68	83.06	88.32	0.00	38	0	42	0.00	0.00	62.47	7.09	0.00	0.00	2000
232	11.02	2084	2125	0.71	220	0	0	21	88.91	0.00	0.02	3.90	86.19	88.98	0.00	38	0	42	0.00	0.00	69.12	7.74	0.00	0.00	2000
235	11.02	2115	2118	0.02	197	0	0	0	nan	0.00	0.00	5.67	84.09	88.98	0.00	38	0	42	0.00	0.00	65.95	7.88	0.00	0.00	2000
224	10.79	2113	2068	0.00	197	0	0	0	nan	0.01	0.01	3.43	84.45	89.21	0.00	38	0	42	0.00	0.00	61.63	7.16	0.00	0.00	2000
233	11.04	2088	2124	0.00	214	0	0	0	nan	0.00	0.02	4.68	85.34	88.96	0.00	39	0	42	0.00	0.00	69.05	7.81	0.00	0.00	2000
237	11.31	2088	2110	0.00	195	0	0	0	nan	0.00	0.03	6.46	82.74	88.69	0.00	38	0	42	0.00	0.00	66.43	7.62	0.00	0.00	2000
230	10.81	2141	2088	0.00	203	0	0	0	nan	0.00	0.01	7.04	81.71	89.19	0.00	39	0	42	0.00	0.00	62.46	7.11	0.00	0.00	2000
229	10.94	2090	2107	0.00	198	0	0	0	nan	0.00	0.00	6.72	82.60	89.06	0.00	38	0	42	0.00	0.00	66.30	7.56	0.00	0.00	2000
231	11.03	2086	2105	0.00	197	0	0	0	nan	0.00	0.00	5.20	84.08	88.97	0.00	38	0	42	0.00	0.00	65.56	7.16	0.00	0.00	2000
226	11.22	2068	2042	0.00	199	0	0	0	nan	0.00	0.02	5.13	81.37	88.78	0.00	38	0	42	0.00	0.00	62.42	7.57	0.00	0.00	2000
239	11.15	2083	2160	0.00	214	0	0	0	nan	0.00	0.02	5.59	85.85	88.85	0.00	38	0	42	0.00	0.00	69.73	7.72	0.00	0.00	2000
233	11.22	2070	2108	0.00	200	0	0	0	nan	0.00	0.00	5.84	83.41	88.78	0.00	38	0	42	0.00	0.00	67.11	7.79	0.00	0.00	2000
231	10.85	2131	2099	0.00	198	0	0	0	nan	0.00	0.26	3.81	85.09	89.15	0.00	38	0	42	0.00	0.00	67.68	7.66	0.00	0.00	2000
223	11.31	2009	2066	0.00	198	0	0	0	nan	0.00	0.02	3.87	83.56	88.69	0.00	38	0	42	0.00	0.00	64.88	7.53	0.00	0.00	2000
237	11.47	2034	2134	0.00	197	0	0	0	nan	0.00	0.00	4.65	85.52	88.53	0.00	39	0	42	0.00	0.00	66.97	7.99	0.00	0.00	2000
233	11.25	2081	2093	0.00	197	0	0	0	nan	0.00	0.00	5.00	83.58	88.75	0.00	38	0	42	0.00	0.00	65.04	7.62	0.00	0.00	2000
228	10.80	2112	2096	0.00	200	0	0	0	nan	0.00	0.00	6.52	82.55	89.20	0.00	39	0	42	0.00	0.00	65.84	7.63	0.00	0.00	2000
227	11.05	2079	2076	0.00	197	0	0	0	91.34	0.00	0.00	5.40	82.62	88.95	0.00	38	0	42	0.00	0.00	64.48	7.44	0.00	0.00	2000
226	11.23	2046	2062	0.76	199	0	0	13	84.21	0.00	0.01	4.38	82.82	88.77	0.00	38	0	42	0.00	0.00	58.66	6.99	0.00	0.00	2000
233	10.94	2076	2152	0.00	258	0	0	0	nan	0.00	0.00	4.99	86.28	89.06	0.00	39	0	42	0.00	0.00	74.49	8.62	0.00	0.00	2000
236	11.12	2092	2129	0.00	219	0	0	0	nan	0.00	0.00	4.11	86.06	88.88	0.00	40	0	42	0.00	0.00	66.61	8.01	0.00	0.00	2000
245	14.48	2157	1645	0.00	218	0	0	0	nan	0.00	0.01	2.19	64.82	85.52	0.00	40	0	42	0.00	0.00	49.20	6.01	0.00	0.00	2000
734	25.70	2491	2409	0.00	261	0	0	0	nan	0.00	0.00	5.84	79.50	74.30	0.00	41	0	42	0.00	0.00	88.82	9.63	0.00	0.00	2000
686	27.34	2500	2106	0.00	251	0	0	0	nan	0.00	0.00	5.45	67.57	72.66	0.00	41	0	42	0.00	0.00	84.17	8.19	0.00	0.00	2000
684	27.48	2500	2091	0.00	234	0	0	0	nan	0.00	0.00	3.96	68.39	72.52	0.00	41	0	42	0.00	0.00	77.52	7.73	0.00	0.00	2000
683	27.21	2500	2108	0.00	247	0	0	0	nan	0.00	0.00	4.63	68.57	72.79	0.00	41	0	42	0.00	0.00	83.91	8.14	0.00	0.00	2000
684	27.46	2500	2094	0.00	229	0	0	0	nan	0.00	0.83	2.71	68.93	72.54	0.00	41	0	42	0.00	0.00	78.69	7.41	0.00	0.00	2000
683	27.21	2500	2108	0.00	249	0	0	0	nan	0.00	0.88	3.23	69.12	72.79	0.00	41	0	42	0.00	0.00	83.42	8.19	0.00	0.00	2000
683	27.43	2500	2091	0.00	229	0	0	0	nan	0.00	0.00	4.77	67.64	72.57	0.00	41	0	42	0.00	0.00	78.04	7.59	0.00	0.00	2000
683	27.20	2500	2109	0.00	248	0	0	0	nan	0.00	0.00	5.23	68.01	72.80	0.00	41	0	42	0.00	0.00	83.62	8.23	0.00	0.00	2000
681	27.36	2500	2092	0.00	232	0	0	0	nan	0.00	0.00	4.60	67.90	72.64	0.00	41	0	42	0.00	0.00	77.79	7.65	0.00	0.00	2000
686	27.32	2500	2108	0.00	249	0	0	0	nan	0.00	0.00	4.98	68.12	72.68	0.00	41	0	42	0.00	0.00	84.21	8.07	0.00	0.00	2000
681	27.33	2500	2093	1.21	228	0	0	127	90.70	0.00	0.00	4.52	68.05	72.67	0.00	41	0	42	0.00	0.00	77.88	7.58	0.00	0.00	2000
687	27.37	2500	2108	0.68	250	0	0	0	20.29	0.00	0.00	4.24	68.80	72.63	0.00	41	0	42	0.00	0.00	84.01	8.17	0.00	0.00	2000
682	27.37	2500	2092	0.00	229	0	0	0	nan	0.00	0.00	5.23	67.28	72.63	0.00	41	0	42	0.00	0.00	77.93	7.51	0.00	0.00	2000
684	27.29	2500	2107	0.00	246	0	0	0	nan	0.00	0.00	3.75	69.34	72.71	0.00	41	0	42	0.00	0.00	83.41	8.22	0.00	0.00	2000
682	27.37	2500	2092	0.00	233	0	0	0	nan	0.00	0.00	4.48	68.01	72.63	0.00	41	0	42	0.00	0.00	78.02	7.92	0.00	0.00	2000
683	27.20	2500	2109	0.00	247	0	0	0	nan	0.00	0.06	2.86	70.34	72.80	0.00	42	0	42	0.00	0.00	83.52	8.22	0.00	0.00	2000
683	27.42	2500	2092	0.00	234	0	0	0	nan	0.00	0.43	2.67	69.36	72.58	0.00	41	0	42	0.00	0.00	77.69	7.55	0.00	0.00	2000
683	27.21	2500	2108	0.00	246	0	0	0	nan	0.00	0.00	4.93	68.26	72.79	0.00	41	0	42	0.00	0.00	83.61	8.23	0.00	0.00	2000
685	27.49	2500	2093	0.00	235	0	0	0	nan	0.00	0.00	5.33	67.10	72.52	0.00	42	0	42	0.00	0.00	77.43	7.66	0.00	0.00	2000
683	27.19	2500	2109	0.00	247	0	0	0	nan	0.00	0.00	5.71	67.53	72.81	0.00	42	0	42	0.00	0.00	83.44	8.19	0.00	0.00	2000
683	27.43	2500	2091	0.00	228	0	0	0	nan	0.00	0.00	4.07	68.34	72.57	0.00	41	0	42	0.00	0.00	77.87	7.68	0.00	0.00	2000
683	27.21	2500	2109	0.00	249	0	0	0	nan	0.00	0.00	5.96	67.28	72.79	0.00	42	0	42	0.00	0.00	83.59	8.13	0.00	0.00	2000
683	27.44	2500	2092	0.00	230	0	0	0	nan	0.00	0.00	4.01	68.40	72.56	0.00	42	0	42	0.00	0.00	77.74	7.50	0.00	0.00	2000
683	27.20	2500	2108	0.00	248	0	0	0	nan	0.00	0.00	4.95	68.28	72.81	0.00	42	0	42	0.00	0.00	83.64	8.23	0.00	0.00	2000
661	25.83	2484	2164	0.07	249	0	0	73	88.84	0.00	0.02	5.13	71.45	74.17	0.00	41	0	42	0.00	0.00	83.84	8.14	0.00	0.00	2000
240	11.00	2070	2215	1.54	217	0	0	14	78.58	0.00	2.08	8.06	83.86	89.00	0.00	41	0	42	0.00	0.00	71.85	8.27	0.00	0.00	2000
218	11.23	2039	2003	0.00	215	0	0	0	nan	0.00	0.02	4.12	80.64	88.77	0.00	38	0	42	0.00	0.00	63.12	7.41	0.00	0.00	2000
234	10.72	2046	2245	0.00	227	0	0	0	nan	0.00	0.00	6.78	88.73	89.28	0.00	38	0	42	0.00	0.00	66.00	7.81	0.00	0.00	2000
230	11.16	2064	2096	0.00	181	0	0	0	nan	0.00	0.00	6.69	81.99	88.84	0.00	39	0	42	0.00	0.00	64.84	7.55	0.00	0.00	2000
229	11.17	2061	2089	0.00	198	0	0	0	nan	0.00	0.02	7.09	81.39	88.83	0.00	39	0	42	0.00	0.00	64.85	7.33	0.00	0.00	2000
230	11.30	2028	2112	0.00	195	0	0	0	nan	0.01	0.39	6.18	82.70	88.70	0.00	39	0	42	0.00	0.00	64.92	7.47	0.00	0.00	2000
229	11.01	2075	2108	0.00	195	0	0	0	nan	0.00	0.00	7.12	82.25	88.99	0.00	39	0	42	0.00	0.00	67.25	7.78	0.00	0.00	2000
230	10.96	2100	2094	0.00	196	0	0	0	nan	0.00	0.03	8.19	80.59	89.04	0.00	39	0	42	0.00	0.00	64.92	7.48	0.00	0.00	2000
228	11.23	2033	2100	0.00	196	0	0	0	nan	0.00	0.00	6.80	82.08	88.77	0.00	39	0	42	0.00	0.00	63.19	7.16	0.00	0.00	2000
229	11.10	2066	2101	0.00	195	0	0	0	nan	0.00	0.02	6.57	82.46	88.90	0.00	39	0	42	0.00	0.00	65.24	7.69	0.00	0.00	2000
230	11.12	2065	2101	0.00	195	0	0	0	nan	0.00	0.00	7.20	81.81	88.88	0.00	39	0	42	0.00	0.00	63.95	7.24	0.00	0.00	2000
228	11.13	2056	2096	0.00	184	0	0	0	nan	0.00	0.02	7.26	81.53	88.87	0.00	39	0	42	0.00	0.00	64.85	7.56	0.00	0.00	2000
230	11.03	2080	2109	0.00	197	0	0	0	nan	0.00	0.03	8.25	81.20	88.97	0.00	39	0	42	0.00	0.00	64.34	7.69	0.00	0.00	2000
230	10.94	2102	2097	0.00	196	0	0	0	nan	0.00	0.00	6.15	82.85	89.06	0.00	39	0	42	0.00	0.00	65.59	7.21	0.00	0.00	2000
228	11.06	2058	2101	0.00	195	0	0	0	nan	0.00	0.02	6.53	82.54	88.94	0.00	39	0	42	0.00	0.00	64.48	7.23	0.00	0.00	2000
230	10.93	2100	2103	0.00	178	0	0	0	nan	0.00	0.00	5.64	83.54	89.07	0.00	39	0	42	0.00	0.00	66.65	7.81	0.00	0.00	2000
233	11.21	2090	2086	0.00	193	0	0	7	29.58	0.00	2.09	5.22	81.05	88.79	0.00	39	0	42	0.00	0.00	63.17	7.36	0.00	0.00	2000
233	11.14	2090	2101	0.51	200	0	0	19	20.95	0.00	0.00	6.66	82.28	88.86	0.00	39	0	42	0.00	0.00	65.63	7.96	0.00	0.00	2000
128	8.87	1442	2099	0.00	199	0	0	0	nan	0.00	0.00	7.95	83.24	91.13	0.00	37	0	42	0.00	0.00	63.72	7.65	0.00	0.00	2000
77	6.78	1145	2089	0.00	195	0	0	0	nan	0.00	0.00	6.53	86.22	93.22	0.00	37	0	42	0.00	0.00	59.07	7.51	0.00	0.00	2000
213	10.98	1940	2103	0.00	205	0	0	0	nan	0.00	0.04	3.15	86.09	89.02	0.00	40	0	42	0.00	0.00	63.56	7.45	0.00	0.00	2000
236	11.26	2073	2122	0.00	203	0	0	0	nan	0.00	0.02	4.77	85.04	88.74	0.00	40	0	42	0.00	0.00	66.17	7.54	0.00	0.00	2000
227	10.77	2118	2089	0.00	218	0	0	0	nan	0.00	0.02	4.78	84.09	89.23	0.00	40	0	42	0.00	0.00	64.34	7.42	0.00	0.00	2000
113	7.92	1422	2107	0.00	200	0	0	0	nan	0.00	0.00	8.18	84.30	92.08	0.00	38	0	42	0.00	0.00	61.61	7.76	0.00	0.00	2000
77	6.77	1144	2096	0.00	197	0	0	0	nan	0.00	0.00	7.31	85.85	93.23	0.00	37	0	42	0.00	0.00	59.13	7.32	0.00	0.00	2000
220	11.04	2018	2070	0.00	205	0	0	0	nan	0.00	0.00	4.69	83.11	88.96	0.00	39	0	42	0.00	0.00	63.08	7.33	0.00	0.00	2000
234	10.97	2098	2133	0.00	222	0	0	0	nan	0.00	0.00	4.91	85.57	89.03	0.00	40	0	42	0.00	0.00	66.94	7.76	0.00	0.00	2000
224	10.96	2068	2076	0.00	213	0	0	0	nan	0.00	0.00	3.85	84.25	89.04	0.00	40	0	42	0.00	0.00	61.59	7.20	0.00	0.00	2000
232	11.25	2042	2125	0.00	219	0	0	0	nan	0.00	0.00	4.02	85.82	88.75	0.00	40	0	42	0.00	0.00	65.21	7.49	0.00	0.00	2000
227	11.18	2039	2095	0.00	204	0	0	0	nan	0.00	0.00	3.98	84.78	88.82	0.00	40	0	42	0.00	0.00	64.60	7.55	0.00	0.00	2000
229	10.77	2122	2107	0.00	204	0	0	0	nan	0.00	0.00	3.83	85.81	89.23	0.00	41	0	42	0.00	0.00	65.61	7.48	0.00	0.00	2000
249	12.18	2161	1988	0.00	217	0	0	0	nan	0.00	1.00	6.64	75.58	87.82	0.00	39	0	42	0.00	0.00	61.27	7.11	0.00	0.00	2000
279	13.37	1996	2194	0.00	248	0	0	0	nan	0.00	0.63	13.87	76.13	86.63	0.00	38	0	42	0.00	0.00	72.03	8.47	0.00	0.00	2000
89	7.89	1119	2127	0.00	161	0	0	1	87.84	0.00	0.01	8.11	85.21	92.11	0.00	37	0	42	0.00	0.00	58.98	7.38	0.00	0.00	2000
