Avg_MHz	Busy%	Bzy_MHz	TSC_MHz	IPC	IRQ	NMI	SMI	LLCMRPS	LLC%hit	POLL%	C1%	C1E%	C6%	CPU%c1	CPU%c6	CoreTmp	CoreThr	PkgTmp	Pkg%pc2	Pkg%pc6	PkgWatt	RAMWatt	PKG_%	RAM_%	UncMHz
187	11.09	1653	2142	0.00	224	0	0	0	nan	0.00	0.06	28.70	62.12	88.91	0.00	38	0	42	0.00	0.00	65.26	7.92	0.00	0.00	2000
395	18.73	2110	2098	0.00	218	0	0	0	nan	0.00	1.48	14.13	65.72	81.27	0.00	38	0	43	0.00	0.00	66.65	7.55	0.00	0.00	2000
248	13.57	1831	2094	0.00	214	0	0	0	nan	0.06	0.37	18.08	67.90	86.43	0.00	37	0	43	0.00	0.00	61.08	7.21	0.00	0.00	2000
73	7.19	1025	2092	0.00	194	0	0	0	nan	0.00	0.02	3.13	89.53	92.81	0.00	38	0	42	0.00	0.00	59.96	7.80	0.00	0.00	2000
74	6.95	1048	2125	0.00	209	0	0	0	nan	0.00	0.00	3.99	90.24	93.05	0.00	37	0	43	0.00	0.00	61.07	7.88	0.00	0.00	2000
70	6.69	1062	2083	0.00	193	0	0	0	nan	0.00	0.00	3.69	89.05	93.31	0.00	37	0	43	0.00	0.00	55.71	7.16	0.00	0.00	2000
79	7.36	1072	2100	0.00	193	0	0	0	nan	0.00	0.00	4.64	88.13	92.64	0.00	37	0	43	0.00	0.00	59.38	7.48	0.00	0.00	2000
75	6.91	1074	2129	0.00	195	0	0	0	nan	0.00	0.00	2.45	91.91	93.09	0.00	37	0	43	0.00	0.00	59.50	7.45	0.00	0.00	2000
73	6.98	1043	2102	0.00	195	0	0	0	nan	0.00	0.00	3.37	89.86	93.02	0.00	37	0	42	0.00	0.00	57.92	7.53	0.00	0.00	2000
71	6.66	1086	2071	0.00	193	0	0	0	nan	0.00	0.00	2.89	89.27	93.34	0.00	37	0	42	0.00	0.00	57.50	7.32	0.00	0.00	2000
74	6.75	1082	2122	0.00	193	0	0	0	nan	0.00	0.00	2.82	91.56	93.25	0.00	37	0	43	0.00	0.00	58.84	7.62	0.00	0.00	2000
74	6.87	1078	2094	0.00	194	0	0	0	nan	0.00	0.01	3.19	89.76	93.13	0.00	37	0	43	0.00	0.00	55.90	7.52	0.00	0.00	2000
75	6.73	1098	2118	0.00	194	0	0	0	nan	0.00	0.02	2.65	91.53	93.27	0.00	37	0	43	0.00	0.00	62.05	7.65	0.00	0.00	2000
73	6.80	1082	2092	0.00	195	0	0	0	nan	0.00	0.03	5.04	87.95	93.20	0.00	37	0	43	0.00	0.00	58.79	7.38	0.00	0.00	2000
72	6.93	1035	2102	0.00	194	0	0	0	nan	0.00	0.00	3.59	89.72	93.07	0.00	37	0	42	0.00	0.00	57.70	7.38	0.00	0.00	2000
72	6.78	1065	2099	0.00	194	0	0	0	90.00	0.00	0.00	3.47	89.78	93.22	0.00	37	0	42	0.00	0.00	59.93	7.69	0.00	0.00	2000
73	6.94	1065	2070	0.29	193	0	0	1	87.19	0.00	0.02	2.54	89.32	93.06	0.00	37	0	43	0.00	0.00	56.97	7.16	0.00	0.00	2000
71	6.61	1072	2100	0.01	193	0	0	0	nan	0.00	0.03	1.97	91.53	93.39	0.00	37	0	43	0.00	0.00	58.71	7.45	0.00	0.00	2000
111	7.78	1412	2112	0.00	196	0	0	0	nan	0.01	0.03	4.44	88.27	92.22	0.00	38	0	43	0.00	0.00	59.66	7.48	0.00	0.00	2000
229	10.98	2085	2105	0.00	270	0	0	0	nan	0.00	0.00	3.68	85.69	89.02	0.00	40	0	43	0.00	0.00	65.91	7.66	0.00	0.00	2000
231	11.09	2077	2104	0.00	203	0	0	0	nan	0.00	0.00	2.80	86.48	88.91	0.00	40	0	43	0.00	0.00	64.74	7.65	0.00	0.00	2000
226	10.96	2081	2077	0.00	203	0	0	0	nan	0.00	0.00	3.19	85.08	89.05	0.00	41	0	43	0.00	0.00	64.94	7.46	0.00	0.00	2000
238	11.74	2047	2077	0.00	224	0	0	0	nan	0.00	0.01	3.97	83.44	88.26	0.00	40	0	43	0.00	0.00	61.62	7.16	0.00	0.00	2000
232	11.27	2007	2154	0.00	215	0	0	0	nan	0.00	0.95	6.79	83.37	88.73	0.00	38	0	43	0.00	0.00	72.72	8.53	0.00	0.00	2000
230	11.06	2087	2092	0.00	198	0	0	0	nan	0.00	0.57	4.06	84.23	88.94	0.00	38	0	43	0.00	0.00	65.65	7.65	0.00	0.00	2000
234	11.17	2094	2098	0.00	197	0	0	0	nan	0.00	0.02	3.98	84.84	88.83	0.00	38	0	42	0.00	0.00	67.26	7.91	0.00	0.00	2000
235	11.64	2007	2109	0.00	197	0	0	0	nan	0.00	0.00	4.76	84.18	88.36	0.00	38	0	43	0.00	0.00	66.41	7.82	0.00	0.00	2000
229	11.43	2007	2098	0.00	202	0	0	0	nan	0.00	0.00	5.58	83.07	88.57	0.00	39	0	43	0.00	0.00	65.95	7.72	0.00	0.00	2000
231	11.43	2023	2099	0.00	197	0	0	0	nan	0.00	0.00	5.61	83.09	88.57	0.00	39	0	42	0.00	0.00	65.73	7.60	0.00	0.00	2000
228	11.25	2030	2093	0.00	197	0	0	0	nan	0.00	0.00	5.62	82.99	88.75	0.00	40	0	42	0.00	0.00	62.90	7.25	0.00	0.00	2000
230	11.38	2017	2107	0.00	199	0	0	0	nan	0.00	0.00	4.97	84.06	88.62	0.00	40	0	43	0.00	0.00	64.96	7.47	0.00	0.00	2000
222	11.65	1985	2018	0.00	199	0	0	0	nan	0.00	0.00	5.05	80.07	88.35	0.00	40	0	43	0.00	0.00	63.16	7.45	0.00	0.00	2000
231	11.02	2044	2152	0.03	218	0	0	14	89.18	0.00	0.00	3.94	87.46	88.98	0.00	40	0	42	0.00	0.00	66.64	7.66	0.00	0.00	2000
234	11.04	2077	2143	0.64	197	0	0	10	85.43	0.00	0.03	2.69	88.28	88.96	0.00	40	0	43	0.00	0.00	66.60	7.46	0.00	0.00	2000
229	11.21	2052	2093	0.00	197	0	0	0	nan	0.00	0.07	2.96	85.71	88.79	0.00	40	0	43	0.00	0.00	64.98	7.43	0.00	0.00	2000
228	11.05	2070	2092	0.00	195	0	0	0	nan	0.00	0.06	3.24	85.54	88.95	0.00	40	0	43	0.00	0.00	63.47	7.23	0.00	0.00	2000
232	11.30	2089	2065	0.00	198	0	0	0	nan	0.00	0.00	2.40	84.96	88.70	0.00	40	0	42	0.00	0.00	63.61	7.22	0.00	0.00	2000
228	10.80	2066	2145	0.00	218	0	0	0	nan	0.00	3.09	3.17	85.13	89.20	0.00	41	0	43	0.00	0.00	67.76	7.63	0.00	0.00	2000
232	11.57	2000	2102	0.00	201	0	0	0	nan	0.00	0.00	6.83	81.91	88.43	0.00	40	0	43	0.00	0.00	65.38	7.54	0.00	0.00	2000
224	11.31	2020	2057	0.00	196	0	0	0	nan	0.01	0.00	5.83	81.23	88.69	0.00	40	0	43	0.00	0.00	63.89	7.25	0.00	0.00	2000
233	11.68	1997	2101	0.00	200	0	0	0	nan	0.00	0.00	4.65	83.93	88.32	0.00	38	0	42	0.00	0.00	65.40	7.73	0.00	0.00	2000
231	11.00	2060	2139	0.00	215	0	0	0	nan	0.00	0.00	5.34	85.48	89.00	0.00	38	0	42	0.00	0.00	67.62	7.75	0.00	0.00	2000
231	11.35	2038	2095	0.00	199	0	0	0	nan	0.00	0.02	5.90	82.62	88.65	0.00	39	0	43	0.00	0.00	65.36	7.50	0.00	0.00	2000
232	11.37	2046	2093	0.00	206	0	0	0	nan	0.00	0.00	5.92	82.64	88.63	0.00	39	0	42	0.00	0.00	63.83	7.15	0.00	0.00	2000
228	11.21	2028	2109	0.00	206	0	0	0	nan	0.00	0.03	5.84	83.45	88.79	0.00	39	0	42	0.00	0.00	66.12	7.83	0.00	0.00	2000
231	11.25	2053	2104	0.00	197	0	0	0	nan	0.00	0.02	4.44	84.68	88.75	0.00	39	0	42	0.00	0.00	67.43	7.78	0.00	0.00	2000
230	11.74	1977	2077	0.00	202	0	0	0	nan	0.00	0.23	5.78	81.54	88.26	0.00	39	0	43	0.00	0.00	62.62	7.35	0.00	0.00	2000
234	11.30	2039	2130	0.00	195	0	0	0	nan	0.00	1.02	4.16	84.98	88.70	0.00	39	0	42	0.00	0.00	66.20	7.63	0.00	0.00	2000
233	11.20	2076	2101	0.00	195	0	0	0	nan	0.00	0.55	4.21	84.31	88.80	0.00	39	0	43	0.00	0.00	67.12	7.55	0.00	0.00	2000
227	11.51	1981	2094	0.02	198	0	0	11	85.60	0.00	0.00	4.49	83.97	88.49	0.00	39	0	43	0.00	0.00	64.32	7.59	0.00	0.00	2000
225	11.43	2032	2031	0.89	197	0	0	9	80.97	0.00	0.04	3.88	81.97	88.57	0.00	38	0	43	0.00	0.00	59.56	6.93	0.00	0.00	2000
239	11.17	2060	2178	0.00	252	0	0	0	nan	0.01	0.02	5.86	86.43	88.83	0.00	38	0	43	0.00	0.00	72.18	8.45	0.00	0.00	2000
356	16.21	2317	1992	0.00	258	0	0	0	nan	0.00	0.00	5.31	74.25	83.79	0.00	39	0	43	0.00	0.00	61.75	7.00	0.00	0.00	2000
684	27.32	2500	2104	0.00	292	0	0	0	nan	0.00	0.00	3.65	69.27	72.68	0.00	41	0	43	0.00	0.00	78.30	7.61	0.00	0.00	2000
684	27.36	2500	2100	0.00	251	0	0	0	nan	0.00	0.00	3.72	69.03	72.64	0.00	42	0	43	0.00	0.00	77.48	7.57	0.00	0.00	2000
682	27.28	2500	2100	0.00	246	0	0	0	nan	0.00	0.00	3.46	69.36	72.72	0.00	42	0	43	0.00	0.00	77.96	7.51	0.00	0.00	2000
684	27.38	2500	2099	0.00	267	0	0	0	nan	0.00	0.00	3.75	68.97	72.62	0.00	42	0	43	0.00	0.00	77.70	7.61	0.00	0.00	2000
683	27.32	2500	2101	0.00	247	0	0	0	nan	0.00	0.00	3.20	69.61	72.68	0.00	42	0	43	0.00	0.00	78.03	7.39	0.00	0.00	2000
685	27.39	2500	2100	0.00	271	0	0	0	nan	0.00	0.00	4.19	68.54	72.61	0.00	42	0	43	0.00	0.00	77.83	7.60	0.00	0.00	2000
681	27.26	2500	2100	0.00	245	0	0	0	nan	0.00	0.00	3.06	69.78	72.74	0.00	42	0	43	0.00	0.00	77.97	7.53	0.00	0.00	2000
685	27.40	2500	2100	0.00	267	0	0	0	nan	0.00	0.00	3.07	69.63	72.60	0.00	43	0	43	0.00	0.00	77.99	7.33	0.00	0.00	2000
681	27.25	2500	2100	0.00	245	0	0	0	nan	0.00	0.00	3.41	69.46	72.75	0.00	43	0	43	0.00	0.00	77.73	7.56	0.00	0.00	2000
680	27.32	2500	2090	0.00	268	0	0	0	nan	0.00	0.00	3.89	68.55	72.68	0.00	43	0	43	0.00	0.00	77.29	7.37	0.00	0.00	2000
687	27.35	2500	2110	0.32	259	0	0	31	98.96	0.00	0.00	3.18	69.93	72.65	0.00	43	0	43	0.00	0.00	78.60	7.60	0.00	0.00	2000
679	27.38	2500	2081	0.83	252	0	0	15	98.91	0.00	0.00	2.83	69.25	72.62	0.00	43	0	43	0.00	0.00	77.02	7.37	0.00	0.00	2000
689	27.30	2500	2120	0.00	260	0	0	0	nan	0.00	0.00	3.37	70.12	72.70	0.00	43	0	43	0.00	0.00	78.51	7.70	0.00	0.00	2000
682	27.29	2500	2100	0.00	252	0	0	0	nan	0.00	0.00	3.76	69.06	72.71	0.00	43	0	43	0.00	0.00	77.81	7.54	0.00	0.00	2000
684	27.37	2500	2100	0.00	242	0	0	0	nan	0.00	0.00	3.01	69.75	72.63	0.00	43	0	43	0.00	0.00	78.28	7.43	0.00	0.00	2000
682	27.30	2500	2100	0.00	268	0	0	0	nan	0.00	0.00	3.21	69.61	72.70	0.00	43	0	43	0.00	0.00	77.78	7.51	0.00	0.00	2000
683	27.32	2500	2099	0.00	245	0	0	0	nan	0.00	0.00	3.02	69.75	72.68	0.00	43	0	43	0.00	0.00	77.64	7.53	0.00	0.00	2000
683	27.31	2500	2100	0.00	267	0	0	0	nan	0.00	0.00	3.45	69.36	72.69	0.00	43	0	43	0.00	0.00	78.32	7.55	0.00	0.00	2000
685	27.37	2500	2101	0.00	234	0	0	0	nan	0.00	0.01	3.23	69.53	72.63	0.00	43	0	43	0.00	0.00	77.89	7.45	0.00	0.00	2000
682	27.31	2500	2099	0.00	260	0	0	0	nan	0.00	0.00	3.13	69.66	72.69	0.00	43	0	43	0.00	0.00	77.37	7.47	0.00	0.00	2000
684	27.35	2500	2101	0.00	238	0	0	0	nan	0.00	0.00	4.79	68.01	72.65	0.00	43	0	43	0.00	0.00	78.49	7.47	0.00	0.00	2000
683	27.31	2500	2100	0.00	278	0	0	0	nan	0.00	0.00	3.16	69.63	72.69	0.00	43	0	43	0.00	0.00	77.58	7.42	0.00	0.00	2000
683	27.33	2500	2100	0.00	236	0	0	0	nan	0.00	0.00	3.77	69.02	72.67	0.00	43	0	43	0.00	0.00	77.79	7.42	0.00	0.00	2000
682	27.30	2500	2100	0.00	278	0	0	0	nan	0.00	0.00	3.41	69.39	72.70	0.00	43	0	43	0.00	0.00	77.82	7.36	0.00	0.00	2000
732	27.53	2500	2232	0.56	235	0	0	45	98.51	0.00	0.00	4.96	72.17	72.47	0.00	43	0	43	0.00	0.00	86.79	8.17	0.00	0.00	2000
239	11.62	2068	2087	0.57	265	0	0	8	92.00	0.00	0.02	7.27	80.76	88.38	0.00	42	0	42	0.00	0.00	62.94	7.30	0.00	0.00	2000
234	11.17	2062	2131	0.00	202	0	0	0	nan	0.00	0.00	4.02	86.22	88.83	0.00	42	0	43	0.00	0.00	67.74	7.60	0.00	0.00	2000
227	10.70	2137	2080	0.00	187	0	0	0	nan	0.00	0.05	2.96	85.43	89.30	0.00	42	0	43	0.00	0.00	66.36	7.53	0.00	0.00	2000
230	10.91	2093	2116	0.00	203	0	0	0	nan	0.00	0.03	2.71	87.11	89.09	0.00	42	0	43	0.00	0.00	63.48	7.36	0.00	0.00	2000
227	10.83	2104	2089	0.00	203	0	0	0	nan	0.00	0.02	2.41	86.40	89.17	0.00	42	0	43	0.00	0.00	64.14	7.43	0.00	0.00	2000
233	11.29	2047	2119	0.00	203	0	0	0	nan	0.00	0.03	3.21	86.36	88.71	0.00	42	0	43	0.00	0.00	67.46	7.52	0.00	0.00	2000
231	11.34	2058	2076	0.00	213	0	0	0	nan	0.00	0.02	3.82	83.95	88.66	0.00	42	0	43	0.00	0.00	63.74	7.18	0.00	0.00	2000
229	11.25	2018	2115	0.00	202	0	0	0	nan	0.00	0.00	4.11	85.42	88.75	0.00	42	0	43	0.00	0.00	65.41	7.56	0.00	0.00	2000
229	11.02	2082	2099	0.00	203	0	0	0	nan	0.00	0.00	4.19	84.82	88.98	0.00	42	0	43	0.00	0.00	64.79	7.62	0.00	0.00	2000
225	11.20	2018	2090	0.00	205	0	0	0	nan	0.00	0.00	3.88	84.60	88.80	0.00	42	0	42	0.00	0.00	64.26	7.49	0.00	0.00	2000
226	11.22	2027	2087	0.00	203	0	0	0	nan	0.00	0.03	4.10	84.35	88.78	0.00	42	0	43	0.00	0.00	65.15	7.37	0.00	0.00	2000
232	11.26	2034	2123	0.00	213	0	0	0	nan	0.00	0.00	4.01	85.82	88.74	0.00	42	0	43	0.00	0.00	65.71	7.56	0.00	0.00	2000
228	11.11	2053	2094	0.00	206	0	0	0	nan	0.00	0.00	4.41	84.38	88.89	0.00	42	0	43	0.00	0.00	63.81	7.41	0.00	0.00	2000
227	11.14	2038	2096	0.00	202	0	0	0	nan	0.00	0.06	3.99	84.83	88.87	0.00	42	0	43	0.00	0.00	64.45	7.37	0.00	0.00	2000
230	10.99	2075	2113	0.00	203	0	0	0	nan	0.00	0.00	4.25	85.45	89.01	0.00	41	0	43	0.00	0.00	65.67	7.38	0.00	0.00	2000
225	10.99	2079	2072	0.00	204	0	0	0	nan	0.00	0.00	4.54	83.41	89.01	0.00	41	0	43	0.00	0.00	64.43	7.46	0.00	0.00	2000
222	11.03	1980	2131	0.01	207	0	0	9	63.02	0.00	0.79	4.63	85.02	88.97	0.00	40	0	43	0.00	0.00	68.69	7.91	0.00	0.00	2000
76	7.39	1044	2075	0.16	197	0	0	2	91.97	0.00	0.16	10.09	81.41	92.61	0.00	38	0	43	0.00	0.00	56.68	7.14	0.00	0.00	2000
146	9.12	1582	2121	0.00	216	0	0	0	nan	0.00	0.00	6.11	85.84	90.88	0.00	38	0	43	0.00	0.00	61.77	7.50	0.00	0.00	2000
221	10.78	2065	2083	0.00	196	0	0	0	nan	0.00	0.00	7.24	81.29	89.22	0.00	40	0	43	0.00	0.00	64.13	7.39	0.00	0.00	2000
224	10.93	2035	2114	0.00	200	0	0	0	nan	0.00	0.02	8.52	81.25	89.07	0.00	40	0	43	0.00	0.00	64.57	7.44	0.00	0.00	2000
184	9.93	1874	2077	0.00	206	0	0	0	nan	0.00	0.33	7.32	81.51	90.07	0.00	39	0	43	0.00	0.00	61.35	7.16	0.00	0.00	2000
75	7.10	1051	2105	0.00	214	0	0	0	nan	0.00	0.03	10.59	82.59	92.90	0.00	38	0	42	0.00	0.00	59.40	7.51	0.00	0.00	2000
141	8.70	1603	2123	0.00	205	0	0	0	nan	0.04	0.00	7.74	84.73	91.30	0.00	39	0	43	0.00	0.00	63.45	7.77	0.00	0.00	2000
222	11.04	2058	2054	0.00	197	0	0	0	nan	0.00	0.00	5.16	81.94	88.96	0.00	40	0	43	0.00	0.00	63.24	7.21	0.00	0.00	2000
227	10.85	2043	2150	0.00	202	0	0	0	nan	0.00	0.00	8.32	83.09	89.15	0.00	40	0	43	0.00	0.00	66.94	7.27	0.00	0.00	2000
220	10.80	2075	2058	0.00	198	0	0	0	nan	0.00	0.01	7.15	80.38	89.20	0.00	40	0	43	0.00	0.00	61.28	7.37	0.00	0.00	2000
221	10.73	2085	2072	0.00	195	0	0	0	nan	0.00	0.00	6.37	81.77	89.27	0.00	40	0	43	0.00	0.00	60.61	7.45	0.00	0.00	2000
222	10.57	2061	2144	0.00	194	0	0	0	nan	0.00	0.00	6.25	85.15	89.43	0.00	40	0	43	0.00	0.00	70.44	7.69	0.00	0.00	2000
222	10.59	2094	2104	0.00	195	0	0	0	nan	0.00	2.11	5.28	82.27	89.41	0.00	40	0	43	0.00	0.00	62.66	7.31	0.00	0.00	2000
233	10.78	2137	2122	0.00	200	0	0	0	nan	0.00	2.71	6.87	80.79	89.22	0.00	38	0	43	0.00	0.00	66.02	7.58	0.00	0.00	2000
312	13.23	2366	2094	0.00	226	1	0	0	nan	0.00	0.00	5.67	80.94	86.77	0.00	39	0	43	0.00	0.00	68.80	7.79	0.00	0.00	2000
137	8.73	1596	2069	0.00	240	0	0	0	nan	0.00	1.05	11.15	77.95	91.27	0.00	38	0	43	0.00	0.00	61.05	7.43	0.00	0.00	2000
78	7.21	1063	2126	0.03	210	0	0	2	81.18	0.00	0.00	6.39	87.59	92.79	0.00	37	0	43	0.00	0.00	62.10	8.03	0.00	0.00	2000
99	7.49	1307	2130	0.75	97	0	0	3	88.89	0.02	0.00	7.63	86.30	92.51	0.00	37	0	43	0.00	0.00	57.91	7.26	0.00	0.00	2000
