Avg_MHz	Busy%	Bzy_MHz	TSC_MHz	IPC	IRQ	NMI	SMI	LLCMRPS	LLC%hit	POLL%	C1%	C1E%	C6%	CPU%c1	CPU%c6	CoreTmp	CoreThr	PkgTmp	Pkg%pc2	Pkg%pc6	PkgWatt	RAMWatt	PKG_%	RAM_%	UncMHz
317	16.11	1912	2160	0.00	287	0	0	0	nan	0.00	0.21	20.79	65.42	83.89	0.00	37	0	41	0.00	0.00	71.38	7.94	0.00	0.00	2000
316	15.36	2078	2079	0.00	228	0	0	0	nan	0.04	3.17	19.02	61.85	84.64	0.00	37	0	42	0.00	0.00	64.46	7.03	0.00	0.00	2000
76	6.40	1181	2119	0.00	194	0	0	0	nan	0.00	0.00	6.44	87.90	93.60	0.00	37	0	42	0.00	0.00	63.07	7.63	0.00	0.00	2000
72	6.68	1075	2093	0.00	192	0	0	0	nan	0.00	0.02	1.84	91.17	93.32	0.00	37	0	41	0.00	0.00	57.20	6.93	0.00	0.00	2000
73	6.99	1035	2129	0.00	209	0	0	0	nan	0.00	0.00	4.00	90.29	93.01	0.00	36	0	41	0.00	0.00	63.34	7.63	0.00	0.00	2000
74	6.49	1132	2102	0.00	193	0	0	0	nan	0.00	0.02	2.98	90.44	93.51	0.00	37	0	42	0.00	0.00	59.92	7.36	0.00	0.00	2000
74	6.53	1133	2097	0.00	194	0	0	0	nan	0.00	0.02	3.87	89.39	93.47	0.00	36	0	42	0.00	0.00	59.88	7.27	0.00	0.00	2000
73	6.47	1131	2097	0.00	194	0	0	0	nan	0.00	0.01	3.35	89.94	93.53	0.00	37	0	41	0.00	0.00	56.99	7.37	0.00	0.00	2000
74	6.68	1099	2103	0.00	195	0	0	0	nan	0.00	0.00	3.63	89.75	93.32	0.00	37	0	42	0.00	0.00	61.08	7.48	0.00	0.00	2000
73	6.51	1119	2100	0.00	194	0	0	0	nan	0.00	0.01	2.81	90.57	93.49	0.00	37	0	41	0.00	0.00	57.30	6.82	0.00	0.00	2000
73	6.81	1071	2102	0.00	194	0	0	0	nan	0.00	0.02	3.11	90.17	93.19	0.00	36	0	41	0.00	0.00	61.57	7.39	0.00	0.00	2000
71	6.54	1089	2096	0.00	193	0	0	0	nan	0.00	0.00	2.62	90.83	93.46	0.00	36	0	41	0.00	0.00	59.18	7.33	0.00	0.00	2000
73	6.57	1106	2100	0.00	194	0	0	0	nan	0.00	0.01	2.71	90.67	93.43	0.00	37	0	41	0.00	0.00	56.78	6.82	0.00	0.00	2000
70	6.63	1072	2079	0.00	193	0	0	0	nan	0.00	0.01	2.63	89.74	93.37	0.00	37	0	42	0.00	0.00	61.10	7.36	0.00	0.00	2000
73	6.83	1069	2095	0.00	194	0	0	0	nan	0.00	0.01	2.42	90.52	93.17	0.00	37	0	42	0.00	0.00	57.78	7.15	0.00	0.00	2000
75	6.86	1081	2112	0.00	213	0	0	1	89.04	0.00	0.00	4.55	89.03	93.14	0.00	37	0	41	0.00	0.00	59.48	7.20	0.00	0.00	2000
73	6.89	1059	2112	0.17	194	0	0	2	90.70	0.00	0.00	3.66	90.06	93.11	0.00	37	0	42	0.00	0.00	59.54	7.27	0.00	0.00	2000
73	6.64	1093	2111	0.00	177	0	0	0	nan	0.00	0.00	3.42	90.45	93.36	0.00	36	0	42	0.00	0.00	60.71	7.77	0.00	0.00	2000
183	9.27	1990	2081	0.00	214	0	0	0	nan	0.00	0.00	4.88	85.00	90.73	0.00	38	0	41	0.00	0.00	63.05	7.32	0.00	0.00	2000
237	10.91	2150	2120	0.00	204	0	0	0	nan	0.00	0.00	4.47	85.38	89.09	0.00	39	0	41	0.00	0.00	67.60	7.76	0.00	0.00	2000
231	11.22	2089	2066	0.00	227	0	0	0	nan	0.00	0.00	4.08	83.38	88.78	0.00	39	0	41	0.00	0.00	61.66	6.98	0.00	0.00	2000
233	11.02	2086	2131	0.00	203	0	0	0	nan	0.00	0.00	2.54	87.81	88.98	0.00	39	0	41	0.00	0.00	67.21	7.54	0.00	0.00	2000
233	11.47	2067	2068	0.00	198	0	0	0	nan	0.00	0.00	5.92	81.37	88.53	0.00	37	0	41	0.00	0.00	62.66	7.15	0.00	0.00	2000
230	11.07	2058	2126	0.00	214	0	0	0	nan	0.00	0.02	5.40	84.77	88.93	0.00	37	0	41	0.00	0.00	71.96	8.35	0.00	0.00	2000
230	11.59	2116	1973	0.00	195	0	0	0	nan	0.00	0.00	4.90	78.07	88.41	0.00	37	0	41	0.00	0.00	57.17	6.59	0.00	0.00	2000
235	10.27	2141	2246	0.00	231	0	0	0	nan	0.00	0.00	7.03	88.71	89.73	0.00	37	0	41	0.00	0.00	73.12	8.38	0.00	0.00	2000
231	11.09	2087	2093	0.00	198	0	0	0	nan	0.00	0.00	5.40	83.33	88.91	0.00	37	0	41	0.00	0.00	66.12	7.56	0.00	0.00	2000
230	11.15	2052	2107	0.00	197	0	0	0	nan	0.00	0.00	5.98	83.36	88.85	0.00	37	0	41	0.00	0.00	65.62	7.36	0.00	0.00	2000
231	11.40	2022	2100	0.00	198	0	0	0	nan	0.00	0.01	6.73	81.92	88.60	0.00	38	0	42	0.00	0.00	65.36	7.19	0.00	0.00	2000
231	11.03	2121	2075	0.00	203	0	0	0	nan	0.00	0.00	5.78	82.24	88.97	0.00	38	0	41	0.00	0.00	64.97	7.24	0.00	0.00	2000
230	11.38	2054	2067	0.00	199	0	0	0	nan	0.01	0.00	6.43	80.75	88.62	0.00	38	0	42	0.00	0.00	63.36	7.17	0.00	0.00	2000
230	10.70	2092	2160	0.00	214	0	0	0	nan	0.00	0.00	6.22	85.66	89.30	0.00	38	0	42	0.00	0.00	68.66	7.69	0.00	0.00	2000
230	11.41	2014	2102	0.00	197	0	0	10	94.70	0.00	0.00	6.15	82.61	88.59	0.00	38	0	41	0.00	0.00	64.69	7.35	0.00	0.00	2000
232	11.40	2033	2098	0.77	195	0	0	12	93.16	0.00	0.00	6.10	82.60	88.60	0.00	38	0	42	0.00	0.00	66.03	7.36	0.00	0.00	2000
228	11.09	2105	2052	0.00	201	0	0	0	nan	0.00	0.00	5.98	81.03	88.91	0.00	38	0	41	0.00	0.00	64.14	7.17	0.00	0.00	2000
241	11.22	2131	2119	0.00	201	0	0	0	nan	0.00	0.00	6.02	83.66	88.78	0.00	38	0	42	0.00	0.00	67.57	7.60	0.00	0.00	2000
229	11.02	2083	2092	0.00	196	0	0	0	nan	0.00	0.02	3.97	84.70	88.98	0.00	37	0	41	0.00	0.00	65.42	7.40	0.00	0.00	2000
231	10.70	2128	2132	0.00	213	0	0	0	nan	0.00	0.01	4.50	86.26	89.30	0.00	37	0	41	0.00	0.00	67.08	7.60	0.00	0.00	2000
231	10.94	2133	2076	0.00	198	0	0	0	nan	0.00	0.00	4.47	83.59	89.06	0.00	37	0	42	0.00	0.00	64.08	7.25	0.00	0.00	2000
235	11.27	2074	2108	0.00	200	0	0	0	nan	0.00	0.00	4.58	84.56	88.73	0.00	37	0	41	0.00	0.00	67.57	7.63	0.00	0.00	2000
229	11.15	2033	2121	0.00	213	0	0	0	nan	0.00	0.51	5.17	84.15	88.85	0.00	38	0	42	0.00	0.00	64.53	7.19	0.00	0.00	2000
231	10.93	2113	2102	0.00	196	0	0	0	nan	0.01	0.00	3.39	85.67	89.07	0.00	38	0	41	0.00	0.00	66.21	7.36	0.00	0.00	2000
234	11.11	2109	2098	0.00	199	0	0	0	nan	0.00	0.00	5.34	83.47	88.89	0.00	36	0	41	0.00	0.00	65.78	7.38	0.00	0.00	2000
229	11.25	2085	2049	0.00	202	0	0	0	nan	0.00	0.03	4.90	81.74	88.75	0.00	37	0	42	0.00	0.00	62.91	7.10	0.00	0.00	2000
233	11.03	2061	2154	0.00	213	0	0	0	nan	0.00	0.03	6.84	84.45	88.97	0.00	38	0	42	0.00	0.00	69.49	7.67	0.00	0.00	2000
232	10.92	2110	2114	0.00	198	0	0	0	nan	0.00	0.00	6.37	83.33	89.08	0.00	38	0	42	0.00	0.00	68.27	7.49	0.00	0.00	2000
230	11.10	2100	2075	0.00	197	0	0	0	nan	0.00	0.02	5.23	82.70	88.90	0.00	38	0	42	0.00	0.00	64.96	7.26	0.00	0.00	2000
230	11.11	2052	2119	0.00	199	0	0	0	nan	0.00	0.00	6.70	83.08	88.89	0.00	39	0	42	0.00	0.00	65.76	7.34	0.00	0.00	2000
231	11.10	2111	2068	0.00	204	0	0	0	nan	0.01	0.01	5.55	82.04	88.90	0.00	37	0	42	0.00	0.00	65.12	7.33	0.00	0.00	2000
235	10.95	2108	2138	0.00	196	0	0	14	68.31	0.00	0.02	5.14	85.60	89.05	0.00	38	0	42	0.00	0.00	67.56	7.60	0.00	0.00	2000
230	10.99	2109	2089	0.30	199	0	0	14	82.26	0.00	0.00	4.11	84.53	89.01	0.00	38	0	42	0.00	0.00	66.06	7.40	0.00	0.00	2000
235	10.71	2180	2112	0.00	198	0	0	0	nan	0.00	0.00	4.39	85.32	89.29	0.00	38	0	42	0.00	0.00	67.14	7.74	0.00	0.00	2000
230	10.66	2166	2089	0.00	195	0	0	0	nan	0.00	0.05	4.29	84.62	89.34	0.00	38	0	42	0.00	0.00	66.47	7.46	0.00	0.00	2000
225	11.27	2073	2018	0.00	202	0	0	0	nan	0.00	0.03	4.70	80.60	88.73	0.00	37	0	41	0.00	0.00	56.55	6.55	0.00	0.00	2000
239	10.64	2133	2214	0.00	248	0	0	0	nan	0.00	0.03	6.38	87.95	89.36	0.00	38	0	42	0.00	0.00	75.98	8.56	0.00	0.00	2000
226	10.91	2074	2098	0.00	197	0	0	0	nan	0.00	0.00	6.03	83.07	89.09	0.00	39	0	41	0.00	0.00	65.34	7.50	0.00	0.00	2000
226	10.99	2052	2103	0.00	197	0	0	0	nan	0.00	0.02	7.27	81.86	89.01	0.00	40	0	42	0.00	0.00	65.08	7.53	0.00	0.00	2000
415	19.01	2337	1962	0.00	211	0	0	0	nan	0.00	0.00	5.37	70.38	80.99	0.00	38	0	42	0.00	0.00	59.17	6.75	0.00	0.00	2000
373	15.67	2200	2273	0.00	303	0	0	0	nan	0.00	0.00	11.27	80.18	84.33	0.00	37	0	41	0.00	0.00	82.79	9.05	0.00	0.00	2000
233	11.33	2054	2103	0.00	199	0	0	0	nan	0.00	0.00	6.85	82.05	88.67	0.00	38	0	41	0.00	0.00	65.72	7.34	0.00	0.00	2000
231	11.05	2086	2103	0.00	196	0	0	0	nan	0.00	0.00	4.50	84.61	88.95	0.00	38	0	41	0.00	0.00	65.18	7.36	0.00	0.00	2000
228	10.88	2097	2103	0.00	194	0	0	0	nan	0.00	0.00	4.14	85.18	89.12	0.00	38	0	42	0.00	0.00	66.08	7.47	0.00	0.00	2000
227	10.83	2109	2088	0.00	195	0	0	0	nan	0.00	0.00	3.27	85.45	89.17	0.00	38	0	42	0.00	0.00	62.52	7.14	0.00	0.00	2000
225	10.81	2100	2083	0.00	179	0	0	0	nan	0.00	0.00	4.35	84.16	89.19	0.00	38	0	41	0.00	0.00	62.47	7.13	0.00	0.00	2000
229	10.90	2095	2104	0.00	194	0	0	0	nan	0.00	0.00	3.52	85.82	89.10	0.00	38	0	42	0.00	0.00	65.20	7.39	0.00	0.00	2000
232	11.17	2058	2123	0.00	212	0	0	0	nan	0.00	0.00	4.81	85.13	88.83	0.00	38	0	42	0.00	0.00	68.54	7.70	0.00	0.00	2000
248	11.83	2129	2067	0.40	178	0	0	2	56.73	0.00	0.01	3.12	83.65	88.17	0.00	38	0	41	0.00	0.00	63.20	7.24	0.00	0.00	2000
235	11.06	2095	2128	0.30	211	0	0	0	nan	0.00	0.00	4.36	85.63	88.94	0.00	38	0	41	0.00	0.00	68.37	7.63	0.00	0.00	2000
231	11.01	2093	2104	0.00	195	0	0	0	nan	0.00	0.00	3.52	85.64	88.99	0.00	38	0	42	0.00	0.00	65.20	7.38	0.00	0.00	2000
227	11.28	2013	2098	0.00	195	0	0	0	nan	0.00	0.00	3.80	84.93	88.72	0.00	38	0	42	0.00	0.00	64.83	7.42	0.00	0.00	2000
233	10.79	2153	2109	0.00	194	0	0	0	nan	0.00	0.00	3.73	85.78	89.21	0.00	38	0	42	0.00	0.00	64.41	7.34	0.00	0.00	2000
229	10.78	2129	2095	0.00	198	0	0	0	nan	0.00	0.02	4.43	84.60	89.22	0.00	38	0	41	0.00	0.00	65.93	7.11	0.00	0.00	2000
228	10.76	2125	2098	0.00	195	0	0	0	nan	0.00	0.01	2.93	86.25	89.24	0.00	38	0	41	0.00	0.00	65.01	7.69	0.00	0.00	2000
231	10.78	2151	2089	0.00	179	0	0	0	nan	0.00	0.01	3.62	85.12	89.22	0.00	38	0	41	0.00	0.00	64.11	7.38	0.00	0.00	2000
235	10.87	2144	2121	0.00	194	0	0	0	nan	0.00	0.01	2.87	87.18	89.13	0.00	38	0	41	0.00	0.00	67.94	7.72	0.00	0.00	2000
226	10.56	2161	2075	0.00	195	0	0	0	nan	0.00	0.00	3.20	85.12	89.44	0.00	38	0	41	0.00	0.00	64.01	7.13	0.00	0.00	2000
232	10.76	2153	2103	0.00	197	0	0	0	nan	0.00	0.00	3.10	86.16	89.24	0.00	38	0	42	0.00	0.00	62.97	7.27	0.00	0.00	2000
229	10.82	2109	2104	0.00	195	0	0	0	nan	0.00	0.00	2.99	86.39	89.18	0.00	39	0	42	0.00	0.00	66.78	7.53	0.00	0.00	2000
226	11.00	2070	2085	0.00	210	0	0	0	nan	0.00	0.00	3.13	85.24	89.00	0.00	38	0	41	0.00	0.00	65.24	7.45	0.00	0.00	2000
233	10.66	2149	2135	0.00	194	0	0	0	nan	0.00	0.00	3.16	87.61	89.34	0.00	38	0	41	0.00	0.00	66.57	7.65	0.00	0.00	2000
230	10.64	2166	2094	0.00	195	0	0	0	nan	0.00	0.00	5.87	83.18	89.36	0.00	38	0	42	0.00	0.00	65.21	7.33	0.00	0.00	2000
78	6.66	1169	2106	0.00	197	0	0	0	nan	0.00	0.00	4.73	88.76	93.34	0.00	37	0	42	0.00	0.00	59.39	7.27	0.00	0.00	2000
114	7.76	1495	2062	0.00	199	0	0	0	nan	0.00	0.01	3.61	87.07	92.24	0.00	37	0	41	0.00	0.00	61.04	7.39	0.00	0.00	2000
234	10.88	2107	2141	0.48	196	0	0	3	86.26	0.00	0.00	3.30	87.54	89.12	0.00	38	0	41	0.00	0.00	66.22	7.57	0.00	0.00	2000
230	11.01	2092	2096	0.67	203	0	0	1	92.99	0.00	0.00	4.11	84.81	88.99	0.00	38	0	42	0.00	0.00	65.52	7.40	0.00	0.00	2000
204	10.02	2039	2096	0.00	198	0	0	0	nan	0.00	0.01	3.57	86.18	89.98	0.00	37	0	42	0.00	0.00	65.69	7.44	0.00	0.00	2000
77	6.67	1157	2099	0.00	195	0	0	0	nan	0.00	0.00	2.37	90.97	93.33	0.00	37	0	42	0.00	0.00	58.79	7.11	0.00	0.00	2000
112	7.78	1470	2065	0.00	200	0	0	0	nan	0.00	0.00	4.03	86.52	92.22	0.00	37	0	41	0.00	0.00	58.45	7.10	0.00	0.00	2000
285	14.18	2121	1991	0.00	214	0	0	0	nan	0.00	0.00	5.84	75.65	85.82	0.00	37	0	42	0.00	0.00	57.54	6.59	0.00	0.00	2000
334	14.23	2186	2253	0.00	308	0	0	0	nan	0.01	0.10	11.64	80.46	85.77	0.00	38	0	42	0.00	0.00	81.66	9.15	0.00	0.00	2000
82	7.02	1152	2133	0.00	193	0	0	0	nan	0.00	0.02	2.92	91.45	92.98	0.00	37	0	41	0.00	0.00	61.33	7.46	0.00	0.00	2000
75	6.10	1227	2102	0.00	193	0	0	0	nan	0.00	0.00	3.08	90.86	93.90	0.00	37	0	42	0.00	0.00	61.23	7.41	0.00	0.00	2000
119	7.83	1516	2107	0.00	65	0	0	0	nan	0.00	0.02	12.00	80.41	92.17	0.00	36	0	42	0.00	0.00	59.65	6.94	0.00	0.00	2000
