Avg_MHz	Busy%	Bzy_MHz	TSC_MHz	IPC	IRQ	NMI	SMI	LLCMRPS	LLC%hit	POLL%	C1%	C1E%	C6%	CPU%c1	CPU%c6	CoreTmp	CoreThr	PkgTmp	Pkg%pc2	Pkg%pc6	PkgWatt	RAMWatt	PKG_%	RAM_%	UncMHz
336	16.31	2022	2141	0.00	261	0	0	0	nan	0.00	1.41	40.18	43.96	83.69	0.00	38	0	43	0.00	0.00	68.33	7.86	0.00	0.00	2000
305	15.46	1985	2084	0.00	213	0	0	0	nan	0.01	3.50	21.38	59.29	84.54	0.00	38	0	43	0.00	0.00	65.06	7.32	0.00	0.00	2000
77	7.03	1088	2117	0.00	194	0	0	0	nan	0.00	0.00	5.31	88.54	92.97	0.00	38	0	43	0.00	0.00	58.39	7.37	0.00	0.00	2000
72	6.78	1056	2108	0.00	194	0	0	0	nan	0.00	0.00	2.82	90.94	93.22	0.00	38	0	43	0.00	0.00	58.85	7.45	0.00	0.00	2000
73	6.77	1083	2098	0.00	210	0	0	0	nan	0.00	0.02	3.03	90.16	93.23	0.00	37	0	43	0.00	0.00	57.51	7.20	0.00	0.00	2000
74	6.89	1067	2106	0.00	177	0	0	0	nan	0.00	0.00	3.37	90.17	93.11	0.00	37	0	43	0.00	0.00	59.28	7.51	0.00	0.00	2000
75	6.68	1112	2107	0.00	195	0	0	0	nan	0.00	0.00	2.99	90.74	93.32	0.00	38	0	43	0.00	0.00	60.01	7.64	0.00	0.00	2000
72	6.80	1060	2100	0.00	193	0	0	0	nan	0.00	0.03	3.38	89.92	93.20	0.00	38	0	43	0.00	0.00	58.48	7.46	0.00	0.00	2000
74	6.74	1099	2085	0.00	196	0	0	0	nan	0.00	0.02	4.16	88.57	93.26	0.00	37	0	43	0.00	0.00	56.55	6.96	0.00	0.00	2000
73	6.73	1078	2112	0.00	195	0	0	0	nan	0.00	0.02	3.14	90.77	93.27	0.00	38	0	43	0.00	0.00	60.97	7.63	0.00	0.00	2000
72	7.23	1003	2096	0.00	194	0	0	0	nan	0.00	0.04	2.61	90.22	92.77	0.00	37	0	43	0.00	0.00	57.81	7.15	0.00	0.00	2000
71	6.87	1043	2073	0.00	193	0	0	0	nan	0.00	0.00	2.52	89.50	93.13	0.00	38	0	43	0.00	0.00	56.13	7.04	0.00	0.00	2000
74	6.82	1076	2124	0.00	197	0	0	0	nan	0.00	0.01	3.34	90.90	93.18	0.00	37	0	43	0.00	0.00	59.01	7.35	0.00	0.00	2000
72	6.95	1038	2089	0.00	195	0	0	0	nan	0.00	0.00	3.66	88.96	93.05	0.00	38	0	43	0.00	0.00	57.93	7.19	0.00	0.00	2000
72	6.60	1082	2112	0.00	193	0	0	0	nan	0.00	0.02	3.00	91.05	93.40	0.00	38	0	43	0.00	0.00	58.86	7.40	0.00	0.00	2000
71	6.86	1052	2075	0.00	194	0	0	0	nan	0.00	0.02	2.82	89.27	93.14	0.00	38	0	43	0.00	0.00	57.76	7.15	0.00	0.00	2000
73	6.92	1039	2131	0.30	210	0	0	1	76.00	0.00	0.00	2.90	91.73	93.08	0.00	38	0	43	0.00	0.00	58.24	7.38	0.00	0.00	2000
71	6.50	1091	2100	0.17	193	0	0	0	nan	0.00	0.00	3.45	90.10	93.50	0.00	38	0	43	0.00	0.00	60.39	7.65	0.00	0.00	2000
184	10.00	1848	2090	0.00	203	0	0	0	nan	0.00	0.82	4.74	84.19	90.00	0.00	37	0	43	0.00	0.00	61.06	7.09	0.00	0.00	2000
232	10.80	2134	2116	0.00	198	0	0	0	nan	0.00	0.00	6.29	83.75	89.20	0.00	38	0	43	0.00	0.00	67.87	7.66	0.00	0.00	2000
233	11.04	2116	2093	0.00	198	0	0	0	nan	0.00	0.03	5.53	83.23	88.96	0.00	39	0	43	0.00	0.00	63.00	7.17	0.00	0.00	2000
230	10.93	2104	2097	0.00	196	0	0	0	nan	0.00	0.00	4.85	84.28	89.07	0.00	39	0	43	0.00	0.00	67.10	7.67	0.00	0.00	2000
230	11.50	2051	2051	0.00	179	0	0	0	nan	0.00	0.00	5.05	81.53	88.50	0.00	38	0	43	0.00	0.00	64.73	7.43	0.00	0.00	2000
234	11.38	2006	2156	0.00	215	0	0	0	nan	0.00	0.01	5.40	85.77	88.62	0.00	38	0	43	0.00	0.00	67.22	8.00	0.00	0.00	2000
230	11.36	2103	2021	0.00	196	0	0	0	nan	0.00	0.00	5.26	80.11	88.64	0.00	38	0	43	0.00	0.00	64.40	7.49	0.00	0.00	2000
234	10.85	2079	2177	0.00	218	0	0	0	nan	0.00	0.00	6.11	86.51	89.15	0.00	38	0	43	0.00	0.00	67.66	7.79	0.00	0.00	2000
231	11.08	2081	2105	0.00	199	0	0	0	nan	0.00	0.00	6.21	83.07	88.92	0.00	38	0	43	0.00	0.00	65.82	7.67	0.00	0.00	2000
230	11.03	2087	2098	0.00	197	0	0	0	nan	0.00	0.00	5.49	83.54	88.97	0.00	39	0	43	0.00	0.00	65.84	7.50	0.00	0.00	2000
231	10.91	2112	2106	0.00	198	0	0	0	nan	0.00	0.00	5.37	84.07	89.09	0.00	39	0	43	0.00	0.00	66.25	7.49	0.00	0.00	2000
231	10.78	2147	2096	0.00	198	0	0	0	nan	0.00	0.58	3.83	84.68	89.22	0.00	39	0	43	0.00	0.00	65.52	7.48	0.00	0.00	2000
233	11.08	2111	2094	0.00	202	0	0	0	nan	0.00	0.03	5.55	83.17	88.92	0.00	39	0	43	0.00	0.00	64.93	7.25	0.00	0.00	2000
226	11.10	2057	2078	0.00	198	0	0	0	nan	0.00	0.00	7.20	80.86	88.90	0.00	40	0	43	0.00	0.00	64.35	7.23	0.00	0.00	2000
231	11.29	2017	2128	0.00	196	0	0	0	nan	0.00	0.00	6.08	83.88	88.71	0.00	40	0	43	0.00	0.00	68.92	7.67	0.00	0.00	2000
231	11.23	2059	2095	0.68	195	0	0	19	91.68	0.00	0.00	4.22	84.39	88.77	0.00	39	0	43	0.00	0.00	66.97	7.67	0.00	0.00	2000
233	11.02	2104	2107	0.17	199	0	0	0	nan	0.00	0.01	5.24	84.08	88.98	0.00	40	0	43	0.00	0.00	63.40	7.33	0.00	0.00	2000
231	11.30	2058	2091	0.00	200	0	0	0	nan	0.00	0.00	7.97	80.45	88.70	0.00	40	0	43	0.00	0.00	65.13	7.44	0.00	0.00	2000
227	11.48	2038	2036	0.00	198	0	0	0	nan	0.00	0.00	5.93	80.02	88.52	0.00	39	0	43	0.00	0.00	62.57	7.33	0.00	0.00	2000
235	10.98	2064	2178	0.00	213	0	0	0	nan	0.00	0.00	5.70	86.75	89.02	0.00	39	0	43	0.00	0.00	69.95	8.00	0.00	0.00	2000
238	11.32	2113	2088	0.00	203	0	0	0	nan	0.00	0.00	6.52	81.80	88.68	0.00	39	0	43	0.00	0.00	68.73	7.89	0.00	0.00	2000
266	11.94	2221	2103	0.00	214	0	0	0	nan	0.00	0.00	8.40	79.89	88.06	0.00	38	0	43	0.00	0.00	66.26	7.58	0.00	0.00	2000
109	7.55	1426	2116	0.00	244	0	0	0	nan	0.00	0.22	7.97	84.90	92.45	0.00	38	0	43	0.00	0.00	61.15	7.60	0.00	0.00	2000
76	6.22	1234	2090	0.00	177	0	0	0	nan	0.00	0.03	2.85	90.41	93.78	0.00	38	0	43	0.00	0.00	58.27	7.13	0.00	0.00	2000
71	6.71	1072	2084	0.00	209	0	0	0	nan	0.00	0.00	2.72	89.87	93.29	0.00	38	0	43	0.00	0.00	59.20	7.46	0.00	0.00	2000
75	7.15	1033	2128	0.00	194	0	0	0	nan	0.00	0.00	3.14	91.09	92.85	0.00	38	0	43	0.00	0.00	59.55	7.44	0.00	0.00	2000
