Avg_MHz	Busy%	Bzy_MHz	TSC_MHz	IPC	IRQ	NMI	SMI	LLCMRPS	LLC%hit	POLL%	C1%	C1E%	C6%	CPU%c1	CPU%c6	CoreTmp	CoreThr	PkgTmp	Pkg%pc2	Pkg%pc6	PkgWatt	RAMWatt	PKG_%	RAM_%	UncMHz
319	16.41	1911	2136	0.00	240	0	0	0	nan	0.00	0.39	38.51	46.29	83.59	0.00	38	0	43	0.00	0.00	64.59	7.75	0.00	0.00	2000
308	15.60	1985	2088	0.00	207	0	0	0	nan	0.07	1.00	16.25	66.93	84.40	0.00	37	0	43	0.00	0.00	68.10	7.91	0.00	0.00	2000
77	7.05	1081	2119	0.00	193	0	0	0	nan	0.00	0.03	3.49	90.49	92.95	0.00	37	0	43	0.00	0.00	58.50	7.44	0.00	0.00	2000
82	7.18	1140	2102	0.00	193	0	0	0	nan	0.00	0.02	3.70	89.21	92.82	0.00	37	0	43	0.00	0.00	60.28	7.59	0.00	0.00	2000
73	6.75	1078	2111	0.00	210	0	0	0	nan	0.00	0.02	4.03	89.79	93.25	0.00	37	0	43	0.00	0.00	58.54	7.57	0.00	0.00	2000
72	6.58	1096	2102	0.00	194	0	0	0	nan	0.00	0.01	3.07	90.55	93.42	0.00	38	0	43	0.00	0.00	58.71	7.59	0.00	0.00	2000
73	6.73	1089	2097	0.00	194	0	0	0	nan	0.00	0.02	3.46	89.73	93.27	0.00	37	0	43	0.00	0.00	58.55	7.79	0.00	0.00	2000
72	6.60	1096	2098	0.00	195	0	0	0	nan	0.00	0.02	3.59	89.61	93.40	0.00	38	0	43	0.00	0.00	59.14	7.36	0.00	0.00	2000
73	6.78	1078	2106	0.00	193	0	0	0	nan	0.00	0.00	3.48	90.11	93.22	0.00	37	0	43	0.00	0.00	59.87	7.77	0.00	0.00	2000
74	6.78	1089	2093	0.00	197	0	0	0	nan	0.00	0.02	4.31	88.67	93.22	0.00	37	0	43	0.00	0.00	58.87	7.41	0.00	0.00	2000
73	6.88	1066	2091	0.00	179	0	0	0	nan	0.00	0.01	3.18	89.71	93.12	0.00	37	0	43	0.00	0.00	59.01	7.66	0.00	0.00	2000
72	6.84	1051	2103	0.00	196	0	0	0	nan	0.00	0.02	3.97	89.50	93.16	0.00	37	0	43	0.00	0.00	59.01	7.57	0.00	0.00	2000
73	6.78	1071	2105	0.00	210	0	0	0	nan	0.00	0.02	3.04	90.44	93.22	0.00	37	0	43	0.00	0.00	58.45	7.49	0.00	0.00	2000
71	6.61	1080	2081	0.00	177	0	0	0	nan	0.00	0.02	3.40	89.25	93.39	0.00	37	0	43	0.00	0.00	58.70	7.50	0.00	0.00	2000
72	7.26	984	2125	0.00	209	0	0	0	nan	0.00	0.00	4.02	90.03	92.74	0.00	37	0	43	0.00	0.00	57.55	7.36	0.00	0.00	2000
71	7.16	996	2101	0.00	194	0	0	0	90.72	0.00	0.02	3.88	89.18	92.84	0.00	37	0	43	0.00	0.00	58.07	7.34	0.00	0.00	2000
74	7.04	1052	2099	0.31	196	0	0	1	83.66	0.00	0.01	3.89	89.18	92.96	0.00	37	0	43	0.00	0.00	58.61	7.50	0.00	0.00	2000
71	7.27	983	2094	0.10	194	0	0	0	nan	0.00	0.00	3.38	89.33	92.73	0.00	37	0	43	0.00	0.00	58.00	7.36	0.00	0.00	2000
179	9.99	1815	2074	0.00	217	0	0	0	nan	0.00	0.01	3.80	85.24	90.01	0.00	39	0	43	0.00	0.00	65.77	7.89	0.00	0.00	2000
232	11.06	2074	2127	0.00	204	0	0	0	nan	0.00	0.02	5.02	85.14	88.94	0.00	40	0	43	0.00	0.00	67.23	7.65	0.00	0.00	2000
233	11.26	2068	2105	0.00	212	0	0	0	nan	0.00	0.01	3.21	85.85	88.74	0.00	40	0	43	0.00	0.00	65.69	7.67	0.00	0.00	2000
228	10.93	2090	2099	0.00	202	0	0	0	nan	0.00	0.02	3.34	85.77	89.07	0.00	40	0	42	0.00	0.00	65.64	7.32	0.00	0.00	2000
229	11.21	2074	2072	0.00	196	0	0	0	nan	0.00	0.00	4.72	82.90	88.79	0.00	39	0	43	0.00	0.00	62.57	7.37	0.00	0.00	2000
236	11.08	2095	2140	0.00	215	0	0	0	nan	0.00	0.01	5.07	85.55	88.92	0.00	39	0	42	0.00	0.00	65.13	7.79	0.00	0.00	2000
229	11.15	2094	2062	0.00	198	0	0	0	nan	0.00	0.00	5.38	81.86	88.85	0.00	38	0	43	0.00	0.00	63.37	7.46	0.00	0.00	2000
233	11.01	2084	2130	0.00	217	0	0	0	nan	0.00	0.09	5.67	84.59	88.99	0.00	38	0	43	0.00	0.00	70.49	8.28	0.00	0.00	2000
233	11.39	2033	2112	0.00	197	0	0	0	nan	0.00	0.93	2.40	85.94	88.61	0.00	38	0	43	0.00	0.00	66.45	7.80	0.00	0.00	2000
228	10.85	2120	2082	0.00	199	0	0	0	nan	0.00	0.03	4.97	83.50	89.15	0.00	38	0	43	0.00	0.00	66.82	7.59	0.00	0.00	2000
229	10.88	2108	2101	0.00	197	0	0	0	nan	0.01	0.00	4.79	84.45	89.12	0.00	39	0	42	0.00	0.00	65.64	7.58	0.00	0.00	2000
233	11.41	2034	2108	0.00	198	0	0	0	nan	0.00	0.99	5.84	82.15	88.59	0.00	39	0	43	0.00	0.00	64.63	7.22	0.00	0.00	2000
227	10.74	2137	2082	0.00	197	0	0	0	nan	0.00	0.00	6.66	81.97	89.26	0.00	39	0	43	0.00	0.00	64.43	7.30	0.00	0.00	2000
231	10.93	2106	2108	0.00	197	0	0	0	nan	0.00	0.00	7.08	82.42	89.07	0.00	39	0	43	0.00	0.00	65.83	7.69	0.00	0.00	2000
230	10.75	2144	2100	0.00	197	0	0	1	91.61	0.00	0.00	5.48	83.82	89.25	0.00	39	0	42	0.00	0.00	65.93	7.70	0.00	0.00	2000
231	11.40	2072	2056	0.48	197	0	0	19	67.30	0.00	0.02	4.57	82.29	88.60	0.00	38	0	42	0.00	0.00	61.04	7.27	0.00	0.00	2000
232	10.61	2143	2140	0.00	234	0	0	0	nan	0.01	0.00	5.52	85.74	89.39	0.00	38	0	42	0.00	0.00	71.96	8.14	0.00	0.00	2000
228	12.23	2173	1802	0.00	202	0	0	0	nan	0.00	0.00	4.47	70.94	87.77	0.00	38	0	43	0.00	0.00	56.89	6.61	0.00	0.00	2000
232	10.64	1973	2316	0.00	245	0	0	0	nan	0.00	0.04	7.58	91.24	89.36	0.00	39	0	43	0.00	0.00	70.27	8.44	0.00	0.00	2000
215	10.48	1939	2224	0.00	227	0	0	0	nan	0.00	0.02	7.47	87.44	89.52	0.00	39	0	43	0.00	0.00	69.44	8.03	0.00	0.00	2000
106	8.48	1240	2125	0.00	241	0	0	0	nan	0.00	1.02	9.05	82.72	91.52	0.00	38	0	43	0.00	0.00	65.64	8.16	0.00	0.00	2000
86	7.97	1068	2111	0.00	145	0	0	0	nan	0.00	0.05	7.96	84.69	92.03	0.00	37	0	43	0.00	0.00	56.71	7.19	0.00	0.00	2000
