Avg_MHz	Busy%	Bzy_MHz	TSC_MHz	IPC	IRQ	NMI	SMI	LLCMRPS	LLC%hit	POLL%	C1%	C1E%	C6%	CPU%c1	CPU%c6	CoreTmp	CoreThr	PkgTmp	Pkg%pc2	Pkg%pc6	PkgWatt	RAMWatt	PKG_%	RAM_%	UncMHz
222	13.75	1715	1978	0.00	245	0	0	0	nan	0.00	0.10	23.94	57.15	86.25	0.00	38	0	43	0.00	0.00	55.66	6.75	0.00	0.00	2000
393	16.59	2188	2272	0.00	253	0	0	0	nan	0.00	2.20	15.12	73.25	83.41	0.00	38	0	43	0.00	0.00	77.67	8.37	0.00	0.00	2000
80	6.73	1188	2109	0.00	194	0	0	0	nan	0.00	0.00	12.86	80.78	93.27	0.00	38	0	42	0.00	0.00	60.23	7.49	0.00	0.00	2000
72	6.06	1190	2109	0.00	193	0	0	0	nan	0.01	0.00	3.79	90.55	93.94	0.00	37	0	43	0.00	0.00	59.82	7.47	0.00	0.00	2000
73	6.41	1142	2087	0.00	193	0	0	0	nan	0.00	0.00	2.79	90.12	93.59	0.00	37	0	42	0.00	0.00	58.72	7.29	0.00	0.00	2000
73	6.75	1070	2132	0.00	193	0	0	0	nan	0.00	0.00	2.91	91.73	93.25	0.00	37	0	42	0.00	0.00	61.13	7.68	0.00	0.00	2000
73	6.37	1158	2072	0.00	194	0	0	0	nan	0.00	0.00	2.93	89.38	93.63	0.00	37	0	43	0.00	0.00	57.58	7.15	0.00	0.00	2000
73	6.55	1112	2100	0.00	193	0	0	0	nan	0.03	0.00	3.65	89.68	93.45	0.00	37	0	42	0.00	0.00	60.21	7.51	0.00	0.00	2000
74	6.81	1076	2125	0.00	196	0	0	0	nan	0.00	0.00	3.80	90.56	93.19	0.00	37	0	43	0.00	0.00	60.85	7.45	0.00	0.00	2000
73	6.61	1099	2098	0.00	195	0	0	0	nan	0.00	0.02	2.96	90.31	93.39	0.00	37	0	42	0.00	0.00	60.12	7.18	0.00	0.00	2000
73	6.72	1089	2103	0.00	194	0	0	0	nan	0.00	0.00	3.27	90.15	93.28	0.00	37	0	43	0.00	0.00	60.30	7.44	0.00	0.00	2000
72	6.54	1099	2097	0.00	195	0	0	0	nan	0.00	0.03	2.87	90.45	93.46	0.00	38	0	42	0.00	0.00	59.29	7.55	0.00	0.00	2000
75	6.57	1137	2110	0.00	194	0	0	0	nan	0.00	0.00	2.90	90.92	93.43	0.00	37	0	42	0.00	0.00	60.68	7.50	0.00	0.00	2000
72	6.19	1170	2089	0.00	193	0	0	0	nan	0.00	0.00	3.32	89.89	93.81	0.00	37	0	43	0.00	0.00	58.19	7.05	0.00	0.00	2000
73	6.34	1164	2066	0.00	194	0	0	0	nan	0.00	0.00	2.60	89.48	93.66	0.00	38	0	43	0.00	0.00	58.01	7.17	0.00	0.00	2000
73	6.47	1108	2138	0.00	194	0	0	1	87.84	0.00	0.03	1.96	93.17	93.53	0.00	38	0	42	0.00	0.00	62.62	7.70	0.00	0.00	2000
72	6.53	1105	2097	0.29	193	0	0	1	88.60	0.00	0.00	2.81	90.51	93.47	0.00	38	0	43	0.00	0.00	59.00	7.18	0.00	0.00	2000
72	6.34	1136	2098	0.00	194	0	0	0	nan	0.00	0.00	2.85	90.65	93.66	0.00	37	0	43	0.00	0.00	58.03	7.12	0.00	0.00	2000
126	8.37	1520	2075	0.00	212	0	0	0	nan	0.00	0.02	5.14	85.38	91.63	0.00	38	0	42	0.00	0.00	61.90	7.31	0.00	0.00	2000
235	11.13	2085	2129	0.00	241	0	0	0	nan	0.00	0.01	6.92	83.21	88.87	0.00	40	0	43	0.00	0.00	65.61	7.28	0.00	0.00	2000
230	10.85	2124	2099	0.00	203	0	0	0	nan	0.00	0.00	3.62	85.46	89.15	0.00	40	0	43	0.00	0.00	65.30	7.35	0.00	0.00	2000
228	11.09	2065	2095	0.00	203	0	0	0	nan	0.00	0.00	3.63	85.14	88.91	0.00	40	0	43	0.00	0.00	65.90	7.52	0.00	0.00	2000
232	11.23	2102	2063	0.00	204	0	0	0	nan	0.00	0.00	4.17	82.96	88.77	0.00	39	0	43	0.00	0.00	62.56	7.29	0.00	0.00	2000
234	10.64	2166	2131	0.00	216	0	0	0	nan	0.00	0.00	6.68	84.05	89.36	0.00	38	0	43	0.00	0.00	68.08	7.84	0.00	0.00	2000
235	11.30	2061	2119	0.00	198	0	0	0	nan	0.00	0.02	3.46	86.10	88.70	0.00	38	0	42	0.00	0.00	71.58	8.32	0.00	0.00	2000
230	11.25	2080	2060	0.00	197	0	0	0	nan	0.00	0.49	5.05	81.56	88.75	0.00	38	0	42	0.00	0.00	59.06	6.88	0.00	0.00	2000
235	10.95	2110	2133	0.00	216	0	0	0	nan	0.00	0.00	4.74	85.68	89.06	0.00	38	0	43	0.00	0.00	69.99	8.02	0.00	0.00	2000
231	10.85	2124	2108	0.00	198	0	0	0	nan	0.00	0.52	6.28	82.71	89.15	0.00	38	0	43	0.00	0.00	66.50	7.73	0.00	0.00	2000
225	10.79	2115	2068	0.00	198	0	0	0	nan	0.00	0.00	6.85	81.04	89.21	0.00	38	0	43	0.00	0.00	64.35	7.44	0.00	0.00	2000
243	11.32	2112	2136	0.00	198	0	0	0	nan	0.01	0.00	5.19	84.99	88.68	0.00	39	0	43	0.00	0.00	67.27	7.24	0.00	0.00	2000
231	10.76	2153	2092	0.00	196	0	0	0	nan	0.00	0.00	5.50	83.44	89.24	0.00	39	0	43	0.00	0.00	65.59	7.42	0.00	0.00	2000
231	11.00	2097	2104	0.00	201	0	0	0	nan	0.00	0.00	7.00	82.11	89.00	0.00	39	0	43	0.00	0.00	65.59	7.49	0.00	0.00	2000
230	10.79	2130	2102	0.00	196	0	0	2	85.18	0.00	0.00	6.20	83.07	89.21	0.00	39	0	43	0.00	0.00	66.01	7.35	0.00	0.00	2000
231	10.82	2148	2091	0.63	197	0	0	18	82.85	0.00	0.02	4.43	84.46	89.19	0.00	39	0	42	0.00	0.00	66.12	7.23	0.00	0.00	2000
227	10.82	2106	2095	0.00	199	0	0	0	nan	0.00	0.00	5.33	83.79	89.18	0.00	39	0	43	0.00	0.00	65.65	7.27	0.00	0.00	2000
227	11.04	2080	2077	0.00	200	0	0	0	nan	0.00	0.00	4.67	83.47	88.96	0.00	39	0	43	0.00	0.00	63.92	7.12	0.00	0.00	2000
237	11.24	2096	2114	0.00	202	0	0	0	nan	0.00	0.02	5.41	83.98	88.76	0.00	38	0	43	0.00	0.00	67.46	7.62	0.00	0.00	2000
226	11.08	2064	2078	0.00	214	0	0	0	nan	0.00	0.00	6.48	81.50	88.92	0.00	38	0	43	0.00	0.00	62.13	6.99	0.00	0.00	2000
264	12.62	2125	2068	0.00	218	0	0	0	nan	0.00	0.00	5.56	80.53	87.38	0.00	38	0	42	0.00	0.00	67.12	7.47	0.00	0.00	2000
205	10.23	1935	2173	0.00	262	0	0	0	nan	0.02	0.02	5.86	87.19	89.77	0.00	39	0	43	0.00	0.00	71.14	7.98	0.00	0.00	2000
107	7.93	1347	2105	0.00	214	0	0	0	nan	0.00	0.02	7.31	85.11	92.07	0.00	38	0	43	0.00	0.00	59.11	7.30	0.00	0.00	2000
76	6.78	1124	2101	0.00	194	0	0	0	nan	0.00	0.00	3.27	89.99	93.22	0.00	38	0	43	0.00	0.00	59.36	7.57	0.00	0.00	2000
74	6.61	1112	2103	0.00	193	0	0	0	nan	0.00	0.00	3.80	89.82	93.39	0.00	38	0	43	0.00	0.00	59.06	7.20	0.00	0.00	2000
74	6.58	1139	2085	0.00	195	0	0	0	nan	0.00	0.00	3.69	89.01	93.42	0.00	37	0	43	0.00	0.00	59.50	7.44	0.00	0.00	2000
