Avg_MHz	Busy%	Bzy_MHz	TSC_MHz	IPC	IRQ	NMI	SMI	LLCMRPS	LLC%hit	POLL%	C1%	C1E%	C6%	CPU%c1	CPU%c6	CoreTmp	CoreThr	PkgTmp	Pkg%pc2	Pkg%pc6	PkgWatt	RAMWatt	PKG_%	RAM_%	UncMHz
270	14.21	1886	2118	0.00	269	0	0	0	nan	0.00	0.45	27.26	58.88	85.79	0.00	38	0	43	0.00	0.00	61.65	7.63	0.00	0.00	2000
158	9.24	1719	2092	0.00	229	0	0	0	nan	0.00	0.02	4.61	85.87	90.76	0.00	37	0	42	0.00	0.00	65.38	8.17	0.00	0.00	2000
448	19.39	2265	2142	0.00	222	0	0	0	nan	0.05	2.92	17.30	62.24	80.61	0.00	38	0	42	0.00	0.00	67.96	7.63	0.00	0.00	2000
89	7.37	1192	2123	0.00	230	0	0	0	nan	0.00	0.02	9.65	83.92	92.63	0.00	37	0	42	0.00	0.00	64.76	8.02	0.00	0.00	2000
73	6.89	1081	2071	0.00	193	0	0	0	nan	0.00	0.00	2.76	89.05	93.11	0.00	37	0	42	0.00	0.00	56.25	7.18	0.00	0.00	2000
75	6.76	1106	2107	0.00	196	0	0	0	nan	0.01	0.00	4.46	89.11	93.24	0.00	37	0	43	0.00	0.00	59.35	7.54	0.00	0.00	2000
75	6.61	1134	2109	0.00	196	0	0	0	nan	0.00	0.00	3.22	90.57	93.39	0.00	37	0	42	0.00	0.00	59.08	7.58	0.00	0.00	2000
73	6.45	1126	2111	0.00	193	0	0	0	nan	0.00	0.01	2.04	91.97	93.55	0.00	37	0	42	0.00	0.00	57.88	7.45	0.00	0.00	2000
72	6.54	1113	2077	0.00	197	0	0	0	nan	0.00	0.00	2.43	89.96	93.46	0.00	37	0	42	0.00	0.00	58.15	7.43	0.00	0.00	2000
72	6.66	1066	2130	0.00	211	0	0	0	nan	0.00	0.00	4.26	90.37	93.34	0.00	37	0	42	0.00	0.00	60.74	7.90	0.00	0.00	2000
74	6.48	1141	2104	0.00	194	0	0	0	nan	0.00	0.03	3.66	89.98	93.52	0.00	37	0	42	0.00	0.00	60.46	7.80	0.00	0.00	2000
73	6.10	1206	2079	0.00	177	0	0	0	nan	0.00	0.03	2.75	90.18	93.90	0.00	37	0	43	0.00	0.00	57.13	7.36	0.00	0.00	2000
78	6.89	1140	2092	0.00	195	0	0	0	nan	0.00	0.00	2.99	89.80	93.11	0.00	37	0	42	0.00	0.00	57.12	7.28	0.00	0.00	2000
72	6.73	1054	2126	0.00	209	0	0	0	nan	0.00	0.00	3.95	90.37	93.27	0.00	37	0	42	0.00	0.00	60.41	7.75	0.00	0.00	2000
73	6.67	1097	2098	0.00	193	0	0	0	nan	0.00	0.00	3.59	89.55	93.33	0.00	37	0	42	0.00	0.00	58.89	7.67	0.00	0.00	2000
73	6.35	1153	2086	0.01	194	0	0	1	87.22	0.00	0.02	3.49	89.56	93.65	0.00	37	0	42	0.00	0.00	56.61	7.22	0.00	0.00	2000
72	6.76	1061	2112	0.11	193	0	0	1	87.93	0.00	0.00	3.87	89.97	93.24	0.00	37	0	42	0.00	0.00	59.21	7.81	0.00	0.00	2000
73	6.46	1120	2105	0.00	193	0	0	0	nan	0.00	0.02	2.99	90.71	93.54	0.00	37	0	42	0.00	0.00	59.39	7.77	0.00	0.00	2000
74	6.31	1175	2099	0.00	194	0	0	0	nan	0.00	0.02	3.64	90.01	93.69	0.00	37	0	43	0.00	0.00	58.54	7.48	0.00	0.00	2000
138	8.47	1630	2094	0.00	212	0	0	0	nan	0.00	0.00	6.36	84.97	91.53	0.00	38	0	43	0.00	0.00	61.64	7.67	0.00	0.00	2000
232	11.34	2038	2109	0.00	203	0	0	0	nan	0.00	0.00	3.27	85.92	88.66	0.00	40	0	42	0.00	0.00	65.54	7.60	0.00	0.00	2000
224	11.05	2059	2067	0.00	203	0	0	0	nan	0.00	0.00	3.34	84.26	88.95	0.00	40	0	42	0.00	0.00	63.34	7.39	0.00	0.00	2000
235	11.45	2032	2124	0.00	224	0	0	0	nan	0.00	0.00	5.71	83.99	88.55	0.00	41	0	42	0.00	0.00	64.53	7.48	0.00	0.00	2000
233	11.01	2108	2106	0.00	204	0	0	0	nan	0.00	0.00	5.91	83.47	88.99	0.00	39	0	42	0.00	0.00	66.26	7.53	0.00	0.00	2000
230	10.84	2131	2088	0.00	197	0	0	0	nan	0.00	0.02	6.90	81.79	89.16	0.00	38	0	43	0.00	0.00	66.67	7.87	0.00	0.00	2000
230	10.98	2092	2105	0.00	199	0	0	0	nan	0.00	0.00	5.48	83.80	89.02	0.00	39	0	42	0.00	0.00	66.01	7.57	0.00	0.00	2000
231	11.34	2041	2092	0.00	199	0	0	0	nan	0.00	0.00	6.22	82.24	88.66	0.00	38	0	42	0.00	0.00	67.62	7.83	0.00	0.00	2000
236	11.53	2033	2115	0.00	200	0	0	0	nan	0.00	0.03	4.30	84.86	88.47	0.00	38	0	42	0.00	0.00	64.28	7.57	0.00	0.00	2000
232	10.92	2137	2090	0.00	203	0	0	0	nan	0.00	0.02	6.20	82.51	89.08	0.00	38	0	42	0.00	0.00	66.26	7.71	0.00	0.00	2000
229	10.92	2092	2106	0.00	195	0	0	0	nan	0.00	0.48	6.01	82.92	89.08	0.00	38	0	42	0.00	0.00	65.76	7.52	0.00	0.00	2000
226	10.86	2121	2064	0.00	196	0	0	0	nan	0.00	0.03	4.82	82.83	89.14	0.00	39	0	42	0.00	0.00	63.78	7.52	0.00	0.00	2000
229	10.99	2069	2112	0.00	200	0	0	0	nan	0.00	0.00	5.25	84.35	89.01	0.00	39	0	42	0.00	0.00	68.67	7.76	0.00	0.00	2000
238	10.85	2152	2136	0.00	198	0	0	7	85.49	0.00	0.02	5.23	85.48	89.15	0.00	39	0	42	0.00	0.00	64.65	7.33	0.00	0.00	2000
231	11.45	2029	2091	0.60	202	0	0	13	84.66	0.00	1.48	6.55	80.31	88.55	0.00	39	0	42	0.00	0.00	65.64	7.63	0.00	0.00	2000
224	11.03	2066	2061	0.00	197	0	0	0	nan	0.00	0.02	5.61	81.83	88.97	0.00	39	0	42	0.00	0.00	62.53	7.39	0.00	0.00	2000
232	11.28	2044	2111	0.00	215	0	0	0	nan	0.00	0.03	5.01	84.28	88.72	0.00	38	0	42	0.00	0.00	69.81	8.23	0.00	0.00	2000
237	11.48	2024	2138	0.00	198	0	0	0	nan	0.00	0.02	5.32	84.88	88.52	0.00	39	0	42	0.00	0.00	63.90	7.38	0.00	0.00	2000
231	11.26	2060	2094	0.00	198	0	0	0	nan	0.00	0.02	4.69	83.94	88.76	0.00	39	0	43	0.00	0.00	65.90	7.66	0.00	0.00	2000
231	11.30	2039	2102	0.00	195	0	0	0	nan	0.00	0.00	5.51	83.48	88.70	0.00	39	0	42	0.00	0.00	65.52	7.59	0.00	0.00	2000
225	10.90	2095	2067	0.00	199	0	0	0	nan	0.00	0.00	4.68	83.12	89.10	0.00	40	0	42	0.00	0.00	61.10	6.95	0.00	0.00	2000
232	10.94	2092	2126	0.00	199	0	0	0	nan	0.01	1.10	3.20	85.96	89.06	0.00	40	0	42	0.00	0.00	67.76	7.91	0.00	0.00	2000
231	11.11	2070	2107	0.00	198	0	0	0	nan	0.00	0.00	3.96	85.30	88.89	0.00	39	0	42	0.00	0.00	67.69	7.75	0.00	0.00	2000
234	10.87	2148	2101	0.00	218	0	0	0	nan	0.00	0.05	4.85	84.36	89.13	0.00	39	0	43	0.00	0.00	65.70	7.79	0.00	0.00	2000
225	11.26	2023	2077	0.00	198	0	0	0	nan	0.00	0.01	4.41	83.47	88.74	0.00	39	0	43	0.00	0.00	63.23	7.36	0.00	0.00	2000
242	11.68	2063	2113	0.00	198	0	0	0	nan	0.00	0.97	5.78	82.26	88.32	0.00	39	0	43	0.00	0.00	66.47	7.75	0.00	0.00	2000
230	11.27	2044	2094	0.00	198	0	0	0	nan	0.00	0.02	6.03	82.53	88.73	0.00	39	0	43	0.00	0.00	65.97	7.77	0.00	0.00	2000
230	11.51	2005	2089	0.00	198	0	0	0	nan	0.00	0.00	5.22	82.97	88.49	0.00	38	0	42	0.00	0.00	59.20	6.78	0.00	0.00	2000
243	11.48	2161	2059	0.00	251	0	0	0	nan	0.00	0.01	9.17	77.68	88.52	0.00	38	0	42	0.00	0.00	70.12	8.39	0.00	0.00	2000
231	10.95	2069	2139	0.00	200	0	0	0	nan	0.00	0.01	8.66	82.04	89.05	0.00	38	0	42	0.00	0.00	69.15	8.23	0.00	0.00	2000
229	10.69	2118	2120	0.39	215	0	0	9	77.20	0.00	0.00	8.25	82.02	89.31	0.00	39	0	42	0.00	0.00	66.50	7.77	0.00	0.00	2000
235	11.43	2041	2115	0.63	198	0	0	3	84.63	0.00	0.00	6.18	83.11	88.57	0.00	39	0	43	0.00	0.00	65.85	7.84	0.00	0.00	2000
230	10.98	2101	2098	0.00	203	0	0	0	nan	0.03	0.01	5.01	83.95	89.02	0.00	40	0	43	0.00	0.00	66.11	7.72	0.00	0.00	2000
232	10.94	2118	2099	0.00	198	0	0	0	nan	0.00	0.00	4.21	84.84	89.06	0.00	40	0	42	0.00	0.00	65.59	7.58	0.00	0.00	2000
226	11.29	2016	2086	0.00	197	0	0	0	nan	0.00	0.00	6.62	81.60	88.71	0.00	39	0	42	0.00	0.00	64.69	7.64	0.00	0.00	2000
232	11.36	2034	2105	0.00	197	0	0	0	nan	0.00	0.02	5.78	83.14	88.64	0.00	40	0	43	0.00	0.00	66.31	7.81	0.00	0.00	2000
232	11.27	2058	2105	0.00	199	0	0	0	nan	0.00	0.00	5.63	83.37	88.73	0.00	40	0	43	0.00	0.00	66.51	7.56	0.00	0.00	2000
230	11.36	2026	2101	0.00	200	0	0	0	nan	0.00	0.02	6.49	82.26	88.64	0.00	40	0	42	0.00	0.00	65.15	7.66	0.00	0.00	2000
228	11.09	2062	2095	0.00	198	0	0	0	nan	0.00	0.00	6.69	82.10	88.91	0.00	40	0	43	0.00	0.00	66.52	7.73	0.00	0.00	2000
229	11.36	2021	2100	0.00	198	0	0	0	nan	0.00	0.00	5.74	83.00	88.64	0.00	40	0	42	0.00	0.00	65.92	7.75	0.00	0.00	2000
231	11.28	2043	2103	0.00	195	0	0	0	nan	0.00	0.00	6.27	82.69	88.72	0.00	40	0	43	0.00	0.00	66.14	7.47	0.00	0.00	2000
230	11.23	2051	2098	0.00	197	0	0	0	nan	0.00	0.00	5.74	83.07	88.77	0.00	40	0	42	0.00	0.00	65.19	7.60	0.00	0.00	2000
227	11.13	2060	2082	0.00	200	0	0	0	nan	0.00	0.01	5.26	82.96	88.87	0.00	40	0	43	0.00	0.00	67.19	7.77	0.00	0.00	2000
233	11.34	2052	2098	0.00	206	0	0	0	nan	0.00	0.03	4.07	84.64	88.66	0.00	40	0	43	0.00	0.00	62.26	7.59	0.00	0.00	2000
230	11.07	2064	2116	0.00	197	0	0	0	nan	0.00	0.02	4.24	85.53	88.93	0.00	40	0	43	0.00	0.00	68.62	7.73	0.00	0.00	2000
231	10.94	2111	2097	0.00	198	0	0	0	nan	0.00	0.00	4.09	84.95	89.06	0.00	40	0	43	0.00	0.00	66.95	7.74	0.00	0.00	2000
234	10.97	2111	2124	0.00	198	0	0	0	nan	0.00	0.00	5.98	84.14	89.03	0.00	40	0	42	0.00	0.00	65.31	7.56	0.00	0.00	2000
233	10.97	2135	2093	0.08	207	0	0	7	83.98	0.00	0.58	3.17	85.11	89.03	0.00	40	0	43	0.00	0.00	65.93	7.67	0.00	0.00	2000
231	11.01	2111	2085	0.85	198	0	0	6	82.27	0.00	0.98	4.74	82.64	88.99	0.00	40	0	43	0.00	0.00	67.37	7.75	0.00	0.00	2000
231	11.10	2060	2120	0.00	200	0	0	0	nan	0.00	0.00	8.32	81.55	88.90	0.00	40	0	42	0.00	0.00	65.97	7.74	0.00	0.00	2000
230	11.03	2092	2095	0.00	197	0	0	0	nan	0.00	0.00	5.88	82.96	88.97	0.00	40	0	42	0.00	0.00	63.72	7.32	0.00	0.00	2000
231	11.12	2073	2100	0.00	197	0	0	0	nan	0.00	0.00	5.81	83.11	88.88	0.00	40	0	43	0.00	0.00	66.42	7.77	0.00	0.00	2000
234	10.92	2130	2108	0.00	182	0	0	0	nan	0.00	0.01	5.98	83.51	89.08	0.00	40	0	43	0.00	0.00	67.90	7.86	0.00	0.00	2000
228	11.18	2090	2046	0.00	202	0	0	0	nan	0.00	0.00	5.39	81.21	88.82	0.00	40	0	43	0.00	0.00	61.78	7.31	0.00	0.00	2000
226	10.56	2113	2130	0.00	215	0	0	0	nan	0.00	0.02	5.49	85.22	89.44	0.00	40	0	43	0.00	0.00	66.72	8.16	0.00	0.00	2000
230	11.15	2058	2108	0.00	198	0	0	0	nan	0.00	0.00	5.37	83.95	88.85	0.00	40	0	43	0.00	0.00	67.87	7.66	0.00	0.00	2000
228	11.21	2044	2091	0.00	195	0	0	0	nan	0.00	0.04	4.22	84.30	88.79	0.00	41	0	42	0.00	0.00	63.06	7.37	0.00	0.00	2000
238	11.21	2098	2128	0.00	198	0	0	0	nan	0.01	0.00	4.31	85.75	88.79	0.00	40	0	42	0.00	0.00	67.20	7.96	0.00	0.00	2000
228	10.77	2131	2083	0.00	186	0	0	0	nan	0.00	0.02	6.17	82.41	89.23	0.00	40	0	43	0.00	0.00	64.57	7.48	0.00	0.00	2000
229	11.10	2068	2099	0.00	198	0	0	0	nan	0.00	1.01	6.25	81.71	88.90	0.00	40	0	42	0.00	0.00	65.96	7.86	0.00	0.00	2000
234	11.34	2042	2121	0.00	199	0	0	0	nan	0.00	0.03	4.59	85.04	88.66	0.00	40	0	43	0.00	0.00	66.67	7.86	0.00	0.00	2000
230	11.03	2090	2091	0.00	199	0	0	0	nan	0.00	0.02	4.87	83.81	88.97	0.00	41	0	42	0.00	0.00	65.35	7.65	0.00	0.00	2000
231	11.21	2057	2108	0.00	200	0	0	0	nan	0.00	0.00	4.06	85.10	88.79	0.00	40	0	42	0.00	0.00	66.10	7.79	0.00	0.00	2000
233	10.89	2144	2094	0.00	199	0	0	0	nan	0.00	0.00	5.82	83.17	89.11	0.00	40	0	43	0.00	0.00	67.09	7.79	0.00	0.00	2000
228	11.05	2067	2098	0.00	195	0	0	3	83.64	0.00	0.00	6.34	82.60	88.95	0.00	40	0	43	0.00	0.00	64.18	7.50	0.00	0.00	2000
231	11.17	2072	2097	0.92	199	0	0	9	82.04	0.00	0.00	6.62	82.17	88.83	0.00	40	0	43	0.00	0.00	66.97	7.84	0.00	0.00	2000
227	10.93	2091	2089	0.00	198	0	0	0	nan	0.00	0.00	6.68	81.97	89.07	0.00	40	0	43	0.00	0.00	63.97	7.44	0.00	0.00	2000
232	11.21	2071	2099	0.00	196	0	0	0	nan	0.00	0.00	6.77	82.08	88.79	0.00	40	0	43	0.00	0.00	65.89	7.82	0.00	0.00	2000
235	11.45	2052	2100	0.00	202	0	0	0	nan	0.00	0.00	6.11	82.58	88.55	0.00	41	0	42	0.00	0.00	64.80	7.75	0.00	0.00	2000
230	11.22	2031	2115	0.00	201	0	0	0	nan	0.00	0.03	5.41	84.14	88.78	0.00	40	0	43	0.00	0.00	67.70	8.12	0.00	0.00	2000
229	10.99	2096	2092	0.00	199	0	0	0	nan	0.00	0.00	4.71	83.93	89.01	0.00	40	0	42	0.00	0.00	64.44	7.52	0.00	0.00	2000
229	10.95	2095	2093	0.00	198	0	0	0	nan	0.00	0.03	3.40	85.40	89.05	0.00	40	0	43	0.00	0.00	66.43	7.81	0.00	0.00	2000
233	11.08	2103	2097	0.00	196	0	0	0	nan	0.00	0.00	6.42	82.47	88.92	0.00	40	0	43	0.00	0.00	65.53	7.81	0.00	0.00	2000
229	11.10	2059	2102	0.00	199	0	0	0	nan	0.00	0.00	7.32	81.82	88.90	0.00	40	0	43	0.00	0.00	65.42	7.62	0.00	0.00	2000
231	11.48	1999	2112	0.00	201	0	0	0	nan	0.00	0.00	6.62	82.50	88.52	0.00	40	0	42	0.00	0.00	64.46	8.12	0.00	0.00	2000
235	11.28	2085	2096	0.00	195	0	0	0	nan	0.00	0.00	5.59	83.06	88.72	0.00	40	0	43	0.00	0.00	67.95	7.61	0.00	0.00	2000
231	11.14	2075	2098	0.00	199	0	0	0	nan	0.00	0.00	4.86	84.02	88.86	0.00	41	0	43	0.00	0.00	63.93	7.55	0.00	0.00	2000
225	11.37	2040	2039	0.00	198	0	0	0	nan	0.00	0.00	4.52	81.59	88.63	0.00	40	0	43	0.00	0.00	62.48	7.41	0.00	0.00	2000
237	11.18	2047	2172	0.00	218	0	0	0	nan	0.00	0.02	5.32	86.57	88.82	0.00	41	0	42	0.00	0.00	71.32	8.33	0.00	0.00	2000
232	11.29	2050	2108	0.00	199	0	0	0	nan	0.00	0.01	4.96	84.18	88.71	0.00	40	0	43	0.00	0.00	66.29	7.47	0.00	0.00	2000
226	11.16	2041	2086	0.00	197	0	0	0	nan	0.00	0.00	4.79	83.56	88.84	0.00	40	0	42	0.00	0.00	63.83	7.98	0.00	0.00	2000
232	10.98	2099	2111	0.00	196	0	0	2	85.17	0.00	0.00	5.09	84.43	89.02	0.00	40	0	43	0.00	0.00	66.13	7.93	0.00	0.00	2000
230	10.99	2090	2100	0.99	199	0	0	10	82.37	0.00	0.03	4.83	84.28	89.01	0.00	41	0	42	0.00	0.00	66.31	7.92	0.00	0.00	2000
231	11.38	2040	2087	0.00	198	0	0	0	nan	0.00	0.01	5.90	82.25	88.62	0.00	40	0	43	0.00	0.00	62.42	7.36	0.00	0.00	2000
232	11.24	2050	2111	0.00	203	0	0	0	nan	0.00	0.03	6.44	82.86	88.76	0.00	41	0	43	0.00	0.00	68.26	8.16	0.00	0.00	2000
231	10.92	2110	2103	0.00	197	0	0	0	nan	0.00	0.52	6.30	82.52	89.08	0.00	40	0	42	0.00	0.00	66.02	7.77	0.00	0.00	2000
231	10.77	2149	2094	0.00	183	0	0	0	nan	0.00	0.00	7.56	81.49	89.23	0.00	40	0	42	0.00	0.00	64.09	7.59	0.00	0.00	2000
233	11.23	2067	2110	0.00	197	0	0	0	nan	0.00	0.00	5.18	84.10	88.77	0.00	40	0	43	0.00	0.00	67.32	7.90	0.00	0.00	2000
228	11.08	2077	2083	0.00	199	0	0	0	nan	0.00	0.02	6.18	82.08	88.92	0.00	40	0	43	0.00	0.00	64.24	7.68	0.00	0.00	2000
229	11.67	2011	2045	0.00	202	0	0	0	nan	0.00	0.00	5.08	81.04	88.33	0.00	40	0	43	0.00	0.00	62.27	7.52	0.00	0.00	2000
231	10.90	2057	2166	0.00	214	0	0	0	nan	0.00	0.02	5.31	86.69	89.10	0.00	40	0	43	0.00	0.00	67.90	8.08	0.00	0.00	2000
235	11.04	2114	2115	0.00	197	0	0	0	nan	0.00	0.03	3.16	86.45	88.96	0.00	40	0	43	0.00	0.00	66.36	7.84	0.00	0.00	2000
228	10.88	2105	2094	0.00	198	0	0	0	nan	0.00	0.02	4.82	84.22	89.12	0.00	41	0	43	0.00	0.00	67.14	8.08	0.00	0.00	2000
229	11.12	2065	2098	0.00	198	0	0	0	nan	0.00	0.00	4.03	84.86	88.88	0.00	40	0	42	0.00	0.00	65.50	7.82	0.00	0.00	2000
231	10.97	2120	2089	0.00	201	0	0	0	nan	0.00	0.02	5.15	83.48	89.03	0.00	40	0	43	0.00	0.00	62.96	7.41	0.00	0.00	2000
230	11.26	2038	2102	0.00	199	0	0	0	nan	0.00	0.05	6.88	82.00	88.74	0.00	40	0	43	0.00	0.00	67.77	7.93	0.00	0.00	2000
229	11.11	2063	2094	0.00	196	0	0	0	nan	0.00	0.46	5.53	82.77	88.89	0.00	41	0	42	0.00	0.00	63.01	7.42	0.00	0.00	2000
229	11.24	2035	2097	0.00	196	0	0	0	nan	0.00	0.00	6.19	82.60	88.76	0.00	41	0	42	0.00	0.00	68.67	7.87	0.00	0.00	2000
228	11.16	2049	2097	0.00	197	0	0	0	nan	0.00	0.00	5.94	82.88	88.84	0.00	41	0	43	0.00	0.00	63.18	7.93	0.00	0.00	2000
237	11.59	2023	2120	0.85	202	0	0	10	80.53	0.00	0.00	7.10	82.25	88.41	0.00	41	0	43	0.00	0.00	69.22	8.18	0.00	0.00	2000
224	11.30	2020	2061	0.17	197	0	0	0	nan	0.00	0.00	6.21	80.95	88.70	0.00	41	0	42	0.00	0.00	60.82	7.25	0.00	0.00	2000
232	11.20	2044	2130	0.00	196	0	0	0	nan	0.00	0.00	5.00	85.16	88.80	0.00	41	0	43	0.00	0.00	69.33	8.26	0.00	0.00	2000
223	11.40	2018	2037	0.00	198	0	0	0	nan	0.00	0.02	3.73	82.35	88.60	0.00	41	0	42	0.00	0.00	62.48	7.61	0.00	0.00	2000
230	11.15	2063	2102	0.00	213	0	0	0	nan	0.00	0.02	2.81	86.15	88.85	0.00	41	0	43	0.00	0.00	67.07	8.62	0.00	0.00	2000
232	11.02	2090	2119	0.00	218	0	0	0	nan	0.00	0.02	4.42	85.48	88.98	0.00	41	0	42	0.00	0.00	69.40	9.02	0.00	0.00	2000
228	10.54	2124	2138	0.00	212	0	0	0	nan	0.00	0.00	5.17	86.00	89.46	0.00	41	0	42	0.00	0.00	67.20	8.29	0.00	0.00	2000
229	11.01	2077	2105	0.00	196	0	0	0	nan	0.00	1.10	3.35	84.92	88.99	0.00	41	0	42	0.00	0.00	68.10	8.70	0.00	0.00	2000
230	11.32	2063	2067	0.00	198	0	0	0	nan	0.00	0.00	5.58	81.80	88.68	0.00	41	0	43	0.00	0.00	67.91	8.58	0.00	0.00	2000
230	10.86	2084	2139	0.00	221	0	0	0	nan	0.00	0.71	6.19	84.06	89.14	0.00	41	0	43	0.00	0.00	66.99	8.66	0.00	0.00	2000
235	11.96	1990	2077	0.00	214	0	0	0	nan	0.00	0.00	9.78	77.47	88.04	0.00	41	0	43	0.00	0.00	66.38	8.61	0.00	0.00	2000
228	10.82	2105	2103	0.00	197	0	0	0	nan	0.00	0.00	6.58	82.88	89.18	0.00	41	0	42	0.00	0.00	67.44	8.58	0.00	0.00	2000
229	11.50	2020	2074	0.00	197	0	0	0	nan	0.00	0.02	3.98	83.48	88.50	0.00	41	0	42	0.00	0.00	68.19	8.75	0.00	0.00	2000
234	11.12	2059	2146	0.00	221	0	0	0	nan	0.00	0.03	6.03	84.93	88.88	0.00	42	0	42	0.00	0.00	68.46	8.64	0.00	0.00	2000
228	11.19	2038	2099	0.00	196	0	0	0	nan	0.00	0.00	6.44	82.39	88.81	0.00	41	0	42	0.00	0.00	67.94	8.52	0.00	0.00	2000
227	10.94	2080	2095	0.00	196	0	0	0	nan	0.00	0.00	5.37	83.64	89.06	0.00	41	0	43	0.00	0.00	67.79	8.71	0.00	0.00	2000
229	10.87	2104	2101	0.00	199	0	0	13	7.89	0.00	0.00	5.30	83.97	89.13	0.00	42	0	43	0.00	0.00	68.02	8.72	0.00	0.00	2000
230	11.26	2027	2113	1.60	198	0	0	38	5.48	0.00	0.00	3.84	85.49	88.74	0.00	41	0	42	0.00	0.00	68.01	8.66	0.00	0.00	2000
234	11.00	2124	2099	0.00	196	0	0	0	nan	0.00	0.00	4.84	84.20	89.00	0.00	41	0	42	0.00	0.00	68.08	8.74	0.00	0.00	2000
226	11.19	2042	2074	0.00	200	0	0	0	nan	0.00	0.00	6.98	80.82	88.81	0.00	41	0	42	0.00	0.00	67.08	8.51	0.00	0.00	2000
230	10.75	2123	2120	0.00	198	0	0	0	nan	0.00	1.01	7.35	81.81	89.25	0.00	41	0	43	0.00	0.00	67.89	8.73	0.00	0.00	2000
226	11.12	2050	2077	0.00	197	0	0	0	nan	0.00	0.00	6.34	81.66	88.88	0.00	41	0	42	0.00	0.00	67.13	8.51	0.00	0.00	2000
230	11.12	2083	2085	0.00	198	0	0	0	nan	0.00	0.00	5.05	83.24	88.88	0.00	41	0	42	0.00	0.00	69.04	8.80	0.00	0.00	2000
227	10.88	2075	2112	0.00	216	0	0	0	nan	0.00	0.00	5.70	83.93	89.12	0.00	41	0	43	0.00	0.00	66.79	8.40	0.00	0.00	2000
231	11.38	2040	2089	0.00	200	0	0	0	nan	0.00	0.01	5.87	82.35	88.62	0.00	42	0	43	0.00	0.00	68.51	8.89	0.00	0.00	2000
229	10.66	2117	2130	0.00	213	0	0	0	nan	0.00	0.01	4.93	85.69	89.34	0.00	41	0	43	0.00	0.00	67.81	8.64	0.00	0.00	2000
226	11.01	2067	2087	0.00	196	0	0	0	nan	0.00	0.00	6.74	81.83	88.99	0.00	41	0	43	0.00	0.00	66.89	8.41	0.00	0.00	2000
231	11.30	2031	2118	0.00	199	0	0	0	nan	0.00	0.00	5.20	84.25	88.70	0.00	41	0	43	0.00	0.00	68.06	8.78	0.00	0.00	2000
232	11.38	2038	2097	0.00	200	0	0	0	nan	0.00	0.00	5.50	83.11	88.62	0.00	41	0	43	0.00	0.00	68.13	8.55	0.00	0.00	2000
231	10.86	2117	2111	0.00	200	0	0	0	nan	0.00	0.00	5.38	84.24	89.14	0.00	41	0	43	0.00	0.00	68.19	8.84	0.00	0.00	2000
228	11.19	2042	2093	0.00	196	0	0	0	nan	0.00	0.53	4.83	83.33	88.81	0.00	41	0	42	0.00	0.00	66.85	8.39	0.00	0.00	2000
228	10.97	2071	2104	0.00	195	0	0	0	nan	0.00	0.00	3.75	85.47	89.03	0.00	41	0	43	0.00	0.00	67.50	8.58	0.00	0.00	2000
230	11.23	2089	2056	0.00	199	0	0	0	nan	0.00	0.01	4.22	82.75	88.77	0.00	41	0	43	0.00	0.00	65.36	8.54	0.00	0.00	2000
228	10.96	2039	2143	0.00	218	0	0	19	6.93	0.00	0.04	4.79	86.13	89.04	0.00	41	0	43	0.00	0.00	71.09	8.96	0.00	0.00	2000
230	11.22	2055	2097	1.59	198	0	0	31	6.28	0.00	0.00	6.41	82.35	88.78	0.00	41	0	43	0.00	0.00	67.49	8.54	0.00	0.00	2000
230	10.89	2096	2113	0.00	196	0	0	0	nan	0.00	0.00	5.76	83.99	89.11	0.00	41	0	43	0.00	0.00	67.56	8.85	0.00	0.00	2000
225	10.90	2091	2073	0.00	196	0	0	0	nan	0.00	0.00	6.23	81.83	89.10	0.00	41	0	43	0.00	0.00	66.55	8.45	0.00	0.00	2000
232	11.11	2073	2118	0.00	198	0	0	0	nan	0.00	0.00	6.18	83.50	88.89	0.00	41	0	43	0.00	0.00	68.80	8.60	0.00	0.00	2000
231	11.01	2092	2106	0.00	201	0	0	0	nan	0.00	0.00	5.88	83.41	88.99	0.00	41	0	42	0.00	0.00	67.77	8.82	0.00	0.00	2000
228	10.92	2085	2103	0.00	196	0	0	0	nan	0.00	0.00	6.59	82.64	89.08	0.00	41	0	43	0.00	0.00	67.67	8.73	0.00	0.00	2000
228	10.95	2088	2092	0.00	198	0	0	0	nan	0.00	0.00	5.37	83.44	89.05	0.00	41	0	43	0.00	0.00	66.85	8.57	0.00	0.00	2000
224	11.36	2022	2044	0.00	198	0	0	0	nan	0.00	0.00	4.45	81.91	88.64	0.00	41	0	42	0.00	0.00	64.01	8.31	0.00	0.00	2000
238	10.80	2130	2173	0.00	216	0	0	0	nan	0.00	0.08	3.71	88.50	89.20	0.00	41	0	43	0.00	0.00	71.93	9.15	0.00	0.00	2000
227	11.27	2022	2092	0.00	213	0	0	0	nan	0.01	0.00	7.49	81.06	88.73	0.00	41	0	43	0.00	0.00	67.14	8.56	0.00	0.00	2000
231	10.96	2100	2109	0.00	197	0	0	0	nan	0.00	0.00	4.98	84.49	89.04	0.00	41	0	43	0.00	0.00	68.03	8.68	0.00	0.00	2000
228	10.88	2102	2095	0.00	200	0	0	0	nan	0.01	0.00	5.58	83.35	89.12	0.00	41	0	43	0.00	0.00	67.56	8.57	0.00	0.00	2000
226	10.94	2087	2077	0.00	196	0	0	0	nan	0.00	0.00	6.33	81.86	89.06	0.00	41	0	42	0.00	0.00	66.94	8.64	0.00	0.00	2000
232	11.19	2065	2113	0.00	197	0	0	0	nan	0.00	0.00	5.83	83.63	88.81	0.00	42	0	43	0.00	0.00	67.80	8.70	0.00	0.00	2000
228	11.31	2009	2112	0.00	201	0	0	0	nan	0.00	0.00	5.98	83.30	88.69	0.00	41	0	43	0.00	0.00	66.55	8.40	0.00	0.00	2000
231	11.15	2072	2095	0.00	198	0	0	0	nan	0.00	0.00	5.61	83.13	88.85	0.00	41	0	43	0.00	0.00	66.48	8.18	0.00	0.00	2000
231	10.91	2121	2095	0.00	200	0	0	1	87.20	0.00	0.00	6.07	82.77	89.09	0.00	41	0	43	0.00	0.00	63.87	7.38	0.00	0.00	2000
230	11.41	2012	2108	1.16	197	0	0	3	87.55	0.00	0.00	5.49	83.58	88.59	0.00	41	0	43	0.00	0.00	65.90	7.49	0.00	0.00	2000
230	11.20	2047	2108	0.00	199	0	0	0	nan	0.00	0.00	4.39	84.83	88.80	0.00	41	0	42	0.00	0.00	65.99	7.57	0.00	0.00	2000
232	11.16	2080	2096	0.00	203	0	0	0	nan	0.00	0.02	6.01	82.75	88.84	0.00	41	0	43	0.00	0.00	66.10	7.71	0.00	0.00	2000
231	11.11	2088	2091	0.00	198	0	0	0	nan	0.00	0.02	4.41	84.14	88.89	0.00	40	0	43	0.00	0.00	64.68	7.60	0.00	0.00	2000
225	11.01	2067	2078	0.00	197	0	0	0	nan	0.00	0.97	5.81	81.43	88.99	0.00	40	0	43	0.00	0.00	67.20	8.03	0.00	0.00	2000
227	11.37	2023	2068	0.00	197	0	0	0	nan	0.00	0.00	5.69	81.60	88.63	0.00	40	0	43	0.00	0.00	60.72	7.02	0.00	0.00	2000
234	11.05	2094	2120	0.00	214	0	0	0	nan	0.00	0.01	3.86	85.94	88.95	0.00	40	0	43	0.00	0.00	66.74	7.89	0.00	0.00	2000
219	10.60	2043	2124	0.00	224	0	0	0	nan	0.00	0.03	4.35	86.15	89.40	0.00	39	0	43	0.00	0.00	67.56	7.95	0.00	0.00	2000
142	9.13	1565	2090	0.00	226	0	0	0	nan	0.00	0.00	11.38	79.19	90.87	0.00	38	0	43	0.00	0.00	63.90	7.85	0.00	0.00	2000
82	7.22	1113	2136	0.00	209	0	0	0	nan	0.00	0.03	5.28	89.06	92.78	0.00	38	0	43	0.00	0.00	58.98	7.52	0.00	0.00	2000
73	7.05	1048	2087	0.00	195	0	0	0	nan	0.00	0.00	3.54	88.95	92.95	0.00	38	0	43	0.00	0.00	61.41	7.49	0.00	0.00	2000
