Avg_MHz	Busy%	Bzy_MHz	TSC_MHz	IPC	IRQ	NMI	SMI	LLCMRPS	LLC%hit	POLL%	C1%	C1E%	C6%	CPU%c1	CPU%c6	CoreTmp	CoreThr	PkgTmp	Pkg%pc2	Pkg%pc6	PkgWatt	RAMWatt	PKG_%	RAM_%	UncMHz
219	14.35	1663	1932	0.00	226	0	0	0	nan	0.00	0.03	17.98	60.88	85.65	0.00	38	0	42	0.00	0.00	55.89	6.85	0.00	0.00	2000
379	16.63	2049	2338	0.00	245	0	0	0	nan	0.05	1.12	19.38	72.60	83.37	0.00	38	0	42	0.00	0.00	75.69	8.39	0.00	0.00	2000
77	7.28	1045	2129	0.00	210	0	0	0	nan	0.00	0.00	6.48	87.70	92.72	0.00	38	0	43	0.00	0.00	60.47	7.64	0.00	0.00	2000
72	6.95	1042	2099	0.00	194	0	0	0	nan	0.00	0.02	2.30	90.77	93.05	0.00	38	0	42	0.00	0.00	58.35	7.20	0.00	0.00	2000
71	6.88	1051	2071	0.00	209	0	0	0	nan	0.00	0.02	2.75	89.19	93.12	0.00	37	0	43	0.00	0.00	57.35	7.12	0.00	0.00	2000
72	7.01	1015	2127	0.00	194	0	0	0	nan	0.00	0.00	2.98	91.36	92.99	0.00	37	0	42	0.00	0.00	61.42	7.66	0.00	0.00	2000
80	6.81	1170	2104	0.00	196	0	0	0	nan	0.00	0.01	3.78	89.60	93.19	0.00	37	0	42	0.00	0.00	58.96	7.25	0.00	0.00	2000
73	6.64	1093	2105	0.00	193	0	0	0	nan	0.00	0.00	2.88	90.77	93.36	0.00	37	0	42	0.00	0.00	59.48	7.64	0.00	0.00	2000
72	6.66	1096	2083	0.00	193	0	0	0	nan	0.00	0.00	2.73	89.96	93.34	0.00	37	0	43	0.00	0.00	54.86	6.93	0.00	0.00	2000
72	6.99	1023	2115	0.00	193	0	0	0	nan	0.00	0.02	2.70	91.14	93.01	0.00	38	0	43	0.00	0.00	60.94	7.62	0.00	0.00	2000
74	6.69	1099	2104	0.00	195	0	0	0	nan	0.00	0.02	2.96	90.61	93.31	0.00	38	0	42	0.00	0.00	58.53	7.40	0.00	0.00	2000
70	6.77	1055	2069	0.00	193	0	0	0	nan	0.00	0.01	2.37	89.58	93.23	0.00	37	0	43	0.00	0.00	55.90	7.13	0.00	0.00	2000
72	7.06	1008	2127	0.00	209	0	0	0	nan	0.00	0.00	2.57	91.72	92.94	0.00	37	0	43	0.00	0.00	57.04	7.31	0.00	0.00	2000
72	6.90	1042	2098	0.00	194	0	0	0	nan	0.00	0.02	3.59	89.44	93.10	0.00	37	0	42	0.00	0.00	60.51	7.57	0.00	0.00	2000
74	7.11	1033	2102	0.00	197	0	0	0	nan	0.00	0.00	5.17	87.97	92.89	0.00	38	0	43	0.00	0.00	56.18	7.23	0.00	0.00	2000
72	6.62	1097	2087	0.00	178	0	0	1	88.11	0.00	0.00	3.60	89.37	93.38	0.00	38	0	43	0.00	0.00	59.01	7.54	0.00	0.00	2000
72	7.16	1008	2106	0.11	210	0	0	1	90.55	0.00	0.00	4.24	89.00	92.84	0.00	37	0	43	0.00	0.00	59.72	7.49	0.00	0.00	2000
72	6.93	1032	2110	0.00	194	0	0	0	nan	0.00	0.00	3.49	90.09	93.07	0.00	37	0	42	0.00	0.00	60.45	7.65	0.00	0.00	2000
161	9.56	1693	2089	0.00	216	0	0	0	nan	0.00	0.02	4.25	85.78	90.44	0.00	39	0	43	0.00	0.00	59.64	6.97	0.00	0.00	2000
230	11.20	2045	2109	0.00	205	0	0	0	nan	0.00	0.00	3.31	86.06	88.80	0.00	40	0	43	0.00	0.00	65.65	7.53	0.00	0.00	2000
231	11.38	2028	2105	0.00	219	0	0	0	nan	0.00	0.02	3.69	85.27	88.62	0.00	41	0	43	0.00	0.00	63.47	7.33	0.00	0.00	2000
226	11.04	2062	2090	0.00	214	0	0	0	nan	0.00	0.02	3.49	85.15	88.96	0.00	41	0	43	0.00	0.00	64.98	7.53	0.00	0.00	2000
232	11.81	1963	2103	0.00	195	0	0	0	nan	0.00	0.01	6.12	82.38	88.19	0.00	39	0	42	0.00	0.00	69.54	8.04	0.00	0.00	2000
229	11.19	2058	2085	0.00	199	0	0	0	nan	0.00	0.03	3.88	84.48	88.81	0.00	39	0	42	0.00	0.00	63.90	7.70	0.00	0.00	2000
233	12.06	2015	2016	0.00	198	0	0	0	nan	0.00	0.04	5.24	79.34	87.94	0.00	38	0	43	0.00	0.00	62.36	7.15	0.00	0.00	2000
232	10.84	2030	2211	0.00	230	0	0	0	nan	0.00	0.00	7.48	86.58	89.16	0.00	38	0	43	0.00	0.00	72.76	8.35	0.00	0.00	2000
231	11.45	2013	2103	0.00	197	0	0	0	nan	0.00	0.02	6.08	82.78	88.55	0.00	38	0	43	0.00	0.00	66.11	7.49	0.00	0.00	2000
228	11.39	2009	2098	0.00	195	0	0	0	nan	0.00	0.01	4.91	83.77	88.61	0.00	39	0	43	0.00	0.00	61.67	7.47	0.00	0.00	2000
229	11.37	2013	2099	0.00	197	0	0	0	nan	0.00	0.00	4.39	84.38	88.63	0.00	39	0	42	0.00	0.00	67.25	7.51	0.00	0.00	2000
233	11.19	2077	2105	0.00	198	0	0	0	nan	0.01	0.02	4.14	85.05	88.81	0.00	40	0	43	0.00	0.00	63.36	7.21	0.00	0.00	2000
230	11.19	2070	2086	0.00	199	0	0	0	nan	0.00	0.00	5.40	82.97	88.81	0.00	40	0	42	0.00	0.00	65.11	7.44	0.00	0.00	2000
229	11.27	2025	2109	0.00	199	0	0	0	nan	0.00	0.00	6.98	82.29	88.73	0.00	40	0	43	0.00	0.00	67.90	7.72	0.00	0.00	2000
225	11.20	2052	2057	0.16	197	0	0	8	81.29	0.00	0.00	3.77	83.30	88.80	0.00	40	0	42	0.00	0.00	61.41	6.85	0.00	0.00	2000
222	11.30	2040	2021	0.40	214	0	0	7	86.81	0.00	0.00	4.02	81.50	88.70	0.00	38	0	43	0.00	0.00	56.71	6.53	0.00	0.00	2000
239	11.13	2037	2214	0.00	270	0	0	0	nan	0.00	0.02	6.12	87.72	88.87	0.00	38	0	43	0.00	0.00	75.92	8.39	0.00	0.00	2000
226	11.26	2055	2050	0.00	204	0	0	0	nan	0.00	0.03	3.45	83.31	88.74	0.00	38	0	43	0.00	0.00	59.39	6.98	0.00	0.00	2000
236	11.18	2029	2188	0.00	250	0	0	0	nan	0.00	0.03	3.79	88.93	88.82	0.00	38	0	43	0.00	0.00	75.79	8.74	0.00	0.00	2000
270	13.16	2058	2094	0.00	195	0	0	0	nan	0.00	0.00	5.29	81.48	86.84	0.00	38	0	42	0.00	0.00	66.30	7.78	0.00	0.00	2000
233	11.18	2089	2100	0.00	195	0	0	0	nan	0.00	0.02	6.12	82.80	88.83	0.00	39	0	43	0.00	0.00	65.37	7.89	0.00	0.00	2000
229	11.28	2031	2103	0.00	213	0	0	0	nan	0.00	0.00	4.98	84.08	88.72	0.00	38	0	43	0.00	0.00	63.95	7.69	0.00	0.00	2000
232	11.38	2029	2111	0.00	181	0	0	0	nan	0.00	0.00	6.13	83.17	88.62	0.00	38	0	42	0.00	0.00	66.00	7.80	0.00	0.00	2000
229	11.32	2054	2071	0.00	203	0	0	0	nan	0.00	0.03	5.50	82.08	88.68	0.00	39	0	43	0.00	0.00	64.47	7.62	0.00	0.00	2000
234	11.25	2050	2129	0.00	214	0	0	0	nan	0.00	0.00	7.32	82.82	88.75	0.00	39	0	43	0.00	0.00	64.60	7.83	0.00	0.00	2000
228	11.12	2067	2082	0.00	185	0	0	0	nan	0.00	0.01	5.28	83.05	88.88	0.00	39	0	43	0.00	0.00	65.81	7.91	0.00	0.00	2000
230	11.39	2012	2105	0.00	213	0	0	0	nan	0.00	0.00	5.77	83.26	88.61	0.00	39	0	43	0.00	0.00	63.32	7.60	0.00	0.00	2000
229	11.30	2033	2097	0.00	197	0	0	0	nan	0.00	0.00	3.97	84.84	88.70	0.00	39	0	43	0.00	0.00	65.62	7.77	0.00	0.00	2000
233	11.34	2053	2101	0.00	199	0	0	0	nan	0.00	0.04	5.26	83.63	88.66	0.00	39	0	43	0.00	0.00	64.60	7.94	0.00	0.00	2000
227	11.18	2048	2082	0.00	197	0	0	0	nan	0.00	0.00	5.21	83.05	88.82	0.00	39	0	42	0.00	0.00	64.95	7.70	0.00	0.00	2000
233	11.79	1953	2128	0.00	196	0	0	0	89.64	0.00	0.00	6.06	83.56	88.21	0.00	39	0	43	0.00	0.00	64.04	7.65	0.00	0.00	2000
229	11.15	2061	2090	0.93	197	0	0	3	57.00	0.00	0.00	5.71	82.92	88.85	0.00	39	0	43	0.00	0.00	65.82	7.70	0.00	0.00	2000
230	11.27	2053	2085	0.04	198	0	0	0	nan	0.00	0.00	5.20	83.06	88.73	0.00	39	0	42	0.00	0.00	65.40	7.94	0.00	0.00	2000
231	11.34	2035	2099	0.00	200	0	0	0	nan	0.00	0.03	5.59	83.24	88.66	0.00	39	0	42	0.00	0.00	66.79	8.66	0.00	0.00	2000
233	11.25	2044	2123	0.00	212	0	0	0	nan	0.03	0.00	5.60	84.21	88.75	0.00	39	0	43	0.00	0.00	66.47	8.60	0.00	0.00	2000
223	11.14	2037	2068	0.00	199	0	0	0	nan	0.00	0.00	6.25	81.46	88.86	0.00	39	0	42	0.00	0.00	63.05	8.03	0.00	0.00	2000
228	11.40	2004	2093	0.00	214	0	0	0	nan	0.00	0.03	4.47	84.03	88.60	0.00	39	0	42	0.00	0.00	69.88	9.01	0.00	0.00	2000
231	11.10	2045	2135	0.00	218	0	0	0	nan	0.00	0.03	5.61	84.97	88.90	0.00	39	0	43	0.00	0.00	67.56	8.64	0.00	0.00	2000
225	11.18	2045	2071	0.00	197	0	0	0	nan	0.00	0.00	4.74	83.06	88.82	0.00	39	0	43	0.00	0.00	66.89	8.64	0.00	0.00	2000
226	11.03	2046	2104	0.00	212	0	0	0	nan	0.00	0.00	3.68	85.64	88.97	0.00	39	0	43	0.00	0.00	64.27	8.29	0.00	0.00	2000
229	11.07	2074	2094	0.00	215	0	0	0	nan	0.00	0.08	2.98	85.85	88.93	0.00	39	0	43	0.00	0.00	66.62	8.60	0.00	0.00	2000
226	11.39	1988	2098	0.00	235	0	0	0	nan	0.00	0.03	6.25	82.49	88.61	0.00	39	0	43	0.00	0.00	69.82	9.02	0.00	0.00	2000
230	11.44	1989	2122	0.00	214	0	0	0	nan	0.00	0.00	7.06	82.62	88.56	0.00	39	0	43	0.00	0.00	68.03	9.07	0.00	0.00	2000
226	11.30	2016	2088	0.00	197	0	0	0	nan	0.00	0.02	4.55	83.72	88.70	0.00	39	0	43	0.00	0.00	63.89	8.45	0.00	0.00	2000
229	11.32	2021	2098	0.00	215	0	0	0	nan	0.02	0.41	5.31	83.00	88.68	0.00	39	0	43	0.00	0.00	67.07	8.58	0.00	0.00	2000
233	11.26	2026	2146	0.00	214	0	0	0	nan	0.01	0.00	6.42	84.38	88.74	0.00	39	0	43	0.00	0.00	71.78	9.19	0.00	0.00	2000
229	11.39	2016	2099	0.00	198	0	0	0	nan	0.00	0.01	4.90	83.89	88.61	0.00	39	0	43	0.00	0.00	67.03	8.65	0.00	0.00	2000
229	11.24	2040	2098	1.03	196	0	0	40	4.04	0.00	0.00	5.04	83.79	88.76	0.00	39	0	43	0.00	0.00	67.14	8.73	0.00	0.00	2000
232	11.32	2056	2097	0.63	197	0	0	0	73.99	0.00	0.00	4.54	84.17	88.68	0.00	39	0	43	0.00	0.00	66.77	8.75	0.00	0.00	2000
230	11.31	2039	2097	0.00	201	0	0	0	nan	0.00	0.03	6.11	82.66	88.69	0.00	39	0	43	0.00	0.00	67.14	8.59	0.00	0.00	2000
230	11.11	2063	2104	0.00	196	0	0	0	nan	0.00	0.00	5.00	84.24	88.89	0.00	39	0	43	0.00	0.00	66.61	8.38	0.00	0.00	2000
224	11.15	2042	2070	0.00	197	0	0	0	nan	0.00	0.42	2.84	84.47	88.85	0.00	40	0	43	0.00	0.00	63.08	7.18	0.00	0.00	2000
202	10.90	1827	2130	0.00	222	0	0	0	nan	0.00	0.02	5.75	84.75	89.10	0.00	38	0	43	0.00	0.00	68.73	8.15	0.00	0.00	2000
162	11.66	1445	2019	0.00	109	0	0	0	nan	0.00	0.05	17.27	67.74	88.34	0.00	38	0	43	0.00	0.00	54.61	6.58	0.00	0.00	2000
