Avg_MHz	Busy%	Bzy_MHz	TSC_MHz	IPC	IRQ	NMI	SMI	LLCMRPS	LLC%hit	POLL%	C1%	C1E%	C6%	CPU%c1	CPU%c6	CoreTmp	CoreThr	PkgTmp	Pkg%pc2	Pkg%pc6	PkgWatt	RAMWatt	PKG_%	RAM_%	UncMHz
383	19.67	1923	2125	0.00	251	0	0	0	nan	0.00	0.98	26.18	54.48	80.33	0.00	38	0	43	0.00	0.00	69.09	7.78	0.00	0.00	2000
259	14.24	1787	2141	0.00	228	0	0	0	nan	0.04	1.09	20.39	66.19	85.76	0.00	37	0	43	0.00	0.00	67.10	7.76	0.00	0.00	2000
78	7.14	1085	2120	0.00	196	0	0	0	nan	0.00	0.00	3.22	90.47	92.86	0.00	37	0	42	0.00	0.00	61.45	7.68	0.00	0.00	2000
75	6.69	1113	2100	0.00	197	0	0	0	nan	0.00	0.00	4.58	88.70	93.31	0.00	37	0	43	0.00	0.00	59.52	7.45	0.00	0.00	2000
75	6.91	1083	2103	0.00	211	0	0	0	nan	0.00	0.01	3.47	89.76	93.09	0.00	37	0	42	0.00	0.00	58.73	7.34	0.00	0.00	2000
73	6.49	1132	2097	0.00	177	0	0	0	nan	0.00	0.04	3.45	89.94	93.51	0.00	37	0	42	0.00	0.00	58.28	7.16	0.00	0.00	2000
74	6.60	1126	2102	0.00	197	0	0	0	nan	0.00	0.00	3.20	90.26	93.40	0.00	37	0	42	0.00	0.00	59.26	7.55	0.00	0.00	2000
72	6.72	1074	2088	0.00	193	0	0	0	nan	0.00	0.00	2.79	90.01	93.28	0.00	37	0	42	0.00	0.00	58.24	7.27	0.00	0.00	2000
72	6.76	1057	2101	0.00	212	0	0	0	nan	0.00	0.06	3.35	90.00	93.24	0.00	37	0	42	0.00	0.00	59.70	7.50	0.00	0.00	2000
73	6.50	1107	2117	0.00	194	0	0	0	nan	0.00	0.02	2.57	91.53	93.50	0.00	37	0	42	0.00	0.00	59.31	7.40	0.00	0.00	2000
74	6.30	1170	2103	0.00	194	0	0	0	nan	0.00	0.00	2.25	91.42	93.70	0.00	37	0	43	0.00	0.00	58.05	7.58	0.00	0.00	2000
70	6.56	1085	2076	0.00	193	0	0	0	nan	0.00	0.02	2.64	89.77	93.44	0.00	37	0	42	0.00	0.00	60.52	7.47	0.00	0.00	2000
70	6.83	1029	2101	0.00	209	0	0	0	nan	0.00	0.00	3.31	89.92	93.17	0.00	37	0	43	0.00	0.00	60.38	7.59	0.00	0.00	2000
72	6.80	1054	2109	0.00	193	0	0	0	nan	0.00	0.02	2.85	90.72	93.20	0.00	37	0	43	0.00	0.00	59.83	7.48	0.00	0.00	2000
72	6.66	1082	2095	0.00	193	0	0	0	nan	0.00	0.00	3.17	90.06	93.34	0.00	37	0	42	0.00	0.00	58.19	7.28	0.00	0.00	2000
72	6.67	1079	2116	0.00	195	0	0	1	86.80	0.00	0.01	2.49	91.56	93.33	0.00	37	0	42	0.00	0.00	58.98	7.52	0.00	0.00	2000
73	6.59	1107	2092	0.29	193	0	0	1	87.31	0.00	0.00	2.07	90.94	93.41	0.00	37	0	42	0.00	0.00	57.11	7.46	0.00	0.00	2000
115	7.77	1490	2089	0.00	206	0	0	0	nan	0.00	0.01	4.16	87.58	92.23	0.00	38	0	43	0.00	0.00	60.63	7.52	0.00	0.00	2000
232	11.35	2028	2117	0.00	273	0	0	0	nan	0.00	0.00	6.27	83.18	88.65	0.00	40	0	42	0.00	0.00	69.30	8.04	0.00	0.00	2000
225	11.17	2035	2082	0.00	202	0	0	0	nan	0.00	0.00	4.55	83.60	88.83	0.00	40	0	42	0.00	0.00	63.90	7.36	0.00	0.00	2000
236	11.66	2003	2122	0.00	202	0	0	0	nan	0.00	0.00	2.73	86.59	88.34	0.00	41	0	42	0.00	0.00	64.35	7.31	0.00	0.00	2000
235	11.38	2069	2100	0.00	204	0	0	0	nan	0.00	0.00	3.64	85.06	88.62	0.00	39	0	43	0.00	0.00	65.11	7.40	0.00	0.00	2000
229	11.40	2043	2060	0.00	198	0	0	0	nan	0.00	0.01	6.38	80.71	88.60	0.00	38	0	42	0.00	0.00	63.60	7.55	0.00	0.00	2000
230	10.90	2090	2123	0.00	217	0	0	0	nan	0.00	0.01	4.77	85.40	89.10	0.00	38	0	42	0.00	0.00	67.67	7.90	0.00	0.00	2000
234	11.13	2096	2104	0.00	198	0	0	0	nan	0.00	0.03	5.36	83.76	88.87	0.00	37	0	43	0.00	0.00	66.47	7.68	0.00	0.00	2000
235	11.06	2108	2117	0.00	204	0	0	0	nan	0.00	0.02	4.25	85.51	88.94	0.00	37	0	43	0.00	0.00	67.74	7.77	0.00	0.00	2000
230	11.24	2047	2097	0.00	198	0	0	0	nan	0.00	0.03	4.43	84.31	88.76	0.00	38	0	42	0.00	0.00	66.49	7.57	0.00	0.00	2000
230	11.42	2012	2099	0.00	197	0	0	0	nan	0.01	0.01	3.34	85.31	88.58	0.00	38	0	43	0.00	0.00	64.79	7.34	0.00	0.00	2000
229	11.15	2099	2051	0.00	196	0	0	0	nan	0.00	0.00	3.90	82.91	88.85	0.00	38	0	43	0.00	0.00	63.23	7.27	0.00	0.00	2000
231	10.88	2076	2146	0.00	213	0	0	0	nan	0.00	0.00	4.60	86.56	89.12	0.00	38	0	42	0.00	0.00	68.84	7.84	0.00	0.00	2000
228	11.40	2040	2055	0.00	203	0	0	0	nan	0.00	0.00	3.60	83.23	88.60	0.00	38	0	43	0.00	0.00	62.67	7.26	0.00	0.00	2000
233	10.98	2078	2143	0.00	215	0	0	0	nan	0.00	0.02	6.41	84.57	89.02	0.00	38	0	42	0.00	0.00	68.41	7.86	0.00	0.00	2000
228	11.11	2044	2111	0.33	197	0	0	9	80.57	0.00	0.00	5.73	83.71	88.89	0.00	39	0	43	0.00	0.00	65.01	7.43	0.00	0.00	2000
230	11.01	2093	2093	0.51	197	0	0	3	93.29	0.00	0.02	4.80	83.98	88.99	0.00	39	0	42	0.00	0.00	65.81	7.65	0.00	0.00	2000
234	11.34	2056	2108	0.00	199	0	0	0	nan	0.00	0.00	5.58	83.53	88.66	0.00	38	0	43	0.00	0.00	65.99	7.58	0.00	0.00	2000
232	11.25	2072	2086	0.00	200	0	0	0	nan	0.00	0.00	6.07	82.25	88.75	0.00	38	0	43	0.00	0.00	65.49	7.79	0.00	0.00	2000
230	11.02	2083	2107	0.00	199	0	0	0	nan	0.00	0.00	5.46	83.96	88.98	0.00	39	0	42	0.00	0.00	66.11	7.63	0.00	0.00	2000
233	11.37	2052	2099	0.00	198	0	0	0	nan	0.00	0.00	5.74	82.89	88.63	0.00	40	0	42	0.00	0.00	64.71	7.62	0.00	0.00	2000
229	10.97	2098	2091	0.00	196	0	0	0	nan	0.00	0.00	4.54	84.24	89.03	0.00	40	0	43	0.00	0.00	64.50	7.47	0.00	0.00	2000
233	11.50	2048	2077	0.00	200	0	0	0	nan	0.01	0.04	2.20	85.42	88.50	0.00	40	0	42	0.00	0.00	65.16	7.57	0.00	0.00	2000
234	10.91	2109	2138	0.00	218	0	0	0	nan	0.00	0.00	6.26	84.48	89.09	0.00	40	0	43	0.00	0.00	69.48	8.02	0.00	0.00	2000
229	11.24	2051	2084	0.00	197	0	0	0	nan	0.00	0.53	5.10	82.68	88.76	0.00	40	0	42	0.00	0.00	65.49	7.77	0.00	0.00	2000
232	11.12	2071	2118	0.00	196	0	0	0	nan	0.00	0.00	5.92	83.81	88.88	0.00	40	0	42	0.00	0.00	66.70	7.63	0.00	0.00	2000
232	11.20	2073	2099	0.00	202	0	0	0	nan	0.00	0.00	6.50	82.39	88.80	0.00	40	0	42	0.00	0.00	66.65	7.64	0.00	0.00	2000
233	11.50	2032	2093	0.00	199	0	0	0	nan	0.00	0.00	6.86	81.44	88.50	0.00	40	0	43	0.00	0.00	63.87	7.37	0.00	0.00	2000
226	11.23	2004	2108	0.00	204	0	0	0	nan	0.00	0.00	7.45	81.78	88.77	0.00	38	0	43	0.00	0.00	64.91	7.41	0.00	0.00	2000
241	11.61	2079	2099	0.00	195	0	0	0	nan	0.04	0.02	8.19	80.19	88.39	0.00	39	0	43	0.00	0.00	65.48	7.46	0.00	0.00	2000
223	11.10	2008	2100	0.00	197	0	0	0	nan	0.00	0.00	4.65	84.39	88.90	0.00	40	0	42	0.00	0.00	65.77	7.57	0.00	0.00	2000
222	10.93	2034	2097	0.00	196	0	0	0	nan	0.00	0.00	6.45	82.52	89.07	0.00	40	0	42	0.00	0.00	64.47	7.58	0.00	0.00	2000
224	11.43	1960	2103	0.12	196	0	0	2	62.87	0.00	0.00	5.85	83.03	88.57	0.00	40	0	43	0.00	0.00	65.20	7.90	0.00	0.00	2000
224	10.64	2100	2101	0.83	201	0	0	2	75.88	0.00	0.00	5.51	83.80	89.36	0.00	40	0	43	0.00	0.00	65.08	7.68	0.00	0.00	2000
223	11.28	1971	2103	0.00	197	0	0	0	nan	0.00	0.00	5.94	83.03	88.72	0.00	40	0	43	0.00	0.00	66.69	7.82	0.00	0.00	2000
223	10.80	2065	2097	0.00	196	0	0	0	nan	0.00	0.02	5.49	83.70	89.20	0.00	40	0	43	0.00	0.00	65.11	7.78	0.00	0.00	2000
221	11.05	2006	2096	0.00	195	0	0	0	nan	0.00	0.02	5.42	83.43	88.95	0.00	41	0	42	0.00	0.00	62.03	7.47	0.00	0.00	2000
227	11.43	1977	2107	0.00	195	0	0	0	nan	0.00	0.02	6.25	82.75	88.57	0.00	40	0	43	0.00	0.00	67.61	7.94	0.00	0.00	2000
227	10.96	2077	2096	0.00	201	0	0	0	nan	0.00	2.69	2.36	84.13	89.04	0.00	41	0	43	0.00	0.00	66.17	7.77	0.00	0.00	2000
222	11.14	1993	2102	0.00	198	0	0	0	nan	0.00	0.00	5.89	83.20	88.86	0.00	41	0	43	0.00	0.00	63.93	7.63	0.00	0.00	2000
221	11.06	1997	2102	0.00	196	0	0	0	nan	0.00	0.00	5.60	83.54	88.94	0.00	41	0	42	0.00	0.00	63.58	7.53	0.00	0.00	2000
221	10.86	2040	2095	0.00	195	0	0	0	nan	0.00	0.01	5.42	83.60	89.14	0.00	41	0	43	0.00	0.00	66.60	7.77	0.00	0.00	2000
226	11.36	1990	2099	0.00	198	0	0	0	nan	0.00	0.00	5.66	83.04	88.64	0.00	40	0	42	0.00	0.00	65.51	7.83	0.00	0.00	2000
223	11.15	1998	2102	0.00	214	0	0	0	nan	0.00	0.00	8.43	80.65	88.85	0.00	40	0	43	0.00	0.00	65.49	7.80	0.00	0.00	2000
222	10.79	2053	2102	0.00	196	0	0	0	nan	0.00	0.02	7.42	81.87	89.21	0.00	41	0	43	0.00	0.00	66.35	7.85	0.00	0.00	2000
221	10.93	2024	2096	0.00	197	0	0	0	nan	0.00	0.02	4.57	84.43	89.07	0.00	41	0	42	0.00	0.00	62.55	7.35	0.00	0.00	2000
222	11.07	2002	2101	0.00	196	0	0	0	nan	0.00	0.00	4.62	84.45	88.93	0.00	41	0	43	0.00	0.00	63.16	7.59	0.00	0.00	2000
224	10.95	2059	2088	0.00	199	0	0	0	nan	0.00	0.20	10.73	77.68	89.05	0.00	41	0	42	0.00	0.00	64.34	7.82	0.00	0.00	2000
225	11.08	2022	2112	0.00	200	0	0	0	nan	0.04	0.02	7.50	82.00	88.92	0.00	41	0	43	0.00	0.00	66.66	7.56	0.00	0.00	2000
219	11.13	2038	2028	0.01	197	0	0	13	13.53	0.04	0.00	8.67	77.21	88.87	0.00	41	0	43	0.00	0.00	62.70	7.95	0.00	0.00	2000
222	11.00	1965	2160	1.62	195	0	0	10	17.57	0.00	0.01	4.21	87.48	89.00	0.00	41	0	42	0.00	0.00	71.30	9.04	0.00	0.00	2000
221	11.35	1941	2106	0.00	197	0	0	0	nan	0.00	0.00	6.54	82.48	88.65	0.00	41	0	43	0.00	0.00	65.53	8.49	0.00	0.00	2000
219	10.93	2032	2073	0.00	196	0	0	0	nan	0.00	2.16	2.98	82.91	89.07	0.00	41	0	42	0.00	0.00	65.82	8.44	0.00	0.00	2000
224	10.63	2097	2110	0.00	200	0	0	0	nan	0.00	0.88	2.62	86.45	89.37	0.00	41	0	43	0.00	0.00	65.83	8.39	0.00	0.00	2000
220	11.03	2008	2087	0.00	198	0	0	0	nan	0.00	0.11	8.55	79.90	88.97	0.00	42	0	43	0.00	0.00	65.85	8.35	0.00	0.00	2000
222	10.57	2083	2113	0.00	198	0	0	0	nan	0.00	0.00	5.73	84.21	89.43	0.00	42	0	42	0.00	0.00	65.74	8.13	0.00	0.00	2000
221	10.92	2011	2110	0.00	197	0	0	0	nan	0.00	0.02	4.62	84.97	89.08	0.00	41	0	43	0.00	0.00	66.09	8.09	0.00	0.00	2000
220	11.16	1966	2107	0.00	197	0	0	0	nan	0.00	0.00	5.52	83.73	88.84	0.00	42	0	43	0.00	0.00	65.55	8.13	0.00	0.00	2000
224	11.26	1990	2103	0.00	199	0	0	0	nan	0.04	0.00	7.31	81.70	88.74	0.00	41	0	42	0.00	0.00	66.01	8.31	0.00	0.00	2000
216	11.50	2005	1969	0.00	198	0	0	0	nan	0.00	0.50	8.05	74.51	88.50	0.00	41	0	42	0.00	0.00	60.97	7.75	0.00	0.00	2000
223	10.56	1999	2214	0.00	212	0	0	0	nan	0.00	0.00	7.82	86.52	89.44	0.00	41	0	43	0.00	0.00	71.47	9.00	0.00	0.00	2000
217	11.06	2062	1995	0.00	199	0	0	0	nan	0.00	0.00	4.92	79.60	88.94	0.00	42	0	43	0.00	0.00	60.96	7.71	0.00	0.00	2000
226	10.64	1991	2235	0.00	213	0	0	0	nan	0.00	0.17	7.53	87.46	89.36	0.00	41	0	43	0.00	0.00	71.97	9.18	0.00	0.00	2000
221	10.98	2034	2083	0.00	198	0	0	0	nan	0.04	1.00	9.32	78.06	89.02	0.00	42	0	42	0.00	0.00	65.99	8.51	0.00	0.00	2000
220	10.87	2037	2090	0.00	198	0	0	0	nan	0.00	0.02	6.03	82.83	89.13	0.00	42	0	42	0.00	0.00	63.11	7.96	0.00	0.00	2000
221	10.60	2059	2126	0.00	196	0	0	0	nan	0.00	0.00	5.37	85.11	89.40	0.00	41	0	42	0.00	0.00	66.82	8.39	0.00	0.00	2000
219	10.89	2037	2077	0.01	195	0	0	14	25.05	0.00	2.11	3.57	82.60	89.11	0.00	41	0	43	0.00	0.00	62.99	7.76	0.00	0.00	2000
226	10.76	2087	2113	1.59	198	0	0	10	22.20	0.00	0.01	6.13	83.70	89.24	0.00	41	0	42	0.00	0.00	68.81	8.71	0.00	0.00	2000
248	11.86	2113	2075	0.00	207	0	0	0	nan	0.00	2.85	6.67	77.73	88.14	0.00	41	0	42	0.00	0.00	65.03	7.95	0.00	0.00	2000
217	11.16	2044	2001	0.00	197	0	0	0	nan	0.00	0.10	6.24	78.38	88.84	0.00	42	0	42	0.00	0.00	65.75	8.43	0.00	0.00	2000
224	10.53	2019	2216	0.00	214	0	0	0	nan	0.00	0.00	6.77	87.63	89.47	0.00	42	0	42	0.00	0.00	66.35	8.43	0.00	0.00	2000
221	10.91	1997	2136	0.00	195	0	0	0	nan	0.00	0.02	6.08	84.59	89.09	0.00	42	0	42	0.00	0.00	68.76	8.76	0.00	0.00	2000
218	11.64	2020	1948	0.00	201	0	0	0	nan	0.00	0.32	7.11	74.63	88.36	0.00	42	0	43	0.00	0.00	60.92	7.76	0.00	0.00	2000
216	11.48	2041	1936	0.00	214	0	0	0	nan	0.04	0.00	8.30	73.34	88.52	0.00	42	0	43	0.00	0.00	58.94	7.47	0.00	0.00	2000
224	10.24	2009	2281	0.00	228	0	0	0	nan	0.00	0.02	5.19	92.35	89.76	0.00	41	0	43	0.00	0.00	71.45	9.04	0.00	0.00	2000
228	10.70	1995	2239	0.00	214	0	0	0	nan	0.00	0.02	6.89	88.34	89.30	0.00	42	0	43	0.00	0.00	71.34	9.02	0.00	0.00	2000
221	10.79	2046	2104	0.00	196	0	0	0	nan	0.00	0.00	8.05	81.30	89.21	0.00	41	0	42	0.00	0.00	65.97	8.37	0.00	0.00	2000
220	11.07	1995	2094	0.00	195	0	0	0	nan	0.00	0.00	6.48	82.30	88.93	0.00	41	0	42	0.00	0.00	66.19	8.27	0.00	0.00	2000
220	10.89	2030	2090	0.00	196	0	0	0	nan	0.00	0.00	4.80	84.06	89.11	0.00	41	0	42	0.00	0.00	65.85	8.31	0.00	0.00	2000
216	11.23	2024	1993	0.00	196	0	0	0	nan	0.00	0.00	5.28	79.03	88.77	0.00	42	0	43	0.00	0.00	63.77	8.09	0.00	0.00	2000
227	10.73	2007	2212	0.00	212	0	0	0	nan	0.00	0.12	2.65	91.40	89.27	0.00	42	0	43	0.00	0.00	68.70	8.73	0.00	0.00	2000
220	10.74	2038	2111	0.00	197	0	0	0	nan	0.00	0.00	4.80	85.00	89.26	0.00	42	0	42	0.00	0.00	66.66	8.51	0.00	0.00	2000
220	10.98	2020	2085	0.00	197	0	0	0	nan	0.00	0.01	6.28	82.23	89.02	0.00	42	0	43	0.00	0.00	66.18	8.45	0.00	0.00	2000
222	10.76	2029	2136	0.72	195	0	0	22	28.17	0.00	0.00	5.79	85.04	89.24	0.00	42	0	43	0.00	0.00	65.50	8.11	0.00	0.00	2000
218	11.84	1985	1952	0.28	200	0	0	0	nan	0.00	0.02	5.06	76.91	88.16	0.00	41	0	43	0.00	0.00	60.93	7.27	0.00	0.00	2000
226	11.00	1967	2194	0.00	214	0	0	0	nan	0.00	0.02	7.28	85.84	89.00	0.00	39	0	43	0.00	0.00	68.96	8.11	0.00	0.00	2000
227	11.01	1998	2164	0.00	211	0	0	0	nan	0.00	0.02	8.03	83.84	88.99	0.00	39	0	43	0.00	0.00	67.11	7.78	0.00	0.00	2000
231	11.16	2067	2102	0.00	200	0	0	0	nan	0.00	0.00	7.02	81.86	88.84	0.00	38	0	42	0.00	0.00	64.98	7.51	0.00	0.00	2000
228	11.03	2073	2096	0.00	200	0	0	0	nan	0.00	0.00	5.08	83.82	88.97	0.00	39	0	42	0.00	0.00	66.72	7.70	0.00	0.00	2000
233	11.34	2049	2109	0.00	202	0	0	0	nan	0.00	0.00	4.49	84.53	88.66	0.00	39	0	43	0.00	0.00	64.58	7.38	0.00	0.00	2000
227	11.09	2052	2095	0.00	195	0	0	0	nan	0.00	0.00	4.87	83.97	88.91	0.00	39	0	43	0.00	0.00	65.17	7.44	0.00	0.00	2000
227	10.90	2092	2096	0.00	196	0	0	0	nan	0.00	0.00	4.67	84.34	89.11	0.00	39	0	43	0.00	0.00	66.14	7.55	0.00	0.00	2000
228	11.18	2033	2104	0.00	199	0	0	0	nan	0.00	0.02	2.61	86.47	88.82	0.00	39	0	43	0.00	0.00	65.03	7.46	0.00	0.00	2000
228	11.19	2036	2103	0.00	196	0	0	0	nan	0.00	0.57	2.28	86.24	88.81	0.00	39	0	42	0.00	0.00	64.90	7.44	0.00	0.00	2000
229	11.45	2001	2098	0.00	197	0	0	0	nan	0.00	0.00	3.80	84.82	88.55	0.00	39	0	43	0.00	0.00	65.19	7.52	0.00	0.00	2000
228	11.34	2011	2102	0.00	199	0	0	0	nan	0.00	0.00	4.80	84.02	88.66	0.00	39	0	43	0.00	0.00	64.56	7.31	0.00	0.00	2000
226	11.07	2059	2087	0.00	198	0	0	0	nan	0.00	0.01	5.76	82.59	88.93	0.00	40	0	43	0.00	0.00	66.19	7.68	0.00	0.00	2000
230	11.13	2065	2103	0.00	201	1	0	0	nan	0.00	0.02	4.66	84.44	88.87	0.00	40	0	43	0.00	0.00	65.41	7.50	0.00	0.00	2000
227	11.17	2035	2100	0.00	196	0	0	0	nan	0.00	0.00	5.07	83.85	88.83	0.00	39	0	43	0.00	0.00	65.90	7.64	0.00	0.00	2000
229	11.08	2065	2099	0.00	199	0	0	0	nan	0.00	0.00	5.63	83.31	88.92	0.00	39	0	43	0.00	0.00	59.69	6.79	0.00	0.00	2000
228	11.35	2044	2068	0.41	202	0	0	1	84.17	0.00	0.01	6.14	81.25	88.65	0.00	40	0	43	0.00	0.00	65.61	7.53	0.00	0.00	2000
231	10.98	2066	2140	0.26	197	0	0	0	nan	0.00	0.00	6.29	84.56	89.02	0.00	39	0	43	0.00	0.00	69.06	8.01	0.00	0.00	2000
232	11.36	2038	2103	0.00	196	0	0	0	nan	0.00	0.02	2.24	86.58	88.64	0.00	39	0	43	0.00	0.00	65.87	7.72	0.00	0.00	2000
228	11.28	2037	2080	0.00	210	0	0	0	nan	0.01	0.04	3.80	84.19	88.72	0.00	39	0	43	0.00	0.00	63.95	7.65	0.00	0.00	2000
82	7.29	1113	2120	0.00	218	0	0	0	nan	0.00	0.00	7.93	85.68	92.71	0.00	38	0	43	0.00	0.00	61.97	7.79	0.00	0.00	2000
127	8.43	1549	2036	0.00	206	0	0	0	nan	0.00	0.21	4.67	83.95	91.57	0.00	38	0	42	0.00	0.00	59.22	7.22	0.00	0.00	2000
230	10.89	2059	2157	0.00	214	0	0	0	nan	0.00	0.02	7.10	84.57	89.11	0.00	39	0	43	0.00	0.00	67.86	7.76	0.00	0.00	2000
231	11.06	2080	2107	0.00	205	0	0	0	nan	0.00	0.03	7.44	81.94	88.94	0.00	39	0	42	0.00	0.00	65.91	7.50	0.00	0.00	2000
189	10.08	1875	2102	0.00	205	0	0	0	nan	0.00	0.00	8.25	81.83	89.92	0.00	38	0	43	0.00	0.00	63.14	7.23	0.00	0.00	2000
78	6.95	1131	2093	0.00	202	0	0	0	nan	0.00	0.00	7.28	85.66	93.05	0.00	38	0	42	0.00	0.00	58.95	7.44	0.00	0.00	2000
138	8.67	1607	2082	0.00	203	0	0	0	nan	0.00	0.02	7.68	82.92	91.33	0.00	38	0	42	0.00	0.00	57.50	7.21	0.00	0.00	2000
230	11.33	2039	2092	0.00	198	0	0	0	nan	0.00	0.00	6.83	81.61	88.67	0.00	39	0	43	0.00	0.00	65.56	7.57	0.00	0.00	2000
227	11.05	2071	2086	0.00	202	0	0	0	nan	0.00	0.01	3.02	85.49	88.95	0.00	39	0	43	0.00	0.00	64.66	7.53	0.00	0.00	2000
230	11.38	2032	2086	0.00	215	0	0	0	nan	0.00	0.02	6.77	81.35	88.62	0.00	39	0	43	0.00	0.00	65.25	7.46	0.00	0.00	2000
230	10.56	2120	2157	0.00	217	0	0	0	nan	0.00	0.06	4.34	87.65	89.44	0.00	39	0	43	0.00	0.00	63.28	7.42	0.00	0.00	2000
227	11.08	2057	2092	0.00	196	0	0	0	nan	0.00	0.00	6.51	82.14	88.92	0.00	39	0	43	0.00	0.00	64.81	7.40	0.00	0.00	2000
223	11.18	2018	2074	0.00	198	0	0	2	53.19	0.00	0.00	7.84	80.04	88.82	0.00	38	0	42	0.00	0.00	55.62	6.74	0.00	0.00	2000
234	11.11	2050	2156	0.78	265	0	0	7	58.60	0.00	0.48	5.98	84.92	88.89	0.00	39	0	42	0.00	0.00	82.09	9.15	0.00	0.00	2000
265	13.49	2077	1984	0.00	198	0	0	0	nan	0.00	0.12	4.67	77.16	86.51	0.00	39	0	43	0.00	0.00	59.86	6.97	0.00	0.00	2000
180	9.45	1791	2233	0.00	250	0	0	0	nan	0.00	0.88	9.62	85.98	90.55	0.00	38	0	42	0.00	0.00	71.83	8.46	0.00	0.00	2000
115	8.63	1350	2067	0.00	190	0	0	0	nan	0.00	0.02	9.49	80.54	91.37	0.00	37	0	43	0.00	0.00	57.71	6.92	0.00	0.00	2000
