Avg_MHz	Busy%	Bzy_MHz	TSC_MHz	IPC	IRQ	NMI	SMI	LLCMRPS	LLC%hit	POLL%	C1%	C1E%	C6%	CPU%c1	CPU%c6	CoreTmp	CoreThr	PkgTmp	Pkg%pc2	Pkg%pc6	PkgWatt	RAMWatt	PKG_%	RAM_%	UncMHz
326	17.45	1952	2009	0.00	226	0	0	0	nan	0.00	0.86	28.83	49.39	82.55	0.00	38	0	43	0.00	0.00	57.83	6.94	0.00	0.00	2000
376	16.36	2182	2215	0.00	245	0	0	0	nan	0.04	1.96	23.52	62.97	83.64	0.00	38	0	43	0.00	0.00	77.09	8.29	0.00	0.00	2000
78	7.39	1049	2106	0.00	195	0	0	0	nan	0.00	0.02	8.59	84.38	92.61	0.00	38	0	42	0.00	0.00	58.69	7.41	0.00	0.00	2000
74	6.62	1099	2135	0.00	209	0	0	0	nan	0.00	0.00	4.57	90.28	93.38	0.00	38	0	43	0.00	0.00	58.25	7.43	0.00	0.00	2000
74	6.73	1094	2100	0.00	193	0	0	0	nan	0.00	0.03	3.40	89.91	93.27	0.00	37	0	42	0.00	0.00	59.50	7.53	0.00	0.00	2000
71	6.91	1035	2094	0.00	193	0	0	0	nan	0.00	0.00	3.64	89.31	93.09	0.00	37	0	43	0.00	0.00	58.51	7.38	0.00	0.00	2000
72	6.81	1074	2071	0.00	194	0	0	0	nan	0.00	0.00	3.22	88.71	93.19	0.00	37	0	43	0.00	0.00	58.43	7.35	0.00	0.00	2000
72	6.77	1049	2132	0.00	194	0	0	0	nan	0.00	0.02	2.79	91.90	93.23	0.00	37	0	42	0.00	0.00	61.94	7.83	0.00	0.00	2000
73	6.66	1104	2086	0.00	193	0	0	0	nan	0.00	0.02	2.85	89.89	93.34	0.00	37	0	43	0.00	0.00	58.52	7.41	0.00	0.00	2000
72	6.63	1076	2121	0.00	193	0	0	0	nan	0.00	0.02	2.66	91.67	93.37	0.00	38	0	42	0.00	0.00	57.60	7.40	0.00	0.00	2000
79	6.73	1177	2082	0.00	196	0	0	0	nan	0.00	0.02	4.02	88.46	93.27	0.00	38	0	43	0.00	0.00	58.62	7.29	0.00	0.00	2000
72	7.02	1016	2116	0.00	193	0	0	0	nan	0.00	0.02	2.68	91.15	92.98	0.00	37	0	43	0.00	0.00	59.45	7.45	0.00	0.00	2000
73	6.82	1065	2099	0.00	193	0	0	0	nan	0.00	0.02	3.15	90.16	93.18	0.00	37	0	43	0.00	0.00	58.55	7.52	0.00	0.00	2000
73	6.60	1099	2107	0.00	193	0	0	0	nan	0.00	0.01	3.09	90.59	93.40	0.00	37	0	42	0.00	0.00	58.91	7.48	0.00	0.00	2000
73	6.54	1119	2091	0.00	192	0	0	0	nan	0.00	0.02	3.20	89.92	93.46	0.00	37	0	43	0.00	0.00	56.80	7.35	0.00	0.00	2000
71	6.79	1042	2104	0.00	194	0	0	1	88.68	0.00	0.00	2.52	90.97	93.21	0.00	37	0	42	0.00	0.00	59.58	7.63	0.00	0.00	2000
74	7.04	1051	2099	0.10	194	0	0	2	80.22	0.00	0.00	3.75	89.25	92.96	0.00	37	0	43	0.00	0.00	59.06	7.35	0.00	0.00	2000
72	6.79	1061	2102	0.00	194	0	0	0	nan	0.00	0.00	3.22	89.99	93.21	0.00	38	0	43	0.00	0.00	59.40	7.52	0.00	0.00	2000
148	8.36	1774	2095	0.00	213	0	0	0	nan	0.00	0.79	5.27	85.46	91.64	0.00	39	0	42	0.00	0.00	62.15	7.46	0.00	0.00	2000
230	11.30	2035	2104	0.00	202	0	0	0	nan	0.00	0.02	3.09	85.96	88.70	0.00	40	0	43	0.00	0.00	66.10	7.69	0.00	0.00	2000
230	10.98	2090	2105	0.00	203	0	0	0	nan	0.00	0.00	2.91	86.44	89.02	0.00	40	0	43	0.00	0.00	62.24	7.16	0.00	0.00	2000
230	11.03	2096	2093	0.00	212	0	0	0	nan	0.00	0.00	4.00	84.78	88.97	0.00	40	0	43	0.00	0.00	68.29	7.63	0.00	0.00	2000
235	11.43	2057	2097	0.00	197	0	0	0	nan	0.00	1.00	4.47	83.21	88.57	0.00	39	0	42	0.00	0.00	64.99	7.92	0.00	0.00	2000
230	11.01	2095	2090	0.00	197	0	0	0	nan	0.00	0.54	5.68	82.46	88.99	0.00	38	0	43	0.00	0.00	65.42	7.80	0.00	0.00	2000
233	11.47	2023	2110	0.00	197	0	0	0	nan	0.00	1.10	2.69	85.43	88.53	0.00	38	0	42	0.00	0.00	65.68	7.76	0.00	0.00	2000
225	11.30	2026	2066	0.00	195	0	0	0	nan	0.00	0.00	5.56	81.92	88.70	0.00	38	0	43	0.00	0.00	66.66	7.60	0.00	0.00	2000
239	11.60	2021	2139	0.00	198	0	0	0	nan	0.00	0.00	4.84	85.39	88.40	0.00	37	0	42	0.00	0.00	65.39	7.69	0.00	0.00	2000
224	11.43	2016	2039	0.00	201	0	0	0	nan	0.00	1.40	4.03	80.82	88.57	0.00	38	0	42	0.00	0.00	62.85	7.32	0.00	0.00	2000
230	11.31	1987	2148	0.00	211	0	0	0	nan	0.00	0.00	5.25	85.68	88.69	0.00	38	0	42	0.00	0.00	67.62	7.77	0.00	0.00	2000
230	11.37	2013	2113	0.00	198	0	0	0	nan	0.00	0.00	4.20	85.14	88.63	0.00	38	0	43	0.00	0.00	65.59	7.28	0.00	0.00	2000
228	11.09	2070	2088	0.00	196	0	0	0	nan	0.00	0.00	4.45	84.04	88.91	0.00	38	0	43	0.00	0.00	66.02	7.35	0.00	0.00	2000
232	11.50	2005	2109	0.00	200	0	0	0	nan	0.00	0.00	5.20	83.86	88.50	0.00	39	0	43	0.00	0.00	65.40	7.47	0.00	0.00	2000
229	11.32	2023	2100	0.00	199	0	0	1	91.39	0.00	0.00	5.45	83.34	88.68	0.00	38	0	43	0.00	0.00	64.99	7.64	0.00	0.00	2000
230	11.09	2084	2089	0.67	197	0	0	17	84.55	0.00	0.00	4.21	84.35	88.91	0.00	39	0	43	0.00	0.00	66.08	7.61	0.00	0.00	2000
230	11.20	2045	2112	0.00	197	0	0	0	nan	0.00	0.02	4.90	84.55	88.80	0.00	39	0	43	0.00	0.00	65.85	7.63	0.00	0.00	2000
230	11.26	2048	2093	0.00	198	0	0	0	nan	0.00	0.02	6.47	82.15	88.74	0.00	39	0	42	0.00	0.00	64.93	7.36	0.00	0.00	2000
235	11.55	2029	2103	0.00	201	0	0	0	nan	0.02	0.00	7.79	80.87	88.45	0.00	39	0	42	0.00	0.00	64.62	7.41	0.00	0.00	2000
229	11.15	2065	2085	0.00	204	0	0	0	nan	0.00	0.00	7.16	81.28	88.85	0.00	38	0	43	0.00	0.00	63.41	7.32	0.00	0.00	2000
231	11.31	2032	2108	0.00	195	0	0	0	nan	0.00	0.00	6.85	82.31	88.69	0.00	39	0	43	0.00	0.00	65.62	7.70	0.00	0.00	2000
232	11.25	2051	2114	0.00	196	0	0	0	nan	0.00	0.00	6.92	82.49	88.75	0.00	39	0	42	0.00	0.00	66.12	7.61	0.00	0.00	2000
235	11.40	2067	2097	0.00	183	0	0	0	nan	0.00	0.00	5.36	83.30	88.60	0.00	39	0	42	0.00	0.00	64.56	7.21	0.00	0.00	2000
228	11.48	2028	2053	0.00	194	0	0	0	nan	0.00	0.02	5.29	81.37	88.52	0.00	40	0	43	0.00	0.00	64.03	7.56	0.00	0.00	2000
234	11.07	2063	2154	0.00	219	0	0	0	nan	0.00	0.00	5.28	85.93	88.93	0.00	40	0	43	0.00	0.00	68.34	7.88	0.00	0.00	2000
224	11.11	2053	2062	0.00	199	0	0	0	nan	0.00	0.02	4.56	82.87	88.89	0.00	39	0	43	0.00	0.00	63.88	7.42	0.00	0.00	2000
236	11.16	2084	2134	0.00	215	0	0	0	nan	0.00	0.00	3.42	86.95	88.84	0.00	39	0	43	0.00	0.00	67.29	8.06	0.00	0.00	2000
231	11.20	2091	2073	0.00	182	0	0	0	nan	0.00	0.00	4.10	83.65	88.80	0.00	39	0	43	0.00	0.00	63.86	7.34	0.00	0.00	2000
233	10.58	2168	2134	0.00	214	0	0	0	nan	0.00	0.00	7.37	83.61	89.42	0.00	39	0	43	0.00	0.00	69.76	8.04	0.00	0.00	2000
228	11.15	2060	2086	0.00	201	0	0	0	nan	0.01	0.02	5.67	82.78	88.85	0.00	39	0	43	0.00	0.00	61.83	7.26	0.00	0.00	2000
231	11.26	2046	2103	0.00	199	0	0	0	nan	0.00	0.00	5.17	83.78	88.74	0.00	39	0	43	0.00	0.00	67.27	7.81	0.00	0.00	2000
236	11.48	2053	2107	0.00	199	0	0	0	nan	0.00	0.00	5.94	82.97	88.52	0.00	38	0	43	0.00	0.00	64.60	7.70	0.00	0.00	2000
235	11.17	2130	2078	0.61	195	0	0	6	63.17	0.00	0.00	7.16	80.73	88.83	0.00	38	0	43	0.00	0.00	62.69	7.45	0.00	0.00	2000
235	11.29	2068	2115	0.11	194	0	0	0	nan	0.00	0.00	7.45	81.96	88.71	0.00	38	0	43	0.00	0.00	68.56	8.23	0.00	0.00	2000
233	11.23	2072	2102	0.00	199	0	0	0	nan	0.01	0.00	8.50	80.51	88.77	0.00	39	0	43	0.00	0.00	65.15	7.66	0.00	0.00	2000
232	11.23	2063	2105	0.00	197	0	0	0	nan	0.00	0.00	8.34	80.72	88.77	0.00	39	0	43	0.00	0.00	64.18	7.55	0.00	0.00	2000
231	11.11	2085	2098	0.00	179	0	0	0	nan	0.00	0.00	8.41	80.50	88.89	0.00	39	0	43	0.00	0.00	66.46	7.71	0.00	0.00	2000
436	20.41	2349	1912	0.00	211	0	0	0	nan	0.00	1.43	6.16	65.04	79.59	0.00	41	0	42	0.00	0.00	63.25	7.22	0.00	0.00	2000
687	27.47	2500	2102	0.00	263	0	0	0	nan	0.00	0.00	3.59	69.12	72.53	0.00	42	0	43	0.00	0.00	79.99	8.83	0.00	0.00	2000
685	27.38	2500	2100	0.00	252	0	0	0	nan	0.00	0.00	3.49	69.25	72.62	0.00	42	0	43	0.00	0.00	79.00	8.29	0.00	0.00	2000
685	27.42	2500	2100	0.00	244	0	0	0	nan	0.00	0.00	2.68	70.01	72.58	0.00	42	0	43	0.00	0.00	78.08	8.21	0.00	0.00	2000
685	27.38	2500	2101	0.00	251	0	0	0	nan	0.00	0.00	3.40	69.35	72.62	0.00	42	0	43	0.00	0.00	78.99	8.21	0.00	0.00	2000
686	27.48	2500	2095	0.00	235	0	0	0	nan	0.00	0.02	3.39	69.07	72.52	0.00	42	0	42	0.00	0.00	78.10	7.95	0.00	0.00	2000
687	27.42	2500	2105	0.00	260	0	0	0	nan	0.00	0.00	2.36	70.51	72.58	0.00	42	0	43	0.00	0.00	77.93	8.03	0.00	0.00	2000
688	27.50	2500	2100	0.00	235	0	0	0	nan	0.00	0.00	3.34	69.29	72.50	0.00	42	0	43	0.00	0.00	77.76	7.80	0.00	0.00	2000
686	27.44	2500	2100	0.00	261	0	0	0	nan	0.00	0.00	3.66	69.02	72.56	0.00	42	0	43	0.00	0.00	77.91	7.55	0.00	0.00	2000
687	27.50	2500	2100	0.00	234	0	0	0	nan	0.00	0.00	3.67	68.95	72.50	0.00	43	0	43	0.00	0.00	77.74	7.45	0.00	0.00	2000
685	27.42	2500	2100	1.87	261	0	0	43	89.57	0.00	0.00	3.56	69.14	72.58	0.00	43	0	43	0.00	0.00	77.82	7.57	0.00	0.00	2000
688	27.51	2500	2100	0.06	237	0	0	0	nan	0.00	0.00	3.73	68.87	72.49	0.00	43	0	43	0.00	0.00	77.54	7.55	0.00	0.00	2000
688	27.53	2500	2099	0.00	260	0	0	0	nan	0.00	0.01	3.80	68.76	72.47	0.00	43	0	43	0.00	0.00	78.23	7.68	0.00	0.00	2000
691	27.67	2500	2099	0.00	235	0	0	0	nan	0.00	0.00	3.88	68.52	72.33	0.00	43	0	43	0.00	0.00	77.60	7.66	0.00	0.00	2000
690	27.56	2500	2103	0.00	268	0	0	0	nan	0.01	0.00	6.60	66.07	72.44	0.00	43	0	43	0.00	0.00	78.11	7.71	0.00	0.00	2000
686	27.45	2500	2099	0.00	246	0	0	0	nan	0.00	0.00	3.61	69.02	72.55	0.00	43	0	43	0.00	0.00	77.71	7.52	0.00	0.00	2000
688	27.53	2500	2100	0.00	251	0	0	0	nan	0.00	0.01	4.22	68.36	72.47	0.00	43	0	43	0.00	0.00	77.97	7.44	0.00	0.00	2000
686	27.43	2500	2100	0.00	243	0	0	0	nan	0.00	0.01	3.29	69.37	72.57	0.00	43	0	43	0.00	0.00	77.82	7.66	0.00	0.00	2000
690	27.59	2500	2101	0.00	252	0	0	0	nan	0.00	0.01	3.96	68.60	72.41	0.00	43	0	43	0.00	0.00	77.82	7.47	0.00	0.00	2000
686	27.44	2500	2100	0.00	246	0	0	0	nan	0.00	0.00	3.32	69.35	72.56	0.00	43	0	43	0.00	0.00	78.55	7.57	0.00	0.00	2000
686	27.47	2500	2099	0.00	250	0	0	0	nan	0.00	0.00	4.31	68.33	72.53	0.00	43	0	43	0.00	0.00	77.11	7.52	0.00	0.00	2000
692	27.46	2500	2117	0.00	236	0	0	0	nan	0.00	0.00	4.76	68.49	72.54	0.00	43	0	43	0.00	0.00	77.80	7.62	0.00	0.00	2000
684	27.58	2500	2084	0.00	244	0	0	0	nan	0.00	0.01	3.23	68.75	72.42	0.00	43	0	43	0.00	0.00	77.82	7.51	0.00	0.00	2000
688	27.54	2500	2099	0.00	235	0	0	0	nan	0.00	0.00	3.95	68.58	72.46	0.00	43	0	43	0.00	0.00	75.71	7.34	0.00	0.00	2000
686	27.45	2500	2100	0.97	262	0	0	40	88.09	0.00	0.01	3.87	68.80	72.55	0.00	43	0	43	0.00	0.00	78.07	7.63	0.00	0.00	2000
690	27.61	2500	2100	0.88	237	0	0	5	88.96	0.00	0.00	3.97	68.54	72.39	0.00	43	0	43	0.00	0.00	77.82	7.75	0.00	0.00	2000
687	27.47	2500	2101	0.00	261	0	0	0	nan	0.00	0.01	3.50	69.19	72.53	0.00	43	0	43	0.00	0.00	78.04	7.60	0.00	0.00	2000
686	27.43	2500	2099	0.00	233	0	0	0	nan	0.00	0.00	3.68	68.98	72.57	0.00	43	0	43	0.00	0.00	77.70	7.43	0.00	0.00	2000
689	27.55	2500	2101	0.00	262	0	0	0	nan	0.00	0.00	4.24	68.36	72.45	0.00	43	0	43	0.00	0.00	78.20	7.65	0.00	0.00	2000
687	27.48	2500	2099	0.00	235	0	0	0	nan	0.00	0.02	3.35	69.26	72.52	0.00	43	0	43	0.00	0.00	77.72	7.64	0.00	0.00	2000
688	27.54	2500	2100	0.00	252	0	0	0	nan	0.00	0.01	3.52	69.04	72.46	0.00	43	0	43	0.00	0.00	77.98	7.68	0.00	0.00	2000
687	27.47	2500	2100	0.00	244	0	0	0	nan	0.00	0.00	3.31	69.33	72.53	0.00	43	0	43	0.00	0.00	77.71	7.59	0.00	0.00	2000
691	27.62	2500	2102	0.00	253	0	0	0	nan	0.00	0.01	5.01	67.54	72.38	0.00	43	0	43	0.00	0.00	77.87	7.60	0.00	0.00	2000
686	27.45	2500	2099	0.00	244	0	0	0	nan	0.00	0.00	3.59	69.04	72.55	0.00	43	0	43	0.00	0.00	77.89	7.57	0.00	0.00	2000
686	27.42	2500	2101	0.00	250	0	0	0	nan	0.00	0.00	3.97	68.76	72.58	0.00	43	0	43	0.00	0.00	77.90	7.64	0.00	0.00	2000
691	27.65	2500	2100	0.00	248	0	0	0	nan	0.00	0.00	5.45	67.02	72.35	0.00	43	0	43	0.00	0.00	77.89	7.53	0.00	0.00	2000
687	27.48	2500	2100	0.00	252	0	0	0	nan	0.00	0.00	3.59	69.06	72.52	0.00	43	0	43	0.00	0.00	77.81	7.65	0.00	0.00	2000
684	27.66	2500	2076	0.00	235	0	0	0	nan	0.00	0.00	3.95	67.69	72.35	0.00	43	0	43	0.00	0.00	75.26	7.47	0.00	0.00	2000
692	27.33	2500	2126	0.24	258	0	0	25	86.84	0.00	0.00	2.35	71.32	72.67	0.00	43	0	43	0.00	0.00	80.79	7.79	0.00	0.00	2000
690	27.60	2500	2100	1.55	236	0	0	19	86.42	0.00	0.00	4.29	68.22	72.40	0.00	43	0	43	0.00	0.00	75.27	7.31	0.00	0.00	2000
718	28.72	2500	2100	0.00	259	0	0	0	nan	0.00	0.01	3.93	67.47	71.28	0.00	43	0	43	0.00	0.00	78.32	7.78	0.00	0.00	2000
686	27.47	2500	2099	0.00	235	0	0	0	nan	0.00	0.01	3.36	69.25	72.53	0.00	43	0	43	0.00	0.00	77.95	7.64	0.00	0.00	2000
690	27.56	2500	2101	0.00	265	0	0	0	nan	0.00	0.01	3.97	68.63	72.44	0.00	43	0	43	0.00	0.00	77.97	7.74	0.00	0.00	2000
686	27.44	2500	2100	0.00	236	0	0	0	nan	0.00	0.00	3.62	69.04	72.56	0.00	43	0	43	0.00	0.00	77.97	7.70	0.00	0.00	2000
688	27.54	2500	2099	0.00	260	0	0	0	nan	0.00	0.00	4.23	68.33	72.46	0.00	43	0	43	0.00	0.00	77.84	7.67	0.00	0.00	2000
686	27.43	2500	2101	0.00	235	0	0	0	nan	0.00	0.00	3.30	69.41	72.57	0.00	43	0	43	0.00	0.00	77.83	7.71	0.00	0.00	2000
688	27.53	2500	2100	0.00	252	0	0	0	nan	0.00	0.00	4.67	67.95	72.47	0.00	43	0	43	0.00	0.00	77.93	7.65	0.00	0.00	2000
686	27.45	2500	2100	0.00	244	0	0	0	nan	0.00	0.00	3.61	69.04	72.55	0.00	43	0	43	0.00	0.00	78.18	7.81	0.00	0.00	2000
686	27.45	2500	2100	0.00	251	0	0	0	nan	0.00	0.00	4.40	68.25	72.55	0.00	43	0	43	0.00	0.00	77.64	7.77	0.00	0.00	2000
606	28.18	2500	1806	0.00	246	0	0	0	nan	0.00	0.00	3.04	58.86	71.82	0.00	43	0	43	0.00	0.00	65.37	6.41	0.00	0.00	2000
797	27.11	2500	2470	0.00	301	0	0	0	nan	0.00	0.00	3.68	82.20	72.89	0.00	43	0	43	0.00	0.00	94.92	9.57	0.00	0.00	2000
687	27.49	2500	2099	0.00	242	0	0	0	nan	0.00	0.00	3.89	68.71	72.51	0.00	43	0	43	0.00	0.00	77.69	7.75	0.00	0.00	2000
687	27.47	2500	2100	0.06	238	0	0	20	87.14	0.00	0.00	4.63	68.02	72.54	0.00	43	0	43	0.00	0.00	77.74	7.81	0.00	0.00	2000
691	27.66	2500	2100	1.82	247	0	0	27	84.28	0.00	0.00	4.29	68.16	72.34	0.00	43	0	43	0.00	0.00	78.02	7.56	0.00	0.00	2000
686	27.45	2500	2100	0.00	235	0	0	0	nan	0.00	0.00	3.24	69.43	72.55	0.00	43	0	43	0.00	0.00	78.31	7.71	0.00	0.00	2000
689	27.57	2500	2099	0.00	236	0	0	0	nan	0.00	0.00	4.72	67.81	72.43	0.00	43	0	43	0.00	0.00	77.79	7.73	0.00	0.00	2000
687	27.47	2500	2100	0.00	245	0	0	0	nan	0.00	0.00	2.99	69.68	72.53	0.00	43	0	43	0.00	0.00	77.82	7.72	0.00	0.00	2000
687	27.50	2500	2099	0.00	236	0	0	0	nan	0.00	0.00	3.93	68.64	72.50	0.00	43	0	43	0.00	0.00	78.02	7.72	0.00	0.00	2000
696	27.79	2500	2102	0.00	245	0	0	0	nan	0.00	0.00	3.61	68.79	72.21	0.00	43	0	43	0.00	0.00	77.68	7.81	0.00	0.00	2000
687	27.49	2500	2099	0.00	234	0	0	0	nan	0.00	0.00	3.90	68.71	72.51	0.00	43	0	43	0.00	0.00	78.06	7.86	0.00	0.00	2000
689	27.57	2500	2100	0.00	238	0	0	0	nan	0.00	0.00	4.00	68.55	72.43	0.00	43	0	43	0.00	0.00	77.93	7.75	0.00	0.00	2000
687	27.48	2500	2100	0.00	243	0	0	0	nan	0.00	0.00	3.58	69.07	72.52	0.00	43	0	43	0.00	0.00	77.78	7.74	0.00	0.00	2000
687	27.48	2500	2100	0.00	238	0	0	0	nan	0.00	0.00	3.75	68.87	72.52	0.00	43	0	43	0.00	0.00	77.70	7.60	0.00	0.00	2000
689	27.55	2500	2100	0.00	246	0	0	0	nan	0.00	0.00	4.04	68.55	72.45	0.00	43	0	43	0.00	0.00	78.23	7.64	0.00	0.00	2000
686	27.45	2500	2100	0.00	235	0	0	0	nan	0.00	0.00	3.61	69.06	72.55	0.00	43	0	43	0.00	0.00	77.56	7.72	0.00	0.00	2000
689	27.55	2500	2100	0.00	234	0	0	0	nan	0.00	0.02	3.91	68.64	72.45	0.00	43	0	43	0.00	0.00	78.02	7.61	0.00	0.00	2000
687	27.46	2500	2100	0.00	244	0	0	0	nan	0.00	0.00	3.24	69.41	72.54	0.00	43	0	43	0.00	0.00	77.89	7.61	0.00	0.00	2000
688	27.55	2500	2098	0.97	233	0	0	40	87.81	0.00	0.00	3.90	68.62	72.45	0.00	43	0	43	0.00	0.00	77.85	7.55	0.00	0.00	2000
689	27.53	2500	2102	0.94	243	0	0	5	81.40	0.00	0.00	4.11	68.57	72.47	0.00	43	0	43	0.00	0.00	77.98	7.75	0.00	0.00	2000
688	27.53	2500	2100	0.00	237	0	0	0	nan	0.00	0.00	3.79	68.79	72.47	0.00	43	0	43	0.00	0.00	77.85	7.51	0.00	0.00	2000
689	27.55	2500	2100	0.00	239	0	0	0	nan	0.00	0.00	3.93	68.63	72.45	0.00	43	0	43	0.00	0.00	77.86	7.64	0.00	0.00	2000
688	27.51	2500	2100	0.00	246	0	0	0	nan	0.00	0.00	3.96	68.66	72.49	0.00	43	0	43	0.00	0.00	77.88	7.57	0.00	0.00	2000
686	27.44	2500	2100	0.00	235	0	0	0	nan	0.00	0.00	3.95	68.72	72.56	0.00	43	0	43	0.00	0.00	78.06	7.66	0.00	0.00	2000
689	27.56	2500	2100	0.00	244	0	0	0	nan	0.00	0.00	4.28	68.30	72.44	0.00	43	0	43	0.00	0.00	77.92	7.60	0.00	0.00	2000
686	27.43	2500	2100	0.00	235	0	0	0	nan	0.00	0.00	4.02	68.66	72.57	0.00	43	0	43	0.00	0.00	78.08	7.63	0.00	0.00	2000
688	27.52	2500	2100	0.00	235	0	0	0	nan	0.00	0.00	4.68	67.92	72.48	0.00	43	0	43	0.00	0.00	77.84	7.66	0.00	0.00	2000
683	28.44	2500	2016	0.00	238	0	0	0	nan	0.00	0.00	5.36	63.46	71.56	0.00	43	0	43	0.00	0.00	75.05	7.37	0.00	0.00	2000
689	27.50	2500	2105	0.00	246	0	0	0	nan	0.00	0.04	3.82	68.96	72.50	0.00	43	0	43	0.00	0.00	77.49	7.69	0.00	0.00	2000
686	27.51	2500	2093	0.00	251	0	0	0	nan	0.00	0.01	4.58	67.80	72.49	0.00	43	0	43	0.00	0.00	77.14	7.73	0.00	0.00	2000
688	27.40	2500	2108	0.00	244	0	0	0	nan	0.00	0.00	5.16	67.84	72.60	0.00	43	0	43	0.00	0.00	77.27	7.49	0.00	0.00	2000
686	26.53	2500	2173	0.00	248	0	0	0	nan	0.00	0.00	4.48	71.66	73.47	0.00	43	0	43	0.00	0.00	79.58	7.84	0.00	0.00	2000
688	27.55	2500	2099	0.06	268	0	0	20	88.69	0.00	0.00	4.66	67.87	72.45	0.00	43	0	43	0.00	0.00	78.02	7.52	0.00	0.00	2000
688	27.50	2500	2100	1.83	244	0	0	26	89.62	0.00	0.01	3.87	68.74	72.50	0.00	43	0	43	0.00	0.00	77.86	7.56	0.00	0.00	2000
687	27.48	2500	2100	0.00	236	0	0	0	nan	0.00	0.01	3.97	68.67	72.52	0.00	43	0	43	0.00	0.00	77.90	7.41	0.00	0.00	2000
688	27.52	2500	2100	0.00	235	0	0	0	nan	0.00	0.00	4.07	68.54	72.48	0.00	43	0	43	0.00	0.00	78.02	7.47	0.00	0.00	2000
714	27.20	2500	2206	0.00	243	0	0	0	nan	0.00	0.00	4.25	72.35	72.80	0.00	43	0	43	0.00	0.00	82.12	8.11	0.00	0.00	2000
269	12.66	2144	2082	0.00	277	0	0	0	nan	0.00	0.00	7.41	79.26	87.34	0.00	41	0	43	0.00	0.00	65.18	7.45	0.00	0.00	2000
228	10.80	1998	2222	0.00	246	0	0	0	nan	0.01	0.51	8.83	85.21	89.20	0.00	39	0	43	0.00	0.00	70.07	8.12	0.00	0.00	2000
230	11.36	2009	2118	0.00	217	0	0	0	nan	0.00	0.79	7.68	81.11	88.64	0.00	39	0	43	0.00	0.00	68.96	7.73	0.00	0.00	2000
229	11.31	2024	2098	0.00	198	0	0	0	nan	0.00	0.02	5.09	83.74	88.69	0.00	39	0	42	0.00	0.00	64.45	7.69	0.00	0.00	2000
225	11.32	2000	2089	0.00	199	0	0	0	nan	0.00	0.00	4.73	83.67	88.68	0.00	39	0	43	0.00	0.00	61.70	7.33	0.00	0.00	2000
231	11.57	1981	2113	0.00	197	0	0	0	nan	0.00	0.00	5.17	84.01	88.43	0.00	39	0	43	0.00	0.00	64.51	7.54	0.00	0.00	2000
227	11.29	2026	2088	0.00	200	0	0	0	nan	0.00	0.00	5.72	82.54	88.71	0.00	40	0	43	0.00	0.00	62.76	7.21	0.00	0.00	2000
231	11.32	2034	2106	0.00	203	0	0	0	nan	0.00	0.00	6.36	82.68	88.68	0.00	40	0	43	0.00	0.00	65.96	7.60	0.00	0.00	2000
229	11.17	2047	2102	0.00	199	0	0	0	nan	0.00	0.00	6.02	83.07	88.83	0.00	40	0	43	0.00	0.00	64.72	7.55	0.00	0.00	2000
229	11.18	2049	2103	0.00	197	0	0	0	nan	0.00	0.00	4.98	84.10	88.82	0.00	40	0	43	0.00	0.00	64.49	7.33	0.00	0.00	2000
227	11.18	2040	2089	0.00	200	0	0	0	nan	0.00	0.00	4.85	83.66	88.82	0.00	40	0	43	0.00	0.00	64.43	7.31	0.00	0.00	2000
234	11.24	2063	2123	0.00	196	0	0	0	nan	0.00	0.53	6.60	82.78	88.76	0.00	40	0	43	0.00	0.00	67.32	7.64	0.00	0.00	2000
228	10.90	2116	2076	0.57	188	0	0	0	78.02	0.00	0.08	3.13	85.00	89.10	0.00	40	0	43	0.00	0.00	62.89	7.64	0.00	0.00	2000
229	11.08	2059	2109	0.12	213	0	0	0	nan	0.00	0.02	4.43	85.05	88.92	0.00	40	0	43	0.00	0.00	66.84	7.26	0.00	0.00	2000
231	11.00	2083	2117	0.00	181	0	0	0	nan	0.00	0.44	6.21	83.29	89.00	0.00	40	0	43	0.00	0.00	67.24	7.76	0.00	0.00	2000
228	11.32	2025	2091	0.00	197	0	0	0	nan	0.01	0.01	4.00	84.51	88.68	0.00	39	0	43	0.00	0.00	62.52	7.37	0.00	0.00	2000
230	11.45	2011	2099	0.00	197	0	0	0	nan	0.00	0.01	4.97	83.68	88.55	0.00	39	0	43	0.00	0.00	65.95	7.66	0.00	0.00	2000
178	9.96	1787	2098	0.00	198	0	0	0	nan	0.00	0.00	5.73	84.32	90.04	0.00	38	0	43	0.00	0.00	63.94	7.76	0.00	0.00	2000
76	7.13	1071	2103	0.00	200	0	0	0	nan	0.00	0.00	6.73	86.41	92.87	0.00	38	0	43	0.00	0.00	59.25	7.38	0.00	0.00	2000
88	7.33	1221	2076	0.00	200	0	0	0	nan	0.00	0.00	9.85	81.80	92.67	0.00	38	0	42	0.00	0.00	58.56	7.26	0.00	0.00	2000
115	8.31	1388	2093	0.00	202	0	0	0	nan	0.00	0.00	5.26	86.15	91.69	0.00	38	0	43	0.00	0.00	58.62	7.58	0.00	0.00	2000
232	11.27	2024	2134	0.00	217	0	0	0	nan	0.00	0.02	6.06	84.18	88.73	0.00	39	0	43	0.00	0.00	67.78	7.49	0.00	0.00	2000
229	11.19	2067	2082	0.00	207	0	0	0	nan	0.00	0.05	4.82	83.33	88.81	0.00	40	0	43	0.00	0.00	63.59	7.35	0.00	0.00	2000
193	10.02	1938	2090	0.00	221	0	0	0	nan	0.00	0.02	5.14	84.57	89.98	0.00	38	0	42	0.00	0.00	64.32	7.49	0.00	0.00	2000
75	6.60	1128	2130	0.00	195	0	0	0	nan	0.00	0.02	2.90	91.93	93.40	0.00	38	0	43	0.00	0.00	61.45	7.72	0.00	0.00	2000
132	9.03	1490	2067	0.00	203	0	0	0	nan	0.00	0.00	8.91	80.77	90.97	0.00	38	0	43	0.00	0.00	59.11	7.29	0.00	0.00	2000
234	11.27	2045	2132	0.00	198	0	0	0	nan	0.00	0.02	6.95	83.36	88.73	0.00	39	0	43	0.00	0.00	66.29	7.66	0.00	0.00	2000
235	11.62	2022	2101	0.00	207	0	0	0	nan	0.00	0.08	4.22	84.37	88.38	0.00	40	0	43	0.00	0.00	65.29	7.57	0.00	0.00	2000
229	11.43	2005	2101	0.00	196	0	0	0	nan	0.00	0.00	5.92	82.85	88.57	0.00	39	0	43	0.00	0.00	65.49	7.51	0.00	0.00	2000
229	11.32	2029	2096	0.61	196	0	0	7	82.64	0.00	0.00	6.41	82.29	88.68	0.00	39	0	43	0.00	0.00	64.59	7.31	0.00	0.00	2000
226	11.29	2034	2070	0.12	201	0	0	0	nan	0.00	0.00	5.93	81.62	88.71	0.00	39	0	43	0.00	0.00	64.18	7.45	0.00	0.00	2000
234	11.13	2078	2126	0.00	198	0	0	0	nan	0.00	0.00	4.47	85.65	88.87	0.00	40	0	43	0.00	0.00	64.89	7.28	0.00	0.00	2000
259	12.69	2105	2034	0.00	214	0	0	0	nan	0.00	0.83	5.87	78.08	87.31	0.00	39	0	43	0.00	0.00	56.50	6.65	0.00	0.00	2000
203	10.69	1841	2164	0.00	291	0	0	0	nan	0.00	1.00	10.12	81.19	89.31	0.00	38	0	43	0.00	0.00	77.28	9.21	0.00	0.00	2000
78	7.41	1038	2131	0.00	210	0	0	0	nan	0.00	0.00	3.85	90.27	92.59	0.00	38	0	43	0.00	0.00	58.78	7.54	0.00	0.00	2000
85	7.13	1201	2088	0.00	130	0	0	0	nan	0.01	0.02	4.19	88.14	92.87	0.00	38	0	43	0.00	0.00	60.93	7.61	0.00	0.00	2000
