Avg_MHz	Busy%	Bzy_MHz	TSC_MHz	IPC	IRQ	NMI	SMI	LLCMRPS	LLC%hit	POLL%	C1%	C1E%	C6%	CPU%c1	CPU%c6	CoreTmp	CoreThr	PkgTmp	Pkg%pc2	Pkg%pc6	PkgWatt	RAMWatt	PKG_%	RAM_%	UncMHz
228	13.61	1738	2025	0.00	224	0	0	0	nan	0.00	0.00	21.81	61.34	86.39	0.00	38	0	43	0.00	0.00	60.59	7.33	0.00	0.00	2000
452	18.93	2218	2263	0.00	260	0	0	0	nan	0.01	1.45	15.86	70.26	81.07	0.00	38	0	43	0.00	0.00	75.24	8.53	0.00	0.00	2000
80	6.47	1241	2088	0.00	194	0	0	0	nan	0.00	0.00	10.27	82.63	93.53	0.00	38	0	43	0.00	0.00	60.25	7.56	0.00	0.00	2000
74	6.35	1159	2118	0.00	210	0	0	0	nan	0.00	0.00	2.69	91.66	93.65	0.00	37	0	43	0.00	0.00	62.10	7.80	0.00	0.00	2000
74	6.46	1143	2102	0.00	177	0	0	0	nan	0.00	0.00	3.20	90.38	93.54	0.00	37	0	43	0.00	0.00	55.65	7.23	0.00	0.00	2000
72	6.57	1096	2106	0.00	209	0	0	0	nan	0.00	0.02	3.05	90.58	93.43	0.00	37	0	43	0.00	0.00	60.68	7.74	0.00	0.00	2000
74	6.26	1191	2096	0.00	194	0	0	0	nan	0.00	0.02	3.88	89.64	93.74	0.00	37	0	43	0.00	0.00	59.43	7.58	0.00	0.00	2000
73	6.37	1145	2102	0.00	194	0	0	0	nan	0.00	0.00	3.55	90.10	93.63	0.00	37	0	43	0.00	0.00	58.84	7.66	0.00	0.00	2000
73	6.39	1144	2099	0.00	177	0	0	0	nan	0.00	0.00	3.26	90.27	93.61	0.00	37	0	43	0.00	0.00	59.31	7.23	0.00	0.00	2000
72	6.52	1110	2101	0.00	193	0	0	0	nan	0.00	0.03	2.86	90.65	93.48	0.00	37	0	43	0.00	0.00	58.54	7.83	0.00	0.00	2000
74	6.75	1100	2101	0.00	210	0	0	0	nan	0.00	0.00	3.33	89.97	93.25	0.00	37	0	43	0.00	0.00	58.05	7.30	0.00	0.00	2000
72	6.76	1065	2096	0.00	194	0	0	0	nan	0.00	0.00	3.14	89.86	93.24	0.00	37	0	43	0.00	0.00	58.04	7.43	0.00	0.00	2000
73	6.61	1103	2088	0.00	193	0	0	0	nan	0.00	0.00	3.58	89.29	93.39	0.00	37	0	43	0.00	0.00	57.25	7.31	0.00	0.00	2000
72	6.53	1093	2110	0.00	194	0	0	0	nan	0.00	0.00	2.18	91.73	93.47	0.00	37	0	43	0.00	0.00	59.09	7.54	0.00	0.00	2000
81	7.37	1104	2103	0.00	194	0	0	0	nan	0.00	0.01	2.69	89.99	92.63	0.00	37	0	43	0.00	0.00	58.92	7.38	0.00	0.00	2000
72	6.36	1132	2096	0.00	193	0	0	1	89.07	0.00	0.02	2.40	91.03	93.64	0.00	37	0	43	0.00	0.00	62.55	7.93	0.00	0.00	2000
72	6.70	1090	2084	0.07	193	0	0	2	88.45	0.00	0.02	2.35	90.23	93.30	0.00	37	0	42	0.00	0.00	55.59	6.86	0.00	0.00	2000
73	6.70	1083	2103	0.00	211	0	0	0	nan	0.00	0.00	4.23	89.29	93.30	0.00	37	0	43	0.00	0.00	61.86	7.86	0.00	0.00	2000
154	9.25	1653	2109	0.00	207	0	0	0	nan	0.00	1.10	6.84	83.31	90.75	0.00	38	0	43	0.00	0.00	60.58	7.49	0.00	0.00	2000
229	11.06	2073	2095	0.00	202	0	0	0	nan	0.00	1.00	8.04	79.80	88.94	0.00	38	0	43	0.00	0.00	65.57	7.62	0.00	0.00	2000
234	11.14	2080	2122	0.00	198	0	0	0	nan	0.00	0.02	4.71	85.04	88.86	0.00	39	0	42	0.00	0.00	63.98	7.58	0.00	0.00	2000
231	11.16	2079	2095	0.00	202	0	0	0	nan	0.00	0.00	5.86	82.87	88.84	0.00	39	0	43	0.00	0.00	65.21	7.33	0.00	0.00	2000
230	11.01	2122	2068	0.00	198	0	0	0	nan	0.00	0.02	6.29	81.37	88.99	0.00	38	0	43	0.00	0.00	64.84	7.52	0.00	0.00	2000
233	11.38	2078	2067	0.00	198	0	0	0	nan	0.00	0.02	4.17	83.13	88.62	0.00	38	0	43	0.00	0.00	65.96	7.80	0.00	0.00	2000
234	10.93	2076	2166	0.00	214	0	0	0	nan	0.00	0.00	5.69	86.28	89.08	0.00	38	0	43	0.00	0.00	69.22	8.17	0.00	0.00	2000
223	10.74	2085	2091	0.00	203	0	0	0	nan	0.00	0.00	4.66	84.28	89.26	0.00	39	0	43	0.00	0.00	66.50	7.86	0.00	0.00	2000
231	11.30	2044	2097	0.00	213	0	0	0	nan	0.00	0.00	4.45	84.19	88.70	0.00	40	0	43	0.00	0.00	62.40	7.53	0.00	0.00	2000
231	11.05	2082	2113	0.00	204	0	0	0	nan	0.01	0.02	3.47	86.19	88.95	0.00	40	0	43	0.00	0.00	65.93	7.85	0.00	0.00	2000
230	10.77	2131	2108	0.00	203	0	0	0	nan	0.00	0.00	3.39	86.14	89.23	0.00	40	0	43	0.00	0.00	65.78	7.59	0.00	0.00	2000
228	10.98	2083	2094	0.00	203	0	0	0	nan	0.00	0.00	3.23	85.64	89.02	0.00	41	0	43	0.00	0.00	64.97	7.61	0.00	0.00	2000
230	11.19	2061	2096	0.00	205	0	0	0	nan	0.00	0.00	3.34	85.47	88.81	0.00	41	0	43	0.00	0.00	64.73	7.53	0.00	0.00	2000
227	11.16	2058	2076	0.00	214	0	0	0	nan	0.00	0.02	2.67	85.28	88.84	0.00	41	0	43	0.00	0.00	63.25	7.35	0.00	0.00	2000
226	11.11	2039	2099	0.03	202	0	0	8	73.35	0.00	0.00	3.57	85.43	88.89	0.00	40	0	43	0.00	0.00	67.61	7.79	0.00	0.00	2000
229	11.02	2073	2105	0.59	221	0	0	13	94.35	0.00	0.00	2.23	87.11	88.98	0.00	41	0	43	0.00	0.00	65.04	7.60	0.00	0.00	2000
229	11.16	2055	2101	0.00	203	0	0	0	nan	0.00	0.01	2.15	86.79	88.84	0.00	41	0	43	0.00	0.00	62.22	7.17	0.00	0.00	2000
229	11.35	2048	2071	0.00	205	0	0	0	nan	0.00	0.00	4.05	83.60	88.65	0.00	40	0	43	0.00	0.00	58.34	6.92	0.00	0.00	2000
235	11.13	2069	2148	0.00	251	0	0	0	nan	0.00	0.01	7.65	83.39	88.87	0.00	39	0	43	0.00	0.00	75.98	8.76	0.00	0.00	2000
231	11.05	2086	2103	0.00	218	0	0	0	nan	0.00	0.00	6.13	83.05	88.95	0.00	39	0	43	0.00	0.00	65.73	7.85	0.00	0.00	2000
231	10.96	2111	2094	0.00	183	0	0	0	nan	0.00	0.00	5.70	83.18	89.04	0.00	40	0	43	0.00	0.00	65.42	7.62	0.00	0.00	2000
233	11.04	2098	2112	0.00	220	0	0	0	nan	0.00	0.00	5.94	83.62	88.96	0.00	40	0	43	0.00	0.00	65.07	7.58	0.00	0.00	2000
235	10.98	2144	2098	0.00	182	0	0	0	nan	0.01	0.00	6.11	82.94	89.02	0.00	40	0	43	0.00	0.00	65.49	7.48	0.00	0.00	2000
231	11.78	2114	1947	0.00	216	0	0	0	nan	0.00	0.01	5.60	76.27	88.22	0.00	39	0	43	0.00	0.00	59.96	7.15	0.00	0.00	2000
235	10.67	2073	2226	0.00	247	0	0	0	nan	0.00	0.00	4.89	89.83	89.33	0.00	39	0	43	0.00	0.00	71.62	8.06	0.00	0.00	2000
234	10.96	2099	2137	0.00	226	0	0	0	nan	0.00	0.00	6.67	84.05	89.04	0.00	38	0	43	0.00	0.00	66.37	7.76	0.00	0.00	2000
235	11.20	2084	2114	0.00	198	0	0	0	nan	0.00	0.02	6.10	83.36	88.80	0.00	38	0	43	0.00	0.00	68.56	7.75	0.00	0.00	2000
229	11.22	2045	2094	0.00	198	0	0	0	nan	0.00	0.00	3.86	84.80	88.78	0.00	38	0	43	0.00	0.00	64.19	7.03	0.00	0.00	2000
225	10.94	2076	2085	0.00	198	0	0	0	nan	0.00	0.02	4.07	84.42	89.06	0.00	39	0	43	0.00	0.00	63.91	7.51	0.00	0.00	2000
233	11.28	2044	2123	0.00	199	0	0	0	nan	0.00	0.00	5.36	84.37	88.72	0.00	38	0	43	0.00	0.00	65.29	7.44	0.00	0.00	2000
229	11.09	2085	2077	0.00	202	0	0	0	nan	0.00	0.03	6.75	81.28	88.91	0.00	39	0	43	0.00	0.00	61.26	7.14	0.00	0.00	2000
359	16.83	2268	1974	0.21	232	0	0	7	47.05	0.00	0.00	3.78	74.48	83.17	0.00	38	0	43	0.00	0.00	60.95	6.89	0.00	0.00	2000
683	27.31	2500	2099	0.02	235	0	0	0	nan	0.00	0.00	2.98	69.79	72.69	0.00	39	0	43	0.00	0.00	71.08	7.85	0.00	0.00	2000
679	27.16	2500	2099	0.00	245	0	0	0	nan	0.00	0.00	3.17	69.76	72.84	0.00	39	0	43	0.00	0.00	71.37	7.72	0.00	0.00	2000
680	27.17	2500	2102	0.00	235	0	0	0	nan	0.00	0.00	2.75	70.26	72.83	0.00	39	0	43	0.00	0.00	71.16	7.48	0.00	0.00	2000
681	27.25	2500	2099	0.00	244	0	0	0	nan	0.00	0.00	3.40	69.43	72.75	0.00	39	0	43	0.00	0.00	71.27	7.48	0.00	0.00	2000
487	19.24	2378	2233	0.00	243	0	0	0	nan	0.00	0.02	5.52	80.51	80.76	0.00	38	0	43	0.00	0.00	75.32	8.49	0.00	0.00	2000
232	10.89	2086	2144	0.00	214	0	0	0	nan	0.00	0.00	6.49	84.59	89.11	0.00	38	0	43	0.00	0.00	65.16	7.75	0.00	0.00	2000
230	11.08	2090	2082	0.00	201	0	0	0	nan	0.00	0.01	6.25	82.01	88.92	0.00	38	0	43	0.00	0.00	64.10	7.42	0.00	0.00	2000
208	10.22	2005	2128	0.00	203	0	0	0	nan	0.00	0.02	5.40	85.63	89.78	0.00	38	0	43	0.00	0.00	68.17	8.13	0.00	0.00	2000
111	8.11	1381	2077	0.00	219	0	0	0	nan	0.00	0.02	7.33	83.58	91.89	0.00	38	0	43	0.00	0.00	57.65	7.14	0.00	0.00	2000
75	6.89	1074	2129	0.00	209	0	0	0	nan	0.00	0.00	4.76	89.71	93.11	0.00	38	0	43	0.00	0.00	59.25	7.56	0.00	0.00	2000
74	6.46	1165	2078	0.00	193	0	0	0	nan	0.00	0.01	3.18	89.19	93.54	0.00	38	0	43	0.00	0.00	59.84	7.63	0.00	0.00	2000
73	6.59	1098	2120	0.00	193	0	0	0	nan	0.01	0.00	2.47	91.84	93.41	0.00	38	0	43	0.00	0.00	59.31	7.54	0.00	0.00	2000
76	6.62	1142	2102	0.00	195	0	0	0	nan	0.00	0.02	3.34	90.18	93.38	0.00	38	0	43	0.00	0.00	59.03	7.58	0.00	0.00	2000
