Avg_MHz	Busy%	Bzy_MHz	TSC_MHz	IPC	IRQ	NMI	SMI	LLCMRPS	LLC%hit	POLL%	C1%	C1E%	C6%	CPU%c1	CPU%c6	CoreTmp	CoreThr	PkgTmp	Pkg%pc2	Pkg%pc6	PkgWatt	RAMWatt	PKG_%	RAM_%	UncMHz
358	16.24	2153	2151	0.00	227	0	0	0	nan	0.01	1.63	33.08	51.14	83.76	0.00	37	0	42	0.00	0.00	69.24	7.90	0.00	0.00	2000
275	13.51	2048	2084	0.00	211	0	0	0	nan	0.04	1.11	13.23	71.63	86.49	0.00	37	0	42	0.00	0.00	65.63	7.46	0.00	0.00	2000
78	6.78	1128	2137	0.00	194	0	0	0	nan	0.00	0.03	3.35	91.49	93.22	0.00	37	0	43	0.00	0.00	62.69	7.82	0.00	0.00	2000
73	6.78	1077	2103	0.00	193	0	0	0	nan	0.00	0.00	2.93	90.43	93.22	0.00	37	0	42	0.00	0.00	60.00	7.74	0.00	0.00	2000
74	6.62	1119	2107	0.00	193	0	0	0	nan	0.00	0.01	2.57	91.09	93.38	0.00	37	0	42	0.00	0.00	60.03	7.47	0.00	0.00	2000
78	7.04	1107	2094	0.00	195	0	0	0	nan	0.00	0.00	3.99	88.78	92.96	0.00	37	0	42	0.00	0.00	57.30	7.32	0.00	0.00	2000
73	6.67	1090	2099	0.00	193	0	0	0	nan	0.00	0.00	3.00	90.25	93.33	0.00	37	0	42	0.00	0.00	62.09	7.71	0.00	0.00	2000
72	6.59	1090	2098	0.00	194	0	0	0	nan	0.00	0.03	2.94	90.44	93.41	0.00	37	0	42	0.00	0.00	56.91	7.18	0.00	0.00	2000
74	6.94	1058	2107	0.00	195	0	0	0	nan	0.00	0.00	3.32	90.06	93.06	0.00	38	0	43	0.00	0.00	61.86	7.87	0.00	0.00	2000
72	6.63	1089	2096	0.00	194	0	0	0	nan	0.00	0.00	2.62	90.62	93.37	0.00	37	0	42	0.00	0.00	58.92	7.55	0.00	0.00	2000
72	6.81	1066	2069	0.00	194	0	0	0	nan	0.00	0.00	3.24	88.62	93.19	0.00	37	0	43	0.00	0.00	56.61	7.17	0.00	0.00	2000
72	7.14	998	2126	0.00	209	0	0	0	nan	0.00	0.00	4.22	89.83	92.86	0.00	37	0	42	0.00	0.00	58.94	7.41	0.00	0.00	2000
74	6.50	1126	2109	0.00	194	0	0	0	nan	0.00	0.00	3.38	90.57	93.50	0.00	37	0	43	0.00	0.00	60.12	7.61	0.00	0.00	2000
71	6.60	1098	2072	0.00	193	0	0	0	nan	0.00	0.00	3.38	88.76	93.40	0.00	37	0	42	0.00	0.00	58.02	7.28	0.00	0.00	2000
75	6.99	1058	2122	0.00	194	0	0	0	nan	0.00	0.00	3.73	90.26	93.01	0.00	37	0	42	0.00	0.00	59.50	7.66	0.00	0.00	2000
72	6.59	1111	2081	0.00	193	0	0	0	95.28	0.00	0.01	3.26	89.37	93.41	0.00	37	0	42	0.00	0.00	59.37	7.34	0.00	0.00	2000
74	6.91	1064	2118	0.31	194	0	0	2	82.61	0.00	0.00	3.89	90.12	93.09	0.00	37	0	42	0.00	0.00	59.60	7.59	0.00	0.00	2000
73	6.75	1076	2099	0.11	195	0	0	0	nan	0.00	0.00	4.32	89.03	93.25	0.00	37	0	42	0.00	0.00	59.69	7.50	0.00	0.00	2000
203	10.35	1980	2080	0.00	214	0	0	0	nan	0.01	0.11	6.39	82.38	89.65	0.00	39	0	42	0.00	0.00	65.40	7.67	0.00	0.00	2000
233	10.89	2117	2126	0.00	214	0	0	0	nan	0.00	0.00	5.22	85.03	89.11	0.00	40	0	42	0.00	0.00	66.67	7.61	0.00	0.00	2000
230	10.86	2120	2099	0.00	202	0	0	0	nan	0.00	0.02	3.35	85.82	89.14	0.00	40	0	42	0.00	0.00	64.50	7.49	0.00	0.00	2000
228	10.84	2116	2091	0.00	202	0	0	0	nan	0.00	0.02	3.79	85.08	89.16	0.00	40	0	42	0.00	0.00	65.86	7.59	0.00	0.00	2000
230	11.27	2063	2077	0.00	195	0	0	0	nan	0.00	0.02	5.23	82.64	88.73	0.00	39	0	42	0.00	0.00	62.35	7.45	0.00	0.00	2000
238	11.15	2096	2136	0.00	212	0	0	0	nan	0.00	0.03	5.97	84.49	88.85	0.00	39	0	42	0.00	0.00	69.46	8.29	0.00	0.00	2000
232	11.11	2113	2079	0.00	204	0	0	0	nan	0.00	0.03	5.45	82.64	88.89	0.00	38	0	42	0.00	0.00	66.31	7.77	0.00	0.00	2000
235	10.98	2111	2125	0.00	198	0	0	0	nan	0.00	0.02	5.77	84.27	89.02	0.00	38	0	42	0.00	0.00	64.64	7.85	0.00	0.00	2000
226	11.48	2033	2031	0.00	200	0	0	0	nan	0.00	0.02	3.29	82.51	88.52	0.00	38	0	42	0.00	0.00	62.33	7.29	0.00	0.00	2000
231	11.01	2040	2162	0.00	216	0	0	0	nan	0.00	0.02	2.67	88.96	88.99	0.00	39	0	42	0.00	0.00	71.83	8.05	0.00	0.00	2000
234	11.54	2028	2097	0.00	206	0	0	0	nan	0.00	0.04	5.18	83.31	88.46	0.00	39	0	43	0.00	0.00	63.35	7.43	0.00	0.00	2000
231	11.27	2095	2052	0.00	199	0	0	0	nan	0.00	0.46	4.09	82.30	88.73	0.00	39	0	42	0.00	0.00	63.42	7.27	0.00	0.00	2000
231	10.90	2063	2158	0.00	210	0	0	0	nan	0.00	0.02	6.67	84.99	89.10	0.00	39	0	43	0.00	0.00	68.19	7.84	0.00	0.00	2000
223	11.28	2013	2063	0.00	200	0	0	0	nan	0.00	0.00	6.32	80.96	88.72	0.00	39	0	43	0.00	0.00	63.93	7.35	0.00	0.00	2000
234	11.52	2036	2097	0.00	198	0	0	3	87.61	0.00	0.00	4.57	83.95	88.48	0.00	39	0	43	0.00	0.00	63.65	7.42	0.00	0.00	2000
231	10.85	2090	2138	0.60	213	0	0	14	81.33	0.00	0.00	6.23	84.69	89.15	0.00	39	0	43	0.00	0.00	70.79	8.02	0.00	0.00	2000
232	11.02	2124	2081	0.00	198	0	0	0	nan	0.00	0.02	5.99	82.23	88.98	0.00	39	0	42	0.00	0.00	61.29	7.37	0.00	0.00	2000
239	11.82	2067	2057	0.00	197	0	0	0	nan	0.00	0.00	7.69	78.77	88.18	0.00	40	0	42	0.00	0.00	66.75	7.38	0.00	0.00	2000
236	10.96	2112	2144	0.00	197	0	0	0	nan	0.00	0.00	4.13	86.87	89.04	0.00	39	0	42	0.00	0.00	65.45	7.54	0.00	0.00	2000
231	11.02	2103	2091	0.00	197	0	0	0	nan	0.00	0.02	3.69	84.97	88.98	0.00	40	0	43	0.00	0.00	65.85	7.58	0.00	0.00	2000
231	11.08	2120	2068	0.00	202	0	0	0	nan	0.00	0.04	3.56	84.02	88.92	0.00	40	0	42	0.00	0.00	64.05	7.48	0.00	0.00	2000
225	10.83	2066	2114	0.00	217	0	0	0	nan	0.00	0.00	3.74	86.14	89.17	0.00	38	0	42	0.00	0.00	63.86	7.20	0.00	0.00	2000
239	11.00	2113	2158	0.00	232	0	0	0	nan	0.00	0.00	6.77	84.80	89.00	0.00	38	0	42	0.00	0.00	70.83	8.25	0.00	0.00	2000
237	11.71	2023	2098	0.00	216	0	0	0	nan	0.00	0.00	8.99	79.25	88.29	0.00	39	0	42	0.00	0.00	66.51	7.79	0.00	0.00	2000
227	10.94	2102	2076	0.00	201	0	0	0	nan	0.00	0.24	5.99	81.94	89.06	0.00	39	0	42	0.00	0.00	65.62	7.67	0.00	0.00	2000
231	11.46	1998	2122	0.00	197	0	0	0	nan	0.00	0.23	6.59	82.89	88.54	0.00	39	0	42	0.00	0.00	63.83	7.21	0.00	0.00	2000
227	11.34	2027	2073	0.00	194	0	0	0	nan	0.00	0.02	6.24	81.43	88.66	0.00	39	0	42	0.00	0.00	67.35	7.89	0.00	0.00	2000
229	11.15	2052	2099	0.00	200	1	0	0	nan	0.00	0.00	4.87	84.16	88.85	0.00	39	0	42	0.00	0.00	63.66	7.33	0.00	0.00	2000
231	11.41	2041	2085	0.00	213	0	0	0	nan	0.00	0.02	4.95	83.09	88.59	0.00	39	0	42	0.00	0.00	63.12	7.35	0.00	0.00	2000
235	11.04	2090	2139	0.00	200	0	0	0	nan	0.00	0.02	7.53	83.16	88.96	0.00	39	0	42	0.00	0.00	72.24	8.35	0.00	0.00	2000
229	11.04	2098	2074	0.00	200	0	0	0	nan	0.00	0.01	5.02	82.89	88.96	0.00	39	0	43	0.00	0.00	60.37	7.06	0.00	0.00	2000
228	11.07	2066	2097	0.23	214	0	0	10	34.95	0.00	0.04	4.45	84.45	88.93	0.00	38	0	42	0.00	0.00	64.48	7.61	0.00	0.00	2000
242	11.34	2109	2128	0.33	234	0	0	3	70.19	0.00	0.46	7.12	82.39	88.66	0.00	39	0	43	0.00	0.00	72.16	8.24	0.00	0.00	2000
359	16.48	2302	1988	0.00	265	0	0	0	nan	0.00	0.01	6.13	72.99	83.52	0.00	40	0	43	0.00	0.00	60.01	6.84	0.00	0.00	2000
686	27.44	2500	2100	0.00	283	0	0	0	nan	0.00	0.00	3.25	69.42	72.56	0.00	41	0	43	0.00	0.00	78.04	7.61	0.00	0.00	2000
685	27.38	2500	2101	0.00	245	0	0	0	nan	0.00	0.01	3.22	69.55	72.62	0.00	42	0	42	0.00	0.00	77.95	7.71	0.00	0.00	2000
684	27.36	2500	2101	0.00	234	0	0	0	nan	0.00	0.00	2.66	70.11	72.64	0.00	42	0	42	0.00	0.00	77.75	7.57	0.00	0.00	2000
683	27.35	2500	2099	0.00	262	0	0	0	nan	0.00	0.00	3.58	69.16	72.65	0.00	41	0	42	0.00	0.00	77.89	7.59	0.00	0.00	2000
684	27.36	2500	2100	0.00	234	0	0	0	nan	0.00	0.00	3.35	69.39	72.64	0.00	42	0	42	0.00	0.00	77.86	7.50	0.00	0.00	2000
683	27.32	2500	2100	0.00	260	0	0	0	nan	0.00	0.01	3.69	69.11	72.68	0.00	42	0	42	0.00	0.00	77.89	7.44	0.00	0.00	2000
683	27.32	2500	2100	0.00	236	0	0	0	nan	0.00	0.00	3.17	69.62	72.68	0.00	42	0	42	0.00	0.00	77.67	7.50	0.00	0.00	2000
684	27.40	2500	2098	0.00	261	0	0	0	nan	0.00	0.00	2.82	69.84	72.60	0.00	42	0	42	0.00	0.00	77.66	7.51	0.00	0.00	2000
684	27.33	2500	2101	0.00	235	0	0	0	nan	0.00	0.00	2.66	70.14	72.67	0.00	42	0	42	0.00	0.00	77.88	7.45	0.00	0.00	2000
685	27.41	2500	2101	0.00	252	0	0	0	nan	0.00	0.01	3.68	69.04	72.59	0.00	42	0	42	0.00	0.00	77.92	7.48	0.00	0.00	2000
683	27.32	2500	2100	0.00	244	0	0	0	nan	0.00	0.00	3.01	69.78	72.68	0.00	42	0	42	0.00	0.00	77.96	7.59	0.00	0.00	2000
684	27.39	2500	2098	0.00	252	0	0	15	98.90	0.00	0.00	3.25	69.42	72.61	0.00	42	0	43	0.00	0.00	77.71	7.51	0.00	0.00	2000
685	27.37	2500	2101	1.15	245	0	0	31	99.12	0.00	0.00	2.68	70.10	72.63	0.00	42	0	43	0.00	0.00	77.90	7.51	0.00	0.00	2000
686	27.45	2500	2100	0.00	254	0	0	0	nan	0.00	0.02	2.98	69.68	72.55	0.00	42	0	42	0.00	0.00	78.42	7.49	0.00	0.00	2000
682	27.30	2500	2099	0.00	244	0	0	0	nan	0.00	0.00	2.68	70.11	72.70	0.00	42	0	43	0.00	0.00	77.27	7.49	0.00	0.00	2000
684	27.36	2500	2101	0.00	266	0	0	0	nan	0.00	0.00	5.08	67.71	72.64	0.00	43	0	43	0.00	0.00	78.49	7.46	0.00	0.00	2000
688	27.51	2500	2102	0.00	236	0	0	0	nan	0.00	0.00	3.69	69.00	72.49	0.00	43	0	43	0.00	0.00	77.88	7.49	0.00	0.00	2000
680	27.21	2500	2098	0.00	242	0	0	0	nan	0.00	0.00	2.91	69.91	72.79	0.00	43	0	43	0.00	0.00	78.16	7.53	0.00	0.00	2000
684	27.37	2500	2099	0.00	235	0	0	0	nan	0.00	0.00	3.05	69.67	72.63	0.00	43	0	43	0.00	0.00	77.52	7.55	0.00	0.00	2000
683	27.29	2500	2101	0.00	259	0	0	0	nan	0.00	0.01	2.89	69.95	72.71	0.00	42	0	42	0.00	0.00	78.15	7.59	0.00	0.00	2000
684	27.37	2500	2100	0.00	236	0	0	0	nan	0.00	0.00	3.85	68.89	72.63	0.00	42	0	42	0.00	0.00	78.01	7.51	0.00	0.00	2000
683	27.31	2500	2100	0.00	259	0	0	0	nan	0.00	0.00	2.90	69.91	72.69	0.00	43	0	43	0.00	0.00	77.89	7.44	0.00	0.00	2000
683	27.31	2500	2100	0.00	235	0	0	0	nan	0.00	0.00	2.79	70.02	72.69	0.00	43	0	43	0.00	0.00	77.47	7.39	0.00	0.00	2000
684	27.37	2500	2100	0.00	262	0	0	0	nan	0.00	0.00	3.26	69.49	72.63	0.00	42	0	43	0.00	0.00	78.01	7.33	0.00	0.00	2000
682	27.30	2500	2100	0.00	236	0	0	0	nan	0.00	0.00	2.70	70.09	72.70	0.00	43	0	43	0.00	0.00	77.97	7.51	0.00	0.00	2000
641	24.27	2472	2244	0.00	294	0	0	0	nan	0.01	1.28	7.57	72.29	75.73	0.00	41	0	43	0.00	0.00	87.32	8.41	0.00	0.00	2000
230	11.29	2038	2098	0.48	218	0	0	1	69.67	0.00	0.00	8.63	80.00	88.71	0.00	39	0	42	0.00	0.00	65.55	7.52	0.00	0.00	2000
227	10.62	2133	2106	0.19	195	0	0	0	nan	0.00	0.00	4.67	84.96	89.38	0.00	39	0	43	0.00	0.00	63.59	7.39	0.00	0.00	2000
228	11.18	2036	2106	0.00	194	0	0	0	nan	0.00	0.00	3.68	85.54	88.82	0.00	39	0	43	0.00	0.00	66.61	7.73	0.00	0.00	2000
235	11.25	2101	2092	0.00	196	0	0	0	nan	0.00	0.00	4.66	83.79	88.75	0.00	39	0	43	0.00	0.00	65.12	7.29	0.00	0.00	2000
227	10.41	2171	2108	0.00	195	0	0	0	nan	0.00	0.00	4.94	84.98	89.59	0.00	39	0	42	0.00	0.00	63.41	7.10	0.00	0.00	2000
229	11.15	2058	2096	0.00	199	0	0	0	nan	0.00	0.00	6.09	82.68	88.86	0.00	39	0	43	0.00	0.00	64.72	7.24	0.00	0.00	2000
228	11.05	2062	2103	0.00	195	0	0	0	nan	0.00	0.00	4.76	84.41	88.95	0.00	39	0	42	0.00	0.00	66.85	7.78	0.00	0.00	2000
229	10.90	2111	2094	0.00	194	0	0	0	nan	0.00	0.00	4.44	84.37	89.10	0.00	39	0	43	0.00	0.00	65.04	7.43	0.00	0.00	2000
227	10.64	2128	2103	0.00	194	0	0	0	nan	0.00	0.00	4.88	84.71	89.36	0.00	39	0	43	0.00	0.00	63.16	7.08	0.00	0.00	2000
227	10.89	2086	2095	0.00	195	0	0	0	nan	0.00	0.00	4.32	84.64	89.11	0.00	39	0	43	0.00	0.00	65.28	7.62	0.00	0.00	2000
234	11.14	2078	2119	0.00	179	0	0	0	nan	0.00	0.00	4.37	85.41	88.86	0.00	39	0	42	0.00	0.00	66.67	7.63	0.00	0.00	2000
227	10.90	2085	2099	0.00	194	0	0	0	nan	0.00	0.03	3.45	85.69	89.10	0.00	40	0	43	0.00	0.00	64.02	7.23	0.00	0.00	2000
226	11.42	2040	2040	0.00	194	0	0	0	nan	0.00	0.00	2.50	83.54	88.58	0.00	40	0	43	0.00	0.00	60.72	6.89	0.00	0.00	2000
226	10.44	2120	2149	0.00	211	0	0	0	nan	0.00	0.04	2.98	88.75	89.56	0.00	39	0	43	0.00	0.00	69.03	7.85	0.00	0.00	2000
233	11.04	2107	2108	0.00	194	0	0	0	nan	0.00	0.00	3.99	85.34	88.96	0.00	39	0	42	0.00	0.00	65.56	7.59	0.00	0.00	2000
233	11.01	2117	2101	0.00	194	0	0	0	nan	0.00	0.00	3.48	85.61	88.99	0.00	39	0	42	0.00	0.00	66.68	7.69	0.00	0.00	2000
136	8.41	1616	2101	0.00	197	0	0	0	nan	0.00	0.03	5.78	85.75	91.59	0.00	38	0	42	0.00	0.00	61.66	7.15	0.00	0.00	2000
76	6.75	1146	2074	0.32	194	0	0	2	73.97	0.00	0.00	4.29	87.93	93.25	0.00	38	0	42	0.00	0.00	58.56	7.15	0.00	0.00	2000
212	10.89	1985	2060	0.28	199	0	0	1	88.43	0.00	0.03	3.66	83.82	89.11	0.00	40	0	43	0.00	0.00	62.84	7.16	0.00	0.00	2000
230	10.99	2032	2159	0.00	211	0	0	0	nan	0.00	0.00	3.24	88.31	89.01	0.00	41	0	43	0.00	0.00	68.29	7.79	0.00	0.00	2000
231	11.23	2064	2096	0.00	203	0	0	0	nan	0.00	0.00	6.60	82.16	88.77	0.00	41	0	43	0.00	0.00	65.62	7.51	0.00	0.00	2000
103	7.54	1364	2115	0.00	200	0	0	0	nan	0.00	0.00	6.24	86.89	92.46	0.00	38	0	43	0.00	0.00	61.33	7.50	0.00	0.00	2000
75	6.81	1101	2102	0.00	194	0	0	0	nan	0.00	0.00	3.59	89.69	93.19	0.00	38	0	43	0.00	0.00	58.55	7.40	0.00	0.00	2000
205	10.55	1964	2076	0.00	200	0	0	0	nan	0.00	0.03	5.28	83.20	89.45	0.00	39	0	43	0.00	0.00	64.28	7.31	0.00	0.00	2000
230	10.93	2092	2109	0.00	194	0	0	0	nan	0.00	0.00	4.90	84.57	89.07	0.00	40	0	43	0.00	0.00	65.70	7.31	0.00	0.00	2000
231	10.97	2115	2088	0.00	202	0	0	0	nan	0.00	0.00	5.64	83.02	89.03	0.00	41	0	43	0.00	0.00	65.70	7.39	0.00	0.00	2000
229	11.02	2068	2109	0.00	196	0	0	0	nan	0.00	0.00	5.44	83.92	88.98	0.00	41	0	43	0.00	0.00	62.59	7.40	0.00	0.00	2000
228	10.96	2094	2090	0.00	194	0	0	0	nan	0.00	0.00	4.47	84.24	89.04	0.00	41	0	42	0.00	0.00	68.47	7.36	0.00	0.00	2000
230	11.05	2056	2127	0.00	193	0	0	0	nan	0.00	0.00	4.87	85.33	88.95	0.00	41	0	43	0.00	0.00	65.57	7.41	0.00	0.00	2000
226	10.95	2068	2098	0.00	197	0	0	0	nan	0.00	0.02	5.47	83.60	89.05	0.00	40	0	42	0.00	0.00	66.00	7.38	0.00	0.00	2000
286	12.87	2237	2087	0.00	206	0	0	0	nan	0.00	0.00	7.51	79.18	87.13	0.00	40	0	42	0.00	0.00	67.07	7.82	0.00	0.00	2000
214	11.28	1888	2107	0.00	231	0	0	0	nan	0.00	0.00	9.87	79.15	88.72	0.00	38	0	43	0.00	0.00	64.41	7.77	0.00	0.00	2000
75	6.25	1215	2082	0.00	193	0	0	0	nan	0.00	0.00	3.78	89.16	93.75	0.00	37	0	43	0.00	0.00	59.41	7.28	0.00	0.00	2000
77	6.97	1087	2136	0.00	194	0	0	0	nan	0.00	0.00	1.75	92.93	93.03	0.00	37	0	43	0.00	0.00	62.11	7.70	0.00	0.00	2000
81	6.80	1204	2084	0.03	161	0	0	3	76.89	0.00	0.04	4.32	88.27	93.20	0.00	38	0	42	0.00	0.00	60.33	7.27	0.00	0.00	2000
