Avg_MHz	Busy%	Bzy_MHz	TSC_MHz	IPC	IRQ	NMI	SMI	LLCMRPS	LLC%hit	POLL%	C1%	C1E%	C6%	CPU%c1	CPU%c6	CoreTmp	CoreThr	PkgTmp	Pkg%pc2	Pkg%pc6	PkgWatt	RAMWatt	PKG_%	RAM_%	UncMHz
368	17.79	1960	2215	0.00	240	0	0	0	nan	0.00	0.02	31.10	55.62	82.21	0.00	38	0	43	0.00	0.00	70.03	8.07	0.00	0.00	2000
364	16.64	2187	2102	0.00	222	0	0	0	nan	0.03	1.23	19.22	63.23	83.36	0.00	38	0	43	0.00	0.00	66.74	7.58	0.00	0.00	2000
79	6.80	1145	2128	0.00	196	0	0	0	nan	0.00	0.00	10.84	83.64	93.20	0.00	37	0	43	0.00	0.00	62.38	7.64	0.00	0.00	2000
72	6.82	1058	2081	0.00	193	0	0	0	nan	0.00	0.02	3.05	89.34	93.18	0.00	38	0	43	0.00	0.00	57.44	7.20	0.00	0.00	2000
73	6.67	1087	2118	0.00	194	0	0	0	nan	0.00	0.02	2.66	91.52	93.33	0.00	37	0	43	0.00	0.00	57.97	7.44	0.00	0.00	2000
72	6.87	1060	2083	0.00	193	0	0	0	nan	0.00	0.02	2.61	89.75	93.13	0.00	37	0	42	0.00	0.00	58.23	7.42	0.00	0.00	2000
73	6.77	1069	2123	0.00	210	0	0	0	nan	0.00	0.00	3.75	90.41	93.23	0.00	37	0	42	0.00	0.00	58.23	7.37	0.00	0.00	2000
72	6.45	1123	2098	0.00	193	0	0	0	nan	0.00	0.02	3.66	89.88	93.55	0.00	38	0	42	0.00	0.00	59.30	7.38	0.00	0.00	2000
72	6.75	1066	2091	0.00	193	0	0	0	nan	0.00	0.01	3.21	89.63	93.25	0.00	38	0	43	0.00	0.00	57.53	7.15	0.00	0.00	2000
73	6.88	1052	2111	0.00	194	0	0	0	nan	0.00	0.00	3.75	89.93	93.12	0.00	38	0	43	0.00	0.00	58.23	7.29	0.00	0.00	2000
77	7.06	1087	2097	0.00	196	0	0	0	nan	0.00	0.00	3.67	89.21	92.94	0.00	37	0	43	0.00	0.00	58.71	7.39	0.00	0.00	2000
73	6.23	1184	2084	0.00	194	0	0	0	nan	0.00	0.00	3.38	89.67	93.77	0.00	37	0	43	0.00	0.00	61.05	7.62	0.00	0.00	2000
72	6.96	1029	2114	0.00	194	0	0	0	nan	0.00	0.03	4.11	89.64	93.04	0.00	37	0	43	0.00	0.00	58.27	7.10	0.00	0.00	2000
71	6.88	1041	2074	0.00	193	0	0	0	nan	0.00	0.02	2.86	89.14	93.12	0.00	37	0	42	0.00	0.00	59.76	7.51	0.00	0.00	2000
73	7.25	1003	2102	0.00	213	0	0	0	nan	0.00	0.00	3.34	89.66	92.75	0.00	37	0	42	0.00	0.00	59.47	7.41	0.00	0.00	2000
72	6.86	1045	2097	0.00	194	0	0	1	88.49	0.00	0.04	4.06	88.96	93.14	0.00	37	0	43	0.00	0.00	56.93	7.04	0.00	0.00	2000
73	6.56	1103	2117	0.29	193	0	0	1	88.34	0.00	0.00	1.64	92.62	93.44	0.00	37	0	43	0.00	0.00	61.13	7.62	0.00	0.00	2000
73	7.05	1028	2117	0.00	194	0	0	0	nan	0.00	0.02	2.93	90.94	92.95	0.00	37	0	43	0.00	0.00	59.79	7.64	0.00	0.00	2000
165	9.11	1824	2091	0.00	216	0	0	0	nan	0.00	0.02	4.08	86.54	90.89	0.00	39	0	43	0.00	0.00	63.88	7.64	0.00	0.00	2000
225	11.17	2037	2078	0.00	204	0	0	0	nan	0.00	0.00	2.91	85.10	88.83	0.00	40	0	43	0.00	0.00	62.83	7.19	0.00	0.00	2000
235	11.55	2007	2126	0.00	229	0	0	0	nan	0.00	0.00	4.66	85.00	88.45	0.00	40	0	43	0.00	0.00	64.52	7.49	0.00	0.00	2000
227	11.08	2057	2088	0.00	202	0	0	0	nan	0.00	0.00	3.78	84.70	88.92	0.00	40	0	42	0.00	0.00	66.39	7.42	0.00	0.00	2000
236	11.10	2110	2112	0.00	197	0	0	0	nan	0.00	0.00	6.56	82.96	88.90	0.00	39	0	43	0.00	0.00	65.62	7.66	0.00	0.00	2000
228	11.14	2058	2087	0.00	194	0	0	0	nan	0.00	0.00	6.16	82.31	88.86	0.00	39	0	43	0.00	0.00	65.50	7.62	0.00	0.00	2000
227	11.18	2088	2038	0.00	198	0	0	0	nan	0.00	0.01	3.32	83.03	88.82	0.00	38	0	43	0.00	0.00	60.39	7.19	0.00	0.00	2000
235	11.05	2052	2181	0.00	249	0	0	0	nan	0.00	0.03	5.37	87.13	88.95	0.00	38	0	43	0.00	0.00	73.80	8.88	0.00	0.00	2000
239	11.48	2084	2093	0.00	201	0	0	0	nan	0.00	0.00	6.56	81.76	88.52	0.00	38	0	43	0.00	0.00	68.56	7.84	0.00	0.00	2000
232	10.90	2110	2117	0.00	196	0	0	0	nan	0.00	0.02	2.54	87.34	89.10	0.00	39	0	43	0.00	0.00	65.21	7.56	0.00	0.00	2000
228	10.74	2134	2088	0.00	201	0	0	0	nan	0.00	0.00	3.06	85.81	89.26	0.00	39	0	43	0.00	0.00	63.07	7.12	0.00	0.00	2000
230	11.00	2104	2089	0.00	202	0	0	0	nan	0.00	1.04	4.55	83.10	89.00	0.00	38	0	43	0.00	0.00	62.55	7.20	0.00	0.00	2000
235	11.50	2018	2127	0.00	197	0	0	0	nan	0.00	0.00	5.36	84.43	88.50	0.00	39	0	43	0.00	0.00	65.79	7.51	0.00	0.00	2000
228	11.12	2052	2099	0.00	198	0	0	0	nan	0.00	0.00	5.13	83.87	88.88	0.00	39	0	42	0.00	0.00	65.07	7.35	0.00	0.00	2000
229	11.09	2065	2097	0.09	197	0	0	10	96.26	0.00	0.02	4.99	83.92	88.91	0.00	39	0	43	0.00	0.00	65.58	7.54	0.00	0.00	2000
230	11.07	2075	2108	0.62	201	0	0	10	97.61	0.00	0.00	4.34	84.89	88.93	0.00	40	0	42	0.00	0.00	65.41	7.39	0.00	0.00	2000
232	10.86	2159	2075	0.00	201	0	0	0	nan	0.00	0.00	6.44	81.68	89.14	0.00	39	0	43	0.00	0.00	64.43	7.24	0.00	0.00	2000
230	10.73	2137	2108	0.00	207	0	0	0	nan	0.00	0.00	4.73	84.97	89.27	0.00	39	0	43	0.00	0.00	65.94	7.45	0.00	0.00	2000
226	11.25	2034	2078	0.00	197	0	0	0	nan	0.00	0.02	3.12	84.78	88.75	0.00	39	0	42	0.00	0.00	67.17	7.85	0.00	0.00	2000
228	11.14	2041	2110	0.00	212	0	0	0	nan	0.00	0.00	4.24	85.16	88.86	0.00	39	0	43	0.00	0.00	62.50	7.12	0.00	0.00	2000
232	10.76	2137	2118	0.00	199	0	0	0	nan	0.00	0.08	3.05	86.98	89.24	0.00	39	0	42	0.00	0.00	65.70	7.43	0.00	0.00	2000
231	11.08	2098	2087	0.00	202	0	0	0	nan	0.00	0.02	3.56	84.89	88.92	0.00	39	0	43	0.00	0.00	64.63	7.36	0.00	0.00	2000
228	10.95	2089	2093	0.00	197	0	0	0	nan	0.00	0.02	5.26	83.60	89.05	0.00	39	0	43	0.00	0.00	64.61	7.38	0.00	0.00	2000
235	11.34	2067	2104	0.00	197	0	0	0	nan	0.01	0.02	5.64	83.28	88.66	0.00	38	0	42	0.00	0.00	64.84	7.55	0.00	0.00	2000
227	11.16	2042	2088	0.00	213	0	0	0	nan	0.00	0.00	5.36	83.06	88.84	0.00	38	0	42	0.00	0.00	67.37	7.83	0.00	0.00	2000
247	11.71	2091	2119	0.00	204	0	0	0	nan	0.00	0.00	7.16	81.96	88.29	0.00	38	0	43	0.00	0.00	67.30	7.82	0.00	0.00	2000
236	10.93	2149	2108	0.00	202	0	0	0	nan	0.00	1.39	6.21	81.99	89.07	0.00	38	0	42	0.00	0.00	66.26	7.74	0.00	0.00	2000
233	11.36	2055	2093	0.00	196	0	0	0	nan	0.00	0.02	7.78	80.67	88.64	0.00	38	0	42	0.00	0.00	64.44	7.52	0.00	0.00	2000
235	11.38	2063	2106	0.00	213	0	0	0	nan	0.00	0.00	5.86	83.08	88.62	0.00	38	0	43	0.00	0.00	65.20	7.97	0.00	0.00	2000
231	11.16	2065	2102	0.00	182	0	0	0	nan	0.00	0.00	7.80	81.18	88.84	0.00	38	0	43	0.00	0.00	62.12	7.45	0.00	0.00	2000
231	11.32	2076	2068	0.00	197	1	0	0	nan	0.00	0.00	6.90	80.50	88.68	0.00	38	0	43	0.00	0.00	64.11	7.64	0.00	0.00	2000
235	11.18	2058	2141	0.00	197	0	0	2	60.14	0.00	0.03	6.25	84.36	88.82	0.00	39	0	43	0.00	0.00	66.33	7.87	0.00	0.00	2000
332	15.74	2252	1967	0.29	195	0	0	2	76.43	0.00	0.00	4.56	74.46	84.26	0.00	39	0	43	0.00	0.00	60.27	7.41	0.00	0.00	2000
689	27.59	2500	2099	0.00	283	0	0	0	nan	0.01	0.00	3.22	69.29	72.42	0.00	39	0	42	0.00	0.00	73.12	9.07	0.00	0.00	2000
690	27.56	2500	2102	0.00	258	0	0	0	nan	0.00	0.00	3.10	69.52	72.44	0.00	39	0	43	0.00	0.00	73.18	8.80	0.00	0.00	2000
692	27.68	2500	2100	0.00	254	0	0	0	nan	0.00	0.00	4.27	68.19	72.32	0.00	39	0	43	0.00	0.00	73.50	8.84	0.00	0.00	2000
691	27.64	2500	2100	0.00	261	0	0	0	nan	0.00	0.00	3.73	68.75	72.36	0.00	39	0	43	0.00	0.00	73.17	8.83	0.00	0.00	2000
377	18.04	2327	1887	0.00	251	0	0	0	nan	0.00	0.00	5.12	68.62	81.96	0.00	38	0	42	0.00	0.00	63.22	7.51	0.00	0.00	2000
242	10.42	2059	2371	0.00	232	0	0	0	nan	0.00	0.00	7.28	93.95	89.58	0.00	38	0	42	0.00	0.00	73.09	8.97	0.00	0.00	2000
236	11.04	2017	2222	0.00	212	0	0	0	nan	0.00	0.00	5.72	88.54	88.96	0.00	38	0	43	0.00	0.00	67.95	8.62	0.00	0.00	2000
221	10.73	2046	2117	0.00	204	0	0	0	nan	0.00	0.00	6.90	83.18	89.27	0.00	38	0	43	0.00	0.00	67.71	7.83	0.00	0.00	2000
167	10.16	1667	2072	0.00	272	0	0	0	nan	0.00	0.00	7.30	81.51	89.84	0.00	38	0	43	0.00	0.00	62.83	7.49	0.00	0.00	2000
82	7.10	1140	2123	0.00	195	0	0	0	nan	0.00	0.04	3.97	89.82	92.90	0.00	38	0	43	0.00	0.00	60.67	7.63	0.00	0.00	2000
74	6.33	1165	2099	0.00	194	0	0	0	nan	0.00	0.00	2.98	90.61	93.67	0.00	38	0	42	0.00	0.00	59.26	7.56	0.00	0.00	2000
122	8.44	1441	2108	0.00	66	0	0	0	nan	0.00	0.00	9.68	82.12	91.56	0.00	38	0	43	0.00	0.00	56.91	7.02	0.00	0.00	2000
