Avg_MHz	Busy%	Bzy_MHz	TSC_MHz	IPC	IRQ	NMI	SMI	LLCMRPS	LLC%hit	POLL%	C1%	C1E%	C6%	CPU%c1	CPU%c6	CoreTmp	CoreThr	PkgTmp	Pkg%pc2	Pkg%pc6	PkgWatt	RAMWatt	PKG_%	RAM_%	UncMHz
241	14.25	1758	2023	0.00	234	0	0	0	nan	0.00	0.00	25.12	57.51	85.75	0.00	38	0	42	0.00	0.00	57.10	6.83	0.00	0.00	2000
375	17.19	2049	2234	0.00	233	0	0	0	nan	0.00	1.87	17.19	69.27	82.81	0.00	38	0	43	0.00	0.00	73.23	8.14	0.00	0.00	2000
75	7.48	1004	2101	0.00	211	0	0	0	nan	0.00	0.03	9.11	83.59	92.52	0.00	38	0	42	0.00	0.00	58.88	7.24	0.00	0.00	2000
73	7.15	1028	2096	0.00	193	0	0	0	nan	0.00	0.02	2.15	90.63	92.85	0.00	37	0	43	0.00	0.00	58.24	7.39	0.00	0.00	2000
73	6.88	1050	2132	0.00	210	0	0	0	nan	0.03	0.00	3.66	91.02	93.12	0.00	37	0	43	0.00	0.00	60.33	7.51	0.00	0.00	2000
74	6.73	1095	2102	0.00	197	0	0	0	nan	0.00	0.00	4.28	89.13	93.27	0.00	37	0	42	0.00	0.00	58.74	7.28	0.00	0.00	2000
72	6.75	1072	2103	0.00	195	0	0	0	nan	0.00	0.00	3.79	89.71	93.25	0.00	37	0	43	0.00	0.00	58.18	7.21	0.00	0.00	2000
72	6.38	1136	2096	0.00	193	0	0	0	nan	0.00	0.02	2.62	90.77	93.62	0.00	37	0	43	0.00	0.00	58.37	7.44	0.00	0.00	2000
72	6.36	1141	2087	0.00	194	0	0	0	nan	0.00	0.00	2.65	90.37	93.64	0.00	38	0	42	0.00	0.00	58.73	7.39	0.00	0.00	2000
72	7.03	1021	2118	0.00	193	0	0	0	nan	0.00	0.00	2.66	91.27	92.97	0.00	38	0	43	0.00	0.00	56.16	7.46	0.00	0.00	2000
72	7.00	1047	2074	0.00	196	0	0	0	nan	0.00	0.02	2.48	89.56	93.00	0.00	38	0	43	0.00	0.00	61.35	7.44	0.00	0.00	2000
72	6.96	1022	2115	0.00	209	0	0	0	nan	0.00	0.04	1.99	91.75	93.04	0.00	37	0	42	0.00	0.00	60.70	7.74	0.00	0.00	2000
73	6.60	1096	2104	0.00	177	0	0	0	nan	0.00	0.02	3.71	89.94	93.40	0.00	37	0	43	0.00	0.00	56.10	7.23	0.00	0.00	2000
72	6.91	1043	2100	0.00	210	0	0	0	nan	0.00	0.00	3.25	89.98	93.09	0.00	38	0	43	0.00	0.00	61.18	7.64	0.00	0.00	2000
73	6.75	1080	2102	0.00	196	0	0	0	nan	0.00	0.00	3.88	89.52	93.25	0.00	37	0	42	0.00	0.00	57.72	7.25	0.00	0.00	2000
153	10.48	1488	2063	0.03	209	0	0	10	33.03	0.00	0.00	6.63	81.40	89.52	0.00	38	0	42	0.00	0.00	55.78	6.86	0.00	0.00	2000
75	6.78	1086	2140	0.11	209	0	0	3	94.89	0.00	0.00	3.85	91.26	93.22	0.00	37	0	42	0.00	0.00	64.71	8.20	0.00	0.00	2000
70	6.73	1061	2074	0.00	177	0	0	0	nan	0.00	0.00	3.51	88.68	93.27	0.00	37	0	42	0.00	0.00	55.54	7.01	0.00	0.00	2000
183	9.94	1828	2112	0.00	231	0	0	0	nan	0.00	0.00	5.70	85.00	90.06	0.00	39	0	42	0.00	0.00	63.02	7.29	0.00	0.00	2000
234	11.12	2083	2121	0.00	203	0	0	0	nan	0.00	0.02	5.61	84.35	88.88	0.00	40	0	42	0.00	0.00	66.13	7.58	0.00	0.00	2000
230	11.11	2075	2093	0.00	214	0	0	0	nan	0.00	0.02	3.48	85.29	88.89	0.00	40	0	42	0.00	0.00	67.38	7.56	0.00	0.00	2000
228	11.03	2070	2095	0.00	204	0	0	0	nan	0.00	0.00	3.58	85.39	88.97	0.00	41	0	42	0.00	0.00	65.14	7.41	0.00	0.00	2000
237	11.44	2071	2103	0.00	215	0	0	0	nan	0.00	0.58	4.66	83.68	88.56	0.00	38	0	42	0.00	0.00	65.07	7.53	0.00	0.00	2000
231	11.27	2041	2105	0.00	181	0	0	0	nan	0.00	0.02	6.27	82.85	88.73	0.00	38	0	43	0.00	0.00	67.48	7.53	0.00	0.00	2000
223	11.29	2051	2024	0.00	197	0	0	0	nan	0.01	0.02	3.25	82.41	88.71	0.00	38	0	42	0.00	0.00	58.00	7.02	0.00	0.00	2000
235	11.08	2041	2182	0.00	252	0	0	0	nan	0.00	0.00	6.30	86.24	88.92	0.00	38	0	42	0.00	0.00	74.12	8.55	0.00	0.00	2000
232	11.39	2034	2106	0.00	198	0	0	0	nan	0.00	0.00	7.98	81.06	88.61	0.00	38	0	43	0.00	0.00	68.63	7.89	0.00	0.00	2000
226	11.40	1993	2085	0.00	194	0	0	0	nan	0.00	0.00	6.29	81.87	88.60	0.00	38	0	42	0.00	0.00	63.80	7.19	0.00	0.00	2000
233	11.31	2051	2109	0.00	197	0	0	0	nan	0.00	0.00	5.38	83.89	88.69	0.00	38	0	42	0.00	0.00	64.56	7.42	0.00	0.00	2000
228	11.20	2050	2082	0.00	200	0	0	0	nan	0.00	0.02	5.43	82.75	88.80	0.00	38	0	42	0.00	0.00	64.68	7.30	0.00	0.00	2000
233	11.36	2025	2129	0.00	195	0	0	0	nan	0.00	0.01	5.11	84.95	88.64	0.00	39	0	42	0.00	0.00	64.97	7.13	0.00	0.00	2000
229	11.25	2034	2099	0.00	197	0	0	0	nan	0.01	0.00	4.47	84.37	88.75	0.00	39	0	42	0.00	0.00	65.19	7.43	0.00	0.00	2000
228	11.24	2046	2085	0.17	196	0	0	12	97.19	0.00	0.03	2.53	85.73	88.76	0.00	39	0	43	0.00	0.00	62.98	7.23	0.00	0.00	2000
231	11.13	2071	2107	0.58	214	0	0	8	93.90	0.00	0.02	3.88	85.46	88.87	0.00	39	0	43	0.00	0.00	67.04	7.55	0.00	0.00	2000
227	11.08	2082	2067	0.00	202	0	0	0	nan	0.00	0.02	5.62	82.04	88.92	0.00	39	0	42	0.00	0.00	63.17	7.36	0.00	0.00	2000
229	11.67	1973	2087	0.00	197	0	0	0	nan	0.00	0.00	5.68	82.29	88.33	0.00	38	0	43	0.00	0.00	64.25	7.21	0.00	0.00	2000
235	11.41	2060	2100	0.00	213	0	0	0	nan	0.00	0.45	5.05	83.29	88.59	0.00	38	0	43	0.00	0.00	67.32	7.84	0.00	0.00	2000
232	11.38	1995	2148	0.00	214	0	0	0	nan	0.00	0.00	5.76	84.94	88.62	0.00	38	0	43	0.00	0.00	68.57	7.64	0.00	0.00	2000
230	11.32	2040	2089	0.00	200	0	0	0	nan	0.00	0.00	5.16	83.22	88.68	0.00	39	0	42	0.00	0.00	63.32	7.38	0.00	0.00	2000
230	11.37	2019	2106	0.00	215	0	0	0	nan	0.00	0.01	4.47	84.58	88.63	0.00	39	0	42	0.00	0.00	64.62	7.45	0.00	0.00	2000
228	11.42	2002	2096	0.00	196	0	0	0	nan	0.00	0.00	5.92	82.67	88.58	0.00	39	0	42	0.00	0.00	68.79	7.78	0.00	0.00	2000
230	11.41	2015	2102	0.00	195	0	0	0	nan	0.00	0.00	5.83	83.08	88.59	0.00	39	0	42	0.00	0.00	65.96	7.29	0.00	0.00	2000
232	11.27	2072	2083	0.00	196	0	0	0	nan	0.00	0.00	5.26	82.96	88.73	0.00	39	0	43	0.00	0.00	61.85	7.50	0.00	0.00	2000
233	11.41	2015	2131	0.00	203	0	0	0	nan	0.00	0.00	5.09	84.98	88.59	0.00	39	0	42	0.00	0.00	68.26	7.81	0.00	0.00	2000
232	11.21	2073	2093	0.00	199	0	0	0	nan	0.00	0.00	4.23	84.41	88.79	0.00	40	0	42	0.00	0.00	65.02	7.44	0.00	0.00	2000
233	11.06	2103	2104	0.00	201	0	0	0	nan	0.01	0.00	5.51	83.70	88.94	0.00	39	0	43	0.00	0.00	66.51	7.56	0.00	0.00	2000
228	11.14	2045	2098	0.00	201	0	0	0	nan	0.00	0.02	5.63	83.36	88.86	0.00	38	0	42	0.00	0.00	65.37	7.45	0.00	0.00	2000
263	12.82	2084	2067	0.00	205	0	0	0	nan	0.00	0.01	3.29	82.66	87.18	0.00	40	0	43	0.00	0.00	64.64	7.34	0.00	0.00	2000
236	11.41	2038	2128	0.00	229	0	0	0	nan	0.00	0.00	2.40	87.51	88.59	0.00	41	0	42	0.00	0.00	63.87	7.51	0.00	0.00	2000
227	11.13	2052	2091	0.62	186	0	0	2	59.02	0.00	0.02	3.71	84.98	88.87	0.00	41	0	42	0.00	0.00	65.18	7.70	0.00	0.00	2000
234	11.34	2043	2116	0.34	230	0	0	1	80.88	0.00	0.00	6.04	83.41	88.66	0.00	41	0	43	0.00	0.00	66.47	7.81	0.00	0.00	2000
230	11.37	2026	2097	0.00	206	0	0	0	nan	0.00	0.02	2.91	85.80	88.63	0.00	41	0	42	0.00	0.00	65.51	7.74	0.00	0.00	2000
232	11.46	2030	2093	0.00	210	0	0	0	nan	0.00	0.00	3.38	85.08	88.54	0.00	41	0	43	0.00	0.00	63.59	7.46	0.00	0.00	2000
228	11.14	2045	2105	0.00	219	0	0	0	nan	0.00	0.00	4.03	85.24	88.86	0.00	41	0	43	0.00	0.00	64.11	7.47	0.00	0.00	2000
231	11.17	2065	2101	0.00	204	0	0	0	nan	0.00	0.00	3.72	85.32	88.83	0.00	41	0	42	0.00	0.00	65.56	7.63	0.00	0.00	2000
229	10.85	2113	2100	0.00	203	0	0	0	nan	0.00	0.00	3.87	85.36	89.15	0.00	42	0	42	0.00	0.00	65.41	7.62	0.00	0.00	2000
230	11.08	2082	2097	0.00	203	0	0	0	nan	0.00	0.00	3.81	85.12	88.92	0.00	41	0	43	0.00	0.00	65.28	7.40	0.00	0.00	2000
233	11.25	2064	2105	0.00	212	0	0	0	nan	0.00	0.02	4.13	84.96	88.75	0.00	41	0	43	0.00	0.00	65.17	7.77	0.00	0.00	2000
229	11.16	2060	2091	0.00	203	0	0	0	nan	0.00	0.00	4.83	83.77	88.84	0.00	42	0	43	0.00	0.00	65.57	7.58	0.00	0.00	2000
230	11.29	2034	2107	0.00	205	0	0	0	nan	0.00	0.02	4.25	84.90	88.71	0.00	42	0	43	0.00	0.00	65.30	7.53	0.00	0.00	2000
229	11.32	2022	2101	0.00	205	0	0	0	nan	0.00	0.00	3.89	85.04	88.68	0.00	42	0	43	0.00	0.00	66.60	7.75	0.00	0.00	2000
229	11.42	2004	2102	0.00	203	0	0	0	nan	0.00	0.01	2.81	86.05	88.58	0.00	42	0	42	0.00	0.00	65.79	7.75	0.00	0.00	2000
234	11.21	2084	2107	0.00	213	0	0	0	nan	0.00	0.01	3.35	85.83	88.79	0.00	42	0	42	0.00	0.00	65.65	7.65	0.00	0.00	2000
230	11.27	2042	2101	0.00	202	0	0	0	nan	0.00	0.02	2.90	85.97	88.73	0.00	41	0	42	0.00	0.00	65.31	7.59	0.00	0.00	2000
229	11.44	2004	2096	0.00	203	0	0	0	nan	0.00	0.00	2.85	85.70	88.56	0.00	42	0	42	0.00	0.00	64.85	7.68	0.00	0.00	2000
230	11.29	2039	2095	0.00	205	0	0	0	nan	0.00	0.01	3.58	85.08	88.71	0.00	41	0	43	0.00	0.00	64.97	7.49	0.00	0.00	2000
229	11.16	2063	2086	0.96	205	0	0	20	8.65	0.00	0.00	3.50	84.91	88.84	0.00	42	0	42	0.00	0.00	64.53	7.96	0.00	0.00	2000
230	11.26	2045	2096	0.55	230	0	0	3	31.28	0.00	0.01	4.29	84.42	88.74	0.00	42	0	43	0.00	0.00	66.92	8.34	0.00	0.00	2000
226	11.05	2052	2091	0.00	219	0	0	0	nan	0.00	0.02	4.61	84.05	88.95	0.00	42	0	43	0.00	0.00	66.63	8.10	0.00	0.00	2000
230	11.21	2023	2129	0.00	220	0	0	0	nan	0.00	0.02	4.20	86.02	88.79	0.00	42	0	43	0.00	0.00	67.86	8.34	0.00	0.00	2000
230	11.25	2054	2087	0.00	203	0	0	0	nan	0.00	0.00	3.34	85.01	88.75	0.00	43	0	43	0.00	0.00	66.42	8.09	0.00	0.00	2000
226	11.05	2060	2086	0.00	213	0	0	0	nan	0.00	0.00	4.07	84.43	88.95	0.00	43	0	43	0.00	0.00	65.93	8.11	0.00	0.00	2000
231	11.28	2021	2128	0.00	219	0	0	0	nan	0.00	0.00	4.25	85.81	88.72	0.00	43	0	43	0.00	0.00	68.26	8.37	0.00	0.00	2000
223	11.19	2023	2067	0.00	203	0	0	0	nan	0.00	0.00	3.00	84.55	88.81	0.00	42	0	42	0.00	0.00	64.82	8.02	0.00	0.00	2000
226	11.38	2000	2090	0.00	218	0	0	0	nan	0.00	0.02	4.17	84.20	88.62	0.00	43	0	43	0.00	0.00	66.04	8.08	0.00	0.00	2000
233	11.10	2053	2144	0.00	230	0	0	0	nan	0.00	0.00	4.37	86.57	88.90	0.00	42	0	43	0.00	0.00	68.88	8.51	0.00	0.00	2000
227	10.88	2112	2076	0.00	204	0	0	0	nan	0.00	0.00	2.99	85.22	89.12	0.00	43	0	43	0.00	0.00	65.88	8.04	0.00	0.00	2000
228	11.16	2036	2105	0.00	206	0	0	0	nan	0.00	0.00	4.26	84.98	88.84	0.00	42	0	42	0.00	0.00	66.73	8.27	0.00	0.00	2000
226	11.33	2011	2086	0.00	236	0	0	0	nan	0.00	0.00	3.76	84.50	88.67	0.00	42	0	43	0.00	0.00	65.71	8.17	0.00	0.00	2000
233	11.09	2066	2133	0.00	229	0	0	0	nan	0.00	0.02	4.72	85.68	88.91	0.00	43	0	43	0.00	0.00	69.08	8.51	0.00	0.00	2000
223	10.97	2057	2072	0.00	202	0	0	0	nan	0.00	0.00	2.79	85.26	89.03	0.00	42	0	42	0.00	0.00	65.09	7.92	0.00	0.00	2000
225	11.23	2007	2096	0.00	235	0	0	0	nan	0.00	0.00	4.26	84.50	88.77	0.00	43	0	43	0.00	0.00	66.36	8.14	0.00	0.00	2000
230	11.27	2030	2109	0.53	229	0	0	14	11.70	0.00	0.02	3.78	85.46	88.73	0.00	43	0	43	0.00	0.00	67.06	8.22	0.00	0.00	2000
227	11.24	2020	2097	0.93	219	0	0	9	17.25	0.00	0.00	4.30	84.53	88.76	0.00	43	0	43	0.00	0.00	66.25	8.14	0.00	0.00	2000
229	11.30	2031	2094	0.00	220	0	0	0	nan	0.00	0.00	3.85	84.78	88.70	0.00	43	0	43	0.00	0.00	66.23	8.23	0.00	0.00	2000
234	11.39	2018	2136	0.00	207	0	0	0	nan	0.00	0.02	4.03	86.22	88.61	0.00	43	0	43	0.00	0.00	68.44	8.50	0.00	0.00	2000
224	11.00	2055	2084	0.00	229	0	0	0	nan	0.00	0.02	2.85	85.66	89.00	0.00	42	0	43	0.00	0.00	65.93	8.14	0.00	0.00	2000
224	11.14	2027	2086	0.00	236	0	0	0	nan	0.03	0.00	3.28	85.19	88.86	0.00	43	0	43	0.00	0.00	65.80	8.04	0.00	0.00	2000
230	10.96	2075	2122	0.00	218	0	0	0	nan	0.00	0.00	3.89	86.18	89.04	0.00	43	0	43	0.00	0.00	67.73	8.21	0.00	0.00	2000
230	11.04	2086	2100	0.00	204	0	0	0	nan	0.00	0.01	3.30	85.82	88.96	0.00	43	0	43	0.00	0.00	66.66	8.26	0.00	0.00	2000
229	10.98	2077	2109	0.00	209	0	0	0	nan	0.00	0.01	3.30	86.29	89.02	0.00	42	0	43	0.00	0.00	67.48	8.12	0.00	0.00	2000
227	11.27	2017	2097	0.00	204	0	0	0	nan	0.00	0.02	4.05	84.70	88.73	0.00	42	0	43	0.00	0.00	66.32	8.23	0.00	0.00	2000
230	11.07	2070	2104	0.00	204	0	0	0	nan	0.00	0.02	3.19	85.99	88.93	0.00	42	0	43	0.00	0.00	67.02	8.34	0.00	0.00	2000
230	11.12	2078	2089	0.00	203	0	0	0	nan	0.00	0.02	3.13	85.44	88.88	0.00	42	0	43	0.00	0.00	66.20	8.07	0.00	0.00	2000
228	11.11	2077	2073	0.00	204	0	0	0	nan	0.00	0.00	3.63	84.21	88.89	0.00	43	0	43	0.00	0.00	65.69	7.99	0.00	0.00	2000
229	11.28	2008	2126	0.00	230	0	0	0	nan	0.00	0.01	4.58	85.38	88.72	0.00	42	0	43	0.00	0.00	67.74	8.35	0.00	0.00	2000
224	11.00	2056	2081	0.00	219	0	0	0	nan	0.00	0.00	2.93	85.37	89.00	0.00	43	0	43	0.00	0.00	66.25	8.00	0.00	0.00	2000
228	11.08	2040	2118	0.00	203	0	0	0	nan	0.00	0.00	3.93	85.88	88.92	0.00	43	0	43	0.00	0.00	65.41	7.69	0.00	0.00	2000
358	15.51	2343	2069	0.00	240	0	0	1	89.00	0.00	0.00	4.14	79.23	84.49	0.00	40	0	42	0.00	0.00	64.44	7.78	0.00	0.00	2000
263	12.01	2168	2118	0.53	247	0	0	4	75.97	0.00	0.02	5.91	82.94	87.99	0.00	41	0	42	0.00	0.00	68.74	7.88	0.00	0.00	2000
230	11.44	2051	2057	0.00	221	0	0	0	nan	0.00	0.00	3.71	83.15	88.56	0.00	41	0	43	0.00	0.00	57.96	6.85	0.00	0.00	2000
231	10.49	2134	2171	0.00	261	0	0	0	nan	0.00	0.00	5.97	86.68	89.51	0.00	41	0	43	0.00	0.00	75.90	8.29	0.00	0.00	2000
231	10.56	2185	2102	0.00	207	0	0	0	nan	0.00	2.07	4.07	83.63	89.44	0.00	41	0	43	0.00	0.00	66.06	7.73	0.00	0.00	2000
158	9.39	1688	2093	0.00	207	0	0	0	nan	0.00	0.00	6.83	83.73	90.61	0.00	39	0	43	0.00	0.00	59.99	7.34	0.00	0.00	2000
102	8.36	1242	2072	0.00	228	0	0	0	nan	0.00	0.05	10.28	80.31	91.64	0.00	38	0	43	0.00	0.00	63.16	7.61	0.00	0.00	2000
75	7.28	1027	2103	0.00	210	0	0	0	nan	0.00	0.00	4.00	88.85	92.72	0.00	38	0	43	0.00	0.00	56.14	6.98	0.00	0.00	2000
72	7.21	988	2111	0.00	209	0	0	0	nan	0.00	0.03	3.68	89.79	92.79	0.00	38	0	42	0.00	0.00	60.13	7.42	0.00	0.00	2000
132	9.91	1307	2136	0.00	65	0	0	0	nan	0.00	0.06	9.21	82.44	90.09	0.00	38	0	43	0.00	0.00	61.58	7.42	0.00	0.00	2000
