Avg_MHz	Busy%	Bzy_MHz	TSC_MHz	IPC	IRQ	NMI	SMI	LLCMRPS	LLC%hit	POLL%	C1%	C1E%	C6%	CPU%c1	CPU%c6	CoreTmp	CoreThr	PkgTmp	Pkg%pc2	Pkg%pc6	PkgWatt	RAMWatt	PKG_%	RAM_%	UncMHz
338	16.68	1938	2195	0.00	278	0	0	0	nan	0.00	0.08	26.17	60.79	83.32	0.00	38	0	43	0.00	0.00	68.26	7.92	0.00	0.00	2000
340	15.17	2236	2108	0.00	209	0	0	0	nan	0.00	3.31	13.37	68.67	84.83	0.00	38	0	43	0.00	0.00	67.44	7.64	0.00	0.00	2000
77	7.37	1055	2070	0.00	195	0	0	0	nan	0.00	0.00	7.43	83.94	92.63	0.00	38	0	43	0.00	0.00	56.40	7.08	0.00	0.00	2000
72	6.91	1037	2103	0.00	194	0	0	0	nan	0.00	0.06	2.81	90.48	93.09	0.00	37	0	43	0.00	0.00	60.12	7.46	0.00	0.00	2000
76	7.30	1026	2135	0.00	211	0	0	0	nan	0.00	0.00	5.67	88.58	92.70	0.00	38	0	43	0.00	0.00	62.12	7.90	0.00	0.00	2000
74	6.64	1110	2098	0.00	195	0	0	0	nan	0.00	0.00	3.60	89.73	93.36	0.00	38	0	43	0.00	0.00	56.76	7.19	0.00	0.00	2000
73	6.62	1112	2074	0.00	195	0	0	0	nan	0.00	0.00	3.11	89.17	93.38	0.00	38	0	43	0.00	0.00	58.65	7.39	0.00	0.00	2000
73	6.65	1088	2112	0.00	193	0	0	0	nan	0.00	0.00	4.02	89.93	93.35	0.00	37	0	43	0.00	0.00	59.46	7.47	0.00	0.00	2000
74	6.51	1124	2111	0.00	193	0	0	0	nan	0.00	0.00	4.44	89.56	93.49	0.00	37	0	43	0.00	0.00	56.61	7.62	0.00	0.00	2000
72	6.50	1111	2105	0.00	193	0	0	0	nan	0.00	0.00	3.42	90.40	93.50	0.00	37	0	43	0.00	0.00	62.01	7.34	0.00	0.00	2000
73	6.76	1081	2096	0.00	194	0	0	0	nan	0.00	0.02	3.25	89.80	93.24	0.00	37	0	43	0.00	0.00	58.73	7.57	0.00	0.00	2000
73	6.49	1128	2107	0.00	193	0	0	0	nan	0.00	0.00	3.89	90.01	93.51	0.00	37	0	42	0.00	0.00	59.41	7.60	0.00	0.00	2000
73	6.78	1074	2095	0.00	193	0	0	0	nan	0.00	0.00	3.08	90.06	93.22	0.00	37	0	43	0.00	0.00	58.56	7.37	0.00	0.00	2000
72	6.48	1106	2100	0.00	193	0	0	0	nan	0.00	0.00	3.69	89.93	93.52	0.00	37	0	43	0.00	0.00	58.83	7.58	0.00	0.00	2000
73	6.82	1066	2099	0.00	194	0	0	0	nan	0.00	0.01	3.56	89.71	93.18	0.00	37	0	42	0.00	0.00	58.42	7.43	0.00	0.00	2000
70	6.85	1034	2079	0.00	193	0	0	1	88.45	0.00	0.00	3.48	88.83	93.15	0.00	37	0	43	0.00	0.00	56.81	6.98	0.00	0.00	2000
75	6.90	1072	2127	0.30	196	0	0	2	86.95	0.00	0.02	3.34	90.99	93.10	0.00	37	0	43	0.00	0.00	62.40	7.76	0.00	0.00	2000
72	6.48	1115	2080	0.00	194	0	0	0	nan	0.00	0.00	3.12	89.59	93.52	0.00	37	0	43	0.00	0.00	57.00	7.14	0.00	0.00	2000
165	9.24	1774	2113	0.00	214	0	0	0	nan	0.00	0.00	4.26	87.13	90.76	0.00	39	0	43	0.00	0.00	64.20	7.71	0.00	0.00	2000
229	11.09	2075	2090	0.00	203	0	0	0	nan	0.00	0.02	4.29	84.21	88.91	0.00	40	0	43	0.00	0.00	64.90	7.39	0.00	0.00	2000
234	11.26	2066	2114	0.00	219	0	0	0	nan	0.00	0.00	3.90	85.53	88.75	0.00	40	0	43	0.00	0.00	66.49	7.51	0.00	0.00	2000
226	10.91	2100	2068	0.00	194	0	0	0	nan	0.00	0.00	4.10	83.73	89.09	0.00	41	0	43	0.00	0.00	63.24	7.29	0.00	0.00	2000
239	11.32	2080	2130	0.00	212	0	0	0	nan	0.00	0.04	7.17	82.92	88.68	0.00	39	0	43	0.00	0.00	68.26	7.92	0.00	0.00	2000
226	11.03	2081	2064	0.00	198	0	0	0	nan	0.00	0.00	5.56	81.98	88.97	0.00	38	0	43	0.00	0.00	62.11	7.32	0.00	0.00	2000
237	11.68	2087	2042	0.00	214	0	0	0	nan	0.00	0.06	3.36	82.52	88.32	0.00	38	0	43	0.00	0.00	66.25	7.49	0.00	0.00	2000
230	10.29	2143	2190	0.00	215	0	0	0	nan	0.00	0.56	5.71	87.40	89.71	0.00	38	0	43	0.00	0.00	68.11	7.86	0.00	0.00	2000
232	11.29	2044	2109	0.00	196	0	0	0	nan	0.00	0.00	7.50	81.73	88.71	0.00	38	0	43	0.00	0.00	68.90	8.02	0.00	0.00	2000
229	10.89	2121	2086	0.00	183	0	0	0	nan	0.00	0.00	6.69	81.88	89.11	0.00	39	0	43	0.00	0.00	63.73	7.24	0.00	0.00	2000
233	10.99	2105	2112	0.00	214	0	0	0	nan	0.00	0.00	5.26	84.34	89.01	0.00	39	0	43	0.00	0.00	65.16	7.34	0.00	0.00	2000
230	11.07	2109	2066	0.00	197	0	0	0	nan	0.00	0.02	5.16	82.39	88.93	0.00	39	0	43	0.00	0.00	65.77	7.39	0.00	0.00	2000
232	11.02	2074	2131	0.00	200	0	0	0	nan	0.00	0.00	7.27	83.08	88.98	0.00	39	0	43	0.00	0.00	65.96	7.45	0.00	0.00	2000
224	10.97	2066	2073	0.00	198	0	0	0	nan	0.00	0.00	7.53	80.47	89.03	0.00	39	0	43	0.00	0.00	64.60	7.42	0.00	0.00	2000
231	11.05	2069	2124	0.00	199	0	0	4	83.50	0.00	0.00	5.17	84.95	88.95	0.00	39	0	43	0.00	0.00	66.39	7.50	0.00	0.00	2000
224	11.13	2067	2048	0.53	200	0	0	17	70.21	0.00	0.00	4.79	81.99	88.87	0.00	39	0	43	0.00	0.00	61.45	7.15	0.00	0.00	2000
235	11.16	2094	2115	0.00	248	0	0	0	nan	0.00	0.02	6.16	83.33	88.84	0.00	38	0	43	0.00	0.00	68.37	7.76	0.00	0.00	2000
234	12.15	2177	1857	0.00	202	0	0	0	nan	0.00	0.01	5.76	71.98	87.85	0.00	38	0	43	0.00	0.00	57.18	6.52	0.00	0.00	2000
238	10.05	2059	2417	0.00	229	0	0	0	nan	0.04	0.00	8.60	95.11	89.95	0.00	39	0	43	0.00	0.00	79.26	9.42	0.00	0.00	2000
224	10.68	2079	2115	0.00	196	0	0	0	nan	0.00	0.00	5.74	84.29	89.32	0.00	39	0	43	0.00	0.00	65.36	7.63	0.00	0.00	2000
109	7.24	1499	2105	0.00	242	0	0	0	nan	0.00	0.05	6.86	86.01	92.76	0.00	38	0	43	0.00	0.00	61.51	7.69	0.00	0.00	2000
110	7.63	1432	2111	0.00	81	0	0	0	nan	0.00	0.02	8.57	84.30	92.37	0.00	38	0	43	0.00	0.00	59.64	7.14	0.00	0.00	2000
