Avg_MHz	Busy%	Bzy_MHz	TSC_MHz	IPC	IRQ	NMI	SMI	LLCMRPS	LLC%hit	POLL%	C1%	C1E%	C6%	CPU%c1	CPU%c6	CoreTmp	CoreThr	PkgTmp	Pkg%pc2	Pkg%pc6	PkgWatt	RAMWatt	PKG_%	RAM_%	UncMHz
247	13.35	1861	2089	0.00	229	0	0	0	nan	0.00	0.02	25.94	60.35	86.65	0.00	37	0	43	0.00	0.00	63.92	7.22	0.00	0.00	2000
362	15.96	2187	2179	0.00	230	0	0	0	nan	0.01	1.47	16.28	69.66	84.04	0.00	38	0	43	0.00	0.00	69.47	8.33	0.00	0.00	2000
78	6.74	1160	2090	0.00	195	0	0	0	nan	0.00	0.11	13.52	79.24	93.26	0.00	37	0	42	0.00	0.00	59.36	7.30	0.00	0.00	2000
72	6.42	1122	2095	0.00	194	0	0	0	nan	0.00	0.02	2.54	90.72	93.58	0.00	37	0	43	0.00	0.00	58.38	7.18	0.00	0.00	2000
75	6.88	1088	2097	0.00	196	0	0	0	nan	0.00	0.00	3.39	89.63	93.12	0.00	37	0	42	0.00	0.00	60.67	7.67	0.00	0.00	2000
72	6.64	1083	2094	0.00	194	0	0	0	nan	0.00	0.02	2.00	91.05	93.36	0.00	37	0	43	0.00	0.00	58.63	7.38	0.00	0.00	2000
73	6.66	1086	2111	0.00	193	0	0	0	nan	0.00	0.00	3.87	90.01	93.34	0.00	37	0	42	0.00	0.00	59.53	7.44	0.00	0.00	2000
72	6.84	1062	2091	0.00	194	0	0	0	nan	0.00	0.02	3.09	89.68	93.16	0.00	37	0	42	0.00	0.00	59.07	7.51	0.00	0.00	2000
73	6.66	1085	2129	0.00	194	0	0	0	nan	0.00	0.00	4.29	90.36	93.34	0.00	37	0	42	0.00	0.00	60.30	7.59	0.00	0.00	2000
73	6.61	1100	2108	0.00	194	0	0	0	nan	0.00	0.02	2.82	90.87	93.39	0.00	37	0	42	0.00	0.00	60.47	7.50	0.00	0.00	2000
73	6.56	1106	2099	0.00	193	0	0	0	nan	0.00	0.00	3.02	90.35	93.44	0.00	37	0	42	0.00	0.00	59.11	7.41	0.00	0.00	2000
72	6.74	1074	2079	0.00	194	0	0	0	nan	0.00	0.00	3.82	88.62	93.26	0.00	37	0	43	0.00	0.00	58.34	7.15	0.00	0.00	2000
72	6.68	1092	2080	0.00	194	0	0	0	nan	0.00	0.00	3.06	89.39	93.32	0.00	37	0	43	0.00	0.00	57.80	7.20	0.00	0.00	2000
72	6.77	1052	2111	0.00	209	0	0	0	nan	0.00	0.00	4.23	89.46	93.23	0.00	37	0	42	0.00	0.00	60.15	7.53	0.00	0.00	2000
74	6.39	1145	2123	0.00	193	0	0	0	nan	0.00	0.02	2.58	92.01	93.61	0.00	37	0	43	0.00	0.00	59.86	7.23	0.00	0.00	2000
72	6.83	1057	2086	0.00	194	0	0	1	88.32	0.00	0.00	3.43	89.17	93.17	0.00	37	0	42	0.00	0.00	57.62	7.11	0.00	0.00	2000
72	6.76	1071	2092	0.29	194	0	0	2	87.10	0.00	0.00	3.93	88.97	93.24	0.00	37	0	42	0.00	0.00	60.53	7.41	0.00	0.00	2000
73	6.40	1132	2125	0.00	193	0	0	0	nan	0.00	0.01	2.45	92.31	93.60	0.00	37	0	42	0.00	0.00	58.24	7.45	0.00	0.00	2000
146	8.79	1692	2070	0.00	216	0	0	0	nan	0.00	0.00	3.51	86.49	91.21	0.00	39	0	42	0.00	0.00	62.38	7.48	0.00	0.00	2000
232	11.01	2086	2125	0.00	204	0	0	0	nan	0.00	0.00	5.10	85.03	88.99	0.00	40	0	43	0.00	0.00	66.43	7.69	0.00	0.00	2000
231	10.99	2099	2102	0.00	219	0	0	0	nan	0.00	0.00	3.33	85.86	89.01	0.00	40	0	42	0.00	0.00	64.31	7.33	0.00	0.00	2000
232	11.26	2053	2109	0.00	197	0	0	0	nan	0.00	0.00	3.61	85.65	88.74	0.00	41	0	43	0.00	0.00	63.16	7.31	0.00	0.00	2000
234	11.25	2090	2089	0.00	198	0	0	0	nan	0.00	0.00	4.93	83.46	88.75	0.00	39	0	43	0.00	0.00	65.69	7.50	0.00	0.00	2000
230	11.23	2048	2097	0.00	199	0	0	0	nan	0.00	0.01	5.99	82.69	88.77	0.00	38	0	43	0.00	0.00	66.03	7.90	0.00	0.00	2000
228	10.85	2125	2078	0.00	198	0	0	0	nan	0.00	0.02	3.86	84.45	89.15	0.00	38	0	42	0.00	0.00	65.97	7.81	0.00	0.00	2000
238	11.50	2042	2127	0.00	200	0	0	0	nan	0.00	0.02	5.35	84.46	88.50	0.00	38	0	43	0.00	0.00	66.18	7.76	0.00	0.00	2000
230	10.91	2137	2068	0.00	200	0	0	0	nan	0.00	0.02	4.30	83.53	89.09	0.00	38	0	42	0.00	0.00	65.74	7.84	0.00	0.00	2000
233	11.16	2061	2128	0.00	209	0	0	0	nan	0.00	0.03	3.22	86.90	88.84	0.00	39	0	42	0.00	0.00	67.25	7.68	0.00	0.00	2000
226	11.34	2048	2049	0.00	197	0	0	0	nan	0.00	0.00	2.60	83.87	88.66	0.00	39	0	42	0.00	0.00	62.15	7.19	0.00	0.00	2000
231	10.92	2059	2155	0.00	214	0	0	0	nan	0.00	0.06	2.52	88.94	89.08	0.00	39	0	42	0.00	0.00	68.24	7.59	0.00	0.00	2000
226	11.19	2050	2067	0.00	198	0	0	0	nan	0.00	0.00	3.64	83.88	88.81	0.00	39	0	42	0.00	0.00	63.16	7.17	0.00	0.00	2000
230	11.26	2070	2073	0.00	205	0	0	0	nan	0.00	0.00	3.76	83.84	88.74	0.00	39	0	42	0.00	0.00	61.59	6.97	0.00	0.00	2000
231	10.74	2105	2142	0.00	213	0	0	3	90.44	0.00	0.00	6.68	84.46	89.26	0.00	39	0	43	0.00	0.00	68.31	7.75	0.00	0.00	2000
230	11.17	2057	2100	0.76	197	0	0	17	93.40	0.00	0.00	4.33	84.62	88.83	0.00	40	0	42	0.00	0.00	66.18	7.62	0.00	0.00	2000
236	11.53	2063	2084	0.00	202	0	0	0	nan	0.00	0.02	5.48	82.47	88.47	0.00	39	0	43	0.00	0.00	62.76	7.22	0.00	0.00	2000
227	11.59	2067	1987	0.00	220	0	0	0	nan	0.00	0.00	5.92	77.85	88.41	0.00	39	0	43	0.00	0.00	62.47	7.29	0.00	0.00	2000
238	10.77	2042	2271	0.00	232	0	0	0	nan	0.00	0.00	6.33	90.26	89.23	0.00	38	0	43	0.00	0.00	74.33	8.81	0.00	0.00	2000
231	11.09	2075	2109	0.00	198	0	0	0	nan	0.00	0.00	4.31	85.11	88.91	0.00	38	0	43	0.00	0.00	65.87	7.74	0.00	0.00	2000
230	11.19	2060	2094	0.00	197	0	0	0	nan	0.00	0.00	4.68	84.03	88.81	0.00	38	0	43	0.00	0.00	64.82	7.58	0.00	0.00	2000
232	11.17	2079	2101	0.00	201	0	0	0	nan	0.00	0.02	5.21	83.77	88.83	0.00	39	0	42	0.00	0.00	65.50	7.56	0.00	0.00	2000
228	11.36	2059	2051	0.00	200	0	0	0	nan	0.00	1.05	5.73	79.83	88.64	0.00	39	0	42	0.00	0.00	61.39	7.04	0.00	0.00	2000
218	11.51	2024	1967	0.00	215	0	0	0	nan	0.00	0.00	5.26	77.77	88.49	0.00	38	0	43	0.00	0.00	59.57	6.98	0.00	0.00	2000
237	10.65	2079	2248	0.00	246	0	0	0	nan	0.00	0.00	4.06	91.65	89.35	0.00	39	0	42	0.00	0.00	72.00	8.19	0.00	0.00	2000
236	11.28	2065	2132	0.00	216	0	0	0	nan	0.00	0.00	4.15	85.96	88.72	0.00	38	0	43	0.00	0.00	68.51	7.84	0.00	0.00	2000
225	11.37	1992	2082	0.00	197	0	0	0	nan	0.00	0.00	2.87	85.08	88.63	0.00	38	0	42	0.00	0.00	62.85	7.78	0.00	0.00	2000
232	10.82	2106	2137	0.00	212	0	0	0	nan	0.00	0.00	4.03	86.77	89.18	0.00	38	0	42	0.00	0.00	66.44	8.21	0.00	0.00	2000
234	10.89	2139	2110	0.00	193	0	0	0	nan	0.00	0.00	4.13	85.44	89.11	0.00	38	0	43	0.00	0.00	67.90	7.79	0.00	0.00	2000
237	11.44	2098	2073	0.00	182	0	0	0	nan	0.00	0.02	3.99	83.50	88.56	0.00	39	0	42	0.00	0.00	62.28	7.40	0.00	0.00	2000
234	11.48	2009	2127	0.00	211	0	0	0	nan	0.00	0.00	5.32	84.57	88.52	0.00	39	0	42	0.00	0.00	67.69	8.03	0.00	0.00	2000
231	11.09	2077	2103	0.34	194	0	0	3	50.35	0.00	0.00	3.95	85.17	88.91	0.00	39	0	42	0.00	0.00	65.20	7.85	0.00	0.00	2000
233	10.89	2136	2101	0.32	194	0	0	1	85.39	0.00	0.00	4.15	85.14	89.11	0.00	39	0	42	0.00	0.00	65.24	7.61	0.00	0.00	2000
227	11.24	2068	2056	0.00	197	0	0	0	nan	0.00	0.00	3.35	83.71	88.77	0.00	39	0	43	0.00	0.00	59.85	7.06	0.00	0.00	2000
235	11.09	2066	2151	0.00	196	0	0	0	nan	0.00	0.00	4.74	86.53	88.91	0.00	39	0	43	0.00	0.00	69.16	7.85	0.00	0.00	2000
227	11.25	2026	2087	0.00	194	0	0	0	nan	0.00	0.00	3.65	84.75	88.75	0.00	40	0	43	0.00	0.00	64.20	7.35	0.00	0.00	2000
229	11.05	2061	2110	0.00	194	0	0	0	nan	0.00	0.00	4.71	84.80	88.95	0.00	39	0	42	0.00	0.00	65.35	7.55	0.00	0.00	2000
229	11.13	2065	2091	0.00	194	0	0	0	nan	0.00	0.00	3.83	84.88	88.87	0.00	39	0	42	0.00	0.00	62.18	7.24	0.00	0.00	2000
229	11.39	2006	2100	0.00	195	0	0	0	nan	0.00	0.00	4.71	83.98	88.61	0.00	39	0	42	0.00	0.00	66.73	7.60	0.00	0.00	2000
230	11.10	2068	2101	0.00	195	0	0	0	nan	0.00	0.00	4.14	84.91	88.90	0.00	40	0	43	0.00	0.00	64.91	7.48	0.00	0.00	2000
223	10.83	2106	2058	0.00	194	0	0	0	nan	0.00	0.00	4.23	83.24	89.17	0.00	40	0	42	0.00	0.00	60.25	6.93	0.00	0.00	2000
228	11.16	2041	2102	0.00	194	0	0	0	nan	0.00	0.00	2.87	86.10	88.84	0.00	39	0	42	0.00	0.00	67.28	7.65	0.00	0.00	2000
231	11.10	2064	2115	0.00	212	0	0	0	nan	0.00	0.02	2.96	86.65	88.90	0.00	40	0	43	0.00	0.00	63.45	7.35	0.00	0.00	2000
228	10.70	2097	2131	0.00	194	0	0	0	nan	0.00	0.00	5.49	85.28	89.30	0.00	39	0	43	0.00	0.00	66.50	7.45	0.00	0.00	2000
226	11.02	2091	2062	0.00	195	0	0	0	nan	0.00	0.02	3.71	83.68	88.98	0.00	40	0	43	0.00	0.00	62.93	7.24	0.00	0.00	2000
229	10.91	2072	2127	0.00	194	0	0	0	nan	0.00	0.00	4.37	85.91	89.09	0.00	40	0	43	0.00	0.00	65.13	7.42	0.00	0.00	2000
227	11.37	2032	2064	0.00	195	0	0	0	nan	0.00	0.00	4.04	83.19	88.63	0.00	39	0	43	0.00	0.00	66.31	7.63	0.00	0.00	2000
226	10.78	2099	2097	0.00	199	0	0	0	nan	0.00	0.01	3.64	85.52	89.22	0.00	40	0	43	0.00	0.00	63.25	7.30	0.00	0.00	2000
228	11.00	2062	2108	0.42	212	0	0	3	95.49	0.00	0.00	3.79	85.61	89.00	0.00	40	0	43	0.00	0.00	66.90	7.54	0.00	0.00	2000
229	11.18	2072	2080	0.39	195	0	0	0	88.37	0.00	0.02	2.20	85.87	88.82	0.00	40	0	42	0.00	0.00	62.96	7.43	0.00	0.00	2000
233	10.77	2104	2157	0.00	211	0	0	0	nan	0.00	0.00	4.15	87.61	89.23	0.00	39	0	43	0.00	0.00	68.90	8.04	0.00	0.00	2000
229	11.07	2075	2095	0.00	194	0	0	0	nan	0.00	0.01	3.72	85.07	88.93	0.00	40	0	42	0.00	0.00	62.18	7.20	0.00	0.00	2000
226	11.07	2057	2083	0.00	194	0	0	0	nan	0.00	0.00	3.56	84.74	88.93	0.00	40	0	43	0.00	0.00	64.39	7.38	0.00	0.00	2000
228	11.49	2029	2055	0.00	196	0	0	0	nan	0.00	0.00	3.11	83.62	88.51	0.00	40	0	43	0.00	0.00	65.34	7.46	0.00	0.00	2000
236	11.02	2057	2184	0.00	212	0	0	0	nan	0.00	0.00	2.76	89.83	88.98	0.00	40	0	42	0.00	0.00	68.75	7.94	0.00	0.00	2000
227	11.13	2074	2068	0.00	194	0	0	0	nan	0.01	0.00	3.35	84.28	88.87	0.00	40	0	42	0.00	0.00	62.53	7.12	0.00	0.00	2000
228	11.14	2020	2133	0.00	193	0	0	0	nan	0.00	0.00	4.27	86.12	88.86	0.00	40	0	42	0.00	0.00	67.77	7.59	0.00	0.00	2000
227	10.92	2108	2075	0.00	194	0	0	0	nan	0.00	0.00	3.57	84.48	89.08	0.00	40	0	42	0.00	0.00	61.97	7.22	0.00	0.00	2000
241	11.54	2101	2084	0.00	196	0	0	0	nan	0.00	0.00	6.68	81.24	88.46	0.00	40	0	42	0.00	0.00	63.92	7.25	0.00	0.00	2000
225	11.28	2045	2052	0.00	194	0	0	0	nan	0.00	0.00	3.33	83.45	88.72	0.00	40	0	43	0.00	0.00	62.43	7.48	0.00	0.00	2000
231	10.86	2051	2181	0.00	210	0	0	0	nan	0.00	0.00	3.03	89.61	89.14	0.00	40	0	42	0.00	0.00	65.45	7.96	0.00	0.00	2000
225	10.93	2085	2072	0.00	194	0	0	0	nan	0.01	0.00	3.32	84.64	89.07	0.00	40	0	42	0.00	0.00	67.32	7.44	0.00	0.00	2000
233	11.27	2032	2141	0.00	196	0	0	0	nan	0.00	0.00	4.36	86.24	88.73	0.00	40	0	42	0.00	0.00	68.51	7.73	0.00	0.00	2000
227	11.09	2060	2086	0.00	194	0	0	0	nan	0.00	0.02	2.70	85.59	88.91	0.00	40	0	42	0.00	0.00	61.67	7.15	0.00	0.00	2000
224	11.24	2024	2066	0.00	194	0	0	0	nan	0.00	0.00	3.20	84.24	88.76	0.00	40	0	43	0.00	0.00	64.68	7.40	0.00	0.00	2000
233	11.12	2058	2137	0.80	213	0	0	2	62.12	0.00	0.01	2.71	87.82	88.88	0.00	40	0	43	0.00	0.00	64.27	7.47	0.00	0.00	2000
230	10.78	2137	2093	0.34	180	0	0	0	nan	0.00	0.00	4.11	84.90	89.22	0.00	40	0	42	0.00	0.00	65.17	7.40	0.00	0.00	2000
228	11.22	2064	2070	0.00	199	0	0	0	nan	0.00	0.00	4.05	83.60	88.78	0.00	40	0	42	0.00	0.00	64.97	7.59	0.00	0.00	2000
230	11.04	2030	2149	0.00	211	0	0	0	nan	0.00	0.00	3.92	87.19	88.96	0.00	40	0	43	0.00	0.00	65.09	7.47	0.00	0.00	2000
222	11.07	2043	2060	0.00	194	0	0	0	nan	0.00	0.00	3.87	83.51	88.93	0.00	40	0	43	0.00	0.00	63.42	7.12	0.00	0.00	2000
235	10.86	2119	2143	0.00	194	0	0	0	nan	0.00	0.00	3.36	87.62	89.14	0.00	40	0	43	0.00	0.00	66.48	7.88	0.00	0.00	2000
231	11.00	2111	2090	0.00	195	0	0	0	nan	0.00	0.00	3.91	84.70	89.00	0.00	40	0	42	0.00	0.00	65.37	7.48	0.00	0.00	2000
229	11.15	2048	2108	0.00	195	0	0	0	nan	0.00	0.00	4.64	84.67	88.85	0.00	40	0	42	0.00	0.00	64.68	7.38	0.00	0.00	2000
235	11.30	2094	2090	0.00	194	0	0	0	nan	0.00	0.02	5.37	83.02	88.70	0.00	40	0	43	0.00	0.00	65.35	7.51	0.00	0.00	2000
229	11.04	2062	2109	0.00	211	0	0	0	nan	0.00	0.00	4.97	84.45	88.96	0.00	40	0	43	0.00	0.00	65.12	7.40	0.00	0.00	2000
229	10.95	2094	2093	0.00	196	0	0	0	nan	0.00	0.00	4.34	84.43	89.05	0.00	40	0	43	0.00	0.00	64.94	7.42	0.00	0.00	2000
227	11.09	2044	2107	0.00	194	0	0	0	nan	0.00	0.00	4.56	84.78	88.91	0.00	40	0	43	0.00	0.00	64.74	7.52	0.00	0.00	2000
229	10.97	2092	2094	0.00	195	0	0	0	nan	0.00	0.00	4.60	84.22	89.03	0.00	40	0	42	0.00	0.00	64.85	7.62	0.00	0.00	2000
228	10.98	2096	2078	0.00	195	0	0	0	nan	0.00	0.00	4.12	84.06	89.02	0.00	40	0	43	0.00	0.00	64.40	7.46	0.00	0.00	2000
223	11.39	2004	2051	0.00	195	0	0	0	nan	0.01	0.00	4.51	82.15	88.61	0.00	40	0	43	0.00	0.00	61.79	7.15	0.00	0.00	2000
232	10.64	2105	2177	0.00	210	0	0	0	nan	0.00	0.01	3.22	89.43	89.36	0.00	40	0	42	0.00	0.00	66.15	7.50	0.00	0.00	2000
228	10.66	2135	2101	0.00	194	0	0	0	nan	0.00	0.00	4.33	85.09	89.34	0.00	40	0	43	0.00	0.00	65.41	7.56	0.00	0.00	2000
231	11.31	2039	2104	0.49	196	0	0	3	87.61	0.00	0.00	3.78	85.21	88.69	0.00	40	0	43	0.00	0.00	64.45	7.41	0.00	0.00	2000
228	11.06	2076	2088	0.29	195	0	0	0	nan	0.00	0.00	3.72	84.78	88.94	0.00	40	0	43	0.00	0.00	64.33	7.61	0.00	0.00	2000
228	10.72	2126	2102	0.00	193	0	0	0	nan	0.00	0.00	4.19	85.18	89.28	0.00	40	0	42	0.00	0.00	65.04	7.61	0.00	0.00	2000
223	10.83	2085	2071	0.00	194	0	0	0	nan	0.00	0.00	4.53	83.52	89.17	0.00	40	0	43	0.00	0.00	65.85	7.64	0.00	0.00	2000
231	11.00	2068	2132	0.00	194	0	0	0	nan	0.00	0.00	3.27	87.02	89.00	0.00	40	0	43	0.00	0.00	63.73	7.23	0.00	0.00	2000
230	11.09	2084	2093	0.00	198	0	0	0	nan	0.00	0.03	2.59	86.11	88.91	0.00	40	0	43	0.00	0.00	67.26	7.77	0.00	0.00	2000
229	11.26	2064	2071	0.00	198	0	0	0	nan	0.00	0.00	2.25	85.36	88.75	0.00	40	0	42	0.00	0.00	62.53	7.31	0.00	0.00	2000
227	10.70	2089	2136	0.00	210	0	0	0	nan	0.00	0.00	5.11	85.76	89.30	0.00	40	0	43	0.00	0.00	64.71	7.68	0.00	0.00	2000
227	10.83	2095	2097	0.00	194	0	0	0	nan	0.00	0.00	4.82	84.37	89.17	0.00	40	0	42	0.00	0.00	64.34	7.54	0.00	0.00	2000
225	11.14	2025	2096	0.00	196	0	0	0	nan	0.00	0.00	4.64	84.16	88.86	0.00	40	0	42	0.00	0.00	63.57	7.76	0.00	0.00	2000
230	11.07	2069	2112	0.00	195	0	0	0	nan	0.00	0.02	2.76	86.78	88.93	0.00	40	0	43	0.00	0.00	66.45	7.24	0.00	0.00	2000
226	10.91	2087	2080	0.00	194	0	0	0	nan	0.00	0.01	2.32	86.07	89.09	0.00	39	0	43	0.00	0.00	63.89	7.51	0.00	0.00	2000
230	10.80	2115	2118	0.00	210	0	0	0	nan	0.00	0.01	2.29	87.70	89.20	0.00	40	0	42	0.00	0.00	67.68	7.77	0.00	0.00	2000
225	10.86	2097	2072	0.00	187	0	0	0	nan	0.00	0.00	4.03	84.06	89.14	0.00	40	0	42	0.00	0.00	64.72	7.18	0.00	0.00	2000
226	10.95	2067	2098	0.00	218	0	0	0	nan	0.00	0.00	3.77	85.30	89.05	0.00	40	0	42	0.00	0.00	63.91	7.69	0.00	0.00	2000
234	11.18	2064	2128	0.00	195	0	0	0	nan	0.00	0.00	4.40	85.65	88.82	0.00	40	0	43	0.00	0.00	65.30	7.48	0.00	0.00	2000
228	10.84	2098	2102	0.00	194	0	0	0	nan	0.00	0.00	3.92	85.41	89.16	0.00	40	0	43	0.00	0.00	64.43	7.32	0.00	0.00	2000
230	11.04	2079	2103	0.67	193	0	0	10	64.03	0.00	0.00	4.40	84.82	88.96	0.00	40	0	42	0.00	0.00	65.96	7.43	0.00	0.00	2000
228	11.02	2077	2094	0.31	195	0	0	0	nan	0.00	0.01	3.49	85.34	88.98	0.00	40	0	43	0.00	0.00	65.18	8.00	0.00	0.00	2000
227	10.88	2086	2103	0.00	194	0	0	0	nan	0.00	0.00	4.29	85.09	89.12	0.00	41	0	42	0.00	0.00	65.66	7.51	0.00	0.00	2000
230	11.39	2024	2100	0.00	195	0	0	0	nan	0.00	0.01	4.32	84.39	88.61	0.00	41	0	43	0.00	0.00	64.04	7.41	0.00	0.00	2000
224	10.92	2074	2073	0.00	194	0	0	0	nan	0.00	0.00	4.36	83.67	89.08	0.00	41	0	43	0.00	0.00	64.86	7.40	0.00	0.00	2000
230	10.97	2074	2119	0.00	195	0	0	0	nan	0.00	0.00	4.92	84.95	89.03	0.00	41	0	43	0.00	0.00	64.86	7.40	0.00	0.00	2000
294	13.75	2176	2064	0.00	195	0	0	0	nan	0.00	0.00	4.25	80.63	86.25	0.00	41	0	43	0.00	0.00	65.02	7.36	0.00	0.00	2000
230	10.88	2075	2140	0.00	210	0	0	0	nan	0.01	0.00	2.55	88.31	89.12	0.00	41	0	43	0.00	0.00	67.40	7.59	0.00	0.00	2000
230	11.25	2042	2104	0.00	198	0	0	0	nan	0.00	0.00	5.75	83.26	88.75	0.00	40	0	43	0.00	0.00	61.96	7.31	0.00	0.00	2000
229	11.01	2075	2103	0.00	196	0	0	0	nan	0.00	0.00	5.57	83.65	88.99	0.00	40	0	43	0.00	0.00	68.29	8.24	0.00	0.00	2000
227	10.93	2092	2088	0.00	194	0	0	0	nan	0.00	0.00	4.19	84.40	89.07	0.00	41	0	43	0.00	0.00	66.01	7.76	0.00	0.00	2000
226	10.99	2051	2110	0.00	195	0	0	0	nan	0.00	0.00	4.65	84.84	89.01	0.00	41	0	43	0.00	0.00	64.15	7.58	0.00	0.00	2000
228	11.19	2032	2102	0.00	194	0	0	0	nan	0.00	0.00	3.74	85.32	88.81	0.00	41	0	42	0.00	0.00	65.72	7.54	0.00	0.00	2000
238	11.38	2084	2104	0.00	198	0	0	0	nan	0.00	0.00	4.60	84.29	88.62	0.00	41	0	43	0.00	0.00	65.42	7.64	0.00	0.00	2000
227	11.01	2074	2092	0.00	194	0	0	0	nan	0.00	0.00	3.92	84.79	88.99	0.00	41	0	42	0.00	0.00	64.90	7.37	0.00	0.00	2000
227	10.79	2104	2102	0.00	194	0	0	0	nan	0.00	0.00	4.08	85.27	89.21	0.00	41	0	43	0.00	0.00	65.02	7.68	0.00	0.00	2000
225	11.07	2057	2072	0.00	195	0	0	0	nan	0.00	0.00	5.46	82.38	88.93	0.00	40	0	42	0.00	0.00	64.76	8.11	0.00	0.00	2000
231	11.18	2041	2122	0.77	195	0	0	5	30.65	0.00	0.00	4.41	85.47	88.82	0.00	41	0	42	0.00	0.00	65.40	7.42	0.00	0.00	2000
230	11.27	2030	2109	0.76	195	0	0	1	89.65	0.00	0.00	4.30	84.92	88.73	0.00	41	0	42	0.00	0.00	65.41	7.50	0.00	0.00	2000
228	11.24	2046	2087	0.00	194	0	0	0	nan	0.00	0.01	3.63	84.79	88.76	0.00	41	0	43	0.00	0.00	65.64	7.68	0.00	0.00	2000
225	11.12	2042	2084	0.00	194	0	0	0	nan	0.00	0.00	4.54	83.89	88.88	0.00	41	0	42	0.00	0.00	64.67	7.47	0.00	0.00	2000
228	11.28	1994	2132	0.00	195	0	0	0	nan	0.00	0.00	5.01	85.27	88.72	0.00	41	0	43	0.00	0.00	65.30	7.64	0.00	0.00	2000
223	11.01	2055	2068	0.00	195	0	0	0	nan	0.00	0.02	4.09	83.70	88.99	0.00	41	0	43	0.00	0.00	65.10	7.66	0.00	0.00	2000
234	11.19	2069	2120	0.00	195	0	0	0	nan	0.00	0.00	4.86	84.88	88.81	0.00	40	0	42	0.00	0.00	67.03	8.46	0.00	0.00	2000
229	11.39	2007	2105	0.00	194	0	0	0	nan	0.00	0.00	4.57	84.42	88.61	0.00	41	0	42	0.00	0.00	64.75	7.58	0.00	0.00	2000
231	10.84	2125	2105	0.00	197	0	0	0	nan	0.00	0.00	4.67	84.71	89.16	0.00	41	0	43	0.00	0.00	65.55	7.37	0.00	0.00	2000
221	10.94	2058	2064	0.00	194	0	0	0	nan	0.00	0.00	3.80	83.88	89.06	0.00	41	0	42	0.00	0.00	63.67	7.27	0.00	0.00	2000
232	11.25	2031	2130	0.00	194	0	0	0	nan	0.00	0.00	3.02	87.15	88.75	0.00	41	0	42	0.00	0.00	63.52	7.49	0.00	0.00	2000
225	11.38	2017	2063	0.00	195	0	0	0	nan	0.00	0.00	1.47	85.68	88.62	0.00	41	0	43	0.00	0.00	64.63	7.48	0.00	0.00	2000
227	11.06	2044	2106	0.00	214	0	0	0	nan	0.00	0.02	4.21	85.09	88.94	0.00	41	0	43	0.00	0.00	66.40	7.65	0.00	0.00	2000
224	10.61	2089	2125	0.00	203	0	0	0	nan	0.00	0.00	4.55	85.97	89.39	0.00	39	0	42	0.00	0.00	64.81	7.52	0.00	0.00	2000
230	11.00	2071	2120	0.00	218	0	0	0	nan	0.00	0.00	3.31	86.60	89.00	0.00	41	0	42	0.00	0.00	63.70	7.29	0.00	0.00	2000
229	11.10	2062	2100	0.00	211	0	0	0	nan	0.00	0.00	4.24	84.80	88.90	0.00	41	0	43	0.00	0.00	64.30	7.51	0.00	0.00	2000
229	10.97	2092	2091	0.00	202	0	0	0	nan	0.00	0.00	3.39	85.40	89.03	0.00	42	0	42	0.00	0.00	64.69	7.53	0.00	0.00	2000
224	10.83	2086	2086	1.17	204	0	0	6	86.63	0.00	0.02	3.74	84.92	89.17	0.00	42	0	43	0.00	0.00	64.19	7.34	0.00	0.00	2000
230	10.90	2097	2112	0.22	219	0	0	0	nan	0.00	0.00	3.33	86.40	89.11	0.00	42	0	43	0.00	0.00	65.18	7.41	0.00	0.00	2000
234	11.50	2072	2062	0.00	198	0	0	0	nan	0.00	0.02	4.79	82.19	88.50	0.00	39	0	43	0.00	0.00	64.45	7.63	0.00	0.00	2000
232	11.12	2055	2131	0.00	219	0	0	0	nan	0.00	0.00	6.79	83.56	88.88	0.00	40	0	43	0.00	0.00	68.00	7.57	0.00	0.00	2000
229	11.05	2065	2111	0.00	199	0	0	0	nan	0.00	0.00	7.79	81.73	88.95	0.00	40	0	43	0.00	0.00	65.15	7.86	0.00	0.00	2000
225	10.93	2087	2068	0.00	198	0	0	0	nan	0.00	0.00	4.30	83.53	89.07	0.00	40	0	42	0.00	0.00	60.80	7.05	0.00	0.00	2000
231	11.10	2061	2120	0.00	198	0	0	0	nan	0.01	0.55	4.59	84.74	88.90	0.00	40	0	43	0.00	0.00	68.61	7.53	0.00	0.00	2000
225	11.56	2009	2037	0.00	198	0	0	0	nan	0.00	0.47	4.96	80.41	88.44	0.00	40	0	43	0.00	0.00	61.08	7.30	0.00	0.00	2000
232	10.80	2075	2172	0.00	211	0	0	0	nan	0.00	0.02	3.00	89.36	89.20	0.00	41	0	43	0.00	0.00	68.55	7.87	0.00	0.00	2000
229	11.55	2013	2069	0.00	194	0	0	0	nan	0.00	0.00	2.92	84.35	88.45	0.00	39	0	43	0.00	0.00	56.13	6.53	0.00	0.00	2000
230	11.05	2056	2123	0.00	251	0	0	0	nan	0.00	0.02	2.78	87.26	88.95	0.00	41	0	43	0.00	0.00	72.43	8.05	0.00	0.00	2000
231	11.22	2046	2114	0.00	227	0	0	0	nan	0.00	0.04	4.44	84.98	88.78	0.00	42	0	43	0.00	0.00	66.01	7.54	0.00	0.00	2000
226	10.88	2078	2097	0.00	204	0	0	0	nan	0.00	0.00	3.40	85.63	89.12	0.00	42	0	42	0.00	0.00	65.15	7.33	0.00	0.00	2000
230	10.93	2101	2104	0.00	219	0	0	0	nan	0.00	0.02	3.90	85.43	89.07	0.00	41	0	43	0.00	0.00	65.37	7.60	0.00	0.00	2000
235	11.34	2120	2050	0.00	200	0	0	0	nan	0.00	0.02	5.00	81.61	88.66	0.00	39	0	43	0.00	0.00	64.65	7.26	0.00	0.00	2000
233	10.91	2088	2150	0.00	226	0	0	0	nan	0.00	0.02	7.28	84.04	89.09	0.00	39	0	43	0.00	0.00	65.13	7.47	0.00	0.00	2000
231	11.21	2054	2108	0.00	199	0	0	3	74.26	0.00	0.00	5.95	83.28	88.79	0.00	40	0	43	0.00	0.00	64.67	7.60	0.00	0.00	2000
230	11.17	2053	2102	0.94	198	0	0	6	79.52	0.00	0.00	5.17	83.80	88.83	0.00	40	0	43	0.00	0.00	67.51	7.65	0.00	0.00	2000
229	11.01	2075	2103	0.00	198	0	0	0	nan	0.00	0.00	4.80	84.34	88.99	0.00	40	0	43	0.00	0.00	62.71	7.15	0.00	0.00	2000
228	11.08	2059	2098	0.00	198	0	0	0	nan	0.00	0.03	4.07	84.78	88.92	0.00	40	0	43	0.00	0.00	64.72	7.56	0.00	0.00	2000
230	11.18	2065	2097	0.00	204	0	0	0	nan	0.00	0.23	4.58	83.99	88.82	0.00	40	0	42	0.00	0.00	64.81	7.26	0.00	0.00	2000
225	10.89	2093	2069	0.00	198	0	0	0	nan	0.00	0.00	6.35	81.51	89.11	0.00	39	0	43	0.00	0.00	64.26	8.18	0.00	0.00	2000
229	11.05	2059	2114	0.00	197	0	0	0	nan	0.00	0.00	5.52	84.14	88.95	0.00	40	0	43	0.00	0.00	66.40	9.14	0.00	0.00	2000
232	11.58	2030	2076	0.00	198	0	0	0	nan	0.00	0.02	4.80	82.76	88.42	0.00	40	0	43	0.00	0.00	66.26	7.84	0.00	0.00	2000
226	10.88	2033	2145	0.00	225	0	0	0	nan	0.00	0.03	6.81	84.28	89.12	0.00	39	0	43	0.00	0.00	65.24	7.58	0.00	0.00	2000
123	8.06	1529	2097	0.00	220	0	0	0	nan	0.00	0.03	6.69	85.17	91.94	0.00	38	0	42	0.00	0.00	61.44	7.66	0.00	0.00	2000
76	6.99	1082	2100	0.00	193	0	0	0	nan	0.00	0.00	4.73	88.35	93.01	0.00	38	0	43	0.00	0.00	58.38	7.38	0.00	0.00	2000
74	6.49	1143	2091	0.00	193	0	0	0	nan	0.00	0.02	2.30	90.75	93.51	0.00	38	0	43	0.00	0.00	60.07	7.49	0.00	0.00	2000
98	7.38	1308	2122	0.00	113	0	0	0	nan	0.00	0.00	7.02	86.62	92.62	0.00	38	0	43	0.00	0.00	59.04	7.34	0.00	0.00	2000
