Avg_MHz	Busy%	Bzy_MHz	TSC_MHz	IPC	IRQ	NMI	SMI	LLCMRPS	LLC%hit	POLL%	C1%	C1E%	C6%	CPU%c1	CPU%c6	CoreTmp	CoreThr	PkgTmp	Pkg%pc2	Pkg%pc6	PkgWatt	RAMWatt	PKG_%	RAM_%	UncMHz
179	10.49	1617	2214	0.00	226	0	0	0	nan	0.00	0.00	27.54	66.86	89.51	0.00	37	0	42	0.00	0.00	65.64	7.85	0.00	0.00	2000
366	17.42	2108	2094	0.00	196	0	0	0	nan	0.00	0.86	9.52	72.20	82.58	0.00	39	0	43	0.00	0.00	67.36	7.68	0.00	0.00	2000
247	13.52	1830	2097	0.00	228	0	0	0	nan	0.04	0.62	17.58	68.24	86.48	0.00	37	0	42	0.00	0.00	63.88	7.45	0.00	0.00	2000
76	6.81	1100	2143	0.00	194	0	0	0	nan	0.00	0.01	2.01	93.04	93.19	0.00	37	0	43	0.00	0.00	60.27	7.49	0.00	0.00	2000
73	6.36	1165	2080	0.00	196	0	0	0	nan	0.00	0.00	2.99	89.77	93.64	0.00	37	0	43	0.00	0.00	57.96	7.22	0.00	0.00	2000
72	6.64	1083	2091	0.00	194	0	0	0	nan	0.00	0.00	2.29	90.73	93.36	0.00	37	0	43	0.00	0.00	58.65	7.61	0.00	0.00	2000
73	6.80	1078	2095	0.00	193	0	0	0	nan	0.00	0.02	2.15	90.84	93.20	0.00	37	0	43	0.00	0.00	57.40	7.27	0.00	0.00	2000
72	6.97	1028	2102	0.00	194	0	0	0	nan	0.00	0.00	3.37	89.72	93.03	0.00	37	0	43	0.00	0.00	58.42	7.31	0.00	0.00	2000
72	6.87	1029	2131	0.00	209	0	0	0	nan	0.00	0.00	3.74	90.82	93.13	0.00	38	0	43	0.00	0.00	59.29	7.54	0.00	0.00	2000
71	6.70	1067	2094	0.00	193	0	0	0	nan	0.00	0.01	3.76	89.45	93.30	0.00	37	0	43	0.00	0.00	58.87	7.59	0.00	0.00	2000
82	6.98	1190	2083	0.00	193	0	0	0	nan	0.00	0.00	4.79	87.41	93.02	0.00	37	0	43	0.00	0.00	56.35	7.05	0.00	0.00	2000
72	6.76	1057	2103	0.00	210	0	0	0	nan	0.00	0.02	4.42	89.05	93.24	0.00	37	0	43	0.00	0.00	60.08	7.36	0.00	0.00	2000
73	7.17	1024	2089	0.00	193	0	0	0	nan	0.00	0.01	2.41	90.04	92.83	0.00	37	0	42	0.00	0.00	59.50	7.69	0.00	0.00	2000
73	6.42	1134	2097	0.00	197	0	0	0	nan	0.00	0.01	2.19	91.26	93.58	0.00	37	0	42	0.00	0.00	56.96	7.28	0.00	0.00	2000
73	7.12	1013	2137	0.00	210	0	0	0	nan	0.00	0.00	4.52	90.11	92.88	0.00	37	0	43	0.00	0.00	60.78	7.59	0.00	0.00	2000
70	6.21	1152	2063	0.00	194	0	0	1	88.55	0.00	0.02	3.75	88.39	93.79	0.00	37	0	43	0.00	0.00	58.47	7.38	0.00	0.00	2000
74	6.78	1079	2136	0.29	194	0	0	2	84.67	0.00	0.00	3.11	91.69	93.22	0.00	37	0	43	0.00	0.00	60.54	7.59	0.00	0.00	2000
71	6.62	1077	2093	0.00	195	0	0	0	nan	0.00	0.00	2.87	90.12	93.38	0.00	37	0	43	0.00	0.00	56.54	7.24	0.00	0.00	2000
114	7.62	1503	2086	0.00	199	0	0	0	nan	0.01	0.01	3.78	87.81	92.38	0.00	38	0	42	0.00	0.00	61.19	7.37	0.00	0.00	2000
233	10.98	2100	2123	0.00	269	0	0	0	nan	0.00	0.02	4.44	85.60	89.02	0.00	40	0	43	0.00	0.00	66.99	7.71	0.00	0.00	2000
231	10.97	2102	2104	0.00	202	0	0	0	nan	0.00	0.02	3.42	85.87	89.03	0.00	40	0	42	0.00	0.00	65.76	7.64	0.00	0.00	2000
229	11.35	2016	2098	0.00	202	0	0	0	nan	0.00	0.00	3.91	84.82	88.65	0.00	40	0	43	0.00	0.00	65.59	7.36	0.00	0.00	2000
231	11.67	2116	1961	0.00	205	0	0	0	nan	0.00	0.00	3.96	78.61	88.33	0.00	40	0	43	0.00	0.00	58.39	6.91	0.00	0.00	2000
235	10.77	2035	2255	0.00	230	0	0	0	nan	0.00	0.00	6.86	89.04	89.23	0.00	38	0	43	0.00	0.00	72.80	8.60	0.00	0.00	2000
231	11.19	2073	2095	0.00	198	0	0	0	nan	0.00	0.00	5.20	83.44	88.81	0.00	38	0	43	0.00	0.00	66.61	7.51	0.00	0.00	2000
230	10.94	2092	2107	0.00	198	0	0	0	nan	0.00	0.02	5.88	83.57	89.06	0.00	38	0	43	0.00	0.00	64.83	7.48	0.00	0.00	2000
240	11.68	2063	2094	0.00	201	0	0	0	nan	0.00	0.02	6.27	81.87	88.33	0.00	38	0	43	0.00	0.00	67.96	7.93	0.00	0.00	2000
232	11.32	2040	2105	0.00	206	0	0	0	nan	0.00	0.00	4.59	84.39	88.68	0.00	38	0	42	0.00	0.00	65.44	7.57	0.00	0.00	2000
230	11.40	2016	2099	0.00	196	0	0	0	nan	0.00	0.01	2.80	85.83	88.60	0.00	38	0	43	0.00	0.00	65.37	7.30	0.00	0.00	2000
231	11.17	2070	2101	0.00	198	0	0	0	nan	0.00	0.00	3.03	86.00	88.83	0.00	38	0	43	0.00	0.00	65.27	7.43	0.00	0.00	2000
229	10.62	2173	2080	0.00	199	0	0	0	nan	0.00	0.07	2.92	85.68	89.38	0.00	39	0	43	0.00	0.00	62.19	7.26	0.00	0.00	2000
232	11.20	2068	2105	0.00	197	0	0	0	nan	0.00	0.00	4.59	84.50	88.80	0.00	38	0	42	0.00	0.00	70.28	7.36	0.00	0.00	2000
230	11.22	2048	2101	0.19	208	0	0	7	75.87	0.00	0.00	2.74	86.16	88.78	0.00	39	0	43	0.00	0.00	66.12	7.35	0.00	0.00	2000
228	11.25	2071	2060	0.55	202	0	0	6	83.24	0.00	0.00	5.47	81.67	88.75	0.00	38	0	43	0.00	0.00	63.68	7.08	0.00	0.00	2000
232	10.88	2093	2140	0.00	212	0	0	0	nan	0.00	0.03	4.77	86.09	89.12	0.00	39	0	43	0.00	0.00	65.00	7.27	0.00	0.00	2000
223	12.16	2047	1880	0.00	215	0	0	0	nan	0.00	0.01	3.41	75.32	87.84	0.00	40	0	42	0.00	0.00	56.46	6.25	0.00	0.00	2000
246	10.25	2103	2395	0.00	268	0	0	0	nan	0.00	0.02	8.70	93.77	89.75	0.00	38	0	43	0.00	0.00	81.30	9.38	0.00	0.00	2000
227	11.20	2005	2120	0.00	196	0	0	0	nan	0.00	0.07	5.69	84.05	88.80	0.00	39	0	43	0.00	0.00	65.68	7.90	0.00	0.00	2000
228	11.14	2052	2095	0.00	197	0	0	0	nan	0.00	0.00	7.89	80.95	88.86	0.00	40	0	43	0.00	0.00	64.55	7.75	0.00	0.00	2000
226	10.88	2073	2102	0.00	198	0	0	0	nan	0.00	0.00	7.79	81.47	89.12	0.00	39	0	43	0.00	0.00	59.96	7.51	0.00	0.00	2000
224	10.86	2055	2105	0.00	197	0	0	0	nan	0.00	0.00	7.74	81.70	89.14	0.00	40	0	42	0.00	0.00	69.17	7.77	0.00	0.00	2000
226	10.96	2069	2093	0.00	196	0	0	0	nan	0.00	0.02	5.98	82.84	89.04	0.00	40	0	42	0.00	0.00	62.30	7.40	0.00	0.00	2000
224	10.90	2048	2104	0.00	195	0	0	0	nan	0.00	0.00	6.09	83.31	89.10	0.00	40	0	43	0.00	0.00	65.36	8.10	0.00	0.00	2000
225	10.96	2050	2098	0.00	198	0	0	0	nan	0.00	0.08	3.42	85.58	89.04	0.00	40	0	42	0.00	0.00	65.13	7.56	0.00	0.00	2000
223	11.08	2063	2048	0.00	198	0	0	0	nan	0.00	0.01	4.09	82.74	88.92	0.00	41	0	42	0.00	0.00	63.76	7.22	0.00	0.00	2000
222	10.73	2036	2131	0.00	195	0	0	0	nan	0.00	0.02	7.39	83.29	89.27	0.00	41	0	43	0.00	0.00	66.89	7.80	0.00	0.00	2000
222	10.84	2055	2089	0.00	195	0	0	0	nan	0.00	0.05	7.60	81.17	89.16	0.00	41	0	42	0.00	0.00	62.31	7.00	0.00	0.00	2000
222	10.55	2070	2139	0.00	196	0	0	0	nan	0.01	0.94	6.98	83.28	89.45	0.00	41	0	43	0.00	0.00	66.00	7.54	0.00	0.00	2000
224	10.85	2071	2093	0.00	198	0	0	0	nan	0.00	0.00	5.98	82.94	89.15	0.00	40	0	43	0.00	0.00	65.69	7.87	0.00	0.00	2000
225	10.68	2106	2097	0.35	204	0	0	3	85.75	0.00	0.00	5.80	83.43	89.32	0.00	40	0	43	0.00	0.00	67.11	7.62	0.00	0.00	2000
218	10.80	2111	2006	0.45	195	0	0	0	nan	0.00	0.02	5.81	79.43	89.20	0.00	40	0	43	0.00	0.00	62.50	7.10	0.00	0.00	2000
224	10.56	2059	2162	0.00	198	0	0	0	nan	0.00	0.00	6.54	85.68	89.44	0.00	41	0	42	0.00	0.00	64.45	7.43	0.00	0.00	2000
222	10.57	2074	2124	0.00	196	0	0	0	nan	0.00	0.01	6.44	84.05	89.43	0.00	41	0	43	0.00	0.00	65.27	7.50	0.00	0.00	2000
222	10.85	2080	2066	0.00	199	0	0	0	nan	0.00	0.02	6.28	81.56	89.15	0.00	41	0	42	0.00	0.00	64.09	7.33	0.00	0.00	2000
226	10.82	2069	2121	0.00	197	0	0	0	nan	0.06	0.01	7.95	82.18	89.18	0.00	41	0	43	0.00	0.00	64.76	7.39	0.00	0.00	2000
221	9.95	2236	2084	0.00	196	0	0	0	nan	0.01	2.07	7.69	79.74	90.05	0.00	41	0	43	0.00	0.00	66.64	7.32	0.00	0.00	2000
222	10.52	2104	2108	0.00	198	0	0	0	nan	0.00	0.00	6.52	83.34	89.48	0.00	41	0	43	0.00	0.00	64.75	7.13	0.00	0.00	2000
236	10.96	2113	2136	0.00	196	0	0	0	nan	0.00	2.70	3.33	84.68	89.04	0.00	41	0	43	0.00	0.00	66.37	7.45	0.00	0.00	2000
222	10.55	2104	2098	0.00	198	0	0	0	nan	0.00	0.02	3.43	86.04	89.46	0.00	41	0	43	0.00	0.00	65.57	7.39	0.00	0.00	2000
221	10.90	2096	2033	0.00	196	0	0	0	nan	0.00	0.02	5.18	81.11	89.10	0.00	41	0	43	0.00	0.00	63.18	7.09	0.00	0.00	2000
222	10.38	2086	2159	0.00	199	0	0	0	nan	0.00	0.00	6.30	85.92	89.62	0.00	41	0	42	0.00	0.00	64.43	7.44	0.00	0.00	2000
222	10.94	2045	2083	0.00	196	0	0	0	nan	0.00	0.03	8.47	80.00	89.06	0.00	41	0	42	0.00	0.00	65.16	7.66	0.00	0.00	2000
224	10.65	2062	2139	0.00	198	0	0	0	nan	0.00	0.03	7.89	83.17	89.35	0.00	41	0	43	0.00	0.00	66.01	7.60	0.00	0.00	2000
220	10.92	2109	2005	0.00	196	0	0	0	nan	0.00	0.02	6.08	79.02	89.08	0.00	41	0	42	0.00	0.00	63.19	7.29	0.00	0.00	2000
220	10.86	2091	2037	0.00	196	0	0	0	nan	0.00	0.01	6.17	80.45	89.14	0.00	41	0	43	0.00	0.00	62.03	7.07	0.00	0.00	2000
225	10.50	2042	2208	0.00	216	0	0	0	nan	0.00	0.02	6.72	87.45	89.50	0.00	41	0	43	0.00	0.00	67.02	7.47	0.00	0.00	2000
223	10.67	2045	2141	0.27	198	0	0	7	77.85	0.00	0.02	5.27	85.83	89.33	0.00	41	0	43	0.00	0.00	64.89	7.45	0.00	0.00	2000
222	10.92	2055	2075	0.50	198	0	0	0	69.29	0.00	0.00	6.88	81.25	89.08	0.00	41	0	42	0.00	0.00	64.46	7.29	0.00	0.00	2000
223	10.75	2040	2136	0.00	196	0	0	0	nan	0.00	0.00	5.43	85.41	89.25	0.00	41	0	43	0.00	0.00	67.32	7.61	0.00	0.00	2000
221	11.12	2022	2063	0.00	216	0	0	0	nan	0.00	0.00	6.75	80.66	88.88	0.00	41	0	43	0.00	0.00	62.07	7.22	0.00	0.00	2000
222	10.92	2015	2117	0.00	197	0	0	0	nan	0.00	0.00	7.45	82.47	89.08	0.00	41	0	42	0.00	0.00	64.36	7.45	0.00	0.00	2000
222	10.72	2043	2130	0.00	198	0	0	0	nan	0.00	2.21	3.94	84.68	89.28	0.00	41	0	42	0.00	0.00	66.14	7.64	0.00	0.00	2000
221	10.94	2072	2045	0.00	200	0	0	0	nan	0.00	0.02	2.70	84.11	89.06	0.00	42	0	43	0.00	0.00	62.97	7.30	0.00	0.00	2000
222	10.90	2026	2107	0.00	201	0	0	0	nan	0.00	0.00	6.49	83.07	89.10	0.00	42	0	42	0.00	0.00	64.69	7.35	0.00	0.00	2000
224	10.69	2050	2149	0.00	197	0	0	0	nan	0.00	0.02	7.99	83.51	89.31	0.00	42	0	42	0.00	0.00	65.36	7.42	0.00	0.00	2000
220	10.76	2079	2066	0.00	196	0	0	0	nan	0.00	0.87	8.34	78.66	89.24	0.00	41	0	43	0.00	0.00	61.65	7.20	0.00	0.00	2000
220	10.85	2058	2073	0.00	196	0	0	0	nan	0.00	0.00	5.53	82.53	89.15	0.00	41	0	43	0.00	0.00	67.21	7.05	0.00	0.00	2000
221	10.66	2045	2132	0.00	197	0	0	0	nan	0.00	0.00	5.20	85.62	89.34	0.00	41	0	43	0.00	0.00	64.36	7.27	0.00	0.00	2000
220	10.95	2015	2098	0.00	196	0	0	0	nan	0.00	0.00	6.49	82.62	89.05	0.00	41	0	43	0.00	0.00	64.53	7.39	0.00	0.00	2000
223	10.98	2051	2084	0.00	200	0	0	0	nan	0.00	0.00	8.05	80.43	89.02	0.00	41	0	43	0.00	0.00	64.54	7.31	0.00	0.00	2000
221	10.55	2070	2124	0.00	196	0	0	0	nan	0.01	0.00	8.26	82.21	89.45	0.00	42	0	42	0.00	0.00	64.84	7.43	0.00	0.00	2000
220	10.80	2059	2074	0.00	197	0	0	0	nan	0.00	0.00	6.63	81.56	89.20	0.00	42	0	43	0.00	0.00	64.38	7.45	0.00	0.00	2000
221	10.55	2080	2113	0.00	195	0	0	0	nan	0.00	0.01	6.84	83.19	89.45	0.00	42	0	43	0.00	0.00	64.77	7.41	0.00	0.00	2000
221	10.71	2058	2103	0.19	197	0	0	19	37.22	0.00	0.00	5.81	83.63	89.29	0.00	41	0	43	0.00	0.00	64.31	7.47	0.00	0.00	2000
228	10.93	2089	2095	0.70	199	0	0	1	88.59	0.00	0.02	5.72	83.24	89.07	0.00	41	0	43	0.00	0.00	65.09	7.70	0.00	0.00	2000
221	10.59	2111	2077	0.00	208	0	0	0	nan	0.01	0.06	3.23	85.23	89.41	0.00	41	0	43	0.00	0.00	64.73	7.48	0.00	0.00	2000
223	10.56	2068	2145	0.00	196	0	0	0	nan	0.03	0.03	2.72	88.67	89.44	0.00	41	0	42	0.00	0.00	65.08	7.56	0.00	0.00	2000
220	10.94	2028	2088	0.00	196	0	0	0	nan	0.00	0.00	6.60	82.01	89.06	0.00	41	0	42	0.00	0.00	64.83	7.45	0.00	0.00	2000
221	10.68	2047	2121	0.00	196	0	0	0	nan	0.00	0.00	6.65	83.63	89.32	0.00	41	0	42	0.00	0.00	64.54	7.34	0.00	0.00	2000
222	10.92	2083	2054	0.00	195	0	0	0	nan	0.00	0.47	5.92	80.87	89.08	0.00	41	0	42	0.00	0.00	65.11	7.41	0.00	0.00	2000
221	10.64	2055	2119	0.00	198	0	0	0	nan	0.00	0.01	6.53	83.71	89.36	0.00	41	0	43	0.00	0.00	64.19	7.39	0.00	0.00	2000
222	11.05	2039	2069	0.00	197	0	0	0	nan	0.00	0.02	7.91	79.84	88.95	0.00	41	0	43	0.00	0.00	64.81	7.27	0.00	0.00	2000
221	10.44	2061	2157	0.00	194	0	0	0	nan	0.00	0.02	6.30	85.73	89.56	0.00	41	0	43	0.00	0.00	64.48	7.28	0.00	0.00	2000
220	11.08	2026	2056	0.00	197	0	0	0	nan	0.00	0.05	4.49	82.58	88.92	0.00	41	0	43	0.00	0.00	64.54	7.54	0.00	0.00	2000
224	10.97	2036	2104	0.00	202	0	0	0	nan	0.00	0.00	8.00	81.30	89.03	0.00	41	0	43	0.00	0.00	64.44	7.32	0.00	0.00	2000
222	10.64	2060	2122	0.00	197	0	0	0	nan	0.00	0.01	7.30	83.07	89.36	0.00	41	0	42	0.00	0.00	64.89	7.27	0.00	0.00	2000
220	11.11	1980	2100	0.00	194	0	0	0	nan	0.00	0.00	8.00	81.07	88.89	0.00	41	0	42	0.00	0.00	64.47	7.42	0.00	0.00	2000
222	10.80	2034	2118	0.00	199	0	0	0	nan	0.00	0.00	6.72	83.36	89.20	0.00	41	0	43	0.00	0.00	65.37	7.42	0.00	0.00	2000
219	11.14	1987	2073	0.00	197	0	0	0	nan	0.00	0.00	6.24	81.71	88.86	0.00	41	0	43	0.00	0.00	63.52	7.31	0.00	0.00	2000
222	10.86	2038	2106	0.00	198	0	0	0	nan	0.00	0.00	5.36	84.14	89.14	0.00	41	0	42	0.00	0.00	64.37	7.54	0.00	0.00	2000
217	11.12	2034	2019	0.06	199	0	0	4	92.60	0.05	0.05	3.04	82.52	88.88	0.00	41	0	43	0.00	0.00	60.76	7.00	0.00	0.00	2000
223	10.78	2018	2154	0.64	215	0	0	2	95.06	0.00	0.02	4.71	86.89	89.22	0.00	41	0	43	0.00	0.00	66.55	7.68	0.00	0.00	2000
222	10.45	2078	2148	0.00	196	0	0	0	nan	0.00	0.01	4.67	87.05	89.55	0.00	41	0	43	0.00	0.00	67.15	7.85	0.00	0.00	2000
218	10.85	2071	2041	0.00	198	0	0	0	nan	0.00	0.02	5.02	81.71	89.15	0.00	41	0	43	0.00	0.00	63.46	7.40	0.00	0.00	2000
223	10.58	2062	2147	0.00	198	0	0	0	nan	0.00	0.00	5.79	85.71	89.42	0.00	41	0	43	0.00	0.00	64.75	7.58	0.00	0.00	2000
220	10.95	2050	2054	0.00	199	0	0	0	nan	0.00	0.00	6.79	80.48	89.05	0.00	41	0	42	0.00	0.00	64.17	7.45	0.00	0.00	2000
222	10.49	2086	2129	0.00	196	0	0	0	nan	0.00	0.00	6.75	84.09	89.51	0.00	41	0	42	0.00	0.00	64.97	7.36	0.00	0.00	2000
223	10.46	2096	2139	0.00	197	0	0	0	nan	0.00	0.02	6.18	85.03	89.54	0.00	41	0	42	0.00	0.00	66.98	8.49	0.00	0.00	2000
222	10.88	2037	2103	0.00	195	0	0	0	nan	0.00	0.03	5.86	83.44	89.12	0.00	41	0	43	0.00	0.00	65.05	7.87	0.00	0.00	2000
228	10.74	2125	2098	0.00	199	0	0	0	nan	0.00	0.00	7.29	81.92	89.26	0.00	41	0	43	0.00	0.00	64.74	7.46	0.00	0.00	2000
222	11.24	2083	1988	0.00	199	0	0	0	nan	0.00	0.04	6.70	77.43	88.76	0.00	41	0	43	0.00	0.00	59.39	7.13	0.00	0.00	2000
223	10.39	2083	2162	0.00	194	0	0	0	nan	0.00	0.02	6.78	85.51	89.61	0.00	42	0	42	0.00	0.00	70.47	8.37	0.00	0.00	2000
224	10.54	2106	2115	0.00	196	0	0	0	nan	0.00	0.02	5.14	84.98	89.46	0.00	42	0	43	0.00	0.00	65.12	7.70	0.00	0.00	2000
222	10.65	2071	2113	0.00	197	0	0	0	nan	0.00	1.56	5.57	82.88	89.35	0.00	42	0	43	0.00	0.00	65.06	7.66	0.00	0.00	2000
223	10.74	2069	2108	0.00	200	0	0	0	nan	0.00	0.03	4.15	85.51	89.26	0.00	42	0	42	0.00	0.00	64.74	7.81	0.00	0.00	2000
226	10.97	2084	2072	0.00	204	0	0	0	nan	0.06	0.01	4.35	83.57	89.03	0.00	42	0	43	0.00	0.00	65.08	7.74	0.00	0.00	2000
222	10.63	2072	2119	0.00	195	0	0	0	nan	0.00	0.02	8.60	81.59	89.37	0.00	42	0	43	0.00	0.00	64.43	7.56	0.00	0.00	2000
219	10.84	2052	2067	0.00	195	0	0	8	33.27	0.00	0.00	7.23	80.62	89.16	0.00	42	0	43	0.00	0.00	62.51	7.41	0.00	0.00	2000
225	10.65	2075	2139	1.70	198	0	0	6	42.64	0.00	0.05	4.68	86.28	89.35	0.00	42	0	43	0.00	0.00	67.50	7.91	0.00	0.00	2000
223	10.99	2046	2082	0.00	199	0	0	0	nan	0.00	0.00	4.96	83.38	89.01	0.00	42	0	43	0.00	0.00	62.19	7.19	0.00	0.00	2000
224	10.79	2047	2128	0.00	200	0	0	0	nan	0.00	0.00	7.10	83.30	89.21	0.00	42	0	43	0.00	0.00	68.03	7.97	0.00	0.00	2000
221	10.94	2036	2087	0.00	196	0	0	0	nan	0.00	0.00	8.67	79.89	89.06	0.00	42	0	42	0.00	0.00	62.18	7.31	0.00	0.00	2000
222	10.76	2051	2111	0.00	196	0	0	0	nan	0.04	0.00	7.90	81.87	89.24	0.00	41	0	43	0.00	0.00	64.46	7.96	0.00	0.00	2000
219	11.00	2023	2068	0.00	212	0	0	0	nan	0.00	0.02	5.58	82.15	89.00	0.00	41	0	43	0.00	0.00	64.64	7.07	0.00	0.00	2000
221	10.77	2041	2108	0.00	195	0	0	0	nan	0.00	0.00	6.59	83.08	89.23	0.00	41	0	43	0.00	0.00	64.47	7.28	0.00	0.00	2000
224	10.73	2078	2114	0.00	200	0	0	0	nan	0.00	0.00	6.69	83.20	89.27	0.00	41	0	43	0.00	0.00	65.17	7.59	0.00	0.00	2000
222	10.95	2041	2089	0.00	199	0	0	0	nan	0.00	0.00	7.48	81.19	89.05	0.00	42	0	42	0.00	0.00	65.75	7.82	0.00	0.00	2000
221	10.85	2052	2080	0.00	198	0	0	0	nan	0.00	0.00	6.42	82.03	89.15	0.00	42	0	42	0.00	0.00	64.52	7.29	0.00	0.00	2000
223	10.34	2123	2131	0.00	197	0	0	0	nan	0.00	0.05	2.85	88.22	89.66	0.00	42	0	43	0.00	0.00	64.91	7.55	0.00	0.00	2000
221	10.66	2074	2095	0.00	197	0	0	0	nan	0.00	0.04	3.16	86.05	89.34	0.00	42	0	43	0.00	0.00	65.02	7.41	0.00	0.00	2000
224	10.64	2089	2113	0.00	200	0	0	0	nan	0.00	0.00	7.38	82.60	89.36	0.00	42	0	43	0.00	0.00	64.78	7.43	0.00	0.00	2000
222	10.50	2095	2117	0.00	198	0	0	0	nan	0.00	0.00	7.58	82.70	89.50	0.00	42	0	43	0.00	0.00	65.27	7.52	0.00	0.00	2000
222	10.59	2101	2093	0.00	197	0	0	0	nan	0.02	1.43	6.52	81.18	89.41	0.00	42	0	42	0.00	0.00	62.20	7.11	0.00	0.00	2000
220	10.79	2060	2077	0.00	197	0	0	0	nan	0.00	0.00	7.54	80.82	89.21	0.00	41	0	43	0.00	0.00	64.14	7.40	0.00	0.00	2000
222	10.77	2054	2113	0.00	200	0	0	12	18.89	0.00	0.02	7.41	82.47	89.23	0.00	41	0	42	0.00	0.00	68.03	8.56	0.00	0.00	2000
226	11.07	2026	2112	1.45	200	0	0	5	56.35	0.00	0.00	8.12	81.43	88.93	0.00	42	0	42	0.00	0.00	63.23	7.16	0.00	0.00	2000
221	10.81	2048	2097	0.00	195	0	0	0	nan	0.00	0.02	7.73	81.44	89.19	0.00	42	0	43	0.00	0.00	64.62	7.57	0.00	0.00	2000
224	10.81	2072	2104	0.00	197	0	0	0	nan	0.00	0.00	6.87	82.53	89.19	0.00	42	0	42	0.00	0.00	64.88	7.37	0.00	0.00	2000
218	10.97	2051	2040	0.00	195	0	0	0	nan	0.00	0.00	6.52	80.06	89.03	0.00	42	0	42	0.00	0.00	62.43	7.29	0.00	0.00	2000
221	10.54	2077	2120	0.00	199	0	0	0	nan	0.00	0.02	6.34	83.97	89.46	0.00	42	0	43	0.00	0.00	64.45	7.39	0.00	0.00	2000
224	10.62	2065	2147	0.00	198	0	0	0	nan	0.00	0.01	6.88	84.55	89.38	0.00	42	0	43	0.00	0.00	68.12	7.69	0.00	0.00	2000
223	10.68	2086	2100	0.00	206	0	0	0	nan	0.00	0.03	5.46	83.95	89.32	0.00	41	0	43	0.00	0.00	63.25	7.26	0.00	0.00	2000
222	11.83	2112	1867	0.00	194	0	0	0	nan	0.01	0.28	3.21	75.05	88.17	0.00	40	0	43	0.00	0.00	52.54	5.99	0.00	0.00	2000
237	10.34	2046	2357	0.00	235	0	0	0	nan	0.01	0.02	4.94	95.82	89.66	0.00	37	0	42	0.00	0.00	79.39	9.81	0.00	0.00	2000
233	11.26	2049	2116	0.00	213	0	0	0	nan	0.02	1.50	9.74	78.34	88.74	0.00	38	0	43	0.00	0.00	66.86	7.78	0.00	0.00	2000
229	11.05	2091	2081	0.00	183	0	0	0	nan	0.00	0.00	9.37	78.85	88.95	0.00	38	0	43	0.00	0.00	61.86	6.87	0.00	0.00	2000
231	11.03	2088	2104	0.00	215	0	0	0	nan	0.00	0.43	9.52	79.29	88.97	0.00	38	0	43	0.00	0.00	65.44	8.88	0.00	0.00	2000
229	11.10	2059	2107	0.00	181	0	0	0	nan	0.00	0.00	9.24	80.09	88.90	0.00	38	0	43	0.00	0.00	65.10	8.15	0.00	0.00	2000
232	11.22	2056	2110	0.00	212	0	0	0	nan	0.00	0.00	7.79	81.51	88.78	0.00	38	0	43	0.00	0.00	66.99	7.81	0.00	0.00	2000
222	10.83	2047	2099	0.00	202	0	0	0	nan	0.00	0.00	5.42	83.84	89.17	0.00	39	0	42	0.00	0.00	62.72	7.13	0.00	0.00	2000
107	7.98	1346	2098	0.00	231	0	0	0	nan	0.00	0.00	7.58	84.48	92.02	0.00	38	0	43	0.00	0.00	60.14	7.41	0.00	0.00	2000
93	7.50	1256	2078	0.00	114	0	0	0	92.01	0.00	0.00	6.26	85.39	92.50	0.00	38	0	42	0.00	0.00	59.95	7.40	0.00	0.00	2000
