Avg_MHz	Busy%	Bzy_MHz	TSC_MHz	IPC	IRQ	NMI	SMI	LLCMRPS	LLC%hit	POLL%	C1%	C1E%	C6%	CPU%c1	CPU%c6	CoreTmp	CoreThr	PkgTmp	Pkg%pc2	Pkg%pc6	PkgWatt	RAMWatt	PKG_%	RAM_%	UncMHz
160	10.64	1500	2111	0.00	304	0	0	0	nan	0.00	0.01	16.69	73.13	89.36	0.00	38	0	43	0.00	0.00	62.64	7.33	0.00	0.00	2000
289	14.60	2018	2057	0.00	226	0	0	0	nan	0.01	1.49	10.00	72.46	85.40	0.00	37	0	42	0.00	0.00	67.45	7.96	0.00	0.00	2000
221	12.25	1739	2179	0.00	236	0	0	0	nan	0.02	0.76	20.25	70.14	87.75	0.00	37	0	43	0.00	0.00	66.21	7.91	0.00	0.00	2000
74	6.80	1093	2096	0.00	194	0	0	0	nan	0.00	0.02	2.29	90.87	93.20	0.00	37	0	43	0.00	0.00	58.44	7.37	0.00	0.00	2000
81	7.71	1043	2105	0.00	226	0	0	0	nan	0.00	0.01	5.16	87.51	92.29	0.00	37	0	43	0.00	0.00	61.08	7.78	0.00	0.00	2000
73	6.92	1050	2098	0.00	194	0	0	0	nan	0.00	0.02	2.69	90.31	93.08	0.00	37	0	43	0.00	0.00	57.45	7.15	0.00	0.00	2000
73	6.85	1058	2115	0.00	195	0	0	0	nan	0.00	0.02	2.96	90.86	93.15	0.00	38	0	43	0.00	0.00	57.58	7.22	0.00	0.00	2000
71	6.92	1030	2085	0.00	212	0	0	0	nan	0.00	0.00	4.28	88.24	93.08	0.00	37	0	43	0.00	0.00	60.95	7.61	0.00	0.00	2000
71	7.13	1000	2102	0.00	194	0	0	0	nan	0.00	0.00	3.48	89.51	92.87	0.00	37	0	43	0.00	0.00	58.66	7.34	0.00	0.00	2000
71	6.97	1025	2098	0.00	194	0	0	0	nan	0.00	0.00	2.04	91.02	93.03	0.00	37	0	43	0.00	0.00	57.60	7.30	0.00	0.00	2000
73	7.01	1033	2120	0.00	211	0	0	0	nan	0.00	0.00	3.27	90.80	92.99	0.00	37	0	43	0.00	0.00	58.48	7.32	0.00	0.00	2000
71	6.96	1028	2090	0.00	177	0	0	0	nan	0.01	0.00	3.18	89.47	93.04	0.00	37	0	42	0.00	0.00	58.47	7.52	0.00	0.00	2000
72	6.82	1046	2112	0.00	209	0	0	0	nan	0.00	0.00	4.21	89.62	93.18	0.00	37	0	42	0.00	0.00	62.66	7.90	0.00	0.00	2000
71	6.42	1119	2087	0.00	196	0	0	0	nan	0.00	0.05	3.61	89.31	93.58	0.00	37	0	43	0.00	0.00	56.02	7.15	0.00	0.00	2000
74	6.97	1049	2122	0.00	195	0	0	0	nan	0.00	0.01	3.08	91.15	93.03	0.00	37	0	42	0.00	0.00	60.55	7.66	0.00	0.00	2000
71	6.82	1058	2069	0.03	195	0	0	1	85.51	0.00	0.03	3.02	88.86	93.18	0.00	37	0	43	0.00	0.00	57.30	7.26	0.00	0.00	2000
73	7.17	1008	2114	0.25	210	0	0	1	90.33	0.00	0.00	2.51	91.05	92.83	0.00	37	0	43	0.00	0.00	56.99	7.47	0.00	0.00	2000
72	7.00	1015	2114	0.00	193	0	0	0	nan	0.00	0.04	3.88	89.91	93.00	0.00	37	0	43	0.00	0.00	59.88	7.60	0.00	0.00	2000
150	9.44	1647	2026	0.00	201	0	0	0	nan	0.00	0.67	6.30	80.50	90.56	0.00	37	0	43	0.00	0.00	59.09	7.29	0.00	0.00	2000
229	10.68	2088	2154	0.00	214	0	0	0	nan	0.00	0.01	6.12	85.60	89.32	0.00	38	0	43	0.00	0.00	67.92	7.64	0.00	0.00	2000
236	11.20	2074	2130	0.00	196	0	0	0	nan	0.00	0.00	5.08	85.08	88.80	0.00	39	0	43	0.00	0.00	66.18	7.56	0.00	0.00	2000
227	11.16	2066	2067	0.00	201	0	0	0	nan	0.00	0.00	5.93	81.60	88.84	0.00	38	0	43	0.00	0.00	61.31	6.91	0.00	0.00	2000
229	10.95	2090	2100	0.00	195	0	0	0	nan	0.00	0.00	6.47	82.68	89.05	0.00	38	0	43	0.00	0.00	69.92	7.85	0.00	0.00	2000
231	11.21	2058	2098	0.00	197	0	0	0	nan	0.00	0.00	4.59	84.28	88.79	0.00	37	0	43	0.00	0.00	65.03	7.61	0.00	0.00	2000
228	11.60	2051	2015	0.00	214	0	0	0	nan	0.00	0.00	4.02	80.85	88.40	0.00	38	0	43	0.00	0.00	56.23	6.58	0.00	0.00	2000
231	10.52	2077	2223	0.00	250	0	0	0	nan	0.00	0.00	6.21	88.60	89.48	0.00	37	0	43	0.00	0.00	78.36	8.93	0.00	0.00	2000
232	11.04	2098	2102	0.00	195	0	0	0	nan	0.00	0.00	3.53	85.66	88.96	0.00	37	0	43	0.00	0.00	67.20	7.77	0.00	0.00	2000
232	10.90	2111	2112	0.00	214	0	0	0	nan	0.00	0.02	2.99	86.67	89.10	0.00	38	0	42	0.00	0.00	64.16	7.26	0.00	0.00	2000
228	11.30	2049	2069	0.00	198	0	0	0	nan	0.00	0.02	5.41	82.05	88.70	0.00	38	0	42	0.00	0.00	62.07	7.24	0.00	0.00	2000
236	10.79	2144	2143	0.00	200	0	0	0	nan	0.00	0.01	4.63	86.40	89.21	0.00	39	0	43	0.00	0.00	69.99	7.82	0.00	0.00	2000
227	11.23	2062	2061	0.00	206	0	0	0	nan	0.00	0.00	4.35	82.91	88.77	0.00	39	0	43	0.00	0.00	62.07	7.18	0.00	0.00	2000
226	10.99	2044	2116	0.00	213	0	0	0	89.66	0.00	0.00	4.97	84.83	89.01	0.00	39	0	43	0.00	0.00	64.97	7.48	0.00	0.00	2000
228	11.20	2049	2087	0.67	197	0	0	12	81.75	0.00	0.02	4.20	84.19	88.80	0.00	39	0	43	0.00	0.00	66.42	7.74	0.00	0.00	2000
237	11.34	2093	2101	0.13	203	0	0	0	nan	0.00	0.01	5.38	83.42	88.66	0.00	38	0	42	0.00	0.00	65.17	7.50	0.00	0.00	2000
227	11.08	2081	2065	0.00	221	0	0	0	nan	0.00	0.00	6.20	81.40	88.92	0.00	38	0	43	0.00	0.00	64.68	7.36	0.00	0.00	2000
233	11.03	2053	2158	0.00	214	0	0	0	nan	0.00	0.02	4.82	86.71	88.97	0.00	38	0	43	0.00	0.00	69.97	8.00	0.00	0.00	2000
229	11.30	2046	2084	0.00	199	0	0	0	nan	0.00	0.01	3.63	84.56	88.70	0.00	39	0	43	0.00	0.00	63.97	7.20	0.00	0.00	2000
235	11.28	2083	2105	0.00	214	0	0	0	nan	0.00	0.00	7.11	81.97	88.72	0.00	39	0	43	0.00	0.00	63.92	7.36	0.00	0.00	2000
230	10.72	2120	2127	0.00	204	0	0	0	nan	0.00	0.03	6.61	84.00	89.28	0.00	39	0	43	0.00	0.00	66.01	7.64	0.00	0.00	2000
224	11.10	2046	2074	0.00	197	0	0	0	nan	0.00	0.00	5.20	82.82	88.90	0.00	39	0	43	0.00	0.00	65.32	7.41	0.00	0.00	2000
229	11.39	2021	2086	0.00	198	0	0	0	nan	0.00	0.00	5.06	83.13	88.61	0.00	39	0	43	0.00	0.00	66.68	7.76	0.00	0.00	2000
235	11.05	2112	2114	0.00	214	0	0	0	nan	0.00	0.02	3.68	85.83	88.95	0.00	39	0	43	0.00	0.00	65.14	7.62	0.00	0.00	2000
235	10.78	2151	2126	0.00	204	0	0	0	nan	0.00	0.00	6.72	83.63	89.22	0.00	39	0	43	0.00	0.00	65.93	7.67	0.00	0.00	2000
228	11.28	2026	2095	0.00	198	0	0	0	nan	0.00	0.00	6.58	82.08	88.72	0.00	39	0	43	0.00	0.00	65.04	7.59	0.00	0.00	2000
228	11.00	2094	2083	0.00	196	0	0	0	nan	0.00	0.00	5.53	82.81	89.00	0.00	39	0	42	0.00	0.00	64.71	7.22	0.00	0.00	2000
224	12.38	2066	1836	0.00	202	0	0	0	nan	0.00	0.00	4.67	72.01	87.62	0.00	38	0	43	0.00	0.00	57.77	6.70	0.00	0.00	2000
218	10.12	1857	2439	0.00	233	0	0	0	nan	0.00	0.00	7.79	96.80	89.88	0.00	39	0	43	0.00	0.00	75.78	9.19	0.00	0.00	2000
224	11.04	2030	2102	0.00	197	0	0	0	nan	0.00	0.00	6.86	82.36	88.96	0.00	39	0	43	0.00	0.00	64.77	7.50	0.00	0.00	2000
222	11.02	2014	2096	0.00	197	0	0	7	79.62	0.00	0.00	7.51	81.41	88.98	0.00	40	0	43	0.00	0.00	64.63	7.60	0.00	0.00	2000
222	10.98	2019	2104	0.95	196	0	0	5	83.51	0.00	0.00	6.09	83.21	89.02	0.00	40	0	43	0.00	0.00	66.12	7.69	0.00	0.00	2000
223	10.87	2048	2100	0.00	197	0	0	0	nan	0.00	0.02	5.25	84.03	89.13	0.00	40	0	42	0.00	0.00	62.96	7.26	0.00	0.00	2000
223	11.32	2100	1968	0.00	198	0	0	0	nan	0.00	0.02	4.97	78.26	88.68	0.00	41	0	43	0.00	0.00	63.62	7.80	0.00	0.00	2000
224	10.67	2069	2126	0.00	199	0	0	0	nan	0.00	0.00	4.95	85.58	89.33	0.00	41	0	43	0.00	0.00	65.86	8.31	0.00	0.00	2000
228	11.09	2044	2112	0.00	226	0	0	0	nan	0.00	0.04	4.43	85.10	88.91	0.00	38	0	43	0.00	0.00	64.91	7.60	0.00	0.00	2000
146	8.90	1583	2174	0.00	240	0	0	0	nan	0.02	0.00	8.15	86.23	91.10	0.00	38	0	43	0.00	0.00	64.72	7.67	0.00	0.00	2000
131	8.46	1533	2124	0.00	65	0	0	0	nan	0.00	0.16	11.63	81.05	91.54	0.00	38	0	43	0.00	0.00	65.78	8.10	0.00	0.00	2000
