Avg_MHz	Busy%	Bzy_MHz	TSC_MHz	IPC	IRQ	NMI	SMI	LLCMRPS	LLC%hit	POLL%	C1%	C1E%	C6%	CPU%c1	CPU%c6	CoreTmp	CoreThr	PkgTmp	Pkg%pc2	Pkg%pc6	PkgWatt	RAMWatt	PKG_%	RAM_%	UncMHz
225	13.56	1755	1987	0.00	241	1	0	0	nan	0.00	0.03	24.68	57.08	86.44	0.00	38	0	43	0.00	0.00	58.31	7.10	0.00	0.00	2000
387	17.33	2084	2249	0.00	247	0	0	0	nan	0.06	1.12	18.66	68.95	82.67	0.00	38	0	43	0.00	0.00	71.06	7.93	0.00	0.00	2000
81	6.82	1170	2131	0.00	196	0	0	0	nan	0.00	0.02	7.52	87.10	93.18	0.00	37	0	43	0.00	0.00	63.47	7.96	0.00	0.00	2000
80	6.91	1157	2104	0.00	215	0	0	0	nan	0.00	0.00	4.19	89.18	93.09	0.00	38	0	43	0.00	0.00	57.53	7.24	0.00	0.00	2000
73	6.55	1115	2102	0.00	193	0	0	0	nan	0.00	0.01	2.45	91.12	93.45	0.00	38	0	43	0.00	0.00	60.31	7.71	0.00	0.00	2000
72	6.64	1083	2096	0.00	193	0	0	0	nan	0.00	0.00	2.80	90.44	93.36	0.00	38	0	43	0.00	0.00	56.83	7.40	0.00	0.00	2000
74	6.80	1083	2110	0.00	193	0	0	0	nan	0.00	0.00	2.96	90.85	93.20	0.00	38	0	43	0.00	0.00	58.40	7.59	0.00	0.00	2000
72	6.54	1102	2097	0.00	194	0	0	0	nan	0.00	0.00	3.08	90.31	93.46	0.00	37	0	43	0.00	0.00	59.97	7.59	0.00	0.00	2000
72	6.40	1141	2071	0.00	193	0	0	0	nan	0.00	0.01	2.84	89.43	93.60	0.00	37	0	43	0.00	0.00	57.37	7.28	0.00	0.00	2000
73	6.59	1098	2114	0.00	193	0	0	0	nan	0.00	0.02	1.92	92.24	93.41	0.00	37	0	43	0.00	0.00	58.71	7.43	0.00	0.00	2000
74	6.62	1120	2098	0.00	194	0	0	0	nan	0.00	0.00	3.35	90.05	93.38	0.00	38	0	43	0.00	0.00	58.40	7.32	0.00	0.00	2000
72	6.16	1175	2096	0.00	192	0	0	0	nan	0.00	0.03	1.98	91.64	93.84	0.00	37	0	43	0.00	0.00	59.02	7.42	0.00	0.00	2000
80	6.85	1160	2118	0.00	196	0	0	0	nan	0.00	0.00	2.85	91.14	93.15	0.00	37	0	43	0.00	0.00	59.47	7.49	0.00	0.00	2000
73	6.57	1103	2107	0.00	193	0	0	0	nan	0.00	0.00	2.73	91.06	93.43	0.00	38	0	43	0.00	0.00	59.44	7.47	0.00	0.00	2000
79	7.11	1114	2095	0.00	211	0	0	0	nan	0.00	0.00	6.81	85.93	92.89	0.00	37	0	43	0.00	0.00	58.38	7.30	0.00	0.00	2000
71	6.73	1075	2070	0.00	194	0	0	1	91.19	0.00	0.02	3.16	88.89	93.27	0.00	37	0	43	0.00	0.00	56.05	7.20	0.00	0.00	2000
73	6.93	1045	2121	0.29	193	0	0	2	89.24	0.00	0.00	2.89	91.23	93.07	0.00	38	0	43	0.00	0.00	63.23	8.12	0.00	0.00	2000
72	6.71	1060	2116	0.00	194	0	0	0	nan	0.00	0.01	3.01	91.12	93.29	0.00	37	0	43	0.00	0.00	57.23	7.32	0.00	0.00	2000
126	8.15	1567	2067	0.00	211	0	0	0	nan	0.00	0.02	3.44	86.90	91.85	0.00	38	0	43	0.00	0.00	58.98	7.42	0.00	0.00	2000
232	11.01	2094	2112	0.00	203	0	0	0	nan	0.00	0.00	4.66	84.94	88.99	0.00	40	0	43	0.00	0.00	68.61	7.99	0.00	0.00	2000
227	10.85	2102	2094	0.00	219	0	0	0	nan	0.00	0.02	4.10	84.77	89.15	0.00	40	0	43	0.00	0.00	61.92	7.13	0.00	0.00	2000
236	11.13	2085	2133	0.00	203	0	0	0	nan	0.00	0.01	4.46	85.94	88.87	0.00	41	0	43	0.00	0.00	64.62	7.42	0.00	0.00	2000
230	10.86	2146	2069	0.00	208	0	0	0	nan	0.00	0.00	5.16	82.80	89.14	0.00	40	0	43	0.00	0.00	62.21	7.19	0.00	0.00	2000
234	11.17	2063	2129	0.00	215	0	0	0	nan	0.00	0.00	6.58	83.62	88.83	0.00	39	0	43	0.00	0.00	69.74	8.20	0.00	0.00	2000
229	10.99	2113	2071	0.00	196	0	0	0	nan	0.01	0.02	3.22	84.65	89.01	0.00	39	0	43	0.00	0.00	64.94	7.61	0.00	0.00	2000
233	11.15	2100	2087	0.00	199	0	0	0	nan	0.00	0.02	5.43	82.87	88.85	0.00	38	0	43	0.00	0.00	67.18	7.91	0.00	0.00	2000
238	11.41	2053	2136	0.00	219	0	0	0	nan	0.00	0.00	8.90	81.30	88.59	0.00	39	0	43	0.00	0.00	69.29	8.13	0.00	0.00	2000
230	10.89	2121	2090	0.00	197	0	0	0	nan	0.00	0.52	5.90	82.34	89.11	0.00	39	0	43	0.00	0.00	66.02	7.75	0.00	0.00	2000
227	11.01	2082	2078	0.00	179	0	0	0	nan	0.00	0.00	6.84	81.30	88.99	0.00	39	0	43	0.00	0.00	61.56	7.27	0.00	0.00	2000
233	11.16	2056	2130	0.00	212	0	0	0	nan	0.00	0.00	7.19	82.94	88.84	0.00	40	0	43	0.00	0.00	67.99	7.86	0.00	0.00	2000
231	11.11	2075	2103	0.00	197	0	0	0	nan	0.00	0.00	6.32	82.78	88.89	0.00	40	0	43	0.00	0.00	65.63	7.41	0.00	0.00	2000
233	11.21	2087	2089	0.00	202	0	0	0	nan	0.00	0.00	6.71	81.68	88.79	0.00	40	0	43	0.00	0.00	64.45	7.28	0.00	0.00	2000
224	11.22	2017	2077	0.00	197	0	0	4	93.18	0.00	0.00	6.31	81.67	88.78	0.00	40	0	43	0.00	0.00	63.54	7.20	0.00	0.00	2000
230	10.76	2131	2103	0.73	197	0	0	16	97.39	0.00	0.02	4.60	84.81	89.24	0.00	40	0	43	0.00	0.00	64.90	7.49	0.00	0.00	2000
230	11.18	2081	2076	0.00	196	0	0	0	nan	0.00	0.00	3.68	84.28	88.82	0.00	40	0	43	0.00	0.00	62.81	7.28	0.00	0.00	2000
233	10.85	2101	2148	0.00	214	0	0	0	nan	0.00	0.00	4.82	86.37	89.15	0.00	40	0	43	0.00	0.00	68.53	7.85	0.00	0.00	2000
235	11.09	2116	2104	0.00	199	0	0	0	nan	0.00	0.01	4.24	84.84	88.91	0.00	40	0	43	0.00	0.00	65.98	7.69	0.00	0.00	2000
230	10.88	2116	2099	0.00	202	0	0	0	nan	0.00	1.01	4.26	83.91	89.12	0.00	40	0	43	0.00	0.00	65.58	7.59	0.00	0.00	2000
229	11.00	2085	2096	0.00	197	0	0	0	nan	0.01	0.01	5.28	83.59	89.00	0.00	41	0	43	0.00	0.00	64.76	7.54	0.00	0.00	2000
226	10.84	2105	2075	0.00	196	0	0	0	nan	0.00	0.95	5.52	81.71	89.16	0.00	40	0	43	0.00	0.00	64.04	7.37	0.00	0.00	2000
235	11.41	2080	2077	0.00	197	0	0	0	nan	0.00	0.00	4.10	83.56	88.59	0.00	41	0	43	0.00	0.00	63.69	7.30	0.00	0.00	2000
233	10.93	2077	2158	0.00	214	0	0	0	nan	0.00	0.01	6.02	85.52	89.07	0.00	39	0	43	0.00	0.00	68.80	7.78	0.00	0.00	2000
227	10.90	2114	2068	0.00	198	0	0	0	nan	0.00	0.01	7.57	80.23	89.10	0.00	39	0	43	0.00	0.00	63.48	7.47	0.00	0.00	2000
230	10.86	2103	2115	0.00	198	0	0	0	nan	0.00	0.01	4.62	85.23	89.14	0.00	39	0	43	0.00	0.00	61.31	7.09	0.00	0.00	2000
240	11.72	2096	2050	0.00	232	0	0	0	nan	0.00	0.00	6.57	79.75	88.28	0.00	38	0	43	0.00	0.00	70.72	8.43	0.00	0.00	2000
239	11.43	2024	2165	0.00	218	0	0	0	nan	0.00	0.02	9.32	82.13	88.57	0.00	39	0	43	0.00	0.00	68.72	8.38	0.00	0.00	2000
234	11.38	2055	2101	0.00	198	0	0	0	nan	0.00	0.00	7.39	81.42	88.62	0.00	39	0	43	0.00	0.00	65.28	7.58	0.00	0.00	2000
232	11.19	2074	2102	0.00	199	0	0	0	nan	0.00	0.01	6.28	82.75	88.81	0.00	39	0	43	0.00	0.00	60.27	7.67	0.00	0.00	2000
233	11.53	2020	2099	0.00	199	0	0	0	nan	0.00	0.08	6.94	81.72	88.47	0.00	39	0	43	0.00	0.00	64.89	7.74	0.00	0.00	2000
234	11.38	2057	2097	0.00	183	0	0	2	49.20	0.00	0.02	6.40	82.23	88.62	0.00	39	0	42	0.00	0.00	64.95	7.85	0.00	0.00	2000
232	11.38	2066	2076	0.52	217	0	0	3	71.22	0.00	1.29	5.18	81.41	88.62	0.00	39	0	43	0.00	0.00	66.74	7.94	0.00	0.00	2000
233	10.84	2123	2131	0.00	197	0	0	0	nan	0.00	0.92	7.59	82.06	89.16	0.00	39	0	43	0.00	0.00	63.87	7.68	0.00	0.00	2000
230	11.21	2092	2063	0.00	181	0	0	0	nan	0.00	0.02	5.23	82.00	88.79	0.00	40	0	43	0.00	0.00	66.62	7.68	0.00	0.00	2000
229	10.56	2138	2131	0.00	214	0	0	0	nan	0.00	0.98	7.32	82.53	89.44	0.00	40	0	43	0.00	0.00	65.74	7.45	0.00	0.00	2000
231	11.30	2052	2094	0.00	196	0	0	0	nan	0.00	0.00	7.27	81.30	88.70	0.00	40	0	43	0.00	0.00	62.15	7.18	0.00	0.00	2000
230	11.17	2046	2111	0.00	184	0	0	0	nan	0.00	0.00	9.44	79.99	88.83	0.00	40	0	43	0.00	0.00	66.09	7.88	0.00	0.00	2000
229	11.38	2036	2079	0.00	195	0	0	0	nan	0.00	0.01	7.45	80.33	88.62	0.00	40	0	43	0.00	0.00	66.74	7.74	0.00	0.00	2000
228	11.19	2023	2119	0.00	213	0	0	0	nan	0.00	0.00	8.01	81.65	88.81	0.00	40	0	43	0.00	0.00	62.30	7.33	0.00	0.00	2000
229	11.19	2050	2098	0.00	181	0	0	0	nan	0.00	0.00	5.92	82.84	88.81	0.00	40	0	43	0.00	0.00	65.86	7.66	0.00	0.00	2000
227	11.02	2095	2063	0.00	196	0	0	0	nan	0.00	0.00	8.05	79.47	88.98	0.00	40	0	43	0.00	0.00	63.46	7.38	0.00	0.00	2000
233	11.24	2045	2126	0.00	215	0	0	0	nan	0.00	0.01	6.26	83.79	88.76	0.00	40	0	43	0.00	0.00	66.69	7.73	0.00	0.00	2000
229	11.01	2087	2092	0.00	195	0	0	0	nan	0.00	0.00	8.57	80.06	88.99	0.00	41	0	43	0.00	0.00	64.75	7.51	0.00	0.00	2000
231	10.94	2088	2127	0.00	200	0	0	0	nan	0.00	0.00	8.77	81.54	89.06	0.00	40	0	43	0.00	0.00	63.23	7.45	0.00	0.00	2000
228	11.13	2066	2082	0.00	180	0	0	0	nan	0.00	0.00	6.46	81.74	88.87	0.00	40	0	43	0.00	0.00	64.43	7.48	0.00	0.00	2000
228	11.05	2067	2093	0.00	196	0	0	0	nan	0.00	0.00	7.17	81.59	88.95	0.00	40	0	43	0.00	0.00	63.17	7.26	0.00	0.00	2000
230	11.29	2035	2105	0.00	212	0	0	0	nan	0.00	0.00	8.37	80.73	88.71	0.00	40	0	43	0.00	0.00	64.75	7.76	0.00	0.00	2000
230	10.96	2095	2101	0.00	197	0	0	2	88.03	0.00	0.02	4.77	84.40	89.04	0.00	40	0	43	0.00	0.00	64.59	7.49	0.00	0.00	2000
230	11.03	2068	2121	0.77	196	0	0	4	94.10	0.00	0.00	8.65	81.26	88.97	0.00	40	0	43	0.00	0.00	66.63	8.03	0.00	0.00	2000
233	11.20	2077	2099	0.00	180	0	0	0	nan	0.00	0.00	8.54	80.31	88.80	0.00	41	0	43	0.00	0.00	65.80	8.01	0.00	0.00	2000
229	11.25	2094	2043	0.00	197	0	0	0	nan	0.00	0.00	4.60	81.83	88.75	0.00	40	0	43	0.00	0.00	62.70	7.36	0.00	0.00	2000
234	11.22	2040	2150	0.00	214	0	0	0	nan	0.02	1.42	8.64	80.95	88.78	0.00	41	0	43	0.00	0.00	64.78	7.50	0.00	0.00	2000
228	11.13	2057	2095	0.00	199	0	0	0	nan	0.00	0.00	7.50	81.20	88.87	0.00	41	0	43	0.00	0.00	63.79	7.69	0.00	0.00	2000
231	11.15	2059	2116	0.00	200	0	0	0	nan	0.00	0.00	8.07	81.51	88.85	0.00	40	0	43	0.00	0.00	65.34	7.61	0.00	0.00	2000
229	11.21	2082	2059	0.00	182	0	0	0	nan	0.00	0.02	5.52	81.59	88.79	0.00	40	0	43	0.00	0.00	63.92	7.32	0.00	0.00	2000
230	11.00	2062	2129	0.00	212	0	0	0	nan	0.00	0.00	7.44	82.90	89.00	0.00	41	0	43	0.00	0.00	63.94	7.61	0.00	0.00	2000
231	11.30	2044	2097	0.00	196	0	0	0	nan	0.00	0.00	7.87	80.84	88.70	0.00	41	0	43	0.00	0.00	64.75	7.45	0.00	0.00	2000
231	11.17	2068	2102	0.00	200	0	0	0	nan	0.00	0.00	8.67	80.28	88.83	0.00	41	0	43	0.00	0.00	65.20	7.68	0.00	0.00	2000
231	11.04	2106	2084	0.00	197	0	0	0	nan	0.04	0.00	8.72	79.51	88.96	0.00	41	0	43	0.00	0.00	64.95	7.54	0.00	0.00	2000
232	11.04	2090	2108	0.00	209	0	0	0	nan	0.00	0.00	8.76	80.66	88.96	0.00	41	0	43	0.00	0.00	64.23	7.58	0.00	0.00	2000
230	11.08	2083	2093	0.00	198	0	0	0	nan	0.05	0.00	8.14	80.57	88.92	0.00	41	0	43	0.00	0.00	64.77	7.45	0.00	0.00	2000
232	10.97	2085	2127	0.00	197	0	0	0	nan	0.00	2.12	5.05	83.16	89.03	0.00	41	0	43	0.00	0.00	64.72	7.55	0.00	0.00	2000
229	11.07	2082	2085	0.00	202	0	0	0	nan	0.00	0.04	5.21	83.09	88.93	0.00	41	0	43	0.00	0.00	65.71	7.58	0.00	0.00	2000
230	11.01	2091	2095	0.00	184	0	0	0	nan	0.00	0.44	7.67	80.79	88.99	0.00	41	0	43	0.00	0.00	64.13	7.44	0.00	0.00	2000
230	11.16	2051	2108	0.00	211	0	0	0	95.20	0.04	0.00	9.73	79.55	88.84	0.00	40	0	43	0.00	0.00	65.47	7.56	0.00	0.00	2000
229	11.28	2032	2099	1.08	179	0	0	3	72.64	0.00	0.02	7.61	81.21	88.72	0.00	41	0	43	0.00	0.00	63.97	7.50	0.00	0.00	2000
233	11.19	2094	2087	0.01	215	1	0	0	nan	0.00	0.00	7.08	81.24	88.81	0.00	41	0	43	0.00	0.00	65.16	7.45	0.00	0.00	2000
230	11.20	2037	2114	0.00	198	0	0	0	nan	0.00	0.00	8.96	80.62	88.80	0.00	41	0	43	0.00	0.00	64.62	7.61	0.00	0.00	2000
228	11.14	2052	2097	0.00	198	0	0	0	nan	0.00	0.00	7.65	81.17	88.86	0.00	41	0	43	0.00	0.00	64.95	7.50	0.00	0.00	2000
228	11.09	2048	2108	0.00	194	0	0	0	nan	0.00	0.00	8.28	81.08	88.91	0.00	41	0	43	0.00	0.00	64.68	7.43	0.00	0.00	2000
231	11.21	2075	2084	0.00	198	0	0	0	nan	0.04	0.00	7.83	80.26	88.79	0.00	41	0	43	0.00	0.00	65.28	7.59	0.00	0.00	2000
230	10.93	2091	2111	0.00	197	0	0	0	nan	0.00	0.00	7.07	82.54	89.07	0.00	41	0	43	0.00	0.00	65.25	7.55	0.00	0.00	2000
230	11.15	2081	2086	0.00	199	0	0	0	nan	0.00	0.00	7.85	80.45	88.85	0.00	40	0	43	0.00	0.00	64.48	7.51	0.00	0.00	2000
230	10.99	2083	2110	0.00	196	0	0	0	nan	0.00	0.00	9.21	80.27	89.01	0.00	41	0	43	0.00	0.00	64.86	7.60	0.00	0.00	2000
228	11.08	2054	2105	0.00	195	0	0	0	nan	0.00	0.00	7.81	81.46	88.92	0.00	41	0	43	0.00	0.00	64.61	7.51	0.00	0.00	2000
230	10.84	2110	2116	0.00	198	0	0	0	nan	0.04	0.55	5.40	83.91	89.16	0.00	41	0	43	0.00	0.00	65.47	7.50	0.00	0.00	2000
234	11.38	2072	2082	0.00	198	0	0	0	nan	0.01	0.03	3.75	84.23	88.62	0.00	41	0	43	0.00	0.00	64.68	7.46	0.00	0.00	2000
232	11.23	2055	2108	0.00	198	0	0	0	nan	0.02	0.00	6.70	82.53	88.77	0.00	40	0	43	0.00	0.00	64.58	7.57	0.00	0.00	2000
228	10.91	2100	2094	0.00	199	0	0	0	nan	0.00	0.00	8.11	80.69	89.09	0.00	41	0	43	0.00	0.00	64.67	7.31	0.00	0.00	2000
229	11.08	2072	2099	0.00	195	0	0	0	nan	0.00	0.03	8.33	80.56	88.92	0.00	41	0	43	0.00	0.00	64.30	7.36	0.00	0.00	2000
227	10.94	2081	2097	0.00	197	0	0	0	nan	0.00	0.00	6.91	82.08	89.06	0.00	41	0	43	0.00	0.00	64.35	7.45	0.00	0.00	2000
228	11.21	2019	2119	0.00	194	0	0	0	nan	0.00	0.00	8.30	81.45	88.79	0.00	41	0	43	0.00	0.00	64.52	7.65	0.00	0.00	2000
231	11.47	2022	2094	0.57	180	0	0	2	88.11	0.00	0.00	7.26	81.18	88.53	0.00	40	0	43	0.00	0.00	64.74	7.63	0.00	0.00	2000
229	11.49	2004	2087	0.23	202	0	0	0	nan	0.00	0.02	6.77	81.40	88.51	0.00	41	0	43	0.00	0.00	63.30	7.17	0.00	0.00	2000
228	11.10	2055	2105	0.00	216	0	0	0	nan	0.00	0.00	9.10	80.01	88.90	0.00	40	0	43	0.00	0.00	64.91	7.42	0.00	0.00	2000
229	11.05	2077	2093	0.00	195	0	0	0	nan	0.00	0.00	8.43	80.26	88.95	0.00	40	0	43	0.00	0.00	64.51	7.29	0.00	0.00	2000
229	11.13	2041	2120	0.00	197	0	0	0	nan	0.00	0.00	7.87	81.97	88.87	0.00	40	0	43	0.00	0.00	65.58	7.64	0.00	0.00	2000
233	11.42	2050	2094	0.00	197	0	0	0	nan	0.00	0.00	6.91	81.48	88.58	0.00	40	0	43	0.00	0.00	64.84	7.61	0.00	0.00	2000
228	11.13	2061	2083	0.00	184	0	0	0	nan	0.00	0.02	6.27	81.92	88.87	0.00	41	0	43	0.00	0.00	64.07	7.19	0.00	0.00	2000
229	11.13	2036	2125	0.00	213	0	0	0	nan	0.00	0.09	5.41	84.55	88.87	0.00	40	0	43	0.00	0.00	65.80	7.89	0.00	0.00	2000
228	11.27	2033	2089	0.00	181	0	0	0	nan	0.00	0.08	4.01	84.38	88.73	0.00	41	0	43	0.00	0.00	61.87	7.20	0.00	0.00	2000
228	11.23	2059	2075	0.00	200	0	0	0	nan	0.00	0.01	4.94	82.89	88.77	0.00	41	0	43	0.00	0.00	63.37	7.39	0.00	0.00	2000
230	11.21	2043	2110	0.00	212	0	0	0	nan	0.00	0.00	7.73	81.67	88.79	0.00	40	0	43	0.00	0.00	66.95	7.96	0.00	0.00	2000
230	11.02	2059	2133	0.00	197	0	0	0	nan	0.00	0.03	10.60	79.90	88.98	0.00	40	0	43	0.00	0.00	66.17	7.85	0.00	0.00	2000
228	11.42	2038	2054	0.00	182	0	0	0	nan	0.00	0.02	7.58	79.23	88.58	0.00	41	0	43	0.00	0.00	60.81	7.18	0.00	0.00	2000
230	11.08	2038	2144	0.00	212	0	0	0	nan	0.00	0.00	8.52	82.46	88.92	0.00	40	0	43	0.00	0.00	67.75	8.03	0.00	0.00	2000
230	11.02	2084	2100	0.00	181	0	0	0	nan	0.00	0.00	5.56	83.50	88.98	0.00	40	0	43	0.00	0.00	63.21	7.63	0.00	0.00	2000
229	11.05	2077	2098	0.00	196	0	0	0	nan	0.00	0.03	7.09	81.89	88.95	0.00	40	0	43	0.00	0.00	64.81	7.50	0.00	0.00	2000
235	11.22	2084	2107	0.00	198	0	0	0	nan	0.06	0.02	8.19	80.84	88.78	0.00	40	0	43	0.00	0.00	63.34	7.55	0.00	0.00	2000
230	11.35	2082	2041	0.40	198	0	0	13	57.62	0.00	0.00	7.55	78.80	88.65	0.00	40	0	43	0.00	0.00	64.42	7.58	0.00	0.00	2000
232	11.19	2020	2157	0.35	212	0	0	0	90.40	0.00	0.00	7.96	83.36	88.81	0.00	40	0	43	0.00	0.00	67.88	8.21	0.00	0.00	2000
230	11.23	2047	2103	0.00	195	0	0	0	nan	0.00	0.00	6.33	82.64	88.77	0.00	41	0	43	0.00	0.00	60.15	7.00	0.00	0.00	2000
229	10.98	2092	2096	0.00	180	0	0	0	nan	0.00	0.01	6.65	82.31	89.02	0.00	41	0	43	0.00	0.00	66.09	7.73	0.00	0.00	2000
233	11.14	2091	2100	0.00	195	0	0	0	nan	0.00	0.05	6.82	82.13	88.86	0.00	41	0	43	0.00	0.00	65.75	7.50	0.00	0.00	2000
231	10.81	2128	2105	0.00	204	0	0	0	nan	0.00	0.08	3.08	86.30	89.19	0.00	41	0	43	0.00	0.00	65.87	7.64	0.00	0.00	2000
229	11.01	2090	2094	0.00	197	0	0	0	nan	0.00	0.00	4.51	84.26	88.99	0.00	40	0	43	0.00	0.00	64.85	7.64	0.00	0.00	2000
232	11.17	2080	2094	0.00	197	0	0	0	nan	0.00	0.97	5.83	82.02	88.83	0.00	41	0	43	0.00	0.00	65.62	7.71	0.00	0.00	2000
230	10.82	2132	2091	0.00	197	0	0	0	nan	0.00	0.94	7.97	79.93	89.18	0.00	41	0	43	0.00	0.00	63.72	7.91	0.00	0.00	2000
230	11.04	2086	2100	0.00	199	0	0	0	nan	0.00	0.00	7.78	81.21	88.96	0.00	41	0	43	0.00	0.00	64.96	7.74	0.00	0.00	2000
230	11.17	2053	2105	0.00	198	0	0	0	nan	0.00	0.00	8.28	80.89	88.83	0.00	41	0	42	0.00	0.00	65.16	7.62	0.00	0.00	2000
229	11.00	2070	2111	0.00	180	0	0	0	nan	0.02	0.00	9.35	80.28	89.00	0.00	41	0	43	0.00	0.00	62.94	7.39	0.00	0.00	2000
228	11.38	2001	2103	0.00	196	0	0	0	nan	0.00	0.03	7.79	81.14	88.62	0.00	41	0	43	0.00	0.00	65.19	7.64	0.00	0.00	2000
231	11.19	2064	2097	0.00	199	0	0	0	nan	0.00	0.02	8.59	80.19	88.81	0.00	41	0	43	0.00	0.00	65.55	7.59	0.00	0.00	2000
229	11.33	2035	2089	0.00	200	0	0	0	nan	0.04	0.00	6.96	81.45	88.67	0.00	41	0	43	0.00	0.00	63.98	7.54	0.00	0.00	2000
230	11.01	2085	2107	0.00	197	0	0	0	nan	0.01	0.71	6.79	81.88	88.99	0.00	41	0	43	0.00	0.00	65.08	7.64	0.00	0.00	2000
228	11.34	2057	2051	0.00	201	0	0	0	nan	0.00	0.01	4.95	81.81	88.66	0.00	41	0	43	0.00	0.00	64.24	8.05	0.00	0.00	2000
230	11.14	2028	2138	0.17	213	0	0	4	39.51	0.00	0.00	8.74	81.78	88.86	0.00	41	0	43	0.00	0.00	65.82	7.85	0.00	0.00	2000
230	11.15	2051	2110	1.28	196	0	0	3	58.75	0.00	0.00	8.02	81.36	88.85	0.00	42	0	43	0.00	0.00	64.46	7.66	0.00	0.00	2000
229	10.62	2145	2111	0.00	197	0	0	0	nan	0.00	2.71	4.23	83.05	89.38	0.00	41	0	42	0.00	0.00	63.92	7.45	0.00	0.00	2000
230	10.91	2119	2089	0.00	179	0	0	0	nan	0.00	0.03	3.64	85.02	89.09	0.00	42	0	43	0.00	0.00	65.81	7.71	0.00	0.00	2000
230	10.79	2124	2104	0.00	202	0	0	0	nan	0.00	0.04	5.96	83.38	89.21	0.00	41	0	43	0.00	0.00	65.50	7.70	0.00	0.00	2000
230	10.50	2179	2109	0.00	196	0	0	0	nan	0.00	1.05	4.04	84.83	89.50	0.00	42	0	43	0.00	0.00	66.35	7.76	0.00	0.00	2000
227	11.06	2125	2027	0.00	197	0	0	0	nan	0.02	1.33	6.77	77.90	88.94	0.00	41	0	43	0.00	0.00	58.98	7.60	0.00	0.00	2000
230	10.92	2039	2169	0.00	210	0	0	0	nan	0.01	0.00	6.87	85.21	89.08	0.00	42	0	43	0.00	0.00	70.47	8.20	0.00	0.00	2000
231	11.22	2054	2108	0.00	198	0	0	0	nan	0.00	0.00	8.60	80.56	88.78	0.00	41	0	43	0.00	0.00	62.68	7.40	0.00	0.00	2000
231	10.61	2185	2095	0.00	182	0	0	0	nan	0.00	2.42	9.32	77.56	89.39	0.00	42	0	43	0.00	0.00	67.54	7.69	0.00	0.00	2000
228	11.08	2059	2099	0.00	200	0	0	0	nan	0.00	0.00	7.32	81.73	88.92	0.00	41	0	43	0.00	0.00	66.02	7.71	0.00	0.00	2000
228	11.22	2065	2064	0.00	194	0	0	0	nan	0.00	0.00	5.76	81.62	88.78	0.00	41	0	43	0.00	0.00	62.16	7.35	0.00	0.00	2000
229	10.96	2063	2130	0.00	196	0	0	0	nan	0.00	0.00	6.78	83.57	89.04	0.00	42	0	43	0.00	0.00	66.15	7.58	0.00	0.00	2000
230	11.24	2069	2082	0.00	195	0	0	0	nan	0.00	0.02	7.54	80.58	88.76	0.00	41	0	43	0.00	0.00	66.35	7.93	0.00	0.00	2000
230	11.28	2010	2128	0.00	216	0	0	0	nan	0.00	0.00	8.36	81.70	88.72	0.00	42	0	43	0.00	0.00	62.58	7.54	0.00	0.00	2000
229	11.11	2074	2086	0.00	195	0	0	0	nan	0.00	0.00	8.46	79.85	88.89	0.00	41	0	43	0.00	0.00	64.60	7.48	0.00	0.00	2000
228	10.94	2078	2108	0.00	195	0	0	0	nan	0.00	0.07	5.23	84.25	89.06	0.00	41	0	43	0.00	0.00	65.56	7.56	0.00	0.00	2000
231	11.11	2075	2104	0.00	181	0	0	2	48.05	0.00	0.00	7.72	81.39	88.89	0.00	41	0	43	0.00	0.00	65.91	7.60	0.00	0.00	2000
229	10.99	2085	2100	1.44	198	0	0	5	50.06	0.00	0.02	6.52	82.62	89.01	0.00	41	0	43	0.00	0.00	65.59	7.64	0.00	0.00	2000
232	10.95	2120	2098	0.00	199	0	0	0	nan	0.00	0.27	5.35	83.41	89.05	0.00	42	0	43	0.00	0.00	66.01	7.69	0.00	0.00	2000
230	11.10	2072	2102	0.00	196	0	0	0	nan	0.02	1.50	5.92	81.77	88.90	0.00	41	0	43	0.00	0.00	60.45	7.22	0.00	0.00	2000
232	11.15	2089	2094	0.00	195	0	0	0	nan	0.00	0.00	10.05	78.68	88.85	0.00	38	0	43	0.00	0.00	65.30	7.45	0.00	0.00	2000
229	11.00	2088	2095	0.00	180	0	0	0	nan	0.00	0.00	6.54	82.29	89.00	0.00	37	0	43	0.00	0.00	64.70	7.70	0.00	0.00	2000
228	11.45	2075	2011	0.00	210	0	0	0	nan	0.00	0.00	6.01	78.97	88.55	0.00	38	0	43	0.00	0.00	59.41	7.09	0.00	0.00	2000
237	11.04	2045	2205	0.00	214	0	0	0	nan	0.00	0.00	6.84	86.72	88.96	0.00	37	0	43	0.00	0.00	70.15	8.52	0.00	0.00	2000
232	11.18	2076	2101	0.00	195	0	0	0	nan	0.00	0.00	8.41	80.56	88.82	0.00	38	0	43	0.00	0.00	64.48	7.66	0.00	0.00	2000
224	11.65	2116	1910	0.00	196	0	0	0	nan	0.00	0.00	6.53	73.91	88.35	0.00	38	0	43	0.00	0.00	55.88	6.51	0.00	0.00	2000
237	10.52	2039	2320	0.00	228	0	0	0	nan	0.00	0.00	6.66	92.24	89.48	0.00	39	0	43	0.00	0.00	74.82	8.91	0.00	0.00	2000
235	11.30	2105	2073	0.00	181	0	0	0	nan	0.00	0.02	7.01	80.59	88.70	0.00	40	0	43	0.00	0.00	64.53	7.59	0.00	0.00	2000
235	11.24	2066	2123	0.00	216	0	0	0	nan	0.00	0.07	10.49	79.42	88.76	0.00	40	0	43	0.00	0.00	64.48	7.76	0.00	0.00	2000
226	11.39	2072	2008	0.00	181	0	0	0	nan	0.00	0.06	4.81	80.00	88.61	0.00	38	0	43	0.00	0.00	61.42	7.36	0.00	0.00	2000
235	10.81	2081	2198	0.00	232	0	0	0	nan	0.01	0.01	4.15	89.29	89.19	0.00	39	0	43	0.00	0.00	67.01	8.02	0.00	0.00	2000
230	11.23	2124	2029	0.00	195	0	0	0	nan	0.00	0.00	6.94	78.95	88.77	0.00	39	0	43	0.00	0.00	62.71	7.26	0.00	0.00	2000
234	11.19	2083	2104	0.00	217	0	0	0	nan	0.00	0.02	6.97	82.07	88.81	0.00	39	0	43	0.00	0.00	64.98	7.56	0.00	0.00	2000
236	11.17	2035	2181	0.22	212	0	0	17	57.30	0.04	0.00	8.67	83.70	88.83	0.00	38	0	43	0.00	0.00	66.99	8.09	0.00	0.00	2000
233	11.43	2049	2093	0.59	196	0	0	7	64.76	0.00	0.00	6.64	81.73	88.57	0.00	37	0	43	0.00	0.00	65.00	7.67	0.00	0.00	2000
233	11.30	2061	2098	0.00	195	0	0	0	nan	0.00	0.00	8.45	80.28	88.70	0.00	38	0	43	0.00	0.00	63.91	7.74	0.00	0.00	2000
235	11.29	2079	2105	0.00	201	0	0	0	nan	0.00	0.00	8.58	80.46	88.71	0.00	37	0	43	0.00	0.00	65.04	7.73	0.00	0.00	2000
232	11.19	2084	2086	0.00	198	0	0	0	nan	0.04	0.03	8.90	79.39	88.81	0.00	38	0	43	0.00	0.00	63.63	7.60	0.00	0.00	2000
222	10.98	2032	2087	0.00	213	0	0	0	nan	0.00	0.03	4.98	83.60	89.02	0.00	39	0	43	0.00	0.00	61.74	7.14	0.00	0.00	2000
222	10.86	2033	2109	0.00	195	0	0	0	nan	0.00	0.00	6.26	83.43	89.14	0.00	40	0	43	0.00	0.00	66.67	7.82	0.00	0.00	2000
224	10.88	2035	2125	0.00	198	0	0	0	nan	0.00	0.03	8.13	82.16	89.12	0.00	40	0	43	0.00	0.00	67.22	7.93	0.00	0.00	2000
221	10.77	2098	2052	0.00	197	0	0	0	nan	0.00	0.52	8.37	78.40	89.23	0.00	40	0	43	0.00	0.00	59.12	6.88	0.00	0.00	2000
228	10.87	2073	2130	0.00	196	0	0	0	nan	0.01	0.00	5.88	84.61	89.13	0.00	40	0	43	0.00	0.00	67.48	8.33	0.00	0.00	2000
221	10.80	2072	2072	0.00	197	0	0	0	nan	0.00	0.06	2.66	85.44	89.20	0.00	40	0	43	0.00	0.00	61.42	6.79	0.00	0.00	2000
223	10.54	2076	2144	0.00	198	0	0	0	nan	0.00	0.03	5.20	86.21	89.46	0.00	40	0	43	0.00	0.00	67.07	7.85	0.00	0.00	2000
224	10.94	2090	2054	0.00	196	0	0	0	nan	0.00	0.00	6.83	80.33	89.06	0.00	41	0	43	0.00	0.00	61.64	7.03	0.00	0.00	2000
223	10.54	2082	2133	0.00	200	0	0	0	nan	0.00	0.01	6.57	84.43	89.46	0.00	41	0	43	0.00	0.00	65.42	7.52	0.00	0.00	2000
225	10.76	2122	2067	0.00	195	0	0	0	nan	0.02	1.95	6.63	79.40	89.24	0.00	40	0	43	0.00	0.00	64.08	7.57	0.00	0.00	2000
227	10.77	2089	2116	0.00	225	0	0	0	nan	0.01	0.00	12.41	77.57	89.23	0.00	40	0	43	0.00	0.00	64.68	7.84	0.00	0.00	2000
222	10.67	2086	2097	0.00	200	0	0	0	nan	0.00	0.01	5.31	83.97	89.33	0.00	41	0	43	0.00	0.00	64.81	7.49	0.00	0.00	2000
221	10.80	2052	2099	0.13	197	0	0	4	89.17	0.00	0.02	6.15	83.09	89.20	0.00	40	0	43	0.00	0.00	65.65	7.64	0.00	0.00	2000
214	11.51	2034	1920	0.50	203	0	0	2	92.23	0.00	0.01	5.51	75.54	88.49	0.00	39	0	43	0.00	0.00	57.89	7.48	0.00	0.00	2000
238	10.69	2000	2338	0.00	230	0	0	0	nan	0.00	0.00	8.15	91.47	89.31	0.00	38	0	43	0.00	0.00	77.74	10.59	0.00	0.00	2000
230	11.28	2040	2096	0.00	197	0	0	0	nan	0.00	0.00	7.95	80.77	88.72	0.00	37	0	43	0.00	0.00	61.60	7.58	0.00	0.00	2000
235	11.40	2055	2106	0.00	197	0	0	0	nan	0.00	0.00	7.12	81.79	88.60	0.00	37	0	43	0.00	0.00	67.34	7.91	0.00	0.00	2000
210	10.35	2015	2113	0.00	211	0	0	0	nan	0.00	0.00	6.65	83.69	89.65	0.00	39	0	43	0.00	0.00	65.57	7.67	0.00	0.00	2000
104	8.44	1246	2080	0.00	221	0	0	0	nan	0.00	0.06	9.66	81.08	91.56	0.00	37	0	43	0.00	0.00	55.90	7.07	0.00	0.00	2000
155	9.80	1598	2085	0.00	49	0	0	0	nan	0.00	0.00	22.47	67.00	90.20	0.00	38	0	43	0.00	0.00	57.01	6.94	0.00	0.00	2000
