Avg_MHz	Busy%	Bzy_MHz	TSC_MHz	IPC	IRQ	NMI	SMI	LLCMRPS	LLC%hit	POLL%	C1%	C1E%	C6%	CPU%c1	CPU%c6	CoreTmp	CoreThr	PkgTmp	Pkg%pc2	Pkg%pc6	PkgWatt	RAMWatt	PKG_%	RAM_%	UncMHz
85	6.93	1194	2153	0.00	312	0	0	0	nan	0.00	0.02	19.29	76.08	93.07	0.00	37	0	43	0.00	0.00	61.55	7.75	0.00	0.00	2000
431	20.16	2130	2107	0.00	198	0	0	0	nan	0.00	1.01	15.12	64.17	79.84	0.00	38	0	42	0.00	0.00	69.05	7.94	0.00	0.00	2000
331	16.15	2046	2102	0.00	234	0	0	0	nan	0.07	0.45	26.07	57.47	83.85	0.00	37	0	42	0.00	0.00	64.59	7.92	0.00	0.00	2000
77	6.72	1128	2124	0.00	211	0	0	0	nan	0.00	0.00	4.32	90.08	93.28	0.00	37	0	42	0.00	0.00	58.36	7.43	0.00	0.00	2000
73	6.54	1112	2110	0.00	193	0	0	0	nan	0.00	0.00	3.24	90.55	93.46	0.00	37	0	42	0.00	0.00	57.76	7.39	0.00	0.00	2000
71	6.50	1106	2066	0.00	194	0	0	0	nan	0.00	0.01	2.91	89.09	93.50	0.00	37	0	42	0.00	0.00	57.19	7.30	0.00	0.00	2000
76	6.47	1149	2136	0.00	193	0	0	0	nan	0.00	0.00	1.90	93.13	93.53	0.00	37	0	42	0.00	0.00	59.86	7.75	0.00	0.00	2000
73	6.14	1194	2087	0.00	194	0	0	0	nan	0.00	0.00	3.30	89.87	93.86	0.00	37	0	42	0.00	0.00	60.12	7.31	0.00	0.00	2000
74	6.35	1162	2093	0.00	193	0	0	0	nan	0.00	0.00	3.72	89.45	93.65	0.00	37	0	43	0.00	0.00	56.07	7.36	0.00	0.00	2000
72	6.61	1091	2107	0.00	193	0	0	0	nan	0.00	0.00	4.45	89.23	93.39	0.00	37	0	42	0.00	0.00	60.90	7.74	0.00	0.00	2000
73	6.36	1158	2094	0.00	194	0	0	0	nan	0.00	0.00	3.53	89.75	93.64	0.00	37	0	43	0.00	0.00	55.74	7.28	0.00	0.00	2000
72	6.44	1123	2105	0.00	194	0	0	0	nan	0.00	0.00	3.86	89.78	93.56	0.00	37	0	42	0.00	0.00	58.26	7.56	0.00	0.00	2000
73	6.49	1132	2098	0.00	193	0	0	0	nan	0.00	0.00	3.70	89.69	93.51	0.00	37	0	42	0.00	0.00	58.82	7.59	0.00	0.00	2000
72	6.59	1087	2110	0.00	193	0	0	0	nan	0.00	0.00	3.15	90.70	93.41	0.00	37	0	42	0.00	0.00	58.47	7.57	0.00	0.00	2000
73	6.60	1110	2090	0.00	177	0	0	0	nan	0.00	0.00	3.01	90.01	93.40	0.00	37	0	42	0.00	0.00	58.34	7.49	0.00	0.00	2000
71	6.71	1078	2075	0.00	196	0	0	0	96.67	0.00	0.02	2.81	89.40	93.29	0.00	37	0	42	0.00	0.00	57.54	7.32	0.00	0.00	2000
71	6.93	1029	2103	0.30	212	0	0	1	83.94	0.00	0.00	5.07	88.16	93.07	0.00	37	0	43	0.00	0.00	58.23	7.33	0.00	0.00	2000
75	6.54	1122	2135	0.11	193	0	0	0	nan	0.01	0.01	1.99	92.94	93.46	0.00	37	0	42	0.00	0.00	57.62	7.45	0.00	0.00	2000
113	8.09	1468	1995	0.00	196	0	0	0	nan	0.00	0.00	4.45	82.91	91.91	0.00	37	0	42	0.00	0.00	54.01	6.81	0.00	0.00	2000
235	10.47	2115	2230	0.00	259	0	0	0	nan	0.00	0.87	7.85	86.31	89.53	0.00	37	0	42	0.00	0.00	75.21	8.10	0.00	0.00	2000
233	10.95	2121	2105	0.00	195	0	0	0	nan	0.00	0.01	4.27	84.93	89.05	0.00	37	0	42	0.00	0.00	65.24	7.77	0.00	0.00	2000
230	11.22	2057	2096	0.00	197	0	0	0	nan	0.00	0.00	4.60	84.16	88.78	0.00	38	0	43	0.00	0.00	64.32	7.42	0.00	0.00	2000
229	11.48	2065	2032	0.00	202	0	0	0	nan	0.00	0.02	4.62	81.02	88.52	0.00	38	0	42	0.00	0.00	61.88	7.23	0.00	0.00	2000
235	10.85	2096	2175	0.00	216	0	0	0	nan	0.00	0.00	4.99	87.44	89.15	0.00	38	0	42	0.00	0.00	67.77	8.19	0.00	0.00	2000
232	11.12	2079	2104	0.00	196	0	0	0	nan	0.00	0.00	4.35	84.73	88.88	0.00	38	0	42	0.00	0.00	65.72	7.93	0.00	0.00	2000
231	10.88	2131	2090	0.00	198	0	0	0	nan	0.00	0.06	4.42	84.30	89.12	0.00	37	0	42	0.00	0.00	66.43	7.82	0.00	0.00	2000
232	11.17	2075	2101	0.00	198	0	0	0	nan	0.00	0.00	6.59	82.32	88.83	0.00	38	0	42	0.00	0.00	66.87	7.90	0.00	0.00	2000
232	11.41	2031	2098	0.00	202	0	0	0	nan	0.00	0.00	7.02	81.55	88.59	0.00	38	0	43	0.00	0.00	64.99	7.49	0.00	0.00	2000
231	11.22	2064	2091	0.00	197	0	0	0	nan	0.00	0.00	6.57	81.93	88.78	0.00	38	0	42	0.00	0.00	64.84	7.55	0.00	0.00	2000
229	11.14	2053	2106	0.00	194	0	0	0	nan	0.00	0.00	6.98	82.25	88.86	0.00	39	0	43	0.00	0.00	65.30	7.54	0.00	0.00	2000
230	11.00	2095	2100	0.00	198	0	0	0	nan	0.00	0.00	6.56	82.55	89.01	0.00	39	0	42	0.00	0.00	64.80	7.34	0.00	0.00	2000
228	11.19	2038	2102	0.00	198	0	0	0	nan	0.00	0.00	6.53	82.47	88.81	0.00	39	0	42	0.00	0.00	64.85	7.61	0.00	0.00	2000
232	11.20	2066	2102	0.00	203	0	0	6	81.48	0.00	0.00	5.89	83.04	88.80	0.00	39	0	42	0.00	0.00	64.89	7.59	0.00	0.00	2000
229	10.90	2117	2088	0.64	199	0	0	12	81.58	0.00	0.01	5.52	83.16	89.10	0.00	39	0	42	0.00	0.00	66.29	7.64	0.00	0.00	2000
233	11.02	2105	2106	0.00	197	0	0	0	nan	0.00	0.03	5.00	84.15	88.98	0.00	39	0	43	0.00	0.00	64.92	7.48	0.00	0.00	2000
229	10.80	2142	2078	0.00	199	0	0	0	nan	0.00	0.03	4.83	83.45	89.20	0.00	39	0	43	0.00	0.00	61.78	6.88	0.00	0.00	2000
232	11.15	2055	2122	0.00	200	0	0	0	nan	0.00	0.50	7.34	82.09	88.85	0.00	39	0	42	0.00	0.00	68.60	7.95	0.00	0.00	2000
230	11.21	2036	2112	0.00	203	0	0	0	nan	0.00	0.00	5.55	83.79	88.79	0.00	39	0	42	0.00	0.00	65.66	7.76	0.00	0.00	2000
231	11.29	2159	1988	0.00	206	0	0	0	nan	0.00	0.01	4.11	79.93	88.71	0.00	39	0	43	0.00	0.00	59.92	6.87	0.00	0.00	2000
268	11.85	2139	2219	0.00	256	0	0	0	nan	0.00	0.03	7.68	85.49	88.15	0.00	37	0	42	0.00	0.00	71.34	8.28	0.00	0.00	2000
136	9.06	1508	2092	0.00	232	0	0	0	nan	0.00	0.00	13.85	76.92	90.94	0.00	37	0	42	0.00	0.00	62.51	7.82	0.00	0.00	2000
78	6.84	1147	2087	0.00	192	0	0	0	nan	0.00	0.02	2.38	90.20	93.16	0.00	37	0	42	0.00	0.00	56.79	7.26	0.00	0.00	2000
74	7.04	1048	2095	0.00	209	0	0	0	nan	0.00	0.00	3.64	89.17	92.96	0.00	37	0	43	0.00	0.00	57.90	7.38	0.00	0.00	2000
74	7.02	1048	2125	0.00	193	0	0	0	nan	0.00	0.00	4.56	89.47	92.98	0.00	37	0	43	0.00	0.00	60.30	7.67	0.00	0.00	2000
