Avg_MHz	Busy%	Bzy_MHz	TSC_MHz	IPC	IRQ	NMI	SMI	LLCMRPS	LLC%hit	POLL%	C1%	C1E%	C6%	CPU%c1	CPU%c6	CoreTmp	CoreThr	PkgTmp	Pkg%pc2	Pkg%pc6	PkgWatt	RAMWatt	PKG_%	RAM_%	UncMHz
178	11.61	1521	2114	0.00	224	0	0	0	nan	0.00	0.02	28.92	60.06	88.39	0.00	37	0	42	0.00	0.00	62.75	7.68	0.00	0.00	2000
393	19.05	2043	2119	0.00	214	0	0	0	nan	0.00	1.15	7.62	73.13	80.95	0.00	39	0	42	0.00	0.00	69.26	7.89	0.00	0.00	2000
235	13.93	1671	2115	0.00	221	0	0	0	nan	0.00	0.40	16.28	70.10	86.07	0.00	37	0	42	0.00	0.00	62.60	7.29	0.00	0.00	2000
76	6.67	1131	2108	0.00	194	0	0	0	nan	0.00	0.02	2.91	90.84	93.33	0.00	37	0	42	0.00	0.00	60.18	7.62	0.00	0.00	2000
73	6.78	1085	2095	0.00	193	0	0	0	nan	0.00	0.00	3.63	89.54	93.22	0.00	37	0	42	0.00	0.00	57.78	7.33	0.00	0.00	2000
74	6.76	1088	2099	0.00	196	0	0	0	nan	0.00	0.01	4.51	88.68	93.24	0.00	37	0	42	0.00	0.00	59.15	7.41	0.00	0.00	2000
73	6.56	1111	2091	0.00	194	0	0	0	nan	0.00	0.00	3.22	89.80	93.44	0.00	37	0	42	0.00	0.00	59.04	7.42	0.00	0.00	2000
73	6.76	1073	2115	0.00	194	0	0	0	nan	0.00	0.00	3.88	90.17	93.24	0.00	37	0	42	0.00	0.00	58.18	7.41	0.00	0.00	2000
73	6.83	1066	2099	0.00	193	0	0	0	nan	0.00	0.02	3.35	89.91	93.17	0.00	37	0	42	0.00	0.00	58.09	7.34	0.00	0.00	2000
73	6.86	1059	2106	0.00	193	0	0	0	nan	0.00	0.01	3.25	90.24	93.14	0.00	37	0	43	0.00	0.00	58.45	7.34	0.00	0.00	2000
73	6.47	1129	2097	0.00	194	0	0	0	nan	0.00	0.00	3.29	90.18	93.53	0.00	37	0	42	0.00	0.00	59.09	7.54	0.00	0.00	2000
72	6.55	1099	2097	0.00	195	0	0	0	nan	0.00	0.00	3.28	90.17	93.45	0.00	37	0	42	0.00	0.00	58.38	7.42	0.00	0.00	2000
71	6.62	1095	2066	0.00	193	0	0	0	nan	0.00	0.00	3.32	88.71	93.38	0.00	37	0	42	0.00	0.00	56.44	7.19	0.00	0.00	2000
73	6.43	1116	2134	0.00	192	0	0	0	nan	0.00	0.01	2.01	92.98	93.57	0.00	37	0	42	0.00	0.00	59.44	7.47	0.00	0.00	2000
71	7.02	1024	2072	0.00	193	0	0	0	nan	0.00	0.00	2.75	89.12	92.98	0.00	37	0	43	0.00	0.00	56.16	7.17	0.00	0.00	2000
71	6.64	1074	2094	0.00	194	0	0	0	94.61	0.00	0.00	3.66	89.47	93.36	0.00	37	0	42	0.00	0.00	60.46	7.66	0.00	0.00	2000
73	6.82	1058	2113	0.29	209	0	0	1	86.30	0.00	0.00	4.08	89.71	93.18	0.00	37	0	42	0.00	0.00	58.82	7.68	0.00	0.00	2000
71	6.78	1047	2110	0.00	193	0	0	0	nan	0.00	0.00	2.01	91.77	93.22	0.00	37	0	42	0.00	0.00	56.72	7.13	0.00	0.00	2000
106	8.19	1419	1915	0.00	194	0	0	0	nan	0.00	0.01	3.24	80.53	91.81	0.00	37	0	43	0.00	0.00	52.41	6.63	0.00	0.00	2000
244	10.62	2066	2331	0.00	251	0	0	0	nan	0.00	0.43	8.77	90.16	89.38	0.00	38	0	42	0.00	0.00	74.37	8.53	0.00	0.00	2000
233	11.09	2103	2098	0.00	199	0	0	0	nan	0.00	0.00	6.36	82.51	88.91	0.00	39	0	42	0.00	0.00	65.29	7.42	0.00	0.00	2000
233	11.07	2088	2113	0.00	197	0	0	0	nan	0.00	0.00	5.22	84.21	88.93	0.00	38	0	42	0.00	0.00	66.49	7.58	0.00	0.00	2000
226	10.88	2103	2071	0.00	198	0	0	0	nan	0.00	0.00	5.61	82.42	89.12	0.00	38	0	43	0.00	0.00	57.74	6.78	0.00	0.00	2000
231	10.90	2112	2108	0.00	234	0	0	0	nan	0.00	0.02	5.61	83.99	89.10	0.00	39	0	42	0.00	0.00	74.51	8.63	0.00	0.00	2000
236	10.98	2137	2111	0.00	197	0	0	0	nan	0.00	0.05	3.12	86.35	89.02	0.00	39	0	42	0.00	0.00	66.31	7.62	0.00	0.00	2000
235	10.88	2151	2108	0.00	201	0	0	0	nan	0.00	0.00	5.60	83.89	89.12	0.00	37	0	42	0.00	0.00	67.39	7.79	0.00	0.00	2000
233	11.12	2109	2085	0.00	199	0	0	0	nan	0.00	0.06	5.53	82.78	88.88	0.00	37	0	42	0.00	0.00	64.72	7.72	0.00	0.00	2000
229	11.05	2091	2083	0.00	201	0	0	0	nan	0.00	0.00	3.21	85.05	88.95	0.00	38	0	42	0.00	0.00	64.49	7.36	0.00	0.00	2000
234	10.85	2111	2141	0.00	215	0	0	0	nan	0.00	0.54	5.65	84.81	89.15	0.00	38	0	42	0.00	0.00	69.45	7.91	0.00	0.00	2000
230	11.09	2075	2098	0.00	196	0	0	0	nan	0.00	0.00	5.12	83.70	88.91	0.00	38	0	42	0.00	0.00	62.72	7.20	0.00	0.00	2000
230	11.14	2060	2107	0.00	197	0	0	0	nan	0.00	0.00	5.23	84.02	88.86	0.00	38	0	43	0.00	0.00	68.61	7.73	0.00	0.00	2000
231	10.95	2121	2091	0.00	204	0	0	0	nan	0.00	0.00	6.17	82.60	89.05	0.00	39	0	43	0.00	0.00	61.89	6.95	0.00	0.00	2000
229	11.03	2078	2101	0.08	196	0	0	10	87.68	0.00	0.00	6.28	82.88	88.97	0.00	39	0	42	0.00	0.00	66.05	7.36	0.00	0.00	2000
229	11.04	2073	2102	0.56	198	0	0	10	78.44	0.00	0.00	5.75	83.33	88.96	0.00	38	0	42	0.00	0.00	65.45	7.44	0.00	0.00	2000
228	10.98	2103	2071	0.00	198	0	0	0	nan	0.00	0.00	4.93	82.88	89.02	0.00	39	0	43	0.00	0.00	66.76	7.11	0.00	0.00	2000
232	11.03	2097	2105	0.00	198	0	0	0	nan	0.00	0.02	4.71	84.41	88.97	0.00	39	0	42	0.00	0.00	64.30	7.62	0.00	0.00	2000
237	11.24	2101	2111	0.00	203	0	0	0	nan	0.00	0.07	5.19	84.04	88.76	0.00	38	0	43	0.00	0.00	64.74	7.61	0.00	0.00	2000
228	10.74	2123	2097	0.00	212	0	0	0	nan	0.00	0.02	5.28	83.93	89.26	0.00	39	0	42	0.00	0.00	64.53	7.25	0.00	0.00	2000
242	11.35	2128	2103	0.00	201	0	0	0	nan	0.00	0.00	5.30	83.54	88.65	0.00	38	0	42	0.00	0.00	66.97	7.53	0.00	0.00	2000
225	10.92	2053	2106	0.00	214	0	0	0	nan	0.00	0.00	6.23	83.16	89.08	0.00	38	0	42	0.00	0.00	66.85	7.94	0.00	0.00	2000
236	11.34	2079	2098	0.00	199	0	0	0	nan	0.00	0.00	6.82	81.74	88.66	0.00	38	0	42	0.00	0.00	64.82	7.78	0.00	0.00	2000
233	11.08	2102	2097	0.00	200	0	0	0	nan	0.01	0.00	5.50	83.29	88.92	0.00	38	0	42	0.00	0.00	66.32	7.78	0.00	0.00	2000
232	11.03	2103	2104	0.00	197	0	0	0	nan	0.00	0.00	7.84	81.25	88.97	0.00	38	0	43	0.00	0.00	65.03	7.86	0.00	0.00	2000
232	11.34	2041	2103	0.00	195	0	0	0	nan	0.00	0.00	6.62	82.26	88.66	0.00	39	0	42	0.00	0.00	65.06	7.78	0.00	0.00	2000
232	11.10	2097	2095	0.00	199	0	0	0	nan	0.00	0.00	6.81	81.91	88.90	0.00	39	0	43	0.00	0.00	65.15	7.72	0.00	0.00	2000
237	11.14	2123	2107	0.00	201	0	0	0	nan	0.00	0.00	7.81	81.31	88.86	0.00	39	0	42	0.00	0.00	65.81	7.74	0.00	0.00	2000
235	11.30	2073	2106	0.00	201	0	0	0	nan	0.00	0.03	6.29	82.62	88.70	0.00	39	0	42	0.00	0.00	62.99	7.62	0.00	0.00	2000
228	11.10	2089	2065	0.00	196	0	0	0	nan	0.00	0.50	5.80	81.15	88.90	0.00	39	0	43	0.00	0.00	66.54	7.78	0.00	0.00	2000
231	10.75	2117	2133	0.00	197	0	0	0	nan	0.00	0.00	8.79	81.78	89.25	0.00	40	0	42	0.00	0.00	65.27	7.45	0.00	0.00	2000
227	11.25	2017	2096	0.01	196	0	0	3	89.95	0.01	0.00	6.20	82.49	88.75	0.00	40	0	43	0.00	0.00	64.69	7.38	0.00	0.00	2000
234	11.02	2118	2106	0.70	199	0	0	5	65.05	0.00	1.02	5.98	82.26	88.98	0.00	39	0	43	0.00	0.00	65.47	7.75	0.00	0.00	2000
256	12.45	2067	2091	0.00	203	0	0	0	nan	0.00	0.02	6.74	80.36	87.55	0.00	39	0	42	0.00	0.00	65.55	7.59	0.00	0.00	2000
227	11.13	2087	2054	0.00	198	0	0	0	nan	0.00	0.00	6.20	80.77	88.87	0.00	39	0	42	0.00	0.00	61.79	7.01	0.00	0.00	2000
228	10.60	2136	2118	0.00	197	0	0	0	nan	0.00	0.00	4.60	85.54	89.40	0.00	40	0	43	0.00	0.00	66.74	7.97	0.00	0.00	2000
231	10.93	2088	2121	0.00	213	0	0	0	nan	0.00	0.00	6.46	83.56	89.07	0.00	39	0	42	0.00	0.00	64.76	7.53	0.00	0.00	2000
229	10.96	2081	2111	0.00	200	0	0	0	nan	0.00	0.00	8.53	80.98	89.04	0.00	40	0	43	0.00	0.00	62.35	7.51	0.00	0.00	2000
232	10.91	2142	2089	0.00	201	0	0	0	nan	0.00	0.00	7.37	81.25	89.09	0.00	40	0	42	0.00	0.00	67.48	7.49	0.00	0.00	2000
229	11.02	2072	2109	0.00	200	0	0	0	nan	0.00	0.00	7.30	82.15	88.98	0.00	39	0	43	0.00	0.00	64.74	7.40	0.00	0.00	2000
230	10.71	2143	2103	0.00	197	0	0	0	nan	0.00	0.04	4.59	84.71	89.29	0.00	39	0	42	0.00	0.00	64.75	7.51	0.00	0.00	2000
229	10.76	2127	2097	0.00	200	0	0	0	nan	0.00	0.00	6.28	82.82	89.24	0.00	40	0	42	0.00	0.00	64.81	7.36	0.00	0.00	2000
231	11.23	2050	2103	0.00	198	0	0	0	nan	0.00	0.44	7.35	81.17	88.77	0.00	39	0	42	0.00	0.00	65.20	7.35	0.00	0.00	2000
230	10.90	2123	2090	0.00	203	0	0	0	nan	0.00	0.02	6.76	81.90	89.10	0.00	40	0	43	0.00	0.00	64.83	7.41	0.00	0.00	2000
231	11.24	2040	2113	0.00	195	0	0	0	nan	0.00	0.00	6.59	82.87	88.76	0.00	40	0	43	0.00	0.00	65.26	7.68	0.00	0.00	2000
231	10.71	2154	2104	0.00	196	0	0	0	nan	0.00	0.00	6.81	82.74	89.29	0.00	40	0	42	0.00	0.00	66.28	7.56	0.00	0.00	2000
226	11.10	2077	2058	0.00	198	0	0	0	nan	0.00	0.04	5.56	81.63	88.90	0.00	40	0	42	0.00	0.00	63.06	7.27	0.00	0.00	2000
233	10.97	2096	2132	0.00	201	0	0	0	nan	0.00	0.00	6.11	84.31	89.03	0.00	40	0	42	0.00	0.00	65.80	7.49	0.00	0.00	2000
233	10.95	2121	2110	0.00	204	0	0	6	80.49	0.00	0.00	6.27	83.18	89.05	0.00	40	0	43	0.00	0.00	65.43	7.42	0.00	0.00	2000
230	10.61	2191	2079	0.70	196	0	0	10	87.87	0.00	0.00	6.87	81.43	89.40	0.00	40	0	42	0.00	0.00	65.40	7.50	0.00	0.00	2000
233	10.81	2135	2118	0.00	196	0	0	0	nan	0.00	0.03	6.04	83.89	89.19	0.00	40	0	42	0.00	0.00	64.90	7.37	0.00	0.00	2000
229	10.89	2104	2098	0.00	197	0	0	0	nan	0.00	0.00	6.20	82.86	89.11	0.00	40	0	42	0.00	0.00	65.01	7.51	0.00	0.00	2000
229	10.84	2109	2106	0.00	196	0	0	0	nan	0.00	0.00	5.57	83.81	89.16	0.00	40	0	42	0.00	0.00	65.43	7.47	0.00	0.00	2000
230	11.23	2055	2095	0.00	198	0	0	0	nan	0.00	0.54	5.18	82.87	88.77	0.00	40	0	42	0.00	0.00	64.80	7.30	0.00	0.00	2000
231	10.79	2141	2101	0.00	202	0	0	0	nan	0.00	2.54	8.11	78.71	89.21	0.00	40	0	42	0.00	0.00	65.19	7.57	0.00	0.00	2000
224	10.89	2102	2054	0.00	198	0	0	0	nan	0.00	0.00	6.56	80.69	89.11	0.00	40	0	42	0.00	0.00	63.56	7.25	0.00	0.00	2000
232	11.10	2086	2104	0.00	197	0	0	0	nan	0.00	0.43	5.86	82.87	88.90	0.00	40	0	42	0.00	0.00	63.20	7.27	0.00	0.00	2000
230	10.77	2087	2146	0.00	212	0	0	0	nan	0.00	0.00	7.02	84.23	89.23	0.00	40	0	43	0.00	0.00	68.27	7.70	0.00	0.00	2000
232	11.04	2103	2100	0.00	201	0	0	0	nan	0.00	0.00	6.47	82.57	88.96	0.00	40	0	42	0.00	0.00	65.10	7.39	0.00	0.00	2000
227	11.19	2027	2100	0.00	197	0	0	0	nan	0.00	0.00	7.93	81.04	88.81	0.00	40	0	43	0.00	0.00	64.43	7.51	0.00	0.00	2000
230	10.86	2117	2099	0.00	198	0	0	0	nan	0.00	0.00	7.27	81.97	89.14	0.00	40	0	42	0.00	0.00	65.22	7.44	0.00	0.00	2000
229	10.77	2146	2082	0.00	198	0	0	0	nan	0.00	0.00	6.35	82.07	89.23	0.00	40	0	42	0.00	0.00	64.95	7.35	0.00	0.00	2000
228	10.85	2080	2116	0.00	196	0	0	0	nan	0.00	0.00	6.21	83.69	89.15	0.00	40	0	42	0.00	0.00	64.60	7.32	0.00	0.00	2000
225	11.17	2092	2020	0.00	197	0	0	0	nan	0.00	0.02	5.51	80.02	88.83	0.00	40	0	42	0.00	0.00	61.64	7.07	0.00	0.00	2000
232	10.93	2080	2141	0.00	216	0	0	0	nan	0.00	0.00	4.63	86.26	89.07	0.00	40	0	42	0.00	0.00	67.40	7.64	0.00	0.00	2000
231	10.85	2117	2110	0.01	199	0	0	17	38.23	0.00	0.05	3.88	85.65	89.15	0.00	40	0	42	0.00	0.00	64.12	7.50	0.00	0.00	2000
230	11.00	2069	2123	1.05	214	0	0	8	64.09	0.00	0.00	7.88	82.21	89.00	0.00	40	0	42	0.00	0.00	68.33	7.90	0.00	0.00	2000
231	10.97	2104	2105	0.00	199	0	0	0	nan	0.00	0.00	8.09	81.27	89.03	0.00	39	0	42	0.00	0.00	65.15	7.24	0.00	0.00	2000
223	11.19	2070	2017	0.00	204	0	0	0	nan	0.00	1.30	7.22	76.87	88.81	0.00	40	0	42	0.00	0.00	60.80	6.96	0.00	0.00	2000
237	10.82	2080	2209	0.00	211	0	0	0	nan	0.01	0.00	5.24	88.66	89.18	0.00	40	0	43	0.00	0.00	69.95	7.95	0.00	0.00	2000
230	11.13	2071	2092	0.00	198	0	0	0	nan	0.00	0.00	6.44	82.14	88.87	0.00	40	0	42	0.00	0.00	64.98	7.39	0.00	0.00	2000
227	11.18	2030	2097	0.00	197	0	0	0	nan	0.00	0.00	6.77	81.99	88.82	0.00	40	0	42	0.00	0.00	64.48	7.33	0.00	0.00	2000
231	11.16	2073	2092	0.00	197	0	0	0	nan	0.00	0.00	5.81	82.82	88.84	0.00	40	0	42	0.00	0.00	64.64	7.22	0.00	0.00	2000
227	11.43	2029	2054	0.00	204	0	0	0	nan	0.00	0.00	4.58	82.11	88.57	0.00	40	0	42	0.00	0.00	62.71	7.27	0.00	0.00	2000
224	11.01	2055	2074	0.00	214	0	0	0	nan	0.00	0.00	4.62	83.29	88.99	0.00	40	0	42	0.00	0.00	64.12	7.28	0.00	0.00	2000
232	10.80	2070	2182	0.00	215	0	0	0	nan	0.00	0.03	4.34	88.34	89.20	0.00	40	0	43	0.00	0.00	68.53	7.87	0.00	0.00	2000
231	11.30	2092	2054	0.00	197	0	0	0	nan	0.00	0.01	4.73	82.05	88.70	0.00	40	0	42	0.00	0.00	63.69	7.37	0.00	0.00	2000
232	10.74	2107	2149	0.00	216	0	0	0	nan	0.00	0.54	5.86	85.06	89.26	0.00	40	0	42	0.00	0.00	64.98	7.43	0.00	0.00	2000
230	10.77	2131	2102	0.00	197	0	0	0	nan	0.00	0.00	7.75	81.60	89.23	0.00	39	0	43	0.00	0.00	67.30	7.69	0.00	0.00	2000
228	11.24	2023	2106	0.00	197	0	0	0	nan	0.00	0.00	7.08	82.10	88.76	0.00	40	0	42	0.00	0.00	64.76	7.35	0.00	0.00	2000
229	11.07	2077	2089	0.00	200	0	0	0	nan	0.00	0.00	6.42	82.16	88.93	0.00	40	0	43	0.00	0.00	64.98	7.42	0.00	0.00	2000
231	11.32	2029	2109	0.00	199	0	0	0	nan	0.00	0.00	6.97	82.21	88.68	0.00	40	0	42	0.00	0.00	64.91	7.40	0.00	0.00	2000
228	10.99	2074	2103	0.24	195	0	0	3	92.05	0.00	0.00	6.99	82.14	89.01	0.00	40	0	42	0.00	0.00	65.13	7.34	0.00	0.00	2000
230	11.19	2053	2100	0.53	199	0	0	3	95.24	0.00	0.01	7.09	81.81	88.81	0.00	40	0	43	0.00	0.00	65.07	7.34	0.00	0.00	2000
237	11.04	2137	2106	0.00	199	0	0	0	nan	0.00	0.00	6.83	82.41	88.96	0.00	40	0	42	0.00	0.00	65.60	7.48	0.00	0.00	2000
229	11.19	2062	2085	0.00	198	0	0	0	nan	0.00	0.00	6.10	82.18	88.81	0.00	40	0	42	0.00	0.00	64.38	7.66	0.00	0.00	2000
234	10.90	2134	2112	0.00	197	0	0	0	nan	0.00	0.00	6.95	82.71	89.10	0.00	39	0	42	0.00	0.00	65.50	7.27	0.00	0.00	2000
229	11.08	2073	2098	0.00	201	0	0	0	nan	0.00	0.56	6.72	81.66	88.92	0.00	40	0	43	0.00	0.00	65.20	7.45	0.00	0.00	2000
230	10.89	2115	2101	0.00	204	0	0	0	nan	0.00	0.02	6.17	83.01	89.11	0.00	40	0	42	0.00	0.00	66.65	8.13	0.00	0.00	2000
228	11.29	2022	2098	0.00	197	0	0	0	nan	0.00	0.97	5.83	81.95	88.71	0.00	40	0	43	0.00	0.00	64.41	7.62	0.00	0.00	2000
229	11.29	2028	2100	0.00	197	0	0	0	nan	0.00	0.00	6.08	82.72	88.71	0.00	41	0	43	0.00	0.00	64.34	7.52	0.00	0.00	2000
231	10.85	2138	2093	0.00	198	0	0	0	nan	0.00	0.00	7.02	81.90	89.15	0.00	41	0	43	0.00	0.00	62.22	7.56	0.00	0.00	2000
229	10.84	2122	2094	0.00	202	0	0	0	nan	0.00	0.00	7.15	81.80	89.16	0.00	41	0	43	0.00	0.00	65.71	7.08	0.00	0.00	2000
230	10.92	2102	2107	0.00	196	0	0	0	nan	0.00	0.00	7.97	81.46	89.08	0.00	41	0	42	0.00	0.00	64.83	7.57	0.00	0.00	2000
230	10.96	2095	2108	0.00	198	0	0	0	nan	0.00	0.00	6.27	83.18	89.04	0.00	41	0	42	0.00	0.00	68.44	7.79	0.00	0.00	2000
227	10.58	2163	2085	0.00	198	0	0	0	nan	0.00	0.00	5.78	82.88	89.42	0.00	40	0	43	0.00	0.00	62.46	7.09	0.00	0.00	2000
239	11.27	2114	2106	0.00	215	0	0	0	nan	0.00	0.00	10.41	78.60	88.73	0.00	40	0	42	0.00	0.00	68.87	8.17	0.00	0.00	2000
229	11.02	2096	2086	0.00	201	0	0	0	nan	0.00	0.00	5.69	82.76	88.98	0.00	41	0	43	0.00	0.00	59.90	7.45	0.00	0.00	2000
230	10.53	2157	2126	0.00	200	0	0	0	nan	0.00	0.00	7.26	83.19	89.47	0.00	41	0	43	0.00	0.00	70.37	7.52	0.00	0.00	2000
229	10.70	2140	2097	0.01	198	0	0	3	44.50	0.00	0.02	4.77	84.43	89.30	0.00	41	0	42	0.00	0.00	65.51	7.58	0.00	0.00	2000
225	11.23	2049	2049	1.42	201	0	0	4	52.74	0.00	0.00	5.99	80.68	88.77	0.00	41	0	43	0.00	0.00	62.00	7.14	0.00	0.00	2000
235	11.08	2105	2116	0.00	197	0	0	0	nan	0.00	0.02	1.75	87.89	88.92	0.00	41	0	43	0.00	0.00	64.69	7.33	0.00	0.00	2000
232	10.59	2148	2137	0.00	216	0	0	0	nan	0.00	1.03	5.35	84.67	89.41	0.00	41	0	43	0.00	0.00	66.00	7.58	0.00	0.00	2000
229	10.56	2174	2097	0.00	198	0	0	0	nan	0.00	0.00	7.60	81.68	89.44	0.00	40	0	43	0.00	0.00	66.33	8.10	0.00	0.00	2000
230	10.80	2132	2101	0.00	198	0	0	0	nan	0.00	0.01	5.90	83.38	89.20	0.00	40	0	43	0.00	0.00	65.25	7.70	0.00	0.00	2000
225	10.96	2088	2064	0.00	181	0	0	0	nan	0.00	0.01	5.26	82.29	89.04	0.00	41	0	42	0.00	0.00	64.76	7.45	0.00	0.00	2000
236	10.99	2115	2131	0.00	214	0	0	0	nan	0.00	0.02	4.23	86.01	89.01	0.00	41	0	43	0.00	0.00	63.79	7.32	0.00	0.00	2000
224	11.02	2059	2072	0.00	200	0	0	0	nan	0.00	0.00	6.09	81.78	88.98	0.00	41	0	43	0.00	0.00	64.31	7.56	0.00	0.00	2000
236	10.91	2125	2137	0.00	210	0	0	0	nan	0.00	0.00	7.33	83.27	89.09	0.00	41	0	42	0.00	0.00	65.43	7.52	0.00	0.00	2000
228	10.89	2097	2096	0.00	196	0	0	0	nan	0.00	0.06	5.55	83.40	89.11	0.00	41	0	42	0.00	0.00	64.86	7.64	0.00	0.00	2000
232	10.79	2154	2096	0.00	199	0	0	0	nan	0.00	0.01	6.05	82.97	89.21	0.00	40	0	42	0.00	0.00	68.88	8.15	0.00	0.00	2000
229	10.76	2121	2107	0.00	198	0	0	0	nan	0.00	0.02	6.09	83.47	89.24	0.00	41	0	43	0.00	0.00	63.35	7.74	0.00	0.00	2000
238	11.60	2069	2088	0.00	203	0	0	0	nan	0.00	0.01	6.49	81.37	88.40	0.00	41	0	43	0.00	0.00	64.38	7.46	0.00	0.00	2000
228	11.22	2022	2108	0.00	196	0	0	0	nan	0.00	0.95	5.97	82.32	88.78	0.00	41	0	43	0.00	0.00	67.07	7.80	0.00	0.00	2000
230	11.01	2082	2105	0.00	195	0	0	0	nan	0.00	0.00	6.57	82.77	88.99	0.00	40	0	43	0.00	0.00	63.29	7.23	0.00	0.00	2000
228	11.03	2071	2093	0.00	197	0	0	0	nan	0.00	0.00	6.23	82.53	88.97	0.00	41	0	43	0.00	0.00	64.89	7.37	0.00	0.00	2000
229	10.72	2130	2103	0.00	196	0	0	3	46.31	0.00	0.01	5.57	83.75	89.28	0.00	41	0	43	0.00	0.00	64.94	7.44	0.00	0.00	2000
225	11.03	2060	2083	0.59	208	0	0	5	60.31	0.00	0.00	5.59	82.60	88.97	0.00	39	0	42	0.00	0.00	67.06	7.65	0.00	0.00	2000
228	11.02	2066	2100	0.00	267	0	0	0	nan	0.00	0.00	3.88	85.17	88.98	0.00	41	0	43	0.00	0.00	64.88	7.36	0.00	0.00	2000
229	11.00	2082	2100	0.00	205	0	0	0	nan	0.00	0.00	4.06	84.99	89.00	0.00	41	0	43	0.00	0.00	65.59	7.70	0.00	0.00	2000
233	11.30	2028	2132	0.00	232	0	0	0	nan	0.00	0.00	5.03	85.09	88.70	0.00	41	0	43	0.00	0.00	66.54	7.58	0.00	0.00	2000
223	10.78	2102	2065	0.00	203	0	0	0	nan	0.00	0.00	3.47	84.30	89.22	0.00	42	0	42	0.00	0.00	62.73	7.07	0.00	0.00	2000
225	11.79	2041	1966	0.00	221	0	0	0	nan	0.00	0.00	4.52	78.15	88.21	0.00	41	0	43	0.00	0.00	57.48	6.66	0.00	0.00	2000
231	10.96	2017	2191	0.00	230	0	0	0	nan	0.00	0.00	6.15	86.83	89.04	0.00	40	0	43	0.00	0.00	68.07	7.80	0.00	0.00	2000
227	11.05	2056	2097	0.00	216	0	0	0	nan	0.00	0.00	6.13	82.86	88.95	0.00	40	0	42	0.00	0.00	64.56	7.33	0.00	0.00	2000
233	10.70	2092	2187	0.00	211	0	0	0	nan	0.00	0.00	5.68	87.52	89.30	0.00	40	0	42	0.00	0.00	68.54	7.86	0.00	0.00	2000
232	11.22	2058	2110	0.00	197	0	0	0	nan	0.00	0.00	6.34	82.97	88.78	0.00	40	0	43	0.00	0.00	65.50	7.47	0.00	0.00	2000
229	11.54	1989	2094	0.00	196	0	0	0	nan	0.00	0.00	6.34	81.97	88.46	0.00	40	0	43	0.00	0.00	64.37	7.33	0.00	0.00	2000
228	11.31	2076	2036	0.00	205	0	0	0	nan	0.00	0.00	6.08	79.96	88.69	0.00	40	0	42	0.00	0.00	62.11	7.23	0.00	0.00	2000
223	10.49	2073	2154	0.00	211	0	0	0	nan	0.00	0.00	6.75	85.19	89.51	0.00	39	0	43	0.00	0.00	67.57	7.62	0.00	0.00	2000
231	11.13	2052	2129	0.00	205	0	0	0	nan	0.00	0.00	4.11	86.11	88.87	0.00	40	0	43	0.00	0.00	68.46	7.93	0.00	0.00	2000
226	10.94	2069	2092	0.00	202	0	0	0	nan	0.00	0.01	3.33	85.55	89.06	0.00	41	0	43	0.00	0.00	64.44	7.42	0.00	0.00	2000
233	11.17	2073	2110	0.00	212	0	0	1	86.47	0.00	0.00	3.82	85.57	88.83	0.00	42	0	43	0.00	0.00	62.80	7.17	0.00	0.00	2000
228	11.32	2085	2027	1.24	195	0	0	5	93.09	0.00	0.00	4.70	80.94	88.68	0.00	39	0	43	0.00	0.00	59.85	7.00	0.00	0.00	2000
232	10.93	2059	2167	0.00	213	0	0	0	nan	0.01	0.00	5.12	86.95	89.07	0.00	39	0	43	0.00	0.00	67.36	7.63	0.00	0.00	2000
224	11.33	2021	2057	0.00	198	0	0	0	nan	0.01	0.49	4.11	82.35	88.67	0.00	39	0	42	0.00	0.00	64.30	7.49	0.00	0.00	2000
232	11.19	2041	2133	0.00	221	0	0	0	nan	0.00	0.00	6.92	83.41	88.81	0.00	40	0	43	0.00	0.00	67.04	7.67	0.00	0.00	2000
231	11.16	2059	2107	0.00	200	0	0	0	nan	0.00	0.00	7.56	81.68	88.84	0.00	39	0	43	0.00	0.00	64.84	7.45	0.00	0.00	2000
224	11.25	2029	2061	0.00	197	0	0	0	nan	0.00	0.00	6.37	80.82	88.75	0.00	40	0	43	0.00	0.00	64.03	7.40	0.00	0.00	2000
230	10.90	2077	2133	0.00	199	0	0	0	nan	0.00	0.03	3.31	87.34	89.10	0.00	39	0	43	0.00	0.00	63.67	7.80	0.00	0.00	2000
229	11.37	2055	2055	0.00	196	0	0	0	nan	0.00	0.00	3.54	83.14	88.63	0.00	39	0	42	0.00	0.00	65.49	9.14	0.00	0.00	2000
236	10.88	2110	2157	0.00	216	0	0	0	nan	0.00	0.00	6.09	85.59	89.12	0.00	39	0	43	0.00	0.00	69.11	8.49	0.00	0.00	2000
230	11.10	2081	2094	0.00	200	0	0	0	nan	0.00	0.00	6.16	82.57	88.90	0.00	39	0	42	0.00	0.00	64.98	7.67	0.00	0.00	2000
190	9.85	1920	2108	0.00	228	0	0	0	nan	0.00	0.00	10.42	80.03	90.15	0.00	38	0	43	0.00	0.00	60.57	7.48	0.00	0.00	2000
82	6.94	1180	2109	0.00	193	0	0	0	nan	0.00	0.02	4.63	88.84	93.06	0.00	38	0	43	0.00	0.00	62.17	7.59	0.00	0.00	2000
139	8.97	1564	2075	0.00	49	0	0	0	nan	0.00	0.00	13.12	76.47	91.03	0.00	38	0	42	0.00	0.00	60.53	7.12	0.00	0.00	2000
