Avg_MHz	Busy%	Bzy_MHz	TSC_MHz	IPC	IRQ	NMI	SMI	LLCMRPS	LLC%hit	POLL%	C1%	C1E%	C6%	CPU%c1	CPU%c6	CoreTmp	CoreThr	PkgTmp	Pkg%pc2	Pkg%pc6	PkgWatt	RAMWatt	PKG_%	RAM_%	UncMHz
220	13.38	1731	1995	0.00	227	0	0	0	nan	0.00	0.00	22.66	59.58	86.62	0.00	37	0	43	0.00	0.00	56.55	6.96	0.00	0.00	2000
388	16.63	2193	2236	0.00	243	0	0	0	nan	0.06	1.53	19.90	67.71	83.37	0.00	38	0	42	0.00	0.00	75.40	8.38	0.00	0.00	2000
79	6.72	1155	2132	0.00	195	0	0	0	nan	0.00	0.01	9.47	85.21	93.28	0.00	37	0	42	0.00	0.00	59.12	7.66	0.00	0.00	2000
72	6.95	1039	2102	0.00	193	0	0	0	nan	0.00	0.01	2.80	90.48	93.05	0.00	37	0	42	0.00	0.00	57.15	7.39	0.00	0.00	2000
73	6.70	1083	2109	0.00	210	0	0	0	nan	0.01	0.00	2.65	91.09	93.30	0.00	37	0	42	0.00	0.00	58.23	7.44	0.00	0.00	2000
70	6.56	1078	2070	0.00	194	0	0	0	nan	0.00	0.02	2.94	89.18	93.44	0.00	37	0	42	0.00	0.00	58.93	7.73	0.00	0.00	2000
74	6.83	1081	2104	0.00	195	0	0	0	nan	0.00	0.00	2.40	90.94	93.17	0.00	37	0	42	0.00	0.00	57.99	7.49	0.00	0.00	2000
73	6.52	1104	2115	0.00	193	0	0	0	nan	0.00	0.03	3.41	90.68	93.48	0.00	37	0	42	0.00	0.00	59.58	7.55	0.00	0.00	2000
73	6.27	1159	2107	0.00	193	0	0	0	nan	0.01	0.00	3.14	90.83	93.73	0.00	37	0	43	0.00	0.00	58.61	7.69	0.00	0.00	2000
72	6.49	1112	2083	0.00	194	0	0	0	nan	0.00	0.00	2.64	90.08	93.51	0.00	37	0	42	0.00	0.00	58.12	7.52	0.00	0.00	2000
73	6.55	1111	2118	0.00	209	0	0	0	nan	0.00	0.00	2.58	91.68	93.45	0.00	37	0	42	0.00	0.00	57.26	7.68	0.00	0.00	2000
72	6.49	1105	2100	0.00	193	0	0	0	nan	0.00	0.03	3.28	90.20	93.51	0.00	37	0	43	0.00	0.00	58.58	7.55	0.00	0.00	2000
73	6.44	1139	2101	0.00	195	0	0	0	nan	0.00	0.00	3.88	89.68	93.56	0.00	37	0	42	0.00	0.00	58.27	7.51	0.00	0.00	2000
71	6.63	1086	2081	0.00	177	0	0	0	nan	0.00	0.00	4.00	88.58	93.37	0.00	37	0	43	0.00	0.00	58.33	7.62	0.00	0.00	2000
73	6.86	1045	2124	0.00	210	0	0	0	nan	0.00	0.00	4.39	89.89	93.14	0.00	37	0	42	0.00	0.00	59.49	7.73	0.00	0.00	2000
72	6.51	1112	2078	0.00	193	0	0	1	86.81	0.00	0.00	3.35	89.11	93.49	0.00	37	0	42	0.00	0.00	56.19	7.12	0.00	0.00	2000
74	6.58	1118	2123	0.08	193	0	0	1	88.56	0.00	0.00	4.12	90.44	93.42	0.00	37	0	42	0.00	0.00	59.14	7.71	0.00	0.00	2000
74	7.01	1066	2071	0.00	210	0	0	0	nan	0.00	0.00	6.36	85.48	92.99	0.00	37	0	42	0.00	0.00	57.57	7.51	0.00	0.00	2000
158	9.21	1706	2114	0.00	213	0	0	0	nan	0.02	0.00	4.88	86.60	90.79	0.00	38	0	42	0.00	0.00	64.76	7.94	0.00	0.00	2000
230	10.61	2168	2098	0.00	202	0	0	0	nan	0.00	0.00	3.61	85.66	89.39	0.00	39	0	42	0.00	0.00	66.16	7.74	0.00	0.00	2000
235	11.11	2095	2116	0.00	204	0	0	0	nan	0.00	0.03	3.38	86.24	88.89	0.00	40	0	42	0.00	0.00	65.96	7.60	0.00	0.00	2000
230	10.88	2134	2077	0.00	217	0	0	0	nan	0.00	0.01	3.57	84.64	89.12	0.00	40	0	42	0.00	0.00	60.39	6.94	0.00	0.00	2000
238	11.25	2097	2119	0.00	195	0	0	0	nan	0.00	0.97	3.58	85.03	88.75	0.00	38	0	42	0.00	0.00	70.77	8.12	0.00	0.00	2000
231	11.07	2088	2104	0.00	198	0	0	0	nan	0.00	0.98	6.05	82.22	88.93	0.00	37	0	42	0.00	0.00	66.50	7.94	0.00	0.00	2000
229	11.15	2068	2087	0.00	196	0	0	0	nan	0.00	0.00	5.44	82.92	88.85	0.00	37	0	42	0.00	0.00	63.97	7.23	0.00	0.00	2000
228	11.06	2080	2079	0.00	195	0	0	0	nan	0.00	0.02	4.97	83.19	88.94	0.00	37	0	42	0.00	0.00	63.34	7.74	0.00	0.00	2000
240	11.51	2047	2138	0.00	204	0	0	0	nan	0.00	0.00	4.67	85.38	88.49	0.00	37	0	43	0.00	0.00	71.88	8.36	0.00	0.00	2000
230	11.06	2088	2088	0.00	199	0	0	0	nan	0.00	0.01	6.15	82.32	88.94	0.00	38	0	42	0.00	0.00	62.91	7.22	0.00	0.00	2000
227	10.93	2087	2093	0.00	196	0	0	0	nan	0.00	0.00	5.78	83.10	89.07	0.00	38	0	43	0.00	0.00	63.27	7.33	0.00	0.00	2000
237	11.21	2110	2104	0.00	201	0	0	0	nan	0.00	0.00	6.14	82.92	88.79	0.00	38	0	42	0.00	0.00	66.23	7.79	0.00	0.00	2000
226	11.00	2088	2066	0.00	198	0	0	0	nan	0.00	0.01	5.01	82.62	89.00	0.00	38	0	42	0.00	0.00	65.84	7.36	0.00	0.00	2000
237	11.04	2118	2127	0.00	203	0	0	0	nan	0.00	0.59	3.63	85.92	88.96	0.00	39	0	42	0.00	0.00	66.80	7.67	0.00	0.00	2000
225	10.95	2081	2076	0.00	214	0	0	3	93.60	0.00	0.95	3.81	83.38	89.05	0.00	38	0	42	0.00	0.00	63.38	7.29	0.00	0.00	2000
233	11.15	2058	2128	0.60	197	0	0	14	82.57	0.00	0.00	7.01	83.14	88.85	0.00	39	0	42	0.00	0.00	65.58	7.53	0.00	0.00	2000
231	10.98	2097	2105	0.00	197	0	0	0	nan	0.01	0.00	4.42	84.89	89.02	0.00	39	0	42	0.00	0.00	65.78	7.51	0.00	0.00	2000
226	11.14	2057	2072	0.00	199	0	0	0	nan	0.00	0.01	6.04	81.72	88.86	0.00	38	0	42	0.00	0.00	65.84	7.66	0.00	0.00	2000
236	10.94	2138	2121	0.00	201	0	0	0	nan	0.00	0.01	6.61	83.35	89.06	0.00	38	0	42	0.00	0.00	65.63	7.65	0.00	0.00	2000
232	11.53	2035	2074	0.00	198	1	0	0	nan	0.00	0.02	5.11	82.36	88.47	0.00	37	0	42	0.00	0.00	62.34	7.31	0.00	0.00	2000
229	10.80	2091	2133	0.00	213	0	0	0	nan	0.00	0.00	4.71	86.01	89.20	0.00	38	0	42	0.00	0.00	67.86	7.82	0.00	0.00	2000
238	11.62	2042	2106	0.00	202	0	0	0	nan	0.00	0.00	6.87	81.90	88.38	0.00	38	0	42	0.00	0.00	66.65	7.60	0.00	0.00	2000
231	11.10	2075	2104	0.00	197	0	0	0	nan	0.00	0.00	5.14	83.99	88.90	0.00	39	0	42	0.00	0.00	65.97	7.70	0.00	0.00	2000
230	11.41	2045	2068	0.00	205	0	0	0	nan	0.00	0.00	7.03	80.36	88.59	0.00	39	0	42	0.00	0.00	61.61	7.36	0.00	0.00	2000
231	11.13	2053	2127	0.00	199	0	0	0	nan	0.00	0.00	5.92	84.17	88.87	0.00	39	0	42	0.00	0.00	69.43	7.78	0.00	0.00	2000
231	11.07	2084	2105	0.00	198	0	0	0	nan	0.00	0.00	3.38	85.83	88.93	0.00	39	0	42	0.00	0.00	65.54	7.73	0.00	0.00	2000
232	11.06	2132	2062	0.00	195	0	0	0	nan	0.00	0.07	2.46	84.77	88.94	0.00	38	0	42	0.00	0.00	61.41	7.30	0.00	0.00	2000
233	10.96	2100	2130	0.00	212	0	0	0	nan	0.01	0.01	3.48	86.91	89.04	0.00	38	0	42	0.00	0.00	68.76	7.92	0.00	0.00	2000
230	11.08	2067	2104	0.00	201	0	0	0	nan	0.00	0.00	7.01	82.19	88.92	0.00	38	0	42	0.00	0.00	65.35	7.59	0.00	0.00	2000
227	11.25	2039	2074	0.00	197	0	0	0	nan	0.00	0.00	5.98	81.71	88.75	0.00	38	0	42	0.00	0.00	64.03	7.53	0.00	0.00	2000
246	12.31	2070	2029	0.00	196	0	0	0	nan	0.00	0.00	3.74	81.07	87.69	0.00	38	0	42	0.00	0.00	58.40	7.03	0.00	0.00	2000
244	11.61	2017	2186	0.07	254	0	0	3	63.21	0.01	0.03	4.98	87.23	88.39	0.00	38	0	42	0.00	0.00	73.08	8.64	0.00	0.00	2000
393	17.17	2288	2102	0.39	210	0	0	6	77.73	0.00	0.02	5.14	77.88	82.83	0.00	39	0	42	0.00	0.00	70.44	7.95	0.00	0.00	2000
505	21.04	2404	2096	0.00	233	0	0	0	nan	0.00	0.00	4.15	74.77	78.96	0.00	38	0	42	0.00	0.00	75.18	7.77	0.00	0.00	2000
148	8.97	1647	2105	0.00	239	0	0	0	nan	0.00	0.03	5.55	85.84	91.03	0.00	37	0	42	0.00	0.00	59.34	7.32	0.00	0.00	2000
112	7.81	1413	2123	0.00	227	0	0	0	nan	0.00	0.01	8.71	84.45	92.19	0.00	37	0	42	0.00	0.00	59.82	7.50	0.00	0.00	2000
102	8.11	1264	2084	0.00	201	0	0	0	nan	0.00	0.00	4.34	86.92	91.89	0.00	37	0	42	0.00	0.00	60.79	7.58	0.00	0.00	2000
80	7.29	1086	2133	0.00	161	0	0	0	nan	0.00	0.02	3.88	90.38	92.71	0.00	37	0	42	0.00	0.00	57.66	7.29	0.00	0.00	2000
