Avg_MHz	Busy%	Bzy_MHz	TSC_MHz	IPC	IRQ	NMI	SMI	LLCMRPS	LLC%hit	POLL%	C1%	C1E%	C6%	CPU%c1	CPU%c6	CoreTmp	CoreThr	PkgTmp	Pkg%pc2	Pkg%pc6	PkgWatt	RAMWatt	PKG_%	RAM_%	UncMHz
254	14.46	1749	2108	0.00	258	0	0	0	nan	0.00	0.02	25.56	60.27	85.54	0.00	37	0	42	0.00	0.00	62.66	7.62	0.00	0.00	2000
354	15.61	2216	2149	0.00	223	0	0	0	nan	0.04	1.25	14.49	70.81	84.39	0.00	37	0	42	0.00	0.00	68.70	7.52	0.00	0.00	2000
78	6.97	1107	2116	0.00	196	0	0	0	nan	0.00	0.00	7.39	86.21	93.03	0.00	37	0	42	0.00	0.00	58.36	7.40	0.00	0.00	2000
73	6.64	1097	2108	0.00	193	0	0	0	nan	0.00	0.04	2.74	90.99	93.36	0.00	37	0	42	0.00	0.00	58.68	7.21	0.00	0.00	2000
73	6.54	1124	2100	0.00	210	0	0	0	nan	0.00	0.02	2.45	90.85	93.46	0.00	37	0	42	0.00	0.00	59.85	7.51	0.00	0.00	2000
72	6.67	1083	2096	0.00	194	0	0	0	nan	0.00	0.02	3.94	89.29	93.33	0.00	37	0	42	0.00	0.00	58.74	7.53	0.00	0.00	2000
73	6.50	1118	2109	0.00	195	0	0	0	nan	0.00	0.00	4.08	89.78	93.50	0.00	37	0	42	0.00	0.00	59.95	7.64	0.00	0.00	2000
79	6.88	1163	2077	0.00	194	0	0	0	nan	0.00	0.00	3.85	88.24	93.12	0.00	37	0	42	0.00	0.00	57.84	7.43	0.00	0.00	2000
74	6.90	1059	2126	0.00	193	0	0	0	nan	0.00	0.00	2.25	91.90	93.10	0.00	37	0	42	0.00	0.00	58.18	7.31	0.00	0.00	2000
72	6.63	1092	2097	0.00	194	0	0	0	nan	0.00	0.00	3.51	89.68	93.37	0.00	37	0	42	0.00	0.00	58.73	7.40	0.00	0.00	2000
73	6.95	1068	2067	0.00	194	0	0	0	nan	0.00	0.00	3.12	88.44	93.05	0.00	37	0	42	0.00	0.00	56.78	7.29	0.00	0.00	2000
73	6.52	1105	2126	0.00	194	0	0	0	nan	0.00	0.00	3.55	91.04	93.48	0.00	37	0	42	0.00	0.00	58.83	7.45	0.00	0.00	2000
98	7.84	1263	2082	0.00	210	0	0	0	nan	0.00	0.00	2.40	89.01	92.16	0.00	37	0	42	0.00	0.00	57.64	7.41	0.00	0.00	2000
71	6.81	1042	2095	0.00	193	0	0	0	nan	0.00	0.00	4.37	88.61	93.19	0.00	37	0	42	0.00	0.00	57.31	7.32	0.00	0.00	2000
76	6.77	1098	2136	0.00	198	0	0	0	nan	0.00	0.02	3.24	91.51	93.23	0.00	37	0	42	0.00	0.00	63.86	8.13	0.00	0.00	2000
71	6.79	1058	2060	0.00	194	0	0	1	86.84	0.00	0.01	3.06	88.43	93.21	0.00	37	0	43	0.00	0.00	55.63	7.09	0.00	0.00	2000
73	6.95	1033	2123	0.06	209	0	0	1	89.28	0.00	0.00	3.15	90.90	93.05	0.00	37	0	42	0.00	0.00	57.37	7.37	0.00	0.00	2000
71	6.92	1028	2108	0.00	193	0	0	0	nan	0.00	0.04	3.95	89.58	93.08	0.00	37	0	42	0.00	0.00	57.87	7.44	0.00	0.00	2000
186	10.14	1836	2098	0.00	207	0	0	0	nan	0.00	0.82	6.34	82.63	89.86	0.00	38	0	42	0.00	0.00	61.52	7.51	0.00	0.00	2000
229	10.81	2115	2102	0.00	199	0	0	0	nan	0.00	0.00	6.50	82.83	89.19	0.00	39	0	42	0.00	0.00	65.75	7.45	0.00	0.00	2000
232	11.09	2096	2099	0.00	204	0	0	0	nan	0.00	0.00	6.59	82.34	88.91	0.00	39	0	42	0.00	0.00	64.58	7.40	0.00	0.00	2000
231	11.07	2109	2076	0.00	198	0	0	0	nan	0.00	0.00	4.10	83.88	88.93	0.00	39	0	42	0.00	0.00	64.22	7.42	0.00	0.00	2000
224	10.67	2088	2113	0.00	203	0	0	0	nan	0.00	0.00	4.96	85.05	89.33	0.00	38	0	42	0.00	0.00	67.93	7.89	0.00	0.00	2000
232	11.06	2097	2099	0.00	222	0	0	0	nan	0.00	0.00	2.94	85.95	88.94	0.00	39	0	42	0.00	0.00	65.15	7.81	0.00	0.00	2000
235	11.42	2093	2060	0.00	203	0	0	0	nan	0.00	0.00	4.12	82.85	88.58	0.00	38	0	42	0.00	0.00	62.70	7.52	0.00	0.00	2000
230	10.70	2101	2143	0.00	219	0	0	0	nan	0.00	0.00	7.20	84.10	89.30	0.00	37	0	42	0.00	0.00	70.66	8.19	0.00	0.00	2000
231	11.10	2082	2100	0.00	200	0	0	0	nan	0.00	0.02	5.14	83.81	88.90	0.00	37	0	42	0.00	0.00	65.87	7.65	0.00	0.00	2000
235	10.81	2153	2117	0.00	200	0	0	0	nan	0.00	0.00	5.07	84.81	89.19	0.00	38	0	42	0.00	0.00	62.50	7.41	0.00	0.00	2000
227	11.08	2056	2094	0.00	198	0	0	0	nan	0.00	0.00	5.71	82.94	88.92	0.00	38	0	42	0.00	0.00	69.61	7.96	0.00	0.00	2000
230	11.29	2060	2076	0.00	206	0	0	0	nan	0.00	0.00	6.12	81.58	88.71	0.00	38	0	42	0.00	0.00	63.65	7.33	0.00	0.00	2000
232	10.82	2129	2112	0.00	201	0	0	0	nan	0.00	0.00	5.50	84.25	89.18	0.00	39	0	42	0.00	0.00	65.24	7.48	0.00	0.00	2000
231	11.07	2066	2118	0.00	199	0	0	0	nan	0.00	0.03	4.32	85.45	88.93	0.00	38	0	42	0.00	0.00	65.42	7.51	0.00	0.00	2000
225	11.12	2056	2070	0.03	197	0	0	9	94.16	0.00	0.02	3.88	83.76	88.88	0.00	38	0	42	0.00	0.00	61.86	6.98	0.00	0.00	2000
233	10.92	2102	2135	0.72	214	0	0	9	87.33	0.00	0.00	4.72	85.90	89.08	0.00	39	0	42	0.00	0.00	66.90	7.56	0.00	0.00	2000
227	11.41	2047	2044	0.00	184	0	0	0	nan	0.00	0.00	5.01	81.38	88.59	0.00	38	0	42	0.00	0.00	62.30	7.06	0.00	0.00	2000
234	10.79	2128	2142	0.00	222	0	0	0	nan	0.00	0.05	3.32	87.67	89.21	0.00	38	0	42	0.00	0.00	68.99	8.14	0.00	0.00	2000
235	11.01	2124	2112	0.00	199	0	0	0	nan	0.00	0.02	2.95	86.63	88.99	0.00	39	0	42	0.00	0.00	66.15	7.75	0.00	0.00	2000
230	10.78	2144	2086	0.00	199	0	0	0	nan	0.00	0.00	4.39	84.08	89.22	0.00	39	0	42	0.00	0.00	65.29	7.48	0.00	0.00	2000
229	11.21	2053	2087	0.00	199	0	0	0	nan	0.00	0.00	5.27	83.08	88.79	0.00	39	0	42	0.00	0.00	62.19	7.26	0.00	0.00	2000
238	11.27	2074	2136	0.00	222	0	0	0	nan	0.00	0.00	6.75	83.52	88.73	0.00	39	0	42	0.00	0.00	65.36	7.37	0.00	0.00	2000
231	11.02	2096	2096	0.00	198	0	0	0	nan	0.00	0.02	5.75	83.09	88.98	0.00	39	0	42	0.00	0.00	65.44	7.47	0.00	0.00	2000
228	11.05	2106	2056	0.00	200	0	0	0	nan	0.00	0.00	6.20	80.95	88.95	0.00	38	0	42	0.00	0.00	64.66	7.35	0.00	0.00	2000
230	11.10	2071	2097	0.00	215	0	0	0	nan	0.00	0.02	4.76	84.04	88.90	0.00	38	0	42	0.00	0.00	63.30	7.49	0.00	0.00	2000
233	12.70	2135	1802	0.00	211	0	0	0	nan	0.00	0.01	5.82	69.09	87.30	0.00	38	0	42	0.00	0.00	57.19	6.66	0.00	0.00	2000
240	10.26	1969	2498	0.00	261	0	0	0	nan	0.00	0.02	6.50	100.48	89.74	0.00	38	0	43	0.00	0.00	78.72	9.51	0.00	0.00	2000
224	10.99	2040	2102	0.00	202	0	0	0	nan	0.00	0.04	3.00	86.15	89.01	0.00	39	0	42	0.00	0.00	64.79	7.85	0.00	0.00	2000
224	10.69	2090	2107	0.00	199	0	0	0	nan	0.01	0.00	4.68	85.04	89.31	0.00	39	0	42	0.00	0.00	65.63	7.99	0.00	0.00	2000
227	11.18	2032	2097	0.00	185	0	0	0	nan	0.00	0.00	6.16	82.65	88.82	0.00	39	0	42	0.00	0.00	66.20	8.01	0.00	0.00	2000
225	10.54	2127	2106	0.00	209	0	0	0	nan	0.00	0.99	3.41	85.49	89.46	0.00	39	0	42	0.00	0.00	63.86	7.38	0.00	0.00	2000
224	10.61	2115	2093	0.16	201	0	0	4	49.19	0.00	0.53	6.53	82.07	89.39	0.00	39	0	42	0.00	0.00	62.92	7.43	0.00	0.00	2000
224	11.01	2030	2103	0.45	198	0	0	2	78.49	0.00	0.00	5.92	83.24	88.99	0.00	39	0	42	0.00	0.00	65.12	7.75	0.00	0.00	2000
225	11.00	2047	2101	0.00	198	0	0	0	nan	0.00	0.00	5.33	83.81	89.00	0.00	40	0	42	0.00	0.00	66.15	7.99	0.00	0.00	2000
220	10.96	2063	2048	0.00	200	0	0	0	nan	0.00	0.02	4.94	81.97	89.04	0.00	40	0	42	0.00	0.00	63.05	7.52	0.00	0.00	2000
224	10.84	2065	2104	0.00	204	0	0	0	nan	0.00	0.01	5.83	83.56	89.16	0.00	40	0	42	0.00	0.00	64.95	7.48	0.00	0.00	2000
221	10.49	2091	2118	0.00	197	0	0	0	nan	0.00	0.02	5.87	84.49	89.51	0.00	41	0	42	0.00	0.00	67.91	7.59	0.00	0.00	2000
223	10.61	2065	2134	0.00	198	0	0	0	nan	0.00	0.00	5.19	85.69	89.39	0.00	40	0	42	0.00	0.00	62.85	7.53	0.00	0.00	2000
220	10.91	2053	2059	0.00	215	0	0	0	nan	0.00	0.00	4.37	83.05	89.09	0.00	40	0	42	0.00	0.00	63.78	7.47	0.00	0.00	2000
223	10.98	2016	2118	0.00	200	0	0	0	nan	0.00	0.00	4.70	85.15	89.02	0.00	40	0	42	0.00	0.00	64.55	7.36	0.00	0.00	2000
223	10.12	2201	2100	0.00	203	0	0	0	nan	0.03	2.02	5.68	82.30	89.88	0.00	41	0	42	0.00	0.00	69.00	7.61	0.00	0.00	2000
222	10.54	2096	2112	0.00	199	0	0	0	nan	0.00	0.03	4.33	85.67	89.46	0.00	40	0	42	0.00	0.00	63.02	7.39	0.00	0.00	2000
219	10.62	2113	2055	0.00	198	0	0	0	nan	0.00	0.07	2.58	84.93	89.38	0.00	40	0	42	0.00	0.00	64.11	6.93	0.00	0.00	2000
228	10.33	2142	2162	0.00	201	0	0	0	nan	0.00	1.00	4.74	86.65	89.67	0.00	40	0	42	0.00	0.00	66.10	7.57	0.00	0.00	2000
221	10.55	2127	2070	0.00	221	0	0	0	nan	0.00	0.40	6.33	81.56	89.45	0.00	40	0	42	0.00	0.00	64.30	7.49	0.00	0.00	2000
221	10.75	2066	2091	0.00	199	0	0	0	nan	0.00	0.03	6.24	82.61	89.25	0.00	41	0	42	0.00	0.00	65.14	7.39	0.00	0.00	2000
222	10.60	2061	2135	0.00	199	0	0	0	nan	0.00	0.01	5.67	85.33	89.40	0.00	40	0	42	0.00	0.00	65.85	7.52	0.00	0.00	2000
219	10.70	2097	2053	0.00	198	0	0	0	nan	0.01	0.00	4.90	82.44	89.30	0.00	40	0	42	0.00	0.00	62.77	7.40	0.00	0.00	2000
221	10.46	2061	2155	0.19	198	0	0	5	96.09	0.01	0.00	5.03	86.87	89.54	0.00	41	0	42	0.00	0.00	65.80	7.42	0.00	0.00	2000
223	10.94	2052	2085	0.57	200	0	0	3	95.38	0.00	0.05	4.72	83.73	89.06	0.00	40	0	42	0.00	0.00	64.54	7.38	0.00	0.00	2000
223	10.60	2107	2098	0.00	204	0	0	0	nan	0.00	0.02	3.96	85.40	89.40	0.00	41	0	42	0.00	0.00	64.90	7.73	0.00	0.00	2000
221	10.51	2086	2118	0.00	198	0	0	0	nan	0.00	0.04	3.20	87.05	89.49	0.00	41	0	43	0.00	0.00	65.30	7.44	0.00	0.00	2000
222	10.97	2084	2042	0.00	202	0	0	0	nan	0.00	0.06	4.22	82.34	89.03	0.00	41	0	42	0.00	0.00	63.50	7.33	0.00	0.00	2000
223	10.58	2089	2118	0.00	199	0	0	0	nan	0.00	0.04	3.18	87.10	89.42	0.00	41	0	42	0.00	0.00	64.27	7.27	0.00	0.00	2000
224	10.64	2096	2109	0.00	201	0	0	0	nan	0.01	0.48	5.49	83.82	89.36	0.00	41	0	42	0.00	0.00	64.99	7.15	0.00	0.00	2000
223	9.94	2212	2131	0.00	205	0	0	0	nan	0.00	2.59	6.49	82.46	90.06	0.00	40	0	42	0.00	0.00	67.39	7.49	0.00	0.00	2000
221	11.04	2036	2065	0.00	198	0	0	0	nan	0.00	0.00	6.41	81.18	88.96	0.00	41	0	42	0.00	0.00	63.95	7.27	0.00	0.00	2000
221	10.79	2043	2108	0.00	200	0	0	0	nan	0.00	0.00	5.63	84.03	89.21	0.00	41	0	42	0.00	0.00	64.69	7.42	0.00	0.00	2000
222	10.91	2040	2091	0.00	200	0	0	0	nan	0.00	0.00	5.66	83.16	89.09	0.00	41	0	42	0.00	0.00	64.55	7.28	0.00	0.00	2000
221	10.65	2079	2095	0.00	199	0	0	0	nan	0.00	0.00	5.70	83.45	89.35	0.00	41	0	42	0.00	0.00	65.01	7.49	0.00	0.00	2000
224	10.83	2052	2115	0.00	204	0	0	0	nan	0.00	0.01	5.81	84.08	89.17	0.00	41	0	42	0.00	0.00	64.55	7.37	0.00	0.00	2000
221	10.89	2030	2101	0.00	200	0	0	0	nan	0.00	0.00	5.62	83.63	89.11	0.00	41	0	42	0.00	0.00	64.35	7.67	0.00	0.00	2000
221	10.71	2068	2090	0.00	198	0	0	0	nan	0.00	0.00	5.81	83.18	89.29	0.00	41	0	42	0.00	0.00	64.43	7.36	0.00	0.00	2000
221	10.60	2069	2117	0.00	199	0	0	0	nan	0.00	0.03	3.62	86.49	89.40	0.00	41	0	42	0.00	0.00	64.33	7.37	0.00	0.00	2000
221	10.98	2009	2101	0.00	199	0	0	0	nan	0.00	0.01	3.36	85.83	89.02	0.00	41	0	42	0.00	0.00	64.52	7.33	0.00	0.00	2000
222	10.69	2096	2083	0.01	204	0	0	3	81.42	0.00	0.02	5.21	83.44	89.31	0.00	41	0	42	0.00	0.00	64.65	7.37	0.00	0.00	2000
223	10.36	2127	2124	1.06	199	0	0	2	86.33	0.00	1.04	5.65	84.08	89.64	0.00	41	0	42	0.00	0.00	65.79	7.34	0.00	0.00	2000
220	10.66	2074	2089	0.00	198	0	0	0	nan	0.00	0.00	6.74	82.19	89.34	0.00	41	0	42	0.00	0.00	64.21	7.31	0.00	0.00	2000
220	10.81	2025	2111	0.00	200	0	0	0	nan	0.00	0.00	5.29	84.51	89.19	0.00	41	0	42	0.00	0.00	64.24	7.32	0.00	0.00	2000
219	11.16	1992	2073	0.00	198	0	0	0	nan	0.00	0.04	4.58	83.23	88.84	0.00	41	0	42	0.00	0.00	64.10	7.40	0.00	0.00	2000
222	10.93	2042	2090	0.00	205	0	0	0	nan	0.00	0.00	6.16	82.58	89.07	0.00	41	0	42	0.00	0.00	64.52	7.29	0.00	0.00	2000
221	10.51	2106	2096	0.00	200	0	0	0	nan	0.00	0.00	6.43	82.89	89.49	0.00	41	0	42	0.00	0.00	65.29	7.25	0.00	0.00	2000
223	10.47	2076	2154	0.00	202	0	0	0	nan	0.00	0.02	6.65	85.27	89.53	0.00	41	0	42	0.00	0.00	65.33	7.45	0.00	0.00	2000
251	12.15	2142	2027	0.00	216	0	0	0	nan	0.00	0.00	9.87	75.02	87.85	0.00	41	0	43	0.00	0.00	64.75	7.62	0.00	0.00	2000
219	10.92	2084	2018	0.00	200	0	0	0	nan	0.00	0.02	4.07	81.61	89.08	0.00	41	0	42	0.00	0.00	59.81	7.03	0.00	0.00	2000
227	10.76	1990	2227	0.00	221	0	0	0	nan	0.01	0.06	3.41	91.21	89.24	0.00	41	0	42	0.00	0.00	70.42	7.97	0.00	0.00	2000
223	10.30	2146	2114	0.00	198	0	0	0	nan	0.00	1.02	5.43	83.92	89.70	0.00	41	0	42	0.00	0.00	65.51	7.18	0.00	0.00	2000
221	10.63	2080	2096	0.00	199	0	0	0	nan	0.00	0.00	5.54	83.72	89.37	0.00	41	0	43	0.00	0.00	65.11	7.39	0.00	0.00	2000
220	10.95	2034	2075	0.00	199	0	0	0	nan	0.00	0.00	5.49	82.59	89.05	0.00	41	0	42	0.00	0.00	65.03	7.56	0.00	0.00	2000
221	10.71	2037	2131	0.00	203	0	0	0	nan	0.00	0.01	6.76	83.95	89.29	0.00	41	0	42	0.00	0.00	64.65	7.53	0.00	0.00	2000
222	11.33	1954	2109	0.00	203	0	0	0	nan	0.00	0.00	6.00	83.18	88.67	0.00	41	0	43	0.00	0.00	64.51	7.44	0.00	0.00	2000
219	11.17	2006	2056	0.00	199	0	0	0	nan	0.00	0.03	5.92	81.21	88.83	0.00	41	0	42	0.00	0.00	64.20	7.39	0.00	0.00	2000
221	10.57	2056	2135	0.00	198	0	0	1	84.21	0.00	0.02	5.80	85.15	89.43	0.00	41	0	42	0.00	0.00	64.86	7.46	0.00	0.00	2000
222	11.02	2013	2096	0.97	200	0	0	2	87.62	0.03	0.00	5.06	83.90	88.98	0.00	41	0	42	0.00	0.00	61.76	7.32	0.00	0.00	2000
221	10.91	2017	2108	0.00	199	0	0	0	nan	0.00	0.00	6.14	83.33	89.09	0.00	41	0	42	0.00	0.00	67.41	7.34	0.00	0.00	2000
223	11.29	1994	2079	0.00	199	0	0	0	nan	0.00	0.00	5.15	82.82	88.71	0.00	41	0	42	0.00	0.00	64.29	7.55	0.00	0.00	2000
222	10.62	2052	2139	0.00	207	0	0	0	nan	0.00	0.03	3.10	88.04	89.38	0.00	41	0	42	0.00	0.00	65.86	7.57	0.00	0.00	2000
219	10.77	2084	2047	0.00	200	0	0	0	nan	0.00	0.01	4.08	83.04	89.23	0.00	41	0	42	0.00	0.00	61.38	7.04	0.00	0.00	2000
221	10.64	2063	2112	0.00	198	0	0	0	nan	0.00	0.00	4.78	85.13	89.36	0.00	41	0	42	0.00	0.00	66.47	7.46	0.00	0.00	2000
221	10.61	2095	2084	0.00	200	0	0	0	nan	0.00	0.05	3.35	85.41	89.39	0.00	41	0	42	0.00	0.00	64.83	7.47	0.00	0.00	2000
224	10.58	2092	2124	0.00	200	0	0	0	nan	0.00	0.47	6.00	84.07	89.42	0.00	41	0	42	0.00	0.00	64.93	7.49	0.00	0.00	2000
221	10.92	1994	2127	0.00	202	0	0	0	nan	0.00	0.00	6.47	83.93	89.08	0.00	41	0	42	0.00	0.00	65.46	7.54	0.00	0.00	2000
223	11.08	2025	2086	0.00	203	0	0	0	nan	0.00	0.00	7.32	81.11	88.92	0.00	41	0	42	0.00	0.00	62.39	7.11	0.00	0.00	2000
221	10.65	2067	2112	0.00	200	0	0	0	nan	0.00	0.00	5.36	84.61	89.35	0.00	41	0	42	0.00	0.00	63.15	7.20	0.00	0.00	2000
219	10.97	2040	2056	0.00	199	0	0	0	nan	0.00	0.00	4.85	82.46	89.03	0.00	40	0	42	0.00	0.00	64.26	7.49	0.00	0.00	2000
220	10.99	2014	2086	0.00	199	0	0	0	nan	0.00	0.00	4.39	84.08	89.01	0.00	41	0	42	0.00	0.00	64.42	7.43	0.00	0.00	2000
225	10.63	2051	2167	0.00	203	0	0	0	nan	0.00	0.02	5.31	87.07	89.37	0.00	41	0	42	0.00	0.00	65.64	7.42	0.00	0.00	2000
221	10.74	2061	2092	0.00	199	0	0	0	nan	0.00	0.02	4.70	84.36	89.26	0.00	41	0	42	0.00	0.00	65.51	7.57	0.00	0.00	2000
221	10.80	2043	2103	0.00	198	0	0	0	nan	0.00	0.00	4.53	84.96	89.20	0.00	41	0	43	0.00	0.00	64.17	7.55	0.00	0.00	2000
220	10.67	2062	2099	0.00	198	0	0	2	85.77	0.00	0.51	4.81	84.18	89.33	0.00	41	0	42	0.00	0.00	62.63	7.20	0.00	0.00	2000
223	10.66	2104	2084	1.24	199	0	0	6	84.67	0.00	0.01	5.47	83.22	89.34	0.00	41	0	42	0.00	0.00	65.58	7.36	0.00	0.00	2000
224	10.44	2145	2104	0.00	204	0	0	0	nan	0.00	0.93	4.57	84.35	89.56	0.00	41	0	42	0.00	0.00	66.79	7.29	0.00	0.00	2000
222	10.78	2057	2099	0.00	198	0	0	0	nan	0.00	0.02	3.87	85.37	89.22	0.00	41	0	42	0.00	0.00	62.49	7.03	0.00	0.00	2000
221	10.69	2066	2098	0.00	199	0	0	0	nan	0.01	0.00	5.47	83.80	89.31	0.00	41	0	43	0.00	0.00	65.33	7.48	0.00	0.00	2000
222	10.81	2031	2121	0.00	198	0	0	0	nan	0.00	0.00	7.55	82.56	89.19	0.00	41	0	42	0.00	0.00	66.33	7.39	0.00	0.00	2000
219	11.00	2075	2013	0.00	199	0	0	0	nan	0.00	0.02	4.67	80.75	89.00	0.00	41	0	42	0.00	0.00	62.94	7.00	0.00	0.00	2000
227	10.55	2064	2187	0.00	204	0	0	0	nan	0.00	0.02	6.25	86.87	89.45	0.00	41	0	42	0.00	0.00	69.18	7.71	0.00	0.00	2000
221	10.74	2074	2081	0.00	198	0	0	0	nan	0.00	0.00	6.74	81.79	89.26	0.00	41	0	42	0.00	0.00	62.66	7.08	0.00	0.00	2000
222	10.75	2057	2105	0.00	199	0	0	0	nan	0.00	0.00	6.30	83.24	89.25	0.00	41	0	42	0.00	0.00	66.14	7.68	0.00	0.00	2000
222	10.55	2102	2096	0.00	199	0	0	0	nan	0.00	0.02	4.41	84.98	89.45	0.00	41	0	42	0.00	0.00	66.13	7.52	0.00	0.00	2000
221	10.88	2031	2095	0.00	198	0	0	0	nan	0.00	0.02	4.66	84.39	89.12	0.00	41	0	42	0.00	0.00	64.43	7.43	0.00	0.00	2000
213	11.00	2104	1934	0.00	182	0	0	0	nan	0.00	0.00	2.12	79.86	89.00	0.00	39	0	42	0.00	0.00	56.09	6.36	0.00	0.00	2000
237	10.50	2046	2320	0.00	251	0	0	0	nan	0.00	0.01	7.68	91.25	89.50	0.00	38	0	42	0.00	0.00	77.25	8.71	0.00	0.00	2000
230	11.01	2096	2097	0.00	186	0	0	0	nan	0.00	0.02	6.77	82.20	88.99	0.00	38	0	42	0.00	0.00	63.57	6.97	0.00	0.00	2000
231	10.68	2161	2100	0.00	201	0	0	0	nan	0.00	0.99	5.54	82.91	89.32	0.00	38	0	42	0.00	0.00	63.13	7.32	0.00	0.00	2000
227	11.14	2100	2039	0.00	198	0	0	0	nan	0.00	0.01	5.15	81.21	88.86	0.00	38	0	42	0.00	0.00	62.11	7.05	0.00	0.00	2000
234	11.16	2047	2156	0.00	218	0	0	1	82.08	0.00	0.00	6.95	84.33	88.84	0.00	38	0	42	0.00	0.00	70.33	8.05	0.00	0.00	2000
229	11.17	2048	2104	1.22	184	0	0	7	79.03	0.00	0.00	7.50	81.53	88.83	0.00	38	0	42	0.00	0.00	65.78	7.55	0.00	0.00	2000
230	11.13	2067	2095	0.00	199	0	0	0	nan	0.00	0.00	6.21	82.50	88.87	0.00	38	0	42	0.00	0.00	61.96	7.26	0.00	0.00	2000
229	10.98	2071	2114	0.00	199	0	0	0	nan	0.00	0.00	5.82	83.87	89.02	0.00	38	0	42	0.00	0.00	66.43	7.35	0.00	0.00	2000
230	10.84	2132	2087	0.00	199	0	0	0	nan	0.00	0.00	4.76	83.88	89.16	0.00	39	0	42	0.00	0.00	63.15	7.17	0.00	0.00	2000
231	11.07	2086	2098	0.00	199	0	0	0	nan	0.00	0.02	4.67	84.26	88.93	0.00	38	0	42	0.00	0.00	65.26	7.49	0.00	0.00	2000
232	11.17	2064	2115	0.00	204	0	0	0	nan	0.00	0.05	5.49	84.09	88.83	0.00	38	0	42	0.00	0.00	65.51	7.52	0.00	0.00	2000
230	10.92	2112	2093	0.00	198	0	0	0	nan	0.00	0.08	3.32	85.43	89.08	0.00	38	0	42	0.00	0.00	66.48	7.61	0.00	0.00	2000
232	10.95	2104	2113	0.00	183	0	0	0	nan	0.00	0.00	5.91	83.76	89.05	0.00	39	0	42	0.00	0.00	63.82	7.29	0.00	0.00	2000
230	10.92	2116	2092	0.00	200	0	0	0	nan	0.01	0.01	6.25	82.61	89.08	0.00	38	0	43	0.00	0.00	63.66	7.35	0.00	0.00	2000
231	11.08	2086	2095	0.00	198	0	0	0	nan	0.00	0.02	6.03	82.77	88.92	0.00	39	0	42	0.00	0.00	66.38	7.52	0.00	0.00	2000
239	11.37	2092	2107	0.00	201	0	0	0	nan	0.00	0.03	6.07	82.91	88.63	0.00	39	0	42	0.00	0.00	66.20	7.45	0.00	0.00	2000
232	10.99	2106	2100	0.00	191	0	0	0	nan	0.00	0.00	5.38	83.58	89.01	0.00	38	0	42	0.00	0.00	61.19	7.03	0.00	0.00	2000
229	11.04	2088	2082	0.00	200	0	0	0	nan	0.00	0.00	6.79	81.53	88.96	0.00	38	0	42	0.00	0.00	65.33	7.47	0.00	0.00	2000
230	11.12	2058	2106	0.00	199	0	0	0	nan	0.00	0.00	4.55	84.69	88.88	0.00	38	0	43	0.00	0.00	64.79	7.34	0.00	0.00	2000
230	10.99	2093	2098	0.00	199	0	0	0	nan	0.00	0.00	5.13	83.87	89.01	0.00	39	0	42	0.00	0.00	64.84	7.47	0.00	0.00	2000
229	11.16	2058	2093	0.00	198	0	0	0	nan	0.00	0.00	4.42	84.22	88.84	0.00	39	0	42	0.00	0.00	65.00	7.28	0.00	0.00	2000
235	10.95	2127	2115	0.00	204	0	0	0	nan	0.00	0.06	4.63	85.12	89.05	0.00	39	0	42	0.00	0.00	65.93	7.58	0.00	0.00	2000
230	10.96	2109	2092	0.69	201	0	0	17	24.65	0.00	0.06	3.09	85.60	89.04	0.00	39	0	42	0.00	0.00	66.25	7.59	0.00	0.00	2000
229	10.79	2121	2100	0.52	199	0	0	0	94.23	0.00	0.00	3.43	85.82	89.21	0.00	39	0	42	0.00	0.00	65.31	7.33	0.00	0.00	2000
231	10.99	2083	2115	0.00	198	0	0	0	nan	0.00	0.02	3.96	85.78	89.01	0.00	38	0	42	0.00	0.00	66.14	7.43	0.00	0.00	2000
229	11.19	2054	2093	0.00	198	0	0	0	nan	0.00	0.00	6.08	82.54	88.81	0.00	38	0	42	0.00	0.00	64.46	7.68	0.00	0.00	2000
233	10.86	2146	2098	0.00	205	0	0	0	nan	0.00	0.01	5.68	83.45	89.14	0.00	38	0	42	0.00	0.00	63.11	7.34	0.00	0.00	2000
228	11.30	2030	2089	0.00	180	0	0	0	nan	0.00	0.00	6.29	82.04	88.70	0.00	38	0	42	0.00	0.00	64.93	7.23	0.00	0.00	2000
230	11.25	2025	2117	0.00	215	0	0	0	nan	0.00	0.00	6.72	82.78	88.75	0.00	38	0	42	0.00	0.00	65.76	7.53	0.00	0.00	2000
229	11.22	2042	2099	0.00	183	0	0	0	nan	0.00	0.01	5.49	83.32	88.78	0.00	39	0	42	0.00	0.00	63.66	7.20	0.00	0.00	2000
231	11.16	2080	2092	0.00	199	0	0	0	nan	0.00	0.00	5.25	83.35	88.84	0.00	38	0	42	0.00	0.00	65.68	7.45	0.00	0.00	2000
231	10.86	2120	2106	0.00	200	0	0	0	nan	0.00	0.00	5.02	84.40	89.14	0.00	39	0	42	0.00	0.00	65.61	7.45	0.00	0.00	2000
232	11.24	2077	2084	0.00	205	0	0	0	nan	0.00	0.00	5.25	82.94	88.76	0.00	38	0	42	0.00	0.00	64.35	7.32	0.00	0.00	2000
229	11.01	2062	2120	0.00	199	0	0	0	nan	0.00	0.00	4.80	85.17	88.99	0.00	38	0	42	0.00	0.00	65.34	7.34	0.00	0.00	2000
229	11.34	2034	2089	0.00	199	0	0	0	nan	0.03	0.03	4.44	83.76	88.66	0.00	38	0	42	0.00	0.00	65.58	7.30	0.00	0.00	2000
228	10.79	2118	2090	0.00	199	0	0	0	nan	0.00	0.02	3.18	85.61	89.21	0.00	38	0	42	0.00	0.00	64.62	7.11	0.00	0.00	2000
232	11.08	2079	2115	0.00	199	0	0	0	nan	0.00	0.02	4.49	85.17	88.92	0.00	39	0	42	0.00	0.00	64.65	7.27	0.00	0.00	2000
232	11.21	2065	2108	0.00	204	0	0	0	nan	0.00	0.00	5.98	83.27	88.79	0.00	38	0	42	0.00	0.00	67.15	7.32	0.00	0.00	2000
232	11.13	2089	2096	0.00	200	0	0	0	nan	0.00	0.02	6.53	82.21	88.87	0.00	39	0	42	0.00	0.00	60.84	7.27	0.00	0.00	2000
228	10.93	2096	2094	0.08	181	0	0	5	71.92	0.00	0.02	6.05	82.81	89.07	0.00	38	0	42	0.00	0.00	65.97	7.59	0.00	0.00	2000
231	11.29	2037	2108	1.03	198	0	0	4	74.48	0.00	0.02	4.91	84.33	88.71	0.00	38	0	42	0.00	0.00	65.89	7.38	0.00	0.00	2000
232	11.41	2043	2089	0.00	199	0	0	0	nan	0.00	0.00	5.19	83.05	88.59	0.00	38	0	43	0.00	0.00	65.65	7.46	0.00	0.00	2000
232	11.13	2077	2110	0.00	203	0	0	0	nan	0.00	0.02	5.61	83.80	88.87	0.00	38	0	42	0.00	0.00	65.59	7.69	0.00	0.00	2000
231	11.00	2114	2089	0.00	205	0	0	0	nan	0.00	0.00	5.89	82.60	89.00	0.00	38	0	42	0.00	0.00	63.36	7.21	0.00	0.00	2000
229	10.80	2126	2091	0.00	198	0	0	0	nan	0.00	0.02	5.46	83.43	89.20	0.00	39	0	42	0.00	0.00	67.25	7.31	0.00	0.00	2000
229	10.77	2121	2103	0.00	198	0	0	0	nan	0.00	0.00	4.02	85.34	89.23	0.00	38	0	42	0.00	0.00	65.42	7.69	0.00	0.00	2000
230	11.19	2048	2104	0.00	199	0	0	0	nan	0.02	0.01	3.24	85.84	88.81	0.00	38	0	42	0.00	0.00	64.85	7.32	0.00	0.00	2000
250	11.82	2113	2101	0.00	199	0	0	0	nan	0.00	0.02	5.94	82.37	88.18	0.00	39	0	42	0.00	0.00	65.08	7.28	0.00	0.00	2000
234	11.34	2058	2106	0.00	203	0	0	0	nan	0.00	0.00	6.75	82.22	88.66	0.00	38	0	42	0.00	0.00	64.88	7.43	0.00	0.00	2000
229	11.13	2060	2095	0.00	199	0	0	0	nan	0.00	0.00	5.35	83.45	88.87	0.00	39	0	42	0.00	0.00	64.93	7.24	0.00	0.00	2000
230	11.55	1990	2105	0.00	200	0	0	0	nan	0.00	0.00	6.55	82.16	88.45	0.00	39	0	42	0.00	0.00	64.82	7.28	0.00	0.00	2000
229	11.40	2015	2090	0.00	201	0	0	0	nan	0.00	0.00	5.79	82.52	88.60	0.00	38	0	42	0.00	0.00	64.03	7.42	0.00	0.00	2000
229	11.42	2004	2105	0.00	199	0	0	0	nan	0.00	0.00	4.22	84.70	88.58	0.00	39	0	42	0.00	0.00	61.95	7.27	0.00	0.00	2000
232	11.28	2043	2113	0.00	204	0	0	0	nan	0.00	0.00	5.35	84.05	88.72	0.00	38	0	42	0.00	0.00	69.87	7.22	0.00	0.00	2000
231	11.26	2052	2101	0.00	199	0	0	0	nan	0.00	0.00	5.26	83.67	88.74	0.00	39	0	42	0.00	0.00	60.20	7.23	0.00	0.00	2000
229	11.29	2043	2087	0.00	183	0	0	0	nan	0.01	0.03	4.95	83.38	88.71	0.00	38	0	42	0.00	0.00	64.76	7.44	0.00	0.00	2000
229	11.12	2054	2106	0.00	199	0	0	2	70.96	0.00	0.00	5.55	83.67	88.88	0.00	38	0	42	0.00	0.00	65.40	7.50	0.00	0.00	2000
229	11.36	2030	2084	1.11	198	0	0	6	70.43	0.00	0.02	5.06	83.11	88.64	0.00	38	0	42	0.00	0.00	63.46	7.50	0.00	0.00	2000
231	11.22	2046	2117	0.00	215	0	0	0	nan	0.00	0.00	4.18	85.41	88.78	0.00	38	0	42	0.00	0.00	64.79	7.49	0.00	0.00	2000
231	11.11	2072	2110	0.00	188	0	0	0	nan	0.01	0.00	6.09	83.26	88.89	0.00	39	0	42	0.00	0.00	66.36	7.52	0.00	0.00	2000
230	10.99	2103	2085	0.00	199	0	0	0	nan	0.00	0.00	5.16	83.29	89.01	0.00	38	0	42	0.00	0.00	65.11	7.55	0.00	0.00	2000
228	11.04	2072	2097	0.00	200	0	0	0	nan	0.00	0.02	5.13	83.80	88.96	0.00	39	0	42	0.00	0.00	64.93	7.21	0.00	0.00	2000
231	11.27	2039	2114	0.00	198	0	0	0	nan	0.00	0.04	5.12	84.35	88.73	0.00	39	0	42	0.00	0.00	64.57	7.83	0.00	0.00	2000
228	11.37	2013	2093	0.00	200	0	0	0	nan	0.00	0.00	5.92	82.52	88.63	0.00	39	0	42	0.00	0.00	60.18	6.97	0.00	0.00	2000
234	11.41	2042	2108	0.00	202	0	0	0	nan	0.00	0.00	5.85	83.16	88.59	0.00	38	0	42	0.00	0.00	65.59	7.41	0.00	0.00	2000
229	11.11	2073	2091	0.00	187	0	0	0	nan	0.00	0.00	6.25	82.37	88.89	0.00	39	0	42	0.00	0.00	66.05	7.55	0.00	0.00	2000
231	10.97	2093	2108	0.00	200	0	0	0	nan	0.00	0.02	6.04	83.49	89.03	0.00	39	0	42	0.00	0.00	66.04	7.40	0.00	0.00	2000
228	11.13	2068	2085	0.00	199	0	0	0	nan	0.00	0.01	4.65	83.77	88.87	0.00	38	0	42	0.00	0.00	58.72	6.82	0.00	0.00	2000
229	10.98	2086	2099	0.00	198	0	0	0	nan	0.00	0.00	4.39	84.63	89.02	0.00	39	0	42	0.00	0.00	69.83	8.06	0.00	0.00	2000
230	10.79	2115	2120	0.00	198	0	0	0	nan	0.00	0.01	4.09	86.05	89.21	0.00	39	0	42	0.00	0.00	58.01	6.79	0.00	0.00	2000
234	11.20	2104	2087	0.00	203	0	0	0	nan	0.00	0.00	5.05	83.25	88.80	0.00	38	0	42	0.00	0.00	67.76	7.85	0.00	0.00	2000
230	10.74	2148	2092	0.00	184	0	0	0	nan	0.01	0.01	5.52	83.43	89.26	0.00	38	0	42	0.00	0.00	65.10	7.53	0.00	0.00	2000
232	11.28	2037	2120	0.00	215	0	0	0	nan	0.00	0.39	6.56	82.72	88.72	0.00	39	0	42	0.00	0.00	66.44	7.52	0.00	0.00	2000
229	11.27	2049	2079	0.00	182	0	0	0	nan	0.00	0.02	5.61	82.34	88.73	0.00	39	0	42	0.00	0.00	65.59	7.11	0.00	0.00	2000
232	11.01	2090	2115	0.78	199	0	0	7	58.36	0.00	0.00	4.88	84.78	88.99	0.00	38	0	42	0.00	0.00	64.91	7.37	0.00	0.00	2000
230	11.25	2068	2077	0.35	198	0	0	0	nan	0.00	0.00	5.01	82.74	88.75	0.00	38	0	42	0.00	0.00	64.24	7.29	0.00	0.00	2000
231	11.06	2068	2123	0.00	203	0	0	0	nan	0.00	0.02	5.05	84.97	88.94	0.00	39	0	42	0.00	0.00	65.13	7.41	0.00	0.00	2000
229	11.15	2055	2099	0.00	199	0	0	0	nan	0.00	0.00	6.12	82.79	88.85	0.00	38	0	42	0.00	0.00	60.12	6.85	0.00	0.00	2000
229	11.10	2079	2083	0.00	199	0	0	0	nan	0.00	0.00	4.49	83.80	88.90	0.00	38	0	42	0.00	0.00	66.64	7.49	0.00	0.00	2000
230	11.03	2077	2112	0.00	200	0	0	0	nan	0.00	0.01	3.82	85.75	88.97	0.00	39	0	42	0.00	0.00	64.97	7.05	0.00	0.00	2000
229	10.96	2101	2088	0.00	199	0	0	0	nan	0.00	0.04	4.07	84.50	89.04	0.00	39	0	42	0.00	0.00	63.79	7.69	0.00	0.00	2000
232	10.85	2122	2120	0.00	203	0	0	0	nan	0.00	0.03	4.65	85.42	89.15	0.00	38	0	42	0.00	0.00	63.53	7.27	0.00	0.00	2000
230	11.01	2093	2098	0.00	199	0	0	0	nan	0.00	0.49	4.44	84.10	88.99	0.00	38	0	42	0.00	0.00	65.57	7.42	0.00	0.00	2000
230	10.84	2122	2100	0.00	201	0	0	0	nan	0.00	0.03	5.62	83.52	89.16	0.00	38	0	42	0.00	0.00	65.35	7.33	0.00	0.00	2000
230	10.89	2123	2087	0.00	200	0	0	0	nan	0.01	0.50	4.84	83.32	89.11	0.00	38	0	42	0.00	0.00	65.24	7.52	0.00	0.00	2000
231	10.91	2108	2111	0.00	199	0	0	0	nan	0.00	0.00	5.45	84.19	89.09	0.00	39	0	42	0.00	0.00	66.51	7.54	0.00	0.00	2000
233	11.22	2090	2090	0.00	200	0	0	0	nan	0.00	0.00	6.62	81.80	88.78	0.00	38	0	42	0.00	0.00	65.28	7.59	0.00	0.00	2000
229	10.88	2098	2108	0.00	186	0	0	0	nan	0.00	0.41	6.30	82.82	89.12	0.00	38	0	42	0.00	0.00	66.41	7.51	0.00	0.00	2000
231	11.03	2085	2106	0.00	198	0	0	0	nan	0.00	0.02	6.22	83.08	88.97	0.00	38	0	42	0.00	0.00	60.51	6.92	0.00	0.00	2000
230	11.03	2099	2090	0.00	199	0	0	0	nan	0.00	0.00	4.35	84.23	88.97	0.00	38	0	42	0.00	0.00	64.84	7.49	0.00	0.00	2000
230	11.25	2047	2096	0.00	197	0	0	0	nan	0.00	0.02	4.41	84.27	88.75	0.00	38	0	42	0.00	0.00	64.71	7.39	0.00	0.00	2000
228	10.99	2097	2074	0.34	199	0	0	23	12.35	0.00	0.01	4.18	83.84	89.01	0.00	38	0	42	0.00	0.00	63.21	7.63	0.00	0.00	2000
233	11.02	2077	2141	0.88	204	0	0	3	70.27	0.00	0.00	4.35	86.47	88.98	0.00	39	0	42	0.00	0.00	70.82	8.36	0.00	0.00	2000
229	11.17	2047	2104	0.00	199	0	0	0	nan	0.00	0.00	4.77	84.34	88.83	0.00	39	0	42	0.00	0.00	60.71	7.15	0.00	0.00	2000
230	11.05	2085	2100	0.00	199	0	0	0	nan	0.00	0.07	3.28	85.72	88.95	0.00	39	0	42	0.00	0.00	66.10	7.76	0.00	0.00	2000
228	10.95	2105	2072	0.00	200	0	0	0	nan	0.00	0.01	3.58	84.34	89.05	0.00	39	0	42	0.00	0.00	65.11	8.05	0.00	0.00	2000
231	11.02	2079	2112	0.00	199	0	0	0	nan	0.00	0.02	4.62	84.84	88.98	0.00	39	0	42	0.00	0.00	65.46	7.62	0.00	0.00	2000
234	11.19	2077	2115	0.00	201	0	0	0	nan	0.01	0.00	5.29	84.25	88.81	0.00	39	0	42	0.00	0.00	67.09	7.39	0.00	0.00	2000
230	11.41	2038	2075	0.00	203	0	0	0	nan	0.00	0.00	6.01	81.64	88.59	0.00	39	0	42	0.00	0.00	64.87	7.35	0.00	0.00	2000
235	11.21	2077	2116	0.00	185	0	0	0	nan	0.00	0.00	9.16	80.38	88.79	0.00	39	0	42	0.00	0.00	65.18	7.37	0.00	0.00	2000
230	10.94	2096	2110	0.00	199	0	0	0	nan	0.00	0.00	5.68	83.73	89.06	0.00	40	0	42	0.00	0.00	64.02	7.24	0.00	0.00	2000
228	11.28	2069	2054	0.00	201	0	0	0	nan	0.00	0.00	5.47	81.34	88.72	0.00	39	0	42	0.00	0.00	60.87	6.99	0.00	0.00	2000
233	10.96	2094	2132	0.00	214	0	0	0	nan	0.00	0.02	5.69	84.74	89.04	0.00	39	0	42	0.00	0.00	67.54	7.64	0.00	0.00	2000
228	11.39	2012	2094	0.00	187	0	0	0	nan	0.00	0.00	6.15	82.39	88.61	0.00	39	0	42	0.00	0.00	66.14	8.22	0.00	0.00	2000
230	11.34	2032	2096	0.00	217	0	0	0	nan	0.00	0.06	6.66	81.90	88.66	0.00	40	0	42	0.00	0.00	67.28	7.80	0.00	0.00	2000
228	11.02	2062	2107	0.00	182	0	0	0	nan	0.00	0.04	6.24	83.06	88.98	0.00	39	0	42	0.00	0.00	62.81	7.07	0.00	0.00	2000
231	11.27	2045	2108	0.00	215	0	0	0	nan	0.00	0.00	6.92	82.22	88.73	0.00	39	0	42	0.00	0.00	65.46	7.45	0.00	0.00	2000
228	11.04	2070	2092	0.00	183	0	0	0	nan	0.00	0.00	6.42	82.23	88.96	0.00	39	0	42	0.00	0.00	63.26	7.20	0.00	0.00	2000
232	10.76	2183	2070	0.00	204	0	0	3	45.53	0.00	0.99	4.89	82.17	89.24	0.00	39	0	42	0.00	0.00	63.59	7.19	0.00	0.00	2000
230	10.59	2137	2131	1.42	198	0	0	4	49.76	0.00	1.02	7.52	82.30	89.41	0.00	40	0	42	0.00	0.00	70.83	8.05	0.00	0.00	2000
231	11.37	2041	2087	0.00	214	0	0	0	nan	0.00	0.00	7.26	80.91	88.63	0.00	39	0	42	0.00	0.00	63.40	7.92	0.00	0.00	2000
229	11.16	2022	2128	0.00	183	0	0	0	nan	0.00	0.00	6.80	83.37	88.84	0.00	39	0	42	0.00	0.00	65.72	7.68	0.00	0.00	2000
229	11.10	2067	2095	0.00	199	0	0	0	nan	0.00	0.02	5.61	83.07	88.90	0.00	39	0	42	0.00	0.00	63.07	7.19	0.00	0.00	2000
231	11.28	2057	2090	0.00	204	0	0	0	nan	0.00	0.00	5.31	83.09	88.72	0.00	39	0	43	0.00	0.00	66.00	7.43	0.00	0.00	2000
231	10.89	2098	2120	0.00	201	0	0	0	nan	0.00	0.01	5.36	84.74	89.11	0.00	39	0	42	0.00	0.00	65.99	7.55	0.00	0.00	2000
227	10.99	2120	2044	0.00	199	0	0	0	nan	0.00	0.02	5.53	81.12	89.01	0.00	39	0	42	0.00	0.00	62.84	7.18	0.00	0.00	2000
232	10.83	2079	2160	0.00	197	0	0	0	nan	0.00	0.03	2.00	89.74	89.17	0.00	40	0	42	0.00	0.00	66.20	7.63	0.00	0.00	2000
229	11.24	2043	2096	0.00	200	0	0	0	nan	0.00	0.01	4.38	84.28	88.76	0.00	39	0	42	0.00	0.00	66.70	8.43	0.00	0.00	2000
231	11.36	2088	2049	0.00	201	0	0	0	nan	0.00	0.00	5.85	80.65	88.64	0.00	39	0	42	0.00	0.00	62.28	7.09	0.00	0.00	2000
230	11.02	2042	2143	0.00	204	0	0	0	nan	0.00	0.03	5.87	84.98	88.98	0.00	39	0	42	0.00	0.00	65.25	7.46	0.00	0.00	2000
231	10.78	2162	2078	0.00	200	0	0	0	nan	0.00	0.45	6.11	81.76	89.22	0.00	39	0	42	0.00	0.00	65.25	7.32	0.00	0.00	2000
228	11.06	2039	2127	0.00	197	0	0	0	nan	0.01	0.02	5.80	84.29	88.94	0.00	40	0	42	0.00	0.00	65.61	7.71	0.00	0.00	2000
230	11.29	2039	2101	0.00	198	0	0	0	nan	0.00	0.02	5.87	82.97	88.71	0.00	40	0	42	0.00	0.00	62.31	7.26	0.00	0.00	2000
231	11.46	2054	2060	0.00	198	0	0	0	nan	0.00	0.00	4.47	82.45	88.54	0.00	40	0	42	0.00	0.00	65.53	7.00	0.00	0.00	2000
233	11.13	2051	2146	0.00	215	0	0	0	nan	0.00	0.00	5.98	84.93	88.87	0.00	39	0	42	0.00	0.00	66.92	7.43	0.00	0.00	2000
227	11.25	2062	2055	0.00	180	0	0	2	52.10	0.00	0.00	3.40	83.48	88.75	0.00	40	0	42	0.00	0.00	63.68	7.32	0.00	0.00	2000
231	11.14	2050	2119	1.14	196	0	0	7	45.83	0.00	0.00	3.88	85.80	88.86	0.00	40	0	42	0.00	0.00	65.08	7.55	0.00	0.00	2000
239	11.47	2071	2113	0.00	194	0	0	0	nan	0.00	0.01	5.48	83.69	88.53	0.00	40	0	42	0.00	0.00	65.07	7.78	0.00	0.00	2000
230	11.05	2075	2104	0.00	195	0	0	0	nan	0.00	0.00	3.77	85.44	88.95	0.00	41	0	42	0.00	0.00	65.36	7.46	0.00	0.00	2000
229	11.06	2096	2076	0.00	195	0	0	0	nan	0.00	0.02	4.24	83.70	88.94	0.00	41	0	42	0.00	0.00	64.87	7.28	0.00	0.00	2000
230	10.93	2099	2109	0.00	194	0	0	0	nan	0.00	0.00	4.46	85.09	89.07	0.00	41	0	42	0.00	0.00	65.50	7.49	0.00	0.00	2000
229	10.83	2128	2088	0.00	195	0	0	0	nan	0.00	0.02	4.79	83.93	89.17	0.00	41	0	42	0.00	0.00	65.02	7.48	0.00	0.00	2000
237	11.77	2063	2052	0.00	195	0	0	0	nan	0.00	0.00	5.64	80.72	88.23	0.00	41	0	42	0.00	0.00	62.06	7.20	0.00	0.00	2000
234	11.06	2061	2160	0.00	226	0	0	0	nan	0.00	0.02	3.33	88.21	88.94	0.00	41	0	42	0.00	0.00	67.99	7.83	0.00	0.00	2000
232	11.42	2010	2122	0.00	206	0	0	0	nan	0.00	0.00	9.47	80.21	88.58	0.00	41	0	42	0.00	0.00	64.29	7.50	0.00	0.00	2000
228	11.33	2027	2088	0.00	200	0	0	0	nan	0.00	0.02	7.19	81.13	88.67	0.00	41	0	43	0.00	0.00	64.66	7.26	0.00	0.00	2000
230	11.36	2015	2112	0.00	200	1	0	0	nan	0.00	0.00	6.75	82.52	88.64	0.00	41	0	43	0.00	0.00	64.92	7.15	0.00	0.00	2000
228	11.30	2028	2092	0.00	199	0	0	0	nan	0.00	0.02	6.13	82.40	88.70	0.00	41	0	42	0.00	0.00	64.18	7.47	0.00	0.00	2000
231	11.51	2004	2100	0.00	199	0	0	0	nan	0.00	0.00	5.53	83.15	88.49	0.00	41	0	42	0.00	0.00	64.91	7.38	0.00	0.00	2000
232	11.48	2011	2107	0.00	196	0	0	0	nan	0.00	0.00	4.46	84.56	88.52	0.00	41	0	42	0.00	0.00	62.67	7.64	0.00	0.00	2000
231	11.03	2130	2066	0.00	194	0	0	0	nan	0.00	0.00	3.68	83.96	88.97	0.00	41	0	42	0.00	0.00	66.62	7.12	0.00	0.00	2000
229	11.08	2032	2133	0.00	194	0	0	0	nan	0.00	0.01	4.43	86.10	88.92	0.00	41	0	42	0.00	0.00	64.38	7.31	0.00	0.00	2000
230	10.94	2105	2095	0.00	194	0	0	2	75.35	0.00	0.00	3.46	85.45	89.06	0.00	41	0	42	0.00	0.00	64.74	7.32	0.00	0.00	2000
229	11.19	2050	2100	1.24	196	0	0	9	71.57	0.00	0.01	4.69	84.16	88.81	0.00	41	0	42	0.00	0.00	64.72	7.34	0.00	0.00	2000
234	11.70	2004	2099	0.00	198	0	0	0	nan	0.00	0.00	5.03	83.34	88.30	0.00	41	0	42	0.00	0.00	65.12	7.41	0.00	0.00	2000
229	11.33	2036	2083	0.00	198	0	0	0	nan	0.00	0.00	5.50	82.55	88.67	0.00	41	0	42	0.00	0.00	64.74	7.36	0.00	0.00	2000
230	11.22	2029	2123	0.00	195	0	0	0	nan	0.00	0.00	5.19	84.67	88.78	0.00	41	0	42	0.00	0.00	64.36	7.31	0.00	0.00	2000
228	11.15	2047	2095	0.00	195	0	0	0	nan	0.00	0.02	4.89	83.87	88.85	0.00	41	0	43	0.00	0.00	64.92	7.35	0.00	0.00	2000
230	11.20	2063	2093	0.00	195	0	0	0	nan	0.00	0.00	4.36	84.19	88.80	0.00	41	0	42	0.00	0.00	65.15	7.48	0.00	0.00	2000
230	11.31	2053	2084	0.00	196	0	0	0	nan	0.00	0.02	5.02	83.07	88.69	0.00	41	0	42	0.00	0.00	64.55	7.41	0.00	0.00	2000
231	11.14	2057	2115	0.00	195	0	0	0	nan	0.00	0.02	4.54	85.03	88.86	0.00	41	0	42	0.00	0.00	64.75	7.43	0.00	0.00	2000
228	11.21	2026	2112	0.00	195	0	0	0	nan	0.00	0.02	5.20	84.19	88.79	0.00	40	0	42	0.00	0.00	64.32	7.44	0.00	0.00	2000
230	11.21	2046	2102	0.00	195	0	0	0	nan	0.00	0.01	3.64	85.34	88.79	0.00	41	0	43	0.00	0.00	64.94	7.63	0.00	0.00	2000
228	11.07	2062	2096	0.00	194	0	0	0	nan	0.00	0.00	4.26	84.58	88.93	0.00	41	0	42	0.00	0.00	64.61	7.50	0.00	0.00	2000
233	11.44	2024	2113	0.00	195	0	0	0	nan	0.00	0.00	3.59	85.65	88.56	0.00	41	0	42	0.00	0.00	64.78	7.34	0.00	0.00	2000
229	11.41	2020	2083	0.00	194	0	0	0	nan	0.00	0.02	3.78	84.23	88.59	0.00	41	0	42	0.00	0.00	64.55	7.37	0.00	0.00	2000
231	11.28	2044	2108	0.00	195	0	0	0	nan	0.00	0.00	4.68	84.44	88.72	0.00	41	0	42	0.00	0.00	64.31	7.47	0.00	0.00	2000
229	11.10	2060	2100	0.00	194	0	0	0	nan	0.00	0.02	4.18	84.78	88.90	0.00	41	0	42	0.00	0.00	64.74	7.49	0.00	0.00	2000
230	11.40	2016	2102	0.00	195	0	0	0	nan	0.00	0.00	3.84	84.89	88.60	0.00	41	0	42	0.00	0.00	64.59	7.37	0.00	0.00	2000
228	11.15	2048	2096	0.00	194	0	0	0	nan	0.00	0.02	4.17	84.60	88.85	0.00	42	0	42	0.00	0.00	64.85	7.35	0.00	0.00	2000
232	11.27	2067	2087	1.07	196	0	0	9	64.13	0.00	0.00	4.74	83.51	88.73	0.00	41	0	42	0.00	0.00	64.96	7.33	0.00	0.00	2000
229	11.16	2031	2119	0.18	195	0	0	0	nan	0.00	0.01	4.44	85.37	88.84	0.00	41	0	42	0.00	0.00	64.24	7.45	0.00	0.00	2000
230	11.08	2090	2082	0.00	194	0	0	0	nan	0.00	0.00	3.53	84.71	88.92	0.00	41	0	42	0.00	0.00	64.79	7.39	0.00	0.00	2000
229	11.16	2069	2086	0.00	195	0	0	0	nan	0.00	0.00	4.51	83.85	88.84	0.00	41	0	42	0.00	0.00	64.93	7.31	0.00	0.00	2000
249	11.47	2154	2117	0.00	195	0	0	0	nan	0.00	0.00	5.07	84.22	88.53	0.00	41	0	42	0.00	0.00	64.84	7.41	0.00	0.00	2000
249	11.40	2166	2114	0.00	198	0	0	0	nan	0.00	0.05	5.18	84.06	88.60	0.00	42	0	42	0.00	0.00	65.72	7.60	0.00	0.00	2000
230	11.43	2019	2097	0.00	195	0	0	0	nan	0.00	0.00	3.99	84.59	88.57	0.00	41	0	42	0.00	0.00	64.14	7.50	0.00	0.00	2000
227	11.15	2065	2072	0.00	193	0	0	0	nan	0.00	0.00	4.31	83.45	88.85	0.00	42	0	42	0.00	0.00	64.40	7.42	0.00	0.00	2000
231	11.07	2074	2113	0.00	195	0	0	0	nan	0.00	0.00	5.49	84.04	88.93	0.00	41	0	42	0.00	0.00	64.66	7.48	0.00	0.00	2000
229	11.03	2081	2091	0.00	194	0	0	0	nan	0.00	0.00	5.03	83.64	88.97	0.00	41	0	42	0.00	0.00	64.40	7.56	0.00	0.00	2000
232	11.33	2030	2119	0.00	196	0	0	0	nan	0.00	0.00	5.09	84.50	88.67	0.00	41	0	42	0.00	0.00	64.63	7.41	0.00	0.00	2000
228	11.18	2041	2101	0.00	195	0	0	0	nan	0.00	0.02	4.69	84.35	88.82	0.00	42	0	42	0.00	0.00	64.38	7.32	0.00	0.00	2000
230	11.22	2047	2102	0.00	196	0	0	0	nan	0.00	0.00	4.19	84.68	88.78	0.00	41	0	42	0.00	0.00	64.47	7.51	0.00	0.00	2000
230	11.29	2054	2081	0.00	195	0	0	0	nan	0.00	0.02	4.32	83.64	88.71	0.00	41	0	42	0.00	0.00	64.85	7.59	0.00	0.00	2000
230	10.97	2080	2118	0.00	195	0	0	0	nan	0.00	0.00	4.84	85.04	89.03	0.00	41	0	42	0.00	0.00	64.26	7.51	0.00	0.00	2000
230	11.30	2057	2081	0.00	196	0	0	0	nan	0.00	0.00	4.69	83.33	88.70	0.00	41	0	42	0.00	0.00	64.51	7.55	0.00	0.00	2000
229	11.04	2060	2116	0.00	195	0	0	0	nan	0.00	0.00	4.51	85.22	88.96	0.00	41	0	42	0.00	0.00	64.51	7.60	0.00	0.00	2000
228	10.91	2089	2100	0.80	194	0	0	9	62.68	0.00	0.02	4.80	84.32	89.09	0.00	41	0	42	0.00	0.00	64.51	7.75	0.00	0.00	2000
231	11.16	2075	2091	0.46	195	0	0	0	nan	0.00	0.00	4.09	84.47	88.84	0.00	41	0	42	0.00	0.00	64.74	7.63	0.00	0.00	2000
229	11.09	2073	2088	0.00	193	0	0	0	nan	0.00	0.02	4.51	84.01	88.91	0.00	41	0	42	0.00	0.00	64.32	7.47	0.00	0.00	2000
233	11.20	2073	2112	0.00	194	0	0	0	nan	0.00	0.00	4.46	84.86	88.80	0.00	41	0	42	0.00	0.00	64.60	7.39	0.00	0.00	2000
230	11.14	2057	2102	0.00	203	0	0	0	nan	0.00	0.00	7.78	81.23	88.86	0.00	41	0	42	0.00	0.00	64.94	7.32	0.00	0.00	2000
237	11.40	2068	2112	0.00	201	0	0	0	nan	0.00	0.00	7.47	81.85	88.60	0.00	41	0	42	0.00	0.00	64.24	7.48	0.00	0.00	2000
228	10.86	2110	2092	0.00	199	0	0	0	nan	0.00	0.02	6.26	82.58	89.14	0.00	41	0	42	0.00	0.00	65.09	7.53	0.00	0.00	2000
231	11.18	2053	2113	0.00	199	0	0	0	nan	0.00	0.00	6.40	83.06	88.82	0.00	41	0	42	0.00	0.00	64.58	7.34	0.00	0.00	2000
230	11.01	2099	2094	0.00	200	0	0	0	nan	0.00	0.03	5.33	83.28	88.99	0.00	41	0	42	0.00	0.00	65.30	7.43	0.00	0.00	2000
233	11.13	2108	2086	0.00	198	0	0	0	nan	0.00	0.01	4.42	83.83	88.87	0.00	41	0	42	0.00	0.00	64.62	7.44	0.00	0.00	2000
228	10.73	2111	2117	0.00	195	0	0	0	nan	0.00	0.04	4.61	85.41	89.27	0.00	41	0	42	0.00	0.00	64.61	7.37	0.00	0.00	2000
230	11.13	2083	2083	0.00	194	0	0	0	nan	0.00	0.00	3.49	84.69	88.87	0.00	41	0	42	0.00	0.00	64.72	7.52	0.00	0.00	2000
228	10.86	2090	2115	0.00	195	0	0	0	nan	0.00	0.01	4.74	85.13	89.14	0.00	41	0	42	0.00	0.00	64.38	7.48	0.00	0.00	2000
231	11.26	2051	2101	0.00	194	0	0	0	nan	0.00	0.00	3.94	84.87	88.74	0.00	42	0	42	0.00	0.00	64.95	7.57	0.00	0.00	2000
230	11.32	2059	2074	0.00	195	0	0	0	nan	0.00	0.02	4.38	83.22	88.68	0.00	42	0	42	0.00	0.00	62.11	7.16	0.00	0.00	2000
231	11.09	2056	2123	0.00	195	0	0	0	nan	0.00	0.00	5.12	84.83	88.91	0.00	42	0	42	0.00	0.00	65.01	7.39	0.00	0.00	2000
229	11.10	2061	2101	0.00	195	0	0	0	nan	0.00	0.02	5.06	83.93	88.90	0.00	41	0	42	0.00	0.00	64.89	7.30	0.00	0.00	2000
230	11.07	2091	2085	0.52	194	0	0	9	69.07	0.00	0.00	4.15	84.09	88.93	0.00	41	0	42	0.00	0.00	64.61	7.45	0.00	0.00	2000
228	10.96	2060	2119	0.79	194	0	0	2	82.55	0.00	0.02	4.64	85.34	89.04	0.00	41	0	42	0.00	0.00	64.87	7.33	0.00	0.00	2000
231	11.23	2056	2104	0.00	195	0	0	0	nan	0.00	0.00	4.07	85.04	88.77	0.00	41	0	42	0.00	0.00	64.47	7.30	0.00	0.00	2000
228	11.12	2060	2089	0.00	195	0	0	0	nan	0.00	0.02	4.52	83.99	88.88	0.00	41	0	42	0.00	0.00	65.77	7.45	0.00	0.00	2000
231	10.98	2134	2074	0.00	196	0	0	0	nan	0.00	0.01	4.54	83.41	89.02	0.00	38	0	42	0.00	0.00	61.35	7.23	0.00	0.00	2000
229	10.82	2120	2092	0.00	195	0	0	0	nan	0.00	0.00	4.24	84.71	89.18	0.00	38	0	42	0.00	0.00	64.88	7.35	0.00	0.00	2000
231	10.76	2125	2118	0.00	194	0	0	0	nan	0.01	0.02	3.70	86.33	89.24	0.00	38	0	42	0.00	0.00	64.76	7.25	0.00	0.00	2000
230	11.17	2074	2089	0.00	194	0	0	0	nan	0.00	0.00	4.14	84.31	88.83	0.00	38	0	42	0.00	0.00	64.90	7.17	0.00	0.00	2000
232	11.14	2071	2116	0.00	203	0	0	0	nan	0.00	0.02	7.07	82.45	88.86	0.00	38	0	42	0.00	0.00	67.68	7.59	0.00	0.00	2000
229	11.12	2070	2089	0.00	198	0	0	0	nan	0.00	0.00	7.15	81.36	88.88	0.00	38	0	42	0.00	0.00	61.68	7.10	0.00	0.00	2000
231	11.07	2051	2136	0.00	199	0	0	0	nan	0.00	0.00	6.37	84.17	88.93	0.00	38	0	42	0.00	0.00	67.80	7.56	0.00	0.00	2000
228	11.14	2088	2062	0.00	197	0	0	0	nan	0.00	0.01	5.41	81.91	88.86	0.00	38	0	42	0.00	0.00	62.05	7.32	0.00	0.00	2000
230	11.52	2080	2017	0.00	203	0	0	0	nan	0.00	0.00	6.82	78.21	88.48	0.00	38	0	42	0.00	0.00	62.74	7.16	0.00	0.00	2000
233	10.61	2106	2189	0.00	212	0	0	0	nan	0.00	0.02	3.91	89.24	89.39	0.00	38	0	42	0.00	0.00	67.39	7.65	0.00	0.00	2000
230	11.13	2029	2139	0.00	194	0	0	0	nan	0.00	0.00	3.94	86.68	88.87	0.00	38	0	42	0.00	0.00	67.64	7.77	0.00	0.00	2000
229	11.37	2049	2063	0.00	196	0	0	0	nan	0.00	0.00	3.26	83.88	88.63	0.00	38	0	42	0.00	0.00	61.86	7.13	0.00	0.00	2000
230	11.05	2075	2107	0.00	195	0	0	0	nan	0.00	0.00	4.19	85.06	88.95	0.00	38	0	42	0.00	0.00	64.53	7.31	0.00	0.00	2000
231	10.89	2103	2114	0.30	195	0	0	8	67.04	0.00	0.00	4.52	85.27	89.11	0.00	38	0	43	0.00	0.00	64.78	7.33	0.00	0.00	2000
265	12.48	2106	2117	0.79	196	0	0	4	75.57	0.00	0.00	4.04	84.25	87.52	0.00	38	0	42	0.00	0.00	68.54	7.66	0.00	0.00	2000
228	11.30	2036	2082	0.00	194	0	0	0	nan	0.00	0.02	2.93	85.05	88.70	0.00	38	0	42	0.00	0.00	61.91	7.03	0.00	0.00	2000
230	11.15	2046	2116	0.00	194	0	0	0	nan	0.00	0.00	4.62	84.95	88.85	0.00	38	0	42	0.00	0.00	67.93	7.67	0.00	0.00	2000
228	11.27	2061	2058	0.00	195	0	0	0	nan	0.00	0.00	3.52	83.48	88.73	0.00	38	0	42	0.00	0.00	61.56	7.00	0.00	0.00	2000
230	10.85	2108	2114	0.00	194	0	0	0	nan	0.00	0.04	4.06	85.71	89.15	0.00	38	0	42	0.00	0.00	64.72	7.40	0.00	0.00	2000
232	10.97	2091	2119	0.00	198	0	0	0	nan	0.00	0.00	5.64	84.29	89.03	0.00	38	0	42	0.00	0.00	65.12	7.41	0.00	0.00	2000
231	11.16	2065	2104	0.00	196	0	0	0	nan	0.00	0.00	4.10	85.03	88.84	0.00	38	0	42	0.00	0.00	64.62	7.40	0.00	0.00	2000
228	11.13	2070	2075	0.00	194	0	0	0	nan	0.00	0.00	3.79	84.05	88.87	0.00	38	0	42	0.00	0.00	64.62	7.53	0.00	0.00	2000
230	10.84	2090	2129	0.00	194	0	0	0	nan	0.00	0.00	4.59	85.91	89.16	0.00	38	0	42	0.00	0.00	67.56	7.79	0.00	0.00	2000
229	11.13	2096	2057	0.00	195	0	0	0	nan	0.00	0.00	3.32	83.80	88.87	0.00	38	0	42	0.00	0.00	61.84	7.30	0.00	0.00	2000
227	11.30	2082	2025	0.00	197	0	0	0	nan	0.00	0.00	4.59	81.04	88.70	0.00	38	0	42	0.00	0.00	62.50	7.06	0.00	0.00	2000
233	11.15	1994	2205	0.00	210	0	0	0	nan	0.00	0.00	3.30	90.10	88.85	0.00	38	0	43	0.00	0.00	67.34	7.81	0.00	0.00	2000
229	11.57	1983	2099	0.00	194	0	0	0	nan	0.00	0.00	4.18	84.46	88.43	0.00	38	0	42	0.00	0.00	64.22	7.28	0.00	0.00	2000
228	11.22	2017	2112	0.00	194	0	0	0	nan	0.00	0.00	4.72	84.66	88.78	0.00	38	0	42	0.00	0.00	65.57	7.26	0.00	0.00	2000
228	11.81	2029	1999	0.00	199	0	0	0	nan	0.00	0.00	3.86	80.29	88.19	0.00	38	0	42	0.00	0.00	58.58	6.86	0.00	0.00	2000
232	10.87	2055	2186	0.00	212	0	0	0	nan	0.00	0.00	3.98	88.94	89.14	0.00	38	0	42	0.00	0.00	70.57	8.05	0.00	0.00	2000
229	11.05	2039	2130	0.29	194	0	0	8	65.94	0.00	0.00	3.89	86.47	88.95	0.00	38	0	42	0.00	0.00	64.81	7.35	0.00	0.00	2000
228	11.36	2029	2081	0.89	194	0	0	4	74.69	0.00	0.00	3.61	84.28	88.64	0.00	38	0	43	0.00	0.00	64.45	7.38	0.00	0.00	2000
231	11.18	2042	2119	0.00	194	0	0	0	nan	0.00	0.00	4.45	85.28	88.82	0.00	38	0	42	0.00	0.00	64.52	7.31	0.00	0.00	2000
230	11.26	2078	2064	0.00	195	0	0	0	nan	0.00	0.00	4.19	83.12	88.74	0.00	38	0	42	0.00	0.00	64.67	7.32	0.00	0.00	2000
230	10.77	2097	2141	0.00	195	0	0	0	nan	0.00	0.00	3.92	87.16	89.23	0.00	38	0	43	0.00	0.00	64.68	7.45	0.00	0.00	2000
228	11.28	2028	2091	0.00	195	0	0	0	nan	0.00	0.01	3.06	85.38	88.72	0.00	38	0	42	0.00	0.00	64.86	7.70	0.00	0.00	2000
230	11.48	2017	2082	0.00	195	0	0	0	nan	0.00	0.00	3.36	84.42	88.52	0.00	38	0	42	0.00	0.00	64.43	7.34	0.00	0.00	2000
229	10.90	2088	2114	0.00	196	0	0	0	nan	0.00	0.00	4.53	85.22	89.10	0.00	38	0	42	0.00	0.00	64.93	7.46	0.00	0.00	2000
231	11.36	2042	2093	0.00	194	0	0	0	nan	0.00	0.00	3.42	84.99	88.64	0.00	38	0	42	0.00	0.00	64.49	7.57	0.00	0.00	2000
229	11.32	2040	2084	0.00	196	0	0	0	nan	0.00	0.00	4.14	83.91	88.68	0.00	37	0	42	0.00	0.00	64.58	7.47	0.00	0.00	2000
230	11.19	2025	2133	0.00	195	0	0	0	nan	0.00	0.00	3.79	86.61	88.81	0.00	38	0	42	0.00	0.00	64.44	7.53	0.00	0.00	2000
228	11.27	2043	2084	0.00	196	0	0	0	nan	0.00	0.00	4.11	84.03	88.73	0.00	38	0	42	0.00	0.00	64.84	7.39	0.00	0.00	2000
231	11.25	2038	2116	0.00	194	0	0	0	nan	0.00	0.00	4.23	85.37	88.75	0.00	38	0	42	0.00	0.00	64.86	7.46	0.00	0.00	2000
228	11.29	2026	2093	0.00	194	0	0	0	nan	0.00	0.00	3.57	84.94	88.71	0.00	38	0	42	0.00	0.00	64.49	7.50	0.00	0.00	2000
231	11.53	2019	2082	0.00	195	0	0	0	nan	0.00	0.00	4.11	83.67	88.47	0.00	38	0	42	0.00	0.00	64.51	7.46	0.00	0.00	2000
228	11.04	2080	2086	0.00	195	0	0	0	nan	0.00	0.00	4.58	83.97	88.96	0.00	37	0	42	0.00	0.00	64.55	7.55	0.00	0.00	2000
230	11.10	2059	2117	0.00	194	0	0	0	nan	0.01	0.00	3.97	85.66	88.90	0.00	38	0	42	0.00	0.00	64.82	7.51	0.00	0.00	2000
227	10.84	2122	2075	0.00	195	0	0	5	70.79	0.00	0.00	4.69	83.50	89.16	0.00	38	0	42	0.00	0.00	64.72	7.41	0.00	0.00	2000
231	11.05	2076	2118	1.19	195	0	0	6	74.19	0.00	0.03	3.96	85.70	88.95	0.00	38	0	42	0.00	0.00	64.88	7.39	0.00	0.00	2000
231	11.49	2020	2092	0.00	205	0	0	0	nan	0.00	0.00	6.13	82.19	88.51	0.00	38	0	42	0.00	0.00	64.22	7.46	0.00	0.00	2000
231	11.19	2026	2140	0.00	206	0	0	0	nan	0.00	0.02	5.04	85.62	88.81	0.00	38	0	42	0.00	0.00	64.93	7.60	0.00	0.00	2000
227	11.22	2037	2087	0.00	194	0	0	0	nan	0.00	0.02	2.73	85.49	88.78	0.00	38	0	42	0.00	0.00	64.44	7.37	0.00	0.00	2000
230	11.33	2043	2088	0.00	194	0	0	0	nan	0.00	0.00	3.77	84.46	88.67	0.00	38	0	42	0.00	0.00	65.02	7.24	0.00	0.00	2000
228	11.19	2043	2092	0.00	195	0	0	0	nan	0.00	0.00	5.16	83.39	88.81	0.00	38	0	42	0.00	0.00	64.59	7.40	0.00	0.00	2000
231	11.26	2024	2129	0.00	196	0	0	0	nan	0.00	0.00	4.36	85.71	88.74	0.00	38	0	42	0.00	0.00	64.58	7.32	0.00	0.00	2000
229	11.08	2107	2063	0.00	194	0	0	0	nan	0.00	0.00	3.61	83.84	88.92	0.00	39	0	42	0.00	0.00	64.84	7.51	0.00	0.00	2000
230	11.00	2084	2111	0.00	194	0	0	0	nan	0.00	0.00	4.45	85.07	89.00	0.00	38	0	42	0.00	0.00	64.77	7.34	0.00	0.00	2000
228	10.93	2092	2095	0.00	194	0	0	0	nan	0.00	0.00	4.09	84.79	89.07	0.00	38	0	42	0.00	0.00	64.63	7.33	0.00	0.00	2000
231	11.06	2083	2106	0.00	195	0	0	0	nan	0.00	0.00	4.41	84.83	88.94	0.00	38	0	42	0.00	0.00	64.62	7.31	0.00	0.00	2000
232	11.05	2094	2104	0.00	195	0	0	0	nan	0.00	0.00	4.34	84.91	88.95	0.00	38	0	42	0.00	0.00	64.44	7.31	0.00	0.00	2000
230	10.93	2101	2101	0.00	196	0	0	0	nan	0.00	0.00	4.39	84.79	89.07	0.00	39	0	42	0.00	0.00	65.02	7.61	0.00	0.00	2000
229	11.23	2062	2077	0.00	194	0	0	0	nan	0.00	0.00	4.28	83.56	88.77	0.00	38	0	42	0.00	0.00	64.68	7.33	0.00	0.00	2000
232	10.97	2075	2141	0.00	194	0	0	0	nan	0.00	0.03	4.71	86.10	89.03	0.00	38	0	42	0.00	0.00	65.21	7.30	0.00	0.00	2000
228	11.19	2039	2096	0.00	194	0	0	0	nan	0.00	0.00	3.17	85.48	88.81	0.00	38	0	42	0.00	0.00	64.71	7.45	0.00	0.00	2000
230	11.27	2060	2077	0.00	196	0	0	3	71.69	0.00	0.00	3.96	83.84	88.73	0.00	38	0	42	0.00	0.00	62.35	7.53	0.00	0.00	2000
231	10.93	2124	2088	1.21	195	0	0	8	70.84	0.00	0.00	4.30	84.23	89.07	0.00	38	0	42	0.00	0.00	64.51	6.92	0.00	0.00	2000
230	11.26	2026	2122	0.00	195	0	0	0	nan	0.00	0.02	4.15	85.58	88.74	0.00	38	0	42	0.00	0.00	67.47	7.75	0.00	0.00	2000
235	11.08	2108	2110	0.00	197	0	0	0	nan	0.00	0.00	4.67	84.74	88.92	0.00	38	0	42	0.00	0.00	65.48	7.45	0.00	0.00	2000
229	11.23	2031	2111	0.00	195	0	0	0	nan	0.00	0.00	3.87	85.45	88.77	0.00	38	0	42	0.00	0.00	64.79	7.51	0.00	0.00	2000
229	11.06	2071	2094	0.00	197	0	0	0	nan	0.00	0.00	5.16	83.57	88.94	0.00	38	0	42	0.00	0.00	64.81	7.45	0.00	0.00	2000
232	11.04	2124	2076	0.00	198	0	0	0	nan	0.00	0.01	4.78	83.25	88.96	0.00	38	0	42	0.00	0.00	65.00	7.31	0.00	0.00	2000
230	10.73	2117	2125	0.00	195	0	0	0	nan	0.00	0.02	3.49	86.82	89.27	0.00	38	0	42	0.00	0.00	65.41	7.56	0.00	0.00	2000
230	11.43	2037	2072	0.00	194	0	0	0	nan	0.00	0.02	3.08	84.41	88.57	0.00	38	0	42	0.00	0.00	64.81	7.51	0.00	0.00	2000
228	10.92	2102	2090	0.00	195	0	0	0	nan	0.00	0.00	3.79	84.92	89.08	0.00	38	0	43	0.00	0.00	62.50	7.12	0.00	0.00	2000
231	10.90	2079	2142	0.00	195	0	0	0	nan	0.00	0.00	3.57	87.31	89.10	0.00	39	0	42	0.00	0.00	67.56	7.79	0.00	0.00	2000
230	11.22	2104	2051	0.00	195	0	0	0	nan	0.00	0.00	3.37	83.31	88.78	0.00	38	0	43	0.00	0.00	59.00	6.85	0.00	0.00	2000
231	10.87	2104	2121	0.00	195	0	0	0	nan	0.00	0.00	3.09	86.98	89.13	0.00	38	0	42	0.00	0.00	67.98	7.63	0.00	0.00	2000
230	11.09	2079	2097	0.00	194	0	0	0	nan	0.00	0.00	3.60	85.29	88.91	0.00	38	0	42	0.00	0.00	65.00	7.49	0.00	0.00	2000
230	10.88	2086	2127	0.00	195	0	0	0	nan	0.00	0.00	3.74	86.62	89.12	0.00	39	0	42	0.00	0.00	66.00	7.64	0.00	0.00	2000
227	11.18	2088	2047	0.00	195	0	0	0	nan	0.00	0.01	3.37	83.23	88.82	0.00	39	0	42	0.00	0.00	60.64	7.11	0.00	0.00	2000
233	11.28	2028	2138	0.00	195	0	0	0	nan	0.00	0.00	4.03	86.42	88.72	0.00	38	0	42	0.00	0.00	67.97	7.79	0.00	0.00	2000
227	10.80	2127	2077	0.00	194	0	0	0	94.84	0.00	0.00	3.87	84.45	89.20	0.00	39	0	42	0.00	0.00	62.00	7.17	0.00	0.00	2000
230	10.74	2096	2143	1.07	194	0	0	10	66.49	0.00	0.00	3.78	87.34	89.26	0.00	38	0	42	0.00	0.00	67.87	7.96	0.00	0.00	2000
229	11.17	2094	2055	0.17	196	0	0	0	nan	0.00	0.00	2.81	84.13	88.83	0.00	39	0	42	0.00	0.00	62.12	7.17	0.00	0.00	2000
230	11.17	2043	2119	0.00	196	0	0	0	nan	0.00	0.02	4.16	85.52	88.83	0.00	38	0	42	0.00	0.00	67.58	7.79	0.00	0.00	2000
230	11.23	2026	2122	0.00	195	0	0	0	nan	0.00	0.00	3.46	86.35	88.77	0.00	38	0	42	0.00	0.00	64.85	7.52	0.00	0.00	2000
230	11.06	2109	2069	0.00	194	0	0	0	nan	0.00	0.00	3.38	84.28	88.94	0.00	38	0	42	0.00	0.00	61.68	6.96	0.00	0.00	2000
229	10.82	2113	2100	0.00	196	0	0	0	nan	0.00	0.00	3.64	85.57	89.18	0.00	38	0	42	0.00	0.00	64.57	7.51	0.00	0.00	2000
230	10.98	2080	2115	0.00	196	0	0	0	nan	0.00	0.00	3.52	86.22	89.02	0.00	39	0	42	0.00	0.00	67.85	7.85	0.00	0.00	2000
229	11.07	2088	2078	0.00	194	0	0	0	nan	0.00	0.00	4.33	83.75	88.93	0.00	39	0	42	0.00	0.00	61.97	7.04	0.00	0.00	2000
230	10.94	2088	2113	0.00	197	0	0	0	nan	0.00	0.00	3.97	85.75	89.06	0.00	39	0	42	0.00	0.00	64.53	7.58	0.00	0.00	2000
231	10.75	2165	2087	0.00	196	0	0	0	nan	0.00	0.00	4.93	83.72	89.25	0.00	38	0	42	0.00	0.00	64.97	7.39	0.00	0.00	2000
231	11.07	2078	2109	0.00	196	0	0	0	nan	0.00	0.00	3.40	86.05	88.93	0.00	38	0	42	0.00	0.00	64.82	7.55	0.00	0.00	2000
228	11.05	2080	2088	0.00	195	0	0	0	nan	0.00	0.02	3.69	84.85	88.95	0.00	39	0	42	0.00	0.00	65.09	7.50	0.00	0.00	2000
244	11.25	2157	2112	0.00	197	0	0	0	nan	0.00	0.02	5.08	84.21	88.75	0.00	38	0	42	0.00	0.00	65.03	7.28	0.00	0.00	2000
230	11.14	2063	2098	0.00	196	0	0	0	nan	0.00	0.00	4.28	84.60	88.86	0.00	38	0	42	0.00	0.00	64.57	7.48	0.00	0.00	2000
232	11.21	2051	2117	0.00	196	0	0	0	nan	0.00	0.00	3.01	86.55	88.79	0.00	38	0	42	0.00	0.00	64.51	7.51	0.00	0.00	2000
228	10.81	2102	2109	0.00	194	0	0	0	nan	0.00	0.00	4.07	85.50	89.19	0.00	39	0	42	0.00	0.00	68.25	7.85	0.00	0.00	2000
229	11.18	2072	2076	0.00	193	0	0	0	nan	0.00	0.00	3.40	84.49	88.82	0.00	38	0	42	0.00	0.00	61.71	7.08	0.00	0.00	2000
250	11.87	2136	2070	0.84	195	0	0	8	61.85	0.00	0.02	3.85	83.07	88.13	0.00	39	0	42	0.00	0.00	62.34	7.27	0.00	0.00	2000
231	11.01	2067	2131	0.33	210	0	0	0	nan	0.00	0.00	3.38	87.03	88.99	0.00	38	0	42	0.00	0.00	67.79	7.73	0.00	0.00	2000
229	10.89	2118	2089	0.00	195	0	0	0	nan	0.00	0.00	4.43	84.24	89.11	0.00	39	0	42	0.00	0.00	64.80	7.47	0.00	0.00	2000
230	10.95	2077	2127	0.00	197	0	0	0	nan	0.00	0.02	5.54	84.70	89.05	0.00	39	0	42	0.00	0.00	64.43	7.36	0.00	0.00	2000
229	11.19	2067	2078	0.00	196	0	0	0	nan	0.00	0.00	4.34	83.64	88.81	0.00	39	0	42	0.00	0.00	64.94	7.43	0.00	0.00	2000
231	10.67	2128	2139	0.00	194	0	0	0	nan	0.00	0.00	4.01	87.04	89.33	0.00	38	0	42	0.00	0.00	64.97	7.45	0.00	0.00	2000
233	11.53	2054	2065	0.00	210	0	0	0	nan	0.00	0.00	6.85	80.29	88.47	0.00	39	0	42	0.00	0.00	64.71	7.37	0.00	0.00	2000
232	10.99	2110	2102	0.00	195	0	0	0	nan	0.01	0.00	4.63	84.49	89.01	0.00	39	0	42	0.00	0.00	64.99	7.44	0.00	0.00	2000
229	11.04	2079	2093	0.00	197	0	0	0	nan	0.00	0.00	3.13	85.61	88.96	0.00	38	0	42	0.00	0.00	64.91	7.36	0.00	0.00	2000
230	11.12	2062	2107	0.00	196	0	0	0	nan	0.00	0.00	3.96	85.30	88.88	0.00	38	0	42	0.00	0.00	64.57	7.28	0.00	0.00	2000
230	11.11	2066	2106	0.00	195	0	0	0	nan	0.00	0.00	3.52	85.69	88.89	0.00	39	0	42	0.00	0.00	64.85	7.22	0.00	0.00	2000
230	11.34	2014	2112	0.00	197	0	0	0	nan	0.00	0.00	4.83	84.45	88.66	0.00	39	0	42	0.00	0.00	64.83	7.43	0.00	0.00	2000
230	11.45	2032	2075	0.00	196	0	0	0	nan	0.00	0.00	4.90	82.73	88.55	0.00	39	0	42	0.00	0.00	65.04	7.37	0.00	0.00	2000
232	11.00	2066	2144	0.00	195	0	0	0	nan	0.00	0.00	4.46	86.50	89.00	0.00	38	0	42	0.00	0.00	67.30	7.43	0.00	0.00	2000
227	11.33	2048	2057	0.00	194	0	0	0	nan	0.00	0.02	3.15	83.80	88.67	0.00	38	0	42	0.00	0.00	62.66	7.51	0.00	0.00	2000
230	11.03	2042	2142	0.00	195	0	0	0	nan	0.00	0.00	3.36	87.51	88.97	0.00	38	0	42	0.00	0.00	63.99	7.40	0.00	0.00	2000
228	11.15	2086	2058	0.00	194	0	0	0	nan	0.00	0.02	3.46	83.72	88.85	0.00	39	0	42	0.00	0.00	64.66	7.40	0.00	0.00	2000
232	11.31	2032	2122	0.66	197	0	0	9	65.38	0.00	0.00	4.28	85.44	88.69	0.00	39	0	42	0.00	0.00	64.66	7.46	0.00	0.00	2000
228	11.04	2057	2109	0.62	194	0	0	0	nan	0.00	0.00	3.68	85.80	88.96	0.00	39	0	42	0.00	0.00	65.20	7.36	0.00	0.00	2000
230	11.00	2093	2096	0.00	194	0	0	0	nan	0.00	0.00	3.73	85.13	89.00	0.00	38	0	42	0.00	0.00	65.06	7.28	0.00	0.00	2000
228	11.02	2082	2086	0.00	195	0	0	0	nan	0.00	0.02	3.78	84.65	88.98	0.00	39	0	42	0.00	0.00	64.44	7.27	0.00	0.00	2000
230	10.99	2064	2131	0.00	196	0	0	0	nan	0.00	0.00	3.63	86.84	89.01	0.00	38	0	42	0.00	0.00	64.86	7.28	0.00	0.00	2000
228	11.24	2075	2049	0.00	194	0	0	0	nan	0.00	0.02	2.70	83.93	88.76	0.00	38	0	42	0.00	0.00	64.71	7.36	0.00	0.00	2000
232	11.25	2041	2126	0.00	195	0	0	0	nan	0.00	0.03	3.92	85.96	88.75	0.00	38	0	42	0.00	0.00	65.17	7.56	0.00	0.00	2000
227	11.07	2077	2075	0.00	194	0	0	0	nan	0.00	0.00	3.88	84.07	88.93	0.00	39	0	42	0.00	0.00	64.59	7.78	0.00	0.00	2000
232	10.95	2101	2117	0.00	196	0	0	0	nan	0.00	0.02	3.95	85.92	89.05	0.00	39	0	42	0.00	0.00	64.98	7.44	0.00	0.00	2000
229	11.00	2085	2094	0.00	194	0	0	0	nan	0.00	0.00	3.83	85.01	89.00	0.00	38	0	42	0.00	0.00	64.83	7.24	0.00	0.00	2000
226	11.43	2066	2009	0.00	195	0	0	0	nan	0.00	0.00	3.23	81.61	88.57	0.00	39	0	42	0.00	0.00	60.02	6.76	0.00	0.00	2000
234	10.69	2069	2224	0.00	211	0	0	0	nan	0.00	0.00	3.33	91.27	89.31	0.00	38	0	42	0.00	0.00	69.81	8.07	0.00	0.00	2000
229	11.37	2033	2083	0.00	195	0	0	0	nan	0.00	0.00	3.71	84.32	88.63	0.00	38	0	42	0.00	0.00	64.62	7.28	0.00	0.00	2000
227	11.07	2060	2093	0.00	194	0	0	0	nan	0.00	0.02	3.83	84.93	88.93	0.00	38	0	42	0.00	0.00	64.52	7.38	0.00	0.00	2000
231	11.07	2081	2103	0.00	198	0	0	0	nan	0.00	0.00	4.68	84.52	88.93	0.00	39	0	42	0.00	0.00	64.74	7.34	0.00	0.00	2000
231	11.15	2050	2120	0.00	196	0	0	0	nan	0.00	0.00	4.30	85.44	88.85	0.00	39	0	42	0.00	0.00	64.91	7.33	0.00	0.00	2000
230	11.38	2007	2111	0.00	195	0	0	0	nan	0.00	0.00	4.10	85.10	88.62	0.00	39	0	42	0.00	0.00	64.52	7.28	0.00	0.00	2000
228	11.24	2067	2060	0.52	196	0	0	9	65.20	0.00	0.00	3.27	83.91	88.76	0.00	38	0	42	0.00	0.00	64.79	7.34	0.00	0.00	2000
230	11.10	2059	2113	0.76	195	0	0	1	89.71	0.00	0.01	3.60	85.88	88.90	0.00	39	0	42	0.00	0.00	64.66	7.57	0.00	0.00	2000
228	11.00	2048	2122	0.00	194	0	0	0	nan	0.00	0.00	3.73	86.29	89.00	0.00	38	0	42	0.00	0.00	65.07	7.36	0.00	0.00	2000
228	11.15	2044	2106	0.00	194	0	0	0	nan	0.00	0.00	3.48	85.66	88.85	0.00	39	0	42	0.00	0.00	64.61	7.40	0.00	0.00	2000
230	11.49	2044	2059	0.00	197	0	0	0	nan	0.00	0.00	3.63	83.27	88.51	0.00	39	0	42	0.00	0.00	64.71	7.34	0.00	0.00	2000
229	10.96	2053	2141	0.00	194	0	0	0	nan	0.00	0.00	3.63	87.21	89.04	0.00	39	0	43	0.00	0.00	64.66	7.42	0.00	0.00	2000
228	11.20	2076	2065	0.00	194	0	0	0	nan	0.00	0.00	3.27	84.13	88.80	0.00	39	0	42	0.00	0.00	64.77	7.32	0.00	0.00	2000
229	10.75	2094	2138	0.00	196	0	0	0	nan	0.00	0.00	3.57	87.41	89.25	0.00	39	0	42	0.00	0.00	64.85	7.22	0.00	0.00	2000
228	11.27	2050	2075	0.00	195	0	0	0	nan	0.00	0.01	3.50	84.27	88.73	0.00	39	0	42	0.00	0.00	64.69	7.20	0.00	0.00	2000
233	11.02	2121	2095	0.00	195	0	0	0	nan	0.00	0.00	3.90	85.00	88.98	0.00	38	0	42	0.00	0.00	65.06	7.32	0.00	0.00	2000
226	10.85	2108	2072	0.00	195	0	0	0	nan	0.00	0.00	3.68	84.38	89.15	0.00	37	0	42	0.00	0.00	63.59	7.15	0.00	0.00	2000
230	10.99	2041	2158	0.00	195	0	0	0	nan	0.00	0.02	3.91	87.67	89.01	0.00	38	0	42	0.00	0.00	65.06	7.31	0.00	0.00	2000
228	11.25	2053	2070	0.00	195	0	0	0	nan	0.00	0.00	4.28	83.29	88.75	0.00	38	0	42	0.00	0.00	65.01	7.16	0.00	0.00	2000
230	11.21	2026	2126	0.00	194	0	0	0	nan	0.00	0.00	4.82	85.15	88.79	0.00	38	0	42	0.00	0.00	64.83	7.41	0.00	0.00	2000
230	11.30	2057	2076	0.00	196	0	0	0	nan	0.00	0.00	4.29	83.45	88.70	0.00	39	0	43	0.00	0.00	64.89	7.29	0.00	0.00	2000
231	11.14	2049	2123	0.00	194	0	0	0	nan	0.00	0.00	5.13	84.86	88.86	0.00	39	0	42	0.00	0.00	64.78	7.26	0.00	0.00	2000
228	11.18	2047	2096	0.00	196	0	0	0	nan	0.00	0.00	4.13	84.57	88.82	0.00	38	0	42	0.00	0.00	64.69	7.51	0.00	0.00	2000
234	11.42	2067	2082	0.28	196	0	0	8	67.18	0.00	0.00	4.70	83.21	88.58	0.00	39	0	42	0.00	0.00	65.20	7.22	0.00	0.00	2000
230	11.24	2053	2096	0.90	196	0	0	4	75.71	0.00	0.00	5.10	83.52	88.76	0.00	39	0	42	0.00	0.00	61.92	7.29	0.00	0.00	2000
232	11.13	2087	2097	0.00	197	0	0	0	nan	0.00	0.00	5.05	83.77	88.87	0.00	39	0	42	0.00	0.00	67.41	7.17	0.00	0.00	2000
228	11.16	2029	2113	0.00	195	0	0	0	nan	0.00	0.00	4.87	84.69	88.84	0.00	39	0	42	0.00	0.00	65.10	7.46	0.00	0.00	2000
229	10.99	2071	2117	0.00	195	0	0	0	nan	0.00	0.02	3.84	85.91	89.01	0.00	38	0	42	0.00	0.00	64.72	7.52	0.00	0.00	2000
228	11.00	2076	2096	0.00	196	0	0	0	nan	0.00	0.00	3.23	85.68	89.00	0.00	39	0	42	0.00	0.00	65.10	7.52	0.00	0.00	2000
229	11.35	2013	2107	0.00	195	0	0	0	nan	0.00	0.00	3.51	85.49	88.65	0.00	39	0	42	0.00	0.00	64.66	7.36	0.00	0.00	2000
230	11.23	2058	2094	0.00	194	0	0	0	nan	0.00	0.02	3.19	85.37	88.77	0.00	39	0	42	0.00	0.00	65.16	7.35	0.00	0.00	2000
230	11.35	2029	2097	0.00	196	0	0	0	nan	0.00	0.00	3.83	84.85	88.65	0.00	39	0	42	0.00	0.00	64.74	7.39	0.00	0.00	2000
230	11.31	2051	2081	0.00	196	0	0	0	nan	0.00	0.00	3.93	84.12	88.69	0.00	39	0	42	0.00	0.00	64.85	7.29	0.00	0.00	2000
231	11.12	2052	2123	0.00	195	0	0	0	nan	0.00	0.01	4.58	85.41	88.88	0.00	39	0	42	0.00	0.00	64.80	7.25	0.00	0.00	2000
227	11.10	2059	2088	0.00	195	0	0	0	nan	0.00	0.00	3.83	84.66	88.90	0.00	39	0	42	0.00	0.00	64.86	7.23	0.00	0.00	2000
229	11.51	1999	2090	0.00	195	0	0	0	nan	0.00	0.00	4.78	83.39	88.49	0.00	39	0	42	0.00	0.00	64.39	7.24	0.00	0.00	2000
231	10.83	2140	2092	0.00	195	0	0	0	nan	0.00	0.02	4.54	84.33	89.17	0.00	39	0	42	0.00	0.00	64.99	7.40	0.00	0.00	2000
229	11.28	2009	2125	0.00	194	0	0	0	nan	0.00	0.00	4.66	85.27	88.72	0.00	39	0	42	0.00	0.00	64.41	7.36	0.00	0.00	2000
227	11.12	2065	2076	0.00	195	0	0	0	nan	0.00	0.00	3.84	84.12	88.88	0.00	39	0	42	0.00	0.00	64.64	7.31	0.00	0.00	2000
229	11.11	2031	2135	0.00	195	0	0	0	nan	0.00	0.00	4.76	85.82	88.89	0.00	39	0	42	0.00	0.00	64.41	7.44	0.00	0.00	2000
229	10.90	2114	2087	0.00	196	0	0	5	69.50	0.00	0.02	4.02	84.52	89.10	0.00	39	0	42	0.00	0.00	64.95	7.25	0.00	0.00	2000
232	11.71	1995	2088	1.18	195	0	0	6	74.31	0.00	0.00	3.75	84.17	88.29	0.00	39	0	42	0.00	0.00	64.58	7.29	0.00	0.00	2000
228	11.03	2074	2095	0.00	195	0	0	0	nan	0.00	0.00	4.47	84.36	88.97	0.00	39	0	43	0.00	0.00	62.60	7.05	0.00	0.00	2000
230	11.25	2044	2102	0.00	196	0	0	0	nan	0.00	0.00	5.14	83.71	88.75	0.00	39	0	42	0.00	0.00	65.17	7.24	0.00	0.00	2000
228	11.04	2051	2114	0.00	198	0	0	0	nan	0.00	0.00	6.17	83.53	88.96	0.00	39	0	42	0.00	0.00	65.03	7.52	0.00	0.00	2000
230	11.19	2071	2084	0.00	195	0	0	0	nan	0.00	0.00	4.30	83.83	88.81	0.00	39	0	42	0.00	0.00	65.11	7.28	0.00	0.00	2000
230	11.36	2036	2087	0.00	196	0	0	0	nan	0.00	0.00	5.33	82.87	88.64	0.00	39	0	42	0.00	0.00	61.54	6.86	0.00	0.00	2000
229	11.02	2072	2110	0.00	196	0	0	0	nan	0.00	0.00	4.02	85.49	88.98	0.00	39	0	42	0.00	0.00	67.81	7.65	0.00	0.00	2000
229	10.96	2076	2114	0.00	195	0	0	0	nan	0.00	0.00	5.02	84.72	89.04	0.00	39	0	42	0.00	0.00	64.93	7.23	0.00	0.00	2000
231	11.23	2048	2111	0.00	195	0	0	0	nan	0.00	0.02	4.06	85.27	88.77	0.00	39	0	42	0.00	0.00	65.07	7.35	0.00	0.00	2000
228	11.02	2078	2089	0.00	195	0	0	0	nan	0.00	0.00	3.94	84.62	88.98	0.00	39	0	42	0.00	0.00	64.68	7.47	0.00	0.00	2000
232	11.14	2075	2104	0.00	196	0	0	0	nan	0.00	0.00	3.98	85.11	88.86	0.00	39	0	42	0.00	0.00	64.90	7.58	0.00	0.00	2000
240	11.84	2028	2099	0.00	195	0	0	0	nan	0.00	0.00	4.98	83.25	88.16	0.00	39	0	42	0.00	0.00	64.82	7.41	0.00	0.00	2000
230	11.32	2022	2109	0.00	194	0	0	0	nan	0.00	0.00	3.89	85.26	88.68	0.00	39	0	42	0.00	0.00	64.87	7.49	0.00	0.00	2000
230	11.22	2077	2070	0.00	195	0	0	0	nan	0.00	0.00	3.46	84.15	88.78	0.00	39	0	42	0.00	0.00	61.66	7.04	0.00	0.00	2000
229	10.84	2086	2130	0.00	194	0	0	0	nan	0.00	0.00	4.47	86.01	89.16	0.00	39	0	42	0.00	0.00	67.78	7.74	0.00	0.00	2000
227	11.22	2057	2070	0.00	196	0	0	0	nan	0.00	0.00	3.56	84.00	88.78	0.00	39	0	42	0.00	0.00	61.73	7.10	0.00	0.00	2000
231	11.15	2060	2113	0.00	196	0	0	3	72.95	0.00	0.00	4.93	84.44	88.85	0.00	39	0	42	0.00	0.00	67.51	7.78	0.00	0.00	2000
233	11.37	2047	2107	1.24	195	0	0	9	65.15	0.00	0.00	4.89	84.12	88.63	0.00	38	0	42	0.00	0.00	65.13	7.41	0.00	0.00	2000
230	11.08	2069	2109	0.00	197	0	0	0	nan	0.00	0.00	4.94	84.40	88.92	0.00	39	0	42	0.00	0.00	65.41	7.67	0.00	0.00	2000
228	11.10	2083	2071	0.00	197	0	0	0	nan	0.00	0.00	3.59	84.12	88.90	0.00	39	0	42	0.00	0.00	61.47	7.03	0.00	0.00	2000
231	10.95	2074	2131	0.00	195	0	0	0	nan	0.00	0.02	4.55	85.94	89.05	0.00	39	0	42	0.00	0.00	67.82	7.51	0.00	0.00	2000
230	11.28	2064	2076	0.00	196	0	0	0	nan	0.00	0.00	3.68	84.11	88.72	0.00	39	0	42	0.00	0.00	61.93	7.08	0.00	0.00	2000
230	10.88	2096	2121	0.00	194	0	0	0	nan	0.00	0.00	4.52	85.51	89.12	0.00	39	0	42	0.00	0.00	68.11	7.61	0.00	0.00	2000
229	11.35	2037	2077	0.00	197	0	0	0	nan	0.00	0.00	4.67	83.06	88.65	0.00	39	0	42	0.00	0.00	61.74	7.20	0.00	0.00	2000
232	11.38	2030	2107	0.00	198	0	0	0	nan	0.00	0.00	5.12	83.91	88.62	0.00	39	0	42	0.00	0.00	64.90	7.55	0.00	0.00	2000
230	11.02	2075	2112	0.00	194	0	0	0	nan	0.00	0.00	4.34	85.24	88.98	0.00	39	0	42	0.00	0.00	67.56	7.72	0.00	0.00	2000
231	11.66	1972	2109	0.00	196	0	0	0	nan	0.00	0.02	4.09	84.79	88.34	0.00	39	0	42	0.00	0.00	64.55	7.61	0.00	0.00	2000
228	11.37	2037	2068	0.00	196	0	0	0	nan	0.00	0.00	4.00	83.40	88.63	0.00	39	0	42	0.00	0.00	62.04	7.16	0.00	0.00	2000
229	11.33	2011	2112	0.00	194	0	0	0	nan	0.00	0.00	4.06	85.23	88.67	0.00	39	0	42	0.00	0.00	64.43	7.36	0.00	0.00	2000
227	11.05	2045	2114	0.00	195	0	0	0	nan	0.00	0.00	4.52	85.18	88.95	0.00	39	0	42	0.00	0.00	67.46	7.62	0.00	0.00	2000
229	11.22	2041	2103	0.00	194	0	0	0	nan	0.00	0.00	3.79	85.22	88.78	0.00	39	0	42	0.00	0.00	65.18	7.40	0.00	0.00	2000
230	11.42	2051	2064	0.00	197	0	0	0	nan	0.00	0.00	4.79	82.49	88.58	0.00	39	0	42	0.00	0.00	61.30	7.01	0.00	0.00	2000
229	10.89	2067	2140	0.00	194	0	0	0	nan	0.00	0.00	4.68	86.31	89.11	0.00	39	0	42	0.00	0.00	67.25	7.87	0.00	0.00	2000
228	11.15	2049	2092	0.00	195	0	0	0	95.19	0.00	0.00	3.31	85.29	88.85	0.00	38	0	42	0.00	0.00	64.32	7.33	0.00	0.00	2000
230	11.16	2064	2098	1.22	194	0	0	10	66.56	0.00	0.00	4.10	84.74	88.84	0.00	39	0	42	0.00	0.00	62.05	6.96	0.00	0.00	2000
228	11.23	2034	2096	0.03	197	0	0	0	nan	0.00	0.00	4.45	84.25	88.77	0.00	39	0	42	0.00	0.00	64.25	7.34	0.00	0.00	2000
231	11.43	2000	2121	0.00	195	0	0	0	nan	0.00	0.00	3.88	85.66	88.57	0.00	39	0	42	0.00	0.00	64.84	7.38	0.00	0.00	2000
229	11.32	2041	2084	0.00	196	0	0	0	nan	0.00	0.01	3.76	84.35	88.68	0.00	39	0	42	0.00	0.00	64.87	7.33	0.00	0.00	2000
229	11.30	2015	2112	0.00	194	0	0	0	nan	0.00	0.00	4.10	85.22	88.70	0.00	39	0	42	0.00	0.00	66.94	7.80	0.00	0.00	2000
229	11.25	2075	2058	0.00	195	0	0	0	nan	0.00	0.02	3.64	83.44	88.75	0.00	39	0	42	0.00	0.00	61.88	7.10	0.00	0.00	2000
231	11.27	2017	2135	0.00	196	0	0	0	nan	0.00	0.00	5.38	84.93	88.73	0.00	39	0	42	0.00	0.00	64.51	7.37	0.00	0.00	2000
229	11.10	2068	2094	0.00	195	0	0	0	nan	0.00	0.00	3.79	84.88	88.90	0.00	39	0	42	0.00	0.00	65.01	7.41	0.00	0.00	2000
232	11.39	2036	2105	0.00	195	0	0	0	nan	0.00	0.00	4.37	84.54	88.61	0.00	39	0	42	0.00	0.00	64.59	7.36	0.00	0.00	2000
228	11.05	2095	2065	0.00	195	0	0	0	nan	0.00	0.00	4.43	83.14	88.95	0.00	39	0	43	0.00	0.00	64.78	7.35	0.00	0.00	2000
232	10.90	2085	2144	0.00	199	0	0	0	nan	0.00	0.00	6.21	84.88	89.10	0.00	39	0	42	0.00	0.00	64.83	7.77	0.00	0.00	2000
229	11.03	2115	2064	0.00	196	0	0	0	nan	0.00	0.04	3.85	83.72	88.97	0.00	39	0	42	0.00	0.00	64.55	7.23	0.00	0.00	2000
229	10.88	2079	2127	0.00	195	0	0	0	nan	0.00	0.00	3.85	86.53	89.12	0.00	39	0	42	0.00	0.00	64.36	7.31	0.00	0.00	2000
230	11.35	2061	2063	0.00	197	0	0	0	nan	0.00	0.00	5.03	82.16	88.65	0.00	37	0	42	0.00	0.00	63.94	7.27	0.00	0.00	2000
231	11.21	2027	2134	0.00	210	0	0	0	nan	0.00	0.00	5.42	84.91	88.79	0.00	38	0	42	0.00	0.00	64.21	7.46	0.00	0.00	2000
229	11.17	2058	2093	0.00	194	0	0	0	nan	0.00	0.00	4.55	83.97	88.83	0.00	38	0	42	0.00	0.00	65.77	7.74	0.00	0.00	2000
230	11.04	2089	2091	0.00	194	0	0	0	nan	0.00	0.00	4.05	84.63	88.96	0.00	38	0	42	0.00	0.00	63.97	7.48	0.00	0.00	2000
227	11.02	2060	2097	0.72	195	0	0	6	38.45	0.00	0.00	4.78	84.12	88.98	0.00	38	0	42	0.00	0.00	64.13	7.47	0.00	0.00	2000
232	11.15	2069	2109	0.26	213	0	0	0	nan	0.00	0.00	5.13	84.20	88.85	0.00	38	0	42	0.00	0.00	64.85	7.69	0.00	0.00	2000
228	10.97	2072	2105	0.00	178	0	0	0	nan	0.00	0.00	4.89	84.46	89.03	0.00	38	0	42	0.00	0.00	64.38	7.61	0.00	0.00	2000
229	11.07	2060	2107	0.00	211	0	0	0	nan	0.00	0.00	4.60	84.67	88.93	0.00	38	0	42	0.00	0.00	64.71	7.46	0.00	0.00	2000
228	11.29	2017	2100	0.00	178	0	0	0	nan	0.00	0.00	4.16	84.60	88.71	0.00	38	0	42	0.00	0.00	64.33	7.44	0.00	0.00	2000
229	10.89	2107	2100	0.00	212	0	0	0	nan	0.00	0.02	4.23	85.00	89.11	0.00	38	0	42	0.00	0.00	64.74	7.37	0.00	0.00	2000
229	11.18	2074	2079	0.00	179	0	0	0	nan	0.00	0.00	4.33	83.62	88.82	0.00	38	0	42	0.00	0.00	64.34	7.36	0.00	0.00	2000
230	11.06	2071	2110	0.00	210	0	0	0	nan	0.00	0.00	4.21	85.33	88.94	0.00	38	0	42	0.00	0.00	64.67	7.53	0.00	0.00	2000
228	11.26	2014	2111	0.00	179	0	0	0	nan	0.00	0.00	4.84	84.52	88.74	0.00	38	0	42	0.00	0.00	64.19	7.51	0.00	0.00	2000
229	11.35	2014	2101	0.00	211	0	0	0	nan	0.00	0.00	4.15	84.62	88.66	0.00	38	0	42	0.00	0.00	64.40	7.52	0.00	0.00	2000
228	11.05	2071	2097	0.00	179	0	0	0	nan	0.00	0.00	4.32	84.55	88.95	0.00	38	0	42	0.00	0.00	64.47	7.58	0.00	0.00	2000
230	11.22	2038	2114	0.00	210	0	0	0	nan	0.00	0.00	3.95	85.33	88.78	0.00	38	0	42	0.00	0.00	64.81	7.47	0.00	0.00	2000
228	11.13	2062	2082	0.00	179	0	0	0	nan	0.00	0.00	3.77	84.46	88.87	0.00	38	0	42	0.00	0.00	65.14	7.45	0.00	0.00	2000
230	11.17	2045	2111	0.00	214	0	0	0	nan	0.00	0.00	5.42	83.94	88.83	0.00	38	0	42	0.00	0.00	64.66	7.47	0.00	0.00	2000
233	11.31	2082	2083	0.00	181	0	0	0	nan	0.00	0.00	4.55	83.52	88.69	0.00	38	0	42	0.00	0.00	64.73	7.63	0.00	0.00	2000
230	11.15	2049	2115	0.00	214	0	0	0	nan	0.00	0.03	4.80	84.75	88.85	0.00	38	0	43	0.00	0.00	64.74	7.43	0.00	0.00	2000
228	11.04	2089	2076	0.00	178	0	0	0	nan	0.00	0.00	4.14	83.80	88.96	0.00	39	0	42	0.00	0.00	64.90	7.35	0.00	0.00	2000
231	10.78	2132	2108	0.52	211	0	0	7	42.34	0.00	0.01	5.28	84.38	89.22	0.00	38	0	42	0.00	0.00	64.72	7.52	0.00	0.00	2000
228	10.90	2096	2097	0.48	179	0	0	0	89.95	0.00	0.00	4.68	84.37	89.10	0.00	38	0	42	0.00	0.00	62.54	7.68	0.00	0.00	2000
228	11.05	2040	2127	0.00	211	0	0	0	nan	0.00	0.00	4.37	85.88	88.95	0.00	39	0	42	0.00	0.00	67.56	7.30	0.00	0.00	2000
227	11.01	2102	2062	0.00	178	0	0	0	nan	0.00	0.00	3.03	84.54	88.99	0.00	38	0	42	0.00	0.00	63.84	7.32	0.00	0.00	2000
229	11.10	2041	2124	0.00	210	0	0	0	nan	0.00	0.00	4.66	85.35	88.90	0.00	38	0	42	0.00	0.00	64.64	7.43	0.00	0.00	2000
230	11.32	2050	2082	0.00	181	0	0	0	nan	0.00	0.00	5.21	82.75	88.68	0.00	39	0	42	0.00	0.00	65.20	7.44	0.00	0.00	2000
229	10.94	2073	2121	0.00	211	0	0	0	nan	0.00	0.00	4.52	85.54	89.06	0.00	38	0	42	0.00	0.00	64.25	7.48	0.00	0.00	2000
229	11.09	2071	2097	0.00	178	0	0	0	nan	0.00	0.00	4.73	84.04	88.91	0.00	38	0	42	0.00	0.00	64.77	7.51	0.00	0.00	2000
230	11.00	2097	2093	0.00	211	0	0	0	nan	0.00	0.00	4.51	84.19	89.00	0.00	38	0	43	0.00	0.00	64.88	7.48	0.00	0.00	2000
228	10.95	2069	2110	0.00	179	0	0	0	nan	0.00	0.00	5.31	84.24	89.05	0.00	38	0	42	0.00	0.00	64.72	7.39	0.00	0.00	2000
230	11.02	2105	2086	0.00	212	0	0	0	nan	0.00	0.00	4.25	84.10	88.98	0.00	38	0	43	0.00	0.00	64.72	7.35	0.00	0.00	2000
229	11.00	2085	2094	0.00	178	0	0	0	nan	0.00	0.00	4.60	84.15	89.00	0.00	38	0	42	0.00	0.00	64.60	7.39	0.00	0.00	2000
229	10.57	2142	2125	0.00	210	0	0	0	nan	0.00	0.00	4.97	85.50	89.43	0.00	38	0	43	0.00	0.00	64.59	7.48	0.00	0.00	2000
228	10.84	2102	2099	0.00	179	0	0	0	nan	0.00	0.02	4.20	85.00	89.16	0.00	38	0	42	0.00	0.00	64.69	7.46	0.00	0.00	2000
229	11.36	2012	2102	0.00	212	0	0	0	nan	0.00	0.00	4.47	84.38	88.64	0.00	38	0	42	0.00	0.00	63.74	7.54	0.00	0.00	2000
229	11.15	2050	2106	0.00	179	0	0	0	nan	0.00	0.00	3.93	85.26	88.85	0.00	38	0	42	0.00	0.00	64.54	7.40	0.00	0.00	2000
229	11.05	2065	2105	0.00	210	0	0	0	nan	0.00	0.00	3.55	85.68	88.95	0.00	38	0	42	0.00	0.00	66.04	7.43	0.00	0.00	2000
227	11.24	2077	2042	0.15	180	0	0	14	17.86	0.00	0.02	3.87	82.47	88.76	0.00	38	0	42	0.00	0.00	61.17	6.84	0.00	0.00	2000
232	10.86	2101	2131	0.55	212	0	0	17	14.75	0.00	0.01	4.76	85.67	89.14	0.00	38	0	42	0.00	0.00	66.59	9.12	0.00	0.00	2000
229	10.97	2096	2090	0.00	179	0	0	0	nan	0.00	0.00	4.67	83.99	89.03	0.00	38	0	42	0.00	0.00	65.68	8.41	0.00	0.00	2000
231	10.80	2107	2127	0.00	210	0	0	0	nan	0.00	0.00	4.68	85.75	89.20	0.00	38	0	42	0.00	0.00	66.54	7.93	0.00	0.00	2000
230	11.03	2097	2092	0.00	181	0	0	0	nan	0.00	0.00	3.96	84.70	88.97	0.00	38	0	42	0.00	0.00	62.17	7.17	0.00	0.00	2000
204	10.44	1962	2089	0.00	216	0	0	0	nan	0.00	0.00	5.01	84.13	89.56	0.00	38	0	42	0.00	0.00	63.58	7.33	0.00	0.00	2000
106	8.08	1318	2097	0.00	211	0	0	0	nan	0.00	0.03	7.01	84.76	91.92	0.00	38	0	42	0.00	0.00	61.74	7.58	0.00	0.00	2000
78	7.16	1083	2111	0.00	193	0	0	0	nan	0.00	0.00	3.27	90.06	92.84	0.00	37	0	42	0.00	0.00	58.43	7.37	0.00	0.00	2000
75	6.53	1155	2094	0.00	223	0	0	0	nan	0.00	0.00	3.58	89.76	93.47	0.00	37	0	42	0.00	0.00	58.49	7.32	0.00	0.00	2000
104	8.16	1258	2119	0.00	82	0	0	0	nan	0.00	0.00	7.10	85.58	91.84	0.00	37	0	42	0.00	0.00	58.24	7.01	0.00	0.00	2000
