Avg_MHz	Busy%	Bzy_MHz	TSC_MHz	IPC	IRQ	NMI	SMI	LLCMRPS	LLC%hit	POLL%	C1%	C1E%	C6%	CPU%c1	CPU%c6	CoreTmp	CoreThr	PkgTmp	Pkg%pc2	Pkg%pc6	PkgWatt	RAMWatt	PKG_%	RAM_%	UncMHz
344	15.81	2108	2166	0.00	237	0	0	0	nan	0.00	0.48	29.14	57.20	84.19	0.00	38	0	42	0.00	0.00	68.40	7.84	0.00	0.00	2000
293	14.61	2022	2081	0.00	208	0	0	0	nan	0.04	0.74	15.80	68.30	85.39	0.00	37	0	42	0.00	0.00	63.73	7.33	0.00	0.00	2000
78	6.86	1117	2131	0.00	211	0	0	0	nan	0.00	0.02	2.74	91.82	93.14	0.00	37	0	42	0.00	0.00	59.87	7.51	0.00	0.00	2000
73	6.41	1130	2107	0.00	177	0	0	0	nan	0.00	0.03	3.39	90.52	93.59	0.00	37	0	42	0.00	0.00	61.49	7.74	0.00	0.00	2000
74	6.61	1118	2101	0.00	210	0	0	0	nan	0.00	0.02	2.72	90.59	93.39	0.00	37	0	42	0.00	0.00	57.58	7.29	0.00	0.00	2000
73	6.47	1124	2103	0.00	194	0	0	0	nan	0.00	0.00	3.71	89.91	93.53	0.00	37	0	42	0.00	0.00	58.45	7.24	0.00	0.00	2000
73	6.65	1106	2097	0.00	194	0	0	0	nan	0.01	0.00	3.36	89.76	93.35	0.00	37	0	43	0.00	0.00	57.74	7.38	0.00	0.00	2000
73	6.74	1091	2091	0.00	194	0	0	0	nan	0.00	0.00	3.70	89.16	93.26	0.00	37	0	42	0.00	0.00	56.76	7.15	0.00	0.00	2000
73	6.43	1149	2087	0.00	177	0	0	0	nan	0.00	0.02	3.67	89.28	93.57	0.00	37	0	42	0.00	0.00	57.87	7.36	0.00	0.00	2000
152	10.01	1507	2122	0.00	216	0	0	0	nan	0.00	0.00	5.37	85.47	89.99	0.00	37	0	43	0.00	0.00	62.21	7.78	0.00	0.00	2000
74	6.82	1080	2099	0.00	193	0	0	0	nan	0.00	0.00	3.57	89.64	93.18	0.00	37	0	42	0.00	0.00	57.87	7.44	0.00	0.00	2000
73	6.32	1157	2104	0.00	194	0	0	0	nan	0.00	0.00	3.88	89.98	93.68	0.00	37	0	42	0.00	0.00	59.20	7.34	0.00	0.00	2000
72	6.48	1116	2079	0.00	194	0	0	0	nan	0.00	0.00	3.59	88.90	93.52	0.00	37	0	43	0.00	0.00	56.71	7.34	0.00	0.00	2000
73	6.61	1094	2118	0.00	193	0	0	0	nan	0.00	0.00	2.62	91.45	93.39	0.00	38	0	43	0.00	0.00	59.09	7.56	0.00	0.00	2000
73	6.79	1063	2109	0.00	193	0	0	0	nan	0.00	0.00	2.39	91.15	93.21	0.00	37	0	42	0.00	0.00	60.20	7.38	0.00	0.00	2000
72	6.65	1082	2095	0.00	194	0	0	0	91.39	0.00	0.02	3.55	89.63	93.35	0.00	37	0	42	0.00	0.00	56.44	7.49	0.00	0.00	2000
73	6.87	1058	2105	0.30	193	0	0	1	88.01	0.00	0.00	2.81	90.54	93.13	0.00	37	0	42	0.00	0.00	58.07	7.33	0.00	0.00	2000
70	6.55	1084	2071	0.07	193	0	0	0	nan	0.00	0.00	2.63	89.43	93.45	0.00	37	0	42	0.00	0.00	56.86	7.26	0.00	0.00	2000
193	10.33	1875	2096	0.00	215	0	0	0	nan	0.01	0.01	4.83	84.73	89.67	0.00	39	0	43	0.00	0.00	66.13	7.50	0.00	0.00	2000
236	10.83	2165	2114	0.00	213	0	0	0	nan	0.00	0.03	5.93	83.85	89.17	0.00	40	0	42	0.00	0.00	65.71	7.59	0.00	0.00	2000
234	10.91	2125	2118	0.00	216	0	0	0	nan	0.00	0.00	5.11	84.74	89.10	0.00	40	0	42	0.00	0.00	66.32	7.53	0.00	0.00	2000
225	11.14	2044	2074	0.00	201	0	0	0	nan	0.00	0.02	3.22	84.64	88.86	0.00	41	0	42	0.00	0.00	63.98	7.31	0.00	0.00	2000
238	11.42	2067	2121	0.00	210	0	0	0	nan	0.00	0.00	6.54	83.02	88.58	0.00	38	0	42	0.00	0.00	65.94	7.72	0.00	0.00	2000
231	11.18	2089	2080	0.00	199	0	0	0	nan	0.00	0.02	5.52	82.57	88.82	0.00	38	0	43	0.00	0.00	65.88	7.72	0.00	0.00	2000
237	10.97	2130	2127	0.00	201	0	0	0	nan	0.00	0.00	7.40	82.88	89.03	0.00	37	0	42	0.00	0.00	67.38	7.66	0.00	0.00	2000
228	11.34	2016	2093	0.00	196	0	0	0	nan	0.00	0.00	6.22	82.31	88.66	0.00	38	0	42	0.00	0.00	63.78	7.54	0.00	0.00	2000
232	11.30	2048	2104	0.00	198	0	0	0	nan	0.00	0.00	5.24	83.73	88.70	0.00	37	0	43	0.00	0.00	66.58	7.57	0.00	0.00	2000
224	11.12	2052	2063	0.00	199	0	0	0	nan	0.00	0.01	5.38	82.11	88.88	0.00	37	0	42	0.00	0.00	65.01	7.57	0.00	0.00	2000
234	11.05	2077	2137	0.00	196	0	0	0	nan	0.00	1.10	2.77	86.79	88.95	0.00	38	0	42	0.00	0.00	66.67	7.71	0.00	0.00	2000
235	11.30	2071	2105	0.00	201	0	0	0	nan	0.01	0.03	7.04	81.92	88.70	0.00	38	0	42	0.00	0.00	66.67	7.65	0.00	0.00	2000
229	11.09	2078	2087	0.00	203	0	0	0	nan	0.00	0.00	5.93	82.52	88.91	0.00	39	0	42	0.00	0.00	63.96	7.25	0.00	0.00	2000
230	11.39	2025	2098	0.00	198	0	0	0	nan	0.00	0.00	6.84	81.84	88.61	0.00	38	0	42	0.00	0.00	63.09	7.36	0.00	0.00	2000
230	11.10	2065	2104	0.00	197	0	0	0	nan	0.00	0.00	5.79	83.39	88.90	0.00	39	0	43	0.00	0.00	67.83	7.82	0.00	0.00	2000
228	11.25	2019	2107	0.62	195	0	0	18	85.66	0.00	0.00	5.83	83.37	88.75	0.00	39	0	42	0.00	0.00	65.24	7.35	0.00	0.00	2000
230	11.27	2081	2062	0.10	197	0	0	0	nan	0.00	0.02	5.65	81.62	88.73	0.00	38	0	42	0.00	0.00	64.66	7.36	0.00	0.00	2000
234	11.25	2063	2119	0.00	199	0	0	0	nan	0.00	0.01	4.53	85.10	88.75	0.00	39	0	42	0.00	0.00	64.17	7.42	0.00	0.00	2000
232	11.12	2083	2103	0.00	200	0	0	0	nan	0.00	0.01	4.53	84.63	88.88	0.00	40	0	42	0.00	0.00	65.29	7.52	0.00	0.00	2000
234	11.23	2129	2058	0.00	200	0	0	0	nan	0.00	0.00	5.47	81.61	88.77	0.00	40	0	43	0.00	0.00	64.60	7.62	0.00	0.00	2000
229	10.74	2097	2135	0.00	210	0	0	0	nan	0.00	0.02	3.80	87.02	89.26	0.00	40	0	42	0.00	0.00	68.37	7.85	0.00	0.00	2000
232	11.18	2057	2120	0.00	200	0	0	0	nan	0.00	0.00	4.37	85.41	88.82	0.00	41	0	42	0.00	0.00	64.75	7.49	0.00	0.00	2000
233	10.86	2143	2105	0.00	195	0	0	0	nan	0.00	0.03	4.19	85.24	89.14	0.00	40	0	42	0.00	0.00	64.17	7.46	0.00	0.00	2000
230	11.30	2041	2089	0.00	198	0	0	0	nan	0.00	0.02	5.05	83.26	88.70	0.00	40	0	42	0.00	0.00	65.81	7.78	0.00	0.00	2000
229	11.18	2068	2085	0.00	196	0	0	0	nan	0.00	0.00	5.55	82.71	88.82	0.00	40	0	42	0.00	0.00	64.87	7.59	0.00	0.00	2000
230	10.78	2119	2116	0.00	196	0	0	0	nan	0.00	1.00	5.37	83.66	89.22	0.00	40	0	42	0.00	0.00	66.15	7.56	0.00	0.00	2000
228	11.02	2094	2077	0.00	199	0	0	0	nan	0.00	0.00	5.36	82.71	88.98	0.00	40	0	42	0.00	0.00	64.92	7.35	0.00	0.00	2000
233	11.00	2112	2110	0.00	194	0	0	0	nan	0.00	0.00	3.20	86.26	89.00	0.00	40	0	42	0.00	0.00	65.55	7.39	0.00	0.00	2000
230	11.29	2018	2119	0.00	214	0	0	0	nan	0.00	0.00	3.55	86.08	88.71	0.00	38	0	42	0.00	0.00	67.36	7.90	0.00	0.00	2000
225	11.07	2035	2102	0.00	193	0	0	0	nan	0.00	0.00	2.85	86.27	88.94	0.00	39	0	43	0.00	0.00	64.77	7.52	0.00	0.00	2000
224	11.08	2019	2102	0.00	196	0	0	0	nan	0.03	0.00	3.37	85.67	88.92	0.00	39	0	42	0.00	0.00	62.93	7.21	0.00	0.00	2000
225	10.96	2056	2099	0.00	197	0	0	0	nan	0.00	0.02	3.60	85.47	89.04	0.00	40	0	42	0.00	0.00	64.87	7.56	0.00	0.00	2000
222	10.61	2093	2101	0.79	196	0	0	9	78.08	0.00	0.00	3.33	86.17	89.39	0.00	40	0	43	0.00	0.00	65.44	7.75	0.00	0.00	2000
223	10.76	2076	2096	0.21	194	0	0	0	nan	0.00	0.03	2.63	86.56	89.24	0.00	40	0	42	0.00	0.00	64.44	7.47	0.00	0.00	2000
218	11.42	2009	1992	0.00	195	0	0	0	nan	0.00	0.01	3.09	81.08	88.58	0.00	40	0	42	0.00	0.00	61.99	7.11	0.00	0.00	2000
225	10.27	2068	2222	0.00	195	0	0	0	nan	0.00	0.00	3.72	91.39	89.73	0.00	41	0	42	0.00	0.00	66.87	7.48	0.00	0.00	2000
221	10.91	2031	2098	0.00	194	0	0	0	nan	0.00	0.00	2.50	86.63	89.09	0.00	41	0	43	0.00	0.00	64.19	7.45	0.00	0.00	2000
220	11.21	2049	2011	0.00	196	0	0	0	nan	0.00	0.02	2.41	82.76	88.79	0.00	41	0	42	0.00	0.00	60.51	7.07	0.00	0.00	2000
225	10.59	2033	2196	0.00	195	0	0	0	nan	0.00	0.01	3.09	90.51	89.41	0.00	41	0	43	0.00	0.00	68.21	7.92	0.00	0.00	2000
221	10.79	2048	2098	0.00	194	0	0	0	nan	0.00	0.00	3.01	86.19	89.21	0.00	41	0	43	0.00	0.00	65.83	7.55	0.00	0.00	2000
221	10.97	2018	2100	0.00	195	0	0	0	nan	0.00	0.00	2.68	86.43	89.03	0.00	41	0	42	0.00	0.00	66.07	7.83	0.00	0.00	2000
222	10.95	2031	2094	0.00	194	0	0	0	nan	0.00	0.00	2.77	86.20	89.05	0.00	41	0	42	0.00	0.00	61.94	7.21	0.00	0.00	2000
223	10.96	2030	2103	0.00	195	0	0	0	nan	0.00	0.01	3.09	86.15	89.04	0.00	41	0	42	0.00	0.00	64.69	7.56	0.00	0.00	2000
217	11.15	2076	1966	0.00	179	0	0	0	nan	0.00	0.01	2.63	80.68	88.85	0.00	41	0	42	0.00	0.00	61.14	7.08	0.00	0.00	2000
225	10.24	2056	2249	0.00	211	0	0	0	nan	0.00	0.02	2.57	93.61	89.76	0.00	41	0	42	0.00	0.00	67.92	8.08	0.00	0.00	2000
221	11.08	2000	2097	0.00	193	0	0	0	nan	0.00	0.00	3.14	85.83	88.92	0.00	41	0	42	0.00	0.00	64.55	7.68	0.00	0.00	2000
221	10.96	2012	2103	0.00	194	0	0	0	nan	0.00	0.00	3.15	86.11	89.04	0.00	41	0	42	0.00	0.00	65.60	7.66	0.00	0.00	2000
225	10.94	2056	2097	0.00	197	0	0	0	nan	0.00	0.02	3.01	85.90	89.06	0.00	41	0	42	0.00	0.00	64.24	7.27	0.00	0.00	2000
233	11.41	2048	2099	0.00	194	0	0	0	nan	0.00	0.00	3.23	85.45	88.59	0.00	41	0	42	0.00	0.00	65.30	7.60	0.00	0.00	2000
218	11.35	2028	1985	0.60	194	0	0	9	81.09	0.00	0.01	2.53	81.44	88.65	0.00	41	0	42	0.00	0.00	59.62	7.03	0.00	0.00	2000
221	10.94	2052	2065	0.37	195	0	0	0	nan	0.00	0.01	2.29	85.46	89.07	0.00	41	0	42	0.00	0.00	64.73	7.49	0.00	0.00	2000
227	10.43	2020	2266	0.00	211	0	0	0	nan	0.00	0.00	3.13	93.70	89.57	0.00	41	0	43	0.00	0.00	69.19	8.01	0.00	0.00	2000
223	11.02	2030	2097	0.00	198	0	0	0	nan	0.00	0.00	3.24	85.77	88.98	0.00	41	0	42	0.00	0.00	65.03	7.47	0.00	0.00	2000
218	10.98	2063	2021	0.00	194	0	0	0	nan	0.01	0.00	3.17	82.65	89.02	0.00	41	0	42	0.00	0.00	59.93	7.13	0.00	0.00	2000
225	10.53	2056	2185	0.00	197	0	0	0	nan	0.00	0.00	4.05	89.14	89.47	0.00	41	0	42	0.00	0.00	67.94	8.03	0.00	0.00	2000
222	10.79	2059	2100	0.00	196	0	0	0	nan	0.00	0.00	4.20	85.15	89.21	0.00	41	0	43	0.00	0.00	66.21	7.92	0.00	0.00	2000
221	10.81	2049	2097	0.00	194	0	0	0	nan	0.00	0.00	2.91	86.21	89.19	0.00	41	0	42	0.00	0.00	62.19	7.24	0.00	0.00	2000
224	10.85	2062	2100	0.00	195	0	0	0	nan	0.00	0.00	3.31	85.96	89.15	0.00	41	0	42	0.00	0.00	66.42	7.65	0.00	0.00	2000
221	10.51	2100	2103	0.00	194	0	0	0	nan	0.00	0.00	2.11	87.65	89.49	0.00	41	0	42	0.00	0.00	64.85	7.71	0.00	0.00	2000
220	10.71	2058	2098	0.00	195	0	0	0	nan	0.01	0.00	2.83	86.50	89.29	0.00	41	0	43	0.00	0.00	63.55	7.49	0.00	0.00	2000
220	11.01	2001	2100	0.00	193	0	0	0	nan	0.00	0.00	2.81	86.31	88.99	0.00	41	0	42	0.00	0.00	63.63	7.35	0.00	0.00	2000
221	10.94	2023	2098	0.00	194	0	0	0	nan	0.00	0.04	3.63	85.40	89.06	0.00	41	0	42	0.00	0.00	65.20	7.72	0.00	0.00	2000
222	11.07	2019	2089	0.00	195	0	0	0	nan	0.00	0.00	3.47	85.15	88.93	0.00	41	0	42	0.00	0.00	62.55	7.40	0.00	0.00	2000
223	10.46	2114	2113	0.00	195	0	0	0	nan	0.00	0.01	3.60	86.45	89.54	0.00	41	0	43	0.00	0.00	66.22	7.56	0.00	0.00	2000
217	11.52	2038	1939	0.00	194	0	0	0	nan	0.00	0.02	2.52	79.35	88.48	0.00	41	0	42	0.00	0.00	59.45	6.90	0.00	0.00	2000
227	10.39	2014	2276	0.00	195	0	0	0	nan	0.00	0.02	2.66	94.52	89.62	0.00	41	0	42	0.00	0.00	68.67	8.04	0.00	0.00	2000
221	10.53	2099	2103	0.53	211	0	0	9	80.89	0.00	0.01	3.41	86.28	89.47	0.00	41	0	42	0.00	0.00	64.10	7.40	0.00	0.00	2000
225	10.57	2125	2101	0.44	196	0	0	0	nan	0.00	0.02	3.69	85.86	89.43	0.00	41	0	42	0.00	0.00	64.75	7.63	0.00	0.00	2000
221	10.77	2054	2097	0.00	194	0	0	0	nan	0.00	0.01	2.82	86.26	89.23	0.00	41	0	42	0.00	0.00	64.56	7.75	0.00	0.00	2000
221	10.59	2092	2100	0.00	194	0	0	0	nan	0.00	0.00	3.25	86.23	89.41	0.00	41	0	42	0.00	0.00	65.30	7.77	0.00	0.00	2000
217	11.11	2063	1991	0.00	194	0	0	0	nan	0.00	0.00	2.52	81.85	88.89	0.00	41	0	42	0.00	0.00	62.39	7.24	0.00	0.00	2000
225	10.49	2030	2220	0.00	194	0	0	0	nan	0.00	0.00	2.93	91.75	89.51	0.00	41	0	42	0.00	0.00	68.68	8.17	0.00	0.00	2000
223	11.10	2011	2100	0.00	198	0	0	0	nan	0.00	0.03	3.99	85.03	88.90	0.00	41	0	42	0.00	0.00	63.16	7.57	0.00	0.00	2000
218	11.11	2057	2007	0.00	195	0	0	0	nan	0.00	0.01	3.38	81.71	88.89	0.00	41	0	42	0.00	0.00	61.87	7.36	0.00	0.00	2000
218	10.84	2069	2041	0.00	195	0	0	0	nan	0.00	0.02	2.58	84.14	89.16	0.00	41	0	43	0.00	0.00	61.75	7.52	0.00	0.00	2000
226	10.30	2034	2267	0.00	210	0	0	0	nan	0.00	0.00	2.64	94.24	89.70	0.00	41	0	42	0.00	0.00	69.50	8.33	0.00	0.00	2000
221	10.68	2077	2096	0.00	196	0	0	0	nan	0.00	0.00	2.96	86.23	89.32	0.00	41	0	42	0.00	0.00	65.09	7.56	0.00	0.00	2000
221	10.95	2120	2001	0.00	196	0	0	0	nan	0.00	0.00	3.08	81.85	89.05	0.00	41	0	42	0.00	0.00	63.00	7.21	0.00	0.00	2000
225	10.30	2077	2207	0.00	194	0	0	0	nan	0.00	0.00	2.63	91.63	89.70	0.00	41	0	42	0.00	0.00	68.19	8.02	0.00	0.00	2000
221	10.63	2086	2097	0.00	193	0	0	0	nan	0.00	0.00	3.20	86.13	89.37	0.00	41	0	42	0.00	0.00	62.62	7.42	0.00	0.00	2000
221	10.62	2077	2103	0.00	194	0	0	0	nan	0.00	0.05	3.38	86.15	89.38	0.00	41	0	42	0.00	0.00	66.01	7.64	0.00	0.00	2000
222	10.83	2060	2094	0.00	194	0	0	0	nan	0.00	0.00	2.85	86.11	89.17	0.00	41	0	42	0.00	0.00	65.24	7.81	0.00	0.00	2000
223	10.60	2101	2104	0.00	195	0	0	0	nan	0.00	0.00	3.22	86.33	89.40	0.00	41	0	42	0.00	0.00	63.38	7.54	0.00	0.00	2000
212	11.45	2114	1842	0.55	178	0	0	9	81.31	0.00	0.01	1.87	75.97	88.55	0.00	39	0	42	0.00	0.00	55.88	6.55	0.00	0.00	2000
238	10.36	2014	2394	0.38	229	0	0	1	88.68	0.00	0.02	2.84	99.37	89.64	0.00	38	0	42	0.00	0.00	75.81	8.94	0.00	0.00	2000
231	10.98	2094	2108	0.00	193	0	0	0	nan	0.00	0.02	2.72	86.65	89.02	0.00	38	0	42	0.00	0.00	64.09	7.51	0.00	0.00	2000
230	11.02	2091	2093	0.00	195	0	0	0	nan	0.00	0.00	2.65	86.07	88.98	0.00	38	0	42	0.00	0.00	64.87	7.64	0.00	0.00	2000
232	11.30	2046	2104	0.00	196	0	0	0	nan	0.00	0.00	4.19	84.72	88.70	0.00	38	0	42	0.00	0.00	66.53	7.93	0.00	0.00	2000
231	11.06	2088	2099	0.00	195	0	0	0	nan	0.00	0.00	3.06	85.90	88.94	0.00	38	0	42	0.00	0.00	63.12	7.44	0.00	0.00	2000
231	11.13	2074	2103	0.00	179	0	0	0	nan	0.00	0.01	3.39	85.67	88.87	0.00	38	0	43	0.00	0.00	64.47	7.49	0.00	0.00	2000
230	11.10	2078	2095	0.00	194	0	0	0	nan	0.00	0.01	3.20	85.56	88.90	0.00	38	0	42	0.00	0.00	65.75	7.73	0.00	0.00	2000
230	11.10	2068	2104	0.00	195	0	0	0	nan	0.00	0.00	3.30	85.84	88.90	0.00	38	0	43	0.00	0.00	63.63	7.53	0.00	0.00	2000
231	11.17	2072	2095	0.00	198	0	0	0	nan	0.00	0.00	3.73	85.05	88.83	0.00	38	0	42	0.00	0.00	66.99	7.86	0.00	0.00	2000
231	11.07	2090	2098	0.00	180	0	0	0	nan	0.00	0.00	3.40	85.55	88.93	0.00	38	0	43	0.00	0.00	62.66	7.34	0.00	0.00	2000
230	11.08	2070	2110	0.00	196	0	0	0	nan	0.00	0.00	3.26	86.10	88.92	0.00	38	0	42	0.00	0.00	66.45	7.84	0.00	0.00	2000
228	10.87	2105	2095	0.00	194	0	0	0	nan	0.00	0.00	2.90	86.05	89.13	0.00	39	0	42	0.00	0.00	65.24	7.71	0.00	0.00	2000
229	11.05	2078	2098	0.00	195	0	0	0	nan	0.00	0.02	2.91	86.04	88.95	0.00	38	0	42	0.00	0.00	64.72	7.67	0.00	0.00	2000
230	11.16	2060	2100	0.00	195	0	0	0	nan	0.00	0.01	3.51	85.36	88.84	0.00	39	0	42	0.00	0.00	62.29	7.49	0.00	0.00	2000
232	11.34	2040	2105	0.00	195	0	0	0	nan	0.00	0.00	3.19	85.79	88.66	0.00	38	0	42	0.00	0.00	66.88	7.66	0.00	0.00	2000
231	10.96	2110	2102	0.00	179	0	0	0	nan	0.00	0.00	2.97	86.25	89.04	0.00	39	0	42	0.00	0.00	64.73	7.54	0.00	0.00	2000
231	11.19	2072	2096	0.00	195	0	0	7	82.33	0.00	0.00	3.47	85.28	88.81	0.00	38	0	43	0.00	0.00	64.79	7.65	0.00	0.00	2000
230	11.17	2054	2102	0.95	195	0	0	5	84.68	0.00	0.00	3.82	85.12	88.83	0.00	38	0	42	0.00	0.00	65.95	7.66	0.00	0.00	2000
236	11.40	2075	2098	0.00	197	0	0	0	nan	0.00	0.00	3.38	85.23	88.60	0.00	38	0	42	0.00	0.00	63.38	7.40	0.00	0.00	2000
229	11.04	2100	2075	0.00	178	0	0	0	nan	0.00	0.00	2.85	85.12	88.96	0.00	39	0	42	0.00	0.00	63.03	7.46	0.00	0.00	2000
233	10.76	2131	2130	0.00	195	0	0	0	nan	0.00	0.00	4.47	86.05	89.24	0.00	39	0	42	0.00	0.00	66.73	7.95	0.00	0.00	2000
229	11.18	2051	2098	0.00	196	0	0	0	nan	0.00	0.00	4.10	84.77	88.82	0.00	39	0	43	0.00	0.00	63.23	7.39	0.00	0.00	2000
227	11.18	2115	2014	0.00	194	0	0	0	nan	0.01	0.00	3.09	82.20	88.82	0.00	39	0	42	0.00	0.00	61.96	7.25	0.00	0.00	2000
228	11.14	2004	2147	0.00	195	0	0	0	nan	0.00	0.00	2.87	88.09	88.86	0.00	39	0	42	0.00	0.00	69.26	9.11	0.00	0.00	2000
224	11.56	2028	2005	0.00	195	0	0	0	nan	0.00	0.00	3.06	81.53	88.44	0.00	39	0	43	0.00	0.00	61.44	8.10	0.00	0.00	2000
232	10.96	2000	2224	0.00	211	0	0	0	nan	0.00	0.00	3.12	91.36	89.04	0.00	39	0	42	0.00	0.00	72.64	9.41	0.00	0.00	2000
229	11.29	2025	2101	0.00	194	0	0	0	nan	0.00	0.00	3.33	85.55	88.71	0.00	39	0	42	0.00	0.00	66.40	8.63	0.00	0.00	2000
227	11.27	2023	2093	0.00	194	0	0	0	nan	0.00	0.00	3.72	84.83	88.73	0.00	39	0	42	0.00	0.00	66.96	8.57	0.00	0.00	2000
228	11.39	1996	2108	0.00	195	0	0	0	nan	0.00	0.00	3.82	85.29	88.61	0.00	39	0	42	0.00	0.00	65.75	8.62	0.00	0.00	2000
229	11.25	2050	2086	0.00	199	0	0	0	nan	0.00	0.00	5.36	82.83	88.75	0.00	39	0	42	0.00	0.00	66.57	8.59	0.00	0.00	2000
230	11.41	2032	2084	0.00	197	0	0	0	nan	0.00	0.00	4.07	83.92	88.59	0.00	39	0	42	0.00	0.00	66.52	8.70	0.00	0.00	2000
227	10.88	2062	2128	0.00	194	0	0	0	nan	0.00	0.02	3.54	86.83	89.12	0.00	39	0	42	0.00	0.00	66.38	8.78	0.00	0.00	2000
228	11.26	2027	2098	0.00	194	0	0	0	nan	0.03	0.00	3.58	85.08	88.74	0.00	39	0	42	0.00	0.00	66.75	8.55	0.00	0.00	2000
229	11.22	2048	2093	0.00	195	0	0	19	8.50	0.00	0.00	4.18	84.46	88.78	0.00	39	0	42	0.00	0.00	65.91	8.62	0.00	0.00	2000
231	11.72	2062	2003	1.46	213	0	0	31	22.42	0.00	0.00	6.82	77.58	88.28	0.00	39	0	42	0.00	0.00	61.67	7.98	0.00	0.00	2000
232	11.11	1974	2220	0.00	212	0	0	0	nan	0.00	0.01	2.73	91.39	88.89	0.00	39	0	42	0.00	0.00	72.23	9.38	0.00	0.00	2000
228	11.47	1992	2095	0.00	195	0	0	0	nan	0.00	0.00	2.95	85.54	88.53	0.00	39	0	42	0.00	0.00	66.42	8.73	0.00	0.00	2000
227	11.32	2024	2081	0.00	193	0	0	0	nan	0.00	0.00	3.69	84.30	88.68	0.00	39	0	43	0.00	0.00	66.39	8.67	0.00	0.00	2000
229	11.06	2067	2100	0.00	196	0	0	0	nan	0.00	0.00	4.49	84.60	88.94	0.00	39	0	42	0.00	0.00	66.45	8.57	0.00	0.00	2000
226	11.16	2042	2080	0.00	194	0	0	0	nan	0.00	0.00	3.72	84.44	88.84	0.00	39	0	42	0.00	0.00	63.11	8.09	0.00	0.00	2000
232	11.20	2028	2148	0.00	195	0	0	0	nan	0.00	0.02	3.65	87.26	88.80	0.00	39	0	42	0.00	0.00	69.52	9.16	0.00	0.00	2000
227	11.35	2040	2062	0.00	195	0	0	0	nan	0.00	0.00	3.17	83.99	88.65	0.00	39	0	42	0.00	0.00	62.96	8.19	0.00	0.00	2000
230	10.98	2055	2136	0.00	197	0	0	0	nan	0.00	0.00	3.58	87.13	89.02	0.00	39	0	43	0.00	0.00	69.89	9.10	0.00	0.00	2000
227	11.10	2079	2061	0.00	195	0	0	0	nan	0.00	0.00	3.41	83.91	88.90	0.00	39	0	42	0.00	0.00	63.14	8.16	0.00	0.00	2000
230	10.89	2065	2143	0.00	194	0	0	0	nan	0.00	0.01	3.47	87.57	89.11	0.00	39	0	42	0.00	0.00	69.70	9.12	0.00	0.00	2000
225	11.77	2026	1979	0.00	195	0	0	0	nan	0.00	0.00	2.85	80.44	88.23	0.00	39	0	42	0.00	0.00	61.29	7.88	0.00	0.00	2000
233	10.45	2094	2231	0.00	212	0	0	0	nan	0.00	0.02	2.77	92.47	89.55	0.00	39	0	42	0.00	0.00	71.84	9.40	0.00	0.00	2000
228	11.05	2093	2065	0.00	194	0	0	0	nan	0.00	0.00	2.73	84.86	88.95	0.00	39	0	42	0.00	0.00	63.42	8.39	0.00	0.00	2000
230	11.30	2012	2125	0.00	195	0	0	0	nan	0.00	0.00	3.75	86.18	88.70	0.00	39	0	43	0.00	0.00	69.70	9.17	0.00	0.00	2000
242	12.24	1975	2104	0.00	197	0	0	0	nan	0.00	0.00	5.78	82.29	87.76	0.00	39	0	43	0.00	0.00	66.62	8.74	0.00	0.00	2000
232	11.30	2053	2102	0.00	197	0	0	19	6.69	0.00	0.00	4.01	84.77	88.70	0.00	39	0	42	0.00	0.00	67.07	8.70	0.00	0.00	2000
228	11.17	2045	2094	1.55	194	0	0	31	6.44	0.00	0.00	3.36	85.35	88.83	0.00	39	0	42	0.00	0.00	66.63	8.68	0.00	0.00	2000
229	11.14	2076	2081	0.00	195	0	0	0	nan	0.00	0.00	3.52	84.55	88.86	0.00	39	0	42	0.00	0.00	63.52	8.22	0.00	0.00	2000
229	11.01	2082	2094	0.00	198	0	0	0	nan	0.03	0.00	3.77	85.07	88.99	0.00	39	0	42	0.00	0.00	66.63	8.69	0.00	0.00	2000
229	11.03	2069	2112	0.00	197	0	0	0	nan	0.00	0.00	3.80	85.78	88.97	0.00	39	0	42	0.00	0.00	66.73	8.80	0.00	0.00	2000
230	11.08	2065	2108	0.00	195	0	0	0	nan	0.00	0.00	4.45	84.85	88.92	0.00	39	0	42	0.00	0.00	70.12	8.60	0.00	0.00	2000
228	11.12	2034	2116	0.00	194	0	0	0	nan	0.00	0.00	3.84	85.82	88.88	0.00	39	0	42	0.00	0.00	66.63	9.08	0.00	0.00	2000
228	10.81	2139	2071	0.00	194	0	0	0	nan	0.00	0.02	3.02	84.81	89.19	0.00	39	0	42	0.00	0.00	63.94	8.01	0.00	0.00	2000
228	11.09	2056	2104	0.00	195	0	0	0	nan	0.00	0.00	3.63	85.61	88.91	0.00	39	0	42	0.00	0.00	66.32	8.52	0.00	0.00	2000
227	11.19	2032	2099	0.00	195	0	0	0	nan	0.00	0.00	3.84	85.05	88.81	0.00	39	0	43	0.00	0.00	66.56	8.55	0.00	0.00	2000
231	11.31	2029	2111	0.00	195	0	0	0	nan	0.00	0.00	4.17	85.11	88.69	0.00	39	0	42	0.00	0.00	66.12	8.70	0.00	0.00	2000
228	11.11	2052	2097	0.00	194	0	0	0	nan	0.00	0.00	3.83	85.05	88.89	0.00	39	0	42	0.00	0.00	66.08	8.56	0.00	0.00	2000
229	11.25	2051	2082	0.00	195	0	0	0	nan	0.00	0.00	3.71	84.37	88.75	0.00	39	0	42	0.00	0.00	66.37	8.74	0.00	0.00	2000
228	11.09	2067	2092	0.00	196	0	0	0	nan	0.00	0.00	4.19	84.50	88.91	0.00	39	0	42	0.00	0.00	66.45	8.63	0.00	0.00	2000
230	10.96	2070	2130	0.00	195	0	0	0	nan	0.00	0.00	3.69	86.65	89.04	0.00	40	0	42	0.00	0.00	66.28	8.55	0.00	0.00	2000
228	11.36	2042	2062	0.00	195	0	0	0	nan	0.00	0.00	3.65	83.48	88.64	0.00	39	0	43	0.00	0.00	66.26	8.74	0.00	0.00	2000
233	10.98	2087	2138	0.00	195	0	0	0	nan	0.00	0.02	4.09	86.62	89.02	0.00	39	0	42	0.00	0.00	66.89	8.69	0.00	0.00	2000
227	11.37	2015	2083	0.00	196	0	0	7	10.23	0.00	0.01	4.61	83.45	88.63	0.00	39	0	42	0.00	0.00	66.04	8.71	0.00	0.00	2000
229	11.09	2056	2107	1.64	194	0	0	43	5.70	0.00	0.00	3.53	85.73	88.91	0.00	39	0	42	0.00	0.00	66.64	8.81	0.00	0.00	2000
310	13.41	2306	2107	0.01	204	0	0	0	nan	0.00	0.00	4.49	82.50	86.59	0.00	39	0	43	0.00	0.00	68.04	7.99	0.00	0.00	2000
283	12.38	2256	2128	0.00	213	0	0	0	nan	0.00	0.00	4.83	84.09	87.62	0.00	39	0	42	0.00	0.00	67.60	7.70	0.00	0.00	2000
230	11.19	2059	2095	0.00	213	0	0	0	nan	0.00	0.00	3.69	85.07	88.81	0.00	39	0	42	0.00	0.00	64.89	7.63	0.00	0.00	2000
227	10.83	2111	2087	0.00	203	0	0	0	nan	0.00	0.00	3.12	85.56	89.17	0.00	39	0	42	0.00	0.00	64.51	7.80	0.00	0.00	2000
238	11.82	2047	2060	0.00	201	0	0	0	nan	0.00	0.00	6.39	80.23	88.18	0.00	38	0	42	0.00	0.00	61.96	7.23	0.00	0.00	2000
231	10.89	2065	2162	0.00	199	0	0	0	nan	0.00	0.03	6.02	85.77	89.11	0.00	39	0	42	0.00	0.00	68.45	8.00	0.00	0.00	2000
227	11.17	2040	2094	0.00	199	0	0	0	nan	0.00	0.00	6.51	82.20	88.83	0.00	39	0	42	0.00	0.00	62.61	7.26	0.00	0.00	2000
232	11.47	2021	2103	0.00	198	0	0	0	nan	0.00	0.00	5.53	83.22	88.53	0.00	39	0	42	0.00	0.00	65.22	7.40	0.00	0.00	2000
229	10.98	2085	2099	0.00	207	0	0	0	nan	0.00	0.00	4.57	84.48	89.02	0.00	39	0	42	0.00	0.00	65.77	7.59	0.00	0.00	2000
230	11.14	2068	2100	0.00	199	0	0	0	nan	0.00	0.04	4.45	84.42	88.86	0.00	39	0	43	0.00	0.00	63.23	7.45	0.00	0.00	2000
229	10.84	2104	2104	0.00	183	0	0	0	nan	0.00	0.03	3.98	85.38	89.16	0.00	39	0	42	0.00	0.00	64.26	7.20	0.00	0.00	2000
229	11.07	2069	2095	0.00	201	0	0	0	nan	0.00	0.06	4.71	84.03	88.93	0.00	39	0	42	0.00	0.00	65.65	7.53	0.00	0.00	2000
228	11.16	2041	2102	0.00	198	0	0	0	nan	0.00	0.02	5.86	83.13	88.84	0.00	40	0	42	0.00	0.00	63.84	7.52	0.00	0.00	2000
230	11.12	2071	2095	0.00	182	0	0	0	nan	0.00	0.03	3.18	85.55	88.88	0.00	39	0	43	0.00	0.00	64.84	7.50	0.00	0.00	2000
231	10.96	2101	2107	0.00	198	0	0	0	nan	0.00	0.02	3.84	85.45	89.04	0.00	40	0	43	0.00	0.00	64.02	7.23	0.00	0.00	2000
227	11.38	2063	2029	0.00	195	0	0	0	nan	0.00	0.01	3.44	82.28	88.62	0.00	40	0	42	0.00	0.00	61.95	6.94	0.00	0.00	2000
228	10.79	2044	2176	0.34	193	0	0	1	83.42	0.00	0.00	3.04	89.45	89.21	0.00	39	0	42	0.00	0.00	66.70	7.46	0.00	0.00	2000
229	11.09	2066	2099	0.36	195	0	0	0	89.20	0.00	0.01	3.48	85.48	88.91	0.00	40	0	43	0.00	0.00	66.05	7.53	0.00	0.00	2000
222	11.26	2119	1955	0.00	179	0	0	0	nan	0.01	0.00	2.53	80.16	88.74	0.00	39	0	42	0.00	0.00	57.82	6.73	0.00	0.00	2000
235	11.05	2023	2203	0.00	213	0	0	0	nan	0.00	0.00	3.52	89.92	88.95	0.00	38	0	42	0.00	0.00	66.41	8.02	0.00	0.00	2000
230	10.95	2088	2116	0.00	196	0	0	0	nan	0.00	0.02	3.24	86.49	89.05	0.00	38	0	42	0.00	0.00	64.09	7.59	0.00	0.00	2000
232	11.11	2070	2117	0.00	198	0	0	0	nan	0.00	0.00	5.54	84.17	88.89	0.00	38	0	42	0.00	0.00	64.63	7.71	0.00	0.00	2000
231	10.90	2106	2112	0.00	195	0	0	0	nan	0.00	0.00	3.76	85.83	89.10	0.00	38	0	42	0.00	0.00	66.81	8.39	0.00	0.00	2000
136	8.63	1576	2100	0.00	198	0	0	0	nan	0.00	0.01	3.98	87.33	91.37	0.00	38	0	42	0.00	0.00	61.13	7.47	0.00	0.00	2000
77	7.32	1059	2071	0.00	194	0	0	0	nan	0.00	0.01	4.05	87.42	92.68	0.00	37	0	42	0.00	0.00	57.23	7.49	0.00	0.00	2000
192	10.56	1916	1991	0.00	198	0	0	0	nan	0.00	0.02	3.72	81.15	89.44	0.00	39	0	42	0.00	0.00	58.35	6.99	0.00	0.00	2000
231	10.74	2009	2244	0.00	210	0	0	0	nan	0.00	0.02	1.97	93.44	89.26	0.00	39	0	42	0.00	0.00	71.56	8.26	0.00	0.00	2000
229	11.04	2081	2096	0.00	203	0	0	0	nan	0.00	0.03	5.03	83.88	88.96	0.00	40	0	42	0.00	0.00	64.92	7.51	0.00	0.00	2000
116	8.05	1450	2085	0.00	198	0	0	0	nan	0.00	0.01	5.27	86.05	91.95	0.00	37	0	42	0.00	0.00	59.99	7.24	0.00	0.00	2000
77	6.85	1120	2118	0.00	195	0	0	0	nan	0.00	0.00	3.73	90.21	93.15	0.00	37	0	42	0.00	0.00	58.75	7.69	0.00	0.00	2000
202	10.70	1940	2041	0.00	202	0	0	0	nan	0.00	0.00	5.18	81.78	89.30	0.00	38	0	42	0.00	0.00	62.74	7.81	0.00	0.00	2000
233	10.73	2133	2143	0.00	196	0	0	0	nan	0.00	0.00	3.39	87.66	89.27	0.00	39	0	42	0.00	0.00	65.24	7.53	0.00	0.00	2000
235	11.62	2037	2081	0.00	210	0	0	0	nan	0.00	0.00	5.17	82.57	88.38	0.00	39	0	42	0.00	0.00	65.18	7.55	0.00	0.00	2000
230	10.82	2132	2096	0.33	200	0	0	11	78.80	0.00	0.00	5.23	83.83	89.18	0.00	40	0	43	0.00	0.00	64.29	7.52	0.00	0.00	2000
231	10.97	2103	2107	0.44	204	0	0	1	91.54	0.01	1.07	3.93	84.44	89.03	0.00	40	0	42	0.00	0.00	64.96	7.54	0.00	0.00	2000
230	10.48	2180	2112	0.00	199	0	0	0	nan	0.00	1.11	4.85	84.19	89.52	0.00	39	0	43	0.00	0.00	66.12	7.51	0.00	0.00	2000
224	10.93	2029	2119	0.00	244	0	0	0	nan	0.00	0.48	8.52	81.00	89.07	0.00	39	0	42	0.00	0.00	65.14	7.70	0.00	0.00	2000
221	10.87	2028	2108	0.00	198	0	0	0	nan	0.00	0.00	5.56	83.99	89.13	0.00	40	0	43	0.00	0.00	65.29	7.55	0.00	0.00	2000
223	10.83	2054	2102	0.00	203	0	0	0	nan	0.00	0.02	5.82	83.51	89.17	0.00	40	0	42	0.00	0.00	61.47	7.58	0.00	0.00	2000
221	10.79	2049	2102	0.00	182	0	0	0	nan	0.00	0.00	5.11	84.28	89.21	0.00	40	0	42	0.00	0.00	66.11	7.34	0.00	0.00	2000
216	11.06	2031	2024	0.00	217	0	0	0	nan	0.00	0.00	6.52	79.30	88.94	0.00	41	0	43	0.00	0.00	63.79	7.34	0.00	0.00	2000
223	10.71	2045	2134	0.00	217	0	0	0	nan	0.00	0.00	4.71	86.11	89.29	0.00	40	0	42	0.00	0.00	64.35	7.81	0.00	0.00	2000
222	11.28	2003	2061	0.00	218	0	0	0	nan	0.00	0.04	4.67	82.42	88.72	0.00	40	0	42	0.00	0.00	61.94	7.25	0.00	0.00	2000
220	10.82	2049	2087	0.00	224	0	0	0	nan	0.00	0.02	3.88	84.89	89.18	0.00	40	0	42	0.00	0.00	61.99	7.31	0.00	0.00	2000
222	10.66	2053	2130	0.00	215	0	0	0	nan	0.00	0.02	3.98	86.68	89.34	0.00	40	0	42	0.00	0.00	66.89	7.83	0.00	0.00	2000
214	11.93	2130	1769	0.00	199	0	0	0	nan	0.00	0.01	3.81	70.43	88.07	0.00	38	0	42	0.00	0.00	53.20	6.34	0.00	0.00	2000
262	10.28	2076	2580	0.00	301	0	0	0	nan	0.00	0.02	6.01	104.31	89.72	0.00	38	0	43	0.00	0.00	82.62	9.89	0.00	0.00	2000
120	8.72	1344	2159	0.00	130	0	0	0	nan	0.00	0.00	10.14	83.86	91.28	0.00	38	0	42	0.00	0.00	59.76	7.55	0.00	0.00	2000
