Avg_MHz	Busy%	Bzy_MHz	TSC_MHz	IPC	IRQ	NMI	SMI	LLCMRPS	LLC%hit	POLL%	C1%	C1E%	C6%	CPU%c1	CPU%c6	CoreTmp	CoreThr	PkgTmp	Pkg%pc2	Pkg%pc6	PkgWatt	RAMWatt	PKG_%	RAM_%	UncMHz
319	15.52	2029	2130	0.00	231	0	0	0	nan	0.00	0.41	37.20	48.14	84.48	0.00	37	0	42	0.00	0.00	68.40	8.03	0.00	0.00	2000
316	15.30	2054	2111	0.00	213	0	0	0	nan	0.04	1.58	18.33	65.66	84.70	0.00	37	0	42	0.00	0.00	64.07	7.31	0.00	0.00	2000
77	7.08	1073	2115	0.00	210	0	0	0	nan	0.00	0.00	5.08	88.59	92.92	0.00	37	0	42	0.00	0.00	57.95	7.51	0.00	0.00	2000
73	6.73	1080	2106	0.00	193	0	0	0	nan	0.00	0.02	3.69	89.79	93.27	0.00	37	0	42	0.00	0.00	58.34	7.40	0.00	0.00	2000
72	6.71	1083	2071	0.00	193	0	0	0	nan	0.00	0.02	2.66	89.34	93.29	0.00	37	0	42	0.00	0.00	56.75	7.29	0.00	0.00	2000
74	6.56	1107	2125	0.00	193	0	0	0	nan	0.00	0.03	1.81	92.67	93.44	0.00	37	0	42	0.00	0.00	59.39	7.54	0.00	0.00	2000
74	6.39	1154	2108	0.00	194	0	0	0	nan	0.01	0.00	2.98	91.03	93.61	0.00	37	0	42	0.00	0.00	60.21	7.45	0.00	0.00	2000
72	6.83	1064	2092	0.00	193	0	0	0	nan	0.00	0.00	3.61	89.28	93.17	0.00	37	0	42	0.00	0.00	58.55	7.60	0.00	0.00	2000
73	6.88	1066	2104	0.00	194	0	0	0	nan	0.00	0.00	4.03	89.39	93.12	0.00	37	0	42	0.00	0.00	58.32	7.57	0.00	0.00	2000
71	6.76	1068	2075	0.00	193	0	0	0	nan	0.00	0.00	3.55	88.72	93.24	0.00	37	0	42	0.00	0.00	56.75	7.37	0.00	0.00	2000
72	6.81	1059	2095	0.00	194	0	0	0	nan	0.00	0.00	2.68	90.31	93.19	0.00	37	0	42	0.00	0.00	56.11	7.19	0.00	0.00	2000
72	6.73	1060	2124	0.00	210	0	0	0	nan	0.00	0.00	3.68	90.65	93.27	0.00	37	0	42	0.00	0.00	62.87	8.17	0.00	0.00	2000
72	6.57	1099	2083	0.00	177	0	0	0	nan	0.00	0.00	3.22	89.52	93.43	0.00	37	0	42	0.00	0.00	57.68	7.39	0.00	0.00	2000
71	7.39	958	2097	0.00	212	0	0	0	nan	0.00	0.00	5.20	87.45	92.61	0.00	37	0	42	0.00	0.00	55.72	7.10	0.00	0.00	2000
73	7.02	1037	2115	0.00	196	0	0	0	nan	0.00	0.01	2.31	91.37	92.98	0.00	37	0	42	0.00	0.00	61.21	7.74	0.00	0.00	2000
72	6.58	1088	2101	0.00	194	0	0	1	86.10	0.00	0.02	3.02	90.50	93.42	0.00	37	0	43	0.00	0.00	58.56	7.21	0.00	0.00	2000
73	6.87	1066	2102	0.29	194	0	0	2	88.29	0.00	0.01	3.30	90.10	93.13	0.00	37	0	42	0.00	0.00	58.04	7.80	0.00	0.00	2000
72	6.65	1078	2103	0.00	194	0	0	0	nan	0.00	0.02	2.91	90.61	93.35	0.00	37	0	42	0.00	0.00	56.37	7.31	0.00	0.00	2000
196	10.32	1909	2086	0.00	214	0	0	0	nan	0.01	0.00	5.30	83.92	89.68	0.00	39	0	42	0.00	0.00	63.54	7.41	0.00	0.00	2000
235	11.07	2095	2129	0.00	204	0	0	0	nan	0.00	0.00	5.50	84.78	88.93	0.00	40	0	43	0.00	0.00	66.35	7.73	0.00	0.00	2000
226	10.85	2108	2078	0.00	211	0	0	0	nan	0.00	0.00	3.19	85.09	89.15	0.00	40	0	42	0.00	0.00	64.47	7.19	0.00	0.00	2000
232	10.77	2137	2113	0.00	218	0	0	0	nan	0.00	0.00	3.99	85.84	89.23	0.00	40	0	42	0.00	0.00	65.69	7.42	0.00	0.00	2000
235	11.56	2088	2047	0.00	195	0	0	0	nan	0.00	0.00	6.62	79.72	88.44	0.00	39	0	42	0.00	0.00	61.04	7.29	0.00	0.00	2000
232	11.18	2030	2149	0.00	197	0	0	0	nan	0.00	0.00	7.68	83.41	88.82	0.00	39	0	42	0.00	0.00	70.43	8.14	0.00	0.00	2000
229	11.51	2019	2068	0.00	214	0	0	0	nan	0.00	0.00	7.14	80.11	88.49	0.00	38	0	42	0.00	0.00	62.78	7.87	0.00	0.00	2000
236	11.27	2053	2141	0.00	197	0	0	0	nan	0.00	0.52	4.99	85.04	88.73	0.00	38	0	42	0.00	0.00	67.14	8.05	0.00	0.00	2000
230	11.12	2081	2089	0.00	196	0	0	0	nan	0.00	0.00	5.94	82.53	88.88	0.00	38	0	42	0.00	0.00	66.44	7.69	0.00	0.00	2000
232	11.49	2049	2073	0.00	200	0	0	0	nan	0.00	0.00	7.38	80.15	88.51	0.00	38	0	42	0.00	0.00	63.84	7.35	0.00	0.00	2000
231	10.78	2138	2109	0.00	196	0	0	0	nan	0.00	0.97	4.81	83.89	89.22	0.00	38	0	42	0.00	0.00	65.08	7.44	0.00	0.00	2000
235	11.64	2038	2079	0.00	201	0	0	0	nan	0.00	0.02	4.40	83.11	88.36	0.00	38	0	42	0.00	0.00	63.99	7.21	0.00	0.00	2000
230	10.51	2152	2139	0.00	214	0	0	0	nan	0.00	0.03	8.22	82.96	89.49	0.00	39	0	42	0.00	0.00	68.74	7.84	0.00	0.00	2000
232	11.38	2034	2104	0.00	201	0	0	0	nan	0.00	0.00	5.40	83.50	88.62	0.00	39	0	42	0.00	0.00	65.33	7.26	0.00	0.00	2000
229	10.90	2103	2101	0.00	199	0	0	3	96.22	0.00	0.00	5.69	83.48	89.10	0.00	39	0	42	0.00	0.00	64.87	7.19	0.00	0.00	2000
232	11.22	2082	2086	0.68	200	0	0	17	95.94	0.00	0.00	6.77	81.53	88.78	0.00	39	0	42	0.00	0.00	64.86	7.38	0.00	0.00	2000
233	10.92	2127	2108	0.00	197	0	0	0	nan	0.00	0.00	4.58	84.93	89.08	0.00	39	0	42	0.00	0.00	65.49	7.41	0.00	0.00	2000
230	11.23	2041	2111	0.00	196	0	0	0	nan	0.00	0.00	4.16	85.10	88.77	0.00	39	0	43	0.00	0.00	65.49	7.40	0.00	0.00	2000
225	10.96	2086	2065	0.00	196	0	0	0	nan	0.00	0.00	4.05	83.46	89.04	0.00	39	0	42	0.00	0.00	63.59	7.16	0.00	0.00	2000
230	11.06	2098	2083	0.00	197	0	0	0	nan	0.00	0.00	3.02	85.28	88.94	0.00	39	0	42	0.00	0.00	63.21	7.23	0.00	0.00	2000
229	11.08	2055	2113	0.00	210	0	0	0	nan	0.00	0.02	2.57	87.00	88.92	0.00	39	0	42	0.00	0.00	67.68	7.66	0.00	0.00	2000
227	11.18	2075	2058	0.00	196	0	0	0	nan	0.00	0.00	3.07	84.03	88.82	0.00	39	0	42	0.00	0.00	62.22	7.06	0.00	0.00	2000
233	10.72	2095	2177	0.00	211	0	0	0	nan	0.00	0.00	2.42	90.19	89.28	0.00	39	0	43	0.00	0.00	68.50	7.81	0.00	0.00	2000
229	10.98	2091	2094	0.00	197	0	0	0	nan	0.00	0.00	3.09	85.71	89.02	0.00	39	0	42	0.00	0.00	66.30	7.65	0.00	0.00	2000
234	11.05	2103	2111	0.00	194	0	0	0	nan	0.00	0.00	3.81	85.70	88.95	0.00	39	0	42	0.00	0.00	65.14	7.34	0.00	0.00	2000
224	10.90	2098	2056	0.00	196	0	0	0	nan	0.00	0.02	4.16	83.18	89.10	0.00	38	0	42	0.00	0.00	58.13	6.92	0.00	0.00	2000
404	18.62	2359	1934	0.00	227	0	0	0	nan	0.00	0.00	3.21	71.77	81.38	0.00	38	0	42	0.00	0.00	65.70	7.42	0.00	0.00	2000
307	12.55	2218	2320	0.00	236	0	0	0	nan	0.00	0.02	4.92	91.65	87.45	0.00	38	0	42	0.00	0.00	74.10	8.35	0.00	0.00	2000
166	9.76	1735	2055	0.00	228	0	0	0	nan	0.00	0.02	4.74	83.58	90.24	0.00	37	0	42	0.00	0.00	59.68	7.25	0.00	0.00	2000
92	7.51	1187	2178	0.00	147	0	0	0	nan	0.00	0.00	9.53	86.40	92.49	0.00	37	0	42	0.00	0.00	69.39	8.49	0.00	0.00	2000
