Avg_MHz	Busy%	Bzy_MHz	TSC_MHz	IPC	IRQ	NMI	SMI	LLCMRPS	LLC%hit	POLL%	C1%	C1E%	C6%	CPU%c1	CPU%c6	CoreTmp	CoreThr	PkgTmp	Pkg%pc2	Pkg%pc6	PkgWatt	RAMWatt	PKG_%	RAM_%	UncMHz
310	15.79	1903	2169	0.00	254	0	0	0	nan	0.00	0.75	27.35	58.98	84.21	0.00	37	0	43	0.00	0.00	66.58	7.89	0.00	0.00	2000
316	15.67	2040	2077	0.00	212	0	0	0	nan	0.04	1.24	25.78	56.68	84.33	0.00	37	0	42	0.00	0.00	65.25	7.59	0.00	0.00	2000
77	6.93	1093	2134	0.00	194	0	0	0	nan	0.00	0.01	5.14	89.47	93.07	0.00	37	0	42	0.00	0.00	59.23	7.56	0.00	0.00	2000
73	6.58	1118	2099	0.00	194	0	0	0	nan	0.00	0.02	2.84	90.53	93.42	0.00	37	0	42	0.00	0.00	58.27	7.43	0.00	0.00	2000
89	7.13	1246	2103	0.00	193	0	0	0	nan	0.00	0.00	3.78	89.22	92.87	0.00	37	0	42	0.00	0.00	58.98	7.55	0.00	0.00	2000
73	6.67	1101	2083	0.00	193	0	0	0	nan	0.00	0.00	2.18	90.31	93.33	0.00	37	0	43	0.00	0.00	57.74	7.37	0.00	0.00	2000
75	6.70	1111	2120	0.00	214	0	0	0	nan	0.00	0.00	5.07	89.19	93.30	0.00	37	0	42	0.00	0.00	58.55	7.41	0.00	0.00	2000
72	6.83	1055	2097	0.00	195	0	0	0	nan	0.00	0.00	3.83	89.26	93.17	0.00	37	0	42	0.00	0.00	58.13	7.49	0.00	0.00	2000
72	6.41	1142	2076	0.00	193	0	0	0	nan	0.00	0.00	3.41	89.03	93.59	0.00	37	0	42	0.00	0.00	57.76	7.13	0.00	0.00	2000
79	7.14	1094	2128	0.00	193	0	0	0	nan	0.00	0.05	4.11	89.97	92.86	0.00	37	0	43	0.00	0.00	61.04	7.81	0.00	0.00	2000
75	6.46	1162	2086	0.00	197	0	0	0	nan	0.00	0.02	4.16	88.78	93.54	0.00	37	0	42	0.00	0.00	55.77	7.19	0.00	0.00	2000
74	6.56	1111	2118	0.00	195	0	0	0	nan	0.00	0.00	4.15	90.05	93.44	0.00	37	0	42	0.00	0.00	61.59	7.65	0.00	0.00	2000
72	6.83	1076	2063	0.00	193	0	0	0	nan	0.00	0.02	3.29	88.25	93.17	0.00	37	0	42	0.00	0.00	56.33	7.16	0.00	0.00	2000
72	6.59	1087	2123	0.00	193	0	0	0	nan	0.00	0.05	2.40	92.03	93.41	0.00	37	0	43	0.00	0.00	58.08	7.60	0.00	0.00	2000
74	6.50	1133	2108	0.00	194	0	0	0	nan	0.00	0.03	2.92	91.02	93.50	0.00	37	0	42	0.00	0.00	59.55	7.64	0.00	0.00	2000
71	6.43	1103	2105	0.00	194	0	0	1	88.07	0.00	0.01	2.65	91.14	93.57	0.00	37	0	43	0.00	0.00	60.05	7.67	0.00	0.00	2000
73	6.78	1088	2072	0.29	194	0	0	1	87.28	0.00	0.02	2.86	89.04	93.22	0.00	37	0	43	0.00	0.00	56.87	7.66	0.00	0.00	2000
73	6.71	1065	2132	0.00	210	0	0	0	nan	0.00	0.00	4.00	90.67	93.29	0.00	37	0	43	0.00	0.00	57.87	7.41	0.00	0.00	2000
191	9.68	1978	2094	0.00	212	0	0	0	nan	0.00	0.02	5.85	84.31	90.32	0.00	39	0	42	0.00	0.00	63.95	7.52	0.00	0.00	2000
228	10.82	2137	2071	0.00	204	0	0	0	nan	0.00	0.00	3.76	84.26	89.18	0.00	40	0	43	0.00	0.00	63.93	7.19	0.00	0.00	2000
235	11.15	2075	2135	0.00	228	0	0	0	nan	0.00	0.00	2.75	87.72	88.85	0.00	40	0	43	0.00	0.00	67.09	7.88	0.00	0.00	2000
226	11.04	2063	2088	0.00	187	0	0	0	nan	0.00	0.02	2.82	85.76	88.96	0.00	40	0	43	0.00	0.00	63.21	7.36	0.00	0.00	2000
235	11.14	2113	2095	0.00	197	0	0	0	nan	0.00	0.01	6.23	82.50	88.86	0.00	38	0	42	0.00	0.00	65.06	7.63	0.00	0.00	2000
228	11.06	2076	2082	0.00	197	0	0	0	nan	0.00	0.00	4.94	83.31	88.94	0.00	38	0	42	0.00	0.00	66.02	7.95	0.00	0.00	2000
241	11.45	2075	2133	0.00	214	0	0	0	nan	0.00	0.01	5.56	84.50	88.55	0.00	38	0	43	0.00	0.00	68.42	8.13	0.00	0.00	2000
225	11.07	2065	2068	0.00	189	0	0	0	nan	0.01	0.00	3.86	83.76	88.94	0.00	38	0	42	0.00	0.00	63.81	7.50	0.00	0.00	2000
235	11.41	2031	2127	0.00	217	0	0	0	nan	0.00	0.00	7.37	82.44	88.59	0.00	38	0	43	0.00	0.00	67.85	8.09	0.00	0.00	2000
226	11.01	2099	2054	0.00	199	0	0	0	nan	0.00	0.00	5.51	81.62	88.99	0.00	38	0	43	0.00	0.00	63.35	7.51	0.00	0.00	2000
228	10.61	2124	2120	0.00	199	0	0	0	nan	0.00	0.02	5.14	85.23	89.39	0.00	39	0	42	0.00	0.00	64.82	7.51	0.00	0.00	2000
234	11.08	2099	2107	0.00	196	0	0	0	nan	0.00	0.00	4.30	85.02	88.92	0.00	39	0	42	0.00	0.00	65.32	7.70	0.00	0.00	2000
235	11.50	2024	2120	0.00	200	0	0	0	nan	0.00	0.02	5.09	84.33	88.50	0.00	39	0	42	0.00	0.00	67.67	7.82	0.00	0.00	2000
227	11.25	2095	2026	0.00	214	0	0	0	nan	0.00	0.03	5.90	79.79	88.75	0.00	39	0	43	0.00	0.00	62.56	7.29	0.00	0.00	2000
232	10.94	2062	2158	0.00	214	0	0	3	85.45	0.00	0.52	4.06	87.02	89.06	0.00	39	0	42	0.00	0.00	66.37	7.63	0.00	0.00	2000
234	10.84	2134	2122	0.72	195	0	0	17	84.99	0.00	0.00	3.87	86.19	89.16	0.00	39	0	42	0.00	0.00	66.36	7.74	0.00	0.00	2000
230	11.24	2070	2076	0.00	201	0	0	0	nan	0.00	0.00	5.05	82.75	88.76	0.00	39	0	42	0.00	0.00	63.40	7.47	0.00	0.00	2000
229	11.39	2048	2060	0.00	197	0	0	0	nan	0.00	0.02	4.99	82.06	88.61	0.00	39	0	43	0.00	0.00	64.67	7.50	0.00	0.00	2000
232	10.92	2068	2153	0.00	216	0	0	0	nan	0.00	0.00	4.74	86.61	89.08	0.00	39	0	42	0.00	0.00	65.43	7.67	0.00	0.00	2000
228	11.03	2074	2093	0.00	199	0	0	0	nan	0.00	0.00	4.73	83.93	88.97	0.00	38	0	42	0.00	0.00	64.60	7.51	0.00	0.00	2000
231	11.09	2075	2112	0.00	198	0	0	0	nan	0.00	0.00	5.31	84.18	88.91	0.00	39	0	42	0.00	0.00	67.74	7.86	0.00	0.00	2000
235	11.22	2078	2114	0.00	201	0	0	0	nan	0.00	0.01	4.33	85.21	88.78	0.00	39	0	42	0.00	0.00	64.07	7.60	0.00	0.00	2000
225	10.98	2092	2057	0.00	196	0	0	0	nan	0.00	0.04	4.74	82.58	89.02	0.00	39	0	42	0.00	0.00	62.75	7.25	0.00	0.00	2000
230	10.59	2148	2120	0.00	197	0	0	0	nan	0.00	0.03	3.42	86.87	89.41	0.00	39	0	42	0.00	0.00	65.78	7.64	0.00	0.00	2000
232	10.94	2111	2105	0.00	196	0	0	0	nan	0.01	0.02	1.95	87.40	89.06	0.00	39	0	43	0.00	0.00	66.78	7.65	0.00	0.00	2000
234	10.76	2160	2116	0.00	201	0	0	0	nan	0.00	0.05	2.38	87.53	89.24	0.00	38	0	42	0.00	0.00	66.13	7.86	0.00	0.00	2000
229	10.91	2156	2044	0.00	201	0	0	0	nan	0.00	0.05	2.90	83.88	89.09	0.00	38	0	42	0.00	0.00	59.83	7.27	0.00	0.00	2000
233	10.93	2075	2162	0.00	213	0	0	0	nan	0.00	0.01	5.26	86.59	89.07	0.00	39	0	42	0.00	0.00	72.08	8.19	0.00	0.00	2000
231	11.32	2053	2087	0.00	199	0	0	0	nan	0.00	0.04	6.16	82.06	88.68	0.00	39	0	42	0.00	0.00	63.01	7.26	0.00	0.00	2000
231	11.39	2035	2091	0.00	199	0	0	0	nan	0.00	0.00	5.24	83.15	88.61	0.00	39	0	43	0.00	0.00	64.21	7.34	0.00	0.00	2000
228	11.86	2133	1889	0.00	203	0	0	0	nan	0.00	0.01	4.01	75.29	88.14	0.00	38	0	42	0.00	0.00	53.02	6.19	0.00	0.00	2000
245	10.47	2053	2393	0.07	250	0	0	6	70.97	0.00	0.01	8.53	93.52	89.53	0.00	37	0	42	0.00	0.00	82.22	9.77	0.00	0.00	2000
535	23.15	2446	1984	1.11	208	0	0	5	81.14	0.00	0.00	5.66	67.03	76.85	0.00	40	0	43	0.00	0.00	68.04	7.30	0.00	0.00	2000
342	14.46	2229	2225	0.00	289	0	0	0	nan	0.00	0.00	7.62	83.12	85.54	0.00	39	0	42	0.00	0.00	75.25	8.21	0.00	0.00	2000
144	9.36	1537	2110	0.00	234	0	0	0	nan	0.00	0.02	11.06	79.91	90.64	0.00	38	0	43	0.00	0.00	62.31	7.54	0.00	0.00	2000
79	6.61	1188	2105	0.00	193	0	0	0	nan	0.00	0.00	5.98	87.54	93.39	0.00	37	0	42	0.00	0.00	59.48	7.65	0.00	0.00	2000
73	6.45	1130	2096	0.00	193	0	0	0	nan	0.00	0.01	3.27	90.00	93.55	0.00	38	0	42	0.00	0.00	58.32	7.44	0.00	0.00	2000
75	6.91	1102	2065	0.00	177	0	0	0	nan	0.00	0.02	3.29	88.22	93.09	0.00	37	0	42	0.00	0.00	57.01	7.22	0.00	0.00	2000
