Avg_MHz	Busy%	Bzy_MHz	TSC_MHz	IPC	IRQ	NMI	SMI	LLCMRPS	LLC%hit	POLL%	C1%	C1E%	C6%	CPU%c1	CPU%c6	CoreTmp	CoreThr	PkgTmp	Pkg%pc2	Pkg%pc6	PkgWatt	RAMWatt	PKG_%	RAM_%	UncMHz
262	13.87	1863	2127	0.00	231	0	0	0	nan	0.00	0.02	23.29	63.96	86.13	0.00	37	0	42	0.00	0.00	64.21	7.79	0.00	0.00	2000
364	16.49	2176	2132	0.00	214	0	0	0	nan	0.04	1.86	15.92	67.14	83.51	0.00	37	0	42	0.00	0.00	69.27	8.00	0.00	0.00	2000
75	6.96	1083	2101	0.00	210	0	0	0	nan	0.00	0.00	7.79	85.25	93.04	0.00	37	0	42	0.00	0.00	56.99	7.15	0.00	0.00	2000
73	6.54	1109	2123	0.00	193	0	0	0	nan	0.00	0.00	2.53	91.89	93.46	0.00	37	0	42	0.00	0.00	59.46	7.65	0.00	0.00	2000
73	6.57	1107	2098	0.00	193	0	0	0	nan	0.00	0.00	3.52	89.87	93.43	0.00	37	0	42	0.00	0.00	57.61	7.48	0.00	0.00	2000
71	6.72	1065	2098	0.00	193	0	0	0	nan	0.00	0.00	3.03	90.26	93.28	0.00	37	0	42	0.00	0.00	58.40	7.36	0.00	0.00	2000
73	6.46	1139	2088	0.00	195	0	0	0	nan	0.00	0.01	3.26	89.70	93.54	0.00	37	0	42	0.00	0.00	60.52	7.81	0.00	0.00	2000
73	6.94	1048	2115	0.00	194	0	0	0	nan	0.00	0.00	2.95	90.85	93.06	0.00	37	0	42	0.00	0.00	56.25	7.40	0.00	0.00	2000
72	6.95	1048	2070	0.00	193	0	0	0	nan	0.00	0.00	2.98	88.82	93.05	0.00	37	0	42	0.00	0.00	61.49	7.47	0.00	0.00	2000
71	6.84	1043	2102	0.00	211	0	0	0	nan	0.00	0.10	3.98	89.27	93.16	0.00	37	0	42	0.00	0.00	56.58	7.22	0.00	0.00	2000
74	6.85	1066	2127	0.00	195	0	0	0	nan	0.00	0.00	3.34	90.97	93.15	0.00	37	0	42	0.00	0.00	60.34	7.41	0.00	0.00	2000
71	6.93	1032	2100	0.00	193	0	0	0	nan	0.00	0.00	2.85	90.35	93.07	0.00	37	0	42	0.00	0.00	60.54	8.02	0.00	0.00	2000
72	6.09	1194	2083	0.00	193	0	0	0	nan	0.01	0.02	2.51	90.53	93.91	0.00	37	0	42	0.00	0.00	55.47	6.96	0.00	0.00	2000
73	6.77	1064	2117	0.00	194	0	0	0	nan	0.00	0.00	2.91	91.11	93.23	0.00	37	0	42	0.00	0.00	59.15	7.66	0.00	0.00	2000
74	6.59	1128	2095	0.00	196	0	0	0	nan	0.00	0.00	3.46	89.63	93.41	0.00	37	0	42	0.00	0.00	59.64	7.23	0.00	0.00	2000
72	6.78	1058	2114	0.00	193	0	0	1	87.39	0.00	0.02	2.39	91.39	93.22	0.00	37	0	42	0.00	0.00	60.79	8.13	0.00	0.00	2000
72	6.61	1098	2087	0.30	192	0	0	1	86.02	0.00	0.03	3.21	89.65	93.39	0.00	37	0	42	0.00	0.00	54.37	7.01	0.00	0.00	2000
71	7.04	1011	2107	0.00	193	0	0	0	nan	0.01	0.00	2.36	91.09	92.96	0.00	36	0	42	0.00	0.00	57.64	7.55	0.00	0.00	2000
164	8.81	1860	2097	0.00	205	0	0	0	nan	0.00	0.87	3.66	86.62	91.19	0.00	37	0	42	0.00	0.00	63.40	7.74	0.00	0.00	2000
230	10.79	2153	2081	0.00	199	0	0	0	nan	0.00	0.00	5.61	82.82	89.21	0.00	38	0	42	0.00	0.00	65.49	7.52	0.00	0.00	2000
231	10.80	2116	2119	0.00	197	0	0	0	nan	0.00	0.52	7.41	82.15	89.20	0.00	38	0	42	0.00	0.00	66.11	7.67	0.00	0.00	2000
232	11.12	2099	2084	0.00	187	0	0	0	nan	0.00	0.05	5.71	82.54	88.88	0.00	38	0	42	0.00	0.00	66.49	7.50	0.00	0.00	2000
226	10.51	2142	2112	0.00	201	0	0	0	nan	0.00	2.06	3.57	84.50	89.49	0.00	38	0	42	0.00	0.00	65.89	7.68	0.00	0.00	2000
233	11.14	2081	2109	0.00	204	0	0	0	nan	0.00	0.01	3.48	85.86	88.86	0.00	39	0	42	0.00	0.00	61.65	7.43	0.00	0.00	2000
229	11.31	2024	2099	0.00	201	0	0	0	nan	0.00	0.00	3.12	85.65	88.69	0.00	39	0	42	0.00	0.00	66.02	7.84	0.00	0.00	2000
229	11.26	2058	2077	0.00	197	0	0	0	nan	0.00	0.00	4.97	82.92	88.74	0.00	38	0	42	0.00	0.00	64.62	7.60	0.00	0.00	2000
235	11.25	2072	2118	0.00	214	0	0	0	nan	0.00	0.00	5.10	84.52	88.75	0.00	38	0	42	0.00	0.00	67.66	8.03	0.00	0.00	2000
231	11.15	2068	2105	0.00	201	0	0	0	nan	0.00	0.00	6.58	82.50	88.85	0.00	39	0	42	0.00	0.00	66.42	7.74	0.00	0.00	2000
229	11.17	2046	2102	0.00	198	0	0	0	nan	0.00	0.00	4.53	84.48	88.83	0.00	39	0	42	0.00	0.00	65.00	7.77	0.00	0.00	2000
225	11.11	2059	2066	0.00	198	0	0	0	nan	0.00	0.00	4.07	83.48	88.89	0.00	39	0	42	0.00	0.00	60.66	7.44	0.00	0.00	2000
231	11.41	2030	2092	0.00	218	0	0	0	nan	0.00	0.02	4.64	83.72	88.59	0.00	40	0	42	0.00	0.00	67.56	7.50	0.00	0.00	2000
236	10.91	2118	2147	0.00	203	0	0	0	nan	0.01	0.03	4.33	86.78	89.09	0.00	40	0	42	0.00	0.00	66.76	7.80	0.00	0.00	2000
236	11.00	2143	2100	0.00	199	0	0	1	91.88	0.02	1.08	3.91	84.07	89.00	0.00	40	0	42	0.00	0.00	65.42	7.54	0.00	0.00	2000
229	11.18	2052	2095	0.66	196	0	0	18	82.71	0.01	0.00	5.34	83.43	88.83	0.00	39	0	42	0.00	0.00	65.11	7.59	0.00	0.00	2000
230	10.89	2108	2106	0.02	198	0	0	0	nan	0.00	0.99	4.98	83.49	89.11	0.00	40	0	42	0.00	0.00	65.62	7.58	0.00	0.00	2000
230	11.34	2029	2096	0.00	201	0	0	0	nan	0.00	0.02	5.31	83.37	88.66	0.00	40	0	42	0.00	0.00	65.06	7.61	0.00	0.00	2000
230	11.17	2064	2096	0.00	201	0	0	0	nan	0.00	0.02	5.84	82.90	88.83	0.00	40	0	42	0.00	0.00	65.25	7.47	0.00	0.00	2000
226	11.06	2063	2081	0.00	196	0	0	0	nan	0.00	0.00	5.60	82.57	88.94	0.00	40	0	42	0.00	0.00	63.90	7.49	0.00	0.00	2000
228	11.36	2049	2057	0.00	200	0	0	0	nan	0.00	0.05	5.17	81.77	88.64	0.00	38	0	42	0.00	0.00	60.29	7.13	0.00	0.00	2000
236	11.00	2082	2167	0.00	247	0	0	0	nan	0.00	0.02	4.34	87.54	89.00	0.00	38	0	43	0.00	0.00	73.51	8.50	0.00	0.00	2000
231	11.11	2093	2092	0.00	183	0	0	0	nan	0.00	0.02	5.33	83.35	88.89	0.00	38	0	42	0.00	0.00	62.91	7.31	0.00	0.00	2000
230	10.92	2103	2103	0.00	212	0	0	0	nan	0.00	0.02	4.74	84.55	89.08	0.00	39	0	42	0.00	0.00	70.11	7.73	0.00	0.00	2000
227	11.25	2045	2076	0.00	199	0	0	0	nan	0.01	0.02	3.54	84.32	88.75	0.00	38	0	42	0.00	0.00	63.04	7.60	0.00	0.00	2000
238	11.17	2095	2136	0.00	197	0	0	0	nan	0.00	0.04	3.93	86.43	88.83	0.00	39	0	42	0.00	0.00	66.54	7.77	0.00	0.00	2000
229	11.20	2069	2073	0.00	198	0	0	0	nan	0.00	0.00	6.19	81.55	88.80	0.00	39	0	42	0.00	0.00	62.64	7.33	0.00	0.00	2000
235	10.94	2114	2131	0.00	202	0	0	0	nan	0.00	0.34	4.58	85.59	89.06	0.00	38	0	42	0.00	0.00	67.40	7.83	0.00	0.00	2000
232	11.01	2104	2100	0.00	196	0	0	0	nan	0.00	0.03	6.93	82.14	88.99	0.00	38	0	42	0.00	0.00	66.43	7.66	0.00	0.00	2000
223	10.93	2048	2088	0.00	196	0	0	0	nan	0.00	0.00	5.00	83.73	89.07	0.00	38	0	42	0.00	0.00	62.17	7.25	0.00	0.00	2000
237	11.34	2088	2105	0.00	234	0	0	0	nan	0.00	0.00	6.09	82.87	88.66	0.00	39	0	42	0.00	0.00	63.84	7.55	0.00	0.00	2000
229	10.99	2098	2086	0.06	219	0	0	2	63.10	0.00	0.00	6.87	81.66	89.01	0.00	39	0	42	0.00	0.00	66.92	7.97	0.00	0.00	2000
235	11.33	2056	2115	0.44	218	0	0	3	66.64	0.00	0.00	5.94	83.47	88.67	0.00	39	0	42	0.00	0.00	64.32	7.69	0.00	0.00	2000
234	11.05	2122	2096	0.00	200	0	0	0	nan	0.00	0.00	4.74	84.09	88.95	0.00	39	0	42	0.00	0.00	65.25	7.96	0.00	0.00	2000
230	11.13	2074	2096	0.00	198	0	0	0	nan	0.00	0.00	5.42	83.36	88.87	0.00	39	0	42	0.00	0.00	69.26	8.41	0.00	0.00	2000
235	11.27	2074	2111	0.00	198	0	0	0	nan	0.00	0.02	6.94	82.37	88.73	0.00	39	0	42	0.00	0.00	66.08	7.78	0.00	0.00	2000
233	11.03	2112	2098	0.00	201	0	0	0	nan	0.00	0.07	3.71	85.26	88.97	0.00	39	0	42	0.00	0.00	60.05	7.39	0.00	0.00	2000
230	10.76	2154	2089	0.00	182	0	0	0	nan	0.00	0.02	3.64	85.21	89.24	0.00	40	0	42	0.00	0.00	66.26	7.91	0.00	0.00	2000
235	11.01	2126	2112	0.00	213	0	0	0	nan	0.00	0.07	3.46	86.09	88.99	0.00	39	0	42	0.00	0.00	64.49	7.49	0.00	0.00	2000
232	11.12	2090	2096	0.00	196	0	0	0	nan	0.00	0.00	4.95	83.83	88.88	0.00	40	0	42	0.00	0.00	65.42	7.92	0.00	0.00	2000
233	11.15	2088	2100	0.00	197	0	0	0	nan	0.00	0.00	5.38	83.60	88.85	0.00	39	0	42	0.00	0.00	66.49	7.50	0.00	0.00	2000
239	11.29	2115	2098	0.00	187	0	0	0	nan	0.01	0.01	6.14	82.55	88.71	0.00	39	0	42	0.00	0.00	64.73	7.85	0.00	0.00	2000
231	11.09	2087	2099	0.00	198	0	0	0	nan	0.00	0.02	6.23	82.76	88.91	0.00	39	0	42	0.00	0.00	65.03	7.82	0.00	0.00	2000
233	11.00	2099	2115	0.00	197	0	0	0	nan	0.00	0.00	5.21	84.46	89.00	0.00	39	0	42	0.00	0.00	67.04	7.98	0.00	0.00	2000
233	11.04	2109	2102	0.00	198	0	0	0	nan	0.00	0.00	5.17	83.93	88.96	0.00	39	0	42	0.00	0.00	65.39	7.86	0.00	0.00	2000
227	10.96	2092	2075	0.00	198	0	0	0	nan	0.00	0.00	5.25	82.84	89.04	0.00	39	0	42	0.00	0.00	64.11	7.61	0.00	0.00	2000
238	11.13	2113	2128	0.00	204	0	0	0	nan	0.00	0.00	5.11	85.01	88.87	0.00	39	0	42	0.00	0.00	66.52	7.82	0.00	0.00	2000
230	11.02	2103	2089	0.00	199	0	0	0	nan	0.00	0.05	5.23	83.36	88.98	0.00	39	0	42	0.00	0.00	67.01	8.08	0.00	0.00	2000
232	11.18	2068	2105	0.00	198	0	0	2	66.57	0.00	0.36	3.62	85.16	88.82	0.00	39	0	42	0.00	0.00	64.40	7.84	0.00	0.00	2000
228	10.90	2105	2082	0.63	201	0	0	6	70.63	0.00	0.01	4.24	84.17	89.10	0.00	40	0	42	0.00	0.00	62.82	7.53	0.00	0.00	2000
234	11.39	2050	2108	0.00	198	0	0	0	nan	0.00	0.00	5.65	83.41	88.61	0.00	39	0	42	0.00	0.00	68.43	8.36	0.00	0.00	2000
231	11.32	2047	2092	0.00	199	0	0	0	nan	0.00	0.02	5.76	82.66	88.68	0.00	39	0	42	0.00	0.00	60.23	7.32	0.00	0.00	2000
231	11.10	2082	2100	0.00	205	0	0	0	nan	0.00	0.00	7.25	81.73	88.90	0.00	40	0	42	0.00	0.00	65.58	8.16	0.00	0.00	2000
232	11.12	2078	2111	0.00	198	0	0	0	nan	0.00	0.00	6.66	82.73	88.88	0.00	39	0	42	0.00	0.00	65.22	7.95	0.00	0.00	2000
231	11.19	2062	2101	0.00	197	0	0	0	nan	0.00	0.00	5.58	83.40	88.81	0.00	39	0	42	0.00	0.00	65.24	8.08	0.00	0.00	2000
231	11.15	2071	2105	0.00	197	0	0	0	nan	0.00	0.00	5.33	83.76	88.85	0.00	40	0	42	0.00	0.00	65.27	7.96	0.00	0.00	2000
232	11.23	2070	2097	0.00	197	0	0	0	nan	0.00	0.02	5.65	83.04	88.77	0.00	40	0	42	0.00	0.00	68.25	8.36	0.00	0.00	2000
227	11.10	2057	2089	0.00	202	0	0	0	nan	0.00	0.03	5.17	83.38	88.90	0.00	40	0	42	0.00	0.00	66.51	8.39	0.00	0.00	2000
234	10.99	2113	2116	0.00	197	0	0	0	nan	0.00	0.02	4.63	85.17	89.01	0.00	40	0	42	0.00	0.00	61.56	7.58	0.00	0.00	2000
229	10.94	2098	2093	0.00	197	0	0	0	nan	0.00	0.02	3.93	84.95	89.06	0.00	40	0	42	0.00	0.00	65.81	8.26	0.00	0.00	2000
230	11.07	2075	2103	0.00	198	0	0	0	nan	0.00	1.09	3.88	84.26	88.93	0.00	40	0	42	0.00	0.00	65.14	8.21	0.00	0.00	2000
229	10.75	2134	2098	0.00	196	0	0	0	nan	0.01	0.03	3.39	85.85	89.25	0.00	40	0	42	0.00	0.00	66.42	8.32	0.00	0.00	2000
233	11.28	2066	2097	0.00	200	0	0	0	nan	0.00	0.00	5.63	83.00	88.72	0.00	40	0	42	0.00	0.00	64.55	8.15	0.00	0.00	2000
230	11.24	2046	2102	0.00	199	0	0	0	nan	0.00	0.00	5.67	83.30	88.76	0.00	40	0	42	0.00	0.00	65.94	8.39	0.00	0.00	2000
226	11.06	2073	2069	0.00	197	0	0	0	nan	0.00	0.02	5.25	82.49	88.94	0.00	40	0	42	0.00	0.00	63.91	7.96	0.00	0.00	2000
235	11.05	2083	2147	0.00	198	0	0	1	76.73	0.00	0.02	5.85	85.18	88.95	0.00	40	0	42	0.00	0.00	70.43	8.75	0.00	0.00	2000
229	11.01	2087	2091	0.93	196	0	0	19	30.21	0.00	0.00	5.32	83.34	88.99	0.00	40	0	42	0.00	0.00	66.45	8.11	0.00	0.00	2000
232	11.45	2028	2096	0.02	201	0	0	0	nan	0.00	0.00	5.10	83.43	88.55	0.00	40	0	42	0.00	0.00	66.04	8.32	0.00	0.00	2000
232	10.99	2101	2112	0.00	194	0	0	0	nan	0.00	0.01	4.56	84.85	89.01	0.00	40	0	42	0.00	0.00	65.75	8.23	0.00	0.00	2000
224	10.63	2145	2064	0.00	195	0	0	0	nan	0.00	0.03	4.47	83.44	89.37	0.00	40	0	42	0.00	0.00	60.51	7.63	0.00	0.00	2000
235	11.43	2025	2136	0.00	199	0	0	0	nan	0.00	0.55	2.33	87.33	88.57	0.00	40	0	42	0.00	0.00	71.69	9.07	0.00	0.00	2000
226	10.73	2129	2078	0.00	198	0	0	0	nan	0.00	0.03	4.71	83.74	89.27	0.00	39	0	43	0.00	0.00	61.00	7.86	0.00	0.00	2000
232	11.25	2069	2095	0.00	201	0	0	0	nan	0.00	0.47	7.64	80.54	88.75	0.00	40	0	42	0.00	0.00	69.96	8.52	0.00	0.00	2000
228	11.05	2077	2088	0.00	202	0	0	0	nan	0.00	0.03	3.97	84.58	88.95	0.00	41	0	42	0.00	0.00	65.22	8.85	0.00	0.00	2000
233	11.15	2064	2125	0.00	214	0	0	0	nan	0.00	0.02	4.67	85.28	88.85	0.00	41	0	42	0.00	0.00	65.24	8.73	0.00	0.00	2000
226	10.90	2083	2086	0.00	198	0	0	0	nan	0.00	0.42	5.57	82.68	89.10	0.00	41	0	42	0.00	0.00	69.13	9.14	0.00	0.00	2000
233	11.05	2094	2117	0.00	197	0	0	0	nan	0.01	0.00	5.10	84.60	88.95	0.00	41	0	42	0.00	0.00	65.30	8.52	0.00	0.00	2000
225	10.61	2142	2079	0.00	215	0	0	0	nan	0.00	0.00	5.98	82.49	89.39	0.00	41	0	42	0.00	0.00	65.63	8.61	0.00	0.00	2000
226	11.12	2042	2087	0.00	215	0	0	0	nan	0.00	0.00	5.34	83.08	88.88	0.00	41	0	42	0.00	0.00	66.77	8.66	0.00	0.00	2000
229	10.99	2080	2106	0.00	214	0	0	0	nan	0.00	0.02	5.43	83.91	89.01	0.00	41	0	42	0.00	0.00	67.34	8.90	0.00	0.00	2000
231	10.94	2100	2111	0.00	229	0	0	0	nan	0.00	0.00	4.77	84.74	89.06	0.00	41	0	42	0.00	0.00	67.56	8.86	0.00	0.00	2000
232	10.71	2143	2125	0.00	202	0	0	0	nan	0.00	0.01	6.00	84.34	89.29	0.00	41	0	42	0.00	0.00	68.67	9.03	0.00	0.00	2000
225	10.81	2100	2084	0.00	197	0	0	14	12.75	0.00	0.02	4.51	84.12	89.19	0.00	41	0	43	0.00	0.00	68.62	8.92	0.00	0.00	2000
236	11.58	2027	2113	1.65	200	0	0	23	19.09	0.00	0.08	3.72	85.29	88.42	0.00	41	0	42	0.00	0.00	65.20	8.64	0.00	0.00	2000
230	10.83	2125	2095	0.00	213	0	0	0	nan	0.00	0.06	4.02	85.00	89.17	0.00	41	0	42	0.00	0.00	66.52	8.69	0.00	0.00	2000
233	11.01	2108	2109	0.00	196	0	0	0	nan	0.02	0.61	3.09	85.80	88.99	0.00	41	0	42	0.00	0.00	67.83	8.78	0.00	0.00	2000
225	10.80	2123	2059	0.00	199	0	0	0	nan	0.00	2.81	3.17	81.65	89.20	0.00	41	0	42	0.00	0.00	62.62	8.10	0.00	0.00	2000
226	11.13	2033	2099	0.00	199	0	0	0	nan	0.00	0.02	6.17	82.75	88.87	0.00	41	0	42	0.00	0.00	67.01	8.80	0.00	0.00	2000
226	10.98	2062	2098	0.00	212	0	0	0	nan	0.00	0.02	4.47	84.52	89.02	0.00	41	0	42	0.00	0.00	67.08	8.79	0.00	0.00	2000
235	11.13	2080	2135	0.00	213	0	0	0	nan	0.00	0.00	5.40	85.03	88.87	0.00	41	0	42	0.00	0.00	67.65	9.09	0.00	0.00	2000
231	10.95	2099	2107	0.00	201	0	0	0	nan	0.00	0.00	5.62	83.80	89.05	0.00	41	0	42	0.00	0.00	67.74	8.85	0.00	0.00	2000
225	10.98	2077	2069	0.00	197	0	0	0	nan	0.00	0.00	5.90	81.80	89.02	0.00	41	0	42	0.00	0.00	65.29	8.70	0.00	0.00	2000
232	10.91	2108	2117	0.00	202	0	0	0	nan	0.01	0.00	4.87	85.00	89.09	0.00	41	0	43	0.00	0.00	68.30	8.80	0.00	0.00	2000
228	10.99	2091	2087	0.00	197	0	0	0	nan	0.00	0.03	5.61	82.98	89.01	0.00	41	0	42	0.00	0.00	66.05	8.58	0.00	0.00	2000
232	11.15	2080	2097	0.00	201	0	0	0	nan	0.00	0.61	3.42	84.82	88.85	0.00	41	0	42	0.00	0.00	66.84	8.64	0.00	0.00	2000
230	10.82	2120	2110	0.00	202	0	0	0	nan	0.00	1.11	4.49	84.12	89.18	0.00	42	0	43	0.00	0.00	67.83	8.75	0.00	0.00	2000
232	11.00	2122	2086	0.00	198	0	0	0	nan	0.00	0.06	4.19	84.29	89.00	0.00	41	0	43	0.00	0.00	66.43	8.74	0.00	0.00	2000
226	11.20	2016	2100	0.00	232	0	0	0	nan	0.00	0.02	5.00	83.95	88.80	0.00	41	0	43	0.00	0.00	66.71	8.70	0.00	0.00	2000
230	10.90	2108	2102	0.00	198	0	0	0	nan	0.00	0.01	6.01	83.27	89.10	0.00	41	0	42	0.00	0.00	66.68	8.76	0.00	0.00	2000
233	11.20	2055	2126	0.58	203	0	0	27	7.99	0.00	0.92	4.98	84.05	88.80	0.00	41	0	42	0.00	0.00	65.50	8.65	0.00	0.00	2000
224	10.90	2080	2074	1.08	213	0	0	10	16.54	0.00	0.02	6.44	81.67	89.10	0.00	41	0	43	0.00	0.00	68.48	8.99	0.00	0.00	2000
228	10.84	2097	2105	0.00	196	0	0	0	nan	0.00	0.00	4.76	84.71	89.16	0.00	41	0	42	0.00	0.00	67.10	8.76	0.00	0.00	2000
231	10.89	2106	2112	0.00	197	0	0	0	nan	0.00	0.02	5.10	84.61	89.11	0.00	42	0	42	0.00	0.00	67.91	8.80	0.00	0.00	2000
232	11.02	2095	2108	0.00	199	0	0	0	nan	0.00	0.03	5.44	83.94	88.98	0.00	41	0	42	0.00	0.00	67.45	8.95	0.00	0.00	2000
234	10.94	2125	2111	0.00	200	0	0	0	nan	0.00	0.00	4.97	84.56	89.06	0.00	41	0	42	0.00	0.00	68.03	8.80	0.00	0.00	2000
224	10.97	2070	2069	0.00	199	0	0	0	nan	0.00	0.02	4.08	83.78	89.03	0.00	41	0	42	0.00	0.00	65.62	8.47	0.00	0.00	2000
228	11.01	2078	2092	0.00	196	0	0	0	nan	0.00	0.49	3.42	84.91	88.99	0.00	41	0	42	0.00	0.00	63.70	8.34	0.00	0.00	2000
228	11.14	2056	2093	0.00	212	0	0	0	nan	0.00	0.02	4.59	83.95	88.86	0.00	41	0	43	0.00	0.00	66.57	8.80	0.00	0.00	2000
232	10.87	2108	2130	0.00	218	0	0	0	nan	0.00	0.03	7.45	83.01	89.13	0.00	41	0	42	0.00	0.00	71.05	9.41	0.00	0.00	2000
225	11.25	2016	2086	0.00	196	0	0	0	nan	0.00	0.01	5.22	83.06	88.75	0.00	41	0	43	0.00	0.00	63.84	8.46	0.00	0.00	2000
228	11.11	2061	2090	0.00	214	0	0	0	nan	0.00	0.00	4.92	83.68	88.89	0.00	41	0	42	0.00	0.00	66.44	8.66	0.00	0.00	2000
234	11.07	2078	2134	0.00	213	0	0	0	nan	0.00	0.00	5.28	85.08	88.93	0.00	41	0	42	0.00	0.00	68.54	8.94	0.00	0.00	2000
226	10.99	2071	2085	0.00	215	0	0	0	nan	0.00	0.00	5.90	82.63	89.01	0.00	41	0	42	0.00	0.00	69.15	9.06	0.00	0.00	2000
228	10.68	2137	2097	0.00	199	0	0	0	nan	0.00	0.03	5.58	83.62	89.32	0.00	41	0	43	0.00	0.00	67.05	8.70	0.00	0.00	2000
234	11.24	2056	2128	0.00	199	0	0	0	nan	0.00	0.02	4.37	85.67	88.76	0.00	40	0	42	0.00	0.00	67.62	8.69	0.00	0.00	2000
262	12.32	2168	2061	0.00	198	0	0	0	nan	0.00	0.02	5.31	80.79	87.68	0.00	40	0	42	0.00	0.00	64.56	7.83	0.00	0.00	2000
236	11.09	2108	2116	0.51	198	0	0	10	13.36	0.00	0.01	5.50	84.18	88.91	0.00	40	0	43	0.00	0.00	65.96	7.97	0.00	0.00	2000
243	11.28	2129	2121	0.26	198	0	0	0	nan	0.00	0.00	6.16	83.58	88.72	0.00	38	0	42	0.00	0.00	66.27	7.80	0.00	0.00	2000
229	10.92	2096	2104	0.00	197	0	0	0	nan	0.00	0.00	6.96	82.31	89.08	0.00	37	0	43	0.00	0.00	65.87	7.73	0.00	0.00	2000
224	11.10	2138	1979	0.00	197	0	0	0	nan	0.00	0.02	5.41	78.46	88.90	0.00	38	0	42	0.00	0.00	58.38	6.97	0.00	0.00	2000
234	10.57	2081	2229	0.00	195	0	0	0	nan	0.00	2.15	5.49	87.39	89.43	0.00	38	0	42	0.00	0.00	68.84	8.04	0.00	0.00	2000
228	10.80	2116	2097	0.00	196	0	0	0	nan	0.00	0.58	3.26	85.40	89.20	0.00	38	0	43	0.00	0.00	65.89	7.77	0.00	0.00	2000
231	11.24	2056	2101	0.00	197	0	0	0	nan	0.04	0.02	4.21	84.69	88.76	0.00	38	0	43	0.00	0.00	62.58	7.39	0.00	0.00	2000
229	10.81	2117	2098	0.00	180	0	0	0	nan	0.00	0.46	7.66	81.12	89.19	0.00	38	0	42	0.00	0.00	63.39	7.36	0.00	0.00	2000
231	10.85	2128	2104	0.00	197	0	0	0	nan	0.04	0.02	9.19	80.07	89.15	0.00	38	0	43	0.00	0.00	65.25	7.61	0.00	0.00	2000
236	11.60	2043	2094	0.00	198	0	0	0	nan	0.00	0.02	5.48	82.77	88.40	0.00	38	0	42	0.00	0.00	63.67	7.55	0.00	0.00	2000
230	10.77	2129	2108	0.00	198	0	0	0	nan	0.00	0.00	5.78	83.77	89.23	0.00	38	0	42	0.00	0.00	66.17	7.69	0.00	0.00	2000
229	11.14	2062	2095	0.00	197	0	0	0	nan	0.00	0.00	5.19	83.59	88.86	0.00	39	0	42	0.00	0.00	65.05	7.41	0.00	0.00	2000
230	11.19	2053	2104	0.00	200	0	0	0	nan	0.00	0.00	6.75	82.34	88.81	0.00	38	0	43	0.00	0.00	60.58	7.06	0.00	0.00	2000
228	10.79	2110	2103	0.00	178	0	0	0	nan	0.00	0.50	7.64	81.27	89.21	0.00	38	0	42	0.00	0.00	66.88	7.79	0.00	0.00	2000
230	10.76	2142	2097	0.00	195	0	0	0	nan	0.04	0.01	7.81	81.25	89.24	0.00	38	0	43	0.00	0.00	65.64	7.75	0.00	0.00	2000
225	11.45	2087	1974	0.00	198	0	0	0	nan	0.00	0.00	6.93	76.40	88.55	0.00	37	0	42	0.00	0.00	56.58	6.54	0.00	0.00	2000
234	10.99	2033	2196	0.00	198	0	0	0	nan	0.00	0.02	6.60	86.60	89.01	0.00	38	0	42	0.00	0.00	69.64	8.52	0.00	0.00	2000
235	11.38	2047	2119	0.07	201	0	0	12	40.39	0.00	0.00	7.95	81.61	88.62	0.00	38	0	42	0.00	0.00	65.44	7.95	0.00	0.00	2000
232	11.50	2048	2065	0.45	202	0	0	6	50.67	0.00	0.00	4.66	82.54	88.50	0.00	38	0	42	0.00	0.00	64.81	7.96	0.00	0.00	2000
167	9.09	1818	2120	0.00	201	0	0	0	nan	0.00	0.07	4.21	87.64	90.91	0.00	37	0	42	0.00	0.00	61.76	7.49	0.00	0.00	2000
77	6.96	1095	2123	0.00	210	0	0	0	nan	0.00	0.03	6.98	87.13	93.04	0.00	37	0	42	0.00	0.00	61.93	7.88	0.00	0.00	2000
193	10.49	1876	2058	0.00	201	0	0	0	nan	0.00	0.00	7.53	80.37	89.51	0.00	39	0	42	0.00	0.00	60.14	7.13	0.00	0.00	2000
234	11.11	2075	2128	0.00	201	0	0	0	nan	0.01	0.02	6.15	84.05	88.89	0.00	40	0	42	0.00	0.00	64.70	7.62	0.00	0.00	2000
229	11.05	2071	2101	0.00	203	0	0	0	nan	0.00	0.01	7.06	82.05	88.95	0.00	40	0	42	0.00	0.00	65.81	7.74	0.00	0.00	2000
126	8.09	1551	2106	0.00	203	0	0	0	nan	0.00	0.00	6.86	85.42	91.91	0.00	37	0	43	0.00	0.00	61.25	7.45	0.00	0.00	2000
77	6.86	1120	2108	0.00	200	0	0	0	nan	0.00	0.00	7.90	85.65	93.14	0.00	37	0	42	0.00	0.00	59.43	7.72	0.00	0.00	2000
220	11.00	1992	2105	0.00	200	0	0	0	nan	0.00	0.03	6.08	83.27	89.00	0.00	39	0	42	0.00	0.00	64.95	7.66	0.00	0.00	2000
226	10.96	2096	2065	0.00	207	0	0	0	nan	0.00	0.01	5.80	81.89	89.04	0.00	40	0	42	0.00	0.00	60.83	7.14	0.00	0.00	2000
233	10.89	2110	2132	0.00	211	0	0	0	nan	0.00	0.03	6.27	84.24	89.11	0.00	40	0	42	0.00	0.00	67.63	7.79	0.00	0.00	2000
229	10.88	2105	2103	0.00	214	0	0	0	nan	0.00	0.05	4.45	84.85	89.12	0.00	40	0	42	0.00	0.00	64.88	7.49	0.00	0.00	2000
228	10.84	2116	2093	0.00	198	0	0	0	nan	0.00	0.06	3.20	85.76	89.16	0.00	40	0	42	0.00	0.00	66.11	7.81	0.00	0.00	2000
233	11.17	2079	2109	0.00	196	0	0	0	nan	0.00	0.04	3.96	85.31	88.83	0.00	40	0	42	0.00	0.00	61.63	7.35	0.00	0.00	2000
224	11.13	2036	2078	0.00	206	0	0	0	nan	0.01	0.01	8.13	79.95	88.87	0.00	39	0	42	0.00	0.00	66.80	7.95	0.00	0.00	2000
229	11.12	2074	2090	0.00	220	0	0	0	nan	0.00	0.04	3.81	84.56	88.88	0.00	40	0	42	0.00	0.00	64.92	7.69	0.00	0.00	2000
228	11.12	2047	2108	0.81	201	0	0	9	61.06	0.00	0.00	4.74	84.63	88.88	0.00	41	0	42	0.00	0.00	65.10	7.68	0.00	0.00	2000
237	11.18	2088	2133	0.31	217	0	0	0	nan	0.00	0.02	5.28	84.97	88.82	0.00	41	0	42	0.00	0.00	66.54	7.71	0.00	0.00	2000
226	11.05	2107	2041	0.00	209	0	0	0	nan	0.00	0.03	4.57	81.90	88.95	0.00	41	0	42	0.00	0.00	55.09	6.79	0.00	0.00	2000
230	11.25	1988	2161	0.00	276	0	0	0	nan	0.00	1.02	6.33	84.06	88.75	0.00	38	0	42	0.00	0.00	77.45	9.25	0.00	0.00	2000
102	8.43	1227	2074	0.00	220	0	0	0	nan	0.04	0.17	10.46	79.90	91.57	0.00	37	0	42	0.00	0.00	57.72	7.34	0.00	0.00	2000
80	6.99	1117	2140	0.00	209	0	0	0	nan	0.00	0.03	4.59	90.06	93.01	0.00	37	0	42	0.00	0.00	58.50	7.58	0.00	0.00	2000
73	6.63	1121	2073	0.00	193	0	0	0	nan	0.00	0.04	3.34	88.80	93.37	0.00	37	0	42	0.00	0.00	57.86	7.54	0.00	0.00	2000
136	7.87	1761	2056	0.00	50	0	0	0	nan	0.00	0.00	11.09	79.06	92.13	0.00	37	0	42	0.00	0.00	66.54	7.29	0.00	0.00	2000
