Avg_MHz	Busy%	Bzy_MHz	TSC_MHz	IPC	IRQ	NMI	SMI	LLCMRPS	LLC%hit	POLL%	C1%	C1E%	C6%	CPU%c1	CPU%c6	CoreTmp	CoreThr	PkgTmp	Pkg%pc2	Pkg%pc6	PkgWatt	RAMWatt	PKG_%	RAM_%	UncMHz
248	13.82	1899	1986	0.00	223	0	0	0	nan	0.00	0.02	21.34	60.14	86.18	0.00	38	0	42	0.00	0.00	57.28	7.01	0.00	0.00	2000
369	15.65	2174	2278	0.00	246	0	0	0	nan	0.03	1.39	19.16	71.33	84.35	0.00	37	0	42	0.00	0.00	75.04	8.26	0.00	0.00	2000
78	6.67	1154	2128	0.00	194	0	0	0	nan	0.00	0.00	7.05	87.54	93.33	0.00	37	0	43	0.00	0.00	58.24	7.40	0.00	0.00	2000
71	6.72	1077	2065	0.00	193	0	0	0	nan	0.00	0.02	3.07	88.64	93.28	0.00	37	0	42	0.00	0.00	57.22	7.04	0.00	0.00	2000
75	6.78	1087	2138	0.00	194	0	0	0	nan	0.00	0.03	2.10	92.81	93.22	0.00	37	0	42	0.00	0.00	59.28	7.53	0.00	0.00	2000
72	6.36	1137	2085	0.00	193	0	0	0	nan	0.00	0.00	2.73	90.16	93.64	0.00	37	0	42	0.00	0.00	59.14	7.52	0.00	0.00	2000
74	7.02	1051	2116	0.00	195	0	0	0	nan	0.00	0.00	2.74	91.11	92.98	0.00	37	0	42	0.00	0.00	59.11	7.43	0.00	0.00	2000
73	6.77	1073	2103	0.00	195	0	0	0	nan	0.00	0.00	3.29	90.09	93.23	0.00	37	0	42	0.00	0.00	58.27	7.46	0.00	0.00	2000
72	6.92	1046	2091	0.00	194	0	0	0	nan	0.00	0.00	3.16	89.71	93.08	0.00	37	0	42	0.00	0.00	56.10	7.09	0.00	0.00	2000
72	6.83	1049	2102	0.00	194	0	0	0	nan	0.00	0.00	3.50	89.91	93.17	0.00	37	0	42	0.00	0.00	60.74	7.70	0.00	0.00	2000
73	7.00	1038	2103	0.00	194	0	0	0	nan	0.00	0.00	3.36	89.85	93.00	0.00	37	0	42	0.00	0.00	58.57	7.41	0.00	0.00	2000
71	6.80	1052	2084	0.00	193	0	0	0	nan	0.00	0.00	3.13	89.49	93.20	0.00	37	0	42	0.00	0.00	56.72	7.14	0.00	0.00	2000
72	6.53	1107	2100	0.00	193	0	0	0	nan	0.00	0.00	3.92	89.55	93.47	0.00	37	0	42	0.00	0.00	57.68	7.49	0.00	0.00	2000
72	6.96	1026	2119	0.00	194	0	0	0	nan	0.00	0.02	3.19	90.75	93.04	0.00	37	0	42	0.00	0.00	58.59	7.45	0.00	0.00	2000
72	6.77	1066	2081	0.00	195	0	0	0	nan	0.00	0.00	3.27	89.32	93.23	0.00	37	0	42	0.00	0.00	60.67	7.70	0.00	0.00	2000
72	6.71	1063	2114	0.00	194	0	0	1	88.01	0.00	0.01	2.69	91.34	93.29	0.00	37	0	42	0.00	0.00	58.30	7.44	0.00	0.00	2000
72	7.07	1037	2069	0.30	197	0	0	2	80.05	0.00	0.00	3.67	87.99	92.93	0.00	37	0	42	0.00	0.00	55.80	7.05	0.00	0.00	2000
73	7.05	1015	2135	0.00	196	0	0	0	nan	0.00	0.05	3.30	91.29	92.95	0.00	37	0	42	0.00	0.00	60.22	7.56	0.00	0.00	2000
143	8.76	1651	2072	0.00	214	0	0	0	nan	0.00	0.05	5.60	84.59	91.24	0.00	38	0	42	0.00	0.00	59.94	7.32	0.00	0.00	2000
232	10.84	2131	2112	0.00	204	0	0	0	nan	0.00	0.00	4.75	84.97	89.16	0.00	39	0	42	0.00	0.00	62.72	7.49	0.00	0.00	2000
230	11.03	2080	2109	0.00	220	0	0	0	nan	0.00	0.01	3.66	85.77	88.97	0.00	40	0	42	0.00	0.00	70.28	7.77	0.00	0.00	2000
229	11.06	2074	2100	0.00	188	0	0	0	nan	0.00	0.02	3.51	85.55	88.94	0.00	40	0	42	0.00	0.00	63.43	7.25	0.00	0.00	2000
235	11.19	2110	2093	0.00	220	0	0	0	nan	0.00	0.03	5.38	83.20	88.81	0.00	39	0	42	0.00	0.00	66.20	7.83	0.00	0.00	2000
233	11.38	2033	2114	0.00	199	0	0	0	nan	0.00	0.02	6.26	83.05	88.62	0.00	38	0	42	0.00	0.00	67.36	8.13	0.00	0.00	2000
231	11.29	2043	2100	0.00	201	0	0	0	nan	0.00	0.02	4.30	84.48	88.71	0.00	37	0	43	0.00	0.00	65.80	7.81	0.00	0.00	2000
228	11.16	2045	2099	0.00	199	0	0	0	nan	0.00	0.00	4.48	84.37	88.84	0.00	38	0	42	0.00	0.00	64.56	7.65	0.00	0.00	2000
235	11.47	2048	2096	0.00	213	0	0	0	nan	0.00	0.00	5.37	83.15	88.53	0.00	37	0	42	0.00	0.00	65.59	8.08	0.00	0.00	2000
231	11.34	2035	2103	0.00	207	0	0	0	nan	0.00	0.00	6.58	82.30	88.66	0.00	38	0	42	0.00	0.00	66.12	7.44	0.00	0.00	2000
230	11.10	2073	2104	0.00	196	0	0	0	nan	0.00	0.00	4.79	84.36	88.91	0.00	38	0	42	0.00	0.00	67.06	7.84	0.00	0.00	2000
228	11.25	2034	2096	0.00	199	0	0	0	nan	0.01	0.01	3.78	84.93	88.75	0.00	38	0	42	0.00	0.00	64.63	7.64	0.00	0.00	2000
226	11.00	2085	2069	0.00	197	0	0	0	nan	0.00	0.00	3.99	83.82	89.00	0.00	39	0	42	0.00	0.00	64.04	7.45	0.00	0.00	2000
236	11.04	2097	2142	0.00	199	0	0	0	nan	0.00	0.00	5.58	85.31	88.96	0.00	38	0	42	0.00	0.00	66.30	7.52	0.00	0.00	2000
230	10.51	2197	2096	0.00	203	0	0	0	89.62	0.00	0.32	3.89	85.08	89.49	0.00	39	0	42	0.00	0.00	64.42	7.41	0.00	0.00	2000
225	11.26	2024	2070	0.67	198	0	0	15	84.22	0.00	0.02	5.45	82.10	88.74	0.00	38	0	42	0.00	0.00	63.50	7.30	0.00	0.00	2000
235	11.16	2068	2134	0.04	196	0	0	0	nan	0.00	0.00	4.52	85.84	88.84	0.00	39	0	42	0.00	0.00	67.86	7.68	0.00	0.00	2000
226	10.87	2108	2068	0.00	197	0	0	0	nan	0.00	0.02	4.84	83.03	89.13	0.00	39	0	42	0.00	0.00	64.36	7.35	0.00	0.00	2000
227	12.06	2023	1958	0.00	200	0	0	0	nan	0.00	0.00	4.99	77.06	87.94	0.00	38	0	42	0.00	0.00	55.53	6.69	0.00	0.00	2000
238	10.58	2039	2314	0.00	268	0	0	0	nan	0.02	0.00	7.30	91.35	89.42	0.00	38	0	42	0.00	0.00	78.88	8.79	0.00	0.00	2000
229	11.28	2027	2099	0.00	203	0	0	0	nan	0.00	0.00	7.03	81.75	88.72	0.00	38	0	42	0.00	0.00	65.55	7.57	0.00	0.00	2000
229	11.48	2015	2083	0.00	198	0	0	0	nan	0.00	0.00	7.82	80.14	88.52	0.00	38	0	43	0.00	0.00	64.75	7.89	0.00	0.00	2000
236	11.11	2120	2105	0.00	203	0	0	0	nan	0.00	0.04	5.12	84.05	88.89	0.00	39	0	42	0.00	0.00	65.79	7.98	0.00	0.00	2000
229	11.22	2057	2083	0.00	196	0	0	0	nan	0.00	1.07	2.69	84.43	88.78	0.00	39	0	42	0.00	0.00	64.23	7.74	0.00	0.00	2000
233	11.56	1992	2126	0.00	215	0	0	0	nan	0.00	0.04	5.69	84.02	88.44	0.00	39	0	42	0.00	0.00	67.11	8.23	0.00	0.00	2000
231	10.75	2153	2093	0.00	198	0	0	0	nan	0.01	0.00	5.25	83.75	89.25	0.00	39	0	42	0.00	0.00	63.60	7.62	0.00	0.00	2000
240	11.41	2092	2114	0.00	200	0	0	0	nan	0.00	0.01	6.19	83.14	88.59	0.00	39	0	43	0.00	0.00	62.36	7.51	0.00	0.00	2000
230	11.14	2073	2089	0.00	200	0	0	0	nan	0.00	0.00	6.30	82.16	88.86	0.00	39	0	43	0.00	0.00	69.58	8.57	0.00	0.00	2000
232	11.21	2066	2102	0.00	197	0	0	0	nan	0.00	0.00	5.61	83.35	88.79	0.00	40	0	43	0.00	0.00	66.20	7.72	0.00	0.00	2000
226	11.07	2057	2085	0.00	196	0	0	0	nan	0.00	0.00	5.09	83.39	88.93	0.00	40	0	42	0.00	0.00	59.75	6.91	0.00	0.00	2000
227	11.02	2057	2104	0.00	214	0	0	0	nan	0.00	0.02	4.67	84.58	88.98	0.00	40	0	42	0.00	0.00	66.89	8.01	0.00	0.00	2000
230	11.41	2011	2109	0.00	198	0	0	3	86.33	0.00	0.02	5.74	83.34	88.59	0.00	40	0	42	0.00	0.00	68.50	7.88	0.00	0.00	2000
228	11.41	2020	2081	0.59	204	0	0	4	54.97	0.00	0.00	3.99	83.95	88.59	0.00	39	0	42	0.00	0.00	62.10	7.56	0.00	0.00	2000
231	11.11	2063	2117	0.00	199	0	0	0	nan	0.00	0.04	4.79	84.89	88.89	0.00	40	0	42	0.00	0.00	65.60	7.63	0.00	0.00	2000
227	10.92	2086	2095	0.00	214	0	0	0	nan	0.00	0.00	4.67	84.26	89.08	0.00	40	0	42	0.00	0.00	64.78	7.61	0.00	0.00	2000
232	10.98	2104	2113	0.00	196	0	0	0	nan	0.03	0.01	3.47	86.16	89.02	0.00	40	0	42	0.00	0.00	65.96	7.67	0.00	0.00	2000
229	10.79	2130	2088	0.00	203	0	0	0	nan	0.00	0.06	3.42	85.37	89.21	0.00	40	0	42	0.00	0.00	64.67	7.29	0.00	0.00	2000
230	10.94	2083	2118	0.00	197	0	0	0	nan	0.00	0.00	5.64	84.27	89.06	0.00	40	0	42	0.00	0.00	67.21	7.66	0.00	0.00	2000
226	10.77	2128	2072	0.00	202	0	0	0	nan	0.00	0.00	4.94	83.18	89.23	0.00	40	0	42	0.00	0.00	64.21	7.37	0.00	0.00	2000
230	10.99	2096	2101	0.00	198	0	0	0	nan	0.00	0.02	4.04	85.17	89.01	0.00	40	0	42	0.00	0.00	63.52	7.33	0.00	0.00	2000
232	10.83	2119	2123	0.00	198	0	0	0	nan	0.00	0.02	5.82	84.33	89.17	0.00	40	0	42	0.00	0.00	66.24	7.64	0.00	0.00	2000
232	11.20	2066	2109	0.00	203	0	0	0	nan	0.00	0.02	5.20	84.13	88.80	0.00	40	0	43	0.00	0.00	66.61	7.81	0.00	0.00	2000
230	11.22	2053	2096	0.00	197	0	0	0	nan	0.00	0.02	5.23	83.40	88.78	0.00	40	0	42	0.00	0.00	64.89	7.52	0.00	0.00	2000
229	10.92	2093	2104	0.00	197	0	0	0	nan	0.00	0.02	4.33	84.94	89.08	0.00	40	0	42	0.00	0.00	61.72	7.10	0.00	0.00	2000
229	10.98	2094	2089	0.00	199	0	0	0	nan	0.00	0.00	6.28	82.41	89.02	0.00	40	0	42	0.00	0.00	68.91	7.92	0.00	0.00	2000
226	10.95	2086	2078	0.00	198	0	0	0	nan	0.00	0.00	4.34	83.83	89.05	0.00	40	0	42	0.00	0.00	62.16	7.67	0.00	0.00	2000
233	11.28	2063	2102	0.00	199	0	0	0	nan	0.00	0.02	4.42	84.53	88.72	0.00	40	0	42	0.00	0.00	59.58	7.50	0.00	0.00	2000
227	10.76	2113	2094	0.00	201	0	0	0	nan	0.00	0.05	4.48	84.57	89.24	0.00	40	0	42	0.00	0.00	68.07	7.37	0.00	0.00	2000
228	10.82	2106	2097	0.08	229	0	0	12	78.91	0.00	0.04	2.58	86.55	89.18	0.00	41	0	42	0.00	0.00	64.72	7.54	0.00	0.00	2000
228	11.02	2075	2091	0.60	196	0	0	5	83.62	0.00	0.02	4.61	84.05	88.98	0.00	40	0	42	0.00	0.00	64.80	7.43	0.00	0.00	2000
231	10.96	2091	2112	0.00	216	0	0	0	nan	0.00	0.02	4.90	84.76	89.04	0.00	40	0	42	0.00	0.00	65.60	7.60	0.00	0.00	2000
228	11.19	2030	2110	0.00	212	0	0	0	nan	0.00	0.00	5.46	83.87	88.81	0.00	41	0	42	0.00	0.00	65.29	7.74	0.00	0.00	2000
229	11.03	2075	2102	0.00	213	0	0	0	nan	0.00	0.02	4.68	84.50	88.97	0.00	41	0	43	0.00	0.00	67.45	7.90	0.00	0.00	2000
230	11.07	2060	2121	0.00	195	0	0	0	nan	0.00	0.00	4.80	85.14	88.93	0.00	41	0	43	0.00	0.00	66.05	7.51	0.00	0.00	2000
230	11.02	2110	2083	0.00	205	0	0	0	nan	0.00	0.00	4.41	84.00	88.98	0.00	41	0	43	0.00	0.00	61.26	7.28	0.00	0.00	2000
237	11.46	2067	2098	0.00	197	0	0	0	nan	0.00	0.00	6.04	82.50	88.54	0.00	41	0	43	0.00	0.00	68.40	7.89	0.00	0.00	2000
230	10.90	2108	2100	0.00	199	0	0	0	nan	0.00	0.04	3.70	85.47	89.10	0.00	41	0	42	0.00	0.00	65.04	7.34	0.00	0.00	2000
230	10.75	2130	2112	0.00	198	0	0	0	nan	0.00	0.09	2.68	86.99	89.25	0.00	40	0	43	0.00	0.00	64.69	7.47	0.00	0.00	2000
230	10.87	2116	2099	0.00	201	0	0	0	nan	0.00	0.00	5.04	84.07	89.13	0.00	41	0	43	0.00	0.00	65.74	7.42	0.00	0.00	2000
228	10.64	2167	2078	0.00	198	0	0	0	nan	0.00	0.08	2.99	85.41	89.36	0.00	40	0	42	0.00	0.00	62.03	7.15	0.00	0.00	2000
236	11.13	2086	2135	0.00	205	0	0	0	nan	0.00	0.03	4.49	85.87	88.87	0.00	41	0	43	0.00	0.00	69.84	7.91	0.00	0.00	2000
224	11.09	2051	2067	0.00	196	0	0	0	nan	0.00	0.02	5.56	82.04	88.91	0.00	41	0	43	0.00	0.00	60.76	6.98	0.00	0.00	2000
230	10.95	2090	2110	0.00	200	0	0	0	nan	0.00	0.01	4.17	85.39	89.05	0.00	41	0	42	0.00	0.00	68.29	7.75	0.00	0.00	2000
227	11.03	2061	2095	0.00	198	0	0	0	nan	0.00	0.03	4.83	84.00	88.97	0.00	41	0	43	0.00	0.00	62.04	6.99	0.00	0.00	2000
234	11.13	2078	2128	0.00	214	0	0	0	nan	0.00	0.00	6.32	83.87	88.87	0.00	40	0	42	0.00	0.00	67.42	7.49	0.00	0.00	2000
224	10.85	2099	2066	0.46	188	0	0	8	60.39	0.00	0.01	4.92	82.91	89.15	0.00	40	0	43	0.00	0.00	63.54	7.45	0.00	0.00	2000
237	10.97	2118	2139	0.70	213	0	0	2	87.88	0.00	0.00	5.54	85.18	89.03	0.00	40	0	43	0.00	0.00	69.90	7.89	0.00	0.00	2000
223	11.04	2055	2068	0.00	200	0	0	0	nan	0.00	0.02	4.35	83.34	88.96	0.00	40	0	42	0.00	0.00	61.47	6.92	0.00	0.00	2000
230	10.74	2130	2106	0.00	198	0	0	0	nan	0.00	0.02	4.51	85.07	89.26	0.00	40	0	42	0.00	0.00	68.76	7.92	0.00	0.00	2000
227	11.01	2081	2084	0.00	199	0	0	0	nan	0.00	1.03	2.91	84.52	88.99	0.00	41	0	42	0.00	0.00	61.92	7.24	0.00	0.00	2000
230	10.90	2093	2121	0.00	216	0	0	0	nan	0.00	0.02	7.13	82.90	89.10	0.00	40	0	42	0.00	0.00	65.77	7.35	0.00	0.00	2000
233	11.02	2081	2129	0.00	198	0	0	0	nan	0.00	0.01	4.60	85.56	88.98	0.00	41	0	42	0.00	0.00	69.87	7.79	0.00	0.00	2000
228	11.15	2054	2094	0.00	195	0	0	0	nan	0.00	0.02	5.64	83.00	88.85	0.00	40	0	42	0.00	0.00	62.01	7.06	0.00	0.00	2000
227	11.11	2045	2102	0.00	197	0	0	0	nan	0.00	0.00	5.46	83.57	88.89	0.00	41	0	43	0.00	0.00	65.12	7.61	0.00	0.00	2000
231	11.27	2047	2100	0.00	200	0	0	0	nan	0.00	0.00	5.47	83.33	88.73	0.00	41	0	42	0.00	0.00	65.24	7.50	0.00	0.00	2000
222	11.06	2041	2068	0.00	196	0	0	0	nan	0.00	0.00	5.33	82.37	88.94	0.00	41	0	42	0.00	0.00	63.77	7.29	0.00	0.00	2000
231	11.08	2065	2121	0.00	197	0	0	0	nan	0.00	0.02	5.74	84.17	88.92	0.00	40	0	42	0.00	0.00	65.72	7.49	0.00	0.00	2000
223	11.05	2038	2081	0.00	211	0	0	0	nan	0.00	0.02	4.31	83.94	88.95	0.00	40	0	42	0.00	0.00	64.74	7.35	0.00	0.00	2000
233	11.29	2056	2109	0.00	201	0	0	0	nan	0.01	0.00	6.10	83.10	88.71	0.00	40	0	42	0.00	0.00	65.55	7.58	0.00	0.00	2000
230	10.98	2081	2115	0.00	202	0	0	0	nan	0.00	0.01	4.95	84.74	89.02	0.00	40	0	42	0.00	0.00	66.09	7.42	0.00	0.00	2000
229	10.99	2081	2106	0.00	196	0	0	0	nan	0.00	0.00	5.54	83.85	89.01	0.00	40	0	43	0.00	0.00	65.35	7.62	0.00	0.00	2000
229	11.03	2071	2102	0.00	199	0	0	0	nan	0.00	0.00	4.70	84.44	88.97	0.00	41	0	42	0.00	0.00	65.35	7.37	0.00	0.00	2000
229	10.96	2094	2096	0.32	195	0	0	4	90.18	0.00	0.01	5.17	83.81	89.04	0.00	40	0	43	0.00	0.00	63.19	7.31	0.00	0.00	2000
227	11.00	2091	2070	0.48	198	0	0	2	95.42	0.00	0.00	5.39	82.40	89.00	0.00	41	0	43	0.00	0.00	65.50	7.47	0.00	0.00	2000
230	10.90	2100	2111	0.00	202	0	0	0	nan	0.00	0.33	3.56	85.76	89.10	0.00	40	0	42	0.00	0.00	65.32	7.46	0.00	0.00	2000
227	11.07	2048	2103	0.00	198	0	0	0	nan	0.00	0.00	5.65	83.55	88.93	0.00	40	0	42	0.00	0.00	64.94	7.51	0.00	0.00	2000
232	11.14	2064	2121	0.00	195	0	0	0	nan	0.00	0.00	5.96	83.82	88.86	0.00	40	0	42	0.00	0.00	65.90	7.48	0.00	0.00	2000
226	11.13	2046	2081	0.00	197	0	0	0	nan	0.00	0.00	5.21	83.07	88.87	0.00	40	0	43	0.00	0.00	64.43	7.34	0.00	0.00	2000
234	11.19	2073	2118	0.00	198	0	0	0	nan	0.00	0.03	4.72	84.89	88.81	0.00	41	0	43	0.00	0.00	67.56	8.27	0.00	0.00	2000
230	11.27	2041	2098	0.00	204	0	0	0	nan	0.00	0.01	5.18	83.57	88.73	0.00	41	0	43	0.00	0.00	63.77	7.33	0.00	0.00	2000
229	11.07	2065	2101	0.00	197	0	0	0	nan	0.00	0.02	5.55	83.54	88.93	0.00	41	0	43	0.00	0.00	67.17	7.40	0.00	0.00	2000
228	10.96	2085	2096	0.00	197	0	0	0	nan	0.00	0.00	4.47	84.56	89.04	0.00	41	0	42	0.00	0.00	64.76	7.87	0.00	0.00	2000
228	11.01	2078	2096	0.00	201	0	0	0	nan	0.00	0.54	3.89	84.48	88.99	0.00	41	0	43	0.00	0.00	63.76	7.32	0.00	0.00	2000
223	11.16	2029	2071	0.00	196	0	0	0	nan	0.00	0.01	3.84	83.90	88.84	0.00	41	0	42	0.00	0.00	65.21	7.65	0.00	0.00	2000
234	11.16	2074	2128	0.00	217	0	0	0	nan	0.00	0.01	4.73	85.44	88.84	0.00	41	0	43	0.00	0.00	68.07	7.88	0.00	0.00	2000
222	11.05	2069	2035	0.00	197	0	0	0	nan	0.00	0.00	5.26	80.99	88.95	0.00	40	0	42	0.00	0.00	57.91	6.87	0.00	0.00	2000
231	10.92	2058	2163	0.00	229	0	0	0	nan	0.00	0.00	6.85	84.99	89.08	0.00	38	0	42	0.00	0.00	69.23	7.97	0.00	0.00	2000
231	11.34	2013	2126	0.00	198	0	0	0	nan	0.00	0.00	4.61	85.31	88.66	0.00	38	0	42	0.00	0.00	66.37	7.69	0.00	0.00	2000
232	11.76	1972	2098	0.00	204	0	0	0	nan	0.00	0.23	5.94	82.25	88.24	0.00	39	0	43	0.00	0.00	64.82	7.68	0.00	0.00	2000
229	11.21	2049	2096	0.77	197	0	0	3	89.13	0.00	0.08	6.99	81.67	88.79	0.00	39	0	42	0.00	0.00	65.78	7.53	0.00	0.00	2000
228	11.19	2036	2102	0.74	198	0	0	1	93.43	0.00	0.02	4.96	83.96	88.81	0.00	39	0	42	0.00	0.00	64.23	7.33	0.00	0.00	2000
223	10.78	2097	2071	0.00	198	0	0	0	nan	0.00	0.00	5.46	82.63	89.22	0.00	40	0	43	0.00	0.00	64.29	8.08	0.00	0.00	2000
230	11.10	2068	2104	0.00	213	0	0	0	nan	0.00	0.00	4.16	85.00	88.90	0.00	41	0	42	0.00	0.00	67.48	7.61	0.00	0.00	2000
229	11.05	2070	2099	0.00	199	0	0	0	nan	0.00	0.02	4.21	84.77	88.95	0.00	41	0	42	0.00	0.00	63.18	7.66	0.00	0.00	2000
229	10.87	2101	2103	0.00	194	0	0	0	nan	0.00	0.00	3.34	85.90	89.13	0.00	41	0	42	0.00	0.00	64.53	7.61	0.00	0.00	2000
230	11.03	2058	2125	0.00	195	0	0	0	nan	0.00	0.00	2.92	87.22	88.97	0.00	41	0	42	0.00	0.00	65.58	7.67	0.00	0.00	2000
234	11.03	2118	2106	0.00	197	0	0	0	nan	0.00	0.00	4.79	84.63	88.97	0.00	41	0	43	0.00	0.00	66.40	7.90	0.00	0.00	2000
229	10.72	2136	2098	0.00	196	0	0	0	nan	0.00	0.00	3.92	85.43	89.28	0.00	41	0	43	0.00	0.00	66.43	7.81	0.00	0.00	2000
235	11.38	2066	2095	0.00	197	0	0	0	nan	0.00	0.02	3.54	85.01	88.62	0.00	41	0	43	0.00	0.00	65.64	8.18	0.00	0.00	2000
228	11.22	2029	2106	0.00	194	0	0	0	nan	0.00	0.00	2.43	86.69	88.78	0.00	41	0	42	0.00	0.00	64.12	7.41	0.00	0.00	2000
229	11.02	2074	2104	0.00	193	0	0	0	nan	0.00	0.00	2.79	86.33	88.98	0.00	41	0	43	0.00	0.00	65.19	7.65	0.00	0.00	2000
227	11.02	2061	2095	0.00	193	0	0	0	nan	0.00	0.00	3.29	85.64	88.98	0.00	41	0	43	0.00	0.00	65.89	7.83	0.00	0.00	2000
229	11.03	2081	2099	0.00	195	0	0	0	nan	0.00	0.00	3.35	85.67	88.97	0.00	41	0	43	0.00	0.00	64.32	7.57	0.00	0.00	2000
223	11.00	2061	2066	0.00	195	0	0	0	nan	0.00	0.00	3.08	84.62	89.00	0.00	41	0	42	0.00	0.00	64.28	7.30	0.00	0.00	2000
232	11.08	2063	2132	0.00	210	0	0	0	nan	0.00	0.00	3.18	87.13	88.92	0.00	41	0	42	0.00	0.00	66.08	7.81	0.00	0.00	2000
230	10.65	2156	2100	0.00	178	0	0	0	nan	0.00	0.00	3.38	86.01	89.36	0.00	41	0	42	0.00	0.00	65.93	8.12	0.00	0.00	2000
228	11.11	2061	2095	0.68	196	0	0	6	34.15	0.01	0.02	3.13	85.70	88.89	0.00	41	0	42	0.00	0.00	64.78	7.63	0.00	0.00	2000
223	10.88	2074	2073	0.79	212	0	0	1	84.73	0.00	0.02	3.38	84.72	89.12	0.00	41	0	42	0.00	0.00	61.41	7.16	0.00	0.00	2000
232	11.10	2072	2120	0.00	195	0	0	0	nan	0.00	0.02	3.96	85.86	88.90	0.00	41	0	42	0.00	0.00	67.89	7.92	0.00	0.00	2000
231	11.07	2076	2115	0.00	197	0	0	0	nan	0.00	0.00	4.52	85.14	88.93	0.00	41	0	42	0.00	0.00	66.47	7.77	0.00	0.00	2000
228	11.02	2074	2096	0.00	195	0	0	0	nan	0.00	0.02	4.16	84.73	88.98	0.00	41	0	43	0.00	0.00	65.28	7.60	0.00	0.00	2000
224	10.89	2082	2077	0.00	194	0	0	0	nan	0.00	0.00	3.07	85.18	89.11	0.00	41	0	42	0.00	0.00	63.55	7.50	0.00	0.00	2000
233	10.93	2109	2124	0.00	194	0	0	0	nan	0.00	0.03	3.52	86.63	89.07	0.00	41	0	43	0.00	0.00	65.82	7.46	0.00	0.00	2000
232	11.08	2089	2109	0.00	195	0	0	0	nan	0.00	0.01	3.26	86.07	88.92	0.00	41	0	43	0.00	0.00	65.39	7.61	0.00	0.00	2000
229	11.09	2069	2098	0.00	194	0	0	0	nan	0.00	0.00	3.98	84.96	88.91	0.00	41	0	42	0.00	0.00	65.03	7.43	0.00	0.00	2000
226	11.11	2037	2098	0.00	193	0	0	0	nan	0.00	0.00	3.28	85.61	88.89	0.00	41	0	42	0.00	0.00	65.21	7.51	0.00	0.00	2000
229	11.10	2070	2094	0.00	195	0	0	0	nan	0.00	0.02	4.18	84.60	88.90	0.00	38	0	42	0.00	0.00	64.84	7.61	0.00	0.00	2000
224	10.96	2072	2068	0.00	195	0	0	0	nan	0.00	0.00	4.12	83.51	89.04	0.00	39	0	43	0.00	0.00	64.39	7.13	0.00	0.00	2000
233	11.11	2075	2123	0.00	212	0	0	0	nan	0.00	0.00	4.16	85.81	88.89	0.00	40	0	43	0.00	0.00	63.34	7.69	0.00	0.00	2000
226	11.11	2029	2109	0.00	194	0	0	0	nan	0.00	0.00	4.97	84.37	88.89	0.00	40	0	43	0.00	0.00	67.79	7.58	0.00	0.00	2000
227	10.78	2125	2078	0.00	193	0	0	0	nan	0.00	0.00	4.51	83.86	89.22	0.00	39	0	42	0.00	0.00	64.68	7.57	0.00	0.00	2000
226	10.87	2087	2093	0.00	194	0	0	0	nan	0.00	0.00	3.24	85.69	89.13	0.00	39	0	43	0.00	0.00	64.65	7.42	0.00	0.00	2000
231	11.05	2081	2108	0.00	195	0	0	0	nan	0.00	0.00	3.01	86.35	88.95	0.00	40	0	43	0.00	0.00	61.42	7.24	0.00	0.00	2000
225	10.95	2054	2096	0.40	211	0	0	7	88.18	0.00	0.01	4.94	84.08	89.05	0.00	39	0	42	0.00	0.00	67.72	7.52	0.00	0.00	2000
227	11.00	2073	2089	0.35	210	0	0	0	91.28	0.00	0.00	3.27	85.29	89.00	0.00	40	0	43	0.00	0.00	62.06	7.24	0.00	0.00	2000
234	11.41	2030	2120	0.00	214	0	0	0	nan	0.00	0.00	5.43	84.17	88.59	0.00	39	0	42	0.00	0.00	66.65	7.80	0.00	0.00	2000
231	10.70	2137	2118	0.00	195	0	0	0	nan	0.00	0.00	4.91	85.19	89.30	0.00	39	0	42	0.00	0.00	65.25	7.48	0.00	0.00	2000
222	11.02	2058	2059	0.00	196	0	0	0	nan	0.00	0.00	3.50	83.91	88.98	0.00	39	0	43	0.00	0.00	62.94	7.25	0.00	0.00	2000
228	10.94	2080	2103	0.00	194	0	0	0	nan	0.01	0.00	2.71	86.59	89.06	0.00	39	0	43	0.00	0.00	66.35	8.03	0.00	0.00	2000
245	11.60	2075	2134	0.00	214	0	0	0	nan	0.00	0.00	5.13	84.80	88.40	0.00	38	0	43	0.00	0.00	67.30	9.54	0.00	0.00	2000
231	10.98	2118	2091	0.00	195	0	0	0	nan	0.00	0.00	3.67	84.97	89.02	0.00	38	0	43	0.00	0.00	66.01	8.05	0.00	0.00	2000
223	10.59	2101	2100	0.00	195	0	0	0	nan	0.00	0.00	4.19	85.33	89.41	0.00	38	0	42	0.00	0.00	65.66	7.78	0.00	0.00	2000
181	9.96	1830	2082	0.00	267	0	0	0	nan	0.04	0.07	7.43	81.88	90.04	0.00	38	0	42	0.00	0.00	61.53	7.54	0.00	0.00	2000
77	7.35	1026	2132	0.00	210	0	0	0	nan	0.00	0.00	5.07	89.06	92.65	0.00	38	0	42	0.00	0.00	60.14	7.88	0.00	0.00	2000
94	7.88	1205	2084	0.00	146	0	0	0	nan	0.00	0.02	9.67	81.70	92.12	0.00	38	0	42	0.00	0.00	60.59	7.47	0.00	0.00	2000
