Avg_MHz	Busy%	Bzy_MHz	TSC_MHz	IPC	IRQ	NMI	SMI	LLCMRPS	LLC%hit	POLL%	C1%	C1E%	C6%	CPU%c1	CPU%c6	CoreTmp	CoreThr	PkgTmp	Pkg%pc2	Pkg%pc6	PkgWatt	RAMWatt	PKG_%	RAM_%	UncMHz
395	18.83	2041	2162	0.00	246	0	0	0	nan	0.00	1.23	48.60	33.88	81.17	0.00	37	0	42	0.00	0.00	67.37	8.12	0.00	0.00	2000
346	16.79	2055	2105	0.00	249	0	0	0	nan	0.07	1.94	31.31	50.34	83.21	0.00	37	0	43	0.00	0.00	68.04	7.38	0.00	0.00	2000
79	6.66	1178	2114	0.00	192	0	0	0	nan	0.00	0.00	3.21	90.65	93.34	0.00	37	0	43	0.00	0.00	58.81	7.41	0.00	0.00	2000
72	6.72	1083	2089	0.00	193	0	0	0	nan	0.00	0.00	2.88	90.02	93.28	0.00	37	0	42	0.00	0.00	58.96	7.70	0.00	0.00	2000
73	6.65	1106	2097	0.00	193	0	0	0	nan	0.00	0.00	3.10	90.09	93.35	0.00	37	0	43	0.00	0.00	56.97	7.39	0.00	0.00	2000
73	6.80	1068	2096	0.00	193	0	0	0	nan	0.00	0.02	2.01	91.03	93.20	0.00	37	0	42	0.00	0.00	56.58	7.22	0.00	0.00	2000
75	6.46	1147	2117	0.00	195	0	0	0	nan	0.00	0.00	2.97	91.29	93.54	0.00	37	0	42	0.00	0.00	58.20	7.55	0.00	0.00	2000
73	6.55	1124	2092	0.00	195	0	0	0	nan	0.00	0.03	2.57	90.51	93.45	0.00	37	0	43	0.00	0.00	58.84	7.46	0.00	0.00	2000
73	6.67	1093	2107	0.00	193	0	0	0	nan	0.00	0.04	3.09	90.58	93.33	0.00	37	0	42	0.00	0.00	58.04	7.60	0.00	0.00	2000
71	6.95	1040	2076	0.00	193	0	0	0	nan	0.00	0.02	2.77	89.21	93.05	0.00	37	0	42	0.00	0.00	56.48	7.34	0.00	0.00	2000
73	7.01	1025	2131	0.00	209	0	0	0	nan	0.00	0.00	4.06	90.40	92.99	0.00	37	0	43	0.00	0.00	59.61	7.80	0.00	0.00	2000
71	6.84	1043	2090	0.00	194	0	0	0	nan	0.00	0.02	3.32	89.41	93.16	0.00	37	0	43	0.00	0.00	60.38	7.73	0.00	0.00	2000
72	6.53	1108	2084	0.00	195	0	0	0	nan	0.00	0.00	2.70	90.13	93.47	0.00	37	0	42	0.00	0.00	57.37	7.04	0.00	0.00	2000
72	6.64	1079	2121	0.00	195	0	0	0	nan	0.00	0.00	2.31	92.10	93.36	0.00	37	0	42	0.00	0.00	58.80	7.83	0.00	0.00	2000
79	7.05	1131	2094	0.00	193	0	0	0	nan	0.00	0.00	2.63	90.11	92.95	0.00	38	0	42	0.00	0.00	55.88	7.37	0.00	0.00	2000
98	7.35	1349	2083	0.00	194	0	0	0	91.09	0.00	0.02	4.03	87.98	92.65	0.00	37	0	42	0.00	0.00	58.89	7.52	0.00	0.00	2000
75	6.57	1130	2115	0.29	193	0	0	2	82.85	0.00	0.00	3.39	90.65	93.43	0.00	37	0	42	0.00	0.00	59.37	7.45	0.00	0.00	2000
74	6.33	1155	2112	0.01	193	0	0	0	nan	0.00	0.00	4.31	89.84	93.67	0.00	37	0	42	0.00	0.00	56.97	7.37	0.00	0.00	2000
203	10.50	1941	2093	0.00	214	0	0	0	nan	0.00	0.02	5.26	84.05	89.50	0.00	39	0	43	0.00	0.00	65.19	7.69	0.00	0.00	2000
227	10.94	2100	2074	0.00	213	0	0	0	nan	0.02	0.00	4.82	83.22	89.06	0.00	40	0	42	0.00	0.00	64.03	7.40	0.00	0.00	2000
236	11.09	2106	2122	0.00	203	0	0	0	nan	0.00	0.02	3.35	86.49	88.91	0.00	40	0	43	0.00	0.00	65.79	7.53	0.00	0.00	2000
231	10.71	2141	2113	0.00	200	0	0	0	nan	0.00	0.00	4.09	85.74	89.29	0.00	40	0	43	0.00	0.00	65.61	7.64	0.00	0.00	2000
231	10.95	2130	2083	0.00	196	0	0	0	nan	0.00	0.01	6.64	81.85	89.05	0.00	38	0	42	0.00	0.00	65.41	7.60	0.00	0.00	2000
230	10.88	2120	2094	0.00	200	0	0	0	nan	0.00	0.03	6.14	82.80	89.12	0.00	38	0	42	0.00	0.00	66.61	7.83	0.00	0.00	2000
235	11.41	2068	2088	0.00	206	1	0	0	nan	0.00	0.04	6.55	81.62	88.59	0.00	37	0	42	0.00	0.00	65.04	7.46	0.00	0.00	2000
231	11.08	2076	2112	0.00	198	0	0	0	nan	0.00	0.00	6.37	83.14	88.92	0.00	37	0	42	0.00	0.00	66.96	7.98	0.00	0.00	2000
232	11.05	2095	2105	0.00	198	0	0	0	nan	0.00	0.03	4.46	84.82	88.95	0.00	38	0	42	0.00	0.00	65.70	7.60	0.00	0.00	2000
228	10.88	2108	2091	0.00	201	0	0	0	nan	0.00	0.00	4.75	84.02	89.12	0.00	38	0	42	0.00	0.00	65.14	7.51	0.00	0.00	2000
230	10.69	2148	2104	0.00	198	0	0	0	nan	0.00	0.01	3.50	86.06	89.31	0.00	38	0	42	0.00	0.00	65.07	7.44	0.00	0.00	2000
233	11.12	2103	2088	0.00	200	0	0	0	nan	0.00	1.07	2.05	85.41	88.88	0.00	38	0	43	0.00	0.00	64.09	7.58	0.00	0.00	2000
231	10.86	2100	2130	0.00	212	0	0	0	nan	0.00	0.53	6.28	83.69	89.14	0.00	38	0	42	0.00	0.00	64.94	7.49	0.00	0.00	2000
228	11.00	2073	2102	0.00	199	0	0	0	nan	0.00	0.04	5.26	83.90	89.00	0.00	39	0	42	0.00	0.00	64.74	7.44	0.00	0.00	2000
226	11.31	2023	2077	0.00	198	0	0	2	96.53	0.00	0.00	5.15	82.68	88.69	0.00	39	0	42	0.00	0.00	64.84	7.37	0.00	0.00	2000
233	11.46	2014	2120	0.81	214	0	0	19	87.96	0.01	0.00	5.07	84.40	88.54	0.00	39	0	42	0.00	0.00	63.67	7.43	0.00	0.00	2000
232	10.93	2125	2098	0.00	197	0	0	0	nan	0.00	0.00	6.18	82.85	89.07	0.00	39	0	42	0.00	0.00	65.75	7.52	0.00	0.00	2000
230	11.17	2062	2095	0.00	199	0	0	0	nan	0.00	0.00	6.62	82.05	88.83	0.00	38	0	42	0.00	0.00	65.46	7.64	0.00	0.00	2000
226	11.08	2067	2075	0.00	197	0	0	0	nan	0.00	0.00	5.58	82.32	88.92	0.00	37	0	42	0.00	0.00	63.24	7.24	0.00	0.00	2000
232	11.16	2061	2119	0.00	198	0	0	0	nan	0.00	0.02	3.91	85.80	88.84	0.00	38	0	42	0.00	0.00	68.18	7.90	0.00	0.00	2000
243	12.00	2133	1991	0.00	202	0	0	0	nan	0.00	0.02	5.41	78.05	88.00	0.00	37	0	42	0.00	0.00	60.83	7.24	0.00	0.00	2000
233	11.55	2038	2080	0.00	220	0	0	0	nan	0.00	0.03	6.83	80.92	88.45	0.00	38	0	42	0.00	0.00	65.14	7.82	0.00	0.00	2000
240	11.13	2014	2244	0.00	213	0	0	0	nan	0.04	0.02	8.12	86.94	88.87	0.00	38	0	43	0.00	0.00	70.05	8.65	0.00	0.00	2000
234	11.22	2072	2117	0.00	197	0	0	0	nan	0.00	0.00	7.21	82.38	88.78	0.00	38	0	42	0.00	0.00	66.61	8.23	0.00	0.00	2000
234	11.28	2079	2096	0.00	196	0	0	0	nan	0.06	0.00	8.69	79.94	88.72	0.00	38	0	42	0.00	0.00	59.93	7.29	0.00	0.00	2000
235	11.38	2068	2098	0.00	197	0	0	0	nan	0.00	0.66	6.30	81.81	88.62	0.00	38	0	42	0.00	0.00	65.76	8.01	0.00	0.00	2000
232	11.28	2077	2084	0.00	197	0	0	0	nan	0.00	0.45	3.24	84.43	88.72	0.00	38	0	42	0.00	0.00	65.45	8.11	0.00	0.00	2000
232	10.92	2103	2121	0.00	197	0	0	0	nan	0.00	0.00	5.86	84.20	89.08	0.00	38	0	42	0.00	0.00	66.86	8.19	0.00	0.00	2000
229	11.20	2056	2088	0.00	180	0	0	0	nan	0.00	0.45	6.46	81.57	88.80	0.00	39	0	42	0.00	0.00	65.00	7.72	0.00	0.00	2000
228	11.23	2073	2057	0.00	195	0	0	0	nan	0.00	0.00	7.11	79.94	88.77	0.00	39	0	43	0.00	0.00	59.40	6.82	0.00	0.00	2000
235	10.96	2092	2151	0.00	199	0	0	0	nan	0.04	0.00	5.95	85.31	89.04	0.00	39	0	42	0.00	0.00	67.61	7.88	0.00	0.00	2000
229	11.20	2044	2097	0.00	198	0	0	0	94.25	0.00	0.00	8.30	80.47	88.80	0.00	39	0	43	0.00	0.00	65.29	7.59	0.00	0.00	2000
234	11.35	2071	2089	0.69	197	0	0	9	60.62	0.00	0.03	6.80	81.41	88.65	0.00	39	0	43	0.00	0.00	62.82	7.54	0.00	0.00	2000
228	10.94	2158	2031	0.05	198	0	0	0	nan	0.00	0.01	5.64	80.35	89.06	0.00	39	0	42	0.00	0.00	63.45	7.35	0.00	0.00	2000
227	11.14	2073	2060	0.00	199	0	0	0	nan	0.00	0.00	4.99	82.28	88.86	0.00	39	0	42	0.00	0.00	65.09	7.47	0.00	0.00	2000
234	11.01	2057	2165	0.00	213	0	0	0	nan	0.04	0.00	6.94	84.92	88.99	0.00	39	0	43	0.00	0.00	63.41	7.29	0.00	0.00	2000
232	10.69	2136	2129	0.00	197	0	0	0	nan	0.04	0.00	6.53	84.01	89.31	0.00	39	0	42	0.00	0.00	64.42	7.39	0.00	0.00	2000
229	10.83	2080	2137	0.00	196	0	0	0	nan	0.00	0.00	8.06	82.79	89.17	0.00	39	0	43	0.00	0.00	66.08	7.54	0.00	0.00	2000
226	10.92	2171	2000	0.00	199	0	0	0	nan	0.00	0.00	5.06	79.76	89.08	0.00	39	0	42	0.00	0.00	62.88	7.20	0.00	0.00	2000
232	10.64	2085	2196	0.00	195	0	0	0	nan	0.00	0.00	5.82	87.76	89.36	0.00	39	0	42	0.00	0.00	65.38	7.60	0.00	0.00	2000
231	10.86	2145	2084	0.00	194	0	0	0	nan	0.00	2.64	3.05	82.89	89.14	0.00	39	0	42	0.00	0.00	64.47	7.44	0.00	0.00	2000
227	11.15	2080	2053	0.00	201	0	0	0	nan	0.00	1.08	4.46	81.47	88.85	0.00	40	0	42	0.00	0.00	63.57	7.48	0.00	0.00	2000
232	10.54	2142	2159	0.00	199	0	0	0	nan	0.00	0.98	9.04	82.02	89.46	0.00	39	0	43	0.00	0.00	68.18	7.76	0.00	0.00	2000
228	11.05	2095	2066	0.00	196	0	0	0	nan	0.00	0.00	7.17	80.33	88.95	0.00	39	0	42	0.00	0.00	61.97	7.12	0.00	0.00	2000
231	10.76	2104	2142	0.00	195	0	0	0	nan	0.00	0.06	6.93	84.07	89.24	0.00	40	0	42	0.00	0.00	65.92	8.06	0.00	0.00	2000
233	11.09	2103	2098	0.00	197	0	0	0	nan	0.00	0.00	6.39	82.50	88.91	0.00	39	0	43	0.00	0.00	65.89	7.78	0.00	0.00	2000
229	11.29	2106	2022	0.00	196	0	0	0	nan	0.00	0.00	2.78	82.69	88.71	0.00	39	0	43	0.00	0.00	63.40	7.34	0.00	0.00	2000
230	10.89	2042	2172	0.00	196	0	0	0	nan	0.00	0.00	3.38	88.94	89.11	0.00	40	0	42	0.00	0.00	64.63	7.42	0.00	0.00	2000
233	11.35	2064	2085	0.00	196	0	0	0	nan	0.00	0.00	4.77	83.38	88.65	0.00	39	0	42	0.00	0.00	64.98	7.79	0.00	0.00	2000
231	11.07	2086	2104	0.67	195	0	0	4	80.50	0.00	0.03	3.39	85.74	88.93	0.00	40	0	43	0.00	0.00	65.49	7.75	0.00	0.00	2000
230	11.09	2106	2068	0.17	194	0	0	0	nan	0.00	0.02	3.03	84.58	88.91	0.00	40	0	43	0.00	0.00	63.75	7.49	0.00	0.00	2000
229	10.72	2131	2107	0.00	196	0	0	0	nan	0.00	0.01	3.83	85.79	89.28	0.00	40	0	42	0.00	0.00	65.08	7.52	0.00	0.00	2000
224	11.24	2090	2006	0.00	195	0	0	0	nan	0.00	0.02	3.33	81.55	88.76	0.00	40	0	43	0.00	0.00	62.33	7.28	0.00	0.00	2000
231	10.45	2099	2214	0.00	211	0	0	0	nan	0.00	0.00	2.36	92.16	89.55	0.00	40	0	43	0.00	0.00	67.19	7.87	0.00	0.00	2000
232	11.36	2150	1993	0.00	196	0	0	0	nan	0.00	0.00	5.27	78.92	88.64	0.00	40	0	43	0.00	0.00	62.86	7.05	0.00	0.00	2000
233	11.10	2006	2195	0.00	211	0	0	0	nan	0.00	0.00	3.36	89.71	88.90	0.00	39	0	43	0.00	0.00	67.18	7.89	0.00	0.00	2000
229	10.74	2098	2129	0.00	194	0	0	0	nan	0.00	0.02	3.07	87.48	89.26	0.00	40	0	43	0.00	0.00	65.07	7.43	0.00	0.00	2000
227	10.89	2089	2098	0.00	195	0	0	0	nan	0.00	0.00	3.46	85.60	89.11	0.00	40	0	42	0.00	0.00	64.86	7.51	0.00	0.00	2000
228	11.03	2036	2129	0.00	195	0	0	0	nan	0.00	0.03	3.87	86.43	88.97	0.00	40	0	43	0.00	0.00	64.86	7.49	0.00	0.00	2000
227	11.22	2060	2065	0.00	196	0	0	0	nan	0.00	0.01	3.22	84.05	88.78	0.00	40	0	43	0.00	0.00	64.76	7.52	0.00	0.00	2000
231	11.17	2070	2096	0.00	195	0	0	0	nan	0.00	0.02	3.98	84.80	88.83	0.00	40	0	42	0.00	0.00	64.21	7.42	0.00	0.00	2000
227	11.01	2045	2121	0.00	195	0	0	0	nan	0.00	0.00	3.38	86.50	88.99	0.00	40	0	42	0.00	0.00	64.79	7.61	0.00	0.00	2000
229	11.29	2050	2078	0.00	198	0	0	0	nan	0.00	0.03	4.90	83.02	88.71	0.00	40	0	42	0.00	0.00	64.25	7.48	0.00	0.00	2000
228	10.95	2090	2089	0.00	197	0	0	0	nan	0.00	0.00	4.05	84.66	89.05	0.00	40	0	42	0.00	0.00	64.47	7.42	0.00	0.00	2000
228	10.65	2119	2126	0.00	194	0	0	0	nan	0.00	0.03	3.43	87.10	89.35	0.00	40	0	42	0.00	0.00	64.67	7.54	0.00	0.00	2000
226	11.58	2061	1985	0.00	196	0	0	0	93.81	0.00	0.00	3.24	80.46	88.42	0.00	39	0	43	0.00	0.00	60.06	7.16	0.00	0.00	2000
229	11.40	2007	2104	1.06	212	0	0	7	85.10	0.00	0.04	3.17	85.69	88.60	0.00	39	0	42	0.00	0.00	64.68	7.57	0.00	0.00	2000
232	10.97	2016	2203	0.02	212	0	0	0	nan	0.00	0.02	2.76	90.75	89.03	0.00	39	0	42	0.00	0.00	69.77	8.26	0.00	0.00	2000
229	10.86	2072	2134	0.00	195	0	0	0	nan	0.00	0.00	3.54	87.10	89.14	0.00	39	0	43	0.00	0.00	64.91	7.48	0.00	0.00	2000
226	11.25	2050	2060	0.00	195	0	0	0	nan	0.00	0.00	3.53	83.62	88.75	0.00	40	0	42	0.00	0.00	64.56	7.44	0.00	0.00	2000
233	11.22	2049	2128	0.00	195	0	0	0	nan	0.00	0.01	3.95	86.11	88.78	0.00	40	0	42	0.00	0.00	64.09	7.58	0.00	0.00	2000
227	11.10	2077	2072	0.00	196	0	0	0	nan	0.00	0.00	3.65	84.13	88.90	0.00	40	0	42	0.00	0.00	64.55	7.70	0.00	0.00	2000
229	10.70	2122	2122	0.00	194	0	0	0	nan	0.00	0.01	3.40	86.84	89.30	0.00	39	0	42	0.00	0.00	64.41	7.38	0.00	0.00	2000
226	10.97	2082	2078	0.00	195	0	0	0	nan	0.00	0.00	3.17	85.09	89.03	0.00	40	0	42	0.00	0.00	64.79	7.57	0.00	0.00	2000
229	11.04	2029	2143	0.00	195	0	0	0	nan	0.00	0.02	3.36	87.60	88.96	0.00	40	0	42	0.00	0.00	64.35	7.44	0.00	0.00	2000
228	11.13	2078	2071	0.00	195	0	0	0	nan	0.00	0.00	3.72	83.92	88.87	0.00	39	0	43	0.00	0.00	64.72	7.54	0.00	0.00	2000
228	11.28	1991	2130	0.00	195	0	0	0	nan	0.00	0.03	3.18	86.99	88.72	0.00	39	0	42	0.00	0.00	64.10	7.59	0.00	0.00	2000
226	11.28	2016	2091	0.00	194	0	0	0	nan	0.00	0.00	3.11	85.32	88.72	0.00	39	0	42	0.00	0.00	64.53	7.61	0.00	0.00	2000
228	11.38	2033	2073	0.00	194	0	0	0	nan	0.00	0.03	3.40	84.18	88.62	0.00	40	0	42	0.00	0.00	64.39	7.37	0.00	0.00	2000
227	10.81	2079	2124	0.00	195	0	0	0	nan	0.00	0.00	3.07	87.21	89.19	0.00	39	0	42	0.00	0.00	64.63	7.50	0.00	0.00	2000
229	11.60	1962	2116	0.00	196	0	0	0	nan	0.00	0.00	3.82	85.44	88.40	0.00	39	0	42	0.00	0.00	64.10	7.45	0.00	0.00	2000
228	11.37	2042	2063	0.00	195	0	0	0	nan	0.00	0.02	2.85	84.29	88.63	0.00	39	0	42	0.00	0.00	64.28	7.47	0.00	0.00	2000
230	10.89	2102	2108	0.00	198	0	0	0	nan	0.00	0.05	4.21	85.36	89.11	0.00	39	0	42	0.00	0.00	64.75	7.47	0.00	0.00	2000
229	10.96	2079	2105	0.65	196	0	0	5	94.02	0.00	0.00	3.98	85.32	89.04	0.00	39	0	42	0.00	0.00	64.64	7.55	0.00	0.00	2000
228	11.03	2066	2106	0.14	195	0	0	0	nan	0.00	0.00	3.74	85.62	88.97	0.00	39	0	42	0.00	0.00	65.08	7.53	0.00	0.00	2000
228	11.09	2079	2082	0.00	195	0	0	0	nan	0.00	0.00	3.59	84.67	88.91	0.00	39	0	42	0.00	0.00	63.87	7.17	0.00	0.00	2000
231	11.01	2073	2124	0.00	196	0	0	0	nan	0.00	0.02	3.71	86.36	88.99	0.00	39	0	42	0.00	0.00	65.17	7.61	0.00	0.00	2000
227	11.28	2033	2083	0.00	195	0	0	0	nan	0.00	0.00	3.52	84.52	88.73	0.00	39	0	42	0.00	0.00	64.16	7.51	0.00	0.00	2000
228	11.09	2034	2123	0.00	195	0	0	0	nan	0.00	0.00	3.57	86.44	88.91	0.00	39	0	42	0.00	0.00	66.67	8.49	0.00	0.00	2000
229	11.36	2020	2096	0.00	197	0	0	0	nan	0.00	0.00	5.07	83.55	88.64	0.00	41	0	43	0.00	0.00	65.44	7.71	0.00	0.00	2000
228	11.05	2099	2067	0.00	194	0	0	0	nan	0.00	0.00	2.34	85.32	88.95	0.00	40	0	43	0.00	0.00	62.98	7.32	0.00	0.00	2000
228	11.10	2044	2115	0.00	195	0	0	0	nan	0.00	0.00	3.32	86.34	88.90	0.00	40	0	42	0.00	0.00	64.55	7.57	0.00	0.00	2000
229	11.01	2041	2139	0.00	195	0	0	0	nan	0.00	0.01	3.89	86.84	88.99	0.00	41	0	42	0.00	0.00	65.89	7.55	0.00	0.00	2000
225	11.29	2043	2047	0.00	195	0	0	0	nan	0.00	0.00	3.42	83.12	88.71	0.00	41	0	42	0.00	0.00	63.47	7.18	0.00	0.00	2000
228	11.27	1984	2147	0.00	195	0	0	0	nan	0.00	0.00	3.57	87.29	88.73	0.00	40	0	42	0.00	0.00	64.67	7.87	0.00	0.00	2000
226	11.08	2085	2051	0.00	194	0	0	0	nan	0.00	0.00	2.93	83.95	88.92	0.00	40	0	43	0.00	0.00	64.15	7.61	0.00	0.00	2000
232	10.79	2108	2143	0.00	196	0	0	0	nan	0.00	0.01	4.85	86.28	89.21	0.00	40	0	43	0.00	0.00	66.24	8.47	0.00	0.00	2000
228	11.19	2048	2092	0.00	195	0	0	0	nan	0.00	0.02	3.11	85.44	88.81	0.00	40	0	43	0.00	0.00	66.35	7.88	0.00	0.00	2000
228	10.77	2114	2105	0.00	195	0	0	0	nan	0.00	0.00	3.01	86.52	89.23	0.00	40	0	43	0.00	0.00	62.45	7.04	0.00	0.00	2000
228	10.63	2128	2115	0.00	195	0	0	0	nan	0.00	0.02	3.10	87.01	89.37	0.00	41	0	43	0.00	0.00	63.03	7.66	0.00	0.00	2000
226	10.92	2141	2031	0.91	195	0	0	5	29.45	0.00	0.00	3.23	82.89	89.08	0.00	40	0	43	0.00	0.00	62.81	7.09	0.00	0.00	2000
231	10.90	2084	2133	0.59	196	0	0	0	94.40	0.00	0.02	3.29	87.37	89.10	0.00	41	0	43	0.00	0.00	66.66	7.95	0.00	0.00	2000
228	11.39	1991	2108	0.00	193	0	0	0	nan	0.00	0.00	3.81	85.31	88.61	0.00	41	0	42	0.00	0.00	67.37	7.62	0.00	0.00	2000
229	11.23	2014	2130	0.00	197	0	0	0	nan	0.00	0.00	5.35	84.78	88.77	0.00	40	0	42	0.00	0.00	67.00	8.35	0.00	0.00	2000
228	11.15	2055	2087	0.00	196	0	0	0	nan	0.00	0.03	4.04	84.39	88.85	0.00	40	0	42	0.00	0.00	60.12	6.93	0.00	0.00	2000
227	11.16	2048	2082	0.00	196	0	0	0	nan	0.00	0.00	3.37	84.73	88.84	0.00	41	0	42	0.00	0.00	65.74	7.76	0.00	0.00	2000
231	11.00	2076	2125	0.00	195	0	0	0	nan	0.00	0.03	2.95	87.18	89.00	0.00	40	0	43	0.00	0.00	65.23	7.88	0.00	0.00	2000
229	11.12	2055	2105	0.00	180	0	0	0	nan	0.00	0.02	2.83	86.47	88.88	0.00	40	0	42	0.00	0.00	66.21	7.74	0.00	0.00	2000
228	11.00	2077	2095	0.00	195	0	0	0	nan	0.00	0.00	3.72	85.18	89.00	0.00	41	0	43	0.00	0.00	64.81	7.52	0.00	0.00	2000
228	10.93	2099	2087	0.00	196	0	0	0	nan	0.02	0.02	3.44	84.98	89.07	0.00	41	0	42	0.00	0.00	60.29	7.03	0.00	0.00	2000
228	10.90	2147	2047	0.00	193	0	0	0	nan	0.00	0.02	3.10	83.77	89.10	0.00	40	0	42	0.00	0.00	64.27	7.75	0.00	0.00	2000
228	10.97	2033	2147	0.00	194	0	0	0	nan	0.00	0.00	3.04	88.13	89.03	0.00	40	0	42	0.00	0.00	70.88	8.58	0.00	0.00	2000
230	11.37	2002	2124	0.00	195	0	0	0	nan	0.00	0.00	3.88	85.84	88.63	0.00	41	0	42	0.00	0.00	65.75	7.29	0.00	0.00	2000
225	11.37	2026	2055	0.00	195	0	0	0	nan	0.00	0.00	3.53	83.29	88.63	0.00	40	0	42	0.00	0.00	58.05	6.78	0.00	0.00	2000
228	11.12	2037	2115	0.00	193	0	0	0	nan	0.00	0.00	3.90	85.68	88.88	0.00	40	0	42	0.00	0.00	70.16	8.08	0.00	0.00	2000
227	11.04	2069	2085	0.00	195	0	0	0	nan	0.00	0.00	3.48	84.92	88.96	0.00	40	0	42	0.00	0.00	59.44	6.89	0.00	0.00	2000
229	10.70	2107	2137	0.00	194	0	0	0	nan	0.00	0.00	3.81	87.02	89.30	0.00	40	0	43	0.00	0.00	66.14	7.78	0.00	0.00	2000
222	10.58	2125	2077	0.31	230	0	0	6	83.01	0.00	0.01	3.92	84.57	89.42	0.00	38	0	42	0.00	0.00	64.58	7.50	0.00	0.00	2000
222	10.58	2080	2123	0.39	196	0	0	2	93.22	0.00	0.00	2.68	87.71	89.42	0.00	40	0	42	0.00	0.00	64.50	7.25	0.00	0.00	2000
220	10.98	2060	2041	0.00	207	0	0	0	nan	0.00	0.00	4.76	81.92	89.02	0.00	40	0	42	0.00	0.00	63.52	7.28	0.00	0.00	2000
222	10.43	2080	2148	0.00	196	0	0	0	nan	0.00	0.02	3.00	88.69	89.57	0.00	41	0	42	0.00	0.00	67.35	7.76	0.00	0.00	2000
217	11.08	2072	1983	0.00	196	0	0	0	nan	0.00	0.00	3.20	80.78	88.92	0.00	41	0	42	0.00	0.00	61.94	7.13	0.00	0.00	2000
225	10.32	2025	2263	0.00	212	0	0	0	nan	0.00	0.00	2.45	94.25	89.68	0.00	41	0	42	0.00	0.00	65.15	7.42	0.00	0.00	2000
221	11.12	2088	1999	0.00	197	0	0	0	nan	0.00	0.00	4.21	80.52	88.88	0.00	39	0	43	0.00	0.00	63.05	7.24	0.00	0.00	2000
233	11.15	2067	2127	0.00	218	0	0	0	nan	0.00	0.02	2.77	87.25	88.85	0.00	40	0	42	0.00	0.00	65.42	7.60	0.00	0.00	2000
231	10.91	2048	2171	0.00	211	0	0	0	nan	0.00	0.06	2.79	89.33	89.09	0.00	41	0	42	0.00	0.00	67.42	7.80	0.00	0.00	2000
228	11.05	2076	2089	0.00	194	0	0	0	nan	0.00	0.00	4.34	84.15	88.95	0.00	41	0	43	0.00	0.00	64.83	7.69	0.00	0.00	2000
227	11.69	2065	1978	0.00	195	0	0	0	nan	0.00	0.00	5.26	77.97	88.31	0.00	39	0	42	0.00	0.00	61.18	7.06	0.00	0.00	2000
227	11.03	2067	2091	0.00	195	0	0	0	nan	0.00	0.00	2.99	85.64	88.97	0.00	39	0	43	0.00	0.00	62.15	7.08	0.00	0.00	2000
233	10.90	2020	2219	0.00	211	0	0	0	nan	0.00	0.00	2.88	91.32	89.10	0.00	40	0	43	0.00	0.00	67.27	7.80	0.00	0.00	2000
232	11.03	2085	2116	0.00	195	0	0	0	nan	0.00	0.03	6.20	83.46	88.97	0.00	39	0	43	0.00	0.00	67.48	7.76	0.00	0.00	2000
227	11.25	2056	2064	0.00	195	0	0	0	nan	0.00	0.00	3.29	84.09	88.75	0.00	40	0	42	0.00	0.00	61.75	7.28	0.00	0.00	2000
229	11.00	2073	2110	0.00	194	0	0	0	nan	0.00	0.01	3.42	86.12	89.00	0.00	40	0	42	0.00	0.00	64.78	7.41	0.00	0.00	2000
229	11.03	2047	2125	0.00	196	0	0	0	nan	0.00	0.00	3.11	86.96	88.97	0.00	40	0	42	0.00	0.00	64.82	7.84	0.00	0.00	2000
234	11.73	2012	2078	0.53	213	0	0	9	77.10	0.00	0.03	7.82	79.58	88.27	0.00	37	0	43	0.00	0.00	63.17	6.88	0.00	0.00	2000
234	11.14	2077	2124	0.21	212	0	0	0	nan	0.00	0.00	4.68	85.25	88.86	0.00	38	0	43	0.00	0.00	70.66	8.05	0.00	0.00	2000
230	11.48	2052	2049	0.00	206	0	0	0	nan	0.00	0.00	5.70	80.79	88.52	0.00	38	0	42	0.00	0.00	61.28	7.09	0.00	0.00	2000
229	10.96	2047	2145	0.00	195	0	0	0	nan	0.00	0.02	1.72	89.30	89.04	0.00	38	0	43	0.00	0.00	64.34	7.46	0.00	0.00	2000
228	11.03	2055	2115	0.00	195	0	0	0	nan	0.00	0.02	3.15	86.56	88.97	0.00	38	0	42	0.00	0.00	65.08	7.46	0.00	0.00	2000
227	11.27	2055	2057	0.00	197	0	0	0	nan	0.00	0.00	3.08	83.97	88.73	0.00	38	0	42	0.00	0.00	61.15	8.21	0.00	0.00	2000
232	11.02	2053	2153	0.00	211	0	0	0	nan	0.00	0.00	4.63	86.75	88.98	0.00	38	0	42	0.00	0.00	73.25	9.43	0.00	0.00	2000
228	11.44	2016	2078	0.00	178	0	0	0	nan	0.00	0.02	3.28	84.48	88.56	0.00	38	0	43	0.00	0.00	63.16	7.73	0.00	0.00	2000
214	10.70	2005	2098	0.00	213	0	0	0	nan	0.00	0.00	4.09	85.27	89.30	0.00	38	0	42	0.00	0.00	62.60	7.70	0.00	0.00	2000
169	9.82	1705	2124	0.00	262	0	0	0	nan	0.00	0.02	7.89	83.38	90.18	0.00	38	0	43	0.00	0.00	67.57	7.36	0.00	0.00	2000
93	6.85	1370	2085	0.00	222	0	0	0	nan	0.00	1.66	3.82	87.12	93.15	0.00	38	0	43	0.00	0.00	56.03	7.06	0.00	0.00	2000
77	7.11	1066	2123	0.00	193	0	0	0	nan	0.00	0.01	2.33	91.49	92.89	0.00	37	0	43	0.00	0.00	60.93	7.79	0.00	0.00	2000
146	9.20	1679	1989	0.00	49	0	0	0	nan	0.00	0.14	17.32	68.72	90.80	0.00	37	0	42	0.00	0.00	51.64	6.55	0.00	0.00	2000
