Avg_MHz	Busy%	Bzy_MHz	TSC_MHz	IPC	IRQ	NMI	SMI	LLCMRPS	LLC%hit	POLL%	C1%	C1E%	C6%	CPU%c1	CPU%c6	CoreTmp	CoreThr	PkgTmp	Pkg%pc2	Pkg%pc6	PkgWatt	RAMWatt	PKG_%	RAM_%	UncMHz
259	13.60	1917	2087	0.00	226	0	0	0	nan	0.00	0.00	24.11	61.73	86.40	0.00	37	0	42	0.00	0.00	59.77	7.31	0.00	0.00	2000
360	16.49	2108	2177	0.00	225	0	0	0	nan	0.04	1.53	17.64	67.77	83.51	0.00	37	0	42	0.00	0.00	72.29	8.16	0.00	0.00	2000
78	6.69	1160	2106	0.00	195	0	0	0	nan	0.01	0.00	7.41	86.18	93.31	0.00	37	0	42	0.00	0.00	58.99	7.47	0.00	0.00	2000
74	6.91	1060	2110	0.00	193	0	0	0	nan	0.00	0.00	2.52	91.07	93.09	0.00	37	0	42	0.00	0.00	58.85	7.50	0.00	0.00	2000
73	6.63	1098	2094	0.00	193	0	0	0	nan	0.00	0.00	2.72	90.40	93.37	0.00	37	0	42	0.00	0.00	57.28	7.34	0.00	0.00	2000
72	6.33	1141	2104	0.00	194	0	0	0	nan	0.00	0.00	2.73	91.09	93.67	0.00	37	0	42	0.00	0.00	58.71	7.43	0.00	0.00	2000
73	6.82	1068	2103	0.00	194	0	0	0	nan	0.00	0.02	2.97	90.45	93.18	0.00	37	0	42	0.00	0.00	57.91	7.46	0.00	0.00	2000
72	6.51	1101	2097	0.00	193	0	0	0	nan	0.00	0.00	3.24	90.17	93.49	0.00	37	0	42	0.00	0.00	58.53	7.55	0.00	0.00	2000
82	7.49	1096	2101	0.00	195	0	0	0	nan	0.00	0.00	3.39	89.20	92.51	0.00	37	0	42	0.00	0.00	58.86	7.43	0.00	0.00	2000
72	6.63	1087	2084	0.00	194	0	0	0	nan	0.01	0.00	3.33	89.34	93.37	0.00	37	0	42	0.00	0.00	59.18	7.43	0.00	0.00	2000
74	6.75	1091	2117	0.00	195	0	0	0	nan	0.00	0.00	3.12	90.82	93.25	0.00	37	0	42	0.00	0.00	58.07	7.45	0.00	0.00	2000
72	6.49	1117	2095	0.00	193	0	0	0	nan	0.00	0.00	3.59	89.71	93.51	0.00	37	0	42	0.00	0.00	59.64	7.78	0.00	0.00	2000
70	6.62	1077	2072	0.00	193	0	0	0	nan	0.00	0.00	3.32	88.90	93.38	0.00	37	0	42	0.00	0.00	55.75	7.20	0.00	0.00	2000
75	6.66	1113	2130	0.00	194	0	0	0	nan	0.00	0.03	2.65	92.01	93.34	0.00	37	0	42	0.00	0.00	59.08	7.71	0.00	0.00	2000
73	6.57	1114	2107	0.00	196	0	0	0	nan	0.00	0.00	2.52	91.31	93.43	0.00	37	0	42	0.00	0.00	58.76	7.44	0.00	0.00	2000
71	6.73	1067	2072	0.00	197	0	0	0	90.53	0.00	0.00	4.56	87.53	93.27	0.00	37	0	42	0.00	0.00	56.75	7.23	0.00	0.00	2000
73	6.72	1087	2100	0.30	195	0	0	1	86.96	0.00	0.00	2.89	90.48	93.28	0.00	37	0	42	0.00	0.00	57.97	7.61	0.00	0.00	2000
73	6.70	1079	2120	0.10	194	0	0	0	nan	0.00	0.01	2.03	92.22	93.30	0.00	37	0	42	0.00	0.00	58.58	7.66	0.00	0.00	2000
135	8.75	1560	2082	0.00	212	0	0	0	nan	0.02	0.01	4.70	85.84	91.25	0.00	38	0	42	0.00	0.00	61.76	7.52	0.00	0.00	2000
232	11.06	2085	2115	0.00	219	0	0	0	nan	0.00	0.01	4.73	84.92	88.94	0.00	39	0	42	0.00	0.00	65.11	7.45	0.00	0.00	2000
232	10.71	2163	2106	0.00	186	0	0	0	nan	0.00	0.02	3.06	86.50	89.29	0.00	40	0	42	0.00	0.00	66.53	7.55	0.00	0.00	2000
229	10.84	2126	2082	0.00	203	0	0	0	nan	0.00	0.01	3.58	84.88	89.16	0.00	40	0	42	0.00	0.00	62.36	7.09	0.00	0.00	2000
231	11.13	2097	2083	0.00	206	0	0	0	nan	0.00	0.03	3.34	84.93	88.87	0.00	39	0	42	0.00	0.00	61.55	7.03	0.00	0.00	2000
233	10.88	2112	2127	0.00	214	0	0	0	nan	0.00	0.00	7.08	83.23	89.12	0.00	38	0	42	0.00	0.00	70.12	8.23	0.00	0.00	2000
232	10.86	2138	2100	0.00	196	0	0	0	nan	0.00	0.03	3.01	86.22	89.14	0.00	39	0	42	0.00	0.00	66.44	7.71	0.00	0.00	2000
237	11.15	2131	2092	0.00	196	0	0	0	nan	0.00	0.07	2.62	86.01	88.85	0.00	38	0	42	0.00	0.00	65.73	7.81	0.00	0.00	2000
228	10.86	2082	2118	0.00	196	0	0	0	nan	0.00	0.00	6.17	83.78	89.14	0.00	39	0	42	0.00	0.00	65.51	7.76	0.00	0.00	2000
224	10.40	2154	2097	0.00	201	0	0	0	nan	0.00	1.49	5.52	82.62	89.60	0.00	39	0	42	0.00	0.00	65.92	7.68	0.00	0.00	2000
221	10.73	2055	2104	0.00	194	0	0	0	nan	0.00	0.00	5.90	83.64	89.27	0.00	39	0	42	0.00	0.00	65.01	7.48	0.00	0.00	2000
220	10.97	2063	2041	0.00	194	0	0	0	nan	0.00	0.02	6.44	80.18	89.03	0.00	39	0	42	0.00	0.00	62.92	7.19	0.00	0.00	2000
219	11.05	2045	2032	0.00	197	0	0	0	nan	0.00	0.00	6.41	79.74	88.95	0.00	39	0	42	0.00	0.00	60.70	6.92	0.00	0.00	2000
227	10.63	2024	2218	0.00	214	0	0	0	nan	0.00	0.00	7.73	86.81	89.37	0.00	40	0	42	0.00	0.00	71.69	8.27	0.00	0.00	2000
222	10.72	2063	2103	0.00	195	0	0	2	94.94	0.00	0.00	7.16	82.40	89.28	0.00	40	0	42	0.00	0.00	64.02	7.49	0.00	0.00	2000
222	10.96	2022	2100	0.62	195	0	0	18	85.04	0.00	0.00	6.69	82.52	89.04	0.00	40	0	42	0.00	0.00	62.74	7.29	0.00	0.00	2000
223	10.63	2090	2110	0.09	196	0	0	0	nan	0.00	0.01	4.28	85.56	89.37	0.00	40	0	42	0.00	0.00	67.51	7.85	0.00	0.00	2000
216	11.89	2075	1841	0.00	202	0	0	0	nan	0.00	0.00	5.95	71.36	88.11	0.00	39	0	42	0.00	0.00	55.19	6.34	0.00	0.00	2000
229	10.27	1988	2354	0.00	221	0	0	0	nan	0.00	0.02	7.45	93.27	89.73	0.00	37	0	42	0.00	0.00	70.42	8.48	0.00	0.00	2000
234	11.12	2087	2122	0.00	210	0	0	0	nan	0.00	1.07	5.69	83.13	88.88	0.00	37	0	43	0.00	0.00	69.81	8.18	0.00	0.00	2000
232	11.07	2090	2101	0.00	197	0	0	0	nan	0.00	0.00	5.20	83.92	88.93	0.00	38	0	42	0.00	0.00	66.37	7.63	0.00	0.00	2000
231	11.10	2076	2101	0.00	197	0	0	0	nan	0.00	0.00	5.37	83.62	88.90	0.00	38	0	42	0.00	0.00	65.45	7.50	0.00	0.00	2000
232	11.51	2009	2103	0.00	196	0	0	0	nan	0.00	0.00	5.52	83.18	88.49	0.00	38	0	42	0.00	0.00	65.25	7.48	0.00	0.00	2000
226	10.90	2102	2075	0.00	202	0	0	0	nan	0.00	0.00	5.66	82.41	89.10	0.00	38	0	42	0.00	0.00	64.49	7.36	0.00	0.00	2000
236	11.12	2097	2123	0.00	216	0	0	0	nan	0.00	0.01	6.38	83.59	88.88	0.00	38	0	42	0.00	0.00	66.93	7.63	0.00	0.00	2000
225	11.28	2064	2033	0.00	207	0	0	0	nan	0.00	0.00	8.01	78.01	88.72	0.00	39	0	42	0.00	0.00	60.26	6.91	0.00	0.00	2000
225	10.81	2073	2112	0.00	203	0	0	0	nan	0.00	0.02	7.34	82.39	89.19	0.00	38	0	42	0.00	0.00	66.92	7.73	0.00	0.00	2000
223	11.04	1998	2120	0.00	214	0	0	0	nan	0.00	0.02	7.53	82.35	88.96	0.00	37	0	42	0.00	0.00	64.15	7.64	0.00	0.00	2000
238	11.15	2102	2132	0.00	197	0	0	0	nan	0.00	0.03	6.81	83.48	88.85	0.00	38	0	42	0.00	0.00	67.96	8.18	0.00	0.00	2000
225	11.43	2045	2018	0.00	198	0	0	0	nan	0.00	0.01	4.63	80.60	88.57	0.00	38	0	42	0.00	0.00	61.61	7.37	0.00	0.00	2000
236	10.74	2111	2181	0.00	214	0	0	0	nan	0.00	0.06	2.69	90.05	89.26	0.00	38	0	42	0.00	0.00	68.36	8.25	0.00	0.00	2000
235	11.10	2108	2113	0.00	198	0	0	2	58.52	0.00	0.05	5.00	84.45	88.91	0.00	38	0	42	0.00	0.00	66.62	7.85	0.00	0.00	2000
233	11.32	2062	2096	0.51	197	0	0	3	68.08	0.00	0.00	4.74	83.87	88.68	0.00	38	0	42	0.00	0.00	65.03	7.84	0.00	0.00	2000
233	11.45	2032	2103	0.00	197	0	0	0	nan	0.00	0.00	6.73	82.04	88.55	0.00	38	0	42	0.00	0.00	65.39	7.74	0.00	0.00	2000
231	11.07	2098	2092	0.00	199	0	0	0	nan	0.00	0.00	6.04	82.61	88.93	0.00	38	0	42	0.00	0.00	64.78	7.76	0.00	0.00	2000
224	10.83	2094	2073	0.00	196	0	0	0	nan	0.00	0.00	6.08	82.08	89.17	0.00	39	0	42	0.00	0.00	61.78	7.18	0.00	0.00	2000
235	11.49	2027	2122	0.00	198	0	0	0	nan	0.00	0.00	6.69	82.91	88.51	0.00	39	0	42	0.00	0.00	64.69	7.38	0.00	0.00	2000
228	10.83	2109	2098	0.00	204	0	0	0	nan	0.00	0.00	7.44	81.60	89.17	0.00	39	0	42	0.00	0.00	66.29	7.61	0.00	0.00	2000
234	11.24	2073	2112	0.00	197	0	0	0	nan	0.00	0.00	7.35	81.91	88.76	0.00	39	0	42	0.00	0.00	67.90	7.67	0.00	0.00	2000
227	11.22	2027	2094	0.00	198	0	0	0	nan	0.00	0.00	6.00	82.58	88.78	0.00	39	0	42	0.00	0.00	64.38	7.62	0.00	0.00	2000
228	11.00	2080	2095	0.00	197	0	0	0	nan	0.00	0.00	6.14	82.78	89.00	0.00	39	0	42	0.00	0.00	61.46	7.05	0.00	0.00	2000
228	11.18	2027	2110	0.00	198	0	0	0	nan	0.00	0.00	5.66	83.73	88.82	0.00	39	0	42	0.00	0.00	67.99	7.67	0.00	0.00	2000
231	11.13	2079	2097	0.00	200	0	0	0	nan	0.00	0.00	6.02	82.86	88.87	0.00	39	0	42	0.00	0.00	65.03	7.41	0.00	0.00	2000
236	10.88	2167	2102	0.00	198	0	0	0	nan	0.00	0.02	7.70	81.47	89.12	0.00	39	0	42	0.00	0.00	63.07	7.18	0.00	0.00	2000
230	11.29	2043	2095	0.00	198	0	0	0	nan	0.00	0.00	6.57	82.02	88.71	0.00	39	0	42	0.00	0.00	64.27	7.40	0.00	0.00	2000
227	11.27	2014	2099	0.00	197	0	0	0	nan	0.00	0.00	6.20	82.70	88.73	0.00	39	0	42	0.00	0.00	64.75	7.39	0.00	0.00	2000
227	11.21	2022	2106	0.00	199	0	0	0	nan	0.00	0.00	6.66	82.50	88.79	0.00	39	0	42	0.00	0.00	63.93	7.71	0.00	0.00	2000
226	11.31	2026	2067	0.00	202	0	0	0	nan	0.00	0.01	5.90	81.49	88.69	0.00	39	0	42	0.00	0.00	63.59	7.36	0.00	0.00	2000
231	11.26	2069	2082	0.00	196	0	0	1	92.05	0.00	0.01	5.13	82.90	88.74	0.00	39	0	42	0.00	0.00	67.87	7.59	0.00	0.00	2000
230	10.91	2066	2141	0.67	211	0	0	5	92.84	0.00	0.02	4.71	86.15	89.09	0.00	39	0	42	0.00	0.00	63.88	7.59	0.00	0.00	2000
231	10.90	2121	2099	0.00	200	0	0	0	nan	0.00	0.00	6.37	82.73	89.10	0.00	40	0	42	0.00	0.00	65.53	7.75	0.00	0.00	2000
228	11.19	2044	2098	0.00	199	0	0	0	nan	0.00	0.00	5.86	82.98	88.81	0.00	39	0	42	0.00	0.00	63.97	7.46	0.00	0.00	2000
235	11.20	2088	2106	0.00	203	0	0	0	nan	0.00	0.03	5.28	83.81	88.80	0.00	39	0	42	0.00	0.00	65.68	7.55	0.00	0.00	2000
229	10.90	2096	2109	0.00	199	0	0	0	nan	0.00	0.00	5.40	84.10	89.10	0.00	39	0	42	0.00	0.00	65.21	7.52	0.00	0.00	2000
230	11.04	2095	2084	0.00	197	0	0	0	nan	0.00	0.02	5.80	82.66	88.96	0.00	39	0	42	0.00	0.00	64.42	7.49	0.00	0.00	2000
230	10.75	2126	2111	0.00	198	0	0	0	nan	0.00	0.00	6.81	82.89	89.25	0.00	39	0	42	0.00	0.00	65.35	7.67	0.00	0.00	2000
227	10.88	2090	2092	0.00	197	0	0	0	nan	0.00	0.00	7.07	81.79	89.12	0.00	40	0	42	0.00	0.00	64.76	7.38	0.00	0.00	2000
233	11.54	2014	2108	0.00	201	0	0	0	nan	0.00	0.00	6.25	82.69	88.46	0.00	40	0	42	0.00	0.00	64.91	7.66	0.00	0.00	2000
230	11.08	2084	2092	0.00	199	0	0	0	nan	0.00	0.00	8.02	80.68	88.92	0.00	40	0	42	0.00	0.00	65.09	7.31	0.00	0.00	2000
229	11.12	2047	2111	0.00	198	0	0	0	nan	0.00	0.00	7.27	82.17	88.88	0.00	40	0	42	0.00	0.00	64.88	7.39	0.00	0.00	2000
231	10.84	2137	2097	0.00	197	0	0	0	nan	0.00	0.00	6.75	82.26	89.16	0.00	40	0	42	0.00	0.00	65.30	7.51	0.00	0.00	2000
229	11.02	2077	2101	0.00	200	0	0	0	nan	0.00	0.00	6.10	83.02	88.98	0.00	40	0	42	0.00	0.00	64.60	7.40	0.00	0.00	2000
231	11.27	2048	2102	0.00	198	0	0	0	nan	0.00	0.00	6.75	82.11	88.73	0.00	40	0	42	0.00	0.00	64.65	7.39	0.00	0.00	2000
229	11.03	2083	2096	0.00	200	0	0	0	nan	0.00	0.00	7.11	81.71	88.97	0.00	40	0	42	0.00	0.00	65.15	7.50	0.00	0.00	2000
229	11.02	2070	2107	0.00	197	0	0	0	nan	0.00	0.00	5.32	84.08	88.98	0.00	40	0	42	0.00	0.00	64.73	7.27	0.00	0.00	2000
227	11.05	2063	2095	0.00	195	0	0	0	91.98	0.00	0.00	5.28	83.57	88.95	0.00	40	0	42	0.00	0.00	64.61	7.34	0.00	0.00	2000
230	11.02	2085	2101	1.09	197	0	0	4	77.08	0.00	0.00	6.36	82.69	88.98	0.00	40	0	42	0.00	0.00	65.08	7.54	0.00	0.00	2000
231	11.01	2106	2096	0.04	197	0	0	0	nan	0.00	0.01	6.46	82.38	88.99	0.00	39	0	42	0.00	0.00	64.98	7.48	0.00	0.00	2000
227	10.99	2059	2106	0.00	201	0	0	0	nan	0.00	0.00	7.51	81.86	89.01	0.00	40	0	42	0.00	0.00	64.53	7.52	0.00	0.00	2000
230	11.07	2081	2099	0.00	197	0	0	0	nan	0.00	0.02	6.55	82.35	88.93	0.00	40	0	42	0.00	0.00	65.57	7.55	0.00	0.00	2000
222	10.87	2074	2069	0.00	195	0	0	0	nan	0.00	0.00	6.42	81.48	89.13	0.00	40	0	42	0.00	0.00	63.95	7.26	0.00	0.00	2000
234	11.35	2025	2137	0.00	197	0	0	0	nan	0.00	0.00	5.80	84.59	88.65	0.00	39	0	42	0.00	0.00	65.84	7.84	0.00	0.00	2000
232	11.29	2052	2099	0.00	198	0	0	0	nan	0.00	0.02	5.81	82.91	88.71	0.00	40	0	42	0.00	0.00	65.17	7.55	0.00	0.00	2000
229	11.04	2089	2081	0.00	199	0	0	0	nan	0.00	0.00	5.86	82.38	88.96	0.00	39	0	42	0.00	0.00	65.48	7.41	0.00	0.00	2000
229	10.80	2104	2115	0.00	197	0	0	0	nan	0.00	0.00	8.31	81.52	89.20	0.00	40	0	42	0.00	0.00	64.84	7.54	0.00	0.00	2000
234	11.24	2083	2099	0.00	199	0	0	0	nan	0.00	0.00	6.63	82.25	88.76	0.00	39	0	42	0.00	0.00	64.70	7.52	0.00	0.00	2000
229	10.75	2141	2089	0.00	197	0	0	0	nan	0.00	0.00	5.19	83.61	89.25	0.00	40	0	42	0.00	0.00	65.01	7.56	0.00	0.00	2000
227	10.71	2111	2113	0.00	196	0	0	0	nan	0.00	0.00	6.83	83.11	89.29	0.00	40	0	42	0.00	0.00	65.01	7.57	0.00	0.00	2000
233	11.28	2061	2100	0.00	206	0	0	0	nan	0.00	0.00	7.29	81.53	88.72	0.00	39	0	42	0.00	0.00	64.71	7.45	0.00	0.00	2000
224	10.82	2106	2067	0.00	198	0	0	0	nan	0.00	0.00	7.65	80.19	89.18	0.00	40	0	42	0.00	0.00	63.53	7.34	0.00	0.00	2000
230	11.39	2030	2086	0.00	197	0	0	0	nan	0.00	0.00	5.34	82.77	88.61	0.00	40	0	42	0.00	0.00	63.22	7.37	0.00	0.00	2000
227	10.86	2042	2146	0.00	213	0	0	0	nan	0.00	0.02	5.58	85.55	89.14	0.00	40	0	42	0.00	0.00	68.18	7.92	0.00	0.00	2000
232	11.18	2083	2093	0.00	198	0	0	0	nan	0.00	0.00	6.91	81.63	88.82	0.00	40	0	42	0.00	0.00	64.34	7.46	0.00	0.00	2000
229	11.01	2089	2090	0.67	203	0	0	3	88.65	0.00	0.00	6.58	82.15	88.99	0.00	39	0	42	0.00	0.00	65.29	7.42	0.00	0.00	2000
228	10.82	2116	2094	0.13	199	0	0	0	nan	0.00	0.00	7.89	81.18	89.18	0.00	40	0	42	0.00	0.00	63.95	7.34	0.00	0.00	2000
228	10.92	2063	2129	0.00	198	0	0	0	nan	0.00	0.00	7.09	83.22	89.08	0.00	39	0	42	0.00	0.00	65.32	7.58	0.00	0.00	2000
228	10.97	2091	2089	0.00	198	0	0	0	nan	0.00	0.00	5.95	82.76	89.03	0.00	39	0	42	0.00	0.00	64.65	7.30	0.00	0.00	2000
227	11.07	2044	2108	0.00	199	0	0	0	nan	0.00	0.00	6.32	83.01	88.93	0.00	39	0	42	0.00	0.00	64.84	7.53	0.00	0.00	2000
231	11.13	2095	2079	0.00	203	0	0	0	nan	0.00	0.00	5.73	82.36	88.87	0.00	39	0	42	0.00	0.00	64.52	7.61	0.00	0.00	2000
230	11.01	2071	2121	0.00	197	0	0	0	nan	0.00	0.00	6.85	83.06	88.99	0.00	39	0	42	0.00	0.00	65.38	7.49	0.00	0.00	2000
228	10.69	2133	2103	0.00	196	0	0	0	nan	0.00	1.01	6.41	82.01	89.31	0.00	39	0	42	0.00	0.00	64.89	7.49	0.00	0.00	2000
228	10.75	2120	2097	0.00	198	0	0	0	nan	0.00	0.02	5.04	84.06	89.25	0.00	39	0	42	0.00	0.00	64.64	7.55	0.00	0.00	2000
228	10.84	2106	2102	0.00	198	0	0	0	nan	0.00	0.00	6.17	83.12	89.16	0.00	39	0	42	0.00	0.00	64.52	7.69	0.00	0.00	2000
228	11.31	2019	2098	0.00	199	0	0	0	nan	0.00	0.00	6.65	82.04	88.69	0.00	40	0	42	0.00	0.00	64.92	7.56	0.00	0.00	2000
229	11.21	2039	2099	0.00	197	0	0	0	nan	0.00	0.00	6.27	82.58	88.79	0.00	40	0	42	0.00	0.00	64.05	7.56	0.00	0.00	2000
228	10.88	2098	2096	0.00	195	0	0	0	nan	0.00	0.02	5.19	83.80	89.12	0.00	40	0	42	0.00	0.00	66.10	7.84	0.00	0.00	2000
226	10.86	2102	2078	0.00	199	0	0	0	nan	0.00	0.00	6.08	82.09	89.14	0.00	40	0	42	0.00	0.00	61.79	7.12	0.00	0.00	2000
232	11.24	2029	2136	0.00	198	0	0	0	nan	0.00	0.00	5.32	85.07	88.76	0.00	40	0	42	0.00	0.00	66.47	7.75	0.00	0.00	2000
232	10.88	2137	2097	0.00	199	0	0	0	nan	0.00	0.00	5.68	83.41	89.12	0.00	40	0	42	0.00	0.00	65.58	7.65	0.00	0.00	2000
229	10.92	2100	2097	0.00	190	0	0	0	nan	0.00	0.05	6.03	83.08	89.08	0.00	40	0	42	0.00	0.00	63.84	7.41	0.00	0.00	2000
230	10.96	2112	2083	0.74	198	0	0	5	83.62	0.00	1.00	3.69	83.80	89.04	0.00	40	0	42	0.00	0.00	64.45	7.58	0.00	0.00	2000
226	10.99	2071	2083	0.56	197	0	0	0	71.15	0.01	0.03	3.90	84.47	89.01	0.00	40	0	42	0.00	0.00	64.27	7.38	0.00	0.00	2000
231	11.03	2069	2127	0.00	213	0	0	0	nan	0.00	0.00	4.49	85.60	88.97	0.00	40	0	42	0.00	0.00	67.25	7.77	0.00	0.00	2000
232	11.15	2075	2102	0.00	199	0	0	0	nan	0.00	0.00	6.92	82.05	88.85	0.00	40	0	42	0.00	0.00	64.18	7.53	0.00	0.00	2000
230	11.02	2081	2103	0.00	205	0	0	0	nan	0.00	0.00	7.56	81.65	88.98	0.00	40	0	42	0.00	0.00	64.39	7.53	0.00	0.00	2000
228	10.93	2084	2101	0.00	196	0	0	0	nan	0.00	0.00	7.34	81.78	89.07	0.00	40	0	42	0.00	0.00	65.73	7.54	0.00	0.00	2000
230	10.94	2108	2099	0.00	195	0	0	0	nan	0.00	0.00	6.08	83.05	89.06	0.00	40	0	42	0.00	0.00	65.69	7.56	0.00	0.00	2000
228	10.87	2108	2084	0.00	184	0	0	0	nan	0.00	0.00	5.61	82.99	89.13	0.00	40	0	42	0.00	0.00	61.97	7.33	0.00	0.00	2000
230	10.91	2117	2096	0.00	200	0	0	0	nan	0.00	0.02	5.26	83.71	89.09	0.00	40	0	42	0.00	0.00	64.64	7.46	0.00	0.00	2000
232	11.01	2094	2111	0.00	201	0	0	0	nan	0.00	0.02	6.09	83.52	88.99	0.00	40	0	42	0.00	0.00	65.58	7.45	0.00	0.00	2000
229	10.83	2112	2101	0.00	199	0	0	0	nan	0.00	0.00	5.75	83.57	89.17	0.00	40	0	42	0.00	0.00	65.93	7.49	0.00	0.00	2000
229	11.19	2050	2100	0.00	198	0	0	0	nan	0.01	0.02	3.16	85.70	88.81	0.00	40	0	42	0.00	0.00	65.46	7.55	0.00	0.00	2000
230	11.13	2057	2111	0.00	196	0	0	0	nan	0.00	0.03	2.27	87.16	88.87	0.00	40	0	42	0.00	0.00	64.84	7.62	0.00	0.00	2000
229	11.07	2070	2095	0.00	199	0	0	0	nan	0.00	0.00	3.98	84.85	88.93	0.00	40	0	42	0.00	0.00	64.62	7.42	0.00	0.00	2000
228	11.23	2050	2081	0.00	196	0	0	0	nan	0.01	0.00	4.29	83.81	88.77	0.00	40	0	42	0.00	0.00	63.21	7.32	0.00	0.00	2000
227	11.04	2066	2090	0.00	204	0	0	0	nan	0.00	1.01	1.84	85.79	88.96	0.00	39	0	42	0.00	0.00	63.91	7.34	0.00	0.00	2000
227	11.20	2029	2098	0.00	212	0	0	0	nan	0.00	0.00	7.12	81.75	88.80	0.00	40	0	42	0.00	0.00	62.80	7.15	0.00	0.00	2000
233	11.01	2088	2130	0.50	200	0	0	6	76.30	0.00	0.00	7.05	83.15	88.99	0.00	40	0	42	0.00	0.00	67.44	7.54	0.00	0.00	2000
244	11.90	2047	2102	0.73	264	0	0	4	66.69	0.00	0.21	9.17	79.00	88.10	0.00	40	0	42	0.00	0.00	67.37	7.76	0.00	0.00	2000
231	10.96	2110	2096	0.00	205	0	0	0	nan	0.00	0.00	5.82	83.19	89.04	0.00	40	0	42	0.00	0.00	63.36	7.19	0.00	0.00	2000
229	11.03	2081	2095	0.00	199	0	0	0	nan	0.00	0.00	6.42	82.38	88.97	0.00	40	0	42	0.00	0.00	65.19	7.56	0.00	0.00	2000
229	11.15	2058	2100	0.00	199	0	0	0	nan	0.00	0.00	5.89	83.04	88.85	0.00	40	0	42	0.00	0.00	65.02	7.37	0.00	0.00	2000
230	11.09	2073	2102	0.00	196	0	0	0	nan	0.00	0.00	6.61	82.47	88.91	0.00	40	0	42	0.00	0.00	64.88	7.61	0.00	0.00	2000
226	11.00	2073	2081	0.00	196	0	0	0	nan	0.00	0.00	5.79	82.60	89.00	0.00	40	0	42	0.00	0.00	61.78	7.25	0.00	0.00	2000
235	11.61	1994	2130	0.00	199	0	0	0	nan	0.01	0.01	4.85	84.85	88.39	0.00	39	0	42	0.00	0.00	68.29	7.86	0.00	0.00	2000
228	11.31	2021	2094	0.00	204	0	0	0	nan	0.01	1.04	4.95	82.65	88.69	0.00	39	0	42	0.00	0.00	64.66	7.49	0.00	0.00	2000
236	11.23	2112	2094	0.00	200	0	0	0	nan	0.00	0.00	5.24	83.35	88.77	0.00	39	0	42	0.00	0.00	61.90	7.05	0.00	0.00	2000
230	11.20	2049	2109	0.00	197	0	0	0	nan	0.00	0.00	7.33	81.95	88.80	0.00	40	0	42	0.00	0.00	66.18	7.54	0.00	0.00	2000
238	11.52	2064	2098	0.00	215	0	0	0	nan	0.00	0.00	9.55	78.95	88.48	0.00	40	0	42	0.00	0.00	64.20	7.37	0.00	0.00	2000
230	11.14	2070	2096	0.00	199	0	0	0	nan	0.00	0.00	7.35	81.50	88.86	0.00	40	0	42	0.00	0.00	65.67	7.63	0.00	0.00	2000
231	10.94	2113	2099	0.00	200	0	0	0	nan	0.00	0.01	6.75	82.45	89.06	0.00	40	0	42	0.00	0.00	65.74	7.83	0.00	0.00	2000
228	10.95	2085	2099	0.00	196	0	0	0	nan	0.00	0.02	6.75	82.30	89.05	0.00	40	0	42	0.00	0.00	64.31	7.30	0.00	0.00	2000
231	10.96	2099	2107	0.00	197	0	0	0	nan	0.00	0.00	6.56	82.79	89.04	0.00	40	0	42	0.00	0.00	65.12	7.43	0.00	0.00	2000
228	11.26	2023	2098	0.00	199	0	0	0	nan	0.00	0.00	6.63	82.12	88.74	0.00	39	0	42	0.00	0.00	64.23	7.48	0.00	0.00	2000
230	11.34	2029	2103	0.14	200	0	0	4	69.34	0.00	0.00	5.76	83.12	88.66	0.00	40	0	42	0.00	0.00	64.80	7.40	0.00	0.00	2000
232	11.37	2046	2098	0.99	200	0	0	4	76.86	0.00	0.00	6.03	82.61	88.63	0.00	40	0	42	0.00	0.00	65.35	7.52	0.00	0.00	2000
229	10.84	2121	2088	0.00	197	0	0	0	nan	0.00	0.00	6.16	82.60	89.16	0.00	40	0	42	0.00	0.00	64.73	7.44	0.00	0.00	2000
228	10.78	2115	2102	0.00	198	0	0	0	nan	0.00	0.00	6.20	83.25	89.22	0.00	39	0	42	0.00	0.00	65.50	7.47	0.00	0.00	2000
230	11.22	2046	2107	0.00	196	0	0	0	nan	0.00	0.07	5.15	84.03	88.78	0.00	39	0	42	0.00	0.00	63.73	7.43	0.00	0.00	2000
226	10.73	2116	2087	0.00	197	0	0	0	nan	0.00	0.06	5.39	83.32	89.27	0.00	40	0	42	0.00	0.00	64.58	7.30	0.00	0.00	2000
236	11.10	2119	2105	0.00	203	0	0	0	nan	0.00	0.06	3.88	85.31	88.90	0.00	39	0	42	0.00	0.00	65.38	7.56	0.00	0.00	2000
229	11.27	2015	2114	0.00	195	0	0	0	nan	0.00	0.00	6.56	82.87	88.73	0.00	39	0	42	0.00	0.00	65.21	7.50	0.00	0.00	2000
229	11.17	2063	2089	0.00	196	0	0	0	nan	0.00	0.00	7.40	81.06	88.83	0.00	40	0	42	0.00	0.00	64.76	7.44	0.00	0.00	2000
229	10.81	2105	2110	0.00	197	0	0	0	nan	0.00	0.00	7.34	82.34	89.19	0.00	40	0	42	0.00	0.00	65.98	7.60	0.00	0.00	2000
231	11.09	2084	2099	0.00	200	0	0	0	nan	0.00	0.02	6.20	82.71	88.91	0.00	40	0	42	0.00	0.00	64.44	7.62	0.00	0.00	2000
232	11.12	2088	2102	0.00	194	0	0	0	nan	0.00	0.00	5.73	83.30	88.88	0.00	40	0	42	0.00	0.00	64.02	7.36	0.00	0.00	2000
228	10.85	2122	2084	0.00	191	0	0	0	nan	0.00	0.54	6.95	81.09	89.15	0.00	40	0	42	0.00	0.00	65.54	7.51	0.00	0.00	2000
229	10.90	2093	2108	0.00	198	0	0	0	nan	0.00	0.53	4.47	84.53	89.10	0.00	40	0	42	0.00	0.00	63.03	7.31	0.00	0.00	2000
227	10.99	2087	2080	0.00	195	0	0	0	nan	0.00	0.07	1.66	86.54	89.01	0.00	40	0	42	0.00	0.00	66.06	7.79	0.00	0.00	2000
232	11.03	2084	2120	0.00	215	0	0	0	nan	0.00	0.03	3.34	86.48	88.97	0.00	40	0	42	0.00	0.00	66.38	7.83	0.00	0.00	2000
231	10.79	2149	2093	0.00	198	0	0	0	nan	0.00	0.00	5.40	83.59	89.21	0.00	40	0	42	0.00	0.00	64.59	7.29	0.00	0.00	2000
231	10.66	2173	2099	0.00	188	0	0	3	73.87	0.00	0.49	6.93	81.92	89.34	0.00	39	0	42	0.00	0.00	63.57	7.14	0.00	0.00	2000
228	10.85	2114	2085	1.06	198	0	0	5	72.17	0.00	0.98	6.31	81.30	89.15	0.00	40	0	42	0.00	0.00	64.56	7.41	0.00	0.00	2000
230	11.00	2074	2117	0.00	196	0	0	0	nan	0.00	0.00	8.33	81.60	89.00	0.00	39	0	42	0.00	0.00	65.47	7.88	0.00	0.00	2000
231	10.96	2095	2109	0.00	211	0	0	0	nan	0.00	0.02	5.90	83.57	89.04	0.00	40	0	42	0.00	0.00	66.67	7.69	0.00	0.00	2000
230	11.21	2058	2092	0.00	183	0	0	0	nan	0.00	0.00	6.62	81.97	88.79	0.00	40	0	42	0.00	0.00	62.95	7.28	0.00	0.00	2000
231	10.97	2118	2091	0.00	201	0	0	0	nan	0.00	0.36	7.21	81.17	89.03	0.00	40	0	42	0.00	0.00	64.90	7.50	0.00	0.00	2000
230	10.89	2092	2124	0.00	214	0	0	0	nan	0.00	0.02	6.04	84.11	89.11	0.00	40	0	42	0.00	0.00	65.67	7.65	0.00	0.00	2000
228	10.80	2126	2089	0.00	182	0	0	0	nan	0.00	0.00	5.59	83.27	89.20	0.00	40	0	42	0.00	0.00	62.42	7.60	0.00	0.00	2000
232	11.00	2099	2107	0.00	197	0	0	0	nan	0.00	0.04	2.27	87.09	89.00	0.00	39	0	42	0.00	0.00	67.66	7.37	0.00	0.00	2000
233	11.23	2112	2065	0.00	200	0	0	0	nan	0.00	0.59	4.83	82.00	88.77	0.00	40	0	42	0.00	0.00	63.59	7.44	0.00	0.00	2000
236	10.97	2117	2136	0.00	219	0	0	0	nan	0.03	0.00	7.71	82.93	89.03	0.00	40	0	42	0.00	0.00	65.67	7.59	0.00	0.00	2000
230	11.02	2082	2104	0.00	198	0	0	0	nan	0.00	0.00	6.46	82.72	88.98	0.00	40	0	42	0.00	0.00	65.32	7.64	0.00	0.00	2000
226	11.07	2067	2078	0.00	183	0	0	0	nan	0.00	0.00	6.40	81.62	88.93	0.00	40	0	42	0.00	0.00	64.66	7.60	0.00	0.00	2000
230	11.02	2071	2113	0.00	198	0	0	0	nan	0.00	0.00	5.33	84.29	88.98	0.00	39	0	42	0.00	0.00	65.70	7.55	0.00	0.00	2000
227	11.21	2047	2074	0.00	199	0	0	0	nan	0.00	0.02	4.21	83.48	88.79	0.00	40	0	42	0.00	0.00	60.28	7.12	0.00	0.00	2000
235	11.24	2066	2126	0.00	216	0	0	0	nan	0.00	0.00	6.25	83.65	88.76	0.00	40	0	42	0.00	0.00	69.74	8.05	0.00	0.00	2000
230	11.17	2054	2106	0.00	199	0	0	0	nan	0.00	0.00	7.21	81.88	88.83	0.00	40	0	42	0.00	0.00	64.59	7.40	0.00	0.00	2000
227	11.05	2075	2076	0.00	198	0	0	1	75.44	0.00	0.00	7.06	80.91	88.95	0.00	40	0	42	0.00	0.00	64.46	7.69	0.00	0.00	2000
231	11.02	2066	2131	1.13	198	0	0	7	68.56	0.00	0.00	5.14	85.17	88.98	0.00	40	0	42	0.00	0.00	65.77	7.67	0.00	0.00	2000
225	11.11	2065	2060	0.00	197	0	0	0	nan	0.00	0.00	5.28	81.96	88.89	0.00	39	0	42	0.00	0.00	62.31	7.32	0.00	0.00	2000
236	11.21	2080	2121	0.00	205	0	0	0	nan	0.00	0.02	3.27	86.51	88.79	0.00	40	0	42	0.00	0.00	63.96	7.54	0.00	0.00	2000
231	10.84	2126	2108	0.00	212	0	0	0	nan	0.00	0.04	4.67	84.85	89.16	0.00	40	0	42	0.00	0.00	66.95	7.84	0.00	0.00	2000
223	10.63	2127	2073	0.00	197	0	0	0	nan	0.00	0.00	5.12	83.12	89.37	0.00	40	0	42	0.00	0.00	65.80	7.73	0.00	0.00	2000
236	11.06	2091	2141	0.00	196	0	0	0	nan	0.00	0.05	4.29	86.35	88.94	0.00	40	0	42	0.00	0.00	65.32	7.53	0.00	0.00	2000
230	10.89	2115	2098	0.00	198	0	0	0	nan	0.00	0.04	4.70	84.32	89.11	0.00	40	0	42	0.00	0.00	62.93	7.28	0.00	0.00	2000
231	11.26	2055	2098	0.00	202	0	0	0	nan	0.00	0.00	5.47	83.28	88.74	0.00	40	0	42	0.00	0.00	66.98	7.68	0.00	0.00	2000
230	11.22	2052	2096	0.00	198	0	0	0	nan	0.00	0.00	7.06	81.61	88.78	0.00	39	0	42	0.00	0.00	62.72	7.34	0.00	0.00	2000
231	11.11	2072	2102	0.00	196	0	0	0	nan	0.00	0.00	7.56	81.41	88.89	0.00	39	0	42	0.00	0.00	64.60	7.94	0.00	0.00	2000
230	11.23	2047	2099	0.00	199	0	0	0	nan	0.00	0.00	7.24	81.62	88.77	0.00	39	0	42	0.00	0.00	64.93	7.70	0.00	0.00	2000
230	10.93	2102	2105	0.00	200	0	0	0	nan	0.00	0.00	8.02	81.24	89.07	0.00	39	0	43	0.00	0.00	65.92	7.46	0.00	0.00	2000
233	11.09	2094	2105	0.00	199	0	0	0	nan	0.00	0.00	5.65	83.51	88.91	0.00	40	0	42	0.00	0.00	65.56	7.72	0.00	0.00	2000
224	10.82	2115	2052	0.00	202	0	0	0	nan	0.00	0.00	5.04	82.15	89.18	0.00	40	0	42	0.00	0.00	62.71	7.24	0.00	0.00	2000
232	10.85	2107	2133	0.00	196	0	0	0	nan	0.00	0.00	7.76	82.92	89.15	0.00	40	0	42	0.00	0.00	65.53	7.68	0.00	0.00	2000
229	10.98	2087	2102	0.00	198	0	0	0	nan	0.00	0.00	4.87	84.36	89.02	0.00	40	0	42	0.00	0.00	64.99	7.55	0.00	0.00	2000
231	11.18	2067	2099	0.00	199	0	0	0	95.36	0.00	0.49	5.09	83.27	88.82	0.00	40	0	42	0.00	0.00	66.22	7.62	0.00	0.00	2000
231	11.16	2064	2103	1.09	196	0	0	7	63.73	0.00	0.00	6.14	82.87	88.84	0.00	40	0	42	0.00	0.00	64.00	7.45	0.00	0.00	2000
230	10.97	2098	2097	0.05	201	0	0	0	nan	0.00	0.00	6.40	82.62	89.03	0.00	40	0	42	0.00	0.00	66.35	7.61	0.00	0.00	2000
232	10.79	2148	2098	0.00	199	0	0	0	nan	0.00	0.00	6.84	82.31	89.21	0.00	40	0	42	0.00	0.00	64.88	7.55	0.00	0.00	2000
228	10.88	2085	2107	0.00	198	0	0	0	nan	0.00	0.00	7.17	82.26	89.12	0.00	40	0	42	0.00	0.00	64.63	7.51	0.00	0.00	2000
230	10.77	2132	2101	0.00	196	0	0	0	nan	0.00	0.00	5.94	83.29	89.23	0.00	40	0	42	0.00	0.00	64.18	7.55	0.00	0.00	2000
222	11.09	2041	2057	0.00	198	0	0	0	nan	0.00	0.00	6.00	81.24	88.91	0.00	39	0	42	0.00	0.00	63.26	7.29	0.00	0.00	2000
239	11.08	2107	2149	0.00	202	0	0	0	nan	0.00	0.00	6.04	84.90	88.92	0.00	40	0	42	0.00	0.00	66.57	7.69	0.00	0.00	2000
229	10.91	2101	2099	0.00	196	0	0	0	nan	0.00	0.02	6.01	83.01	89.09	0.00	40	0	42	0.00	0.00	65.34	7.66	0.00	0.00	2000
227	10.91	2088	2092	0.00	195	0	0	0	nan	0.00	0.00	6.39	82.49	89.09	0.00	40	0	42	0.00	0.00	64.92	7.77	0.00	0.00	2000
229	11.20	2036	2106	0.00	198	0	0	0	nan	0.00	0.00	6.96	82.24	88.80	0.00	40	0	42	0.00	0.00	64.74	7.77	0.00	0.00	2000
231	11.22	2061	2100	0.00	198	0	0	0	nan	0.00	1.07	5.04	82.85	88.78	0.00	39	0	42	0.00	0.00	64.76	7.50	0.00	0.00	2000
229	10.94	2101	2093	0.00	201	0	0	0	nan	0.00	0.00	5.59	83.24	89.06	0.00	40	0	42	0.00	0.00	65.80	7.64	0.00	0.00	2000
230	10.99	2093	2104	0.00	197	0	0	0	nan	0.00	0.07	6.37	82.83	89.01	0.00	40	0	42	0.00	0.00	64.94	7.52	0.00	0.00	2000
227	10.93	2084	2096	0.00	194	0	0	0	nan	0.00	0.00	6.52	82.45	89.07	0.00	40	0	42	0.00	0.00	63.12	7.69	0.00	0.00	2000
230	11.19	2052	2104	0.00	199	0	0	0	nan	0.00	0.00	6.56	82.42	88.81	0.00	40	0	42	0.00	0.00	67.86	7.77	0.00	0.00	2000
229	11.34	2024	2098	0.00	200	0	0	0	nan	0.00	0.00	7.01	81.71	88.66	0.00	40	0	42	0.00	0.00	64.87	7.64	0.00	0.00	2000
228	11.34	2038	2074	0.00	200	0	0	0	nan	0.00	0.00	6.71	81.01	88.66	0.00	39	0	42	0.00	0.00	63.83	7.70	0.00	0.00	2000
234	11.45	2012	2133	1.13	202	0	0	7	39.75	0.00	0.52	7.66	81.91	88.55	0.00	40	0	42	0.00	0.00	66.50	8.00	0.00	0.00	2000
230	11.35	2023	2101	0.39	200	0	0	0	nan	0.00	0.02	7.05	81.74	88.65	0.00	40	0	42	0.00	0.00	64.78	7.46	0.00	0.00	2000
227	11.17	2031	2099	0.00	196	0	0	0	nan	0.00	0.00	4.00	84.91	88.83	0.00	40	0	42	0.00	0.00	65.38	7.56	0.00	0.00	2000
224	11.23	2038	2057	0.00	198	0	0	0	nan	0.00	0.02	4.76	82.34	88.77	0.00	40	0	43	0.00	0.00	64.31	7.54	0.00	0.00	2000
234	10.96	2115	2117	0.00	199	0	0	0	nan	0.00	0.00	3.77	86.10	89.04	0.00	41	0	42	0.00	0.00	64.19	7.37	0.00	0.00	2000
228	10.74	2107	2116	0.00	216	0	0	0	nan	0.00	0.01	5.96	84.11	89.26	0.00	41	0	42	0.00	0.00	65.30	7.72	0.00	0.00	2000
232	11.50	2042	2073	0.00	197	0	0	0	nan	0.00	0.01	6.38	81.17	88.51	0.00	40	0	42	0.00	0.00	63.00	7.37	0.00	0.00	2000
235	11.05	2085	2143	0.00	196	0	0	0	nan	0.00	2.60	5.30	82.91	88.95	0.00	39	0	42	0.00	0.00	69.55	8.38	0.00	0.00	2000
228	10.53	2166	2099	0.00	197	0	0	0	nan	0.00	0.00	7.98	81.53	89.47	0.00	40	0	42	0.00	0.00	63.36	7.76	0.00	0.00	2000
233	11.40	2047	2093	0.00	200	0	0	0	nan	0.00	0.00	6.25	82.15	88.60	0.00	40	0	42	0.00	0.00	64.27	7.61	0.00	0.00	2000
223	11.11	2037	2066	0.00	194	0	0	0	nan	0.00	0.51	6.99	80.11	88.89	0.00	40	0	42	0.00	0.00	63.79	7.57	0.00	0.00	2000
226	11.01	2054	2096	0.00	198	0	0	0	nan	0.00	0.00	5.69	83.23	88.99	0.00	40	0	42	0.00	0.00	65.65	7.67	0.00	0.00	2000
229	11.37	2012	2106	0.00	197	0	0	0	nan	0.00	0.02	3.71	85.24	88.63	0.00	41	0	42	0.00	0.00	66.17	7.77	0.00	0.00	2000
232	11.12	2052	2132	0.00	212	0	0	0	nan	0.00	0.00	5.36	84.90	88.88	0.00	40	0	42	0.00	0.00	64.54	7.44	0.00	0.00	2000
232	11.03	2119	2082	0.00	203	0	0	0	nan	0.00	0.00	6.78	81.41	88.97	0.00	40	0	42	0.00	0.00	65.62	8.11	0.00	0.00	2000
224	11.07	2043	2078	0.00	194	0	0	0	nan	0.00	0.00	7.16	80.95	88.93	0.00	40	0	42	0.00	0.00	65.57	7.57	0.00	0.00	2000
229	10.84	2079	2137	0.00	199	0	0	0	nan	0.01	0.03	1.61	89.11	89.16	0.00	41	0	42	0.00	0.00	65.74	7.95	0.00	0.00	2000
229	11.31	2050	2075	1.22	198	0	0	5	27.04	0.00	0.06	3.08	84.62	88.69	0.00	41	0	42	0.00	0.00	65.32	7.83	0.00	0.00	2000
232	11.04	2079	2122	0.27	202	0	0	0	nan	0.00	0.03	5.98	84.02	88.96	0.00	41	0	42	0.00	0.00	63.96	7.40	0.00	0.00	2000
229	11.10	2090	2072	0.00	201	0	0	0	nan	0.00	0.06	3.67	84.22	88.90	0.00	40	0	42	0.00	0.00	65.68	7.60	0.00	0.00	2000
229	11.19	2013	2139	0.00	213	0	0	0	nan	0.00	0.00	7.65	82.92	88.81	0.00	41	0	42	0.00	0.00	64.40	7.56	0.00	0.00	2000
230	11.20	2065	2091	0.00	197	0	0	0	nan	0.00	0.00	6.41	82.09	88.80	0.00	40	0	42	0.00	0.00	65.78	8.20	0.00	0.00	2000
228	11.22	2021	2113	0.00	198	0	0	0	nan	0.00	0.00	6.53	82.94	88.78	0.00	40	0	42	0.00	0.00	65.20	7.74	0.00	0.00	2000
229	11.06	2089	2080	0.00	198	0	0	0	nan	0.00	0.00	6.34	81.85	88.94	0.00	40	0	42	0.00	0.00	64.21	7.48	0.00	0.00	2000
234	10.98	2114	2113	0.00	201	0	0	0	nan	0.00	0.00	6.88	82.74	89.02	0.00	40	0	42	0.00	0.00	66.56	7.75	0.00	0.00	2000
230	10.97	2095	2099	0.00	194	0	0	0	nan	0.00	0.00	7.44	81.60	89.03	0.00	41	0	42	0.00	0.00	64.71	7.36	0.00	0.00	2000
228	11.01	2066	2106	0.00	199	0	0	0	nan	0.00	0.00	6.23	83.18	88.99	0.00	40	0	42	0.00	0.00	64.69	7.63	0.00	0.00	2000
229	11.04	2068	2102	0.00	198	0	0	0	nan	0.00	0.00	6.16	83.00	88.96	0.00	41	0	42	0.00	0.00	64.90	7.71	0.00	0.00	2000
223	10.76	2070	2100	0.00	199	0	0	0	nan	0.00	0.03	4.44	84.80	89.24	0.00	39	0	42	0.00	0.00	63.49	7.67	0.00	0.00	2000
228	11.02	2079	2088	0.00	212	0	0	0	nan	0.00	0.00	4.20	84.41	88.98	0.00	40	0	42	0.00	0.00	65.91	7.18	0.00	0.00	2000
230	10.47	2192	2106	0.00	204	0	0	0	nan	0.00	0.03	2.81	86.95	89.53	0.00	40	0	42	0.00	0.00	66.13	7.54	0.00	0.00	2000
231	11.12	2068	2105	0.00	202	0	0	0	nan	0.00	0.00	2.83	86.36	88.88	0.00	41	0	42	0.00	0.00	65.14	7.66	0.00	0.00	2000
227	10.91	2091	2089	0.00	201	0	0	0	nan	0.01	0.00	3.00	85.73	89.09	0.00	41	0	42	0.00	0.00	64.17	7.49	0.00	0.00	2000
231	10.76	2137	2111	0.00	203	0	0	0	nan	0.00	0.00	3.87	85.82	89.24	0.00	41	0	42	0.00	0.00	65.96	7.62	0.00	0.00	2000
227	11.04	2085	2076	1.08	213	0	0	8	62.78	0.00	0.01	4.07	83.92	88.96	0.00	41	0	42	0.00	0.00	63.99	7.46	0.00	0.00	2000
229	11.00	2076	2107	0.18	219	0	0	0	nan	0.00	0.00	3.77	85.61	89.00	0.00	41	0	42	0.00	0.00	65.40	7.65	0.00	0.00	2000
229	10.97	2072	2118	0.00	204	0	0	0	nan	0.00	0.00	3.67	86.21	89.03	0.00	41	0	42	0.00	0.00	65.73	7.63	0.00	0.00	2000
235	11.04	2132	2099	0.00	203	0	0	0	nan	0.01	0.00	3.41	85.51	88.96	0.00	42	0	42	0.00	0.00	65.44	7.47	0.00	0.00	2000
233	11.25	2063	2113	0.00	205	0	0	0	nan	0.00	0.00	5.57	83.75	88.75	0.00	41	0	42	0.00	0.00	65.46	7.52	0.00	0.00	2000
231	11.01	2101	2100	0.00	216	0	0	0	nan	0.00	0.00	3.76	85.32	88.99	0.00	42	0	42	0.00	0.00	65.17	7.35	0.00	0.00	2000
224	10.82	2099	2072	0.00	200	0	0	0	nan	0.00	0.02	3.30	84.77	89.18	0.00	42	0	42	0.00	0.00	63.50	7.36	0.00	0.00	2000
231	11.05	2081	2114	0.00	204	0	0	0	nan	0.00	0.00	4.77	84.84	88.95	0.00	41	0	42	0.00	0.00	65.91	7.57	0.00	0.00	2000
226	11.15	2049	2080	0.00	204	0	0	0	nan	0.00	0.00	3.32	84.79	88.85	0.00	41	0	42	0.00	0.00	63.88	7.23	0.00	0.00	2000
232	11.12	2075	2109	0.00	205	0	0	0	nan	0.00	0.00	4.03	85.29	88.88	0.00	41	0	42	0.00	0.00	65.58	7.66	0.00	0.00	2000
228	10.62	2147	2099	0.00	212	0	0	0	nan	0.00	0.01	3.76	85.60	89.38	0.00	41	0	42	0.00	0.00	64.86	7.38	0.00	0.00	2000
227	10.95	2079	2094	0.00	217	0	0	0	nan	0.00	0.02	3.79	85.09	89.05	0.00	42	0	42	0.00	0.00	64.46	7.63	0.00	0.00	2000
230	11.10	2061	2115	0.00	202	0	0	0	nan	0.00	0.04	3.53	86.04	88.90	0.00	41	0	42	0.00	0.00	65.83	7.58	0.00	0.00	2000
226	11.34	2014	2082	0.00	204	0	0	0	nan	0.00	0.00	3.77	84.27	88.66	0.00	41	0	42	0.00	0.00	64.07	7.41	0.00	0.00	2000
238	11.15	2099	2138	0.00	202	0	0	0	nan	0.00	0.03	4.05	86.49	88.85	0.00	41	0	42	0.00	0.00	66.80	7.66	0.00	0.00	2000
224	10.81	2097	2075	0.00	212	0	0	0	nan	0.00	0.00	3.92	84.26	89.20	0.00	41	0	42	0.00	0.00	63.78	7.47	0.00	0.00	2000
229	10.96	2092	2098	0.00	239	0	0	0	98.85	0.00	0.02	3.56	85.44	89.04	0.00	41	0	42	0.00	0.00	64.96	7.48	0.00	0.00	2000
231	10.81	2128	2111	1.22	205	0	0	10	68.55	0.00	0.00	4.11	85.64	89.19	0.00	42	0	42	0.00	0.00	65.53	7.65	0.00	0.00	2000
229	11.10	2071	2088	0.05	204	0	0	0	nan	0.00	0.03	3.53	84.94	88.90	0.00	42	0	42	0.00	0.00	64.44	7.33	0.00	0.00	2000
228	10.85	2110	2094	0.00	213	0	0	0	nan	0.00	0.00	3.21	85.79	89.15	0.00	41	0	42	0.00	0.00	64.70	7.37	0.00	0.00	2000
228	10.80	2099	2110	0.00	218	0	0	0	nan	0.00	0.02	3.72	85.96	89.20	0.00	42	0	42	0.00	0.00	65.50	7.58	0.00	0.00	2000
232	10.98	2094	2117	0.00	205	0	0	0	nan	0.00	0.00	5.16	84.67	89.02	0.00	41	0	42	0.00	0.00	65.88	7.82	0.00	0.00	2000
229	11.31	2014	2110	0.00	204	0	0	0	nan	0.00	0.00	3.36	85.91	88.69	0.00	41	0	42	0.00	0.00	65.18	7.70	0.00	0.00	2000
233	10.75	2165	2102	0.00	202	0	0	0	nan	0.00	0.00	4.03	85.27	89.25	0.00	42	0	42	0.00	0.00	65.16	7.54	0.00	0.00	2000
228	11.13	2064	2089	0.00	213	0	0	0	nan	0.00	0.00	4.39	84.14	88.87	0.00	41	0	42	0.00	0.00	64.69	7.48	0.00	0.00	2000
230	10.90	2111	2099	0.00	204	0	0	0	nan	0.00	0.00	4.63	84.52	89.10	0.00	41	0	42	0.00	0.00	61.96	7.22	0.00	0.00	2000
229	10.68	2142	2105	0.00	201	0	0	0	nan	0.00	0.00	3.36	86.20	89.32	0.00	41	0	42	0.00	0.00	65.02	7.40	0.00	0.00	2000
226	10.95	2085	2078	0.00	203	0	0	0	nan	0.00	0.00	3.67	84.54	89.05	0.00	41	0	42	0.00	0.00	63.97	7.52	0.00	0.00	2000
232	10.85	2115	2125	0.00	219	0	0	0	nan	0.00	0.02	3.72	86.52	89.15	0.00	42	0	43	0.00	0.00	67.62	7.93	0.00	0.00	2000
224	10.92	2086	2065	0.00	212	0	0	0	nan	0.00	0.01	3.51	84.19	89.08	0.00	41	0	42	0.00	0.00	62.51	7.10	0.00	0.00	2000
227	11.06	2049	2104	0.00	219	0	0	0	nan	0.00	0.02	4.34	84.86	88.94	0.00	42	0	42	0.00	0.00	64.53	7.62	0.00	0.00	2000
233	10.80	2123	2134	0.00	218	0	0	0	nan	0.00	0.02	4.37	86.33	89.20	0.00	41	0	42	0.00	0.00	67.00	7.62	0.00	0.00	2000
230	10.89	2113	2095	0.00	202	0	0	0	nan	0.00	0.00	3.95	85.04	89.11	0.00	42	0	42	0.00	0.00	65.58	7.20	0.00	0.00	2000
229	10.73	2140	2092	0.00	212	0	0	2	75.82	0.00	0.00	3.61	85.36	89.27	0.00	42	0	42	0.00	0.00	64.02	7.79	0.00	0.00	2000
231	11.09	2072	2113	1.21	203	0	0	9	68.75	0.00	0.02	3.68	85.86	88.91	0.00	41	0	42	0.00	0.00	65.41	7.64	0.00	0.00	2000
228	11.11	2056	2098	0.00	204	0	0	0	nan	0.00	0.00	3.39	85.47	88.89	0.00	42	0	42	0.00	0.00	64.88	7.50	0.00	0.00	2000
223	11.07	2043	2069	0.00	200	0	0	0	nan	0.00	0.00	3.80	84.04	88.93	0.00	42	0	42	0.00	0.00	63.24	7.17	0.00	0.00	2000
231	11.13	2067	2109	0.00	220	0	0	0	nan	0.00	0.00	4.02	85.32	88.87	0.00	42	0	42	0.00	0.00	66.65	7.76	0.00	0.00	2000
227	10.80	2107	2094	0.00	210	0	0	0	nan	0.00	0.03	4.09	84.85	89.20	0.00	41	0	42	0.00	0.00	63.36	7.35	0.00	0.00	2000
227	10.96	2075	2095	0.00	220	0	0	0	nan	0.00	0.00	3.89	85.09	89.04	0.00	42	0	42	0.00	0.00	64.44	7.44	0.00	0.00	2000
233	11.07	2067	2137	0.00	202	0	0	0	nan	0.00	0.02	4.18	86.42	88.93	0.00	41	0	42	0.00	0.00	66.84	7.84	0.00	0.00	2000
232	10.89	2131	2100	0.00	204	0	0	0	nan	0.00	0.00	3.87	85.31	89.11	0.00	42	0	42	0.00	0.00	65.10	7.43	0.00	0.00	2000
227	10.77	2112	2098	0.00	211	0	0	0	nan	0.00	0.01	3.90	85.34	89.23	0.00	42	0	42	0.00	0.00	64.90	7.48	0.00	0.00	2000
223	10.96	2074	2064	0.00	203	0	0	0	nan	0.00	0.00	3.69	83.91	89.04	0.00	41	0	42	0.00	0.00	63.20	7.40	0.00	0.00	2000
233	10.77	2133	2129	0.00	203	0	0	0	nan	0.00	0.03	3.98	86.54	89.23	0.00	42	0	42	0.00	0.00	63.24	7.76	0.00	0.00	2000
226	10.67	2143	2075	0.00	204	0	0	0	nan	0.00	0.05	3.39	84.88	89.33	0.00	42	0	42	0.00	0.00	67.13	7.22	0.00	0.00	2000
231	10.97	2077	2125	0.00	203	0	0	0	nan	0.00	0.01	3.72	86.46	89.03	0.00	41	0	42	0.00	0.00	66.32	7.65	0.00	0.00	2000
230	10.96	2117	2084	0.00	211	0	0	0	nan	0.00	0.02	3.88	84.54	89.04	0.00	41	0	42	0.00	0.00	64.11	7.69	0.00	0.00	2000
230	10.99	2066	2125	0.00	218	0	0	0	nan	0.00	0.02	3.34	86.77	89.01	0.00	41	0	42	0.00	0.00	66.41	7.61	0.00	0.00	2000
229	10.74	2131	2102	0.00	201	0	0	0	nan	0.00	0.00	4.22	85.12	89.26	0.00	41	0	42	0.00	0.00	65.18	7.45	0.00	0.00	2000
227	10.81	2111	2088	0.00	201	0	0	3	68.72	0.00	0.00	3.83	85.02	89.19	0.00	42	0	42	0.00	0.00	64.15	7.29	0.00	0.00	2000
233	11.10	2091	2109	1.09	203	0	0	8	68.11	0.00	0.00	4.03	85.35	88.90	0.00	42	0	42	0.00	0.00	63.21	6.98	0.00	0.00	2000
228	10.89	2089	2100	0.00	208	0	0	0	nan	0.00	0.02	3.37	85.88	89.11	0.00	42	0	42	0.00	0.00	67.28	7.89	0.00	0.00	2000
229	11.14	2052	2100	0.00	205	0	0	0	nan	0.00	0.00	3.58	85.42	88.86	0.00	41	0	42	0.00	0.00	64.66	7.52	0.00	0.00	2000
230	10.85	2124	2098	0.00	202	0	0	0	nan	0.00	0.03	4.85	84.35	89.15	0.00	42	0	42	0.00	0.00	64.38	7.47	0.00	0.00	2000
230	10.98	2101	2092	0.00	203	0	0	0	nan	0.00	0.00	3.94	84.85	89.02	0.00	42	0	42	0.00	0.00	64.71	7.43	0.00	0.00	2000
227	10.84	2098	2101	0.00	202	0	0	0	nan	0.00	0.00	3.08	86.23	89.16	0.00	42	0	42	0.00	0.00	62.17	7.56	0.00	0.00	2000
229	10.74	2154	2081	0.00	209	0	0	0	nan	0.00	0.01	3.54	84.90	89.26	0.00	41	0	43	0.00	0.00	66.38	7.24	0.00	0.00	2000
227	10.86	2098	2094	0.00	221	0	0	0	nan	0.00	0.00	3.37	85.59	89.14	0.00	42	0	42	0.00	0.00	64.44	7.51	0.00	0.00	2000
231	11.19	2034	2135	0.00	220	0	0	0	nan	0.00	0.00	4.14	86.23	88.81	0.00	42	0	42	0.00	0.00	64.24	7.44	0.00	0.00	2000
228	11.20	2066	2065	0.00	216	0	0	0	nan	0.00	0.00	6.62	80.88	88.80	0.00	42	0	42	0.00	0.00	65.41	7.58	0.00	0.00	2000
232	11.09	2084	2106	0.00	213	0	0	0	nan	0.00	0.01	4.78	84.50	88.91	0.00	42	0	42	0.00	0.00	62.83	7.13	0.00	0.00	2000
230	10.81	2111	2117	0.00	202	0	0	0	nan	0.01	0.02	3.70	86.28	89.19	0.00	41	0	42	0.00	0.00	65.95	7.56	0.00	0.00	2000
227	10.99	2088	2080	0.00	204	0	0	0	nan	0.00	0.02	3.10	85.21	89.01	0.00	42	0	42	0.00	0.00	63.71	7.43	0.00	0.00	2000
229	11.06	2064	2106	0.00	203	0	0	0	nan	0.00	0.00	3.69	85.57	88.94	0.00	42	0	42	0.00	0.00	64.89	7.64	0.00	0.00	2000
232	11.09	2076	2116	0.00	221	0	0	0	nan	0.00	0.02	4.58	85.02	88.91	0.00	41	0	42	0.00	0.00	66.42	7.57	0.00	0.00	2000
227	10.92	2095	2085	0.00	212	0	0	0	nan	0.00	0.00	3.61	84.91	89.08	0.00	42	0	42	0.00	0.00	63.80	7.45	0.00	0.00	2000
235	11.12	2150	2064	0.00	196	0	0	5	66.94	0.00	0.03	3.50	83.88	88.88	0.00	39	0	42	0.00	0.00	64.81	7.51	0.00	0.00	2000
231	11.03	2050	2149	1.13	213	0	0	6	70.59	0.00	0.00	6.96	84.18	88.97	0.00	38	0	42	0.00	0.00	65.33	7.58	0.00	0.00	2000
231	10.95	2102	2104	0.00	196	0	0	0	nan	0.00	0.52	6.69	82.12	89.05	0.00	39	0	42	0.00	0.00	65.49	7.55	0.00	0.00	2000
229	11.48	1999	2093	0.00	200	0	0	0	nan	0.00	0.00	7.09	81.17	88.52	0.00	39	0	42	0.00	0.00	64.49	7.54	0.00	0.00	2000
228	11.19	2066	2075	0.00	201	0	0	0	nan	0.00	0.00	6.16	81.74	88.81	0.00	39	0	42	0.00	0.00	63.92	7.48	0.00	0.00	2000
231	11.15	2049	2119	0.00	200	0	0	0	nan	0.00	0.00	6.65	83.09	88.85	0.00	39	0	42	0.00	0.00	65.63	7.61	0.00	0.00	2000
228	11.02	2087	2083	0.00	196	0	0	0	nan	0.00	0.00	5.98	82.32	88.98	0.00	39	0	42	0.00	0.00	64.86	7.50	0.00	0.00	2000
235	11.10	2089	2130	0.00	198	0	0	0	nan	0.00	0.00	6.39	83.82	88.90	0.00	39	0	42	0.00	0.00	66.16	7.73	0.00	0.00	2000
230	11.05	2086	2096	0.00	198	0	0	0	nan	0.00	0.00	5.88	82.90	88.95	0.00	39	0	42	0.00	0.00	62.61	7.78	0.00	0.00	2000
229	10.99	2111	2069	0.00	203	0	0	0	nan	0.00	0.00	7.19	80.56	89.01	0.00	39	0	42	0.00	0.00	66.98	7.33	0.00	0.00	2000
233	11.13	2055	2138	0.00	200	0	0	0	nan	0.00	0.03	6.03	84.59	88.87	0.00	39	0	42	0.00	0.00	65.61	7.61	0.00	0.00	2000
225	10.94	2087	2064	0.00	195	0	0	0	nan	0.00	0.07	4.70	82.89	89.06	0.00	39	0	42	0.00	0.00	63.57	7.38	0.00	0.00	2000
233	11.46	2048	2088	0.00	199	0	0	0	nan	0.01	0.02	4.46	83.64	88.54	0.00	39	0	42	0.00	0.00	66.25	7.69	0.00	0.00	2000
232	10.99	2072	2142	0.00	216	0	0	0	nan	0.00	1.05	5.30	84.59	89.01	0.00	39	0	42	0.00	0.00	64.95	7.40	0.00	0.00	2000
231	11.14	2067	2103	0.00	200	0	0	0	nan	0.00	0.00	8.01	81.09	88.86	0.00	40	0	42	0.00	0.00	64.77	7.50	0.00	0.00	2000
228	11.24	2049	2075	0.00	197	0	0	0	nan	0.00	0.02	6.27	81.57	88.76	0.00	40	0	42	0.00	0.00	64.84	7.45	0.00	0.00	2000
230	10.98	2073	2118	0.00	196	0	0	0	nan	0.00	0.00	7.69	82.14	89.02	0.00	40	0	42	0.00	0.00	64.90	7.56	0.00	0.00	2000
231	11.20	2055	2107	0.00	199	0	0	4	71.55	0.00	0.00	5.28	83.92	88.80	0.00	40	0	42	0.00	0.00	65.68	7.42	0.00	0.00	2000
232	11.38	2037	2097	1.18	200	0	0	7	72.52	0.00	0.00	7.52	81.06	88.62	0.00	40	0	42	0.00	0.00	64.45	7.34	0.00	0.00	2000
229	11.21	2065	2079	0.00	200	0	0	0	nan	0.00	0.00	8.04	79.98	88.79	0.00	40	0	42	0.00	0.00	65.22	7.61	0.00	0.00	2000
229	11.65	2017	2043	0.00	199	0	0	0	nan	0.00	0.00	8.21	77.89	88.35	0.00	40	0	42	0.00	0.00	61.07	7.10	0.00	0.00	2000
230	10.58	2112	2160	0.00	214	0	0	0	nan	0.00	0.01	4.08	87.96	89.42	0.00	40	0	43	0.00	0.00	68.34	7.81	0.00	0.00	2000
235	10.85	2134	2134	0.00	200	0	0	0	nan	0.00	0.00	4.72	85.94	89.15	0.00	40	0	42	0.00	0.00	66.20	7.55	0.00	0.00	2000
232	11.23	2075	2089	0.00	198	0	0	0	nan	0.00	0.00	6.66	81.74	88.77	0.00	40	0	42	0.00	0.00	65.01	7.58	0.00	0.00	2000
231	10.91	2115	2104	0.00	200	0	0	0	nan	0.00	0.03	7.28	82.05	89.09	0.00	40	0	43	0.00	0.00	65.21	7.59	0.00	0.00	2000
226	11.04	2075	2071	0.00	198	0	0	0	nan	0.00	0.02	5.84	82.06	88.96	0.00	40	0	42	0.00	0.00	64.25	7.41	0.00	0.00	2000
230	10.89	2091	2123	0.00	198	0	0	0	nan	0.00	0.00	6.27	83.85	89.11	0.00	40	0	42	0.00	0.00	65.07	7.49	0.00	0.00	2000
231	11.16	2071	2103	0.00	196	0	0	0	nan	0.00	0.00	5.94	83.06	88.84	0.00	40	0	42	0.00	0.00	65.71	7.71	0.00	0.00	2000
233	11.29	2060	2100	0.00	196	0	0	0	nan	0.00	0.00	6.70	82.13	88.71	0.00	40	0	42	0.00	0.00	64.91	7.51	0.00	0.00	2000
229	11.29	2052	2073	0.00	198	0	0	0	nan	0.00	0.00	6.76	80.98	88.71	0.00	40	0	42	0.00	0.00	64.58	7.41	0.00	0.00	2000
224	11.22	2041	2053	0.00	195	0	0	0	nan	0.00	0.00	7.02	79.87	88.78	0.00	40	0	42	0.00	0.00	61.57	7.21	0.00	0.00	2000
229	11.12	2054	2103	0.00	214	0	0	0	nan	0.00	0.00	4.60	84.46	88.88	0.00	40	0	42	0.00	0.00	65.09	7.68	0.00	0.00	2000
234	11.00	2115	2112	0.00	215	0	0	0	nan	0.00	0.00	4.87	84.64	89.00	0.00	40	0	43	0.00	0.00	65.89	7.63	0.00	0.00	2000
232	10.56	2136	2162	0.00	216	0	0	0	nan	0.00	0.00	6.29	85.79	89.44	0.00	40	0	42	0.00	0.00	68.13	7.85	0.00	0.00	2000
229	10.73	2134	2098	0.15	198	0	0	8	55.14	0.00	0.04	5.28	83.86	89.27	0.00	40	0	42	0.00	0.00	64.67	7.52	0.00	0.00	2000
231	10.85	2122	2105	1.04	196	0	0	20	7.58	0.00	0.04	4.50	84.84	89.15	0.00	40	0	42	0.00	0.00	65.29	7.84	0.00	0.00	2000
230	10.94	2105	2097	0.00	199	0	0	0	nan	0.00	0.07	4.99	83.97	89.06	0.00	40	0	42	0.00	0.00	64.88	7.58	0.00	0.00	2000
232	10.80	2138	2106	0.00	198	0	0	0	nan	0.00	0.00	6.53	82.93	89.20	0.00	40	0	42	0.00	0.00	65.20	7.76	0.00	0.00	2000
229	11.28	2066	2064	0.00	203	0	0	0	nan	0.00	1.02	5.79	80.58	88.72	0.00	40	0	42	0.00	0.00	63.81	7.43	0.00	0.00	2000
229	11.10	2038	2125	0.00	198	0	0	0	nan	0.00	0.00	8.31	81.81	88.90	0.00	40	0	43	0.00	0.00	65.12	7.75	0.00	0.00	2000
233	11.18	2071	2110	0.00	198	0	0	0	nan	0.00	0.02	5.77	83.51	88.82	0.00	40	0	42	0.00	0.00	65.40	7.68	0.00	0.00	2000
229	11.02	2079	2095	0.00	195	0	0	0	nan	0.00	0.00	6.75	82.04	88.98	0.00	40	0	42	0.00	0.00	64.84	7.52	0.00	0.00	2000
231	11.08	2089	2099	0.00	198	0	0	0	nan	0.00	0.00	6.55	82.39	88.92	0.00	39	0	42	0.00	0.00	62.25	7.30	0.00	0.00	2000
229	10.92	2117	2083	0.00	200	0	0	0	nan	0.00	0.00	6.91	81.51	89.08	0.00	40	0	42	0.00	0.00	67.35	7.79	0.00	0.00	2000
230	10.89	2093	2119	0.00	197	0	0	0	nan	0.00	0.00	8.66	81.33	89.11	0.00	40	0	42	0.00	0.00	62.58	7.16	0.00	0.00	2000
228	10.92	2090	2102	0.00	197	0	0	0	nan	0.00	0.00	6.36	82.89	89.08	0.00	40	0	42	0.00	0.00	64.81	7.88	0.00	0.00	2000
226	11.09	2067	2069	0.00	197	0	0	0	nan	0.00	0.51	6.89	80.33	88.91	0.00	40	0	42	0.00	0.00	66.05	7.23	0.00	0.00	2000
232	10.76	2121	2138	0.00	198	0	0	0	nan	0.00	0.00	5.95	84.98	89.24	0.00	40	0	42	0.00	0.00	63.63	7.34	0.00	0.00	2000
232	11.05	2106	2096	0.00	200	0	0	0	nan	0.00	0.00	6.16	82.67	88.95	0.00	40	0	42	0.00	0.00	64.99	7.52	0.00	0.00	2000
228	11.12	2056	2099	0.00	198	0	0	0	nan	0.00	0.75	6.51	81.69	88.88	0.00	40	0	42	0.00	0.00	64.90	7.43	0.00	0.00	2000
224	11.24	2058	2029	0.00	198	0	0	0	nan	0.00	0.47	7.07	78.31	88.76	0.00	40	0	42	0.00	0.00	61.78	7.14	0.00	0.00	2000
232	10.90	2054	2180	0.00	215	0	0	5	68.27	0.00	0.00	6.36	86.14	89.10	0.00	40	0	42	0.00	0.00	68.55	7.96	0.00	0.00	2000
234	11.14	2103	2098	1.13	210	0	0	6	71.76	0.00	0.01	7.53	81.35	88.86	0.00	40	0	42	0.00	0.00	65.29	7.53	0.00	0.00	2000
224	10.94	2096	2053	0.00	202	0	0	0	nan	0.00	0.02	6.71	80.41	89.06	0.00	40	0	42	0.00	0.00	63.73	7.36	0.00	0.00	2000
226	11.28	2038	2062	0.00	197	0	0	0	nan	0.00	0.02	6.90	80.28	88.72	0.00	40	0	42	0.00	0.00	62.17	7.17	0.00	0.00	2000
234	10.68	2107	2183	0.00	214	0	0	0	nan	0.00	0.00	4.98	87.95	89.32	0.00	40	0	42	0.00	0.00	68.64	7.73	0.00	0.00	2000
225	11.35	2055	2029	0.00	195	0	0	0	nan	0.00	0.02	5.05	80.73	88.65	0.00	40	0	42	0.00	0.00	61.57	7.17	0.00	0.00	2000
234	10.81	2084	2179	0.00	217	0	0	0	nan	0.00	0.30	4.42	87.95	89.19	0.00	40	0	42	0.00	0.00	68.22	7.92	0.00	0.00	2000
233	11.12	2084	2110	0.00	200	0	0	0	nan	0.00	1.99	4.86	82.50	88.88	0.00	40	0	42	0.00	0.00	65.64	7.53	0.00	0.00	2000
225	10.78	2124	2064	0.00	198	0	0	0	nan	0.00	0.00	6.73	81.00	89.22	0.00	40	0	42	0.00	0.00	63.82	7.43	0.00	0.00	2000
226	11.48	2008	2059	0.00	196	0	0	0	nan	0.00	0.00	5.17	81.76	88.52	0.00	40	0	42	0.00	0.00	61.82	7.11	0.00	0.00	2000
230	11.47	2001	2103	0.00	214	0	0	0	nan	0.00	0.02	5.41	83.35	88.53	0.00	40	0	42	0.00	0.00	65.38	7.76	0.00	0.00	2000
233	10.86	2080	2165	0.00	217	0	0	0	nan	0.00	0.00	6.13	85.89	89.14	0.00	40	0	42	0.00	0.00	68.46	7.83	0.00	0.00	2000
228	11.26	2017	2111	0.00	198	0	0	0	nan	0.00	0.00	6.90	82.33	88.74	0.00	40	0	42	0.00	0.00	65.25	7.85	0.00	0.00	2000
231	10.94	2107	2102	0.00	197	0	0	0	nan	0.00	0.00	6.31	82.84	89.06	0.00	40	0	42	0.00	0.00	65.03	7.54	0.00	0.00	2000
224	10.96	2077	2063	0.00	200	0	0	0	nan	0.00	0.00	6.83	80.77	89.04	0.00	40	0	42	0.00	0.00	63.50	7.29	0.00	0.00	2000
234	11.28	2048	2128	0.00	199	0	0	0	nan	0.00	0.00	6.08	83.99	88.72	0.00	40	0	42	0.00	0.00	65.59	7.50	0.00	0.00	2000
225	11.57	2014	2032	0.00	201	0	0	0	nan	0.00	0.00	6.32	79.42	88.43	0.00	40	0	42	0.00	0.00	62.05	7.24	0.00	0.00	2000
226	11.42	1980	2103	0.59	212	0	0	9	63.64	0.01	0.04	2.98	85.91	88.58	0.00	40	0	42	0.00	0.00	64.29	7.42	0.00	0.00	2000
233	11.48	2038	2088	0.56	214	0	0	0	83.63	0.00	0.01	6.11	82.11	88.52	0.00	40	0	42	0.00	0.00	64.51	7.55	0.00	0.00	2000
239	10.85	2102	2204	0.00	216	0	0	0	nan	0.00	0.02	5.09	88.58	89.15	0.00	40	0	42	0.00	0.00	69.93	8.12	0.00	0.00	2000
228	10.85	2146	2057	0.00	198	0	0	0	nan	0.00	0.54	6.72	80.15	89.15	0.00	40	0	42	0.00	0.00	61.49	7.15	0.00	0.00	2000
224	10.66	2074	2127	0.00	201	0	0	0	nan	0.00	0.01	5.02	85.51	89.34	0.00	40	0	42	0.00	0.00	67.74	7.94	0.00	0.00	2000
227	11.10	2054	2095	0.00	204	0	0	0	nan	0.00	0.01	4.51	84.29	88.90	0.00	41	0	42	0.00	0.00	62.03	7.15	0.00	0.00	2000
229	10.95	2104	2090	0.00	202	0	0	0	nan	0.00	0.02	3.90	84.83	89.05	0.00	41	0	42	0.00	0.00	64.56	7.57	0.00	0.00	2000
230	10.97	2095	2103	0.00	212	0	0	0	nan	0.00	0.03	4.19	85.01	89.03	0.00	41	0	42	0.00	0.00	65.12	7.49	0.00	0.00	2000
231	10.95	2096	2115	0.00	203	0	0	0	nan	0.00	0.02	4.14	85.66	89.05	0.00	41	0	42	0.00	0.00	65.87	7.68	0.00	0.00	2000
229	11.02	2077	2102	0.00	204	0	0	0	nan	0.00	0.00	3.95	85.17	88.98	0.00	41	0	42	0.00	0.00	64.72	7.56	0.00	0.00	2000
227	10.97	2089	2078	0.00	221	0	0	0	nan	0.00	0.02	4.26	83.93	89.03	0.00	42	0	42	0.00	0.00	64.01	7.45	0.00	0.00	2000
236	11.12	2097	2127	0.00	201	0	0	0	nan	0.00	0.00	4.92	85.11	88.88	0.00	42	0	42	0.00	0.00	66.36	7.76	0.00	0.00	2000
225	10.74	2117	2083	0.00	213	0	0	0	nan	0.00	0.02	3.27	85.35	89.26	0.00	42	0	42	0.00	0.00	64.32	7.48	0.00	0.00	2000
230	10.85	2106	2119	0.00	219	0	0	0	nan	0.00	0.03	4.16	85.86	89.15	0.00	41	0	42	0.00	0.00	65.76	7.69	0.00	0.00	2000
227	10.77	2125	2082	0.00	201	0	0	0	nan	0.00	0.03	3.49	85.01	89.23	0.00	41	0	42	0.00	0.00	64.02	7.32	0.00	0.00	2000
230	11.03	2098	2086	0.00	197	0	0	0	nan	0.00	0.51	4.06	83.94	88.97	0.00	40	0	42	0.00	0.00	62.25	7.14	0.00	0.00	2000
231	10.87	2115	2109	0.00	218	0	0	0	nan	0.00	0.42	3.05	86.18	89.13	0.00	40	0	42	0.00	0.00	67.76	7.87	0.00	0.00	2000
234	11.12	2074	2133	1.10	199	0	0	9	65.00	0.00	0.56	8.35	81.52	88.88	0.00	40	0	42	0.00	0.00	66.40	7.75	0.00	0.00	2000
229	11.37	2015	2097	0.20	196	0	0	0	nan	0.00	0.02	5.68	83.01	88.63	0.00	40	0	42	0.00	0.00	65.28	7.52	0.00	0.00	2000
224	11.16	2041	2065	0.00	198	0	0	0	nan	0.00	0.00	5.04	82.49	88.84	0.00	40	0	42	0.00	0.00	62.97	7.31	0.00	0.00	2000
238	11.13	2104	2131	0.00	197	0	0	0	nan	0.00	0.03	5.73	84.42	88.87	0.00	40	0	42	0.00	0.00	63.67	7.52	0.00	0.00	2000
225	10.99	2080	2072	0.00	218	0	0	0	nan	0.00	0.00	7.09	80.79	89.01	0.00	40	0	42	0.00	0.00	66.60	7.76	0.00	0.00	2000
228	10.78	2118	2097	0.00	198	0	0	0	nan	0.01	0.00	5.04	84.12	89.22	0.00	40	0	42	0.00	0.00	62.14	7.34	0.00	0.00	2000
234	10.89	2105	2143	0.00	217	0	0	0	nan	0.00	0.00	4.80	86.10	89.11	0.00	40	0	42	0.00	0.00	70.24	7.94	0.00	0.00	2000
224	10.99	2073	2068	0.00	198	0	0	0	nan	0.00	0.06	4.33	83.37	89.01	0.00	40	0	42	0.00	0.00	62.58	7.43	0.00	0.00	2000
234	10.90	2121	2123	0.00	200	0	0	0	nan	0.00	0.05	3.61	86.48	89.10	0.00	39	0	42	0.00	0.00	65.99	7.66	0.00	0.00	2000
226	10.97	2080	2084	0.00	210	0	0	0	nan	0.01	0.00	3.81	84.64	89.03	0.00	40	0	42	0.00	0.00	64.15	7.47	0.00	0.00	2000
231	10.80	2127	2111	0.00	200	0	0	0	nan	0.00	0.00	3.70	85.99	89.20	0.00	41	0	42	0.00	0.00	65.83	7.65	0.00	0.00	2000
229	11.05	2068	2103	0.00	203	0	0	0	nan	0.00	0.02	3.05	86.15	88.95	0.00	41	0	42	0.00	0.00	64.91	7.48	0.00	0.00	2000
225	10.87	2088	2083	0.00	203	0	0	0	nan	0.00	0.02	4.05	84.46	89.13	0.00	41	0	42	0.00	0.00	64.08	7.25	0.00	0.00	2000
241	11.25	2114	2130	0.00	205	0	0	0	nan	0.00	0.02	4.92	85.11	88.75	0.00	41	0	42	0.00	0.00	66.19	7.89	0.00	0.00	2000
224	10.76	2119	2067	0.00	210	0	0	0	nan	0.00	0.00	4.06	83.76	89.24	0.00	41	0	42	0.00	0.00	63.71	7.37	0.00	0.00	2000
226	10.82	2091	2100	0.00	219	0	0	0	nan	0.00	0.02	3.85	85.38	89.18	0.00	42	0	42	0.00	0.00	64.95	7.65	0.00	0.00	2000
229	10.87	2103	2104	0.00	203	0	0	0	98.08	0.00	0.03	4.11	85.14	89.14	0.00	41	0	42	0.00	0.00	65.18	7.68	0.00	0.00	2000
231	11.04	2075	2116	1.19	205	0	0	9	64.67	0.00	0.01	3.57	86.10	88.96	0.00	41	0	42	0.00	0.00	66.09	7.66	0.00	0.00	2000
230	10.87	2131	2084	0.06	213	0	0	0	nan	0.00	0.00	3.76	84.56	89.13	0.00	41	0	42	0.00	0.00	64.43	7.45	0.00	0.00	2000
231	10.91	2119	2097	0.00	221	0	0	0	nan	0.00	0.00	5.45	83.53	89.09	0.00	41	0	42	0.00	0.00	64.60	7.65	0.00	0.00	2000
230	10.88	2093	2122	0.00	205	0	0	0	nan	0.00	0.02	4.04	86.13	89.12	0.00	42	0	42	0.00	0.00	66.03	7.72	0.00	0.00	2000
229	10.71	2145	2094	0.00	204	0	0	0	nan	0.00	0.02	3.41	85.62	89.29	0.00	42	0	43	0.00	0.00	64.58	7.58	0.00	0.00	2000
228	10.95	2100	2085	0.00	202	0	0	0	nan	0.00	0.00	4.10	84.34	89.05	0.00	41	0	42	0.00	0.00	64.10	7.74	0.00	0.00	2000
232	10.83	2124	2116	0.00	211	0	0	0	nan	0.00	0.02	4.16	85.66	89.17	0.00	41	0	42	0.00	0.00	65.96	7.61	0.00	0.00	2000
225	11.02	2062	2080	0.00	202	0	0	0	nan	0.00	0.02	2.82	85.33	88.98	0.00	42	0	42	0.00	0.00	60.78	7.35	0.00	0.00	2000
234	11.12	2070	2138	0.00	219	0	0	0	nan	0.00	0.02	4.08	86.41	88.88	0.00	41	0	42	0.00	0.00	69.50	7.91	0.00	0.00	2000
223	11.01	2064	2062	0.00	203	0	0	0	nan	0.00	0.00	3.98	83.49	88.99	0.00	41	0	42	0.00	0.00	63.07	7.28	0.00	0.00	2000
231	11.23	2040	2114	0.00	219	0	0	0	nan	0.00	0.02	4.17	85.26	88.77	0.00	42	0	42	0.00	0.00	65.30	7.48	0.00	0.00	2000
227	10.84	2101	2095	0.00	211	0	0	0	nan	0.00	0.00	3.49	85.49	89.16	0.00	41	0	42	0.00	0.00	64.89	7.69	0.00	0.00	2000
231	10.96	2098	2111	0.00	206	0	0	0	nan	0.00	0.02	3.69	85.86	89.04	0.00	41	0	42	0.00	0.00	65.40	7.62	0.00	0.00	2000
226	10.91	2089	2084	0.00	204	0	0	0	nan	0.00	0.02	2.94	85.58	89.09	0.00	42	0	42	0.00	0.00	64.14	7.34	0.00	0.00	2000
229	11.14	2053	2101	0.00	204	0	0	0	nan	0.00	0.02	3.29	85.74	88.86	0.00	42	0	42	0.00	0.00	64.61	7.59	0.00	0.00	2000
229	11.01	2082	2103	0.00	228	0	0	0	nan	0.00	0.00	3.94	85.26	88.99	0.00	42	0	42	0.00	0.00	65.18	7.73	0.00	0.00	2000
233	10.88	2120	2120	0.00	207	0	0	2	77.14	0.00	0.03	5.95	83.97	89.12	0.00	42	0	42	0.00	0.00	66.22	7.62	0.00	0.00	2000
225	11.25	2029	2074	1.24	204	0	0	8	71.98	0.00	0.02	3.60	84.22	88.75	0.00	42	0	42	0.00	0.00	63.30	7.40	0.00	0.00	2000
232	11.14	2058	2128	0.00	203	0	0	0	nan	0.01	0.02	4.21	85.89	88.86	0.00	42	0	42	0.00	0.00	66.32	7.70	0.00	0.00	2000
225	10.86	2112	2062	0.00	200	0	0	0	nan	0.00	0.02	3.82	83.78	89.14	0.00	41	0	42	0.00	0.00	63.84	7.28	0.00	0.00	2000
233	11.02	2080	2133	0.00	213	0	0	0	nan	0.00	0.00	4.13	86.38	88.98	0.00	42	0	42	0.00	0.00	66.38	7.74	0.00	0.00	2000
226	10.81	2104	2083	0.00	217	0	0	0	nan	0.00	0.02	3.30	85.21	89.19	0.00	41	0	42	0.00	0.00	64.20	7.68	0.00	0.00	2000
230	10.89	2099	2113	0.00	203	0	0	0	nan	0.00	0.00	3.72	86.01	89.11	0.00	42	0	42	0.00	0.00	65.59	7.60	0.00	0.00	2000
226	10.90	2087	2081	0.00	203	0	0	0	nan	0.00	0.02	2.98	85.39	89.10	0.00	42	0	42	0.00	0.00	63.96	7.48	0.00	0.00	2000
233	10.74	2147	2126	0.00	204	0	0	0	nan	0.01	0.00	4.56	85.82	89.26	0.00	41	0	42	0.00	0.00	66.16	7.71	0.00	0.00	2000
226	10.84	2110	2077	0.00	214	0	0	0	nan	0.00	0.00	3.97	84.35	89.16	0.00	42	0	42	0.00	0.00	63.76	7.32	0.00	0.00	2000
228	11.12	2047	2103	0.00	219	0	0	0	nan	0.00	0.02	3.57	85.63	88.88	0.00	42	0	42	0.00	0.00	61.73	7.27	0.00	0.00	2000
227	11.01	2073	2093	0.00	202	0	0	0	nan	0.00	0.00	3.99	84.72	88.99	0.00	42	0	42	0.00	0.00	67.71	7.92	0.00	0.00	2000
228	11.29	2016	2105	0.00	220	0	0	0	nan	0.00	0.00	5.11	83.97	88.71	0.00	41	0	42	0.00	0.00	65.17	7.41	0.00	0.00	2000
231	10.80	2128	2111	0.00	213	0	0	0	nan	0.00	0.00	4.21	85.52	89.20	0.00	41	0	42	0.00	0.00	62.07	7.40	0.00	0.00	2000
226	10.91	2080	2087	0.00	218	0	0	0	nan	0.00	0.00	3.44	85.21	89.09	0.00	42	0	42	0.00	0.00	64.08	7.45	0.00	0.00	2000
233	11.21	2044	2136	0.00	203	0	0	0	nan	0.01	0.00	4.04	86.36	88.79	0.00	41	0	42	0.00	0.00	66.88	7.75	0.00	0.00	2000
231	10.95	2108	2102	0.00	201	0	0	0	nan	0.00	0.00	4.50	84.54	89.05	0.00	41	0	42	0.00	0.00	65.36	7.60	0.00	0.00	2000
226	11.12	2054	2077	0.14	204	0	0	4	69.95	0.00	0.00	3.71	84.25	88.88	0.00	42	0	42	0.00	0.00	63.84	7.25	0.00	0.00	2000
226	10.94	2076	2086	0.92	227	0	0	6	70.80	0.00	0.00	3.24	85.29	89.06	0.00	41	0	42	0.00	0.00	64.12	7.40	0.00	0.00	2000
232	10.96	2085	2137	0.00	202	0	0	0	nan	0.00	0.00	3.69	87.09	89.04	0.00	42	0	42	0.00	0.00	66.67	7.78	0.00	0.00	2000
231	10.91	2115	2101	0.00	207	0	0	0	nan	0.00	0.00	4.50	84.69	89.09	0.00	41	0	42	0.00	0.00	64.78	7.72	0.00	0.00	2000
225	10.87	2092	2080	0.00	204	0	0	0	nan	0.00	0.00	3.84	84.59	89.13	0.00	41	0	42	0.00	0.00	63.95	7.30	0.00	0.00	2000
232	10.98	2107	2103	0.00	213	0	0	0	nan	0.00	0.01	3.85	85.37	89.02	0.00	42	0	42	0.00	0.00	64.98	7.55	0.00	0.00	2000
225	11.04	2045	2094	0.00	203	0	0	0	nan	0.00	0.01	3.21	85.65	88.96	0.00	42	0	42	0.00	0.00	64.49	7.48	0.00	0.00	2000
229	11.09	2061	2108	0.00	218	0	0	0	nan	0.00	0.00	3.64	85.75	88.91	0.00	41	0	42	0.00	0.00	65.31	7.59	0.00	0.00	2000
227	10.99	2077	2087	0.00	204	0	0	0	nan	0.00	0.02	3.57	85.04	89.01	0.00	41	0	42	0.00	0.00	64.32	7.46	0.00	0.00	2000
232	11.37	2024	2116	0.00	202	0	0	0	nan	0.01	0.00	3.21	86.23	88.63	0.00	42	0	42	0.00	0.00	65.55	7.48	0.00	0.00	2000
226	11.08	2061	2074	0.00	229	0	0	0	nan	0.00	0.02	3.77	84.20	88.92	0.00	42	0	42	0.00	0.00	63.68	7.32	0.00	0.00	2000
227	11.10	2041	2106	0.00	219	0	0	0	nan	0.00	0.02	3.48	85.83	88.90	0.00	42	0	42	0.00	0.00	65.05	7.20	0.00	0.00	2000
229	10.99	2076	2112	0.00	206	0	0	0	nan	0.00	0.00	3.75	85.93	89.01	0.00	42	0	42	0.00	0.00	65.56	7.59	0.00	0.00	2000
230	10.76	2126	2106	0.00	202	0	0	0	nan	0.00	0.01	3.99	85.65	89.24	0.00	42	0	42	0.00	0.00	65.07	7.69	0.00	0.00	2000
228	10.70	2154	2078	0.00	204	0	0	0	nan	0.00	0.01	3.79	84.60	89.30	0.00	42	0	42	0.00	0.00	63.11	7.24	0.00	0.00	2000
228	11.04	2069	2097	0.00	211	0	0	0	nan	0.01	0.00	2.00	86.85	88.96	0.00	41	0	42	0.00	0.00	63.34	7.18	0.00	0.00	2000
230	11.10	2061	2107	0.00	221	0	0	0	nan	0.00	0.02	4.25	85.03	88.90	0.00	42	0	42	0.00	0.00	65.14	7.35	0.00	0.00	2000
232	11.05	2077	2126	0.72	221	0	0	8	65.03	0.00	0.01	4.15	85.98	88.95	0.00	42	0	42	0.00	0.00	66.06	7.68	0.00	0.00	2000
228	11.26	2055	2073	0.47	202	0	0	2	81.32	0.00	0.02	4.99	82.76	88.74	0.00	40	0	42	0.00	0.00	65.88	7.53	0.00	0.00	2000
234	11.02	2102	2117	0.00	224	0	0	0	nan	0.00	0.02	3.91	85.83	88.98	0.00	40	0	42	0.00	0.00	61.46	7.58	0.00	0.00	2000
229	11.06	2063	2107	0.00	197	0	0	0	nan	0.00	0.02	6.98	82.29	88.94	0.00	40	0	42	0.00	0.00	67.91	7.89	0.00	0.00	2000
227	10.85	2112	2081	0.00	194	0	0	0	nan	0.00	0.00	4.78	83.70	89.15	0.00	40	0	42	0.00	0.00	64.21	7.46	0.00	0.00	2000
232	11.00	2089	2124	0.00	197	0	0	0	nan	0.00	0.00	5.75	84.31	89.00	0.00	40	0	42	0.00	0.00	66.02	7.62	0.00	0.00	2000
231	11.43	2031	2093	0.00	204	0	0	0	nan	0.00	0.00	5.52	82.93	88.57	0.00	40	0	42	0.00	0.00	64.76	7.52	0.00	0.00	2000
229	11.08	2068	2101	0.00	196	0	0	0	nan	0.00	0.00	6.22	82.88	88.92	0.00	40	0	42	0.00	0.00	64.77	7.62	0.00	0.00	2000
229	10.97	2089	2102	0.00	196	0	0	0	nan	0.00	0.02	5.70	83.55	89.03	0.00	40	0	42	0.00	0.00	65.08	7.59	0.00	0.00	2000
234	11.60	2019	2095	0.00	213	0	0	0	nan	0.00	0.09	7.94	80.27	88.40	0.00	41	0	43	0.00	0.00	64.58	7.52	0.00	0.00	2000
227	11.05	2078	2072	0.00	199	0	0	0	nan	0.00	0.01	4.23	83.51	88.95	0.00	40	0	43	0.00	0.00	63.40	7.43	0.00	0.00	2000
236	11.18	2077	2130	0.00	198	0	0	0	nan	0.00	0.54	5.67	83.94	88.82	0.00	40	0	42	0.00	0.00	66.32	7.62	0.00	0.00	2000
230	11.18	2054	2099	0.00	203	0	0	0	nan	0.00	0.00	5.41	83.49	88.82	0.00	40	0	43	0.00	0.00	65.14	7.63	0.00	0.00	2000
228	11.12	2050	2104	0.00	197	0	0	0	nan	0.00	0.00	5.95	83.29	88.88	0.00	40	0	42	0.00	0.00	64.74	7.40	0.00	0.00	2000
230	10.79	2133	2099	0.00	197	0	0	0	nan	0.00	0.53	5.53	83.21	89.21	0.00	41	0	42	0.00	0.00	65.19	7.43	0.00	0.00	2000
225	11.34	2008	2072	0.00	198	0	0	0	nan	0.00	0.00	6.40	81.19	88.66	0.00	41	0	42	0.00	0.00	63.25	7.35	0.00	0.00	2000
229	11.30	2043	2087	0.00	198	0	0	0	nan	0.00	0.02	4.79	83.49	88.70	0.00	41	0	42	0.00	0.00	62.24	7.28	0.00	0.00	2000
229	11.09	2063	2102	0.73	234	0	0	8	63.13	0.00	0.00	6.62	82.53	88.91	0.00	41	0	42	0.00	0.00	65.26	7.48	0.00	0.00	2000
232	11.07	2063	2132	0.45	213	0	0	0	61.45	0.00	0.00	5.90	84.43	88.93	0.00	41	0	42	0.00	0.00	65.84	7.62	0.00	0.00	2000
225	11.11	2049	2081	0.00	196	0	0	0	nan	0.00	0.00	5.44	82.75	88.89	0.00	41	0	42	0.00	0.00	66.43	7.72	0.00	0.00	2000
233	11.01	2106	2109	0.00	201	0	0	0	nan	0.00	0.00	6.20	83.28	88.99	0.00	41	0	42	0.00	0.00	65.67	7.56	0.00	0.00	2000
232	11.04	2081	2118	0.00	195	0	0	0	nan	0.00	0.06	5.22	84.59	88.96	0.00	40	0	42	0.00	0.00	65.98	7.64	0.00	0.00	2000
227	10.54	2179	2080	0.00	197	0	0	0	nan	0.00	0.00	4.92	83.71	89.46	0.00	41	0	42	0.00	0.00	61.54	7.16	0.00	0.00	2000
232	11.25	2048	2119	0.00	197	0	0	0	nan	0.00	0.02	5.35	84.27	88.75	0.00	41	0	42	0.00	0.00	68.46	8.05	0.00	0.00	2000
231	11.07	2085	2107	0.00	196	0	0	0	nan	0.00	0.01	4.94	84.31	88.93	0.00	41	0	42	0.00	0.00	65.07	7.58	0.00	0.00	2000
232	11.21	2077	2092	0.00	196	0	0	0	nan	0.00	0.00	6.25	82.30	88.79	0.00	41	0	42	0.00	0.00	59.20	7.04	0.00	0.00	2000
233	10.99	2119	2100	0.00	203	0	0	0	nan	0.00	0.45	6.90	81.80	89.01	0.00	41	0	42	0.00	0.00	70.83	7.72	0.00	0.00	2000
225	11.11	2049	2071	0.00	198	0	0	0	nan	0.00	0.00	7.16	80.40	88.89	0.00	41	0	42	0.00	0.00	63.43	7.29	0.00	0.00	2000
227	11.22	2033	2091	0.00	213	0	0	0	nan	0.00	0.00	5.03	83.53	88.78	0.00	41	0	42	0.00	0.00	61.93	7.43	0.00	0.00	2000
234	11.12	2057	2145	0.00	197	0	0	0	nan	0.00	0.00	5.97	84.88	88.88	0.00	41	0	42	0.00	0.00	70.27	8.05	0.00	0.00	2000
238	11.44	2087	2091	0.00	199	0	0	0	nan	0.00	0.02	5.64	82.61	88.56	0.00	41	0	43	0.00	0.00	62.08	7.27	0.00	0.00	2000
225	10.79	2109	2078	0.00	214	0	0	0	nan	0.00	0.00	7.24	81.07	89.21	0.00	41	0	42	0.00	0.00	63.73	7.42	0.00	0.00	2000
233	11.01	2088	2125	0.00	211	0	0	0	nan	0.00	0.00	4.49	85.66	88.99	0.00	41	0	42	0.00	0.00	66.14	7.50	0.00	0.00	2000
224	10.68	2131	2069	0.00	197	0	0	0	nan	0.00	0.05	4.83	83.18	89.32	0.00	41	0	42	0.00	0.00	63.24	7.53	0.00	0.00	2000
231	11.24	2061	2092	1.18	205	0	0	7	64.93	0.00	0.02	4.59	83.90	88.76	0.00	41	0	42	0.00	0.00	64.94	7.47	0.00	0.00	2000
230	10.87	2109	2109	0.05	215	0	0	0	nan	0.00	0.03	6.05	83.41	89.13	0.00	41	0	42	0.00	0.00	68.16	7.65	0.00	0.00	2000
230	11.04	2067	2112	0.00	212	0	0	0	nan	0.00	0.96	4.76	83.83	88.96	0.00	41	0	42	0.00	0.00	64.07	7.46	0.00	0.00	2000
226	11.26	2014	2093	0.00	197	0	0	0	nan	0.00	0.00	4.92	83.72	88.74	0.00	41	0	42	0.00	0.00	62.74	7.41	0.00	0.00	2000
230	10.87	2121	2092	0.00	199	0	0	0	nan	0.00	0.00	5.49	83.39	89.13	0.00	41	0	42	0.00	0.00	65.34	7.50	0.00	0.00	2000
234	11.14	2068	2137	0.00	217	0	0	0	nan	0.00	0.03	7.56	82.97	88.86	0.00	41	0	42	0.00	0.00	69.54	7.80	0.00	0.00	2000
254	12.13	2139	2055	0.00	199	0	0	0	nan	0.00	0.00	5.62	80.48	87.87	0.00	41	0	42	0.00	0.00	60.58	7.07	0.00	0.00	2000
235	11.03	2117	2114	0.00	216	0	0	0	nan	0.00	0.00	5.61	83.86	88.97	0.00	41	0	42	0.00	0.00	65.70	7.51	0.00	0.00	2000
232	11.05	2101	2102	0.00	213	0	0	0	nan	0.00	0.04	4.75	84.30	88.95	0.00	41	0	42	0.00	0.00	65.42	7.39	0.00	0.00	2000
233	10.82	2131	2119	0.00	205	0	0	0	nan	0.00	0.01	6.65	83.29	89.18	0.00	41	0	42	0.00	0.00	68.77	7.88	0.00	0.00	2000
232	11.25	2048	2120	0.00	196	0	0	0	nan	0.00	0.00	4.72	84.85	88.75	0.00	41	0	42	0.00	0.00	66.03	7.80	0.00	0.00	2000
227	11.33	2010	2097	0.00	195	0	0	0	nan	0.00	0.01	4.32	84.36	88.67	0.00	41	0	42	0.00	0.00	61.48	7.13	0.00	0.00	2000
231	10.91	2120	2099	0.00	200	0	0	0	nan	0.00	0.02	5.36	83.75	89.09	0.00	41	0	42	0.00	0.00	64.93	7.50	0.00	0.00	2000
225	10.95	2094	2063	0.00	199	0	0	0	nan	0.00	0.00	7.12	80.34	89.05	0.00	41	0	42	0.00	0.00	63.66	7.22	0.00	0.00	2000
234	11.31	2035	2131	0.00	221	0	0	0	nan	0.00	0.01	5.14	84.95	88.69	0.00	41	0	42	0.00	0.00	67.06	7.47	0.00	0.00	2000
224	11.09	2045	2076	0.00	197	0	0	0	nan	0.00	0.93	5.58	81.43	88.91	0.00	41	0	42	0.00	0.00	62.85	7.52	0.00	0.00	2000
234	11.15	2068	2134	0.00	196	0	0	3	72.72	0.00	0.02	6.31	84.11	88.85	0.00	41	0	42	0.00	0.00	70.00	7.99	0.00	0.00	2000
224	11.21	2036	2063	1.16	197	0	0	8	70.92	0.00	0.02	5.19	82.06	88.79	0.00	41	0	42	0.00	0.00	60.09	7.05	0.00	0.00	2000
235	11.31	2054	2126	0.00	201	0	0	0	nan	0.00	0.02	5.88	84.00	88.69	0.00	41	0	42	0.00	0.00	66.87	7.44	0.00	0.00	2000
224	10.82	2100	2072	0.00	213	0	0	0	nan	0.00	0.00	6.60	81.45	89.18	0.00	41	0	42	0.00	0.00	62.85	7.66	0.00	0.00	2000
232	11.12	2056	2132	0.00	214	0	0	0	nan	0.00	0.02	5.12	85.26	88.88	0.00	40	0	42	0.00	0.00	64.65	7.48	0.00	0.00	2000
228	10.84	2104	2103	0.00	196	0	0	0	nan	0.00	0.00	4.99	84.31	89.16	0.00	40	0	42	0.00	0.00	66.89	7.84	0.00	0.00	2000
234	10.91	2140	2101	0.00	196	0	0	0	nan	0.00	0.02	6.29	82.94	89.09	0.00	41	0	42	0.00	0.00	62.87	7.18	0.00	0.00	2000
224	11.08	2047	2072	0.00	207	0	0	0	nan	0.01	0.81	3.58	83.41	88.92	0.00	41	0	42	0.00	0.00	66.16	7.69	0.00	0.00	2000
233	10.74	2147	2121	0.00	196	0	0	0	nan	0.01	0.01	3.61	86.40	89.26	0.00	41	0	42	0.00	0.00	61.01	7.08	0.00	0.00	2000
224	10.57	2144	2071	0.00	213	0	0	0	nan	0.00	0.02	3.76	84.48	89.43	0.00	41	0	42	0.00	0.00	68.54	7.93	0.00	0.00	2000
240	11.52	2096	2091	0.00	201	1	0	0	nan	0.00	0.52	5.53	82.15	88.48	0.00	38	0	42	0.00	0.00	66.31	7.67	0.00	0.00	2000
230	11.11	2037	2133	0.00	212	0	0	0	nan	0.00	0.00	5.47	84.99	88.89	0.00	39	0	42	0.00	0.00	64.53	7.60	0.00	0.00	2000
227	11.23	2015	2103	0.00	204	0	0	0	nan	0.00	0.00	4.53	84.47	88.77	0.00	39	0	42	0.00	0.00	64.63	7.72	0.00	0.00	2000
227	11.40	1989	2104	0.00	195	0	0	0	nan	0.00	0.02	3.41	85.54	88.60	0.00	39	0	42	0.00	0.00	64.90	7.65	0.00	0.00	2000
229	11.13	2065	2087	0.00	195	0	0	0	nan	0.00	0.00	3.16	85.31	88.87	0.00	39	0	42	0.00	0.00	64.74	7.49	0.00	0.00	2000
221	11.56	1977	2032	0.00	194	0	0	0	nan	0.00	0.00	3.90	81.90	88.44	0.00	39	0	42	0.00	0.00	61.34	7.14	0.00	0.00	2000
235	11.04	2053	2174	0.00	213	0	0	0	nan	0.00	0.05	3.37	88.87	88.96	0.00	39	0	42	0.00	0.00	68.27	7.91	0.00	0.00	2000
227	11.61	1994	2056	0.20	194	0	0	5	46.75	0.00	0.00	3.08	83.63	88.39	0.00	39	0	42	0.00	0.00	62.31	7.49	0.00	0.00	2000
229	10.76	2082	2149	0.69	211	0	0	3	67.54	0.00	0.00	3.51	88.00	89.24	0.00	39	0	42	0.00	0.00	67.71	8.00	0.00	0.00	2000
222	10.92	2062	2067	0.00	194	0	0	0	nan	0.00	0.00	4.71	83.06	89.08	0.00	39	0	42	0.00	0.00	62.82	7.47	0.00	0.00	2000
228	11.39	2032	2069	0.00	194	0	0	0	nan	0.00	0.00	3.44	84.01	88.61	0.00	39	0	42	0.00	0.00	62.29	7.39	0.00	0.00	2000
232	10.84	2063	2178	0.00	210	0	0	0	nan	0.00	0.00	2.58	89.76	89.16	0.00	39	0	42	0.00	0.00	68.81	7.97	0.00	0.00	2000
229	11.02	2086	2091	0.00	195	0	0	0	nan	0.00	0.00	4.12	84.58	88.98	0.00	39	0	42	0.00	0.00	64.91	7.63	0.00	0.00	2000
227	10.93	2073	2106	0.00	194	0	0	0	nan	0.00	0.00	4.21	85.22	89.07	0.00	39	0	42	0.00	0.00	64.93	7.54	0.00	0.00	2000
229	11.03	2073	2100	0.00	195	0	0	0	nan	0.00	0.03	4.19	84.85	88.97	0.00	39	0	42	0.00	0.00	64.90	7.55	0.00	0.00	2000
230	11.18	2061	2099	0.00	195	0	0	0	nan	0.00	0.00	4.17	84.68	88.82	0.00	39	0	42	0.00	0.00	64.49	7.49	0.00	0.00	2000
231	11.12	2072	2102	0.00	195	0	0	0	nan	0.00	0.00	4.41	84.61	88.88	0.00	39	0	42	0.00	0.00	65.17	7.64	0.00	0.00	2000
226	10.86	2115	2070	0.00	194	0	0	0	nan	0.00	0.00	3.55	84.36	89.14	0.00	39	0	42	0.00	0.00	64.27	7.38	0.00	0.00	2000
228	10.83	2080	2122	0.00	194	0	0	0	nan	0.00	0.00	4.76	85.40	89.17	0.00	39	0	42	0.00	0.00	64.92	7.84	0.00	0.00	2000
228	10.97	2078	2096	0.00	194	0	0	0	nan	0.00	0.00	4.09	84.80	89.03	0.00	39	0	42	0.00	0.00	64.92	7.48	0.00	0.00	2000
239	11.39	2084	2116	0.00	197	0	0	0	nan	0.00	0.00	4.68	84.67	88.61	0.00	39	0	42	0.00	0.00	65.54	7.83	0.00	0.00	2000
223	11.19	2077	2020	0.00	225	0	0	0	nan	0.00	0.00	3.97	81.51	88.81	0.00	39	0	42	0.00	0.00	58.30	7.29	0.00	0.00	2000
234	10.79	2090	2175	0.00	210	0	0	0	nan	0.00	0.00	3.12	89.36	89.21	0.00	39	0	42	0.00	0.00	71.51	7.80	0.00	0.00	2000
228	11.14	2038	2112	0.00	194	0	0	0	nan	0.00	0.00	4.02	85.44	88.86	0.00	39	0	42	0.00	0.00	65.13	7.52	0.00	0.00	2000
228	10.80	2126	2084	0.28	195	0	0	6	49.43	0.00	0.00	4.49	83.96	89.20	0.00	39	0	42	0.00	0.00	64.72	7.57	0.00	0.00	2000
230	11.24	2036	2114	0.71	195	0	0	3	69.34	0.00	0.00	4.37	84.98	88.76	0.00	39	0	42	0.00	0.00	65.33	7.53	0.00	0.00	2000
230	11.20	2052	2101	0.00	198	0	0	0	nan	0.00	0.00	5.76	83.21	88.80	0.00	40	0	42	0.00	0.00	64.60	7.63	0.00	0.00	2000
226	10.84	2124	2065	0.00	195	0	0	0	nan	0.00	0.00	3.87	83.82	89.16	0.00	39	0	42	0.00	0.00	64.34	7.46	0.00	0.00	2000
231	10.74	2115	2135	0.00	194	0	0	0	nan	0.00	0.00	4.30	86.39	89.26	0.00	39	0	42	0.00	0.00	65.69	7.50	0.00	0.00	2000
223	10.82	2099	2063	0.00	195	0	0	0	nan	0.00	0.00	4.28	83.39	89.18	0.00	39	0	42	0.00	0.00	63.53	7.36	0.00	0.00	2000
233	11.02	2085	2128	0.00	194	0	0	0	nan	0.00	0.00	3.36	86.96	88.98	0.00	39	0	42	0.00	0.00	65.11	7.67	0.00	0.00	2000
225	11.50	2022	2034	0.00	194	0	0	0	nan	0.00	0.00	2.99	82.86	88.50	0.00	40	0	43	0.00	0.00	61.76	7.28	0.00	0.00	2000
231	10.82	2060	2175	0.00	210	0	0	0	nan	0.00	0.02	2.46	90.00	89.18	0.00	40	0	42	0.00	0.00	68.43	8.07	0.00	0.00	2000
226	11.00	2077	2074	0.00	196	0	0	0	nan	0.00	0.00	4.50	83.51	89.00	0.00	39	0	42	0.00	0.00	64.14	7.58	0.00	0.00	2000
228	11.27	2066	2054	0.00	195	0	0	0	nan	0.00	0.00	3.50	83.40	88.73	0.00	39	0	43	0.00	0.00	62.39	7.37	0.00	0.00	2000
226	10.65	2074	2151	0.00	211	0	0	0	nan	0.00	0.00	3.00	88.64	89.35	0.00	39	0	42	0.00	0.00	67.29	7.89	0.00	0.00	2000
233	10.79	2124	2135	0.00	194	0	0	0	nan	0.00	0.00	3.40	87.46	89.21	0.00	40	0	42	0.00	0.00	66.16	7.80	0.00	0.00	2000
226	10.89	2078	2093	0.00	195	0	0	0	nan	0.00	0.00	4.90	83.98	89.11	0.00	40	0	42	0.00	0.00	65.07	7.56	0.00	0.00	2000
230	11.25	2043	2099	0.00	196	0	0	0	nan	0.00	0.00	4.18	84.68	88.75	0.00	39	0	42	0.00	0.00	65.52	8.86	0.00	0.00	2000
228	10.97	2076	2098	0.00	195	0	0	0	nan	0.00	0.00	4.86	84.19	89.03	0.00	40	0	42	0.00	0.00	66.03	8.83	0.00	0.00	2000
231	11.26	2045	2108	0.00	194	0	0	0	nan	0.00	0.01	3.33	85.80	88.74	0.00	39	0	42	0.00	0.00	65.68	8.09	0.00	0.00	2000
219	10.78	2041	2088	0.22	195	0	0	21	56.01	0.00	0.00	3.72	85.06	89.22	0.00	38	0	42	0.00	0.00	61.81	7.50	0.00	0.00	2000
158	8.97	1747	2112	0.26	255	0	0	0	nan	0.00	0.02	3.14	88.41	91.03	0.00	38	0	42	0.00	0.00	61.28	7.45	0.00	0.00	2000
113	8.03	1402	2100	0.00	216	0	0	0	nan	0.00	0.02	7.90	83.98	91.97	0.00	38	0	42	0.00	0.00	63.58	8.01	0.00	0.00	2000
75	6.51	1157	2101	0.00	193	0	0	0	nan	0.00	0.00	3.91	89.52	93.49	0.00	37	0	42	0.00	0.00	59.54	7.80	0.00	0.00	2000
99	7.35	1341	2112	0.00	97	0	0	0	nan	0.00	0.00	8.03	85.21	92.65	0.00	38	0	42	0.00	0.00	58.91	7.49	0.00	0.00	2000
