Avg_MHz	Busy%	Bzy_MHz	TSC_MHz	IPC	IRQ	NMI	SMI	LLCMRPS	LLC%hit	POLL%	C1%	C1E%	C6%	CPU%c1	CPU%c6	CoreTmp	CoreThr	PkgTmp	Pkg%pc2	Pkg%pc6	PkgWatt	RAMWatt	PKG_%	RAM_%	UncMHz
330	16.31	1993	2134	0.00	229	0	0	0	nan	0.00	0.49	34.42	50.27	83.69	0.00	37	0	42	0.00	0.00	65.56	7.63	0.00	0.00	2000
292	14.60	1989	2110	0.00	205	0	0	0	nan	0.05	1.25	19.41	65.41	85.40	0.00	37	0	42	0.00	0.00	65.58	7.49	0.00	0.00	2000
77	7.19	1057	2123	0.00	210	0	0	0	nan	0.00	0.00	5.48	88.42	92.81	0.00	37	0	42	0.00	0.00	60.61	7.72	0.00	0.00	2000
73	6.61	1095	2114	0.00	193	0	0	0	nan	0.00	0.00	3.99	90.04	93.39	0.00	37	0	42	0.00	0.00	57.56	7.44	0.00	0.00	2000
73	6.87	1069	2087	0.00	196	0	0	0	nan	0.00	0.00	3.29	89.49	93.13	0.00	37	0	42	0.00	0.00	57.14	7.30	0.00	0.00	2000
72	6.75	1061	2100	0.00	194	0	0	0	nan	0.01	0.00	2.87	90.51	93.25	0.00	37	0	42	0.00	0.00	58.08	7.29	0.00	0.00	2000
73	7.01	1052	2088	0.00	195	0	0	0	nan	0.00	0.00	2.36	90.19	92.99	0.00	37	0	42	0.00	0.00	55.61	7.06	0.00	0.00	2000
71	7.11	1001	2107	0.00	194	0	0	0	nan	0.00	0.02	3.29	90.02	92.89	0.00	37	0	42	0.00	0.00	59.79	7.83	0.00	0.00	2000
70	6.91	1024	2091	0.00	210	0	0	0	nan	0.00	0.00	3.76	89.03	93.09	0.00	37	0	42	0.00	0.00	58.19	7.46	0.00	0.00	2000
73	7.01	1019	2134	0.00	193	0	0	0	nan	0.00	0.00	1.70	92.99	92.99	0.00	37	0	42	0.00	0.00	58.64	7.70	0.00	0.00	2000
74	6.42	1153	2099	0.00	194	0	0	0	nan	0.00	0.00	3.05	90.48	93.58	0.00	37	0	42	0.00	0.00	58.48	7.50	0.00	0.00	2000
73	6.62	1111	2096	0.00	195	0	0	0	nan	0.00	0.01	3.49	89.82	93.38	0.00	37	0	42	0.00	0.00	58.56	7.60	0.00	0.00	2000
71	7.06	1026	2068	0.00	194	0	0	0	nan	0.00	0.01	3.32	88.36	92.94	0.00	37	0	42	0.00	0.00	55.98	7.20	0.00	0.00	2000
72	6.90	1040	2114	0.00	194	0	0	0	nan	0.00	0.00	1.75	92.16	93.10	0.00	37	0	42	0.00	0.00	57.41	7.40	0.00	0.00	2000
72	6.93	1042	2098	0.00	194	0	0	0	nan	0.00	0.02	2.64	90.43	93.07	0.00	37	0	42	0.00	0.00	57.01	7.47	0.00	0.00	2000
72	6.82	1056	2108	0.00	210	0	0	1	89.06	0.00	0.00	4.11	89.46	93.18	0.00	37	0	42	0.00	0.00	58.22	7.44	0.00	0.00	2000
74	6.92	1061	2113	0.16	193	0	0	1	88.28	0.00	0.00	4.60	89.25	93.08	0.00	37	0	42	0.00	0.00	60.44	7.82	0.00	0.00	2000
73	6.72	1080	2102	0.00	193	0	0	0	nan	0.00	0.02	3.09	90.36	93.28	0.00	37	0	42	0.00	0.00	58.07	7.63	0.00	0.00	2000
210	9.88	2121	2101	0.00	215	0	0	0	nan	0.00	1.41	5.41	83.46	90.12	0.00	39	0	42	0.00	0.00	63.79	7.43	0.00	0.00	2000
229	10.95	2103	2086	0.00	211	0	0	0	nan	0.00	0.00	3.99	84.43	89.05	0.00	40	0	42	0.00	0.00	66.44	7.65	0.00	0.00	2000
227	10.88	2105	2083	0.00	204	0	0	0	nan	0.00	0.00	2.38	86.10	89.12	0.00	40	0	42	0.00	0.00	64.55	7.62	0.00	0.00	2000
232	10.92	2096	2128	0.00	203	0	0	0	nan	0.00	0.00	1.96	88.43	89.08	0.00	40	0	42	0.00	0.00	63.86	7.37	0.00	0.00	2000
233	11.34	2085	2067	0.00	197	0	0	0	nan	0.00	1.02	4.92	81.51	88.66	0.00	38	0	42	0.00	0.00	63.34	7.39	0.00	0.00	2000
234	10.82	2169	2099	0.00	215	0	0	0	nan	0.00	0.04	3.39	85.74	89.18	0.00	37	0	42	0.00	0.00	68.30	8.13	0.00	0.00	2000
240	11.48	2057	2132	0.00	203	0	0	0	nan	0.00	0.08	4.80	85.24	88.52	0.00	37	0	42	0.00	0.00	65.96	7.59	0.00	0.00	2000
225	11.04	2043	2097	0.00	198	0	0	0	nan	0.00	0.04	3.17	85.75	88.96	0.00	39	0	42	0.00	0.00	64.59	7.99	0.00	0.00	2000
222	11.13	1991	2106	0.00	214	0	0	0	nan	0.00	0.00	5.57	83.80	88.87	0.00	39	0	42	0.00	0.00	64.15	7.88	0.00	0.00	2000
223	10.96	2039	2100	0.00	198	0	0	0	nan	0.00	0.02	5.88	83.31	89.04	0.00	39	0	42	0.00	0.00	65.83	7.09	0.00	0.00	2000
220	11.13	2123	1957	0.00	197	0	0	0	nan	0.00	0.00	5.43	77.37	88.87	0.00	39	0	42	0.00	0.00	58.22	7.22	0.00	0.00	2000
228	10.61	2017	2233	0.00	207	0	0	0	nan	0.00	0.02	5.71	89.53	89.39	0.00	39	0	42	0.00	0.00	69.72	8.01	0.00	0.00	2000
219	10.89	2051	2062	0.00	212	0	0	0	nan	0.00	0.03	7.01	80.53	89.11	0.00	40	0	42	0.00	0.00	63.98	7.45	0.00	0.00	2000
223	10.70	2062	2124	0.00	197	0	0	0	nan	0.00	0.01	5.83	84.61	89.30	0.00	40	0	42	0.00	0.00	64.46	7.44	0.00	0.00	2000
224	10.92	2056	2099	0.00	198	0	0	6	82.37	0.00	0.00	6.14	83.09	89.08	0.00	40	0	42	0.00	0.00	64.37	7.47	0.00	0.00	2000
225	10.62	2081	2136	0.69	198	0	0	7	85.77	0.00	0.01	8.05	83.01	89.38	0.00	40	0	42	0.00	0.00	65.34	7.64	0.00	0.00	2000
216	10.88	2026	2056	0.00	197	0	0	0	nan	0.00	0.48	5.56	81.27	89.12	0.00	37	0	42	0.00	0.00	60.76	7.22	0.00	0.00	2000
235	11.06	2083	2143	0.00	215	0	0	0	nan	0.00	0.07	4.93	85.88	88.94	0.00	37	0	42	0.00	0.00	70.28	7.88	0.00	0.00	2000
233	11.20	2073	2111	0.00	198	0	0	0	nan	0.00	0.00	4.00	85.39	88.80	0.00	38	0	42	0.00	0.00	65.43	7.59	0.00	0.00	2000
230	11.41	2019	2093	0.00	198	0	0	0	nan	0.00	0.02	3.68	84.69	88.59	0.00	39	0	42	0.00	0.00	62.62	7.28	0.00	0.00	2000
226	10.86	2126	2060	0.00	202	0	0	0	nan	0.00	0.71	5.08	81.80	89.14	0.00	39	0	42	0.00	0.00	62.48	7.12	0.00	0.00	2000
234	11.25	2034	2148	0.00	197	0	0	0	nan	0.00	0.01	6.72	84.16	88.75	0.00	40	0	42	0.00	0.00	69.13	7.98	0.00	0.00	2000
228	11.19	2066	2072	0.00	197	0	0	0	nan	0.00	0.05	4.92	82.81	88.81	0.00	38	0	42	0.00	0.00	63.12	7.17	0.00	0.00	2000
232	11.04	2083	2116	0.00	195	0	0	0	nan	0.00	0.00	4.23	85.46	88.96	0.00	39	0	42	0.00	0.00	66.87	7.79	0.00	0.00	2000
233	11.12	2090	2105	0.00	199	0	0	0	nan	0.00	0.00	4.45	84.66	88.88	0.00	39	0	42	0.00	0.00	66.12	7.73	0.00	0.00	2000
232	11.02	2095	2105	0.00	203	0	0	0	nan	0.00	0.02	5.32	83.98	88.98	0.00	39	0	42	0.00	0.00	65.09	7.46	0.00	0.00	2000
235	11.25	2082	2103	0.00	201	0	0	0	nan	0.00	0.01	6.38	82.59	88.75	0.00	39	0	42	0.00	0.00	65.43	7.53	0.00	0.00	2000
219	11.15	2049	2016	0.00	199	0	0	0	nan	0.00	0.00	3.71	81.63	88.85	0.00	37	0	42	0.00	0.00	54.28	6.27	0.00	0.00	2000
248	11.29	2101	2193	0.00	257	0	0	0	nan	0.00	0.00	5.18	87.59	88.71	0.00	38	0	42	0.00	0.00	76.84	8.76	0.00	0.00	2000
220	10.65	2052	2110	0.00	204	0	0	0	nan	0.00	0.00	5.15	84.69	89.35	0.00	39	0	42	0.00	0.00	66.51	7.98	0.00	0.00	2000
232	11.13	2085	2103	0.00	219	0	0	0	nan	0.00	0.03	3.49	85.65	88.87	0.00	40	0	42	0.00	0.00	63.57	7.64	0.00	0.00	2000
224	10.83	2094	2070	0.45	202	0	0	7	78.73	0.00	0.00	3.79	84.17	89.17	0.00	40	0	42	0.00	0.00	62.53	7.35	0.00	0.00	2000
231	11.23	2052	2102	0.55	203	0	0	4	83.57	0.01	0.00	2.97	85.86	88.77	0.00	41	0	42	0.00	0.00	65.09	7.76	0.00	0.00	2000
236	11.24	2081	2115	0.00	213	0	0	0	nan	0.00	0.02	2.75	86.79	88.76	0.00	41	0	42	0.00	0.00	65.76	7.82	0.00	0.00	2000
232	11.25	2057	2109	0.00	205	0	0	0	nan	0.00	0.00	2.88	86.32	88.75	0.00	40	0	42	0.00	0.00	65.47	7.88	0.00	0.00	2000
229	11.08	2067	2099	0.00	203	0	0	0	nan	0.00	0.04	3.47	85.33	88.92	0.00	41	0	42	0.00	0.00	65.54	7.78	0.00	0.00	2000
229	11.08	2072	2091	0.00	203	0	0	0	nan	0.00	0.00	3.68	84.94	88.92	0.00	41	0	42	0.00	0.00	65.48	7.77	0.00	0.00	2000
231	10.95	2098	2109	0.00	202	0	0	0	nan	0.00	0.00	4.38	85.21	89.05	0.00	41	0	42	0.00	0.00	66.02	7.56	0.00	0.00	2000
233	11.09	2097	2107	0.00	202	0	0	0	nan	0.00	0.00	3.66	85.63	88.91	0.00	41	0	42	0.00	0.00	66.14	7.62	0.00	0.00	2000
228	10.99	2091	2085	0.00	211	0	0	0	nan	0.00	0.00	3.06	85.43	89.01	0.00	40	0	42	0.00	0.00	64.93	7.45	0.00	0.00	2000
230	10.86	2114	2103	0.00	204	0	0	0	nan	0.00	0.02	3.31	86.04	89.14	0.00	41	0	42	0.00	0.00	64.61	7.41	0.00	0.00	2000
235	11.46	2041	2108	0.00	220	0	0	0	nan	0.00	0.00	6.63	82.27	88.54	0.00	41	0	42	0.00	0.00	64.41	7.45	0.00	0.00	2000
231	10.95	2107	2102	0.00	203	0	0	0	nan	0.00	0.04	3.92	85.34	89.05	0.00	41	0	42	0.00	0.00	66.31	7.61	0.00	0.00	2000
230	11.05	2097	2087	0.00	187	0	0	0	nan	0.00	0.03	3.43	85.05	88.95	0.00	41	0	42	0.00	0.00	66.52	7.76	0.00	0.00	2000
229	10.77	2135	2095	0.00	211	0	0	0	nan	0.00	0.02	3.49	85.70	89.23	0.00	41	0	42	0.00	0.00	60.46	6.82	0.00	0.00	2000
230	11.03	2076	2106	0.00	200	0	0	0	nan	0.00	0.02	2.46	86.84	88.97	0.00	41	0	42	0.00	0.00	65.96	7.58	0.00	0.00	2000
232	11.23	2053	2116	0.00	203	0	0	0	nan	0.00	0.00	2.72	86.87	88.77	0.00	41	0	42	0.00	0.00	69.96	8.14	0.00	0.00	2000
227	11.02	2077	2086	0.00	204	0	0	0	nan	0.00	0.02	4.10	84.46	88.98	0.00	41	0	42	0.00	0.00	64.47	7.46	0.00	0.00	2000
230	11.20	2046	2106	0.11	203	0	0	4	79.05	0.00	0.02	2.73	86.50	88.80	0.00	41	0	42	0.00	0.00	64.91	7.52	0.00	0.00	2000
233	11.31	2050	2106	0.78	213	0	0	7	83.01	0.00	0.00	3.64	85.34	88.69	0.00	41	0	42	0.00	0.00	65.64	7.61	0.00	0.00	2000
230	10.93	2110	2098	0.00	203	0	0	0	nan	0.00	0.00	3.82	85.28	89.07	0.00	41	0	42	0.00	0.00	60.80	7.10	0.00	0.00	2000
228	11.28	2024	2094	0.00	202	0	0	0	nan	0.00	0.00	3.27	85.31	88.72	0.00	41	0	42	0.00	0.00	65.50	7.54	0.00	0.00	2000
229	11.27	2041	2089	0.00	203	0	0	0	nan	0.00	0.01	2.62	85.82	88.73	0.00	41	0	42	0.00	0.00	68.27	7.89	0.00	0.00	2000
229	10.89	2102	2105	0.00	220	0	0	0	nan	0.00	0.02	3.11	86.36	89.11	0.00	41	0	42	0.00	0.00	64.83	7.53	0.00	0.00	2000
232	11.08	2097	2097	0.00	213	0	0	0	nan	0.00	0.00	3.82	85.11	88.92	0.00	41	0	42	0.00	0.00	64.82	7.65	0.00	0.00	2000
229	11.10	2065	2103	0.00	203	0	0	0	nan	0.00	0.00	4.07	85.10	88.90	0.00	41	0	42	0.00	0.00	65.29	7.72	0.00	0.00	2000
230	10.89	2107	2102	0.00	202	0	0	0	nan	0.00	0.00	4.12	85.13	89.11	0.00	41	0	42	0.00	0.00	64.29	7.52	0.00	0.00	2000
228	10.89	2088	2103	0.00	188	0	0	0	nan	0.00	0.00	3.18	86.24	89.11	0.00	41	0	42	0.00	0.00	66.68	7.70	0.00	0.00	2000
232	11.27	2079	2079	0.00	238	0	0	0	nan	0.00	0.00	3.99	84.03	88.73	0.00	41	0	42	0.00	0.00	63.42	7.39	0.00	0.00	2000
229	11.05	2080	2094	0.00	196	0	0	0	nan	0.00	0.03	5.19	83.62	88.95	0.00	41	0	42	0.00	0.00	63.26	7.37	0.00	0.00	2000
234	11.18	2064	2126	0.00	219	0	0	0	nan	0.01	0.00	3.97	86.09	88.82	0.00	41	0	42	0.00	0.00	66.97	7.70	0.00	0.00	2000
229	11.10	2066	2100	0.00	202	0	0	0	nan	0.00	0.01	2.97	85.98	88.90	0.00	41	0	42	0.00	0.00	65.06	7.56	0.00	0.00	2000
229	10.77	2138	2090	0.00	187	0	0	0	nan	0.00	0.00	3.45	85.38	89.23	0.00	41	0	42	0.00	0.00	65.90	7.71	0.00	0.00	2000
230	10.99	2086	2106	0.00	220	0	0	0	nan	0.00	0.00	4.17	85.24	89.01	0.00	41	0	42	0.00	0.00	61.33	7.51	0.00	0.00	2000
234	10.81	2158	2107	0.00	198	0	0	0	nan	0.00	0.02	3.31	86.21	89.19	0.00	41	0	42	0.00	0.00	67.30	7.35	0.00	0.00	2000
228	11.19	2037	2101	0.00	204	0	0	3	83.39	0.00	0.02	3.33	85.61	88.81	0.00	41	0	42	0.00	0.00	62.84	7.31	0.00	0.00	2000
232	11.20	2066	2106	0.91	201	0	0	9	82.73	0.00	0.00	3.16	86.05	88.80	0.00	41	0	42	0.00	0.00	64.92	7.49	0.00	0.00	2000
226	10.72	2136	2075	0.00	207	0	0	0	nan	0.00	0.00	4.91	83.48	89.28	0.00	41	0	42	0.00	0.00	63.25	7.34	0.00	0.00	2000
233	10.77	2153	2107	0.00	204	0	0	0	nan	0.00	0.02	4.37	85.15	89.23	0.00	41	0	42	0.00	0.00	65.92	7.65	0.00	0.00	2000
235	10.84	2145	2120	0.00	203	0	0	0	nan	0.00	0.01	3.19	86.88	89.16	0.00	41	0	42	0.00	0.00	66.93	7.84	0.00	0.00	2000
227	11.15	2051	2083	0.00	213	0	0	0	nan	0.00	0.00	3.52	84.70	88.85	0.00	41	0	42	0.00	0.00	66.08	7.69	0.00	0.00	2000
228	11.22	2038	2098	0.00	202	0	0	0	nan	0.00	0.02	3.71	85.05	88.78	0.00	41	0	42	0.00	0.00	65.76	7.68	0.00	0.00	2000
228	11.32	2015	2100	0.00	203	0	0	0	nan	0.00	0.00	3.80	85.00	88.68	0.00	41	0	42	0.00	0.00	61.81	7.14	0.00	0.00	2000
227	11.07	2064	2090	0.00	202	0	0	0	nan	0.00	0.02	3.06	85.54	88.93	0.00	41	0	42	0.00	0.00	64.33	7.51	0.00	0.00	2000
236	11.18	2085	2129	0.00	203	0	0	0	nan	0.00	0.02	3.59	86.60	88.82	0.00	41	0	42	0.00	0.00	66.49	7.77	0.00	0.00	2000
226	10.91	2096	2079	0.00	212	0	0	0	nan	0.00	0.00	4.15	84.17	89.09	0.00	41	0	42	0.00	0.00	66.78	7.72	0.00	0.00	2000
229	11.27	2048	2088	0.00	205	0	0	0	nan	0.00	0.00	3.10	85.20	88.73	0.00	41	0	42	0.00	0.00	62.32	7.15	0.00	0.00	2000
233	11.04	2090	2119	0.00	220	0	0	0	nan	0.00	0.00	3.95	85.80	88.96	0.00	42	0	42	0.00	0.00	69.85	8.09	0.00	0.00	2000
231	10.86	2122	2107	0.00	203	0	0	0	nan	0.00	0.00	4.05	85.46	89.14	0.00	41	0	42	0.00	0.00	65.18	7.60	0.00	0.00	2000
226	11.08	2064	2075	0.00	190	0	0	0	nan	0.00	0.00	3.31	84.72	88.92	0.00	41	0	42	0.00	0.00	60.34	6.91	0.00	0.00	2000
233	11.25	2045	2123	0.00	244	0	0	0	nan	0.00	0.00	3.83	86.05	88.75	0.00	41	0	42	0.00	0.00	67.83	7.78	0.00	0.00	2000
228	11.09	2057	2101	0.00	203	0	0	0	nan	0.00	0.00	3.05	85.98	88.91	0.00	41	0	42	0.00	0.00	65.57	7.58	0.00	0.00	2000
228	11.15	2051	2097	0.00	205	0	0	2	83.70	0.00	0.02	3.30	85.52	88.85	0.00	41	0	42	0.00	0.00	64.23	7.42	0.00	0.00	2000
232	11.11	2080	2106	0.95	201	0	0	10	81.22	0.00	0.00	4.08	85.15	88.89	0.00	41	0	42	0.00	0.00	65.39	7.67	0.00	0.00	2000
231	11.41	2029	2099	0.00	209	0	0	0	nan	0.00	0.00	3.70	84.93	88.59	0.00	42	0	42	0.00	0.00	67.01	7.81	0.00	0.00	2000
228	10.97	2080	2100	0.00	208	0	0	0	nan	0.00	0.00	4.09	85.01	89.03	0.00	41	0	42	0.00	0.00	62.67	7.32	0.00	0.00	2000
229	11.00	2081	2100	0.00	202	0	0	0	nan	0.00	0.00	3.47	85.73	89.00	0.00	41	0	42	0.00	0.00	64.86	7.64	0.00	0.00	2000
229	11.12	2065	2092	0.00	204	0	0	0	nan	0.00	0.01	3.59	85.05	88.89	0.00	41	0	42	0.00	0.00	67.03	7.93	0.00	0.00	2000
230	11.35	2021	2105	0.00	206	0	0	0	nan	0.00	0.00	3.65	85.35	88.65	0.00	41	0	42	0.00	0.00	61.88	7.29	0.00	0.00	2000
233	11.08	2120	2084	0.00	212	0	0	0	nan	0.00	0.00	4.12	84.14	88.92	0.00	41	0	42	0.00	0.00	64.76	7.61	0.00	0.00	2000
231	10.86	2120	2108	0.00	202	0	0	0	nan	0.00	0.02	3.47	86.08	89.14	0.00	41	0	42	0.00	0.00	65.79	7.63	0.00	0.00	2000
233	11.34	2036	2119	0.00	203	0	0	0	nan	0.00	0.02	2.62	86.96	88.66	0.00	41	0	42	0.00	0.00	66.98	7.90	0.00	0.00	2000
230	10.83	2123	2102	0.00	204	0	0	0	nan	0.00	0.00	3.14	86.25	89.17	0.00	41	0	42	0.00	0.00	66.32	7.92	0.00	0.00	2000
224	10.55	2156	2067	0.00	204	0	0	0	nan	0.00	0.00	3.42	84.73	89.45	0.00	41	0	42	0.00	0.00	61.37	7.12	0.00	0.00	2000
235	11.26	2063	2123	0.00	230	0	0	0	nan	0.00	0.00	4.22	85.60	88.74	0.00	41	0	42	0.00	0.00	64.37	7.48	0.00	0.00	2000
228	10.96	2085	2099	0.00	201	0	0	0	nan	0.01	0.00	3.18	85.87	89.04	0.00	41	0	42	0.00	0.00	65.19	7.56	0.00	0.00	2000
231	10.98	2102	2102	0.00	202	0	0	0	nan	0.00	0.02	3.28	85.79	89.02	0.00	41	0	42	0.00	0.00	65.38	7.78	0.00	0.00	2000
227	10.89	2103	2084	0.00	188	0	0	0	nan	0.01	0.00	3.03	85.54	89.11	0.00	41	0	42	0.00	0.00	65.53	7.66	0.00	0.00	2000
231	11.07	2078	2114	0.00	221	0	0	0	nan	0.00	0.02	3.50	86.14	88.93	0.00	42	0	42	0.00	0.00	64.91	7.51	0.00	0.00	2000
230	10.98	2115	2075	0.00	187	0	0	1	89.00	0.00	0.02	3.41	84.63	89.02	0.00	42	0	42	0.00	0.00	65.86	7.68	0.00	0.00	2000
236	11.04	2101	2138	0.99	215	0	0	11	80.17	0.00	0.02	3.04	87.46	88.96	0.00	41	0	42	0.00	0.00	66.56	7.93	0.00	0.00	2000
225	11.17	2035	2082	0.03	204	0	0	0	nan	0.00	0.01	3.60	84.56	88.83	0.00	41	0	42	0.00	0.00	65.86	7.83	0.00	0.00	2000
227	11.17	2050	2085	0.00	202	0	0	0	nan	0.00	0.00	2.09	86.30	88.83	0.00	42	0	42	0.00	0.00	62.91	7.38	0.00	0.00	2000
229	10.96	2073	2118	0.00	205	1	0	0	nan	0.01	0.00	3.44	86.50	89.04	0.00	42	0	42	0.00	0.00	68.28	8.65	0.00	0.00	2000
231	10.84	2127	2104	0.00	205	0	0	0	nan	0.00	0.00	3.48	85.91	89.16	0.00	42	0	42	0.00	0.00	67.06	8.49	0.00	0.00	2000
229	10.80	2116	2101	0.00	213	0	0	0	nan	0.00	0.00	4.13	85.20	89.20	0.00	42	0	42	0.00	0.00	66.76	8.64	0.00	0.00	2000
226	10.94	2082	2080	0.00	202	0	0	0	nan	0.00	0.01	3.88	84.38	89.06	0.00	42	0	42	0.00	0.00	65.90	8.37	0.00	0.00	2000
226	11.08	2036	2101	0.00	218	0	0	0	nan	0.00	0.00	3.66	85.41	88.92	0.00	42	0	42	0.00	0.00	66.99	8.47	0.00	0.00	2000
235	11.22	2068	2131	0.00	211	0	0	0	nan	0.00	0.00	4.93	85.20	88.78	0.00	42	0	42	0.00	0.00	68.78	8.63	0.00	0.00	2000
230	11.22	2048	2098	0.00	202	0	0	0	nan	0.00	0.02	3.92	84.88	88.78	0.00	42	0	42	0.00	0.00	66.93	8.47	0.00	0.00	2000
229	10.77	2133	2093	0.00	213	0	0	0	nan	0.00	0.00	3.36	85.66	89.23	0.00	42	0	42	0.00	0.00	66.94	8.46	0.00	0.00	2000
228	10.97	2078	2105	0.00	204	0	0	0	nan	0.00	0.00	3.38	85.99	89.03	0.00	42	0	42	0.00	0.00	67.32	8.57	0.00	0.00	2000
224	11.05	2060	2066	0.00	201	0	0	0	nan	0.00	0.02	3.39	84.23	88.95	0.00	42	0	42	0.00	0.00	64.91	8.33	0.00	0.00	2000
230	10.91	2085	2121	0.00	204	0	0	0	nan	0.00	0.00	4.38	85.73	89.09	0.00	41	0	42	0.00	0.00	67.91	8.62	0.00	0.00	2000
229	11.29	2043	2083	0.00	202	0	0	0	nan	0.00	0.02	3.97	84.14	88.71	0.00	42	0	42	0.00	0.00	65.96	8.51	0.00	0.00	2000
231	10.93	2112	2097	0.00	214	0	0	0	nan	0.00	0.32	5.77	82.90	89.07	0.00	42	0	42	0.00	0.00	67.49	8.58	0.00	0.00	2000
229	11.09	2049	2121	0.00	202	0	0	1	88.80	0.00	0.00	4.00	85.94	88.91	0.00	42	0	42	0.00	0.00	68.00	8.62	0.00	0.00	2000
228	10.91	2095	2092	1.66	220	0	0	49	5.25	0.00	0.00	3.89	84.86	89.09	0.00	42	0	42	0.00	0.00	66.16	8.44	0.00	0.00	2000
230	11.05	2071	2109	0.01	203	0	0	0	nan	0.01	0.00	3.13	86.32	88.95	0.00	42	0	42	0.00	0.00	67.65	8.55	0.00	0.00	2000
232	11.48	2009	2114	0.00	202	0	0	0	nan	0.00	0.00	3.51	85.73	88.52	0.00	42	0	42	0.00	0.00	67.07	8.63	0.00	0.00	2000
225	10.96	2085	2064	0.00	213	0	0	0	nan	0.00	0.00	3.62	83.98	89.04	0.00	41	0	42	0.00	0.00	65.51	8.22	0.00	0.00	2000
225	11.09	2030	2100	0.00	220	0	0	0	nan	0.00	0.00	3.55	85.40	88.91	0.00	42	0	42	0.00	0.00	66.59	8.44	0.00	0.00	2000
227	11.06	2052	2100	0.00	218	0	0	0	nan	0.00	0.00	3.94	85.06	88.94	0.00	42	0	42	0.00	0.00	66.87	8.46	0.00	0.00	2000
232	11.07	2077	2119	0.00	208	0	0	0	nan	0.00	0.00	4.89	84.98	88.93	0.00	42	0	42	0.00	0.00	64.42	8.59	0.00	0.00	2000
232	11.06	2079	2118	0.00	224	0	0	0	nan	0.00	0.02	4.64	85.15	88.94	0.00	42	0	42	0.00	0.00	68.60	8.20	0.00	0.00	2000
226	10.76	2121	2075	0.00	203	0	0	0	nan	0.00	0.02	4.14	84.18	89.24	0.00	42	0	42	0.00	0.00	68.05	8.60	0.00	0.00	2000
230	11.19	2045	2111	0.00	202	0	0	0	nan	0.00	0.00	4.00	85.47	88.81	0.00	42	0	43	0.00	0.00	67.53	8.65	0.00	0.00	2000
224	11.12	2036	2077	0.00	202	0	0	0	nan	0.00	0.00	2.88	85.20	88.88	0.00	42	0	43	0.00	0.00	65.67	8.36	0.00	0.00	2000
229	11.29	2030	2100	0.00	218	0	0	0	nan	0.00	0.02	5.43	83.43	88.71	0.00	42	0	42	0.00	0.00	66.79	8.48	0.00	0.00	2000
226	11.11	2033	2105	0.00	230	0	0	0	nan	0.00	0.00	4.30	84.92	88.89	0.00	42	0	42	0.00	0.00	67.17	8.63	0.00	0.00	2000
228	10.93	2074	2108	0.00	203	0	0	0	nan	0.00	0.00	3.16	86.38	89.07	0.00	42	0	42	0.00	0.00	67.22	8.43	0.00	0.00	2000
228	10.92	2085	2104	0.00	219	0	0	0	nan	0.00	0.01	3.12	86.26	89.08	0.00	42	0	42	0.00	0.00	64.87	8.14	0.00	0.00	2000
235	11.03	2110	2120	0.00	203	0	0	0	nan	0.00	0.00	3.66	86.23	88.97	0.00	42	0	42	0.00	0.00	68.31	8.58	0.00	0.00	2000
223	10.79	2100	2070	0.20	211	0	0	19	8.13	0.00	0.00	3.89	84.19	89.21	0.00	42	0	42	0.00	0.00	67.75	8.65	0.00	0.00	2000
229	10.85	2105	2101	1.38	202	0	0	31	6.50	0.00	0.02	3.49	85.84	89.15	0.00	42	0	42	0.00	0.00	64.38	8.13	0.00	0.00	2000
227	10.72	2112	2102	0.00	220	0	0	0	nan	0.01	0.00	3.80	85.60	89.28	0.00	41	0	42	0.00	0.00	69.76	8.51	0.00	0.00	2000
229	11.10	2070	2095	0.00	219	0	0	0	nan	0.00	0.02	3.86	84.93	88.90	0.00	42	0	42	0.00	0.00	64.28	8.48	0.00	0.00	2000
229	10.95	2081	2110	0.00	213	0	0	0	nan	0.00	0.00	4.44	85.14	89.05	0.00	42	0	42	0.00	0.00	67.15	8.55	0.00	0.00	2000
226	10.80	2104	2087	0.00	219	0	0	0	nan	0.00	0.03	3.68	85.07	89.20	0.00	42	0	42	0.00	0.00	66.70	8.49	0.00	0.00	2000
232	11.13	2045	2138	0.00	203	0	0	0	nan	0.00	0.00	4.07	86.46	88.87	0.00	42	0	42	0.00	0.00	68.11	8.88	0.00	0.00	2000
229	10.97	2086	2100	0.00	203	0	0	0	nan	0.00	0.00	3.90	85.24	89.03	0.00	42	0	42	0.00	0.00	66.97	8.37	0.00	0.00	2000
232	11.25	2066	2099	0.00	205	0	0	0	nan	0.00	0.00	4.47	84.27	88.75	0.00	42	0	42	0.00	0.00	66.80	8.42	0.00	0.00	2000
224	10.97	2072	2068	0.00	211	0	0	0	nan	0.00	0.00	3.64	84.12	89.03	0.00	42	0	42	0.00	0.00	65.61	8.22	0.00	0.00	2000
228	10.98	2062	2112	0.00	219	0	0	0	nan	0.00	0.02	3.18	86.41	89.02	0.00	42	0	42	0.00	0.00	68.04	8.59	0.00	0.00	2000
225	10.84	2090	2088	0.00	220	0	0	0	nan	0.00	0.00	3.25	85.51	89.16	0.00	42	0	42	0.00	0.00	66.38	8.34	0.00	0.00	2000
235	11.11	2078	2135	0.00	204	0	0	0	nan	0.00	0.02	4.35	86.14	88.89	0.00	42	0	42	0.00	0.00	68.26	8.78	0.00	0.00	2000
224	10.97	2062	2076	0.00	211	0	0	0	nan	0.00	0.00	3.32	84.85	89.03	0.00	42	0	42	0.00	0.00	65.86	8.37	0.00	0.00	2000
229	10.60	2158	2105	0.00	218	0	0	0	nan	0.00	0.00	4.19	85.43	89.40	0.00	42	0	42	0.00	0.00	64.90	8.14	0.00	0.00	2000
229	11.29	2031	2095	0.00	207	0	0	0	nan	0.00	0.02	2.22	86.40	88.71	0.00	42	0	42	0.00	0.00	67.21	7.66	0.00	0.00	2000
230	10.94	2090	2108	0.00	203	0	0	0	nan	0.00	0.00	2.68	86.85	89.06	0.00	42	0	42	0.00	0.00	62.92	7.31	0.00	0.00	2000
230	10.80	2141	2094	0.77	205	0	0	2	78.58	0.00	0.02	3.17	85.81	89.20	0.00	42	0	42	0.00	0.00	64.47	7.36	0.00	0.00	2000
227	11.14	2048	2087	0.48	208	0	0	1	90.71	0.00	0.02	2.57	85.82	88.86	0.00	41	0	42	0.00	0.00	67.13	7.55	0.00	0.00	2000
228	11.07	2051	2113	0.00	218	0	0	0	nan	0.00	0.02	3.57	85.95	88.93	0.00	41	0	42	0.00	0.00	65.52	7.56	0.00	0.00	2000
229	10.84	2105	2111	0.00	205	0	0	0	nan	0.00	0.02	2.65	86.94	89.16	0.00	41	0	42	0.00	0.00	65.58	7.55	0.00	0.00	2000
229	11.08	2065	2105	0.00	203	0	0	0	nan	0.00	0.02	2.84	86.47	88.92	0.00	41	0	43	0.00	0.00	65.47	7.60	0.00	0.00	2000
231	11.05	2087	2106	0.00	209	0	0	0	nan	0.00	0.03	4.04	85.27	88.95	0.00	41	0	42	0.00	0.00	63.05	7.43	0.00	0.00	2000
228	11.23	2039	2092	0.00	208	0	0	0	nan	0.00	0.01	3.67	84.81	88.77	0.00	41	0	42	0.00	0.00	65.58	7.79	0.00	0.00	2000
113	8.42	1338	2101	0.00	225	0	0	0	nan	0.00	0.01	11.06	80.61	91.58	0.00	38	0	42	0.00	0.00	61.72	7.71	0.00	0.00	2000
