Avg_MHz	Busy%	Bzy_MHz	TSC_MHz	IPC	IRQ	NMI	SMI	LLCMRPS	LLC%hit	POLL%	C1%	C1E%	C6%	CPU%c1	CPU%c6	CoreTmp	CoreThr	PkgTmp	Pkg%pc2	Pkg%pc6	PkgWatt	RAMWatt	PKG_%	RAM_%	UncMHz
342	16.93	1981	2145	0.00	225	0	0	0	nan	0.01	0.70	27.48	56.83	83.07	0.00	37	0	42	0.00	0.00	67.31	7.85	0.00	0.00	2000
300	14.67	2031	2114	0.00	207	0	0	0	nan	0.04	0.54	18.66	66.87	85.33	0.00	37	0	42	0.00	0.00	65.59	7.64	0.00	0.00	2000
78	6.80	1138	2105	0.00	194	0	0	0	nan	0.01	0.02	2.70	90.75	93.20	0.00	37	0	42	0.00	0.00	57.94	7.44	0.00	0.00	2000
72	6.58	1103	2081	0.00	193	0	0	0	nan	0.00	0.00	2.46	90.07	93.42	0.00	37	0	42	0.00	0.00	56.88	7.28	0.00	0.00	2000
74	6.81	1070	2129	0.00	209	0	0	0	nan	0.00	0.00	4.00	90.49	93.19	0.00	37	0	42	0.00	0.00	63.41	8.33	0.00	0.00	2000
72	6.41	1120	2096	0.00	193	0	0	0	nan	0.00	0.00	3.13	90.29	93.59	0.00	37	0	42	0.00	0.00	56.16	7.11	0.00	0.00	2000
74	6.53	1123	2109	0.00	178	0	0	0	nan	0.00	0.00	3.97	89.92	93.47	0.00	37	0	42	0.00	0.00	54.97	7.51	0.00	0.00	2000
72	6.64	1085	2094	0.00	193	0	0	0	nan	0.00	0.00	2.99	90.23	93.36	0.00	37	0	42	0.00	0.00	61.90	7.45	0.00	0.00	2000
73	6.71	1085	2092	0.00	193	0	0	0	nan	0.00	0.03	3.16	89.88	93.29	0.00	37	0	42	0.00	0.00	58.34	7.64	0.00	0.00	2000
73	6.62	1097	2114	0.00	194	0	0	0	nan	0.00	0.00	2.64	91.37	93.38	0.00	37	0	42	0.00	0.00	59.01	7.64	0.00	0.00	2000
75	6.71	1109	2102	0.00	198	0	0	0	nan	0.00	0.00	4.58	88.82	93.29	0.00	37	0	42	0.00	0.00	58.13	7.30	0.00	0.00	2000
72	6.47	1113	2090	0.00	195	0	0	0	nan	0.00	0.00	3.73	89.34	93.53	0.00	37	0	42	0.00	0.00	58.20	7.31	0.00	0.00	2000
73	6.48	1122	2095	0.00	193	0	0	0	nan	0.00	0.01	2.88	90.46	93.52	0.00	37	0	43	0.00	0.00	58.94	7.71	0.00	0.00	2000
73	6.66	1090	2109	0.00	193	0	0	0	nan	0.00	0.02	2.29	91.39	93.34	0.00	37	0	42	0.00	0.00	58.49	7.59	0.00	0.00	2000
74	6.73	1097	2101	0.00	194	0	0	0	nan	0.00	0.02	3.43	89.93	93.27	0.00	37	0	42	0.00	0.00	59.02	7.61	0.00	0.00	2000
72	6.38	1135	2097	0.00	194	0	0	0	nan	0.00	0.02	3.65	89.79	93.62	0.00	37	0	42	0.00	0.00	58.24	7.57	0.00	0.00	2000
74	6.25	1180	2107	0.30	195	0	0	1	77.24	0.00	0.00	3.19	90.78	93.75	0.00	37	0	42	0.00	0.00	57.23	7.31	0.00	0.00	2000
73	6.13	1187	2099	0.18	177	0	0	0	nan	0.00	0.00	3.08	90.71	93.87	0.00	37	0	42	0.00	0.00	57.91	7.46	0.00	0.00	2000
164	9.39	1777	2070	0.00	212	0	0	0	nan	0.00	0.00	4.85	84.54	90.61	0.00	38	0	42	0.00	0.00	61.18	7.41	0.00	0.00	2000
233	11.02	2089	2127	0.00	203	0	0	0	nan	0.00	0.00	3.81	86.36	88.98	0.00	40	0	43	0.00	0.00	66.73	7.78	0.00	0.00	2000
234	11.42	2044	2101	0.00	203	0	0	0	nan	0.00	0.00	3.45	85.26	88.58	0.00	40	0	42	0.00	0.00	65.74	7.53	0.00	0.00	2000
228	11.00	2084	2088	0.00	210	0	0	0	nan	0.00	0.00	3.59	84.96	89.00	0.00	40	0	42	0.00	0.00	66.32	7.60	0.00	0.00	2000
238	11.58	2048	2107	0.00	196	0	0	0	nan	0.00	0.00	5.39	83.38	88.42	0.00	39	0	43	0.00	0.00	64.86	7.69	0.00	0.00	2000
230	11.31	2068	2064	0.00	198	0	0	0	nan	0.00	0.00	3.97	83.25	88.69	0.00	37	0	42	0.00	0.00	64.33	7.65	0.00	0.00	2000
223	11.55	2076	1957	0.00	214	0	0	0	nan	0.00	0.00	5.25	77.33	88.45	0.00	38	0	42	0.00	0.00	60.56	7.13	0.00	0.00	2000
236	10.08	2133	2308	0.00	251	0	0	0	nan	0.00	0.00	4.78	94.10	89.92	0.00	38	0	42	0.00	0.00	73.86	8.46	0.00	0.00	2000
228	11.20	2056	2080	0.00	198	0	0	0	nan	0.00	0.00	5.99	82.00	88.80	0.00	38	0	42	0.00	0.00	67.54	7.72	0.00	0.00	2000
233	11.14	2073	2121	0.00	199	0	0	0	nan	0.00	0.02	4.73	85.15	88.86	0.00	39	0	42	0.00	0.00	65.66	7.61	0.00	0.00	2000
230	11.05	2081	2102	0.00	197	0	0	0	nan	0.00	0.00	5.37	83.76	88.95	0.00	38	0	42	0.00	0.00	63.03	7.28	0.00	0.00	2000
235	11.09	2116	2102	0.00	200	0	0	0	nan	0.00	0.13	6.24	82.64	88.91	0.00	39	0	42	0.00	0.00	62.87	7.37	0.00	0.00	2000
229	10.76	2136	2088	0.00	197	0	0	0	nan	0.01	0.00	7.48	81.35	89.24	0.00	39	0	42	0.00	0.00	67.30	7.79	0.00	0.00	2000
230	10.88	2109	2104	0.00	198	0	0	0	nan	0.00	0.00	7.04	82.29	89.12	0.00	39	0	42	0.00	0.00	65.26	7.57	0.00	0.00	2000
228	11.01	2069	2104	0.00	198	0	0	0	90.12	0.00	0.00	5.73	83.47	88.99	0.00	39	0	42	0.00	0.00	66.28	7.31	0.00	0.00	2000
231	11.11	2072	2112	0.64	198	0	0	22	90.96	0.00	0.00	5.58	83.91	88.89	0.00	39	0	42	0.00	0.00	62.71	7.56	0.00	0.00	2000
240	11.51	2096	2090	0.05	212	0	0	0	nan	0.00	0.00	8.81	79.27	88.49	0.00	39	0	42	0.00	0.00	65.20	7.54	0.00	0.00	2000
227	10.81	2124	2079	0.00	202	0	0	0	nan	0.00	0.00	6.59	81.80	89.19	0.00	40	0	42	0.00	0.00	64.93	7.34	0.00	0.00	2000
232	11.33	2058	2087	0.00	194	0	0	0	nan	0.00	0.00	4.61	83.51	88.67	0.00	40	0	42	0.00	0.00	66.49	7.61	0.00	0.00	2000
229	10.65	2120	2134	0.00	214	0	0	0	nan	0.00	0.01	5.68	85.14	89.35	0.00	40	0	43	0.00	0.00	65.04	7.45	0.00	0.00	2000
231	10.68	2151	2112	0.00	198	0	0	0	nan	0.00	0.58	4.06	85.25	89.32	0.00	40	0	43	0.00	0.00	66.07	7.37	0.00	0.00	2000
232	11.34	2053	2089	0.00	200	0	0	0	nan	0.00	0.16	6.85	81.15	88.66	0.00	40	0	42	0.00	0.00	64.24	7.26	0.00	0.00	2000
236	11.27	2093	2104	0.00	199	0	0	0	nan	0.00	0.01	5.91	83.03	88.73	0.00	40	0	42	0.00	0.00	65.01	7.38	0.00	0.00	2000
223	11.82	2032	1948	0.00	197	0	0	0	nan	0.00	0.00	6.65	75.26	88.18	0.00	39	0	42	0.00	0.00	59.85	7.00	0.00	0.00	2000
241	10.64	2079	2290	0.00	231	0	0	0	nan	0.00	0.00	4.80	92.71	89.36	0.00	38	0	42	0.00	0.00	77.77	9.03	0.00	0.00	2000
232	11.29	2063	2092	0.00	200	0	0	0	nan	0.00	0.99	5.70	81.85	88.71	0.00	38	0	42	0.00	0.00	63.15	7.65	0.00	0.00	2000
230	11.02	2094	2092	0.00	197	0	0	0	nan	0.00	0.02	5.47	83.25	88.98	0.00	38	0	42	0.00	0.00	67.36	7.38	0.00	0.00	2000
228	10.98	2132	2045	0.00	196	0	0	0	nan	0.00	0.00	5.16	81.58	89.02	0.00	38	0	42	0.00	0.00	62.20	7.15	0.00	0.00	2000
231	10.66	2114	2156	0.00	213	0	0	0	nan	0.00	0.00	4.94	86.82	89.34	0.00	39	0	42	0.00	0.00	64.88	7.40	0.00	0.00	2000
232	11.14	2069	2109	0.00	199	0	0	0	nan	0.00	0.00	6.32	82.95	88.86	0.00	38	0	42	0.00	0.00	65.63	7.59	0.00	0.00	2000
232	11.13	2107	2075	0.00	201	0	0	0	nan	0.00	0.00	6.39	81.55	88.87	0.00	39	0	42	0.00	0.00	65.02	7.33	0.00	0.00	2000
230	11.21	2030	2124	0.00	195	0	0	3	93.65	0.00	0.03	5.65	84.22	88.79	0.00	39	0	42	0.00	0.00	65.73	7.52	0.00	0.00	2000
228	11.16	2058	2083	0.87	199	0	0	12	92.86	0.00	0.01	5.15	83.05	88.84	0.00	39	0	42	0.00	0.00	64.55	7.50	0.00	0.00	2000
231	11.34	2028	2110	0.00	197	0	0	0	nan	0.00	0.51	6.02	82.65	88.66	0.00	39	0	42	0.00	0.00	64.64	7.35	0.00	0.00	2000
229	11.44	2031	2071	0.00	197	0	0	0	nan	0.00	0.00	6.24	81.16	88.56	0.00	39	0	43	0.00	0.00	65.41	7.49	0.00	0.00	2000
234	11.45	2047	2098	0.00	203	0	0	0	nan	0.00	0.06	2.00	86.48	88.55	0.00	38	0	42	0.00	0.00	65.26	7.51	0.00	0.00	2000
226	11.11	2023	2110	0.00	213	0	0	0	nan	0.00	0.02	6.50	82.97	88.89	0.00	40	0	42	0.00	0.00	63.73	7.34	0.00	0.00	2000
233	11.34	2031	2122	0.00	195	0	0	0	nan	0.00	0.00	4.56	85.18	88.66	0.00	40	0	42	0.00	0.00	66.21	7.39	0.00	0.00	2000
230	11.33	2036	2099	0.00	198	0	0	0	nan	0.00	0.02	4.47	84.25	88.67	0.00	39	0	43	0.00	0.00	65.86	7.48	0.00	0.00	2000
232	11.61	1998	2101	0.00	198	0	0	0	nan	0.00	0.00	5.14	83.45	88.39	0.00	39	0	42	0.00	0.00	65.32	7.53	0.00	0.00	2000
231	11.47	2047	2070	0.00	195	0	0	0	nan	0.00	0.02	2.91	84.51	88.53	0.00	40	0	43	0.00	0.00	67.10	7.92	0.00	0.00	2000
233	10.89	2097	2142	0.00	211	0	0	0	nan	0.00	0.02	3.63	87.34	89.11	0.00	39	0	42	0.00	0.00	65.47	7.54	0.00	0.00	2000
228	11.38	2017	2086	0.00	196	0	0	0	nan	0.00	0.00	4.37	83.80	88.62	0.00	40	0	42	0.00	0.00	64.48	7.41	0.00	0.00	2000
233	11.15	2081	2112	0.00	195	0	0	0	nan	0.00	0.00	3.18	86.23	88.85	0.00	40	0	42	0.00	0.00	65.09	7.41	0.00	0.00	2000
216	10.73	2038	2079	0.00	234	0	0	0	nan	0.00	0.01	3.83	84.67	89.27	0.00	38	0	42	0.00	0.00	66.19	7.74	0.00	0.00	2000
372	16.24	2272	2119	0.00	315	0	0	0	nan	0.00	0.00	4.16	80.44	83.76	0.00	38	0	42	0.00	0.00	65.83	7.42	0.00	0.00	2000
228	11.08	2075	2083	0.00	245	0	0	0	nan	0.00	0.00	6.93	81.36	88.92	0.00	39	0	42	0.00	0.00	65.99	7.48	0.00	0.00	2000
296	13.81	2141	2104	0.00	225	0	0	0	97.67	0.00	0.00	4.71	81.72	86.19	0.00	39	0	42	0.00	0.00	65.70	7.62	0.00	0.00	2000
125	8.28	1517	2095	0.40	222	0	0	8	68.65	0.00	0.00	10.53	80.97	91.72	0.00	38	0	42	0.00	0.00	61.34	7.69	0.00	0.00	2000
84	6.97	1187	2136	0.17	180	0	0	0	nan	0.00	0.00	4.63	89.86	93.03	0.00	37	0	43	0.00	0.00	57.85	7.28	0.00	0.00	2000
