Avg_MHz	Busy%	Bzy_MHz	TSC_MHz	IPC	IRQ	NMI	SMI	LLCMRPS	LLC%hit	POLL%	C1%	C1E%	C6%	CPU%c1	CPU%c6	CoreTmp	CoreThr	PkgTmp	Pkg%pc2	Pkg%pc6	PkgWatt	RAMWatt	PKG_%	RAM_%	UncMHz
316	15.25	2034	2140	0.00	225	0	0	0	nan	0.00	0.43	36.06	49.97	84.75	0.00	38	0	42	0.00	0.00	66.63	8.18	0.00	0.00	2000
296	14.47	2037	2108	0.00	205	0	0	0	nan	0.01	1.47	18.40	66.07	85.53	0.00	37	0	42	0.00	0.00	64.82	7.81	0.00	0.00	2000
77	6.78	1124	2121	0.00	210	0	0	0	nan	0.00	0.01	6.28	87.85	93.22	0.00	37	0	42	0.00	0.00	57.74	7.45	0.00	0.00	2000
73	6.54	1112	2101	0.00	193	0	0	0	nan	0.00	0.00	3.74	89.81	93.46	0.00	37	0	42	0.00	0.00	58.18	7.64	0.00	0.00	2000
73	6.57	1113	2098	0.00	193	0	0	0	nan	0.00	0.00	3.41	90.00	93.43	0.00	37	0	42	0.00	0.00	58.11	7.44	0.00	0.00	2000
70	6.78	1053	2071	0.00	193	0	0	0	nan	0.00	0.00	3.34	88.56	93.22	0.00	37	0	42	0.00	0.00	58.15	7.55	0.00	0.00	2000
74	6.74	1093	2102	0.00	193	0	0	0	nan	0.00	0.00	1.66	91.65	93.26	0.00	37	0	42	0.00	0.00	59.44	7.78	0.00	0.00	2000
72	6.42	1109	2121	0.00	196	0	0	0	nan	0.00	0.00	2.95	91.60	93.58	0.00	37	0	42	0.00	0.00	59.03	7.78	0.00	0.00	2000
74	6.40	1168	2089	0.00	197	0	0	0	nan	0.00	0.02	3.55	89.55	93.60	0.00	37	0	42	0.00	0.00	55.75	7.09	0.00	0.00	2000
75	6.72	1112	2101	0.00	194	0	0	0	nan	0.00	0.01	2.67	90.55	93.28	0.00	37	0	42	0.00	0.00	60.44	7.93	0.00	0.00	2000
73	6.61	1104	2113	0.00	209	0	0	0	nan	0.00	0.00	2.65	91.28	93.39	0.00	37	0	42	0.00	0.00	57.75	7.42	0.00	0.00	2000
72	6.12	1185	2093	0.00	178	0	0	0	nan	0.00	0.01	3.17	90.32	93.88	0.00	37	0	42	0.00	0.00	58.58	7.50	0.00	0.00	2000
73	6.76	1067	2112	0.00	209	0	0	0	nan	0.00	0.01	3.28	90.52	93.24	0.00	37	0	42	0.00	0.00	57.60	7.42	0.00	0.00	2000
71	6.75	1061	2092	0.00	193	0	0	0	nan	0.00	0.00	3.52	89.46	93.25	0.00	37	0	42	0.00	0.00	58.04	7.35	0.00	0.00	2000
73	6.70	1087	2103	0.00	193	0	0	0	nan	0.00	0.00	3.72	89.72	93.30	0.00	37	0	42	0.00	0.00	60.57	7.62	0.00	0.00	2000
72	6.78	1064	2103	0.00	194	0	0	1	86.22	0.00	0.02	3.53	89.93	93.22	0.00	37	0	42	0.00	0.00	56.54	7.71	0.00	0.00	2000
74	6.44	1152	2098	0.29	193	0	0	2	87.13	0.00	0.00	3.57	89.74	93.56	0.00	37	0	42	0.00	0.00	58.55	7.62	0.00	0.00	2000
94	8.19	1150	2094	0.00	194	0	0	0	nan	0.00	0.00	4.06	87.47	91.81	0.00	37	0	42	0.00	0.00	58.78	7.46	0.00	0.00	2000
200	10.19	1952	2108	0.00	215	0	0	0	nan	0.04	0.00	5.94	84.17	89.81	0.00	39	0	42	0.00	0.00	66.62	7.93	0.00	0.00	2000
233	11.00	2113	2110	0.00	214	0	0	0	nan	0.00	0.00	3.72	85.66	89.00	0.00	40	0	42	0.00	0.00	62.69	7.17	0.00	0.00	2000
230	10.98	2100	2098	0.00	202	0	0	0	nan	0.00	0.00	3.35	85.67	89.02	0.00	40	0	42	0.00	0.00	65.49	7.62	0.00	0.00	2000
230	11.20	2058	2098	0.00	204	0	0	0	nan	0.00	0.00	3.53	85.24	88.80	0.00	40	0	42	0.00	0.00	65.00	7.58	0.00	0.00	2000
230	11.20	2078	2076	0.00	197	0	0	0	nan	0.00	0.00	6.43	81.44	88.80	0.00	38	0	42	0.00	0.00	64.32	7.60	0.00	0.00	2000
231	11.32	2044	2093	0.00	198	0	0	0	nan	0.00	0.02	4.73	83.81	88.68	0.00	38	0	42	0.00	0.00	65.37	7.80	0.00	0.00	2000
241	11.24	2109	2134	0.00	197	0	0	0	nan	0.00	0.03	6.53	83.75	88.76	0.00	38	0	42	0.00	0.00	67.08	7.79	0.00	0.00	2000
228	10.97	2093	2087	0.00	201	0	0	0	nan	0.00	0.00	6.08	82.51	89.03	0.00	37	0	42	0.00	0.00	67.38	7.75	0.00	0.00	2000
233	11.23	2066	2110	0.00	197	0	0	0	nan	0.00	0.00	5.57	83.70	88.78	0.00	37	0	42	0.00	0.00	63.65	7.54	0.00	0.00	2000
237	11.24	2116	2090	0.00	202	0	0	0	nan	0.00	0.02	6.00	82.35	88.76	0.00	37	0	42	0.00	0.00	66.33	7.60	0.00	0.00	2000
237	11.37	2080	2108	0.00	279	0	0	0	nan	0.00	0.20	10.51	78.38	88.63	0.00	38	0	42	0.00	0.00	66.23	7.65	0.00	0.00	2000
229	11.19	2061	2089	0.00	198	0	0	0	nan	0.00	0.00	6.07	82.44	88.81	0.00	38	0	42	0.00	0.00	63.91	7.25	0.00	0.00	2000
231	11.33	2037	2101	0.00	200	0	0	0	nan	0.00	0.02	5.75	83.02	88.67	0.00	38	0	42	0.00	0.00	65.02	7.56	0.00	0.00	2000
230	11.12	2059	2106	0.00	200	0	0	0	nan	0.00	0.54	4.83	83.84	88.88	0.00	38	0	42	0.00	0.00	64.69	7.42	0.00	0.00	2000
226	10.96	2093	2069	0.00	196	0	0	0	100.00	0.00	0.00	3.96	83.81	89.04	0.00	38	0	42	0.00	0.00	65.89	7.27	0.00	0.00	2000
230	10.69	2141	2111	0.70	197	0	0	11	83.19	0.00	0.52	4.48	84.82	89.31	0.00	38	0	42	0.00	0.00	62.92	7.58	0.00	0.00	2000
234	11.00	2106	2123	0.15	198	0	0	0	nan	0.00	0.54	2.86	86.70	89.00	0.00	38	0	42	0.00	0.00	65.99	7.56	0.00	0.00	2000
229	10.99	2110	2077	0.00	201	0	0	0	nan	0.00	0.93	6.19	81.04	89.01	0.00	38	0	42	0.00	0.00	66.40	7.98	0.00	0.00	2000
235	11.05	2105	2119	0.00	197	0	0	0	nan	0.00	0.02	6.47	83.36	88.97	0.00	38	0	42	0.00	0.00	67.82	7.71	0.00	0.00	2000
232	11.35	2038	2110	0.00	194	0	0	0	nan	0.00	0.03	6.38	82.81	88.65	0.00	38	0	42	0.00	0.00	64.01	7.57	0.00	0.00	2000
227	10.95	2096	2079	0.00	198	0	0	0	nan	0.00	0.00	5.30	82.97	89.05	0.00	38	0	42	0.00	0.00	65.34	7.63	0.00	0.00	2000
230	10.99	2087	2111	0.00	197	0	0	0	nan	0.00	0.01	4.12	85.50	89.01	0.00	39	0	42	0.00	0.00	65.82	7.60	0.00	0.00	2000
230	11.20	2079	2073	0.00	202	0	0	0	nan	0.00	0.31	5.79	81.77	88.80	0.00	38	0	42	0.00	0.00	63.08	7.33	0.00	0.00	2000
232	11.24	2073	2089	0.00	215	0	0	0	nan	0.00	0.00	6.35	82.04	88.76	0.00	37	0	42	0.00	0.00	62.86	7.12	0.00	0.00	2000
234	11.11	2082	2125	0.00	213	0	0	0	nan	0.00	0.04	2.90	87.14	88.89	0.00	38	0	42	0.00	0.00	66.41	7.64	0.00	0.00	2000
238	11.70	2035	2095	0.00	202	0	0	0	nan	0.00	0.02	6.52	81.65	88.30	0.00	38	0	42	0.00	0.00	67.59	7.71	0.00	0.00	2000
228	11.04	2086	2082	0.00	199	0	0	0	nan	0.00	0.01	5.06	83.16	88.96	0.00	37	0	42	0.00	0.00	65.04	7.82	0.00	0.00	2000
233	11.25	2031	2138	0.00	216	0	0	0	nan	0.00	0.80	7.95	81.72	88.75	0.00	38	0	42	0.00	0.00	67.86	8.04	0.00	0.00	2000
232	11.02	2107	2102	0.00	197	0	0	0	nan	0.00	0.97	5.26	82.86	88.98	0.00	38	0	42	0.00	0.00	64.01	7.87	0.00	0.00	2000
232	10.97	2111	2107	0.00	196	0	0	0	nan	0.00	0.00	4.78	84.62	89.03	0.00	38	0	42	0.00	0.00	65.23	7.70	0.00	0.00	2000
227	11.04	2098	2061	0.00	196	0	0	0	nan	0.00	0.02	5.11	82.26	88.96	0.00	38	0	42	0.00	0.00	64.56	7.63	0.00	0.00	2000
239	11.58	2031	2130	0.00	204	0	0	1	83.48	0.00	0.00	5.78	84.04	88.42	0.00	38	0	42	0.00	0.00	65.46	7.84	0.00	0.00	2000
228	10.92	2112	2072	0.60	197	0	0	4	54.13	0.00	0.01	5.30	82.64	89.08	0.00	38	0	42	0.00	0.00	64.99	7.89	0.00	0.00	2000
236	11.44	2074	2086	0.02	197	0	0	0	nan	0.00	0.03	3.21	84.80	88.56	0.00	39	0	42	0.00	0.00	65.65	7.87	0.00	0.00	2000
229	10.89	2060	2143	0.00	215	0	0	0	nan	0.00	0.02	6.12	84.89	89.11	0.00	39	0	42	0.00	0.00	67.75	7.77	0.00	0.00	2000
228	11.15	2053	2093	0.00	199	0	0	0	nan	0.00	0.58	4.38	83.78	88.85	0.00	39	0	42	0.00	0.00	64.89	7.44	0.00	0.00	2000
228	10.98	2094	2082	0.00	198	0	0	0	nan	0.00	0.00	5.88	82.42	89.02	0.00	39	0	42	0.00	0.00	61.87	7.21	0.00	0.00	2000
230	11.38	2037	2085	0.00	196	0	0	0	nan	0.00	0.00	8.32	79.76	88.62	0.00	39	0	42	0.00	0.00	65.72	7.72	0.00	0.00	2000
235	10.81	2121	2151	0.00	198	0	0	0	nan	0.00	0.01	4.29	87.08	89.19	0.00	39	0	42	0.00	0.00	66.46	7.70	0.00	0.00	2000
224	10.62	2151	2059	0.00	197	0	0	0	nan	0.00	1.01	5.52	81.20	89.38	0.00	39	0	42	0.00	0.00	64.40	7.27	0.00	0.00	2000
229	11.18	2072	2071	0.00	198	0	0	0	nan	0.00	0.03	3.44	84.18	88.82	0.00	39	0	42	0.00	0.00	63.08	7.30	0.00	0.00	2000
235	10.69	2126	2168	0.00	216	0	0	0	nan	0.00	0.00	5.49	86.64	89.31	0.00	39	0	42	0.00	0.00	66.82	7.66	0.00	0.00	2000
229	10.92	2116	2087	0.00	198	0	0	0	nan	0.00	0.00	6.93	81.68	89.08	0.00	39	0	42	0.00	0.00	65.79	7.58	0.00	0.00	2000
228	10.77	2104	2111	0.00	195	0	0	0	nan	0.00	0.00	7.85	81.96	89.23	0.00	39	0	42	0.00	0.00	65.53	7.63	0.00	0.00	2000
229	10.97	2095	2094	0.00	198	0	0	0	nan	0.00	0.00	6.03	82.77	89.03	0.00	39	0	42	0.00	0.00	64.56	7.33	0.00	0.00	2000
229	10.91	2092	2104	0.00	198	0	0	0	nan	0.00	0.00	6.79	82.51	89.09	0.00	39	0	42	0.00	0.00	65.42	7.53	0.00	0.00	2000
231	11.06	2098	2094	0.00	203	0	0	0	nan	0.00	0.00	6.78	82.00	88.94	0.00	39	0	42	0.00	0.00	64.29	7.49	0.00	0.00	2000
226	10.84	2090	2097	0.00	197	0	0	0	nan	0.00	0.00	6.54	82.58	89.16	0.00	39	0	42	0.00	0.00	66.00	7.47	0.00	0.00	2000
229	11.04	2069	2106	0.00	196	0	0	0	94.10	0.00	0.00	5.54	83.80	88.96	0.00	39	0	42	0.00	0.00	64.16	7.34	0.00	0.00	2000
229	11.15	2049	2105	1.12	199	1	0	23	27.92	0.00	0.00	6.76	82.34	88.85	0.00	39	0	42	0.00	0.00	65.43	7.78	0.00	0.00	2000
231	11.09	2082	2104	0.05	198	0	0	0	nan	0.00	0.00	6.60	82.64	88.91	0.00	39	0	42	0.00	0.00	65.75	7.68	0.00	0.00	2000
241	11.62	2084	2091	0.00	205	0	0	0	nan	0.00	0.14	8.71	79.17	88.38	0.00	39	0	42	0.00	0.00	64.86	7.65	0.00	0.00	2000
230	11.17	2053	2103	0.00	197	0	0	0	nan	0.00	0.00	8.17	80.86	88.83	0.00	39	0	42	0.00	0.00	65.40	7.47	0.00	0.00	2000
230	11.17	2057	2100	0.00	195	0	0	0	nan	0.00	0.00	6.75	82.15	88.83	0.00	39	0	42	0.00	0.00	64.99	7.61	0.00	0.00	2000
230	10.96	2104	2095	0.00	197	0	0	0	nan	0.00	0.00	6.71	82.16	89.04	0.00	39	0	42	0.00	0.00	65.10	7.28	0.00	0.00	2000
228	11.02	2069	2101	0.00	199	0	0	0	nan	0.00	0.00	6.68	82.43	88.98	0.00	39	0	42	0.00	0.00	64.60	7.54	0.00	0.00	2000
231	11.02	2095	2098	0.00	199	0	0	0	nan	0.00	0.00	6.68	82.24	88.98	0.00	40	0	42	0.00	0.00	65.17	7.62	0.00	0.00	2000
224	11.40	2026	2036	0.00	205	0	0	0	nan	0.00	0.00	5.06	80.95	88.60	0.00	40	0	42	0.00	0.00	61.58	7.08	0.00	0.00	2000
231	10.70	2088	2172	0.00	214	0	0	0	nan	0.00	0.00	4.23	88.23	89.30	0.00	40	0	42	0.00	0.00	68.31	7.78	0.00	0.00	2000
230	10.91	2103	2106	0.00	196	0	0	0	nan	0.00	0.00	6.45	82.97	89.09	0.00	40	0	42	0.00	0.00	65.24	7.64	0.00	0.00	2000
231	10.99	2102	2099	0.00	198	0	0	0	nan	0.00	0.00	5.44	83.62	89.01	0.00	39	0	42	0.00	0.00	64.88	7.68	0.00	0.00	2000
230	11.05	2083	2102	0.00	201	0	0	0	nan	0.00	0.00	6.21	82.88	88.95	0.00	40	0	42	0.00	0.00	64.83	7.61	0.00	0.00	2000
227	10.87	2092	2101	0.00	196	0	0	0	nan	0.00	0.02	6.52	82.72	89.13	0.00	39	0	42	0.00	0.00	65.05	7.35	0.00	0.00	2000
229	10.93	2102	2095	0.00	197	0	0	0	nan	0.00	0.01	5.92	83.04	89.07	0.00	40	0	42	0.00	0.00	64.45	7.35	0.00	0.00	2000
228	11.12	2059	2095	0.00	197	0	0	0	nan	0.00	0.00	7.01	81.75	88.88	0.00	39	0	42	0.00	0.00	64.56	7.50	0.00	0.00	2000
226	11.07	2042	2101	0.00	197	0	0	0	nan	0.00	0.00	6.71	82.35	88.93	0.00	39	0	42	0.00	0.00	62.92	7.24	0.00	0.00	2000
234	11.04	2120	2099	0.95	201	0	0	3	78.26	0.00	0.00	6.59	82.30	88.96	0.00	40	0	42	0.00	0.00	67.43	7.76	0.00	0.00	2000
228	10.87	2099	2097	0.17	205	0	0	0	nan	0.00	0.00	6.42	82.64	89.13	0.00	40	0	42	0.00	0.00	61.93	7.34	0.00	0.00	2000
230	10.93	2097	2104	0.00	198	0	0	0	nan	0.00	0.00	7.43	81.90	89.07	0.00	40	0	42	0.00	0.00	67.50	7.35	0.00	0.00	2000
227	10.60	2145	2099	0.00	198	0	0	0	nan	0.00	0.00	7.18	82.17	89.40	0.00	40	0	42	0.00	0.00	65.51	7.51	0.00	0.00	2000
228	11.00	2086	2082	0.00	197	0	0	0	nan	0.00	0.00	5.76	82.54	89.00	0.00	39	0	42	0.00	0.00	63.98	7.58	0.00	0.00	2000
238	10.87	2156	2129	0.00	202	0	0	0	nan	0.00	0.00	8.47	81.90	89.13	0.00	40	0	42	0.00	0.00	66.20	7.72	0.00	0.00	2000
229	10.92	2102	2093	0.00	202	0	0	0	nan	0.00	0.27	6.08	82.55	89.08	0.00	39	0	42	0.00	0.00	64.71	7.47	0.00	0.00	2000
228	11.04	2064	2102	0.00	197	0	0	0	nan	0.00	1.25	4.95	82.99	88.96	0.00	39	0	42	0.00	0.00	64.79	7.63	0.00	0.00	2000
230	10.86	2111	2107	0.00	198	0	0	0	nan	0.00	0.02	8.06	81.33	89.14	0.00	39	0	42	0.00	0.00	64.93	7.53	0.00	0.00	2000
228	10.93	2094	2092	0.00	196	0	0	0	nan	0.01	0.00	5.48	83.32	89.07	0.00	39	0	42	0.00	0.00	64.59	7.41	0.00	0.00	2000
224	11.59	1998	2030	0.00	199	1	0	0	nan	0.00	0.00	6.63	78.93	88.41	0.00	39	0	42	0.00	0.00	61.34	7.06	0.00	0.00	2000
227	11.11	2034	2105	0.00	215	0	0	0	nan	0.00	0.01	6.88	82.29	88.89	0.00	39	0	42	0.00	0.00	64.84	7.44	0.00	0.00	2000
235	11.07	2046	2175	0.00	213	0	0	0	nan	0.00	0.00	5.78	86.35	88.93	0.00	40	0	42	0.00	0.00	68.98	7.92	0.00	0.00	2000
228	11.06	2065	2095	0.00	198	0	0	0	nan	0.00	0.00	6.41	82.40	88.94	0.00	39	0	43	0.00	0.00	64.80	7.45	0.00	0.00	2000
230	11.16	2050	2112	0.00	197	0	0	0	nan	0.00	0.00	6.72	82.70	88.84	0.00	39	0	42	0.00	0.00	62.74	7.06	0.00	0.00	2000
229	11.41	2022	2089	0.00	204	0	0	0	nan	0.00	0.00	6.07	82.21	88.59	0.00	39	0	43	0.00	0.00	64.36	7.33	0.00	0.00	2000
230	10.80	2117	2109	0.00	197	0	0	0	nan	0.00	0.00	5.60	84.00	89.20	0.00	39	0	42	0.00	0.00	65.37	7.42	0.00	0.00	2000
237	11.06	2143	2100	0.67	198	0	0	4	87.26	0.00	0.02	5.11	83.86	88.94	0.00	39	0	42	0.00	0.00	65.62	7.50	0.00	0.00	2000
230	10.86	2125	2092	0.15	198	0	0	0	nan	0.00	0.54	4.89	83.43	89.14	0.00	39	0	42	0.00	0.00	64.34	7.51	0.00	0.00	2000
228	10.99	2071	2101	0.00	199	0	0	0	nan	0.00	0.00	6.47	82.73	89.01	0.00	39	0	42	0.00	0.00	64.38	7.40	0.00	0.00	2000
229	11.22	2063	2080	0.00	205	0	0	0	nan	0.00	0.01	8.24	79.81	88.78	0.00	39	0	42	0.00	0.00	64.21	7.34	0.00	0.00	2000
230	11.37	1999	2127	0.00	199	0	0	0	nan	0.00	0.00	6.90	82.95	88.63	0.00	39	0	43	0.00	0.00	67.06	7.82	0.00	0.00	2000
228	11.11	2055	2093	0.00	197	0	0	0	nan	0.00	0.00	5.82	82.84	88.89	0.00	39	0	43	0.00	0.00	62.81	7.26	0.00	0.00	2000
228	11.02	2071	2097	0.00	197	0	0	0	nan	0.00	0.00	5.67	83.29	88.98	0.00	39	0	42	0.00	0.00	65.29	7.34	0.00	0.00	2000
229	11.20	2031	2110	0.00	199	0	0	0	nan	0.00	0.00	5.49	83.77	88.80	0.00	39	0	42	0.00	0.00	64.89	7.47	0.00	0.00	2000
227	11.12	2071	2071	0.00	198	0	0	0	nan	0.00	0.00	6.45	81.31	88.88	0.00	39	0	42	0.00	0.00	64.27	7.34	0.00	0.00	2000
227	11.15	2045	2089	0.00	214	0	0	0	nan	0.00	0.00	5.24	83.30	88.85	0.00	39	0	42	0.00	0.00	62.89	7.51	0.00	0.00	2000
229	10.79	2113	2106	0.00	196	0	0	0	nan	0.00	0.00	2.45	87.01	89.21	0.00	40	0	42	0.00	0.00	67.74	7.34	0.00	0.00	2000
231	11.33	2047	2091	0.00	199	0	0	0	nan	0.00	0.55	1.87	85.95	88.67	0.00	40	0	42	0.00	0.00	64.13	7.45	0.00	0.00	2000
228	11.06	2061	2104	0.00	198	0	0	0	nan	0.00	0.00	3.45	85.75	88.94	0.00	40	0	42	0.00	0.00	64.08	7.31	0.00	0.00	2000
236	10.89	2130	2142	0.00	218	0	0	0	nan	0.00	0.00	5.73	85.23	89.11	0.00	39	0	42	0.00	0.00	69.71	8.06	0.00	0.00	2000
227	10.90	2094	2090	0.00	181	0	0	0	nan	0.00	0.00	5.66	83.11	89.10	0.00	40	0	42	0.00	0.00	63.41	7.05	0.00	0.00	2000
228	11.15	2059	2089	0.00	198	0	0	0	nan	0.00	0.00	4.88	83.54	88.85	0.00	40	0	42	0.00	0.00	64.22	7.21	0.00	0.00	2000
229	10.75	2124	2107	0.00	199	0	0	0	nan	0.01	0.01	3.73	85.79	89.25	0.00	39	0	42	0.00	0.00	65.92	7.46	0.00	0.00	2000
231	11.30	2089	2052	0.66	198	0	0	12	30.42	0.00	0.03	3.87	82.81	88.70	0.00	39	0	42	0.00	0.00	62.72	7.22	0.00	0.00	2000
227	10.91	2055	2130	0.30	215	0	0	0	nan	0.00	0.00	6.10	84.35	89.09	0.00	40	0	42	0.00	0.00	68.59	8.34	0.00	0.00	2000
233	11.15	2058	2133	0.00	204	0	0	0	nan	0.00	0.00	5.04	85.28	88.85	0.00	40	0	42	0.00	0.00	66.07	7.59	0.00	0.00	2000
227	11.12	2046	2092	0.00	198	0	0	0	nan	0.00	0.00	5.45	83.20	88.88	0.00	40	0	42	0.00	0.00	65.20	7.36	0.00	0.00	2000
228	10.84	2105	2096	0.00	196	0	0	0	nan	0.00	0.00	5.56	83.49	89.16	0.00	41	0	42	0.00	0.00	65.07	7.60	0.00	0.00	2000
234	11.54	2017	2108	0.00	213	0	0	0	nan	0.00	0.00	9.06	79.88	88.46	0.00	40	0	42	0.00	0.00	65.12	7.67	0.00	0.00	2000
224	11.16	2043	2063	0.00	198	0	0	0	nan	0.00	0.02	4.36	82.95	88.84	0.00	40	0	42	0.00	0.00	62.35	7.29	0.00	0.00	2000
228	11.13	2077	2069	0.00	202	0	0	0	nan	0.00	0.00	3.99	83.68	88.87	0.00	40	0	42	0.00	0.00	64.44	7.42	0.00	0.00	2000
233	10.80	2088	2167	0.00	213	0	0	0	nan	0.00	0.54	4.67	87.05	89.20	0.00	39	0	42	0.00	0.00	69.08	8.19	0.00	0.00	2000
229	11.10	2065	2098	0.00	200	0	0	0	nan	0.00	0.00	6.02	82.88	88.90	0.00	40	0	42	0.00	0.00	66.42	7.79	0.00	0.00	2000
229	11.09	2061	2102	0.00	198	0	0	0	nan	0.00	0.00	6.18	82.90	88.91	0.00	40	0	42	0.00	0.00	66.19	7.66	0.00	0.00	2000
232	11.38	2037	2100	0.00	202	0	0	0	nan	0.00	0.00	7.70	81.08	88.62	0.00	40	0	42	0.00	0.00	61.48	7.22	0.00	0.00	2000
229	10.94	2095	2099	0.00	198	0	0	0	nan	0.00	0.01	7.22	81.91	89.06	0.00	40	0	42	0.00	0.00	67.77	7.94	0.00	0.00	2000
227	11.04	2057	2098	0.00	199	0	0	0	nan	0.00	0.00	6.57	82.43	88.96	0.00	40	0	42	0.00	0.00	62.75	7.33	0.00	0.00	2000
230	10.83	2104	2118	0.00	197	0	0	0	nan	0.00	0.00	6.47	83.54	89.17	0.00	40	0	42	0.00	0.00	66.20	7.67	0.00	0.00	2000
226	11.16	2070	2055	0.00	201	0	0	0	nan	0.00	0.00	4.37	82.65	88.84	0.00	39	0	42	0.00	0.00	63.04	7.34	0.00	0.00	2000
236	11.19	2064	2142	0.00	214	0	0	0	nan	0.00	0.00	8.56	82.02	88.81	0.00	40	0	42	0.00	0.00	67.56	8.24	0.00	0.00	2000
228	10.85	2111	2092	0.99	196	0	0	5	28.15	0.00	0.00	5.46	83.27	89.15	0.00	41	0	42	0.00	0.00	66.36	7.51	0.00	0.00	2000
231	11.07	2073	2112	0.58	198	0	0	0	nan	0.00	0.00	4.50	85.05	88.93	0.00	40	0	42	0.00	0.00	65.64	7.70	0.00	0.00	2000
229	10.90	2106	2093	0.00	198	0	0	0	nan	0.00	0.52	4.14	84.21	89.10	0.00	40	0	42	0.00	0.00	64.83	7.68	0.00	0.00	2000
229	10.68	2151	2097	0.00	196	0	0	0	nan	0.01	1.07	4.34	83.89	89.32	0.00	40	0	42	0.00	0.00	65.07	7.55	0.00	0.00	2000
230	10.83	2132	2095	0.00	198	0	0	0	nan	0.01	0.00	5.64	83.41	89.17	0.00	40	0	42	0.00	0.00	61.99	7.42	0.00	0.00	2000
227	11.05	2076	2080	0.00	201	0	0	0	nan	0.00	0.00	6.94	81.21	88.95	0.00	40	0	42	0.00	0.00	65.12	7.77	0.00	0.00	2000
227	11.02	2058	2101	0.00	194	0	0	0	nan	0.00	0.00	6.77	82.34	88.98	0.00	40	0	42	0.00	0.00	65.74	8.09	0.00	0.00	2000
226	11.31	2010	2087	0.00	197	0	0	0	nan	0.00	0.00	5.21	83.00	88.69	0.00	40	0	42	0.00	0.00	67.70	7.83	0.00	0.00	2000
229	11.01	2055	2123	0.00	199	0	0	0	nan	0.00	0.01	3.50	86.58	88.99	0.00	40	0	42	0.00	0.00	63.36	7.35	0.00	0.00	2000
234	10.99	2122	2110	0.00	213	0	0	0	nan	0.00	0.00	4.89	84.55	89.01	0.00	40	0	42	0.00	0.00	67.00	7.92	0.00	0.00	2000
229	10.76	2130	2099	0.00	186	0	0	0	nan	0.00	0.03	6.93	82.32	89.24	0.00	41	0	42	0.00	0.00	66.37	7.70	0.00	0.00	2000
226	10.99	2081	2071	0.00	213	0	0	0	nan	0.00	0.00	5.04	82.84	89.01	0.00	40	0	42	0.00	0.00	62.14	7.21	0.00	0.00	2000
224	10.59	2087	2133	0.00	200	0	0	0	nan	0.00	0.00	5.19	85.70	89.41	0.00	39	0	42	0.00	0.00	66.32	7.67	0.00	0.00	2000
227	10.93	2091	2086	0.00	245	0	0	0	nan	0.00	0.00	3.00	85.52	89.07	0.00	40	0	42	0.00	0.00	64.56	7.51	0.00	0.00	2000
229	10.92	2086	2107	0.00	219	0	0	0	nan	0.00	0.00	3.52	85.91	89.08	0.00	41	0	42	0.00	0.00	65.10	7.68	0.00	0.00	2000
230	10.82	2125	2098	0.00	206	0	0	0	nan	0.00	0.02	4.73	84.39	89.18	0.00	41	0	43	0.00	0.00	65.11	7.42	0.00	0.00	2000
231	11.02	2088	2112	0.00	206	0	0	0	89.39	0.00	0.00	3.79	85.75	88.98	0.00	42	0	42	0.00	0.00	66.05	7.72	0.00	0.00	2000
228	11.13	2066	2084	1.43	204	0	0	6	89.49	0.00	0.01	3.49	84.80	88.87	0.00	42	0	42	0.00	0.00	64.38	7.58	0.00	0.00	2000
232	11.16	2082	2099	0.05	206	0	0	0	nan	0.00	0.01	3.98	84.83	88.84	0.00	39	0	42	0.00	0.00	63.07	7.34	0.00	0.00	2000
228	10.92	2099	2093	0.00	213	0	0	0	nan	0.00	0.00	6.87	81.95	89.08	0.00	40	0	42	0.00	0.00	67.59	7.73	0.00	0.00	2000
230	10.96	2082	2115	0.00	200	0	0	0	nan	0.00	0.00	5.23	84.53	89.04	0.00	41	0	42	0.00	0.00	65.63	7.69	0.00	0.00	2000
226	10.86	2105	2081	0.00	198	0	0	0	nan	0.00	0.03	5.00	83.37	89.14	0.00	41	0	42	0.00	0.00	64.16	7.41	0.00	0.00	2000
239	11.69	2049	2092	0.00	197	0	0	0	nan	0.00	0.02	5.23	82.83	88.31	0.00	38	0	42	0.00	0.00	65.28	7.48	0.00	0.00	2000
230	10.81	2108	2123	0.00	217	0	0	0	nan	0.00	0.00	8.49	81.78	89.19	0.00	39	0	42	0.00	0.00	65.10	7.51	0.00	0.00	2000
223	10.84	2078	2078	0.00	197	0	0	0	nan	0.00	0.28	5.87	82.17	89.16	0.00	40	0	42	0.00	0.00	63.10	7.28	0.00	0.00	2000
230	11.26	2061	2079	0.00	199	0	0	0	nan	0.00	0.00	4.34	83.62	88.74	0.00	40	0	42	0.00	0.00	65.42	7.42	0.00	0.00	2000
225	10.44	2102	2154	0.00	214	0	0	0	nan	0.00	0.71	4.41	86.88	89.56	0.00	40	0	42	0.00	0.00	65.65	7.52	0.00	0.00	2000
230	10.85	2135	2085	0.00	211	0	0	0	nan	0.00	0.02	4.28	84.26	89.15	0.00	41	0	42	0.00	0.00	64.06	7.20	0.00	0.00	2000
229	10.87	2099	2112	0.00	203	0	0	0	nan	0.00	0.00	3.81	85.86	89.13	0.00	41	0	42	0.00	0.00	65.89	7.68	0.00	0.00	2000
227	10.76	2123	2086	0.00	202	0	0	0	nan	0.00	0.02	3.52	85.23	89.24	0.00	42	0	42	0.00	0.00	64.43	7.23	0.00	0.00	2000
233	11.52	2044	2079	0.00	218	0	0	0	nan	0.00	0.02	3.70	83.96	88.48	0.00	39	0	42	0.00	0.00	63.82	7.55	0.00	0.00	2000
235	10.93	2109	2140	0.00	197	0	0	0	nan	0.00	0.00	5.91	84.93	89.07	0.00	38	0	42	0.00	0.00	65.68	7.67	0.00	0.00	2000
232	10.83	2145	2096	0.00	212	0	0	0	nan	0.00	0.02	6.98	82.06	89.17	0.00	39	0	43	0.00	0.00	64.41	7.45	0.00	0.00	2000
229	11.17	2051	2099	0.00	200	0	0	1	81.54	0.00	0.00	7.29	81.62	88.83	0.00	39	0	42	0.00	0.00	66.62	7.68	0.00	0.00	2000
231	11.18	2064	2104	1.04	195	0	0	7	77.29	0.00	0.00	5.42	83.60	88.82	0.00	39	0	42	0.00	0.00	62.17	7.08	0.00	0.00	2000
231	10.84	2137	2096	0.00	202	0	0	0	nan	0.00	0.00	6.90	82.08	89.16	0.00	39	0	43	0.00	0.00	67.44	7.83	0.00	0.00	2000
228	10.90	2086	2102	0.00	196	0	0	0	nan	0.00	0.03	5.39	83.84	89.10	0.00	39	0	42	0.00	0.00	65.05	7.49	0.00	0.00	2000
229	10.89	2126	2077	0.00	202	0	0	0	nan	0.00	0.07	6.63	81.55	89.11	0.00	39	0	42	0.00	0.00	63.89	7.34	0.00	0.00	2000
232	10.78	2118	2131	0.00	197	0	0	0	nan	0.00	0.04	3.90	86.61	89.22	0.00	39	0	42	0.00	0.00	67.62	9.53	0.00	0.00	2000
229	11.07	2080	2092	0.00	198	0	0	0	nan	0.00	0.99	5.13	82.64	88.93	0.00	39	0	42	0.00	0.00	65.45	8.61	0.00	0.00	2000
231	11.13	2075	2105	0.00	199	0	0	0	nan	0.00	0.00	6.76	82.34	88.87	0.00	39	0	42	0.00	0.00	65.29	7.83	0.00	0.00	2000
200	10.51	1914	2084	0.00	202	0	0	0	nan	0.00	0.02	5.01	83.96	89.49	0.00	38	0	42	0.00	0.00	62.25	7.41	0.00	0.00	2000
109	7.74	1412	2086	0.00	222	0	0	0	nan	0.00	0.02	6.59	85.11	92.26	0.00	37	0	42	0.00	0.00	58.96	7.39	0.00	0.00	2000
80	7.10	1128	2108	0.00	209	0	0	0	nan	0.00	0.03	2.64	90.62	92.90	0.00	37	0	42	0.00	0.00	60.62	7.75	0.00	0.00	2000
74	6.42	1132	2131	0.00	194	0	0	0	nan	0.00	0.01	2.70	92.25	93.58	0.00	37	0	42	0.00	0.00	58.88	7.61	0.00	0.00	2000
84	6.92	1229	2084	0.00	129	0	0	0	nan	0.00	0.00	4.45	87.88	93.08	0.00	37	0	43	0.00	0.00	60.02	7.64	0.00	0.00	2000
