Avg_MHz	Busy%	Bzy_MHz	TSC_MHz	IPC	IRQ	NMI	SMI	LLCMRPS	LLC%hit	POLL%	C1%	C1E%	C6%	CPU%c1	CPU%c6	CoreTmp	CoreThr	PkgTmp	Pkg%pc2	Pkg%pc6	PkgWatt	RAMWatt	PKG_%	RAM_%	UncMHz
226	13.53	1797	1949	0.00	235	0	0	0	nan	0.00	0.01	23.73	56.59	86.47	0.00	37	0	42	0.00	0.00	56.70	7.17	0.00	0.00	2000
399	17.08	2094	2342	0.00	248	0	0	0	nan	0.04	1.49	15.33	76.03	82.92	0.00	38	0	42	0.00	0.00	75.46	8.73	0.00	0.00	2000
78	6.89	1142	2088	0.00	193	0	0	0	nan	0.00	0.00	7.68	85.05	93.11	0.00	37	0	42	0.00	0.00	58.52	7.46	0.00	0.00	2000
73	6.27	1167	2103	0.00	194	0	0	0	nan	0.00	0.00	2.14	91.76	93.73	0.00	37	0	42	0.00	0.00	58.02	7.42	0.00	0.00	2000
74	6.89	1062	2120	0.00	193	0	0	0	nan	0.00	0.00	2.08	92.05	93.11	0.00	37	0	42	0.00	0.00	60.13	7.37	0.00	0.00	2000
72	6.64	1085	2097	0.00	194	0	0	0	nan	0.00	0.00	2.70	90.64	93.36	0.00	37	0	42	0.00	0.00	59.10	7.72	0.00	0.00	2000
74	6.92	1075	2101	0.00	197	0	0	0	nan	0.00	0.00	4.82	88.36	93.08	0.00	37	0	42	0.00	0.00	58.56	7.54	0.00	0.00	2000
72	6.79	1059	2092	0.00	194	0	0	0	nan	0.00	0.02	3.49	89.41	93.21	0.00	37	0	42	0.00	0.00	59.18	7.48	0.00	0.00	2000
72	6.84	1058	2081	0.00	193	0	0	0	nan	0.00	0.00	2.54	89.83	93.16	0.00	37	0	42	0.00	0.00	58.34	7.59	0.00	0.00	2000
71	7.01	1003	2117	0.00	194	0	0	0	nan	0.00	0.00	3.06	90.91	92.99	0.00	37	0	42	0.00	0.00	58.83	7.26	0.00	0.00	2000
73	7.10	1028	2091	0.00	196	0	0	0	nan	0.00	0.01	2.93	89.74	92.90	0.00	37	0	42	0.00	0.00	57.64	7.63	0.00	0.00	2000
72	7.29	971	2121	0.00	210	0	0	0	nan	0.00	0.00	3.63	90.15	92.71	0.00	36	0	42	0.00	0.00	57.81	7.53	0.00	0.00	2000
73	6.69	1085	2101	0.00	193	0	0	0	nan	0.00	0.02	3.50	89.98	93.31	0.00	36	0	42	0.00	0.00	58.32	7.43	0.00	0.00	2000
72	6.73	1073	2099	0.00	194	0	0	0	nan	0.00	0.02	3.12	90.15	93.27	0.00	37	0	42	0.00	0.00	58.37	7.34	0.00	0.00	2000
73	6.85	1065	2088	0.00	195	0	0	0	nan	0.00	0.00	3.76	88.91	93.15	0.00	37	0	42	0.00	0.00	58.59	7.37	0.00	0.00	2000
72	6.65	1080	2109	0.00	193	0	0	1	87.47	0.00	0.03	2.77	91.04	93.35	0.00	37	0	42	0.00	0.00	58.73	7.53	0.00	0.00	2000
74	7.10	1044	2103	0.09	193	0	0	2	85.31	0.00	0.02	2.89	90.19	92.90	0.00	37	0	42	0.00	0.00	59.54	7.48	0.00	0.00	2000
72	6.89	1044	2101	0.00	194	0	0	0	nan	0.00	0.02	3.37	89.89	93.11	0.00	37	0	42	0.00	0.00	60.16	7.93	0.00	0.00	2000
141	8.73	1625	2085	0.00	216	0	0	0	nan	0.01	0.00	6.37	84.36	91.27	0.00	37	0	42	0.00	0.00	58.95	7.18	0.00	0.00	2000
232	11.24	2045	2117	0.00	206	0	0	0	nan	0.00	0.00	3.08	86.44	88.76	0.00	38	0	42	0.00	0.00	67.45	7.66	0.00	0.00	2000
230	11.05	2075	2102	0.00	201	0	0	0	nan	0.00	0.00	3.17	85.88	88.95	0.00	39	0	42	0.00	0.00	65.13	7.38	0.00	0.00	2000
224	11.06	2061	2065	0.00	204	0	0	0	nan	0.00	0.00	4.16	83.37	88.94	0.00	40	0	42	0.00	0.00	62.06	7.06	0.00	0.00	2000
234	11.30	2114	2057	0.00	205	0	0	0	nan	0.00	0.02	2.79	84.14	88.70	0.00	38	0	42	0.00	0.00	64.66	7.38	0.00	0.00	2000
237	11.07	2062	2176	0.00	216	0	0	0	nan	0.01	0.00	5.26	86.97	88.93	0.00	37	0	42	0.00	0.00	70.87	8.36	0.00	0.00	2000
231	11.23	2057	2104	0.00	198	0	0	0	nan	0.00	0.00	4.85	84.24	88.78	0.00	37	0	42	0.00	0.00	65.41	7.53	0.00	0.00	2000
228	10.95	2108	2073	0.00	198	0	0	0	nan	0.00	0.00	3.88	84.17	89.05	0.00	37	0	42	0.00	0.00	64.37	7.54	0.00	0.00	2000
237	11.29	2081	2119	0.00	221	0	0	0	nan	0.00	0.61	2.19	86.87	88.71	0.00	37	0	42	0.00	0.00	67.60	7.92	0.00	0.00	2000
229	10.99	2107	2075	0.00	198	0	0	0	nan	0.00	0.02	3.75	84.23	89.01	0.00	37	0	42	0.00	0.00	63.20	7.31	0.00	0.00	2000
228	10.81	2106	2104	0.00	194	0	0	0	nan	0.00	0.02	3.36	85.96	89.19	0.00	37	0	42	0.00	0.00	66.38	7.57	0.00	0.00	2000
233	10.92	2122	2111	0.00	197	0	0	0	nan	0.00	0.99	4.01	84.69	89.08	0.00	38	0	42	0.00	0.00	65.34	7.41	0.00	0.00	2000
231	11.22	2083	2072	0.00	197	0	0	0	nan	0.01	0.02	4.83	82.89	88.78	0.00	38	0	42	0.00	0.00	65.08	7.52	0.00	0.00	2000
230	10.92	2067	2138	0.00	218	0	0	0	nan	0.00	0.00	6.71	83.98	89.08	0.00	38	0	42	0.00	0.00	65.46	7.60	0.00	0.00	2000
231	11.20	2060	2105	0.00	196	0	0	8	73.60	0.00	0.00	5.70	83.29	88.80	0.00	38	0	42	0.00	0.00	64.59	7.29	0.00	0.00	2000
224	11.11	2054	2064	0.65	196	0	0	13	94.91	0.00	0.02	3.61	83.79	88.89	0.00	38	0	42	0.00	0.00	63.27	7.13	0.00	0.00	2000
229	11.27	2033	2103	0.00	213	0	0	0	nan	0.00	0.06	4.32	84.62	88.73	0.00	38	0	42	0.00	0.00	67.49	7.68	0.00	0.00	2000
238	11.29	2079	2132	0.00	202	0	0	0	nan	0.00	0.01	5.61	84.50	88.71	0.00	38	0	42	0.00	0.00	66.58	7.62	0.00	0.00	2000
231	11.03	2091	2104	0.00	195	0	0	0	nan	0.00	0.00	6.97	82.32	88.97	0.00	38	0	42	0.00	0.00	64.61	7.73	0.00	0.00	2000
225	10.88	2094	2072	0.00	197	0	0	0	nan	0.00	0.01	5.91	82.06	89.12	0.00	39	0	42	0.00	0.00	64.37	7.82	0.00	0.00	2000
225	10.74	2075	2124	0.00	196	0	0	0	nan	0.00	0.00	7.27	83.14	89.26	0.00	39	0	42	0.00	0.00	64.16	7.59	0.00	0.00	2000
222	10.91	2039	2098	0.00	199	0	0	0	nan	0.00	0.01	6.63	82.56	89.09	0.00	40	0	42	0.00	0.00	64.72	7.56	0.00	0.00	2000
224	11.12	2010	2104	0.00	196	0	0	0	nan	0.00	0.01	6.18	83.09	88.88	0.00	40	0	42	0.00	0.00	63.20	7.37	0.00	0.00	2000
222	11.12	1992	2104	0.00	198	0	0	0	nan	0.03	0.01	4.20	85.04	88.88	0.00	40	0	42	0.00	0.00	64.26	7.52	0.00	0.00	2000
221	11.08	2046	2047	0.00	199	0	0	0	nan	0.02	0.00	3.91	82.93	88.92	0.00	39	0	42	0.00	0.00	62.54	7.23	0.00	0.00	2000
221	10.72	2068	2095	0.00	201	0	0	0	nan	0.00	0.02	5.08	83.98	89.28	0.00	37	0	42	0.00	0.00	63.12	7.43	0.00	0.00	2000
234	11.11	2054	2150	0.00	209	0	0	0	nan	0.00	0.00	4.26	86.84	88.89	0.00	37	0	42	0.00	0.00	68.90	7.87	0.00	0.00	2000
232	11.68	1980	2107	0.00	202	0	0	0	nan	0.00	0.02	4.69	83.95	88.32	0.00	38	0	42	0.00	0.00	64.75	7.48	0.00	0.00	2000
228	10.96	2103	2073	0.00	196	0	0	0	nan	0.00	0.02	5.19	82.79	89.04	0.00	38	0	43	0.00	0.00	63.24	7.61	0.00	0.00	2000
233	11.04	2079	2134	0.00	198	0	0	0	nan	0.00	0.03	5.11	85.29	88.96	0.00	38	0	42	0.00	0.00	67.12	7.83	0.00	0.00	2000
227	10.77	2122	2087	0.00	197	0	0	0	nan	0.00	0.02	3.80	84.94	89.23	0.00	38	0	42	0.00	0.00	65.65	7.74	0.00	0.00	2000
232	10.91	2127	2102	0.00	198	0	0	14	64.81	0.00	0.01	4.51	84.69	89.09	0.00	38	0	42	0.00	0.00	65.94	7.89	0.00	0.00	2000
236	11.17	2107	2109	0.62	199	0	0	18	73.50	0.00	0.01	3.65	85.59	88.83	0.00	38	0	42	0.00	0.00	66.50	7.87	0.00	0.00	2000
232	11.48	2020	2097	0.00	201	0	0	0	nan	0.00	0.43	6.34	81.75	88.52	0.00	38	0	42	0.00	0.00	65.09	7.50	0.00	0.00	2000
231	11.43	2013	2103	0.00	197	0	0	0	nan	0.00	0.00	7.15	81.71	88.57	0.00	39	0	42	0.00	0.00	65.92	7.62	0.00	0.00	2000
230	11.13	2066	2100	0.00	198	0	0	0	nan	0.00	0.98	6.44	81.53	88.87	0.00	38	0	42	0.00	0.00	64.02	7.39	0.00	0.00	2000
232	11.14	2137	2049	0.00	199	0	0	0	nan	0.00	0.42	6.62	79.64	88.86	0.00	37	0	42	0.00	0.00	63.58	7.52	0.00	0.00	2000
243	11.44	2117	2104	0.00	224	0	0	0	nan	0.00	0.00	5.14	83.76	88.56	0.00	37	0	42	0.00	0.00	64.11	7.71	0.00	0.00	2000
235	11.22	2052	2141	0.00	198	0	0	0	nan	0.00	0.92	6.44	83.35	88.78	0.00	37	0	42	0.00	0.00	67.34	8.04	0.00	0.00	2000
231	11.42	2007	2115	0.00	196	0	0	0	nan	0.00	0.00	8.08	81.37	88.58	0.00	38	0	42	0.00	0.00	64.88	7.87	0.00	0.00	2000
232	11.41	2040	2092	0.00	199	0	0	0	nan	0.00	0.00	7.06	81.43	88.59	0.00	38	0	42	0.00	0.00	62.06	7.16	0.00	0.00	2000
230	11.33	2029	2101	0.00	198	0	0	0	nan	0.00	0.00	6.95	81.91	88.67	0.00	38	0	42	0.00	0.00	64.81	7.39	0.00	0.00	2000
235	11.60	2024	2102	0.00	197	0	0	0	nan	0.00	0.00	6.03	82.67	88.40	0.00	38	0	42	0.00	0.00	65.64	7.58	0.00	0.00	2000
231	11.34	2042	2095	0.00	183	0	0	0	nan	0.00	0.00	6.22	82.42	88.66	0.00	38	0	42	0.00	0.00	62.81	7.35	0.00	0.00	2000
231	11.44	2022	2096	0.00	196	0	0	0	nan	0.00	0.02	7.79	80.83	88.56	0.00	38	0	42	0.00	0.00	63.94	7.53	0.00	0.00	2000
232	11.43	2022	2105	0.00	194	0	0	0	nan	0.00	0.01	6.06	82.96	88.57	0.00	38	0	42	0.00	0.00	65.46	7.62	0.00	0.00	2000
233	11.46	2033	2098	0.00	197	0	0	0	nan	0.00	0.02	6.23	82.42	88.54	0.00	38	0	42	0.00	0.00	62.02	7.21	0.00	0.00	2000
227	11.53	2064	2002	0.00	195	0	0	0	nan	0.00	0.02	4.94	79.62	88.47	0.00	38	0	42	0.00	0.00	60.76	7.32	0.00	0.00	2000
238	10.97	2066	2200	0.00	200	0	0	5	83.47	0.00	0.08	5.50	87.84	89.03	0.00	38	0	42	0.00	0.00	68.09	8.24	0.00	0.00	2000
231	11.06	2087	2098	0.81	196	0	0	16	83.31	0.01	0.94	4.02	84.14	88.94	0.00	38	0	42	0.00	0.00	64.24	7.59	0.00	0.00	2000
233	11.64	1996	2104	0.00	197	0	0	0	nan	0.00	0.00	5.61	83.13	88.36	0.00	38	0	42	0.00	0.00	63.90	7.51	0.00	0.00	2000
230	11.56	1996	2093	0.00	197	0	0	0	nan	0.00	0.00	6.48	81.89	88.44	0.00	38	0	42	0.00	0.00	63.88	7.43	0.00	0.00	2000
232	11.44	2018	2107	0.00	196	0	0	0	nan	0.00	0.00	7.36	81.64	88.56	0.00	38	0	42	0.00	0.00	63.87	7.56	0.00	0.00	2000
232	11.43	2029	2103	0.00	202	0	0	0	nan	0.00	0.02	6.85	82.01	88.57	0.00	38	0	42	0.00	0.00	64.31	7.64	0.00	0.00	2000
590	25.99	2470	1930	0.00	217	0	0	0	nan	0.00	0.01	5.17	62.92	74.01	0.00	38	0	42	0.00	0.00	61.97	7.59	0.00	0.00	2000
687	27.49	2500	2100	0.00	234	0	0	0	nan	0.00	0.00	3.28	69.35	72.51	0.00	38	0	42	0.00	0.00	76.66	8.48	0.00	0.00	2000
690	27.57	2500	2101	0.00	244	0	0	0	nan	0.00	0.00	4.02	68.57	72.43	0.00	38	0	42	0.00	0.00	74.56	8.55	0.00	0.00	2000
687	27.47	2500	2100	0.00	235	0	0	0	nan	0.00	0.00	3.28	69.37	72.53	0.00	39	0	42	0.00	0.00	74.59	8.50	0.00	0.00	2000
691	27.66	2500	2099	0.00	236	0	0	0	nan	0.00	0.00	3.98	68.44	72.34	0.00	39	0	42	0.00	0.00	72.19	8.09	0.00	0.00	2000
693	27.44	2500	2122	0.00	242	0	0	0	nan	0.00	0.00	3.28	70.16	72.56	0.00	39	0	42	0.00	0.00	75.55	8.55	0.00	0.00	2000
679	27.74	2500	2055	0.00	235	0	0	0	nan	0.00	0.00	2.97	67.88	72.26	0.00	39	0	42	0.00	0.00	75.09	8.50	0.00	0.00	2000
697	27.59	2500	2123	0.00	243	0	0	0	nan	0.00	0.00	3.18	70.16	72.41	0.00	39	0	42	0.00	0.00	73.71	8.18	0.00	0.00	2000
689	27.56	2500	2100	0.00	254	0	0	0	nan	0.00	0.01	3.21	69.35	72.44	0.00	39	0	42	0.00	0.00	74.29	8.40	0.00	0.00	2000
689	27.56	2500	2101	0.00	235	0	0	0	nan	0.00	0.00	3.39	69.19	72.44	0.00	39	0	42	0.00	0.00	74.95	8.42	0.00	0.00	2000
688	27.52	2500	2099	0.44	243	0	0	57	69.18	0.00	0.00	3.16	69.42	72.48	0.00	39	0	42	0.00	0.00	74.04	8.46	0.00	0.00	2000
702	28.08	2500	2100	0.19	236	0	0	0	nan	0.00	0.00	4.00	68.04	71.92	0.00	39	0	42	0.00	0.00	75.22	8.34	0.00	0.00	2000
690	27.62	2500	2100	0.00	243	0	0	0	nan	0.00	0.01	3.82	68.68	72.38	0.00	39	0	42	0.00	0.00	74.70	8.53	0.00	0.00	2000
687	27.49	2500	2101	0.00	231	0	0	0	nan	0.00	0.00	3.21	69.44	72.51	0.00	39	0	42	0.00	0.00	71.85	8.25	0.00	0.00	2000
689	26.46	2482	2203	0.00	269	0	0	0	nan	0.00	0.02	5.53	71.79	73.54	0.00	40	0	42	0.00	0.00	84.85	9.11	0.00	0.00	2000
238	11.59	2040	2113	0.00	227	0	0	0	nan	0.04	0.03	10.24	78.87	88.41	0.00	37	0	42	0.00	0.00	64.43	7.88	0.00	0.00	2000
233	11.24	2001	2179	0.00	213	0	0	0	nan	0.00	0.00	8.46	83.88	88.76	0.00	37	0	42	0.00	0.00	67.71	8.02	0.00	0.00	2000
229	11.30	2063	2067	0.00	180	0	0	0	nan	0.00	0.00	7.10	80.37	88.70	0.00	37	0	42	0.00	0.00	60.87	7.34	0.00	0.00	2000
231	11.26	2043	2111	0.00	197	0	0	0	nan	0.00	0.01	6.24	83.15	88.74	0.00	37	0	42	0.00	0.00	66.15	7.77	0.00	0.00	2000
233	11.66	2002	2094	0.00	198	0	0	0	nan	0.00	0.14	7.00	81.14	88.34	0.00	37	0	42	0.00	0.00	63.65	7.85	0.00	0.00	2000
231	11.37	2023	2114	0.00	200	0	0	0	nan	0.03	0.37	3.56	85.49	88.63	0.00	37	0	42	0.00	0.00	61.40	7.91	0.00	0.00	2000
237	11.80	2030	2078	0.00	213	0	0	0	nan	0.00	1.00	9.32	77.15	88.20	0.00	37	0	42	0.00	0.00	64.12	7.29	0.00	0.00	2000
235	11.28	2061	2120	0.00	197	0	0	0	nan	0.04	0.00	10.51	79.18	88.72	0.00	37	0	42	0.00	0.00	67.29	8.16	0.00	0.00	2000
222	10.68	2088	2095	0.00	216	0	0	0	nan	0.00	0.90	6.71	81.60	89.32	0.00	38	0	42	0.00	0.00	60.89	7.43	0.00	0.00	2000
215	11.15	1970	2059	0.00	227	0	0	0	nan	0.00	0.58	6.97	79.75	88.85	0.00	38	0	42	0.00	0.00	65.01	7.80	0.00	0.00	2000
80	6.67	1170	2162	0.00	234	0	0	0	nan	0.00	0.51	6.91	88.66	93.33	0.00	37	0	42	0.00	0.00	61.44	7.88	0.00	0.00	2000
88	7.54	1180	2081	0.17	193	0	0	1	82.36	0.00	0.00	3.95	87.79	92.46	0.00	37	0	42	0.00	0.00	53.69	7.27	0.00	0.00	2000
122	8.67	1362	2170	0.83	65	0	0	4	91.29	0.00	0.12	7.68	86.71	91.33	0.00	37	0	42	0.00	0.00	73.30	8.31	0.00	0.00	2000
