Avg_MHz	Busy%	Bzy_MHz	TSC_MHz	IPC	IRQ	NMI	SMI	LLCMRPS	LLC%hit	POLL%	C1%	C1E%	C6%	CPU%c1	CPU%c6	CoreTmp	CoreThr	PkgTmp	Pkg%pc2	Pkg%pc6	PkgWatt	RAMWatt	PKG_%	RAM_%	UncMHz
187	11.92	1543	2130	0.00	248	0	0	0	nan	0.00	0.02	31.20	58.23	88.08	0.00	37	0	42	0.00	0.00	61.62	7.61	0.00	0.00	2000
397	18.57	2152	2086	0.00	213	0	0	0	nan	0.00	1.40	14.54	65.14	81.43	0.00	37	0	42	0.00	0.00	66.45	7.57	0.00	0.00	2000
238	13.34	1764	2129	0.00	225	0	0	0	nan	0.04	1.25	19.40	67.26	86.66	0.00	37	0	42	0.00	0.00	65.53	7.62	0.00	0.00	2000
76	6.91	1103	2105	0.00	195	0	0	0	nan	0.00	0.00	4.13	89.33	93.09	0.00	37	0	42	0.00	0.00	59.19	7.53	0.00	0.00	2000
72	6.61	1103	2082	0.00	194	0	0	0	nan	0.00	0.00	3.30	89.40	93.39	0.00	37	0	42	0.00	0.00	56.64	7.02	0.00	0.00	2000
73	6.84	1059	2129	0.00	194	0	0	0	nan	0.00	0.00	1.92	92.54	93.16	0.00	37	0	42	0.00	0.00	58.64	7.65	0.00	0.00	2000
72	6.91	1055	2084	0.00	194	0	0	0	nan	0.00	0.00	2.92	89.64	93.09	0.00	37	0	42	0.00	0.00	58.97	7.65	0.00	0.00	2000
72	6.78	1064	2087	0.00	194	0	0	0	nan	0.00	0.02	2.76	89.94	93.22	0.00	37	0	42	0.00	0.00	57.92	7.32	0.00	0.00	2000
76	6.73	1115	2125	0.00	194	0	0	0	nan	0.00	0.02	2.70	91.73	93.27	0.00	37	0	42	0.00	0.00	58.94	7.49	0.00	0.00	2000
72	7.03	1036	2085	0.00	196	0	0	0	nan	0.00	0.02	4.20	88.23	92.97	0.00	37	0	42	0.00	0.00	58.48	7.38	0.00	0.00	2000
80	6.76	1175	2106	0.00	195	0	0	0	nan	0.00	0.02	2.10	91.53	93.24	0.00	37	0	42	0.00	0.00	57.53	7.27	0.00	0.00	2000
72	6.99	1040	2077	0.00	195	0	0	0	nan	0.00	0.00	2.86	89.20	93.01	0.00	37	0	42	0.00	0.00	56.97	7.32	0.00	0.00	2000
76	6.82	1105	2127	0.00	212	0	0	0	nan	0.00	0.00	5.70	88.65	93.18	0.00	37	0	42	0.00	0.00	61.77	7.84	0.00	0.00	2000
72	6.38	1129	2091	0.00	178	0	0	0	nan	0.00	0.02	2.75	90.48	93.62	0.00	37	0	42	0.00	0.00	57.10	7.32	0.00	0.00	2000
73	6.78	1069	2113	0.00	193	0	0	0	nan	0.00	0.00	2.34	91.50	93.22	0.00	37	0	42	0.00	0.00	58.97	7.58	0.00	0.00	2000
72	6.63	1087	2097	0.00	196	0	0	0	nan	0.00	0.00	3.36	89.90	93.37	0.00	37	0	42	0.00	0.00	58.92	7.51	0.00	0.00	2000
73	6.61	1103	2111	0.30	193	0	0	0	81.78	0.00	0.01	2.64	91.24	93.39	0.00	37	0	42	0.00	0.00	59.11	7.51	0.00	0.00	2000
74	6.23	1188	2096	0.10	194	0	0	0	nan	0.00	0.01	3.20	90.34	93.77	0.00	37	0	42	0.00	0.00	57.08	7.39	0.00	0.00	2000
73	6.39	1138	2094	0.00	193	0	0	0	nan	0.00	0.00	3.31	90.09	93.61	0.00	37	0	42	0.00	0.00	61.36	7.86	0.00	0.00	2000
225	10.82	2078	2098	0.00	217	0	0	0	nan	0.01	0.02	5.57	83.58	89.18	0.00	38	0	42	0.00	0.00	62.75	7.32	0.00	0.00	2000
229	10.71	2147	2092	0.00	207	0	0	0	nan	0.00	0.00	3.39	85.58	89.29	0.00	40	0	42	0.00	0.00	66.21	7.50	0.00	0.00	2000
229	10.85	2107	2106	0.00	203	0	0	0	nan	0.00	0.00	2.88	86.66	89.15	0.00	40	0	42	0.00	0.00	65.39	7.40	0.00	0.00	2000
232	10.80	2140	2105	0.00	202	0	0	0	nan	0.00	0.02	3.59	85.88	89.20	0.00	40	0	42	0.00	0.00	64.66	7.52	0.00	0.00	2000
237	11.40	2084	2098	0.00	196	0	0	0	nan	0.00	0.02	5.53	83.01	88.60	0.00	38	0	42	0.00	0.00	67.66	8.02	0.00	0.00	2000
234	11.16	2102	2093	0.00	199	0	0	0	nan	0.00	0.04	4.67	83.92	88.84	0.00	37	0	42	0.00	0.00	65.23	7.58	0.00	0.00	2000
235	11.29	2074	2107	0.00	200	0	0	0	nan	0.00	0.00	5.58	83.47	88.71	0.00	37	0	42	0.00	0.00	65.26	7.81	0.00	0.00	2000
227	10.96	2107	2069	0.00	197	0	0	0	nan	0.00	0.43	5.71	81.43	89.04	0.00	37	0	42	0.00	0.00	66.61	7.50	0.00	0.00	2000
234	11.29	2086	2082	0.00	197	0	0	0	nan	0.00	0.02	4.66	83.35	88.71	0.00	37	0	42	0.00	0.00	66.49	7.81	0.00	0.00	2000
231	11.03	2051	2149	0.00	212	0	0	0	nan	0.00	0.00	6.51	84.58	88.97	0.00	38	0	42	0.00	0.00	68.33	7.83	0.00	0.00	2000
233	11.61	2009	2100	0.00	204	0	0	0	nan	0.00	0.00	6.58	81.98	88.39	0.00	38	0	42	0.00	0.00	62.79	7.10	0.00	0.00	2000
231	11.28	2050	2098	0.00	198	0	0	0	nan	0.01	0.00	7.27	81.41	88.72	0.00	38	0	42	0.00	0.00	65.63	7.49	0.00	0.00	2000
230	11.07	2078	2098	0.00	196	0	0	0	nan	0.00	0.00	6.13	82.81	88.93	0.00	38	0	42	0.00	0.00	65.89	7.42	0.00	0.00	2000
231	10.89	2119	2098	0.00	198	0	0	0	nan	0.00	0.00	6.29	82.78	89.11	0.00	39	0	42	0.00	0.00	65.54	7.60	0.00	0.00	2000
231	11.24	2049	2104	0.51	200	0	0	16	78.19	0.00	0.00	5.67	83.31	88.76	0.00	38	0	42	0.00	0.00	65.16	7.35	0.00	0.00	2000
233	10.78	2159	2106	0.21	195	0	0	0	nan	0.00	0.00	6.36	83.19	89.22	0.00	39	0	42	0.00	0.00	66.63	7.45	0.00	0.00	2000
230	11.12	2086	2086	0.00	203	0	0	0	nan	0.00	0.02	6.10	82.27	88.88	0.00	39	0	42	0.00	0.00	64.76	7.36	0.00	0.00	2000
230	10.74	2135	2109	0.00	196	0	0	0	nan	0.00	0.02	5.27	84.34	89.26	0.00	39	0	42	0.00	0.00	65.07	7.59	0.00	0.00	2000
228	10.82	2130	2082	0.00	198	0	0	0	nan	0.00	0.01	5.53	82.89	89.18	0.00	39	0	42	0.00	0.00	65.90	7.40	0.00	0.00	2000
235	11.10	2101	2116	0.00	199	0	0	0	nan	0.00	0.98	7.74	80.96	88.90	0.00	38	0	42	0.00	0.00	65.23	7.39	0.00	0.00	2000
231	10.79	2138	2106	0.00	198	0	0	0	nan	0.00	0.00	6.37	83.06	89.21	0.00	38	0	42	0.00	0.00	64.10	7.39	0.00	0.00	2000
235	11.33	2074	2096	0.00	199	0	0	0	nan	0.00	0.00	5.85	82.75	88.67	0.00	39	0	42	0.00	0.00	68.86	7.83	0.00	0.00	2000
232	10.94	2116	2107	0.00	198	0	0	0	nan	0.00	0.00	4.99	84.51	89.06	0.00	39	0	42	0.00	0.00	63.99	7.42	0.00	0.00	2000
231	11.04	2095	2094	0.00	196	0	0	0	nan	0.00	0.00	4.92	83.88	88.96	0.00	40	0	42	0.00	0.00	65.20	7.35	0.00	0.00	2000
232	10.95	2119	2103	0.00	196	0	0	0	nan	0.01	0.00	5.67	83.49	89.05	0.00	39	0	42	0.00	0.00	64.04	7.22	0.00	0.00	2000
237	11.08	2137	2101	0.00	198	0	0	0	nan	0.00	0.00	6.25	82.81	88.92	0.00	40	0	42	0.00	0.00	66.01	7.64	0.00	0.00	2000
232	11.40	2040	2093	0.00	202	0	0	0	nan	0.00	0.00	8.01	80.35	88.60	0.00	40	0	42	0.00	0.00	65.13	7.46	0.00	0.00	2000
230	11.14	2071	2091	0.00	200	0	0	0	nan	0.01	0.01	4.98	83.47	88.86	0.00	40	0	42	0.00	0.00	65.97	7.67	0.00	0.00	2000
232	10.94	2105	2115	0.00	197	0	0	0	nan	0.00	0.00	5.13	84.60	89.06	0.00	40	0	42	0.00	0.00	64.76	7.50	0.00	0.00	2000
231	11.38	2104	2028	0.00	199	0	0	0	nan	0.00	0.01	4.63	80.99	88.62	0.00	38	0	42	0.00	0.00	64.61	7.46	0.00	0.00	2000
245	10.94	2157	2179	0.00	219	0	0	0	nan	0.00	0.09	4.36	88.09	89.06	0.00	37	0	42	0.00	0.00	67.62	7.93	0.00	0.00	2000
235	11.30	2078	2098	0.64	200	0	0	11	33.77	0.00	0.02	4.95	83.84	88.70	0.00	37	0	42	0.00	0.00	64.69	7.93	0.00	0.00	2000
228	11.28	2109	2014	0.31	196	0	0	0	nan	0.00	0.00	5.97	79.17	88.72	0.00	38	0	42	0.00	0.00	59.53	7.63	0.00	0.00	2000
238	10.94	2098	2177	0.00	213	0	0	0	nan	0.00	0.02	5.96	86.43	89.06	0.00	37	0	42	0.00	0.00	71.73	8.89	0.00	0.00	2000
228	11.19	2033	2108	0.00	197	0	0	0	nan	0.00	0.01	6.52	82.67	88.81	0.00	37	0	42	0.00	0.00	65.00	7.51	0.00	0.00	2000
236	11.07	2130	2103	0.00	198	0	0	0	nan	0.00	0.00	6.41	82.66	88.93	0.00	38	0	42	0.00	0.00	64.92	7.36	0.00	0.00	2000
228	10.51	2167	2103	0.00	198	0	0	0	nan	0.00	0.00	6.85	82.74	89.49	0.00	38	0	42	0.00	0.00	65.93	7.53	0.00	0.00	2000
230	10.64	2165	2097	0.00	196	0	0	0	nan	0.00	0.00	5.62	83.59	89.36	0.00	38	0	42	0.00	0.00	65.32	7.49	0.00	0.00	2000
231	10.89	2099	2117	0.00	181	0	0	0	nan	0.00	0.00	6.35	83.60	89.11	0.00	38	0	42	0.00	0.00	67.38	7.69	0.00	0.00	2000
229	10.57	2180	2091	0.00	197	0	0	0	nan	0.00	0.00	5.73	83.32	89.43	0.00	39	0	42	0.00	0.00	60.78	6.85	0.00	0.00	2000
228	11.00	2078	2097	0.00	198	0	0	0	nan	0.00	0.06	2.84	85.97	89.00	0.00	39	0	42	0.00	0.00	65.47	7.54	0.00	0.00	2000
234	10.79	2164	2109	0.00	200	0	0	0	nan	0.00	0.01	4.73	84.95	89.21	0.00	39	0	42	0.00	0.00	66.94	7.69	0.00	0.00	2000
225	11.00	2103	2042	0.00	182	0	0	0	nan	0.00	0.02	4.87	81.67	89.00	0.00	39	0	42	0.00	0.00	60.34	6.93	0.00	0.00	2000
229	10.90	2054	2149	0.00	214	0	0	0	nan	0.00	0.00	6.79	84.49	89.10	0.00	39	0	42	0.00	0.00	68.18	7.83	0.00	0.00	2000
227	10.80	2108	2098	0.00	198	0	0	0	nan	0.00	0.98	5.80	82.40	89.20	0.00	39	0	42	0.00	0.00	65.71	7.51	0.00	0.00	2000
229	10.81	2117	2104	0.00	197	0	0	0	nan	0.00	0.00	6.22	83.17	89.19	0.00	39	0	42	0.00	0.00	65.64	7.45	0.00	0.00	2000
227	10.94	2103	2072	0.00	182	0	0	0	nan	0.00	0.00	7.65	80.30	89.06	0.00	39	0	42	0.00	0.00	65.79	7.59	0.00	0.00	2000
235	11.13	2068	2140	0.00	202	0	0	0	nan	0.00	0.00	6.85	83.83	88.87	0.00	39	0	42	0.00	0.00	67.38	7.73	0.00	0.00	2000
227	11.04	2068	2083	0.22	196	0	0	12	44.05	0.00	0.02	6.59	81.76	88.96	0.00	38	0	42	0.00	0.00	62.60	7.48	0.00	0.00	2000
232	11.14	2096	2086	0.37	195	0	0	5	51.69	0.00	0.00	4.16	84.21	88.86	0.00	38	0	42	0.00	0.00	65.86	7.74	0.00	0.00	2000
176	9.31	1872	2116	0.00	201	0	0	0	nan	0.00	0.00	4.56	86.80	90.69	0.00	38	0	42	0.00	0.00	64.16	7.72	0.00	0.00	2000
79	6.75	1168	2104	0.00	198	0	0	0	nan	0.00	0.03	7.37	86.09	93.25	0.00	37	0	42	0.00	0.00	57.36	7.40	0.00	0.00	2000
174	9.70	1865	2026	0.00	203	0	0	0	nan	0.00	0.00	7.74	79.39	90.30	0.00	39	0	42	0.00	0.00	59.62	7.18	0.00	0.00	2000
230	11.13	1997	2174	0.00	194	0	0	0	nan	0.00	0.01	7.37	84.87	88.87	0.00	40	0	42	0.00	0.00	70.39	8.06	0.00	0.00	2000
229	11.16	2048	2101	0.00	202	0	0	0	nan	0.00	0.00	8.52	80.59	88.84	0.00	40	0	42	0.00	0.00	60.32	7.12	0.00	0.00	2000
148	9.12	1620	2101	0.00	203	0	0	0	nan	0.03	0.02	6.85	84.28	90.88	0.00	38	0	42	0.00	0.00	61.50	7.44	0.00	0.00	2000
76	7.60	1014	2079	0.00	195	0	0	0	nan	0.00	0.01	6.99	84.78	92.40	0.00	37	0	42	0.00	0.00	58.68	7.58	0.00	0.00	2000
173	10.71	1764	1920	0.00	207	0	0	0	nan	0.00	0.00	8.86	72.95	89.29	0.00	39	0	42	0.00	0.00	54.80	6.63	0.00	0.00	2000
237	10.68	2027	2297	0.00	228	0	0	0	nan	0.02	0.90	9.59	87.43	89.32	0.00	40	0	42	0.00	0.00	70.12	8.33	0.00	0.00	2000
231	11.09	2067	2115	0.00	206	0	0	0	nan	0.00	0.00	8.21	81.46	88.91	0.00	40	0	42	0.00	0.00	67.44	7.87	0.00	0.00	2000
230	11.20	2060	2090	0.00	193	0	0	0	nan	0.00	0.01	7.57	80.92	88.80	0.00	40	0	42	0.00	0.00	66.91	7.17	0.00	0.00	2000
232	11.50	2011	2108	0.00	213	0	0	0	nan	0.00	0.00	4.81	84.15	88.50	0.00	40	0	42	0.00	0.00	64.31	8.16	0.00	0.00	2000
230	11.36	2039	2087	0.00	178	0	0	0	nan	0.00	0.00	5.01	83.26	88.64	0.00	40	0	42	0.00	0.00	59.02	6.69	0.00	0.00	2000
231	11.37	2015	2121	0.00	197	0	0	0	nan	0.00	0.01	6.13	83.56	88.63	0.00	39	0	42	0.00	0.00	67.32	7.91	0.00	0.00	2000
288	12.51	2292	2110	0.00	211	0	0	0	nan	0.00	1.60	8.42	77.98	87.49	0.00	38	0	42	0.00	0.00	68.34	7.89	0.00	0.00	2000
111	8.09	1375	2099	0.18	233	0	0	2	80.29	0.00	0.03	6.29	85.69	91.91	0.00	38	0	42	0.00	0.00	61.67	7.70	0.00	0.00	2000
76	7.08	1071	2102	0.23	193	0	0	2	94.06	0.00	0.00	2.94	90.19	92.92	0.00	37	0	42	0.00	0.00	58.10	7.61	0.00	0.00	2000
130	8.12	1631	2055	0.00	49	0	0	0	nan	0.00	0.00	10.62	79.14	91.88	0.00	37	0	42	0.00	0.00	50.52	6.01	0.00	0.00	2000
