Avg_MHz	Busy%	Bzy_MHz	TSC_MHz	IPC	IRQ	NMI	SMI	LLCMRPS	LLC%hit	POLL%	C1%	C1E%	C6%	CPU%c1	CPU%c6	CoreTmp	CoreThr	PkgTmp	Pkg%pc2	Pkg%pc6	PkgWatt	RAMWatt	PKG_%	RAM_%	UncMHz
223	12.79	1869	1962	0.00	225	0	0	0	nan	0.00	0.01	25.61	55.87	87.21	0.00	37	0	42	0.00	0.00	57.27	7.04	0.00	0.00	2000
391	16.31	2188	2303	0.00	244	0	0	0	nan	0.04	1.52	17.37	73.18	83.69	0.00	38	0	42	0.00	0.00	74.65	8.23	0.00	0.00	2000
80	6.75	1178	2106	0.00	198	0	0	0	nan	0.02	0.00	9.59	84.08	93.25	0.00	37	0	42	0.00	0.00	58.70	7.75	0.00	0.00	2000
73	6.60	1113	2088	0.00	195	0	0	0	nan	0.00	0.02	4.73	88.14	93.40	0.00	37	0	42	0.00	0.00	57.02	7.22	0.00	0.00	2000
74	6.68	1103	2116	0.00	194	0	0	0	nan	0.00	0.00	4.12	89.89	93.32	0.00	37	0	42	0.00	0.00	60.90	7.42	0.00	0.00	2000
72	6.56	1099	2090	0.00	193	0	0	0	nan	0.00	0.01	3.38	89.69	93.44	0.00	37	0	42	0.00	0.00	56.20	7.81	0.00	0.00	2000
72	6.63	1096	2074	0.00	194	0	0	0	nan	0.00	0.00	3.88	88.40	93.37	0.00	37	0	42	0.00	0.00	58.82	7.16	0.00	0.00	2000
72	6.56	1090	2115	0.00	193	0	0	0	nan	0.00	0.02	1.54	92.46	93.44	0.00	37	0	42	0.00	0.00	59.81	7.63	0.00	0.00	2000
73	6.72	1081	2112	0.00	210	0	0	0	nan	0.00	0.00	3.11	90.69	93.28	0.00	37	0	42	0.00	0.00	58.23	7.50	0.00	0.00	2000
72	6.17	1169	2094	0.00	177	0	0	0	nan	0.00	0.02	3.38	90.06	93.83	0.00	37	0	42	0.00	0.00	59.55	7.62	0.00	0.00	2000
73	6.52	1126	2086	0.00	194	0	0	0	nan	0.00	0.00	2.39	90.49	93.48	0.00	37	0	42	0.00	0.00	58.33	7.39	0.00	0.00	2000
72	6.37	1122	2115	0.00	194	0	0	0	nan	0.00	0.05	2.09	92.21	93.63	0.00	37	0	42	0.00	0.00	58.79	7.35	0.00	0.00	2000
74	6.25	1182	2095	0.00	193	0	0	0	nan	0.00	0.01	2.92	90.56	93.75	0.00	37	0	42	0.00	0.00	58.93	7.58	0.00	0.00	2000
72	6.63	1084	2092	0.00	193	0	0	0	nan	0.00	0.00	3.00	90.05	93.37	0.00	37	0	43	0.00	0.00	57.94	7.30	0.00	0.00	2000
72	6.42	1120	2115	0.00	193	0	0	0	nan	0.00	0.02	2.71	91.44	93.58	0.00	37	0	42	0.00	0.00	58.20	7.43	0.00	0.00	2000
73	6.38	1137	2102	0.00	194	0	0	1	88.37	0.00	0.00	2.47	91.10	93.62	0.00	36	0	42	0.00	0.00	59.18	7.52	0.00	0.00	2000
74	6.59	1121	2102	0.19	210	0	0	2	87.52	0.00	0.00	3.19	90.32	93.41	0.00	37	0	42	0.00	0.00	57.51	7.22	0.00	0.00	2000
72	6.37	1125	2100	0.00	178	0	0	0	nan	0.00	0.00	3.12	90.46	93.63	0.00	37	0	42	0.00	0.00	60.32	7.54	0.00	0.00	2000
139	8.21	1693	2099	0.00	213	0	0	0	nan	0.00	0.40	4.86	86.50	91.79	0.00	38	0	42	0.00	0.00	61.08	7.53	0.00	0.00	2000
231	10.73	2147	2107	0.00	204	0	0	0	nan	0.00	0.02	3.43	86.07	89.27	0.00	39	0	42	0.00	0.00	63.93	7.49	0.00	0.00	2000
227	10.98	2089	2079	0.00	203	0	0	0	nan	0.00	0.02	2.76	85.35	89.02	0.00	40	0	42	0.00	0.00	65.91	7.54	0.00	0.00	2000
235	10.87	2134	2130	0.00	204	0	0	0	nan	0.00	0.00	3.57	86.83	89.13	0.00	40	0	42	0.00	0.00	67.06	7.60	0.00	0.00	2000
228	10.86	2148	2057	0.00	208	0	0	0	nan	0.00	0.02	5.98	81.36	89.14	0.00	39	0	42	0.00	0.00	58.37	6.71	0.00	0.00	2000
230	10.99	2077	2115	0.00	215	0	0	0	nan	0.00	0.00	5.67	84.08	89.01	0.00	38	0	42	0.00	0.00	72.88	8.55	0.00	0.00	2000
235	10.93	2132	2121	0.00	214	0	0	0	nan	0.00	0.56	2.97	86.49	89.07	0.00	39	0	42	0.00	0.00	65.89	7.77	0.00	0.00	2000
233	10.70	2194	2089	0.00	182	0	0	0	nan	0.00	0.03	3.29	85.48	89.30	0.00	38	0	42	0.00	0.00	66.68	7.84	0.00	0.00	2000
232	10.61	2202	2090	0.00	195	0	0	0	nan	0.00	0.03	3.02	85.89	89.39	0.00	38	0	42	0.00	0.00	63.31	7.49	0.00	0.00	2000
233	11.34	2083	2069	0.00	203	0	0	0	nan	0.00	0.05	2.93	84.48	88.66	0.00	38	0	42	0.00	0.00	62.95	7.26	0.00	0.00	2000
229	10.85	2068	2146	0.00	214	0	0	0	nan	0.00	0.02	6.17	85.01	89.15	0.00	38	0	42	0.00	0.00	68.58	7.80	0.00	0.00	2000
233	11.28	2060	2104	0.00	212	0	0	0	nan	0.00	0.00	7.75	81.24	88.72	0.00	39	0	42	0.00	0.00	65.90	7.51	0.00	0.00	2000
228	11.07	2068	2093	0.00	196	0	0	0	nan	0.00	0.00	6.05	82.69	88.93	0.00	39	0	42	0.00	0.00	65.43	7.41	0.00	0.00	2000
231	11.08	2083	2099	0.00	200	0	0	0	nan	0.00	0.00	7.35	81.56	88.92	0.00	39	0	42	0.00	0.00	64.93	7.45	0.00	0.00	2000
229	10.95	2084	2109	0.00	200	0	0	2	94.14	0.00	0.00	7.24	82.17	89.05	0.00	39	0	42	0.00	0.00	64.85	7.41	0.00	0.00	2000
227	11.18	2036	2099	0.75	198	0	0	14	95.66	0.00	0.00	5.44	83.47	88.82	0.00	39	0	42	0.00	0.00	65.19	7.55	0.00	0.00	2000
230	10.82	2129	2100	0.00	197	0	0	0	nan	0.00	0.00	4.22	85.00	89.18	0.00	40	0	42	0.00	0.00	66.11	7.62	0.00	0.00	2000
231	10.68	2169	2096	0.00	197	0	0	0	nan	0.00	0.00	5.50	83.60	89.32	0.00	39	0	42	0.00	0.00	66.01	7.59	0.00	0.00	2000
232	11.01	2115	2095	0.00	199	0	0	0	nan	0.00	0.07	5.52	83.21	88.99	0.00	39	0	42	0.00	0.00	65.42	7.38	0.00	0.00	2000
228	10.55	2145	2112	0.00	202	0	0	0	nan	0.00	0.04	6.43	83.48	89.45	0.00	39	0	42	0.00	0.00	66.28	7.62	0.00	0.00	2000
225	10.78	2128	2056	0.00	196	0	0	0	nan	0.00	0.05	4.19	83.18	89.22	0.00	39	0	42	0.00	0.00	63.10	7.29	0.00	0.00	2000
231	11.05	2094	2094	0.00	198	0	0	0	nan	0.00	0.02	2.51	86.20	88.95	0.00	40	0	42	0.00	0.00	64.12	7.32	0.00	0.00	2000
231	11.01	2048	2150	0.00	214	0	0	0	nan	0.00	0.02	5.16	86.13	88.99	0.00	40	0	42	0.00	0.00	67.94	7.65	0.00	0.00	2000
226	11.12	2074	2056	0.00	198	0	0	0	nan	0.00	0.00	6.09	81.04	88.88	0.00	39	0	42	0.00	0.00	64.18	7.27	0.00	0.00	2000
235	11.11	2109	2106	0.00	199	0	0	0	nan	0.00	0.01	6.26	82.83	88.89	0.00	39	0	42	0.00	0.00	64.15	7.48	0.00	0.00	2000
224	10.79	2062	2112	0.00	217	0	0	0	nan	0.00	0.00	8.80	80.95	89.21	0.00	38	0	42	0.00	0.00	65.99	7.56	0.00	0.00	2000
235	11.39	2039	2125	0.00	215	0	0	0	nan	0.00	0.02	5.16	84.70	88.62	0.00	38	0	42	0.00	0.00	70.09	8.26	0.00	0.00	2000
228	10.99	2098	2075	0.00	196	0	0	0	nan	0.00	0.00	4.97	83.00	89.01	0.00	38	0	42	0.00	0.00	62.06	7.25	0.00	0.00	2000
231	10.52	2191	2107	0.00	205	0	0	0	nan	0.00	0.02	5.08	84.63	89.48	0.00	38	0	42	0.00	0.00	65.67	7.68	0.00	0.00	2000
237	11.26	2119	2087	0.00	198	0	0	0	nan	0.00	0.00	4.15	84.09	88.74	0.00	38	0	42	0.00	0.00	65.53	7.67	0.00	0.00	2000
234	11.19	2091	2103	0.00	198	0	0	0	nan	0.00	0.02	4.11	84.90	88.81	0.00	38	0	42	0.00	0.00	64.77	7.68	0.00	0.00	2000
232	10.66	2152	2120	0.00	197	0	0	12	84.55	0.00	0.03	3.89	86.32	89.34	0.00	38	0	42	0.00	0.00	66.80	7.63	0.00	0.00	2000
234	10.79	2167	2099	0.74	196	0	0	10	73.38	0.00	0.60	2.94	85.69	89.21	0.00	39	0	42	0.00	0.00	66.17	7.59	0.00	0.00	2000
230	10.92	2124	2086	0.00	207	0	0	0	nan	0.00	0.04	4.26	84.20	89.08	0.00	38	0	42	0.00	0.00	64.51	7.44	0.00	0.00	2000
229	10.96	2089	2098	0.00	267	0	0	0	nan	0.00	0.30	7.05	81.65	89.04	0.00	38	0	42	0.00	0.00	68.74	8.19	0.00	0.00	2000
236	10.94	2134	2125	0.00	242	0	0	0	nan	0.00	0.02	4.23	85.92	89.06	0.00	39	0	42	0.00	0.00	64.19	7.49	0.00	0.00	2000
229	10.97	2106	2083	0.00	203	0	0	0	nan	0.00	0.02	3.40	84.96	89.03	0.00	40	0	42	0.00	0.00	62.91	7.52	0.00	0.00	2000
505	22.91	2432	1904	0.00	207	0	0	0	nan	0.00	0.00	4.88	65.08	77.09	0.00	40	0	42	0.00	0.00	65.18	7.52	0.00	0.00	2000
685	27.41	2500	2099	0.00	246	0	0	0	nan	0.00	0.00	4.56	68.12	72.59	0.00	41	0	42	0.00	0.00	79.83	7.96	0.00	0.00	2000
681	27.28	2500	2096	0.00	250	0	0	0	nan	0.00	0.00	5.31	67.41	72.72	0.00	41	0	42	0.00	0.00	80.05	7.99	0.00	0.00	2000
682	27.24	2500	2103	0.00	246	0	0	0	nan	0.00	0.00	3.89	69.10	72.76	0.00	41	0	42	0.00	0.00	79.91	7.86	0.00	0.00	2000
681	27.26	2500	2097	0.00	251	0	0	0	nan	0.00	0.00	4.49	68.27	72.74	0.00	42	0	42	0.00	0.00	79.75	7.81	0.00	0.00	2000
684	27.32	2500	2103	0.00	246	0	0	0	nan	0.00	0.00	3.40	69.53	72.68	0.00	41	0	42	0.00	0.00	80.41	7.86	0.00	0.00	2000
683	27.35	2500	2097	0.00	251	0	0	0	nan	0.00	0.00	4.67	68.01	72.65	0.00	42	0	42	0.00	0.00	79.85	7.87	0.00	0.00	2000
684	27.33	2500	2103	0.00	247	0	0	0	nan	0.00	0.05	2.15	70.72	72.67	0.00	41	0	43	0.00	0.00	79.61	8.00	0.00	0.00	2000
681	27.28	2500	2097	0.00	247	0	0	0	nan	0.00	0.43	4.47	67.88	72.72	0.00	42	0	42	0.00	0.00	79.85	8.03	0.00	0.00	2000
683	27.30	2500	2103	1.31	246	0	0	120	92.48	0.01	0.00	4.46	68.49	72.70	0.00	42	0	42	0.00	0.00	79.59	7.86	0.00	0.00	2000
683	27.35	2500	2097	0.44	251	0	0	0	nan	0.00	0.00	5.13	67.56	72.65	0.00	42	0	42	0.00	0.00	79.74	7.90	0.00	0.00	2000
684	27.31	2500	2103	0.00	247	0	0	0	nan	0.00	0.00	3.99	68.93	72.69	0.00	42	0	42	0.00	0.00	79.82	7.76	0.00	0.00	2000
680	27.25	2500	2097	0.00	250	0	0	0	nan	0.00	0.00	5.01	67.77	72.75	0.00	42	0	42	0.00	0.00	79.43	7.72	0.00	0.00	2000
683	27.28	2500	2103	0.00	246	0	0	0	nan	0.00	0.01	3.92	69.03	72.72	0.00	42	0	42	0.00	0.00	79.76	7.66	0.00	0.00	2000
683	27.37	2500	2097	0.00	249	0	0	0	nan	0.00	0.00	4.89	67.77	72.63	0.00	42	0	42	0.00	0.00	79.77	7.83	0.00	0.00	2000
683	27.26	2500	2104	0.00	245	0	0	0	nan	0.00	0.01	3.43	69.57	72.74	0.00	42	0	42	0.00	0.00	77.16	7.74	0.00	0.00	2000
680	27.25	2500	2096	0.00	251	0	0	0	nan	0.00	0.00	4.29	68.45	72.75	0.00	42	0	42	0.00	0.00	82.41	7.93	0.00	0.00	2000
684	27.29	2500	2104	0.00	247	0	0	0	nan	0.01	0.00	3.15	69.84	72.71	0.00	42	0	42	0.00	0.00	80.63	7.87	0.00	0.00	2000
683	27.35	2500	2097	0.00	248	0	0	0	nan	0.00	0.01	2.65	70.03	72.65	0.00	42	0	42	0.00	0.00	79.09	7.60	0.00	0.00	2000
685	27.37	2500	2103	0.00	247	0	0	0	nan	0.00	0.01	4.21	68.64	72.63	0.00	42	0	42	0.00	0.00	80.01	7.68	0.00	0.00	2000
682	27.31	2500	2097	0.00	245	0	0	0	nan	0.00	0.00	5.18	67.53	72.69	0.00	42	0	42	0.00	0.00	80.27	7.77	0.00	0.00	2000
685	27.35	2500	2103	0.00	248	0	0	0	nan	0.00	0.00	6.05	66.82	72.65	0.00	42	0	42	0.00	0.00	79.45	7.65	0.00	0.00	2000
682	27.30	2500	2097	0.00	254	0	0	4	89.30	0.00	0.00	6.04	66.70	72.70	0.00	42	0	42	0.00	0.00	79.87	7.75	0.00	0.00	2000
684	27.31	2500	2104	1.75	246	0	0	118	89.69	0.00	0.00	4.23	68.74	72.69	0.00	42	0	42	0.00	0.00	79.99	7.86	0.00	0.00	2000
681	27.33	2500	2094	0.00	248	0	0	0	nan	0.00	0.00	4.35	68.27	72.67	0.00	42	0	42	0.00	0.00	79.64	7.82	0.00	0.00	2000
709	26.82	2500	2222	0.00	246	0	0	0	nan	0.00	0.01	4.47	73.08	73.18	0.00	42	0	42	0.00	0.00	85.81	8.45	0.00	0.00	2000
239	11.58	2095	2070	0.00	240	0	0	0	nan	0.00	0.00	7.75	79.55	88.42	0.00	42	0	42	0.00	0.00	67.68	7.74	0.00	0.00	2000
220	10.51	1961	2240	0.00	237	0	0	0	nan	0.00	0.00	6.12	89.44	89.49	0.00	39	0	42	0.00	0.00	69.81	8.26	0.00	0.00	2000
201	10.12	1980	2109	0.00	222	0	0	0	nan	0.00	0.00	5.35	85.08	89.88	0.00	38	0	42	0.00	0.00	63.28	7.41	0.00	0.00	2000
111	7.45	1490	2098	0.00	220	0	0	0	nan	0.00	0.03	7.35	85.12	92.55	0.00	38	0	42	0.00	0.00	61.17	7.54	0.00	0.00	2000
76	7.00	1084	2089	0.00	193	0	0	0	nan	0.00	0.00	3.39	89.12	93.00	0.00	37	0	42	0.00	0.00	57.58	7.50	0.00	0.00	2000
74	6.70	1106	2102	0.00	193	0	0	0	nan	0.00	0.00	4.13	89.22	93.30	0.00	37	0	42	0.00	0.00	59.06	7.38	0.00	0.00	2000
151	8.92	1641	2169	0.00	49	0	0	0	nan	0.00	0.00	19.12	74.69	91.08	0.00	37	0	42	0.00	0.00	65.10	7.89	0.00	0.00	2000
