Avg_MHz	Busy%	Bzy_MHz	TSC_MHz	IPC	IRQ	NMI	SMI	LLCMRPS	LLC%hit	POLL%	C1%	C1E%	C6%	CPU%c1	CPU%c6	CoreTmp	CoreThr	PkgTmp	Pkg%pc2	Pkg%pc6	PkgWatt	RAMWatt	PKG_%	RAM_%	UncMHz
195	11.61	1633	2166	0.00	279	0	0	0	nan	0.00	0.67	30.01	60.50	88.39	0.00	37	0	42	0.00	0.00	62.58	7.99	0.00	0.00	2000
376	18.29	2056	2100	0.00	200	0	0	0	nan	0.00	1.76	10.22	69.99	81.71	0.00	37	0	42	0.00	0.00	65.01	7.48	0.00	0.00	2000
240	13.86	1721	2111	0.00	231	0	0	0	nan	0.02	1.66	15.72	69.31	86.14	0.00	37	0	42	0.00	0.00	67.17	8.12	0.00	0.00	2000
74	6.88	1079	2102	0.00	195	0	0	0	nan	0.01	0.00	3.69	89.72	93.12	0.00	37	0	42	0.00	0.00	57.21	7.49	0.00	0.00	2000
75	6.63	1120	2112	0.00	194	0	0	0	nan	0.00	0.00	4.21	89.73	93.37	0.00	37	0	42	0.00	0.00	59.26	7.76	0.00	0.00	2000
73	6.57	1114	2092	0.00	179	0	0	0	nan	0.01	0.02	3.13	89.91	93.43	0.00	37	0	42	0.00	0.00	56.93	7.52	0.00	0.00	2000
74	6.68	1111	2096	0.00	194	0	0	0	nan	0.00	0.00	3.17	90.08	93.32	0.00	37	0	43	0.00	0.00	58.53	7.43	0.00	0.00	2000
73	6.78	1066	2110	0.00	194	0	0	0	nan	0.00	0.00	3.29	90.43	93.22	0.00	36	0	42	0.00	0.00	58.82	7.62	0.00	0.00	2000
73	6.98	1045	2099	0.00	195	0	0	0	nan	0.00	0.00	3.10	90.01	93.02	0.00	37	0	42	0.00	0.00	58.24	7.37	0.00	0.00	2000
71	6.59	1086	2095	0.00	194	0	0	0	nan	0.00	0.00	3.14	90.08	93.41	0.00	37	0	42	0.00	0.00	56.25	7.24	0.00	0.00	2000
93	7.64	1212	2099	0.00	193	0	0	0	nan	0.00	0.01	3.23	89.08	92.36	0.00	37	0	42	0.00	0.00	61.28	7.69	0.00	0.00	2000
73	6.66	1099	2107	0.00	194	0	0	0	nan	0.00	0.00	3.33	90.37	93.34	0.00	37	0	42	0.00	0.00	58.48	7.59	0.00	0.00	2000
72	6.53	1112	2095	0.00	193	0	0	0	nan	0.00	0.02	3.44	89.75	93.47	0.00	36	0	42	0.00	0.00	55.17	7.13	0.00	0.00	2000
72	6.79	1060	2100	0.00	193	0	0	0	nan	0.00	0.00	3.17	90.09	93.21	0.00	37	0	42	0.00	0.00	60.89	7.91	0.00	0.00	2000
73	6.83	1071	2090	0.00	194	0	0	0	nan	0.00	0.00	2.57	90.14	93.17	0.00	37	0	42	0.00	0.00	57.41	7.37	0.00	0.00	2000
72	6.37	1145	2086	0.00	194	0	0	0	nan	0.00	0.00	3.04	89.94	93.63	0.00	36	0	42	0.00	0.00	58.88	7.39	0.00	0.00	2000
75	6.46	1151	2107	0.32	195	0	0	1	78.39	0.00	0.01	3.54	90.31	93.54	0.00	37	0	43	0.00	0.00	56.13	7.28	0.00	0.00	2000
74	6.53	1111	2127	0.15	196	0	0	0	nan	0.00	0.02	2.35	92.21	93.47	0.00	37	0	42	0.00	0.00	61.68	8.30	0.00	0.00	2000
77	6.75	1154	2070	0.00	194	0	0	0	nan	0.00	0.00	3.48	88.57	93.25	0.00	37	0	42	0.00	0.00	55.48	7.22	0.00	0.00	2000
230	11.43	2041	2067	0.00	204	0	0	0	nan	0.00	0.76	6.86	79.63	88.57	0.00	37	0	42	0.00	0.00	63.78	7.60	0.00	0.00	2000
231	10.94	2060	2149	0.00	221	0	0	0	nan	0.00	2.09	5.60	83.63	89.06	0.00	38	0	42	0.00	0.00	67.88	7.66	0.00	0.00	2000
227	10.87	2110	2075	0.00	198	0	0	0	nan	0.00	0.00	6.29	81.88	89.13	0.00	38	0	42	0.00	0.00	64.76	7.43	0.00	0.00	2000
233	11.15	2073	2115	0.00	195	0	0	0	nan	0.00	0.00	5.75	83.82	88.85	0.00	38	0	42	0.00	0.00	65.17	7.60	0.00	0.00	2000
227	11.21	2015	2114	0.00	203	0	0	0	nan	0.00	0.00	3.56	85.95	88.79	0.00	38	0	43	0.00	0.00	65.23	7.67	0.00	0.00	2000
234	11.35	2065	2100	0.00	212	0	0	0	nan	0.00	0.01	2.87	85.88	88.65	0.00	39	0	42	0.00	0.00	67.64	8.22	0.00	0.00	2000
236	11.56	2073	2066	0.00	198	0	0	0	nan	0.00	0.00	4.25	82.85	88.44	0.00	38	0	42	0.00	0.00	62.19	7.42	0.00	0.00	2000
229	11.00	2052	2130	0.00	214	0	0	0	nan	0.00	0.00	5.40	84.98	89.00	0.00	37	0	42	0.00	0.00	68.56	8.05	0.00	0.00	2000
230	11.17	2062	2102	0.00	198	0	0	0	nan	0.00	0.00	4.45	84.68	88.83	0.00	37	0	42	0.00	0.00	65.66	7.65	0.00	0.00	2000
231	11.13	2092	2083	0.00	197	0	0	0	nan	0.00	0.01	3.94	84.17	88.87	0.00	37	0	42	0.00	0.00	60.02	7.17	0.00	0.00	2000
233	10.99	2096	2125	0.00	202	0	0	0	nan	0.00	0.03	3.35	86.78	89.01	0.00	38	0	42	0.00	0.00	70.48	7.69	0.00	0.00	2000
225	11.36	2038	2041	0.00	197	0	0	0	nan	0.00	0.89	3.65	81.75	88.64	0.00	37	0	42	0.00	0.00	62.13	7.12	0.00	0.00	2000
232	10.89	2072	2161	0.00	214	0	0	0	nan	0.00	0.54	3.70	87.57	89.11	0.00	38	0	42	0.00	0.00	68.44	7.80	0.00	0.00	2000
227	11.48	2033	2045	0.00	199	0	0	2	95.27	0.00	0.00	4.12	82.21	88.52	0.00	38	0	42	0.00	0.00	62.23	7.30	0.00	0.00	2000
232	10.61	2143	2145	0.77	216	0	0	17	97.08	0.00	0.00	4.98	86.37	89.39	0.00	38	0	42	0.00	0.00	69.06	7.91	0.00	0.00	2000
228	11.23	2041	2084	0.00	196	0	0	0	nan	0.00	0.01	5.95	82.24	88.77	0.00	38	0	42	0.00	0.00	63.60	7.29	0.00	0.00	2000
235	11.17	2067	2133	0.00	197	0	0	0	nan	0.00	0.03	5.01	85.26	88.83	0.00	38	0	42	0.00	0.00	65.24	7.56	0.00	0.00	2000
229	11.16	2048	2100	0.00	197	0	0	0	nan	0.00	0.01	5.20	83.81	88.84	0.00	38	0	42	0.00	0.00	65.31	7.67	0.00	0.00	2000
231	11.11	2080	2099	0.00	197	0	0	0	nan	0.00	0.02	4.72	84.17	88.89	0.00	39	0	42	0.00	0.00	66.20	7.62	0.00	0.00	2000
231	10.91	2137	2079	0.00	202	0	0	0	nan	0.00	0.00	4.60	83.70	89.09	0.00	40	0	42	0.00	0.00	63.09	7.55	0.00	0.00	2000
234	10.98	2110	2118	0.00	211	0	0	0	nan	0.00	0.00	5.06	84.77	89.02	0.00	40	0	42	0.00	0.00	63.72	7.53	0.00	0.00	2000
229	11.25	2039	2099	0.00	202	0	0	0	nan	0.01	0.05	5.44	83.42	88.75	0.00	40	0	42	0.00	0.00	67.83	7.91	0.00	0.00	2000
232	11.04	2090	2107	0.00	197	0	0	0	nan	0.00	0.04	2.75	86.54	88.96	0.00	40	0	42	0.00	0.00	65.28	7.68	0.00	0.00	2000
228	11.10	2077	2076	0.00	197	0	0	0	nan	0.00	0.40	4.58	82.98	88.90	0.00	39	0	42	0.00	0.00	63.79	7.61	0.00	0.00	2000
234	10.96	2122	2109	0.00	201	0	0	0	nan	0.00	1.14	2.45	85.95	89.04	0.00	39	0	42	0.00	0.00	65.59	7.73	0.00	0.00	2000
234	11.28	2056	2117	0.00	195	0	0	0	nan	0.00	0.02	5.64	83.91	88.72	0.00	40	0	42	0.00	0.00	66.02	7.85	0.00	0.00	2000
223	11.15	2037	2063	0.00	198	0	0	0	nan	0.00	0.00	5.85	81.53	88.85	0.00	40	0	42	0.00	0.00	64.61	7.64	0.00	0.00	2000
230	11.08	2053	2126	0.00	197	0	0	0	nan	0.00	0.00	3.14	87.01	88.92	0.00	38	0	42	0.00	0.00	64.79	7.69	0.00	0.00	2000
237	11.29	2106	2094	0.00	273	0	0	0	nan	0.00	0.02	6.61	81.97	88.71	0.00	38	0	42	0.00	0.00	66.40	7.92	0.00	0.00	2000
225	10.93	2050	2105	0.00	197	0	0	0	nan	0.00	0.01	7.72	81.66	89.07	0.00	39	0	42	0.00	0.00	65.43	7.82	0.00	0.00	2000
223	10.84	2064	2098	0.00	195	0	0	2	63.07	0.00	0.01	5.49	83.63	89.16	0.00	39	0	42	0.00	0.00	62.99	7.75	0.00	0.00	2000
214	11.86	2087	1817	0.81	179	0	0	3	72.86	0.00	0.01	5.09	71.24	88.14	0.00	38	0	42	0.00	0.00	53.73	6.46	0.00	0.00	2000
242	10.40	2011	2426	0.00	231	0	0	0	nan	0.00	0.00	8.68	95.01	89.60	0.00	37	0	42	0.00	0.00	75.96	9.20	0.00	0.00	2000
234	11.41	2045	2103	0.00	196	0	0	0	nan	0.00	0.00	8.77	80.03	88.59	0.00	37	0	42	0.00	0.00	65.05	7.79	0.00	0.00	2000
231	11.26	2052	2102	0.00	195	0	0	0	nan	0.00	0.06	6.36	82.56	88.74	0.00	38	0	42	0.00	0.00	65.69	7.92	0.00	0.00	2000
231	11.05	2093	2101	0.00	198	0	0	0	nan	0.00	0.02	6.31	82.74	88.95	0.00	38	0	43	0.00	0.00	62.79	7.63	0.00	0.00	2000
230	11.00	2090	2100	0.00	196	0	0	0	nan	0.00	0.03	4.64	84.42	89.00	0.00	38	0	42	0.00	0.00	63.24	7.55	0.00	0.00	2000
235	11.33	2073	2103	0.00	182	0	0	0	nan	0.00	0.03	3.05	85.83	88.67	0.00	38	0	42	0.00	0.00	65.85	8.00	0.00	0.00	2000
231	11.12	2080	2097	0.00	201	0	0	0	nan	0.00	0.01	4.97	83.92	88.88	0.00	38	0	42	0.00	0.00	63.00	7.59	0.00	0.00	2000
232	11.17	2078	2097	0.00	197	0	0	0	nan	0.00	0.02	6.86	81.95	88.83	0.00	38	0	42	0.00	0.00	64.87	7.78	0.00	0.00	2000
231	11.16	2073	2097	0.00	195	0	0	0	nan	0.01	0.02	6.18	82.57	88.84	0.00	38	0	43	0.00	0.00	65.16	7.63	0.00	0.00	2000
234	11.17	2087	2104	0.00	200	0	0	0	nan	0.00	0.05	10.56	78.45	88.83	0.00	39	0	42	0.00	0.00	63.39	7.76	0.00	0.00	2000
232	11.01	2106	2098	0.00	182	0	0	0	nan	0.00	0.02	5.55	83.47	88.99	0.00	39	0	42	0.00	0.00	65.73	7.96	0.00	0.00	2000
234	11.40	2055	2099	0.00	201	0	0	0	nan	0.01	0.00	8.54	80.11	88.60	0.00	38	0	42	0.00	0.00	64.86	7.85	0.00	0.00	2000
232	11.13	2075	2106	0.00	194	0	0	0	nan	0.00	0.00	8.38	80.86	88.87	0.00	38	0	42	0.00	0.00	63.31	7.59	0.00	0.00	2000
239	11.47	2082	2099	0.00	199	0	0	0	nan	0.00	0.00	7.48	81.10	88.53	0.00	39	0	42	0.00	0.00	65.83	7.99	0.00	0.00	2000
231	11.00	2097	2101	0.00	196	0	0	0	nan	0.00	0.01	6.60	82.48	89.00	0.00	39	0	42	0.00	0.00	63.63	7.84	0.00	0.00	2000
230	11.19	2071	2085	0.00	181	0	0	0	94.20	0.00	0.01	5.63	82.62	88.81	0.00	39	0	42	0.00	0.00	65.34	8.07	0.00	0.00	2000
227	11.20	2075	2052	1.59	194	0	0	23	7.87	0.00	0.00	6.96	79.90	88.80	0.00	39	0	42	0.00	0.00	62.76	8.24	0.00	0.00	2000
234	11.05	2072	2151	0.01	196	0	0	0	nan	0.00	0.93	6.46	83.88	88.95	0.00	39	0	42	0.00	0.00	68.90	8.79	0.00	0.00	2000
228	11.30	2046	2072	0.00	197	0	0	0	nan	0.00	0.04	5.58	81.98	88.70	0.00	39	0	42	0.00	0.00	63.09	8.00	0.00	0.00	2000
230	11.25	2041	2100	0.00	197	0	0	0	nan	0.00	0.11	3.93	84.92	88.75	0.00	39	0	42	0.00	0.00	68.70	9.05	0.00	0.00	2000
227	11.18	2049	2085	0.00	199	0	0	0	nan	0.01	0.01	3.32	85.01	88.82	0.00	40	0	42	0.00	0.00	62.95	8.22	0.00	0.00	2000
231	11.16	2041	2131	0.00	197	0	0	0	nan	0.04	0.00	7.19	83.12	88.84	0.00	40	0	42	0.00	0.00	66.05	8.46	0.00	0.00	2000
231	11.50	2026	2083	0.00	199	0	0	0	nan	0.00	0.00	7.77	80.20	88.50	0.00	40	0	42	0.00	0.00	68.32	8.86	0.00	0.00	2000
230	10.83	2102	2122	0.00	196	0	0	0	nan	0.00	1.09	8.94	80.28	89.17	0.00	40	0	42	0.00	0.00	66.98	7.99	0.00	0.00	2000
228	11.18	2051	2090	0.00	197	0	0	0	nan	0.00	0.00	6.38	82.07	88.82	0.00	39	0	42	0.00	0.00	62.63	8.26	0.00	0.00	2000
229	11.13	2038	2125	0.00	198	0	0	0	nan	0.00	0.03	5.77	84.26	88.87	0.00	39	0	42	0.00	0.00	69.20	8.72	0.00	0.00	2000
227	11.41	2046	2042	0.00	199	0	0	0	nan	0.00	0.00	5.13	81.13	88.59	0.00	39	0	42	0.00	0.00	62.41	8.06	0.00	0.00	2000
233	11.08	2087	2116	0.00	201	0	0	0	nan	0.00	0.02	6.41	83.29	88.92	0.00	40	0	42	0.00	0.00	66.25	8.53	0.00	0.00	2000
229	10.98	2097	2091	0.00	194	0	0	0	nan	0.00	0.00	8.22	80.51	89.02	0.00	39	0	42	0.00	0.00	65.53	8.33	0.00	0.00	2000
232	10.77	2115	2134	0.00	198	0	0	0	nan	0.00	0.00	7.53	83.16	89.23	0.00	40	0	42	0.00	0.00	66.06	8.36	0.00	0.00	2000
228	11.23	2073	2061	0.00	198	0	0	0	nan	0.00	0.00	7.33	79.86	88.77	0.00	39	0	42	0.00	0.00	65.91	8.25	0.00	0.00	2000
230	10.73	2122	2122	0.00	194	0	0	0	nan	0.00	0.02	6.16	84.02	89.27	0.00	39	0	42	0.00	0.00	65.74	8.57	0.00	0.00	2000
234	11.11	2103	2099	0.00	198	0	0	0	nan	0.05	0.00	6.33	82.65	88.89	0.00	39	0	42	0.00	0.00	64.98	8.32	0.00	0.00	2000
229	10.95	2062	2130	1.23	202	0	0	23	5.98	0.00	1.38	5.17	83.85	89.05	0.00	40	0	42	0.00	0.00	66.50	9.05	0.00	0.00	2000
230	11.34	2048	2079	0.42	198	0	0	0	nan	0.00	0.00	6.18	81.64	88.66	0.00	39	0	42	0.00	0.00	65.83	8.02	0.00	0.00	2000
230	11.18	2042	2115	0.00	198	0	0	0	nan	0.00	0.04	8.38	81.09	88.82	0.00	40	0	42	0.00	0.00	68.61	8.96	0.00	0.00	2000
228	11.44	2015	2077	0.00	195	0	0	0	nan	0.00	0.00	6.94	80.77	88.56	0.00	40	0	42	0.00	0.00	63.16	8.14	0.00	0.00	2000
231	11.04	2104	2092	0.00	194	0	0	0	nan	0.00	0.48	7.58	80.67	88.96	0.00	40	0	42	0.00	0.00	64.03	8.06	0.00	0.00	2000
230	10.98	2082	2110	0.00	199	0	0	0	nan	0.00	0.00	7.92	81.52	89.02	0.00	40	0	42	0.00	0.00	68.56	8.82	0.00	0.00	2000
230	11.21	2063	2090	0.00	197	0	0	0	nan	0.00	0.08	8.63	79.80	88.79	0.00	40	0	42	0.00	0.00	65.63	8.37	0.00	0.00	2000
229	11.04	2063	2110	0.00	196	0	0	0	nan	0.00	0.00	4.98	84.52	88.96	0.00	40	0	42	0.00	0.00	63.12	8.02	0.00	0.00	2000
231	11.14	2053	2117	0.00	195	0	0	0	nan	0.00	0.03	7.23	82.39	88.86	0.00	40	0	42	0.00	0.00	68.52	8.83	0.00	0.00	2000
231	11.20	2080	2080	0.00	197	0	0	0	nan	0.00	0.00	6.92	81.09	88.80	0.00	40	0	42	0.00	0.00	63.02	8.19	0.00	0.00	2000
230	11.16	2054	2104	0.00	199	0	0	0	nan	0.00	0.00	6.46	82.68	88.84	0.00	40	0	42	0.00	0.00	68.15	8.81	0.00	0.00	2000
262	12.72	2079	2082	0.00	197	0	0	0	nan	0.00	0.00	8.47	78.14	87.28	0.00	39	0	42	0.00	0.00	64.66	8.33	0.00	0.00	2000
231	10.79	2123	2119	0.00	196	0	0	0	nan	0.00	0.00	6.97	83.11	89.21	0.00	40	0	42	0.00	0.00	68.05	8.74	0.00	0.00	2000
229	11.10	2063	2097	0.00	197	0	0	0	nan	0.00	0.00	6.14	82.69	88.90	0.00	39	0	42	0.00	0.00	65.82	8.35	0.00	0.00	2000
233	11.23	2069	2109	0.00	200	0	0	0	nan	0.00	0.07	5.64	83.57	88.77	0.00	40	0	42	0.00	0.00	63.22	8.08	0.00	0.00	2000
230	11.32	2051	2084	0.00	202	0	0	0	nan	0.00	1.03	5.08	82.09	88.68	0.00	40	0	42	0.00	0.00	68.01	8.77	0.00	0.00	2000
232	10.98	2078	2139	0.00	196	0	0	0	nan	0.00	0.03	5.89	84.83	89.02	0.00	39	0	42	0.00	0.00	65.52	8.29	0.00	0.00	2000
234	11.32	2063	2105	0.29	200	0	0	3	50.95	0.00	0.00	8.91	80.05	88.68	0.00	38	0	42	0.00	0.00	63.68	7.82	0.00	0.00	2000
226	11.22	2073	2043	0.31	201	0	0	2	82.60	0.00	0.01	5.36	81.07	88.78	0.00	38	0	42	0.00	0.00	62.33	7.35	0.00	0.00	2000
230	11.11	2049	2117	0.00	200	0	0	0	nan	0.00	0.00	7.21	82.49	88.89	0.00	38	0	42	0.00	0.00	64.44	7.87	0.00	0.00	2000
220	11.45	1993	2026	0.00	223	0	0	0	nan	0.00	0.31	6.82	78.45	88.55	0.00	37	0	42	0.00	0.00	63.11	7.70	0.00	0.00	2000
189	9.68	1844	2222	0.00	243	0	0	0	nan	0.00	0.00	9.92	85.80	90.32	0.00	37	0	42	0.00	0.00	66.12	7.98	0.00	0.00	2000
91	7.15	1274	2099	0.00	129	0	0	0	nan	0.00	0.04	5.34	87.44	92.85	0.00	37	0	42	0.00	0.00	63.89	8.22	0.00	0.00	2000
