Avg_MHz	Busy%	Bzy_MHz	TSC_MHz	IPC	IRQ	NMI	SMI	LLCMRPS	LLC%hit	POLL%	C1%	C1E%	C6%	CPU%c1	CPU%c6	CoreTmp	CoreThr	PkgTmp	Pkg%pc2	Pkg%pc6	PkgWatt	RAMWatt	PKG_%	RAM_%	UncMHz
332	15.48	2050	2197	0.00	258	0	0	0	nan	0.00	0.05	25.41	63.08	84.52	0.00	37	0	42	0.00	0.00	69.03	7.94	0.00	0.00	2000
343	17.16	2013	2086	0.00	212	0	0	0	nan	0.04	1.33	22.91	58.34	82.84	0.00	37	0	42	0.00	0.00	64.15	7.28	0.00	0.00	2000
76	7.47	1019	2098	0.00	210	0	0	0	nan	0.00	0.00	8.72	83.80	92.53	0.00	37	0	42	0.00	0.00	60.73	7.96	0.00	0.00	2000
73	6.87	1054	2127	0.00	193	0	0	0	nan	0.00	0.02	2.10	92.25	93.13	0.00	37	0	42	0.00	0.00	57.49	7.29	0.00	0.00	2000
71	6.91	1035	2077	0.00	209	0	0	0	nan	0.00	0.01	3.10	89.09	93.09	0.00	37	0	42	0.00	0.00	57.27	7.32	0.00	0.00	2000
71	6.87	1035	2101	0.00	194	0	0	0	nan	0.00	0.00	2.39	90.85	93.13	0.00	37	0	42	0.00	0.00	58.76	7.52	0.00	0.00	2000
74	6.65	1115	2098	0.00	194	0	0	0	nan	0.00	0.02	3.29	90.04	93.35	0.00	37	0	42	0.00	0.00	58.01	7.53	0.00	0.00	2000
89	7.21	1237	2105	0.00	193	0	0	0	nan	0.00	0.02	2.31	90.73	92.79	0.00	37	0	42	0.00	0.00	57.96	7.26	0.00	0.00	2000
92	6.93	1319	2112	0.00	194	0	0	0	nan	0.00	0.03	1.41	92.23	93.06	0.00	37	0	42	0.00	0.00	59.70	7.35	0.00	0.00	2000
72	6.54	1099	2108	0.00	195	0	0	0	nan	0.00	0.02	2.97	90.92	93.46	0.00	36	0	42	0.00	0.00	58.87	7.52	0.00	0.00	2000
73	7.16	1029	2080	0.00	194	0	0	0	nan	0.00	0.03	2.93	89.09	92.84	0.00	37	0	42	0.00	0.00	56.40	7.22	0.00	0.00	2000
74	7.29	1004	2127	0.00	225	0	0	0	nan	0.00	0.00	5.63	88.36	92.71	0.00	36	0	42	0.00	0.00	57.97	7.47	0.00	0.00	2000
71	6.96	1041	2065	0.00	194	0	0	0	nan	0.00	0.02	3.28	88.30	93.04	0.00	37	0	42	0.00	0.00	60.01	7.77	0.00	0.00	2000
74	6.88	1048	2144	0.00	193	0	0	0	nan	0.00	0.00	2.18	92.89	93.12	0.00	37	0	42	0.00	0.00	59.07	7.42	0.00	0.00	2000
72	6.84	1064	2093	0.00	195	0	0	0	nan	0.00	0.00	2.83	90.06	93.16	0.00	36	0	42	0.00	0.00	58.30	7.43	0.00	0.00	2000
72	6.64	1093	2098	0.00	197	0	0	1	88.82	0.00	0.13	3.19	90.07	93.36	0.00	37	0	42	0.00	0.00	57.92	7.52	0.00	0.00	2000
72	6.72	1086	2068	0.09	194	0	0	1	88.74	0.00	0.00	3.28	88.59	93.28	0.00	37	0	42	0.00	0.00	56.49	7.30	0.00	0.00	2000
72	7.09	999	2132	0.00	209	0	0	0	nan	0.00	0.00	3.99	90.45	92.91	0.00	36	0	42	0.00	0.00	57.87	7.39	0.00	0.00	2000
189	9.99	1893	2097	0.00	217	0	0	0	nan	0.01	0.00	5.05	84.82	90.01	0.00	38	0	42	0.00	0.00	64.54	7.66	0.00	0.00	2000
232	11.36	2038	2105	0.00	202	0	0	0	nan	0.00	0.00	3.45	85.53	88.64	0.00	39	0	42	0.00	0.00	66.64	7.81	0.00	0.00	2000
229	11.18	2052	2099	0.00	211	0	0	0	nan	0.00	0.02	3.20	85.56	88.82	0.00	40	0	42	0.00	0.00	63.55	7.26	0.00	0.00	2000
228	10.76	2130	2089	0.00	203	0	0	0	nan	0.00	0.02	3.51	85.30	89.24	0.00	40	0	42	0.00	0.00	65.69	7.61	0.00	0.00	2000
240	11.49	2080	2112	0.00	195	0	0	0	nan	0.00	0.00	6.02	83.11	88.51	0.00	38	0	42	0.00	0.00	65.84	7.69	0.00	0.00	2000
231	11.56	2046	2049	0.00	199	0	0	0	nan	0.00	0.00	3.69	82.71	88.44	0.00	37	0	42	0.00	0.00	62.65	7.49	0.00	0.00	2000
224	10.79	2065	2113	0.00	215	0	0	0	nan	0.00	0.94	5.21	83.80	89.21	0.00	38	0	42	0.00	0.00	62.21	7.39	0.00	0.00	2000
234	11.14	2060	2143	0.00	219	0	0	0	nan	0.00	0.00	5.24	85.49	88.86	0.00	38	0	42	0.00	0.00	73.87	8.68	0.00	0.00	2000
230	10.97	2109	2090	0.00	198	0	0	0	nan	0.00	0.01	3.78	84.92	89.03	0.00	39	0	42	0.00	0.00	61.97	7.27	0.00	0.00	2000
224	11.35	1999	2076	0.00	196	0	0	0	nan	0.00	1.98	3.88	81.96	88.65	0.00	39	0	42	0.00	0.00	63.24	7.42	0.00	0.00	2000
234	11.53	2033	2095	0.00	198	0	0	0	nan	0.00	0.00	4.58	83.82	88.47	0.00	39	0	42	0.00	0.00	68.06	7.90	0.00	0.00	2000
231	11.43	2014	2104	0.00	205	0	0	0	nan	0.00	0.04	6.13	82.82	88.57	0.00	40	0	42	0.00	0.00	63.41	7.43	0.00	0.00	2000
229	11.15	2047	2108	0.00	211	0	0	0	nan	0.01	0.00	7.31	82.10	88.85	0.00	39	0	42	0.00	0.00	63.40	7.69	0.00	0.00	2000
231	11.36	2007	2124	0.00	214	0	0	0	nan	0.00	0.00	5.10	84.76	88.64	0.00	40	0	42	0.00	0.00	67.31	7.55	0.00	0.00	2000
230	11.10	2076	2100	0.22	197	0	0	14	80.28	0.00	0.00	4.90	84.10	88.90	0.00	40	0	42	0.00	0.00	65.11	7.74	0.00	0.00	2000
233	11.16	2084	2106	0.43	200	0	0	6	95.73	0.00	0.00	5.54	83.52	88.84	0.00	40	0	42	0.00	0.00	65.82	7.55	0.00	0.00	2000
226	10.76	2130	2072	0.00	197	0	0	0	nan	0.00	0.07	4.79	83.29	89.24	0.00	39	0	42	0.00	0.00	61.99	7.31	0.00	0.00	2000
233	11.32	2034	2124	0.00	196	0	0	0	nan	0.01	0.00	3.60	86.24	88.68	0.00	40	0	42	0.00	0.00	67.76	7.70	0.00	0.00	2000
230	10.89	2111	2101	0.00	199	0	0	0	nan	0.00	0.00	4.56	84.67	89.11	0.00	40	0	42	0.00	0.00	64.17	7.63	0.00	0.00	2000
229	11.12	2060	2098	0.00	199	0	0	0	nan	0.00	0.00	5.57	83.43	88.88	0.00	39	0	42	0.00	0.00	65.75	7.70	0.00	0.00	2000
233	11.04	2136	2077	0.00	196	0	0	0	nan	0.00	0.10	6.02	82.02	88.96	0.00	38	0	42	0.00	0.00	61.16	7.25	0.00	0.00	2000
233	11.10	2086	2112	0.00	203	0	0	0	nan	0.00	0.02	5.32	84.23	88.90	0.00	38	0	42	0.00	0.00	70.78	8.29	0.00	0.00	2000
229	11.06	2092	2083	0.00	197	0	0	0	nan	0.00	0.02	6.21	82.15	88.94	0.00	38	0	42	0.00	0.00	58.59	6.98	0.00	0.00	2000
233	11.34	2026	2126	0.00	200	0	0	0	nan	0.00	0.00	5.26	84.70	88.66	0.00	38	0	42	0.00	0.00	70.46	8.41	0.00	0.00	2000
230	11.20	2052	2099	0.00	213	0	0	0	nan	0.00	0.00	4.40	84.55	88.80	0.00	38	0	42	0.00	0.00	64.18	7.48	0.00	0.00	2000
231	11.54	2012	2091	0.00	199	0	0	0	nan	0.00	0.00	5.68	82.61	88.46	0.00	38	0	42	0.00	0.00	63.68	7.48	0.00	0.00	2000
231	11.42	2013	2108	0.00	201	0	0	0	nan	0.00	0.00	6.08	82.94	88.58	0.00	39	0	42	0.00	0.00	64.55	7.45	0.00	0.00	2000
227	10.92	2103	2078	0.00	198	0	0	0	nan	0.00	0.00	6.15	81.97	89.08	0.00	39	0	42	0.00	0.00	63.08	7.38	0.00	0.00	2000
220	12.12	2026	1879	0.00	197	0	0	0	nan	0.00	0.02	3.55	75.21	87.88	0.00	39	0	42	0.00	0.00	54.37	6.56	0.00	0.00	2000
246	10.16	2093	2431	0.00	286	0	0	0	nan	0.00	0.01	10.04	94.08	89.84	0.00	38	0	42	0.00	0.00	80.46	9.34	0.00	0.00	2000
225	11.00	2048	2103	0.00	197	0	0	0	nan	0.00	0.00	5.66	83.56	89.00	0.00	39	0	42	0.00	0.00	64.35	7.86	0.00	0.00	2000
221	10.90	2090	2037	1.01	198	0	0	25	28.97	0.00	0.02	4.57	81.97	89.10	0.00	40	0	42	0.00	0.00	63.96	8.20	0.00	0.00	2000
226	10.73	2063	2140	0.67	198	0	0	0	nan	0.00	0.00	7.08	83.96	89.27	0.00	40	0	42	0.00	0.00	65.88	8.34	0.00	0.00	2000
220	10.67	2042	2116	0.00	208	0	0	0	nan	0.00	0.05	3.90	86.18	89.33	0.00	39	0	42	0.00	0.00	67.58	8.34	0.00	0.00	2000
144	9.25	1567	2088	0.00	239	0	0	0	nan	0.00	0.00	8.41	81.97	90.75	0.00	37	0	42	0.00	0.00	60.50	7.56	0.00	0.00	2000
77	6.92	1105	2107	0.00	193	0	0	0	nan	0.00	0.02	3.81	89.58	93.08	0.00	37	0	42	0.00	0.00	57.76	7.38	0.00	0.00	2000
79	7.26	1091	2101	0.00	193	0	0	0	nan	0.00	0.01	2.62	90.28	92.74	0.00	37	0	42	0.00	0.00	56.82	7.22	0.00	0.00	2000
75	7.06	1061	2109	0.00	198	0	0	0	nan	0.00	0.00	4.67	88.73	92.94	0.00	37	0	42	0.00	0.00	58.96	7.49	0.00	0.00	2000
