Avg_MHz	Busy%	Bzy_MHz	TSC_MHz	IPC	IRQ	NMI	SMI	LLCMRPS	LLC%hit	POLL%	C1%	C1E%	C6%	CPU%c1	CPU%c6	CoreTmp	CoreThr	PkgTmp	Pkg%pc2	Pkg%pc6	PkgWatt	RAMWatt	PKG_%	RAM_%	UncMHz
434	20.10	2059	2202	0.00	265	0	0	0	nan	0.02	1.11	40.02	42.81	79.90	0.00	37	0	42	0.00	0.00	73.30	8.42	0.00	0.00	2000
408	18.50	2169	2137	0.00	239	0	0	0	nan	0.06	1.21	16.89	65.05	81.50	0.00	37	0	42	0.00	0.00	66.98	7.55	0.00	0.00	2000
78	6.98	1130	2082	0.00	196	0	0	0	nan	0.00	0.00	7.09	85.10	93.02	0.00	37	0	42	0.00	0.00	58.59	7.51	0.00	0.00	2000
77	6.75	1116	2134	0.00	198	0	0	0	nan	0.00	0.03	4.08	90.56	93.25	0.00	37	0	42	0.00	0.00	58.88	7.59	0.00	0.00	2000
73	6.64	1115	2085	0.00	194	0	0	0	nan	0.00	0.02	2.74	90.04	93.36	0.00	37	0	42	0.00	0.00	56.90	7.21	0.00	0.00	2000
73	6.67	1099	2079	0.00	193	0	0	0	nan	0.00	0.02	2.40	89.94	93.33	0.00	37	0	42	0.00	0.00	57.33	7.14	0.00	0.00	2000
73	6.57	1101	2128	0.00	195	0	0	0	nan	0.00	0.00	3.95	90.74	93.43	0.00	37	0	42	0.00	0.00	59.06	7.76	0.00	0.00	2000
72	6.78	1065	2083	0.00	193	0	0	0	nan	0.00	0.00	2.89	89.64	93.22	0.00	37	0	42	0.00	0.00	58.83	7.52	0.00	0.00	2000
73	6.81	1065	2122	0.00	210	0	0	0	nan	0.00	0.00	3.57	90.60	93.19	0.00	37	0	42	0.00	0.00	57.18	7.22	0.00	0.00	2000
71	6.46	1110	2086	0.00	194	0	0	0	nan	0.00	0.01	3.44	89.55	93.54	0.00	37	0	42	0.00	0.00	58.42	7.29	0.00	0.00	2000
74	6.40	1159	2110	0.00	193	0	0	0	nan	0.00	0.00	3.87	90.05	93.60	0.00	37	0	42	0.00	0.00	58.53	7.60	0.00	0.00	2000
73	6.39	1144	2110	0.00	195	0	0	0	nan	0.00	0.00	4.06	90.02	93.61	0.00	37	0	42	0.00	0.00	57.51	7.55	0.00	0.00	2000
73	6.42	1153	2082	0.00	177	0	0	0	nan	0.01	0.00	3.18	89.69	93.58	0.00	37	0	43	0.00	0.00	58.18	7.49	0.00	0.00	2000
72	6.70	1073	2089	0.00	193	0	0	0	nan	0.00	0.04	2.52	90.34	93.30	0.00	37	0	42	0.00	0.00	57.62	7.42	0.00	0.00	2000
70	6.53	1082	2090	0.00	209	0	0	0	nan	0.01	0.00	2.31	90.72	93.47	0.00	37	0	42	0.00	0.00	57.67	7.49	0.00	0.00	2000
73	6.80	1056	2124	0.00	195	0	0	1	88.18	0.00	0.00	3.36	90.98	93.20	0.00	37	0	42	0.00	0.00	58.95	7.61	0.00	0.00	2000
73	6.74	1087	2104	0.30	194	0	0	2	87.70	0.00	0.00	3.67	89.81	93.26	0.00	37	0	42	0.00	0.00	57.97	7.47	0.00	0.00	2000
73	6.45	1123	2108	0.00	194	0	0	0	nan	0.00	0.00	3.79	90.16	93.55	0.00	37	0	42	0.00	0.00	58.76	7.58	0.00	0.00	2000
170	9.26	1863	2076	0.00	214	0	0	0	nan	0.00	0.01	4.61	85.19	90.74	0.00	38	0	42	0.00	0.00	60.87	7.43	0.00	0.00	2000
232	11.13	2059	2123	0.00	220	0	0	0	nan	0.00	0.00	4.24	85.68	88.87	0.00	40	0	42	0.00	0.00	66.88	7.81	0.00	0.00	2000
230	11.00	2114	2079	0.00	198	0	0	0	nan	0.00	0.00	3.37	84.84	89.00	0.00	40	0	42	0.00	0.00	62.58	7.25	0.00	0.00	2000
232	11.12	2066	2120	0.00	217	0	0	0	nan	0.00	0.00	4.32	85.49	88.88	0.00	40	0	42	0.00	0.00	64.82	7.62	0.00	0.00	2000
229	10.98	2124	2059	0.00	196	0	0	0	nan	0.00	0.00	6.04	81.28	89.02	0.00	38	0	42	0.00	0.00	63.82	7.48	0.00	0.00	2000
232	11.00	2094	2113	0.00	201	0	0	0	nan	0.00	0.02	6.66	82.92	89.00	0.00	37	0	42	0.00	0.00	66.03	7.92	0.00	0.00	2000
235	11.27	2121	2060	0.00	199	0	0	0	nan	0.00	0.03	3.80	83.27	88.73	0.00	37	0	42	0.00	0.00	64.86	7.67	0.00	0.00	2000
231	10.81	2059	2177	0.00	232	0	0	0	nan	0.00	0.02	5.20	87.27	89.19	0.00	37	0	42	0.00	0.00	69.05	8.16	0.00	0.00	2000
232	10.92	2114	2109	0.00	196	0	0	0	nan	0.00	0.01	4.95	84.57	89.08	0.00	37	0	42	0.00	0.00	68.78	8.25	0.00	0.00	2000
228	11.09	2068	2085	0.00	200	0	0	0	nan	0.00	0.02	5.28	83.11	88.91	0.00	38	0	43	0.00	0.00	62.62	7.29	0.00	0.00	2000
231	11.34	2031	2106	0.00	197	0	0	0	nan	0.00	0.00	4.75	84.21	88.66	0.00	38	0	42	0.00	0.00	64.29	7.50	0.00	0.00	2000
230	11.10	2090	2082	0.00	199	0	0	0	nan	0.00	0.00	5.72	82.58	88.90	0.00	38	0	42	0.00	0.00	64.21	7.53	0.00	0.00	2000
230	11.03	2070	2112	0.00	195	0	0	0	nan	0.00	0.01	5.92	83.66	88.97	0.00	38	0	42	0.00	0.00	65.30	7.58	0.00	0.00	2000
230	11.02	2093	2096	0.00	202	0	0	0	nan	0.00	0.00	6.72	82.13	88.98	0.00	38	0	42	0.00	0.00	66.51	7.54	0.00	0.00	2000
227	11.04	2084	2070	0.00	199	0	0	8	86.08	0.00	0.00	5.63	82.16	88.96	0.00	38	0	42	0.00	0.00	62.61	7.34	0.00	0.00	2000
234	11.43	2066	2078	0.47	201	0	0	14	55.96	0.00	0.00	5.06	82.64	88.57	0.00	37	0	42	0.00	0.00	63.44	7.54	0.00	0.00	2000
235	10.99	2089	2147	0.00	218	0	0	0	nan	0.00	0.00	3.95	87.11	89.01	0.00	38	0	42	0.00	0.00	68.49	7.84	0.00	0.00	2000
240	11.53	2077	2102	0.00	200	0	0	0	nan	0.00	0.00	4.38	84.28	88.47	0.00	37	0	42	0.00	0.00	63.51	7.52	0.00	0.00	2000
228	11.18	2069	2073	0.00	200	0	0	0	nan	0.00	0.02	4.91	82.87	88.82	0.00	37	0	42	0.00	0.00	65.54	7.75	0.00	0.00	2000
229	11.06	2060	2111	0.00	215	0	0	0	nan	0.00	0.02	6.97	82.54	88.94	0.00	38	0	42	0.00	0.00	67.18	8.48	0.00	0.00	2000
243	11.06	2164	2136	0.00	195	0	0	0	nan	0.00	0.08	3.26	87.20	88.94	0.00	38	0	42	0.00	0.00	63.74	7.58	0.00	0.00	2000
230	11.20	2064	2092	0.00	201	0	0	0	nan	0.00	0.06	4.22	84.32	88.80	0.00	38	0	43	0.00	0.00	67.17	7.96	0.00	0.00	2000
231	10.95	2119	2096	0.00	197	0	0	0	nan	0.00	1.00	4.53	83.46	89.06	0.00	38	0	42	0.00	0.00	62.66	7.43	0.00	0.00	2000
233	11.19	2072	2110	0.00	199	0	0	0	nan	0.00	0.00	6.96	82.43	88.81	0.00	38	0	42	0.00	0.00	65.76	8.02	0.00	0.00	2000
228	11.43	2013	2085	0.00	195	0	0	0	nan	0.00	0.00	5.70	82.44	88.58	0.00	38	0	42	0.00	0.00	63.80	7.75	0.00	0.00	2000
230	11.50	2036	2063	0.00	201	0	0	0	nan	0.00	0.00	6.13	80.90	88.50	0.00	39	0	42	0.00	0.00	66.15	7.79	0.00	0.00	2000
234	11.44	2048	2100	0.00	200	0	0	0	nan	0.00	0.02	4.18	84.52	88.56	0.00	39	0	42	0.00	0.00	62.92	7.42	0.00	0.00	2000
224	10.66	2082	2120	0.00	210	0	0	0	nan	0.00	0.00	4.81	85.50	89.34	0.00	39	0	42	0.00	0.00	65.49	7.47	0.00	0.00	2000
234	10.95	2102	2134	0.00	194	0	0	0	nan	0.00	0.00	4.13	86.46	89.05	0.00	39	0	42	0.00	0.00	65.95	7.70	0.00	0.00	2000
229	10.88	2110	2095	0.00	194	0	0	0	nan	0.00	0.00	3.69	85.28	89.12	0.00	39	0	42	0.00	0.00	65.16	7.63	0.00	0.00	2000
224	11.00	2068	2067	0.00	194	0	0	0	nan	0.00	0.02	4.11	83.58	89.00	0.00	39	0	42	0.00	0.00	62.52	7.13	0.00	0.00	2000
233	10.89	2112	2127	0.00	196	0	0	2	87.72	0.00	0.00	4.11	86.23	89.11	0.00	39	0	42	0.00	0.00	65.42	7.58	0.00	0.00	2000
234	11.22	2089	2098	0.67	196	0	0	4	87.24	0.02	0.00	3.66	85.14	88.78	0.00	39	0	42	0.00	0.00	64.76	7.45	0.00	0.00	2000
234	11.42	2041	2110	0.00	198	0	0	0	nan	0.00	0.02	5.95	83.17	88.58	0.00	39	0	42	0.00	0.00	65.30	7.52	0.00	0.00	2000
230	10.83	2136	2092	0.00	197	0	0	0	nan	0.00	0.00	4.19	84.68	89.17	0.00	39	0	42	0.00	0.00	64.75	7.48	0.00	0.00	2000
226	10.99	2054	2108	0.00	195	0	0	0	nan	0.00	0.00	4.52	84.92	89.01	0.00	39	0	42	0.00	0.00	64.87	7.49	0.00	0.00	2000
229	11.23	2041	2100	0.00	195	0	0	0	nan	0.00	0.00	3.92	84.98	88.77	0.00	39	0	42	0.00	0.00	64.29	7.44	0.00	0.00	2000
226	11.15	2034	2094	0.00	194	0	0	0	nan	0.00	0.00	3.72	84.98	88.85	0.00	39	0	42	0.00	0.00	64.40	7.46	0.00	0.00	2000
230	11.19	2048	2107	0.00	196	0	0	0	nan	0.00	0.00	3.30	85.93	88.81	0.00	39	0	42	0.00	0.00	65.06	7.49	0.00	0.00	2000
227	10.99	2070	2093	0.00	195	0	0	0	nan	0.00	0.00	3.99	84.80	89.01	0.00	39	0	42	0.00	0.00	64.82	7.50	0.00	0.00	2000
227	10.96	2070	2103	0.00	195	0	0	0	nan	0.00	0.00	4.53	84.79	89.04	0.00	39	0	42	0.00	0.00	64.76	7.42	0.00	0.00	2000
233	11.19	2083	2096	0.00	196	0	0	0	nan	0.00	0.00	4.74	83.96	88.82	0.00	39	0	42	0.00	0.00	65.05	7.87	0.00	0.00	2000
228	11.11	2050	2107	0.00	195	0	0	0	nan	0.00	0.00	4.42	84.91	88.89	0.00	39	0	42	0.00	0.00	64.19	7.50	0.00	0.00	2000
228	11.08	2065	2095	0.00	195	0	0	0	nan	0.00	0.02	3.65	85.14	88.92	0.00	39	0	42	0.00	0.00	65.80	7.49	0.00	0.00	2000
228	10.97	2078	2097	0.00	194	0	0	0	nan	0.00	0.00	4.41	84.58	89.03	0.00	39	0	42	0.00	0.00	63.78	7.54	0.00	0.00	2000
226	11.05	2065	2080	0.00	195	0	0	0	nan	0.00	0.00	4.24	84.04	88.95	0.00	39	0	42	0.00	0.00	64.62	7.29	0.00	0.00	2000
233	11.08	2081	2120	0.00	200	0	0	0	nan	0.00	0.00	7.55	82.33	88.92	0.00	40	0	42	0.00	0.00	64.82	7.55	0.00	0.00	2000
228	11.14	2042	2109	0.00	196	0	0	0	nan	0.00	0.00	4.28	84.99	88.86	0.00	39	0	42	0.00	0.00	65.88	7.50	0.00	0.00	2000
222	11.40	2028	2020	0.00	194	0	0	1	86.03	0.00	0.00	3.33	82.01	88.60	0.00	40	0	42	0.00	0.00	60.48	7.15	0.00	0.00	2000
234	10.72	2090	2189	1.08	211	0	0	3	87.86	0.00	0.03	2.76	90.42	89.28	0.00	40	0	42	0.00	0.00	69.26	7.98	0.00	0.00	2000
230	10.96	2107	2095	0.00	196	0	0	0	nan	0.00	0.00	4.28	84.60	89.04	0.00	40	0	42	0.00	0.00	65.00	7.40	0.00	0.00	2000
229	11.17	2050	2102	0.00	195	0	0	0	nan	0.00	0.00	3.99	85.00	88.83	0.00	40	0	42	0.00	0.00	64.59	7.53	0.00	0.00	2000
229	11.02	2085	2094	0.00	196	0	0	0	nan	0.00	0.00	4.53	84.30	88.98	0.00	40	0	42	0.00	0.00	64.69	7.38	0.00	0.00	2000
225	11.12	2045	2079	0.00	194	0	0	0	nan	0.00	0.00	4.27	83.93	88.88	0.00	40	0	43	0.00	0.00	60.93	7.28	0.00	0.00	2000
228	11.35	2033	2076	0.00	194	0	0	0	nan	0.00	0.00	4.14	83.56	88.65	0.00	40	0	42	0.00	0.00	65.88	7.68	0.00	0.00	2000
230	11.08	2018	2156	0.00	212	0	0	0	nan	0.00	0.01	3.98	87.48	88.92	0.00	40	0	42	0.00	0.00	67.26	7.83	0.00	0.00	2000
227	11.32	2002	2100	0.00	194	0	0	0	nan	0.00	0.00	4.38	84.49	88.68	0.00	40	0	42	0.00	0.00	64.53	7.51	0.00	0.00	2000
225	11.23	2011	2096	0.00	194	0	0	0	nan	0.00	0.00	4.12	84.65	88.77	0.00	40	0	42	0.00	0.00	64.38	7.49	0.00	0.00	2000
229	11.04	2074	2103	0.00	194	0	0	0	nan	0.00	0.00	4.11	85.06	88.96	0.00	40	0	42	0.00	0.00	64.95	7.34	0.00	0.00	2000
228	10.87	2104	2093	0.00	195	0	0	0	nan	0.00	0.00	4.94	83.94	89.13	0.00	40	0	42	0.00	0.00	61.08	7.28	0.00	0.00	2000
228	10.87	2096	2101	0.00	194	0	0	0	nan	0.00	0.00	4.74	84.56	89.13	0.00	40	0	42	0.00	0.00	67.86	7.88	0.00	0.00	2000
239	11.45	2100	2089	0.00	196	0	0	0	nan	0.00	0.00	4.80	83.38	88.55	0.00	40	0	42	0.00	0.00	61.86	7.17	0.00	0.00	2000
229	10.87	2098	2108	0.00	195	0	0	0	nan	0.00	0.00	5.06	84.56	89.13	0.00	39	0	42	0.00	0.00	67.67	8.01	0.00	0.00	2000
230	11.12	2055	2110	0.00	195	0	0	0	nan	0.00	0.00	4.41	84.98	88.88	0.00	40	0	42	0.00	0.00	65.47	7.56	0.00	0.00	2000
228	10.87	2106	2093	0.00	194	0	0	0	nan	0.00	0.00	4.21	84.66	89.13	0.00	39	0	42	0.00	0.00	61.80	7.17	0.00	0.00	2000
223	10.87	2078	2073	0.00	194	0	0	1	89.26	0.00	0.00	4.00	84.06	89.13	0.00	40	0	42	0.00	0.00	63.19	7.37	0.00	0.00	2000
236	11.51	2063	2088	0.88	199	0	0	2	84.59	0.00	0.02	3.56	84.48	88.49	0.00	40	0	42	0.00	0.00	66.29	7.69	0.00	0.00	2000
228	11.01	2022	2146	0.00	212	0	0	0	nan	0.00	0.02	4.62	86.40	88.99	0.00	40	0	42	0.00	0.00	64.36	7.43	0.00	0.00	2000
229	10.89	2109	2097	0.00	194	0	0	0	nan	0.00	0.00	4.54	84.49	89.11	0.00	39	0	42	0.00	0.00	65.08	7.48	0.00	0.00	2000
222	10.85	2070	2072	0.00	194	0	0	0	nan	0.00	0.00	4.45	83.61	89.15	0.00	39	0	42	0.00	0.00	62.95	7.31	0.00	0.00	2000
231	11.46	2038	2073	0.00	195	0	0	0	nan	0.00	0.00	3.53	84.03	88.54	0.00	40	0	42	0.00	0.00	66.16	7.69	0.00	0.00	2000
229	10.68	2093	2156	0.00	211	0	0	0	nan	0.00	0.00	4.15	87.61	89.32	0.00	40	0	42	0.00	0.00	64.54	7.65	0.00	0.00	2000
226	10.49	2163	2095	0.00	194	0	0	0	nan	0.00	0.00	4.36	84.99	89.51	0.00	39	0	42	0.00	0.00	65.49	7.55	0.00	0.00	2000
228	11.10	2051	2101	0.00	194	0	0	0	nan	0.00	0.00	4.43	84.64	88.90	0.00	39	0	42	0.00	0.00	63.95	7.53	0.00	0.00	2000
228	10.85	2105	2097	0.00	194	0	0	0	nan	0.00	0.00	4.61	84.58	89.15	0.00	39	0	42	0.00	0.00	64.73	7.54	0.00	0.00	2000
229	10.97	2084	2107	0.00	196	0	0	0	nan	0.00	0.00	5.34	84.07	89.03	0.00	39	0	42	0.00	0.00	64.52	7.51	0.00	0.00	2000
229	11.00	2079	2102	0.00	194	0	0	0	nan	0.00	0.00	4.75	84.40	89.00	0.00	39	0	42	0.00	0.00	64.77	7.50	0.00	0.00	2000
228	10.87	2098	2096	0.00	194	0	0	0	nan	0.00	0.00	4.27	84.72	89.13	0.00	40	0	42	0.00	0.00	64.41	7.40	0.00	0.00	2000
228	10.90	2086	2105	0.00	194	0	0	0	nan	0.00	0.00	4.49	84.86	89.10	0.00	39	0	42	0.00	0.00	64.44	7.59	0.00	0.00	2000
228	10.74	2122	2098	0.00	195	0	0	0	nan	0.00	0.00	4.25	84.91	89.26	0.00	39	0	42	0.00	0.00	64.83	7.55	0.00	0.00	2000
227	11.13	2038	2105	0.00	195	0	0	0	nan	0.00	0.00	3.88	85.29	88.87	0.00	40	0	42	0.00	0.00	64.12	7.49	0.00	0.00	2000
227	11.12	2045	2094	0.00	193	0	0	0	nan	0.00	0.02	3.57	85.21	88.88	0.00	39	0	42	0.00	0.00	64.64	7.33	0.00	0.00	2000
224	10.83	2088	2076	0.00	194	0	0	1	91.79	0.00	0.00	4.04	84.19	89.17	0.00	39	0	42	0.00	0.00	63.71	7.30	0.00	0.00	2000
230	11.29	2054	2084	0.80	194	0	0	8	87.03	0.00	0.00	3.33	84.69	88.71	0.00	39	0	42	0.00	0.00	66.61	7.70	0.00	0.00	2000
229	10.91	2058	2147	0.00	211	0	0	0	nan	0.00	0.02	3.23	87.95	89.09	0.00	39	0	42	0.00	0.00	65.30	8.14	0.00	0.00	2000
230	11.05	2083	2101	0.00	196	0	0	0	nan	0.00	0.00	4.77	84.35	88.95	0.00	40	0	42	0.00	0.00	65.53	7.98	0.00	0.00	2000
229	11.05	2080	2095	0.00	196	0	0	0	nan	0.00	0.00	3.66	85.22	88.95	0.00	40	0	43	0.00	0.00	64.97	7.93	0.00	0.00	2000
227	11.17	2070	2059	0.00	180	0	0	0	nan	0.00	0.00	3.86	83.33	88.83	0.00	40	0	42	0.00	0.00	63.57	7.67	0.00	0.00	2000
231	10.87	2079	2150	0.00	211	0	0	0	nan	0.00	0.00	4.62	86.73	89.13	0.00	40	0	42	0.00	0.00	66.11	7.89	0.00	0.00	2000
227	10.87	2098	2093	0.00	194	0	0	0	nan	0.00	0.00	4.09	84.80	89.13	0.00	41	0	42	0.00	0.00	66.10	7.83	0.00	0.00	2000
230	11.03	2091	2090	0.00	195	0	0	0	nan	0.00	0.00	4.59	84.04	88.97	0.00	41	0	42	0.00	0.00	65.40	7.70	0.00	0.00	2000
228	11.08	2041	2115	0.00	194	0	0	0	nan	0.00	0.00	5.23	84.43	88.92	0.00	40	0	42	0.00	0.00	65.18	7.70	0.00	0.00	2000
229	10.62	2164	2092	0.00	194	0	0	0	nan	0.00	0.00	3.90	85.05	89.38	0.00	40	0	42	0.00	0.00	65.59	7.69	0.00	0.00	2000
231	11.27	2067	2077	0.00	210	0	0	0	nan	0.00	0.00	6.95	80.91	88.73	0.00	40	0	42	0.00	0.00	65.50	7.66	0.00	0.00	2000
225	11.14	2061	2054	0.00	194	0	0	0	nan	0.00	0.00	4.04	82.87	88.86	0.00	40	0	42	0.00	0.00	62.66	7.32	0.00	0.00	2000
234	10.69	2114	2175	0.00	210	0	0	0	nan	0.00	0.00	3.28	89.26	89.31	0.00	41	0	42	0.00	0.00	69.62	8.23	0.00	0.00	2000
230	10.81	2118	2105	0.00	203	0	0	0	nan	0.00	0.00	5.00	84.40	89.19	0.00	41	0	42	0.00	0.00	65.69	7.58	0.00	0.00	2000
228	11.16	2044	2096	0.00	202	0	0	0	nan	0.00	0.00	5.41	83.41	88.84	0.00	40	0	42	0.00	0.00	65.29	7.81	0.00	0.00	2000
229	11.14	2057	2096	0.00	194	0	0	0	nan	0.00	0.00	4.67	84.18	88.86	0.00	40	0	42	0.00	0.00	65.62	7.83	0.00	0.00	2000
228	10.95	2073	2106	0.00	194	0	0	1	90.26	0.00	0.00	4.60	84.77	89.05	0.00	40	0	42	0.00	0.00	62.59	7.22	0.00	0.00	2000
232	11.17	2079	2093	0.71	196	0	0	5	84.18	0.00	0.00	5.05	83.56	88.83	0.00	40	0	42	0.00	0.00	67.25	7.69	0.00	0.00	2000
229	10.90	2095	2108	0.00	194	0	0	0	nan	0.00	0.00	4.46	85.03	89.10	0.00	40	0	42	0.00	0.00	65.72	8.03	0.00	0.00	2000
226	11.07	2039	2102	0.00	194	0	0	0	nan	0.00	0.00	4.56	84.57	88.93	0.00	40	0	42	0.00	0.00	64.45	7.41	0.00	0.00	2000
228	11.16	2045	2095	0.00	194	0	0	0	nan	0.01	0.00	3.90	84.91	88.85	0.00	40	0	42	0.00	0.00	62.70	7.22	0.00	0.00	2000
229	10.83	2117	2094	0.00	195	0	0	0	nan	0.00	0.00	4.64	84.30	89.17	0.00	39	0	42	0.00	0.00	67.21	7.67	0.00	0.00	2000
230	11.16	2062	2100	0.00	195	0	0	0	nan	0.00	0.00	5.42	83.60	88.84	0.00	39	0	42	0.00	0.00	65.02	7.74	0.00	0.00	2000
224	10.68	2086	2110	0.00	202	0	0	0	nan	0.00	0.02	4.85	84.96	89.32	0.00	39	0	42	0.00	0.00	65.21	7.86	0.00	0.00	2000
128	8.73	1475	2095	0.00	233	0	0	0	nan	0.00	0.03	9.08	82.06	91.27	0.00	38	0	42	0.00	0.00	59.88	7.57	0.00	0.00	2000
83	7.09	1174	2094	0.00	194	0	0	0	nan	0.00	0.00	4.96	87.72	92.91	0.00	37	0	42	0.00	0.00	57.85	7.19	0.00	0.00	2000
