Avg_MHz	Busy%	Bzy_MHz	TSC_MHz	IPC	IRQ	NMI	SMI	LLCMRPS	LLC%hit	POLL%	C1%	C1E%	C6%	CPU%c1	CPU%c6	CoreTmp	CoreThr	PkgTmp	Pkg%pc2	Pkg%pc6	PkgWatt	RAMWatt	PKG_%	RAM_%	UncMHz
387	17.39	2181	2140	0.00	235	0	0	0	nan	0.00	1.03	38.87	44.50	82.61	0.00	37	0	42	0.00	0.00	69.42	7.94	0.00	0.00	2000
283	14.54	1962	2082	0.00	222	0	0	0	nan	0.05	0.27	16.64	68.05	85.46	0.00	37	0	42	0.00	0.00	61.99	7.44	0.00	0.00	2000
77	7.29	1035	2136	0.00	210	0	0	0	nan	0.00	0.00	4.45	89.98	92.71	0.00	37	0	42	0.00	0.00	59.48	7.81	0.00	0.00	2000
73	6.74	1083	2101	0.00	194	0	0	0	nan	0.00	0.02	3.24	90.11	93.26	0.00	37	0	42	0.00	0.00	55.45	7.18	0.00	0.00	2000
74	6.66	1113	2104	0.00	193	0	0	0	nan	0.00	0.00	3.31	90.36	93.34	0.00	37	0	42	0.00	0.00	59.21	7.57	0.00	0.00	2000
72	6.62	1099	2069	0.00	177	0	0	0	nan	0.00	0.00	3.05	89.03	93.38	0.00	37	0	42	0.00	0.00	58.27	7.44	0.00	0.00	2000
73	6.89	1047	2125	0.00	210	0	0	0	nan	0.00	0.03	4.21	90.12	93.11	0.00	36	0	42	0.00	0.00	57.09	7.52	0.00	0.00	2000
77	7.30	1059	2102	0.00	210	0	0	0	nan	0.00	0.02	7.34	85.61	92.70	0.00	37	0	42	0.00	0.00	58.78	7.55	0.00	0.00	2000
73	6.74	1089	2102	0.00	194	0	0	0	nan	0.00	0.01	3.01	90.48	93.26	0.00	36	0	42	0.00	0.00	57.40	7.50	0.00	0.00	2000
72	6.83	1054	2100	0.00	193	0	0	0	nan	0.00	0.00	3.57	89.78	93.17	0.00	37	0	42	0.00	0.00	57.90	7.48	0.00	0.00	2000
72	6.96	1036	2089	0.00	193	0	0	0	nan	0.00	0.00	3.13	89.54	93.04	0.00	36	0	42	0.00	0.00	58.28	7.69	0.00	0.00	2000
72	6.68	1087	2096	0.00	193	0	0	0	nan	0.00	0.00	2.91	90.35	93.32	0.00	37	0	42	0.00	0.00	59.42	7.44	0.00	0.00	2000
74	6.81	1077	2113	0.00	193	0	0	0	nan	0.00	0.00	4.35	89.55	93.19	0.00	37	0	42	0.00	0.00	58.71	7.57	0.00	0.00	2000
71	6.59	1094	2074	0.00	177	0	0	0	nan	0.00	0.02	3.06	89.24	93.41	0.00	37	0	42	0.00	0.00	57.45	7.45	0.00	0.00	2000
74	7.08	1040	2110	0.00	213	0	0	0	nan	0.00	0.00	5.24	88.26	92.92	0.00	37	0	42	0.00	0.00	58.30	7.55	0.00	0.00	2000
72	6.61	1092	2102	0.00	179	0	0	0	nan	0.00	0.00	4.39	89.16	93.39	0.00	36	0	42	0.00	0.00	58.97	7.49	0.00	0.00	2000
73	6.79	1066	2115	0.30	209	0	0	1	77.10	0.00	0.01	3.16	90.83	93.21	0.00	36	0	42	0.00	0.00	57.70	7.37	0.00	0.00	2000
71	6.65	1071	2086	0.18	177	0	0	0	nan	0.00	0.00	2.60	90.25	93.35	0.00	37	0	42	0.00	0.00	58.17	7.35	0.00	0.00	2000
210	10.73	1942	2113	0.00	232	0	0	0	nan	0.00	0.02	4.81	84.98	89.27	0.00	39	0	42	0.00	0.00	65.12	7.57	0.00	0.00	2000
228	10.85	2113	2089	0.00	213	0	0	0	nan	0.00	0.00	4.20	84.59	89.15	0.00	39	0	42	0.00	0.00	60.76	7.10	0.00	0.00	2000
229	11.17	2052	2099	0.00	203	0	0	0	nan	0.00	0.00	2.33	86.57	88.83	0.00	40	0	42	0.00	0.00	65.14	7.43	0.00	0.00	2000
230	11.04	2083	2100	0.00	202	0	0	0	nan	0.00	0.00	2.75	86.31	88.96	0.00	40	0	42	0.00	0.00	65.48	7.44	0.00	0.00	2000
239	11.38	2087	2112	0.00	196	0	0	0	nan	0.00	0.04	5.54	83.63	88.62	0.00	38	0	42	0.00	0.00	67.03	7.70	0.00	0.00	2000
230	11.26	2071	2073	0.00	199	0	0	0	nan	0.00	0.03	4.31	83.42	88.74	0.00	37	0	42	0.00	0.00	64.01	7.56	0.00	0.00	2000
239	10.95	2157	2127	0.00	202	0	0	0	nan	0.01	0.01	4.69	85.47	89.05	0.00	37	0	42	0.00	0.00	67.04	7.77	0.00	0.00	2000
230	10.86	2120	2095	0.00	196	0	0	0	nan	0.00	0.07	3.55	85.47	89.14	0.00	37	0	42	0.00	0.00	67.18	7.75	0.00	0.00	2000
231	11.13	2075	2098	0.00	196	0	0	0	nan	0.00	0.01	5.53	83.33	88.87	0.00	37	0	42	0.00	0.00	66.03	7.85	0.00	0.00	2000
234	11.56	2050	2078	0.00	200	0	0	0	nan	0.00	0.00	6.46	81.18	88.44	0.00	37	0	42	0.00	0.00	63.28	7.35	0.00	0.00	2000
232	10.95	2114	2106	0.00	198	0	0	0	nan	0.00	0.00	5.01	84.30	89.05	0.00	38	0	42	0.00	0.00	68.00	7.68	0.00	0.00	2000
234	11.11	2095	2112	0.00	201	0	0	0	nan	0.00	0.03	4.20	85.29	88.89	0.00	38	0	42	0.00	0.00	65.33	7.72	0.00	0.00	2000
229	11.01	2087	2095	0.00	212	0	0	0	nan	0.00	0.02	6.76	81.99	88.99	0.00	38	0	42	0.00	0.00	63.09	7.13	0.00	0.00	2000
224	10.69	2118	2075	0.00	198	0	0	0	nan	0.00	0.00	6.03	82.32	89.31	0.00	38	0	42	0.00	0.00	63.87	7.39	0.00	0.00	2000
232	11.29	2056	2104	0.00	199	0	0	0	nan	0.00	0.00	4.78	84.18	88.71	0.00	39	0	42	0.00	0.00	63.31	7.67	0.00	0.00	2000
227	10.55	2150	2103	0.79	214	0	0	17	97.95	0.00	0.00	5.93	83.74	89.45	0.00	38	0	42	0.00	0.00	67.01	7.26	0.00	0.00	2000
234	11.30	2073	2095	0.05	207	0	0	0	nan	0.00	0.05	4.00	84.62	88.70	0.00	38	0	42	0.00	0.00	66.52	7.74	0.00	0.00	2000
229	10.95	2065	2126	0.00	215	0	0	0	nan	0.00	0.03	4.24	86.01	89.05	0.00	38	0	42	0.00	0.00	65.36	7.40	0.00	0.00	2000
231	11.06	2086	2105	0.00	197	0	0	0	nan	0.00	0.00	6.68	82.47	88.94	0.00	38	0	42	0.00	0.00	65.35	7.56	0.00	0.00	2000
227	10.77	2108	2102	0.00	198	0	0	0	nan	0.00	0.05	4.26	85.12	89.23	0.00	38	0	42	0.00	0.00	65.77	7.53	0.00	0.00	2000
232	11.36	2045	2099	0.00	200	0	0	0	nan	0.00	0.06	3.33	85.39	88.64	0.00	38	0	42	0.00	0.00	64.96	7.53	0.00	0.00	2000
231	11.22	2066	2092	0.00	197	0	0	0	nan	0.00	0.00	5.77	82.77	88.78	0.00	38	0	42	0.00	0.00	65.19	7.54	0.00	0.00	2000
231	10.97	2101	2105	0.00	199	0	0	0	nan	0.00	0.00	7.18	82.21	89.03	0.00	38	0	42	0.00	0.00	65.03	7.57	0.00	0.00	2000
226	11.23	2027	2082	0.00	196	0	0	0	nan	0.00	0.00	5.47	82.58	88.77	0.00	38	0	42	0.00	0.00	64.21	7.57	0.00	0.00	2000
230	10.73	2138	2107	0.00	195	0	0	0	nan	0.00	0.00	5.10	84.50	89.27	0.00	37	0	42	0.00	0.00	65.41	7.58	0.00	0.00	2000
224	10.61	2138	2072	0.00	203	0	0	0	nan	0.01	1.41	4.43	82.47	89.39	0.00	37	0	42	0.00	0.00	57.78	6.64	0.00	0.00	2000
238	11.09	2095	2151	0.00	265	0	0	0	nan	0.00	0.00	9.17	81.96	88.91	0.00	39	0	42	0.00	0.00	75.50	9.05	0.00	0.00	2000
231	11.11	2079	2099	0.00	198	0	0	0	nan	0.00	0.02	4.74	84.24	88.89	0.00	39	0	42	0.00	0.00	65.93	7.96	0.00	0.00	2000
233	11.38	2065	2078	0.00	202	0	0	0	nan	0.00	0.02	3.06	84.63	88.62	0.00	39	0	42	0.00	0.00	62.74	7.58	0.00	0.00	2000
233	10.95	2110	2119	0.00	211	0	0	0	nan	0.00	0.00	5.69	84.21	89.05	0.00	39	0	42	0.00	0.00	70.43	8.58	0.00	0.00	2000
234	10.98	2126	2106	0.00	198	0	0	0	nan	0.01	0.01	5.77	83.50	89.02	0.00	39	0	42	0.00	0.00	64.92	7.92	0.00	0.00	2000
230	10.73	2148	2096	0.00	197	0	0	2	59.63	0.00	0.04	2.85	86.26	89.27	0.00	39	0	42	0.00	0.00	65.01	7.86	0.00	0.00	2000
233	10.84	2149	2102	0.52	197	0	0	3	63.59	0.00	0.01	5.44	83.85	89.16	0.00	39	0	42	0.00	0.00	65.44	7.94	0.00	0.00	2000
231	11.12	2087	2087	0.00	180	0	0	0	nan	0.00	0.02	5.38	83.08	88.88	0.00	40	0	42	0.00	0.00	61.61	7.12	0.00	0.00	2000
232	11.25	2039	2122	0.00	216	0	0	0	nan	0.00	2.02	6.26	81.54	88.75	0.00	40	0	42	0.00	0.00	65.53	7.63	0.00	0.00	2000
225	10.55	2147	2089	0.00	198	0	0	0	nan	0.00	0.00	6.64	82.38	89.45	0.00	40	0	42	0.00	0.00	65.68	7.73	0.00	0.00	2000
229	11.24	2060	2077	0.00	200	0	0	0	nan	0.00	0.00	4.43	83.44	88.76	0.00	39	0	42	0.00	0.00	64.90	7.66	0.00	0.00	2000
235	11.20	2062	2132	0.00	199	0	0	0	nan	0.00	0.00	5.18	85.07	88.80	0.00	40	0	42	0.00	0.00	64.69	7.69	0.00	0.00	2000
231	10.76	2160	2090	0.00	199	0	0	0	nan	0.00	0.01	6.06	82.78	89.24	0.00	40	0	42	0.00	0.00	64.39	7.53	0.00	0.00	2000
228	10.97	2079	2101	0.00	198	0	0	0	nan	0.00	0.00	5.80	83.34	89.03	0.00	40	0	42	0.00	0.00	63.90	7.38	0.00	0.00	2000
225	10.68	2128	2079	0.00	213	0	0	0	nan	0.00	0.00	4.48	83.99	89.32	0.00	40	0	42	0.00	0.00	65.05	7.45	0.00	0.00	2000
232	10.94	2086	2137	0.00	197	0	0	0	nan	0.00	0.02	4.33	86.31	89.06	0.00	40	0	42	0.00	0.00	65.37	7.53	0.00	0.00	2000
230	11.05	2099	2083	0.00	200	0	0	0	nan	0.00	0.00	6.28	82.00	88.95	0.00	40	0	42	0.00	0.00	63.01	7.29	0.00	0.00	2000
225	10.64	2132	2080	0.00	204	0	0	0	nan	0.00	0.02	4.93	83.67	89.36	0.00	40	0	42	0.00	0.00	64.91	7.50	0.00	0.00	2000
229	11.02	2082	2099	0.00	212	0	0	0	nan	0.00	0.02	4.99	83.99	88.98	0.00	40	0	42	0.00	0.00	65.64	7.52	0.00	0.00	2000
230	10.85	2098	2124	0.00	198	0	0	0	nan	0.00	0.00	4.82	85.43	89.15	0.00	40	0	42	0.00	0.00	64.11	7.53	0.00	0.00	2000
229	11.15	2052	2106	0.00	213	0	0	0	nan	0.00	0.01	4.61	84.57	88.85	0.00	40	0	42	0.00	0.00	67.55	7.87	0.00	0.00	2000
230	11.32	2027	2101	0.00	198	0	0	0	nan	0.00	0.02	5.85	83.02	88.68	0.00	40	0	42	0.00	0.00	66.00	7.58	0.00	0.00	2000
229	11.19	2049	2100	0.14	199	0	0	11	30.14	0.00	0.00	6.29	82.63	88.81	0.00	40	0	42	0.00	0.00	63.76	7.76	0.00	0.00	2000
229	11.13	2058	2100	0.94	198	0	0	3	79.06	0.00	0.00	5.30	83.61	88.87	0.00	40	0	42	0.00	0.00	64.70	7.58	0.00	0.00	2000
227	11.08	2079	2066	0.00	197	0	0	0	nan	0.00	0.02	4.15	83.47	88.92	0.00	40	0	42	0.00	0.00	63.29	7.56	0.00	0.00	2000
230	10.94	2087	2120	0.00	198	0	0	0	nan	0.00	0.00	4.05	85.93	89.06	0.00	40	0	42	0.00	0.00	66.05	7.59	0.00	0.00	2000
232	10.92	2131	2098	0.00	200	0	0	0	nan	0.00	0.58	3.35	85.13	89.08	0.00	40	0	42	0.00	0.00	65.04	7.36	0.00	0.00	2000
232	10.95	2101	2119	0.00	201	0	0	0	nan	0.00	0.02	5.11	84.80	89.05	0.00	40	0	42	0.00	0.00	65.78	7.88	0.00	0.00	2000
231	11.06	2083	2102	0.00	197	0	0	0	nan	0.00	0.99	5.18	82.93	88.94	0.00	40	0	42	0.00	0.00	65.31	7.60	0.00	0.00	2000
224	10.98	2077	2063	0.00	195	0	0	0	nan	0.00	0.00	6.41	81.14	89.02	0.00	41	0	42	0.00	0.00	63.72	7.26	0.00	0.00	2000
229	11.10	2066	2093	0.00	199	0	0	0	nan	0.00	0.02	5.80	82.89	88.90	0.00	40	0	42	0.00	0.00	62.05	7.33	0.00	0.00	2000
231	10.81	2129	2111	0.00	222	0	0	0	nan	0.00	0.02	5.97	83.65	89.19	0.00	41	0	42	0.00	0.00	68.66	7.99	0.00	0.00	2000
232	11.00	2087	2118	0.00	213	0	0	0	nan	0.00	0.02	6.10	83.76	89.00	0.00	41	0	42	0.00	0.00	64.75	7.71	0.00	0.00	2000
226	10.89	2096	2082	0.00	181	0	0	0	nan	0.00	0.01	5.71	82.71	89.11	0.00	41	0	42	0.00	0.00	65.67	7.74	0.00	0.00	2000
232	10.86	2107	2128	0.00	213	0	0	0	nan	0.00	0.02	4.61	85.68	89.14	0.00	40	0	42	0.00	0.00	63.33	7.52	0.00	0.00	2000
229	10.92	2093	2105	0.00	197	0	0	0	nan	0.00	0.00	5.73	83.54	89.08	0.00	41	0	42	0.00	0.00	68.31	7.92	0.00	0.00	2000
230	11.03	2093	2094	0.00	202	0	0	0	nan	0.00	0.00	5.50	83.33	88.97	0.00	40	0	42	0.00	0.00	64.69	7.67	0.00	0.00	2000
229	10.97	2083	2105	0.00	196	0	0	0	nan	0.00	0.00	5.68	83.70	89.03	0.00	40	0	42	0.00	0.00	65.29	7.46	0.00	0.00	2000
228	11.07	2058	2100	0.00	198	0	0	0	nan	0.00	0.57	3.32	85.18	88.93	0.00	40	0	42	0.00	0.00	64.85	7.55	0.00	0.00	2000
227	10.87	2089	2101	0.13	198	0	0	3	83.29	0.00	0.01	3.33	85.92	89.13	0.00	40	0	42	0.00	0.00	64.81	7.69	0.00	0.00	2000
230	11.08	2075	2098	0.95	198	0	0	3	86.50	0.00	0.01	6.45	82.45	88.92	0.00	40	0	42	0.00	0.00	65.24	7.49	0.00	0.00	2000
228	10.90	2108	2086	0.00	202	0	0	0	nan	0.00	1.06	4.25	83.31	89.10	0.00	40	0	42	0.00	0.00	64.46	7.36	0.00	0.00	2000
230	11.05	2071	2111	0.00	199	0	0	0	nan	0.00	0.00	5.46	84.01	88.95	0.00	40	0	42	0.00	0.00	65.45	7.73	0.00	0.00	2000
225	10.87	2094	2076	0.00	195	0	0	0	nan	0.00	0.02	4.63	83.48	89.13	0.00	40	0	42	0.00	0.00	63.04	7.48	0.00	0.00	2000
231	10.78	2131	2115	0.00	196	0	0	0	nan	0.00	0.02	5.25	84.63	89.22	0.00	41	0	42	0.00	0.00	66.52	7.98	0.00	0.00	2000
231	11.13	2059	2115	0.00	197	0	0	0	nan	0.01	0.00	5.27	84.34	88.87	0.00	40	0	42	0.00	0.00	65.30	7.54	0.00	0.00	2000
231	11.14	2085	2093	0.00	201	0	0	0	nan	0.00	0.01	6.23	82.43	88.86	0.00	40	0	42	0.00	0.00	64.79	7.63	0.00	0.00	2000
228	10.77	2119	2101	0.00	196	0	0	0	nan	0.00	0.03	5.73	83.61	89.23	0.00	41	0	42	0.00	0.00	65.87	7.49	0.00	0.00	2000
227	10.96	2079	2088	0.00	195	0	0	0	nan	0.00	0.01	4.37	84.29	89.04	0.00	40	0	42	0.00	0.00	61.21	7.35	0.00	0.00	2000
229	10.99	2070	2117	0.00	214	0	0	0	nan	0.00	0.60	3.12	86.15	89.01	0.00	40	0	42	0.00	0.00	65.74	8.05	0.00	0.00	2000
231	10.94	2109	2106	0.00	197	0	0	0	nan	0.00	0.01	4.13	85.17	89.06	0.00	40	0	42	0.00	0.00	65.19	7.28	0.00	0.00	2000
230	11.17	2065	2096	0.00	205	0	0	0	nan	0.00	0.02	5.89	82.88	88.83	0.00	40	0	42	0.00	0.00	64.94	7.43	0.00	0.00	2000
229	10.81	2116	2099	0.00	198	0	0	0	nan	0.00	0.01	4.91	84.26	89.19	0.00	40	0	42	0.00	0.00	65.06	7.42	0.00	0.00	2000
227	10.93	2080	2100	0.00	196	0	0	0	nan	0.00	0.01	5.33	83.87	89.07	0.00	40	0	42	0.00	0.00	64.51	7.48	0.00	0.00	2000
230	10.98	2094	2104	0.00	197	0	0	0	nan	0.00	0.02	5.11	84.16	89.02	0.00	40	0	42	0.00	0.00	65.00	7.55	0.00	0.00	2000
223	10.96	2069	2069	0.00	198	0	0	0	nan	0.00	0.00	5.29	82.65	89.04	0.00	40	0	42	0.00	0.00	65.87	7.75	0.00	0.00	2000
232	11.05	2095	2109	0.02	200	0	0	2	89.67	0.00	0.00	5.67	83.75	88.95	0.00	40	0	42	0.00	0.00	64.55	7.59	0.00	0.00	2000
229	11.06	2060	2108	0.70	199	0	0	4	89.09	0.00	0.00	6.03	83.40	88.94	0.00	40	0	42	0.00	0.00	63.46	7.43	0.00	0.00	2000
231	10.95	2103	2106	0.00	195	0	0	0	nan	0.00	0.00	5.39	83.98	89.05	0.00	40	0	42	0.00	0.00	65.15	7.62	0.00	0.00	2000
225	10.85	2096	2074	0.00	197	0	0	0	nan	0.00	0.02	4.21	83.93	89.15	0.00	40	0	42	0.00	0.00	63.98	7.33	0.00	0.00	2000
231	11.03	2079	2111	0.00	214	0	0	0	nan	0.00	0.00	4.10	85.45	88.97	0.00	40	0	42	0.00	0.00	62.65	7.41	0.00	0.00	2000
226	11.00	2071	2082	0.00	198	0	0	0	nan	0.00	0.02	5.79	82.49	89.00	0.00	40	0	42	0.00	0.00	66.34	7.85	0.00	0.00	2000
230	10.91	2089	2116	0.00	200	0	0	0	nan	0.00	0.49	4.33	84.92	89.09	0.00	40	0	42	0.00	0.00	64.14	7.48	0.00	0.00	2000
226	10.82	2102	2083	0.00	214	0	0	0	nan	0.01	0.02	3.37	85.17	89.18	0.00	40	0	42	0.00	0.00	62.52	7.32	0.00	0.00	2000
236	10.90	2139	2126	0.00	199	0	0	0	nan	0.00	1.02	3.17	86.10	89.10	0.00	40	0	42	0.00	0.00	66.74	7.82	0.00	0.00	2000
230	10.74	2145	2094	0.00	219	0	0	0	nan	0.00	0.23	4.05	84.88	89.26	0.00	40	0	43	0.00	0.00	64.03	7.39	0.00	0.00	2000
231	11.13	2061	2118	0.00	198	0	0	0	nan	0.00	0.00	6.16	83.59	88.87	0.00	41	0	42	0.00	0.00	68.63	7.94	0.00	0.00	2000
224	10.98	2074	2063	0.00	196	0	0	0	nan	0.00	0.00	5.57	82.00	89.02	0.00	40	0	42	0.00	0.00	60.06	6.97	0.00	0.00	2000
233	11.15	2064	2125	0.00	212	0	0	0	nan	0.00	0.02	4.78	85.21	88.85	0.00	40	0	42	0.00	0.00	69.17	8.02	0.00	0.00	2000
229	10.83	2122	2095	0.00	198	0	0	0	nan	0.00	0.01	5.32	83.68	89.17	0.00	40	0	42	0.00	0.00	65.44	7.78	0.00	0.00	2000
232	11.07	2111	2082	0.00	184	0	0	0	nan	0.00	0.01	6.01	82.17	88.93	0.00	40	0	42	0.00	0.00	64.62	7.52	0.00	0.00	2000
235	11.13	2075	2137	0.00	199	0	0	0	nan	0.00	0.00	8.72	81.81	88.87	0.00	40	0	42	0.00	0.00	64.42	7.51	0.00	0.00	2000
229	10.99	2093	2095	0.00	199	0	0	0	nan	0.00	0.00	6.08	82.88	89.01	0.00	39	0	42	0.00	0.00	65.22	7.66	0.00	0.00	2000
227	11.07	2065	2088	0.09	196	0	0	4	64.78	0.00	1.02	4.84	82.68	88.93	0.00	40	0	42	0.00	0.00	62.52	7.46	0.00	0.00	2000
230	11.00	2088	2103	0.93	198	0	0	5	69.42	0.00	0.00	4.16	85.03	89.00	0.00	40	0	42	0.00	0.00	65.46	7.65	0.00	0.00	2000
233	11.02	2106	2112	0.00	197	0	0	0	nan	0.00	0.00	5.54	84.08	88.98	0.00	40	0	42	0.00	0.00	66.33	7.86	0.00	0.00	2000
228	10.85	2108	2090	0.00	201	0	0	0	nan	0.00	0.01	5.49	83.31	89.15	0.00	40	0	42	0.00	0.00	64.61	7.61	0.00	0.00	2000
230	11.03	2077	2105	0.00	195	0	0	0	nan	0.00	0.00	5.77	83.46	88.97	0.00	40	0	42	0.00	0.00	65.04	7.67	0.00	0.00	2000
231	11.02	2098	2102	0.00	198	0	0	0	nan	0.00	0.97	6.99	81.25	88.98	0.00	40	0	42	0.00	0.00	65.98	8.04	0.00	0.00	2000
230	10.97	2100	2100	0.00	181	0	0	0	nan	0.00	0.00	6.18	82.89	89.03	0.00	41	0	42	0.00	0.00	63.69	7.54	0.00	0.00	2000
229	10.89	2115	2087	0.00	196	0	0	0	nan	0.00	0.00	4.65	83.91	89.11	0.00	40	0	42	0.00	0.00	63.74	7.96	0.00	0.00	2000
229	11.23	2056	2085	0.00	201	0	0	0	nan	0.00	0.00	5.38	82.81	88.77	0.00	41	0	42	0.00	0.00	67.04	7.88	0.00	0.00	2000
231	10.90	2105	2117	0.00	213	0	0	0	nan	0.01	0.00	5.82	84.10	89.10	0.00	41	0	42	0.00	0.00	64.40	7.68	0.00	0.00	2000
225	11.05	2045	2092	0.00	199	0	0	0	nan	0.00	0.01	4.66	84.06	88.95	0.00	41	0	42	0.00	0.00	65.14	7.80	0.00	0.00	2000
227	11.06	2065	2090	0.00	199	0	0	0	nan	0.00	0.00	4.58	83.95	88.94	0.00	41	0	42	0.00	0.00	62.33	7.29	0.00	0.00	2000
235	11.07	2085	2135	0.00	197	0	0	0	nan	0.00	0.01	4.18	86.25	88.93	0.00	41	0	42	0.00	0.00	69.37	8.23	0.00	0.00	2000
228	10.96	2097	2083	0.00	199	0	0	0	nan	0.00	0.00	5.23	83.25	89.04	0.00	41	0	43	0.00	0.00	62.54	7.43	0.00	0.00	2000
227	10.68	2138	2083	0.00	198	0	0	0	nan	0.00	0.00	4.95	83.58	89.32	0.00	40	0	42	0.00	0.00	63.07	7.33	0.00	0.00	2000
231	10.89	2101	2117	0.00	197	0	0	0	nan	0.00	0.50	5.55	83.93	89.11	0.00	40	0	42	0.00	0.00	66.40	8.28	0.00	0.00	2000
228	11.07	2062	2101	0.00	196	0	0	0	nan	0.00	0.02	4.77	84.29	88.93	0.00	41	0	42	0.00	0.00	66.06	7.83	0.00	0.00	2000
231	11.05	2083	2111	0.00	197	0	0	2	51.26	0.00	0.00	4.48	85.04	88.95	0.00	41	0	42	0.00	0.00	64.53	7.58	0.00	0.00	2000
232	11.43	2031	2101	1.38	203	0	0	5	45.79	0.00	0.98	7.74	80.01	88.58	0.00	41	0	42	0.00	0.00	64.87	7.69	0.00	0.00	2000
229	11.21	2045	2102	0.00	199	0	0	0	nan	0.00	0.00	6.49	82.47	88.79	0.00	41	0	42	0.00	0.00	64.97	7.80	0.00	0.00	2000
228	11.23	2027	2100	0.00	195	0	0	0	nan	0.00	0.00	5.74	83.24	88.77	0.00	41	0	42	0.00	0.00	64.84	7.73	0.00	0.00	2000
228	11.04	2062	2100	0.00	196	0	0	0	nan	0.00	0.00	5.50	83.50	88.96	0.00	41	0	42	0.00	0.00	64.97	7.65	0.00	0.00	2000
232	11.24	2064	2099	0.00	199	0	0	0	nan	0.00	0.00	6.11	82.62	88.76	0.00	40	0	42	0.00	0.00	66.48	8.51	0.00	0.00	2000
233	11.01	2115	2105	0.00	203	0	0	0	nan	0.00	0.00	4.91	84.32	88.99	0.00	41	0	42	0.00	0.00	65.21	7.69	0.00	0.00	2000
228	10.81	2116	2094	0.00	196	0	0	0	nan	0.00	0.00	6.04	82.94	89.19	0.00	41	0	42	0.00	0.00	64.83	7.62	0.00	0.00	2000
225	10.73	2136	2064	0.00	197	0	0	0	nan	0.00	0.00	5.42	82.37	89.27	0.00	41	0	43	0.00	0.00	63.36	7.54	0.00	0.00	2000
232	11.00	2084	2128	0.00	202	0	0	0	nan	0.00	1.01	5.78	83.56	89.00	0.00	41	0	42	0.00	0.00	64.39	7.64	0.00	0.00	2000
231	10.70	2149	2107	0.00	198	0	0	0	nan	0.00	0.56	4.25	84.89	89.30	0.00	41	0	42	0.00	0.00	69.29	8.17	0.00	0.00	2000
233	10.99	2112	2106	0.00	198	0	0	0	nan	0.00	0.00	5.12	84.16	89.01	0.00	41	0	42	0.00	0.00	63.22	7.50	0.00	0.00	2000
227	11.04	2086	2069	0.00	200	0	0	0	nan	0.00	0.02	5.12	82.51	88.96	0.00	41	0	42	0.00	0.00	64.81	8.18	0.00	0.00	2000
228	10.94	2085	2100	0.00	199	0	0	0	nan	0.00	0.02	5.54	83.47	89.06	0.00	41	0	42	0.00	0.00	65.05	7.64	0.00	0.00	2000
230	11.06	2070	2106	0.00	196	0	0	0	nan	0.00	0.01	4.66	84.64	88.94	0.00	41	0	42	0.00	0.00	63.24	7.41	0.00	0.00	2000
227	11.18	2027	2100	0.00	214	0	0	0	nan	0.00	0.00	5.66	83.33	88.82	0.00	41	0	42	0.00	0.00	68.18	8.07	0.00	0.00	2000
235	11.38	2040	2122	0.00	202	0	0	0	nan	0.00	0.00	4.63	85.05	88.62	0.00	41	0	42	0.00	0.00	64.44	7.53	0.00	0.00	2000
228	10.99	2071	2099	0.00	196	0	0	1	63.29	0.00	0.00	6.26	82.82	89.01	0.00	41	0	42	0.00	0.00	66.07	7.41	0.00	0.00	2000
230	11.07	2072	2103	1.40	195	0	0	6	41.32	0.00	0.00	4.50	84.61	88.93	0.00	41	0	42	0.00	0.00	63.98	7.44	0.00	0.00	2000
230	11.11	2076	2095	0.00	198	0	0	0	nan	0.00	0.03	5.23	83.46	88.89	0.00	38	0	42	0.00	0.00	65.67	7.64	0.00	0.00	2000
229	10.99	2081	2104	0.00	198	0	0	0	nan	0.00	0.04	3.46	85.78	89.01	0.00	38	0	42	0.00	0.00	65.05	7.52	0.00	0.00	2000
231	10.89	2144	2074	0.00	198	0	0	0	nan	0.00	0.00	5.51	82.54	89.11	0.00	38	0	42	0.00	0.00	63.88	7.69	0.00	0.00	2000
234	11.30	2061	2107	0.00	218	0	0	0	nan	0.00	0.00	6.35	82.72	88.70	0.00	38	0	42	0.00	0.00	62.87	7.59	0.00	0.00	2000
231	10.87	2128	2096	0.00	198	0	0	0	nan	0.00	0.02	6.31	82.54	89.13	0.00	38	0	42	0.00	0.00	65.30	7.49	0.00	0.00	2000
230	10.86	2111	2103	0.00	212	0	0	0	nan	0.00	0.00	5.57	83.71	89.14	0.00	38	0	42	0.00	0.00	67.54	7.96	0.00	0.00	2000
229	11.52	2034	2055	0.00	197	0	0	0	nan	0.00	0.01	5.44	81.16	88.48	0.00	37	0	42	0.00	0.00	61.04	7.22	0.00	0.00	2000
235	11.30	2045	2135	0.00	217	0	0	0	nan	0.00	0.00	5.30	84.92	88.70	0.00	38	0	42	0.00	0.00	64.56	7.48	0.00	0.00	2000
230	10.82	2110	2113	0.00	214	0	0	0	nan	0.00	0.00	5.67	84.10	89.18	0.00	38	0	42	0.00	0.00	70.05	8.17	0.00	0.00	2000
230	10.95	2103	2095	0.00	197	0	0	0	nan	0.00	0.01	4.65	84.16	89.05	0.00	38	0	42	0.00	0.00	59.97	7.04	0.00	0.00	2000
233	10.94	2109	2121	0.00	234	0	0	0	nan	0.00	0.00	5.52	84.52	89.06	0.00	39	0	42	0.00	0.00	71.34	8.35	0.00	0.00	2000
231	10.86	2143	2089	0.00	196	0	0	0	nan	0.00	0.00	5.42	83.35	89.14	0.00	39	0	42	0.00	0.00	64.37	7.65	0.00	0.00	2000
230	11.19	2074	2082	0.00	199	0	0	0	nan	0.00	0.03	3.64	84.45	88.81	0.00	39	0	42	0.00	0.00	63.98	7.47	0.00	0.00	2000
235	10.86	2153	2109	0.00	197	0	0	0	nan	0.00	0.02	3.83	85.75	89.14	0.00	38	0	43	0.00	0.00	63.82	7.32	0.00	0.00	2000
235	11.02	2117	2117	0.00	215	0	0	0	nan	0.00	0.00	6.43	83.37	88.98	0.00	38	0	42	0.00	0.00	65.88	7.52	0.00	0.00	2000
233	10.85	2145	2100	0.34	202	0	0	17	58.68	0.00	0.00	5.86	83.31	89.15	0.00	38	0	42	0.00	0.00	67.78	7.56	0.00	0.00	2000
232	11.29	2047	2104	0.50	199	0	0	7	65.12	0.00	0.00	6.22	82.70	88.71	0.00	38	0	42	0.00	0.00	64.62	8.04	0.00	0.00	2000
230	10.77	2145	2089	0.00	196	0	0	0	nan	0.00	0.00	5.97	82.83	89.23	0.00	39	0	42	0.00	0.00	63.99	7.45	0.00	0.00	2000
233	11.23	2054	2117	0.00	197	0	0	0	nan	0.00	0.01	5.21	84.29	88.77	0.00	40	0	42	0.00	0.00	65.76	7.47	0.00	0.00	2000
232	11.16	2078	2099	0.00	196	0	0	0	nan	0.01	0.00	5.46	83.42	88.84	0.00	40	0	42	0.00	0.00	64.80	7.52	0.00	0.00	2000
224	10.86	2097	2067	0.00	200	0	0	0	nan	0.00	0.00	5.73	82.13	89.14	0.00	40	0	42	0.00	0.00	63.56	7.42	0.00	0.00	2000
231	10.98	2083	2124	0.00	213	0	0	0	nan	0.00	0.01	5.21	84.93	89.02	0.00	40	0	42	0.00	0.00	60.93	7.06	0.00	0.00	2000
234	11.02	2129	2090	0.00	200	0	0	0	nan	0.00	0.00	7.84	80.82	88.98	0.00	40	0	42	0.00	0.00	69.25	8.14	0.00	0.00	2000
233	10.74	2166	2102	0.00	215	0	0	0	nan	0.00	0.00	5.50	83.93	89.26	0.00	40	0	42	0.00	0.00	65.26	7.50	0.00	0.00	2000
235	11.26	2073	2113	0.00	201	0	0	0	nan	0.00	0.05	3.46	85.87	88.74	0.00	40	0	42	0.00	0.00	62.99	7.25	0.00	0.00	2000
225	10.97	2074	2079	0.00	199	0	0	0	nan	0.00	0.03	4.41	83.89	89.03	0.00	40	0	42	0.00	0.00	63.85	7.13	0.00	0.00	2000
230	11.16	2042	2118	0.00	214	0	0	0	nan	0.00	0.96	4.43	84.37	88.84	0.00	41	0	42	0.00	0.00	67.94	8.30	0.00	0.00	2000
227	11.14	2067	2071	0.00	208	0	0	0	nan	0.00	0.01	6.00	81.82	88.86	0.00	40	0	42	0.00	0.00	64.14	7.59	0.00	0.00	2000
230	11.14	2051	2112	0.00	198	0	0	0	nan	0.00	0.51	4.98	84.02	88.86	0.00	40	0	42	0.00	0.00	62.29	7.20	0.00	0.00	2000
232	11.08	2074	2120	0.00	217	0	0	0	nan	0.01	0.00	5.55	84.27	88.92	0.00	40	0	42	0.00	0.00	66.94	7.62	0.00	0.00	2000
229	11.15	2055	2102	0.00	199	0	0	0	nan	0.00	0.00	5.94	83.10	88.85	0.00	39	0	42	0.00	0.00	65.73	8.45	0.00	0.00	2000
231	10.98	2105	2097	0.00	197	0	0	0	nan	0.00	0.00	5.73	83.33	89.02	0.00	40	0	42	0.00	0.00	69.05	9.26	0.00	0.00	2000
225	11.10	2059	2070	0.46	198	0	0	7	37.08	0.00	0.00	5.17	82.60	88.90	0.00	40	0	42	0.00	0.00	59.02	7.09	0.00	0.00	2000
238	11.11	2113	2128	0.48	200	0	0	2	74.26	0.00	0.00	5.95	84.18	88.89	0.00	38	0	42	0.00	0.00	71.11	8.56	0.00	0.00	2000
163	9.67	1721	2060	0.00	236	0	0	0	nan	0.00	0.02	6.43	82.26	90.33	0.00	38	0	42	0.00	0.00	60.52	7.33	0.00	0.00	2000
115	8.76	1246	2216	0.00	97	0	0	0	nan	0.00	0.04	12.80	83.59	91.24	0.00	37	0	42	0.00	0.00	58.33	7.37	0.00	0.00	2000
