Avg_MHz	Busy%	Bzy_MHz	TSC_MHz	IPC	IRQ	NMI	SMI	LLCMRPS	LLC%hit	POLL%	C1%	C1E%	C6%	CPU%c1	CPU%c6	CoreTmp	CoreThr	PkgTmp	Pkg%pc2	Pkg%pc6	PkgWatt	RAMWatt	PKG_%	RAM_%	UncMHz
359	16.95	2088	2132	0.00	233	0	0	0	nan	0.00	0.77	33.55	50.15	83.05	0.00	37	0	42	0.00	0.00	66.78	7.41	0.00	0.00	2000
267	13.38	1971	2129	0.00	209	0	0	0	nan	0.04	0.69	17.90	69.30	86.62	0.00	37	0	42	0.00	0.00	64.51	7.18	0.00	0.00	2000
78	6.64	1170	2101	0.00	212	0	0	0	nan	0.00	0.02	2.99	90.34	93.36	0.00	37	0	42	0.00	0.00	57.24	7.23	0.00	0.00	2000
91	7.52	1205	2108	0.00	210	0	0	0	nan	0.00	0.01	8.09	84.64	92.48	0.00	37	0	42	0.00	0.00	64.98	7.61	0.00	0.00	2000
74	6.62	1112	2106	0.00	194	0	0	0	nan	0.00	0.02	3.92	89.66	93.38	0.00	37	0	42	0.00	0.00	58.07	7.70	0.00	0.00	2000
71	6.62	1081	2073	0.00	193	0	0	0	nan	0.00	0.00	3.67	88.44	93.38	0.00	37	0	42	0.00	0.00	56.76	7.04	0.00	0.00	2000
73	6.59	1113	2099	0.00	195	0	0	0	nan	0.00	0.00	1.66	91.66	93.41	0.00	37	0	42	0.00	0.00	57.21	7.35	0.00	0.00	2000
72	6.77	1049	2126	0.00	194	0	0	0	nan	0.00	0.04	3.18	91.26	93.23	0.00	37	0	42	0.00	0.00	58.15	7.53	0.00	0.00	2000
75	6.57	1138	2100	0.00	211	0	0	0	nan	0.00	0.00	2.37	90.94	93.43	0.00	37	0	42	0.00	0.00	60.52	7.72	0.00	0.00	2000
72	6.47	1121	2086	0.00	178	0	0	0	nan	0.00	0.02	3.80	89.02	93.53	0.00	37	0	42	0.00	0.00	56.12	7.27	0.00	0.00	2000
73	6.56	1104	2113	0.00	210	0	0	0	nan	0.00	0.00	3.81	90.19	93.44	0.00	37	0	42	0.00	0.00	58.77	7.50	0.00	0.00	2000
74	6.45	1141	2115	0.00	178	0	0	0	nan	0.00	0.00	4.00	90.18	93.55	0.00	37	0	42	0.00	0.00	60.24	7.66	0.00	0.00	2000
72	6.42	1137	2086	0.00	195	0	0	0	nan	0.00	0.00	2.94	90.07	93.58	0.00	37	0	42	0.00	0.00	57.97	7.48	0.00	0.00	2000
74	6.33	1153	2115	0.00	194	0	0	0	nan	0.00	0.00	2.56	91.68	93.67	0.00	37	0	42	0.00	0.00	60.01	7.36	0.00	0.00	2000
73	6.61	1108	2096	0.00	193	0	0	0	nan	0.00	0.02	3.06	90.20	93.39	0.00	37	0	42	0.00	0.00	58.79	7.41	0.00	0.00	2000
72	6.72	1075	2103	0.00	195	0	0	1	92.24	0.00	0.00	3.23	90.18	93.28	0.00	37	0	42	0.00	0.00	58.67	7.28	0.00	0.00	2000
73	6.93	1059	2093	0.30	193	0	0	2	87.91	0.00	0.02	3.01	89.86	93.07	0.00	37	0	42	0.00	0.00	58.97	7.45	0.00	0.00	2000
73	6.46	1125	2098	0.08	196	0	0	0	nan	0.00	0.00	4.17	89.23	93.54	0.00	37	0	42	0.00	0.00	59.43	7.37	0.00	0.00	2000
217	10.80	2009	2097	0.00	211	0	0	0	nan	0.01	0.03	5.14	83.99	89.20	0.00	38	0	42	0.00	0.00	63.99	7.27	0.00	0.00	2000
229	10.95	2100	2089	0.00	216	1	0	0	nan	0.00	0.02	3.52	85.14	89.05	0.00	39	0	42	0.00	0.00	64.74	7.20	0.00	0.00	2000
231	11.01	2082	2117	0.00	217	0	0	0	nan	0.00	0.00	3.73	86.01	88.99	0.00	40	0	42	0.00	0.00	67.76	7.64	0.00	0.00	2000
230	10.86	2117	2104	0.00	202	0	0	0	nan	0.00	0.00	3.55	85.77	89.14	0.00	40	0	42	0.00	0.00	67.70	7.56	0.00	0.00	2000
237	11.04	2168	2084	0.00	197	0	0	0	nan	0.00	1.05	6.75	80.55	88.96	0.00	38	0	42	0.00	0.00	63.08	7.23	0.00	0.00	2000
235	11.18	2092	2111	0.00	199	0	0	0	nan	0.00	0.00	6.76	82.59	88.82	0.00	37	0	42	0.00	0.00	67.34	7.90	0.00	0.00	2000
231	10.89	2135	2085	0.00	203	0	0	0	nan	0.00	0.00	6.42	82.11	89.11	0.00	37	0	42	0.00	0.00	63.86	7.29	0.00	0.00	2000
230	11.41	2011	2106	0.00	194	0	0	0	nan	0.00	0.00	6.95	81.99	88.59	0.00	37	0	42	0.00	0.00	68.26	8.06	0.00	0.00	2000
232	10.94	2117	2104	0.00	197	0	0	0	nan	0.00	0.00	6.24	83.10	89.06	0.00	38	0	42	0.00	0.00	64.11	7.35	0.00	0.00	2000
229	11.11	2064	2095	0.00	199	0	0	0	nan	0.00	0.00	6.45	82.32	88.89	0.00	38	0	42	0.00	0.00	67.94	7.68	0.00	0.00	2000
233	11.19	2086	2095	0.00	197	0	0	0	nan	0.00	0.00	6.07	82.55	88.81	0.00	38	0	42	0.00	0.00	64.68	7.38	0.00	0.00	2000
226	10.99	2091	2063	0.00	202	0	0	0	nan	0.00	0.00	6.12	81.41	89.01	0.00	39	0	42	0.00	0.00	64.00	7.33	0.00	0.00	2000
228	11.05	2070	2093	0.00	195	0	0	0	nan	0.00	0.00	5.24	83.46	88.95	0.00	39	0	42	0.00	0.00	64.64	7.36	0.00	0.00	2000
232	11.21	2026	2149	0.00	216	0	0	0	nan	0.00	0.04	4.42	86.50	88.79	0.00	39	0	42	0.00	0.00	67.55	7.67	0.00	0.00	2000
230	10.89	2119	2096	0.00	197	0	0	1	90.18	0.00	0.00	4.15	84.89	89.11	0.00	39	0	42	0.00	0.00	65.53	7.41	0.00	0.00	2000
233	11.17	2071	2114	0.58	196	0	0	26	73.09	0.00	0.00	5.29	84.17	88.83	0.00	38	0	42	0.00	0.00	66.61	7.45	0.00	0.00	2000
228	11.08	2081	2074	0.05	202	0	0	0	nan	0.00	0.67	5.70	81.49	88.92	0.00	39	0	42	0.00	0.00	62.24	7.02	0.00	0.00	2000
264	12.46	2106	2114	0.00	198	0	0	0	nan	0.00	0.35	4.87	83.00	87.54	0.00	38	0	42	0.00	0.00	68.79	7.69	0.00	0.00	2000
237	11.47	2062	2107	0.00	217	0	0	0	nan	0.00	0.00	9.48	79.44	88.53	0.00	38	0	42	0.00	0.00	64.79	7.23	0.00	0.00	2000
227	11.10	2062	2086	0.00	198	0	0	0	nan	0.02	0.42	8.58	79.33	88.90	0.00	39	0	42	0.00	0.00	64.56	7.38	0.00	0.00	2000
221	11.41	2063	1974	0.00	204	0	0	0	nan	0.00	0.00	4.43	78.83	88.59	0.00	38	0	42	0.00	0.00	59.29	6.93	0.00	0.00	2000
236	10.63	2056	2263	0.00	222	0	0	0	nan	0.00	0.00	4.45	91.87	89.37	0.00	37	0	42	0.00	0.00	72.72	8.62	0.00	0.00	2000
233	10.94	2127	2103	0.00	194	0	0	0	nan	0.00	0.02	3.57	85.60	89.06	0.00	37	0	42	0.00	0.00	66.20	7.68	0.00	0.00	2000
230	11.09	2077	2098	0.00	194	0	0	0	nan	0.00	0.03	3.36	85.54	88.91	0.00	37	0	42	0.00	0.00	62.67	7.28	0.00	0.00	2000
230	11.15	2070	2098	0.00	195	0	0	0	nan	0.00	0.01	3.05	85.79	88.85	0.00	37	0	42	0.00	0.00	64.55	7.45	0.00	0.00	2000
231	11.34	2036	2104	0.00	196	0	0	0	nan	0.00	0.02	3.78	85.09	88.66	0.00	37	0	42	0.00	0.00	63.78	7.69	0.00	0.00	2000
231	11.14	2078	2098	0.00	196	0	0	0	nan	0.00	0.02	2.78	86.01	88.86	0.00	38	0	42	0.00	0.00	66.26	7.85	0.00	0.00	2000
231	10.85	2126	2102	0.00	178	0	0	0	nan	0.00	0.02	3.42	85.83	89.15	0.00	38	0	42	0.00	0.00	66.25	7.86	0.00	0.00	2000
231	10.87	2123	2099	0.00	194	0	0	0	nan	0.00	0.03	3.29	85.81	89.13	0.00	37	0	42	0.00	0.00	59.76	7.15	0.00	0.00	2000
231	10.75	2145	2100	0.00	194	0	0	0	nan	0.00	0.02	2.79	86.44	89.25	0.00	38	0	42	0.00	0.00	67.10	8.09	0.00	0.00	2000
231	11.18	2067	2098	0.00	179	0	0	0	nan	0.00	0.00	2.84	85.99	88.82	0.00	38	0	42	0.00	0.00	65.44	7.85	0.00	0.00	2000
230	11.30	2037	2098	0.00	195	0	0	0	nan	0.00	0.00	3.29	85.46	88.70	0.00	38	0	42	0.00	0.00	65.41	7.74	0.00	0.00	2000
230	11.25	2040	2108	0.69	194	0	0	7	68.94	0.00	0.02	3.12	86.05	88.75	0.00	38	0	42	0.00	0.00	66.34	7.85	0.00	0.00	2000
229	11.20	2104	2037	0.27	196	0	0	0	nan	0.00	0.00	3.28	82.90	88.80	0.00	38	0	42	0.00	0.00	60.82	7.48	0.00	0.00	2000
230	10.93	2052	2157	0.00	195	0	0	0	nan	0.00	0.00	3.50	88.09	89.07	0.00	38	0	42	0.00	0.00	68.65	9.32	0.00	0.00	2000
228	11.37	2045	2056	0.00	195	0	0	0	nan	0.00	0.00	3.50	83.30	88.63	0.00	38	0	42	0.00	0.00	66.11	8.81	0.00	0.00	2000
231	11.02	2093	2106	0.00	195	0	0	0	nan	0.00	0.00	4.32	85.00	88.98	0.00	38	0	42	0.00	0.00	66.27	9.12	0.00	0.00	2000
228	10.60	2155	2100	0.00	195	0	0	0	nan	0.00	0.00	3.88	85.51	89.40	0.00	38	0	42	0.00	0.00	66.36	8.79	0.00	0.00	2000
238	11.25	2104	2110	0.00	198	0	0	0	nan	0.00	0.00	4.32	84.83	88.75	0.00	38	0	42	0.00	0.00	66.15	8.72	0.00	0.00	2000
228	10.80	2130	2085	0.00	194	0	0	0	nan	0.00	0.00	4.35	84.26	89.20	0.00	38	0	42	0.00	0.00	63.47	8.88	0.00	0.00	2000
226	11.23	2105	2011	0.00	197	0	0	0	nan	0.00	0.02	3.72	81.33	88.77	0.00	38	0	42	0.00	0.00	63.85	8.23	0.00	0.00	2000
234	10.89	2047	2203	0.00	212	0	0	0	nan	0.00	0.02	2.49	90.99	89.11	0.00	38	0	42	0.00	0.00	71.78	9.78	0.00	0.00	2000
224	11.35	2070	2005	0.00	196	0	0	0	nan	0.00	0.00	3.51	81.22	88.65	0.00	38	0	42	0.00	0.00	61.10	8.19	0.00	0.00	2000
232	10.96	2023	2193	0.00	210	0	0	0	nan	0.00	0.00	2.75	90.28	89.04	0.00	38	0	42	0.00	0.00	65.76	8.79	0.00	0.00	2000
229	11.10	2052	2112	0.00	194	0	0	0	nan	0.00	0.01	3.21	86.28	88.90	0.00	38	0	42	0.00	0.00	69.81	9.22	0.00	0.00	2000
228	10.81	2118	2088	0.00	195	0	0	0	nan	0.00	0.00	3.71	84.93	89.19	0.00	38	0	42	0.00	0.00	63.14	8.47	0.00	0.00	2000
231	11.02	2055	2147	0.00	195	0	0	0	nan	0.00	0.01	4.55	86.48	88.98	0.00	38	0	42	0.00	0.00	69.06	9.40	0.00	0.00	2000
227	11.43	2028	2060	0.00	196	0	0	0	nan	0.00	0.00	2.90	84.08	88.57	0.00	38	0	42	0.00	0.00	62.92	8.47	0.00	0.00	2000
231	10.98	2099	2104	0.00	195	0	0	0	nan	0.00	0.02	3.40	85.78	89.02	0.00	38	0	42	0.00	0.00	68.70	9.10	0.00	0.00	2000
229	10.66	2118	2129	1.21	195	0	0	39	3.66	0.00	0.00	3.70	86.84	89.34	0.00	38	0	42	0.00	0.00	66.48	8.78	0.00	0.00	2000
231	11.10	2070	2106	0.42	195	0	0	0	nan	0.00	0.02	3.17	86.04	88.90	0.00	38	0	42	0.00	0.00	68.83	9.29	0.00	0.00	2000
229	11.15	2102	2048	0.00	197	0	0	0	nan	0.00	0.01	3.83	82.86	88.85	0.00	38	0	42	0.00	0.00	60.89	8.23	0.00	0.00	2000
231	10.82	2115	2123	0.00	195	0	0	0	nan	0.00	0.02	3.01	87.24	89.18	0.00	38	0	42	0.00	0.00	66.62	8.99	0.00	0.00	2000
230	11.02	2095	2088	0.00	200	0	0	0	nan	0.00	0.01	3.31	85.36	88.98	0.00	38	0	42	0.00	0.00	64.91	8.14	0.00	0.00	2000
220	10.85	1996	2135	0.00	215	0	0	0	nan	0.00	0.01	3.81	86.92	89.15	0.00	37	0	42	0.00	0.00	63.18	7.72	0.00	0.00	2000
137	8.79	1571	2081	0.00	199	0	0	0	nan	0.00	0.02	4.30	86.22	91.21	0.00	37	0	42	0.00	0.00	65.18	7.96	0.00	0.00	2000
108	8.02	1332	2125	0.00	233	0	0	0	nan	0.00	0.00	8.76	84.38	91.98	0.00	37	0	42	0.00	0.00	60.77	7.81	0.00	0.00	2000
76	6.82	1115	2107	0.00	193	0	0	0	nan	0.01	0.00	3.33	90.23	93.18	0.00	37	0	42	0.00	0.00	60.12	7.63	0.00	0.00	2000
74	6.54	1133	2099	0.00	194	0	0	0	nan	0.00	0.00	3.55	89.88	93.46	0.00	37	0	42	0.00	0.00	59.27	7.37	0.00	0.00	2000
91	7.18	1295	2065	0.00	97	0	0	0	nan	0.00	0.03	6.45	84.75	92.82	0.00	37	0	42	0.00	0.00	56.12	6.86	0.00	0.00	2000
