Avg_MHz	Busy%	Bzy_MHz	TSC_MHz	IPC	IRQ	NMI	SMI	LLCMRPS	LLC%hit	POLL%	C1%	C1E%	C6%	CPU%c1	CPU%c6	CoreTmp	CoreThr	PkgTmp	Pkg%pc2	Pkg%pc6	PkgWatt	RAMWatt	PKG_%	RAM_%	UncMHz
280	15.14	1828	2125	0.00	238	0	0	0	nan	0.00	0.02	34.61	51.18	84.86	0.00	37	0	42	0.00	0.00	65.47	7.81	0.00	0.00	2000
367	17.01	2163	2096	0.00	215	0	0	0	nan	0.06	1.47	19.06	62.58	82.99	0.00	37	0	42	0.00	0.00	66.84	7.65	0.00	0.00	2000
77	6.98	1088	2128	0.00	210	0	0	0	nan	0.00	0.01	10.43	83.90	93.02	0.00	37	0	42	0.00	0.00	60.86	7.84	0.00	0.00	2000
73	6.66	1099	2080	0.00	177	0	0	0	nan	0.00	0.01	3.28	89.19	93.34	0.00	37	0	42	0.00	0.00	55.67	7.15	0.00	0.00	2000
72	6.90	1046	2097	0.00	212	0	0	0	nan	0.00	0.04	4.56	88.40	93.10	0.00	37	0	42	0.00	0.00	61.00	7.94	0.00	0.00	2000
74	6.47	1129	2124	0.00	195	0	0	0	nan	0.01	0.02	2.42	92.06	93.53	0.00	37	0	42	0.00	0.00	57.26	7.26	0.00	0.00	2000
73	6.19	1191	2090	0.00	194	0	0	0	nan	0.01	0.00	3.14	90.29	93.81	0.00	37	0	42	0.00	0.00	60.54	7.68	0.00	0.00	2000
71	6.81	1049	2092	0.00	192	0	0	0	nan	0.00	0.02	2.24	90.65	93.19	0.00	37	0	42	0.00	0.00	56.31	7.27	0.00	0.00	2000
72	7.04	1024	2095	0.00	210	0	0	0	nan	0.00	0.00	3.72	89.03	92.96	0.00	37	0	42	0.00	0.00	60.40	7.84	0.00	0.00	2000
73	6.60	1087	2131	0.00	193	0	0	0	nan	0.00	0.02	2.24	92.54	93.40	0.00	37	0	42	0.00	0.00	59.22	7.68	0.00	0.00	2000
81	6.78	1194	2097	0.00	196	0	0	0	nan	0.01	0.03	3.53	89.64	93.22	0.00	37	0	42	0.00	0.00	57.16	7.43	0.00	0.00	2000
72	6.56	1096	2103	0.00	194	0	0	0	nan	0.00	0.00	2.82	90.73	93.44	0.00	37	0	42	0.00	0.00	58.52	7.50	0.00	0.00	2000
72	6.41	1140	2065	0.00	194	0	0	0	nan	0.00	0.01	3.58	88.40	93.59	0.00	37	0	42	0.00	0.00	59.87	7.68	0.00	0.00	2000
72	6.36	1128	2121	0.00	194	0	0	0	nan	0.00	0.02	2.19	92.29	93.64	0.00	37	0	42	0.00	0.00	59.36	7.77	0.00	0.00	2000
75	6.68	1112	2121	0.00	194	0	0	0	nan	0.00	0.02	2.60	91.64	93.32	0.00	37	0	42	0.00	0.00	59.30	7.73	0.00	0.00	2000
71	6.36	1140	2070	0.00	194	0	0	1	88.48	0.00	0.00	2.90	89.29	93.64	0.00	37	0	42	0.00	0.00	57.78	7.52	0.00	0.00	2000
74	6.64	1099	2124	0.29	193	0	0	2	85.47	0.00	0.00	2.61	91.85	93.36	0.00	37	0	42	0.00	0.00	58.23	7.67	0.00	0.00	2000
72	6.57	1104	2093	0.00	209	0	0	0	nan	0.00	0.00	2.19	90.96	93.43	0.00	37	0	42	0.00	0.00	58.28	7.54	0.00	0.00	2000
167	9.15	1831	2089	0.00	185	0	0	0	nan	0.01	0.78	7.14	82.58	90.85	0.00	38	0	42	0.00	0.00	61.16	7.45	0.00	0.00	2000
231	11.11	2058	2118	0.00	212	0	0	0	nan	0.00	0.03	4.02	85.68	88.89	0.00	39	0	43	0.00	0.00	68.21	7.84	0.00	0.00	2000
234	11.17	2090	2105	0.00	199	0	0	0	nan	0.00	0.03	3.53	85.58	88.83	0.00	39	0	42	0.00	0.00	66.09	7.42	0.00	0.00	2000
228	10.90	2099	2090	0.00	197	0	0	0	nan	0.00	0.04	5.02	83.76	89.10	0.00	39	0	42	0.00	0.00	64.58	7.85	0.00	0.00	2000
241	12.11	2025	2062	0.00	214	0	0	0	nan	0.00	0.00	7.86	78.57	87.89	0.00	37	0	42	0.00	0.00	62.77	7.41	0.00	0.00	2000
232	10.78	2106	2143	0.00	212	0	0	0	nan	0.00	0.00	7.78	83.44	89.22	0.00	37	0	42	0.00	0.00	66.41	8.05	0.00	0.00	2000
224	11.02	2046	2084	0.00	199	0	0	0	nan	0.00	0.01	6.36	82.13	88.98	0.00	38	0	42	0.00	0.00	67.23	8.02	0.00	0.00	2000
231	11.40	2010	2120	0.00	262	0	0	0	nan	0.00	0.00	3.90	85.75	88.60	0.00	38	0	42	0.00	0.00	65.57	7.90	0.00	0.00	2000
230	11.28	2037	2099	0.00	204	0	0	0	nan	0.00	0.00	4.73	84.16	88.72	0.00	39	0	42	0.00	0.00	68.55	8.03	0.00	0.00	2000
224	10.92	2075	2077	0.00	204	0	0	0	nan	0.00	0.00	4.03	84.15	89.08	0.00	40	0	42	0.00	0.00	61.80	7.25	0.00	0.00	2000
231	11.49	1999	2117	0.00	203	0	0	0	nan	0.00	0.00	3.35	86.06	88.51	0.00	40	0	42	0.00	0.00	66.73	7.80	0.00	0.00	2000
229	10.92	2102	2098	0.00	212	0	0	0	nan	0.00	0.00	2.38	86.70	89.08	0.00	40	0	42	0.00	0.00	66.37	7.80	0.00	0.00	2000
229	11.29	2036	2091	0.00	202	0	0	0	nan	0.00	0.02	3.54	84.82	88.71	0.00	40	0	42	0.00	0.00	64.63	7.56	0.00	0.00	2000
230	11.06	2060	2117	0.00	204	0	0	0	nan	0.00	0.00	3.73	86.01	88.94	0.00	41	0	42	0.00	0.00	63.51	7.43	0.00	0.00	2000
231	10.57	2181	2102	0.15	204	0	0	11	94.34	0.00	0.02	3.68	85.88	89.43	0.00	41	0	42	0.00	0.00	67.74	7.86	0.00	0.00	2000
225	10.93	2096	2068	0.54	203	0	0	10	95.55	0.00	0.02	3.09	84.66	89.07	0.00	41	0	42	0.00	0.00	63.66	7.25	0.00	0.00	2000
230	11.03	2071	2114	0.00	229	0	0	0	nan	0.00	0.00	4.85	84.80	88.97	0.00	40	0	42	0.00	0.00	63.99	7.29	0.00	0.00	2000
230	11.10	2053	2122	0.00	220	0	0	0	nan	0.00	0.01	3.63	86.22	88.90	0.00	41	0	42	0.00	0.00	64.49	7.52	0.00	0.00	2000
225	11.04	2057	2082	0.00	202	0	0	0	nan	0.00	0.01	2.68	85.61	88.96	0.00	41	0	42	0.00	0.00	68.31	8.00	0.00	0.00	2000
226	10.82	2100	2089	0.00	202	0	0	0	nan	0.00	0.00	2.57	86.25	89.18	0.00	41	0	42	0.00	0.00	62.00	7.27	0.00	0.00	2000
233	11.33	2050	2103	0.00	227	0	0	0	nan	0.00	0.00	4.03	84.83	88.67	0.00	41	0	42	0.00	0.00	65.44	7.50	0.00	0.00	2000
227	10.96	2072	2103	0.00	220	0	0	0	nan	0.00	0.00	3.81	85.45	89.04	0.00	41	0	42	0.00	0.00	65.67	7.43	0.00	0.00	2000
230	11.06	2071	2108	0.00	202	0	0	0	nan	0.01	0.00	3.44	85.92	88.94	0.00	40	0	42	0.00	0.00	65.78	7.68	0.00	0.00	2000
232	11.14	2107	2076	0.00	235	0	0	0	nan	0.00	0.02	4.24	83.72	88.86	0.00	38	0	42	0.00	0.00	63.68	7.41	0.00	0.00	2000
224	11.88	2076	1903	0.00	201	0	0	0	nan	0.00	0.03	3.60	76.27	88.12	0.00	38	0	42	0.00	0.00	59.20	7.06	0.00	0.00	2000
240	10.67	2039	2312	0.00	263	0	0	0	nan	0.00	0.00	7.87	90.62	89.33	0.00	39	0	42	0.00	0.00	73.61	8.29	0.00	0.00	2000
521	21.66	2340	2157	0.00	218	0	0	0	nan	0.04	0.71	7.85	72.17	78.34	0.00	38	0	42	0.00	0.00	70.56	8.53	0.00	0.00	2000
222	10.44	2146	2081	0.00	206	0	0	0	nan	0.00	2.59	5.74	80.60	89.56	0.00	38	0	42	0.00	0.00	64.03	7.50	0.00	0.00	2000
121	8.31	1429	2143	0.00	198	0	0	0	nan	0.00	0.02	13.30	80.15	91.69	0.00	37	0	42	0.00	0.00	66.12	8.27	0.00	0.00	2000
