Avg_MHz	Busy%	Bzy_MHz	TSC_MHz	IPC	IRQ	NMI	SMI	LLCMRPS	LLC%hit	POLL%	C1%	C1E%	C6%	CPU%c1	CPU%c6	CoreTmp	CoreThr	PkgTmp	Pkg%pc2	Pkg%pc6	PkgWatt	RAMWatt	PKG_%	RAM_%	UncMHz
340	16.69	1993	2148	0.00	229	0	0	0	nan	0.00	0.58	38.91	45.82	83.31	0.00	37	0	42	0.00	0.00	64.04	7.79	0.00	0.00	2000
307	15.25	1984	2128	0.00	228	0	0	0	nan	0.02	0.88	20.98	64.13	84.75	0.00	37	0	42	0.00	0.00	67.24	7.59	0.00	0.00	2000
78	6.73	1145	2114	0.00	194	0	0	0	nan	0.00	0.02	3.45	90.25	93.27	0.00	37	0	42	0.00	0.00	60.08	7.58	0.00	0.00	2000
72	6.64	1091	2076	0.00	193	0	0	0	nan	0.00	0.00	3.15	89.13	93.36	0.00	37	0	42	0.00	0.00	57.29	7.28	0.00	0.00	2000
72	6.67	1086	2097	0.00	194	0	0	0	nan	0.00	0.05	2.22	90.96	93.33	0.00	37	0	42	0.00	0.00	56.37	7.15	0.00	0.00	2000
74	7.02	1035	2128	0.00	210	0	0	0	nan	0.00	0.00	3.99	90.23	92.98	0.00	37	0	42	0.00	0.00	58.07	7.48	0.00	0.00	2000
72	6.72	1085	2074	0.00	194	0	0	0	nan	0.00	0.00	3.32	88.69	93.28	0.00	37	0	42	0.00	0.00	58.27	7.32	0.00	0.00	2000
74	6.79	1070	2125	0.00	197	0	0	0	nan	0.00	0.01	3.69	90.69	93.21	0.00	37	0	42	0.00	0.00	61.53	7.90	0.00	0.00	2000
73	6.66	1096	2094	0.00	195	0	0	0	nan	0.00	0.01	2.88	90.20	93.34	0.00	37	0	42	0.00	0.00	56.66	7.21	0.00	0.00	2000
73	6.61	1098	2108	0.00	193	0	0	0	nan	0.00	0.01	2.09	91.59	93.39	0.00	37	0	42	0.00	0.00	57.90	7.08	0.00	0.00	2000
73	6.90	1056	2105	0.00	193	0	0	0	nan	0.00	0.00	2.87	90.53	93.10	0.00	37	0	42	0.00	0.00	57.88	7.37	0.00	0.00	2000
72	6.76	1070	2098	0.00	195	0	0	0	nan	0.00	0.00	3.39	89.83	93.24	0.00	37	0	42	0.00	0.00	60.01	7.58	0.00	0.00	2000
72	6.82	1065	2076	0.00	194	0	0	0	nan	0.00	0.02	2.46	89.67	93.18	0.00	37	0	42	0.00	0.00	56.92	7.25	0.00	0.00	2000
70	6.95	1013	2101	0.00	210	0	0	0	nan	0.00	0.00	3.81	89.36	93.05	0.00	37	0	42	0.00	0.00	59.11	7.44	0.00	0.00	2000
108	7.86	1349	2128	0.00	194	0	0	0	nan	0.00	0.00	2.68	90.79	92.14	0.00	37	0	42	0.00	0.00	59.72	7.48	0.00	0.00	2000
71	6.61	1084	2085	0.00	195	0	0	1	89.56	0.00	0.00	4.61	88.19	93.39	0.00	37	0	42	0.00	0.00	59.43	7.45	0.00	0.00	2000
74	7.02	1045	2114	0.29	194	0	0	2	85.98	0.00	0.00	3.58	90.04	92.98	0.00	37	0	42	0.00	0.00	57.58	7.39	0.00	0.00	2000
70	6.77	1045	2075	0.00	193	0	0	0	nan	0.00	0.02	3.16	89.04	93.23	0.00	37	0	42	0.00	0.00	56.84	7.27	0.00	0.00	2000
205	10.57	1950	2087	0.00	216	0	0	0	nan	0.00	0.01	4.18	84.75	89.43	0.00	38	0	42	0.00	0.00	64.22	7.34	0.00	0.00	2000
232	11.11	2079	2107	0.00	213	0	0	0	nan	0.00	0.00	4.79	84.44	88.89	0.00	39	0	42	0.00	0.00	65.69	7.59	0.00	0.00	2000
232	11.00	2083	2122	0.00	219	0	0	0	nan	0.00	0.00	4.42	85.60	89.00	0.00	40	0	42	0.00	0.00	64.83	7.41	0.00	0.00	2000
227	11.06	2061	2091	0.00	202	0	0	0	nan	0.00	0.00	3.37	85.26	88.94	0.00	40	0	42	0.00	0.00	64.87	7.33	0.00	0.00	2000
236	11.24	2088	2114	0.00	195	0	0	0	nan	0.00	0.04	6.52	82.92	88.76	0.00	38	0	42	0.00	0.00	66.83	7.77	0.00	0.00	2000
233	10.88	2158	2087	0.00	199	0	0	0	nan	0.00	0.02	5.18	83.41	89.12	0.00	37	0	42	0.00	0.00	63.21	7.56	0.00	0.00	2000
236	11.16	2102	2114	0.00	200	0	0	0	nan	0.00	0.01	6.35	83.13	88.84	0.00	37	0	42	0.00	0.00	71.07	8.22	0.00	0.00	2000
241	11.55	2106	2082	0.00	197	0	0	0	nan	0.00	0.00	5.51	82.21	88.45	0.00	37	0	42	0.00	0.00	63.25	7.39	0.00	0.00	2000
234	10.80	2150	2116	0.00	195	0	0	0	nan	0.00	0.00	6.05	83.89	89.20	0.00	37	0	42	0.00	0.00	66.93	7.76	0.00	0.00	2000
231	10.80	2148	2092	0.00	199	0	0	0	nan	0.00	0.52	4.58	83.77	89.20	0.00	38	0	42	0.00	0.00	65.17	7.51	0.00	0.00	2000
233	10.49	2215	2105	0.00	201	0	0	0	nan	0.00	0.57	5.27	83.96	89.51	0.00	38	0	42	0.00	0.00	66.71	7.49	0.00	0.00	2000
226	10.93	2136	2034	0.00	181	0	0	0	nan	0.00	0.00	5.79	80.46	89.07	0.00	38	0	42	0.00	0.00	62.77	7.16	0.00	0.00	2000
233	10.78	2117	2145	0.00	223	0	0	0	nan	0.00	0.01	6.34	84.65	89.22	0.00	38	0	42	0.00	0.00	66.83	7.58	0.00	0.00	2000
226	11.23	2061	2050	0.00	201	0	0	0	nan	0.00	0.05	4.68	82.02	88.77	0.00	39	0	42	0.00	0.00	63.84	7.32	0.00	0.00	2000
233	11.20	2052	2131	0.00	212	0	0	4	91.97	0.01	0.00	4.58	85.62	88.80	0.00	39	0	42	0.00	0.00	66.39	7.69	0.00	0.00	2000
233	10.80	2121	2138	0.59	215	0	0	17	97.67	0.01	0.00	5.92	84.87	89.20	0.00	39	0	42	0.00	0.00	63.88	7.34	0.00	0.00	2000
231	11.32	2035	2102	0.00	201	0	0	0	nan	0.00	0.00	6.58	82.25	88.68	0.00	39	0	42	0.00	0.00	66.92	7.53	0.00	0.00	2000
229	11.18	2045	2105	0.00	200	0	0	0	nan	0.00	0.00	5.80	83.32	88.82	0.00	39	0	42	0.00	0.00	65.08	7.50	0.00	0.00	2000
230	10.75	2146	2095	0.00	197	0	0	0	nan	0.00	0.02	4.66	84.29	89.25	0.00	39	0	42	0.00	0.00	66.13	7.53	0.00	0.00	2000
229	11.03	2099	2081	0.00	199	0	0	0	nan	0.00	0.01	4.29	83.89	88.97	0.00	39	0	42	0.00	0.00	64.69	7.26	0.00	0.00	2000
234	11.18	2083	2112	0.00	199	0	0	0	nan	0.00	0.00	7.77	81.65	88.82	0.00	39	0	42	0.00	0.00	65.17	7.39	0.00	0.00	2000
230	10.89	2121	2093	0.00	200	0	0	0	nan	0.01	0.02	6.72	82.11	89.11	0.00	39	0	42	0.00	0.00	65.04	7.42	0.00	0.00	2000
230	10.52	2173	2115	0.00	198	0	0	0	nan	0.00	1.01	6.07	83.02	89.48	0.00	39	0	42	0.00	0.00	65.17	7.38	0.00	0.00	2000
229	11.04	2103	2073	0.00	197	0	0	0	nan	0.00	0.00	6.63	81.23	88.96	0.00	38	0	42	0.00	0.00	65.01	7.28	0.00	0.00	2000
231	10.90	2095	2126	0.00	195	0	0	0	nan	0.00	0.00	6.01	84.13	89.10	0.00	38	0	42	0.00	0.00	65.09	7.41	0.00	0.00	2000
237	11.10	2119	2112	0.00	197	0	0	0	nan	0.00	0.00	4.86	84.47	88.90	0.00	38	0	42	0.00	0.00	66.63	7.67	0.00	0.00	2000
227	10.99	2117	2050	0.00	202	0	0	0	nan	0.01	0.00	5.74	81.24	89.01	0.00	38	0	42	0.00	0.00	63.21	7.37	0.00	0.00	2000
230	10.67	2131	2123	0.00	198	0	0	0	nan	0.00	0.01	5.70	84.69	89.33	0.00	38	0	42	0.00	0.00	65.61	7.56	0.00	0.00	2000
235	11.05	2110	2117	0.00	197	0	0	0	nan	0.00	0.00	3.59	86.14	88.95	0.00	38	0	42	0.00	0.00	69.56	7.77	0.00	0.00	2000
232	10.98	2112	2098	0.00	199	0	0	0	nan	0.00	0.00	4.29	84.68	89.02	0.00	38	0	42	0.00	0.00	62.18	7.68	0.00	0.00	2000
233	11.00	2128	2086	0.00	202	0	0	0	nan	0.00	0.55	4.78	83.09	89.00	0.00	38	0	42	0.00	0.00	64.77	7.37	0.00	0.00	2000
230	10.63	2164	2103	0.00	201	0	0	0	87.85	0.00	0.00	5.06	84.43	89.37	0.00	39	0	42	0.00	0.00	66.12	7.72	0.00	0.00	2000
235	11.22	2073	2125	0.65	196	0	0	19	82.42	0.00	0.02	4.52	85.34	88.78	0.00	38	0	42	0.00	0.00	66.06	7.65	0.00	0.00	2000
230	11.09	2078	2096	0.01	200	0	0	0	nan	0.00	0.00	7.37	81.41	88.91	0.00	37	0	42	0.00	0.00	65.11	7.52	0.00	0.00	2000
384	17.08	2304	2047	0.00	208	0	0	0	nan	0.00	0.02	7.87	73.06	82.92	0.00	39	0	42	0.00	0.00	64.94	7.26	0.00	0.00	2000
195	9.74	1978	2126	0.00	241	0	0	0	nan	0.00	0.45	9.20	81.82	90.26	0.00	38	0	42	0.00	0.00	67.72	7.75	0.00	0.00	2000
107	8.00	1320	2120	0.00	219	0	0	0	nan	0.00	0.02	6.64	86.25	92.00	0.00	37	0	42	0.00	0.00	60.47	7.44	0.00	0.00	2000
77	7.28	1059	2103	0.00	209	0	0	0	nan	0.00	0.00	3.53	89.44	92.72	0.00	37	0	42	0.00	0.00	58.04	7.27	0.00	0.00	2000
79	7.27	1084	2109	0.00	161	0	0	0	nan	0.00	0.00	4.99	88.21	92.73	0.00	37	0	42	0.00	0.00	60.05	7.60	0.00	0.00	2000
