Avg_MHz	Busy%	Bzy_MHz	TSC_MHz	IPC	IRQ	NMI	SMI	LLCMRPS	LLC%hit	POLL%	C1%	C1E%	C6%	CPU%c1	CPU%c6	CoreTmp	CoreThr	PkgTmp	Pkg%pc2	Pkg%pc6	PkgWatt	RAMWatt	PKG_%	RAM_%	UncMHz
211	13.19	1702	1977	0.00	236	0	0	0	nan	0.00	0.01	19.44	62.17	86.81	0.00	37	0	42	0.00	0.00	55.45	7.00	0.00	0.00	2000
404	16.52	2210	2322	0.00	248	0	0	0	nan	0.05	1.20	15.40	76.05	83.48	0.00	37	0	42	0.00	0.00	79.67	9.03	0.00	0.00	2000
83	7.03	1183	2108	0.00	196	0	0	0	nan	0.00	0.02	12.09	81.17	92.97	0.00	37	0	42	0.00	0.00	59.43	7.39	0.00	0.00	2000
71	6.55	1105	2070	0.00	193	0	0	0	nan	0.00	0.00	3.27	88.80	93.45	0.00	37	0	42	0.00	0.00	57.01	7.48	0.00	0.00	2000
75	6.69	1127	2099	0.00	193	0	0	0	nan	0.00	0.01	1.62	91.56	93.31	0.00	37	0	42	0.00	0.00	59.87	7.81	0.00	0.00	2000
72	6.92	1031	2125	0.00	210	0	0	0	nan	0.00	0.00	2.98	91.26	93.08	0.00	37	0	42	0.00	0.00	59.67	7.90	0.00	0.00	2000
73	6.72	1095	2091	0.00	194	0	0	0	nan	0.00	0.00	4.10	88.82	93.28	0.00	37	0	42	0.00	0.00	56.15	7.30	0.00	0.00	2000
72	6.45	1115	2107	0.00	193	0	0	0	nan	0.00	0.00	3.99	89.88	93.55	0.00	37	0	42	0.00	0.00	59.02	7.66	0.00	0.00	2000
73	6.61	1097	2109	0.00	193	0	0	0	nan	0.00	0.00	3.63	90.05	93.39	0.00	37	0	42	0.00	0.00	59.64	7.78	0.00	0.00	2000
71	6.47	1106	2093	0.00	193	0	0	0	nan	0.00	0.00	3.61	89.55	93.53	0.00	37	0	42	0.00	0.00	56.56	7.32	0.00	0.00	2000
72	6.68	1086	2074	0.00	193	0	0	0	nan	0.00	0.00	4.06	88.15	93.32	0.00	37	0	42	0.00	0.00	58.76	7.71	0.00	0.00	2000
72	6.73	1055	2122	0.00	194	0	0	0	nan	0.00	0.01	1.59	92.63	93.27	0.00	37	0	42	0.00	0.00	59.80	7.69	0.00	0.00	2000
73	6.27	1170	2103	0.00	194	0	0	0	nan	0.00	0.03	2.57	91.11	93.73	0.00	37	0	42	0.00	0.00	58.36	7.67	0.00	0.00	2000
73	6.72	1086	2105	0.00	213	0	0	0	nan	0.00	0.03	3.95	89.53	93.28	0.00	37	0	42	0.00	0.00	58.60	7.50	0.00	0.00	2000
71	6.53	1101	2071	0.00	194	0	0	0	nan	0.00	0.02	3.07	89.08	93.47	0.00	37	0	42	0.00	0.00	57.75	7.52	0.00	0.00	2000
73	6.30	1150	2129	0.00	194	0	0	1	86.16	0.00	0.00	3.29	91.56	93.70	0.00	37	0	42	0.00	0.00	58.52	7.66	0.00	0.00	2000
73	6.59	1105	2101	0.08	193	0	0	1	88.22	0.00	0.02	2.78	90.67	93.41	0.00	37	0	42	0.00	0.00	57.34	7.36	0.00	0.00	2000
71	6.27	1146	2065	0.00	193	0	0	0	nan	0.00	0.01	2.63	89.64	93.73	0.00	37	0	43	0.00	0.00	57.26	7.35	0.00	0.00	2000
166	9.50	1752	2101	0.00	206	0	0	0	nan	0.01	0.88	4.20	85.61	90.50	0.00	38	0	42	0.00	0.00	58.76	7.17	0.00	0.00	2000
231	10.78	2128	2114	0.00	215	0	0	0	nan	0.00	0.03	6.97	82.89	89.22	0.00	39	0	42	0.00	0.00	68.78	7.88	0.00	0.00	2000
237	11.28	2074	2126	0.00	205	0	0	0	nan	0.00	0.00	5.11	84.79	88.72	0.00	39	0	42	0.00	0.00	65.56	7.48	0.00	0.00	2000
225	11.07	2064	2071	0.00	198	0	0	0	nan	0.00	0.01	5.88	81.89	88.93	0.00	39	0	42	0.00	0.00	63.64	7.35	0.00	0.00	2000
235	10.94	2140	2108	0.00	198	0	0	0	nan	0.00	0.01	5.97	83.45	89.06	0.00	38	0	42	0.00	0.00	65.84	7.69	0.00	0.00	2000
231	11.02	2097	2096	0.00	201	0	0	0	nan	0.00	0.00	4.20	84.64	88.98	0.00	38	0	42	0.00	0.00	65.79	7.75	0.00	0.00	2000
232	11.36	2079	2067	0.00	198	0	0	0	nan	0.00	0.01	4.48	82.86	88.64	0.00	38	0	42	0.00	0.00	61.99	7.20	0.00	0.00	2000
231	10.79	2094	2147	0.00	236	0	0	0	nan	0.00	0.00	6.40	84.94	89.21	0.00	37	0	42	0.00	0.00	67.66	8.62	0.00	0.00	2000
233	11.29	2056	2111	0.00	198	0	0	0	nan	0.01	0.42	2.69	86.12	88.71	0.00	37	0	42	0.00	0.00	71.06	7.64	0.00	0.00	2000
230	11.18	2058	2101	0.00	199	0	0	0	nan	0.00	0.52	3.96	84.42	88.82	0.00	38	0	42	0.00	0.00	64.67	7.49	0.00	0.00	2000
226	11.08	2062	2079	0.00	198	0	0	0	nan	0.00	0.50	4.98	82.67	88.92	0.00	38	0	42	0.00	0.00	63.11	7.42	0.00	0.00	2000
229	11.23	2059	2078	0.00	199	0	0	0	nan	0.00	0.00	4.45	83.48	88.77	0.00	38	0	42	0.00	0.00	61.64	7.22	0.00	0.00	2000
247	11.71	2105	2101	0.00	218	0	0	0	nan	0.00	0.49	6.57	81.44	88.29	0.00	38	0	42	0.00	0.00	68.41	7.88	0.00	0.00	2000
231	11.03	2073	2117	0.00	199	0	0	0	nan	0.00	0.02	5.89	83.89	88.97	0.00	38	0	42	0.00	0.00	62.83	7.47	0.00	0.00	2000
226	11.01	2072	2084	0.27	214	0	0	8	84.62	0.00	0.00	5.86	82.56	88.99	0.00	39	0	42	0.00	0.00	67.54	7.72	0.00	0.00	2000
237	11.08	2088	2146	0.53	203	0	0	6	83.47	0.00	0.00	6.79	84.13	88.92	0.00	38	0	42	0.00	0.00	65.90	7.88	0.00	0.00	2000
234	11.36	2096	2067	0.00	197	0	0	0	nan	0.00	0.00	3.78	83.52	88.64	0.00	37	0	42	0.00	0.00	63.05	7.41	0.00	0.00	2000
229	11.10	2044	2124	0.00	211	0	0	0	nan	0.01	0.00	3.56	86.45	88.90	0.00	38	0	42	0.00	0.00	65.78	7.40	0.00	0.00	2000
232	11.41	2021	2110	0.00	197	0	0	0	nan	0.02	0.01	2.92	86.20	88.59	0.00	39	0	43	0.00	0.00	66.53	7.79	0.00	0.00	2000
229	10.94	2102	2093	0.00	195	0	0	0	nan	0.00	0.02	3.48	85.43	89.06	0.00	39	0	43	0.00	0.00	63.58	7.31	0.00	0.00	2000
229	10.96	2081	2106	0.00	194	0	0	0	nan	0.00	0.00	4.24	85.17	89.04	0.00	39	0	43	0.00	0.00	65.65	7.59	0.00	0.00	2000
228	11.14	2052	2094	0.00	196	0	0	0	nan	0.00	0.01	3.74	84.99	88.86	0.00	39	0	42	0.00	0.00	61.59	7.26	0.00	0.00	2000
231	11.06	2090	2098	0.00	194	0	0	0	nan	0.00	0.01	3.60	85.35	88.94	0.00	38	0	42	0.00	0.00	68.25	8.09	0.00	0.00	2000
231	11.35	2032	2104	0.00	194	0	0	0	nan	0.00	0.02	3.72	85.19	88.65	0.00	38	0	42	0.00	0.00	64.27	7.43	0.00	0.00	2000
229	11.11	2060	2104	0.00	195	0	0	0	nan	0.00	0.00	3.16	86.08	88.89	0.00	38	0	42	0.00	0.00	62.52	7.62	0.00	0.00	2000
226	10.99	2075	2086	0.00	194	0	0	0	nan	0.00	0.00	2.84	85.71	89.02	0.00	39	0	42	0.00	0.00	68.01	7.57	0.00	0.00	2000
228	11.00	2106	2070	0.00	195	0	0	0	nan	0.00	0.02	2.82	84.92	89.00	0.00	39	0	42	0.00	0.00	64.65	7.71	0.00	0.00	2000
226	12.74	2119	1754	0.00	198	0	0	0	nan	0.00	0.00	2.45	70.52	87.26	0.00	38	0	42	0.00	0.00	52.28	6.07	0.00	0.00	2000
238	9.63	2018	2570	0.00	244	0	0	0	nan	0.00	0.03	1.84	108.83	90.37	0.00	38	0	43	0.00	0.00	80.79	9.52	0.00	0.00	2000
226	11.09	2028	2108	0.00	196	0	0	0	nan	0.01	0.02	3.18	86.15	88.91	0.00	39	0	42	0.00	0.00	63.48	7.50	0.00	0.00	2000
221	10.69	2076	2097	0.00	195	0	0	0	nan	0.00	0.02	3.00	86.24	89.31	0.00	39	0	42	0.00	0.00	64.43	7.71	0.00	0.00	2000
221	10.85	2041	2100	0.45	195	0	0	10	80.05	0.00	0.03	3.33	85.85	89.15	0.00	40	0	43	0.00	0.00	65.13	7.88	0.00	0.00	2000
221	10.66	2074	2102	0.55	194	0	0	0	88.22	0.00	0.00	2.72	86.81	89.34	0.00	40	0	42	0.00	0.00	65.48	7.82	0.00	0.00	2000
219	11.36	2080	1948	0.00	197	0	0	0	nan	0.00	0.02	2.68	79.64	88.65	0.00	40	0	42	0.00	0.00	60.09	7.58	0.00	0.00	2000
229	10.20	2083	2259	0.00	195	0	0	0	nan	0.00	0.02	3.58	93.19	89.80	0.00	40	0	42	0.00	0.00	72.25	8.98	0.00	0.00	2000
217	10.83	2020	2079	0.00	196	0	0	0	nan	0.00	0.02	3.76	84.55	89.17	0.00	39	0	42	0.00	0.00	63.34	7.45	0.00	0.00	2000
142	8.73	1613	2120	0.00	229	0	0	0	nan	0.00	0.02	6.07	86.23	91.27	0.00	37	0	42	0.00	0.00	60.55	7.66	0.00	0.00	2000
78	6.55	1202	2088	0.00	177	0	0	0	nan	0.00	0.00	3.06	89.85	93.45	0.00	37	0	42	0.00	0.00	59.48	7.44	0.00	0.00	2000
