Avg_MHz	Busy%	Bzy_MHz	TSC_MHz	IPC	IRQ	NMI	SMI	LLCMRPS	LLC%hit	POLL%	C1%	C1E%	C6%	CPU%c1	CPU%c6	CoreTmp	CoreThr	PkgTmp	Pkg%pc2	Pkg%pc6	PkgWatt	RAMWatt	PKG_%	RAM_%	UncMHz
223	13.45	1733	2007	0.00	224	0	0	0	nan	0.00	0.00	22.53	60.25	86.55	0.00	38	0	42	0.00	0.00	56.16	7.00	0.00	0.00	2000
370	16.39	2112	2246	0.00	253	0	0	0	nan	0.01	1.16	21.18	67.23	83.61	0.00	37	0	43	0.00	0.00	75.78	8.56	0.00	0.00	2000
77	7.02	1092	2121	0.00	210	0	0	0	nan	0.00	0.00	8.75	85.21	92.98	0.00	37	0	42	0.00	0.00	60.99	7.56	0.00	0.00	2000
74	6.73	1090	2109	0.00	194	0	0	0	nan	0.00	0.00	3.96	89.73	93.27	0.00	37	0	42	0.00	0.00	57.50	7.23	0.00	0.00	2000
73	6.71	1091	2101	0.00	194	0	0	0	nan	0.00	0.00	3.44	89.80	93.29	0.00	37	0	42	0.00	0.00	59.97	7.61	0.00	0.00	2000
73	6.77	1084	2101	0.00	204	0	0	0	nan	0.00	0.02	4.31	88.97	93.23	0.00	37	0	42	0.00	0.00	58.49	7.44	0.00	0.00	2000
74	6.83	1081	2096	0.00	197	0	0	0	nan	0.00	0.02	3.19	89.85	93.17	0.00	37	0	42	0.00	0.00	57.88	7.35	0.00	0.00	2000
72	6.68	1077	2103	0.00	193	0	0	0	nan	0.00	0.00	2.80	90.62	93.32	0.00	37	0	42	0.00	0.00	57.67	7.56	0.00	0.00	2000
73	6.50	1129	2096	0.00	193	0	0	0	nan	0.00	0.02	2.69	90.55	93.50	0.00	37	0	42	0.00	0.00	57.86	7.34	0.00	0.00	2000
71	6.46	1110	2093	0.00	193	0	0	0	nan	0.00	0.01	2.64	90.60	93.54	0.00	37	0	42	0.00	0.00	57.09	7.25	0.00	0.00	2000
74	6.69	1098	2102	0.00	194	0	0	0	nan	0.00	0.03	2.40	91.06	93.31	0.00	37	0	43	0.00	0.00	57.90	7.61	0.00	0.00	2000
72	6.65	1081	2094	0.00	210	0	0	0	nan	0.00	0.02	2.86	90.18	93.35	0.00	37	0	42	0.00	0.00	60.96	7.73	0.00	0.00	2000
73	6.50	1115	2104	0.00	193	0	0	0	nan	0.00	0.00	3.87	89.77	93.50	0.00	37	0	42	0.00	0.00	58.30	7.48	0.00	0.00	2000
72	6.44	1110	2104	0.00	193	0	0	0	nan	0.00	0.00	3.66	90.13	93.56	0.00	37	0	42	0.00	0.00	58.32	7.24	0.00	0.00	2000
73	6.82	1071	2109	0.00	195	0	0	0	nan	0.00	0.00	3.98	89.66	93.18	0.00	37	0	42	0.00	0.00	55.78	7.39	0.00	0.00	2000
72	6.29	1141	2098	0.00	193	0	0	1	88.54	0.00	0.02	3.27	90.35	93.71	0.00	37	0	42	0.00	0.00	60.25	7.40	0.00	0.00	2000
73	6.75	1078	2093	0.08	193	0	0	1	88.16	0.00	0.00	3.46	89.59	93.25	0.00	37	0	42	0.00	0.00	57.73	7.47	0.00	0.00	2000
73	6.54	1115	2095	0.00	194	0	0	0	nan	0.00	0.00	3.77	89.58	93.46	0.00	37	0	42	0.00	0.00	58.79	7.52	0.00	0.00	2000
151	8.91	1687	2106	0.00	211	0	0	0	nan	0.00	0.49	6.55	84.49	91.09	0.00	38	0	42	0.00	0.00	59.87	7.32	0.00	0.00	2000
231	10.88	2113	2111	0.00	203	0	0	0	nan	0.00	0.00	3.79	85.76	89.12	0.00	39	0	43	0.00	0.00	65.82	7.68	0.00	0.00	2000
226	10.85	2115	2070	0.00	203	0	0	0	nan	0.00	0.00	3.58	84.41	89.15	0.00	40	0	42	0.00	0.00	62.74	7.12	0.00	0.00	2000
232	11.28	2053	2105	0.00	209	0	0	0	nan	0.01	0.00	2.47	86.55	88.72	0.00	40	0	42	0.00	0.00	66.15	7.73	0.00	0.00	2000
237	11.33	2077	2118	0.00	199	0	0	0	nan	0.01	0.02	5.78	83.77	88.67	0.00	38	0	42	0.00	0.00	66.06	7.56	0.00	0.00	2000
239	11.24	2117	2105	0.00	197	0	0	0	nan	0.00	0.00	6.11	82.86	88.76	0.00	38	0	42	0.00	0.00	65.64	7.70	0.00	0.00	2000
231	11.11	2087	2096	0.00	198	0	0	0	nan	0.00	0.02	4.91	83.91	88.89	0.00	39	0	42	0.00	0.00	66.51	7.74	0.00	0.00	2000
233	11.08	2109	2098	0.00	199	0	0	0	nan	0.00	0.00	5.64	83.09	88.92	0.00	37	0	42	0.00	0.00	67.03	7.95	0.00	0.00	2000
235	11.28	2081	2100	0.00	199	0	0	0	nan	0.00	0.02	6.97	81.90	88.72	0.00	37	0	42	0.00	0.00	66.56	7.84	0.00	0.00	2000
231	10.98	2106	2098	0.00	185	0	0	0	nan	0.00	0.06	4.32	84.64	89.02	0.00	37	0	42	0.00	0.00	63.86	7.69	0.00	0.00	2000
230	10.61	2177	2089	0.00	196	0	0	0	nan	0.00	0.95	4.62	83.34	89.39	0.00	37	0	42	0.00	0.00	65.49	7.53	0.00	0.00	2000
230	11.10	2068	2101	0.00	198	0	0	0	nan	0.00	0.00	4.98	84.02	88.90	0.00	38	0	42	0.00	0.00	64.47	7.40	0.00	0.00	2000
229	10.95	2103	2085	0.00	215	0	0	0	nan	0.00	0.49	4.32	83.69	89.05	0.00	38	0	42	0.00	0.00	62.27	7.16	0.00	0.00	2000
231	11.33	2021	2115	0.00	199	0	0	0	nan	0.00	0.00	6.73	82.69	88.67	0.00	38	0	42	0.00	0.00	67.98	7.85	0.00	0.00	2000
232	11.32	2035	2116	0.00	203	0	0	3	82.83	0.00	0.00	6.46	83.01	88.68	0.00	38	0	42	0.00	0.00	64.54	7.47	0.00	0.00	2000
226	11.34	2031	2063	0.65	195	0	0	16	83.15	0.00	0.02	5.14	82.13	88.66	0.00	38	0	42	0.00	0.00	64.56	7.58	0.00	0.00	2000
232	11.13	2055	2126	0.00	211	0	0	0	nan	0.00	0.00	5.00	85.11	88.87	0.00	39	0	42	0.00	0.00	64.70	7.40	0.00	0.00	2000
229	11.19	2041	2104	0.00	200	0	0	0	nan	0.00	0.02	6.33	82.74	88.81	0.00	39	0	42	0.00	0.00	68.73	7.92	0.00	0.00	2000
233	11.11	2105	2095	0.00	197	0	0	0	nan	0.00	0.00	6.01	82.64	88.89	0.00	39	0	42	0.00	0.00	63.73	7.31	0.00	0.00	2000
226	10.61	2148	2080	0.00	207	0	0	0	nan	0.00	0.00	4.92	83.73	89.39	0.00	38	0	42	0.00	0.00	62.30	7.40	0.00	0.00	2000
235	11.08	2096	2127	0.00	197	0	0	0	nan	0.00	0.03	6.10	84.06	88.92	0.00	38	0	42	0.00	0.00	67.69	7.87	0.00	0.00	2000
231	11.22	2051	2108	0.00	199	0	0	0	nan	0.00	0.03	3.34	85.79	88.78	0.00	39	0	42	0.00	0.00	65.18	7.30	0.00	0.00	2000
231	11.06	2097	2090	0.00	197	0	0	0	nan	0.00	0.04	4.97	83.66	88.94	0.00	39	0	42	0.00	0.00	65.27	7.52	0.00	0.00	2000
229	10.97	2105	2085	0.00	199	0	0	0	nan	0.00	0.51	3.97	84.00	89.03	0.00	39	0	42	0.00	0.00	63.74	7.32	0.00	0.00	2000
235	11.04	2117	2115	0.00	203	0	0	0	nan	0.03	0.04	5.42	84.26	88.96	0.00	39	0	42	0.00	0.00	65.47	7.71	0.00	0.00	2000
231	10.67	2175	2087	0.00	200	0	0	0	nan	0.00	0.47	4.79	83.56	89.33	0.00	39	0	42	0.00	0.00	66.11	7.80	0.00	0.00	2000
235	10.93	2141	2113	0.00	199	0	0	0	nan	0.00	1.99	3.33	84.41	89.07	0.00	39	0	42	0.00	0.00	64.87	7.49	0.00	0.00	2000
230	11.23	2049	2102	0.00	200	0	0	0	nan	0.00	0.00	6.47	82.50	88.77	0.00	39	0	42	0.00	0.00	66.12	7.67	0.00	0.00	2000
227	11.07	2104	2049	0.00	197	0	0	0	nan	0.00	0.01	4.53	82.19	88.93	0.00	39	0	43	0.00	0.00	59.24	7.00	0.00	0.00	2000
239	11.32	2049	2162	0.00	234	0	0	0	nan	0.00	0.00	9.19	82.24	88.68	0.00	37	0	43	0.00	0.00	72.56	8.47	0.00	0.00	2000
225	11.02	2045	2097	0.00	196	0	0	0	nan	0.00	0.00	7.66	81.37	88.98	0.00	38	0	42	0.00	0.00	64.66	7.57	0.00	0.00	2000
223	10.94	2036	2104	0.00	195	0	0	3	48.51	0.00	0.00	6.57	82.84	89.06	0.00	39	0	42	0.00	0.00	65.18	8.36	0.00	0.00	2000
223	11.10	2070	2040	1.62	197	0	0	28	34.30	0.00	0.01	5.77	80.75	88.90	0.00	40	0	42	0.00	0.00	60.64	7.86	0.00	0.00	2000
223	10.63	2050	2150	0.00	218	0	0	0	nan	0.00	0.01	6.38	85.25	89.37	0.00	39	0	42	0.00	0.00	67.36	8.52	0.00	0.00	2000
206	10.58	1938	2110	0.00	208	0	0	0	nan	0.00	0.00	6.57	83.43	89.42	0.00	37	0	42	0.00	0.00	66.25	7.93	0.00	0.00	2000
109	7.73	1410	2097	0.00	219	0	0	0	nan	0.00	0.01	9.37	82.73	92.27	0.00	37	0	42	0.00	0.00	58.97	7.46	0.00	0.00	2000
78	6.90	1126	2108	0.00	193	0	0	0	nan	0.00	0.01	3.36	90.03	93.10	0.00	37	0	42	0.00	0.00	57.74	7.55	0.00	0.00	2000
80	7.00	1161	2054	0.00	145	0	0	0	nan	0.00	0.02	4.06	86.84	93.00	0.00	37	0	42	0.00	0.00	57.51	7.36	0.00	0.00	2000
