Avg_MHz	Busy%	Bzy_MHz	TSC_MHz	IPC	IRQ	NMI	SMI	LLCMRPS	LLC%hit	POLL%	C1%	C1E%	C6%	CPU%c1	CPU%c6	CoreTmp	CoreThr	PkgTmp	Pkg%pc2	Pkg%pc6	PkgWatt	RAMWatt	PKG_%	RAM_%	UncMHz
184	10.47	1679	2195	0.00	246	0	0	0	nan	0.00	0.00	29.42	64.08	89.53	0.00	36	0	42	0.00	0.00	68.53	8.52	0.00	0.00	2000
429	19.94	2137	2114	0.00	195	0	0	0	nan	0.00	1.22	11.17	68.35	80.06	0.00	38	0	42	0.00	0.00	67.91	7.82	0.00	0.00	2000
276	13.87	1991	2100	0.00	222	0	0	0	nan	0.04	0.19	21.82	64.23	86.13	0.00	37	0	42	0.00	0.00	62.82	7.59	0.00	0.00	2000
75	6.25	1206	2092	0.00	194	0	0	0	nan	0.00	0.00	2.58	90.76	93.75	0.00	37	0	42	0.00	0.00	55.93	7.07	0.00	0.00	2000
74	6.38	1156	2098	0.00	193	0	0	0	nan	0.01	0.00	2.58	90.89	93.62	0.00	37	0	42	0.00	0.00	58.17	7.64	0.00	0.00	2000
72	6.66	1075	2113	0.00	193	0	0	0	nan	0.01	0.02	1.99	92.10	93.34	0.00	37	0	42	0.00	0.00	58.27	7.25	0.00	0.00	2000
75	6.60	1126	2107	0.00	193	0	0	0	nan	0.00	0.02	3.03	90.78	93.40	0.00	37	0	42	0.00	0.00	60.56	7.90	0.00	0.00	2000
72	6.89	1045	2100	0.00	193	0	0	0	nan	0.00	0.02	2.41	90.79	93.11	0.00	37	0	42	0.00	0.00	56.54	7.40	0.00	0.00	2000
74	6.53	1125	2109	0.00	210	0	0	0	nan	0.00	0.02	2.81	91.00	93.47	0.00	37	0	42	0.00	0.00	55.88	7.38	0.00	0.00	2000
73	6.72	1079	2102	0.00	177	0	0	0	nan	0.00	0.00	2.97	90.54	93.28	0.00	36	0	42	0.00	0.00	60.50	7.45	0.00	0.00	2000
74	6.56	1151	2070	0.00	193	0	0	0	nan	0.00	0.02	2.64	89.40	93.44	0.00	37	0	42	0.00	0.00	55.49	7.06	0.00	0.00	2000
72	6.67	1068	2115	0.00	196	0	0	0	nan	0.00	0.00	4.06	90.05	93.33	0.00	37	0	42	0.00	0.00	60.36	7.68	0.00	0.00	2000
72	6.44	1112	2116	0.00	210	0	0	0	nan	0.00	0.00	3.29	90.84	93.56	0.00	37	0	42	0.00	0.00	57.00	7.42	0.00	0.00	2000
80	6.84	1166	2098	0.00	199	0	0	0	nan	0.00	0.01	5.65	87.50	93.16	0.00	37	0	42	0.00	0.00	58.46	7.34	0.00	0.00	2000
73	6.66	1101	2100	0.00	195	0	0	0	nan	0.00	0.00	3.92	89.42	93.34	0.00	37	0	42	0.00	0.00	57.95	7.49	0.00	0.00	2000
71	6.62	1072	2092	0.00	194	0	0	1	87.82	0.01	0.00	3.45	89.64	93.38	0.00	37	0	42	0.00	0.00	58.19	7.44	0.00	0.00	2000
74	6.39	1147	2107	0.30	194	0	0	2	88.36	0.00	0.00	2.72	91.10	93.61	0.00	37	0	42	0.00	0.00	57.90	7.44	0.00	0.00	2000
72	6.24	1158	2096	0.08	194	0	0	0	nan	0.00	0.02	2.89	90.58	93.76	0.00	37	0	42	0.00	0.00	58.58	7.44	0.00	0.00	2000
108	8.05	1393	2022	0.00	198	0	0	0	nan	0.00	0.00	3.73	84.75	91.95	0.00	37	0	42	0.00	0.00	50.45	6.58	0.00	0.00	2000
238	11.09	2036	2210	0.00	253	0	0	0	nan	0.00	0.03	8.29	85.42	88.91	0.00	37	0	42	0.00	0.00	78.29	9.12	0.00	0.00	2000
228	11.03	2085	2081	0.00	199	0	0	0	nan	0.00	0.00	4.69	83.66	88.97	0.00	38	0	42	0.00	0.00	63.76	7.58	0.00	0.00	2000
229	10.94	2093	2103	0.00	199	0	0	0	nan	0.00	0.03	3.77	85.50	89.06	0.00	38	0	42	0.00	0.00	65.35	7.48	0.00	0.00	2000
237	11.28	2115	2083	0.00	203	0	0	0	nan	0.00	0.02	4.85	83.12	88.72	0.00	38	0	42	0.00	0.00	63.85	7.32	0.00	0.00	2000
232	10.66	2144	2134	0.00	215	0	0	0	nan	0.00	0.00	6.47	84.37	89.34	0.00	37	0	42	0.00	0.00	67.46	8.04	0.00	0.00	2000
231	11.21	2059	2097	0.00	197	0	0	0	nan	0.00	0.00	4.59	84.16	88.79	0.00	37	0	42	0.00	0.00	65.91	7.68	0.00	0.00	2000
232	11.09	2094	2102	0.00	199	0	0	0	nan	0.00	0.06	4.05	84.95	88.91	0.00	37	0	42	0.00	0.00	66.54	7.86	0.00	0.00	2000
233	10.69	2180	2098	0.00	199	0	0	0	nan	0.00	0.02	4.34	84.97	89.31	0.00	37	0	42	0.00	0.00	66.28	7.75	0.00	0.00	2000
232	11.15	2087	2096	0.00	203	0	0	0	nan	0.00	0.13	6.14	82.46	88.85	0.00	37	0	42	0.00	0.00	65.35	7.51	0.00	0.00	2000
224	11.33	2010	2069	0.00	198	0	0	0	nan	0.00	0.00	6.31	81.21	88.67	0.00	38	0	42	0.00	0.00	61.74	7.22	0.00	0.00	2000
233	10.99	2092	2128	0.00	196	0	0	0	nan	0.00	0.00	5.51	84.74	89.01	0.00	38	0	42	0.00	0.00	66.22	7.64	0.00	0.00	2000
229	10.92	2108	2089	0.00	197	0	0	0	nan	0.00	0.00	4.87	83.79	89.08	0.00	38	0	42	0.00	0.00	64.49	7.35	0.00	0.00	2000
230	10.82	2124	2097	0.00	200	0	0	0	nan	0.00	0.00	5.65	83.42	89.18	0.00	38	0	42	0.00	0.00	65.31	7.55	0.00	0.00	2000
234	11.17	2083	2117	0.00	199	0	0	5	80.67	0.00	0.00	5.22	84.45	88.83	0.00	38	0	42	0.00	0.00	65.65	7.59	0.00	0.00	2000
232	11.33	2037	2107	0.67	204	0	0	10	83.88	0.00	0.00	6.62	82.37	88.67	0.00	38	0	42	0.00	0.00	65.33	7.55	0.00	0.00	2000
230	10.95	2131	2069	0.00	199	0	0	0	nan	0.00	0.02	4.70	83.06	89.05	0.00	37	0	42	0.00	0.00	63.98	7.49	0.00	0.00	2000
236	11.10	2105	2121	0.00	198	0	0	0	nan	0.00	0.03	6.19	83.60	88.90	0.00	37	0	42	0.00	0.00	66.42	7.50	0.00	0.00	2000
239	11.17	2138	2105	0.00	204	0	0	0	nan	0.00	0.02	5.38	83.71	88.83	0.00	37	0	42	0.00	0.00	66.06	7.72	0.00	0.00	2000
221	11.39	2053	1983	0.00	195	0	0	0	nan	0.00	0.00	5.05	78.70	88.61	0.00	37	0	42	0.00	0.00	56.11	6.91	0.00	0.00	2000
190	9.62	1872	2213	0.00	282	0	0	0	nan	0.00	0.02	8.43	86.81	90.38	0.00	37	0	42	0.00	0.00	70.94	8.49	0.00	0.00	2000
81	7.50	1064	2137	0.00	193	0	0	0	nan	0.00	0.00	4.30	89.86	92.50	0.00	37	0	42	0.00	0.00	60.20	7.69	0.00	0.00	2000
