Avg_MHz	Busy%	Bzy_MHz	TSC_MHz	IPC	IRQ	NMI	SMI	LLCMRPS	LLC%hit	POLL%	C1%	C1E%	C6%	CPU%c1	CPU%c6	CoreTmp	CoreThr	PkgTmp	Pkg%pc2	Pkg%pc6	PkgWatt	RAMWatt	PKG_%	RAM_%	UncMHz
185	11.12	1617	2157	0.00	259	0	0	0	nan	0.00	0.02	30.98	60.30	88.88	0.00	37	0	42	0.00	0.00	64.10	7.91	0.00	0.00	2000
257	13.41	1921	2096	0.00	210	0	0	0	nan	0.00	0.04	8.96	77.37	86.59	0.00	37	0	42	0.00	0.00	63.62	7.75	0.00	0.00	2000
349	16.35	2131	2102	0.00	207	0	0	0	nan	0.06	2.95	18.82	62.35	83.65	0.00	37	0	42	0.00	0.00	64.46	7.24	0.00	0.00	2000
82	7.55	1070	2123	0.00	209	0	0	0	nan	0.00	0.00	9.79	83.71	92.45	0.00	37	0	42	0.00	0.00	60.18	7.88	0.00	0.00	2000
74	7.11	1031	2115	0.00	194	0	0	0	nan	0.00	0.00	3.55	90.20	92.89	0.00	37	0	42	0.00	0.00	57.85	7.41	0.00	0.00	2000
73	6.59	1104	2103	0.00	194	0	0	0	nan	0.00	0.02	3.43	90.14	93.41	0.00	37	0	42	0.00	0.00	57.09	7.36	0.00	0.00	2000
73	6.62	1109	2086	0.00	193	0	0	0	nan	0.00	0.00	3.39	89.37	93.38	0.00	37	0	42	0.00	0.00	57.54	7.45	0.00	0.00	2000
73	6.55	1101	2119	0.00	195	0	0	0	nan	0.00	0.00	4.49	89.90	93.45	0.00	37	0	42	0.00	0.00	60.19	7.88	0.00	0.00	2000
73	6.68	1111	2069	0.00	178	0	0	0	nan	0.00	0.02	3.30	88.61	93.32	0.00	37	0	42	0.00	0.00	57.41	7.56	0.00	0.00	2000
73	7.07	1019	2122	0.00	197	0	0	0	nan	0.00	0.06	3.60	90.45	92.93	0.00	37	0	42	0.00	0.00	59.60	7.61	0.00	0.00	2000
72	6.65	1100	2081	0.00	194	0	0	0	nan	0.00	0.01	3.02	89.60	93.35	0.00	37	0	42	0.00	0.00	57.22	7.44	0.00	0.00	2000
73	7.04	1018	2127	0.00	194	0	0	0	nan	0.00	0.03	2.65	91.72	92.96	0.00	37	0	42	0.00	0.00	56.77	7.26	0.00	0.00	2000
73	6.65	1102	2095	0.00	195	0	0	0	nan	0.00	0.00	2.58	90.52	93.35	0.00	37	0	42	0.00	0.00	59.98	7.84	0.00	0.00	2000
70	6.83	1042	2074	0.00	192	0	0	0	nan	0.00	0.01	2.62	89.52	93.17	0.00	37	0	42	0.00	0.00	53.97	7.17	0.00	0.00	2000
73	6.98	1035	2129	0.00	209	0	0	0	nan	0.00	0.06	2.81	91.61	93.02	0.00	37	0	42	0.00	0.00	59.87	7.88	0.00	0.00	2000
70	6.90	1024	2095	0.00	194	0	0	1	87.24	0.00	0.00	3.51	89.52	93.10	0.00	37	0	42	0.00	0.00	57.15	7.65	0.00	0.00	2000
74	6.59	1125	2095	0.30	193	0	0	2	88.16	0.01	0.00	3.66	89.53	93.41	0.00	37	0	42	0.00	0.00	58.14	7.64	0.00	0.00	2000
73	6.60	1100	2114	0.00	193	0	0	0	nan	0.00	0.00	3.59	90.51	93.40	0.00	37	0	42	0.00	0.00	59.97	7.92	0.00	0.00	2000
74	6.50	1140	2085	0.00	178	0	0	0	nan	0.00	0.00	2.99	89.87	93.50	0.00	37	0	42	0.00	0.00	58.57	7.64	0.00	0.00	2000
151	9.15	1690	2051	0.00	208	0	0	0	nan	0.00	0.82	5.84	82.20	90.85	0.00	37	0	42	0.00	0.00	56.36	7.14	0.00	0.00	2000
234	11.20	2030	2162	0.00	215	0	0	0	nan	0.00	0.00	5.24	86.40	88.80	0.00	37	0	42	0.00	0.00	68.02	8.12	0.00	0.00	2000
229	11.30	2030	2095	0.00	198	0	0	0	nan	0.00	0.02	5.13	83.55	88.70	0.00	38	0	42	0.00	0.00	64.05	7.44	0.00	0.00	2000
234	11.35	2054	2105	0.00	204	0	0	0	nan	0.00	0.00	5.47	83.61	88.65	0.00	38	0	42	0.00	0.00	65.50	7.82	0.00	0.00	2000
233	11.54	2015	2100	0.00	203	0	0	0	nan	0.00	0.00	4.06	84.58	88.46	0.00	37	0	42	0.00	0.00	63.15	7.46	0.00	0.00	2000
230	11.45	2015	2095	0.00	197	0	0	0	nan	0.00	0.00	4.93	83.56	88.55	0.00	37	0	42	0.00	0.00	67.75	8.15	0.00	0.00	2000
230	11.07	2074	2106	0.00	198	0	0	0	nan	0.00	1.06	3.53	84.80	88.93	0.00	37	0	42	0.00	0.00	64.84	7.83	0.00	0.00	2000
227	11.34	2040	2063	0.00	198	0	0	0	nan	0.00	0.02	3.15	84.17	88.66	0.00	37	0	42	0.00	0.00	64.00	7.70	0.00	0.00	2000
236	11.45	2031	2135	0.00	203	0	0	0	nan	0.00	0.00	5.64	84.59	88.55	0.00	37	0	42	0.00	0.00	66.67	7.85	0.00	0.00	2000
225	10.95	2083	2070	0.00	197	0	0	0	nan	0.00	0.00	5.82	82.17	89.05	0.00	38	0	42	0.00	0.00	64.47	7.41	0.00	0.00	2000
233	11.46	2007	2124	0.00	201	0	0	0	nan	0.00	0.00	7.38	82.37	88.54	0.00	38	0	42	0.00	0.00	66.94	7.80	0.00	0.00	2000
229	11.44	1999	2104	0.00	199	0	0	0	nan	0.00	0.00	4.90	83.98	88.56	0.00	38	0	42	0.00	0.00	63.71	7.39	0.00	0.00	2000
222	11.23	2049	2028	0.00	198	0	0	0	nan	0.00	0.02	4.17	81.72	88.77	0.00	38	0	42	0.00	0.00	60.54	7.20	0.00	0.00	2000
230	11.34	2032	2096	0.00	220	0	0	2	96.10	0.00	0.02	4.81	83.82	88.66	0.00	39	0	42	0.00	0.00	64.36	7.65	0.00	0.00	2000
227	11.39	2001	2096	0.71	215	0	0	15	96.33	0.00	0.00	4.74	83.85	88.61	0.00	39	0	42	0.00	0.00	64.25	7.42	0.00	0.00	2000
229	11.06	2031	2141	0.00	214	0	0	0	nan	0.00	0.00	4.57	86.23	88.94	0.00	39	0	42	0.00	0.00	66.88	7.92	0.00	0.00	2000
227	11.28	2012	2101	0.00	215	0	0	0	nan	0.00	0.01	4.08	84.88	88.72	0.00	39	0	42	0.00	0.00	65.07	7.62	0.00	0.00	2000
232	11.33	2040	2106	0.00	203	0	0	0	nan	0.00	0.00	5.94	83.18	88.67	0.00	39	0	42	0.00	0.00	64.92	7.74	0.00	0.00	2000
231	11.09	2060	2125	0.00	199	0	0	0	nan	0.00	0.00	2.47	87.70	88.91	0.00	39	0	42	0.00	0.00	64.38	7.66	0.00	0.00	2000
228	11.30	2036	2078	0.00	215	0	0	0	nan	0.00	0.00	4.37	83.61	88.70	0.00	39	0	42	0.00	0.00	65.09	7.46	0.00	0.00	2000
230	11.20	2016	2136	0.00	198	0	0	0	nan	0.00	0.00	4.90	85.58	88.80	0.00	39	0	42	0.00	0.00	65.39	7.77	0.00	0.00	2000
231	11.57	1998	2096	0.00	204	0	0	0	nan	0.02	0.02	3.19	85.26	88.43	0.00	39	0	42	0.00	0.00	63.04	7.52	0.00	0.00	2000
227	11.06	2053	2103	0.00	198	0	0	0	nan	0.00	0.00	4.80	84.36	88.94	0.00	39	0	42	0.00	0.00	66.09	7.56	0.00	0.00	2000
223	11.64	1982	2027	0.00	197	0	0	0	nan	0.00	0.00	5.20	80.30	88.36	0.00	39	0	42	0.00	0.00	60.77	7.15	0.00	0.00	2000
226	11.24	2011	2102	0.00	214	0	0	0	nan	0.00	0.02	4.54	84.49	88.76	0.00	39	0	42	0.00	0.00	64.49	7.56	0.00	0.00	2000
235	11.16	2031	2176	0.00	221	0	0	0	nan	0.00	0.00	5.48	86.77	88.84	0.00	39	0	42	0.00	0.00	66.76	7.77	0.00	0.00	2000
227	11.23	2020	2102	0.00	198	0	0	0	nan	0.00	0.00	5.63	83.37	88.77	0.00	39	0	42	0.00	0.00	64.98	7.65	0.00	0.00	2000
224	11.35	2054	2021	0.00	198	0	0	0	nan	0.00	0.02	4.64	80.82	88.65	0.00	39	0	42	0.00	0.00	62.43	7.31	0.00	0.00	2000
228	10.97	2034	2144	0.00	214	0	0	0	nan	0.00	0.00	5.13	86.00	89.03	0.00	39	0	42	0.00	0.00	67.59	8.02	0.00	0.00	2000
231	11.31	2049	2097	0.00	199	0	0	0	nan	0.00	0.04	3.90	84.85	88.69	0.00	39	0	42	0.00	0.00	62.14	7.33	0.00	0.00	2000
232	10.85	2111	2126	0.22	222	0	0	12	85.36	0.00	0.00	8.43	82.02	89.15	0.00	39	0	42	0.00	0.00	68.05	7.83	0.00	0.00	2000
230	11.15	2056	2106	0.61	200	0	0	4	93.70	0.00	0.00	6.52	82.74	88.85	0.00	39	0	42	0.00	0.00	64.60	7.51	0.00	0.00	2000
229	11.25	2039	2096	0.00	200	0	0	0	nan	0.00	0.00	6.64	82.16	88.75	0.00	39	0	42	0.00	0.00	64.87	7.71	0.00	0.00	2000
224	11.31	1998	2086	0.00	199	0	0	0	nan	0.00	0.04	4.63	83.69	88.69	0.00	38	0	42	0.00	0.00	62.24	7.41	0.00	0.00	2000
236	11.34	2046	2133	0.00	219	0	0	0	nan	0.00	0.07	2.10	88.12	88.66	0.00	38	0	42	0.00	0.00	66.76	7.91	0.00	0.00	2000
230	11.01	2087	2097	0.00	198	0	0	0	nan	0.00	1.96	3.27	83.83	88.99	0.00	38	0	42	0.00	0.00	67.29	7.89	0.00	0.00	2000
228	11.13	2062	2085	0.00	181	0	0	0	nan	0.00	0.00	5.85	82.61	88.87	0.00	39	0	42	0.00	0.00	58.96	6.97	0.00	0.00	2000
231	11.34	2051	2089	0.00	213	0	0	0	nan	0.00	0.04	5.41	82.91	88.66	0.00	39	0	42	0.00	0.00	66.27	7.84	0.00	0.00	2000
234	11.64	1985	2131	0.00	216	0	0	0	nan	0.00	0.00	7.07	82.82	88.36	0.00	38	0	42	0.00	0.00	68.15	8.15	0.00	0.00	2000
229	11.31	2057	2072	0.00	203	0	0	0	nan	0.00	0.02	6.51	81.22	88.69	0.00	38	0	41	0.00	0.00	62.12	7.32	0.00	0.00	2000
233	11.31	2031	2131	0.00	198	0	0	0	nan	0.00	0.00	5.77	84.40	88.69	0.00	38	0	42	0.00	0.00	66.25	7.90	0.00	0.00	2000
228	11.10	2069	2084	0.00	198	0	0	0	nan	0.00	0.02	5.06	83.36	88.90	0.00	39	0	42	0.00	0.00	63.61	7.52	0.00	0.00	2000
229	11.02	2073	2105	0.00	198	0	0	0	nan	0.00	0.04	4.68	84.64	88.98	0.00	38	0	42	0.00	0.00	64.78	7.46	0.00	0.00	2000
228	11.39	2056	2043	0.00	198	0	0	0	nan	0.00	0.00	4.42	81.88	88.61	0.00	38	0	42	0.00	0.00	62.41	7.31	0.00	0.00	2000
238	11.03	2092	2169	0.00	222	0	0	0	nan	0.00	0.08	5.12	86.83	88.97	0.00	39	0	42	0.00	0.00	69.52	8.22	0.00	0.00	2000
224	10.95	2047	2102	0.00	200	0	0	0	nan	0.01	0.04	4.48	84.71	89.05	0.00	40	0	42	0.00	0.00	65.35	7.56	0.00	0.00	2000
367	17.02	2302	1966	0.00	262	0	0	0	nan	0.00	0.01	3.92	73.89	82.98	0.00	38	0	42	0.00	0.00	58.98	7.00	0.00	0.00	2000
523	20.76	2360	2242	0.24	304	0	0	65	90.42	0.01	0.02	10.50	74.22	79.24	0.00	38	0	42	0.00	0.00	81.17	8.91	0.00	0.00	2000
236	11.23	2079	2120	0.09	205	0	0	0	nan	0.00	0.00	4.14	85.56	88.77	0.00	40	0	42	0.00	0.00	65.98	7.58	0.00	0.00	2000
229	10.97	2105	2084	0.00	204	0	0	0	nan	0.00	0.00	3.19	85.19	89.03	0.00	40	0	42	0.00	0.00	61.60	7.21	0.00	0.00	2000
230	11.28	2027	2110	0.00	204	0	0	0	nan	0.00	0.00	4.73	84.61	88.72	0.00	40	0	42	0.00	0.00	64.95	7.32	0.00	0.00	2000
229	10.90	2102	2102	0.00	204	0	0	0	nan	0.00	0.00	3.64	85.65	89.10	0.00	41	0	42	0.00	0.00	62.46	7.52	0.00	0.00	2000
226	10.86	2086	2091	0.00	188	0	0	0	nan	0.00	0.00	3.12	85.78	89.14	0.00	40	0	42	0.00	0.00	65.79	7.68	0.00	0.00	2000
234	11.11	2087	2118	0.00	213	0	0	0	nan	0.00	0.03	3.57	86.09	88.89	0.00	40	0	42	0.00	0.00	66.65	7.64	0.00	0.00	2000
225	11.15	2027	2096	0.00	202	0	0	0	nan	0.00	0.02	3.32	85.42	88.85	0.00	41	0	42	0.00	0.00	65.27	7.40	0.00	0.00	2000
226	11.02	2074	2079	0.00	203	0	0	0	nan	0.00	0.00	3.87	84.31	88.98	0.00	41	0	42	0.00	0.00	61.83	7.18	0.00	0.00	2000
226	11.13	2032	2098	0.00	204	0	0	0	nan	0.00	0.00	4.19	84.74	88.87	0.00	41	0	42	0.00	0.00	62.12	7.12	0.00	0.00	2000
227	11.26	2023	2097	0.00	203	0	0	0	nan	0.00	0.00	4.27	84.47	88.74	0.00	41	0	42	0.00	0.00	64.53	7.34	0.00	0.00	2000
230	11.38	2010	2112	0.00	214	0	0	0	nan	0.00	0.00	4.94	84.41	88.62	0.00	41	0	42	0.00	0.00	64.78	7.59	0.00	0.00	2000
226	11.19	2028	2089	0.00	203	0	0	0	nan	0.00	0.04	4.16	84.37	88.81	0.00	41	0	42	0.00	0.00	64.55	7.62	0.00	0.00	2000
229	11.07	2054	2119	0.00	203	0	0	0	nan	0.00	0.00	4.38	85.50	88.93	0.00	41	0	42	0.00	0.00	64.99	7.61	0.00	0.00	2000
231	10.98	2087	2115	0.00	187	0	0	0	nan	0.00	0.00	3.38	86.41	89.02	0.00	41	0	42	0.00	0.00	66.60	7.96	0.00	0.00	2000
230	11.18	2057	2098	0.00	204	0	0	0	nan	0.00	0.02	3.68	85.21	88.82	0.00	40	0	42	0.00	0.00	65.99	7.80	0.00	0.00	2000
226	10.76	2139	2065	0.00	203	0	0	0	nan	0.01	0.00	3.01	84.90	89.24	0.00	40	0	42	0.00	0.00	65.66	7.91	0.00	0.00	2000
147	9.33	1574	2102	0.15	210	0	0	2	83.51	0.00	0.02	4.87	86.04	90.67	0.00	38	0	42	0.00	0.00	59.46	7.53	0.00	0.00	2000
78	7.43	1039	2121	0.24	196	0	0	2	93.69	0.00	0.02	7.04	86.62	92.57	0.00	37	0	42	0.00	0.00	58.97	7.74	0.00	0.00	2000
224	10.89	2060	2093	0.00	207	0	0	0	nan	0.00	0.02	4.35	84.59	89.11	0.00	41	0	42	0.00	0.00	63.97	7.57	0.00	0.00	2000
231	11.18	2051	2115	0.00	244	0	0	0	nan	0.00	0.02	5.79	83.86	88.82	0.00	41	0	42	0.00	0.00	63.13	7.45	0.00	0.00	2000
234	11.49	2042	2097	0.00	212	0	0	0	nan	0.00	0.01	4.11	84.45	88.51	0.00	41	0	42	0.00	0.00	64.52	7.69	0.00	0.00	2000
81	7.25	1121	2091	0.00	203	0	0	0	nan	0.00	0.00	6.71	85.84	92.75	0.00	38	0	42	0.00	0.00	59.98	7.63	0.00	0.00	2000
118	8.26	1427	2103	0.00	208	0	0	0	nan	0.00	0.00	7.40	84.62	91.74	0.00	39	0	42	0.00	0.00	59.49	7.42	0.00	0.00	2000
231	11.13	2070	2106	0.00	204	0	0	0	nan	0.00	0.00	4.55	84.71	88.87	0.00	40	0	42	0.00	0.00	64.82	7.71	0.00	0.00	2000
230	11.08	2070	2108	0.00	212	0	0	0	nan	0.00	0.05	4.68	84.75	88.92	0.00	40	0	42	0.00	0.00	65.03	7.67	0.00	0.00	2000
229	11.11	2075	2087	0.00	213	0	0	0	nan	0.00	0.00	3.56	84.97	88.89	0.00	41	0	42	0.00	0.00	63.93	7.51	0.00	0.00	2000
225	11.07	2039	2093	0.00	202	0	0	0	nan	0.00	0.00	3.59	85.26	88.93	0.00	41	0	42	0.00	0.00	63.84	7.57	0.00	0.00	2000
230	10.92	2097	2111	0.00	219	0	0	0	nan	0.00	0.02	3.77	85.92	89.08	0.00	41	0	42	0.00	0.00	65.28	7.71	0.00	0.00	2000
229	11.14	2042	2111	0.00	203	0	0	0	nan	0.00	0.02	3.18	86.37	88.86	0.00	41	0	42	0.00	0.00	64.91	7.79	0.00	0.00	2000
234	11.37	2068	2086	0.00	200	0	0	0	nan	0.00	0.19	6.38	81.65	88.63	0.00	38	0	42	0.00	0.00	66.47	7.91	0.00	0.00	2000
224	12.99	2034	1780	0.00	203	0	0	0	nan	0.00	0.00	5.02	68.87	87.01	0.00	38	0	42	0.00	0.00	50.43	6.23	0.00	0.00	2000
228	9.32	2084	2463	0.00	236	0	0	0	nan	0.00	1.99	8.83	95.77	90.68	0.00	38	0	42	0.00	0.00	82.44	9.28	0.00	0.00	2000
287	13.42	2137	2102	0.00	211	0	0	0	nan	0.00	0.04	4.32	82.51	86.58	0.00	38	0	42	0.00	0.00	66.01	7.68	0.00	0.00	2000
112	7.63	1452	2120	0.21	214	0	0	2	53.26	0.00	0.02	9.92	83.19	92.37	0.00	37	0	42	0.00	0.00	60.83	7.67	0.00	0.00	2000
96	7.42	1286	2102	0.25	129	0	0	0	nan	0.00	0.03	6.82	85.96	92.58	0.00	37	0	42	0.00	0.00	55.48	7.26	0.00	0.00	2000
