Avg_MHz	Busy%	Bzy_MHz	TSC_MHz	IPC	IRQ	NMI	SMI	LLCMRPS	LLC%hit	POLL%	C1%	C1E%	C6%	CPU%c1	CPU%c6	CoreTmp	CoreThr	PkgTmp	Pkg%pc2	Pkg%pc6	PkgWatt	RAMWatt	PKG_%	RAM_%	UncMHz
411	19.05	2091	2165	0.00	226	0	0	0	nan	0.00	0.71	40.73	42.24	80.95	0.00	38	0	42	0.00	0.00	71.15	8.40	0.00	0.00	2000
367	17.27	2141	2085	0.00	207	0	0	0	nan	0.04	1.79	16.42	64.15	82.73	0.00	37	0	42	0.00	0.00	64.92	7.71	0.00	0.00	2000
78	6.92	1116	2132	0.00	210	0	0	0	nan	0.00	0.02	4.68	89.84	93.08	0.00	37	0	42	0.00	0.00	59.94	7.79	0.00	0.00	2000
73	6.39	1151	2093	0.00	177	0	0	0	nan	0.00	0.00	3.78	89.48	93.61	0.00	37	0	42	0.00	0.00	57.47	7.32	0.00	0.00	2000
75	6.67	1121	2101	0.00	194	0	0	0	nan	0.00	0.02	3.32	90.05	93.33	0.00	37	0	42	0.00	0.00	58.94	7.66	0.00	0.00	2000
72	6.73	1074	2091	0.00	194	0	0	0	nan	0.00	0.00	2.91	90.10	93.27	0.00	37	0	43	0.00	0.00	55.19	7.40	0.00	0.00	2000
71	6.81	1055	2090	0.00	210	0	0	0	nan	0.00	0.06	2.96	89.80	93.19	0.00	37	0	42	0.00	0.00	60.90	7.41	0.00	0.00	2000
74	6.47	1128	2135	0.00	194	0	0	0	nan	0.00	0.00	3.66	91.42	93.53	0.00	37	0	42	0.00	0.00	59.65	7.52	0.00	0.00	2000
74	6.43	1149	2095	0.00	193	0	0	0	nan	0.00	0.00	2.80	90.62	93.57	0.00	37	0	42	0.00	0.00	56.23	7.72	0.00	0.00	2000
73	6.49	1126	2104	0.00	193	0	0	0	nan	0.00	0.02	2.97	90.70	93.51	0.00	37	0	42	0.00	0.00	58.06	7.60	0.00	0.00	2000
74	6.94	1066	2095	0.00	197	0	0	0	nan	0.00	0.00	5.30	87.67	93.06	0.00	37	0	42	0.00	0.00	57.56	7.54	0.00	0.00	2000
72	6.82	1056	2102	0.00	195	0	0	0	nan	0.00	0.00	3.50	89.98	93.18	0.00	36	0	42	0.00	0.00	58.19	7.80	0.00	0.00	2000
72	6.83	1063	2094	0.00	194	0	0	0	nan	0.00	0.02	3.35	89.57	93.17	0.00	37	0	42	0.00	0.00	59.50	7.65	0.00	0.00	2000
75	6.88	1087	2110	0.00	196	0	0	0	nan	0.00	0.00	3.78	89.87	93.12	0.00	37	0	42	0.00	0.00	57.52	7.44	0.00	0.00	2000
72	6.78	1070	2071	0.00	195	0	0	0	nan	0.00	0.02	3.80	88.19	93.22	0.00	37	0	42	0.00	0.00	58.55	7.46	0.00	0.00	2000
72	6.65	1074	2123	0.00	193	0	0	0	90.55	0.00	0.02	2.51	91.93	93.35	0.00	37	0	42	0.00	0.00	58.57	7.68	0.00	0.00	2000
73	7.14	1022	2103	0.30	193	0	0	1	83.26	0.00	0.00	2.69	90.48	92.86	0.00	37	0	42	0.00	0.00	57.34	7.40	0.00	0.00	2000
72	6.72	1075	2094	0.07	193	0	0	0	nan	0.00	0.02	2.77	90.30	93.28	0.00	37	0	42	0.00	0.00	58.59	7.63	0.00	0.00	2000
210	11.11	1914	2074	0.00	204	0	0	0	nan	0.01	0.82	4.96	82.27	88.89	0.00	37	0	42	0.00	0.00	63.27	7.54	0.00	0.00	2000
230	11.26	2046	2102	0.00	199	0	0	0	nan	0.00	0.01	5.06	83.89	88.74	0.00	38	0	42	0.00	0.00	65.00	7.73	0.00	0.00	2000
232	10.92	2111	2115	0.00	198	0	0	0	nan	0.00	0.03	3.02	86.71	89.08	0.00	38	0	42	0.00	0.00	64.94	7.68	0.00	0.00	2000
228	11.19	2058	2080	0.00	197	0	0	0	nan	0.00	0.99	4.63	82.55	88.81	0.00	38	0	42	0.00	0.00	64.38	7.57	0.00	0.00	2000
229	11.29	1996	2134	0.00	202	0	0	0	nan	0.00	0.00	4.17	86.19	88.71	0.00	38	0	42	0.00	0.00	65.18	7.63	0.00	0.00	2000
235	11.50	2037	2105	0.00	204	0	0	0	nan	0.00	0.01	3.14	85.63	88.50	0.00	39	0	42	0.00	0.00	66.73	7.88	0.00	0.00	2000
237	12.27	1938	2096	0.00	221	0	0	0	nan	0.00	0.01	7.01	80.77	87.73	0.00	38	0	42	0.00	0.00	64.86	7.71	0.00	0.00	2000
227	11.24	2042	2077	0.00	199	0	0	0	nan	0.00	0.00	6.45	81.38	88.76	0.00	37	0	43	0.00	0.00	64.46	7.63	0.00	0.00	2000
230	11.26	2054	2092	0.00	199	0	0	0	nan	0.00	0.05	4.75	83.76	88.74	0.00	37	0	42	0.00	0.00	65.39	7.86	0.00	0.00	2000
233	11.13	2063	2131	0.00	198	0	0	0	nan	0.00	0.03	4.82	85.43	88.87	0.00	38	0	42	0.00	0.00	65.15	7.52	0.00	0.00	2000
229	11.11	2066	2094	0.00	215	0	0	0	nan	0.00	0.01	3.26	85.58	88.89	0.00	38	0	42	0.00	0.00	67.14	7.74	0.00	0.00	2000
233	11.40	2038	2103	0.00	200	0	0	0	nan	0.00	0.02	5.59	83.26	88.60	0.00	38	0	42	0.00	0.00	64.08	7.43	0.00	0.00	2000
229	11.13	2051	2102	0.00	198	0	0	0	nan	0.00	0.06	4.29	84.82	88.87	0.00	38	0	42	0.00	0.00	64.19	7.58	0.00	0.00	2000
232	11.15	2068	2109	0.00	199	0	0	0	nan	0.00	0.09	3.16	86.18	88.85	0.00	38	0	42	0.00	0.00	65.14	7.50	0.00	0.00	2000
228	11.10	2066	2089	0.00	197	0	0	0	nan	0.00	1.01	5.30	82.35	88.90	0.00	38	0	42	0.00	0.00	65.30	7.77	0.00	0.00	2000
229	11.55	1991	2090	0.47	198	0	0	18	64.41	0.00	0.01	5.15	83.06	88.45	0.00	37	0	42	0.00	0.00	58.95	7.01	0.00	0.00	2000
234	11.18	2075	2115	0.00	235	0	0	0	nan	0.00	0.00	6.59	82.98	88.82	0.00	39	0	42	0.00	0.00	72.54	8.46	0.00	0.00	2000
237	11.83	2078	2028	0.00	206	0	0	0	nan	0.00	0.02	3.76	81.41	88.17	0.00	38	0	42	0.00	0.00	63.67	7.21	0.00	0.00	2000
221	11.01	1985	2119	0.00	215	0	0	0	nan	0.00	0.02	5.36	84.65	88.99	0.00	37	0	42	0.00	0.00	64.46	7.94	0.00	0.00	2000
239	11.70	2039	2101	0.00	205	0	0	0	nan	0.00	0.05	5.95	82.51	88.30	0.00	37	0	42	0.00	0.00	62.49	7.31	0.00	0.00	2000
130	8.95	1422	2147	0.00	250	0	0	0	nan	0.00	0.00	13.33	79.85	91.05	0.00	37	0	42	0.00	0.00	65.38	8.24	0.00	0.00	2000
195	10.50	1789	2178	0.00	33	0	0	0	nan	0.00	0.19	29.93	62.90	89.50	0.00	37	0	42	0.00	0.00	63.24	7.25	0.00	0.00	2000
