Avg_MHz	Busy%	Bzy_MHz	TSC_MHz	IPC	IRQ	NMI	SMI	LLCMRPS	LLC%hit	POLL%	C1%	C1E%	C6%	CPU%c1	CPU%c6	CoreTmp	CoreThr	PkgTmp	Pkg%pc2	Pkg%pc6	PkgWatt	RAMWatt	PKG_%	RAM_%	UncMHz
321	17.47	1947	1982	0.00	219	0	0	0	nan	0.00	0.06	28.61	49.19	82.53	0.00	37	0	42	0.00	0.00	61.07	7.35	0.00	0.00	2000
404	16.69	2230	2278	0.00	226	0	0	0	nan	0.01	2.34	19.17	69.16	83.31	0.00	38	0	42	0.00	0.00	73.71	8.28	0.00	0.00	2000
77	7.04	1099	2103	0.00	210	0	0	0	nan	0.00	0.00	12.97	80.16	92.96	0.00	37	0	42	0.00	0.00	58.41	7.48	0.00	0.00	2000
73	6.97	1043	2103	0.00	196	0	0	0	nan	0.00	0.00	5.65	87.65	93.03	0.00	36	0	42	0.00	0.00	57.93	7.31	0.00	0.00	2000
74	6.75	1091	2102	0.00	194	0	0	0	nan	0.00	0.00	4.13	89.32	93.25	0.00	36	0	42	0.00	0.00	58.63	7.35	0.00	0.00	2000
73	6.55	1117	2109	0.00	194	0	0	0	nan	0.00	0.00	3.90	89.99	93.45	0.00	37	0	42	0.00	0.00	58.47	7.49	0.00	0.00	2000
73	6.89	1053	2103	0.00	194	0	0	0	nan	0.02	0.00	3.67	89.69	93.11	0.00	37	0	42	0.00	0.00	57.07	7.28	0.00	0.00	2000
72	6.68	1073	2098	0.00	193	0	0	0	nan	0.00	0.00	3.34	89.85	93.32	0.00	37	0	42	0.00	0.00	62.78	7.93	0.00	0.00	2000
73	6.70	1085	2104	0.00	193	0	0	0	nan	0.00	0.00	2.79	90.67	93.30	0.00	37	0	42	0.00	0.00	58.58	7.14	0.00	0.00	2000
73	6.38	1145	2086	0.00	194	0	0	0	nan	0.00	0.02	3.07	89.83	93.62	0.00	36	0	42	0.00	0.00	54.32	7.22	0.00	0.00	2000
74	6.47	1137	2112	0.00	194	0	0	0	nan	0.00	0.00	4.11	89.87	93.53	0.00	37	0	42	0.00	0.00	58.12	7.44	0.00	0.00	2000
73	6.38	1148	2092	0.00	193	0	0	0	nan	0.00	0.03	3.95	89.26	93.62	0.00	37	0	42	0.00	0.00	58.70	7.41	0.00	0.00	2000
80	6.56	1224	2092	0.00	196	0	0	0	nan	0.00	0.00	4.76	88.30	93.44	0.00	37	0	42	0.00	0.00	58.76	7.47	0.00	0.00	2000
72	6.50	1108	2107	0.00	194	0	0	0	nan	0.00	0.00	4.06	89.78	93.50	0.00	37	0	42	0.00	0.00	58.43	7.44	0.00	0.00	2000
73	6.38	1147	2102	0.00	194	0	0	0	nan	0.00	0.00	3.92	89.80	93.62	0.00	37	0	42	0.00	0.00	58.97	7.40	0.00	0.00	2000
72	6.30	1143	2098	0.00	177	0	0	0	88.89	0.01	0.00	3.21	90.37	93.70	0.00	37	0	42	0.00	0.00	59.42	7.59	0.00	0.00	2000
75	6.43	1154	2111	0.31	195	0	0	1	85.67	0.00	0.00	2.71	91.40	93.57	0.00	37	0	42	0.00	0.00	59.49	7.58	0.00	0.00	2000
73	6.33	1161	2095	0.09	193	0	0	0	nan	0.00	0.02	3.64	89.75	93.67	0.00	37	0	42	0.00	0.00	53.75	6.89	0.00	0.00	2000
124	8.38	1485	2095	0.00	219	0	0	0	nan	0.00	0.00	4.74	86.65	91.62	0.00	37	0	42	0.00	0.00	63.76	7.81	0.00	0.00	2000
229	11.03	2076	2096	0.00	201	0	0	0	nan	0.00	0.00	2.87	86.01	88.97	0.00	39	0	42	0.00	0.00	63.36	7.30	0.00	0.00	2000
233	10.91	2118	2116	0.00	203	0	0	0	nan	0.00	0.00	2.60	87.17	89.09	0.00	39	0	42	0.00	0.00	65.04	7.49	0.00	0.00	2000
229	10.67	2153	2097	0.00	203	0	0	0	nan	0.00	0.00	3.56	85.73	89.33	0.00	40	0	42	0.00	0.00	63.88	7.13	0.00	0.00	2000
227	10.87	2134	2059	0.00	203	0	0	0	nan	0.00	0.00	4.08	83.39	89.13	0.00	40	0	42	0.00	0.00	59.12	6.77	0.00	0.00	2000
235	11.06	2074	2152	0.00	236	0	0	0	nan	0.00	0.00	7.45	83.68	88.94	0.00	38	0	42	0.00	0.00	74.72	8.73	0.00	0.00	2000
229	11.20	2061	2086	0.00	198	0	0	0	nan	0.00	0.00	4.93	83.27	88.80	0.00	38	0	42	0.00	0.00	63.19	7.29	0.00	0.00	2000
236	11.37	2069	2107	0.00	198	0	0	0	nan	0.00	0.00	5.11	83.84	88.63	0.00	37	0	42	0.00	0.00	66.03	7.59	0.00	0.00	2000
232	10.87	2142	2091	0.00	196	0	0	0	nan	0.00	0.01	5.48	83.30	89.13	0.00	38	0	42	0.00	0.00	66.84	7.86	0.00	0.00	2000
234	11.01	2118	2105	0.00	205	0	0	0	nan	0.00	0.00	6.94	82.36	88.99	0.00	39	0	42	0.00	0.00	66.46	7.61	0.00	0.00	2000
227	10.78	2134	2073	0.00	196	0	0	0	nan	0.00	0.00	5.41	82.67	89.22	0.00	38	0	42	0.00	0.00	63.13	7.23	0.00	0.00	2000
233	11.28	2032	2131	0.00	198	0	0	0	nan	0.00	0.00	7.10	82.94	88.72	0.00	39	0	42	0.00	0.00	64.71	7.71	0.00	0.00	2000
229	11.13	2082	2079	0.00	200	0	0	0	nan	0.00	0.00	5.21	82.83	88.87	0.00	39	0	42	0.00	0.00	64.28	7.40	0.00	0.00	2000
226	11.08	2048	2093	0.00	199	0	0	0	nan	0.00	0.00	5.59	83.25	88.92	0.00	39	0	42	0.00	0.00	64.56	7.37	0.00	0.00	2000
239	11.11	2125	2124	0.00	200	0	0	0	93.97	0.00	0.00	5.31	84.66	88.89	0.00	39	0	42	0.00	0.00	65.48	7.51	0.00	0.00	2000
228	11.49	1976	2105	0.87	197	0	0	17	94.29	0.00	0.00	5.73	83.20	88.51	0.00	39	0	42	0.00	0.00	64.56	7.57	0.00	0.00	2000
228	10.80	2123	2088	0.06	198	0	0	0	nan	0.00	0.05	4.00	84.75	89.20	0.00	40	0	42	0.00	0.00	65.24	7.37	0.00	0.00	2000
232	11.24	2057	2106	0.00	197	0	0	0	nan	0.00	0.00	6.49	82.59	88.76	0.00	40	0	42	0.00	0.00	65.40	7.45	0.00	0.00	2000
231	10.99	2098	2104	0.00	199	0	0	0	nan	0.00	0.00	6.47	82.85	89.01	0.00	37	0	42	0.00	0.00	63.48	7.28	0.00	0.00	2000
234	11.17	2088	2108	0.00	199	0	0	0	nan	0.00	0.00	6.41	82.90	88.83	0.00	38	0	42	0.00	0.00	65.76	7.63	0.00	0.00	2000
231	11.02	2093	2098	0.00	195	0	0	0	nan	0.00	0.00	5.92	83.00	88.98	0.00	38	0	42	0.00	0.00	65.21	7.60	0.00	0.00	2000
224	11.17	2039	2066	0.00	197	0	0	0	nan	0.00	0.02	5.25	82.16	88.83	0.00	38	0	42	0.00	0.00	62.65	7.37	0.00	0.00	2000
231	11.21	2045	2121	0.00	214	0	0	0	nan	0.00	0.00	4.66	85.06	88.79	0.00	38	0	42	0.00	0.00	68.80	8.02	0.00	0.00	2000
233	11.30	2050	2113	0.00	197	0	0	0	nan	0.00	0.00	5.53	83.79	88.70	0.00	38	0	42	0.00	0.00	61.44	7.69	0.00	0.00	2000
244	11.64	2121	2079	0.00	202	0	0	0	nan	0.00	0.02	5.31	82.27	88.36	0.00	38	0	42	0.00	0.00	66.45	7.34	0.00	0.00	2000
229	11.07	2073	2093	0.00	197	0	0	0	nan	0.00	0.02	5.08	83.65	88.93	0.00	38	0	42	0.00	0.00	63.98	7.35	0.00	0.00	2000
235	11.14	2087	2120	0.00	201	0	0	0	nan	0.00	0.02	4.00	85.69	88.86	0.00	38	0	42	0.00	0.00	65.26	7.63	0.00	0.00	2000
236	11.07	2115	2115	0.00	197	0	0	0	nan	0.00	0.54	2.99	86.08	88.93	0.00	38	0	42	0.00	0.00	66.67	7.67	0.00	0.00	2000
227	10.81	2146	2059	0.00	199	0	0	0	nan	0.00	0.00	6.08	81.43	89.19	0.00	38	0	42	0.00	0.00	60.15	7.00	0.00	0.00	2000
240	11.33	2081	2136	0.00	238	0	0	0	nan	0.00	0.07	6.36	83.91	88.67	0.00	38	0	42	0.00	0.00	70.03	8.07	0.00	0.00	2000
223	11.03	2059	2059	0.00	199	0	0	0	nan	0.00	0.00	5.04	82.28	88.97	0.00	39	0	42	0.00	0.00	63.36	7.48	0.00	0.00	2000
219	10.60	2097	2069	0.00	195	0	0	1	80.57	0.00	0.00	6.26	81.83	89.40	0.00	38	0	42	0.00	0.00	61.65	7.16	0.00	0.00	2000
227	10.72	2077	2144	0.28	215	0	0	17	57.93	0.00	0.01	5.34	85.90	89.28	0.00	38	0	42	0.00	0.00	68.68	8.05	0.00	0.00	2000
113	7.49	1501	2107	0.00	250	0	0	0	nan	0.00	0.04	5.92	86.91	92.51	0.00	37	0	42	0.00	0.00	60.02	7.54	0.00	0.00	2000
76	7.08	1072	2096	0.00	209	0	0	0	nan	0.01	0.02	3.62	89.09	92.92	0.00	37	0	42	0.00	0.00	58.39	7.44	0.00	0.00	2000
75	6.65	1117	2128	0.00	194	0	0	0	nan	0.00	0.03	4.01	90.37	93.35	0.00	37	0	42	0.00	0.00	61.36	7.53	0.00	0.00	2000
74	6.59	1116	2101	0.00	194	0	0	0	nan	0.00	0.00	3.52	89.98	93.41	0.00	37	0	42	0.00	0.00	57.18	7.40	0.00	0.00	2000
75	6.74	1110	2094	0.00	193	0	0	0	nan	0.00	0.00	4.10	88.89	93.26	0.00	37	0	42	0.00	0.00	60.81	7.65	0.00	0.00	2000
