Avg_MHz	Busy%	Bzy_MHz	TSC_MHz	IPC	IRQ	NMI	SMI	LLCMRPS	LLC%hit	POLL%	C1%	C1E%	C6%	CPU%c1	CPU%c6	CoreTmp	CoreThr	PkgTmp	Pkg%pc2	Pkg%pc6	PkgWatt	RAMWatt	PKG_%	RAM_%	UncMHz
329	16.25	1965	2162	0.00	225	0	0	0	nan	0.00	0.48	26.88	59.00	83.75	0.00	38	0	42	0.00	0.00	63.58	7.56	0.00	0.00	2000
313	15.98	1972	2088	0.00	211	0	0	0	nan	0.06	0.96	18.53	64.13	84.02	0.00	37	0	42	0.00	0.00	64.97	7.70	0.00	0.00	2000
78	6.89	1122	2130	0.00	194	0	0	0	nan	0.00	0.02	3.81	90.70	93.11	0.00	37	0	43	0.00	0.00	63.18	8.12	0.00	0.00	2000
73	6.95	1043	2105	0.00	194	0	0	0	nan	0.00	0.02	2.86	90.48	93.05	0.00	37	0	43	0.00	0.00	57.69	7.64	0.00	0.00	2000
74	6.53	1131	2093	0.00	194	0	0	0	nan	0.00	0.01	2.83	90.36	93.47	0.00	37	0	43	0.00	0.00	58.36	7.72	0.00	0.00	2000
72	6.53	1104	2104	0.00	193	0	0	0	nan	0.00	0.00	2.46	91.19	93.47	0.00	37	0	43	0.00	0.00	57.93	7.39	0.00	0.00	2000
74	6.64	1115	2103	0.00	194	0	0	0	nan	0.00	0.02	3.33	90.20	93.36	0.00	37	0	42	0.00	0.00	58.20	7.34	0.00	0.00	2000
75	6.95	1082	2100	0.00	193	0	0	0	nan	0.00	0.00	3.43	89.61	93.05	0.00	37	0	43	0.00	0.00	55.93	7.02	0.00	0.00	2000
71	6.55	1098	2064	0.00	195	0	0	0	nan	0.00	0.00	2.72	89.15	93.45	0.00	37	0	42	0.00	0.00	58.97	7.59	0.00	0.00	2000
72	6.94	1028	2134	0.00	194	0	0	0	nan	0.00	0.03	1.98	92.74	93.06	0.00	37	0	43	0.00	0.00	59.28	7.35	0.00	0.00	2000
73	6.60	1105	2099	0.00	193	0	0	0	nan	0.00	0.00	3.10	90.23	93.40	0.00	37	0	42	0.00	0.00	55.75	7.20	0.00	0.00	2000
79	6.60	1203	2080	0.00	195	0	0	0	nan	0.00	0.00	3.60	88.79	93.40	0.00	37	0	43	0.00	0.00	57.68	7.20	0.00	0.00	2000
73	7.11	1014	2126	0.00	193	0	0	0	nan	0.00	0.04	2.27	91.88	92.89	0.00	37	0	42	0.00	0.00	59.97	7.78	0.00	0.00	2000
72	6.34	1144	2076	0.00	193	0	0	0	nan	0.00	0.02	2.91	89.67	93.66	0.00	37	0	43	0.00	0.00	53.53	6.97	0.00	0.00	2000
74	6.69	1096	2124	0.00	196	0	0	0	nan	0.00	0.00	2.19	92.21	93.31	0.00	37	0	42	0.00	0.00	61.55	7.83	0.00	0.00	2000
71	6.77	1050	2097	0.00	194	0	0	0	93.33	0.00	0.00	2.64	90.58	93.23	0.00	37	0	43	0.00	0.00	58.07	7.49	0.00	0.00	2000
74	7.00	1064	2100	0.30	197	0	0	1	77.62	0.00	0.02	4.06	89.04	93.00	0.00	37	0	43	0.00	0.00	60.01	7.76	0.00	0.00	2000
72	6.77	1063	2106	0.14	194	0	0	0	nan	0.00	0.00	3.45	90.12	93.23	0.00	37	0	42	0.00	0.00	58.24	7.21	0.00	0.00	2000
183	10.32	1786	2090	0.00	229	0	0	0	nan	0.00	0.00	8.00	81.40	89.68	0.00	38	0	42	0.00	0.00	61.59	7.71	0.00	0.00	2000
229	11.04	2073	2099	0.00	203	0	0	0	nan	0.00	0.00	3.77	85.28	88.96	0.00	40	0	42	0.00	0.00	60.45	6.85	0.00	0.00	2000
232	11.03	2105	2104	0.00	213	0	0	0	nan	0.01	0.00	2.86	86.40	88.97	0.00	40	0	42	0.00	0.00	69.16	7.95	0.00	0.00	2000
224	10.98	2069	2072	0.00	203	0	0	0	nan	0.00	0.02	3.37	84.60	89.02	0.00	40	0	43	0.00	0.00	62.42	7.22	0.00	0.00	2000
234	11.12	2105	2102	0.00	199	0	0	0	nan	0.00	0.00	4.83	84.23	88.88	0.00	38	0	42	0.00	0.00	64.47	7.26	0.00	0.00	2000
231	10.85	2118	2114	0.00	214	0	0	0	nan	0.00	0.08	4.02	85.78	89.15	0.00	39	0	43	0.00	0.00	66.96	8.39	0.00	0.00	2000
228	11.79	2018	2013	0.00	198	0	0	0	nan	0.00	0.03	4.00	80.66	88.21	0.00	38	0	43	0.00	0.00	60.42	7.07	0.00	0.00	2000
235	10.94	2045	2210	0.00	238	0	0	0	nan	0.00	0.00	5.63	88.25	89.06	0.00	37	0	43	0.00	0.00	72.11	8.49	0.00	0.00	2000
234	11.24	2072	2107	0.00	200	0	0	0	nan	0.00	0.00	5.94	83.19	88.76	0.00	37	0	42	0.00	0.00	64.31	7.69	0.00	0.00	2000
224	11.10	2046	2067	0.00	197	0	0	0	nan	0.00	0.00	4.95	82.54	88.90	0.00	38	0	43	0.00	0.00	64.27	7.52	0.00	0.00	2000
236	11.24	2063	2138	0.00	198	0	0	0	nan	0.00	0.00	3.98	86.43	88.76	0.00	38	0	43	0.00	0.00	65.15	7.44	0.00	0.00	2000
230	11.13	2077	2091	0.00	201	0	0	0	nan	0.00	0.00	4.75	83.85	88.87	0.00	38	0	43	0.00	0.00	65.08	7.47	0.00	0.00	2000
229	10.53	2195	2080	0.00	199	0	0	0	nan	0.00	0.00	5.50	83.02	89.47	0.00	38	0	43	0.00	0.00	64.79	7.34	0.00	0.00	2000
232	10.96	2103	2116	0.00	198	0	0	0	nan	0.00	0.00	3.97	85.83	89.04	0.00	38	0	42	0.00	0.00	65.67	7.49	0.00	0.00	2000
229	11.10	2068	2100	0.00	198	0	0	1	89.83	0.00	0.02	4.79	84.15	88.90	0.00	38	0	43	0.00	0.00	65.30	7.51	0.00	0.00	2000
229	10.94	2089	2105	0.75	198	0	0	19	97.44	0.00	0.00	4.58	84.73	89.06	0.00	39	0	43	0.00	0.00	64.94	7.28	0.00	0.00	2000
232	11.26	2094	2067	0.02	199	0	0	0	nan	0.00	0.01	5.66	81.76	88.74	0.00	38	0	42	0.00	0.00	62.07	7.15	0.00	0.00	2000
230	10.74	2106	2133	0.00	222	0	0	0	nan	0.00	0.03	5.69	85.05	89.26	0.00	39	0	42	0.00	0.00	67.49	7.73	0.00	0.00	2000
228	11.36	2046	2065	0.00	201	0	0	0	nan	0.00	0.00	4.98	82.22	88.64	0.00	39	0	42	0.00	0.00	64.21	7.40	0.00	0.00	2000
233	11.29	2023	2140	0.00	216	0	0	0	nan	0.00	0.04	4.90	85.70	88.71	0.00	39	0	42	0.00	0.00	68.45	7.70	0.00	0.00	2000
231	11.29	2060	2085	0.00	198	0	0	0	nan	0.00	0.00	5.17	83.07	88.71	0.00	39	0	42	0.00	0.00	62.40	7.22	0.00	0.00	2000
244	12.06	2055	2070	0.00	196	0	0	0	nan	0.00	0.00	5.70	81.12	87.94	0.00	39	0	42	0.00	0.00	63.72	7.24	0.00	0.00	2000
233	10.99	2115	2101	0.00	195	0	0	0	nan	0.00	0.00	2.56	86.53	89.01	0.00	38	0	42	0.00	0.00	63.54	7.33	0.00	0.00	2000
231	10.94	2071	2145	0.00	210	0	0	0	nan	0.00	0.02	3.50	87.51	89.06	0.00	38	0	42	0.00	0.00	67.92	8.03	0.00	0.00	2000
230	11.20	2051	2101	0.00	193	0	0	0	nan	0.00	0.02	3.38	85.55	88.80	0.00	38	0	43	0.00	0.00	64.72	7.35	0.00	0.00	2000
241	11.38	2131	2083	0.00	199	0	0	0	nan	0.00	0.01	4.36	83.60	88.62	0.00	37	0	42	0.00	0.00	64.40	7.41	0.00	0.00	2000
234	11.29	2083	2094	0.00	196	0	0	0	nan	0.00	0.00	3.63	84.87	88.71	0.00	39	0	43	0.00	0.00	66.02	8.04	0.00	0.00	2000
234	11.25	2070	2111	0.00	213	0	0	0	nan	0.00	0.00	5.01	84.27	88.75	0.00	39	0	42	0.00	0.00	64.87	7.90	0.00	0.00	2000
234	11.41	2042	2113	0.00	196	0	0	0	nan	0.00	0.00	3.94	85.20	88.59	0.00	39	0	42	0.00	0.00	65.74	7.80	0.00	0.00	2000
232	11.25	2068	2097	0.00	180	0	0	0	nan	0.00	0.00	3.81	84.93	88.75	0.00	39	0	43	0.00	0.00	63.51	7.73	0.00	0.00	2000
231	11.01	2112	2086	0.00	193	0	0	0	nan	0.00	0.02	2.44	86.01	88.99	0.00	39	0	42	0.00	0.00	64.46	7.77	0.00	0.00	2000
233	11.01	2097	2118	0.00	195	0	0	2	57.24	0.00	0.02	2.34	87.43	88.99	0.00	39	0	43	0.00	0.00	65.96	7.97	0.00	0.00	2000
231	11.29	2058	2093	0.59	195	0	0	4	56.47	0.00	0.01	3.03	85.47	88.71	0.00	39	0	42	0.00	0.00	63.92	7.73	0.00	0.00	2000
233	11.37	2045	2105	0.00	195	0	0	0	nan	0.00	0.00	3.13	85.69	88.63	0.00	40	0	42	0.00	0.00	63.00	7.47	0.00	0.00	2000
230	11.16	2068	2088	0.00	195	0	0	0	nan	0.00	0.01	3.53	84.85	88.84	0.00	40	0	43	0.00	0.00	64.75	7.55	0.00	0.00	2000
227	11.05	2059	2098	0.00	178	0	0	0	nan	0.00	0.02	4.08	84.87	88.95	0.00	40	0	42	0.00	0.00	64.30	7.37	0.00	0.00	2000
231	11.07	2073	2111	0.00	195	0	0	0	nan	0.00	0.00	4.24	85.23	88.93	0.00	40	0	42	0.00	0.00	64.22	7.56	0.00	0.00	2000
230	11.35	2044	2081	0.00	196	0	0	0	nan	0.00	0.00	3.91	84.03	88.65	0.00	40	0	42	0.00	0.00	64.20	7.22	0.00	0.00	2000
230	11.25	2054	2095	0.00	215	0	0	0	nan	0.01	0.00	5.31	83.29	88.75	0.00	40	0	42	0.00	0.00	61.60	7.43	0.00	0.00	2000
228	10.88	2074	2117	0.00	180	0	0	0	nan	0.00	0.01	5.05	84.91	89.12	0.00	40	0	43	0.00	0.00	64.36	7.40	0.00	0.00	2000
228	11.00	2064	2104	0.00	194	0	0	0	nan	0.00	0.00	3.59	85.55	89.00	0.00	40	0	42	0.00	0.00	64.54	7.44	0.00	0.00	2000
229	11.05	2066	2107	0.00	196	0	0	0	nan	0.00	0.01	3.45	85.88	88.95	0.00	40	0	42	0.00	0.00	66.71	7.80	0.00	0.00	2000
228	11.04	2077	2086	0.00	195	0	0	0	nan	0.00	0.00	3.79	84.61	88.96	0.00	40	0	42	0.00	0.00	58.81	7.00	0.00	0.00	2000
228	11.26	2044	2083	0.00	193	0	0	0	nan	0.00	0.02	4.20	83.92	88.74	0.00	40	0	43	0.00	0.00	66.88	7.22	0.00	0.00	2000
228	11.13	2031	2120	0.00	196	0	0	0	nan	0.00	0.00	3.67	86.13	88.87	0.00	40	0	42	0.00	0.00	63.76	7.25	0.00	0.00	2000
227	11.32	2026	2078	0.00	196	0	0	0	nan	0.00	0.01	3.50	84.23	88.68	0.00	40	0	42	0.00	0.00	64.02	7.52	0.00	0.00	2000
229	10.96	2074	2119	0.00	212	0	0	0	nan	0.00	0.00	5.16	84.78	89.04	0.00	40	0	43	0.00	0.00	64.83	7.41	0.00	0.00	2000
229	11.02	2089	2085	0.00	179	0	0	0	nan	0.00	0.00	3.80	84.64	88.98	0.00	40	0	42	0.00	0.00	63.92	7.47	0.00	0.00	2000
228	10.89	2080	2116	0.00	195	0	0	0	nan	0.00	0.00	4.33	85.58	89.11	0.00	40	0	42	0.00	0.00	63.81	7.53	0.00	0.00	2000
228	10.96	2082	2102	1.00	196	0	0	19	20.38	0.00	0.00	3.73	85.37	89.04	0.00	40	0	43	0.00	0.00	65.12	8.01	0.00	0.00	2000
232	11.00	2094	2112	0.15	211	0	0	0	nan	0.00	0.00	4.14	85.34	89.00	0.00	40	0	42	0.00	0.00	66.27	7.94	0.00	0.00	2000
228	11.23	2090	2038	0.00	179	0	0	0	nan	0.00	0.02	3.38	82.90	88.77	0.00	40	0	43	0.00	0.00	62.67	7.34	0.00	0.00	2000
227	10.94	2115	2061	0.00	211	0	0	0	nan	0.00	0.02	3.33	84.11	89.06	0.00	40	0	43	0.00	0.00	59.55	6.73	0.00	0.00	2000
230	10.88	2029	2192	0.00	194	0	0	0	nan	0.00	0.02	2.97	90.10	89.12	0.00	40	0	42	0.00	0.00	69.66	8.23	0.00	0.00	2000
230	11.30	2036	2103	0.00	196	0	0	0	nan	0.00	0.00	4.18	84.73	88.70	0.00	41	0	43	0.00	0.00	64.43	7.44	0.00	0.00	2000
228	11.29	2023	2094	0.00	194	0	0	0	nan	0.00	0.02	3.98	84.56	88.71	0.00	41	0	42	0.00	0.00	64.23	7.47	0.00	0.00	2000
228	11.38	2019	2085	0.00	195	0	0	0	nan	0.00	0.00	3.97	84.13	88.62	0.00	41	0	43	0.00	0.00	64.18	7.44	0.00	0.00	2000
229	11.00	2079	2103	0.00	196	0	0	0	nan	0.00	0.02	5.14	84.03	89.00	0.00	41	0	43	0.00	0.00	64.48	7.30	0.00	0.00	2000
229	11.25	2038	2100	0.00	196	0	0	0	nan	0.00	0.00	5.16	83.63	88.75	0.00	41	0	43	0.00	0.00	61.29	7.46	0.00	0.00	2000
229	10.88	2105	2094	0.00	199	0	0	0	nan	0.00	0.02	4.76	84.14	89.12	0.00	40	0	42	0.00	0.00	67.22	7.37	0.00	0.00	2000
230	10.82	2091	2131	0.00	211	0	0	0	nan	0.00	0.00	4.75	85.83	89.18	0.00	41	0	42	0.00	0.00	64.44	7.46	0.00	0.00	2000
228	11.10	2088	2064	0.00	179	0	0	0	nan	0.00	0.02	3.74	83.74	88.90	0.00	41	0	42	0.00	0.00	64.35	7.37	0.00	0.00	2000
231	11.03	2079	2119	0.00	196	0	0	0	nan	0.00	0.00	4.96	84.87	88.97	0.00	41	0	43	0.00	0.00	65.05	7.43	0.00	0.00	2000
227	10.79	2103	2099	0.00	195	0	0	0	nan	0.00	0.02	3.92	85.28	89.21	0.00	40	0	42	0.00	0.00	64.18	7.39	0.00	0.00	2000
227	11.36	2014	2089	0.00	194	0	0	0	nan	0.00	0.00	3.81	84.41	88.64	0.00	41	0	42	0.00	0.00	64.01	7.36	0.00	0.00	2000
227	11.13	2028	2116	0.00	194	0	0	0	nan	0.00	0.02	4.79	84.88	88.87	0.00	41	0	42	0.00	0.00	64.08	7.37	0.00	0.00	2000
228	11.21	2052	2085	0.84	194	0	0	3	73.74	0.00	0.00	3.62	84.54	88.79	0.00	41	0	42	0.00	0.00	64.31	7.38	0.00	0.00	2000
230	11.26	2047	2098	0.30	195	0	0	0	nan	0.00	0.00	4.64	84.08	88.74	0.00	41	0	43	0.00	0.00	64.41	7.33	0.00	0.00	2000
230	11.20	2026	2131	0.00	211	0	0	0	nan	0.00	0.00	4.78	85.47	88.80	0.00	41	0	42	0.00	0.00	64.45	7.24	0.00	0.00	2000
227	11.15	2048	2092	0.00	179	0	0	0	nan	0.00	0.00	4.18	84.42	88.85	0.00	41	0	42	0.00	0.00	62.08	7.40	0.00	0.00	2000
229	11.31	2043	2081	0.00	196	0	0	0	nan	0.00	0.02	3.34	84.58	88.69	0.00	40	0	42	0.00	0.00	66.56	7.44	0.00	0.00	2000
230	11.21	2052	2096	0.00	195	0	0	0	nan	0.00	0.00	4.61	84.12	88.79	0.00	40	0	42	0.00	0.00	64.40	7.57	0.00	0.00	2000
230	11.33	2003	2129	0.00	196	0	0	0	nan	0.00	0.00	4.74	85.33	88.67	0.00	40	0	43	0.00	0.00	64.26	7.43	0.00	0.00	2000
227	11.23	2029	2091	0.00	196	0	0	0	nan	0.00	0.02	3.72	84.77	88.77	0.00	41	0	42	0.00	0.00	63.99	7.49	0.00	0.00	2000
229	11.16	2045	2109	0.00	194	0	0	0	nan	0.00	0.00	3.73	85.60	88.84	0.00	40	0	43	0.00	0.00	64.18	7.51	0.00	0.00	2000
227	11.01	2072	2089	0.00	196	0	0	0	nan	0.00	0.02	3.55	85.11	88.99	0.00	41	0	42	0.00	0.00	64.15	7.41	0.00	0.00	2000
234	11.30	2073	2101	0.00	197	0	0	0	nan	0.00	0.00	3.72	85.11	88.70	0.00	40	0	42	0.00	0.00	65.60	7.42	0.00	0.00	2000
227	11.03	2055	2106	0.00	194	0	0	0	nan	0.00	0.00	4.12	85.25	88.97	0.00	41	0	42	0.00	0.00	63.81	7.43	0.00	0.00	2000
230	11.25	2040	2105	0.00	195	0	0	0	nan	0.00	0.00	3.57	85.47	88.75	0.00	40	0	42	0.00	0.00	64.18	7.44	0.00	0.00	2000
228	11.10	2068	2089	0.00	197	0	0	0	nan	0.00	0.00	4.12	84.34	88.90	0.00	40	0	43	0.00	0.00	64.36	7.25	0.00	0.00	2000
229	11.49	2005	2089	0.00	196	0	0	0	nan	0.00	0.00	3.81	84.30	88.51	0.00	41	0	42	0.00	0.00	64.09	7.38	0.00	0.00	2000
227	10.85	2078	2113	0.00	195	0	0	0	nan	0.00	0.00	4.24	85.58	89.15	0.00	40	0	43	0.00	0.00	64.10	7.36	0.00	0.00	2000
229	11.04	2066	2104	0.00	195	0	0	0	nan	0.00	0.00	3.68	85.55	88.96	0.00	40	0	43	0.00	0.00	63.88	7.47	0.00	0.00	2000
231	11.06	2090	2099	0.42	196	0	0	4	82.24	0.01	0.01	3.89	85.03	88.94	0.00	40	0	43	0.00	0.00	64.42	7.42	0.00	0.00	2000
229	11.29	2043	2084	0.39	194	0	0	0	85.94	0.00	0.00	3.62	84.46	88.71	0.00	41	0	42	0.00	0.00	64.13	7.50	0.00	0.00	2000
229	10.89	2089	2111	0.00	195	0	0	0	nan	0.00	0.01	4.47	85.20	89.11	0.00	40	0	43	0.00	0.00	64.04	7.33	0.00	0.00	2000
228	11.31	2005	2108	0.00	194	0	0	0	nan	0.00	0.00	3.78	85.36	88.69	0.00	40	0	42	0.00	0.00	64.79	7.62	0.00	0.00	2000
227	11.22	2032	2087	0.00	196	0	0	0	nan	0.00	0.00	3.20	85.11	88.78	0.00	40	0	43	0.00	0.00	63.69	7.21	0.00	0.00	2000
230	11.48	1991	2114	0.00	212	0	0	0	nan	0.00	0.00	4.27	84.93	88.52	0.00	40	0	43	0.00	0.00	64.14	7.49	0.00	0.00	2000
228	10.97	2076	2104	0.00	179	0	0	0	nan	0.00	0.01	3.86	85.44	89.03	0.00	40	0	42	0.00	0.00	64.43	7.45	0.00	0.00	2000
227	11.11	2081	2065	0.00	195	0	0	0	nan	0.00	0.01	2.89	84.43	88.89	0.00	40	0	42	0.00	0.00	60.65	7.22	0.00	0.00	2000
228	10.87	2071	2124	0.00	194	0	0	0	nan	0.01	0.00	4.50	85.75	89.13	0.00	41	0	42	0.00	0.00	67.42	7.75	0.00	0.00	2000
228	11.08	2077	2082	0.00	196	0	0	0	nan	0.00	0.00	3.89	84.33	88.92	0.00	41	0	43	0.00	0.00	60.92	7.02	0.00	0.00	2000
230	11.12	2063	2109	0.00	195	0	0	0	nan	0.00	0.00	4.96	84.36	88.88	0.00	41	0	42	0.00	0.00	65.25	7.72	0.00	0.00	2000
229	11.00	2078	2107	0.00	195	0	0	0	nan	0.00	0.02	3.84	85.56	89.00	0.00	41	0	42	0.00	0.00	66.80	7.67	0.00	0.00	2000
228	10.83	2091	2118	0.00	194	0	0	0	nan	0.00	0.02	3.46	86.55	89.17	0.00	41	0	42	0.00	0.00	65.38	7.56	0.00	0.00	2000
231	10.95	2107	2102	0.00	195	0	0	0	nan	0.00	0.00	3.15	86.07	89.05	0.00	40	0	43	0.00	0.00	63.00	7.55	0.00	0.00	2000
228	11.07	2069	2095	0.00	194	0	0	0	nan	0.00	0.00	3.40	85.49	88.93	0.00	40	0	43	0.00	0.00	62.56	7.16	0.00	0.00	2000
230	11.02	2085	2107	0.00	195	0	0	0	nan	0.00	0.00	2.45	86.86	88.98	0.00	40	0	42	0.00	0.00	65.99	7.79	0.00	0.00	2000
231	11.31	2054	2086	0.00	179	0	0	0	nan	0.00	0.01	3.83	84.40	88.69	0.00	40	0	43	0.00	0.00	64.88	7.79	0.00	0.00	2000
233	11.31	2056	2103	0.12	216	0	0	5	65.81	0.00	0.00	5.24	83.53	88.69	0.00	40	0	42	0.00	0.00	64.50	7.14	0.00	0.00	2000
230	11.19	2045	2106	0.91	179	0	0	4	72.72	0.00	0.00	3.79	85.37	88.81	0.00	40	0	43	0.00	0.00	63.31	7.34	0.00	0.00	2000
231	10.98	2096	2104	0.00	194	0	0	0	nan	0.00	0.00	3.27	86.07	89.02	0.00	40	0	42	0.00	0.00	62.90	7.21	0.00	0.00	2000
228	10.99	2082	2093	0.00	194	0	0	0	nan	0.00	0.00	3.90	84.84	89.01	0.00	40	0	42	0.00	0.00	65.45	7.56	0.00	0.00	2000
232	11.05	2096	2104	0.00	196	0	0	0	nan	0.00	0.00	3.38	85.77	88.95	0.00	40	0	43	0.00	0.00	64.54	7.57	0.00	0.00	2000
231	10.86	2127	2103	0.00	196	0	0	0	nan	0.00	0.01	3.09	86.21	89.14	0.00	40	0	42	0.00	0.00	66.75	7.95	0.00	0.00	2000
257	12.39	2087	2087	0.00	178	0	0	0	nan	0.00	0.00	4.24	82.76	87.61	0.00	40	0	42	0.00	0.00	62.81	7.46	0.00	0.00	2000
228	11.02	2083	2091	0.00	194	0	0	0	nan	0.00	0.01	3.04	85.63	88.98	0.00	40	0	42	0.00	0.00	63.47	7.96	0.00	0.00	2000
229	11.26	2051	2082	0.00	196	0	0	0	nan	0.00	0.02	3.80	84.31	88.74	0.00	41	0	42	0.00	0.00	63.15	7.47	0.00	0.00	2000
227	10.80	2082	2121	0.00	195	0	0	0	nan	0.00	0.00	3.86	86.25	89.20	0.00	42	0	43	0.00	0.00	65.22	7.65	0.00	0.00	2000
229	11.24	2059	2083	0.00	194	0	0	0	nan	0.00	0.01	3.03	85.04	88.76	0.00	42	0	42	0.00	0.00	66.01	7.71	0.00	0.00	2000
229	11.14	2036	2120	0.00	198	0	0	0	nan	0.01	0.02	4.41	85.35	88.86	0.00	41	0	43	0.00	0.00	64.43	7.49	0.00	0.00	2000
228	11.17	2033	2107	0.00	195	0	0	0	nan	0.00	0.00	3.45	85.69	88.83	0.00	41	0	42	0.00	0.00	64.32	7.51	0.00	0.00	2000
227	11.03	2066	2096	0.00	195	0	0	0	nan	0.00	0.00	4.39	84.42	88.97	0.00	41	0	42	0.00	0.00	62.99	7.41	0.00	0.00	2000
229	10.91	2085	2113	0.00	194	0	0	0	nan	0.00	0.02	3.69	86.00	89.09	0.00	40	0	42	0.00	0.00	65.97	7.74	0.00	0.00	2000
228	11.30	2079	2037	0.00	194	0	0	0	nan	0.00	0.02	3.10	82.98	88.70	0.00	40	0	42	0.00	0.00	62.21	7.74	0.00	0.00	2000
230	10.68	2100	2157	0.00	212	0	0	0	nan	0.00	0.00	3.67	88.21	89.32	0.00	41	0	42	0.00	0.00	67.32	8.02	0.00	0.00	2000
229	11.36	2014	2097	0.00	180	0	0	2	51.06	0.00	0.02	3.97	84.73	88.64	0.00	41	0	42	0.00	0.00	64.48	7.78	0.00	0.00	2000
229	10.95	2111	2083	1.48	195	0	0	5	47.63	0.00	0.00	3.63	84.67	89.05	0.00	42	0	42	0.00	0.00	62.38	7.58	0.00	0.00	2000
228	11.07	2044	2116	0.00	195	0	0	0	nan	0.00	0.00	4.59	85.15	88.93	0.00	42	0	42	0.00	0.00	66.52	7.24	0.00	0.00	2000
233	11.00	2122	2098	0.00	199	0	0	0	nan	0.00	0.00	4.05	84.91	89.00	0.00	42	0	42	0.00	0.00	63.17	7.41	0.00	0.00	2000
228	11.08	2070	2084	0.00	196	0	0	0	nan	0.00	0.00	3.71	84.65	88.92	0.00	42	0	42	0.00	0.00	63.74	7.47	0.00	0.00	2000
228	11.39	1986	2121	0.00	194	0	0	0	nan	0.00	0.00	4.15	85.50	88.61	0.00	40	0	43	0.00	0.00	67.10	8.35	0.00	0.00	2000
227	11.21	2036	2092	0.00	194	0	0	0	nan	0.00	0.01	3.80	84.75	88.79	0.00	41	0	43	0.00	0.00	62.88	7.38	0.00	0.00	2000
228	10.97	2067	2112	0.00	194	0	0	0	nan	0.00	0.00	4.05	85.53	89.03	0.00	41	0	42	0.00	0.00	64.37	7.93	0.00	0.00	2000
227	10.96	2066	2107	0.00	195	0	0	0	nan	0.00	0.00	3.59	85.86	89.04	0.00	42	0	42	0.00	0.00	65.60	7.50	0.00	0.00	2000
229	11.26	2054	2080	0.00	195	0	0	0	nan	0.00	0.00	3.04	84.95	88.74	0.00	42	0	42	0.00	0.00	63.57	7.37	0.00	0.00	2000
227	11.24	2040	2079	0.00	194	0	0	0	nan	0.00	0.00	3.52	84.41	88.76	0.00	41	0	42	0.00	0.00	64.44	7.47	0.00	0.00	2000
229	10.80	2082	2137	0.00	195	0	0	0	nan	0.00	0.00	4.27	86.56	89.20	0.00	42	0	42	0.00	0.00	65.55	7.67	0.00	0.00	2000
227	11.07	2110	2045	0.00	196	0	0	0	nan	0.00	0.01	3.68	82.99	88.93	0.00	40	0	42	0.00	0.00	64.17	8.02	0.00	0.00	2000
231	11.00	2048	2152	0.00	210	0	0	0	nan	0.00	0.01	3.78	87.57	89.00	0.00	42	0	42	0.00	0.00	64.84	7.87	0.00	0.00	2000
229	10.96	2108	2085	0.00	179	0	0	0	nan	0.00	0.00	3.10	85.36	89.04	0.00	41	0	42	0.00	0.00	65.17	7.72	0.00	0.00	2000
228	10.95	2073	2113	0.00	195	0	0	0	nan	0.00	0.01	3.45	86.22	89.05	0.00	42	0	43	0.00	0.00	65.63	7.81	0.00	0.00	2000
229	11.08	2057	2111	0.00	195	0	0	0	nan	0.00	0.00	3.13	86.37	88.92	0.00	41	0	42	0.00	0.00	65.31	7.60	0.00	0.00	2000
228	11.15	2055	2094	0.00	194	0	0	0	nan	0.00	0.00	2.94	85.68	88.85	0.00	42	0	42	0.00	0.00	66.13	7.59	0.00	0.00	2000
229	11.00	2074	2106	1.35	195	0	0	5	26.46	0.00	0.02	2.28	87.07	89.00	0.00	41	0	43	0.00	0.00	62.96	7.37	0.00	0.00	2000
227	11.57	2066	1998	0.21	178	0	0	0	nan	0.00	0.02	3.60	80.67	88.43	0.00	39	0	43	0.00	0.00	57.19	6.82	0.00	0.00	2000
231	10.81	2047	2194	0.00	211	0	0	0	nan	0.00	0.00	3.37	89.81	89.19	0.00	38	0	43	0.00	0.00	70.44	8.28	0.00	0.00	2000
230	11.23	2040	2107	0.00	196	0	0	0	nan	0.00	0.02	3.58	85.61	88.77	0.00	37	0	43	0.00	0.00	63.96	7.84	0.00	0.00	2000
229	11.31	2028	2095	0.00	195	0	0	0	nan	0.00	0.00	3.17	85.48	88.69	0.00	37	0	42	0.00	0.00	64.05	7.60	0.00	0.00	2000
232	11.14	2082	2099	0.00	195	0	0	0	nan	0.00	0.00	3.88	84.91	88.86	0.00	37	0	42	0.00	0.00	64.33	7.44	0.00	0.00	2000
233	11.62	2016	2090	0.00	200	0	0	0	nan	0.00	0.02	5.11	82.95	88.38	0.00	37	0	42	0.00	0.00	64.23	7.69	0.00	0.00	2000
231	11.25	2044	2112	0.00	194	0	0	0	nan	0.00	0.00	3.69	85.69	88.75	0.00	37	0	42	0.00	0.00	64.72	7.64	0.00	0.00	2000
229	11.19	2062	2086	0.00	195	0	0	0	nan	0.00	0.00	3.35	84.99	88.81	0.00	37	0	43	0.00	0.00	64.59	7.70	0.00	0.00	2000
232	11.13	2065	2119	0.00	195	0	0	0	nan	0.00	0.00	3.61	86.18	88.87	0.00	37	0	43	0.00	0.00	64.21	7.63	0.00	0.00	2000
230	11.00	2116	2074	0.00	196	0	0	0	nan	0.00	0.00	2.68	85.30	89.00	0.00	37	0	42	0.00	0.00	64.30	7.64	0.00	0.00	2000
230	11.31	2041	2089	0.00	195	0	0	0	nan	0.00	0.00	4.27	84.05	88.69	0.00	38	0	42	0.00	0.00	63.54	7.39	0.00	0.00	2000
233	11.33	2027	2127	0.00	197	0	0	0	nan	0.00	0.01	4.31	85.65	88.67	0.00	40	0	42	0.00	0.00	64.22	7.60	0.00	0.00	2000
231	11.39	2025	2102	0.00	211	0	0	0	nan	0.00	0.00	4.26	84.48	88.61	0.00	39	0	42	0.00	0.00	64.10	7.58	0.00	0.00	2000
231	11.50	2031	2078	0.00	178	0	0	0	nan	0.00	0.00	4.42	83.22	88.50	0.00	40	0	43	0.00	0.00	64.59	7.64	0.00	0.00	2000
228	11.25	2099	2028	0.00	212	0	0	0	nan	0.00	0.00	4.79	81.07	88.75	0.00	38	0	43	0.00	0.00	59.44	7.14	0.00	0.00	2000
235	11.11	2044	2177	0.00	195	0	0	0	nan	0.01	0.00	3.21	88.99	88.89	0.00	37	0	43	0.00	0.00	69.67	8.26	0.00	0.00	2000
234	11.22	2075	2108	0.59	195	0	0	21	56.03	0.00	0.00	4.60	84.63	88.78	0.00	37	0	43	0.00	0.00	64.78	7.63	0.00	0.00	2000
230	11.10	2087	2089	0.22	194	0	0	0	nan	0.00	0.01	4.19	84.31	88.90	0.00	37	0	42	0.00	0.00	64.27	7.52	0.00	0.00	2000
232	11.16	2083	2098	0.00	196	0	0	0	nan	0.00	0.02	5.19	83.59	88.84	0.00	39	0	42	0.00	0.00	64.01	7.57	0.00	0.00	2000
231	11.00	2074	2129	0.00	194	0	0	0	nan	0.00	0.00	4.63	85.69	89.00	0.00	40	0	43	0.00	0.00	64.38	7.48	0.00	0.00	2000
231	11.21	2050	2108	0.00	194	0	0	0	nan	0.00	0.00	4.07	85.12	88.79	0.00	40	0	43	0.00	0.00	64.70	7.50	0.00	0.00	2000
228	11.17	2046	2095	0.00	195	0	0	0	nan	0.00	0.01	3.77	84.88	88.83	0.00	40	0	42	0.00	0.00	64.57	7.48	0.00	0.00	2000
230	11.01	2105	2079	0.00	195	0	0	0	nan	0.00	0.00	4.14	84.00	88.99	0.00	40	0	43	0.00	0.00	64.58	7.61	0.00	0.00	2000
234	11.22	2067	2122	0.00	197	0	0	0	nan	0.00	0.01	5.02	84.79	88.78	0.00	40	0	43	0.00	0.00	64.25	7.42	0.00	0.00	2000
230	11.28	2063	2080	0.00	195	0	0	0	nan	0.00	0.00	4.35	83.63	88.72	0.00	40	0	42	0.00	0.00	65.67	7.42	0.00	0.00	2000
230	11.01	2077	2116	0.00	198	0	0	0	nan	0.00	0.01	5.59	84.13	88.99	0.00	40	0	42	0.00	0.00	64.76	7.43	0.00	0.00	2000
230	11.50	2017	2083	0.00	196	0	0	0	nan	0.00	0.00	4.10	83.79	88.50	0.00	40	0	43	0.00	0.00	64.18	7.41	0.00	0.00	2000
228	11.30	2004	2115	0.00	195	0	0	0	nan	0.00	0.00	5.11	84.33	88.70	0.00	40	0	43	0.00	0.00	64.42	7.51	0.00	0.00	2000
230	11.30	2037	2097	0.00	204	0	0	0	nan	0.00	0.09	3.78	84.90	88.70	0.00	40	0	42	0.00	0.00	64.65	7.62	0.00	0.00	2000
229	11.22	2059	2078	0.00	195	0	0	0	nan	0.01	0.00	4.29	83.56	88.78	0.00	41	0	42	0.00	0.00	61.40	7.24	0.00	0.00	2000
229	10.79	2097	2124	0.00	211	0	0	0	nan	0.00	0.00	4.56	85.78	89.21	0.00	40	0	43	0.00	0.00	67.25	7.84	0.00	0.00	2000
231	10.99	2120	2085	0.00	181	0	0	0	nan	0.00	0.00	4.32	84.09	89.01	0.00	40	0	42	0.00	0.00	65.32	8.13	0.00	0.00	2000
230	11.32	2016	2119	0.00	208	0	0	0	nan	0.00	0.00	4.52	85.13	88.68	0.00	39	0	42	0.00	0.00	66.01	9.27	0.00	0.00	2000
229	11.29	2023	2103	0.64	181	0	0	28	10.39	0.00	0.00	3.91	84.96	88.71	0.00	39	0	43	0.00	0.00	64.79	8.22	0.00	0.00	2000
236	11.58	2063	2080	0.35	227	0	0	0	nan	0.00	0.00	6.81	80.80	88.42	0.00	40	0	42	0.00	0.00	64.29	7.74	0.00	0.00	2000
193	10.21	1878	2119	0.00	209	0	0	0	nan	0.00	0.00	6.37	84.43	89.79	0.00	38	0	43	0.00	0.00	63.38	7.73	0.00	0.00	2000
110	8.35	1315	2103	0.00	216	0	0	0	nan	0.00	0.00	8.59	83.31	91.65	0.00	37	0	42	0.00	0.00	59.36	7.70	0.00	0.00	2000
74	6.92	1080	2074	0.00	194	0	0	0	nan	0.00	0.00	3.43	88.56	93.08	0.00	37	0	43	0.00	0.00	55.96	7.22	0.00	0.00	2000
74	6.71	1087	2127	0.00	193	0	0	0	nan	0.00	0.01	1.75	92.63	93.29	0.00	37	0	42	0.00	0.00	62.07	8.06	0.00	0.00	2000
87	7.28	1192	2093	0.00	130	0	0	0	nan	0.00	0.03	4.43	87.95	92.72	0.00	37	0	42	0.00	0.00	54.82	6.89	0.00	0.00	2000
