Avg_MHz	Busy%	Bzy_MHz	TSC_MHz	IPC	IRQ	NMI	SMI	LLCMRPS	LLC%hit	POLL%	C1%	C1E%	C6%	CPU%c1	CPU%c6	CoreTmp	CoreThr	PkgTmp	Pkg%pc2	Pkg%pc6	PkgWatt	RAMWatt	PKG_%	RAM_%	UncMHz
337	16.98	1944	2142	0.00	240	0	0	0	nan	0.00	0.40	38.68	45.78	83.02	0.00	38	0	42	0.00	0.00	69.35	8.30	0.00	0.00	2000
313	15.58	2003	2108	0.00	231	0	0	0	nan	0.06	3.41	20.48	61.02	84.42	0.00	37	0	42	0.00	0.00	63.87	7.28	0.00	0.00	2000
77	6.95	1099	2112	0.00	193	0	0	0	nan	0.01	0.00	4.60	89.11	93.05	0.00	37	0	42	0.00	0.00	60.71	8.10	0.00	0.00	2000
73	6.58	1109	2103	0.00	194	0	0	0	nan	0.00	0.02	3.84	89.67	93.42	0.00	37	0	42	0.00	0.00	58.34	7.76	0.00	0.00	2000
73	6.40	1146	2095	0.00	193	0	0	0	nan	0.00	0.00	3.17	90.22	93.60	0.00	37	0	42	0.00	0.00	57.94	7.53	0.00	0.00	2000
72	6.76	1060	2098	0.00	193	0	0	0	nan	0.00	0.00	3.29	89.97	93.24	0.00	37	0	42	0.00	0.00	56.04	7.26	0.00	0.00	2000
73	6.55	1118	2104	0.00	193	0	0	0	nan	0.00	0.00	2.54	91.05	93.45	0.00	37	0	42	0.00	0.00	60.28	7.80	0.00	0.00	2000
72	6.91	1049	2088	0.00	194	0	0	0	nan	0.00	0.01	3.45	89.23	93.09	0.00	37	0	42	0.00	0.00	56.59	7.31	0.00	0.00	2000
81	6.86	1178	2102	0.00	198	0	0	0	nan	0.00	0.01	5.04	88.23	93.14	0.00	37	0	42	0.00	0.00	58.91	7.74	0.00	0.00	2000
72	7.04	1023	2110	0.00	195	0	0	0	nan	0.00	0.00	3.79	89.77	92.96	0.00	36	0	42	0.00	0.00	56.89	7.43	0.00	0.00	2000
74	6.63	1111	2105	0.00	194	0	0	0	nan	0.00	0.00	2.95	90.53	93.37	0.00	37	0	42	0.00	0.00	59.59	7.69	0.00	0.00	2000
73	6.26	1172	2087	0.00	194	0	0	0	nan	0.00	0.02	3.87	89.23	93.74	0.00	37	0	42	0.00	0.00	58.90	7.71	0.00	0.00	2000
74	6.74	1097	2111	0.00	193	0	0	0	nan	0.00	0.00	3.57	90.23	93.26	0.00	37	0	42	0.00	0.00	57.73	7.44	0.00	0.00	2000
72	6.68	1082	2101	0.00	194	0	0	0	nan	0.00	0.02	3.22	90.20	93.32	0.00	37	0	42	0.00	0.00	58.23	7.46	0.00	0.00	2000
73	6.59	1102	2097	0.00	195	0	0	0	nan	0.00	0.00	3.64	89.63	93.41	0.00	37	0	42	0.00	0.00	57.53	7.38	0.00	0.00	2000
72	6.57	1092	2102	0.00	194	0	0	0	nan	0.00	0.00	3.49	90.14	93.43	0.00	37	0	42	0.00	0.00	59.37	7.74	0.00	0.00	2000
73	6.63	1106	2099	0.30	193	0	0	1	77.97	0.00	0.00	3.18	90.20	93.37	0.00	37	0	42	0.00	0.00	57.76	7.61	0.00	0.00	2000
72	6.71	1075	2100	0.17	194	0	0	0	nan	0.00	0.00	3.24	90.18	93.29	0.00	37	0	42	0.00	0.00	58.14	7.58	0.00	0.00	2000
166	9.40	1796	2069	0.00	206	0	0	0	nan	0.01	0.00	5.53	83.75	90.60	0.00	38	0	42	0.00	0.00	61.50	7.50	0.00	0.00	2000
231	10.87	2115	2113	0.00	203	0	0	0	nan	0.00	0.00	4.58	85.18	89.13	0.00	40	0	42	0.00	0.00	65.30	7.61	0.00	0.00	2000
232	11.06	2097	2101	0.00	204	0	0	0	nan	0.01	0.00	4.39	84.67	88.94	0.00	40	0	42	0.00	0.00	65.38	7.75	0.00	0.00	2000
231	10.94	2096	2120	0.00	211	0	0	0	nan	0.00	0.01	4.47	85.48	89.06	0.00	40	0	42	0.00	0.00	67.00	7.84	0.00	0.00	2000
232	11.19	2088	2084	0.00	195	0	0	0	nan	0.00	0.00	6.12	82.00	88.81	0.00	38	0	42	0.00	0.00	62.44	7.34	0.00	0.00	2000
229	10.93	2114	2077	0.00	198	0	0	0	nan	0.00	0.00	5.07	83.14	89.07	0.00	37	0	42	0.00	0.00	64.58	7.86	0.00	0.00	2000
233	11.35	2095	2057	0.00	198	0	0	0	nan	0.00	0.00	4.79	82.09	88.65	0.00	38	0	42	0.00	0.00	62.52	7.53	0.00	0.00	2000
232	10.53	2112	2192	0.00	248	0	0	0	nan	0.00	0.00	6.68	86.70	89.47	0.00	37	0	42	0.00	0.00	73.80	8.74	0.00	0.00	2000
231	10.91	2121	2100	0.00	197	0	0	0	nan	0.00	0.00	5.67	83.53	89.09	0.00	37	0	42	0.00	0.00	66.62	7.96	0.00	0.00	2000
230	11.28	2043	2097	0.00	198	0	0	0	nan	0.00	0.02	5.39	83.33	88.72	0.00	38	0	42	0.00	0.00	64.84	7.56	0.00	0.00	2000
230	10.68	2156	2096	0.00	200	0	0	0	nan	0.00	0.00	7.05	82.14	89.32	0.00	38	0	42	0.00	0.00	65.20	7.63	0.00	0.00	2000
232	11.06	2097	2101	0.00	200	0	0	0	nan	0.01	1.09	5.05	82.85	88.94	0.00	38	0	42	0.00	0.00	62.64	7.49	0.00	0.00	2000
233	11.36	2046	2102	0.00	202	0	0	0	nan	0.00	2.75	6.68	79.42	88.64	0.00	38	0	42	0.00	0.00	67.02	7.89	0.00	0.00	2000
228	10.70	2140	2094	0.00	198	0	0	0	nan	0.01	0.25	5.21	83.61	89.30	0.00	39	0	42	0.00	0.00	61.27	7.42	0.00	0.00	2000
230	10.65	2158	2104	0.00	199	0	0	1	92.96	0.00	0.00	5.56	84.00	89.35	0.00	38	0	42	0.00	0.00	67.13	7.47	0.00	0.00	2000
228	11.03	2070	2100	0.77	197	0	0	18	97.50	0.00	0.00	5.44	83.53	88.97	0.00	38	0	42	0.00	0.00	64.95	7.76	0.00	0.00	2000
233	11.10	2104	2099	0.01	196	0	0	0	nan	0.00	0.00	6.26	82.62	88.90	0.00	38	0	42	0.00	0.00	64.99	7.53	0.00	0.00	2000
229	11.07	2068	2102	0.00	201	0	0	0	nan	0.00	0.00	6.61	82.50	88.93	0.00	39	0	42	0.00	0.00	63.96	7.37	0.00	0.00	2000
228	10.64	2164	2078	0.00	196	0	0	0	nan	0.00	0.00	6.29	82.09	89.36	0.00	39	0	42	0.00	0.00	65.43	7.61	0.00	0.00	2000
230	10.88	2099	2115	0.00	199	0	0	0	nan	0.00	0.01	4.61	85.18	89.12	0.00	38	0	42	0.00	0.00	66.08	7.68	0.00	0.00	2000
227	11.46	2014	2068	0.00	199	0	0	0	nan	0.00	0.00	3.92	83.35	88.54	0.00	39	0	42	0.00	0.00	61.98	7.09	0.00	0.00	2000
238	10.86	2147	2139	0.00	215	0	0	0	nan	0.00	0.05	4.53	86.24	89.14	0.00	39	0	42	0.00	0.00	68.14	8.11	0.00	0.00	2000
230	11.25	2040	2101	0.00	203	0	0	0	nan	0.00	0.03	6.35	82.48	88.75	0.00	39	0	42	0.00	0.00	64.24	7.52	0.00	0.00	2000
231	10.70	2164	2099	0.00	198	0	0	0	nan	0.00	0.01	4.68	84.51	89.30	0.00	39	0	42	0.00	0.00	67.60	7.85	0.00	0.00	2000
226	11.45	2080	1996	0.00	202	0	0	0	nan	0.00	0.00	5.41	78.79	88.55	0.00	38	0	42	0.00	0.00	56.09	6.77	0.00	0.00	2000
241	10.53	2152	2232	0.00	249	0	0	0	nan	0.00	0.22	4.30	90.64	89.47	0.00	38	0	42	0.00	0.00	75.31	8.89	0.00	0.00	2000
231	11.27	2051	2099	0.00	201	0	0	0	nan	0.00	0.52	6.85	81.52	88.73	0.00	38	0	42	0.00	0.00	65.00	7.65	0.00	0.00	2000
230	11.21	2051	2100	0.00	197	0	0	0	nan	0.00	0.02	7.98	80.85	88.79	0.00	39	0	42	0.00	0.00	65.10	7.59	0.00	0.00	2000
230	11.26	2046	2093	0.00	199	0	0	0	nan	0.00	0.02	5.87	82.57	88.74	0.00	39	0	42	0.00	0.00	63.57	7.53	0.00	0.00	2000
224	10.70	2114	2082	0.00	199	0	0	0	nan	0.00	0.00	4.28	84.30	89.30	0.00	39	0	42	0.00	0.00	64.85	7.59	0.00	0.00	2000
237	11.34	2072	2118	0.00	205	0	0	0	nan	0.00	0.01	6.89	82.55	88.66	0.00	38	0	42	0.00	0.00	65.51	7.71	0.00	0.00	2000
231	10.76	2146	2103	0.00	197	0	0	5	74.11	0.00	0.00	5.45	83.96	89.24	0.00	39	0	42	0.00	0.00	66.70	8.04	0.00	0.00	2000
234	10.81	2163	2101	0.31	198	0	0	23	80.26	0.00	0.01	4.89	84.42	89.19	0.00	38	0	42	0.00	0.00	64.68	7.77	0.00	0.00	2000
233	10.86	2140	2108	0.00	198	0	0	0	nan	0.00	0.00	5.80	83.63	89.14	0.00	39	0	42	0.00	0.00	66.63	7.82	0.00	0.00	2000
228	11.02	2086	2087	0.00	197	0	0	0	nan	0.00	0.53	4.62	83.44	88.98	0.00	39	0	42	0.00	0.00	65.24	7.68	0.00	0.00	2000
235	11.23	2088	2104	0.00	198	0	0	0	nan	0.00	0.93	6.55	81.50	88.77	0.00	39	0	42	0.00	0.00	64.36	7.56	0.00	0.00	2000
234	11.03	2126	2098	0.00	223	0	0	0	nan	0.00	2.50	9.81	76.69	88.97	0.00	37	0	42	0.00	0.00	67.09	8.02	0.00	0.00	2000
234	10.86	2137	2119	0.00	197	0	0	0	nan	0.00	0.02	7.07	82.94	89.14	0.00	38	0	42	0.00	0.00	65.26	7.83	0.00	0.00	2000
230	10.79	2141	2093	0.00	198	0	0	0	nan	0.00	0.01	5.69	83.30	89.21	0.00	38	0	42	0.00	0.00	64.76	7.81	0.00	0.00	2000
231	11.05	2080	2107	0.00	195	0	0	0	nan	0.00	0.02	4.91	84.31	88.95	0.00	38	0	42	0.00	0.00	63.02	7.60	0.00	0.00	2000
230	11.14	2094	2069	0.00	196	0	0	0	nan	0.00	0.02	5.57	82.07	88.86	0.00	38	0	42	0.00	0.00	65.22	7.74	0.00	0.00	2000
236	11.13	2092	2128	0.00	199	0	0	0	nan	0.00	0.00	4.52	85.57	88.87	0.00	38	0	42	0.00	0.00	66.86	7.95	0.00	0.00	2000
363	16.03	2333	2036	0.00	239	0	0	0	nan	0.00	0.00	6.39	75.06	83.96	0.00	38	0	42	0.00	0.00	64.47	7.66	0.00	0.00	2000
640	27.86	2500	1929	0.00	199	0	0	0	nan	0.00	0.00	4.02	62.36	72.14	0.00	38	0	42	0.00	0.00	65.26	7.57	0.00	0.00	2000
681	27.24	2500	2101	0.00	248	0	0	0	nan	0.00	0.01	4.39	68.54	72.76	0.00	39	0	42	0.00	0.00	75.63	8.66	0.00	0.00	2000
710	26.91	2500	2216	0.00	246	0	0	0	nan	0.00	0.00	4.66	72.59	73.09	0.00	39	0	42	0.00	0.00	80.40	9.05	0.00	0.00	2000
271	12.06	2158	2186	0.00	264	0	0	0	nan	0.00	0.43	5.23	86.05	87.94	0.00	38	0	42	0.00	0.00	70.04	8.38	0.00	0.00	2000
233	10.92	2108	2122	0.00	213	0	0	0	93.65	0.00	2.02	7.29	80.77	89.08	0.00	38	0	42	0.00	0.00	69.16	8.46	0.00	0.00	2000
225	13.04	2149	1685	0.67	213	0	0	10	45.39	0.00	0.03	5.09	64.71	86.96	0.00	38	0	42	0.00	0.00	52.71	6.22	0.00	0.00	2000
224	8.99	1977	2644	0.01	269	0	0	0	nan	0.00	0.42	8.70	105.57	91.01	0.00	38	0	42	0.00	0.00	82.91	10.01	0.00	0.00	2000
103	7.99	1293	2096	0.00	244	0	0	0	nan	0.00	0.76	9.66	81.61	92.01	0.00	37	0	42	0.00	0.00	59.81	7.62	0.00	0.00	2000
76	7.53	1007	2118	0.00	193	0	0	0	nan	0.00	0.00	4.67	88.79	92.47	0.00	37	0	42	0.00	0.00	57.68	7.51	0.00	0.00	2000
73	6.77	1075	2108	0.00	192	0	0	0	nan	0.00	0.00	2.02	91.74	93.23	0.00	37	0	42	0.00	0.00	57.75	7.64	0.00	0.00	2000
74	6.55	1122	2104	0.00	193	0	0	0	nan	0.00	0.02	2.85	90.89	93.45	0.00	37	0	42	0.00	0.00	59.81	7.90	0.00	0.00	2000
139	8.26	1674	2104	0.00	50	0	0	0	nan	0.00	0.00	13.21	78.77	91.74	0.00	37	0	42	0.00	0.00	56.18	6.84	0.00	0.00	2000
