Avg_MHz	Busy%	Bzy_MHz	TSC_MHz	IPC	IRQ	NMI	SMI	LLCMRPS	LLC%hit	POLL%	C1%	C1E%	C6%	CPU%c1	CPU%c6	CoreTmp	CoreThr	PkgTmp	Pkg%pc2	Pkg%pc6	PkgWatt	RAMWatt	PKG_%	RAM_%	UncMHz
270	14.22	1902	2095	0.00	247	0	0	0	nan	0.00	0.03	28.68	56.65	85.78	0.00	37	0	42	0.00	0.00	63.31	7.55	0.00	0.00	2000
364	16.94	2088	2162	0.00	215	0	0	0	nan	0.06	1.29	13.97	70.49	83.06	0.00	37	0	42	0.00	0.00	68.78	7.90	0.00	0.00	2000
79	6.73	1163	2108	0.00	194	0	0	0	nan	0.00	0.03	8.75	84.91	93.27	0.00	37	0	42	0.00	0.00	59.27	7.50	0.00	0.00	2000
73	6.24	1164	2099	0.00	194	0	0	0	nan	0.00	0.00	3.17	90.43	93.76	0.00	37	0	42	0.00	0.00	57.81	7.22	0.00	0.00	2000
73	6.37	1134	2114	0.00	193	0	0	0	nan	0.00	0.00	3.26	90.97	93.63	0.00	37	0	42	0.00	0.00	58.26	7.61	0.00	0.00	2000
74	6.30	1173	2092	0.00	195	0	0	0	nan	0.00	0.00	2.76	90.29	93.70	0.00	37	0	42	0.00	0.00	59.63	7.67	0.00	0.00	2000
73	6.59	1122	2082	0.00	194	0	0	0	nan	0.00	0.00	3.79	88.83	93.41	0.00	37	0	42	0.00	0.00	57.79	7.54	0.00	0.00	2000
72	6.35	1125	2116	0.00	194	0	0	0	nan	0.00	0.01	3.03	91.33	93.65	0.00	37	0	42	0.00	0.00	58.99	7.37	0.00	0.00	2000
73	6.88	1044	2120	0.00	193	0	0	0	nan	0.00	0.02	3.19	90.95	93.12	0.00	37	0	42	0.00	0.00	58.68	7.60	0.00	0.00	2000
72	6.82	1052	2093	0.00	193	0	0	0	nan	0.00	0.01	3.33	89.71	93.18	0.00	37	0	42	0.00	0.00	55.86	7.16	0.00	0.00	2000
75	6.00	1257	2095	0.00	197	0	0	0	nan	0.00	0.01	3.70	89.84	94.00	0.00	37	0	42	0.00	0.00	59.19	7.50	0.00	0.00	2000
72	6.57	1089	2101	0.00	194	0	0	0	nan	0.00	0.00	2.58	90.90	93.43	0.00	37	0	42	0.00	0.00	59.29	7.61	0.00	0.00	2000
73	6.67	1090	2104	0.00	194	0	0	0	nan	0.00	0.02	2.54	91.09	93.33	0.00	37	0	42	0.00	0.00	57.80	7.50	0.00	0.00	2000
71	6.74	1052	2099	0.00	193	0	0	0	nan	0.00	0.00	3.43	89.79	93.26	0.00	37	0	42	0.00	0.00	57.91	7.39	0.00	0.00	2000
71	6.79	1057	2068	0.00	193	0	0	0	nan	0.00	0.02	2.87	88.94	93.21	0.00	37	0	42	0.00	0.00	56.86	7.38	0.00	0.00	2000
72	6.82	1046	2122	0.00	193	0	0	0	97.18	0.00	0.02	1.96	92.19	93.18	0.00	37	0	42	0.00	0.00	60.21	7.79	0.00	0.00	2000
71	6.71	1066	2085	0.30	210	0	0	1	88.61	0.00	0.00	2.52	90.12	93.29	0.00	37	0	42	0.00	0.00	55.90	7.28	0.00	0.00	2000
71	6.80	1047	2100	0.13	194	0	0	0	nan	0.00	0.01	2.56	90.84	93.20	0.00	37	0	42	0.00	0.00	59.37	7.83	0.00	0.00	2000
144	8.87	1610	2114	0.00	218	0	0	0	nan	0.00	0.09	3.89	87.91	91.13	0.00	38	0	42	0.00	0.00	62.36	7.79	0.00	0.00	2000
229	10.83	2119	2097	0.00	204	0	0	0	nan	0.00	0.00	3.94	85.14	89.17	0.00	39	0	42	0.00	0.00	63.84	7.33	0.00	0.00	2000
234	11.14	2092	2110	0.00	205	0	0	0	nan	0.00	0.02	3.34	85.98	88.86	0.00	40	0	42	0.00	0.00	64.62	7.44	0.00	0.00	2000
230	11.21	2058	2096	0.00	203	0	0	0	nan	0.00	0.00	3.32	85.36	88.79	0.00	40	0	43	0.00	0.00	64.95	7.46	0.00	0.00	2000
236	11.29	2109	2080	0.00	227	0	0	0	nan	0.00	0.01	4.47	83.46	88.71	0.00	38	0	42	0.00	0.00	64.47	7.53	0.00	0.00	2000
234	10.72	2146	2137	0.00	199	0	0	0	nan	0.00	0.00	6.65	84.16	89.28	0.00	37	0	43	0.00	0.00	67.83	8.01	0.00	0.00	2000
229	11.06	2083	2089	0.00	197	0	0	0	nan	0.00	0.00	5.12	83.42	88.94	0.00	37	0	42	0.00	0.00	65.69	7.74	0.00	0.00	2000
231	11.08	2093	2097	0.00	198	0	0	0	nan	0.01	0.01	5.02	83.80	88.92	0.00	38	0	42	0.00	0.00	66.63	7.81	0.00	0.00	2000
235	11.00	2131	2109	0.00	197	0	0	0	nan	0.01	0.01	4.33	85.06	89.00	0.00	38	0	42	0.00	0.00	66.43	7.84	0.00	0.00	2000
227	10.92	2099	2085	0.00	202	0	0	0	nan	0.00	0.47	7.27	80.74	89.08	0.00	38	0	42	0.00	0.00	64.91	7.39	0.00	0.00	2000
230	11.20	2049	2106	0.00	194	0	0	0	nan	0.00	0.00	7.80	81.33	88.80	0.00	39	0	42	0.00	0.00	65.22	7.54	0.00	0.00	2000
237	11.75	2021	2099	0.00	211	0	0	0	nan	0.00	0.00	10.85	77.46	88.25	0.00	39	0	42	0.00	0.00	65.04	7.55	0.00	0.00	2000
228	11.01	2090	2080	0.00	199	0	0	0	nan	0.00	0.03	6.48	81.71	88.99	0.00	39	0	42	0.00	0.00	64.44	7.32	0.00	0.00	2000
234	11.11	2082	2127	0.00	198	0	0	0	nan	0.00	0.00	5.80	84.28	88.89	0.00	39	0	42	0.00	0.00	65.98	7.75	0.00	0.00	2000
230	10.98	2091	2100	0.00	200	0	0	0	nan	0.00	0.00	6.00	83.12	89.02	0.00	39	0	42	0.00	0.00	65.93	7.69	0.00	0.00	2000
227	10.99	2092	2071	0.57	200	0	0	14	79.09	0.00	0.00	5.74	82.14	89.01	0.00	39	0	42	0.00	0.00	63.18	7.39	0.00	0.00	2000
232	10.94	2089	2128	0.12	197	0	0	0	nan	0.00	0.00	5.27	85.03	89.06	0.00	39	0	42	0.00	0.00	67.48	7.85	0.00	0.00	2000
233	10.94	2122	2103	0.00	199	0	0	0	nan	0.00	0.01	3.91	85.28	89.06	0.00	39	0	42	0.00	0.00	63.68	7.19	0.00	0.00	2000
228	10.82	2113	2092	0.00	197	0	0	0	nan	0.01	1.07	3.54	84.28	89.18	0.00	40	0	42	0.00	0.00	65.73	7.66	0.00	0.00	2000
233	11.09	2103	2101	0.00	200	0	0	0	nan	0.00	0.00	5.56	83.44	88.91	0.00	40	0	42	0.00	0.00	64.56	7.45	0.00	0.00	2000
228	10.85	2124	2081	0.00	197	0	0	0	nan	0.00	0.00	6.06	82.34	89.15	0.00	39	0	42	0.00	0.00	64.64	7.32	0.00	0.00	2000
236	11.07	2097	2130	0.00	197	0	0	0	nan	0.00	0.03	6.97	83.25	88.93	0.00	39	0	42	0.00	0.00	66.91	7.53	0.00	0.00	2000
230	10.88	2118	2099	0.00	194	0	0	0	nan	0.00	0.00	6.24	82.86	89.12	0.00	39	0	42	0.00	0.00	65.77	7.59	0.00	0.00	2000
229	11.06	2073	2099	0.00	199	0	0	0	nan	0.00	0.00	5.90	83.03	88.94	0.00	39	0	42	0.00	0.00	65.78	7.55	0.00	0.00	2000
233	10.96	2130	2096	0.00	198	0	0	0	nan	0.00	0.00	6.56	82.33	89.04	0.00	40	0	42	0.00	0.00	65.56	7.57	0.00	0.00	2000
228	11.30	2023	2096	0.00	199	0	0	0	nan	0.00	0.00	6.61	82.08	88.70	0.00	39	0	43	0.00	0.00	64.87	7.54	0.00	0.00	2000
234	11.07	2114	2104	0.00	199	0	0	0	nan	0.00	0.00	7.87	81.21	88.93	0.00	39	0	42	0.00	0.00	65.14	7.57	0.00	0.00	2000
226	10.81	2114	2074	0.00	195	0	0	0	nan	0.00	0.00	5.45	82.65	89.19	0.00	39	0	42	0.00	0.00	64.32	7.45	0.00	0.00	2000
232	10.95	2097	2125	0.00	198	0	0	0	nan	0.00	0.00	4.12	86.09	89.05	0.00	40	0	42	0.00	0.00	66.19	7.70	0.00	0.00	2000
228	10.96	2108	2073	0.00	199	0	0	0	nan	0.00	0.02	4.54	83.41	89.04	0.00	40	0	42	0.00	0.00	65.08	7.51	0.00	0.00	2000
232	11.19	2102	2073	0.00	201	0	0	0	nan	0.00	0.05	5.42	82.26	88.81	0.00	38	0	42	0.00	0.00	63.59	7.23	0.00	0.00	2000
235	10.82	2108	2164	0.00	212	0	0	0	nan	0.02	0.00	6.62	85.37	89.18	0.00	38	0	42	0.00	0.00	67.56	7.92	0.00	0.00	2000
263	12.75	2068	2092	0.33	200	0	0	6	42.12	0.00	1.58	7.01	78.41	87.25	0.00	39	0	42	0.00	0.00	64.94	7.83	0.00	0.00	2000
225	11.05	2031	2108	0.19	196	0	0	0	nan	0.00	0.05	4.31	85.06	88.95	0.00	39	0	42	0.00	0.00	65.82	7.88	0.00	0.00	2000
227	11.05	2055	2098	0.00	202	0	0	0	nan	0.00	0.22	6.17	82.59	88.95	0.00	39	0	42	0.00	0.00	65.59	7.92	0.00	0.00	2000
224	10.87	2063	2100	0.00	195	0	0	0	nan	0.00	0.00	7.69	81.58	89.13	0.00	39	0	42	0.00	0.00	63.11	7.80	0.00	0.00	2000
225	10.89	2062	2102	0.00	199	0	0	0	nan	0.00	0.03	6.63	82.65	89.11	0.00	39	0	42	0.00	0.00	65.32	8.00	0.00	0.00	2000
223	11.03	2038	2087	0.00	197	0	0	0	nan	0.00	0.00	5.36	83.10	88.97	0.00	39	0	42	0.00	0.00	64.56	7.83	0.00	0.00	2000
224	10.79	2069	2111	0.00	198	0	0	0	nan	0.00	0.02	5.44	84.20	89.21	0.00	39	0	42	0.00	0.00	64.34	7.83	0.00	0.00	2000
227	10.99	2064	2104	0.00	201	0	0	0	nan	0.00	0.00	5.60	83.61	89.01	0.00	39	0	42	0.00	0.00	63.77	7.76	0.00	0.00	2000
224	10.66	2097	2100	0.00	197	0	0	0	nan	0.00	0.00	6.64	82.82	89.34	0.00	39	0	43	0.00	0.00	66.18	7.93	0.00	0.00	2000
224	10.73	2083	2101	0.00	195	0	0	0	nan	0.00	0.01	6.36	83.01	89.27	0.00	39	0	42	0.00	0.00	65.32	7.87	0.00	0.00	2000
224	10.67	2101	2095	0.00	197	0	0	0	nan	0.00	0.00	5.77	83.41	89.33	0.00	39	0	42	0.00	0.00	64.65	7.80	0.00	0.00	2000
224	10.65	2105	2101	0.00	197	0	0	0	nan	0.00	0.00	5.41	83.98	89.35	0.00	40	0	42	0.00	0.00	63.69	7.74	0.00	0.00	2000
227	10.53	2154	2104	0.00	196	0	0	0	nan	0.00	0.02	6.02	83.61	89.47	0.00	39	0	42	0.00	0.00	63.06	7.84	0.00	0.00	2000
223	10.75	2077	2098	0.00	202	0	0	0	nan	0.00	0.00	5.30	83.94	89.25	0.00	39	0	42	0.00	0.00	66.73	8.03	0.00	0.00	2000
223	10.56	2108	2101	0.00	199	0	0	0	nan	0.03	0.06	3.93	85.64	89.44	0.00	40	0	42	0.00	0.00	64.78	7.93	0.00	0.00	2000
224	10.81	2073	2097	0.00	197	0	0	0	nan	0.01	0.05	2.36	86.76	89.19	0.00	40	0	42	0.00	0.00	62.13	7.50	0.00	0.00	2000
223	10.69	2084	2102	0.00	198	0	0	0	nan	0.03	0.00	3.61	85.82	89.31	0.00	39	0	42	0.00	0.00	64.64	7.98	0.00	0.00	2000
225	10.74	2106	2091	0.30	197	0	0	5	60.35	0.00	0.00	5.66	83.21	89.26	0.00	40	0	42	0.00	0.00	66.10	8.06	0.00	0.00	2000
220	11.13	2124	1957	0.40	199	0	0	1	85.86	0.00	0.00	6.25	76.54	88.87	0.00	40	0	42	0.00	0.00	61.16	7.34	0.00	0.00	2000
229	10.36	2051	2265	0.00	196	0	0	0	nan	0.02	1.45	8.12	87.18	89.64	0.00	40	0	42	0.00	0.00	68.56	8.20	0.00	0.00	2000
221	10.86	2036	2098	0.00	213	0	0	0	nan	0.00	0.05	6.70	82.44	89.14	0.00	40	0	42	0.00	0.00	65.12	7.96	0.00	0.00	2000
224	11.16	2009	2097	0.00	200	0	0	0	nan	0.00	0.03	6.20	82.67	88.84	0.00	40	0	42	0.00	0.00	64.03	7.83	0.00	0.00	2000
226	11.19	2014	2103	0.00	199	0	0	0	nan	0.00	0.00	7.74	81.29	88.81	0.00	40	0	42	0.00	0.00	65.21	7.80	0.00	0.00	2000
224	10.90	2054	2101	0.00	198	0	0	0	nan	0.00	0.00	6.77	82.46	89.10	0.00	40	0	42	0.00	0.00	63.50	7.68	0.00	0.00	2000
224	10.81	2072	2099	0.00	196	0	0	0	nan	0.00	0.00	6.04	83.18	89.19	0.00	40	0	42	0.00	0.00	66.40	8.05	0.00	0.00	2000
220	10.96	2131	1976	0.00	196	0	0	0	nan	0.00	0.00	5.75	77.96	89.04	0.00	40	0	42	0.00	0.00	61.55	7.37	0.00	0.00	2000
220	10.87	2056	2070	0.00	196	0	0	0	nan	0.00	0.01	5.21	82.72	89.13	0.00	40	0	42	0.00	0.00	62.14	7.57	0.00	0.00	2000
231	10.31	2074	2269	0.00	214	0	0	0	nan	0.00	0.02	6.79	90.07	89.69	0.00	40	0	42	0.00	0.00	72.19	9.04	0.00	0.00	2000
221	10.61	2086	2101	0.00	195	0	0	0	nan	0.00	0.03	6.46	82.99	89.39	0.00	40	0	42	0.00	0.00	63.85	7.94	0.00	0.00	2000
217	10.91	2124	1964	0.00	196	0	0	0	nan	0.00	0.05	2.98	80.41	89.09	0.00	40	0	42	0.00	0.00	62.32	7.77	0.00	0.00	2000
219	10.54	2102	2075	0.00	195	0	0	0	nan	0.00	0.02	1.83	86.51	89.46	0.00	40	0	42	0.00	0.00	62.70	7.93	0.00	0.00	2000
229	10.58	2000	2271	0.00	214	0	0	0	nan	0.00	0.02	5.68	91.12	89.42	0.00	40	0	42	0.00	0.00	71.22	9.32	0.00	0.00	2000
223	10.09	2209	2099	0.00	198	0	0	0	nan	0.00	2.11	6.04	81.87	89.91	0.00	40	0	42	0.00	0.00	64.73	8.13	0.00	0.00	2000
217	11.06	2107	1959	0.00	196	0	0	0	nan	0.00	0.00	7.06	75.96	88.94	0.00	40	0	43	0.00	0.00	62.28	7.93	0.00	0.00	2000
226	10.28	2053	2248	0.54	199	0	0	22	37.32	0.00	0.00	5.06	91.00	89.72	0.00	40	0	42	0.00	0.00	68.18	8.65	0.00	0.00	2000
224	11.01	2032	2101	0.38	198	0	0	0	nan	0.00	0.00	5.40	83.76	88.99	0.00	40	0	43	0.00	0.00	63.42	7.94	0.00	0.00	2000
223	10.55	2119	2099	0.00	197	0	0	0	nan	0.00	0.00	6.12	83.22	89.45	0.00	40	0	42	0.00	0.00	65.62	8.25	0.00	0.00	2000
222	10.64	2092	2097	0.00	201	0	0	0	nan	0.00	0.00	5.94	83.34	89.36	0.00	40	0	42	0.00	0.00	63.21	8.14	0.00	0.00	2000
221	10.79	2045	2104	0.00	195	0	0	0	nan	0.00	0.00	7.54	81.87	89.21	0.00	40	0	42	0.00	0.00	65.57	8.27	0.00	0.00	2000
222	10.42	2136	2096	0.00	180	0	0	0	nan	0.00	0.00	5.17	84.20	89.58	0.00	40	0	42	0.00	0.00	66.76	8.47	0.00	0.00	2000
222	10.83	2050	2103	0.00	197	0	0	0	nan	0.00	0.00	5.90	83.51	89.17	0.00	40	0	42	0.00	0.00	65.24	8.21	0.00	0.00	2000
223	10.77	2069	2103	0.00	196	0	0	0	nan	0.00	0.00	6.47	82.86	89.23	0.00	40	0	42	0.00	0.00	64.08	8.22	0.00	0.00	2000
223	10.63	2104	2096	0.00	196	0	0	0	nan	0.00	0.02	6.48	82.79	89.37	0.00	40	0	42	0.00	0.00	65.31	8.39	0.00	0.00	2000
222	10.72	2074	2102	0.00	200	0	0	0	nan	0.00	1.14	4.78	83.57	89.28	0.00	40	0	42	0.00	0.00	64.01	8.11	0.00	0.00	2000
221	10.67	2071	2100	0.00	200	0	0	0	nan	0.00	0.50	2.01	87.01	89.33	0.00	40	0	42	0.00	0.00	62.68	8.46	0.00	0.00	2000
218	11.00	2108	1971	0.00	197	0	0	0	nan	0.00	0.02	5.66	77.91	89.00	0.00	41	0	42	0.00	0.00	63.76	7.99	0.00	0.00	2000
224	10.14	2122	2187	0.00	196	0	0	0	nan	0.00	0.00	6.53	87.08	89.86	0.00	42	0	42	0.00	0.00	69.51	9.26	0.00	0.00	2000
223	10.32	2158	2099	0.00	197	0	0	0	nan	0.00	0.48	4.83	84.40	89.68	0.00	42	0	42	0.00	0.00	66.68	8.99	0.00	0.00	2000
222	10.57	2061	2140	0.00	200	0	0	0	nan	0.00	0.01	6.33	84.83	89.43	0.00	42	0	42	0.00	0.00	69.66	9.38	0.00	0.00	2000
219	11.05	2017	2065	0.00	211	0	0	0	nan	0.00	0.00	7.22	80.46	88.95	0.00	42	0	42	0.00	0.00	64.07	8.53	0.00	0.00	2000
221	10.92	1982	2140	0.00	196	0	0	0	nan	0.00	0.00	5.17	85.75	89.08	0.00	42	0	42	0.00	0.00	69.27	9.37	0.00	0.00	2000
220	11.16	2028	2041	0.76	212	0	0	31	5.09	0.00	0.00	5.52	81.00	88.84	0.00	41	0	42	0.00	0.00	64.02	8.69	0.00	0.00	2000
219	10.99	2082	2009	0.82	202	0	0	0	87.49	0.00	0.02	5.21	79.97	89.01	0.00	42	0	42	0.00	0.00	64.50	8.65	0.00	0.00	2000
234	10.68	2073	2223	0.00	214	0	0	0	nan	0.00	0.02	8.70	85.92	89.32	0.00	41	0	42	0.00	0.00	69.66	9.33	0.00	0.00	2000
222	10.60	2088	2108	0.00	195	0	0	0	nan	0.04	0.02	6.65	83.13	89.40	0.00	42	0	43	0.00	0.00	66.89	8.98	0.00	0.00	2000
220	10.86	2053	2077	0.00	195	0	0	0	nan	0.00	0.00	7.17	81.11	89.14	0.00	41	0	42	0.00	0.00	66.69	8.95	0.00	0.00	2000
225	10.84	2059	2122	0.00	197	0	0	0	nan	0.00	0.03	5.83	84.41	89.16	0.00	42	0	42	0.00	0.00	66.73	8.96	0.00	0.00	2000
220	10.53	2112	2078	0.00	200	0	0	0	nan	0.00	0.07	4.24	84.33	89.47	0.00	42	0	42	0.00	0.00	66.87	8.89	0.00	0.00	2000
223	10.70	2059	2124	0.00	196	0	0	0	nan	0.00	0.04	2.79	87.60	89.30	0.00	42	0	42	0.00	0.00	66.60	8.84	0.00	0.00	2000
219	10.80	2031	2100	0.00	196	0	0	0	nan	0.01	0.00	5.14	84.18	89.20	0.00	41	0	42	0.00	0.00	66.33	8.82	0.00	0.00	2000
221	10.04	2219	2086	0.00	199	0	0	0	nan	0.00	2.59	4.98	81.91	89.96	0.00	42	0	42	0.00	0.00	68.43	9.14	0.00	0.00	2000
225	10.72	2078	2123	0.00	200	0	0	0	nan	0.00	0.00	8.80	81.51	89.28	0.00	42	0	42	0.00	0.00	67.16	8.95	0.00	0.00	2000
222	10.83	2037	2113	0.00	201	0	0	0	nan	0.00	0.00	7.72	82.07	89.17	0.00	42	0	42	0.00	0.00	67.13	8.85	0.00	0.00	2000
221	11.01	2035	2070	0.00	198	0	0	0	nan	0.00	0.00	6.54	81.28	88.99	0.00	41	0	43	0.00	0.00	66.47	9.03	0.00	0.00	2000
222	10.69	2045	2131	0.00	194	0	0	0	nan	0.00	0.00	6.34	84.34	89.31	0.00	42	0	42	0.00	0.00	66.41	8.98	0.00	0.00	2000
220	11.00	2047	2050	0.00	196	0	0	0	nan	0.00	0.00	6.67	80.32	89.00	0.00	41	0	42	0.00	0.00	66.56	8.88	0.00	0.00	2000
223	10.66	2071	2121	0.00	198	0	0	0	nan	0.00	0.00	5.37	85.05	89.34	0.00	42	0	42	0.00	0.00	66.34	9.11	0.00	0.00	2000
222	10.71	2081	2089	0.00	197	0	0	0	nan	0.00	0.03	6.49	82.42	89.29	0.00	42	0	42	0.00	0.00	66.46	9.11	0.00	0.00	2000
223	10.42	2119	2123	0.59	198	0	0	34	7.28	0.00	0.00	6.48	83.92	89.58	0.00	42	0	42	0.00	0.00	66.96	8.99	0.00	0.00	2000
221	10.86	2062	2071	1.11	196	0	0	1	89.51	0.00	0.00	7.00	81.00	89.14	0.00	42	0	42	0.00	0.00	66.41	8.92	0.00	0.00	2000
222	10.62	2057	2136	0.00	195	0	0	0	nan	0.00	0.00	6.32	84.67	89.38	0.00	42	0	42	0.00	0.00	66.79	9.04	0.00	0.00	2000
217	11.20	2084	1956	0.00	197	0	0	0	nan	0.00	0.00	6.43	76.28	88.80	0.00	42	0	42	0.00	0.00	61.55	8.34	0.00	0.00	2000
227	10.37	2056	2239	0.00	216	0	0	0	nan	0.06	0.06	2.67	92.86	89.63	0.00	42	0	42	0.00	0.00	72.14	9.75	0.00	0.00	2000
221	10.56	2093	2098	0.00	195	0	0	0	nan	0.00	0.57	4.86	84.13	89.44	0.00	41	0	43	0.00	0.00	66.55	9.21	0.00	0.00	2000
221	10.41	2110	2112	0.00	197	0	0	0	nan	0.00	0.98	5.34	83.86	89.59	0.00	42	0	42	0.00	0.00	67.06	9.05	0.00	0.00	2000
221	10.92	2027	2093	0.00	195	0	0	0	nan	0.00	0.00	7.76	81.11	89.08	0.00	42	0	42	0.00	0.00	66.16	8.97	0.00	0.00	2000
225	10.78	2078	2104	0.00	195	0	0	0	nan	0.00	0.45	6.85	82.26	89.22	0.00	42	0	42	0.00	0.00	66.62	8.93	0.00	0.00	2000
222	10.79	2082	2072	0.00	203	0	0	0	nan	0.00	0.00	7.25	80.82	89.21	0.00	41	0	43	0.00	0.00	66.32	9.01	0.00	0.00	2000
222	10.59	2071	2121	0.00	197	0	0	0	nan	0.00	0.02	6.37	84.03	89.41	0.00	42	0	42	0.00	0.00	66.43	8.77	0.00	0.00	2000
227	10.78	2090	2119	0.00	195	0	0	0	nan	0.00	0.02	7.02	83.06	89.22	0.00	42	0	42	0.00	0.00	66.50	8.88	0.00	0.00	2000
221	10.84	2045	2098	0.00	197	0	0	0	nan	0.00	0.00	6.02	83.11	89.16	0.00	42	0	42	0.00	0.00	66.59	9.06	0.00	0.00	2000
222	10.90	2067	2072	0.00	197	0	0	0	nan	0.00	0.00	8.20	79.81	89.10	0.00	42	0	42	0.00	0.00	66.39	8.90	0.00	0.00	2000
224	10.68	2088	2114	0.00	203	0	0	0	nan	0.00	0.02	7.81	82.16	89.32	0.00	42	0	42	0.00	0.00	67.02	8.91	0.00	0.00	2000
220	10.56	2062	2119	0.00	194	0	0	0	nan	0.00	0.00	7.77	82.52	89.44	0.00	42	0	42	0.00	0.00	64.04	8.66	0.00	0.00	2000
222	11.04	2022	2088	0.00	195	0	0	0	nan	0.00	0.00	6.22	82.27	88.96	0.00	42	0	42	0.00	0.00	68.83	9.33	0.00	0.00	2000
227	11.29	2042	2070	0.37	198	0	0	29	7.50	0.00	0.00	7.18	80.38	88.71	0.00	42	0	42	0.00	0.00	63.95	8.68	0.00	0.00	2000
222	10.67	2045	2136	1.32	197	0	0	6	35.00	0.00	0.00	6.26	84.73	89.33	0.00	42	0	42	0.00	0.00	69.12	9.27	0.00	0.00	2000
225	10.74	2114	2083	0.00	203	0	0	0	nan	0.00	0.07	4.18	84.38	89.26	0.00	42	0	42	0.00	0.00	63.91	8.61	0.00	0.00	2000
221	10.38	2141	2090	0.00	196	0	0	0	nan	0.00	1.03	4.83	83.37	89.62	0.00	42	0	42	0.00	0.00	67.16	8.92	0.00	0.00	2000
222	10.54	2097	2109	0.00	199	0	0	0	nan	0.00	0.00	6.71	83.15	89.46	0.00	42	0	42	0.00	0.00	66.27	8.97	0.00	0.00	2000
314	13.90	2360	2009	0.00	202	0	0	0	nan	0.00	0.00	5.40	77.06	86.10	0.00	38	0	42	0.00	0.00	62.41	7.79	0.00	0.00	2000
384	15.23	2500	2121	0.00	213	0	0	0	nan	0.00	0.02	4.47	81.25	84.77	0.00	37	0	42	0.00	0.00	70.79	8.31	0.00	0.00	2000
383	15.28	2500	2103	0.00	231	0	0	0	nan	0.00	0.00	6.92	78.08	84.72	0.00	38	0	42	0.00	0.00	65.27	7.74	0.00	0.00	2000
380	15.26	2500	2093	0.00	196	0	0	0	nan	0.00	0.00	6.66	77.92	84.74	0.00	37	0	42	0.00	0.00	69.80	8.18	0.00	0.00	2000
384	15.31	2500	2106	0.00	229	0	0	0	nan	0.00	0.00	6.41	78.67	84.69	0.00	38	0	42	0.00	0.00	65.22	7.50	0.00	0.00	2000
381	15.28	2500	2095	0.00	201	0	0	0	nan	0.00	0.00	6.39	78.28	84.72	0.00	38	0	42	0.00	0.00	70.19	8.12	0.00	0.00	2000
381	15.21	2500	2106	0.00	229	0	0	0	nan	0.00	0.00	6.86	78.30	84.79	0.00	37	0	42	0.00	0.00	67.45	7.83	0.00	0.00	2000
380	15.25	2500	2093	0.00	198	0	0	0	nan	0.00	0.00	5.70	78.88	84.75	0.00	38	0	42	0.00	0.00	67.81	7.82	0.00	0.00	2000
383	15.27	2500	2106	0.00	232	0	0	0	nan	0.00	0.00	6.52	78.61	84.73	0.00	38	0	42	0.00	0.00	67.56	8.03	0.00	0.00	2000
380	15.24	2500	2095	0.00	196	0	0	0	nan	0.00	0.00	6.02	78.65	84.76	0.00	37	0	42	0.00	0.00	65.17	7.48	0.00	0.00	2000
382	15.23	2500	2106	0.00	230	0	0	0	nan	0.00	0.00	4.46	80.67	84.77	0.00	38	0	42	0.00	0.00	67.69	7.82	0.00	0.00	2000
384	15.42	2500	2092	0.01	201	0	0	7	15.48	0.00	0.48	6.53	77.42	84.58	0.00	38	0	42	0.00	0.00	64.68	7.59	0.00	0.00	2000
382	15.22	2500	2108	0.10	235	0	0	6	22.69	0.00	1.38	6.39	77.50	84.78	0.00	38	0	42	0.00	0.00	70.58	8.22	0.00	0.00	2000
381	15.28	2500	2094	0.00	199	0	0	0	nan	0.00	0.00	7.75	76.86	84.72	0.00	38	0	42	0.00	0.00	64.90	7.62	0.00	0.00	2000
383	15.28	2500	2104	0.00	227	0	0	0	nan	0.00	0.00	6.63	78.38	84.72	0.00	38	0	43	0.00	0.00	70.38	8.22	0.00	0.00	2000
382	15.30	2500	2097	0.00	202	0	0	0	nan	0.00	0.00	6.18	78.54	84.70	0.00	38	0	42	0.00	0.00	64.85	7.56	0.00	0.00	2000
381	15.21	2500	2107	0.00	228	0	0	0	nan	0.00	0.00	7.47	77.75	84.79	0.00	38	0	42	0.00	0.00	70.52	8.27	0.00	0.00	2000
379	15.23	2500	2091	0.00	198	0	0	0	nan	0.00	0.00	5.72	78.82	84.77	0.00	38	0	42	0.00	0.00	64.95	7.78	0.00	0.00	2000
384	15.30	2500	2106	0.00	232	0	0	0	nan	0.00	0.00	5.69	79.39	84.70	0.00	37	0	42	0.00	0.00	70.36	8.24	0.00	0.00	2000
380	15.25	2500	2095	0.00	199	0	0	0	nan	0.00	0.00	6.66	78.05	84.75	0.00	38	0	42	0.00	0.00	64.92	7.66	0.00	0.00	2000
380	15.17	2500	2105	0.00	214	0	0	0	nan	0.00	0.00	6.02	79.13	84.83	0.00	38	0	43	0.00	0.00	67.60	8.02	0.00	0.00	2000
382	15.33	2500	2094	0.00	215	0	0	0	nan	0.00	0.00	6.08	78.48	84.67	0.00	38	0	43	0.00	0.00	67.44	7.97	0.00	0.00	2000
382	15.23	2500	2106	0.00	235	0	0	0	nan	0.00	0.00	6.15	78.99	84.77	0.00	38	0	43	0.00	0.00	67.90	7.89	0.00	0.00	2000
380	15.21	2500	2095	0.00	198	0	0	0	nan	0.00	0.00	5.59	79.15	84.79	0.00	38	0	42	0.00	0.00	67.57	8.01	0.00	0.00	2000
381	15.20	2500	2104	0.00	211	0	0	0	nan	0.00	0.00	4.48	80.63	84.80	0.00	38	0	42	0.00	0.00	67.40	7.80	0.00	0.00	2000
383	15.36	2500	2095	0.00	223	0	0	0	nan	0.00	0.53	5.64	78.43	84.64	0.00	38	0	42	0.00	0.00	67.72	7.88	0.00	0.00	2000
383	15.26	2500	2106	0.00	242	0	0	0	nan	0.00	0.00	5.05	80.09	84.74	0.00	37	0	42	0.00	0.00	67.57	7.93	0.00	0.00	2000
380	15.24	2500	2093	0.03	199	0	0	9	10.51	0.00	0.00	6.36	78.25	84.76	0.00	38	0	42	0.00	0.00	67.78	7.91	0.00	0.00	2000
383	15.29	2500	2106	0.10	228	0	0	3	35.37	0.00	0.00	6.18	78.93	84.71	0.00	38	0	42	0.00	0.00	67.65	7.75	0.00	0.00	2000
380	15.24	2500	2094	0.00	199	0	0	0	nan	0.00	0.00	6.71	77.94	84.76	0.00	38	0	42	0.00	0.00	67.76	7.82	0.00	0.00	2000
381	15.22	2500	2106	0.00	233	0	0	0	nan	0.00	0.00	7.94	77.21	84.78	0.00	37	0	42	0.00	0.00	67.56	7.93	0.00	0.00	2000
380	15.26	2500	2095	0.00	198	0	0	0	nan	0.00	0.00	5.97	78.71	84.74	0.00	37	0	42	0.00	0.00	68.19	7.85	0.00	0.00	2000
383	15.27	2500	2105	0.00	229	0	0	0	nan	0.00	0.00	5.86	79.20	84.73	0.00	38	0	42	0.00	0.00	67.26	7.90	0.00	0.00	2000
380	15.23	2500	2094	0.00	204	0	0	0	nan	0.00	0.00	6.69	77.98	84.77	0.00	37	0	42	0.00	0.00	68.03	7.75	0.00	0.00	2000
381	15.20	2500	2106	0.00	225	0	0	0	nan	0.00	0.00	5.59	79.61	84.80	0.00	38	0	42	0.00	0.00	67.63	7.96	0.00	0.00	2000
382	15.33	2500	2093	0.00	202	0	0	0	nan	0.00	0.00	6.52	78.01	84.67	0.00	38	0	42	0.00	0.00	67.12	7.90	0.00	0.00	2000
381	15.19	2500	2107	0.00	232	0	0	0	nan	0.00	0.00	6.62	78.60	84.81	0.00	38	0	42	0.00	0.00	68.05	7.84	0.00	0.00	2000
380	15.25	2500	2094	0.00	198	0	0	0	nan	0.00	0.00	5.58	79.06	84.75	0.00	38	0	42	0.00	0.00	67.45	7.71	0.00	0.00	2000
383	15.29	2500	2106	0.00	231	0	0	0	nan	0.00	0.02	5.35	79.73	84.71	0.00	38	0	42	0.00	0.00	67.59	7.91	0.00	0.00	2000
379	15.23	2500	2093	0.00	202	0	0	0	nan	0.00	0.51	4.63	79.48	84.77	0.00	37	0	42	0.00	0.00	67.79	7.87	0.00	0.00	2000
381	15.20	2500	2107	0.00	229	0	0	0	nan	0.00	1.39	6.00	77.86	84.80	0.00	38	0	42	0.00	0.00	67.35	7.89	0.00	0.00	2000
380	15.22	2500	2095	0.00	198	0	0	0	nan	0.00	0.89	6.92	76.91	84.78	0.00	38	0	42	0.00	0.00	67.74	7.75	0.00	0.00	2000
390	15.55	2500	2106	0.00	231	0	0	0	nan	0.00	0.00	6.77	78.04	84.45	0.00	37	0	42	0.00	0.00	65.17	7.92	0.00	0.00	2000
381	15.30	2500	2094	0.08	203	0	0	11	9.30	0.00	0.00	6.73	77.89	84.70	0.00	38	0	42	0.00	0.00	70.04	7.91	0.00	0.00	2000
381	15.20	2500	2105	0.07	229	0	0	0	90.59	0.00	0.00	6.95	78.18	84.80	0.00	38	0	42	0.00	0.00	67.64	7.87	0.00	0.00	2000
383	15.38	2500	2093	0.00	200	0	0	0	nan	0.00	0.00	7.12	77.34	84.62	0.00	38	0	42	0.00	0.00	67.35	8.01	0.00	0.00	2000
382	15.21	2500	2109	0.00	234	0	0	0	nan	0.00	0.00	5.98	79.30	84.79	0.00	38	0	42	0.00	0.00	67.54	7.85	0.00	0.00	2000
380	15.25	2500	2093	0.00	198	0	0	0	nan	0.00	0.00	6.60	78.02	84.75	0.00	38	0	42	0.00	0.00	67.69	7.80	0.00	0.00	2000
380	15.18	2500	2105	0.00	213	0	0	0	nan	0.00	0.00	5.65	79.51	84.82	0.00	38	0	42	0.00	0.00	67.71	7.85	0.00	0.00	2000
384	15.40	2500	2094	0.00	224	0	0	0	nan	0.00	0.00	8.24	76.25	84.60	0.00	38	0	42	0.00	0.00	67.54	7.90	0.00	0.00	2000
381	15.21	2500	2107	0.00	232	0	0	0	nan	0.00	0.00	6.35	78.85	84.79	0.00	38	0	42	0.00	0.00	67.67	7.82	0.00	0.00	2000
381	15.30	2500	2094	0.00	195	0	0	0	nan	0.00	0.00	5.09	79.50	84.70	0.00	37	0	42	0.00	0.00	67.62	7.66	0.00	0.00	2000
384	15.30	2500	2106	0.00	230	0	0	0	nan	0.00	0.01	4.48	80.58	84.70	0.00	38	0	42	0.00	0.00	67.49	7.70	0.00	0.00	2000
380	15.25	2500	2094	0.00	199	0	0	0	nan	0.00	1.00	5.07	78.63	84.75	0.00	38	0	43	0.00	0.00	67.65	7.91	0.00	0.00	2000
386	15.42	2500	2105	0.00	246	0	0	0	nan	0.00	0.98	8.35	75.63	84.58	0.00	38	0	42	0.00	0.00	67.63	7.89	0.00	0.00	2000
382	15.33	2500	2093	0.00	199	0	0	0	nan	0.00	0.00	6.28	78.26	84.67	0.00	38	0	42	0.00	0.00	67.57	7.76	0.00	0.00	2000
381	15.19	2500	2108	0.00	231	0	0	0	nan	0.00	0.40	6.27	78.63	84.82	0.00	38	0	42	0.00	0.00	67.80	7.68	0.00	0.00	2000
381	15.31	2500	2093	0.00	200	0	0	0	nan	0.00	0.00	7.61	76.92	84.69	0.00	38	0	42	0.00	0.00	67.71	7.74	0.00	0.00	2000
381	15.20	2500	2106	0.00	230	0	0	0	nan	0.00	0.00	5.70	79.47	84.80	0.00	38	0	42	0.00	0.00	67.66	7.98	0.00	0.00	2000
382	15.34	2500	2094	0.11	198	0	0	10	3.40	0.00	0.00	6.21	78.33	84.66	0.00	38	0	42	0.00	0.00	67.56	7.68	0.00	0.00	2000
381	15.20	2500	2106	0.06	231	0	0	0	nan	0.00	0.00	7.56	77.64	84.80	0.00	38	0	42	0.00	0.00	67.65	7.92	0.00	0.00	2000
381	15.27	2500	2093	0.00	198	0	0	0	nan	0.00	0.00	6.20	78.40	84.73	0.00	38	0	43	0.00	0.00	67.49	7.86	0.00	0.00	2000
383	15.28	2500	2107	0.00	229	0	0	0	nan	0.00	0.00	5.97	79.17	84.72	0.00	38	0	42	0.00	0.00	67.56	7.85	0.00	0.00	2000
380	15.26	2500	2093	0.00	200	0	0	0	nan	0.00	0.00	6.27	78.32	84.74	0.00	38	0	42	0.00	0.00	67.70	7.78	0.00	0.00	2000
381	15.20	2500	2106	0.00	231	0	0	0	nan	0.00	0.00	5.20	79.97	84.80	0.00	37	0	42	0.00	0.00	67.47	7.79	0.00	0.00	2000
380	15.25	2500	2095	0.00	202	0	0	0	nan	0.00	0.00	5.12	79.55	84.75	0.00	38	0	42	0.00	0.00	67.72	7.80	0.00	0.00	2000
384	15.30	2500	2105	0.00	232	0	0	0	nan	0.00	0.04	4.97	80.06	84.70	0.00	38	0	42	0.00	0.00	67.53	7.73	0.00	0.00	2000
380	15.24	2500	2093	0.00	198	0	0	0	nan	0.00	1.85	5.17	77.65	84.76	0.00	38	0	42	0.00	0.00	67.38	7.78	0.00	0.00	2000
382	15.23	2500	2107	0.00	234	0	0	0	nan	0.00	0.48	7.26	77.46	84.77	0.00	38	0	42	0.00	0.00	67.73	7.91	0.00	0.00	2000
393	15.78	2500	2094	0.00	197	0	0	0	nan	0.00	0.00	7.30	76.79	84.22	0.00	38	0	42	0.00	0.00	67.67	7.94	0.00	0.00	2000
382	15.22	2500	2107	0.00	233	0	0	0	nan	0.00	0.88	6.73	77.61	84.78	0.00	37	0	42	0.00	0.00	67.79	7.81	0.00	0.00	2000
380	15.24	2500	2093	0.00	194	0	0	0	nan	0.00	0.00	6.79	77.84	84.76	0.00	38	0	42	0.00	0.00	67.62	7.80	0.00	0.00	2000
382	15.17	2500	2114	0.00	218	0	0	0	nan	0.00	0.00	6.28	79.22	84.83	0.00	38	0	42	0.00	0.00	67.91	8.02	0.00	0.00	2000
246	11.17	2121	2176	0.00	213	0	0	0	nan	0.00	0.00	8.16	83.98	88.83	0.00	38	0	42	0.00	0.00	67.13	7.75	0.00	0.00	2000
231	11.21	2056	2101	0.00	216	0	0	0	nan	0.00	0.00	9.75	79.17	88.79	0.00	38	0	42	0.00	0.00	64.15	7.45	0.00	0.00	2000
228	10.99	2063	2110	1.07	181	0	0	1	80.36	0.00	0.00	8.11	81.46	89.01	0.00	39	0	42	0.00	0.00	64.34	7.60	0.00	0.00	2000
230	11.02	2077	2107	0.38	214	0	0	0	nan	0.00	0.00	7.93	81.41	88.98	0.00	38	0	42	0.00	0.00	64.79	7.50	0.00	0.00	2000
228	11.00	2092	2078	0.00	180	0	0	0	nan	0.00	0.00	6.63	81.37	89.00	0.00	38	0	42	0.00	0.00	64.72	7.62	0.00	0.00	2000
224	10.89	2092	2069	0.00	237	0	0	0	nan	0.00	0.00	8.38	79.46	89.11	0.00	38	0	42	0.00	0.00	63.92	7.45	0.00	0.00	2000
222	10.59	2075	2122	0.00	212	0	0	0	nan	0.00	0.00	6.48	83.92	89.41	0.00	39	0	43	0.00	0.00	64.52	7.59	0.00	0.00	2000
221	10.76	2060	2094	0.00	213	0	0	0	nan	0.00	2.39	2.93	83.91	89.24	0.00	40	0	42	0.00	0.00	64.30	7.40	0.00	0.00	2000
223	11.04	2050	2068	0.00	216	0	0	0	nan	0.03	0.24	3.29	84.23	88.96	0.00	40	0	42	0.00	0.00	64.62	7.67	0.00	0.00	2000
219	10.44	2021	2183	0.00	203	0	0	0	nan	0.00	0.02	5.11	88.12	89.56	0.00	38	0	43	0.00	0.00	67.90	8.04	0.00	0.00	2000
147	9.09	1644	2067	0.00	223	0	0	0	nan	0.00	0.00	8.74	80.74	90.91	0.00	37	0	42	0.00	0.00	60.88	7.71	0.00	0.00	2000
105	7.97	1309	2106	0.00	161	0	0	0	nan	0.00	0.00	6.05	86.24	92.03	0.00	37	0	42	0.00	0.00	55.89	7.30	0.00	0.00	2000
