Avg_MHz	Busy%	Bzy_MHz	TSC_MHz	IPC	IRQ	NMI	SMI	LLCMRPS	LLC%hit	POLL%	C1%	C1E%	C6%	CPU%c1	CPU%c6	CoreTmp	CoreThr	PkgTmp	Pkg%pc2	Pkg%pc6	PkgWatt	RAMWatt	PKG_%	RAM_%	UncMHz
313	15.73	1947	2147	0.00	276	0	0	0	nan	0.00	0.15	24.59	61.42	84.27	0.00	37	0	43	0.00	0.00	66.99	8.07	0.00	0.00	2000
364	16.36	2200	2124	0.00	234	0	0	0	nan	0.01	2.27	20.42	62.16	83.64	0.00	37	0	42	0.00	0.00	64.93	7.70	0.00	0.00	2000
77	6.92	1111	2098	0.00	193	0	0	0	nan	0.00	0.02	7.82	85.13	93.08	0.00	37	0	43	0.00	0.00	59.96	7.30	0.00	0.00	2000
74	6.83	1078	2111	0.00	193	0	0	0	nan	0.01	0.00	3.51	90.19	93.17	0.00	37	0	42	0.00	0.00	58.30	7.53	0.00	0.00	2000
74	6.67	1110	2090	0.00	194	0	0	0	nan	0.00	0.00	3.05	89.86	93.33	0.00	37	0	42	0.00	0.00	57.82	7.40	0.00	0.00	2000
72	6.72	1069	2091	0.00	193	0	0	0	nan	0.00	0.01	2.61	90.27	93.28	0.00	37	0	42	0.00	0.00	58.80	7.41	0.00	0.00	2000
73	6.75	1079	2112	0.00	194	0	0	0	nan	0.00	0.00	2.27	91.53	93.25	0.00	37	0	42	0.00	0.00	58.09	7.50	0.00	0.00	2000
72	6.80	1053	2112	0.00	193	0	0	0	nan	0.00	0.00	2.56	91.24	93.20	0.00	37	0	42	0.00	0.00	60.47	7.86	0.00	0.00	2000
73	6.27	1164	2103	0.00	194	0	0	0	nan	0.00	0.02	2.34	91.49	93.73	0.00	37	0	43	0.00	0.00	56.70	7.38	0.00	0.00	2000
72	6.39	1137	2080	0.00	195	0	0	0	nan	0.00	0.00	2.93	89.86	93.61	0.00	37	0	42	0.00	0.00	57.72	7.55	0.00	0.00	2000
76	6.72	1122	2107	0.00	199	0	0	0	nan	0.00	0.00	4.60	89.06	93.28	0.00	37	0	42	0.00	0.00	58.26	7.51	0.00	0.00	2000
72	6.81	1066	2094	0.00	196	0	0	0	nan	0.00	0.00	3.21	89.77	93.19	0.00	37	0	42	0.00	0.00	58.08	7.46	0.00	0.00	2000
73	6.68	1090	2095	0.00	193	0	0	0	nan	0.00	0.00	2.95	90.25	93.32	0.00	37	0	42	0.00	0.00	57.58	7.37	0.00	0.00	2000
72	6.58	1085	2112	0.00	193	0	0	0	nan	0.00	0.00	3.14	90.81	93.42	0.00	37	0	42	0.00	0.00	58.29	7.43	0.00	0.00	2000
74	6.64	1123	2094	0.00	195	0	0	0	nan	0.00	0.01	3.03	90.00	93.36	0.00	37	0	42	0.00	0.00	58.24	7.30	0.00	0.00	2000
71	6.51	1089	2111	0.00	194	0	0	1	86.96	0.00	0.00	3.11	90.93	93.49	0.00	37	0	42	0.00	0.00	57.74	7.59	0.00	0.00	2000
94	7.66	1228	2095	0.27	193	0	0	5	56.21	0.00	0.02	4.08	88.08	92.34	0.00	37	0	43	0.00	0.00	58.71	7.50	0.00	0.00	2000
72	6.89	1051	2099	0.06	193	0	0	0	nan	0.00	0.01	2.92	90.25	93.11	0.00	37	0	42	0.00	0.00	57.84	7.51	0.00	0.00	2000
163	9.32	1754	2099	0.00	216	0	0	0	nan	0.01	0.16	5.40	85.28	90.68	0.00	38	0	43	0.00	0.00	61.40	7.29	0.00	0.00	2000
231	10.92	2102	2113	0.00	203	0	0	0	nan	0.00	0.00	3.53	86.12	89.08	0.00	40	0	42	0.00	0.00	62.96	7.09	0.00	0.00	2000
231	11.04	2107	2084	0.00	203	0	0	0	nan	0.00	0.02	3.28	85.11	88.96	0.00	40	0	42	0.00	0.00	67.33	7.52	0.00	0.00	2000
226	11.11	2056	2082	0.00	214	0	0	0	nan	0.00	0.00	3.17	85.08	88.89	0.00	40	0	42	0.00	0.00	63.19	7.25	0.00	0.00	2000
238	11.24	2085	2130	0.00	213	0	0	0	nan	0.00	0.00	7.70	82.47	88.76	0.00	38	0	43	0.00	0.00	68.15	7.80	0.00	0.00	2000
230	10.75	2151	2090	0.00	179	0	0	0	nan	0.00	0.01	6.33	82.58	89.25	0.00	38	0	42	0.00	0.00	65.05	7.72	0.00	0.00	2000
227	11.83	2059	1958	0.00	197	0	0	0	nan	0.00	0.01	4.36	77.94	88.17	0.00	38	0	43	0.00	0.00	55.34	6.62	0.00	0.00	2000
234	10.45	2054	2293	0.00	264	0	0	0	nan	0.00	0.00	7.63	90.26	89.55	0.00	37	0	42	0.00	0.00	79.69	8.90	0.00	0.00	2000
230	11.33	2031	2095	0.00	196	0	0	0	nan	0.00	0.00	5.84	82.73	88.67	0.00	37	0	43	0.00	0.00	64.90	7.65	0.00	0.00	2000
228	11.26	2027	2096	0.00	198	0	0	0	nan	0.00	0.00	6.52	82.12	88.74	0.00	38	0	43	0.00	0.00	65.45	7.54	0.00	0.00	2000
229	11.09	2069	2099	0.00	196	0	0	0	nan	0.00	0.00	5.08	83.89	88.91	0.00	37	0	42	0.00	0.00	64.32	7.49	0.00	0.00	2000
228	11.03	2106	2065	0.00	201	0	0	0	nan	0.00	0.00	5.43	82.15	88.97	0.00	38	0	43	0.00	0.00	60.64	6.98	0.00	0.00	2000
233	11.15	2059	2130	0.00	201	0	0	0	nan	0.00	0.00	4.68	85.49	88.85	0.00	38	0	43	0.00	0.00	69.02	7.94	0.00	0.00	2000
231	11.57	2025	2072	0.00	219	0	0	0	nan	0.01	0.06	6.51	80.78	88.43	0.00	38	0	42	0.00	0.00	62.66	7.32	0.00	0.00	2000
232	10.99	2096	2120	0.00	215	0	0	5	81.74	0.00	0.06	4.06	85.89	89.01	0.00	38	0	42	0.00	0.00	63.76	7.24	0.00	0.00	2000
225	11.41	2033	2039	0.43	199	0	0	17	82.17	0.00	0.04	3.78	82.29	88.59	0.00	37	0	42	0.00	0.00	60.16	7.18	0.00	0.00	2000
230	10.73	2103	2137	0.00	250	0	0	0	nan	0.00	0.00	5.93	84.93	89.27	0.00	38	0	43	0.00	0.00	69.24	7.95	0.00	0.00	2000
241	11.59	2060	2123	0.00	220	0	0	0	nan	0.00	0.02	4.74	84.70	88.41	0.00	37	0	42	0.00	0.00	67.79	7.81	0.00	0.00	2000
224	11.14	1999	2111	0.00	199	0	0	0	nan	0.00	0.02	5.06	84.43	88.86	0.00	38	0	42	0.00	0.00	66.74	8.08	0.00	0.00	2000
234	11.25	2076	2100	0.00	202	0	0	0	nan	0.00	0.00	6.27	82.61	88.75	0.00	38	0	42	0.00	0.00	62.56	7.58	0.00	0.00	2000
235	11.28	2052	2129	0.00	210	0	0	0	nan	0.00	0.00	5.85	84.21	88.72	0.00	38	0	43	0.00	0.00	68.40	8.13	0.00	0.00	2000
227	11.10	2071	2077	0.00	201	0	0	0	nan	0.00	0.02	4.53	83.48	88.90	0.00	38	0	42	0.00	0.00	61.62	7.67	0.00	0.00	2000
236	11.22	2077	2125	0.00	196	0	0	0	nan	0.00	0.03	4.19	85.76	88.78	0.00	38	0	42	0.00	0.00	68.66	8.29	0.00	0.00	2000
228	11.01	2095	2071	0.00	197	0	0	0	nan	0.00	0.00	4.87	83.04	88.99	0.00	38	0	43	0.00	0.00	61.59	7.46	0.00	0.00	2000
233	11.08	2100	2101	0.00	203	0	0	0	nan	0.00	0.00	4.40	84.65	88.92	0.00	38	0	42	0.00	0.00	65.01	7.97	0.00	0.00	2000
230	11.24	2060	2089	0.00	200	0	0	0	nan	0.00	0.00	4.97	83.39	88.76	0.00	39	0	43	0.00	0.00	63.36	7.51	0.00	0.00	2000
232	11.07	2082	2113	0.00	196	0	0	0	nan	0.01	0.01	3.60	86.01	88.93	0.00	39	0	42	0.00	0.00	65.84	7.55	0.00	0.00	2000
226	10.61	2119	2110	0.00	213	0	0	0	nan	0.00	1.00	5.51	83.34	89.39	0.00	39	0	42	0.00	0.00	65.31	7.52	0.00	0.00	2000
231	11.33	2038	2100	0.00	198	0	0	0	nan	0.00	0.02	5.13	83.71	88.67	0.00	39	0	42	0.00	0.00	64.73	7.41	0.00	0.00	2000
227	11.30	2031	2074	0.00	202	0	0	0	nan	0.00	0.00	5.77	81.95	88.70	0.00	39	0	42	0.00	0.00	62.54	7.53	0.00	0.00	2000
233	10.91	2114	2121	0.00	198	0	0	0	nan	0.00	0.00	5.60	84.48	89.09	0.00	39	0	43	0.00	0.00	66.46	7.57	0.00	0.00	2000
229	10.92	2094	2104	0.40	213	0	0	3	91.42	0.00	0.02	4.35	84.96	89.08	0.00	39	0	42	0.00	0.00	64.37	7.47	0.00	0.00	2000
232	10.63	2168	2117	0.40	211	0	0	0	86.78	0.00	0.00	9.44	80.60	89.37	0.00	39	0	42	0.00	0.00	66.32	7.57	0.00	0.00	2000
231	11.21	2069	2089	0.00	204	0	0	0	nan	0.00	0.00	6.35	82.06	88.79	0.00	39	0	42	0.00	0.00	64.11	7.36	0.00	0.00	2000
229	11.03	2067	2108	0.00	203	0	0	0	nan	0.00	0.00	5.00	84.40	88.97	0.00	39	0	42	0.00	0.00	67.01	7.63	0.00	0.00	2000
229	10.96	2091	2101	0.00	198	0	0	0	nan	0.00	0.02	4.80	84.34	89.04	0.00	39	0	42	0.00	0.00	62.78	7.16	0.00	0.00	2000
230	11.06	2082	2101	0.00	194	0	0	0	nan	0.01	0.02	3.57	85.48	88.94	0.00	39	0	43	0.00	0.00	62.64	7.23	0.00	0.00	2000
225	10.59	2162	2060	0.00	199	0	0	0	nan	0.00	0.00	5.00	82.75	89.41	0.00	39	0	42	0.00	0.00	64.90	7.48	0.00	0.00	2000
232	10.86	2120	2113	0.00	197	0	0	0	nan	0.00	0.57	2.72	86.51	89.14	0.00	40	0	43	0.00	0.00	66.86	7.64	0.00	0.00	2000
227	10.83	2100	2094	0.00	208	0	0	0	nan	0.01	0.06	3.89	85.06	89.17	0.00	39	0	43	0.00	0.00	64.75	7.46	0.00	0.00	2000
234	11.01	2098	2125	0.00	214	0	0	0	nan	0.00	0.93	5.54	83.57	88.99	0.00	39	0	43	0.00	0.00	64.66	7.60	0.00	0.00	2000
229	10.98	2073	2109	0.00	198	0	0	0	nan	0.00	0.00	7.09	82.40	89.02	0.00	39	0	43	0.00	0.00	64.96	7.96	0.00	0.00	2000
230	11.18	2061	2099	0.00	195	0	0	0	nan	0.00	0.00	5.32	83.49	88.82	0.00	39	0	42	0.00	0.00	67.45	7.96	0.00	0.00	2000
224	11.21	2050	2042	0.00	200	0	0	0	nan	0.00	0.02	5.08	81.27	88.79	0.00	40	0	42	0.00	0.00	60.72	7.09	0.00	0.00	2000
234	11.01	2088	2135	0.00	212	0	0	0	nan	0.00	0.03	5.68	84.91	88.99	0.00	39	0	42	0.00	0.00	66.35	7.29	0.00	0.00	2000
227	11.03	2045	2117	0.00	215	0	0	0	nan	0.00	0.00	5.85	83.89	88.97	0.00	39	0	42	0.00	0.00	64.93	7.86	0.00	0.00	2000
232	11.32	2043	2108	0.00	199	0	0	0	nan	0.00	0.00	4.01	85.12	88.68	0.00	39	0	42	0.00	0.00	64.29	7.49	0.00	0.00	2000
225	10.87	2109	2064	0.00	199	0	0	0	nan	0.00	0.02	4.22	83.51	89.13	0.00	39	0	42	0.00	0.00	63.24	7.28	0.00	0.00	2000
232	11.32	2039	2114	0.86	202	0	0	4	86.95	0.00	0.02	5.38	83.97	88.68	0.00	39	0	42	0.00	0.00	66.04	7.81	0.00	0.00	2000
229	10.78	2109	2111	0.33	212	0	0	0	nan	0.00	0.54	4.94	84.33	89.22	0.00	40	0	42	0.00	0.00	64.42	7.54	0.00	0.00	2000
237	11.21	2098	2114	0.00	196	0	0	0	nan	0.00	0.48	5.78	83.15	88.79	0.00	40	0	42	0.00	0.00	65.30	7.57	0.00	0.00	2000
225	11.31	2035	2054	0.00	197	0	0	0	nan	0.00	0.43	5.09	81.35	88.69	0.00	40	0	42	0.00	0.00	62.86	7.29	0.00	0.00	2000
235	11.32	2051	2123	0.00	200	0	0	0	nan	0.00	0.02	5.22	84.51	88.68	0.00	39	0	43	0.00	0.00	66.53	7.69	0.00	0.00	2000
228	11.22	2015	2119	0.00	219	0	0	0	nan	0.00	0.00	6.98	82.76	88.78	0.00	40	0	43	0.00	0.00	64.52	7.47	0.00	0.00	2000
230	10.99	2092	2103	0.00	197	0	0	0	nan	0.00	0.00	5.05	84.15	89.01	0.00	40	0	43	0.00	0.00	65.15	7.46	0.00	0.00	2000
226	10.95	2074	2088	0.00	197	0	0	0	nan	0.00	0.00	5.75	82.88	89.05	0.00	40	0	42	0.00	0.00	64.74	7.51	0.00	0.00	2000
227	11.36	2012	2083	0.00	199	0	0	0	nan	0.00	0.00	4.95	83.03	88.64	0.00	40	0	42	0.00	0.00	63.63	7.39	0.00	0.00	2000
232	11.03	2077	2131	0.00	201	0	0	0	nan	0.00	0.00	4.49	85.86	88.97	0.00	40	0	43	0.00	0.00	63.61	7.25	0.00	0.00	2000
230	10.99	2095	2096	0.00	196	0	0	0	nan	0.00	0.00	5.55	83.38	89.01	0.00	40	0	43	0.00	0.00	67.36	7.88	0.00	0.00	2000
224	10.73	2121	2064	0.00	197	0	0	0	nan	0.00	0.00	5.37	82.40	89.27	0.00	40	0	42	0.00	0.00	63.41	7.29	0.00	0.00	2000
229	10.98	2081	2108	0.00	198	0	0	0	nan	0.00	0.02	3.86	85.65	89.02	0.00	40	0	42	0.00	0.00	64.52	7.39	0.00	0.00	2000
233	11.18	2054	2133	0.00	213	0	0	0	nan	0.00	0.00	4.73	85.53	88.82	0.00	40	0	42	0.00	0.00	64.49	7.56	0.00	0.00	2000
225	10.97	2092	2062	0.00	202	0	0	0	nan	0.00	0.03	4.64	82.79	89.03	0.00	39	0	43	0.00	0.00	65.58	8.00	0.00	0.00	2000
229	11.27	2031	2102	0.00	196	0	0	0	nan	0.00	0.00	4.82	84.08	88.73	0.00	40	0	43	0.00	0.00	62.70	7.44	0.00	0.00	2000
232	11.18	2044	2135	0.00	212	0	0	0	nan	0.00	0.04	4.72	85.65	88.82	0.00	39	0	42	0.00	0.00	66.15	7.62	0.00	0.00	2000
228	10.97	2076	2098	0.86	195	0	0	1	78.20	0.00	0.00	6.21	82.80	89.03	0.00	39	0	42	0.00	0.00	65.00	7.60	0.00	0.00	2000
227	10.97	2105	2063	0.18	201	0	0	0	nan	0.00	0.00	6.10	81.47	89.03	0.00	39	0	42	0.00	0.00	62.74	7.36	0.00	0.00	2000
231	11.18	2050	2120	0.00	195	0	0	0	nan	0.00	0.00	5.45	84.32	88.82	0.00	39	0	43	0.00	0.00	63.83	7.47	0.00	0.00	2000
224	10.42	2163	2083	0.00	214	0	0	0	nan	0.00	0.00	5.23	83.73	89.58	0.00	40	0	42	0.00	0.00	66.44	7.40	0.00	0.00	2000
231	11.09	2070	2112	0.00	197	0	0	0	nan	0.00	0.01	4.03	85.50	88.91	0.00	40	0	42	0.00	0.00	63.57	7.18	0.00	0.00	2000
226	10.81	2109	2084	0.00	215	0	0	0	nan	0.00	0.02	4.87	83.71	89.19	0.00	39	0	42	0.00	0.00	66.03	7.51	0.00	0.00	2000
231	10.96	2094	2111	0.00	206	0	0	0	nan	0.00	0.03	2.17	87.34	89.04	0.00	40	0	42	0.00	0.00	63.24	7.24	0.00	0.00	2000
225	10.84	2087	2087	0.00	216	0	0	0	nan	0.00	0.06	4.07	84.58	89.16	0.00	39	0	43	0.00	0.00	66.04	7.57	0.00	0.00	2000
231	11.12	2060	2118	0.00	204	0	0	0	nan	0.00	0.02	3.07	86.66	88.88	0.00	39	0	42	0.00	0.00	64.08	7.37	0.00	0.00	2000
233	10.95	2104	2126	0.00	213	0	0	0	nan	0.00	0.03	4.83	85.52	89.05	0.00	39	0	43	0.00	0.00	69.17	7.74	0.00	0.00	2000
224	11.01	2072	2063	0.00	182	0	0	0	nan	0.00	0.05	3.38	84.10	88.99	0.00	39	0	42	0.00	0.00	60.69	6.88	0.00	0.00	2000
236	11.71	2009	2107	0.00	214	0	0	0	nan	0.00	0.00	7.01	81.65	88.29	0.00	39	0	42	0.00	0.00	67.86	7.54	0.00	0.00	2000
226	10.85	2098	2088	0.00	196	0	0	0	nan	0.00	0.01	4.88	83.79	89.15	0.00	40	0	42	0.00	0.00	62.72	7.11	0.00	0.00	2000
230	11.09	2056	2118	0.00	199	0	0	0	nan	0.00	0.02	4.68	85.09	88.91	0.00	39	0	42	0.00	0.00	64.56	7.41	0.00	0.00	2000
232	11.08	2070	2121	0.00	216	0	0	0	nan	0.00	0.00	5.45	84.42	88.92	0.00	39	0	42	0.00	0.00	68.19	7.60	0.00	0.00	2000
223	11.00	2062	2066	0.00	198	0	0	0	nan	0.00	0.02	6.29	81.37	89.00	0.00	39	0	42	0.00	0.00	62.30	7.09	0.00	0.00	2000
240	11.68	2047	2112	0.00	199	0	0	2	92.08	0.00	0.00	4.11	84.82	88.32	0.00	39	0	42	0.00	0.00	64.96	7.44	0.00	0.00	2000
234	10.94	2117	2122	0.79	213	0	0	6	88.04	0.00	0.01	4.52	85.62	89.06	0.00	39	0	42	0.00	0.00	68.02	7.76	0.00	0.00	2000
227	11.09	2072	2075	0.00	198	0	0	0	nan	0.00	0.04	4.40	83.52	88.91	0.00	39	0	42	0.00	0.00	63.45	7.85	0.00	0.00	2000
236	11.09	2094	2131	0.00	203	0	0	0	nan	0.01	0.01	6.06	84.02	88.91	0.00	39	0	43	0.00	0.00	64.28	8.00	0.00	0.00	2000
225	10.88	2093	2078	0.00	197	0	0	0	nan	0.00	0.07	3.64	84.58	89.12	0.00	40	0	43	0.00	0.00	67.42	7.54	0.00	0.00	2000
231	11.09	2098	2081	0.00	201	0	0	0	nan	0.00	0.99	5.09	82.17	88.91	0.00	40	0	42	0.00	0.00	63.51	7.56	0.00	0.00	2000
233	11.11	2061	2140	0.00	198	0	0	0	nan	0.00	0.00	5.64	84.99	88.89	0.00	40	0	42	0.00	0.00	67.27	7.89	0.00	0.00	2000
231	11.50	2031	2081	0.00	197	0	0	0	nan	0.00	0.02	4.67	83.17	88.50	0.00	40	0	43	0.00	0.00	63.73	7.43	0.00	0.00	2000
222	10.86	2067	2076	0.00	217	0	0	0	nan	0.00	0.00	5.73	82.46	89.14	0.00	40	0	43	0.00	0.00	67.42	7.71	0.00	0.00	2000
232	11.12	2067	2117	0.00	197	0	0	0	nan	0.00	0.02	5.36	84.30	88.88	0.00	40	0	43	0.00	0.00	65.09	7.47	0.00	0.00	2000
227	10.95	2049	2120	0.00	212	0	0	0	nan	0.00	0.02	4.97	85.02	89.05	0.00	40	0	43	0.00	0.00	67.90	8.06	0.00	0.00	2000
229	11.22	2047	2098	0.00	194	0	0	0	nan	0.00	0.02	5.18	83.59	88.78	0.00	41	0	43	0.00	0.00	66.40	7.71	0.00	0.00	2000
233	11.06	2100	2104	0.00	200	0	0	0	nan	0.00	0.00	5.35	83.81	88.94	0.00	40	0	42	0.00	0.00	66.88	7.77	0.00	0.00	2000
228	11.18	2038	2101	0.00	204	0	0	0	nan	0.00	0.00	5.12	83.85	88.82	0.00	41	0	42	0.00	0.00	64.85	7.72	0.00	0.00	2000
228	11.03	2069	2100	0.00	199	0	0	0	nan	0.00	0.03	3.05	85.88	88.98	0.00	40	0	42	0.00	0.00	66.33	7.76	0.00	0.00	2000
222	11.28	2022	2044	0.00	197	0	0	0	nan	0.00	0.02	3.18	83.20	88.72	0.00	40	0	43	0.00	0.00	61.16	7.39	0.00	0.00	2000
235	11.23	2048	2146	0.00	213	0	0	0	nan	0.01	0.02	3.63	87.22	88.77	0.00	39	0	43	0.00	0.00	68.29	8.21	0.00	0.00	2000
231	11.09	2075	2111	0.08	218	0	0	3	82.80	0.00	0.01	6.38	83.05	88.91	0.00	40	0	43	0.00	0.00	67.70	7.77	0.00	0.00	2000
227	11.08	2050	2099	0.61	197	0	0	3	90.50	0.00	0.00	6.27	82.77	88.92	0.00	39	0	42	0.00	0.00	65.30	7.60	0.00	0.00	2000
224	11.33	2004	2076	0.00	197	0	0	0	nan	0.00	0.00	4.92	82.82	88.67	0.00	40	0	43	0.00	0.00	63.54	7.50	0.00	0.00	2000
233	10.94	2092	2136	0.00	195	0	0	0	nan	0.00	0.02	4.72	85.92	89.06	0.00	40	0	43	0.00	0.00	65.90	8.18	0.00	0.00	2000
229	11.27	2046	2085	0.00	197	0	0	0	nan	0.00	0.02	4.90	83.34	88.73	0.00	41	0	43	0.00	0.00	65.93	7.72	0.00	0.00	2000
228	11.11	2053	2095	0.00	202	0	0	0	nan	0.00	0.00	5.46	83.28	88.89	0.00	40	0	43	0.00	0.00	62.22	7.34	0.00	0.00	2000
231	11.21	2046	2113	0.00	198	0	0	0	nan	0.00	0.01	5.38	84.07	88.79	0.00	41	0	42	0.00	0.00	67.38	7.71	0.00	0.00	2000
227	11.10	2051	2098	0.00	196	0	0	0	nan	0.00	0.00	4.28	84.65	88.90	0.00	40	0	43	0.00	0.00	64.99	7.85	0.00	0.00	2000
227	10.88	2089	2093	0.00	197	0	0	0	nan	0.00	0.00	4.98	83.91	89.12	0.00	40	0	43	0.00	0.00	65.38	7.65	0.00	0.00	2000
226	11.48	1995	2073	0.00	201	0	0	0	nan	0.00	0.52	3.74	83.24	88.52	0.00	40	0	43	0.00	0.00	62.75	7.33	0.00	0.00	2000
233	10.95	2095	2134	0.00	202	0	0	0	nan	0.00	0.05	4.58	85.98	89.05	0.00	40	0	42	0.00	0.00	66.52	7.71	0.00	0.00	2000
226	11.09	2058	2078	0.00	197	0	0	0	nan	0.00	0.02	4.10	83.87	88.91	0.00	40	0	43	0.00	0.00	64.76	8.21	0.00	0.00	2000
232	10.85	2111	2123	0.00	213	0	0	0	nan	0.00	0.53	4.32	85.31	89.15	0.00	40	0	42	0.00	0.00	63.63	7.54	0.00	0.00	2000
228	11.00	2069	2107	0.00	196	0	0	0	nan	0.00	0.00	6.96	82.47	89.00	0.00	40	0	42	0.00	0.00	65.89	7.78	0.00	0.00	2000
231	11.38	2037	2092	0.00	198	0	0	0	nan	0.00	0.00	5.71	82.69	88.62	0.00	40	0	43	0.00	0.00	63.47	7.40	0.00	0.00	2000
229	10.95	2094	2101	0.00	201	0	0	0	nan	0.00	0.00	7.09	82.12	89.05	0.00	40	0	43	0.00	0.00	65.33	7.67	0.00	0.00	2000
227	10.95	2070	2104	0.00	197	0	0	0	nan	0.00	0.00	6.30	83.05	89.05	0.00	41	0	43	0.00	0.00	65.61	7.74	0.00	0.00	2000
230	11.28	2047	2095	0.00	200	0	0	5	79.51	0.00	0.02	6.24	82.29	88.72	0.00	40	0	42	0.00	0.00	63.87	7.40	0.00	0.00	2000
229	11.12	2082	2073	0.67	196	0	0	5	91.58	0.00	0.00	5.59	82.17	88.88	0.00	39	0	42	0.00	0.00	65.02	7.51	0.00	0.00	2000
232	10.72	2133	2128	0.00	213	0	0	0	nan	0.00	0.03	5.88	84.73	89.28	0.00	40	0	42	0.00	0.00	65.09	7.42	0.00	0.00	2000
227	10.83	2109	2086	0.00	200	0	0	0	nan	0.00	0.00	5.75	82.91	89.17	0.00	40	0	43	0.00	0.00	64.73	7.38	0.00	0.00	2000
225	11.08	2067	2061	0.00	198	0	0	0	nan	0.00	0.01	3.15	84.20	88.92	0.00	38	0	42	0.00	0.00	59.53	6.98	0.00	0.00	2000
231	10.81	2074	2167	0.00	228	0	0	0	nan	0.00	0.00	5.77	86.43	89.19	0.00	40	0	42	0.00	0.00	74.03	8.35	0.00	0.00	2000
231	10.87	2132	2093	0.00	198	0	0	0	nan	0.00	0.01	6.06	82.81	89.13	0.00	40	0	43	0.00	0.00	62.13	7.23	0.00	0.00	2000
223	10.99	2069	2065	0.00	203	0	0	0	nan	0.00	0.04	4.58	83.00	89.01	0.00	38	0	43	0.00	0.00	59.53	6.98	0.00	0.00	2000
229	10.99	2064	2122	0.00	217	0	0	0	nan	0.00	0.00	6.31	83.63	89.01	0.00	40	0	43	0.00	0.00	72.27	8.82	0.00	0.00	2000
231	11.01	2088	2108	0.00	196	0	0	0	nan	0.00	0.01	5.36	84.03	88.99	0.00	40	0	42	0.00	0.00	64.74	7.35	0.00	0.00	2000
227	11.10	2060	2091	0.00	198	0	0	0	nan	0.00	0.02	4.42	84.20	88.90	0.00	40	0	43	0.00	0.00	62.14	7.16	0.00	0.00	2000
235	11.27	2053	2131	0.00	220	0	0	0	nan	0.00	0.00	5.79	84.33	88.73	0.00	40	0	43	0.00	0.00	66.44	8.65	0.00	0.00	2000
224	10.93	2078	2068	0.00	199	0	0	0	nan	0.00	0.00	6.03	81.78	89.07	0.00	40	0	43	0.00	0.00	64.05	7.58	0.00	0.00	2000
235	10.99	2115	2124	0.00	212	0	0	0	nan	0.00	0.02	4.22	85.81	89.01	0.00	40	0	43	0.00	0.00	67.28	7.97	0.00	0.00	2000
197	10.01	1963	2102	0.00	188	0	0	0	nan	0.00	0.03	5.25	84.85	89.99	0.00	38	0	42	0.00	0.00	64.36	7.69	0.00	0.00	2000
106	7.75	1385	2074	0.00	223	0	0	0	nan	0.00	1.74	7.51	82.03	92.25	0.00	38	0	42	0.00	0.00	59.77	7.42	0.00	0.00	2000
83	7.56	1090	2104	0.00	162	0	0	0	nan	0.00	0.00	5.40	87.12	92.44	0.00	37	0	43	0.00	0.00	59.60	7.79	0.00	0.00	2000
