Avg_MHz	Busy%	Bzy_MHz	TSC_MHz	IPC	IRQ	NMI	SMI	LLCMRPS	LLC%hit	POLL%	C1%	C1E%	C6%	CPU%c1	CPU%c6	CoreTmp	CoreThr	PkgTmp	Pkg%pc2	Pkg%pc6	PkgWatt	RAMWatt	PKG_%	RAM_%	UncMHz
340	17.17	1915	2171	0.00	263	0	0	0	nan	0.01	0.93	40.64	44.35	82.83	0.00	37	0	42	0.00	0.00	63.81	7.55	0.00	0.00	2000
308	15.19	2049	2077	0.00	212	0	0	0	nan	0.01	3.07	17.48	63.63	84.81	0.00	37	0	42	0.00	0.00	66.07	7.58	0.00	0.00	2000
78	7.00	1099	2138	0.00	193	0	0	0	nan	0.00	0.00	5.02	89.78	93.00	0.00	37	0	42	0.00	0.00	62.15	7.51	0.00	0.00	2000
73	6.48	1133	2101	0.00	195	0	0	0	nan	0.00	0.00	3.34	90.23	93.52	0.00	37	0	42	0.00	0.00	58.08	7.84	0.00	0.00	2000
73	6.98	1047	2098	0.00	194	0	0	0	nan	0.00	0.00	3.05	90.06	93.02	0.00	37	0	42	0.00	0.00	57.74	7.37	0.00	0.00	2000
71	6.74	1062	2076	0.00	193	0	0	0	nan	0.00	0.02	2.79	89.52	93.26	0.00	37	0	42	0.00	0.00	54.47	7.10	0.00	0.00	2000
73	7.14	1022	2102	0.00	194	0	0	0	nan	0.00	0.00	1.87	91.25	92.86	0.00	36	0	42	0.00	0.00	58.39	7.76	0.00	0.00	2000
72	6.87	1041	2119	0.00	195	0	0	0	nan	0.00	0.01	3.76	90.36	93.13	0.00	37	0	42	0.00	0.00	58.29	7.49	0.00	0.00	2000
73	6.91	1057	2094	0.00	193	0	0	0	nan	0.00	0.01	2.32	90.65	93.09	0.00	36	0	42	0.00	0.00	57.89	7.52	0.00	0.00	2000
72	6.58	1093	2094	0.00	194	0	0	0	nan	0.00	0.00	2.81	90.40	93.42	0.00	36	0	42	0.00	0.00	57.61	7.47	0.00	0.00	2000
71	6.85	1037	2094	0.00	209	0	0	0	nan	0.00	0.00	3.60	89.44	93.15	0.00	36	0	42	0.00	0.00	58.83	7.40	0.00	0.00	2000
74	6.80	1082	2126	0.00	196	0	0	0	nan	0.00	0.01	4.01	90.29	93.20	0.00	36	0	42	0.00	0.00	60.98	7.85	0.00	0.00	2000
71	6.70	1070	2070	0.00	196	0	0	0	nan	0.00	0.00	3.12	88.99	93.30	0.00	37	0	42	0.00	0.00	56.89	7.40	0.00	0.00	2000
71	6.53	1086	2104	0.00	193	0	0	0	nan	0.00	0.01	1.76	91.98	93.47	0.00	37	0	42	0.00	0.00	55.81	7.43	0.00	0.00	2000
73	7.01	1039	2098	0.00	193	0	0	0	nan	0.00	0.00	1.71	91.30	92.99	0.00	37	0	42	0.00	0.00	59.16	7.54	0.00	0.00	2000
72	6.81	1043	2118	0.00	210	0	0	1	86.74	0.00	0.00	4.30	89.76	93.19	0.00	37	0	42	0.00	0.00	57.66	7.50	0.00	0.00	2000
74	7.00	1045	2108	0.29	194	0	0	2	86.60	0.00	0.00	3.75	89.75	93.00	0.00	37	0	42	0.00	0.00	56.54	7.24	0.00	0.00	2000
71	6.90	1034	2075	0.00	193	0	0	0	nan	0.00	0.00	3.51	88.63	93.10	0.00	37	0	42	0.00	0.00	59.09	7.73	0.00	0.00	2000
208	10.66	1957	2096	0.00	216	0	0	0	nan	0.00	0.00	3.90	85.24	89.34	0.00	39	0	42	0.00	0.00	64.93	7.40	0.00	0.00	2000
232	10.94	2094	2124	0.00	213	0	0	0	nan	0.00	0.00	4.72	85.46	89.06	0.00	40	0	42	0.00	0.00	66.62	7.63	0.00	0.00	2000
227	10.89	2109	2076	0.00	202	0	0	0	nan	0.00	0.02	3.18	84.94	89.11	0.00	40	0	42	0.00	0.00	63.53	7.33	0.00	0.00	2000
230	11.20	2044	2113	0.00	200	0	0	0	nan	0.00	0.02	4.12	85.36	88.80	0.00	40	0	42	0.00	0.00	65.48	7.66	0.00	0.00	2000
236	11.50	2053	2096	0.00	210	0	0	0	nan	0.00	0.02	7.35	81.07	88.50	0.00	38	0	42	0.00	0.00	64.53	7.71	0.00	0.00	2000
234	11.30	2056	2120	0.00	196	0	0	0	nan	0.00	0.00	6.29	83.27	88.70	0.00	37	0	42	0.00	0.00	66.80	8.07	0.00	0.00	2000
238	11.87	2086	2020	0.00	202	0	0	0	nan	0.00	0.02	5.53	79.33	88.13	0.00	37	0	42	0.00	0.00	58.85	6.96	0.00	0.00	2000
234	10.86	2059	2196	0.00	230	0	0	0	nan	0.00	0.00	6.90	86.39	89.14	0.00	37	0	42	0.00	0.00	73.29	8.74	0.00	0.00	2000
229	11.01	2098	2086	0.00	197	0	0	0	nan	0.00	0.00	4.94	83.38	88.99	0.00	37	0	42	0.00	0.00	66.61	7.76	0.00	0.00	2000
229	11.13	2055	2105	0.00	198	0	0	0	nan	0.00	0.00	5.60	83.52	88.87	0.00	37	0	42	0.00	0.00	64.91	7.52	0.00	0.00	2000
234	11.31	2066	2099	0.00	199	0	0	0	nan	0.00	0.03	5.73	83.01	88.69	0.00	37	0	42	0.00	0.00	64.69	7.55	0.00	0.00	2000
231	11.21	2051	2106	0.00	199	0	0	0	nan	0.00	0.00	5.09	84.06	88.79	0.00	38	0	42	0.00	0.00	65.31	7.42	0.00	0.00	2000
226	11.07	2063	2075	0.00	197	0	0	0	nan	0.00	0.00	6.64	81.32	88.93	0.00	38	0	42	0.00	0.00	65.60	7.57	0.00	0.00	2000
229	11.18	2048	2099	0.00	198	0	0	0	nan	0.00	0.99	5.01	82.90	88.82	0.00	38	0	42	0.00	0.00	65.45	7.48	0.00	0.00	2000
235	11.47	2026	2126	0.00	218	0	0	7	93.83	0.01	0.00	4.88	84.89	88.53	0.00	38	0	42	0.00	0.00	64.27	7.38	0.00	0.00	2000
228	11.00	2075	2094	0.66	201	0	0	14	92.15	0.00	0.00	6.58	82.30	89.00	0.00	39	0	42	0.00	0.00	64.03	7.46	0.00	0.00	2000
231	11.30	2035	2106	0.00	197	0	0	0	nan	0.00	0.00	6.21	82.78	88.70	0.00	38	0	42	0.00	0.00	67.04	7.90	0.00	0.00	2000
225	10.96	2104	2052	0.00	199	0	0	0	nan	0.00	0.00	4.15	82.84	89.04	0.00	39	0	42	0.00	0.00	62.74	7.11	0.00	0.00	2000
237	11.31	2080	2117	0.00	216	0	0	0	nan	0.00	0.00	4.43	85.14	88.69	0.00	37	0	42	0.00	0.00	67.07	7.76	0.00	0.00	2000
229	10.81	2094	2127	0.00	218	0	0	0	nan	0.00	0.01	6.75	83.59	89.19	0.00	37	0	42	0.00	0.00	66.22	7.58	0.00	0.00	2000
230	11.27	2045	2097	0.00	196	0	0	0	nan	0.00	0.00	6.47	82.28	88.73	0.00	37	0	42	0.00	0.00	65.28	7.29	0.00	0.00	2000
231	11.14	2064	2112	0.00	198	0	0	0	nan	0.00	0.00	6.45	83.00	88.86	0.00	38	0	42	0.00	0.00	65.22	7.41	0.00	0.00	2000
232	11.17	2086	2091	0.00	198	0	0	0	nan	0.00	0.02	5.89	82.61	88.83	0.00	39	0	42	0.00	0.00	64.06	7.55	0.00	0.00	2000
228	10.98	2072	2108	0.00	197	0	0	0	nan	0.00	0.52	7.36	81.64	89.02	0.00	39	0	42	0.00	0.00	65.69	7.50	0.00	0.00	2000
234	11.04	2128	2094	0.00	202	0	0	0	nan	0.00	0.01	5.22	83.57	88.96	0.00	38	0	42	0.00	0.00	64.80	7.53	0.00	0.00	2000
230	10.98	2096	2097	0.00	197	0	0	0	nan	0.00	0.45	6.30	82.25	89.02	0.00	38	0	42	0.00	0.00	66.39	7.69	0.00	0.00	2000
233	11.35	2051	2106	0.00	198	0	0	0	nan	0.00	0.02	7.32	81.61	88.65	0.00	38	0	42	0.00	0.00	64.74	7.53	0.00	0.00	2000
228	11.17	2038	2106	0.00	197	0	0	0	nan	0.00	0.00	5.43	83.72	88.83	0.00	38	0	42	0.00	0.00	66.04	7.56	0.00	0.00	2000
230	11.24	2054	2097	0.00	198	0	0	0	nan	0.00	0.00	5.77	82.92	88.76	0.00	39	0	42	0.00	0.00	65.42	7.63	0.00	0.00	2000
234	11.28	2080	2096	0.00	201	0	0	0	nan	0.00	0.00	6.28	82.36	88.72	0.00	38	0	42	0.00	0.00	64.47	7.58	0.00	0.00	2000
225	11.00	2102	2039	0.00	203	0	0	0	nan	0.00	0.02	6.86	79.59	89.00	0.00	37	0	41	0.00	0.00	60.68	7.16	0.00	0.00	2000
238	10.77	2128	2179	0.08	214	0	0	2	71.04	0.00	0.00	5.21	87.42	89.23	0.00	38	0	42	0.00	0.00	69.85	8.13	0.00	0.00	2000
231	11.17	2073	2092	0.55	195	0	0	4	75.46	0.00	0.00	4.33	84.33	88.83	0.00	38	0	42	0.00	0.00	65.27	7.60	0.00	0.00	2000
235	11.48	2045	2104	0.00	199	0	0	0	nan	0.00	0.01	4.36	84.39	88.52	0.00	39	0	42	0.00	0.00	64.82	7.65	0.00	0.00	2000
232	11.25	2075	2092	0.00	204	0	0	0	nan	0.00	0.02	6.91	81.52	88.75	0.00	39	0	42	0.00	0.00	66.09	7.73	0.00	0.00	2000
229	10.98	2088	2096	0.00	197	0	0	0	nan	0.00	0.03	5.60	83.31	89.02	0.00	39	0	42	0.00	0.00	65.50	7.85	0.00	0.00	2000
480	22.23	2420	1873	0.00	208	0	0	0	nan	0.00	0.04	2.92	66.45	77.77	0.00	39	0	42	0.00	0.00	62.93	6.95	0.00	0.00	2000
682	27.10	2500	2112	0.00	230	0	0	0	nan	0.00	0.01	2.62	70.81	72.90	0.00	40	0	42	0.00	0.00	79.14	8.54	0.00	0.00	2000
678	27.53	2500	2068	0.00	233	0	0	0	nan	0.00	0.01	5.37	66.11	72.47	0.00	40	0	42	0.00	0.00	75.86	8.19	0.00	0.00	2000
679	26.74	2500	2133	0.00	243	0	0	0	nan	0.00	0.00	4.39	70.16	73.26	0.00	41	0	42	0.00	0.00	81.73	8.60	0.00	0.00	2000
680	27.58	2500	2070	0.00	233	0	0	0	nan	0.00	0.01	4.77	66.75	72.42	0.00	41	0	42	0.00	0.00	75.42	7.86	0.00	0.00	2000
680	27.23	2500	2098	0.00	245	0	0	0	nan	0.00	0.01	4.75	68.07	72.77	0.00	41	0	42	0.00	0.00	78.02	8.03	0.00	0.00	2000
682	27.21	2500	2104	0.00	249	0	0	0	nan	0.01	0.00	4.48	68.58	72.79	0.00	41	0	42	0.00	0.00	77.49	7.85	0.00	0.00	2000
679	27.21	2500	2096	0.00	247	0	0	0	nan	0.00	0.01	4.42	68.36	72.79	0.00	41	0	42	0.00	0.00	77.71	7.72	0.00	0.00	2000
683	27.29	2500	2104	0.00	249	0	0	0	nan	0.00	0.00	4.35	68.62	72.71	0.00	41	0	42	0.00	0.00	77.62	7.48	0.00	0.00	2000
680	27.25	2500	2096	0.00	244	0	0	0	nan	0.00	0.00	4.88	67.87	72.75	0.00	41	0	42	0.00	0.00	77.64	7.59	0.00	0.00	2000
682	27.23	2500	2103	0.78	249	0	0	37	91.25	0.00	0.00	4.13	68.89	72.77	0.00	41	0	42	0.00	0.00	77.64	7.51	0.00	0.00	2000
679	27.22	2500	2096	1.00	244	0	0	5	87.98	0.00	0.03	2.77	69.98	72.78	0.00	42	0	42	0.00	0.00	77.67	7.55	0.00	0.00	2000
682	27.23	2500	2104	0.00	250	0	0	0	nan	0.00	0.89	2.15	70.04	72.77	0.00	42	0	42	0.00	0.00	77.68	7.57	0.00	0.00	2000
679	27.20	2500	2096	0.00	245	0	0	0	nan	0.00	1.25	4.85	66.72	72.80	0.00	42	0	42	0.00	0.00	77.50	7.56	0.00	0.00	2000
682	27.23	2500	2105	0.00	247	0	0	0	nan	0.00	0.00	5.93	67.13	72.77	0.00	42	0	42	0.00	0.00	77.61	7.52	0.00	0.00	2000
681	27.27	2500	2097	0.00	248	0	0	0	nan	0.01	0.00	6.03	66.71	72.73	0.00	42	0	42	0.00	0.00	77.81	7.57	0.00	0.00	2000
682	27.24	2500	2104	0.00	251	0	0	0	nan	0.00	0.00	4.51	68.52	72.76	0.00	42	0	42	0.00	0.00	77.60	7.65	0.00	0.00	2000
679	27.21	2500	2095	0.00	243	0	0	0	nan	0.00	0.00	5.35	67.41	72.79	0.00	42	0	42	0.00	0.00	77.62	7.61	0.00	0.00	2000
682	27.23	2500	2103	0.00	250	0	0	0	nan	0.00	0.00	3.95	69.06	72.77	0.00	42	0	42	0.00	0.00	77.55	7.70	0.00	0.00	2000
684	27.42	2500	2096	0.00	248	0	0	0	nan	0.01	0.00	5.15	67.44	72.58	0.00	41	0	42	0.00	0.00	77.67	7.71	0.00	0.00	2000
683	27.26	2500	2104	0.00	249	0	0	0	nan	0.00	0.00	4.23	68.78	72.74	0.00	42	0	42	0.00	0.00	77.60	7.54	0.00	0.00	2000
678	27.19	2500	2095	0.00	245	0	0	0	nan	0.00	0.00	4.10	68.66	72.81	0.00	42	0	42	0.00	0.00	77.82	7.58	0.00	0.00	2000
682	27.22	2500	2104	0.00	248	0	0	0	nan	0.00	0.00	3.35	69.72	72.78	0.00	42	0	42	0.00	0.00	77.46	7.49	0.00	0.00	2000
679	27.22	2500	2097	0.00	249	0	0	0	nan	0.01	0.45	2.41	69.94	72.78	0.00	42	0	42	0.00	0.00	77.79	7.61	0.00	0.00	2000
682	27.25	2500	2104	1.66	248	0	0	39	89.99	0.00	0.01	3.63	69.37	72.75	0.00	42	0	42	0.00	0.00	77.41	7.47	0.00	0.00	2000
680	27.24	2500	2097	0.12	251	0	0	0	nan	0.00	0.00	5.19	67.59	72.76	0.00	42	0	42	0.00	0.00	77.67	7.65	0.00	0.00	2000
683	27.27	2500	2103	0.00	245	0	0	0	nan	0.00	0.00	3.93	69.05	72.73	0.00	42	0	42	0.00	0.00	78.12	7.62	0.00	0.00	2000
680	27.24	2500	2096	0.00	250	0	0	0	nan	0.00	0.00	6.12	66.63	72.76	0.00	42	0	42	0.00	0.00	77.81	7.28	0.00	0.00	2000
682	27.24	2500	2103	0.00	245	0	0	0	nan	0.00	0.00	3.95	69.05	72.76	0.00	42	0	42	0.00	0.00	75.26	7.54	0.00	0.00	2000
679	27.20	2500	2096	0.00	249	0	0	0	nan	0.00	0.00	4.91	67.90	72.80	0.00	42	0	42	0.00	0.00	77.68	7.56	0.00	0.00	2000
681	27.19	2500	2103	0.00	246	0	0	0	nan	0.00	0.00	3.80	69.24	72.81	0.00	42	0	42	0.00	0.00	79.81	7.75	0.00	0.00	2000
679	27.22	2500	2096	0.00	252	0	0	0	nan	0.00	0.00	5.43	67.33	72.78	0.00	42	0	42	0.00	0.00	75.23	7.29	0.00	0.00	2000
684	27.33	2500	2103	0.00	250	0	0	0	nan	0.00	0.00	4.10	68.80	72.67	0.00	42	0	42	0.00	0.00	77.90	7.51	0.00	0.00	2000
679	27.21	2500	2097	0.00	248	0	0	0	nan	0.00	0.01	4.24	68.57	72.79	0.00	42	0	42	0.00	0.00	78.10	7.50	0.00	0.00	2000
682	27.21	2500	2104	0.00	247	0	0	0	nan	0.01	0.00	2.95	70.13	72.79	0.00	42	0	42	0.00	0.00	79.34	7.72	0.00	0.00	2000
679	27.21	2500	2096	0.00	252	0	0	0	nan	0.00	0.03	3.29	69.48	72.79	0.00	42	0	42	0.00	0.00	75.18	7.40	0.00	0.00	2000
683	27.26	2500	2104	0.00	245	0	0	0	nan	0.00	0.00	4.03	68.98	72.74	0.00	42	0	42	0.00	0.00	78.24	7.54	0.00	0.00	2000
679	27.22	2500	2096	0.00	251	0	0	3	85.57	0.00	0.00	5.45	67.31	72.78	0.00	42	0	42	0.00	0.00	78.10	7.52	0.00	0.00	2000
683	27.24	2500	2105	1.77	245	0	0	39	88.02	0.00	0.00	4.26	68.81	72.76	0.00	42	0	42	0.00	0.00	77.36	7.55	0.00	0.00	2000
678	27.21	2500	2095	0.00	250	0	0	0	nan	0.00	0.00	4.88	67.84	72.79	0.00	42	0	42	0.00	0.00	77.95	7.44	0.00	0.00	2000
693	27.67	2500	2105	0.00	262	0	0	0	nan	0.00	0.01	6.46	66.17	72.33	0.00	42	0	42	0.00	0.00	77.66	7.57	0.00	0.00	2000
678	27.19	2500	2096	0.00	250	0	0	0	nan	0.00	0.00	5.07	67.71	72.81	0.00	42	0	42	0.00	0.00	77.74	7.51	0.00	0.00	2000
681	27.19	2500	2103	0.00	246	0	0	0	nan	0.00	0.00	3.77	69.27	72.81	0.00	42	0	42	0.00	0.00	77.62	7.69	0.00	0.00	2000
678	27.19	2500	2095	0.00	247	0	0	0	nan	0.00	0.01	4.33	68.44	72.81	0.00	42	0	42	0.00	0.00	77.30	7.61	0.00	0.00	2000
683	27.23	2500	2105	0.00	244	0	0	0	nan	0.00	0.01	3.36	69.71	72.77	0.00	42	0	42	0.00	0.00	77.63	7.48	0.00	0.00	2000
680	27.22	2500	2097	0.00	251	0	0	0	nan	0.01	0.00	3.74	69.06	72.78	0.00	42	0	42	0.00	0.00	77.75	7.60	0.00	0.00	2000
683	27.26	2500	2104	0.00	246	0	0	0	nan	0.00	0.03	2.73	70.26	72.74	0.00	42	0	42	0.00	0.00	78.28	7.61	0.00	0.00	2000
681	27.28	2500	2096	0.00	252	0	0	0	nan	0.00	0.74	4.63	67.33	72.72	0.00	42	0	42	0.00	0.00	77.20	7.66	0.00	0.00	2000
682	27.23	2500	2105	0.00	250	0	0	0	nan	0.00	0.00	5.24	67.83	72.77	0.00	42	0	42	0.00	0.00	77.62	7.46	0.00	0.00	2000
679	27.23	2500	2095	0.00	251	0	0	0	nan	0.00	0.00	4.93	67.80	72.77	0.00	42	0	42	0.00	0.00	77.65	7.56	0.00	0.00	2000
681	27.14	2500	2107	0.00	246	0	0	0	nan	0.00	0.00	4.05	69.16	72.86	0.00	42	0	42	0.00	0.00	77.81	7.46	0.00	0.00	2000
680	27.28	2500	2094	0.11	244	0	0	22	90.04	0.00	0.01	1.99	70.64	72.72	0.00	42	0	42	0.00	0.00	77.57	7.59	0.00	0.00	2000
679	27.13	2500	2103	1.67	243	0	0	21	89.78	0.00	0.01	2.43	70.68	72.87	0.00	42	0	42	0.00	0.00	77.93	7.63	0.00	0.00	2000
680	27.26	2500	2095	0.00	243	0	0	0	nan	0.00	0.00	2.70	69.99	72.74	0.00	42	0	42	0.00	0.00	77.45	7.45	0.00	0.00	2000
678	27.07	2500	2104	0.00	242	0	0	0	nan	0.00	0.00	2.11	71.07	72.93	0.00	42	0	42	0.00	0.00	77.60	7.44	0.00	0.00	2000
679	27.21	2500	2097	0.00	245	0	0	0	nan	0.00	0.00	2.48	70.31	72.79	0.00	42	0	42	0.00	0.00	77.72	7.49	0.00	0.00	2000
679	27.09	2500	2105	0.00	242	0	0	0	nan	0.00	0.00	2.07	71.12	72.91	0.00	42	0	42	0.00	0.00	77.66	7.70	0.00	0.00	2000
679	27.24	2500	2095	0.00	243	0	0	0	nan	0.00	0.00	2.05	70.66	72.76	0.00	42	0	42	0.00	0.00	77.62	7.62	0.00	0.00	2000
679	27.12	2500	2104	0.00	242	0	0	0	nan	0.00	0.00	1.80	71.34	72.88	0.00	42	0	42	0.00	0.00	77.73	7.84	0.00	0.00	2000
679	27.77	2500	2054	0.00	246	0	0	0	nan	0.00	0.00	1.69	69.07	72.23	0.00	42	0	42	0.00	0.00	79.00	7.67	0.00	0.00	2000
679	27.09	2500	2104	0.00	242	0	0	0	nan	0.00	0.00	1.76	71.42	72.91	0.00	42	0	42	0.00	0.00	78.28	7.70	0.00	0.00	2000
679	27.23	2500	2095	0.00	245	0	0	0	nan	0.00	0.00	2.11	70.59	72.77	0.00	42	0	42	0.00	0.00	77.93	7.42	0.00	0.00	2000
678	27.05	2500	2105	0.00	243	0	0	0	nan	0.00	0.00	2.17	71.08	72.95	0.00	42	0	42	0.00	0.00	78.33	7.61	0.00	0.00	2000
680	27.24	2500	2095	0.00	243	0	0	0	nan	0.00	0.00	3.07	69.64	72.76	0.00	42	0	42	0.00	0.00	75.59	7.60	0.00	0.00	2000
680	27.12	2500	2105	0.00	244	0	0	0	nan	0.00	0.01	2.20	70.97	72.88	0.00	42	0	42	0.00	0.00	80.92	7.51	0.00	0.00	2000
681	27.28	2500	2096	0.94	247	0	0	39	89.60	0.00	0.00	3.02	69.67	72.72	0.00	42	0	42	0.00	0.00	75.46	7.43	0.00	0.00	2000
679	27.09	2500	2105	0.83	242	0	0	2	88.88	0.00	0.00	2.11	71.08	72.91	0.00	42	0	42	0.00	0.00	80.57	7.94	0.00	0.00	2000
679	27.24	2500	2095	0.00	244	0	0	0	nan	0.00	0.00	3.11	69.58	72.76	0.00	42	0	42	0.00	0.00	75.76	7.26	0.00	0.00	2000
679	27.09	2500	2105	0.00	242	0	0	0	nan	0.00	0.00	1.83	71.37	72.91	0.00	42	0	42	0.00	0.00	80.86	7.89	0.00	0.00	2000
680	27.25	2500	2095	0.00	244	0	0	0	nan	0.00	0.01	2.42	70.29	72.75	0.00	42	0	42	0.00	0.00	75.86	7.40	0.00	0.00	2000
678	27.08	2500	2104	0.00	245	0	0	0	nan	0.00	0.00	2.18	71.01	72.92	0.00	42	0	42	0.00	0.00	80.87	7.88	0.00	0.00	2000
679	27.23	2500	2096	0.00	257	0	0	0	nan	0.00	0.00	2.29	70.45	72.77	0.00	42	0	42	0.00	0.00	75.75	7.41	0.00	0.00	2000
679	27.10	2500	2105	0.00	243	0	0	0	nan	0.00	0.00	1.86	71.35	72.90	0.00	42	0	42	0.00	0.00	80.41	7.89	0.00	0.00	2000
684	26.28	2500	2185	0.00	253	0	0	0	nan	0.00	0.00	2.73	74.09	73.72	0.00	42	0	42	0.00	0.00	80.38	7.98	0.00	0.00	2000
681	27.26	2500	2098	0.00	252	0	0	0	nan	0.00	0.00	3.33	69.46	72.74	0.00	42	0	42	0.00	0.00	77.56	7.48	0.00	0.00	2000
679	27.15	2500	2100	0.00	236	0	0	0	nan	0.00	0.00	3.59	69.38	72.85	0.00	42	0	42	0.00	0.00	77.89	7.70	0.00	0.00	2000
682	27.26	2500	2101	0.00	245	0	0	0	nan	0.00	0.00	3.37	69.52	72.74	0.00	42	0	42	0.00	0.00	77.46	7.61	0.00	0.00	2000
680	27.20	2500	2100	0.00	235	0	0	0	nan	0.00	0.00	3.39	69.54	72.80	0.00	42	0	42	0.00	0.00	77.84	7.62	0.00	0.00	2000
682	27.29	2500	2100	0.00	244	0	0	0	nan	0.00	0.00	3.69	69.13	72.71	0.00	42	0	42	0.00	0.00	77.70	7.64	0.00	0.00	2000
680	27.19	2500	2100	0.66	236	0	0	34	87.39	0.00	0.00	3.83	69.10	72.81	0.00	42	0	42	0.00	0.00	74.49	7.20	0.00	0.00	2000
680	27.19	2500	2100	1.25	235	0	0	11	87.63	0.00	0.00	3.57	69.36	72.81	0.00	43	0	43	0.00	0.00	80.56	7.82	0.00	0.00	2000
684	27.34	2500	2100	0.00	251	0	0	0	nan	0.00	0.00	3.94	68.84	72.66	0.00	42	0	42	0.00	0.00	74.80	7.28	0.00	0.00	2000
680	27.19	2500	2101	0.00	235	0	0	0	nan	0.00	0.00	3.91	69.05	72.81	0.00	42	0	42	0.00	0.00	77.51	7.50	0.00	0.00	2000
463	18.98	2343	2187	0.00	284	0	0	0	nan	0.00	0.00	4.95	79.62	81.02	0.00	42	0	42	0.00	0.00	75.49	8.05	0.00	0.00	2000
227	10.80	1979	2232	0.00	216	0	0	0	nan	0.00	0.00	5.90	89.12	89.20	0.00	42	0	42	0.00	0.00	69.64	7.94	0.00	0.00	2000
221	10.83	2052	2086	0.00	198	0	0	0	nan	0.00	0.00	5.20	83.52	89.17	0.00	42	0	42	0.00	0.00	64.64	7.25	0.00	0.00	2000
229	10.93	2082	2112	0.00	201	0	0	0	nan	0.00	0.01	6.07	83.63	89.07	0.00	42	0	42	0.00	0.00	64.86	7.43	0.00	0.00	2000
222	10.93	2039	2093	0.00	198	0	0	0	nan	0.00	0.02	5.30	83.69	89.07	0.00	42	0	42	0.00	0.00	64.41	7.35	0.00	0.00	2000
225	10.60	2090	2132	0.00	205	0	0	0	nan	0.00	0.00	6.57	84.30	89.40	0.00	42	0	42	0.00	0.00	65.11	7.45	0.00	0.00	2000
208	10.64	1965	2087	0.00	209	0	0	0	nan	0.00	0.04	4.69	84.25	89.36	0.00	38	0	42	0.00	0.00	63.66	7.65	0.00	0.00	2000
155	8.99	1710	2119	0.00	256	0	0	0	nan	0.00	0.00	4.83	86.96	91.01	0.00	38	0	42	0.00	0.00	66.72	7.98	0.00	0.00	2000
109	8.57	1273	2102	0.00	220	0	0	0	nan	0.00	0.00	7.82	83.92	91.43	0.00	37	0	42	0.00	0.00	57.83	7.31	0.00	0.00	2000
76	7.04	1080	2103	0.00	193	0	0	0	nan	0.00	0.01	3.11	90.12	92.96	0.00	37	0	42	0.00	0.00	57.52	7.40	0.00	0.00	2000
73	7.03	1036	2097	0.00	193	0	0	0	nan	0.00	0.01	2.84	90.01	92.97	0.00	37	0	42	0.00	0.00	58.67	7.48	0.00	0.00	2000
74	6.91	1071	2101	0.00	193	0	0	0	nan	0.00	0.01	2.47	90.76	93.09	0.00	37	0	42	0.00	0.00	57.91	7.55	0.00	0.00	2000
172	10.14	1798	1975	0.00	33	0	0	0	nan	0.00	0.09	17.65	67.00	89.86	0.00	37	0	42	0.00	0.00	61.06	6.94	0.00	0.00	2000
