Avg_MHz	Busy%	Bzy_MHz	TSC_MHz	IPC	IRQ	NMI	SMI	LLCMRPS	LLC%hit	POLL%	C1%	C1E%	C6%	CPU%c1	CPU%c6	CoreTmp	CoreThr	PkgTmp	Pkg%pc2	Pkg%pc6	PkgWatt	RAMWatt	PKG_%	RAM_%	UncMHz
337	16.02	2078	2125	0.00	229	0	0	0	nan	0.00	0.57	40.46	44.04	83.98	0.00	37	0	42	0.00	0.00	63.67	7.52	0.00	0.00	2000
314	15.05	2058	2127	0.00	228	0	0	0	nan	0.04	1.05	22.15	62.96	84.95	0.00	37	0	42	0.00	0.00	68.21	7.95	0.00	0.00	2000
76	6.82	1134	2073	0.00	194	0	0	0	nan	0.00	0.01	3.80	88.30	93.18	0.00	37	0	42	0.00	0.00	56.33	7.19	0.00	0.00	2000
72	7.12	1010	2101	0.00	194	0	0	0	nan	0.00	0.02	1.96	91.09	92.88	0.00	37	0	42	0.00	0.00	56.88	7.35	0.00	0.00	2000
75	6.85	1070	2136	0.00	209	0	0	0	nan	0.00	0.00	4.56	90.18	93.15	0.00	37	0	43	0.00	0.00	60.44	7.80	0.00	0.00	2000
72	6.54	1101	2096	0.00	193	0	0	0	nan	0.00	0.00	3.53	89.81	93.46	0.00	37	0	43	0.00	0.00	58.42	7.54	0.00	0.00	2000
72	6.87	1055	2100	0.00	194	0	0	0	nan	0.00	0.00	3.62	89.58	93.13	0.00	37	0	42	0.00	0.00	59.17	7.48	0.00	0.00	2000
71	6.62	1087	2085	0.00	194	0	0	0	nan	0.00	0.00	3.48	89.27	93.38	0.00	37	0	42	0.00	0.00	57.94	7.28	0.00	0.00	2000
72	6.96	1029	2117	0.00	193	0	0	0	nan	0.00	0.00	2.28	91.54	93.04	0.00	37	0	43	0.00	0.00	57.44	7.40	0.00	0.00	2000
73	6.42	1135	2110	0.00	194	0	0	0	nan	0.00	0.01	2.90	91.07	93.58	0.00	37	0	42	0.00	0.00	59.33	7.62	0.00	0.00	2000
72	6.58	1111	2061	0.00	194	0	0	0	nan	0.00	0.02	2.99	88.78	93.42	0.00	37	0	43	0.00	0.00	56.68	7.29	0.00	0.00	2000
74	6.65	1097	2123	0.00	197	0	0	0	nan	0.00	0.00	4.19	90.16	93.35	0.00	37	0	42	0.00	0.00	59.09	7.61	0.00	0.00	2000
71	6.80	1055	2083	0.00	210	0	0	0	nan	0.00	0.00	3.37	89.18	93.20	0.00	37	0	43	0.00	0.00	55.45	7.21	0.00	0.00	2000
72	6.99	1021	2122	0.00	193	0	0	0	nan	0.00	0.00	3.61	90.57	93.01	0.00	37	0	42	0.00	0.00	60.79	7.43	0.00	0.00	2000
73	6.89	1050	2104	0.00	193	0	0	0	nan	0.00	0.00	3.77	89.64	93.11	0.00	37	0	42	0.00	0.00	57.74	7.85	0.00	0.00	2000
70	6.94	1027	2069	0.00	194	0	0	1	87.44	0.00	0.02	3.34	88.43	93.06	0.00	37	0	42	0.00	0.00	57.95	7.63	0.00	0.00	2000
74	6.97	1043	2132	0.30	194	0	0	2	85.52	0.00	0.00	2.20	92.38	93.03	0.00	37	0	42	0.00	0.00	58.88	7.60	0.00	0.00	2000
70	6.70	1056	2068	0.00	193	0	0	0	nan	0.00	0.00	2.52	89.44	93.30	0.00	37	0	42	0.00	0.00	57.11	7.34	0.00	0.00	2000
220	11.06	1997	2096	0.00	202	0	0	0	nan	0.00	0.90	5.77	82.29	88.94	0.00	37	0	42	0.00	0.00	60.89	6.96	0.00	0.00	2000
229	11.05	2037	2133	0.00	218	0	0	0	nan	0.00	0.27	8.30	81.95	88.95	0.00	38	0	42	0.00	0.00	68.08	7.73	0.00	0.00	2000
229	11.26	2035	2097	0.00	196	0	0	0	nan	0.00	0.98	6.27	81.52	88.74	0.00	38	0	42	0.00	0.00	63.55	7.32	0.00	0.00	2000
228	11.41	2013	2090	0.00	195	0	0	0	nan	0.00	0.02	5.68	82.66	88.59	0.00	38	0	42	0.00	0.00	62.46	7.60	0.00	0.00	2000
232	11.52	1999	2117	0.00	197	0	0	0	nan	0.00	0.00	5.97	83.38	88.48	0.00	38	0	42	0.00	0.00	68.14	7.80	0.00	0.00	2000
234	11.47	2051	2090	0.00	198	0	0	0	nan	0.00	0.00	6.51	81.76	88.53	0.00	37	0	43	0.00	0.00	64.59	7.66	0.00	0.00	2000
233	11.12	2097	2098	0.00	201	0	0	0	nan	0.00	0.00	6.48	82.46	88.88	0.00	37	0	42	0.00	0.00	67.02	7.99	0.00	0.00	2000
229	11.04	2084	2090	0.00	196	0	0	0	nan	0.00	0.00	6.44	82.21	88.96	0.00	37	0	42	0.00	0.00	63.36	7.61	0.00	0.00	2000
229	11.36	2031	2089	0.00	195	0	0	0	nan	0.00	0.00	5.95	82.41	88.64	0.00	38	0	42	0.00	0.00	65.23	7.66	0.00	0.00	2000
229	11.62	2006	2060	0.00	199	0	0	0	nan	0.00	0.00	4.61	82.18	88.38	0.00	39	0	42	0.00	0.00	65.13	7.68	0.00	0.00	2000
236	11.26	2027	2169	0.00	215	0	0	0	nan	0.00	0.00	5.10	86.69	88.74	0.00	39	0	42	0.00	0.00	66.84	7.78	0.00	0.00	2000
229	11.03	2075	2102	0.00	195	0	0	0	nan	0.00	0.04	4.10	85.06	88.97	0.00	39	0	42	0.00	0.00	65.14	7.58	0.00	0.00	2000
229	10.98	2090	2091	0.00	198	0	0	0	nan	0.00	0.00	2.49	86.26	89.02	0.00	39	0	42	0.00	0.00	65.44	7.52	0.00	0.00	2000
230	11.16	2053	2109	0.00	199	0	0	0	nan	0.00	0.59	3.40	85.37	88.84	0.00	39	0	42	0.00	0.00	64.66	7.58	0.00	0.00	2000
230	11.07	2087	2087	0.00	200	0	0	4	95.42	0.01	0.02	3.29	85.18	88.93	0.00	39	0	42	0.00	0.00	63.90	7.41	0.00	0.00	2000
231	11.62	2016	2068	0.74	198	0	0	17	96.97	0.00	0.00	3.13	84.12	88.38	0.00	40	0	42	0.00	0.00	63.27	7.29	0.00	0.00	2000
233	10.98	2080	2141	0.00	216	0	0	0	nan	0.00	2.58	7.32	80.98	89.02	0.00	40	0	42	0.00	0.00	64.89	7.48	0.00	0.00	2000
228	11.29	2036	2088	0.00	197	0	0	0	nan	0.00	0.00	8.39	80.02	88.71	0.00	40	0	42	0.00	0.00	64.60	7.36	0.00	0.00	2000
226	11.50	2010	2050	0.00	198	0	0	0	nan	0.00	0.00	5.63	80.85	88.50	0.00	39	0	43	0.00	0.00	64.07	7.50	0.00	0.00	2000
234	11.26	2015	2166	0.00	213	0	0	0	nan	0.00	0.00	4.79	86.86	88.74	0.00	38	0	42	0.00	0.00	67.76	7.91	0.00	0.00	2000
235	11.14	2109	2102	0.00	203	0	0	0	nan	0.00	0.01	5.48	83.53	88.86	0.00	37	0	43	0.00	0.00	62.30	7.23	0.00	0.00	2000
228	11.20	2052	2084	0.00	197	0	0	0	nan	0.00	0.00	4.95	83.26	88.80	0.00	38	0	42	0.00	0.00	64.54	7.49	0.00	0.00	2000
232	11.32	2026	2123	0.00	199	0	0	0	nan	0.00	0.53	3.58	85.72	88.68	0.00	38	0	42	0.00	0.00	67.00	7.95	0.00	0.00	2000
225	11.22	2039	2066	0.00	197	0	0	0	nan	0.00	0.02	3.31	84.22	88.78	0.00	38	0	43	0.00	0.00	63.78	7.58	0.00	0.00	2000
244	11.67	2082	2108	0.00	215	0	0	0	nan	0.00	0.02	6.28	82.58	88.33	0.00	38	0	42	0.00	0.00	64.39	7.54	0.00	0.00	2000
228	11.40	1981	2122	0.00	201	0	0	0	nan	0.00	0.00	6.18	83.58	88.60	0.00	38	0	42	0.00	0.00	67.36	7.82	0.00	0.00	2000
232	11.44	2021	2103	0.00	197	0	0	0	nan	0.00	0.00	5.76	83.04	88.56	0.00	39	0	42	0.00	0.00	65.24	7.59	0.00	0.00	2000
230	11.51	1999	2098	0.00	197	0	0	0	nan	0.00	0.00	4.80	83.78	88.49	0.00	39	0	42	0.00	0.00	64.37	7.37	0.00	0.00	2000
227	11.74	2081	1948	0.00	201	0	0	0	nan	0.00	0.01	4.51	77.55	88.26	0.00	37	0	43	0.00	0.00	57.03	6.74	0.00	0.00	2000
241	10.99	2021	2276	0.00	229	0	0	0	nan	0.00	0.00	7.66	88.88	89.01	0.00	37	0	42	0.00	0.00	71.55	8.44	0.00	0.00	2000
233	11.38	2061	2087	0.00	184	0	0	0	nan	0.00	0.00	8.03	80.13	88.62	0.00	38	0	42	0.00	0.00	67.01	8.40	0.00	0.00	2000
231	11.17	2070	2100	0.01	214	0	0	19	46.62	0.00	0.00	5.97	82.89	88.83	0.00	38	0	42	0.00	0.00	66.13	8.57	0.00	0.00	2000
222	11.40	1972	2077	1.25	197	0	0	19	51.81	0.00	0.00	7.01	80.75	88.60	0.00	37	0	42	0.00	0.00	62.92	7.76	0.00	0.00	2000
137	8.27	1632	2130	0.00	200	0	0	0	nan	0.00	0.02	4.67	88.28	91.73	0.00	37	0	42	0.00	0.00	61.34	7.59	0.00	0.00	2000
175	11.35	1563	2072	0.00	112	0	0	0	nan	0.00	0.04	20.83	66.81	88.65	0.00	37	0	43	0.00	0.00	63.85	7.52	0.00	0.00	2000
