Avg_MHz	Busy%	Bzy_MHz	TSC_MHz	IPC	IRQ	NMI	SMI	LLCMRPS	LLC%hit	POLL%	C1%	C1E%	C6%	CPU%c1	CPU%c6	CoreTmp	CoreThr	PkgTmp	Pkg%pc2	Pkg%pc6	PkgWatt	RAMWatt	PKG_%	RAM_%	UncMHz
293	14.21	2017	2148	0.00	245	0	0	0	nan	0.00	1.26	30.84	55.65	85.79	0.00	37	0	42	0.00	0.00	66.37	7.70	0.00	0.00	2000
357	16.39	2197	2080	0.00	191	0	0	0	nan	0.04	2.50	17.47	63.09	83.61	0.00	37	0	42	0.00	0.00	66.30	7.57	0.00	0.00	2000
78	6.99	1101	2132	0.00	210	0	0	0	nan	0.00	0.00	9.42	85.04	93.01	0.00	37	0	42	0.00	0.00	57.71	7.16	0.00	0.00	2000
74	6.50	1134	2102	0.00	193	0	0	0	nan	0.00	0.00	4.14	89.35	93.50	0.00	37	0	42	0.00	0.00	58.71	7.56	0.00	0.00	2000
72	6.66	1099	2079	0.00	194	0	0	0	nan	0.00	0.00	3.39	89.06	93.34	0.00	37	0	42	0.00	0.00	58.62	7.56	0.00	0.00	2000
73	6.88	1053	2115	0.00	193	0	0	0	nan	0.00	0.01	2.36	91.51	93.12	0.00	37	0	42	0.00	0.00	61.15	7.82	0.00	0.00	2000
75	6.50	1148	2111	0.00	193	0	0	0	nan	0.00	0.03	3.01	90.88	93.50	0.00	37	0	42	0.00	0.00	58.56	7.57	0.00	0.00	2000
72	6.55	1099	2097	0.00	193	0	0	0	nan	0.00	0.00	3.19	90.15	93.45	0.00	37	0	42	0.00	0.00	58.27	7.49	0.00	0.00	2000
72	6.57	1100	2089	0.00	194	0	0	0	nan	0.00	0.02	2.74	90.15	93.43	0.00	37	0	42	0.00	0.00	56.18	7.13	0.00	0.00	2000
72	6.90	1041	2105	0.00	193	0	0	0	nan	0.00	0.02	2.67	90.74	93.10	0.00	36	0	42	0.00	0.00	57.70	7.36	0.00	0.00	2000
74	6.61	1131	2092	0.00	214	0	0	0	nan	0.00	0.01	4.86	88.17	93.39	0.00	37	0	42	0.00	0.00	58.06	7.45	0.00	0.00	2000
75	7.01	1064	2107	0.00	179	0	0	0	nan	0.00	0.00	4.94	88.46	92.99	0.00	37	0	42	0.00	0.00	58.26	7.49	0.00	0.00	2000
73	6.95	1049	2107	0.00	210	0	0	0	nan	0.00	0.00	3.04	90.38	93.05	0.00	37	0	42	0.00	0.00	56.83	7.10	0.00	0.00	2000
72	6.22	1158	2097	0.00	194	0	0	0	nan	0.00	0.00	3.61	89.94	93.78	0.00	37	0	42	0.00	0.00	58.39	7.38	0.00	0.00	2000
73	6.75	1075	2104	0.00	194	0	0	0	nan	0.00	0.00	3.88	89.49	93.25	0.00	37	0	42	0.00	0.00	59.87	7.67	0.00	0.00	2000
71	6.44	1109	2087	0.00	194	0	0	1	87.03	0.00	0.00	2.87	90.00	93.56	0.00	36	0	42	0.00	0.00	56.25	7.23	0.00	0.00	2000
82	7.30	1125	2087	0.38	194	0	0	2	87.76	0.00	0.02	2.98	89.07	92.70	0.00	37	0	42	0.00	0.00	59.09	7.37	0.00	0.00	2000
72	6.73	1077	2088	0.00	193	0	0	0	nan	0.00	0.02	2.70	90.07	93.27	0.00	37	0	42	0.00	0.00	57.71	7.30	0.00	0.00	2000
167	9.60	1711	2132	0.00	216	0	0	0	nan	0.03	0.04	5.26	86.64	90.40	0.00	38	0	42	0.00	0.00	64.29	7.82	0.00	0.00	2000
228	10.86	2106	2090	0.00	203	0	0	0	nan	0.00	0.00	3.64	85.09	89.14	0.00	40	0	42	0.00	0.00	64.44	7.39	0.00	0.00	2000
234	11.09	2110	2098	0.00	207	0	0	0	nan	0.00	0.01	4.78	84.12	88.91	0.00	40	0	42	0.00	0.00	64.89	7.40	0.00	0.00	2000
231	10.73	2143	2112	0.00	214	0	0	0	nan	0.00	0.00	3.46	86.40	89.27	0.00	40	0	42	0.00	0.00	65.59	7.48	0.00	0.00	2000
231	11.08	2116	2071	0.00	197	0	0	0	nan	0.00	0.01	5.48	82.27	88.92	0.00	39	0	42	0.00	0.00	64.41	7.17	0.00	0.00	2000
233	10.88	2126	2119	0.00	196	0	0	0	nan	0.00	0.05	3.29	86.66	89.12	0.00	37	0	42	0.00	0.00	67.32	7.90	0.00	0.00	2000
224	11.49	2077	1966	0.00	199	0	0	0	nan	0.00	0.04	2.04	80.90	88.51	0.00	37	0	42	0.00	0.00	54.61	6.37	0.00	0.00	2000
237	10.74	2032	2280	0.00	266	0	0	0	nan	0.00	0.00	5.41	91.68	89.26	0.00	37	0	42	0.00	0.00	76.45	8.89	0.00	0.00	2000
235	11.26	2071	2120	0.00	198	0	0	0	nan	0.00	0.00	4.73	84.88	88.74	0.00	37	0	42	0.00	0.00	68.91	7.96	0.00	0.00	2000
225	10.78	2112	2070	0.00	197	0	0	0	nan	0.00	0.03	4.53	83.55	89.22	0.00	37	0	42	0.00	0.00	62.22	7.14	0.00	0.00	2000
237	11.22	2079	2129	0.00	197	0	0	0	nan	0.00	0.01	4.82	85.19	88.78	0.00	38	0	42	0.00	0.00	64.61	7.49	0.00	0.00	2000
234	11.05	2120	2095	0.00	204	0	0	0	nan	0.00	0.02	4.17	84.59	88.95	0.00	38	0	42	0.00	0.00	66.39	7.47	0.00	0.00	2000
231	11.02	2100	2098	0.00	198	0	0	0	nan	0.00	0.07	6.50	82.51	88.98	0.00	38	0	42	0.00	0.00	62.62	7.60	0.00	0.00	2000
229	11.22	2041	2099	0.00	201	0	0	0	nan	0.00	0.02	5.56	83.25	88.78	0.00	38	0	42	0.00	0.00	68.72	7.40	0.00	0.00	2000
230	11.16	2064	2098	0.00	199	0	0	4	81.91	0.00	0.02	4.63	84.14	88.84	0.00	38	0	42	0.00	0.00	64.61	7.43	0.00	0.00	2000
229	10.81	2142	2080	0.61	196	0	0	13	86.71	0.06	0.04	4.42	83.88	89.19	0.00	38	0	42	0.00	0.00	63.46	7.48	0.00	0.00	2000
236	10.94	2178	2078	0.00	196	0	0	0	nan	0.00	0.02	5.35	82.75	89.06	0.00	37	0	42	0.00	0.00	63.47	7.33	0.00	0.00	2000
233	10.39	2191	2149	0.00	217	0	0	0	nan	0.00	0.08	3.06	88.56	89.61	0.00	37	0	42	0.00	0.00	69.68	8.02	0.00	0.00	2000
230	10.93	2112	2094	0.00	198	0	0	0	nan	0.00	0.00	6.45	82.50	89.07	0.00	39	0	42	0.00	0.00	64.80	7.65	0.00	0.00	2000
230	10.95	2095	2101	0.00	197	0	0	0	nan	0.00	0.00	6.23	82.90	89.05	0.00	38	0	42	0.00	0.00	66.27	7.54	0.00	0.00	2000
230	11.16	2064	2097	0.00	197	0	0	0	nan	0.00	0.06	4.77	84.01	88.84	0.00	39	0	42	0.00	0.00	64.22	7.55	0.00	0.00	2000
232	11.09	2087	2104	0.00	183	0	0	0	nan	0.00	0.02	6.63	82.46	88.91	0.00	39	0	42	0.00	0.00	64.24	7.44	0.00	0.00	2000
228	11.03	2120	2045	0.00	205	0	0	0	nan	0.00	0.02	4.88	81.82	88.97	0.00	38	0	42	0.00	0.00	61.35	7.24	0.00	0.00	2000
237	11.01	2098	2154	0.00	210	0	0	0	nan	0.01	0.02	4.64	86.62	88.99	0.00	38	0	42	0.00	0.00	68.69	8.09	0.00	0.00	2000
230	11.10	2060	2110	0.00	198	0	0	0	nan	0.00	0.00	4.98	84.42	88.90	0.00	38	0	42	0.00	0.00	66.13	7.38	0.00	0.00	2000
231	10.86	2127	2101	0.00	199	0	0	0	nan	0.00	0.00	4.92	84.33	89.14	0.00	39	0	42	0.00	0.00	66.09	7.63	0.00	0.00	2000
233	11.26	2083	2082	0.00	197	0	0	0	nan	0.00	0.02	4.86	83.15	88.74	0.00	39	0	42	0.00	0.00	63.39	7.33	0.00	0.00	2000
228	10.47	2190	2088	0.00	204	0	0	0	nan	0.00	0.13	5.01	83.96	89.53	0.00	37	0	42	0.00	0.00	64.86	7.21	0.00	0.00	2000
233	11.06	2085	2118	0.00	217	0	0	0	nan	0.00	0.00	4.72	85.06	88.94	0.00	38	0	42	0.00	0.00	63.55	7.76	0.00	0.00	2000
225	10.91	2054	2109	0.00	213	0	0	0	nan	0.00	0.04	3.15	86.36	89.09	0.00	39	0	42	0.00	0.00	67.08	7.82	0.00	0.00	2000
226	10.90	2075	2101	0.00	196	0	0	0	nan	0.00	0.08	4.18	85.05	89.10	0.00	40	0	42	0.00	0.00	64.30	7.66	0.00	0.00	2000
223	10.82	2065	2094	0.00	200	0	0	6	78.89	0.00	0.02	6.87	82.18	89.18	0.00	40	0	42	0.00	0.00	64.94	7.67	0.00	0.00	2000
224	10.94	2050	2103	0.95	198	0	0	6	81.05	0.00	0.00	8.00	81.30	89.06	0.00	40	0	42	0.00	0.00	64.38	7.57	0.00	0.00	2000
224	10.85	2067	2101	0.00	199	0	0	0	nan	0.00	0.05	5.39	83.87	89.15	0.00	40	0	42	0.00	0.00	65.57	7.83	0.00	0.00	2000
223	10.90	2045	2104	0.00	197	0	0	0	nan	0.00	0.01	5.28	84.07	89.10	0.00	40	0	42	0.00	0.00	65.37	7.93	0.00	0.00	2000
219	11.17	2099	1961	0.00	197	0	0	0	nan	0.00	0.00	5.84	77.23	88.83	0.00	40	0	42	0.00	0.00	58.33	6.67	0.00	0.00	2000
229	10.50	2035	2250	0.00	197	0	0	0	nan	0.02	0.00	9.01	87.04	89.50	0.00	40	0	42	0.00	0.00	68.76	8.60	0.00	0.00	2000
223	10.63	2101	2098	0.00	198	0	0	0	nan	0.00	0.01	7.71	81.62	89.37	0.00	40	0	42	0.00	0.00	65.75	7.72	0.00	0.00	2000
223	10.71	2078	2100	0.00	197	0	0	0	nan	0.00	0.02	4.71	84.61	89.29	0.00	41	0	42	0.00	0.00	64.81	7.66	0.00	0.00	2000
223	10.68	2091	2099	0.00	196	0	0	0	nan	0.00	0.02	6.03	83.29	89.32	0.00	40	0	42	0.00	0.00	65.12	7.67	0.00	0.00	2000
222	10.74	2067	2101	0.00	195	0	0	0	nan	0.00	0.00	6.06	83.34	89.26	0.00	40	0	42	0.00	0.00	61.81	7.21	0.00	0.00	2000
226	10.92	2070	2103	0.00	185	0	0	0	nan	0.00	0.02	6.42	82.67	89.08	0.00	40	0	42	0.00	0.00	63.99	7.38	0.00	0.00	2000
223	10.51	2120	2102	0.00	199	0	0	0	nan	0.00	0.00	5.74	83.95	89.49	0.00	41	0	42	0.00	0.00	65.93	7.60	0.00	0.00	2000
222	10.72	2077	2098	0.00	195	0	0	0	nan	0.00	2.25	3.43	83.71	89.28	0.00	40	0	42	0.00	0.00	63.58	7.49	0.00	0.00	2000
223	10.72	2083	2098	0.00	197	0	0	0	nan	0.00	0.05	3.46	85.78	89.28	0.00	40	0	42	0.00	0.00	64.81	7.77	0.00	0.00	2000
223	10.74	2070	2104	0.00	181	0	0	0	nan	0.02	1.55	5.81	82.17	89.26	0.00	40	0	42	0.00	0.00	63.65	7.48	0.00	0.00	2000
231	11.13	2078	2097	0.00	215	0	0	0	nan	0.00	0.00	10.95	77.93	88.87	0.00	40	0	42	0.00	0.00	65.12	7.87	0.00	0.00	2000
226	10.84	2082	2100	0.00	199	0	0	0	nan	0.00	0.03	6.72	82.48	89.16	0.00	41	0	42	0.00	0.00	65.49	7.83	0.00	0.00	2000
221	10.78	2053	2098	0.00	196	0	0	1	84.29	0.00	0.00	7.77	81.47	89.22	0.00	41	0	42	0.00	0.00	62.95	7.59	0.00	0.00	2000
222	10.85	2050	2097	0.88	196	0	0	10	80.95	0.00	0.00	8.19	81.03	89.15	0.00	40	0	42	0.00	0.00	62.40	7.37	0.00	0.00	2000
231	10.86	2121	2104	0.12	200	0	0	0	nan	0.00	0.02	7.39	81.91	89.14	0.00	40	0	42	0.00	0.00	69.44	8.13	0.00	0.00	2000
218	11.17	2085	1964	0.00	195	0	0	0	nan	0.00	0.02	5.77	77.42	88.83	0.00	40	0	42	0.00	0.00	56.59	6.72	0.00	0.00	2000
229	10.49	2056	2232	0.00	197	0	0	0	nan	0.00	0.01	7.88	87.39	89.51	0.00	41	0	42	0.00	0.00	69.66	8.46	0.00	0.00	2000
222	10.92	2028	2107	0.00	216	0	0	0	nan	0.00	0.00	7.82	81.70	89.08	0.00	40	0	42	0.00	0.00	66.59	7.97	0.00	0.00	2000
223	10.76	2068	2101	0.00	198	0	0	0	nan	0.00	0.00	5.88	83.48	89.24	0.00	41	0	42	0.00	0.00	64.72	7.55	0.00	0.00	2000
223	10.63	2098	2098	0.00	197	0	0	0	nan	0.00	0.01	5.59	83.75	89.37	0.00	40	0	42	0.00	0.00	63.17	7.48	0.00	0.00	2000
223	10.58	2116	2096	0.00	196	0	0	0	nan	0.00	0.00	6.14	83.14	89.42	0.00	41	0	42	0.00	0.00	64.66	7.59	0.00	0.00	2000
221	10.88	2120	2015	0.00	198	0	0	0	nan	0.00	0.06	5.88	79.66	89.12	0.00	41	0	42	0.00	0.00	59.19	7.20	0.00	0.00	2000
225	10.53	2043	2195	0.00	197	0	0	0	nan	0.00	0.05	3.27	90.37	89.47	0.00	40	0	42	0.00	0.00	68.64	8.39	0.00	0.00	2000
222	10.89	2041	2102	0.00	197	0	0	0	nan	0.00	0.00	6.19	83.09	89.11	0.00	41	0	42	0.00	0.00	65.77	7.45	0.00	0.00	2000
222	10.68	2078	2096	0.00	197	0	0	0	nan	0.00	0.45	6.17	82.69	89.32	0.00	41	0	42	0.00	0.00	63.18	7.46	0.00	0.00	2000
218	11.12	2094	1963	0.00	181	0	0	0	nan	0.00	0.02	4.71	78.46	88.88	0.00	40	0	42	0.00	0.00	60.18	7.10	0.00	0.00	2000
230	10.57	2028	2253	0.00	217	0	0	0	nan	0.00	0.00	5.61	90.46	89.43	0.00	40	0	42	0.00	0.00	71.35	8.40	0.00	0.00	2000
222	10.88	2044	2096	0.00	195	0	0	0	nan	0.00	0.03	7.75	81.28	89.12	0.00	41	0	42	0.00	0.00	64.76	7.69	0.00	0.00	2000
222	10.97	2023	2100	0.00	194	0	0	0	nan	0.00	0.02	7.00	82.20	89.03	0.00	40	0	42	0.00	0.00	64.47	7.79	0.00	0.00	2000
221	11.01	2012	2098	0.00	196	0	0	0	nan	0.00	0.00	5.71	83.41	88.99	0.00	41	0	42	0.00	0.00	58.94	6.88	0.00	0.00	2000
222	10.96	2025	2105	0.77	195	0	0	10	78.61	0.00	0.02	6.33	83.09	89.04	0.00	40	0	42	0.00	0.00	65.70	7.75	0.00	0.00	2000
217	11.41	2109	1896	0.23	179	0	0	0	nan	0.00	0.01	5.51	74.63	88.59	0.00	39	0	42	0.00	0.00	55.07	6.46	0.00	0.00	2000
237	10.62	2011	2333	0.00	247	0	0	0	nan	0.00	0.00	9.16	90.25	89.38	0.00	40	0	42	0.00	0.00	75.96	8.85	0.00	0.00	2000
230	11.11	2072	2100	0.00	180	0	0	0	nan	0.00	0.01	6.00	83.00	88.89	0.00	40	0	42	0.00	0.00	64.96	7.54	0.00	0.00	2000
232	11.19	2070	2101	0.00	197	0	0	0	nan	0.00	0.00	5.98	82.99	88.81	0.00	40	0	42	0.00	0.00	64.74	7.55	0.00	0.00	2000
232	11.31	2059	2088	0.00	196	0	0	0	nan	0.00	0.00	4.60	83.70	88.69	0.00	40	0	42	0.00	0.00	65.72	7.76	0.00	0.00	2000
235	11.15	2094	2114	0.00	202	0	0	0	nan	0.03	0.00	5.47	84.08	88.85	0.00	40	0	42	0.00	0.00	62.62	7.41	0.00	0.00	2000
233	11.01	2121	2100	0.00	205	0	0	0	nan	0.00	0.02	6.66	82.35	88.99	0.00	40	0	42	0.00	0.00	63.26	7.35	0.00	0.00	2000
231	11.03	2096	2095	0.00	197	0	0	0	nan	0.00	0.50	7.53	80.91	88.97	0.00	40	0	42	0.00	0.00	64.26	7.59	0.00	0.00	2000
232	11.34	2037	2106	0.00	197	0	0	0	nan	0.00	0.00	8.85	80.19	88.66	0.00	40	0	42	0.00	0.00	66.38	7.75	0.00	0.00	2000
230	11.17	2067	2095	0.00	179	0	0	0	nan	0.00	0.00	6.67	82.09	88.83	0.00	40	0	42	0.00	0.00	64.49	7.44	0.00	0.00	2000
232	11.29	2053	2107	0.00	194	0	0	0	nan	0.00	0.00	8.29	80.78	88.71	0.00	41	0	42	0.00	0.00	66.20	7.76	0.00	0.00	2000
240	11.60	2074	2098	0.00	200	0	0	0	nan	0.00	0.00	6.68	81.80	88.40	0.00	41	0	42	0.00	0.00	63.08	7.32	0.00	0.00	2000
231	11.24	2059	2097	0.00	198	0	0	0	nan	0.00	0.02	7.01	81.78	88.76	0.00	41	0	42	0.00	0.00	62.64	7.39	0.00	0.00	2000
231	11.19	2064	2103	0.00	197	0	0	0	nan	0.00	0.02	5.79	83.24	88.81	0.00	41	0	42	0.00	0.00	65.92	7.88	0.00	0.00	2000
230	11.09	2081	2094	0.00	181	0	0	0	nan	0.00	0.00	6.10	82.68	88.91	0.00	41	0	42	0.00	0.00	65.11	7.65	0.00	0.00	2000
232	11.26	2063	2098	0.00	196	0	0	0	nan	0.00	0.01	6.44	82.24	88.74	0.00	41	0	42	0.00	0.00	64.66	7.66	0.00	0.00	2000
239	11.74	2024	2108	0.50	198	0	0	12	76.50	0.00	0.01	6.34	82.31	88.26	0.00	41	0	42	0.00	0.00	65.88	7.83	0.00	0.00	2000
233	11.27	2070	2099	0.55	201	0	0	0	59.65	0.05	0.00	5.58	83.27	88.73	0.00	41	0	42	0.00	0.00	62.00	7.50	0.00	0.00	2000
232	11.21	2070	2099	0.00	198	0	0	0	nan	0.01	0.07	5.59	83.22	88.79	0.00	41	0	42	0.00	0.00	62.75	7.30	0.00	0.00	2000
231	11.12	2082	2099	0.00	197	0	0	0	nan	0.00	0.06	3.04	85.89	88.88	0.00	40	0	42	0.00	0.00	64.91	7.49	0.00	0.00	2000
231	11.03	2096	2099	0.00	197	0	0	0	nan	0.00	0.00	6.81	82.16	88.97	0.00	41	0	42	0.00	0.00	65.32	7.69	0.00	0.00	2000
232	11.17	2074	2104	0.00	198	0	0	0	nan	0.00	0.00	5.50	83.63	88.83	0.00	40	0	42	0.00	0.00	65.20	7.63	0.00	0.00	2000
232	11.42	2072	2062	0.00	183	0	0	0	nan	0.00	0.01	7.23	79.84	88.58	0.00	41	0	42	0.00	0.00	64.50	7.40	0.00	0.00	2000
232	11.06	2061	2138	0.00	212	0	0	0	nan	0.00	0.00	9.38	81.28	88.94	0.00	41	0	42	0.00	0.00	65.81	7.61	0.00	0.00	2000
231	11.03	2093	2102	0.00	180	0	0	0	nan	0.00	0.00	7.59	81.58	88.97	0.00	41	0	42	0.00	0.00	63.21	7.32	0.00	0.00	2000
232	11.20	2074	2099	0.00	197	0	0	0	nan	0.00	0.00	7.28	81.59	88.80	0.00	41	0	42	0.00	0.00	63.46	7.45	0.00	0.00	2000
232	11.03	2104	2099	0.00	195	0	0	0	nan	0.06	0.00	7.64	81.36	88.97	0.00	41	0	42	0.00	0.00	66.75	7.89	0.00	0.00	2000
234	11.50	2053	2085	0.00	185	0	0	0	nan	0.00	0.00	6.86	81.18	88.50	0.00	41	0	42	0.00	0.00	63.91	7.42	0.00	0.00	2000
231	11.16	2055	2112	0.00	200	0	0	0	nan	0.00	0.00	7.23	82.26	88.84	0.00	40	0	42	0.00	0.00	65.22	7.63	0.00	0.00	2000
230	11.34	2046	2086	0.00	196	0	0	0	nan	0.00	0.02	7.45	80.67	88.66	0.00	40	0	42	0.00	0.00	63.98	7.40	0.00	0.00	2000
232	11.18	2058	2113	0.00	197	0	0	0	nan	0.04	0.00	7.86	81.53	88.82	0.00	40	0	42	0.00	0.00	65.15	7.69	0.00	0.00	2000
231	11.19	2088	2072	0.00	196	0	0	0	nan	0.01	0.00	6.38	81.24	88.81	0.00	40	0	42	0.00	0.00	61.39	7.21	0.00	0.00	2000
233	11.10	2071	2128	0.00	197	0	0	0	nan	0.00	0.03	8.22	82.00	88.90	0.00	40	0	42	0.00	0.00	68.40	8.04	0.00	0.00	2000
234	11.05	2109	2107	0.00	201	0	0	7	78.58	0.00	0.69	3.58	85.10	88.95	0.00	41	0	42	0.00	0.00	63.16	7.57	0.00	0.00	2000
231	11.09	2089	2093	0.94	193	0	0	5	80.39	0.00	0.00	8.39	80.26	88.91	0.00	40	0	42	0.00	0.00	62.45	7.39	0.00	0.00	2000
229	11.40	2074	2038	0.00	197	0	0	0	nan	0.01	0.00	4.99	81.08	88.60	0.00	41	0	42	0.00	0.00	62.18	7.36	0.00	0.00	2000
231	10.94	2051	2167	0.00	198	0	0	0	nan	0.00	0.00	6.17	85.78	89.07	0.00	41	0	42	0.00	0.00	70.51	8.43	0.00	0.00	2000
234	11.25	2094	2085	0.00	200	0	0	0	nan	0.00	0.01	6.18	82.05	88.75	0.00	41	0	42	0.00	0.00	65.37	8.25	0.00	0.00	2000
230	11.12	2089	2081	0.00	202	0	0	0	nan	0.00	1.88	8.45	77.78	88.88	0.00	41	0	42	0.00	0.00	63.62	8.33	0.00	0.00	2000
231	11.10	2076	2109	0.00	196	0	0	0	nan	0.00	0.00	9.73	79.54	88.90	0.00	41	0	42	0.00	0.00	66.47	8.72	0.00	0.00	2000
229	11.14	2066	2087	0.00	197	0	0	0	nan	0.00	0.01	8.22	80.22	88.86	0.00	41	0	42	0.00	0.00	65.75	8.79	0.00	0.00	2000
231	10.84	2100	2128	0.00	213	0	0	0	nan	0.00	0.00	7.20	83.24	89.16	0.00	41	0	42	0.00	0.00	69.70	9.13	0.00	0.00	2000
229	11.02	2073	2101	0.00	180	0	0	0	nan	0.00	0.01	7.66	81.43	88.98	0.00	41	0	42	0.00	0.00	65.97	8.68	0.00	0.00	2000
233	11.27	2065	2099	0.00	197	0	0	0	nan	0.00	0.00	7.58	81.12	88.73	0.00	41	0	42	0.00	0.00	66.13	8.65	0.00	0.00	2000
228	10.92	2090	2095	0.00	196	0	0	0	nan	0.00	0.02	8.75	80.12	89.08	0.00	41	0	42	0.00	0.00	63.05	8.22	0.00	0.00	2000
229	11.20	2059	2087	0.00	196	0	0	0	nan	0.00	0.00	7.53	80.79	88.80	0.00	41	0	42	0.00	0.00	66.21	8.71	0.00	0.00	2000
229	10.84	2095	2117	0.00	196	0	0	0	nan	0.00	0.02	7.26	82.73	89.16	0.00	41	0	42	0.00	0.00	68.92	9.03	0.00	0.00	2000
232	11.13	2100	2084	0.00	201	0	0	0	nan	0.00	0.00	7.95	80.20	88.87	0.00	41	0	42	0.00	0.00	63.48	8.28	0.00	0.00	2000
232	10.83	2122	2118	0.00	197	0	0	0	nan	0.00	0.61	5.96	83.52	89.17	0.00	41	0	42	0.00	0.00	69.96	9.16	0.00	0.00	2000
232	11.20	2068	2102	0.00	201	0	0	0	nan	0.04	0.00	5.95	82.98	88.80	0.00	41	0	42	0.00	0.00	66.55	8.66	0.00	0.00	2000
229	11.15	2083	2074	0.00	197	0	0	19	6.31	0.00	0.02	8.97	78.91	88.85	0.00	42	0	42	0.00	0.00	60.99	8.01	0.00	0.00	2000
232	11.19	2063	2107	1.56	196	0	0	31	6.87	0.00	0.00	8.62	80.56	88.81	0.00	41	0	42	0.00	0.00	66.39	9.08	0.00	0.00	2000
228	10.89	2078	2117	0.00	196	0	0	0	nan	0.00	0.05	7.88	81.99	89.11	0.00	41	0	42	0.00	0.00	66.43	8.59	0.00	0.00	2000
234	11.47	2055	2082	0.00	195	0	0	0	nan	0.00	0.00	6.82	81.04	88.53	0.00	41	0	42	0.00	0.00	66.81	8.66	0.00	0.00	2000
229	11.04	2085	2092	0.00	200	0	0	0	nan	0.00	0.02	8.78	79.91	88.96	0.00	42	0	42	0.00	0.00	66.44	8.67	0.00	0.00	2000
230	10.90	2085	2127	0.00	195	0	0	0	nan	0.00	0.00	7.99	82.29	89.10	0.00	41	0	42	0.00	0.00	66.14	8.67	0.00	0.00	2000
229	11.20	2065	2081	0.00	199	0	0	0	nan	0.00	0.00	5.67	82.44	88.80	0.00	42	0	42	0.00	0.00	67.19	8.77	0.00	0.00	2000
230	11.11	2066	2100	0.00	196	0	0	0	nan	0.00	0.00	7.18	81.78	88.89	0.00	41	0	42	0.00	0.00	66.41	8.74	0.00	0.00	2000
232	11.30	2061	2091	0.00	198	0	0	0	nan	0.02	0.15	9.10	79.16	88.70	0.00	41	0	42	0.00	0.00	66.21	8.77	0.00	0.00	2000
230	11.05	2054	2132	0.00	198	0	0	0	nan	0.00	0.00	8.44	81.99	88.95	0.00	41	0	42	0.00	0.00	66.40	8.70	0.00	0.00	2000
230	10.91	2137	2071	0.00	197	0	0	0	nan	0.00	0.00	7.40	80.50	89.09	0.00	41	0	42	0.00	0.00	66.48	8.69	0.00	0.00	2000
230	11.23	2042	2111	0.00	213	0	0	0	nan	0.00	0.00	6.38	82.98	88.77	0.00	41	0	42	0.00	0.00	66.16	8.80	0.00	0.00	2000
229	10.72	2124	2111	0.00	181	0	0	0	nan	0.01	0.04	5.30	84.45	89.28	0.00	42	0	42	0.00	0.00	67.33	8.80	0.00	0.00	2000
233	11.28	2062	2103	0.00	213	0	0	0	nan	0.01	0.09	3.87	84.90	88.72	0.00	41	0	42	0.00	0.00	66.78	8.80	0.00	0.00	2000
229	11.27	2032	2098	0.00	182	0	0	0	nan	0.00	0.87	7.68	80.26	88.73	0.00	41	0	42	0.00	0.00	66.82	8.67	0.00	0.00	2000
229	11.25	2037	2096	0.00	196	0	0	0	nan	0.00	0.00	7.52	81.12	88.75	0.00	41	0	42	0.00	0.00	66.09	8.57	0.00	0.00	2000
229	11.05	2096	2076	0.00	197	0	0	0	nan	0.00	0.93	8.35	78.71	88.95	0.00	41	0	42	0.00	0.00	66.38	8.64	0.00	0.00	2000
238	11.06	2127	2125	0.00	199	0	0	7	11.68	0.00	0.02	8.36	81.68	88.94	0.00	41	0	42	0.00	0.00	66.91	8.55	0.00	0.00	2000
230	11.14	2078	2091	1.61	198	0	0	43	6.37	0.00	0.01	8.69	79.87	88.86	0.00	41	0	42	0.00	0.00	66.19	8.60	0.00	0.00	2000
232	11.19	2067	2106	0.01	216	0	0	0	nan	0.00	0.00	7.32	81.81	88.81	0.00	41	0	42	0.00	0.00	67.40	8.57	0.00	0.00	2000
229	11.00	2082	2099	0.00	180	0	0	0	nan	0.00	0.01	8.36	80.61	89.00	0.00	41	0	42	0.00	0.00	66.32	8.47	0.00	0.00	2000
230	11.17	2071	2091	0.00	197	0	0	0	nan	0.00	0.00	8.18	80.33	88.83	0.00	41	0	42	0.00	0.00	66.65	8.55	0.00	0.00	2000
229	11.05	2057	2117	0.00	197	0	0	0	nan	0.01	0.00	7.12	82.67	88.95	0.00	42	0	42	0.00	0.00	65.98	8.63	0.00	0.00	2000
230	11.21	2049	2103	0.00	196	0	0	0	nan	0.00	0.00	7.32	81.78	88.79	0.00	41	0	42	0.00	0.00	66.05	8.61	0.00	0.00	2000
231	11.20	2077	2089	0.00	196	0	0	0	nan	0.00	0.00	6.46	82.01	88.80	0.00	41	0	42	0.00	0.00	66.53	8.68	0.00	0.00	2000
231	11.25	2046	2107	0.00	197	0	0	0	nan	0.00	0.00	8.00	81.15	88.75	0.00	41	0	42	0.00	0.00	66.42	8.74	0.00	0.00	2000
229	11.15	2057	2099	0.00	197	0	0	0	nan	0.00	0.09	4.67	84.27	88.85	0.00	41	0	42	0.00	0.00	66.52	8.65	0.00	0.00	2000
229	11.26	2031	2105	0.00	195	0	0	0	nan	0.00	0.04	4.27	84.77	88.74	0.00	41	0	42	0.00	0.00	66.35	8.73	0.00	0.00	2000
228	11.27	2051	2072	0.00	194	0	0	0	nan	0.00	0.02	6.97	80.68	88.73	0.00	41	0	42	0.00	0.00	66.10	8.82	0.00	0.00	2000
232	11.32	2030	2121	0.00	197	0	0	0	nan	0.00	0.00	8.19	81.57	88.68	0.00	41	0	42	0.00	0.00	66.49	8.72	0.00	0.00	2000
228	11.30	2037	2082	0.00	205	0	0	0	nan	0.00	0.05	6.97	80.97	88.70	0.00	42	0	42	0.00	0.00	66.16	8.86	0.00	0.00	2000
231	11.30	2045	2102	0.00	198	0	0	0	nan	0.00	0.00	7.55	81.34	88.70	0.00	41	0	42	0.00	0.00	66.44	8.71	0.00	0.00	2000
228	11.28	2023	2096	0.00	195	0	0	0	nan	0.00	0.02	7.49	81.29	88.72	0.00	41	0	42	0.00	0.00	65.91	8.67	0.00	0.00	2000
232	11.13	2048	2135	0.00	201	0	0	0	nan	0.00	0.00	7.25	83.23	88.87	0.00	41	0	42	0.00	0.00	66.97	8.59	0.00	0.00	2000
232	11.42	2029	2099	0.00	196	0	0	0	nan	0.01	0.00	6.65	82.07	88.58	0.00	41	0	42	0.00	0.00	64.53	7.41	0.00	0.00	2000
231	11.16	2061	2107	0.88	200	0	0	1	77.76	0.00	0.02	6.15	83.12	88.84	0.00	41	0	42	0.00	0.00	66.15	7.50	0.00	0.00	2000
229	11.05	2069	2101	0.42	196	0	0	0	nan	0.00	0.00	7.10	81.98	88.95	0.00	41	0	42	0.00	0.00	60.71	6.99	0.00	0.00	2000
229	11.07	2089	2082	0.00	197	0	0	0	nan	0.00	0.00	5.79	82.44	88.93	0.00	40	0	42	0.00	0.00	64.35	7.45	0.00	0.00	2000
231	11.36	2063	2070	0.00	183	0	0	0	nan	0.00	0.02	6.89	80.56	88.64	0.00	40	0	42	0.00	0.00	63.80	7.64	0.00	0.00	2000
231	11.06	2057	2136	0.00	213	0	0	0	nan	0.00	0.00	7.70	82.86	88.94	0.00	40	0	42	0.00	0.00	64.24	7.42	0.00	0.00	2000
232	11.30	2069	2089	0.00	182	0	0	0	nan	0.00	0.05	7.38	80.92	88.70	0.00	40	0	42	0.00	0.00	64.05	7.80	0.00	0.00	2000
232	11.21	2071	2102	0.00	198	0	0	0	nan	0.00	0.02	4.44	84.51	88.79	0.00	40	0	42	0.00	0.00	64.56	7.58	0.00	0.00	2000
230	11.16	2061	2104	0.00	197	0	0	0	nan	0.00	0.38	7.28	81.46	88.84	0.00	40	0	42	0.00	0.00	64.51	7.59	0.00	0.00	2000
217	10.84	2007	2092	0.00	204	0	0	0	nan	0.00	0.00	4.28	84.60	89.16	0.00	38	0	42	0.00	0.00	62.53	7.34	0.00	0.00	2000
111	8.24	1339	2115	0.00	261	0	0	0	nan	0.00	0.01	7.58	84.82	91.76	0.00	37	0	42	0.00	0.00	65.48	8.08	0.00	0.00	2000
78	7.01	1123	2083	0.00	193	0	0	0	nan	0.00	0.02	3.14	89.10	92.99	0.00	37	0	42	0.00	0.00	57.67	7.34	0.00	0.00	2000
195	11.19	1678	2177	0.00	32	0	0	0	nan	0.00	0.05	17.95	74.27	88.81	0.00	37	0	42	0.00	0.00	67.59	7.63	0.00	0.00	2000
