Avg_MHz	Busy%	Bzy_MHz	TSC_MHz	IPC	IRQ	NMI	SMI	LLCMRPS	LLC%hit	POLL%	C1%	C1E%	C6%	CPU%c1	CPU%c6	CoreTmp	CoreThr	PkgTmp	Pkg%pc2	Pkg%pc6	PkgWatt	RAMWatt	PKG_%	RAM_%	UncMHz
344	17.70	1909	2138	0.00	244	0	0	0	nan	0.00	0.59	44.02	39.52	82.30	0.00	37	0	42	0.00	0.00	69.84	7.76	0.00	0.00	2000
267	14.18	1890	2091	0.00	216	0	0	0	nan	0.00	1.34	15.89	68.46	85.82	0.00	37	0	42	0.00	0.00	61.00	7.48	0.00	0.00	2000
74	7.05	1048	2099	0.00	210	0	0	0	nan	0.00	0.05	3.91	89.06	92.95	0.00	37	0	42	0.00	0.00	60.57	7.74	0.00	0.00	2000
74	6.91	1048	2134	0.00	193	0	0	0	nan	0.00	0.00	2.00	92.65	93.09	0.00	37	0	42	0.00	0.00	57.21	7.40	0.00	0.00	2000
73	6.70	1096	2080	0.00	193	0	0	0	nan	0.00	0.00	3.10	89.42	93.30	0.00	37	0	42	0.00	0.00	57.58	7.30	0.00	0.00	2000
72	6.68	1071	2124	0.00	193	0	0	0	nan	0.00	0.00	3.01	91.43	93.32	0.00	37	0	43	0.00	0.00	59.60	7.69	0.00	0.00	2000
72	6.78	1082	2063	0.00	193	0	0	0	nan	0.00	0.00	2.73	88.88	93.22	0.00	37	0	42	0.00	0.00	56.23	7.30	0.00	0.00	2000
73	6.46	1120	2123	0.00	195	0	0	0	nan	0.00	0.00	2.94	91.57	93.54	0.00	37	0	42	0.00	0.00	59.11	7.49	0.00	0.00	2000
72	6.69	1089	2086	0.00	193	0	0	0	nan	0.00	0.02	2.32	90.39	93.31	0.00	37	0	42	0.00	0.00	57.10	7.30	0.00	0.00	2000
72	6.79	1042	2125	0.00	210	0	0	0	nan	0.01	0.03	3.21	91.16	93.21	0.00	37	0	42	0.00	0.00	58.32	7.52	0.00	0.00	2000
74	6.85	1079	2095	0.00	179	0	0	0	nan	0.00	0.01	3.19	89.79	93.15	0.00	37	0	42	0.00	0.00	58.28	7.45	0.00	0.00	2000
70	6.90	1026	2079	0.00	194	0	0	0	nan	0.00	0.00	2.82	89.47	93.10	0.00	37	0	42	0.00	0.00	55.94	7.34	0.00	0.00	2000
73	7.16	1009	2129	0.00	209	0	0	0	nan	0.00	0.00	4.15	90.15	92.84	0.00	37	0	42	0.00	0.00	57.92	7.70	0.00	0.00	2000
72	6.97	1026	2100	0.00	193	0	0	0	nan	0.00	0.00	3.88	89.30	93.03	0.00	37	0	42	0.00	0.00	59.39	7.73	0.00	0.00	2000
72	6.72	1078	2073	0.00	198	0	0	0	nan	0.00	0.00	3.94	88.24	93.28	0.00	37	0	42	0.00	0.00	56.48	7.59	0.00	0.00	2000
72	7.00	1016	2126	0.00	193	0	0	1	87.45	0.01	0.02	1.47	92.81	93.00	0.00	37	0	42	0.00	0.00	59.47	7.29	0.00	0.00	2000
72	7.08	1022	2080	0.29	193	0	0	1	86.96	0.00	0.00	3.03	89.16	92.92	0.00	37	0	42	0.00	0.00	56.28	7.14	0.00	0.00	2000
73	7.00	1035	2114	0.00	209	0	0	0	nan	0.00	0.00	3.63	90.06	93.00	0.00	37	0	42	0.00	0.00	57.10	7.47	0.00	0.00	2000
220	10.96	2018	2090	0.00	226	0	0	0	nan	0.00	0.02	5.25	83.53	89.04	0.00	39	0	42	0.00	0.00	65.81	7.99	0.00	0.00	2000
230	11.04	2077	2103	0.00	204	0	0	0	nan	0.00	0.00	3.83	85.44	88.96	0.00	40	0	42	0.00	0.00	65.27	7.46	0.00	0.00	2000
231	10.97	2100	2102	0.00	203	0	0	0	nan	0.00	0.00	3.40	85.85	89.03	0.00	40	0	42	0.00	0.00	64.86	7.52	0.00	0.00	2000
227	10.87	2102	2083	0.00	205	0	0	0	nan	0.00	0.00	4.03	84.52	89.13	0.00	41	0	42	0.00	0.00	64.76	7.84	0.00	0.00	2000
242	11.44	2114	2097	0.00	211	0	0	0	nan	0.00	0.00	7.89	80.58	88.56	0.00	38	0	42	0.00	0.00	63.47	7.85	0.00	0.00	2000
225	10.98	2023	2122	0.00	203	0	0	0	nan	0.00	0.01	6.37	83.59	89.02	0.00	38	0	42	0.00	0.00	66.55	8.39	0.00	0.00	2000
218	11.47	1899	2103	0.00	215	0	0	0	nan	0.00	0.00	6.72	82.08	88.53	0.00	37	0	42	0.00	0.00	63.27	7.74	0.00	0.00	2000
238	11.41	2080	2104	0.00	200	0	0	0	nan	0.00	0.00	6.87	82.08	88.59	0.00	37	0	42	0.00	0.00	65.98	8.12	0.00	0.00	2000
229	11.20	2053	2088	0.00	198	0	0	0	nan	0.00	0.00	5.43	82.97	88.80	0.00	38	0	42	0.00	0.00	65.27	7.76	0.00	0.00	2000
230	11.80	1970	2080	0.00	201	0	0	0	nan	0.00	0.00	8.38	79.18	88.20	0.00	38	0	42	0.00	0.00	63.30	7.46	0.00	0.00	2000
230	11.59	1987	2098	0.00	202	0	0	0	nan	0.00	0.00	5.13	83.39	88.41	0.00	38	0	42	0.00	0.00	65.25	7.69	0.00	0.00	2000
226	11.37	2010	2075	0.00	215	0	0	0	nan	0.00	0.00	5.08	82.68	88.63	0.00	38	0	42	0.00	0.00	62.18	7.27	0.00	0.00	2000
232	11.24	2013	2156	0.00	213	0	0	0	nan	0.00	0.00	5.42	85.91	88.76	0.00	38	0	42	0.00	0.00	68.47	8.04	0.00	0.00	2000
231	11.43	2031	2086	0.00	201	0	0	0	nan	0.00	0.00	4.91	83.29	88.57	0.00	38	0	42	0.00	0.00	62.04	7.38	0.00	0.00	2000
230	11.10	2056	2118	0.00	201	0	0	5	75.48	0.00	0.00	5.95	83.87	88.90	0.00	39	0	42	0.00	0.00	65.73	7.70	0.00	0.00	2000
224	11.19	2041	2063	0.73	198	0	0	6	85.95	0.00	0.02	5.22	82.23	88.81	0.00	39	0	42	0.00	0.00	62.35	7.26	0.00	0.00	2000
231	11.10	2100	2080	0.00	202	0	0	0	nan	0.00	0.02	3.88	84.31	88.90	0.00	38	0	42	0.00	0.00	64.82	7.54	0.00	0.00	2000
229	11.33	1975	2151	0.00	216	0	0	0	nan	0.00	0.02	6.11	84.87	88.67	0.00	38	0	42	0.00	0.00	69.53	8.18	0.00	0.00	2000
232	11.35	2049	2096	0.00	221	0	0	0	nan	0.01	0.01	5.63	82.98	88.65	0.00	39	0	42	0.00	0.00	63.44	7.23	0.00	0.00	2000
232	11.10	2073	2116	0.00	198	0	0	0	nan	0.00	0.00	5.67	84.13	88.90	0.00	39	0	42	0.00	0.00	65.58	7.60	0.00	0.00	2000
229	11.38	2031	2080	0.00	198	0	0	0	nan	0.00	0.00	5.92	81.94	88.62	0.00	39	0	42	0.00	0.00	63.12	7.38	0.00	0.00	2000
227	11.28	2001	2107	0.00	199	0	0	0	nan	0.00	0.00	6.18	83.00	88.72	0.00	39	0	42	0.00	0.00	64.91	7.62	0.00	0.00	2000
229	11.73	1987	2064	0.00	198	0	0	0	nan	0.00	0.02	4.39	82.51	88.27	0.00	39	0	42	0.00	0.00	62.24	7.26	0.00	0.00	2000
230	11.52	1996	2101	0.00	220	0	0	0	nan	0.00	0.02	4.31	84.35	88.48	0.00	38	0	42	0.00	0.00	64.35	7.50	0.00	0.00	2000
232	11.09	2053	2136	0.00	215	0	0	0	nan	0.00	0.01	4.27	86.34	88.91	0.00	39	0	42	0.00	0.00	69.58	8.04	0.00	0.00	2000
229	10.86	2108	2097	0.00	199	0	0	0	nan	0.00	0.00	3.74	85.41	89.14	0.00	39	0	42	0.00	0.00	60.04	7.33	0.00	0.00	2000
233	11.33	2043	2115	0.00	199	0	0	0	nan	0.00	0.04	2.98	86.44	88.67	0.00	39	0	42	0.00	0.00	70.10	7.69	0.00	0.00	2000
224	10.72	2085	2101	0.00	236	0	0	0	nan	0.00	0.02	5.09	84.36	89.28	0.00	37	0	42	0.00	0.00	62.76	7.42	0.00	0.00	2000
232	11.34	2048	2099	0.00	214	0	0	0	nan	0.00	0.00	7.09	81.60	88.66	0.00	39	0	42	0.00	0.00	64.25	7.60	0.00	0.00	2000
225	11.03	2041	2103	0.00	197	0	0	0	nan	0.00	0.00	4.22	84.93	88.97	0.00	39	0	43	0.00	0.00	65.46	7.90	0.00	0.00	2000
222	11.05	2017	2096	0.00	199	0	0	0	nan	0.00	0.04	3.11	85.68	88.95	0.00	39	0	42	0.00	0.00	63.39	7.66	0.00	0.00	2000
227	11.07	2042	2105	0.54	200	0	0	2	50.57	0.00	0.07	4.61	84.51	88.93	0.00	39	0	42	0.00	0.00	65.27	7.80	0.00	0.00	2000
223	10.74	2074	2100	0.42	198	0	0	0	nan	0.00	0.00	5.43	83.84	89.26	0.00	39	0	42	0.00	0.00	65.00	7.84	0.00	0.00	2000
223	11.00	2026	2097	0.00	196	0	0	0	nan	0.00	0.00	6.78	82.22	89.00	0.00	40	0	42	0.00	0.00	64.28	7.50	0.00	0.00	2000
222	10.93	2028	2105	0.00	198	0	0	0	nan	0.00	0.40	6.00	83.03	89.07	0.00	40	0	42	0.00	0.00	62.44	7.31	0.00	0.00	2000
234	11.50	2042	2094	0.00	198	0	0	0	nan	0.00	0.02	5.69	82.66	88.50	0.00	40	0	42	0.00	0.00	64.32	7.95	0.00	0.00	2000
226	10.89	2068	2105	0.00	202	0	0	0	nan	0.00	0.00	6.86	82.46	89.11	0.00	40	0	42	0.00	0.00	65.60	8.03	0.00	0.00	2000
219	11.34	2050	1980	0.00	197	0	0	0	nan	0.00	0.02	5.44	78.24	88.66	0.00	40	0	42	0.00	0.00	59.03	7.11	0.00	0.00	2000
226	10.47	2033	2227	0.00	196	0	0	0	nan	0.00	0.00	6.91	88.13	89.53	0.00	40	0	42	0.00	0.00	67.34	8.14	0.00	0.00	2000
224	11.07	2024	2096	0.00	197	0	0	0	nan	0.00	0.00	5.58	83.31	88.93	0.00	40	0	42	0.00	0.00	65.72	7.96	0.00	0.00	2000
225	10.98	2045	2101	0.00	197	0	0	0	nan	0.00	0.00	5.51	83.60	89.02	0.00	40	0	42	0.00	0.00	64.60	7.61	0.00	0.00	2000
227	10.98	2069	2096	0.00	203	0	0	0	nan	0.00	0.00	6.99	81.89	89.02	0.00	40	0	42	0.00	0.00	64.06	7.73	0.00	0.00	2000
223	10.88	2046	2102	0.00	204	0	0	0	nan	0.00	0.01	7.06	82.17	89.12	0.00	40	0	42	0.00	0.00	64.47	7.70	0.00	0.00	2000
219	11.33	2053	1979	0.00	198	0	0	0	nan	0.00	0.01	4.79	78.82	88.67	0.00	40	0	42	0.00	0.00	59.01	7.03	0.00	0.00	2000
220	10.83	2058	2073	0.00	198	0	0	0	nan	0.01	0.04	2.99	85.17	89.17	0.00	40	0	42	0.00	0.00	61.95	7.52	0.00	0.00	2000
227	10.67	1978	2260	0.00	214	0	0	0	nan	0.01	0.01	3.19	93.00	89.33	0.00	40	0	42	0.00	0.00	70.90	8.58	0.00	0.00	2000
224	10.92	2055	2100	0.00	201	0	0	0	nan	0.00	0.00	5.29	83.85	89.08	0.00	40	0	42	0.00	0.00	64.47	7.79	0.00	0.00	2000
222	10.95	2024	2101	0.00	197	0	0	0	nan	0.00	0.01	6.22	82.98	89.05	0.00	41	0	42	0.00	0.00	64.81	7.74	0.00	0.00	2000
218	11.20	2043	2001	0.73	199	0	0	21	9.59	0.00	0.01	5.76	78.94	88.80	0.00	41	0	42	0.00	0.00	59.41	7.44	0.00	0.00	2000
225	10.41	2074	2190	0.80	198	0	0	1	89.39	0.01	0.00	5.46	88.01	89.59	0.00	41	0	42	0.00	0.00	67.53	8.67	0.00	0.00	2000
221	11.07	2034	2057	0.00	214	0	0	0	nan	0.00	0.02	5.81	81.32	88.93	0.00	41	0	42	0.00	0.00	64.74	8.34	0.00	0.00	2000
222	10.98	2010	2110	0.00	202	0	0	0	nan	0.00	0.02	5.42	84.17	89.02	0.00	41	0	42	0.00	0.00	64.38	8.54	0.00	0.00	2000
222	10.60	2079	2117	0.00	200	0	0	0	nan	0.00	0.00	5.77	84.42	89.40	0.00	41	0	42	0.00	0.00	64.82	8.53	0.00	0.00	2000
220	10.91	2036	2082	0.00	197	0	0	0	nan	0.00	0.00	6.12	82.26	89.09	0.00	41	0	42	0.00	0.00	61.85	8.46	0.00	0.00	2000
223	10.72	2038	2141	0.00	198	0	0	0	nan	0.00	0.00	7.32	83.80	89.28	0.00	41	0	42	0.00	0.00	67.50	8.35	0.00	0.00	2000
222	11.08	2028	2075	0.00	196	0	0	0	nan	0.00	0.00	6.23	81.77	88.92	0.00	41	0	42	0.00	0.00	64.80	8.44	0.00	0.00	2000
223	10.76	2060	2116	0.00	201	0	0	0	nan	0.00	0.02	6.14	83.72	89.24	0.00	41	0	42	0.00	0.00	64.86	8.32	0.00	0.00	2000
221	10.85	2044	2093	0.00	196	0	0	0	nan	0.00	0.00	3.31	85.59	89.15	0.00	41	0	42	0.00	0.00	64.85	8.15	0.00	0.00	2000
221	11.10	1975	2113	0.00	195	0	0	0	nan	0.00	0.00	3.52	86.00	88.90	0.00	40	0	42	0.00	0.00	64.43	8.67	0.00	0.00	2000
219	10.96	1997	2097	0.00	194	0	0	0	nan	0.00	0.00	2.99	86.03	89.04	0.00	41	0	42	0.00	0.00	64.52	8.44	0.00	0.00	2000
219	11.29	1933	2112	0.00	195	0	0	0	nan	0.00	0.00	3.33	86.05	88.71	0.00	41	0	42	0.00	0.00	64.29	8.39	0.00	0.00	2000
224	11.91	2025	1946	0.00	210	0	0	0	nan	0.00	0.00	6.36	75.32	88.09	0.00	41	0	42	0.00	0.00	60.05	7.65	0.00	0.00	2000
219	10.91	1997	2111	0.00	211	0	0	0	nan	0.00	0.00	3.11	86.56	89.09	0.00	41	0	42	0.00	0.00	64.75	8.51	0.00	0.00	2000
223	10.82	1937	2232	0.00	211	0	0	0	nan	0.00	0.00	2.82	92.06	89.18	0.00	41	0	42	0.00	0.00	69.76	9.11	0.00	0.00	2000
219	10.85	2025	2097	0.00	194	0	0	0	nan	0.00	0.00	3.42	85.74	89.15	0.00	41	0	42	0.00	0.00	64.43	8.29	0.00	0.00	2000
223	11.01	2042	2080	0.97	196	0	0	22	27.27	0.00	0.01	3.31	84.90	88.99	0.00	41	0	42	0.00	0.00	64.20	8.33	0.00	0.00	2000
222	10.79	2031	2129	0.62	195	0	0	0	nan	0.00	0.00	3.97	86.62	89.21	0.00	41	0	42	0.00	0.00	64.70	8.39	0.00	0.00	2000
220	10.76	2041	2104	0.00	195	0	0	0	nan	0.00	0.00	3.28	86.22	89.24	0.00	41	0	42	0.00	0.00	64.72	8.28	0.00	0.00	2000
220	11.07	1994	2093	0.00	194	0	0	0	nan	0.00	0.00	3.42	85.31	88.93	0.00	41	0	42	0.00	0.00	64.60	8.27	0.00	0.00	2000
219	11.03	2012	2073	0.00	195	0	0	0	nan	0.00	0.00	3.05	84.82	88.97	0.00	41	0	42	0.00	0.00	64.39	8.38	0.00	0.00	2000
221	10.58	2076	2114	0.00	195	0	0	0	nan	0.00	0.00	2.87	87.26	89.42	0.00	41	0	42	0.00	0.00	64.72	8.31	0.00	0.00	2000
224	11.07	2009	2115	0.00	202	0	0	0	nan	0.00	0.00	6.32	83.29	88.93	0.00	41	0	42	0.00	0.00	64.79	8.42	0.00	0.00	2000
221	10.97	2000	2111	0.00	199	0	0	0	nan	0.00	0.00	6.52	83.04	89.03	0.00	41	0	42	0.00	0.00	64.80	8.42	0.00	0.00	2000
219	11.14	1988	2072	0.00	215	0	0	0	nan	0.00	0.00	5.27	82.46	88.86	0.00	41	0	42	0.00	0.00	64.46	8.23	0.00	0.00	2000
221	11.06	1979	2119	0.00	199	0	0	0	nan	0.00	0.00	5.29	84.53	88.94	0.00	41	0	42	0.00	0.00	64.99	8.41	0.00	0.00	2000
222	11.32	1980	2079	0.00	200	0	0	0	nan	0.00	0.00	5.03	82.90	88.68	0.00	41	0	42	0.00	0.00	64.71	8.20	0.00	0.00	2000
223	10.96	2004	2128	0.00	211	0	0	0	nan	0.00	0.00	4.40	85.93	89.04	0.00	41	0	42	0.00	0.00	64.66	8.33	0.00	0.00	2000
219	11.11	2011	2062	0.00	200	0	0	0	nan	0.00	0.04	4.76	82.65	88.89	0.00	41	0	42	0.00	0.00	64.30	8.29	0.00	0.00	2000
222	10.69	2033	2143	0.00	198	0	0	0	nan	0.00	0.51	3.56	87.21	89.31	0.00	41	0	42	0.00	0.00	65.11	8.17	0.00	0.00	2000
221	11.08	2015	2074	0.00	198	0	0	0	nan	0.00	0.00	5.10	82.69	88.92	0.00	41	0	42	0.00	0.00	64.74	8.44	0.00	0.00	2000
221	11.28	1937	2125	0.00	198	0	0	0	nan	0.00	0.00	5.78	84.16	88.72	0.00	41	0	42	0.00	0.00	64.22	8.29	0.00	0.00	2000
221	11.16	2020	2061	0.00	195	0	0	0	nan	0.00	0.00	3.37	83.93	88.84	0.00	41	0	42	0.00	0.00	64.59	8.31	0.00	0.00	2000
223	10.76	2043	2129	0.76	194	0	0	22	11.16	0.00	0.00	2.62	87.88	89.24	0.00	41	0	42	0.00	0.00	64.77	8.49	0.00	0.00	2000
221	10.94	2004	2122	0.84	196	0	0	1	86.77	0.00	0.00	2.95	87.21	89.06	0.00	41	0	42	0.00	0.00	64.87	8.25	0.00	0.00	2000
222	11.04	2013	2096	0.00	210	0	0	0	nan	0.00	0.03	2.76	86.07	88.96	0.00	40	0	42	0.00	0.00	62.50	7.64	0.00	0.00	2000
222	11.21	1988	2093	0.00	197	0	0	0	nan	0.00	0.02	3.34	85.19	88.79	0.00	39	0	42	0.00	0.00	66.32	8.09	0.00	0.00	2000
230	11.30	2063	2075	0.00	227	0	0	0	nan	0.00	0.00	2.54	85.16	88.70	0.00	39	0	42	0.00	0.00	60.86	7.24	0.00	0.00	2000
211	10.72	1945	2121	0.00	197	0	0	0	nan	0.00	0.02	3.59	86.70	89.28	0.00	38	0	42	0.00	0.00	65.32	7.93	0.00	0.00	2000
147	9.29	1585	2103	0.00	239	0	0	0	nan	0.00	0.02	4.54	86.52	90.71	0.00	37	0	42	0.00	0.00	59.78	7.49	0.00	0.00	2000
105	8.13	1308	2079	0.00	214	0	0	0	nan	0.00	0.03	4.88	86.23	91.87	0.00	37	0	42	0.00	0.00	59.29	7.61	0.00	0.00	2000
77	7.51	1020	2117	0.00	212	0	0	0	nan	0.00	0.00	4.55	88.74	92.49	0.00	37	0	42	0.00	0.00	57.26	7.54	0.00	0.00	2000
