Avg_MHz	Busy%	Bzy_MHz	TSC_MHz	IPC	IRQ	NMI	SMI	LLCMRPS	LLC%hit	POLL%	C1%	C1E%	C6%	CPU%c1	CPU%c6	CoreTmp	CoreThr	PkgTmp	Pkg%pc2	Pkg%pc6	PkgWatt	RAMWatt	PKG_%	RAM_%	UncMHz
182	10.63	1687	2132	0.00	232	0	0	0	nan	0.00	0.03	32.31	58.42	89.37	0.00	37	0	42	0.00	0.00	63.06	7.80	0.00	0.00	2000
246	14.62	1762	2002	0.00	212	0	0	0	nan	0.00	0.00	6.69	74.60	85.38	0.00	37	0	42	0.00	0.00	55.75	6.79	0.00	0.00	2000
370	15.95	2203	2213	0.00	235	0	0	0	nan	0.00	1.32	16.03	71.51	84.05	0.00	38	0	43	0.00	0.00	73.60	8.17	0.00	0.00	2000
78	6.48	1191	2116	0.00	193	0	0	0	nan	0.00	0.49	10.49	83.24	93.52	0.00	37	0	42	0.00	0.00	59.17	7.60	0.00	0.00	2000
74	6.76	1094	2103	0.00	194	0	0	0	nan	0.00	0.00	3.11	90.32	93.24	0.00	37	0	42	0.00	0.00	57.68	7.38	0.00	0.00	2000
72	5.98	1228	2064	0.00	193	0	0	0	nan	0.00	0.02	2.94	89.28	94.02	0.00	37	0	42	0.00	0.00	57.85	7.35	0.00	0.00	2000
75	6.79	1078	2141	0.00	195	0	0	0	nan	0.00	0.00	2.26	92.82	93.21	0.00	37	0	42	0.00	0.00	59.58	7.64	0.00	0.00	2000
71	6.74	1072	2068	0.00	194	0	0	0	nan	0.00	0.00	2.71	89.18	93.26	0.00	37	0	42	0.00	0.00	56.28	7.14	0.00	0.00	2000
73	6.43	1118	2123	0.00	193	0	0	0	nan	0.01	0.00	2.98	91.50	93.57	0.00	37	0	42	0.00	0.00	63.39	8.18	0.00	0.00	2000
73	6.32	1158	2107	0.00	201	0	0	0	nan	0.00	0.00	4.24	89.61	93.68	0.00	37	0	42	0.00	0.00	55.75	7.49	0.00	0.00	2000
74	6.57	1131	2106	0.00	203	0	0	0	nan	0.00	0.00	3.99	89.60	93.43	0.00	37	0	42	0.00	0.00	56.66	7.30	0.00	0.00	2000
74	6.64	1118	2099	0.00	195	0	0	0	nan	0.00	0.00	4.77	88.54	93.36	0.00	37	0	42	0.00	0.00	59.50	7.50	0.00	0.00	2000
73	6.69	1093	2095	0.00	194	0	0	0	nan	0.00	0.01	3.26	89.82	93.31	0.00	37	0	42	0.00	0.00	58.05	7.45	0.00	0.00	2000
72	6.15	1182	2086	0.00	194	0	0	0	nan	0.00	0.00	2.66	90.46	93.85	0.00	37	0	42	0.00	0.00	58.93	7.48	0.00	0.00	2000
74	6.60	1112	2111	0.00	194	0	0	0	nan	0.00	0.00	2.76	91.09	93.40	0.00	37	0	42	0.00	0.00	58.40	7.45	0.00	0.00	2000
72	6.79	1052	2103	0.00	194	0	0	1	91.74	0.00	0.01	2.47	90.87	93.21	0.00	37	0	42	0.00	0.00	57.71	7.48	0.00	0.00	2000
74	6.48	1139	2094	0.29	192	0	0	1	86.51	0.00	0.02	2.63	90.48	93.52	0.00	37	0	42	0.00	0.00	58.99	7.57	0.00	0.00	2000
72	6.35	1130	2106	0.00	194	0	0	0	nan	0.00	0.00	2.51	91.26	93.65	0.00	37	0	42	0.00	0.00	59.53	7.54	0.00	0.00	2000
72	6.75	1082	2082	0.00	193	0	0	0	nan	0.00	0.00	3.74	88.74	93.25	0.00	37	0	42	0.00	0.00	56.53	7.00	0.00	0.00	2000
140	8.70	1627	2075	0.00	208	0	0	0	nan	0.01	0.73	5.25	84.22	91.30	0.00	37	0	42	0.00	0.00	56.22	7.39	0.00	0.00	2000
234	10.83	2124	2136	0.00	215	0	0	0	nan	0.00	0.01	4.93	85.81	89.17	0.00	38	0	42	0.00	0.00	68.53	8.10	0.00	0.00	2000
230	11.14	2057	2110	0.00	199	0	0	0	nan	0.01	0.02	4.07	85.28	88.86	0.00	38	0	42	0.00	0.00	65.63	7.51	0.00	0.00	2000
231	10.91	2133	2083	0.00	199	0	0	0	nan	0.00	0.04	4.22	84.15	89.09	0.00	38	0	42	0.00	0.00	64.90	7.54	0.00	0.00	2000
231	11.12	2089	2092	0.00	204	0	0	0	nan	0.00	0.04	3.72	84.86	88.88	0.00	38	0	42	0.00	0.00	63.86	7.33	0.00	0.00	2000
235	11.27	2062	2123	0.00	199	0	0	0	nan	0.00	0.04	4.99	84.83	88.73	0.00	37	0	42	0.00	0.00	66.17	7.70	0.00	0.00	2000
230	11.09	2074	2098	0.00	198	0	0	0	nan	0.00	0.02	5.39	83.51	88.91	0.00	37	0	42	0.00	0.00	67.55	7.86	0.00	0.00	2000
233	11.30	2061	2101	0.00	197	0	0	0	nan	0.00	0.00	5.16	83.65	88.70	0.00	37	0	42	0.00	0.00	64.95	7.59	0.00	0.00	2000
231	11.04	2096	2093	0.00	200	0	0	0	nan	0.00	0.00	4.40	84.26	88.96	0.00	37	0	42	0.00	0.00	66.77	7.80	0.00	0.00	2000
241	11.52	2084	2107	0.00	198	0	0	0	nan	0.00	0.00	3.33	85.51	88.48	0.00	37	0	42	0.00	0.00	64.66	7.44	0.00	0.00	2000
231	11.10	2080	2101	0.00	196	0	0	0	nan	0.00	0.00	2.54	86.52	88.90	0.00	38	0	42	0.00	0.00	64.49	7.45	0.00	0.00	2000
227	10.85	2109	2079	0.00	193	0	0	0	nan	0.00	0.00	2.25	85.98	89.15	0.00	38	0	42	0.00	0.00	63.56	7.39	0.00	0.00	2000
232	11.14	2060	2125	0.00	195	0	0	0	nan	0.00	0.02	2.30	87.64	88.86	0.00	38	0	42	0.00	0.00	66.63	7.84	0.00	0.00	2000
226	10.77	2128	2071	0.00	198	0	0	0	nan	0.00	0.00	3.18	84.84	89.23	0.00	38	0	42	0.00	0.00	64.27	7.28	0.00	0.00	2000
230	11.16	2077	2085	0.71	194	0	0	17	97.06	0.00	0.00	2.84	85.48	88.84	0.00	39	0	42	0.00	0.00	62.75	7.25	0.00	0.00	2000
228	11.03	2064	2102	0.00	212	0	0	0	nan	0.00	0.01	2.83	86.21	88.97	0.00	39	0	42	0.00	0.00	64.95	7.47	0.00	0.00	2000
228	10.85	2061	2138	0.00	211	0	0	0	nan	0.00	0.01	3.54	87.26	89.15	0.00	38	0	42	0.00	0.00	67.25	7.62	0.00	0.00	2000
229	11.03	2089	2092	0.00	194	0	0	0	nan	0.00	0.04	2.98	85.72	88.97	0.00	38	0	42	0.00	0.00	64.63	7.35	0.00	0.00	2000
232	11.31	2076	2070	0.00	195	0	0	0	nan	0.00	0.02	2.77	84.65	88.69	0.00	39	0	42	0.00	0.00	62.75	7.24	0.00	0.00	2000
230	10.72	2103	2147	0.00	211	0	0	0	nan	0.00	0.00	3.31	88.07	89.28	0.00	39	0	43	0.00	0.00	66.37	7.46	0.00	0.00	2000
229	11.10	2070	2089	0.00	196	0	0	0	nan	0.00	0.01	3.62	84.89	88.90	0.00	39	0	42	0.00	0.00	66.17	7.64	0.00	0.00	2000
226	10.75	2118	2084	0.00	193	0	0	0	nan	0.00	0.00	3.70	84.96	89.25	0.00	39	0	42	0.00	0.00	63.89	7.34	0.00	0.00	2000
229	11.15	2066	2085	0.00	195	0	0	0	nan	0.00	0.00	2.71	85.54	88.85	0.00	39	0	42	0.00	0.00	62.62	7.12	0.00	0.00	2000
232	10.91	2105	2123	0.00	214	0	0	0	nan	0.00	0.00	3.58	86.62	89.09	0.00	37	0	42	0.00	0.00	67.65	7.87	0.00	0.00	2000
231	11.23	2068	2087	0.00	196	0	0	0	nan	0.00	0.00	3.90	84.27	88.77	0.00	38	0	43	0.00	0.00	62.93	7.22	0.00	0.00	2000
224	11.30	2082	2001	0.00	214	0	0	0	nan	0.00	0.00	4.18	80.50	88.70	0.00	37	0	42	0.00	0.00	62.04	7.23	0.00	0.00	2000
241	10.84	2075	2247	0.00	229	0	0	0	nan	0.00	0.00	3.13	92.25	89.16	0.00	38	0	42	0.00	0.00	70.97	8.09	0.00	0.00	2000
233	11.14	2086	2102	0.00	195	0	0	0	nan	0.00	0.00	2.65	86.24	88.86	0.00	38	0	42	0.00	0.00	64.92	7.52	0.00	0.00	2000
225	11.22	2071	2035	0.00	196	0	0	0	nan	0.00	0.02	3.17	82.98	88.78	0.00	38	0	42	0.00	0.00	61.97	7.60	0.00	0.00	2000
233	10.97	2056	2167	0.00	210	0	0	0	nan	0.00	0.00	2.18	89.74	89.03	0.00	38	0	42	0.00	0.00	67.62	7.98	0.00	0.00	2000
231	10.72	2146	2106	0.22	194	0	0	7	69.96	0.00	0.00	2.80	86.80	89.28	0.00	39	0	42	0.00	0.00	64.00	7.59	0.00	0.00	2000
233	10.87	2150	2093	0.48	196	0	0	5	70.63	0.00	0.00	3.49	85.41	89.13	0.00	39	0	42	0.00	0.00	62.79	7.43	0.00	0.00	2000
369	17.69	2336	1878	0.00	215	0	0	0	nan	0.00	0.01	3.52	70.19	82.31	0.00	38	0	42	0.00	0.00	59.88	7.08	0.00	0.00	2000
681	27.29	2500	2096	0.00	229	0	0	0	nan	0.00	0.00	3.07	69.64	72.71	0.00	38	0	42	0.00	0.00	70.37	8.38	0.00	0.00	2000
683	27.32	2500	2101	0.00	243	0	0	0	nan	0.00	0.00	2.59	70.25	72.68	0.00	38	0	42	0.00	0.00	72.74	8.58	0.00	0.00	2000
683	27.30	2500	2101	0.00	242	0	0	0	nan	0.00	0.00	3.01	69.87	72.70	0.00	38	0	42	0.00	0.00	72.66	8.58	0.00	0.00	2000
690	27.61	2500	2099	0.00	244	0	0	0	nan	0.00	0.00	4.09	68.38	72.39	0.00	38	0	43	0.00	0.00	72.82	8.51	0.00	0.00	2000
366	14.73	2235	2334	0.00	258	0	0	0	nan	0.00	0.00	4.42	90.50	85.27	0.00	37	0	43	0.00	0.00	77.51	9.28	0.00	0.00	2000
231	11.34	2062	2075	0.00	195	0	0	0	nan	0.00	0.00	3.45	84.15	88.66	0.00	38	0	42	0.00	0.00	65.47	7.73	0.00	0.00	2000
235	10.99	2067	2169	0.00	211	0	0	0	nan	0.00	0.02	2.98	88.98	89.01	0.00	38	0	42	0.00	0.00	68.01	8.35	0.00	0.00	2000
229	11.14	2080	2080	0.00	194	0	0	0	nan	0.01	0.00	3.56	84.55	88.86	0.00	38	0	42	0.00	0.00	61.50	7.55	0.00	0.00	2000
228	11.11	2047	2103	0.00	205	0	0	0	nan	0.00	0.00	5.38	83.62	88.89	0.00	38	0	42	0.00	0.00	67.04	7.95	0.00	0.00	2000
112	7.95	1398	2120	0.00	228	0	0	0	nan	0.00	0.00	6.74	86.14	92.05	0.00	37	0	42	0.00	0.00	60.05	7.77	0.00	0.00	2000
86	6.77	1262	2103	0.00	163	0	0	0	nan	0.00	0.00	4.63	88.74	93.23	0.00	37	0	42	0.00	0.00	61.08	7.87	0.00	0.00	2000
