Avg_MHz	Busy%	Bzy_MHz	TSC_MHz	IPC	IRQ	NMI	SMI	LLCMRPS	LLC%hit	POLL%	C1%	C1E%	C6%	CPU%c1	CPU%c6	CoreTmp	CoreThr	PkgTmp	Pkg%pc2	Pkg%pc6	PkgWatt	RAMWatt	PKG_%	RAM_%	UncMHz
275	15.39	1854	2024	0.00	253	0	0	0	nan	0.00	0.00	28.10	53.42	84.61	0.00	37	0	42	0.00	0.00	55.27	6.93	0.00	0.00	2000
417	17.26	2285	2222	0.00	263	0	0	0	nan	0.00	1.10	20.90	65.78	82.74	0.00	39	0	42	0.00	0.00	78.13	8.62	0.00	0.00	2000
81	6.53	1242	2106	0.00	194	0	0	0	nan	0.00	0.82	10.36	82.64	93.47	0.00	37	0	43	0.00	0.00	59.46	7.36	0.00	0.00	2000
71	6.75	1055	2086	0.00	209	0	0	0	nan	0.00	0.04	4.37	88.32	93.25	0.00	37	0	42	0.00	0.00	59.41	7.53	0.00	0.00	2000
74	6.71	1088	2115	0.00	193	0	0	0	nan	0.00	0.03	1.98	91.91	93.29	0.00	37	0	42	0.00	0.00	59.69	7.52	0.00	0.00	2000
72	6.50	1093	2117	0.00	194	0	0	0	nan	0.00	0.00	2.49	91.78	93.50	0.00	37	0	42	0.00	0.00	58.32	7.46	0.00	0.00	2000
75	6.69	1118	2096	0.00	194	0	0	0	nan	0.00	0.00	2.86	90.29	93.31	0.00	37	0	42	0.00	0.00	58.49	7.49	0.00	0.00	2000
71	6.63	1085	2085	0.00	193	0	0	0	nan	0.00	0.02	2.91	89.89	93.37	0.00	37	0	42	0.00	0.00	58.77	7.50	0.00	0.00	2000
74	6.40	1148	2115	0.00	193	0	0	0	nan	0.00	0.01	2.07	92.19	93.60	0.00	37	0	42	0.00	0.00	58.82	7.55	0.00	0.00	2000
79	6.54	1225	2080	0.00	195	0	0	0	nan	0.00	0.02	2.80	89.75	93.46	0.00	37	0	42	0.00	0.00	57.81	7.46	0.00	0.00	2000
73	6.72	1084	2102	0.00	194	0	0	0	nan	0.00	0.00	2.76	90.54	93.28	0.00	37	0	42	0.00	0.00	56.90	7.30	0.00	0.00	2000
73	6.83	1057	2109	0.00	211	0	0	0	nan	0.00	0.00	3.56	90.03	93.17	0.00	37	0	42	0.00	0.00	59.39	7.44	0.00	0.00	2000
73	6.56	1106	2115	0.00	177	0	0	0	nan	0.00	0.00	3.79	90.34	93.44	0.00	37	0	42	0.00	0.00	59.79	7.65	0.00	0.00	2000
72	6.61	1085	2101	0.00	194	0	0	0	nan	0.00	0.02	2.91	90.56	93.39	0.00	37	0	42	0.00	0.00	57.71	7.49	0.00	0.00	2000
72	6.99	1040	2089	0.00	212	0	0	0	nan	0.00	0.00	3.87	88.78	93.01	0.00	37	0	42	0.00	0.00	56.77	7.42	0.00	0.00	2000
73	6.74	1079	2107	0.00	195	0	0	1	87.56	0.00	0.00	3.92	89.73	93.26	0.00	37	0	42	0.00	0.00	59.33	7.62	0.00	0.00	2000
73	6.67	1103	2097	0.07	193	0	0	2	87.52	0.00	0.02	3.44	89.84	93.33	0.00	37	0	42	0.00	0.00	58.77	7.36	0.00	0.00	2000
72	6.78	1063	2105	0.00	193	0	0	0	nan	0.00	0.00	3.09	90.39	93.22	0.00	37	0	42	0.00	0.00	57.59	7.51	0.00	0.00	2000
150	8.91	1704	2067	0.00	190	0	0	0	nan	0.00	0.99	5.43	83.26	91.09	0.00	38	0	42	0.00	0.00	61.87	7.35	0.00	0.00	2000
230	10.78	2104	2130	0.00	215	0	0	0	nan	0.00	0.00	9.35	81.19	89.22	0.00	38	0	42	0.00	0.00	63.65	7.57	0.00	0.00	2000
230	11.16	2062	2098	0.00	198	0	0	0	nan	0.00	0.00	6.01	82.81	88.84	0.00	39	0	42	0.00	0.00	64.27	7.50	0.00	0.00	2000
231	11.16	2070	2098	0.00	198	0	0	0	nan	0.01	0.00	6.17	82.68	88.84	0.00	39	0	43	0.00	0.00	65.21	7.57	0.00	0.00	2000
231	10.88	2120	2104	0.00	195	0	0	0	nan	0.00	0.02	4.78	84.62	89.12	0.00	38	0	42	0.00	0.00	65.84	7.54	0.00	0.00	2000
226	11.18	2062	2058	0.00	195	0	0	0	nan	0.00	0.00	4.09	83.09	88.82	0.00	37	0	43	0.00	0.00	64.71	7.65	0.00	0.00	2000
234	10.94	2107	2129	0.00	194	0	0	0	nan	0.00	0.00	3.45	86.88	89.06	0.00	37	0	43	0.00	0.00	69.79	8.09	0.00	0.00	2000
233	11.09	2102	2099	0.00	195	0	0	0	nan	0.00	0.00	3.63	85.33	88.91	0.00	38	0	42	0.00	0.00	65.65	7.80	0.00	0.00	2000
236	11.25	2073	2123	0.00	195	0	0	0	nan	0.00	0.00	2.65	87.18	88.75	0.00	37	0	42	0.00	0.00	67.11	7.99	0.00	0.00	2000
231	10.74	2147	2102	0.00	195	0	0	0	nan	0.00	0.00	3.20	86.14	89.26	0.00	37	0	42	0.00	0.00	61.60	7.13	0.00	0.00	2000
229	10.72	2142	2094	0.00	195	0	0	0	nan	0.00	0.03	3.13	85.88	89.28	0.00	37	0	42	0.00	0.00	66.41	7.85	0.00	0.00	2000
229	10.87	2100	2103	0.00	194	0	0	0	nan	0.00	0.01	3.35	86.00	89.13	0.00	38	0	42	0.00	0.00	66.58	7.80	0.00	0.00	2000
228	10.73	2139	2086	0.00	178	0	0	0	nan	0.01	0.00	2.51	86.14	89.27	0.00	38	0	43	0.00	0.00	66.32	7.57	0.00	0.00	2000
225	11.11	2073	2054	0.00	195	0	0	0	nan	0.01	0.00	2.40	84.64	88.89	0.00	38	0	42	0.00	0.00	60.67	7.08	0.00	0.00	2000
230	10.59	2140	2135	0.00	211	0	0	0	85.19	0.00	0.00	2.56	88.38	89.41	0.00	38	0	42	0.00	0.00	67.13	7.62	0.00	0.00	2000
231	11.06	2081	2109	0.68	194	0	0	15	91.62	0.00	0.00	2.61	86.76	88.94	0.00	38	0	42	0.00	0.00	62.76	7.61	0.00	0.00	2000
227	11.13	2061	2081	0.00	194	0	0	0	nan	0.00	0.00	2.99	85.18	88.87	0.00	38	0	43	0.00	0.00	64.29	7.38	0.00	0.00	2000
238	10.93	2133	2141	0.00	198	0	0	0	nan	0.01	0.00	3.11	87.77	89.07	0.00	39	0	42	0.00	0.00	66.41	7.75	0.00	0.00	2000
231	10.62	2174	2100	0.00	196	0	0	0	nan	0.00	0.02	3.71	85.52	89.38	0.00	39	0	42	0.00	0.00	66.73	7.58	0.00	0.00	2000
230	10.87	2140	2076	0.00	195	0	0	0	nan	0.00	0.02	4.11	83.99	89.13	0.00	39	0	42	0.00	0.00	64.55	7.41	0.00	0.00	2000
229	10.71	2113	2119	0.00	194	0	0	0	nan	0.00	0.00	4.77	85.39	89.29	0.00	39	0	43	0.00	0.00	65.80	7.64	0.00	0.00	2000
232	11.45	2077	2051	0.00	196	0	0	0	nan	0.00	0.00	4.45	82.18	88.55	0.00	37	0	43	0.00	0.00	62.83	7.28	0.00	0.00	2000
235	10.97	2096	2147	0.00	195	0	0	0	nan	0.00	0.02	4.21	86.87	89.03	0.00	38	0	42	0.00	0.00	71.43	8.44	0.00	0.00	2000
232	10.86	2125	2113	0.00	194	0	0	0	nan	0.00	0.01	2.06	87.62	89.14	0.00	38	0	43	0.00	0.00	61.98	7.22	0.00	0.00	2000
233	10.99	2119	2097	0.00	195	0	0	0	nan	0.00	0.02	2.96	85.94	89.01	0.00	38	0	42	0.00	0.00	66.29	7.91	0.00	0.00	2000
229	11.20	2046	2096	0.00	196	0	0	0	nan	0.00	0.00	3.65	85.15	88.80	0.00	38	0	42	0.00	0.00	65.69	7.51	0.00	0.00	2000
230	10.94	2103	2097	0.00	196	0	0	0	nan	0.00	0.01	3.63	85.33	89.06	0.00	38	0	42	0.00	0.00	65.92	7.64	0.00	0.00	2000
226	11.27	2013	2096	0.00	193	0	0	0	nan	0.00	0.00	3.58	85.13	88.73	0.00	39	0	42	0.00	0.00	64.17	7.34	0.00	0.00	2000
229	11.35	2014	2106	0.00	194	0	0	0	nan	0.00	0.00	3.63	85.43	88.65	0.00	39	0	42	0.00	0.00	64.38	7.50	0.00	0.00	2000
232	11.22	2079	2087	0.00	196	0	0	0	nan	0.00	0.01	3.67	84.73	88.78	0.00	38	0	42	0.00	0.00	64.19	7.63	0.00	0.00	2000
232	10.95	2112	2108	0.00	195	0	0	0	nan	0.00	0.00	4.58	84.81	89.05	0.00	37	0	42	0.00	0.00	65.74	7.90	0.00	0.00	2000
228	11.05	2062	2105	0.00	194	0	0	0	nan	0.00	0.00	3.59	85.62	88.95	0.00	37	0	42	0.00	0.00	65.76	7.91	0.00	0.00	2000
231	11.16	2071	2098	0.79	195	0	0	9	81.24	0.00	0.00	3.78	84.96	88.84	0.00	38	0	42	0.00	0.00	64.34	7.60	0.00	0.00	2000
229	10.95	2082	2106	0.12	194	0	0	0	nan	0.00	0.00	3.56	85.80	89.05	0.00	39	0	42	0.00	0.00	66.14	7.65	0.00	0.00	2000
229	11.13	2085	2075	0.00	197	0	0	0	nan	0.00	0.00	4.16	83.73	88.87	0.00	39	0	42	0.00	0.00	63.83	7.43	0.00	0.00	2000
234	10.89	2127	2124	0.00	195	0	0	0	nan	0.00	0.00	4.03	86.10	89.11	0.00	39	0	43	0.00	0.00	67.06	7.75	0.00	0.00	2000
230	11.14	2080	2085	0.00	195	0	0	0	nan	0.00	0.00	4.14	84.17	88.86	0.00	38	0	43	0.00	0.00	64.31	7.65	0.00	0.00	2000
228	10.89	2086	2107	0.00	197	0	0	0	nan	0.00	0.00	5.78	83.67	89.11	0.00	38	0	42	0.00	0.00	66.02	7.72	0.00	0.00	2000
227	10.95	2093	2078	0.00	196	0	0	0	nan	0.00	0.02	3.74	84.49	89.05	0.00	39	0	42	0.00	0.00	64.92	7.54	0.00	0.00	2000
232	11.26	2038	2125	0.00	194	0	0	0	nan	0.00	0.02	4.04	85.81	88.74	0.00	39	0	42	0.00	0.00	64.46	7.67	0.00	0.00	2000
231	11.23	2174	1985	0.00	195	0	0	0	nan	0.00	0.00	3.05	80.77	88.77	0.00	38	0	42	0.00	0.00	61.14	7.21	0.00	0.00	2000
228	10.14	2120	2225	0.00	229	0	0	0	nan	0.00	0.00	2.52	92.74	89.86	0.00	38	0	43	0.00	0.00	69.81	8.60	0.00	0.00	2000
422	17.60	2395	2104	0.00	308	0	0	0	nan	0.00	0.02	9.36	73.22	82.40	0.00	38	0	43	0.00	0.00	70.63	7.61	0.00	0.00	2000
229	10.92	2105	2091	0.00	194	0	0	0	nan	0.00	0.00	5.56	83.15	89.08	0.00	38	0	42	0.00	0.00	64.81	7.34	0.00	0.00	2000
235	11.31	2083	2096	0.00	208	0	0	0	nan	0.00	0.02	8.76	79.79	88.69	0.00	38	0	42	0.00	0.00	63.44	7.96	0.00	0.00	2000
188	9.80	1901	2117	0.00	222	0	0	0	nan	0.00	0.00	11.18	79.70	90.20	0.00	38	0	42	0.00	0.00	64.15	7.82	0.00	0.00	2000
77	6.46	1187	2108	0.00	193	0	0	0	nan	0.00	0.00	4.65	89.17	93.54	0.00	38	0	42	0.00	0.00	60.56	7.66	0.00	0.00	2000
152	10.26	1484	2096	0.00	49	0	0	0	nan	0.00	0.00	18.26	71.48	89.74	0.00	38	0	43	0.00	0.00	60.45	7.92	0.00	0.00	2000
