Avg_MHz	Busy%	Bzy_MHz	TSC_MHz	IPC	IRQ	NMI	SMI	LLCMRPS	LLC%hit	POLL%	C1%	C1E%	C6%	CPU%c1	CPU%c6	CoreTmp	CoreThr	PkgTmp	Pkg%pc2	Pkg%pc6	PkgWatt	RAMWatt	PKG_%	RAM_%	UncMHz
238	13.51	1950	1901	0.00	239	0	0	0	nan	0.00	0.74	27.58	50.01	86.49	0.00	37	0	42	0.00	0.00	50.59	6.17	0.00	0.00	2000
458	17.60	2274	2402	0.00	287	0	0	0	nan	0.04	2.44	20.16	71.93	82.40	0.00	37	0	42	0.00	0.00	85.50	9.48	0.00	0.00	2000
78	6.86	1134	2108	0.00	194	0	0	0	nan	0.00	0.02	8.42	85.16	93.14	0.00	37	0	42	0.00	0.00	59.08	7.31	0.00	0.00	2000
74	6.42	1157	2097	0.00	194	0	0	0	nan	0.01	0.00	3.38	90.11	93.58	0.00	37	0	42	0.00	0.00	59.76	7.66	0.00	0.00	2000
73	6.46	1135	2102	0.00	177	0	0	0	nan	0.00	0.02	3.24	90.39	93.54	0.00	37	0	42	0.00	0.00	58.03	7.54	0.00	0.00	2000
72	6.45	1131	2082	0.00	197	0	0	0	nan	0.00	0.04	3.65	89.06	93.55	0.00	37	0	42	0.00	0.00	57.46	7.36	0.00	0.00	2000
73	6.91	1048	2126	0.00	211	0	0	0	nan	0.00	0.00	4.94	89.35	93.09	0.00	37	0	42	0.00	0.00	57.81	7.20	0.00	0.00	2000
69	6.66	1056	2064	0.00	193	0	0	0	nan	0.00	0.00	3.31	88.40	93.34	0.00	37	0	42	0.00	0.00	55.33	7.24	0.00	0.00	2000
74	6.81	1073	2137	0.00	194	0	0	0	nan	0.00	0.00	2.14	92.72	93.19	0.00	37	0	42	0.00	0.00	59.27	7.64	0.00	0.00	2000
71	6.50	1106	2061	0.00	193	0	0	0	nan	0.00	0.02	2.81	88.85	93.50	0.00	37	0	42	0.00	0.00	56.59	7.42	0.00	0.00	2000
72	6.69	1075	2106	0.00	195	0	0	0	nan	0.00	0.02	2.19	91.35	93.31	0.00	37	0	42	0.00	0.00	59.04	7.57	0.00	0.00	2000
71	6.85	1041	2102	0.00	209	0	0	0	nan	0.00	0.00	4.15	89.11	93.15	0.00	37	0	42	0.00	0.00	59.13	7.45	0.00	0.00	2000
74	6.86	1074	2104	0.00	193	0	0	0	nan	0.00	0.00	1.79	91.54	93.14	0.00	37	0	42	0.00	0.00	56.40	7.45	0.00	0.00	2000
73	6.48	1111	2135	0.00	193	0	0	0	nan	0.00	0.02	1.97	92.97	93.52	0.00	37	0	42	0.00	0.00	59.50	7.66	0.00	0.00	2000
79	6.66	1200	2077	0.00	194	0	0	0	nan	0.00	0.02	3.43	88.89	93.34	0.00	37	0	42	0.00	0.00	59.34	7.53	0.00	0.00	2000
72	6.59	1092	2112	0.01	195	0	0	1	85.82	0.00	0.00	2.67	91.37	93.41	0.00	37	0	43	0.00	0.00	57.69	7.51	0.00	0.00	2000
74	6.34	1165	2107	0.14	193	0	0	1	87.90	0.00	0.00	2.88	91.10	93.66	0.00	37	0	42	0.00	0.00	59.09	7.62	0.00	0.00	2000
70	6.73	1051	2070	0.00	193	0	0	0	nan	0.00	0.00	3.43	88.52	93.27	0.00	37	0	42	0.00	0.00	56.37	7.15	0.00	0.00	2000
151	9.17	1637	2111	0.00	213	0	0	0	nan	0.00	0.02	4.39	86.87	90.83	0.00	38	0	42	0.00	0.00	60.17	7.48	0.00	0.00	2000
230	11.13	2054	2110	0.00	218	0	0	0	nan	0.00	0.00	2.90	86.50	88.87	0.00	39	0	42	0.00	0.00	68.86	8.07	0.00	0.00	2000
229	11.04	2072	2101	0.00	203	0	0	0	nan	0.00	0.03	3.94	85.07	88.96	0.00	40	0	42	0.00	0.00	64.27	7.53	0.00	0.00	2000
230	11.08	2080	2100	0.00	211	0	0	0	nan	0.00	0.00	4.14	84.85	88.92	0.00	40	0	42	0.00	0.00	65.33	7.70	0.00	0.00	2000
235	11.01	2140	2091	0.00	197	0	0	0	nan	0.00	0.02	5.95	82.74	88.99	0.00	38	0	42	0.00	0.00	62.52	7.31	0.00	0.00	2000
231	10.94	2113	2099	0.00	179	0	0	0	nan	0.00	0.00	8.54	80.53	89.06	0.00	38	0	42	0.00	0.00	63.58	7.60	0.00	0.00	2000
232	11.23	2057	2108	0.00	215	0	0	0	nan	0.00	0.00	5.60	83.59	88.77	0.00	37	0	42	0.00	0.00	67.88	8.39	0.00	0.00	2000
231	11.29	2049	2098	0.00	198	0	0	0	nan	0.00	0.02	6.81	81.84	88.71	0.00	37	0	42	0.00	0.00	67.82	7.69	0.00	0.00	2000
233	10.89	2149	2095	0.00	199	0	0	0	nan	0.00	0.00	6.41	82.46	89.11	0.00	37	0	42	0.00	0.00	65.95	7.91	0.00	0.00	2000
232	10.87	2124	2106	0.00	207	0	0	0	nan	0.00	0.03	5.09	84.32	89.13	0.00	37	0	42	0.00	0.00	62.64	7.39	0.00	0.00	2000
231	11.19	2069	2095	0.00	195	0	0	0	nan	0.00	0.01	5.96	82.69	88.81	0.00	38	0	42	0.00	0.00	65.72	7.66	0.00	0.00	2000
228	10.73	2124	2098	0.00	198	0	0	0	nan	0.00	0.00	6.41	82.83	89.27	0.00	38	0	42	0.00	0.00	66.00	7.66	0.00	0.00	2000
226	11.06	2075	2071	0.00	197	0	0	0	nan	0.00	0.00	5.23	82.54	88.94	0.00	38	0	42	0.00	0.00	60.26	7.00	0.00	0.00	2000
234	11.17	2064	2129	0.00	198	0	0	0	nan	0.00	0.02	5.35	84.76	88.83	0.00	38	0	42	0.00	0.00	67.55	7.66	0.00	0.00	2000
230	10.97	2092	2108	0.00	203	0	0	5	97.03	0.01	0.00	3.53	85.96	89.03	0.00	38	0	42	0.00	0.00	65.09	7.58	0.00	0.00	2000
227	11.34	2007	2099	0.65	197	0	0	14	97.26	0.00	0.02	4.41	84.40	88.66	0.00	38	0	42	0.00	0.00	64.59	7.44	0.00	0.00	2000
228	11.32	2056	2062	0.00	196	0	0	0	nan	0.00	0.93	5.16	81.00	88.68	0.00	38	0	42	0.00	0.00	62.09	7.15	0.00	0.00	2000
231	10.88	2078	2146	0.00	214	0	0	0	nan	0.00	0.02	4.83	86.27	89.12	0.00	38	0	42	0.00	0.00	68.98	7.94	0.00	0.00	2000
233	11.37	2048	2097	0.00	200	0	0	0	nan	0.00	0.17	6.27	82.23	88.63	0.00	38	0	43	0.00	0.00	64.52	7.53	0.00	0.00	2000
229	11.09	2061	2102	0.00	198	0	0	0	nan	0.00	0.00	6.95	82.14	88.91	0.00	38	0	42	0.00	0.00	64.93	7.51	0.00	0.00	2000
228	10.93	2093	2090	0.00	200	0	0	0	nan	0.00	0.00	6.54	82.15	89.07	0.00	39	0	42	0.00	0.00	62.40	7.04	0.00	0.00	2000
226	11.23	2032	2074	0.00	196	0	0	0	nan	0.00	0.00	6.22	81.66	88.77	0.00	38	0	42	0.00	0.00	64.68	7.84	0.00	0.00	2000
236	11.38	2073	2098	0.00	199	0	0	0	nan	0.00	0.00	5.36	83.22	88.62	0.00	38	0	42	0.00	0.00	62.81	7.47	0.00	0.00	2000
227	11.22	2075	2049	0.00	218	0	0	0	nan	0.00	0.00	5.74	81.02	88.78	0.00	37	0	42	0.00	0.00	61.93	7.35	0.00	0.00	2000
232	10.93	2084	2143	0.00	214	0	0	0	nan	0.00	0.00	5.99	84.88	89.07	0.00	38	0	42	0.00	0.00	68.61	8.00	0.00	0.00	2000
235	11.13	2149	2066	0.00	220	0	0	0	nan	0.00	0.01	5.82	81.69	88.87	0.00	37	0	42	0.00	0.00	63.37	7.43	0.00	0.00	2000
237	11.07	2072	2167	0.00	213	0	0	0	nan	0.00	0.00	8.22	83.61	88.93	0.00	39	0	42	0.00	0.00	67.00	8.17	0.00	0.00	2000
246	12.04	2056	2090	0.00	206	0	0	0	nan	0.05	0.00	8.70	79.00	87.96	0.00	39	0	42	0.00	0.00	66.10	8.07	0.00	0.00	2000
237	11.27	2074	2128	0.00	198	0	0	0	nan	0.00	0.08	3.53	86.42	88.73	0.00	40	0	42	0.00	0.00	64.20	7.88	0.00	0.00	2000
231	11.16	2067	2099	0.00	197	0	0	0	nan	0.00	0.03	3.12	85.77	88.84	0.00	39	0	42	0.00	0.00	64.95	8.09	0.00	0.00	2000
231	11.32	2105	2040	0.00	200	0	0	0	nan	0.00	0.00	6.73	79.44	88.68	0.00	39	0	42	0.00	0.00	60.33	7.41	0.00	0.00	2000
234	11.21	2026	2167	0.27	213	0	0	3	47.88	0.00	0.00	8.31	83.43	88.79	0.00	40	0	42	0.00	0.00	65.10	7.96	0.00	0.00	2000
233	10.47	2229	2099	0.39	199	0	0	2	75.81	0.00	3.80	7.56	78.29	89.53	0.00	40	0	42	0.00	0.00	67.11	7.99	0.00	0.00	2000
233	11.16	2084	2102	0.00	182	0	0	0	nan	0.00	0.03	10.30	78.73	88.84	0.00	40	0	42	0.00	0.00	65.16	8.07	0.00	0.00	2000
228	11.24	2085	2041	0.00	196	0	0	0	nan	0.00	0.02	6.55	79.80	88.76	0.00	40	0	42	0.00	0.00	60.72	7.26	0.00	0.00	2000
229	11.02	2042	2133	0.00	213	0	0	0	nan	0.00	0.01	6.32	84.13	88.98	0.00	41	0	42	0.00	0.00	64.13	7.43	0.00	0.00	2000
231	11.13	2062	2115	0.00	197	0	0	0	nan	0.00	0.00	9.26	80.38	88.87	0.00	40	0	42	0.00	0.00	63.93	7.42	0.00	0.00	2000
230	11.25	2052	2095	0.00	204	0	0	0	nan	0.00	0.00	8.43	80.22	88.75	0.00	40	0	42	0.00	0.00	63.91	7.74	0.00	0.00	2000
229	11.06	2061	2112	0.00	197	0	0	0	nan	0.00	0.00	8.21	81.39	88.94	0.00	40	0	42	0.00	0.00	64.03	7.45	0.00	0.00	2000
227	10.94	2086	2087	0.00	194	0	0	0	nan	0.00	0.00	7.51	81.12	89.06	0.00	41	0	42	0.00	0.00	63.86	7.64	0.00	0.00	2000
228	11.09	2047	2107	0.00	197	0	0	0	nan	0.00	0.00	8.11	81.19	88.91	0.00	41	0	42	0.00	0.00	64.05	7.61	0.00	0.00	2000
228	11.21	2039	2099	0.00	179	0	0	0	nan	0.00	0.00	7.72	81.22	88.79	0.00	40	0	42	0.00	0.00	63.36	7.65	0.00	0.00	2000
230	11.00	2096	2091	0.00	216	0	0	0	nan	0.00	1.23	6.01	81.49	89.00	0.00	41	0	42	0.00	0.00	63.86	7.54	0.00	0.00	2000
228	11.04	2072	2093	0.00	196	0	0	0	nan	0.00	2.09	4.80	81.89	88.96	0.00	41	0	42	0.00	0.00	63.73	7.63	0.00	0.00	2000
229	10.91	2081	2116	0.00	198	0	0	0	nan	0.00	0.00	8.09	81.73	89.09	0.00	40	0	42	0.00	0.00	63.80	7.40	0.00	0.00	2000
228	11.01	2085	2083	0.00	196	0	0	0	nan	0.00	0.00	7.60	80.70	88.99	0.00	41	0	42	0.00	0.00	63.65	7.52	0.00	0.00	2000
231	10.96	2099	2113	0.00	197	0	0	0	nan	0.00	0.01	9.00	80.67	89.04	0.00	40	0	42	0.00	0.00	64.01	7.58	0.00	0.00	2000
229	11.01	2071	2106	0.00	198	0	0	0	nan	0.00	1.93	9.64	77.77	88.99	0.00	40	0	42	0.00	0.00	64.93	7.72	0.00	0.00	2000
229	11.03	2090	2086	0.09	181	0	0	2	89.96	0.00	0.01	9.52	78.93	88.97	0.00	40	0	42	0.00	0.00	62.80	7.17	0.00	0.00	2000
230	11.05	2066	2115	0.68	215	0	0	4	95.73	0.00	0.00	7.11	82.53	88.95	0.00	40	0	42	0.00	0.00	65.62	7.95	0.00	0.00	2000
232	10.91	2110	2112	0.00	180	0	0	0	nan	0.00	0.00	7.49	82.17	89.09	0.00	41	0	42	0.00	0.00	64.93	7.53	0.00	0.00	2000
228	11.26	2062	2065	0.00	198	0	0	0	nan	0.00	0.00	5.41	81.92	88.74	0.00	41	0	42	0.00	0.00	62.53	7.58	0.00	0.00	2000
233	11.24	2042	2127	0.00	212	0	0	0	nan	0.02	1.24	8.92	79.89	88.76	0.00	41	0	42	0.00	0.00	64.22	7.50	0.00	0.00	2000
228	10.93	2110	2079	0.00	196	0	0	0	nan	0.00	0.00	8.77	79.46	89.07	0.00	41	0	42	0.00	0.00	63.86	7.46	0.00	0.00	2000
230	10.98	2084	2112	0.00	196	0	0	0	nan	0.00	0.00	8.73	80.88	89.02	0.00	41	0	42	0.00	0.00	63.77	7.55	0.00	0.00	2000
230	11.06	2076	2101	0.00	196	0	0	0	nan	0.00	0.00	7.26	81.76	88.94	0.00	41	0	42	0.00	0.00	63.88	7.52	0.00	0.00	2000
229	10.96	2086	2100	0.00	196	0	0	0	nan	0.00	0.00	8.04	81.01	89.04	0.00	41	0	42	0.00	0.00	64.02	7.61	0.00	0.00	2000
230	11.04	2088	2099	0.00	199	0	0	0	nan	0.03	0.08	4.39	84.56	88.96	0.00	41	0	42	0.00	0.00	63.89	7.61	0.00	0.00	2000
231	11.14	2069	2108	0.00	197	0	0	0	nan	0.00	0.00	6.65	82.57	88.86	0.00	41	0	42	0.00	0.00	64.30	7.44	0.00	0.00	2000
228	11.00	2066	2111	0.00	196	0	0	0	nan	0.00	0.00	7.69	81.89	89.00	0.00	41	0	42	0.00	0.00	65.04	7.75	0.00	0.00	2000
230	11.10	2116	2059	0.00	181	0	0	0	nan	0.00	0.96	6.52	79.83	88.90	0.00	41	0	42	0.00	0.00	63.62	7.49	0.00	0.00	2000
229	10.80	2108	2113	0.00	212	0	0	0	nan	0.00	0.00	8.48	81.26	89.20	0.00	41	0	42	0.00	0.00	64.14	7.49	0.00	0.00	2000
231	11.01	2089	2113	0.00	197	0	0	0	nan	0.00	0.00	8.00	81.60	88.99	0.00	41	0	42	0.00	0.00	64.06	7.57	0.00	0.00	2000
229	11.07	2076	2096	0.00	203	0	0	0	nan	0.00	0.00	6.86	81.98	88.93	0.00	41	0	42	0.00	0.00	64.11	7.48	0.00	0.00	2000
228	10.97	2077	2104	0.00	196	0	0	0	nan	0.00	0.00	8.37	80.88	89.03	0.00	41	0	42	0.00	0.00	64.46	7.61	0.00	0.00	2000
226	10.97	2064	2099	0.00	179	0	0	1	83.28	0.00	0.00	7.47	81.64	89.03	0.00	41	0	42	0.00	0.00	63.64	7.37	0.00	0.00	2000
229	10.97	2082	2107	1.02	212	0	0	3	78.15	0.00	0.00	7.48	81.85	89.03	0.00	41	0	42	0.00	0.00	64.42	7.47	0.00	0.00	2000
233	11.40	2051	2089	0.00	181	0	0	0	nan	0.04	0.00	8.53	79.73	88.60	0.00	41	0	42	0.00	0.00	63.56	7.56	0.00	0.00	2000
230	11.12	2067	2105	0.00	220	0	0	0	nan	0.00	0.00	9.68	79.48	88.88	0.00	41	0	42	0.00	0.00	64.07	7.66	0.00	0.00	2000
228	10.94	2100	2086	0.00	198	0	0	0	nan	0.00	0.00	8.46	79.99	89.06	0.00	41	0	42	0.00	0.00	63.91	7.54	0.00	0.00	2000
229	10.74	2121	2115	0.00	197	0	0	0	nan	0.00	0.00	8.17	81.78	89.26	0.00	41	0	42	0.00	0.00	64.24	7.60	0.00	0.00	2000
229	11.23	2059	2082	0.00	198	0	0	0	nan	0.00	0.61	4.82	82.70	88.77	0.00	41	0	42	0.00	0.00	64.06	7.85	0.00	0.00	2000
233	10.93	2101	2132	0.00	198	0	0	0	nan	0.01	0.02	5.32	85.15	89.07	0.00	41	0	42	0.00	0.00	64.54	7.66	0.00	0.00	2000
228	10.87	2136	2066	0.00	204	0	0	0	nan	0.00	0.53	4.67	82.54	89.13	0.00	40	0	42	0.00	0.00	64.11	7.39	0.00	0.00	2000
229	10.82	2091	2126	0.00	194	0	0	0	nan	0.00	0.00	9.22	81.14	89.18	0.00	41	0	42	0.00	0.00	64.56	7.51	0.00	0.00	2000
228	11.01	2077	2092	0.00	195	0	0	0	nan	0.02	0.42	9.63	78.72	88.99	0.00	41	0	42	0.00	0.00	64.08	7.47	0.00	0.00	2000
229	10.81	2120	2093	0.00	198	0	0	0	nan	0.00	0.00	6.29	82.60	89.19	0.00	41	0	42	0.00	0.00	64.17	7.53	0.00	0.00	2000
227	11.10	2051	2094	0.00	196	0	0	0	nan	0.00	0.00	7.80	80.97	88.90	0.00	41	0	42	0.00	0.00	63.78	7.39	0.00	0.00	2000
231	10.97	2092	2117	0.00	198	0	0	0	nan	0.00	0.00	8.18	81.51	89.03	0.00	41	0	42	0.00	0.00	64.54	7.63	0.00	0.00	2000
234	11.24	2083	2097	0.00	200	0	0	0	nan	0.00	0.00	8.92	79.77	88.76	0.00	41	0	42	0.00	0.00	64.22	7.59	0.00	0.00	2000
229	10.95	2091	2099	0.00	196	0	0	0	nan	0.00	0.00	8.09	80.87	89.05	0.00	41	0	42	0.00	0.00	64.24	7.53	0.00	0.00	2000
227	11.04	2068	2093	0.00	196	0	0	0	nan	0.00	0.00	7.80	80.86	88.96	0.00	41	0	42	0.00	0.00	64.26	7.56	0.00	0.00	2000
230	11.01	2098	2088	0.00	196	0	0	1	89.18	0.04	0.00	8.31	80.17	88.99	0.00	41	0	42	0.00	0.00	61.15	7.16	0.00	0.00	2000
233	11.16	2074	2111	0.73	199	0	0	4	89.11	0.04	0.00	9.96	79.42	88.84	0.00	41	0	42	0.00	0.00	66.83	8.01	0.00	0.00	2000
229	11.26	2023	2110	0.00	195	0	0	0	nan	0.00	0.00	9.73	79.56	88.74	0.00	41	0	42	0.00	0.00	63.85	7.66	0.00	0.00	2000
227	10.82	2090	2112	0.00	198	0	0	0	nan	0.00	0.04	6.04	83.69	89.18	0.00	41	0	42	0.00	0.00	65.51	7.68	0.00	0.00	2000
228	11.01	2090	2081	0.00	180	0	0	0	nan	0.00	0.05	3.33	84.93	88.99	0.00	41	0	42	0.00	0.00	62.59	7.28	0.00	0.00	2000
227	11.05	2044	2107	0.00	212	0	0	0	nan	0.00	0.03	6.35	82.97	88.95	0.00	41	0	42	0.00	0.00	64.57	7.62	0.00	0.00	2000
231	11.00	2108	2089	0.00	201	0	0	0	nan	0.00	0.47	7.50	80.62	89.02	0.00	41	0	42	0.00	0.00	63.82	7.71	0.00	0.00	2000
230	10.40	2185	2123	0.00	201	0	0	0	nan	0.02	1.97	9.76	78.96	89.60	0.00	41	0	42	0.00	0.00	66.53	7.79	0.00	0.00	2000
229	11.25	2059	2077	0.00	180	0	0	0	nan	0.02	1.42	7.82	78.67	88.75	0.00	41	0	42	0.00	0.00	63.27	7.47	0.00	0.00	2000
227	11.12	2035	2106	0.00	195	0	0	0	nan	0.00	0.01	9.15	80.13	88.88	0.00	41	0	42	0.00	0.00	60.65	7.28	0.00	0.00	2000
229	11.13	2042	2113	0.00	216	0	0	0	nan	0.00	0.00	6.74	82.84	88.87	0.00	40	0	42	0.00	0.00	66.56	7.90	0.00	0.00	2000
231	11.05	2087	2101	0.00	182	0	0	0	nan	0.00	0.00	7.72	81.21	88.95	0.00	40	0	42	0.00	0.00	62.83	7.07	0.00	0.00	2000
231	11.05	2089	2105	0.00	203	0	0	0	nan	0.00	0.03	7.51	81.76	88.95	0.00	41	0	42	0.00	0.00	62.67	7.68	0.00	0.00	2000
230	11.03	2085	2103	0.00	195	0	0	0	nan	0.04	0.00	7.54	81.61	88.97	0.00	41	0	42	0.00	0.00	65.62	7.89	0.00	0.00	2000
230	11.02	2090	2100	0.00	196	0	0	0	nan	0.00	0.02	5.42	83.60	88.98	0.00	41	0	43	0.00	0.00	65.48	7.84	0.00	0.00	2000
229	11.07	2077	2096	0.00	196	0	0	0	nan	0.00	0.00	6.39	82.48	88.93	0.00	40	0	42	0.00	0.00	65.19	7.86	0.00	0.00	2000
230	10.98	2094	2102	0.00	178	0	0	0	nan	0.00	0.01	6.98	82.07	89.02	0.00	41	0	42	0.00	0.00	62.04	7.34	0.00	0.00	2000
232	11.24	2061	2101	0.00	198	0	0	0	nan	0.00	0.01	6.64	82.18	88.76	0.00	40	0	42	0.00	0.00	63.74	7.45	0.00	0.00	2000
231	11.32	2100	2041	0.53	204	0	0	14	54.65	0.01	0.13	4.86	81.39	88.68	0.00	40	0	42	0.00	0.00	62.99	7.57	0.00	0.00	2000
230	10.98	2035	2164	0.20	213	0	0	0	92.48	0.00	0.01	4.06	87.70	89.02	0.00	41	0	42	0.00	0.00	63.05	7.59	0.00	0.00	2000
232	11.08	2090	2104	0.00	181	0	0	0	nan	0.02	1.54	6.48	81.25	88.92	0.00	41	0	42	0.00	0.00	65.77	7.81	0.00	0.00	2000
229	11.02	2081	2094	0.00	196	0	0	0	nan	0.00	0.00	7.03	81.83	88.98	0.00	41	0	42	0.00	0.00	65.01	7.75	0.00	0.00	2000
232	11.07	2097	2096	0.00	194	0	0	0	nan	0.00	0.02	6.40	82.42	88.93	0.00	41	0	42	0.00	0.00	61.30	7.53	0.00	0.00	2000
230	11.00	2090	2098	0.00	202	0	0	0	nan	0.00	0.01	6.55	82.41	89.00	0.00	40	0	43	0.00	0.00	68.22	7.85	0.00	0.00	2000
231	11.16	2064	2109	0.00	197	0	0	0	nan	0.00	0.00	9.42	79.97	88.84	0.00	41	0	42	0.00	0.00	62.71	7.58	0.00	0.00	2000
237	11.65	2079	2060	0.00	179	0	0	0	nan	0.00	0.00	6.91	79.73	88.35	0.00	41	0	42	0.00	0.00	64.16	7.74	0.00	0.00	2000
230	11.14	2033	2136	0.00	213	0	0	0	nan	0.00	0.00	7.70	82.85	88.86	0.00	41	0	42	0.00	0.00	62.87	8.16	0.00	0.00	2000
228	10.91	2110	2080	0.00	183	0	0	0	nan	0.00	0.00	7.23	81.06	89.09	0.00	41	0	42	0.00	0.00	66.47	7.77	0.00	0.00	2000
231	11.16	2056	2113	0.00	215	0	0	0	nan	0.00	0.00	8.17	81.28	88.84	0.00	42	0	42	0.00	0.00	67.06	7.68	0.00	0.00	2000
228	11.14	2060	2088	0.00	195	0	0	0	nan	0.00	0.00	8.77	79.73	88.86	0.00	42	0	42	0.00	0.00	61.51	7.59	0.00	0.00	2000
228	11.05	2052	2113	0.00	195	0	0	0	nan	0.00	0.00	7.86	81.75	88.95	0.00	42	0	42	0.00	0.00	64.03	7.69	0.00	0.00	2000
229	11.13	2065	2091	0.00	198	0	0	0	nan	0.00	0.00	6.87	81.74	88.87	0.00	42	0	42	0.00	0.00	61.54	7.24	0.00	0.00	2000
231	11.08	2079	2106	0.00	199	0	0	0	nan	0.00	0.00	7.30	81.98	88.92	0.00	42	0	43	0.00	0.00	67.15	7.54	0.00	0.00	2000
230	11.12	2072	2093	0.00	198	0	0	0	nan	0.01	0.10	4.13	84.39	88.88	0.00	41	0	42	0.00	0.00	64.13	7.86	0.00	0.00	2000
229	11.15	2041	2113	0.00	196	0	0	0	nan	0.00	0.00	7.27	82.21	88.85	0.00	41	0	42	0.00	0.00	63.07	8.24	0.00	0.00	2000
230	11.13	2058	2106	0.56	181	0	0	5	40.64	0.00	0.02	8.89	80.31	88.87	0.00	42	0	42	0.00	0.00	65.23	7.69	0.00	0.00	2000
229	11.01	2094	2090	0.99	196	0	0	3	62.44	0.00	0.02	6.06	82.45	88.99	0.00	42	0	42	0.00	0.00	65.13	7.52	0.00	0.00	2000
228	10.84	2101	2106	0.00	199	0	0	0	nan	0.00	0.00	4.76	84.68	89.16	0.00	42	0	42	0.00	0.00	64.92	7.44	0.00	0.00	2000
231	11.44	2058	2064	0.00	196	0	0	0	nan	0.04	0.00	7.30	79.85	88.56	0.00	42	0	42	0.00	0.00	61.92	7.38	0.00	0.00	2000
227	11.05	2041	2118	0.00	200	0	0	0	nan	0.00	0.02	8.29	81.44	88.95	0.00	42	0	42	0.00	0.00	63.67	7.46	0.00	0.00	2000
228	11.01	2064	2108	0.00	210	0	0	0	nan	0.00	0.00	8.51	80.86	88.99	0.00	42	0	42	0.00	0.00	64.26	7.58	0.00	0.00	2000
237	11.56	2038	2114	0.00	213	0	0	0	nan	0.00	0.00	10.62	78.56	88.44	0.00	41	0	42	0.00	0.00	65.93	8.75	0.00	0.00	2000
231	11.26	2057	2094	0.00	179	0	0	0	nan	0.04	0.00	7.47	81.18	88.74	0.00	42	0	42	0.00	0.00	65.25	7.63	0.00	0.00	2000
229	11.00	2093	2087	0.00	199	0	0	0	nan	0.00	0.00	7.44	81.12	89.00	0.00	42	0	42	0.00	0.00	64.85	7.68	0.00	0.00	2000
230	10.81	2113	2117	0.00	198	0	0	0	nan	0.00	0.02	6.02	83.96	89.19	0.00	42	0	42	0.00	0.00	65.23	7.87	0.00	0.00	2000
228	10.81	2104	2103	0.00	195	0	0	0	nan	0.00	0.00	7.33	82.01	89.19	0.00	42	0	42	0.00	0.00	65.18	7.64	0.00	0.00	2000
227	10.88	2130	2056	0.00	195	0	0	0	nan	0.00	0.02	5.20	82.09	89.12	0.00	42	0	42	0.00	0.00	62.01	7.36	0.00	0.00	2000
229	10.72	2107	2131	0.00	197	0	0	0	nan	0.00	2.17	1.68	86.92	89.28	0.00	42	0	42	0.00	0.00	65.20	7.73	0.00	0.00	2000
233	11.11	2130	2070	0.00	199	0	0	0	nan	0.00	0.04	3.17	84.48	88.89	0.00	41	0	42	0.00	0.00	63.33	8.05	0.00	0.00	2000
231	11.07	2076	2108	0.00	202	0	0	0	nan	0.00	0.01	5.63	83.68	88.93	0.00	42	0	42	0.00	0.00	63.53	7.51	0.00	0.00	2000
229	10.69	2118	2129	0.00	211	0	0	0	nan	0.00	0.43	8.31	81.85	89.31	0.00	42	0	42	0.00	0.00	65.50	7.68	0.00	0.00	2000
229	11.00	2087	2095	0.00	180	0	0	0	nan	0.02	1.49	8.75	78.67	89.00	0.00	42	0	42	0.00	0.00	64.73	7.56	0.00	0.00	2000
229	11.00	2077	2109	0.10	198	0	0	3	41.56	0.00	0.00	7.49	81.97	89.00	0.00	42	0	42	0.00	0.00	64.91	7.51	0.00	0.00	2000
228	10.95	2085	2100	1.36	196	0	0	4	51.08	0.00	0.02	6.28	82.86	89.05	0.00	42	0	42	0.00	0.00	64.90	7.54	0.00	0.00	2000
233	11.04	2105	2110	0.00	196	0	0	0	nan	0.04	0.00	6.78	82.65	88.96	0.00	42	0	42	0.00	0.00	65.09	7.63	0.00	0.00	2000
227	10.97	2147	2022	0.00	194	0	0	0	nan	0.00	0.00	8.21	77.53	89.03	0.00	39	0	42	0.00	0.00	55.34	6.51	0.00	0.00	2000
232	10.93	2058	2168	0.00	211	0	0	0	nan	0.00	0.00	7.49	84.51	89.07	0.00	38	0	42	0.00	0.00	69.50	7.96	0.00	0.00	2000
229	11.24	2043	2098	0.00	181	0	0	0	nan	0.00	0.00	6.87	81.94	88.76	0.00	38	0	42	0.00	0.00	63.76	7.89	0.00	0.00	2000
231	11.22	2073	2089	0.00	212	0	0	0	nan	0.00	0.00	6.45	81.97	88.78	0.00	38	0	42	0.00	0.00	64.03	7.73	0.00	0.00	2000
234	11.10	2119	2094	0.00	202	0	0	0	nan	0.00	0.00	8.08	80.67	88.90	0.00	38	0	42	0.00	0.00	64.21	7.61	0.00	0.00	2000
233	11.03	2098	2112	0.00	198	0	0	0	nan	0.00	0.00	7.53	82.05	88.97	0.00	38	0	42	0.00	0.00	64.05	7.61	0.00	0.00	2000
232	11.12	2082	2102	0.00	197	0	0	0	nan	0.00	0.08	4.94	84.05	88.88	0.00	39	0	42	0.00	0.00	64.42	7.70	0.00	0.00	2000
235	11.04	2123	2100	0.00	198	0	0	0	nan	0.00	0.53	4.34	84.25	88.96	0.00	40	0	42	0.00	0.00	64.56	7.82	0.00	0.00	2000
231	11.10	2080	2099	0.00	180	0	0	0	nan	0.00	0.00	7.17	81.73	88.90	0.00	40	0	42	0.00	0.00	63.93	7.61	0.00	0.00	2000
235	11.17	2099	2109	0.00	214	0	0	0	nan	0.00	0.45	7.22	81.68	88.83	0.00	40	0	43	0.00	0.00	64.62	7.76	0.00	0.00	2000
228	11.10	2076	2080	0.00	185	0	0	0	nan	0.00	0.00	6.87	81.24	88.90	0.00	38	0	42	0.00	0.00	63.01	7.58	0.00	0.00	2000
234	11.26	2065	2114	0.00	211	0	0	0	nan	0.06	0.00	9.78	79.56	88.74	0.00	40	0	42	0.00	0.00	64.21	7.60	0.00	0.00	2000
231	11.14	2085	2086	0.00	197	0	0	0	nan	0.00	0.00	7.34	80.96	88.86	0.00	40	0	42	0.00	0.00	64.10	7.93	0.00	0.00	2000
229	11.35	2092	2022	0.00	200	0	0	0	nan	0.03	0.00	8.17	77.28	88.65	0.00	40	0	42	0.00	0.00	60.21	7.39	0.00	0.00	2000
236	11.17	2081	2135	0.00	216	0	0	11	57.36	0.00	0.00	7.11	83.27	88.83	0.00	38	0	42	0.00	0.00	63.17	7.53	0.00	0.00	2000
236	10.82	2121	2160	0.74	211	0	0	12	60.92	0.00	0.00	7.24	84.42	89.18	0.00	38	0	42	0.00	0.00	69.44	8.37	0.00	0.00	2000
232	11.06	2114	2086	0.00	195	0	0	0	nan	0.00	0.00	7.22	81.14	88.94	0.00	38	0	42	0.00	0.00	64.10	7.73	0.00	0.00	2000
233	11.02	2092	2120	0.00	196	0	0	0	nan	0.00	0.00	8.53	81.41	88.98	0.00	38	0	42	0.00	0.00	64.42	7.66	0.00	0.00	2000
235	11.08	2138	2087	0.00	195	0	0	0	nan	0.00	0.00	7.75	80.53	88.92	0.00	38	0	42	0.00	0.00	64.86	7.68	0.00	0.00	2000
232	10.70	2169	2101	0.00	183	0	0	0	nan	0.00	0.00	8.36	81.02	89.30	0.00	38	0	42	0.00	0.00	64.00	7.44	0.00	0.00	2000
230	10.99	2098	2092	0.00	197	0	0	0	nan	0.00	2.18	6.17	80.39	89.01	0.00	38	0	42	0.00	0.00	64.33	7.71	0.00	0.00	2000
230	10.77	2128	2105	0.00	213	0	0	0	nan	0.00	0.46	4.94	84.11	89.23	0.00	38	0	42	0.00	0.00	64.10	7.76	0.00	0.00	2000
230	10.92	2086	2116	0.00	181	0	0	0	nan	0.00	0.00	7.56	82.25	89.08	0.00	38	0	42	0.00	0.00	64.47	7.66	0.00	0.00	2000
232	11.13	2105	2083	0.00	212	0	0	0	nan	0.00	0.00	7.74	80.49	88.87	0.00	38	0	42	0.00	0.00	64.08	7.41	0.00	0.00	2000
230	10.92	2086	2116	0.00	181	0	0	0	nan	0.00	0.38	9.58	79.90	89.08	0.00	38	0	42	0.00	0.00	64.45	7.71	0.00	0.00	2000
230	11.10	2065	2110	0.00	211	0	0	0	nan	0.00	0.00	9.66	79.78	88.90	0.00	38	0	42	0.00	0.00	64.33	7.63	0.00	0.00	2000
234	11.31	2107	2067	0.00	183	0	0	0	nan	0.00	0.00	8.54	78.82	88.69	0.00	38	0	42	0.00	0.00	58.75	6.93	0.00	0.00	2000
231	11.10	2056	2128	0.00	212	0	0	0	nan	0.04	0.00	9.29	80.93	88.90	0.00	39	0	42	0.00	0.00	69.47	8.11	0.00	0.00	2000
229	11.21	2053	2092	0.00	190	0	0	0	nan	0.00	0.00	7.97	80.58	88.79	0.00	38	0	42	0.00	0.00	64.17	7.80	0.00	0.00	2000
235	11.34	2063	2107	0.00	213	0	0	0	nan	0.07	0.00	8.22	80.85	88.66	0.00	38	0	42	0.00	0.00	64.79	7.52	0.00	0.00	2000
230	11.06	2104	2075	0.00	179	0	0	0	nan	0.00	0.00	9.82	78.13	88.94	0.00	39	0	43	0.00	0.00	63.85	7.40	0.00	0.00	2000
229	11.13	2056	2105	0.00	214	0	0	20	7.56	0.00	0.00	8.84	80.31	88.87	0.00	38	0	42	0.00	0.00	64.79	7.98	0.00	0.00	2000
230	11.15	2067	2094	0.56	185	0	0	42	7.93	0.00	0.00	8.04	80.63	88.85	0.00	38	0	43	0.00	0.00	65.69	9.33	0.00	0.00	2000
233	10.95	2113	2110	0.00	212	0	0	0	nan	0.00	0.02	8.90	80.63	89.05	0.00	38	0	42	0.00	0.00	62.45	7.98	0.00	0.00	2000
233	11.17	2095	2091	0.00	183	0	0	0	nan	0.00	0.08	8.77	79.82	88.83	0.00	38	0	42	0.00	0.00	60.81	7.31	0.00	0.00	2000
217	10.22	2131	2093	0.00	213	0	0	0	nan	0.00	1.39	5.96	82.18	89.78	0.00	38	0	42	0.00	0.00	66.32	7.84	0.00	0.00	2000
133	8.84	1478	2137	0.00	244	0	0	0	nan	0.00	0.00	8.19	84.71	91.16	0.00	38	0	43	0.00	0.00	65.25	8.08	0.00	0.00	2000
77	6.81	1136	2097	0.00	193	0	0	0	nan	0.00	0.01	3.83	89.23	93.19	0.00	38	0	42	0.00	0.00	58.24	7.43	0.00	0.00	2000
81	7.52	1098	2073	0.00	129	0	0	0	nan	0.00	0.02	6.22	85.09	92.48	0.00	37	0	42	0.00	0.00	54.61	7.05	0.00	0.00	2000
