Avg_MHz	Busy%	Bzy_MHz	TSC_MHz	IPC	IRQ	NMI	SMI	LLCMRPS	LLC%hit	POLL%	C1%	C1E%	C6%	CPU%c1	CPU%c6	CoreTmp	CoreThr	PkgTmp	Pkg%pc2	Pkg%pc6	PkgWatt	RAMWatt	PKG_%	RAM_%	UncMHz
275	14.72	1827	2148	0.00	230	0	0	0	nan	0.00	0.00	33.69	53.43	85.28	0.00	38	0	43	0.00	0.00	67.24	7.98	0.00	0.00	2000
369	16.93	2181	2099	0.00	208	0	0	0	nan	0.01	1.29	20.49	61.46	83.07	0.00	37	0	42	0.00	0.00	66.38	7.59	0.00	0.00	2000
76	6.56	1155	2095	0.00	210	0	0	0	nan	0.00	0.00	8.37	84.76	93.44	0.00	37	0	42	0.00	0.00	55.82	7.09	0.00	0.00	2000
75	6.70	1113	2113	0.00	200	0	0	0	nan	0.00	0.00	4.10	89.72	93.30	0.00	37	0	42	0.00	0.00	59.70	7.65	0.00	0.00	2000
74	6.73	1097	2109	0.00	210	0	0	0	nan	0.00	0.00	2.69	90.96	93.27	0.00	37	0	42	0.00	0.00	59.44	7.74	0.00	0.00	2000
71	6.57	1079	2101	0.00	193	0	0	0	nan	0.00	0.00	3.41	90.14	93.43	0.00	37	0	43	0.00	0.00	57.02	7.45	0.00	0.00	2000
73	6.21	1177	2087	0.00	194	0	0	0	nan	0.00	0.00	2.98	90.12	93.79	0.00	37	0	42	0.00	0.00	58.47	7.35	0.00	0.00	2000
73	6.10	1192	2115	0.00	194	0	0	0	nan	0.00	0.03	3.77	90.55	93.90	0.00	37	0	43	0.00	0.00	58.83	7.48	0.00	0.00	2000
71	6.36	1135	2066	0.00	194	0	0	0	nan	0.00	0.00	3.32	88.71	93.64	0.00	37	0	42	0.00	0.00	55.61	7.00	0.00	0.00	2000
75	6.65	1103	2138	0.00	193	0	0	0	nan	0.00	0.03	1.93	92.99	93.35	0.00	37	0	42	0.00	0.00	59.37	7.78	0.00	0.00	2000
74	6.02	1229	2098	0.00	193	0	0	0	nan	0.01	0.00	2.68	91.05	93.98	0.00	37	0	42	0.00	0.00	58.47	7.48	0.00	0.00	2000
72	6.46	1122	2085	0.00	194	0	0	0	nan	0.00	0.00	3.00	89.75	93.54	0.00	37	0	43	0.00	0.00	59.18	7.60	0.00	0.00	2000
72	6.56	1105	2079	0.00	193	0	0	0	nan	0.00	0.00	3.59	88.94	93.44	0.00	37	0	43	0.00	0.00	55.45	7.09	0.00	0.00	2000
72	6.51	1089	2141	0.00	193	0	0	0	nan	0.00	0.02	2.26	92.87	93.49	0.00	37	0	42	0.00	0.00	58.73	7.39	0.00	0.00	2000
74	6.45	1144	2100	0.00	194	0	0	0	nan	0.00	0.00	2.85	90.64	93.55	0.00	37	0	42	0.00	0.00	59.54	7.28	0.00	0.00	2000
72	6.33	1139	2098	0.00	194	0	0	0	86.46	0.00	0.01	2.89	90.65	93.67	0.00	37	0	42	0.00	0.00	58.88	7.33	0.00	0.00	2000
73	6.35	1146	2094	0.30	193	0	0	1	87.04	0.00	0.02	3.09	90.09	93.65	0.00	37	0	42	0.00	0.00	58.00	7.38	0.00	0.00	2000
71	6.54	1093	2075	0.03	194	0	0	0	nan	0.00	0.00	3.12	89.16	93.46	0.00	37	0	42	0.00	0.00	55.91	7.16	0.00	0.00	2000
162	9.30	1746	2088	0.00	207	0	0	0	nan	0.00	1.07	5.12	83.99	90.70	0.00	38	0	42	0.00	0.00	58.14	6.94	0.00	0.00	2000
232	11.20	2043	2133	0.00	232	0	0	0	nan	0.00	0.02	5.04	85.24	88.80	0.00	39	0	43	0.00	0.00	70.04	7.78	0.00	0.00	2000
230	11.27	2051	2092	0.00	197	0	0	0	nan	0.00	0.02	6.49	81.97	88.73	0.00	39	0	42	0.00	0.00	63.49	7.28	0.00	0.00	2000
230	11.14	2061	2105	0.00	198	0	0	0	nan	0.00	0.00	6.23	82.84	88.86	0.00	39	0	43	0.00	0.00	65.13	7.53	0.00	0.00	2000
238	11.21	2114	2112	0.00	197	0	0	0	nan	0.00	0.00	7.07	82.19	88.79	0.00	37	0	42	0.00	0.00	65.93	7.43	0.00	0.00	2000
226	11.08	2082	2055	0.00	200	0	0	0	nan	0.02	0.00	5.60	81.50	88.92	0.00	38	0	42	0.00	0.00	65.39	7.90	0.00	0.00	2000
228	10.90	2064	2128	0.00	201	0	0	0	nan	0.00	0.01	4.11	86.24	89.10	0.00	38	0	42	0.00	0.00	64.61	7.58	0.00	0.00	2000
229	10.84	2117	2098	0.00	246	0	0	0	nan	0.00	0.00	3.28	85.90	89.16	0.00	39	0	42	0.00	0.00	66.10	7.89	0.00	0.00	2000
228	10.96	2095	2084	0.00	203	0	0	0	nan	0.00	0.00	2.95	85.34	89.04	0.00	39	0	42	0.00	0.00	64.95	7.75	0.00	0.00	2000
229	11.15	2059	2097	0.00	202	0	0	0	nan	0.00	0.00	3.57	85.21	88.85	0.00	40	0	42	0.00	0.00	65.09	7.45	0.00	0.00	2000
228	10.84	2096	2108	0.00	220	0	0	0	nan	0.00	0.00	2.68	86.83	89.16	0.00	40	0	42	0.00	0.00	64.86	7.47	0.00	0.00	2000
231	10.99	2093	2115	0.00	213	0	0	0	nan	0.00	0.01	3.00	86.74	89.02	0.00	40	0	43	0.00	0.00	67.45	7.65	0.00	0.00	2000
228	11.29	2022	2094	0.00	202	0	0	0	nan	0.00	0.02	2.74	85.75	88.71	0.00	40	0	42	0.00	0.00	61.93	7.29	0.00	0.00	2000
231	11.01	2081	2115	0.00	202	0	0	0	nan	0.00	0.00	3.66	86.03	88.99	0.00	40	0	42	0.00	0.00	64.83	7.62	0.00	0.00	2000
228	10.78	2125	2087	0.08	205	0	0	10	95.11	0.00	0.00	4.01	84.63	89.22	0.00	41	0	42	0.00	0.00	64.28	7.35	0.00	0.00	2000
233	10.92	2109	2126	0.61	215	0	0	11	96.44	0.00	0.02	5.85	84.35	89.08	0.00	41	0	42	0.00	0.00	66.92	7.92	0.00	0.00	2000
227	11.01	2097	2068	0.00	215	0	0	0	nan	0.00	0.01	3.51	84.15	88.99	0.00	41	0	43	0.00	0.00	62.70	7.20	0.00	0.00	2000
229	10.91	2095	2108	0.00	206	0	0	0	nan	0.00	0.02	5.64	83.87	89.09	0.00	40	0	42	0.00	0.00	65.79	7.58	0.00	0.00	2000
229	10.81	2128	2088	0.00	203	0	0	0	nan	0.00	0.00	3.29	85.39	89.19	0.00	41	0	42	0.00	0.00	63.91	7.33	0.00	0.00	2000
231	11.00	2076	2123	0.00	219	0	0	0	nan	0.00	0.02	3.95	86.06	89.00	0.00	41	0	42	0.00	0.00	64.44	7.40	0.00	0.00	2000
227	10.97	2099	2069	0.00	203	0	0	0	nan	0.00	0.02	3.59	84.17	89.03	0.00	41	0	43	0.00	0.00	65.20	7.83	0.00	0.00	2000
231	10.81	2121	2119	0.00	230	0	0	0	nan	0.00	0.00	5.10	84.92	89.19	0.00	40	0	43	0.00	0.00	65.30	7.68	0.00	0.00	2000
232	10.79	2125	2124	0.00	216	0	0	0	nan	0.00	0.02	3.91	86.30	89.21	0.00	41	0	42	0.00	0.00	65.46	7.44	0.00	0.00	2000
227	10.65	2135	2102	0.00	203	0	0	0	nan	0.00	0.02	3.77	85.66	89.35	0.00	41	0	42	0.00	0.00	65.23	7.47	0.00	0.00	2000
226	10.95	2076	2089	0.00	203	0	0	0	nan	0.00	0.02	2.98	85.68	89.05	0.00	41	0	43	0.00	0.00	64.65	7.53	0.00	0.00	2000
229	10.93	2103	2089	0.00	212	0	0	0	nan	0.00	0.00	4.46	84.18	89.07	0.00	41	0	43	0.00	0.00	64.03	7.31	0.00	0.00	2000
230	10.95	2106	2096	0.00	207	0	0	0	nan	0.00	0.00	4.89	84.08	89.05	0.00	41	0	42	0.00	0.00	65.04	7.38	0.00	0.00	2000
229	10.97	2081	2104	0.00	203	0	0	0	nan	0.00	0.00	2.88	86.33	89.03	0.00	41	0	43	0.00	0.00	64.72	7.42	0.00	0.00	2000
231	10.67	2155	2110	0.00	204	0	0	0	nan	0.00	0.00	3.55	86.16	89.33	0.00	41	0	42	0.00	0.00	65.50	7.42	0.00	0.00	2000
228	10.80	2109	2106	0.00	204	0	0	0	nan	0.00	0.00	3.27	86.25	89.20	0.00	41	0	43	0.00	0.00	65.10	7.39	0.00	0.00	2000
230	10.88	2136	2083	0.00	213	0	0	0	nan	0.00	0.00	4.25	84.16	89.13	0.00	41	0	43	0.00	0.00	64.17	7.27	0.00	0.00	2000
229	10.69	2146	2093	0.14	202	0	0	15	70.01	0.00	0.02	3.86	85.13	89.31	0.00	41	0	43	0.00	0.00	64.47	7.29	0.00	0.00	2000
229	11.06	2065	2108	0.46	220	0	0	8	69.01	0.00	0.00	3.60	85.71	88.94	0.00	41	0	43	0.00	0.00	65.50	7.40	0.00	0.00	2000
233	10.83	2141	2111	0.00	204	0	0	0	nan	0.00	0.02	4.17	85.48	89.17	0.00	41	0	42	0.00	0.00	65.41	7.42	0.00	0.00	2000
233	10.63	2183	2107	0.00	205	0	0	0	nan	0.00	0.00	3.68	85.97	89.37	0.00	41	0	43	0.00	0.00	65.38	7.54	0.00	0.00	2000
237	11.98	2029	2051	0.00	204	0	0	0	nan	0.00	0.02	3.40	82.63	88.02	0.00	39	0	42	0.00	0.00	62.31	7.11	0.00	0.00	2000
230	11.08	2034	2144	0.00	214	0	0	0	nan	0.00	0.02	7.46	83.36	88.92	0.00	38	0	43	0.00	0.00	66.61	7.65	0.00	0.00	2000
225	11.35	2022	2062	0.00	197	0	0	0	nan	0.01	0.00	4.04	83.09	88.65	0.00	39	0	43	0.00	0.00	64.28	7.37	0.00	0.00	2000
233	10.86	2103	2142	0.00	213	0	0	0	nan	0.00	0.01	4.11	86.86	89.14	0.00	39	0	43	0.00	0.00	64.80	7.24	0.00	0.00	2000
230	10.89	2119	2089	0.00	198	0	0	0	nan	0.00	0.00	5.98	82.66	89.11	0.00	39	0	42	0.00	0.00	64.14	7.46	0.00	0.00	2000
233	11.12	2090	2103	0.00	205	0	0	0	nan	0.00	0.00	6.14	82.90	88.88	0.00	39	0	42	0.00	0.00	64.81	7.54	0.00	0.00	2000
231	11.03	2099	2097	0.00	196	0	0	0	nan	0.00	0.00	5.97	82.91	88.97	0.00	39	0	43	0.00	0.00	64.83	7.30	0.00	0.00	2000
234	10.84	2139	2116	0.00	197	0	0	0	nan	0.00	0.00	5.08	84.77	89.16	0.00	39	0	42	0.00	0.00	65.98	7.49	0.00	0.00	2000
226	10.98	2078	2082	0.00	198	0	0	0	nan	0.00	0.01	4.06	84.29	89.02	0.00	39	0	42	0.00	0.00	64.19	7.39	0.00	0.00	2000
236	11.11	2116	2112	0.00	198	0	0	0	nan	0.00	0.02	4.54	84.89	88.89	0.00	39	0	42	0.00	0.00	64.83	7.50	0.00	0.00	2000
222	11.92	2148	1819	0.00	206	0	0	0	nan	0.00	0.01	5.16	71.16	88.08	0.00	38	0	42	0.00	0.00	52.38	6.16	0.00	0.00	2000
240	10.04	2026	2474	0.00	249	0	0	0	nan	0.03	0.02	5.25	100.80	89.96	0.00	39	0	43	0.00	0.00	82.19	9.41	0.00	0.00	2000
226	10.70	2113	2098	0.00	196	0	0	0	nan	0.02	1.54	6.69	81.05	89.30	0.00	40	0	43	0.00	0.00	64.99	7.42	0.00	0.00	2000
496	21.90	2411	1974	0.37	273	0	0	51	64.66	0.00	0.01	4.66	68.85	78.10	0.00	39	0	43	0.00	0.00	61.89	7.23	0.00	0.00	2000
383	16.33	2195	2243	0.24	291	0	0	0	nan	0.01	0.88	13.67	74.91	83.67	0.00	38	0	43	0.00	0.00	76.72	8.61	0.00	0.00	2000
221	10.71	2075	2089	0.00	199	0	0	0	nan	0.00	0.00	6.57	82.17	89.29	0.00	37	0	42	0.00	0.00	63.36	7.36	0.00	0.00	2000
231	10.92	2101	2116	0.00	204	0	0	0	nan	0.00	0.00	6.60	83.12	89.08	0.00	38	0	43	0.00	0.00	63.12	7.24	0.00	0.00	2000
182	10.43	1769	2067	0.00	234	0	0	0	nan	0.00	0.01	7.30	80.98	89.57	0.00	37	0	43	0.00	0.00	64.71	7.78	0.00	0.00	2000
80	6.75	1169	2137	0.00	209	0	0	0	nan	0.00	0.01	4.62	90.17	93.25	0.00	37	0	42	0.00	0.00	61.02	7.74	0.00	0.00	2000
100	7.55	1312	2111	0.00	97	0	0	0	nan	0.00	0.03	9.24	83.61	92.45	0.00	37	0	43	0.00	0.00	59.26	7.33	0.00	0.00	2000
