Avg_MHz	Busy%	Bzy_MHz	TSC_MHz	IPC	IRQ	NMI	SMI	LLCMRPS	LLC%hit	POLL%	C1%	C1E%	C6%	CPU%c1	CPU%c6	CoreTmp	CoreThr	PkgTmp	Pkg%pc2	Pkg%pc6	PkgWatt	RAMWatt	PKG_%	RAM_%	UncMHz
352	17.55	1928	2183	0.00	246	0	0	0	nan	0.01	0.02	28.83	56.96	82.45	0.00	37	0	42	0.00	0.00	66.70	7.88	0.00	0.00	2000
352	16.31	2129	2129	0.00	228	0	0	0	nan	0.04	1.28	18.61	65.16	83.69	0.00	37	0	42	0.00	0.00	68.13	7.71	0.00	0.00	2000
77	6.67	1148	2110	0.00	193	0	0	0	nan	0.00	0.00	6.84	87.03	93.33	0.00	37	0	42	0.00	0.00	60.20	7.26	0.00	0.00	2000
74	6.83	1088	2100	0.00	194	0	0	0	nan	0.00	0.00	3.46	89.71	93.17	0.00	37	0	42	0.00	0.00	58.30	7.69	0.00	0.00	2000
72	6.79	1078	2074	0.00	193	0	0	0	nan	0.00	0.01	2.75	89.36	93.21	0.00	37	0	42	0.00	0.00	56.62	7.38	0.00	0.00	2000
72	6.88	1043	2096	0.00	195	0	0	0	nan	0.00	0.00	1.83	91.21	93.12	0.00	37	0	42	0.00	0.00	58.46	7.49	0.00	0.00	2000
72	6.75	1067	2104	0.00	209	0	0	0	nan	0.00	0.00	3.76	89.57	93.25	0.00	37	0	42	0.00	0.00	56.03	7.11	0.00	0.00	2000
73	6.36	1140	2104	0.00	193	0	0	0	nan	0.00	0.02	2.35	91.42	93.64	0.00	37	0	42	0.00	0.00	60.81	7.60	0.00	0.00	2000
72	6.89	1050	2099	0.00	193	0	0	0	nan	0.00	0.00	1.97	91.18	93.11	0.00	37	0	42	0.00	0.00	58.52	7.65	0.00	0.00	2000
73	7.00	1029	2114	0.00	210	0	0	0	nan	0.00	0.00	4.56	89.13	93.00	0.00	37	0	42	0.00	0.00	57.84	7.52	0.00	0.00	2000
74	6.61	1111	2106	0.00	196	0	0	0	nan	0.00	0.04	4.10	89.51	93.39	0.00	37	0	42	0.00	0.00	57.84	7.49	0.00	0.00	2000
71	6.93	1043	2075	0.00	194	0	0	0	nan	0.00	0.00	3.94	88.07	93.07	0.00	37	0	42	0.00	0.00	55.85	7.05	0.00	0.00	2000
73	6.75	1064	2128	0.00	194	0	0	0	nan	0.00	0.00	1.73	92.81	93.25	0.00	37	0	42	0.00	0.00	62.62	8.04	0.00	0.00	2000
71	6.87	1054	2068	0.00	193	0	0	0	nan	0.00	0.00	2.93	88.90	93.13	0.00	37	0	42	0.00	0.00	56.67	7.11	0.00	0.00	2000
73	7.12	1013	2130	0.00	209	0	0	0	nan	0.00	0.00	4.28	89.99	92.88	0.00	37	0	42	0.00	0.00	57.44	7.42	0.00	0.00	2000
70	7.00	1018	2074	0.00	194	0	0	1	88.01	0.00	0.00	3.38	88.62	93.00	0.00	37	0	42	0.00	0.00	55.88	7.20	0.00	0.00	2000
74	7.09	1023	2134	0.08	193	0	0	1	88.68	0.00	0.01	1.81	92.72	92.91	0.00	37	0	42	0.00	0.00	62.51	8.14	0.00	0.00	2000
71	7.14	1008	2071	0.00	193	0	0	0	nan	0.00	0.02	2.82	88.97	92.86	0.00	37	0	42	0.00	0.00	55.58	7.13	0.00	0.00	2000
191	10.26	1876	2082	0.00	221	0	0	0	nan	0.01	0.76	8.66	79.61	89.74	0.00	37	0	42	0.00	0.00	61.00	7.27	0.00	0.00	2000
235	10.97	2115	2128	0.00	203	0	0	0	nan	0.00	0.02	5.16	85.05	89.03	0.00	38	0	42	0.00	0.00	67.81	7.71	0.00	0.00	2000
231	11.19	2061	2104	0.00	213	0	0	0	nan	0.00	0.01	6.40	82.60	88.81	0.00	37	0	42	0.00	0.00	64.61	7.46	0.00	0.00	2000
227	11.25	2026	2090	0.00	182	0	0	0	nan	0.00	0.00	7.29	81.25	88.75	0.00	38	0	42	0.00	0.00	64.03	7.39	0.00	0.00	2000
233	11.30	2038	2122	0.00	213	0	0	0	nan	0.00	0.00	6.65	83.14	88.70	0.00	38	0	42	0.00	0.00	65.62	7.60	0.00	0.00	2000
227	11.01	2104	2055	0.00	198	0	0	0	nan	0.00	0.93	4.92	81.39	88.99	0.00	39	0	42	0.00	0.00	63.73	7.74	0.00	0.00	2000
246	11.74	2047	2148	0.00	204	0	0	0	nan	0.00	0.00	7.89	82.61	88.26	0.00	38	0	42	0.00	0.00	69.62	8.05	0.00	0.00	2000
269	12.50	2142	2106	0.00	197	0	0	0	nan	0.00	0.05	5.48	82.22	87.50	0.00	38	0	42	0.00	0.00	65.01	7.51	0.00	0.00	2000
228	11.13	2066	2083	0.00	195	0	0	0	nan	0.00	0.02	4.81	83.44	88.87	0.00	38	0	42	0.00	0.00	63.82	7.49	0.00	0.00	2000
231	11.07	2090	2100	0.00	199	0	0	0	nan	0.00	0.00	4.86	84.11	88.93	0.00	39	0	42	0.00	0.00	65.59	7.59	0.00	0.00	2000
228	10.72	2128	2099	0.00	198	0	0	0	nan	0.00	0.00	5.24	84.07	89.28	0.00	39	0	42	0.00	0.00	65.37	7.39	0.00	0.00	2000
231	11.18	2067	2098	0.00	201	0	0	0	nan	0.00	0.00	4.98	83.74	88.82	0.00	39	0	42	0.00	0.00	64.18	7.55	0.00	0.00	2000
231	10.92	2112	2106	0.00	204	0	0	0	nan	0.00	0.02	6.24	83.10	89.08	0.00	39	0	42	0.00	0.00	67.04	7.71	0.00	0.00	2000
227	11.18	2072	2056	0.00	199	0	0	0	nan	0.00	0.04	2.65	84.36	88.82	0.00	39	0	42	0.00	0.00	63.32	7.39	0.00	0.00	2000
233	10.88	2078	2161	0.00	213	0	0	12	96.97	0.01	1.06	3.18	87.52	89.12	0.00	39	0	42	0.00	0.00	64.43	7.48	0.00	0.00	2000
229	10.99	2100	2082	0.64	195	0	0	11	80.17	0.00	0.46	5.43	82.46	89.01	0.00	39	0	42	0.00	0.00	65.83	7.68	0.00	0.00	2000
234	11.02	2122	2102	0.00	200	0	0	0	nan	0.00	0.57	3.30	85.31	88.98	0.00	39	0	42	0.00	0.00	65.18	7.48	0.00	0.00	2000
231	11.00	2094	2105	0.00	197	0	0	0	nan	0.00	0.00	6.39	82.82	89.00	0.00	40	0	42	0.00	0.00	65.51	7.50	0.00	0.00	2000
229	11.06	2078	2095	0.00	195	0	0	0	nan	0.00	0.00	5.51	83.30	88.94	0.00	40	0	42	0.00	0.00	64.72	7.37	0.00	0.00	2000
227	10.95	2077	2093	0.00	197	0	0	0	nan	0.00	0.00	5.86	82.94	89.05	0.00	40	0	42	0.00	0.00	65.18	7.51	0.00	0.00	2000
233	10.99	2119	2105	0.00	196	0	0	0	nan	0.00	0.00	5.30	83.93	89.01	0.00	39	0	42	0.00	0.00	64.76	7.64	0.00	0.00	2000
232	11.16	2078	2097	0.00	200	0	0	0	nan	0.00	0.00	6.03	82.83	88.84	0.00	39	0	42	0.00	0.00	65.13	7.58	0.00	0.00	2000
229	11.14	2046	2108	0.00	208	0	0	0	nan	0.00	0.00	5.37	83.99	88.86	0.00	38	0	42	0.00	0.00	64.72	7.84	0.00	0.00	2000
232	11.22	2058	2109	0.00	196	0	0	0	nan	0.00	0.00	3.96	85.34	88.78	0.00	38	0	42	0.00	0.00	66.17	7.87	0.00	0.00	2000
227	10.76	2143	2072	0.00	195	0	0	0	nan	0.00	0.08	3.19	84.83	89.24	0.00	37	0	42	0.00	0.00	65.23	7.51	0.00	0.00	2000
234	10.87	2128	2126	0.00	197	0	0	0	nan	0.01	0.60	2.05	87.69	89.13	0.00	38	0	42	0.00	0.00	66.00	7.54	0.00	0.00	2000
238	11.37	2110	2080	0.00	202	0	0	0	nan	0.00	0.00	6.04	81.85	88.63	0.00	38	0	42	0.00	0.00	62.54	7.19	0.00	0.00	2000
229	10.82	2114	2100	0.00	197	0	0	0	nan	0.00	0.51	5.81	82.96	89.18	0.00	38	0	42	0.00	0.00	65.58	7.59	0.00	0.00	2000
234	11.00	2113	2114	0.00	196	0	0	0	nan	0.00	0.02	5.81	83.85	89.00	0.00	39	0	42	0.00	0.00	66.49	7.74	0.00	0.00	2000
228	10.50	2180	2092	0.00	198	0	0	0	nan	0.00	0.00	5.55	83.59	89.50	0.00	39	0	42	0.00	0.00	63.36	7.06	0.00	0.00	2000
231	11.16	2069	2096	0.00	216	0	0	0	nan	0.00	0.01	4.27	84.46	88.84	0.00	39	0	42	0.00	0.00	66.94	7.43	0.00	0.00	2000
230	10.99	2084	2108	0.00	201	0	0	6	90.05	0.00	0.02	6.81	82.67	89.01	0.00	39	0	42	0.00	0.00	65.51	7.45	0.00	0.00	2000
235	11.39	2048	2111	0.57	200	0	0	17	84.59	0.00	0.00	6.11	83.05	88.61	0.00	38	0	42	0.00	0.00	64.83	7.46	0.00	0.00	2000
227	11.00	2094	2067	0.00	198	0	0	0	nan	0.00	0.00	6.22	81.42	89.00	0.00	38	0	42	0.00	0.00	63.47	7.33	0.00	0.00	2000
238	10.92	2149	2130	0.00	200	0	0	0	nan	0.00	0.03	3.77	86.57	89.08	0.00	38	0	42	0.00	0.00	66.18	7.67	0.00	0.00	2000
233	11.10	2090	2106	0.00	198	0	0	0	nan	0.01	0.00	4.32	84.95	88.91	0.00	38	0	42	0.00	0.00	66.06	7.68	0.00	0.00	2000
229	10.65	2181	2072	0.00	194	0	0	0	nan	0.00	0.02	6.09	82.05	89.35	0.00	39	0	42	0.00	0.00	65.10	7.51	0.00	0.00	2000
234	11.07	2083	2134	0.00	204	0	0	0	nan	0.00	0.00	3.71	86.70	88.93	0.00	38	0	42	0.00	0.00	65.12	7.52	0.00	0.00	2000
232	11.17	2087	2093	0.00	197	0	0	0	nan	0.00	0.07	4.65	83.99	88.83	0.00	38	0	42	0.00	0.00	65.26	7.65	0.00	0.00	2000
231	11.15	2072	2100	0.00	200	0	0	0	nan	0.00	0.00	5.04	83.91	88.85	0.00	38	0	42	0.00	0.00	65.41	7.43	0.00	0.00	2000
225	10.60	2153	2072	0.00	196	0	0	0	nan	0.00	0.02	4.35	83.93	89.40	0.00	39	0	43	0.00	0.00	65.29	7.46	0.00	0.00	2000
238	10.99	2124	2137	0.00	197	0	0	0	nan	0.00	0.01	3.35	87.29	89.01	0.00	39	0	42	0.00	0.00	66.73	7.72	0.00	0.00	2000
226	11.24	2058	2054	0.00	201	0	0	0	nan	0.00	0.00	6.61	80.31	88.76	0.00	38	0	42	0.00	0.00	58.13	6.84	0.00	0.00	2000
236	11.14	2075	2141	0.00	232	0	0	0	nan	0.00	0.00	8.18	82.62	88.86	0.00	39	0	42	0.00	0.00	71.77	8.24	0.00	0.00	2000
223	10.91	2047	2097	0.00	198	0	0	0	nan	0.00	0.00	5.46	83.67	89.09	0.00	39	0	42	0.00	0.00	64.84	7.43	0.00	0.00	2000
225	10.92	2051	2109	0.00	195	0	0	0	nan	0.00	0.00	5.75	83.88	89.08	0.00	39	0	42	0.00	0.00	64.92	7.53	0.00	0.00	2000
223	11.15	2013	2086	0.00	201	0	0	0	nan	0.00	0.02	6.86	81.61	88.85	0.00	40	0	42	0.00	0.00	63.25	7.47	0.00	0.00	2000
223	10.87	2039	2113	0.00	196	0	0	0	nan	0.00	0.00	7.32	82.49	89.13	0.00	39	0	42	0.00	0.00	64.59	7.53	0.00	0.00	2000
222	11.07	2012	2092	0.00	196	0	0	9	94.37	0.00	0.02	6.28	82.53	88.93	0.00	39	0	42	0.00	0.00	63.75	7.53	0.00	0.00	2000
223	10.91	2035	2110	0.64	199	0	0	13	93.75	0.00	0.00	5.87	83.81	89.09	0.00	39	0	43	0.00	0.00	64.60	7.58	0.00	0.00	2000
225	10.93	2068	2086	0.00	196	0	0	0	nan	0.04	0.00	6.91	81.67	89.07	0.00	40	0	42	0.00	0.00	59.14	7.38	0.00	0.00	2000
225	11.10	2041	2089	0.00	200	0	0	0	nan	0.00	0.00	5.56	83.10	88.90	0.00	39	0	43	0.00	0.00	67.28	7.38	0.00	0.00	2000
221	11.46	2030	1998	0.00	199	0	0	0	nan	0.00	0.00	8.51	75.89	88.54	0.00	39	0	42	0.00	0.00	58.80	6.98	0.00	0.00	2000
226	10.30	2080	2215	0.00	196	0	0	0	nan	0.00	0.02	7.26	87.57	89.70	0.00	39	0	42	0.00	0.00	69.73	8.33	0.00	0.00	2000
222	10.99	2027	2087	0.00	196	0	0	0	nan	0.00	0.57	3.28	84.90	89.01	0.00	39	0	42	0.00	0.00	63.32	7.54	0.00	0.00	2000
243	11.53	2084	2123	0.00	200	0	0	0	nan	0.01	1.09	3.00	85.62	88.47	0.00	39	0	42	0.00	0.00	65.28	7.57	0.00	0.00	2000
227	11.07	2038	2111	0.00	199	0	0	0	nan	0.02	1.96	7.77	79.97	88.93	0.00	39	0	42	0.00	0.00	65.03	7.78	0.00	0.00	2000
222	10.99	2028	2094	0.00	195	0	0	0	nan	0.00	0.00	8.13	80.74	89.01	0.00	40	0	42	0.00	0.00	64.36	7.64	0.00	0.00	2000
473	21.71	2393	1913	0.00	214	0	0	0	nan	0.03	0.01	5.40	66.03	78.29	0.00	38	0	42	0.00	0.00	58.86	7.19	0.00	0.00	2000
691	27.77	2500	2090	0.00	245	0	0	0	nan	0.00	0.00	5.67	66.34	72.23	0.00	38	0	42	0.00	0.00	69.02	7.89	0.00	0.00	2000
689	27.54	2500	2102	0.00	253	0	0	0	nan	0.00	0.00	6.35	66.29	72.47	0.00	39	0	42	0.00	0.00	71.28	8.09	0.00	0.00	2000
689	27.59	2500	2098	0.00	244	0	0	0	nan	0.00	0.00	4.98	67.48	72.41	0.00	38	0	42	0.00	0.00	71.39	7.83	0.00	0.00	2000
690	27.58	2500	2102	0.00	249	0	0	0	nan	0.00	0.00	6.10	66.53	72.42	0.00	38	0	42	0.00	0.00	71.76	7.86	0.00	0.00	2000
690	27.62	2500	2098	0.00	245	0	0	0	nan	0.00	0.00	4.90	67.54	72.38	0.00	38	0	42	0.00	0.00	71.06	7.85	0.00	0.00	2000
688	27.50	2500	2102	0.12	251	0	0	77	87.51	0.00	0.00	5.52	67.17	72.50	0.00	39	0	42	0.00	0.00	72.05	7.93	0.00	0.00	2000
691	27.65	2500	2098	0.13	246	0	0	3	83.91	0.00	0.05	3.23	69.15	72.35	0.00	39	0	42	0.00	0.00	71.87	7.68	0.00	0.00	2000
562	25.55	2500	1849	0.00	259	0	0	0	nan	0.01	0.08	3.38	62.24	74.45	0.00	39	0	42	0.00	0.00	63.92	7.04	0.00	0.00	2000
244	9.74	1963	2681	0.00	260	0	0	0	nan	0.00	0.00	8.21	107.31	90.26	0.00	39	0	42	0.00	0.00	86.59	10.10	0.00	0.00	2000
226	11.19	2016	2101	0.00	200	0	0	0	nan	0.00	0.28	8.14	80.68	88.81	0.00	39	0	42	0.00	0.00	64.65	7.74	0.00	0.00	2000
223	10.99	2033	2093	0.00	194	0	0	0	nan	0.00	0.00	6.60	82.32	89.01	0.00	39	0	42	0.00	0.00	58.49	7.00	0.00	0.00	2000
223	11.12	2007	2103	0.00	198	0	0	0	nan	0.00	0.00	7.64	81.60	88.88	0.00	39	0	42	0.00	0.00	66.07	7.89	0.00	0.00	2000
219	11.17	2056	2001	0.00	200	0	0	0	nan	0.00	0.00	6.57	78.23	88.83	0.00	39	0	42	0.00	0.00	58.86	7.01	0.00	0.00	2000
223	10.71	1990	2202	0.00	195	0	0	0	nan	0.00	0.00	6.20	87.67	89.29	0.00	39	0	42	0.00	0.00	68.95	8.40	0.00	0.00	2000
226	11.07	2035	2104	0.00	199	0	0	0	nan	0.00	0.00	8.29	81.01	88.93	0.00	39	0	42	0.00	0.00	64.96	7.78	0.00	0.00	2000
221	11.08	2000	2098	0.00	196	0	0	0	nan	0.00	0.00	7.61	81.46	88.92	0.00	39	0	42	0.00	0.00	63.22	7.55	0.00	0.00	2000
221	11.10	1993	2103	0.00	196	0	0	0	nan	0.00	0.00	7.04	82.20	88.90	0.00	39	0	42	0.00	0.00	61.58	7.47	0.00	0.00	2000
222	10.61	2091	2102	0.00	195	0	0	0	nan	0.00	0.02	5.82	83.70	89.39	0.00	39	0	42	0.00	0.00	62.63	7.62	0.00	0.00	2000
217	11.32	2053	1956	0.00	179	0	0	0	nan	0.00	0.01	5.50	77.31	88.68	0.00	39	0	42	0.00	0.00	60.51	7.24	0.00	0.00	2000
230	10.66	2003	2257	0.00	214	0	0	0	nan	0.00	0.14	7.25	88.84	89.34	0.00	39	0	42	0.00	0.00	68.41	8.14	0.00	0.00	2000
223	10.31	2169	2094	0.00	197	0	0	0	nan	0.00	1.59	7.75	80.29	89.69	0.00	39	0	42	0.00	0.00	63.15	7.40	0.00	0.00	2000
221	11.04	2003	2102	0.00	195	0	0	3	61.69	0.00	2.23	4.63	82.50	88.96	0.00	39	0	43	0.00	0.00	65.77	7.89	0.00	0.00	2000
223	10.89	2053	2099	0.52	195	0	0	7	53.57	0.00	0.00	6.41	82.82	89.11	0.00	39	0	42	0.00	0.00	65.64	7.88	0.00	0.00	2000
222	10.96	2029	2101	0.00	197	0	0	0	nan	0.00	0.01	6.44	82.81	89.04	0.00	39	0	42	0.00	0.00	61.34	7.23	0.00	0.00	2000
221	10.95	2054	2065	0.00	218	0	0	0	nan	0.00	0.00	4.89	82.81	89.05	0.00	39	0	42	0.00	0.00	64.70	7.39	0.00	0.00	2000
219	10.97	1983	2118	0.00	216	0	0	0	nan	0.00	0.02	5.83	84.17	89.03	0.00	38	0	43	0.00	0.00	63.11	7.88	0.00	0.00	2000
134	8.71	1540	2097	0.00	226	0	0	0	nan	0.00	0.00	11.91	79.37	91.29	0.00	37	0	43	0.00	0.00	61.10	7.63	0.00	0.00	2000
144	10.27	1421	2076	0.00	49	0	0	0	nan	0.00	0.06	11.30	77.36	89.73	0.00	37	0	42	0.00	0.00	75.04	9.16	0.00	0.00	2000
