Avg_MHz	Busy%	Bzy_MHz	TSC_MHz	IPC	IRQ	NMI	SMI	LLCMRPS	LLC%hit	POLL%	C1%	C1E%	C6%	CPU%c1	CPU%c6	CoreTmp	CoreThr	PkgTmp	Pkg%pc2	Pkg%pc6	PkgWatt	RAMWatt	PKG_%	RAM_%	UncMHz
293	15.20	1879	2154	0.00	278	0	0	0	nan	0.00	0.00	23.19	63.80	84.80	0.00	37	0	42	0.00	0.00	67.07	8.01	0.00	0.00	2000
368	17.31	2140	2084	0.00	208	0	0	0	nan	0.06	1.01	19.79	61.50	82.69	0.00	37	0	42	0.00	0.00	64.65	7.44	0.00	0.00	2000
76	7.14	1075	2093	0.00	210	0	0	0	nan	0.00	0.00	9.66	82.98	92.86	0.00	37	0	42	0.00	0.00	56.83	7.20	0.00	0.00	2000
73	6.38	1139	2098	0.00	193	0	0	0	nan	0.00	0.00	3.86	89.48	93.62	0.00	37	0	43	0.00	0.00	59.11	7.48	0.00	0.00	2000
75	6.51	1146	2104	0.00	193	0	0	0	nan	0.00	0.00	1.55	92.04	93.49	0.00	37	0	42	0.00	0.00	59.74	7.64	0.00	0.00	2000
75	6.24	1175	2137	0.00	194	0	0	0	nan	0.00	0.00	2.25	92.99	93.76	0.00	37	0	43	0.00	0.00	60.46	7.65	0.00	0.00	2000
72	6.71	1087	2059	0.00	194	0	0	0	nan	0.00	0.02	3.16	88.31	93.29	0.00	37	0	42	0.00	0.00	55.50	7.26	0.00	0.00	2000
72	6.49	1084	2139	0.00	209	0	0	0	nan	0.00	0.00	3.34	91.83	93.51	0.00	37	0	43	0.00	0.00	58.43	7.49	0.00	0.00	2000
71	6.63	1088	2068	0.00	193	0	0	0	nan	0.00	0.01	3.02	88.89	93.37	0.00	37	0	42	0.00	0.00	58.39	7.43	0.00	0.00	2000
72	6.78	1050	2127	0.00	193	0	0	0	nan	0.00	0.02	2.41	92.09	93.22	0.00	37	0	42	0.00	0.00	60.22	7.53	0.00	0.00	2000
73	6.56	1118	2078	0.00	193	0	0	0	nan	0.00	0.02	2.88	89.60	93.44	0.00	37	0	42	0.00	0.00	57.05	7.32	0.00	0.00	2000
74	6.73	1086	2132	0.00	196	0	0	0	nan	0.00	0.00	2.94	91.71	93.27	0.00	37	0	42	0.00	0.00	59.53	7.64	0.00	0.00	2000
73	6.56	1125	2072	0.00	194	0	0	0	nan	0.00	0.01	3.02	89.18	93.44	0.00	37	0	42	0.00	0.00	57.60	7.38	0.00	0.00	2000
71	6.51	1094	2098	0.00	193	0	0	0	nan	0.00	0.00	2.39	91.01	93.49	0.00	37	0	42	0.00	0.00	58.24	7.48	0.00	0.00	2000
74	6.31	1163	2114	0.00	197	0	0	0	nan	0.00	0.00	3.28	90.92	93.69	0.00	37	0	42	0.00	0.00	58.77	7.48	0.00	0.00	2000
71	6.52	1103	2083	0.00	193	0	0	1	87.84	0.00	0.01	2.56	90.12	93.48	0.00	37	0	42	0.00	0.00	57.71	7.34	0.00	0.00	2000
72	7.12	1003	2125	0.16	209	0	0	1	88.24	0.00	0.00	3.01	91.09	92.88	0.00	37	0	42	0.00	0.00	56.62	7.28	0.00	0.00	2000
72	6.66	1083	2095	0.00	196	0	0	0	nan	0.00	0.02	4.06	89.07	93.34	0.00	37	0	42	0.00	0.00	58.21	7.43	0.00	0.00	2000
166	9.16	1826	2086	0.00	228	0	0	0	nan	0.00	0.02	5.67	84.59	90.84	0.00	38	0	42	0.00	0.00	63.92	7.63	0.00	0.00	2000
232	11.05	2078	2122	0.00	204	0	0	0	nan	0.00	0.00	3.68	86.28	88.95	0.00	39	0	42	0.00	0.00	66.52	7.53	0.00	0.00	2000
234	10.99	2121	2109	0.00	202	0	0	0	nan	0.00	0.02	3.62	85.90	89.01	0.00	40	0	42	0.00	0.00	65.43	7.21	0.00	0.00	2000
225	10.87	2097	2074	0.00	210	0	0	0	nan	0.00	0.02	3.37	84.66	89.13	0.00	40	0	43	0.00	0.00	63.97	7.47	0.00	0.00	2000
240	11.28	2126	2098	0.00	213	0	0	0	nan	0.00	0.01	6.29	82.33	88.72	0.00	39	0	42	0.00	0.00	65.06	7.59	0.00	0.00	2000
230	11.13	2048	2118	0.00	197	0	0	0	nan	0.00	0.00	6.96	82.80	88.87	0.00	38	0	43	0.00	0.00	63.99	8.06	0.00	0.00	2000
225	11.83	2056	1944	0.00	196	0	0	0	nan	0.00	0.00	4.70	76.96	88.17	0.00	38	0	42	0.00	0.00	58.85	6.70	0.00	0.00	2000
235	10.05	2140	2292	0.00	248	0	0	0	nan	0.00	0.00	6.61	91.61	89.95	0.00	38	0	42	0.00	0.00	75.92	8.85	0.00	0.00	2000
232	11.19	2072	2104	0.00	198	0	0	0	nan	0.00	0.00	6.05	82.98	88.82	0.00	38	0	43	0.00	0.00	63.74	7.74	0.00	0.00	2000
229	10.91	2115	2089	0.00	199	0	0	0	nan	0.00	0.00	3.67	84.97	89.09	0.00	39	0	42	0.00	0.00	68.35	7.60	0.00	0.00	2000
232	10.76	2143	2111	0.00	197	0	0	0	nan	0.00	0.00	5.22	84.55	89.24	0.00	39	0	43	0.00	0.00	65.72	7.59	0.00	0.00	2000
231	11.17	2079	2093	0.00	199	0	0	0	nan	0.00	0.06	5.64	82.92	88.83	0.00	39	0	42	0.00	0.00	64.48	7.59	0.00	0.00	2000
230	10.86	2116	2099	0.00	195	0	0	0	nan	0.00	0.00	5.70	83.42	89.14	0.00	39	0	43	0.00	0.00	65.09	7.54	0.00	0.00	2000
224	11.21	2028	2066	0.00	200	0	0	0	nan	0.00	0.01	8.40	79.06	88.79	0.00	39	0	42	0.00	0.00	62.69	7.38	0.00	0.00	2000
236	11.12	2074	2149	0.01	198	0	0	7	83.87	0.00	0.00	4.82	86.18	88.88	0.00	40	0	42	0.00	0.00	66.08	7.65	0.00	0.00	2000
228	11.00	2103	2070	0.63	197	0	0	10	87.00	0.00	0.02	5.41	82.34	89.00	0.00	39	0	42	0.00	0.00	65.23	7.61	0.00	0.00	2000
234	11.49	2071	2062	0.00	201	0	0	0	nan	0.00	0.00	5.19	81.57	88.51	0.00	38	0	42	0.00	0.00	63.12	7.44	0.00	0.00	2000
236	10.53	2171	2170	0.00	213	0	0	0	nan	0.00	0.02	7.05	85.34	89.47	0.00	38	0	42	0.00	0.00	70.21	8.24	0.00	0.00	2000
235	11.16	2122	2088	0.00	204	0	0	0	nan	0.00	0.02	4.02	84.38	88.84	0.00	39	0	42	0.00	0.00	65.36	7.59	0.00	0.00	2000
232	11.20	2091	2077	0.00	199	0	0	0	nan	0.00	0.00	5.18	82.68	88.80	0.00	39	0	42	0.00	0.00	64.58	7.63	0.00	0.00	2000
229	10.85	2082	2124	0.00	200	0	0	0	nan	0.00	0.00	6.03	84.27	89.15	0.00	39	0	43	0.00	0.00	64.78	7.45	0.00	0.00	2000
233	11.13	2092	2097	0.00	204	0	0	0	nan	0.00	0.00	5.76	83.02	88.87	0.00	39	0	42	0.00	0.00	65.58	7.61	0.00	0.00	2000
234	10.99	2118	2109	0.00	196	0	0	0	nan	0.00	0.00	5.61	83.84	89.01	0.00	39	0	42	0.00	0.00	65.88	7.80	0.00	0.00	2000
225	10.99	2093	2055	0.00	197	0	0	0	nan	0.00	0.00	5.98	81.15	89.01	0.00	39	0	43	0.00	0.00	63.47	7.32	0.00	0.00	2000
237	11.02	2096	2157	0.00	197	0	0	0	nan	0.00	0.49	5.51	85.48	88.98	0.00	39	0	42	0.00	0.00	66.38	7.66	0.00	0.00	2000
229	10.82	2126	2088	0.00	199	0	0	0	nan	0.00	0.00	6.20	82.55	89.18	0.00	39	0	42	0.00	0.00	66.24	7.69	0.00	0.00	2000
231	11.25	2076	2080	0.00	199	0	0	0	nan	0.00	0.00	6.88	81.11	88.75	0.00	39	0	42	0.00	0.00	63.98	7.40	0.00	0.00	2000
229	11.08	2040	2131	0.00	203	0	0	0	nan	0.00	0.01	7.43	82.85	88.92	0.00	38	0	42	0.00	0.00	66.22	7.77	0.00	0.00	2000
241	11.67	2088	2077	0.00	198	0	0	0	nan	0.00	0.02	7.12	80.28	88.33	0.00	37	0	43	0.00	0.00	64.52	7.71	0.00	0.00	2000
234	11.16	2078	2120	0.00	197	0	0	0	nan	0.00	0.02	7.45	82.28	88.84	0.00	37	0	43	0.00	0.00	66.04	7.91	0.00	0.00	2000
233	11.21	2078	2098	0.00	180	0	0	0	nan	0.00	0.00	5.15	83.74	88.79	0.00	37	0	42	0.00	0.00	64.51	7.89	0.00	0.00	2000
232	11.30	2091	2061	0.00	195	0	0	5	80.50	0.00	0.00	6.48	80.61	88.70	0.00	38	0	43	0.00	0.00	58.58	7.02	0.00	0.00	2000
234	10.97	2089	2144	0.86	195	0	0	8	77.91	0.00	0.00	3.81	87.16	89.03	0.00	38	0	42	0.00	0.00	71.32	8.56	0.00	0.00	2000
232	11.33	2047	2096	0.00	195	0	0	0	nan	0.00	0.00	3.16	85.40	88.67	0.00	38	0	43	0.00	0.00	64.62	7.91	0.00	0.00	2000
233	11.15	2092	2103	0.00	199	0	0	0	nan	0.00	0.00	4.84	84.17	88.85	0.00	38	0	42	0.00	0.00	60.33	7.29	0.00	0.00	2000
231	11.14	2071	2102	0.00	195	0	0	0	nan	0.00	0.02	3.46	85.53	88.86	0.00	38	0	42	0.00	0.00	65.47	7.90	0.00	0.00	2000
231	11.09	2076	2102	0.00	194	0	0	0	nan	0.00	0.01	3.34	85.73	88.90	0.00	38	0	42	0.00	0.00	65.81	7.67	0.00	0.00	2000
230	11.22	2055	2098	0.00	195	0	0	0	nan	0.00	0.00	3.08	85.70	88.78	0.00	38	0	42	0.00	0.00	66.65	7.96	0.00	0.00	2000
232	11.14	2085	2096	0.00	195	0	0	0	nan	0.00	0.02	3.30	85.49	88.86	0.00	38	0	42	0.00	0.00	63.14	7.54	0.00	0.00	2000
230	11.17	2098	2063	0.00	178	0	0	0	nan	0.00	0.00	3.56	83.74	88.83	0.00	38	0	42	0.00	0.00	62.29	7.44	0.00	0.00	2000
230	11.17	2027	2138	0.00	194	0	0	0	nan	0.00	0.00	3.89	86.77	88.83	0.00	38	0	42	0.00	0.00	69.98	8.34	0.00	0.00	2000
228	11.07	2062	2101	0.00	195	0	0	0	nan	0.00	0.00	3.12	85.99	88.93	0.00	38	0	42	0.00	0.00	61.29	7.34	0.00	0.00	2000
232	11.16	2072	2103	0.00	196	0	0	0	nan	0.00	0.02	3.96	85.12	88.84	0.00	38	0	42	0.00	0.00	66.53	8.02	0.00	0.00	2000
230	11.00	2103	2092	0.00	195	0	0	0	nan	0.00	0.01	3.49	85.28	89.00	0.00	38	0	42	0.00	0.00	65.36	7.91	0.00	0.00	2000
230	11.09	2066	2109	0.00	195	0	0	0	nan	0.00	0.01	3.04	86.40	88.91	0.00	38	0	42	0.00	0.00	65.29	7.97	0.00	0.00	2000
229	11.07	2071	2096	0.00	195	0	0	0	nan	0.00	0.00	3.59	85.33	88.93	0.00	38	0	42	0.00	0.00	63.07	7.46	0.00	0.00	2000
232	10.85	2133	2101	0.00	179	0	0	0	nan	0.01	0.00	4.05	85.21	89.15	0.00	39	0	43	0.00	0.00	63.05	7.45	0.00	0.00	2000
229	11.37	2090	2027	0.00	195	0	0	0	nan	0.01	0.00	3.20	82.45	88.63	0.00	38	0	43	0.00	0.00	64.15	7.64	0.00	0.00	2000
233	10.73	2097	2177	0.00	195	0	0	0	nan	0.00	0.00	3.00	89.57	89.27	0.00	38	0	42	0.00	0.00	63.09	7.94	0.00	0.00	2000
230	10.56	2178	2100	0.71	194	0	0	10	82.00	0.00	0.00	3.17	86.19	89.44	0.00	38	0	43	0.00	0.00	69.77	7.75	0.00	0.00	2000
233	10.94	2128	2100	0.34	194	0	0	0	nan	0.00	0.00	3.24	85.85	89.06	0.00	39	0	42	0.00	0.00	65.51	7.87	0.00	0.00	2000
229	11.01	2085	2097	0.00	194	0	0	0	nan	0.00	0.01	2.80	86.08	88.99	0.00	38	0	43	0.00	0.00	65.10	7.67	0.00	0.00	2000
233	11.39	2041	2103	0.00	197	0	0	0	nan	0.00	0.00	3.27	85.55	88.61	0.00	38	0	42	0.00	0.00	63.32	7.94	0.00	0.00	2000
230	11.28	2045	2097	0.00	182	0	0	0	nan	0.00	0.00	4.04	84.64	88.72	0.00	38	0	42	0.00	0.00	63.66	7.17	0.00	0.00	2000
231	11.62	2049	2040	0.00	200	0	0	0	nan	0.00	0.00	4.14	81.92	88.38	0.00	38	0	43	0.00	0.00	63.85	7.55	0.00	0.00	2000
230	10.74	2081	2159	0.00	196	0	0	0	nan	0.00	0.02	3.24	88.65	89.26	0.00	38	0	42	0.00	0.00	66.10	7.76	0.00	0.00	2000
232	11.33	2039	2109	0.00	195	0	0	0	nan	0.00	0.00	3.16	85.94	88.67	0.00	39	0	43	0.00	0.00	65.58	7.93	0.00	0.00	2000
230	10.97	2096	2096	0.00	195	0	0	0	nan	0.00	0.00	3.24	85.73	89.03	0.00	39	0	42	0.00	0.00	66.66	7.91	0.00	0.00	2000
233	11.17	2082	2101	0.00	195	0	0	0	nan	0.00	0.00	3.06	85.86	88.83	0.00	39	0	43	0.00	0.00	66.14	7.77	0.00	0.00	2000
229	11.07	2077	2096	0.00	180	0	0	0	nan	0.00	0.00	3.07	85.78	88.93	0.00	38	0	43	0.00	0.00	61.08	7.30	0.00	0.00	2000
231	11.18	2115	2054	0.00	195	0	0	0	nan	0.00	0.01	3.78	83.11	88.82	0.00	38	0	43	0.00	0.00	64.50	7.72	0.00	0.00	2000
228	10.89	2052	2143	0.00	196	1	0	0	nan	0.00	0.00	3.86	87.20	89.11	0.00	39	0	42	0.00	0.00	65.11	7.91	0.00	0.00	2000
230	11.22	2045	2109	0.00	194	0	0	0	nan	0.00	0.00	3.04	86.21	88.78	0.00	38	0	43	0.00	0.00	65.97	7.92	0.00	0.00	2000
229	11.23	2047	2096	0.00	193	0	0	0	nan	0.00	0.00	3.76	84.97	88.77	0.00	39	0	42	0.00	0.00	64.79	7.93	0.00	0.00	2000
227	11.51	2041	2032	0.00	195	0	0	0	nan	0.00	0.00	3.12	82.60	88.49	0.00	39	0	42	0.00	0.00	61.71	7.52	0.00	0.00	2000
232	10.97	2043	2176	0.00	196	0	0	0	nan	0.00	0.01	3.68	88.61	89.03	0.00	39	0	43	0.00	0.00	66.98	7.99	0.00	0.00	2000
229	11.35	2023	2098	0.27	195	0	0	9	81.08	0.00	0.00	3.12	85.67	88.65	0.00	39	0	42	0.00	0.00	64.74	7.86	0.00	0.00	2000
230	11.17	2060	2097	0.78	195	0	0	3	86.81	0.00	0.01	3.20	85.68	88.83	0.00	39	0	43	0.00	0.00	65.03	7.81	0.00	0.00	2000
231	11.24	2050	2103	0.00	195	0	0	0	nan	0.00	0.00	3.38	85.69	88.76	0.00	39	0	42	0.00	0.00	60.20	7.28	0.00	0.00	2000
229	11.14	2059	2100	0.00	194	0	0	0	nan	0.00	0.00	2.86	86.21	88.86	0.00	38	0	42	0.00	0.00	66.57	7.86	0.00	0.00	2000
231	11.10	2083	2102	0.00	180	0	0	0	nan	0.00	0.02	3.82	85.27	88.90	0.00	39	0	43	0.00	0.00	65.45	7.74	0.00	0.00	2000
227	11.68	2033	2008	0.00	195	0	0	0	nan	0.00	0.00	3.57	81.01	88.32	0.00	39	0	43	0.00	0.00	59.83	7.46	0.00	0.00	2000
232	10.77	2060	2194	0.00	195	0	0	0	nan	0.00	0.02	2.95	90.46	89.23	0.00	39	0	43	0.00	0.00	68.47	7.71	0.00	0.00	2000
230	10.86	2111	2104	0.00	196	0	0	0	nan	0.00	0.02	2.77	86.61	89.14	0.00	39	0	42	0.00	0.00	66.46	8.03	0.00	0.00	2000
231	11.33	2044	2098	0.00	194	0	0	0	nan	0.00	0.02	3.98	84.75	88.67	0.00	39	0	42	0.00	0.00	62.58	7.59	0.00	0.00	2000
230	11.28	2040	2097	0.00	197	0	0	0	nan	0.00	0.00	4.73	83.97	88.72	0.00	38	0	42	0.00	0.00	63.29	7.61	0.00	0.00	2000
232	11.36	2044	2099	0.00	180	0	0	0	nan	0.00	0.00	4.29	84.33	88.64	0.00	39	0	42	0.00	0.00	64.66	7.54	0.00	0.00	2000
230	11.14	2061	2105	0.00	195	0	0	0	nan	0.00	0.00	3.57	85.62	88.86	0.00	39	0	42	0.00	0.00	66.81	7.98	0.00	0.00	2000
230	10.95	2104	2099	0.00	196	0	0	0	nan	0.00	0.00	3.76	85.31	89.05	0.00	39	0	42	0.00	0.00	65.69	7.65	0.00	0.00	2000
228	11.09	2057	2100	0.00	194	0	0	0	nan	0.00	0.02	3.21	85.76	88.91	0.00	39	0	42	0.00	0.00	60.85	7.32	0.00	0.00	2000
230	11.03	2094	2090	0.00	195	0	0	0	nan	0.00	0.00	3.44	85.24	88.97	0.00	39	0	42	0.00	0.00	65.17	7.86	0.00	0.00	2000
229	11.06	2103	2065	0.00	178	0	0	0	nan	0.00	0.00	3.77	83.81	88.94	0.00	38	0	42	0.00	0.00	64.35	7.86	0.00	0.00	2000
234	10.95	2086	2148	0.00	196	0	0	0	nan	0.00	0.00	4.47	86.76	89.05	0.00	39	0	42	0.00	0.00	66.56	8.03	0.00	0.00	2000
228	10.84	2111	2097	0.00	195	0	0	3	77.05	0.00	0.00	3.73	85.41	89.16	0.00	38	0	43	0.00	0.00	65.74	7.86	0.00	0.00	2000
232	11.38	2035	2100	0.99	196	0	0	10	83.03	0.00	0.00	3.45	85.26	88.62	0.00	39	0	43	0.00	0.00	62.51	7.55	0.00	0.00	2000
225	11.31	2093	1994	0.00	194	0	0	0	nan	0.00	0.00	2.74	81.62	88.69	0.00	39	0	42	0.00	0.00	58.35	6.97	0.00	0.00	2000
232	10.99	2009	2206	0.00	194	0	0	0	nan	0.00	0.00	2.86	90.79	89.01	0.00	38	0	42	0.00	0.00	69.69	8.37	0.00	0.00	2000
229	11.20	2038	2108	0.00	195	0	0	0	nan	0.00	0.00	2.57	86.66	88.80	0.00	39	0	42	0.00	0.00	66.37	7.99	0.00	0.00	2000
233	11.16	2085	2102	0.00	197	0	0	0	nan	0.00	0.01	3.84	85.21	88.84	0.00	39	0	42	0.00	0.00	63.06	7.70	0.00	0.00	2000
229	10.99	2090	2096	0.00	195	0	0	0	nan	0.00	0.00	3.25	85.64	89.01	0.00	39	0	42	0.00	0.00	64.35	7.72	0.00	0.00	2000
230	11.18	2064	2096	0.00	179	0	0	0	nan	0.00	0.00	3.25	85.51	88.82	0.00	39	0	42	0.00	0.00	64.70	7.73	0.00	0.00	2000
229	11.12	2052	2106	0.00	195	0	0	0	nan	0.00	0.01	3.23	86.07	88.88	0.00	39	0	42	0.00	0.00	66.18	7.89	0.00	0.00	2000
230	11.23	2049	2100	0.00	195	0	0	0	nan	0.00	0.00	3.37	85.59	88.77	0.00	38	0	42	0.00	0.00	62.24	7.07	0.00	0.00	2000
231	10.97	2109	2096	0.00	195	0	0	0	nan	0.00	0.00	4.09	84.80	89.03	0.00	39	0	42	0.00	0.00	64.81	8.06	0.00	0.00	2000
231	11.02	2092	2102	0.00	196	0	0	0	nan	0.00	0.02	3.07	86.06	88.98	0.00	39	0	42	0.00	0.00	63.08	7.39	0.00	0.00	2000
226	11.52	2076	1987	0.00	196	0	0	0	nan	0.00	0.00	3.99	79.84	88.48	0.00	38	0	43	0.00	0.00	60.87	7.31	0.00	0.00	2000
234	10.70	2072	2213	0.00	198	0	0	0	nan	0.00	0.03	3.11	91.06	89.30	0.00	38	0	42	0.00	0.00	70.14	8.46	0.00	0.00	2000
229	10.89	2097	2103	0.00	196	0	0	0	nan	0.00	0.02	2.92	86.41	89.11	0.00	38	0	42	0.00	0.00	65.67	7.65	0.00	0.00	2000
231	11.32	2045	2098	0.00	194	0	0	0	nan	0.00	0.00	3.15	85.49	88.68	0.00	38	0	43	0.00	0.00	64.62	7.71	0.00	0.00	2000
231	11.13	2065	2107	0.00	195	0	0	0	nan	0.00	0.02	3.62	85.64	88.87	0.00	38	0	42	0.00	0.00	60.92	7.31	0.00	0.00	2000
231	10.98	2103	2100	0.00	195	0	0	0	nan	0.00	0.00	3.54	85.53	89.02	0.00	38	0	42	0.00	0.00	66.47	7.91	0.00	0.00	2000
232	11.06	2105	2096	0.66	195	0	0	11	80.61	0.00	0.00	2.80	86.05	88.94	0.00	39	0	42	0.00	0.00	66.83	7.94	0.00	0.00	2000
237	11.30	2097	2099	0.40	181	0	0	0	nan	0.00	0.03	4.55	84.11	88.70	0.00	39	0	42	0.00	0.00	65.68	7.81	0.00	0.00	2000
229	11.22	2088	2056	0.00	194	0	0	0	nan	0.00	0.00	3.38	83.64	88.78	0.00	39	0	42	0.00	0.00	61.35	7.64	0.00	0.00	2000
232	11.51	1997	2115	0.00	196	0	0	0	nan	0.00	0.00	3.93	85.27	88.49	0.00	38	0	42	0.00	0.00	69.07	9.15	0.00	0.00	2000
227	10.96	2083	2092	0.00	197	0	0	0	nan	0.00	0.00	4.55	84.22	89.04	0.00	39	0	42	0.00	0.00	66.15	8.65	0.00	0.00	2000
237	11.50	2040	2123	0.00	211	0	0	0	nan	0.00	0.00	7.71	81.91	88.50	0.00	39	0	43	0.00	0.00	66.31	8.87	0.00	0.00	2000
227	11.12	2074	2067	0.00	197	0	0	0	nan	0.00	0.00	3.48	84.03	88.88	0.00	39	0	42	0.00	0.00	63.39	8.39	0.00	0.00	2000
230	10.95	2062	2139	0.00	194	0	0	0	nan	0.00	0.00	3.76	87.02	89.05	0.00	39	0	42	0.00	0.00	69.56	9.26	0.00	0.00	2000
228	11.08	2068	2093	0.00	194	0	0	0	nan	0.00	0.00	3.64	85.08	88.92	0.00	39	0	42	0.00	0.00	66.30	8.74	0.00	0.00	2000
230	11.09	2064	2108	0.00	194	0	0	0	nan	0.00	0.00	3.78	85.51	88.91	0.00	39	0	43	0.00	0.00	66.73	8.76	0.00	0.00	2000
228	11.16	2074	2068	0.00	195	0	0	0	nan	0.00	0.00	3.13	84.46	88.84	0.00	39	0	43	0.00	0.00	60.89	8.09	0.00	0.00	2000
230	10.88	2077	2135	0.00	194	0	0	0	nan	0.00	0.00	4.03	86.57	89.12	0.00	39	0	43	0.00	0.00	72.34	9.73	0.00	0.00	2000
228	10.88	2128	2066	0.00	196	0	0	0	nan	0.00	0.00	3.30	84.39	89.12	0.00	39	0	43	0.00	0.00	60.97	8.05	0.00	0.00	2000
229	11.04	2069	2108	0.00	196	0	0	0	nan	0.00	0.00	4.15	85.12	88.96	0.00	39	0	42	0.00	0.00	66.79	8.80	0.00	0.00	2000
228	10.90	2076	2118	0.00	196	0	0	0	nan	0.00	0.00	5.07	84.95	89.10	0.00	39	0	42	0.00	0.00	71.91	9.51	0.00	0.00	2000
234	11.40	2076	2080	0.00	197	0	0	0	nan	0.00	0.00	4.80	82.93	88.60	0.00	39	0	42	0.00	0.00	61.04	8.14	0.00	0.00	2000
229	11.23	2015	2122	0.00	196	0	0	0	nan	0.00	0.05	4.97	84.81	88.77	0.00	39	0	43	0.00	0.00	71.57	9.58	0.00	0.00	2000
231	11.39	2015	2109	0.65	196	0	0	49	3.86	0.00	0.00	4.47	84.57	88.61	0.00	39	0	42	0.00	0.00	63.92	8.65	0.00	0.00	2000
228	10.90	2133	2064	1.02	197	0	0	0	89.75	0.00	0.03	3.55	84.08	89.10	0.00	39	0	42	0.00	0.00	64.43	8.54	0.00	0.00	2000
231	11.09	2076	2107	0.00	195	0	0	0	nan	0.00	0.00	3.65	85.53	88.91	0.00	39	0	42	0.00	0.00	66.00	8.82	0.00	0.00	2000
229	10.99	2059	2122	0.00	195	0	0	0	nan	0.00	0.00	4.13	85.91	89.01	0.00	39	0	42	0.00	0.00	70.09	9.03	0.00	0.00	2000
229	11.25	2050	2083	0.00	194	0	0	0	nan	0.00	0.00	3.59	84.45	88.75	0.00	39	0	42	0.00	0.00	63.47	8.25	0.00	0.00	2000
227	11.06	2061	2092	0.00	196	0	0	0	nan	0.00	0.00	4.36	84.25	88.94	0.00	39	0	43	0.00	0.00	66.66	8.75	0.00	0.00	2000
229	11.08	2056	2113	0.00	195	0	0	0	nan	0.00	0.00	3.92	85.63	88.92	0.00	39	0	42	0.00	0.00	66.32	8.67	0.00	0.00	2000
229	11.27	2058	2077	0.00	197	0	0	0	nan	0.00	0.00	4.53	83.31	88.73	0.00	39	0	42	0.00	0.00	66.09	8.60	0.00	0.00	2000
229	11.20	2008	2140	0.00	196	0	0	0	nan	0.00	0.00	4.21	86.45	88.80	0.00	39	0	42	0.00	0.00	69.42	9.07	0.00	0.00	2000
227	11.04	2094	2060	0.00	195	0	0	0	nan	0.00	0.02	3.26	84.20	88.96	0.00	39	0	42	0.00	0.00	62.86	8.22	0.00	0.00	2000
230	10.98	2066	2128	0.00	194	0	0	0	nan	0.00	0.00	4.13	86.18	89.02	0.00	39	0	42	0.00	0.00	66.81	8.76	0.00	0.00	2000
227	11.15	2056	2078	0.00	196	0	0	0	nan	0.00	0.00	5.09	82.88	88.85	0.00	39	0	43	0.00	0.00	66.46	8.73	0.00	0.00	2000
231	11.15	2066	2107	0.00	196	0	0	0	nan	0.00	0.00	4.72	84.56	88.85	0.00	39	0	43	0.00	0.00	66.34	8.72	0.00	0.00	2000
228	10.83	2114	2094	0.00	196	0	0	0	nan	0.00	0.00	4.20	84.76	89.17	0.00	39	0	42	0.00	0.00	66.83	8.81	0.00	0.00	2000
228	10.89	2066	2131	0.00	194	0	0	0	nan	0.00	0.00	4.04	86.53	89.11	0.00	39	0	42	0.00	0.00	69.53	9.09	0.00	0.00	2000
238	11.79	2056	2065	0.00	195	0	0	0	nan	0.00	0.00	3.67	83.18	88.21	0.00	39	0	42	0.00	0.00	63.51	8.24	0.00	0.00	2000
230	10.97	2057	2137	0.00	194	0	0	0	nan	0.00	0.00	4.09	86.62	89.03	0.00	39	0	43	0.00	0.00	69.13	9.24	0.00	0.00	2000
228	10.99	2111	2066	0.20	197	0	0	37	3.95	0.00	0.00	3.29	84.36	89.01	0.00	39	0	42	0.00	0.00	63.98	8.51	0.00	0.00	2000
234	11.22	2078	2111	1.40	199	0	0	13	13.97	0.00	0.00	6.34	82.97	88.78	0.00	39	0	43	0.00	0.00	66.79	8.74	0.00	0.00	2000
229	10.96	2103	2087	0.00	199	0	0	0	nan	0.00	0.00	4.58	83.96	89.04	0.00	39	0	42	0.00	0.00	66.79	8.78	0.00	0.00	2000
231	11.01	2064	2130	0.00	195	0	0	0	nan	0.00	0.00	3.71	86.64	88.99	0.00	39	0	43	0.00	0.00	66.51	8.73	0.00	0.00	2000
227	10.97	2074	2099	0.00	197	0	0	0	nan	0.00	0.00	4.01	85.03	89.03	0.00	39	0	42	0.00	0.00	66.48	8.60	0.00	0.00	2000
229	11.14	2054	2105	0.00	194	0	0	0	nan	0.00	0.00	3.43	85.78	88.86	0.00	39	0	42	0.00	0.00	66.41	8.81	0.00	0.00	2000
229	11.24	2063	2075	0.00	196	0	0	0	nan	0.00	0.00	3.59	84.20	88.76	0.00	39	0	43	0.00	0.00	66.36	8.86	0.00	0.00	2000
230	10.98	2063	2129	0.00	195	0	0	0	nan	0.00	0.02	4.52	85.80	89.02	0.00	39	0	42	0.00	0.00	66.81	8.79	0.00	0.00	2000
228	11.05	2088	2074	0.00	197	0	0	0	nan	0.00	0.02	3.67	84.30	88.95	0.00	39	0	43	0.00	0.00	66.68	8.76	0.00	0.00	2000
229	11.04	2051	2125	0.00	195	0	0	0	nan	0.00	0.00	4.06	86.10	88.96	0.00	39	0	43	0.00	0.00	66.28	8.62	0.00	0.00	2000
227	11.20	2035	2090	0.00	195	0	0	0	nan	0.00	0.00	2.92	85.56	88.80	0.00	39	0	43	0.00	0.00	66.72	8.67	0.00	0.00	2000
230	11.80	1951	2094	0.00	194	0	0	0	nan	0.00	0.00	3.90	84.27	88.20	0.00	39	0	43	0.00	0.00	65.86	8.72	0.00	0.00	2000
227	11.09	2068	2082	0.00	197	0	0	0	nan	0.00	0.00	4.14	83.99	88.91	0.00	39	0	42	0.00	0.00	67.17	8.82	0.00	0.00	2000
228	11.27	2009	2114	0.00	194	0	0	0	nan	0.00	0.00	4.40	85.08	88.73	0.00	39	0	42	0.00	0.00	66.44	8.79	0.00	0.00	2000
227	11.32	2027	2081	0.00	196	0	0	0	nan	0.00	0.00	4.24	83.86	88.68	0.00	39	0	42	0.00	0.00	66.01	8.70	0.00	0.00	2000
230	10.93	2056	2146	0.00	195	0	0	0	nan	0.00	0.00	4.24	86.87	89.07	0.00	39	0	42	0.00	0.00	66.08	8.04	0.00	0.00	2000
232	11.37	2029	2108	0.00	198	0	0	0	nan	0.00	0.01	3.48	85.57	88.63	0.00	39	0	43	0.00	0.00	65.48	7.55	0.00	0.00	2000
228	11.01	2077	2096	0.00	194	0	0	1	86.53	0.00	0.00	3.48	85.49	88.99	0.00	39	0	42	0.00	0.00	64.98	7.59	0.00	0.00	2000
228	10.83	2106	2099	1.16	194	0	0	1	89.16	0.00	0.00	3.08	86.08	89.17	0.00	39	0	42	0.00	0.00	63.26	7.09	0.00	0.00	2000
230	11.10	2090	2079	0.00	194	0	0	0	nan	0.01	0.01	3.12	84.98	88.90	0.00	38	0	42	0.00	0.00	62.54	7.72	0.00	0.00	2000
229	11.23	2061	2077	0.00	179	0	0	0	nan	0.00	0.00	4.29	83.60	88.77	0.00	38	0	43	0.00	0.00	64.58	7.57	0.00	0.00	2000
229	10.89	2089	2118	0.00	195	0	0	0	nan	0.00	0.00	3.66	86.29	89.11	0.00	38	0	42	0.00	0.00	64.80	7.72	0.00	0.00	2000
231	11.46	2021	2098	0.00	200	0	0	0	nan	0.00	0.00	5.03	83.54	88.54	0.00	38	0	42	0.00	0.00	64.56	7.67	0.00	0.00	2000
218	10.94	1973	2115	0.00	195	0	0	0	nan	0.00	0.00	3.89	85.98	89.06	0.00	37	0	42	0.00	0.00	64.06	7.76	0.00	0.00	2000
206	10.14	2023	2108	0.00	209	0	0	0	nan	0.00	0.02	3.68	86.57	89.86	0.00	38	0	42	0.00	0.00	65.54	7.95	0.00	0.00	2000
110	7.40	1511	2072	0.00	217	0	0	0	nan	0.00	0.23	6.05	85.27	92.60	0.00	37	0	42	0.00	0.00	58.39	7.27	0.00	0.00	2000
76	7.11	1058	2127	0.00	209	0	0	0	nan	0.00	0.00	3.80	90.32	92.89	0.00	37	0	43	0.00	0.00	57.62	7.43	0.00	0.00	2000
73	6.75	1088	2077	0.00	193	0	0	0	nan	0.00	0.00	2.95	89.33	93.25	0.00	37	0	42	0.00	0.00	57.44	7.30	0.00	0.00	2000
72	6.40	1121	2118	0.00	193	0	0	0	nan	0.00	0.00	4.01	90.35	93.60	0.00	37	0	42	0.00	0.00	59.06	7.48	0.00	0.00	2000
112	8.03	1387	2113	0.00	66	0	0	0	nan	0.00	0.00	10.56	81.95	91.97	0.00	37	0	42	0.00	0.00	63.44	8.03	0.00	0.00	2000
