Avg_MHz	Busy%	Bzy_MHz	TSC_MHz	IPC	IRQ	NMI	SMI	LLCMRPS	LLC%hit	POLL%	C1%	C1E%	C6%	CPU%c1	CPU%c6	CoreTmp	CoreThr	PkgTmp	Pkg%pc2	Pkg%pc6	PkgWatt	RAMWatt	PKG_%	RAM_%	UncMHz
351	16.00	2134	2160	0.00	246	0	0	0	nan	0.00	0.58	32.07	53.92	84.00	0.00	38	0	42	0.00	0.00	67.21	7.83	0.00	0.00	2000
292	13.99	2085	2104	0.00	215	0	0	0	nan	0.00	0.95	19.31	66.01	86.01	0.00	37	0	42	0.00	0.00	63.73	7.57	0.00	0.00	2000
78	6.89	1118	2131	0.00	192	0	0	0	nan	0.00	0.02	3.14	91.33	93.11	0.00	37	0	42	0.00	0.00	63.27	7.96	0.00	0.00	2000
72	6.38	1140	2071	0.00	193	0	0	0	nan	0.00	0.00	2.98	89.40	93.62	0.00	37	0	42	0.00	0.00	52.72	6.75	0.00	0.00	2000
74	6.74	1087	2131	0.00	193	0	0	0	nan	0.00	0.00	2.01	92.66	93.26	0.00	37	0	43	0.00	0.00	63.57	8.20	0.00	0.00	2000
72	6.89	1055	2077	0.00	194	0	0	0	nan	0.00	0.00	3.11	89.01	93.11	0.00	37	0	42	0.00	0.00	56.30	7.24	0.00	0.00	2000
74	7.00	1044	2116	0.00	210	0	0	0	nan	0.00	0.00	3.10	90.78	93.00	0.00	37	0	42	0.00	0.00	57.39	7.19	0.00	0.00	2000
73	6.30	1160	2099	0.00	178	0	0	0	nan	0.00	0.03	2.95	90.63	93.70	0.00	37	0	42	0.00	0.00	58.46	7.59	0.00	0.00	2000
72	7.06	1032	2073	0.00	210	0	0	0	nan	0.00	0.00	2.23	89.63	92.94	0.00	37	0	42	0.00	0.00	55.94	7.21	0.00	0.00	2000
73	6.90	1042	2119	0.00	193	0	0	0	nan	0.00	0.00	3.96	90.05	93.10	0.00	37	0	43	0.00	0.00	58.50	7.39	0.00	0.00	2000
73	6.92	1049	2109	0.00	193	0	0	0	nan	0.00	0.00	4.13	89.48	93.08	0.00	37	0	43	0.00	0.00	57.91	7.51	0.00	0.00	2000
73	6.58	1107	2103	0.00	194	0	0	0	nan	0.00	0.00	3.96	89.59	93.42	0.00	36	0	43	0.00	0.00	57.93	7.36	0.00	0.00	2000
73	6.85	1079	2085	0.00	193	0	0	0	nan	0.00	0.00	3.55	89.04	93.15	0.00	37	0	43	0.00	0.00	58.00	7.46	0.00	0.00	2000
73	6.46	1115	2118	0.00	193	0	0	0	nan	0.00	0.00	3.98	90.34	93.54	0.00	37	0	43	0.00	0.00	58.11	7.43	0.00	0.00	2000
71	6.62	1090	2078	0.00	194	0	0	0	nan	0.00	0.02	3.63	88.93	93.38	0.00	37	0	43	0.00	0.00	57.21	7.28	0.00	0.00	2000
72	7.11	1009	2118	0.00	198	0	0	1	86.88	0.00	0.00	3.87	90.01	92.89	0.00	37	0	42	0.00	0.00	57.29	7.44	0.00	0.00	2000
72	6.96	1053	2068	0.29	195	0	0	1	88.64	0.00	0.00	2.36	89.35	93.04	0.00	37	0	43	0.00	0.00	55.93	7.19	0.00	0.00	2000
72	7.17	985	2132	0.01	210	0	0	0	nan	0.00	0.03	2.55	91.93	92.83	0.00	37	0	43	0.00	0.00	62.31	8.05	0.00	0.00	2000
208	9.82	2112	2103	0.00	212	0	0	0	nan	0.00	1.75	5.54	83.15	90.17	0.00	39	0	43	0.00	0.00	63.50	7.51	0.00	0.00	2000
224	10.84	2102	2066	0.00	213	0	0	0	nan	0.00	0.00	4.01	83.82	89.16	0.00	40	0	42	0.00	0.00	62.50	7.24	0.00	0.00	2000
235	11.33	2035	2139	0.00	200	0	0	0	nan	0.00	0.00	2.13	88.27	88.67	0.00	40	0	43	0.00	0.00	65.43	7.60	0.00	0.00	2000
230	10.82	2128	2094	0.00	202	0	0	0	nan	0.00	0.03	3.45	85.55	89.18	0.00	41	0	43	0.00	0.00	66.02	7.60	0.00	0.00	2000
238	11.00	2168	2095	0.00	197	0	0	0	nan	0.00	0.03	4.88	83.95	89.00	0.00	38	0	42	0.00	0.00	65.55	7.83	0.00	0.00	2000
227	11.06	2079	2074	0.00	198	0	0	0	nan	0.00	0.00	6.15	81.86	88.94	0.00	37	0	42	0.00	0.00	65.22	7.94	0.00	0.00	2000
249	11.52	2127	2132	0.00	202	0	0	0	nan	0.00	0.07	3.55	86.34	88.48	0.00	37	0	42	0.00	0.00	66.91	7.95	0.00	0.00	2000
228	10.99	2084	2088	0.00	195	0	0	0	nan	0.00	0.02	5.19	83.38	89.01	0.00	37	0	42	0.00	0.00	67.16	7.76	0.00	0.00	2000
232	11.37	2040	2099	0.00	196	0	0	0	nan	0.00	0.00	5.88	82.78	88.63	0.00	38	0	43	0.00	0.00	65.62	7.77	0.00	0.00	2000
232	11.28	2050	2103	0.00	199	0	0	0	nan	0.00	0.02	6.01	82.91	88.72	0.00	38	0	42	0.00	0.00	65.44	7.63	0.00	0.00	2000
228	11.27	2023	2102	0.00	199	0	0	0	nan	0.00	0.00	5.90	82.95	88.73	0.00	39	0	42	0.00	0.00	64.44	7.46	0.00	0.00	2000
229	11.46	2037	2061	0.00	202	0	0	0	nan	0.00	0.00	4.70	82.24	88.54	0.00	39	0	42	0.00	0.00	62.51	7.14	0.00	0.00	2000
231	11.06	2082	2109	0.00	212	0	0	0	nan	0.00	0.00	4.36	84.94	88.94	0.00	39	0	42	0.00	0.00	64.98	7.64	0.00	0.00	2000
226	10.88	2060	2121	0.00	196	0	0	0	nan	0.00	0.00	7.11	83.06	89.12	0.00	39	0	42	0.00	0.00	68.42	7.97	0.00	0.00	2000
234	11.21	2083	2104	0.00	198	0	0	1	87.97	0.00	0.00	5.24	83.79	88.79	0.00	39	0	42	0.00	0.00	65.13	7.58	0.00	0.00	2000
231	10.96	2095	2109	0.69	198	0	0	19	96.37	0.00	0.04	4.52	84.98	89.04	0.00	39	0	42	0.00	0.00	65.73	7.65	0.00	0.00	2000
232	11.15	2084	2098	0.05	202	0	0	0	nan	0.00	0.15	5.16	83.59	88.85	0.00	39	0	43	0.00	0.00	64.41	7.59	0.00	0.00	2000
229	10.81	2121	2099	0.00	201	0	0	0	nan	0.00	0.04	6.90	82.27	89.19	0.00	39	0	43	0.00	0.00	65.24	7.59	0.00	0.00	2000
233	10.93	2131	2099	0.00	200	0	0	0	nan	0.00	0.00	6.72	82.35	89.07	0.00	39	0	42	0.00	0.00	64.95	7.57	0.00	0.00	2000
230	11.07	2078	2101	0.00	199	0	0	0	nan	0.00	0.00	6.80	82.25	88.93	0.00	39	0	43	0.00	0.00	65.62	7.76	0.00	0.00	2000
231	11.04	2096	2097	0.00	197	0	0	0	nan	0.00	0.00	6.72	82.17	88.96	0.00	38	0	43	0.00	0.00	64.71	7.68	0.00	0.00	2000
233	11.07	2093	2111	0.00	198	0	0	0	nan	0.00	0.00	6.46	83.06	88.93	0.00	38	0	42	0.00	0.00	66.01	7.80	0.00	0.00	2000
231	11.34	2036	2097	0.00	199	0	0	0	nan	0.00	0.02	7.36	81.28	88.66	0.00	38	0	42	0.00	0.00	63.66	7.49	0.00	0.00	2000
227	11.02	2069	2090	0.00	197	0	0	0	nan	0.00	0.00	5.78	82.91	88.98	0.00	38	0	43	0.00	0.00	65.46	7.60	0.00	0.00	2000
229	11.21	2067	2077	0.00	196	0	0	0	nan	0.00	0.00	5.56	82.35	88.79	0.00	38	0	42	0.00	0.00	63.40	7.49	0.00	0.00	2000
229	11.10	2061	2098	0.00	199	0	0	0	nan	0.00	0.01	4.19	84.78	88.90	0.00	38	0	42	0.00	0.00	65.12	7.60	0.00	0.00	2000
240	11.30	2090	2132	0.00	202	0	0	0	nan	0.00	0.60	3.00	86.59	88.70	0.00	38	0	43	0.00	0.00	63.97	7.51	0.00	0.00	2000
228	11.02	2109	2062	0.00	198	0	0	0	nan	0.00	0.02	3.84	83.63	88.98	0.00	39	0	43	0.00	0.00	64.47	7.72	0.00	0.00	2000
231	11.04	2056	2140	0.00	213	0	0	0	nan	0.00	0.01	5.26	85.49	88.96	0.00	39	0	43	0.00	0.00	67.82	7.99	0.00	0.00	2000
219	12.20	2087	1806	0.00	201	0	0	0	nan	0.00	0.04	5.37	70.16	87.80	0.00	38	0	43	0.00	0.00	50.97	6.14	0.00	0.00	2000
239	10.20	1977	2491	0.00	266	0	0	0	nan	0.00	0.54	7.43	98.82	89.80	0.00	38	0	43	0.00	0.00	80.57	9.60	0.00	0.00	2000
224	11.28	1979	2105	0.00	196	0	0	2	55.25	0.00	0.03	5.26	83.88	88.72	0.00	38	0	43	0.00	0.00	64.17	7.94	0.00	0.00	2000
223	11.28	1980	2098	0.49	196	0	0	3	61.97	0.00	0.00	6.51	82.35	88.72	0.00	39	0	43	0.00	0.00	63.38	7.78	0.00	0.00	2000
223	11.27	1982	2099	0.00	195	0	0	0	nan	0.00	0.00	4.73	84.17	88.73	0.00	38	0	42	0.00	0.00	63.93	8.00	0.00	0.00	2000
237	11.76	2014	2103	0.00	200	0	0	0	nan	0.00	0.02	7.45	81.15	88.24	0.00	39	0	43	0.00	0.00	64.67	7.81	0.00	0.00	2000
223	11.09	2006	2102	0.00	215	0	0	0	nan	0.02	0.00	7.62	81.59	88.91	0.00	39	0	43	0.00	0.00	65.40	8.03	0.00	0.00	2000
224	11.05	2023	2105	0.00	196	0	0	0	nan	0.00	0.03	6.25	83.06	88.95	0.00	39	0	42	0.00	0.00	65.97	8.03	0.00	0.00	2000
224	11.00	2037	2097	0.00	199	0	0	0	nan	0.00	0.00	4.90	84.21	89.00	0.00	39	0	42	0.00	0.00	60.01	7.36	0.00	0.00	2000
224	11.05	2030	2100	0.00	198	0	0	0	nan	0.00	0.00	5.77	83.38	88.95	0.00	39	0	42	0.00	0.00	67.87	8.36	0.00	0.00	2000
228	11.30	2020	2097	0.00	202	0	0	0	nan	0.00	0.00	7.26	81.55	88.70	0.00	39	0	43	0.00	0.00	62.04	7.71	0.00	0.00	2000
225	10.81	2075	2103	0.00	201	0	0	0	nan	0.00	0.02	7.60	81.88	89.19	0.00	39	0	43	0.00	0.00	62.45	7.61	0.00	0.00	2000
222	11.07	2006	2098	0.00	182	0	0	0	nan	0.00	0.02	5.92	83.14	88.93	0.00	40	0	42	0.00	0.00	65.14	8.11	0.00	0.00	2000
223	11.10	2011	2098	0.00	197	0	0	0	nan	0.00	0.02	6.28	82.66	88.90	0.00	39	0	42	0.00	0.00	65.02	7.97	0.00	0.00	2000
224	11.03	2021	2106	0.00	196	0	0	0	nan	0.00	0.07	3.67	85.70	88.97	0.00	39	0	42	0.00	0.00	65.30	8.23	0.00	0.00	2000
226	10.76	2100	2096	0.00	197	0	0	0	nan	0.00	0.05	3.02	86.08	89.24	0.00	39	0	42	0.00	0.00	59.18	7.27	0.00	0.00	2000
223	11.02	2021	2099	0.00	199	0	0	0	nan	0.00	0.00	6.21	82.93	88.98	0.00	39	0	42	0.00	0.00	65.37	8.08	0.00	0.00	2000
220	11.23	2045	2012	0.00	198	0	0	0	nan	0.00	0.02	6.61	78.53	88.77	0.00	40	0	42	0.00	0.00	61.32	7.84	0.00	0.00	2000
226	10.39	2081	2199	0.00	198	0	0	0	nan	0.00	0.00	5.42	88.48	89.61	0.00	39	0	42	0.00	0.00	72.48	8.80	0.00	0.00	2000
223	10.64	2100	2098	0.00	199	0	0	1	64.78	0.00	0.02	4.95	84.36	89.36	0.00	39	0	43	0.00	0.00	60.35	7.37	0.00	0.00	2000
219	11.26	2073	1970	0.63	198	0	0	3	62.74	0.00	0.00	6.18	77.17	88.74	0.00	39	0	42	0.00	0.00	61.41	7.47	0.00	0.00	2000
225	11.34	2003	2078	0.00	200	0	0	0	nan	0.00	0.00	6.74	81.21	88.66	0.00	40	0	43	0.00	0.00	64.34	7.76	0.00	0.00	2000
229	10.56	2012	2266	0.00	213	0	0	0	nan	0.00	0.00	6.54	90.03	89.44	0.00	40	0	43	0.00	0.00	68.55	8.50	0.00	0.00	2000
222	10.77	2064	2094	0.00	197	0	0	0	nan	0.00	0.01	5.59	83.52	89.23	0.00	39	0	42	0.00	0.00	63.84	7.74	0.00	0.00	2000
223	10.95	2036	2105	0.00	197	0	0	0	nan	0.00	0.00	6.10	83.30	89.05	0.00	40	0	42	0.00	0.00	62.90	7.59	0.00	0.00	2000
226	10.95	2064	2096	0.00	196	0	0	0	nan	0.00	0.00	6.51	82.46	89.05	0.00	39	0	43	0.00	0.00	64.25	7.80	0.00	0.00	2000
227	11.02	2063	2097	0.00	203	0	0	0	nan	0.00	0.00	8.70	80.21	88.98	0.00	39	0	42	0.00	0.00	64.43	7.78	0.00	0.00	2000
223	11.06	2013	2104	0.00	196	0	0	0	nan	0.00	0.53	5.26	83.49	88.94	0.00	39	0	42	0.00	0.00	64.02	7.83	0.00	0.00	2000
224	11.08	2018	2100	0.00	198	0	0	0	nan	0.00	0.05	4.49	84.58	88.92	0.00	40	0	42	0.00	0.00	64.90	8.09	0.00	0.00	2000
223	11.04	2021	2100	0.00	197	0	0	0	nan	0.00	0.04	3.95	85.17	88.96	0.00	40	0	43	0.00	0.00	64.48	8.28	0.00	0.00	2000
220	11.39	2043	1982	0.00	197	0	0	0	nan	0.00	0.01	6.62	77.15	88.61	0.00	40	0	43	0.00	0.00	61.55	7.98	0.00	0.00	2000
228	10.70	2002	2232	0.00	199	0	0	0	nan	0.00	0.02	7.52	87.63	89.30	0.00	40	0	43	0.00	0.00	70.33	9.20	0.00	0.00	2000
222	10.97	2020	2100	0.00	195	0	0	0	nan	0.00	0.03	7.77	81.46	89.03	0.00	40	0	42	0.00	0.00	60.86	7.86	0.00	0.00	2000
218	11.17	2067	1985	0.00	199	0	0	0	nan	0.00	0.00	4.66	79.38	88.83	0.00	40	0	42	0.00	0.00	62.11	7.79	0.00	0.00	2000
225	10.51	2030	2219	0.00	197	0	0	0	nan	0.00	0.00	6.26	88.46	89.49	0.00	40	0	42	0.00	0.00	70.61	9.01	0.00	0.00	2000
224	11.00	2036	2100	0.00	195	0	0	0	nan	0.04	0.05	7.70	81.44	89.00	0.00	40	0	42	0.00	0.00	60.24	7.72	0.00	0.00	2000
218	11.12	2073	1989	0.00	199	0	0	2	22.53	0.00	0.02	6.40	77.92	88.88	0.00	40	0	42	0.00	0.00	62.53	7.91	0.00	0.00	2000
229	10.43	2075	2218	0.86	195	0	0	15	19.97	0.00	0.00	6.86	87.76	89.57	0.00	40	0	42	0.00	0.00	70.53	8.91	0.00	0.00	2000
222	11.11	2002	2097	0.02	199	0	0	0	nan	0.00	0.00	6.98	81.95	88.89	0.00	40	0	42	0.00	0.00	62.04	8.07	0.00	0.00	2000
221	11.07	1992	2100	0.00	212	0	0	0	nan	0.00	0.03	6.25	82.92	88.93	0.00	40	0	42	0.00	0.00	62.08	8.10	0.00	0.00	2000
224	11.13	2017	2098	0.00	197	0	0	0	nan	0.00	0.00	6.54	82.44	88.87	0.00	40	0	42	0.00	0.00	64.51	8.31	0.00	0.00	2000
222	10.86	2040	2102	0.00	198	0	0	0	nan	0.00	0.01	8.20	81.17	89.14	0.00	40	0	42	0.00	0.00	64.72	8.24	0.00	0.00	2000
222	10.76	2066	2099	0.00	196	0	0	0	nan	0.00	2.19	3.52	83.73	89.24	0.00	40	0	42	0.00	0.00	65.28	8.34	0.00	0.00	2000
220	11.15	2052	2013	0.00	196	0	0	0	nan	0.00	0.05	2.44	82.89	88.85	0.00	40	0	42	0.00	0.00	61.59	7.80	0.00	0.00	2000
224	10.50	2042	2193	0.00	197	0	0	0	nan	0.00	0.00	6.11	87.40	89.50	0.00	40	0	42	0.00	0.00	65.85	8.53	0.00	0.00	2000
225	10.92	2059	2099	0.00	197	0	0	0	nan	0.00	0.50	6.46	82.17	89.08	0.00	40	0	43	0.00	0.00	65.19	8.38	0.00	0.00	2000
221	10.75	2105	2055	0.00	203	0	0	0	nan	0.00	2.17	5.74	79.53	89.25	0.00	40	0	43	0.00	0.00	64.82	8.27	0.00	0.00	2000
221	10.95	1994	2127	0.00	195	0	0	0	nan	0.00	0.00	9.83	80.51	89.05	0.00	41	0	42	0.00	0.00	68.51	9.00	0.00	0.00	2000
220	10.96	2043	2063	0.00	196	0	0	0	nan	0.00	0.00	6.41	81.15	89.04	0.00	41	0	42	0.00	0.00	63.44	8.57	0.00	0.00	2000
224	10.60	2069	2147	0.00	201	0	0	0	nan	0.00	0.03	7.00	84.44	89.40	0.00	41	0	43	0.00	0.00	68.97	9.14	0.00	0.00	2000
222	11.06	2045	2061	0.00	197	0	0	0	nan	0.00	0.00	6.85	80.56	88.94	0.00	41	0	42	0.00	0.00	63.28	8.52	0.00	0.00	2000
223	10.77	2059	2112	0.00	200	0	0	0	nan	0.00	0.00	3.83	86.05	89.23	0.00	41	0	43	0.00	0.00	66.00	8.85	0.00	0.00	2000
220	10.71	2068	2082	0.00	194	0	0	0	nan	0.00	0.02	3.27	85.45	89.29	0.00	41	0	43	0.00	0.00	66.23	8.89	0.00	0.00	2000
216	11.12	2037	2000	0.00	194	0	0	4	5.41	0.00	0.02	2.75	82.10	88.88	0.00	41	0	42	0.00	0.00	63.70	8.54	0.00	0.00	2000
226	10.84	1961	2229	1.64	211	0	0	32	6.14	0.00	0.02	2.70	92.06	89.16	0.00	41	0	42	0.00	0.00	68.89	9.22	0.00	0.00	2000
222	11.12	1985	2112	0.01	196	0	0	0	nan	0.00	0.03	3.10	86.47	88.88	0.00	41	0	43	0.00	0.00	66.08	8.87	0.00	0.00	2000
219	10.93	2027	2076	0.00	195	0	0	0	nan	0.00	0.00	3.55	84.62	89.07	0.00	41	0	42	0.00	0.00	66.17	8.83	0.00	0.00	2000
221	10.76	2038	2115	0.00	195	0	0	0	nan	0.00	0.01	2.76	87.26	89.24	0.00	41	0	42	0.00	0.00	66.20	8.64	0.00	0.00	2000
220	10.93	2005	2105	0.00	194	0	0	0	nan	0.00	0.00	3.38	86.00	89.07	0.00	41	0	42	0.00	0.00	66.54	8.81	0.00	0.00	2000
218	10.95	2002	2088	0.00	211	0	0	0	nan	0.00	0.00	3.08	85.61	89.05	0.00	41	0	42	0.00	0.00	65.92	8.93	0.00	0.00	2000
228	11.49	2003	2082	0.00	197	0	0	0	nan	0.00	0.00	3.76	84.19	88.51	0.00	41	0	43	0.00	0.00	66.36	8.86	0.00	0.00	2000
221	10.75	2009	2151	0.00	194	0	0	0	nan	0.00	0.00	3.21	88.35	89.25	0.00	41	0	42	0.00	0.00	66.23	8.89	0.00	0.00	2000
221	10.91	2046	2078	0.00	195	0	0	0	nan	0.00	0.00	3.20	84.98	89.09	0.00	42	0	43	0.00	0.00	66.30	9.00	0.00	0.00	2000
220	10.70	2054	2101	0.00	196	0	0	0	nan	0.00	0.00	3.82	85.64	89.30	0.00	41	0	42	0.00	0.00	66.27	9.02	0.00	0.00	2000
220	10.64	2078	2090	0.00	194	0	0	0	nan	0.00	0.00	3.31	85.76	89.36	0.00	41	0	42	0.00	0.00	66.03	8.65	0.00	0.00	2000
223	10.75	2062	2109	0.00	196	0	0	0	nan	0.00	0.00	3.50	86.20	89.25	0.00	41	0	42	0.00	0.00	66.94	8.81	0.00	0.00	2000
220	10.63	2070	2097	0.00	195	0	0	0	nan	0.00	0.02	3.37	85.91	89.37	0.00	41	0	43	0.00	0.00	66.56	8.87	0.00	0.00	2000
219	10.71	2061	2086	0.00	196	0	0	0	nan	0.00	0.00	3.52	85.32	89.29	0.00	41	0	43	0.00	0.00	66.08	8.89	0.00	0.00	2000
220	10.65	2068	2096	0.00	194	0	0	0	nan	0.00	0.01	2.78	86.61	89.35	0.00	41	0	42	0.00	0.00	66.01	8.87	0.00	0.00	2000
222	10.71	2069	2106	0.00	197	0	0	0	nan	0.00	0.00	3.22	86.38	89.29	0.00	41	0	42	0.00	0.00	66.02	8.80	0.00	0.00	2000
220	10.91	1997	2123	0.00	195	0	0	0	99.30	0.00	0.00	2.69	87.58	89.09	0.00	41	0	42	0.00	0.00	66.19	8.72	0.00	0.00	2000
224	11.20	2016	2080	1.44	196	0	0	36	6.61	0.00	0.00	4.09	84.01	88.80	0.00	41	0	42	0.00	0.00	65.90	8.90	0.00	0.00	2000
220	10.99	1981	2118	0.24	194	0	0	0	nan	0.00	0.00	2.85	87.15	89.01	0.00	41	0	42	0.00	0.00	65.75	9.04	0.00	0.00	2000
220	11.11	1997	2081	0.00	195	0	0	0	nan	0.00	0.00	3.27	84.97	88.89	0.00	41	0	42	0.00	0.00	66.00	8.99	0.00	0.00	2000
220	10.61	2082	2091	0.00	194	0	0	0	nan	0.00	0.00	2.92	86.11	89.39	0.00	42	0	43	0.00	0.00	66.53	8.82	0.00	0.00	2000
220	10.72	2045	2111	0.00	196	0	0	0	nan	0.00	0.02	3.61	86.34	89.28	0.00	42	0	42	0.00	0.00	66.12	8.85	0.00	0.00	2000
221	10.64	2064	2116	0.00	195	0	0	0	nan	0.00	0.00	3.67	86.56	89.36	0.00	42	0	42	0.00	0.00	66.86	8.87	0.00	0.00	2000
220	10.79	2058	2077	0.00	194	0	0	0	nan	0.00	0.00	3.41	84.98	89.21	0.00	41	0	43	0.00	0.00	65.90	8.88	0.00	0.00	2000
220	10.92	1986	2127	0.00	195	0	0	0	nan	0.00	0.01	3.13	87.29	89.08	0.00	41	0	43	0.00	0.00	65.37	8.96	0.00	0.00	2000
215	11.21	2054	1965	0.00	195	0	0	0	nan	0.00	0.00	2.60	80.55	88.79	0.00	42	0	42	0.00	0.00	61.81	8.17	0.00	0.00	2000
224	10.64	1980	2234	0.00	211	0	0	0	nan	0.00	0.00	2.96	92.33	89.36	0.00	41	0	42	0.00	0.00	71.25	9.52	0.00	0.00	2000
222	11.18	1964	2124	0.00	195	0	0	0	nan	0.00	0.00	3.27	86.77	88.82	0.00	41	0	43	0.00	0.00	65.96	8.85	0.00	0.00	2000
219	11.25	1995	2047	0.00	194	0	0	0	nan	0.00	0.02	3.12	83.60	88.75	0.00	41	0	42	0.00	0.00	66.00	8.78	0.00	0.00	2000
220	10.75	2002	2145	0.00	194	0	0	0	nan	0.01	0.00	2.77	88.62	89.25	0.00	41	0	42	0.00	0.00	65.72	8.81	0.00	0.00	2000
219	11.20	1962	2092	0.00	196	0	0	0	nan	0.00	0.00	3.88	84.81	88.80	0.00	42	0	42	0.00	0.00	66.12	8.80	0.00	0.00	2000
219	11.10	2000	2074	0.00	195	0	0	0	nan	0.00	0.00	3.28	84.66	88.90	0.00	41	0	42	0.00	0.00	65.52	8.78	0.00	0.00	2000
222	10.67	2093	2091	0.00	196	0	0	0	nan	0.00	0.02	3.64	85.47	89.33	0.00	42	0	42	0.00	0.00	66.26	8.80	0.00	0.00	2000
222	10.64	2034	2150	0.00	195	0	0	0	nan	0.00	0.02	3.01	88.60	89.36	0.00	41	0	42	0.00	0.00	66.23	8.87	0.00	0.00	2000
219	10.85	2030	2091	1.26	195	0	0	35	3.88	0.00	0.00	3.27	85.62	89.15	0.00	41	0	42	0.00	0.00	65.95	8.84	0.00	0.00	2000
221	11.00	2033	2073	0.45	197	0	0	0	nan	0.00	0.00	4.50	83.58	89.00	0.00	42	0	43	0.00	0.00	66.25	8.80	0.00	0.00	2000
235	11.67	2012	2098	0.00	196	0	0	0	nan	0.00	0.01	4.12	84.30	88.33	0.00	41	0	42	0.00	0.00	66.03	8.89	0.00	0.00	2000
224	10.73	2041	2143	0.00	196	0	0	0	nan	0.00	0.02	2.77	88.43	89.27	0.00	40	0	42	0.00	0.00	66.03	8.63	0.00	0.00	2000
218	11.05	2011	2056	0.00	227	0	0	0	nan	0.00	0.00	2.86	84.38	88.95	0.00	40	0	42	0.00	0.00	63.78	7.58	0.00	0.00	2000
220	10.84	2037	2087	0.00	211	0	0	0	nan	0.00	0.01	2.46	86.31	89.16	0.00	40	0	42	0.00	0.00	64.09	7.64	0.00	0.00	2000
222	11.14	2010	2080	0.00	216	0	0	0	nan	0.00	0.02	4.38	83.77	88.86	0.00	40	0	42	0.00	0.00	64.19	7.56	0.00	0.00	2000
212	10.28	2011	2155	0.00	196	0	0	0	nan	0.01	0.01	2.93	89.30	89.72	0.00	38	0	43	0.00	0.00	63.78	7.56	0.00	0.00	2000
151	8.97	1674	2118	0.00	256	0	0	0	nan	0.01	0.00	4.09	87.81	91.03	0.00	37	0	42	0.00	0.00	61.39	7.47	0.00	0.00	2000
110	8.05	1365	2105	0.00	217	0	0	0	nan	0.00	0.00	10.11	82.31	91.95	0.00	37	0	42	0.00	0.00	61.32	7.36	0.00	0.00	2000
76	7.11	1070	2090	0.00	194	0	0	0	nan	0.00	0.00	3.32	89.11	92.89	0.00	37	0	42	0.00	0.00	58.46	7.41	0.00	0.00	2000
74	6.70	1092	2112	0.00	193	0	0	0	nan	0.00	0.00	2.19	91.63	93.30	0.00	37	0	42	0.00	0.00	60.18	8.14	0.00	0.00	2000
102	7.92	1311	2054	0.00	80	0	0	0	nan	0.02	0.02	7.61	82.34	92.08	0.00	37	0	42	0.00	0.00	56.40	7.01	0.00	0.00	2000
