Avg_MHz	Busy%	Bzy_MHz	TSC_MHz	IPC	IRQ	NMI	SMI	LLCMRPS	LLC%hit	POLL%	C1%	C1E%	C6%	CPU%c1	CPU%c6	CoreTmp	CoreThr	PkgTmp	Pkg%pc2	Pkg%pc6	PkgWatt	RAMWatt	PKG_%	RAM_%	UncMHz
312	15.68	1905	2194	0.00	289	0	0	0	nan	0.00	0.13	29.60	58.51	84.32	0.00	37	0	42	0.00	0.00	69.76	8.19	0.00	0.00	2000
342	15.75	2163	2110	0.00	212	0	0	0	nan	0.02	1.18	17.20	66.55	84.25	0.00	37	0	42	0.00	0.00	67.03	7.55	0.00	0.00	2000
79	6.72	1154	2128	0.00	197	0	0	0	nan	0.00	0.00	8.08	86.45	93.28	0.00	37	0	42	0.00	0.00	59.71	7.83	0.00	0.00	2000
73	6.58	1107	2096	0.00	193	0	0	0	nan	0.00	0.00	3.45	89.85	93.42	0.00	37	0	42	0.00	0.00	56.07	7.17	0.00	0.00	2000
73	6.62	1105	2103	0.00	193	0	0	0	nan	0.00	0.00	2.81	90.67	93.38	0.00	37	0	42	0.00	0.00	57.88	7.36	0.00	0.00	2000
71	6.60	1079	2091	0.00	193	0	0	0	nan	0.00	0.00	3.04	89.96	93.40	0.00	37	0	43	0.00	0.00	57.88	7.50	0.00	0.00	2000
72	6.72	1077	2101	0.00	192	0	0	0	nan	0.00	0.00	2.51	90.89	93.28	0.00	37	0	42	0.00	0.00	61.88	8.03	0.00	0.00	2000
73	6.61	1111	2098	0.00	195	0	0	0	nan	0.00	0.00	2.99	90.31	93.39	0.00	37	0	42	0.00	0.00	56.60	7.21	0.00	0.00	2000
73	6.50	1132	2073	0.00	194	0	0	0	nan	0.00	0.00	2.70	89.62	93.50	0.00	37	0	42	0.00	0.00	54.63	7.01	0.00	0.00	2000
72	6.44	1111	2123	0.00	196	0	0	0	nan	0.00	0.06	2.64	91.87	93.56	0.00	37	0	42	0.00	0.00	62.64	7.88	0.00	0.00	2000
73	6.39	1146	2094	0.00	210	0	0	0	nan	0.00	0.02	3.17	90.02	93.61	0.00	37	0	42	0.00	0.00	55.84	7.12	0.00	0.00	2000
71	6.77	1060	2085	0.00	195	0	0	0	nan	0.03	0.00	3.50	89.07	93.23	0.00	37	0	43	0.00	0.00	59.26	7.52	0.00	0.00	2000
73	6.97	1042	2126	0.00	193	0	0	0	nan	0.00	0.03	4.15	90.06	93.03	0.00	37	0	43	0.00	0.00	58.79	7.43	0.00	0.00	2000
72	6.52	1101	2107	0.00	193	0	0	0	nan	0.00	0.00	3.72	90.15	93.48	0.00	37	0	43	0.00	0.00	58.33	7.50	0.00	0.00	2000
72	6.87	1059	2089	0.00	193	0	0	0	nan	0.00	0.00	3.35	89.45	93.13	0.00	37	0	42	0.00	0.00	57.31	7.42	0.00	0.00	2000
72	6.76	1057	2103	0.00	193	0	0	1	87.64	0.00	0.00	4.15	89.47	93.24	0.00	37	0	42	0.00	0.00	57.79	7.42	0.00	0.00	2000
73	6.45	1132	2088	0.24	194	0	0	1	89.91	0.00	0.00	3.30	89.71	93.55	0.00	37	0	42	0.00	0.00	55.11	7.21	0.00	0.00	2000
70	6.83	1026	2083	0.00	193	0	0	0	nan	0.00	0.00	3.72	88.77	93.17	0.00	37	0	42	0.00	0.00	58.25	7.51	0.00	0.00	2000
178	9.86	1818	2081	0.00	206	0	0	0	nan	0.00	0.68	5.35	83.45	90.14	0.00	37	0	42	0.00	0.00	61.50	7.55	0.00	0.00	2000
230	10.63	2113	2155	0.00	215	0	0	0	nan	0.00	0.53	5.26	85.95	89.37	0.00	37	0	42	0.00	0.00	68.66	7.92	0.00	0.00	2000
231	11.42	2025	2094	0.00	203	0	0	0	nan	0.01	2.04	4.27	82.16	88.58	0.00	38	0	42	0.00	0.00	63.44	7.38	0.00	0.00	2000
231	11.05	2079	2108	0.00	199	0	0	0	nan	0.00	0.99	5.49	82.92	88.95	0.00	38	0	42	0.00	0.00	65.60	7.60	0.00	0.00	2000
226	10.83	2096	2094	0.00	197	0	0	0	nan	0.00	0.00	7.64	81.38	89.17	0.00	38	0	43	0.00	0.00	59.26	7.01	0.00	0.00	2000
230	10.97	2100	2099	0.00	198	0	0	0	nan	0.00	0.02	5.56	83.52	89.03	0.00	38	0	42	0.00	0.00	70.10	8.33	0.00	0.00	2000
231	11.44	2048	2071	0.00	198	0	0	0	nan	0.00	0.00	4.85	82.57	88.56	0.00	38	0	42	0.00	0.00	60.27	7.13	0.00	0.00	2000
231	10.94	2073	2144	0.00	235	0	0	0	nan	0.00	0.00	6.31	84.70	89.06	0.00	37	0	42	0.00	0.00	72.70	8.55	0.00	0.00	2000
232	11.10	2097	2090	0.00	200	0	0	0	nan	0.00	0.00	6.52	82.08	88.90	0.00	38	0	42	0.00	0.00	66.78	7.97	0.00	0.00	2000
232	11.30	2039	2110	0.00	199	0	0	0	nan	0.00	0.00	5.99	83.17	88.70	0.00	38	0	42	0.00	0.00	64.72	7.58	0.00	0.00	2000
230	10.93	2109	2097	0.00	198	0	0	0	nan	0.00	0.01	6.14	82.86	89.07	0.00	38	0	42	0.00	0.00	65.89	7.52	0.00	0.00	2000
230	11.11	2097	2070	0.00	183	0	0	0	nan	0.00	0.00	5.37	82.36	88.89	0.00	38	0	42	0.00	0.00	59.83	6.87	0.00	0.00	2000
233	11.26	2037	2132	0.00	219	0	0	0	nan	0.00	0.51	5.97	83.78	88.74	0.00	38	0	42	0.00	0.00	67.15	7.77	0.00	0.00	2000
228	10.97	2086	2093	0.00	199	0	0	0	nan	0.00	0.00	5.53	83.22	89.03	0.00	38	0	42	0.00	0.00	66.14	7.56	0.00	0.00	2000
229	11.31	2030	2097	0.07	198	0	0	6	82.02	0.00	0.00	5.07	83.55	88.69	0.00	38	0	42	0.00	0.00	65.10	7.51	0.00	0.00	2000
228	11.07	2075	2081	0.58	200	0	0	12	85.98	0.01	0.03	2.93	85.28	88.93	0.00	38	0	42	0.00	0.00	63.19	7.36	0.00	0.00	2000
239	11.39	2068	2129	0.00	199	0	0	0	nan	0.01	0.01	3.20	86.75	88.61	0.00	37	0	42	0.00	0.00	65.49	7.47	0.00	0.00	2000
231	10.89	2141	2079	0.00	203	0	0	0	nan	0.00	0.78	5.04	82.55	89.11	0.00	38	0	42	0.00	0.00	64.78	7.57	0.00	0.00	2000
233	11.04	2097	2109	0.00	197	0	0	0	nan	0.00	0.16	7.03	82.23	88.96	0.00	38	0	42	0.00	0.00	63.49	7.32	0.00	0.00	2000
229	11.05	2083	2092	0.00	199	0	0	0	nan	0.01	0.02	6.07	82.64	88.95	0.00	38	0	42	0.00	0.00	65.35	7.64	0.00	0.00	2000
230	11.23	2031	2122	0.00	214	0	0	0	nan	0.00	0.02	5.74	84.05	88.77	0.00	39	0	42	0.00	0.00	67.65	7.82	0.00	0.00	2000
225	11.24	2041	2061	0.00	203	0	0	0	nan	0.00	0.00	6.24	80.93	88.76	0.00	38	0	42	0.00	0.00	62.67	7.24	0.00	0.00	2000
237	11.01	2119	2130	0.00	215	0	0	0	nan	0.01	0.00	5.39	84.93	88.99	0.00	39	0	43	0.00	0.00	66.14	7.94	0.00	0.00	2000
226	11.08	2082	2058	0.00	200	0	0	0	nan	0.00	0.00	5.16	82.08	88.92	0.00	38	0	42	0.00	0.00	60.39	7.08	0.00	0.00	2000
234	10.95	2096	2137	0.00	198	0	0	0	nan	0.00	0.04	5.22	85.41	89.05	0.00	39	0	42	0.00	0.00	68.50	7.79	0.00	0.00	2000
229	10.71	2142	2100	0.00	198	0	0	0	nan	0.00	0.00	4.15	85.14	89.29	0.00	39	0	43	0.00	0.00	65.84	7.64	0.00	0.00	2000
235	10.96	2151	2097	0.00	204	0	0	0	nan	0.00	0.00	5.19	83.75	89.04	0.00	39	0	42	0.00	0.00	64.71	7.57	0.00	0.00	2000
231	11.34	2090	2045	0.00	205	0	0	0	nan	0.00	0.00	4.26	82.20	88.66	0.00	37	0	42	0.00	0.00	57.55	6.96	0.00	0.00	2000
237	10.81	2117	2178	0.00	262	0	0	0	nan	0.00	0.00	5.01	87.53	89.19	0.00	38	0	42	0.00	0.00	73.04	8.52	0.00	0.00	2000
233	10.96	2127	2097	0.00	183	0	0	0	nan	0.00	0.05	3.54	85.43	89.04	0.00	38	0	42	0.00	0.00	66.33	7.84	0.00	0.00	2000
229	11.06	2082	2085	0.00	204	0	0	0	nan	0.00	0.02	3.49	84.91	88.94	0.00	38	0	42	0.00	0.00	64.35	7.52	0.00	0.00	2000
235	11.02	2102	2133	0.53	201	0	0	10	79.74	0.00	0.56	6.76	83.07	88.98	0.00	38	0	42	0.00	0.00	65.82	7.86	0.00	0.00	2000
227	10.82	2131	2067	0.51	199	0	0	3	87.56	0.00	0.00	6.45	81.46	89.18	0.00	38	0	42	0.00	0.00	65.34	7.54	0.00	0.00	2000
238	11.11	2108	2131	0.00	198	0	0	0	nan	0.00	0.02	4.55	85.74	88.89	0.00	38	0	43	0.00	0.00	66.33	7.90	0.00	0.00	2000
233	10.77	2162	2098	0.00	199	0	0	0	nan	0.00	0.00	5.39	83.77	89.23	0.00	38	0	42	0.00	0.00	60.81	7.13	0.00	0.00	2000
231	10.90	2129	2092	0.00	204	0	0	0	nan	0.00	0.01	5.96	82.83	89.10	0.00	39	0	42	0.00	0.00	65.11	7.64	0.00	0.00	2000
231	10.93	2117	2094	0.00	197	0	0	0	nan	0.00	0.02	6.44	82.42	89.07	0.00	39	0	43	0.00	0.00	65.35	7.77	0.00	0.00	2000
229	11.06	2067	2107	0.00	199	0	0	0	nan	0.00	0.00	6.17	83.22	88.94	0.00	38	0	43	0.00	0.00	64.02	7.56	0.00	0.00	2000
232	11.02	2097	2105	0.00	199	0	0	0	nan	0.00	0.00	5.91	83.40	88.98	0.00	39	0	43	0.00	0.00	65.46	7.63	0.00	0.00	2000
227	10.94	2088	2088	0.00	182	0	0	0	nan	0.00	0.00	5.34	83.35	89.06	0.00	38	0	43	0.00	0.00	65.69	7.77	0.00	0.00	2000
231	10.97	2109	2093	0.00	203	0	0	0	nan	0.00	0.00	5.80	82.99	89.03	0.00	39	0	43	0.00	0.00	65.44	7.79	0.00	0.00	2000
231	11.07	2076	2110	0.00	198	0	0	0	nan	0.01	0.03	5.27	84.16	88.93	0.00	39	0	42	0.00	0.00	66.26	7.84	0.00	0.00	2000
228	10.94	2103	2079	0.00	199	0	0	0	nan	0.00	0.01	4.22	84.00	89.06	0.00	39	0	43	0.00	0.00	61.51	7.38	0.00	0.00	2000
232	11.14	2063	2121	0.00	198	0	0	0	nan	0.00	0.06	2.59	87.23	88.86	0.00	39	0	43	0.00	0.00	65.67	7.92	0.00	0.00	2000
234	11.03	2114	2112	0.00	199	0	0	0	nan	0.00	0.03	2.66	86.79	88.97	0.00	39	0	42	0.00	0.00	63.66	7.62	0.00	0.00	2000
231	10.85	2127	2099	0.00	198	0	0	0	nan	0.00	0.00	5.11	84.08	89.15	0.00	38	0	42	0.00	0.00	67.05	8.04	0.00	0.00	2000
232	10.88	2142	2093	0.00	203	0	0	0	nan	0.00	0.00	6.13	82.74	89.12	0.00	39	0	42	0.00	0.00	64.90	7.60	0.00	0.00	2000
225	10.74	2122	2073	0.00	182	0	0	0	nan	0.00	0.00	5.81	82.41	89.26	0.00	39	0	42	0.00	0.00	65.20	7.57	0.00	0.00	2000
234	11.22	2058	2126	0.04	215	0	0	5	78.89	0.00	0.00	4.95	85.07	88.78	0.00	39	0	43	0.00	0.00	64.20	7.56	0.00	0.00	2000
232	11.03	2086	2113	0.91	182	0	0	7	84.21	0.01	0.00	5.18	84.47	88.97	0.00	39	0	43	0.00	0.00	66.72	7.92	0.00	0.00	2000
230	11.03	2116	2073	0.00	198	0	0	0	nan	0.00	0.00	4.64	83.19	88.97	0.00	39	0	42	0.00	0.00	63.86	7.71	0.00	0.00	2000
233	11.24	2059	2113	0.00	220	0	0	0	nan	0.01	0.00	5.57	83.89	88.76	0.00	39	0	42	0.00	0.00	64.53	7.56	0.00	0.00	2000
231	11.08	2082	2101	0.00	202	0	0	0	nan	0.00	0.00	6.84	82.20	88.92	0.00	39	0	43	0.00	0.00	63.90	7.64	0.00	0.00	2000
230	10.97	2091	2107	0.00	182	0	0	0	nan	0.00	0.00	5.34	84.16	89.03	0.00	39	0	42	0.00	0.00	66.72	7.94	0.00	0.00	2000
232	10.88	2125	2103	0.00	199	0	0	0	nan	0.00	0.02	5.50	83.82	89.12	0.00	38	0	42	0.00	0.00	66.67	8.14	0.00	0.00	2000
227	10.93	2096	2085	0.00	199	0	0	0	nan	0.00	0.00	5.08	83.40	89.07	0.00	39	0	43	0.00	0.00	60.07	7.30	0.00	0.00	2000
233	11.41	2034	2108	0.00	199	0	0	0	nan	0.00	0.00	6.02	83.01	88.59	0.00	38	0	42	0.00	0.00	64.77	7.60	0.00	0.00	2000
237	11.76	2012	2099	0.00	202	0	0	0	nan	0.00	0.04	6.38	81.90	88.24	0.00	38	0	43	0.00	0.00	64.98	7.60	0.00	0.00	2000
231	11.10	2086	2094	0.00	198	0	0	0	nan	0.00	0.03	2.79	85.97	88.90	0.00	39	0	42	0.00	0.00	65.02	7.71	0.00	0.00	2000
231	11.27	2043	2106	0.00	199	0	0	0	nan	0.00	0.00	5.34	83.68	88.73	0.00	39	0	42	0.00	0.00	65.05	7.60	0.00	0.00	2000
231	11.02	2097	2101	0.00	197	0	0	0	nan	0.01	0.52	5.60	83.07	88.98	0.00	39	0	42	0.00	0.00	65.57	7.73	0.00	0.00	2000
230	11.04	2083	2100	0.00	181	0	0	0	nan	0.00	0.00	5.61	83.48	88.96	0.00	39	0	42	0.00	0.00	66.66	7.94	0.00	0.00	2000
235	11.31	2076	2105	0.00	206	0	0	0	nan	0.00	0.00	6.61	82.40	88.69	0.00	39	0	42	0.00	0.00	66.03	7.87	0.00	0.00	2000
231	10.75	2145	2102	0.00	199	0	0	0	nan	0.00	0.00	6.71	82.65	89.25	0.00	39	0	42	0.00	0.00	61.22	7.26	0.00	0.00	2000
227	10.91	2095	2084	0.00	198	0	0	0	nan	0.00	0.02	6.29	82.23	89.09	0.00	39	0	42	0.00	0.00	65.35	7.61	0.00	0.00	2000
229	11.21	2040	2106	0.00	198	0	0	0	88.54	0.00	0.00	6.03	83.17	88.79	0.00	39	0	43	0.00	0.00	65.03	7.81	0.00	0.00	2000
231	11.22	2055	2104	0.99	198	0	0	10	80.91	0.00	0.00	5.93	83.16	88.78	0.00	39	0	42	0.00	0.00	64.85	7.76	0.00	0.00	2000
232	11.21	2079	2095	0.04	199	0	0	0	nan	0.00	0.00	6.30	82.39	88.79	0.00	39	0	42	0.00	0.00	65.25	7.68	0.00	0.00	2000
231	11.02	2093	2099	0.00	203	0	0	0	nan	0.00	0.00	6.39	82.63	88.98	0.00	39	0	42	0.00	0.00	64.89	7.81	0.00	0.00	2000
229	10.93	2096	2103	0.00	198	0	0	0	nan	0.00	0.00	5.49	83.78	89.07	0.00	39	0	42	0.00	0.00	65.51	7.77	0.00	0.00	2000
229	11.08	2077	2092	0.00	198	0	0	0	nan	0.00	0.00	4.17	84.53	88.92	0.00	39	0	42	0.00	0.00	64.15	7.58	0.00	0.00	2000
230	11.01	2083	2106	0.00	198	0	0	0	nan	0.00	0.03	5.53	83.79	88.99	0.00	39	0	42	0.00	0.00	64.95	7.85	0.00	0.00	2000
229	11.32	2028	2094	0.00	202	0	0	0	nan	0.00	0.04	5.00	83.55	88.68	0.00	39	0	42	0.00	0.00	63.98	7.70	0.00	0.00	2000
232	11.10	2093	2101	0.00	204	0	0	0	nan	0.00	0.62	3.42	85.03	88.90	0.00	39	0	43	0.00	0.00	65.80	7.89	0.00	0.00	2000
230	11.03	2087	2099	0.00	198	0	0	0	nan	0.00	0.00	6.04	83.03	88.97	0.00	39	0	43	0.00	0.00	64.84	7.75	0.00	0.00	2000
227	10.97	2088	2081	0.00	181	0	0	0	nan	0.00	0.02	6.17	82.19	89.03	0.00	39	0	42	0.00	0.00	65.19	7.88	0.00	0.00	2000
234	11.07	2083	2127	0.00	199	0	0	0	nan	0.00	0.02	5.81	84.41	88.93	0.00	39	0	42	0.00	0.00	62.53	7.69	0.00	0.00	2000
230	10.99	2091	2104	0.00	198	0	0	0	nan	0.00	0.02	4.89	84.37	89.01	0.00	39	0	42	0.00	0.00	64.17	7.49	0.00	0.00	2000
232	11.52	2015	2102	0.00	203	0	0	0	nan	0.00	0.00	5.18	83.55	88.48	0.00	39	0	42	0.00	0.00	64.94	7.88	0.00	0.00	2000
230	10.87	2119	2102	0.00	198	0	0	0	nan	0.00	0.02	6.10	83.18	89.13	0.00	39	0	43	0.00	0.00	66.38	8.02	0.00	0.00	2000
229	11.06	2086	2087	0.00	199	0	0	0	nan	0.00	0.00	6.26	82.21	88.94	0.00	39	0	43	0.00	0.00	64.91	7.78	0.00	0.00	2000
231	10.97	2102	2108	0.00	198	0	0	0	nan	0.00	0.00	5.80	83.67	89.03	0.00	39	0	42	0.00	0.00	65.19	7.70	0.00	0.00	2000
230	10.82	2129	2095	0.00	183	0	0	0	nan	0.00	0.02	4.88	84.18	89.18	0.00	39	0	42	0.00	0.00	62.70	7.33	0.00	0.00	2000
230	11.18	2049	2111	0.65	199	0	0	10	80.63	0.00	0.00	4.08	85.34	88.82	0.00	39	0	43	0.00	0.00	64.02	7.95	0.00	0.00	2000
234	11.56	2027	2099	0.42	203	0	0	0	96.47	0.00	0.00	5.40	83.10	88.44	0.00	39	0	43	0.00	0.00	64.91	7.76	0.00	0.00	2000
228	11.06	2069	2089	0.00	198	0	0	0	nan	0.00	0.00	5.31	83.27	88.94	0.00	39	0	43	0.00	0.00	65.52	7.63	0.00	0.00	2000
232	11.06	2090	2111	0.00	199	0	0	0	nan	0.00	0.04	2.81	86.62	88.94	0.00	39	0	43	0.00	0.00	66.15	7.86	0.00	0.00	2000
229	11.08	2067	2096	0.00	198	0	0	0	nan	0.00	0.55	3.11	85.26	88.92	0.00	39	0	43	0.00	0.00	65.21	7.73	0.00	0.00	2000
230	10.88	2114	2102	0.00	199	0	0	0	nan	0.00	0.52	5.33	83.45	89.12	0.00	39	0	43	0.00	0.00	65.24	7.70	0.00	0.00	2000
229	10.77	2142	2089	0.00	182	0	0	0	nan	0.00	0.00	5.16	83.64	89.23	0.00	39	0	43	0.00	0.00	61.20	7.01	0.00	0.00	2000
231	11.05	2087	2106	0.00	202	0	0	0	nan	0.00	1.49	5.52	82.34	88.95	0.00	39	0	42	0.00	0.00	64.51	7.61	0.00	0.00	2000
226	10.75	2122	2076	0.00	198	0	0	0	nan	0.00	0.00	5.72	82.63	89.25	0.00	39	0	42	0.00	0.00	65.71	7.78	0.00	0.00	2000
235	11.27	2067	2121	0.00	207	0	0	0	nan	0.00	0.02	5.21	84.52	88.73	0.00	39	0	43	0.00	0.00	64.85	7.81	0.00	0.00	2000
229	11.02	2101	2075	0.00	211	0	0	0	nan	0.00	0.00	7.52	80.56	88.98	0.00	39	0	42	0.00	0.00	65.47	7.66	0.00	0.00	2000
233	11.14	2083	2108	0.00	198	0	0	0	nan	0.00	0.00	4.65	84.52	88.86	0.00	39	0	43	0.00	0.00	63.12	7.53	0.00	0.00	2000
236	11.20	2089	2117	0.00	203	0	0	0	nan	0.00	0.02	4.82	84.77	88.80	0.00	39	0	42	0.00	0.00	64.74	7.48	0.00	0.00	2000
230	10.97	2107	2093	0.00	199	0	0	0	nan	0.00	0.01	6.22	82.61	89.03	0.00	39	0	43	0.00	0.00	66.02	7.72	0.00	0.00	2000
235	11.07	2099	2122	0.00	199	0	0	0	nan	0.00	0.03	4.61	85.28	88.93	0.00	38	0	43	0.00	0.00	66.63	8.10	0.00	0.00	2000
230	11.11	2078	2095	0.00	198	0	0	0	nan	0.00	0.02	4.91	83.85	88.89	0.00	39	0	42	0.00	0.00	65.86	7.63	0.00	0.00	2000
224	10.94	2073	2069	0.00	198	0	0	0	nan	0.00	0.00	4.60	83.25	89.06	0.00	39	0	42	0.00	0.00	59.13	7.21	0.00	0.00	2000
236	11.32	2069	2118	0.16	203	0	0	6	80.95	0.00	0.03	6.10	83.42	88.68	0.00	39	0	43	0.00	0.00	71.59	8.23	0.00	0.00	2000
229	10.94	2102	2096	0.76	199	0	0	5	84.79	0.00	0.03	4.68	84.23	89.06	0.00	39	0	43	0.00	0.00	59.89	7.11	0.00	0.00	2000
226	11.06	2073	2073	0.00	198	0	0	0	nan	0.00	0.00	5.51	82.38	88.94	0.00	39	0	43	0.00	0.00	64.79	8.07	0.00	0.00	2000
229	10.86	2090	2115	0.00	198	0	0	0	nan	0.00	0.00	5.80	83.96	89.14	0.00	39	0	42	0.00	0.00	69.65	8.87	0.00	0.00	2000
235	11.00	2100	2134	0.00	197	0	0	0	nan	0.00	0.01	5.19	85.26	89.00	0.00	39	0	43	0.00	0.00	68.52	8.45	0.00	0.00	2000
226	11.02	2087	2067	0.00	204	0	0	0	nan	0.00	0.92	6.54	80.14	88.98	0.00	39	0	42	0.00	0.00	65.14	8.39	0.00	0.00	2000
232	10.88	2109	2121	0.00	198	0	0	0	nan	0.00	0.02	5.70	84.41	89.12	0.00	39	0	43	0.00	0.00	67.61	8.75	0.00	0.00	2000
224	10.94	2069	2082	0.00	196	0	0	0	nan	0.00	0.02	5.25	83.13	89.06	0.00	39	0	42	0.00	0.00	66.05	8.43	0.00	0.00	2000
229	10.90	2108	2097	0.00	198	0	0	0	nan	0.00	0.02	4.55	84.40	89.10	0.00	39	0	43	0.00	0.00	66.55	8.52	0.00	0.00	2000
234	10.94	2103	2134	0.00	199	0	0	0	nan	0.00	0.00	4.65	85.86	89.06	0.00	40	0	43	0.00	0.00	68.02	8.72	0.00	0.00	2000
227	11.13	2080	2061	0.00	199	0	0	0	nan	0.00	0.00	5.61	81.75	88.87	0.00	39	0	42	0.00	0.00	65.11	8.32	0.00	0.00	2000
238	10.98	2139	2124	0.00	206	0	0	0	nan	0.00	0.02	5.04	85.05	89.02	0.00	39	0	42	0.00	0.00	67.63	8.71	0.00	0.00	2000
231	11.04	2077	2115	0.00	198	0	0	0	nan	0.00	0.00	4.70	84.92	88.96	0.00	39	0	43	0.00	0.00	67.29	8.63	0.00	0.00	2000
225	11.15	2047	2067	0.00	201	0	0	0	nan	0.00	0.02	5.64	81.91	88.85	0.00	39	0	43	0.00	0.00	65.37	8.26	0.00	0.00	2000
227	11.01	2077	2083	0.00	199	0	0	0	nan	0.00	0.01	4.44	83.84	88.99	0.00	39	0	42	0.00	0.00	63.41	8.22	0.00	0.00	2000
236	11.10	2070	2155	0.00	219	0	0	0	nan	0.00	0.04	3.28	88.01	88.90	0.00	39	0	42	0.00	0.00	72.35	9.17	0.00	0.00	2000
224	10.88	2091	2068	0.00	198	0	0	0	nan	0.00	0.00	4.42	83.37	89.12	0.00	39	0	43	0.00	0.00	64.57	8.43	0.00	0.00	2000
232	10.99	2096	2114	0.37	198	0	0	30	5.03	0.00	0.01	4.31	85.22	89.01	0.00	39	0	43	0.00	0.00	65.09	8.42	0.00	0.00	2000
224	10.87	2083	2082	1.21	215	0	0	19	8.99	0.00	0.00	5.22	83.25	89.13	0.00	39	0	43	0.00	0.00	68.05	8.86	0.00	0.00	2000
227	11.11	2064	2083	0.00	198	0	0	0	nan	0.00	0.00	4.63	83.59	88.89	0.00	39	0	43	0.00	0.00	63.37	8.15	0.00	0.00	2000
229	10.99	2077	2106	0.00	220	0	0	0	nan	0.00	0.02	5.71	83.64	89.01	0.00	39	0	42	0.00	0.00	63.77	8.45	0.00	0.00	2000
236	11.00	2094	2152	0.00	218	0	0	0	nan	0.00	0.03	6.20	85.04	89.00	0.00	39	0	43	0.00	0.00	74.95	9.04	0.00	0.00	2000
223	10.97	2076	2053	0.00	199	0	0	0	nan	0.00	0.01	4.72	82.47	89.03	0.00	39	0	42	0.00	0.00	62.23	8.08	0.00	0.00	2000
228	11.07	2065	2094	0.00	219	0	0	0	nan	0.00	0.04	4.56	84.17	88.93	0.00	39	0	42	0.00	0.00	66.32	8.43	0.00	0.00	2000
229	11.01	2069	2110	0.00	214	0	0	0	nan	0.00	0.02	6.16	83.33	88.99	0.00	39	0	42	0.00	0.00	67.12	8.60	0.00	0.00	2000
234	11.04	2073	2145	0.00	215	0	0	0	nan	0.00	0.04	4.55	86.40	88.96	0.00	40	0	42	0.00	0.00	71.29	9.22	0.00	0.00	2000
228	10.88	2098	2096	0.00	198	0	0	0	nan	0.00	0.00	5.43	83.63	89.12	0.00	39	0	43	0.00	0.00	66.48	8.53	0.00	0.00	2000
226	10.83	2121	2069	0.00	198	0	0	0	nan	0.00	0.00	5.26	82.61	89.17	0.00	39	0	43	0.00	0.00	62.26	7.84	0.00	0.00	2000
227	10.96	2087	2083	0.00	204	0	0	0	nan	0.00	0.02	4.76	83.66	89.04	0.00	39	0	42	0.00	0.00	66.62	8.38	0.00	0.00	2000
230	10.94	2077	2122	0.00	214	0	0	0	nan	0.00	0.09	2.49	87.57	89.06	0.00	39	0	43	0.00	0.00	67.27	8.68	0.00	0.00	2000
226	10.80	2101	2091	0.00	214	0	0	0	nan	0.00	0.01	4.46	84.41	89.20	0.00	39	0	43	0.00	0.00	68.90	8.86	0.00	0.00	2000
233	11.46	2041	2089	0.00	215	0	0	0	nan	0.00	0.49	7.28	80.44	88.54	0.00	39	0	43	0.00	0.00	63.97	8.44	0.00	0.00	2000
233	11.13	2057	2135	0.00	240	0	0	0	nan	0.00	0.02	4.91	85.53	88.87	0.00	39	0	43	0.00	0.00	68.18	8.72	0.00	0.00	2000
226	10.99	2083	2071	0.00	202	0	0	1	88.46	0.00	0.00	7.92	79.81	89.01	0.00	40	0	43	0.00	0.00	65.18	8.32	0.00	0.00	2000
228	11.00	2078	2093	1.55	199	0	0	47	5.48	0.00	0.00	4.78	84.04	89.00	0.00	39	0	43	0.00	0.00	66.79	8.63	0.00	0.00	2000
234	11.12	2071	2131	0.02	219	0	0	0	nan	0.00	0.02	4.79	85.42	88.88	0.00	39	0	42	0.00	0.00	67.99	8.75	0.00	0.00	2000
223	10.82	2097	2068	0.00	216	0	0	0	nan	0.00	0.00	6.06	81.86	89.18	0.00	39	0	42	0.00	0.00	65.07	8.49	0.00	0.00	2000
227	10.87	2077	2113	0.00	215	0	0	0	nan	0.00	0.03	4.40	85.38	89.13	0.00	40	0	42	0.00	0.00	67.30	8.68	0.00	0.00	2000
230	10.75	2119	2122	0.00	214	0	0	0	nan	0.00	0.00	4.31	85.99	89.25	0.00	39	0	43	0.00	0.00	70.16	9.03	0.00	0.00	2000
227	11.05	2072	2083	0.00	203	0	0	0	nan	0.00	0.01	4.30	84.05	88.95	0.00	40	0	43	0.00	0.00	63.37	8.11	0.00	0.00	2000
233	10.95	2084	2140	0.00	214	0	0	0	nan	0.00	0.00	5.06	85.71	89.05	0.00	39	0	43	0.00	0.00	70.98	9.18	0.00	0.00	2000
235	11.29	2114	2069	0.00	199	0	0	0	nan	0.00	0.02	5.85	81.69	88.71	0.00	39	0	43	0.00	0.00	62.19	7.91	0.00	0.00	2000
232	11.12	2065	2124	0.00	198	0	0	0	nan	0.00	0.00	4.27	85.73	88.88	0.00	39	0	42	0.00	0.00	70.62	8.99	0.00	0.00	2000
225	11.04	2073	2067	0.00	198	0	0	0	nan	0.00	0.55	2.74	84.39	88.96	0.00	40	0	43	0.00	0.00	65.17	8.34	0.00	0.00	2000
235	11.23	2068	2124	0.00	222	0	0	0	nan	0.00	1.94	5.91	82.14	88.77	0.00	40	0	43	0.00	0.00	65.31	8.37	0.00	0.00	2000
223	10.84	2081	2080	0.00	200	0	0	0	nan	0.00	0.00	8.67	79.63	89.16	0.00	39	0	43	0.00	0.00	65.18	8.48	0.00	0.00	2000
232	11.05	2077	2122	0.00	214	0	0	0	nan	0.00	0.02	5.18	84.77	88.95	0.00	39	0	43	0.00	0.00	68.44	8.46	0.00	0.00	2000
227	10.65	2138	2097	0.00	182	0	0	0	nan	0.00	0.00	5.14	84.13	89.35	0.00	39	0	43	0.00	0.00	66.31	7.79	0.00	0.00	2000
232	10.86	2125	2109	0.00	203	0	0	0	nan	0.00	0.01	5.25	84.26	89.14	0.00	39	0	43	0.00	0.00	60.20	7.11	0.00	0.00	2000
229	11.12	2054	2101	0.00	198	0	0	0	nan	0.00	0.02	5.38	83.58	88.88	0.00	39	0	43	0.00	0.00	65.39	7.59	0.00	0.00	2000
226	11.16	2043	2084	0.11	201	0	0	4	47.13	0.00	0.00	6.90	81.37	88.84	0.00	39	0	42	0.00	0.00	64.95	7.67	0.00	0.00	2000
225	10.96	2083	2071	0.70	198	0	0	5	54.05	0.00	0.01	4.55	83.38	89.04	0.00	39	0	43	0.00	0.00	63.99	7.71	0.00	0.00	2000
235	11.33	2041	2138	0.00	230	0	0	0	nan	0.00	0.00	4.80	85.62	88.67	0.00	39	0	43	0.00	0.00	64.04	7.44	0.00	0.00	2000
225	10.93	2083	2073	0.00	206	0	0	0	nan	0.00	0.00	7.50	80.52	89.07	0.00	39	0	43	0.00	0.00	65.24	7.83	0.00	0.00	2000
238	11.45	2090	2085	0.00	200	0	0	0	nan	0.00	0.02	6.44	81.53	88.55	0.00	38	0	43	0.00	0.00	62.78	7.47	0.00	0.00	2000
151	8.42	1759	2138	0.00	215	0	0	0	nan	0.00	0.00	7.10	85.99	91.58	0.00	38	0	43	0.00	0.00	66.06	8.11	0.00	0.00	2000
108	7.73	1402	2094	0.00	215	0	0	0	nan	0.00	0.00	9.13	82.94	92.27	0.00	38	0	43	0.00	0.00	58.94	7.54	0.00	0.00	2000
76	6.84	1106	2119	0.00	193	0	0	0	nan	0.00	0.00	3.56	90.42	93.16	0.00	37	0	43	0.00	0.00	58.96	7.55	0.00	0.00	2000
131	9.12	1435	2102	0.00	49	0	0	0	nan	0.00	0.03	11.93	79.23	90.88	0.00	37	0	42	0.00	0.00	67.85	8.32	0.00	0.00	2000
