Avg_MHz	Busy%	Bzy_MHz	TSC_MHz	IPC	IRQ	NMI	SMI	LLCMRPS	LLC%hit	POLL%	C1%	C1E%	C6%	CPU%c1	CPU%c6	CoreTmp	CoreThr	PkgTmp	Pkg%pc2	Pkg%pc6	PkgWatt	RAMWatt	PKG_%	RAM_%	UncMHz
387	18.98	1997	2141	0.00	229	0	0	0	nan	0.00	0.55	31.63	50.60	81.02	0.00	37	0	43	0.00	0.00	70.82	8.43	0.00	0.00	2000
373	18.33	2026	2106	0.00	236	0	0	0	nan	0.05	2.56	28.39	51.20	81.67	0.00	37	0	42	0.00	0.00	64.87	7.53	0.00	0.00	2000
76	6.71	1141	2079	0.00	194	0	0	0	nan	0.00	0.00	5.23	87.27	93.29	0.00	37	0	43	0.00	0.00	56.09	7.18	0.00	0.00	2000
73	7.05	1015	2137	0.00	194	0	0	0	nan	0.00	0.01	1.95	92.82	92.95	0.00	37	0	43	0.00	0.00	63.03	8.28	0.00	0.00	2000
74	6.91	1075	2100	0.00	193	0	0	0	nan	0.00	0.00	3.34	89.87	93.09	0.00	37	0	43	0.00	0.00	57.41	7.43	0.00	0.00	2000
73	6.80	1077	2096	0.00	198	0	0	0	nan	0.00	0.00	3.50	89.64	93.20	0.00	37	0	42	0.00	0.00	56.24	7.30	0.00	0.00	2000
73	6.87	1068	2080	0.00	194	0	0	0	nan	0.00	0.00	3.05	89.39	93.13	0.00	37	0	43	0.00	0.00	56.95	7.26	0.00	0.00	2000
72	6.70	1071	2122	0.00	211	0	0	0	nan	0.00	0.00	2.17	92.17	93.30	0.00	37	0	42	0.00	0.00	60.03	7.74	0.00	0.00	2000
73	6.60	1112	2080	0.00	177	0	0	0	nan	0.00	0.00	2.67	89.75	93.40	0.00	37	0	42	0.00	0.00	58.18	7.41	0.00	0.00	2000
72	6.64	1076	2111	0.00	195	0	0	0	nan	0.00	0.00	3.49	90.43	93.36	0.00	37	0	43	0.00	0.00	58.10	7.46	0.00	0.00	2000
73	6.72	1082	2098	0.00	195	0	0	0	nan	0.00	0.00	2.82	90.48	93.28	0.00	37	0	43	0.00	0.00	57.57	7.41	0.00	0.00	2000
71	6.85	1043	2087	0.00	195	0	0	0	nan	0.00	0.02	3.07	89.62	93.15	0.00	37	0	43	0.00	0.00	56.96	7.26	0.00	0.00	2000
72	7.06	1020	2097	0.00	209	0	0	0	nan	0.00	0.03	4.04	88.85	92.94	0.00	37	0	43	0.00	0.00	56.40	7.28	0.00	0.00	2000
73	6.80	1059	2132	0.00	192	0	0	0	nan	0.00	0.02	1.66	93.07	93.20	0.00	37	0	42	0.00	0.00	60.55	7.58	0.00	0.00	2000
71	6.76	1071	2069	0.00	194	0	0	0	nan	0.00	0.00	2.55	89.43	93.24	0.00	37	0	43	0.00	0.00	58.04	7.79	0.00	0.00	2000
73	6.92	1036	2129	0.00	212	0	0	1	87.03	0.00	0.00	3.94	90.46	93.08	0.00	37	0	42	0.00	0.00	57.36	7.45	0.00	0.00	2000
73	6.95	1053	2094	0.29	194	0	0	2	87.86	0.00	0.00	3.52	89.45	93.05	0.00	37	0	42	0.00	0.00	57.38	7.49	0.00	0.00	2000
72	6.64	1092	2098	0.00	193	0	0	0	nan	0.00	0.00	4.13	89.08	93.36	0.00	37	0	43	0.00	0.00	58.07	7.50	0.00	0.00	2000
212	10.74	1996	2076	0.00	204	0	0	0	nan	0.03	0.78	7.22	80.34	89.26	0.00	39	0	43	0.00	0.00	60.54	7.06	0.00	0.00	2000
230	10.98	2091	2105	0.00	203	0	0	0	nan	0.00	0.04	4.51	84.72	89.02	0.00	39	0	43	0.00	0.00	64.76	7.55	0.00	0.00	2000
235	11.15	2087	2124	0.00	214	0	0	0	nan	0.00	1.00	6.61	82.31	88.85	0.00	40	0	43	0.00	0.00	69.69	7.91	0.00	0.00	2000
229	10.92	2101	2100	0.00	195	0	0	0	nan	0.00	0.00	5.95	83.26	89.08	0.00	40	0	42	0.00	0.00	64.39	7.47	0.00	0.00	2000
235	11.42	2062	2093	0.00	197	0	0	0	nan	0.00	0.00	6.01	82.30	88.58	0.00	37	0	43	0.00	0.00	63.62	7.54	0.00	0.00	2000
235	11.34	2058	2113	0.00	199	0	0	0	nan	0.00	0.00	7.02	82.31	88.66	0.00	37	0	42	0.00	0.00	66.94	8.05	0.00	0.00	2000
235	10.88	2161	2094	0.00	202	0	0	0	nan	0.00	0.00	6.06	82.89	89.12	0.00	37	0	42	0.00	0.00	67.29	7.70	0.00	0.00	2000
231	11.06	2088	2101	0.00	200	0	0	0	nan	0.00	0.00	7.88	81.18	88.94	0.00	37	0	42	0.00	0.00	66.27	7.78	0.00	0.00	2000
230	11.16	2069	2097	0.00	198	0	0	0	nan	0.00	0.02	5.57	83.20	88.84	0.00	38	0	43	0.00	0.00	65.26	7.67	0.00	0.00	2000
227	11.12	2071	2066	0.00	199	0	0	0	nan	0.00	0.00	5.99	81.56	88.88	0.00	38	0	42	0.00	0.00	62.96	7.36	0.00	0.00	2000
234	11.23	2057	2128	0.00	198	0	0	0	nan	0.00	0.03	3.56	86.52	88.77	0.00	38	0	42	0.00	0.00	64.54	7.56	0.00	0.00	2000
228	10.89	2107	2087	0.00	200	0	0	0	nan	0.00	0.04	3.22	85.43	89.11	0.00	39	0	43	0.00	0.00	65.58	7.75	0.00	0.00	2000
233	11.28	2040	2123	0.00	195	0	0	0	nan	0.00	0.52	3.81	85.47	88.72	0.00	39	0	42	0.00	0.00	64.83	7.52	0.00	0.00	2000
229	11.06	2083	2085	0.00	198	0	0	0	nan	0.00	0.02	6.86	81.57	88.94	0.00	39	0	43	0.00	0.00	65.38	7.60	0.00	0.00	2000
233	11.20	2067	2113	0.00	200	0	0	1	87.61	0.00	0.00	6.14	83.21	88.80	0.00	39	0	42	0.00	0.00	64.17	7.35	0.00	0.00	2000
229	11.08	2075	2092	0.57	200	0	0	17	46.03	0.01	0.00	4.82	83.87	88.92	0.00	38	0	42	0.00	0.00	65.91	7.71	0.00	0.00	2000
231	11.80	2001	2057	0.02	200	0	0	0	nan	0.00	0.00	4.66	81.85	88.20	0.00	38	0	42	0.00	0.00	62.18	7.20	0.00	0.00	2000
224	11.08	2040	2084	0.00	217	0	0	0	nan	0.00	0.03	6.42	81.92	88.92	0.00	37	0	42	0.00	0.00	62.54	7.27	0.00	0.00	2000
234	10.70	2116	2169	0.00	229	0	0	0	nan	0.00	0.00	6.43	85.92	89.30	0.00	37	0	43	0.00	0.00	71.88	8.46	0.00	0.00	2000
237	11.33	2091	2098	0.00	197	0	0	0	nan	0.00	0.02	4.89	83.70	88.67	0.00	38	0	43	0.00	0.00	65.94	7.95	0.00	0.00	2000
233	11.33	2059	2101	0.00	204	0	0	0	nan	0.00	0.02	5.27	83.47	88.67	0.00	38	0	42	0.00	0.00	65.57	7.92	0.00	0.00	2000
232	10.93	2125	2100	0.00	197	0	0	0	nan	0.00	0.02	5.77	83.34	89.07	0.00	38	0	43	0.00	0.00	66.45	7.87	0.00	0.00	2000
233	11.05	2105	2105	0.00	197	0	0	0	nan	0.00	0.00	6.14	83.12	88.95	0.00	38	0	42	0.00	0.00	64.58	7.71	0.00	0.00	2000
231	11.15	2070	2099	0.00	196	0	0	0	nan	0.00	1.07	4.13	83.67	88.85	0.00	39	0	43	0.00	0.00	64.77	7.73	0.00	0.00	2000
233	11.27	2062	2107	0.00	198	0	0	0	nan	0.00	0.48	5.74	82.87	88.73	0.00	38	0	42	0.00	0.00	64.89	7.92	0.00	0.00	2000
232	11.16	2083	2098	0.00	201	0	0	0	nan	0.00	0.07	3.93	84.94	88.84	0.00	38	0	42	0.00	0.00	65.87	7.81	0.00	0.00	2000
233	10.75	2163	2100	0.00	199	0	0	0	nan	0.01	0.00	8.36	80.92	89.25	0.00	38	0	43	0.00	0.00	65.14	7.76	0.00	0.00	2000
231	10.82	2138	2099	0.00	202	0	0	0	nan	0.00	0.02	9.15	79.97	89.18	0.00	38	0	43	0.00	0.00	65.49	7.84	0.00	0.00	2000
230	11.35	2033	2097	0.00	198	0	0	0	nan	0.00	0.00	5.76	82.92	88.65	0.00	38	0	43	0.00	0.00	64.16	7.80	0.00	0.00	2000
230	11.22	2049	2101	0.00	197	0	0	0	nan	0.00	0.02	5.82	83.05	88.78	0.00	39	0	43	0.00	0.00	65.41	7.81	0.00	0.00	2000
232	11.22	2080	2091	0.00	199	0	0	0	nan	0.00	0.00	7.44	81.08	88.78	0.00	38	0	42	0.00	0.00	65.08	7.77	0.00	0.00	2000
233	10.90	2127	2114	0.00	205	0	0	1	80.98	0.00	0.00	6.00	83.76	89.10	0.00	38	0	43	0.00	0.00	64.27	7.31	0.00	0.00	2000
227	11.05	2101	2056	0.85	183	0	0	4	58.51	0.00	0.02	4.96	82.23	88.95	0.00	38	0	42	0.00	0.00	60.44	7.73	0.00	0.00	2000
234	11.03	2077	2144	0.00	210	0	0	0	nan	0.00	0.03	3.22	87.69	88.97	0.00	38	0	42	0.00	0.00	71.26	9.52	0.00	0.00	2000
228	11.02	2101	2068	0.00	199	0	0	0	nan	0.00	0.05	3.84	83.74	88.98	0.00	38	0	43	0.00	0.00	63.72	8.48	0.00	0.00	2000
228	10.79	2101	2115	0.00	231	0	0	0	nan	0.00	0.28	6.36	83.32	89.21	0.00	39	0	43	0.00	0.00	69.59	9.28	0.00	0.00	2000
229	11.23	2051	2089	0.00	197	0	0	0	nan	0.00	0.00	5.40	82.95	88.77	0.00	38	0	42	0.00	0.00	64.37	8.59	0.00	0.00	2000
230	11.15	2029	2132	0.00	213	0	0	0	nan	0.00	0.48	5.53	84.37	88.85	0.00	39	0	43	0.00	0.00	69.83	9.07	0.00	0.00	2000
225	11.04	2082	2060	0.00	196	0	0	0	nan	0.00	0.00	4.57	82.63	88.96	0.00	38	0	42	0.00	0.00	63.04	8.44	0.00	0.00	2000
231	10.62	2157	2118	0.00	215	0	0	0	nan	0.00	2.58	4.86	82.75	89.38	0.00	39	0	43	0.00	0.00	69.69	9.20	0.00	0.00	2000
231	11.11	2079	2098	0.00	197	0	0	0	nan	0.00	0.48	6.32	81.95	88.89	0.00	39	0	42	0.00	0.00	64.83	8.56	0.00	0.00	2000
227	11.35	2002	2098	0.00	213	0	0	0	nan	0.00	0.00	5.73	82.90	88.65	0.00	39	0	43	0.00	0.00	66.83	8.76	0.00	0.00	2000
232	11.27	2048	2109	0.00	214	0	0	0	nan	0.00	0.00	4.74	84.52	88.73	0.00	39	0	43	0.00	0.00	67.07	8.84	0.00	0.00	2000
230	10.83	2111	2116	0.00	215	0	0	0	nan	0.00	0.30	6.88	82.69	89.17	0.00	39	0	43	0.00	0.00	70.21	9.24	0.00	0.00	2000
228	10.59	2163	2090	0.00	196	0	0	0	nan	0.00	0.00	7.08	81.88	89.41	0.00	39	0	42	0.00	0.00	66.48	8.85	0.00	0.00	2000
228	10.97	2092	2086	0.00	197	0	0	0	nan	0.00	0.00	4.97	83.62	89.03	0.00	39	0	43	0.00	0.00	64.47	8.51	0.00	0.00	2000
231	11.14	2075	2098	0.00	214	0	0	0	nan	0.00	0.01	2.84	86.01	88.86	0.00	38	0	43	0.00	0.00	66.24	8.58	0.00	0.00	2000
239	10.99	2145	2131	0.00	237	0	0	0	nan	0.00	0.25	8.00	82.16	89.01	0.00	39	0	43	0.00	0.00	68.91	9.11	0.00	0.00	2000
224	11.09	2056	2063	0.96	198	0	0	36	4.43	0.00	0.91	4.73	81.72	88.91	0.00	39	0	43	0.00	0.00	64.92	8.73	0.00	0.00	2000
235	10.78	2139	2141	0.61	211	0	0	0	77.27	0.00	0.57	6.91	83.57	89.22	0.00	39	0	43	0.00	0.00	69.01	8.93	0.00	0.00	2000
231	11.40	2019	2106	0.00	199	0	0	0	nan	0.00	0.00	6.02	82.89	88.60	0.00	39	0	43	0.00	0.00	68.70	9.35	0.00	0.00	2000
233	11.25	2077	2096	0.00	197	0	0	0	nan	0.00	0.00	6.22	82.44	88.75	0.00	39	0	42	0.00	0.00	63.46	7.57	0.00	0.00	2000
230	10.90	2120	2088	0.00	197	0	0	0	nan	0.00	0.00	7.03	81.66	89.10	0.00	38	0	42	0.00	0.00	63.68	7.61	0.00	0.00	2000
174	9.52	1818	2111	0.00	234	0	0	0	nan	0.00	0.00	10.70	80.42	90.48	0.00	38	0	43	0.00	0.00	65.61	8.03	0.00	0.00	2000
91	7.96	1146	2084	0.00	145	0	0	0	nan	0.00	0.03	7.81	83.65	92.04	0.00	38	0	43	0.00	0.00	55.69	7.15	0.00	0.00	2000
