Avg_MHz	Busy%	Bzy_MHz	TSC_MHz	IPC	IRQ	NMI	SMI	LLCMRPS	LLC%hit	POLL%	C1%	C1E%	C6%	CPU%c1	CPU%c6	CoreTmp	CoreThr	PkgTmp	Pkg%pc2	Pkg%pc6	PkgWatt	RAMWatt	PKG_%	RAM_%	UncMHz
371	17.71	2058	2135	0.00	237	0	0	0	nan	0.00	1.69	35.69	46.50	82.29	0.00	37	0	43	0.00	0.00	69.21	7.80	0.00	0.00	2000
283	15.12	1852	2126	0.00	211	0	0	0	nan	0.02	0.74	29.97	55.32	84.88	0.00	37	0	43	0.00	0.00	64.65	7.54	0.00	0.00	2000
77	6.86	1131	2089	0.00	194	0	0	0	nan	0.00	0.02	3.66	89.10	93.14	0.00	37	0	43	0.00	0.00	58.85	7.56	0.00	0.00	2000
73	6.59	1094	2124	0.00	210	0	0	0	nan	0.00	0.00	4.24	90.30	93.41	0.00	37	0	43	0.00	0.00	58.44	7.72	0.00	0.00	2000
73	6.59	1110	2103	0.00	193	0	0	0	nan	0.00	0.00	3.32	90.17	93.41	0.00	37	0	42	0.00	0.00	59.80	7.70	0.00	0.00	2000
72	6.50	1110	2090	0.00	194	0	0	0	nan	0.00	0.00	3.67	89.33	93.50	0.00	37	0	43	0.00	0.00	58.32	7.43	0.00	0.00	2000
73	7.03	1041	2108	0.00	194	0	0	0	nan	0.00	0.00	4.06	89.34	92.97	0.00	37	0	42	0.00	0.00	57.74	7.25	0.00	0.00	2000
73	6.55	1108	2104	0.00	194	0	0	0	nan	0.00	0.02	3.20	90.38	93.45	0.00	37	0	42	0.00	0.00	58.17	7.28	0.00	0.00	2000
73	6.26	1170	2099	0.00	194	0	0	0	nan	0.00	0.00	2.70	91.01	93.74	0.00	37	0	42	0.00	0.00	58.47	7.58	0.00	0.00	2000
72	6.59	1099	2077	0.00	193	0	0	0	nan	0.00	0.01	3.26	89.14	93.41	0.00	37	0	42	0.00	0.00	56.57	7.38	0.00	0.00	2000
75	6.70	1105	2128	0.00	193	0	0	0	nan	0.00	0.00	2.24	92.28	93.30	0.00	37	0	43	0.00	0.00	58.65	7.65	0.00	0.00	2000
72	6.58	1109	2067	0.00	195	0	0	0	nan	0.00	0.00	3.33	88.68	93.42	0.00	37	0	43	0.00	0.00	57.08	7.31	0.00	0.00	2000
74	6.46	1138	2112	0.00	194	0	0	0	nan	0.00	0.02	2.53	91.50	93.54	0.00	37	0	43	0.00	0.00	58.64	7.51	0.00	0.00	2000
73	6.55	1108	2109	0.00	193	0	0	0	nan	0.00	0.02	2.12	91.67	93.45	0.00	37	0	43	0.00	0.00	57.50	7.56	0.00	0.00	2000
75	6.28	1190	2098	0.00	194	0	0	0	nan	0.00	0.00	3.15	90.38	93.72	0.00	37	0	43	0.00	0.00	59.12	7.61	0.00	0.00	2000
71	6.68	1078	2077	0.00	194	0	0	0	92.14	0.00	0.03	2.93	89.40	93.32	0.00	37	0	42	0.00	0.00	56.99	7.44	0.00	0.00	2000
75	7.11	1043	2127	0.29	197	0	0	2	85.29	0.01	0.05	4.13	90.05	92.89	0.00	37	0	43	0.00	0.00	57.38	7.49	0.00	0.00	2000
72	6.61	1091	2105	0.01	210	0	0	0	nan	0.00	0.01	2.53	91.03	93.39	0.00	37	0	42	0.00	0.00	60.67	7.44	0.00	0.00	2000
218	10.42	2094	2098	0.00	213	0	0	0	nan	0.00	0.01	5.00	84.48	89.58	0.00	39	0	43	0.00	0.00	63.66	7.77	0.00	0.00	2000
232	11.10	2080	2107	0.00	212	0	0	0	nan	0.00	0.02	3.96	85.25	88.90	0.00	40	0	43	0.00	0.00	67.28	7.81	0.00	0.00	2000
229	11.15	2055	2099	0.00	203	0	0	0	nan	0.00	0.00	3.24	85.67	88.85	0.00	40	0	42	0.00	0.00	64.77	7.61	0.00	0.00	2000
230	10.97	2098	2099	0.00	202	0	0	0	nan	0.00	0.03	3.28	85.74	89.03	0.00	41	0	42	0.00	0.00	65.31	7.48	0.00	0.00	2000
238	11.17	2132	2099	0.00	197	0	0	0	nan	0.00	0.01	6.70	82.16	88.83	0.00	38	0	43	0.00	0.00	64.40	7.47	0.00	0.00	2000
234	11.37	2074	2084	0.00	199	0	0	0	nan	0.00	0.01	6.40	81.59	88.63	0.00	38	0	42	0.00	0.00	68.18	8.06	0.00	0.00	2000
231	11.08	2080	2107	0.00	202	0	0	0	nan	0.00	0.02	6.67	82.62	88.92	0.00	38	0	43	0.00	0.00	65.33	7.57	0.00	0.00	2000
226	10.98	2083	2075	0.00	196	0	0	0	nan	0.00	0.00	4.77	83.15	89.02	0.00	38	0	42	0.00	0.00	64.69	7.68	0.00	0.00	2000
231	11.28	2077	2068	0.00	198	0	0	0	nan	0.01	0.00	3.89	83.56	88.72	0.00	38	0	43	0.00	0.00	65.00	7.52	0.00	0.00	2000
233	10.96	2064	2165	0.00	215	0	0	0	nan	0.00	0.00	4.78	87.10	89.04	0.00	38	0	42	0.00	0.00	69.32	7.96	0.00	0.00	2000
233	11.02	2122	2089	0.00	198	0	0	0	nan	0.00	0.02	4.73	83.93	88.98	0.00	39	0	42	0.00	0.00	65.85	7.57	0.00	0.00	2000
227	11.41	2037	2055	0.00	200	0	0	0	nan	0.00	0.00	5.18	81.58	88.59	0.00	39	0	43	0.00	0.00	60.99	6.92	0.00	0.00	2000
231	10.55	2133	2158	0.00	213	0	0	0	nan	0.00	0.00	5.17	86.77	89.45	0.00	39	0	43	0.00	0.00	67.94	7.80	0.00	0.00	2000
229	11.06	2065	2102	0.00	197	0	0	0	nan	0.00	0.98	6.05	81.99	88.94	0.00	39	0	42	0.00	0.00	65.22	7.61	0.00	0.00	2000
229	11.30	2030	2095	0.00	198	0	0	2	90.33	0.00	0.00	5.96	82.64	88.70	0.00	40	0	42	0.00	0.00	64.99	7.48	0.00	0.00	2000
240	11.40	2106	2101	0.65	202	0	0	19	79.13	0.01	0.52	4.00	84.19	88.60	0.00	39	0	42	0.00	0.00	65.59	7.46	0.00	0.00	2000
233	10.95	2134	2094	0.00	199	0	0	0	nan	0.00	0.00	5.95	82.87	89.05	0.00	40	0	42	0.00	0.00	62.61	7.15	0.00	0.00	2000
223	10.96	2075	2062	0.00	197	0	0	0	nan	0.00	0.00	6.53	81.02	89.04	0.00	40	0	42	0.00	0.00	63.42	7.42	0.00	0.00	2000
233	11.02	2095	2119	0.00	199	0	0	0	nan	0.00	0.00	5.28	84.60	88.98	0.00	40	0	43	0.00	0.00	69.12	7.98	0.00	0.00	2000
231	11.04	2107	2085	0.00	214	0	0	0	nan	0.01	0.01	4.13	84.19	88.96	0.00	40	0	42	0.00	0.00	62.15	7.25	0.00	0.00	2000
234	10.96	2099	2136	0.00	202	0	0	0	nan	0.00	0.00	6.88	83.68	89.04	0.00	39	0	42	0.00	0.00	69.15	8.01	0.00	0.00	2000
225	11.14	2051	2072	0.00	198	0	0	0	nan	0.00	0.00	5.31	82.41	88.86	0.00	38	0	43	0.00	0.00	64.71	7.53	0.00	0.00	2000
239	11.08	2117	2141	0.00	197	0	0	0	nan	0.00	0.00	3.59	87.11	88.92	0.00	38	0	42	0.00	0.00	67.78	8.22	0.00	0.00	2000
225	10.96	2088	2067	0.00	197	0	0	0	nan	0.00	0.01	4.27	83.36	89.04	0.00	37	0	42	0.00	0.00	64.43	7.46	0.00	0.00	2000
237	11.30	2117	2086	0.00	199	0	0	0	nan	0.00	0.00	3.06	85.07	88.70	0.00	38	0	42	0.00	0.00	64.27	7.48	0.00	0.00	2000
226	10.50	2147	2106	0.00	218	0	0	0	nan	0.00	0.03	4.06	85.65	89.50	0.00	38	0	42	0.00	0.00	64.10	7.52	0.00	0.00	2000
231	10.88	2102	2118	0.00	199	0	0	0	nan	0.00	0.00	4.67	85.25	89.12	0.00	39	0	42	0.00	0.00	68.57	8.04	0.00	0.00	2000
232	11.22	2051	2115	0.00	197	0	0	0	nan	0.00	0.01	4.22	85.30	88.78	0.00	39	0	42	0.00	0.00	66.12	7.67	0.00	0.00	2000
233	10.90	2131	2110	0.00	198	0	0	0	nan	0.00	0.00	5.05	84.58	89.10	0.00	39	0	42	0.00	0.00	63.63	7.40	0.00	0.00	2000
235	11.24	2110	2078	0.00	198	0	0	0	nan	0.00	0.00	6.41	81.41	88.76	0.00	38	0	42	0.00	0.00	65.65	7.57	0.00	0.00	2000
228	10.94	2083	2101	0.00	204	0	0	0	nan	0.00	0.00	6.77	82.37	89.06	0.00	39	0	42	0.00	0.00	65.81	7.77	0.00	0.00	2000
232	11.34	2030	2117	0.00	195	0	0	1	86.64	0.00	0.00	7.02	82.35	88.66	0.00	40	0	42	0.00	0.00	65.63	7.77	0.00	0.00	2000
226	11.18	2064	2055	0.79	195	0	0	22	93.43	0.00	0.00	5.18	81.83	88.82	0.00	40	0	42	0.00	0.00	63.62	7.33	0.00	0.00	2000
230	11.09	2054	2119	0.00	197	0	0	0	nan	0.00	0.00	4.45	85.31	88.91	0.00	40	0	42	0.00	0.00	66.67	7.72	0.00	0.00	2000
238	11.31	2094	2107	0.00	198	0	0	0	nan	0.00	0.02	3.98	85.14	88.69	0.00	39	0	43	0.00	0.00	67.64	8.00	0.00	0.00	2000
230	10.85	2126	2089	0.00	218	0	0	0	nan	0.00	0.02	4.31	84.46	89.15	0.00	39	0	43	0.00	0.00	63.53	7.49	0.00	0.00	2000
224	11.12	2060	2056	0.00	197	0	0	0	nan	0.00	0.05	4.20	82.88	88.88	0.00	39	0	42	0.00	0.00	65.15	7.63	0.00	0.00	2000
235	10.87	2075	2183	0.00	213	0	0	0	nan	0.00	0.07	2.44	90.30	89.13	0.00	40	0	42	0.00	0.00	69.15	7.92	0.00	0.00	2000
231	11.52	2009	2095	0.00	203	0	0	0	nan	0.00	0.02	6.23	82.16	88.48	0.00	40	0	42	0.00	0.00	64.56	7.49	0.00	0.00	2000
227	11.21	2092	2031	0.00	203	0	0	0	nan	0.00	0.01	3.25	82.66	88.79	0.00	38	0	42	0.00	0.00	60.96	7.07	0.00	0.00	2000
239	10.81	2140	2173	0.00	230	0	0	0	nan	0.02	0.00	8.52	83.89	89.19	0.00	38	0	42	0.00	0.00	70.37	8.27	0.00	0.00	2000
377	18.17	2345	1857	0.00	301	0	0	0	nan	0.00	0.33	4.49	67.68	81.83	0.00	38	0	42	0.00	0.00	54.13	6.15	0.00	0.00	2000
243	10.71	1987	2401	0.00	268	0	0	0	nan	0.00	0.02	11.49	90.79	89.29	0.00	39	0	43	0.00	0.00	81.92	9.68	0.00	0.00	2000
220	10.93	2034	2081	0.00	209	0	0	0	nan	0.00	0.78	9.90	77.67	89.07	0.00	38	0	42	0.00	0.00	62.85	7.50	0.00	0.00	2000
184	11.26	1623	2113	0.00	242	0	0	0	nan	0.00	0.02	10.49	78.77	88.74	0.00	38	0	42	0.00	0.00	64.64	7.87	0.00	0.00	2000
78	7.12	1095	2108	0.00	193	0	0	0	nan	0.00	0.00	4.73	88.50	92.88	0.00	37	0	42	0.00	0.00	59.05	7.46	0.00	0.00	2000
112	7.56	1469	2114	0.00	82	0	0	0	nan	0.00	0.00	10.10	83.18	92.44	0.00	38	0	42	0.00	0.00	59.78	7.47	0.00	0.00	2000
