Avg_MHz	Busy%	Bzy_MHz	TSC_MHz	IPC	IRQ	NMI	SMI	LLCMRPS	LLC%hit	POLL%	C1%	C1E%	C6%	CPU%c1	CPU%c6	CoreTmp	CoreThr	PkgTmp	Pkg%pc2	Pkg%pc6	PkgWatt	RAMWatt	PKG_%	RAM_%	UncMHz
340	15.98	2070	2159	0.00	244	0	0	0	nan	0.00	0.56	34.80	50.99	84.02	0.00	37	0	42	0.00	0.00	66.45	7.59	0.00	0.00	2000
285	14.35	1968	2119	0.00	207	0	0	0	nan	0.02	0.85	22.40	63.33	85.65	0.00	37	0	42	0.00	0.00	66.99	7.78	0.00	0.00	2000
77	6.54	1175	2106	0.00	194	0	0	0	nan	0.01	0.02	5.13	88.63	93.46	0.00	37	0	42	0.00	0.00	58.26	7.49	0.00	0.00	2000
74	6.75	1095	2103	0.00	196	0	0	0	nan	0.00	0.03	3.08	90.29	93.25	0.00	37	0	43	0.00	0.00	58.41	7.56	0.00	0.00	2000
73	6.60	1107	2098	0.00	193	0	0	0	nan	0.00	0.00	2.55	90.83	93.40	0.00	37	0	42	0.00	0.00	58.20	7.39	0.00	0.00	2000
73	6.74	1081	2112	0.00	194	0	0	0	nan	0.00	0.02	3.15	90.77	93.26	0.00	37	0	42	0.00	0.00	59.67	7.59	0.00	0.00	2000
74	6.33	1168	2090	0.00	195	0	0	0	nan	0.00	0.00	3.12	90.03	93.67	0.00	37	0	42	0.00	0.00	56.06	7.04	0.00	0.00	2000
72	6.69	1091	2080	0.00	193	0	0	0	nan	0.00	0.00	3.23	89.23	93.31	0.00	37	0	42	0.00	0.00	60.26	7.76	0.00	0.00	2000
84	7.12	1170	2115	0.00	222	0	0	0	nan	0.06	0.02	3.95	89.63	92.88	0.00	37	0	43	0.00	0.00	58.21	7.52	0.00	0.00	2000
79	6.70	1184	2099	0.00	194	0	0	0	nan	0.00	0.00	5.03	88.28	93.30	0.00	37	0	43	0.00	0.00	59.85	7.68	0.00	0.00	2000
72	6.74	1082	2085	0.00	195	0	0	0	nan	0.00	0.00	3.39	89.35	93.26	0.00	37	0	42	0.00	0.00	56.16	7.26	0.00	0.00	2000
71	7.05	1014	2099	0.00	210	0	0	0	nan	0.00	0.00	3.98	88.97	92.95	0.00	37	0	43	0.00	0.00	58.29	7.37	0.00	0.00	2000
72	6.92	1034	2127	0.00	194	0	0	0	nan	0.00	0.00	4.70	89.63	93.08	0.00	37	0	42	0.00	0.00	59.81	7.36	0.00	0.00	2000
72	6.57	1102	2098	0.00	194	0	0	0	nan	0.00	0.03	3.41	89.93	93.43	0.00	37	0	43	0.00	0.00	55.79	7.40	0.00	0.00	2000
71	6.78	1055	2072	0.00	193	0	0	0	nan	0.00	0.01	3.55	88.52	93.22	0.00	37	0	43	0.00	0.00	58.57	7.26	0.00	0.00	2000
72	6.73	1054	2119	0.00	195	0	0	1	92.14	0.00	0.01	2.70	91.50	93.27	0.00	37	0	42	0.00	0.00	59.72	7.44	0.00	0.00	2000
73	6.78	1072	2094	0.29	209	0	0	1	88.68	0.00	0.02	2.57	90.30	93.22	0.00	37	0	42	0.00	0.00	57.48	7.38	0.00	0.00	2000
72	6.67	1076	2096	0.00	178	0	0	0	nan	0.00	0.00	3.57	89.67	93.33	0.00	37	0	42	0.00	0.00	57.84	7.54	0.00	0.00	2000
206	10.57	1952	2098	0.00	228	0	0	0	nan	0.00	0.02	5.73	83.65	89.43	0.00	39	0	42	0.00	0.00	64.96	7.43	0.00	0.00	2000
232	11.14	2058	2123	0.00	212	0	0	0	nan	0.00	0.02	4.32	85.64	88.86	0.00	40	0	42	0.00	0.00	63.50	7.63	0.00	0.00	2000
232	11.01	2100	2104	0.00	203	0	0	0	nan	0.00	0.00	3.78	85.39	88.99	0.00	40	0	42	0.00	0.00	68.22	7.32	0.00	0.00	2000
230	10.99	2094	2096	0.00	205	0	0	0	nan	0.00	0.02	4.72	84.23	89.01	0.00	40	0	42	0.00	0.00	62.20	7.10	0.00	0.00	2000
231	11.20	2127	2038	0.00	195	0	0	0	nan	0.00	0.45	5.68	80.05	88.80	0.00	38	0	42	0.00	0.00	62.66	7.30	0.00	0.00	2000
239	11.10	2091	2165	0.00	212	0	0	0	nan	0.00	0.02	5.78	85.90	88.90	0.00	38	0	42	0.00	0.00	67.77	7.84	0.00	0.00	2000
232	11.20	2075	2100	0.00	201	0	0	0	nan	0.00	0.01	5.92	83.00	88.80	0.00	38	0	42	0.00	0.00	65.96	7.68	0.00	0.00	2000
226	11.06	2066	2076	0.00	197	0	0	0	nan	0.00	0.00	5.72	82.24	88.94	0.00	38	0	43	0.00	0.00	65.93	7.62	0.00	0.00	2000
230	10.84	2126	2094	0.00	197	0	0	0	nan	0.00	0.00	4.93	83.92	89.16	0.00	38	0	42	0.00	0.00	65.56	7.53	0.00	0.00	2000
230	11.36	2058	2068	0.00	197	0	0	0	nan	0.00	0.00	4.17	83.15	88.64	0.00	39	0	42	0.00	0.00	63.44	7.34	0.00	0.00	2000
231	10.50	2166	2134	0.00	216	0	0	0	nan	0.00	0.00	4.65	86.32	89.50	0.00	39	0	43	0.00	0.00	66.41	7.62	0.00	0.00	2000
233	11.23	2056	2125	0.00	203	0	0	0	nan	0.00	0.00	3.41	86.55	88.77	0.00	39	0	42	0.00	0.00	67.23	7.73	0.00	0.00	2000
231	10.87	2114	2111	0.00	195	0	0	0	nan	0.00	0.00	2.86	86.78	89.13	0.00	39	0	42	0.00	0.00	62.91	7.28	0.00	0.00	2000
228	10.95	2105	2077	0.00	198	0	0	0	nan	0.00	0.03	4.40	83.82	89.05	0.00	40	0	42	0.00	0.00	66.32	7.61	0.00	0.00	2000
227	11.25	2031	2082	0.00	199	0	0	2	82.12	0.00	0.00	5.40	82.68	88.75	0.00	40	0	43	0.00	0.00	63.95	7.44	0.00	0.00	2000
231	11.90	2070	1967	0.50	197	0	0	19	73.45	0.00	0.48	1.91	80.27	88.10	0.00	39	0	43	0.00	0.00	59.48	6.93	0.00	0.00	2000
240	10.34	2117	2301	0.00	252	0	0	0	nan	0.00	0.00	6.64	91.74	89.66	0.00	38	0	42	0.00	0.00	76.14	8.33	0.00	0.00	2000
230	11.22	2060	2088	0.00	184	0	0	0	nan	0.00	0.03	5.99	82.39	88.78	0.00	38	0	42	0.00	0.00	62.03	7.64	0.00	0.00	2000
230	11.20	2051	2098	0.00	197	0	0	0	nan	0.00	0.01	5.50	83.36	88.80	0.00	39	0	43	0.00	0.00	65.01	7.44	0.00	0.00	2000
234	11.49	2058	2073	0.00	197	0	0	0	nan	0.01	0.00	4.54	83.02	88.51	0.00	39	0	43	0.00	0.00	62.95	7.19	0.00	0.00	2000
228	11.11	2015	2138	0.00	218	0	0	0	nan	0.00	0.00	7.79	82.82	88.89	0.00	40	0	42	0.00	0.00	67.38	7.56	0.00	0.00	2000
228	11.02	2101	2068	0.00	198	0	0	0	nan	0.00	0.00	5.06	82.65	88.99	0.00	39	0	42	0.00	0.00	64.58	7.36	0.00	0.00	2000
241	11.51	2093	2099	0.00	198	0	0	0	nan	0.00	0.00	4.72	83.71	88.49	0.00	39	0	42	0.00	0.00	63.49	7.42	0.00	0.00	2000
237	11.39	2085	2097	0.00	201	0	0	0	nan	0.00	0.02	3.29	85.19	88.61	0.00	39	0	43	0.00	0.00	65.02	7.58	0.00	0.00	2000
230	10.92	2094	2113	0.00	217	0	0	0	nan	0.00	0.00	6.34	83.45	89.08	0.00	39	0	42	0.00	0.00	68.16	7.86	0.00	0.00	2000
232	11.15	2068	2116	0.00	202	0	0	0	nan	0.00	0.01	6.83	82.78	88.85	0.00	39	0	42	0.00	0.00	65.54	7.57	0.00	0.00	2000
232	11.34	2041	2108	0.00	199	0	0	0	nan	0.00	0.00	7.16	81.94	88.66	0.00	39	0	43	0.00	0.00	64.60	7.56	0.00	0.00	2000
235	11.24	2090	2098	0.00	201	0	0	0	nan	0.00	0.00	7.48	81.25	88.76	0.00	38	0	42	0.00	0.00	66.80	7.96	0.00	0.00	2000
235	11.11	2112	2100	0.00	199	0	0	0	nan	0.00	0.02	6.42	82.54	88.89	0.00	39	0	43	0.00	0.00	63.17	7.30	0.00	0.00	2000
236	11.02	2138	2105	0.00	183	0	0	0	nan	0.02	0.90	7.93	80.50	88.98	0.00	40	0	42	0.00	0.00	63.36	7.33	0.00	0.00	2000
233	11.33	2051	2103	0.00	201	0	0	0	nan	0.00	0.00	7.66	81.27	88.67	0.00	40	0	43	0.00	0.00	65.98	7.69	0.00	0.00	2000
230	10.97	2103	2098	0.00	197	0	0	3	80.09	0.00	0.01	6.20	82.78	89.03	0.00	40	0	43	0.00	0.00	66.21	7.67	0.00	0.00	2000
233	11.17	2087	2101	0.95	197	0	0	8	78.00	0.00	0.00	5.93	82.98	88.83	0.00	40	0	42	0.00	0.00	66.09	8.01	0.00	0.00	2000
230	11.28	2076	2066	0.00	179	0	0	0	nan	0.00	0.00	5.57	81.88	88.72	0.00	40	0	43	0.00	0.00	58.71	6.82	0.00	0.00	2000
231	11.20	2033	2131	0.00	215	0	0	0	nan	0.00	0.00	7.37	82.87	88.80	0.00	40	0	43	0.00	0.00	67.54	7.88	0.00	0.00	2000
234	11.30	2072	2099	0.00	180	0	0	0	nan	0.04	0.02	8.17	80.58	88.70	0.00	40	0	42	0.00	0.00	65.67	7.75	0.00	0.00	2000
232	11.52	2016	2097	0.00	195	0	0	0	nan	0.00	0.01	7.27	81.19	88.48	0.00	40	0	42	0.00	0.00	64.38	7.76	0.00	0.00	2000
231	11.20	2050	2109	0.00	196	0	0	0	nan	0.00	0.00	6.41	82.82	88.80	0.00	40	0	42	0.00	0.00	64.06	7.44	0.00	0.00	2000
232	11.29	2056	2101	0.00	196	0	0	0	nan	0.00	0.00	6.34	82.57	88.71	0.00	40	0	42	0.00	0.00	64.74	7.75	0.00	0.00	2000
228	11.21	2134	1999	0.00	198	0	0	0	nan	0.00	0.02	5.03	79.45	88.79	0.00	40	0	42	0.00	0.00	62.73	6.99	0.00	0.00	2000
239	10.97	2075	2206	0.00	214	0	0	0	nan	0.09	0.02	7.91	85.68	89.03	0.00	40	0	43	0.00	0.00	66.20	8.07	0.00	0.00	2000
231	10.86	2122	2103	0.00	180	0	0	0	nan	0.00	0.09	5.22	84.13	89.14	0.00	40	0	42	0.00	0.00	67.09	7.77	0.00	0.00	2000
231	11.17	2074	2098	0.00	196	0	0	0	nan	0.00	0.05	4.07	84.79	88.83	0.00	40	0	42	0.00	0.00	65.08	7.65	0.00	0.00	2000
231	11.30	2044	2100	0.00	200	0	0	0	nan	0.00	0.02	5.86	83.00	88.70	0.00	41	0	43	0.00	0.00	60.75	7.02	0.00	0.00	2000
232	11.25	2064	2097	0.00	199	0	0	0	nan	0.00	0.01	7.74	81.04	88.75	0.00	40	0	43	0.00	0.00	65.18	7.75	0.00	0.00	2000
230	11.15	2065	2099	0.00	179	0	0	0	nan	0.00	0.42	7.79	80.72	88.85	0.00	40	0	42	0.00	0.00	65.17	7.58	0.00	0.00	2000
234	11.45	2046	2100	0.00	198	0	0	0	nan	0.07	1.43	8.14	79.15	88.55	0.00	40	0	42	0.00	0.00	64.95	7.58	0.00	0.00	2000
231	11.24	2051	2104	0.00	196	0	0	0	nan	0.00	0.00	9.08	79.88	88.76	0.00	40	0	42	0.00	0.00	66.02	7.75	0.00	0.00	2000
231	11.31	2044	2100	0.00	198	0	0	0	nan	0.00	0.03	5.84	83.00	88.69	0.00	40	0	42	0.00	0.00	65.20	7.49	0.00	0.00	2000
229	11.24	2041	2100	0.66	196	0	0	10	77.50	0.00	0.02	5.19	83.74	88.76	0.00	40	0	42	0.00	0.00	63.97	7.56	0.00	0.00	2000
233	11.39	2053	2092	0.38	195	0	0	0	nan	0.00	0.00	6.59	81.94	88.61	0.00	40	0	43	0.00	0.00	61.69	7.40	0.00	0.00	2000
233	11.50	2030	2094	0.00	183	0	0	0	nan	0.00	0.00	7.34	81.04	88.50	0.00	40	0	42	0.00	0.00	64.83	7.71	0.00	0.00	2000
231	11.31	2031	2111	0.00	217	0	0	0	nan	0.00	0.00	7.20	82.09	88.69	0.00	40	0	42	0.00	0.00	65.10	7.77	0.00	0.00	2000
230	11.29	2086	2051	0.00	180	0	0	0	nan	0.00	0.00	7.24	79.50	88.71	0.00	40	0	43	0.00	0.00	64.21	7.37	0.00	0.00	2000
233	11.20	2032	2149	0.00	211	0	0	0	nan	0.00	0.00	7.70	83.34	88.80	0.00	40	0	42	0.00	0.00	65.75	7.76	0.00	0.00	2000
229	11.31	2035	2094	0.00	182	0	0	0	nan	0.00	0.03	6.36	82.25	88.69	0.00	40	0	42	0.00	0.00	64.48	7.53	0.00	0.00	2000
234	11.05	2101	2112	0.00	196	0	0	0	nan	0.00	2.75	3.20	83.76	88.95	0.00	40	0	42	0.00	0.00	66.74	7.70	0.00	0.00	2000
234	11.22	2087	2095	0.00	200	0	0	0	nan	0.08	0.04	3.80	84.86	88.78	0.00	40	0	42	0.00	0.00	65.24	7.50	0.00	0.00	2000
232	11.11	2083	2104	0.00	195	0	0	0	nan	0.00	0.01	7.47	81.66	88.89	0.00	40	0	42	0.00	0.00	60.93	7.19	0.00	0.00	2000
231	11.11	2080	2096	0.00	180	0	0	0	nan	0.00	0.02	7.84	81.01	88.89	0.00	40	0	42	0.00	0.00	66.77	7.68	0.00	0.00	2000
231	11.25	2110	2040	0.00	197	0	0	0	nan	0.00	0.37	7.34	78.63	88.75	0.00	40	0	42	0.00	0.00	62.64	7.32	0.00	0.00	2000
232	10.94	2062	2160	0.00	197	0	0	0	nan	0.00	0.00	6.27	85.38	89.06	0.00	40	0	42	0.00	0.00	66.00	7.74	0.00	0.00	2000
235	11.29	2074	2105	0.00	196	0	0	0	nan	0.00	0.01	6.42	82.62	88.71	0.00	40	0	43	0.00	0.00	65.94	7.85	0.00	0.00	2000
232	11.26	2057	2100	0.00	200	0	0	0	nan	0.00	0.02	6.87	82.04	88.74	0.00	41	0	42	0.00	0.00	66.07	7.80	0.00	0.00	2000
232	11.20	2068	2101	0.00	198	0	0	0	nan	0.00	0.00	6.67	82.26	88.80	0.00	41	0	42	0.00	0.00	60.79	7.16	0.00	0.00	2000
232	11.20	2078	2096	0.00	183	0	0	0	nan	0.00	0.02	8.54	80.09	88.80	0.00	41	0	42	0.00	0.00	66.67	7.65	0.00	0.00	2000
230	11.27	2079	2064	0.12	197	0	0	8	80.67	0.00	0.02	6.74	80.49	88.73	0.00	40	0	43	0.00	0.00	63.67	7.57	0.00	0.00	2000
232	11.15	2042	2139	0.87	196	0	0	4	84.02	0.00	0.00	7.59	83.04	88.85	0.00	41	0	43	0.00	0.00	66.72	7.77	0.00	0.00	2000
236	11.15	2113	2100	0.00	198	0	0	0	nan	0.00	0.03	6.43	82.49	88.85	0.00	40	0	42	0.00	0.00	65.55	7.66	0.00	0.00	2000
231	10.99	2098	2104	0.00	202	0	0	0	nan	0.00	0.00	5.31	83.95	89.01	0.00	41	0	42	0.00	0.00	65.90	7.70	0.00	0.00	2000
232	11.13	2081	2099	0.00	196	0	0	0	nan	0.00	0.09	2.96	85.85	88.87	0.00	41	0	42	0.00	0.00	60.74	7.14	0.00	0.00	2000
231	11.32	2080	2061	0.00	180	0	0	0	nan	0.00	0.06	4.12	82.99	88.68	0.00	41	0	42	0.00	0.00	64.58	7.47	0.00	0.00	2000
231	11.25	2021	2136	0.00	214	0	0	0	nan	0.00	0.00	8.48	81.96	88.75	0.00	41	0	42	0.00	0.00	65.02	7.48	0.00	0.00	2000
231	11.29	2050	2101	0.00	181	0	0	0	nan	0.00	0.00	6.99	81.80	88.71	0.00	41	0	42	0.00	0.00	66.20	7.73	0.00	0.00	2000
236	11.32	2076	2104	0.00	196	0	0	0	nan	0.00	0.00	7.67	81.31	88.68	0.00	40	0	42	0.00	0.00	65.73	7.69	0.00	0.00	2000
236	11.24	2101	2096	0.00	200	0	0	0	nan	0.00	0.00	8.46	80.21	88.76	0.00	40	0	42	0.00	0.00	63.06	7.27	0.00	0.00	2000
228	11.47	2074	2011	0.00	196	0	0	0	nan	0.00	0.02	6.65	78.21	88.53	0.00	41	0	43	0.00	0.00	58.61	6.91	0.00	0.00	2000
233	10.79	2063	2195	0.00	196	0	0	0	nan	0.00	0.00	5.84	87.53	89.21	0.00	41	0	42	0.00	0.00	70.84	8.25	0.00	0.00	2000
230	11.46	2011	2098	0.00	198	0	0	0	nan	0.00	0.00	6.70	81.94	88.54	0.00	41	0	42	0.00	0.00	64.76	7.43	0.00	0.00	2000
234	11.31	2064	2107	0.00	197	0	0	0	nan	0.00	0.80	7.40	80.94	88.69	0.00	41	0	42	0.00	0.00	66.09	7.67	0.00	0.00	2000
232	11.14	2085	2094	0.00	197	0	0	0	nan	0.00	0.02	7.06	81.62	88.86	0.00	40	0	42	0.00	0.00	62.02	7.35	0.00	0.00	2000
230	11.13	2063	2101	0.00	196	0	0	0	nan	0.00	0.00	7.06	81.97	88.87	0.00	41	0	43	0.00	0.00	62.49	7.43	0.00	0.00	2000
231	11.30	2045	2103	0.00	195	0	0	0	nan	0.00	0.00	5.85	83.17	88.70	0.00	40	0	42	0.00	0.00	65.55	7.81	0.00	0.00	2000
229	11.21	2051	2096	0.00	180	0	0	3	81.71	0.00	0.00	6.66	82.06	88.79	0.00	41	0	42	0.00	0.00	65.60	7.81	0.00	0.00	2000
234	11.21	2081	2105	0.98	198	0	0	10	79.34	0.00	0.07	3.43	85.66	88.79	0.00	41	0	42	0.00	0.00	65.82	7.73	0.00	0.00	2000
235	11.26	2092	2094	0.00	202	0	0	0	nan	0.05	0.08	3.40	85.15	88.74	0.00	41	0	42	0.00	0.00	62.53	7.18	0.00	0.00	2000
238	11.76	2086	2041	0.00	213	0	0	0	nan	0.00	0.09	9.12	76.66	88.24	0.00	41	0	42	0.00	0.00	62.46	7.05	0.00	0.00	2000
232	10.91	2062	2161	0.00	196	0	0	0	nan	0.00	0.00	7.97	83.78	89.09	0.00	41	0	42	0.00	0.00	68.02	7.77	0.00	0.00	2000
231	11.28	2049	2102	0.00	199	0	0	0	nan	0.00	0.02	7.41	81.47	88.72	0.00	41	0	42	0.00	0.00	65.09	7.63	0.00	0.00	2000
233	11.05	2100	2104	0.00	199	0	0	0	nan	0.00	0.03	4.92	84.08	88.95	0.00	41	0	42	0.00	0.00	64.51	7.47	0.00	0.00	2000
235	11.07	2122	2099	0.00	200	0	0	0	nan	0.00	0.02	6.14	82.74	88.93	0.00	41	0	42	0.00	0.00	63.16	7.56	0.00	0.00	2000
232	11.19	2070	2099	0.00	195	0	0	0	nan	0.00	0.00	6.36	82.52	88.81	0.00	41	0	43	0.00	0.00	66.80	7.81	0.00	0.00	2000
232	11.23	2099	2063	0.00	180	0	0	0	nan	0.00	0.00	7.47	79.80	88.77	0.00	41	0	42	0.00	0.00	63.55	7.24	0.00	0.00	2000
231	11.21	2023	2136	0.00	196	0	0	0	nan	0.00	0.00	8.09	82.35	88.79	0.00	41	0	42	0.00	0.00	65.65	7.68	0.00	0.00	2000
230	11.34	2033	2095	0.00	197	0	0	0	nan	0.00	0.01	6.68	81.97	88.66	0.00	41	0	42	0.00	0.00	64.01	7.45	0.00	0.00	2000
234	11.28	2066	2105	0.00	198	0	0	0	nan	0.00	0.00	6.53	82.48	88.72	0.00	41	0	42	0.00	0.00	63.55	7.38	0.00	0.00	2000
230	11.29	2106	2035	0.00	197	0	0	0	nan	0.00	0.00	3.73	82.34	88.71	0.00	41	0	42	0.00	0.00	59.63	6.81	0.00	0.00	2000
231	11.10	2016	2167	0.00	196	0	0	0	nan	0.00	0.00	4.07	87.79	88.90	0.00	41	0	43	0.00	0.00	71.27	8.08	0.00	0.00	2000
231	11.14	2070	2106	0.00	195	0	0	0	nan	0.00	0.03	3.25	85.94	88.86	0.00	40	0	43	0.00	0.00	66.57	7.72	0.00	0.00	2000
230	11.08	2078	2098	0.00	194	0	0	0	nan	0.00	0.02	3.11	85.81	88.92	0.00	40	0	42	0.00	0.00	60.58	7.32	0.00	0.00	2000
230	11.05	2083	2098	0.00	195	0	0	0	nan	0.00	0.00	2.40	86.57	88.95	0.00	41	0	42	0.00	0.00	65.12	7.58	0.00	0.00	2000
232	11.31	2054	2100	0.65	194	0	0	10	78.24	0.00	0.00	2.98	85.79	88.69	0.00	41	0	42	0.00	0.00	66.78	7.67	0.00	0.00	2000
239	11.49	2084	2095	0.40	179	0	0	0	nan	0.00	0.00	3.92	84.47	88.51	0.00	40	0	43	0.00	0.00	65.13	7.58	0.00	0.00	2000
228	11.32	2058	2058	0.00	195	0	0	0	nan	0.00	0.02	2.77	84.18	88.68	0.00	42	0	42	0.00	0.00	60.09	7.74	0.00	0.00	2000
230	11.15	2025	2141	0.00	211	0	0	0	nan	0.00	0.00	4.80	85.93	88.85	0.00	41	0	42	0.00	0.00	71.90	9.36	0.00	0.00	2000
228	10.93	2096	2088	0.00	178	0	0	0	nan	0.00	0.02	3.86	84.76	89.07	0.00	41	0	42	0.00	0.00	66.28	8.78	0.00	0.00	2000
229	11.19	2060	2090	0.00	198	0	0	0	nan	0.00	0.00	5.40	83.10	88.81	0.00	41	0	42	0.00	0.00	64.53	8.27	0.00	0.00	2000
230	11.14	2050	2114	0.00	197	0	0	0	nan	0.00	0.01	5.25	84.35	88.86	0.00	41	0	42	0.00	0.00	66.12	8.61	0.00	0.00	2000
237	11.38	2093	2085	0.00	196	0	0	0	nan	0.00	0.00	3.98	84.04	88.62	0.00	42	0	42	0.00	0.00	67.30	8.62	0.00	0.00	2000
228	11.12	2061	2091	0.00	198	0	0	0	nan	0.00	0.02	5.70	82.92	88.88	0.00	42	0	43	0.00	0.00	63.32	8.30	0.00	0.00	2000
229	11.20	2036	2110	0.00	196	0	0	0	nan	0.00	0.00	4.57	84.76	88.80	0.00	41	0	42	0.00	0.00	68.82	8.95	0.00	0.00	2000
228	10.90	2072	2115	0.00	194	0	0	0	nan	0.00	0.02	4.55	85.29	89.10	0.00	41	0	43	0.00	0.00	67.17	8.61	0.00	0.00	2000
231	11.25	2069	2082	0.00	196	0	0	0	nan	0.00	0.01	3.64	84.43	88.75	0.00	41	0	42	0.00	0.00	62.93	8.35	0.00	0.00	2000
227	10.98	2071	2095	0.00	194	0	0	0	nan	0.00	0.02	4.61	84.23	89.02	0.00	41	0	42	0.00	0.00	66.64	8.54	0.00	0.00	2000
230	11.08	2052	2122	0.00	196	0	0	0	nan	0.00	0.04	4.42	85.56	88.92	0.00	41	0	43	0.00	0.00	69.52	8.90	0.00	0.00	2000
227	11.41	1993	2098	0.00	195	0	0	0	nan	0.00	0.02	4.16	84.50	88.59	0.00	41	0	42	0.00	0.00	66.39	8.61	0.00	0.00	2000
229	11.08	2067	2101	0.00	194	0	0	0	nan	0.00	0.00	3.93	85.05	88.92	0.00	41	0	42	0.00	0.00	66.59	8.55	0.00	0.00	2000
230	11.40	2039	2075	0.00	195	0	0	0	nan	0.00	0.02	4.45	83.16	88.60	0.00	41	0	42	0.00	0.00	63.41	8.02	0.00	0.00	2000
229	10.82	2088	2128	0.68	194	0	0	49	3.73	0.00	0.00	4.59	85.87	89.18	0.00	41	0	42	0.00	0.00	69.69	9.21	0.00	0.00	2000
228	11.18	2036	2099	1.02	194	0	0	1	88.98	0.00	0.02	3.98	84.88	88.82	0.00	41	0	42	0.00	0.00	66.49	8.56	0.00	0.00	2000
228	11.19	2039	2101	0.00	195	0	0	0	nan	0.00	0.00	3.71	85.23	88.81	0.00	41	0	42	0.00	0.00	66.34	8.63	0.00	0.00	2000
228	10.95	2104	2080	0.00	195	0	0	0	nan	0.00	0.02	4.16	84.08	89.05	0.00	41	0	42	0.00	0.00	63.67	8.17	0.00	0.00	2000
232	10.97	2111	2103	0.00	195	0	0	0	nan	0.00	0.00	4.69	84.54	89.03	0.00	42	0	42	0.00	0.00	66.60	8.51	0.00	0.00	2000
228	11.05	2048	2112	0.00	195	0	0	0	nan	0.00	0.02	4.26	85.36	88.95	0.00	42	0	43	0.00	0.00	69.79	8.88	0.00	0.00	2000
229	11.04	2070	2103	0.00	195	0	0	0	nan	0.00	0.00	3.58	85.59	88.96	0.00	41	0	42	0.00	0.00	66.19	8.51	0.00	0.00	2000
228	11.13	2051	2099	0.00	194	0	0	0	nan	0.00	0.02	4.08	84.78	88.87	0.00	41	0	43	0.00	0.00	66.69	8.50	0.00	0.00	2000
230	11.17	2052	2105	0.00	197	0	0	0	nan	0.00	0.00	4.23	84.81	88.83	0.00	41	0	43	0.00	0.00	66.70	8.49	0.00	0.00	2000
228	11.13	2071	2074	0.00	197	0	0	0	nan	0.00	0.02	4.47	83.32	88.87	0.00	41	0	43	0.00	0.00	63.74	7.88	0.00	0.00	2000
231	11.19	2046	2121	0.00	195	0	0	0	nan	0.00	0.00	5.20	84.60	88.81	0.00	41	0	42	0.00	0.00	69.54	9.02	0.00	0.00	2000
228	11.04	2065	2101	0.00	194	0	0	0	nan	0.00	0.00	4.72	84.39	88.96	0.00	41	0	42	0.00	0.00	66.58	8.54	0.00	0.00	2000
228	10.95	2100	2084	0.00	194	0	0	0	nan	0.00	0.00	3.81	84.65	89.05	0.00	41	0	42	0.00	0.00	63.21	8.29	0.00	0.00	2000
228	10.93	2070	2117	0.00	196	0	0	0	nan	0.01	0.00	4.94	84.92	89.07	0.00	41	0	42	0.00	0.00	70.11	8.95	0.00	0.00	2000
229	11.06	2092	2078	0.00	195	0	0	0	nan	0.00	0.00	3.68	84.42	88.94	0.00	42	0	42	0.00	0.00	63.14	8.07	0.00	0.00	2000
230	10.78	2106	2125	0.00	195	0	0	0	nan	0.01	0.02	5.04	85.32	89.22	0.00	41	0	42	0.00	0.00	70.39	9.05	0.00	0.00	2000
230	11.07	2097	2084	0.00	210	0	0	0	nan	0.00	0.00	3.14	85.21	88.93	0.00	41	0	42	0.00	0.00	63.28	8.13	0.00	0.00	2000
227	11.30	2001	2105	0.20	180	0	0	37	4.60	0.00	0.02	5.30	83.78	88.70	0.00	41	0	43	0.00	0.00	66.38	8.58	0.00	0.00	2000
230	11.41	2004	2109	1.40	195	0	0	13	12.74	0.00	0.00	4.04	85.05	88.59	0.00	42	0	42	0.00	0.00	66.41	8.40	0.00	0.00	2000
227	11.27	2049	2068	0.00	194	0	0	0	nan	0.00	0.02	4.06	83.49	88.73	0.00	41	0	43	0.00	0.00	65.81	8.34	0.00	0.00	2000
231	11.22	2028	2135	0.00	205	0	0	0	nan	0.00	0.00	4.98	85.42	88.78	0.00	41	0	42	0.00	0.00	66.12	8.46	0.00	0.00	2000
229	11.23	2044	2092	0.00	186	0	0	0	nan	0.00	0.02	4.35	84.23	88.77	0.00	41	0	43	0.00	0.00	67.10	8.47	0.00	0.00	2000
230	11.29	2034	2100	0.00	194	0	0	0	nan	0.00	0.00	3.78	85.00	88.71	0.00	42	0	42	0.00	0.00	65.92	8.47	0.00	0.00	2000
227	11.29	2038	2074	0.00	194	0	0	0	nan	0.00	0.02	4.22	83.50	88.71	0.00	42	0	42	0.00	0.00	66.23	8.70	0.00	0.00	2000
230	11.30	2015	2118	0.00	194	0	0	0	nan	0.00	0.00	4.47	85.15	88.70	0.00	42	0	43	0.00	0.00	66.51	8.73	0.00	0.00	2000
229	11.01	2095	2084	0.00	197	0	0	0	nan	0.00	0.00	5.58	82.80	88.99	0.00	41	0	43	0.00	0.00	66.85	8.57	0.00	0.00	2000
229	10.79	2108	2114	0.00	195	0	0	0	nan	0.00	0.00	3.77	86.06	89.21	0.00	41	0	42	0.00	0.00	66.84	8.61	0.00	0.00	2000
227	10.89	2072	2113	0.00	195	0	0	0	nan	0.00	0.02	4.87	84.88	89.11	0.00	41	0	42	0.00	0.00	66.47	8.54	0.00	0.00	2000
229	11.16	2076	2077	0.00	195	0	0	0	nan	0.00	0.00	3.33	84.49	88.84	0.00	41	0	43	0.00	0.00	66.31	8.56	0.00	0.00	2000
229	11.05	2075	2101	0.00	197	0	0	0	nan	0.00	0.00	5.89	83.18	88.95	0.00	41	0	42	0.00	0.00	66.66	8.63	0.00	0.00	2000
232	10.92	2104	2116	0.00	196	0	0	0	nan	0.00	0.00	4.10	85.71	89.08	0.00	41	0	42	0.00	0.00	66.79	8.53	0.00	0.00	2000
228	11.38	2002	2098	0.00	195	0	0	0	nan	0.00	0.02	4.09	84.61	88.62	0.00	40	0	42	0.00	0.00	64.79	7.94	0.00	0.00	2000
230	11.32	2020	2108	0.00	196	0	0	0	nan	0.00	0.00	3.94	85.22	88.68	0.00	40	0	42	0.00	0.00	63.25	7.62	0.00	0.00	2000
219	10.80	2039	2085	0.00	213	0	0	0	nan	0.00	0.00	3.75	84.84	89.20	0.00	38	0	42	0.00	0.00	60.61	7.35	0.00	0.00	2000
230	10.79	2100	2130	0.13	210	0	0	1	80.39	0.00	0.00	3.57	86.94	89.21	0.00	38	0	42	0.00	0.00	71.22	8.13	0.00	0.00	2000
231	10.75	2142	2109	0.48	195	0	0	2	90.41	0.00	0.00	3.88	85.79	89.25	0.00	38	0	42	0.00	0.00	63.90	7.08	0.00	0.00	2000
226	11.05	2053	2088	0.00	194	0	0	0	nan	0.00	0.00	3.45	85.12	88.95	0.00	38	0	42	0.00	0.00	61.71	7.12	0.00	0.00	2000
228	11.05	2060	2099	0.00	194	0	0	0	nan	0.00	0.00	4.17	84.78	88.95	0.00	38	0	42	0.00	0.00	64.76	7.46	0.00	0.00	2000
228	11.13	2047	2097	0.00	195	0	0	0	nan	0.00	0.00	4.36	84.52	88.87	0.00	39	0	42	0.00	0.00	64.10	7.42	0.00	0.00	2000
226	11.05	2045	2099	0.00	194	0	0	0	nan	0.00	0.00	4.07	84.84	88.95	0.00	39	0	42	0.00	0.00	66.65	7.64	0.00	0.00	2000
237	11.50	2053	2106	0.00	197	0	0	0	nan	0.00	0.00	5.06	83.74	88.50	0.00	39	0	42	0.00	0.00	62.31	7.40	0.00	0.00	2000
227	10.72	2125	2097	0.00	194	0	0	0	nan	0.00	0.02	3.60	85.57	89.28	0.00	39	0	42	0.00	0.00	65.46	7.06	0.00	0.00	2000
228	10.92	2092	2096	0.00	195	0	0	0	nan	0.00	0.02	3.13	85.84	89.08	0.00	39	0	42	0.00	0.00	64.92	7.37	0.00	0.00	2000
229	11.00	2075	2103	0.00	180	0	0	0	nan	0.00	0.01	3.75	85.48	89.00	0.00	38	0	42	0.00	0.00	66.26	7.55	0.00	0.00	2000
228	10.90	2096	2099	0.00	193	0	0	0	nan	0.00	0.02	2.31	86.80	89.10	0.00	39	0	42	0.00	0.00	64.11	7.28	0.00	0.00	2000
230	10.94	2097	2104	0.00	194	0	0	0	nan	0.00	0.02	2.32	87.00	89.06	0.00	39	0	42	0.00	0.00	64.30	7.30	0.00	0.00	2000
228	10.97	2087	2088	0.00	197	0	0	0	nan	0.00	0.02	3.33	85.28	89.03	0.00	39	0	43	0.00	0.00	64.80	7.27	0.00	0.00	2000
222	12.66	2193	1677	0.00	195	0	0	0	nan	0.00	0.01	2.41	67.37	87.34	0.00	39	0	43	0.00	0.00	52.00	5.98	0.00	0.00	2000
231	9.52	2008	2541	0.00	258	0	0	0	nan	0.00	0.00	2.72	106.86	90.48	0.00	38	0	42	0.00	0.00	76.61	9.17	0.00	0.00	2000
227	10.72	2058	2165	0.00	200	0	0	0	nan	0.00	0.00	4.86	87.25	89.28	0.00	39	0	42	0.00	0.00	67.88	8.14	0.00	0.00	2000
223	10.88	2049	2101	0.00	196	0	0	0	nan	0.00	0.03	3.98	85.30	89.12	0.00	39	0	42	0.00	0.00	65.34	7.79	0.00	0.00	2000
223	10.84	2056	2097	0.14	194	0	0	8	57.18	0.00	0.00	3.15	86.00	89.16	0.00	39	0	42	0.00	0.00	61.92	7.42	0.00	0.00	2000
220	11.02	2053	2038	0.47	194	0	0	2	73.09	0.00	0.01	2.90	83.46	88.98	0.00	40	0	43	0.00	0.00	59.90	6.99	0.00	0.00	2000
221	10.83	2017	2124	0.00	194	0	0	0	nan	0.00	0.00	3.01	87.33	89.17	0.00	40	0	43	0.00	0.00	67.32	8.07	0.00	0.00	2000
223	10.76	2062	2111	0.00	197	0	0	0	nan	0.00	0.00	2.66	87.12	89.24	0.00	40	0	43	0.00	0.00	66.94	7.45	0.00	0.00	2000
221	10.46	2135	2076	0.00	194	0	0	0	nan	0.00	0.00	3.03	85.47	89.54	0.00	40	0	42	0.00	0.00	59.05	6.68	0.00	0.00	2000
221	10.74	2035	2125	0.00	194	0	0	0	nan	0.00	0.00	2.98	87.50	89.26	0.00	40	0	42	0.00	0.00	69.39	8.11	0.00	0.00	2000
222	10.60	2081	2109	0.00	195	0	0	0	nan	0.00	0.00	2.68	87.15	89.40	0.00	40	0	42	0.00	0.00	61.98	7.16	0.00	0.00	2000
127	8.17	1540	2117	0.00	198	0	0	0	nan	0.00	0.02	5.84	86.78	91.83	0.00	38	0	42	0.00	0.00	58.95	7.81	0.00	0.00	2000
102	7.79	1323	2080	0.00	196	0	0	0	nan	0.00	0.00	3.09	88.20	92.21	0.00	38	0	42	0.00	0.00	56.34	6.83	0.00	0.00	2000
229	10.81	2090	2125	0.00	246	0	0	0	nan	0.00	0.00	3.60	86.74	89.19	0.00	40	0	42	0.00	0.00	72.64	8.38	0.00	0.00	2000
227	10.89	2092	2096	0.00	201	0	0	0	nan	0.00	0.01	3.71	85.27	89.11	0.00	40	0	42	0.00	0.00	62.69	7.24	0.00	0.00	2000
207	10.43	2000	2082	0.00	201	0	0	0	nan	0.00	0.00	3.85	85.06	89.57	0.00	39	0	43	0.00	0.00	65.27	7.46	0.00	0.00	2000
78	6.38	1210	2116	0.00	196	0	0	0	nan	0.00	0.00	5.27	89.09	93.62	0.00	37	0	42	0.00	0.00	59.56	7.51	0.00	0.00	2000
119	7.94	1512	2082	0.00	201	0	0	0	nan	0.00	0.00	4.10	87.17	92.06	0.00	39	0	42	0.00	0.00	54.74	6.87	0.00	0.00	2000
230	11.00	2081	2106	0.00	211	0	0	0	nan	0.00	0.00	5.27	84.04	89.00	0.00	37	0	42	0.00	0.00	67.43	7.72	0.00	0.00	2000
230	11.06	2091	2092	0.00	201	0	0	0	nan	0.00	0.01	3.34	85.33	88.94	0.00	38	0	42	0.00	0.00	64.23	7.42	0.00	0.00	2000
233	11.02	2099	2120	0.00	211	0	0	0	nan	0.00	0.00	2.88	86.93	88.98	0.00	38	0	42	0.00	0.00	65.13	7.44	0.00	0.00	2000
220	10.83	2075	2053	0.79	194	0	0	1	87.19	0.00	0.00	3.20	84.03	89.17	0.00	38	0	42	0.00	0.00	62.28	7.22	0.00	0.00	2000
255	11.49	2153	2163	0.17	214	0	0	0	nan	0.00	0.02	2.73	88.51	88.51	0.00	38	0	42	0.00	0.00	68.05	7.80	0.00	0.00	2000
226	11.04	2089	2058	0.00	196	0	0	0	nan	0.00	0.00	3.54	83.67	88.96	0.00	38	0	42	0.00	0.00	65.17	7.38	0.00	0.00	2000
232	10.73	2136	2128	0.00	211	0	0	0	nan	0.00	0.02	2.84	87.67	89.27	0.00	38	0	42	0.00	0.00	66.23	7.49	0.00	0.00	2000
229	11.03	2092	2088	0.00	194	0	0	0	nan	0.00	0.00	2.68	85.87	88.97	0.00	38	0	42	0.00	0.00	62.86	7.25	0.00	0.00	2000
229	10.49	2175	2112	0.00	213	0	0	0	nan	0.00	0.01	4.07	85.98	89.51	0.00	38	0	43	0.00	0.00	68.18	7.69	0.00	0.00	2000
228	11.12	2076	2076	0.00	196	0	0	0	nan	0.00	0.00	3.67	84.32	88.88	0.00	38	0	42	0.00	0.00	62.75	7.35	0.00	0.00	2000
231	10.74	2130	2125	0.00	211	0	0	0	nan	0.00	0.00	3.31	87.00	89.26	0.00	38	0	42	0.00	0.00	68.14	8.00	0.00	0.00	2000
330	14.86	2205	2113	0.00	199	0	0	0	nan	0.00	0.96	4.48	80.41	85.14	0.00	38	0	42	0.00	0.00	65.00	7.66	0.00	0.00	2000
134	8.61	1574	2079	0.00	233	0	0	0	nan	0.00	0.02	7.13	83.33	91.39	0.00	37	0	42	0.00	0.00	65.02	7.98	0.00	0.00	2000
81	7.27	1106	2107	0.00	193	0	0	0	nan	0.00	0.02	4.29	88.86	92.73	0.00	37	0	42	0.00	0.00	58.74	7.47	0.00	0.00	2000
