Avg_MHz	Busy%	Bzy_MHz	TSC_MHz	IPC	IRQ	NMI	SMI	LLCMRPS	LLC%hit	POLL%	C1%	C1E%	C6%	CPU%c1	CPU%c6	CoreTmp	CoreThr	PkgTmp	Pkg%pc2	Pkg%pc6	PkgWatt	RAMWatt	PKG_%	RAM_%	UncMHz
260	14.83	1834	2009	0.00	275	0	0	0	nan	0.00	0.45	17.70	63.39	85.17	0.00	37	0	42	0.00	0.00	59.54	7.16	0.00	0.00	2000
381	16.01	2171	2302	0.00	241	0	0	0	nan	0.02	1.04	17.39	73.84	83.99	0.00	37	0	42	0.00	0.00	77.72	8.77	0.00	0.00	2000
79	6.95	1136	2102	0.00	197	0	0	0	nan	0.00	0.04	8.79	84.53	93.05	0.00	37	0	42	0.00	0.00	57.89	7.51	0.00	0.00	2000
74	6.88	1068	2113	0.00	194	0	0	0	nan	0.00	0.00	4.27	89.49	93.12	0.00	37	0	42	0.00	0.00	57.39	7.52	0.00	0.00	2000
74	6.83	1077	2100	0.00	194	0	0	0	nan	0.00	0.01	2.91	90.38	93.17	0.00	37	0	42	0.00	0.00	58.22	7.56	0.00	0.00	2000
72	6.90	1044	2097	0.00	194	0	0	0	nan	0.00	0.00	3.39	89.69	93.10	0.00	37	0	43	0.00	0.00	58.40	7.53	0.00	0.00	2000
71	6.67	1083	2072	0.00	195	0	0	0	nan	0.00	0.00	3.42	88.80	93.33	0.00	37	0	42	0.00	0.00	56.51	7.30	0.00	0.00	2000
72	6.90	1029	2127	0.00	193	0	0	0	nan	0.00	0.00	1.86	92.65	93.10	0.00	37	0	42	0.00	0.00	57.13	7.47	0.00	0.00	2000
73	6.55	1112	2113	0.00	193	0	0	0	nan	0.00	0.02	2.47	91.63	93.45	0.00	37	0	42	0.00	0.00	58.78	7.50	0.00	0.00	2000
73	6.60	1104	2090	0.00	194	0	0	0	nan	0.00	0.01	3.14	89.99	93.40	0.00	37	0	42	0.00	0.00	56.47	7.52	0.00	0.00	2000
73	6.71	1091	2103	0.00	194	0	0	0	nan	0.00	0.02	2.68	90.71	93.29	0.00	37	0	42	0.00	0.00	61.04	7.48	0.00	0.00	2000
73	6.51	1123	2105	0.00	194	0	0	0	nan	0.00	0.02	3.26	90.57	93.49	0.00	37	0	42	0.00	0.00	59.87	7.56	0.00	0.00	2000
71	6.58	1092	2064	0.00	193	0	0	0	nan	0.00	0.02	2.94	88.85	93.42	0.00	37	0	42	0.00	0.00	56.12	7.13	0.00	0.00	2000
73	6.83	1045	2133	0.00	193	0	0	0	nan	0.00	0.00	1.93	92.83	93.17	0.00	37	0	43	0.00	0.00	58.02	7.39	0.00	0.00	2000
80	6.67	1192	2107	0.00	195	0	0	0	nan	0.00	0.00	3.11	90.65	93.33	0.00	37	0	42	0.00	0.00	58.61	7.44	0.00	0.00	2000
72	6.49	1110	2093	0.00	193	0	0	1	88.22	0.00	0.00	3.18	90.01	93.51	0.00	37	0	42	0.00	0.00	59.01	7.71	0.00	0.00	2000
74	6.63	1115	2103	0.29	193	0	0	1	86.35	0.00	0.01	2.58	90.89	93.37	0.00	37	0	42	0.00	0.00	58.50	7.47	0.00	0.00	2000
71	6.46	1108	2094	0.00	194	0	0	0	nan	0.00	0.02	3.05	90.21	93.54	0.00	37	0	42	0.00	0.00	58.29	7.37	0.00	0.00	2000
136	8.69	1581	2070	0.00	213	0	0	0	nan	0.01	0.01	5.30	84.66	91.31	0.00	38	0	42	0.00	0.00	60.41	7.50	0.00	0.00	2000
232	11.21	2050	2123	0.00	219	0	0	0	nan	0.00	0.00	5.35	84.54	88.79	0.00	39	0	42	0.00	0.00	67.44	7.73	0.00	0.00	2000
233	11.04	2097	2113	0.00	204	0	0	0	nan	0.00	0.00	3.95	85.63	88.96	0.00	40	0	43	0.00	0.00	64.51	7.23	0.00	0.00	2000
231	11.09	2088	2096	0.00	204	0	0	0	nan	0.00	0.02	4.05	84.68	88.91	0.00	40	0	42	0.00	0.00	65.82	7.44	0.00	0.00	2000
238	11.26	2112	2099	0.00	206	0	0	0	nan	0.00	0.05	4.21	84.60	88.74	0.00	39	0	42	0.00	0.00	63.34	7.35	0.00	0.00	2000
229	11.14	2097	2060	0.00	186	0	0	0	nan	0.00	0.01	6.01	81.18	88.86	0.00	37	0	42	0.00	0.00	62.75	7.29	0.00	0.00	2000
232	11.28	2017	2142	0.00	217	0	0	0	nan	0.00	0.01	5.42	85.22	88.72	0.00	37	0	42	0.00	0.00	68.08	7.91	0.00	0.00	2000
231	11.11	2079	2097	0.00	198	0	0	0	nan	0.00	0.06	2.67	86.17	88.89	0.00	38	0	42	0.00	0.00	66.09	7.74	0.00	0.00	2000
236	11.26	2084	2108	0.00	197	0	0	0	nan	0.01	0.00	4.37	84.80	88.74	0.00	38	0	42	0.00	0.00	66.37	7.52	0.00	0.00	2000
229	11.15	2058	2093	0.00	203	0	0	0	nan	0.00	0.03	4.45	84.13	88.85	0.00	38	0	42	0.00	0.00	66.48	7.49	0.00	0.00	2000
224	11.40	2029	2034	0.00	196	0	0	0	nan	0.00	0.00	4.89	81.04	88.60	0.00	38	0	42	0.00	0.00	61.48	6.97	0.00	0.00	2000
228	10.67	2102	2138	0.00	213	0	0	0	nan	0.00	0.01	4.46	86.37	89.33	0.00	39	0	42	0.00	0.00	67.24	7.66	0.00	0.00	2000
232	11.55	2036	2071	0.00	199	0	0	0	nan	0.00	0.02	3.77	83.45	88.45	0.00	39	0	42	0.00	0.00	62.72	7.24	0.00	0.00	2000
232	10.90	2078	2153	0.00	220	0	0	0	nan	0.00	0.02	5.49	85.93	89.10	0.00	39	0	43	0.00	0.00	68.72	8.04	0.00	0.00	2000
231	10.84	2131	2101	0.00	198	0	0	7	95.26	0.00	0.00	5.43	83.80	89.16	0.00	39	0	42	0.00	0.00	64.93	7.68	0.00	0.00	2000
228	10.81	2112	2099	0.75	199	0	0	12	96.66	0.00	0.00	5.07	84.08	89.19	0.00	40	0	43	0.00	0.00	65.57	7.63	0.00	0.00	2000
232	10.86	2121	2115	0.00	198	0	0	0	nan	0.00	0.01	5.87	84.03	89.14	0.00	40	0	42	0.00	0.00	65.74	7.66	0.00	0.00	2000
225	11.09	2074	2051	0.00	195	0	0	0	nan	0.01	0.01	4.31	82.55	88.91	0.00	39	0	42	0.00	0.00	62.09	7.18	0.00	0.00	2000
228	11.89	2066	1951	0.00	206	0	0	0	nan	0.00	0.00	4.56	77.36	88.11	0.00	39	0	43	0.00	0.00	58.48	6.98	0.00	0.00	2000
241	9.95	2173	2341	0.00	245	0	0	0	nan	0.00	0.03	5.61	94.72	90.05	0.00	38	0	43	0.00	0.00	76.28	8.68	0.00	0.00	2000
232	11.06	2104	2094	0.00	199	0	0	0	nan	0.00	0.00	6.01	82.83	88.94	0.00	38	0	42	0.00	0.00	62.11	7.20	0.00	0.00	2000
233	11.48	2030	2095	0.00	199	0	0	0	nan	0.00	0.00	6.89	81.50	88.52	0.00	38	0	43	0.00	0.00	64.42	7.52	0.00	0.00	2000
229	10.59	2155	2106	0.00	199	0	0	0	nan	0.00	0.00	6.63	83.11	89.41	0.00	39	0	42	0.00	0.00	66.43	7.56	0.00	0.00	2000
236	11.77	2016	2093	0.00	198	0	0	0	nan	0.00	0.00	7.26	80.75	88.23	0.00	39	0	42	0.00	0.00	64.18	7.44	0.00	0.00	2000
233	11.30	2053	2110	0.00	200	0	0	0	nan	0.00	0.00	7.31	81.87	88.70	0.00	39	0	42	0.00	0.00	64.70	7.76	0.00	0.00	2000
230	11.27	2049	2094	0.00	201	0	0	0	nan	0.00	0.00	7.16	81.37	88.73	0.00	39	0	42	0.00	0.00	64.73	7.65	0.00	0.00	2000
234	11.01	2114	2109	0.00	198	0	0	0	nan	0.00	0.00	5.99	83.47	88.99	0.00	39	0	42	0.00	0.00	66.08	7.66	0.00	0.00	2000
233	11.18	2088	2095	0.00	201	0	0	0	nan	0.00	0.00	5.80	82.90	88.82	0.00	39	0	43	0.00	0.00	65.22	7.52	0.00	0.00	2000
232	11.18	2073	2098	0.00	200	0	0	0	nan	0.00	0.00	5.32	83.46	88.82	0.00	39	0	42	0.00	0.00	64.27	7.31	0.00	0.00	2000
238	11.35	2094	2104	0.00	209	0	0	0	nan	0.00	0.00	5.76	83.08	88.65	0.00	38	0	43	0.00	0.00	64.54	7.65	0.00	0.00	2000
229	11.63	2094	1976	0.00	182	0	0	0	nan	0.00	0.00	5.82	77.48	88.37	0.00	37	0	43	0.00	0.00	59.50	6.97	0.00	0.00	2000
237	10.99	2032	2226	0.00	212	0	0	16	88.64	0.00	0.00	6.35	88.09	89.01	0.00	37	0	42	0.00	0.00	70.91	8.37	0.00	0.00	2000
309	14.73	2112	2087	0.57	234	0	0	13	92.07	0.00	0.03	5.85	78.93	85.27	0.00	38	0	42	0.00	0.00	65.95	7.60	0.00	0.00	2000
227	10.94	2058	2122	0.00	213	0	0	0	nan	0.00	0.00	3.98	86.10	89.06	0.00	38	0	42	0.00	0.00	64.46	7.66	0.00	0.00	2000
131	8.00	1657	2077	0.00	225	0	0	0	nan	0.00	0.00	7.61	83.17	92.00	0.00	37	0	42	0.00	0.00	60.58	7.33	0.00	0.00	2000
77	7.06	1080	2115	0.00	193	0	0	0	nan	0.00	0.01	3.85	89.76	92.94	0.00	37	0	43	0.00	0.00	58.79	7.62	0.00	0.00	2000
75	6.49	1155	2090	0.00	193	0	0	0	nan	0.00	0.02	3.15	89.86	93.51	0.00	37	0	43	0.00	0.00	57.29	7.43	0.00	0.00	2000
74	6.70	1101	2116	0.00	211	0	0	0	nan	0.00	0.02	3.37	90.67	93.30	0.00	37	0	42	0.00	0.00	57.41	7.38	0.00	0.00	2000
