Avg_MHz	Busy%	Bzy_MHz	TSC_MHz	IPC	IRQ	NMI	SMI	LLCMRPS	LLC%hit	POLL%	C1%	C1E%	C6%	CPU%c1	CPU%c6	CoreTmp	CoreThr	PkgTmp	Pkg%pc2	Pkg%pc6	PkgWatt	RAMWatt	PKG_%	RAM_%	UncMHz
338	18.15	1971	1983	0.00	244	0	0	0	nan	0.00	0.00	30.93	46.35	81.85	0.00	37	0	42	0.00	0.00	61.43	7.27	0.00	0.00	2000
390	16.23	2242	2254	0.00	224	0	0	0	nan	0.05	1.28	15.03	73.74	83.77	0.00	39	0	42	0.00	0.00	73.49	8.20	0.00	0.00	2000
80	6.72	1178	2123	0.00	210	0	0	0	nan	0.00	0.53	9.36	84.39	93.28	0.00	37	0	42	0.00	0.00	58.29	7.21	0.00	0.00	2000
74	6.63	1113	2102	0.00	197	0	0	0	nan	0.00	0.00	4.38	89.06	93.37	0.00	37	0	42	0.00	0.00	57.66	7.31	0.00	0.00	2000
75	6.39	1173	2106	0.00	197	0	0	0	nan	0.00	0.00	4.65	89.18	93.61	0.00	37	0	42	0.00	0.00	59.68	7.61	0.00	0.00	2000
74	6.39	1156	2103	0.00	194	0	0	0	nan	0.00	0.00	3.80	89.88	93.61	0.00	37	0	42	0.00	0.00	58.58	7.39	0.00	0.00	2000
72	6.56	1115	2074	0.00	196	0	0	0	nan	0.00	0.06	3.78	88.51	93.44	0.00	37	0	42	0.00	0.00	58.50	7.45	0.00	0.00	2000
75	6.86	1072	2131	0.00	195	0	0	0	nan	0.00	0.03	2.03	92.45	93.14	0.00	37	0	42	0.00	0.00	58.91	7.46	0.00	0.00	2000
73	6.17	1205	2065	0.00	193	0	0	0	nan	0.00	0.00	3.08	89.14	93.83	0.00	37	0	42	0.00	0.00	55.61	7.13	0.00	0.00	2000
72	6.65	1080	2098	0.00	193	0	0	0	nan	0.00	0.00	2.04	91.22	93.35	0.00	37	0	42	0.00	0.00	57.79	7.32	0.00	0.00	2000
73	6.82	1061	2130	0.00	210	0	0	0	nan	0.00	0.00	4.63	89.84	93.18	0.00	37	0	42	0.00	0.00	55.54	7.40	0.00	0.00	2000
69	6.67	1051	2076	0.00	193	0	0	0	nan	0.00	0.00	3.49	88.96	93.33	0.00	37	0	42	0.00	0.00	60.60	7.34	0.00	0.00	2000
74	6.71	1088	2131	0.00	194	0	0	0	nan	0.00	0.02	2.11	92.60	93.29	0.00	37	0	42	0.00	0.00	58.23	7.41	0.00	0.00	2000
70	6.50	1084	2073	0.00	195	0	0	0	nan	0.00	0.00	2.91	89.37	93.50	0.00	37	0	42	0.00	0.00	59.80	7.40	0.00	0.00	2000
73	6.70	1086	2106	0.00	195	0	0	0	nan	0.00	0.00	2.34	91.27	93.30	0.00	37	0	42	0.00	0.00	57.63	7.25	0.00	0.00	2000
73	6.49	1115	2104	0.00	193	0	0	1	87.26	0.00	0.01	2.26	91.37	93.51	0.00	37	0	42	0.00	0.00	57.79	7.45	0.00	0.00	2000
74	6.20	1182	2108	0.06	194	0	0	2	87.09	0.00	0.00	3.16	90.96	93.80	0.00	37	0	42	0.00	0.00	59.11	7.45	0.00	0.00	2000
71	6.03	1194	2083	0.00	195	0	0	0	nan	0.00	0.00	2.74	90.38	93.97	0.00	37	0	42	0.00	0.00	55.85	7.09	0.00	0.00	2000
162	9.09	1830	2048	0.00	208	0	0	0	nan	0.00	0.72	4.49	83.45	90.91	0.00	37	0	42	0.00	0.00	59.17	7.18	0.00	0.00	2000
238	10.80	2116	2184	0.00	213	0	0	0	nan	0.00	0.04	3.75	88.95	89.20	0.00	37	0	42	0.00	0.00	68.29	7.73	0.00	0.00	2000
227	10.98	2086	2084	0.00	198	0	0	0	nan	0.00	0.00	3.18	85.25	89.02	0.00	37	0	42	0.00	0.00	65.00	7.41	0.00	0.00	2000
228	11.12	2068	2080	0.00	203	0	0	0	nan	0.01	0.07	3.15	84.96	88.88	0.00	37	0	42	0.00	0.00	64.38	7.27	0.00	0.00	2000
233	11.46	2073	2058	0.00	199	0	0	0	nan	0.00	0.00	3.90	82.92	88.54	0.00	37	0	42	0.00	0.00	63.28	7.10	0.00	0.00	2000
235	10.95	2069	2178	0.00	214	0	0	0	nan	0.01	0.00	4.52	87.96	89.05	0.00	37	0	42	0.00	0.00	66.77	7.71	0.00	0.00	2000
222	11.17	2099	1985	0.00	200	0	0	0	nan	0.00	0.00	6.29	77.74	88.83	0.00	38	0	42	0.00	0.00	58.73	6.84	0.00	0.00	2000
238	10.91	2067	2219	0.00	235	0	0	0	nan	0.00	0.00	6.42	87.88	89.09	0.00	37	0	42	0.00	0.00	76.77	8.91	0.00	0.00	2000
233	10.96	2114	2110	0.00	200	0	0	0	nan	0.00	0.02	6.24	83.32	89.04	0.00	37	0	42	0.00	0.00	67.04	7.66	0.00	0.00	2000
231	11.19	2053	2108	0.00	198	0	0	0	nan	0.00	0.00	4.26	85.05	88.81	0.00	38	0	42	0.00	0.00	62.78	7.36	0.00	0.00	2000
228	10.96	2092	2087	0.00	198	0	0	0	nan	0.00	0.01	4.37	84.20	89.04	0.00	38	0	42	0.00	0.00	63.97	7.35	0.00	0.00	2000
233	11.12	2083	2109	0.00	203	0	0	0	nan	0.00	0.00	4.79	84.58	88.88	0.00	38	0	42	0.00	0.00	67.23	7.54	0.00	0.00	2000
230	11.14	2065	2099	0.00	199	0	0	0	nan	0.00	0.00	5.69	83.16	88.86	0.00	38	0	42	0.00	0.00	61.33	6.98	0.00	0.00	2000
228	10.99	2079	2095	0.00	198	0	0	0	nan	0.00	0.00	4.74	84.20	89.01	0.00	38	0	42	0.00	0.00	64.74	7.37	0.00	0.00	2000
226	10.99	2083	2074	0.09	198	0	0	9	95.89	0.00	0.00	4.39	83.56	89.01	0.00	39	0	42	0.00	0.00	64.98	7.37	0.00	0.00	2000
224	10.85	2061	2108	0.63	215	0	0	7	95.17	0.00	0.03	4.38	85.25	89.15	0.00	38	0	42	0.00	0.00	64.77	7.35	0.00	0.00	2000
241	11.22	2121	2123	0.00	204	0	0	0	nan	0.00	0.25	4.56	85.07	88.78	0.00	39	0	42	0.00	0.00	64.82	7.46	0.00	0.00	2000
227	10.84	2105	2087	0.00	200	0	0	0	nan	0.00	0.03	5.59	83.11	89.16	0.00	39	0	42	0.00	0.00	65.77	7.35	0.00	0.00	2000
233	11.18	2072	2111	0.00	199	0	0	0	nan	0.01	1.00	3.93	84.47	88.82	0.00	39	0	42	0.00	0.00	64.40	7.34	0.00	0.00	2000
226	10.95	2072	2092	0.00	198	0	0	0	nan	0.00	0.98	5.93	81.87	89.05	0.00	39	0	42	0.00	0.00	64.70	7.47	0.00	0.00	2000
228	11.35	2020	2088	0.00	196	0	0	0	nan	0.00	0.00	4.91	83.23	88.65	0.00	39	0	42	0.00	0.00	66.14	7.65	0.00	0.00	2000
230	11.06	2075	2106	0.00	220	0	0	0	nan	0.00	0.02	6.08	83.20	88.94	0.00	39	0	42	0.00	0.00	63.19	7.06	0.00	0.00	2000
231	11.11	2064	2111	0.00	198	0	0	0	nan	0.00	0.00	5.95	83.48	88.89	0.00	39	0	42	0.00	0.00	64.66	7.26	0.00	0.00	2000
228	11.26	2014	2115	0.00	198	0	0	0	nan	0.00	0.00	5.53	83.95	88.74	0.00	39	0	42	0.00	0.00	65.74	7.30	0.00	0.00	2000
227	11.49	2069	2005	0.00	199	0	0	0	nan	0.00	0.01	5.79	78.80	88.51	0.00	37	0	42	0.00	0.00	61.51	6.97	0.00	0.00	2000
234	10.78	2098	2178	0.00	215	0	0	0	nan	0.00	0.00	5.33	87.27	89.22	0.00	38	0	42	0.00	0.00	68.25	7.86	0.00	0.00	2000
234	11.29	2067	2106	0.00	210	0	0	0	nan	0.00	0.00	6.11	82.96	88.71	0.00	38	0	42	0.00	0.00	64.61	7.27	0.00	0.00	2000
229	11.24	2037	2104	0.00	199	0	0	0	nan	0.00	0.02	5.23	83.73	88.76	0.00	39	0	42	0.00	0.00	64.90	7.44	0.00	0.00	2000
232	11.39	2031	2111	0.00	198	0	0	0	nan	0.00	0.02	3.74	85.43	88.61	0.00	39	0	42	0.00	0.00	64.21	7.36	0.00	0.00	2000
231	11.15	2070	2103	0.00	199	0	0	0	nan	0.00	0.00	3.34	85.74	88.85	0.00	39	0	42	0.00	0.00	65.80	7.57	0.00	0.00	2000
232	11.49	2060	2056	0.00	198	0	0	0	nan	0.00	0.02	3.39	83.33	88.51	0.00	39	0	42	0.00	0.00	66.06	7.54	0.00	0.00	2000
230	10.73	2099	2146	0.23	219	0	0	8	73.10	0.00	0.02	4.98	86.31	89.27	0.00	39	0	42	0.00	0.00	66.25	7.45	0.00	0.00	2000
231	10.86	2127	2101	0.70	198	0	0	5	75.02	0.00	0.00	5.74	83.40	89.14	0.00	39	0	42	0.00	0.00	64.34	7.49	0.00	0.00	2000
222	11.52	2069	1960	0.00	200	0	0	0	nan	0.00	0.00	4.34	78.35	88.48	0.00	38	0	42	0.00	0.00	58.90	6.76	0.00	0.00	2000
350	15.49	2237	2119	0.00	250	0	0	0	nan	0.00	0.00	7.27	78.08	84.51	0.00	39	0	42	0.00	0.00	64.84	7.19	0.00	0.00	2000
211	10.16	1964	2222	0.00	259	0	0	0	nan	0.00	0.00	12.20	82.94	89.84	0.00	37	0	42	0.00	0.00	73.50	8.37	0.00	0.00	2000
106	8.06	1312	2098	0.00	232	0	0	0	nan	0.00	0.17	7.73	84.00	91.94	0.00	37	0	42	0.00	0.00	58.98	7.34	0.00	0.00	2000
159	9.85	1564	2172	0.00	67	0	0	0	nan	0.00	0.00	11.88	81.20	90.15	0.00	37	0	42	0.00	0.00	65.26	7.80	0.00	0.00	2000
