Avg_MHz	Busy%	Bzy_MHz	TSC_MHz	IPC	IRQ	NMI	SMI	LLCMRPS	LLC%hit	POLL%	C1%	C1E%	C6%	CPU%c1	CPU%c6	CoreTmp	CoreThr	PkgTmp	Pkg%pc2	Pkg%pc6	PkgWatt	RAMWatt	PKG_%	RAM_%	UncMHz
244	13.62	1877	2003	0.00	224	0	0	0	nan	0.00	0.00	29.33	53.14	86.38	0.00	38	0	42	0.00	0.00	58.10	6.97	0.00	0.00	2000
382	16.96	2121	2230	0.00	246	0	0	0	nan	0.06	1.59	18.86	68.04	83.04	0.00	38	0	43	0.00	0.00	74.51	8.09	0.00	0.00	2000
78	7.41	1048	2103	0.00	196	0	0	0	nan	0.00	0.06	9.99	82.85	92.59	0.00	37	0	42	0.00	0.00	57.34	7.19	0.00	0.00	2000
74	7.02	1032	2134	0.00	195	0	0	0	nan	0.00	0.02	3.15	91.46	92.98	0.00	38	0	43	0.00	0.00	59.18	7.55	0.00	0.00	2000
72	6.97	1055	2069	0.00	194	0	0	0	nan	0.00	0.00	3.01	88.76	93.03	0.00	37	0	43	0.00	0.00	59.45	7.40	0.00	0.00	2000
72	7.16	992	2119	0.00	209	0	0	0	nan	0.00	0.00	4.19	89.68	92.84	0.00	38	0	43	0.00	0.00	60.99	7.59	0.00	0.00	2000
73	6.75	1078	2112	0.00	193	0	0	0	nan	0.00	0.00	3.91	90.00	93.25	0.00	37	0	42	0.00	0.00	58.36	7.42	0.00	0.00	2000
72	6.70	1068	2099	0.00	193	0	0	0	nan	0.00	0.00	3.38	90.01	93.30	0.00	37	0	43	0.00	0.00	59.16	7.42	0.00	0.00	2000
72	6.73	1075	2089	0.00	194	0	0	0	nan	0.00	0.02	3.51	89.40	93.27	0.00	37	0	43	0.00	0.00	58.72	7.63	0.00	0.00	2000
72	6.93	1041	2099	0.00	193	0	0	0	nan	0.00	0.00	3.81	89.37	93.07	0.00	37	0	43	0.00	0.00	59.05	7.41	0.00	0.00	2000
74	6.64	1102	2116	0.00	193	0	0	0	nan	0.00	0.00	3.97	90.23	93.36	0.00	38	0	42	0.00	0.00	59.35	7.59	0.00	0.00	2000
71	6.70	1075	2074	0.00	194	0	0	0	nan	0.00	0.02	3.05	89.18	93.30	0.00	37	0	43	0.00	0.00	55.51	7.25	0.00	0.00	2000
73	6.72	1076	2129	0.00	193	0	0	0	nan	0.00	0.00	4.39	90.13	93.28	0.00	37	0	43	0.00	0.00	61.22	7.89	0.00	0.00	2000
75	6.94	1098	2063	0.00	195	0	0	0	nan	0.00	0.00	4.34	87.08	93.06	0.00	37	0	43	0.00	0.00	56.19	7.16	0.00	0.00	2000
73	6.98	1029	2136	0.00	193	0	0	0	nan	0.00	0.00	2.60	92.15	93.02	0.00	38	0	43	0.00	0.00	59.03	7.43	0.00	0.00	2000
73	6.94	1044	2103	0.00	195	0	0	1	86.62	0.00	0.01	3.32	90.09	93.06	0.00	37	0	42	0.00	0.00	59.16	7.49	0.00	0.00	2000
72	6.78	1078	2082	0.06	193	0	0	2	85.59	0.00	0.02	2.98	89.53	93.22	0.00	37	0	43	0.00	0.00	58.09	7.24	0.00	0.00	2000
72	6.91	1038	2116	0.00	194	0	0	0	nan	0.00	0.02	2.61	91.28	93.09	0.00	37	0	42	0.00	0.00	59.59	7.65	0.00	0.00	2000
148	9.10	1629	2100	0.00	205	0	0	0	nan	0.01	0.72	6.83	83.45	90.90	0.00	38	0	42	0.00	0.00	61.67	7.55	0.00	0.00	2000
229	11.06	2084	2086	0.00	198	0	0	0	nan	0.00	0.00	6.63	81.82	88.94	0.00	39	0	43	0.00	0.00	66.37	7.49	0.00	0.00	2000
228	11.42	2016	2082	0.00	198	0	0	0	nan	0.00	0.01	3.98	84.05	88.58	0.00	39	0	43	0.00	0.00	63.00	7.26	0.00	0.00	2000
236	11.31	2051	2136	0.00	196	0	0	0	nan	0.00	0.00	5.24	85.14	88.69	0.00	39	0	42	0.00	0.00	67.30	7.71	0.00	0.00	2000
238	11.62	2059	2091	0.00	202	0	0	0	nan	0.00	0.04	7.09	81.08	88.38	0.00	38	0	43	0.00	0.00	67.18	7.59	0.00	0.00	2000
231	11.56	1996	2099	0.00	199	0	0	0	nan	0.00	0.02	6.41	82.13	88.44	0.00	38	0	43	0.00	0.00	65.87	7.64	0.00	0.00	2000
229	11.26	2045	2090	0.00	196	0	0	0	nan	0.00	0.00	4.40	84.14	88.74	0.00	38	0	42	0.00	0.00	66.45	7.65	0.00	0.00	2000
226	11.12	2048	2080	0.00	194	0	0	0	nan	0.00	0.00	5.09	83.17	88.88	0.00	38	0	42	0.00	0.00	62.83	7.43	0.00	0.00	2000
235	11.49	2027	2116	0.00	197	0	0	0	nan	0.00	0.00	5.66	83.62	88.51	0.00	38	0	43	0.00	0.00	68.17	7.68	0.00	0.00	2000
229	11.36	2024	2094	0.00	203	0	0	0	nan	0.00	0.00	5.35	83.26	88.64	0.00	38	0	42	0.00	0.00	66.41	7.69	0.00	0.00	2000
228	11.15	2054	2090	0.00	199	0	0	0	nan	0.00	0.00	4.74	83.87	88.85	0.00	38	0	42	0.00	0.00	63.56	7.26	0.00	0.00	2000
234	11.26	2039	2136	0.00	195	0	0	0	nan	0.00	0.56	2.49	87.44	88.74	0.00	38	0	43	0.00	0.00	66.03	7.67	0.00	0.00	2000
229	10.93	2107	2088	0.00	196	0	0	0	nan	0.01	0.05	2.08	86.56	89.07	0.00	39	0	43	0.00	0.00	64.20	7.21	0.00	0.00	2000
230	11.45	2031	2081	0.00	197	0	0	0	nan	0.00	0.01	4.47	83.44	88.55	0.00	39	0	42	0.00	0.00	64.03	7.25	0.00	0.00	2000
229	11.02	2058	2122	0.00	214	0	0	1	89.87	0.00	0.00	5.90	84.16	88.98	0.00	39	0	42	0.00	0.00	65.46	7.39	0.00	0.00	2000
229	11.43	1995	2109	0.79	198	0	0	19	91.90	0.00	0.00	6.56	82.61	88.57	0.00	39	0	42	0.00	0.00	68.93	7.75	0.00	0.00	2000
230	11.20	2052	2099	0.00	198	0	0	0	nan	0.00	0.00	5.19	83.72	88.80	0.00	39	0	43	0.00	0.00	64.81	7.31	0.00	0.00	2000
231	11.44	2034	2087	0.00	199	0	0	0	nan	0.00	0.00	5.81	82.41	88.56	0.00	38	0	43	0.00	0.00	63.48	7.05	0.00	0.00	2000
230	11.62	1979	2099	0.00	206	0	0	0	nan	0.00	0.00	3.47	85.08	88.38	0.00	39	0	43	0.00	0.00	66.20	7.53	0.00	0.00	2000
233	11.20	2062	2119	0.00	214	0	0	0	nan	0.00	0.02	3.32	86.36	88.80	0.00	39	0	42	0.00	0.00	67.99	7.94	0.00	0.00	2000
235	11.31	2077	2099	0.00	202	0	0	0	nan	0.00	0.02	4.03	84.72	88.69	0.00	40	0	43	0.00	0.00	65.83	7.46	0.00	0.00	2000
228	11.06	2065	2093	0.00	206	0	0	0	nan	0.00	0.00	3.72	85.05	88.94	0.00	40	0	43	0.00	0.00	64.13	7.30	0.00	0.00	2000
257	12.18	2111	2095	0.00	237	0	0	0	nan	0.00	0.02	7.13	80.59	87.82	0.00	41	0	43	0.00	0.00	64.97	7.20	0.00	0.00	2000
231	10.78	2134	2110	0.00	203	0	0	0	nan	0.00	0.00	3.30	86.41	89.22	0.00	40	0	43	0.00	0.00	67.06	7.67	0.00	0.00	2000
229	11.34	2055	2061	0.00	221	0	0	0	nan	0.00	0.05	5.16	81.99	88.66	0.00	38	0	43	0.00	0.00	62.17	7.04	0.00	0.00	2000
225	11.99	2021	1951	0.00	216	0	0	0	nan	0.00	0.00	4.75	77.17	88.01	0.00	39	0	43	0.00	0.00	62.05	7.23	0.00	0.00	2000
362	14.63	2242	2319	0.00	254	0	0	0	nan	0.00	0.06	8.90	85.38	85.37	0.00	38	0	42	0.00	0.00	74.79	8.36	0.00	0.00	2000
228	11.30	2040	2073	0.00	238	0	0	0	nan	0.00	0.52	9.08	78.20	88.70	0.00	38	0	43	0.00	0.00	63.57	7.39	0.00	0.00	2000
85	7.66	1087	2136	0.00	197	0	0	0	nan	0.00	0.00	4.71	89.31	92.34	0.00	37	0	42	0.00	0.00	62.97	7.71	0.00	0.00	2000
72	7.09	1031	2073	0.00	195	0	0	0	nan	0.01	0.00	3.45	88.36	92.91	0.00	37	0	43	0.00	0.00	57.81	7.18	0.00	0.00	2000
136	11.11	1225	2101	0.00	49	0	0	0	nan	0.00	0.03	13.96	75.05	88.89	0.00	37	0	43	0.00	0.00	55.73	6.85	0.00	0.00	2000
