Avg_MHz	Busy%	Bzy_MHz	TSC_MHz	IPC	IRQ	NMI	SMI	LLCMRPS	LLC%hit	POLL%	C1%	C1E%	C6%	CPU%c1	CPU%c6	CoreTmp	CoreThr	PkgTmp	Pkg%pc2	Pkg%pc6	PkgWatt	RAMWatt	PKG_%	RAM_%	UncMHz
322	15.79	2003	2135	0.00	234	0	0	0	nan	0.02	0.77	33.55	51.30	84.21	0.00	37	0	42	0.00	0.00	67.35	8.03	0.00	0.00	2000
328	15.95	2055	2101	0.00	214	0	0	0	nan	0.00	1.90	11.79	70.63	84.05	0.00	37	0	42	0.00	0.00	64.56	7.49	0.00	0.00	2000
78	6.69	1140	2143	0.00	212	0	0	0	nan	0.00	0.02	5.02	90.21	93.31	0.00	37	0	42	0.00	0.00	61.75	7.87	0.00	0.00	2000
73	6.43	1137	2087	0.00	193	0	0	0	nan	0.00	0.00	3.21	89.68	93.57	0.00	37	0	42	0.00	0.00	55.26	7.00	0.00	0.00	2000
78	6.62	1183	2087	0.00	195	0	0	0	nan	0.00	0.00	4.72	87.99	93.38	0.00	37	0	42	0.00	0.00	58.85	7.32	0.00	0.00	2000
73	6.37	1133	2116	0.00	193	0	0	0	nan	0.00	0.00	1.87	92.37	93.63	0.00	37	0	42	0.00	0.00	58.40	7.39	0.00	0.00	2000
74	6.66	1104	2113	0.00	197	0	0	0	nan	0.00	0.00	2.49	91.43	93.34	0.00	37	0	42	0.00	0.00	58.72	7.54	0.00	0.00	2000
75	6.86	1112	2068	0.00	210	0	0	0	nan	0.00	0.00	7.07	84.63	93.14	0.00	37	0	42	0.00	0.00	58.07	7.52	0.00	0.00	2000
74	6.58	1115	2116	0.00	194	0	0	0	nan	0.00	0.01	1.86	92.27	93.42	0.00	37	0	42	0.00	0.00	57.66	7.50	0.00	0.00	2000
71	6.81	1056	2087	0.00	193	0	0	0	nan	0.00	0.00	2.71	89.85	93.19	0.00	37	0	42	0.00	0.00	57.40	7.31	0.00	0.00	2000
72	6.58	1088	2125	0.00	194	0	0	0	nan	0.00	0.06	2.70	91.91	93.42	0.00	37	0	42	0.00	0.00	58.20	7.46	0.00	0.00	2000
72	6.67	1092	2080	0.00	193	0	0	0	nan	0.00	0.01	2.46	90.01	93.33	0.00	37	0	42	0.00	0.00	57.65	7.46	0.00	0.00	2000
73	7.02	1026	2119	0.00	210	0	0	0	nan	0.00	0.00	3.49	90.37	92.98	0.00	37	0	42	0.00	0.00	58.83	7.78	0.00	0.00	2000
73	6.36	1144	2106	0.00	193	0	0	0	nan	0.00	0.02	3.45	90.35	93.64	0.00	37	0	42	0.00	0.00	56.14	7.31	0.00	0.00	2000
73	6.75	1086	2103	0.00	194	0	0	0	nan	0.00	0.00	3.23	90.23	93.25	0.00	37	0	42	0.00	0.00	62.80	8.05	0.00	0.00	2000
71	6.41	1114	2095	0.00	193	0	0	1	88.60	0.00	0.00	3.39	89.91	93.59	0.00	37	0	42	0.00	0.00	55.32	7.25	0.00	0.00	2000
72	6.85	1060	2071	0.29	193	0	0	1	86.86	0.00	0.01	3.92	88.01	93.15	0.00	37	0	42	0.00	0.00	58.03	7.32	0.00	0.00	2000
72	6.90	1039	2121	0.00	194	0	0	0	nan	0.00	0.02	1.73	92.34	93.10	0.00	37	0	42	0.00	0.00	57.03	7.43	0.00	0.00	2000
191	9.83	1952	2093	0.00	215	0	0	0	nan	0.00	0.71	5.28	84.06	90.17	0.00	38	0	42	0.00	0.00	63.43	7.55	0.00	0.00	2000
231	10.96	2104	2104	0.00	230	0	0	0	nan	0.00	0.01	3.80	85.47	89.04	0.00	40	0	42	0.00	0.00	65.58	7.32	0.00	0.00	2000
231	10.74	2139	2113	0.00	218	0	0	0	nan	0.00	0.02	3.27	86.50	89.26	0.00	39	0	42	0.00	0.00	63.55	7.43	0.00	0.00	2000
228	10.56	2166	2091	0.00	187	0	0	0	nan	0.00	0.02	3.13	85.92	89.44	0.00	40	0	42	0.00	0.00	65.61	7.59	0.00	0.00	2000
237	10.97	2148	2107	0.00	211	0	0	0	nan	0.00	1.06	5.06	83.27	89.03	0.00	38	0	42	0.00	0.00	65.24	7.59	0.00	0.00	2000
230	11.15	2088	2071	0.00	183	0	0	0	nan	0.00	0.03	5.35	82.38	88.85	0.00	37	0	42	0.00	0.00	65.66	7.88	0.00	0.00	2000
235	11.25	2058	2130	0.00	217	0	0	0	nan	0.00	0.02	4.13	85.96	88.75	0.00	37	0	42	0.00	0.00	68.25	8.00	0.00	0.00	2000
229	11.20	2044	2102	0.00	195	0	0	0	nan	0.00	0.00	5.55	83.45	88.80	0.00	37	0	42	0.00	0.00	66.43	7.92	0.00	0.00	2000
230	11.27	2051	2086	0.00	198	0	0	0	nan	0.00	0.01	4.78	83.46	88.73	0.00	37	0	42	0.00	0.00	61.55	7.58	0.00	0.00	2000
230	11.13	2065	2105	0.00	198	0	0	0	nan	0.01	0.01	4.71	84.49	88.87	0.00	37	0	42	0.00	0.00	69.52	7.69	0.00	0.00	2000
229	10.98	2106	2079	0.00	203	0	0	0	nan	0.00	0.00	5.75	82.42	89.02	0.00	37	0	42	0.00	0.00	63.58	7.36	0.00	0.00	2000
232	11.43	2051	2079	0.00	204	0	0	0	nan	0.01	0.00	4.24	83.56	88.57	0.00	38	0	42	0.00	0.00	63.48	7.51	0.00	0.00	2000
229	11.01	2073	2106	0.00	211	0	0	0	nan	0.00	0.00	5.43	83.85	88.99	0.00	38	0	42	0.00	0.00	65.17	7.53	0.00	0.00	2000
230	10.77	2096	2136	0.00	213	0	0	0	nan	0.00	0.03	4.94	85.96	89.23	0.00	38	0	42	0.00	0.00	62.97	7.24	0.00	0.00	2000
226	11.15	2045	2083	0.00	199	0	0	4	82.54	0.00	0.02	3.91	84.33	88.85	0.00	38	0	42	0.00	0.00	61.78	7.31	0.00	0.00	2000
245	11.97	2061	2082	0.57	200	0	0	13	87.40	0.01	0.07	3.38	83.85	88.03	0.00	37	0	42	0.00	0.00	68.25	7.48	0.00	0.00	2000
235	10.69	2160	2141	0.00	220	0	0	0	nan	0.01	0.01	4.79	86.31	89.31	0.00	37	0	42	0.00	0.00	65.41	7.59	0.00	0.00	2000
231	11.01	2108	2092	0.00	199	0	0	0	nan	0.00	0.01	7.10	81.62	88.99	0.00	38	0	42	0.00	0.00	64.88	7.58	0.00	0.00	2000
228	10.76	2117	2100	0.00	197	0	0	0	nan	0.00	0.47	6.04	82.75	89.24	0.00	39	0	42	0.00	0.00	65.09	7.52	0.00	0.00	2000
232	11.17	2068	2104	0.00	201	0	0	0	nan	0.00	0.00	7.35	81.75	88.83	0.00	38	0	42	0.00	0.00	64.67	7.52	0.00	0.00	2000
232	11.19	2077	2099	0.00	201	0	0	0	nan	0.00	0.00	6.17	82.68	88.81	0.00	39	0	42	0.00	0.00	65.50	7.63	0.00	0.00	2000
229	11.17	2052	2101	0.00	197	0	0	0	nan	0.00	0.00	8.32	80.61	88.83	0.00	39	0	42	0.00	0.00	64.26	7.43	0.00	0.00	2000
230	11.22	2054	2099	0.00	198	0	0	0	nan	0.00	0.00	6.16	82.68	88.78	0.00	39	0	42	0.00	0.00	64.99	7.66	0.00	0.00	2000
231	11.09	2084	2098	0.00	196	0	0	0	nan	0.00	0.00	5.07	83.80	88.91	0.00	39	0	42	0.00	0.00	65.41	7.76	0.00	0.00	2000
226	10.80	2114	2081	0.00	198	0	0	0	nan	0.00	0.00	5.92	82.52	89.20	0.00	39	0	42	0.00	0.00	64.80	7.58	0.00	0.00	2000
233	11.11	2088	2107	0.00	198	0	0	0	nan	0.00	0.00	7.17	82.00	88.89	0.00	39	0	42	0.00	0.00	64.68	7.64	0.00	0.00	2000
235	11.32	2052	2124	0.00	200	0	0	0	nan	0.00	0.02	5.27	84.55	88.68	0.00	39	0	42	0.00	0.00	64.21	7.40	0.00	0.00	2000
226	10.92	2105	2064	0.00	196	0	0	0	nan	0.00	0.00	3.23	84.31	89.08	0.00	38	0	42	0.00	0.00	62.88	7.23	0.00	0.00	2000
235	11.09	2082	2140	0.00	216	0	0	0	nan	0.00	1.62	5.58	83.43	88.91	0.00	38	0	42	0.00	0.00	68.72	8.03	0.00	0.00	2000
224	10.99	2048	2089	0.00	199	0	0	0	nan	0.00	0.53	7.81	80.31	89.01	0.00	38	0	42	0.00	0.00	64.86	7.55	0.00	0.00	2000
233	11.48	2025	2102	0.00	204	0	0	0	nan	0.00	0.00	6.76	81.92	88.52	0.00	38	0	42	0.00	0.00	64.87	7.74	0.00	0.00	2000
232	11.10	2079	2111	0.00	196	0	0	5	83.15	0.00	0.00	6.93	82.53	88.90	0.00	39	0	42	0.00	0.00	66.70	7.96	0.00	0.00	2000
230	11.07	2081	2095	0.89	198	0	0	8	80.59	0.00	0.00	5.97	82.79	88.93	0.00	39	0	42	0.00	0.00	64.72	7.48	0.00	0.00	2000
232	11.13	2091	2092	0.00	198	0	0	0	nan	0.00	0.00	6.34	82.25	88.87	0.00	39	0	42	0.00	0.00	63.99	7.60	0.00	0.00	2000
229	10.96	2085	2110	0.00	194	0	0	0	nan	0.00	0.00	6.39	83.12	89.04	0.00	39	0	42	0.00	0.00	65.18	7.75	0.00	0.00	2000
228	11.12	2072	2081	0.00	197	0	0	0	nan	0.00	0.00	5.88	82.24	88.88	0.00	39	0	42	0.00	0.00	64.16	7.66	0.00	0.00	2000
233	11.02	2104	2107	0.00	202	0	0	0	nan	0.00	0.00	5.94	83.35	88.98	0.00	39	0	42	0.00	0.00	65.05	7.88	0.00	0.00	2000
231	10.90	2110	2105	0.00	196	0	0	0	nan	0.00	0.08	4.48	84.79	89.10	0.00	39	0	42	0.00	0.00	65.62	7.74	0.00	0.00	2000
230	11.30	2035	2096	0.00	200	0	0	0	nan	0.00	0.02	5.99	82.74	88.70	0.00	39	0	42	0.00	0.00	63.93	7.55	0.00	0.00	2000
232	10.94	2122	2097	0.00	198	0	0	0	nan	0.01	0.01	3.98	84.96	89.06	0.00	39	0	42	0.00	0.00	65.22	7.63	0.00	0.00	2000
229	10.99	2088	2100	0.00	198	0	0	0	nan	0.00	0.07	4.85	84.20	89.01	0.00	39	0	42	0.00	0.00	64.27	7.68	0.00	0.00	2000
230	11.11	2073	2096	0.00	204	0	0	0	nan	0.00	0.00	5.83	82.95	88.89	0.00	39	0	42	0.00	0.00	65.52	7.64	0.00	0.00	2000
233	11.18	2072	2109	0.00	197	0	0	0	nan	0.00	0.00	7.10	82.22	88.82	0.00	39	0	42	0.00	0.00	65.38	7.62	0.00	0.00	2000
229	11.46	1994	2101	0.00	197	0	0	0	nan	0.00	0.00	5.97	82.81	88.54	0.00	39	0	42	0.00	0.00	64.34	7.62	0.00	0.00	2000
232	11.39	2038	2095	0.00	197	0	0	0	nan	0.00	0.00	5.95	82.56	88.61	0.00	39	0	42	0.00	0.00	64.92	7.68	0.00	0.00	2000
228	10.91	2095	2094	0.00	195	0	0	0	nan	0.00	0.00	6.56	82.30	89.09	0.00	39	0	42	0.00	0.00	64.93	7.57	0.00	0.00	2000
232	11.18	2076	2096	0.00	203	0	0	0	nan	0.00	0.00	6.72	82.03	88.82	0.00	39	0	42	0.00	0.00	64.97	7.60	0.00	0.00	2000
233	10.97	2101	2125	0.00	198	0	0	0	nan	0.00	0.00	6.82	83.34	89.03	0.00	39	0	42	0.00	0.00	65.91	7.88	0.00	0.00	2000
227	10.96	2105	2067	0.00	196	0	0	2	84.30	0.00	0.00	4.90	82.89	89.04	0.00	39	0	42	0.00	0.00	62.93	7.37	0.00	0.00	2000
230	11.09	2051	2127	0.98	198	0	0	10	84.38	0.00	0.06	3.85	86.28	88.91	0.00	39	0	42	0.00	0.00	65.41	7.73	0.00	0.00	2000
234	11.24	2074	2108	0.00	203	0	0	0	nan	0.00	0.00	6.81	82.35	88.76	0.00	39	0	42	0.00	0.00	65.57	7.69	0.00	0.00	2000
233	10.90	2134	2101	0.00	204	0	0	0	nan	0.00	0.00	5.73	83.49	89.10	0.00	39	0	42	0.00	0.00	65.48	7.72	0.00	0.00	2000
230	11.06	2086	2092	0.00	196	0	0	0	nan	0.00	0.02	6.17	82.46	88.94	0.00	39	0	42	0.00	0.00	64.16	7.59	0.00	0.00	2000
226	10.92	2081	2090	0.00	196	0	0	0	nan	0.00	0.45	6.12	82.22	89.08	0.00	39	0	42	0.00	0.00	64.59	7.59	0.00	0.00	2000
232	11.48	2011	2108	0.00	198	0	0	0	nan	0.00	0.00	5.23	83.71	88.52	0.00	39	0	42	0.00	0.00	64.88	7.65	0.00	0.00	2000
230	11.07	2082	2098	0.00	197	0	0	0	nan	0.00	0.00	5.55	83.41	88.93	0.00	39	0	42	0.00	0.00	65.17	7.55	0.00	0.00	2000
234	10.86	2137	2115	0.00	200	0	0	0	nan	0.00	0.00	7.11	82.73	89.14	0.00	39	0	42	0.00	0.00	66.51	7.78	0.00	0.00	2000
228	10.77	2128	2093	0.00	201	0	0	0	nan	0.00	0.00	6.35	82.64	89.23	0.00	39	0	42	0.00	0.00	64.81	7.54	0.00	0.00	2000
232	11.20	2076	2094	0.00	200	0	0	0	nan	0.00	0.02	7.11	81.48	88.80	0.00	39	0	42	0.00	0.00	63.94	7.55	0.00	0.00	2000
229	10.64	2140	2110	0.00	197	0	0	0	nan	0.00	0.00	6.35	83.44	89.36	0.00	39	0	42	0.00	0.00	65.93	7.72	0.00	0.00	2000
230	10.91	2110	2096	0.00	199	0	0	0	nan	0.00	0.02	5.24	83.73	89.09	0.00	39	0	42	0.00	0.00	64.52	7.54	0.00	0.00	2000
233	11.05	2115	2089	0.00	198	0	0	0	nan	0.00	0.07	4.50	83.94	88.95	0.00	39	0	42	0.00	0.00	64.21	7.40	0.00	0.00	2000
231	10.75	2132	2116	0.00	200	0	0	0	nan	0.00	0.05	5.44	84.56	89.25	0.00	39	0	42	0.00	0.00	65.76	7.66	0.00	0.00	2000
230	10.67	2163	2092	0.00	200	0	0	0	nan	0.00	0.18	4.21	84.61	89.34	0.00	39	0	42	0.00	0.00	65.23	7.59	0.00	0.00	2000
230	10.99	2095	2100	0.00	196	0	0	0	nan	0.00	0.00	4.94	84.16	89.01	0.00	39	0	42	0.00	0.00	64.52	7.42	0.00	0.00	2000
232	11.38	2042	2097	0.00	198	0	0	0	nan	0.00	0.00	6.35	82.22	88.62	0.00	39	0	42	0.00	0.00	64.06	7.51	0.00	0.00	2000
233	11.08	2103	2099	0.86	197	0	0	10	83.55	0.00	0.00	6.73	82.29	88.92	0.00	39	0	42	0.00	0.00	65.12	7.54	0.00	0.00	2000
231	11.03	2084	2111	0.17	203	0	0	0	nan	0.00	0.00	6.98	82.43	88.97	0.00	39	0	42	0.00	0.00	65.58	7.62	0.00	0.00	2000
231	11.00	2107	2093	0.00	197	0	0	0	nan	0.00	0.00	6.72	82.04	89.00	0.00	39	0	42	0.00	0.00	64.40	7.59	0.00	0.00	2000
237	11.22	2106	2107	0.00	196	0	0	0	nan	0.00	0.02	7.35	81.81	88.78	0.00	39	0	42	0.00	0.00	63.41	7.04	0.00	0.00	2000
231	11.07	2092	2092	0.00	198	0	0	0	nan	0.00	0.02	5.75	82.84	88.93	0.00	39	0	43	0.00	0.00	64.08	7.92	0.00	0.00	2000
228	11.09	2072	2088	0.00	201	0	0	0	nan	0.00	0.00	8.15	80.43	88.91	0.00	39	0	42	0.00	0.00	67.44	7.83	0.00	0.00	2000
236	10.96	2129	2124	0.00	200	0	0	0	nan	0.00	0.00	5.89	84.26	89.04	0.00	40	0	42	0.00	0.00	60.54	7.11	0.00	0.00	2000
229	10.80	2137	2082	0.00	196	0	0	0	nan	0.00	0.00	4.67	83.76	89.20	0.00	39	0	42	0.00	0.00	66.30	7.53	0.00	0.00	2000
228	11.17	2040	2105	0.00	196	0	0	0	nan	0.00	0.54	4.85	83.73	88.83	0.00	39	0	42	0.00	0.00	67.19	8.29	0.00	0.00	2000
232	10.83	2127	2111	0.00	196	0	0	0	nan	0.00	0.00	4.42	85.30	89.17	0.00	39	0	42	0.00	0.00	63.69	7.41	0.00	0.00	2000
230	10.72	2147	2096	0.00	198	0	0	0	nan	0.00	0.00	5.20	83.95	89.28	0.00	39	0	42	0.00	0.00	62.25	7.33	0.00	0.00	2000
229	11.37	2049	2063	0.00	201	0	0	0	nan	0.00	0.02	6.28	80.85	88.63	0.00	39	0	43	0.00	0.00	65.46	7.68	0.00	0.00	2000
234	10.97	2091	2143	0.00	199	0	0	0	nan	0.00	0.00	5.05	85.95	89.03	0.00	39	0	42	0.00	0.00	66.62	7.80	0.00	0.00	2000
227	11.27	2024	2088	0.00	198	0	0	0	nan	0.00	0.00	6.07	82.31	88.73	0.00	39	0	42	0.00	0.00	66.76	7.74	0.00	0.00	2000
231	11.28	2044	2102	0.00	196	0	0	0	nan	0.00	0.00	5.99	82.85	88.72	0.00	39	0	42	0.00	0.00	64.42	7.98	0.00	0.00	2000
230	11.39	2023	2101	0.00	197	0	0	0	nan	0.00	0.00	5.33	83.46	88.61	0.00	39	0	42	0.00	0.00	65.06	7.17	0.00	0.00	2000
231	11.13	2078	2096	0.00	199	0	0	0	nan	0.00	0.00	6.51	82.26	88.87	0.00	39	0	42	0.00	0.00	59.30	7.30	0.00	0.00	2000
231	11.33	2041	2102	0.66	196	0	0	10	83.73	0.00	0.00	6.73	82.08	88.67	0.00	39	0	42	0.00	0.00	70.16	8.37	0.00	0.00	2000
229	10.92	2103	2094	0.39	198	0	0	0	nan	0.00	0.00	5.98	82.88	89.08	0.00	39	0	42	0.00	0.00	59.31	7.00	0.00	0.00	2000
228	11.05	2080	2082	0.00	196	0	0	0	nan	0.00	0.00	5.57	82.67	88.95	0.00	39	0	42	0.00	0.00	64.25	7.54	0.00	0.00	2000
234	11.13	2068	2134	0.00	195	0	0	0	nan	0.00	0.05	3.70	86.68	88.87	0.00	39	0	42	0.00	0.00	69.68	8.25	0.00	0.00	2000
231	11.28	2051	2100	0.00	199	0	0	0	nan	0.00	0.58	3.22	85.05	88.72	0.00	39	0	42	0.00	0.00	64.82	7.78	0.00	0.00	2000
225	11.16	2098	2018	0.00	199	0	0	0	nan	0.00	1.95	6.28	77.27	88.84	0.00	39	0	42	0.00	0.00	62.67	7.53	0.00	0.00	2000
231	10.77	2069	2174	0.00	214	0	0	0	nan	0.00	0.00	6.66	85.79	89.23	0.00	40	0	42	0.00	0.00	63.64	7.39	0.00	0.00	2000
233	10.87	2125	2115	0.00	196	0	0	0	nan	0.00	0.01	6.07	83.71	89.13	0.00	39	0	42	0.00	0.00	64.98	7.76	0.00	0.00	2000
230	11.16	2065	2094	0.00	200	0	0	0	nan	0.00	0.00	6.28	82.36	88.84	0.00	39	0	42	0.00	0.00	65.66	7.73	0.00	0.00	2000
234	11.00	2127	2101	0.00	203	0	0	0	nan	0.00	0.01	6.86	82.19	89.00	0.00	39	0	42	0.00	0.00	64.75	7.62	0.00	0.00	2000
230	10.91	2107	2101	0.00	195	0	0	0	nan	0.00	0.01	6.76	82.41	89.09	0.00	39	0	42	0.00	0.00	65.54	7.82	0.00	0.00	2000
229	10.93	2096	2096	0.00	195	0	0	0	nan	0.00	0.02	6.05	82.88	89.07	0.00	39	0	42	0.00	0.00	64.44	7.53	0.00	0.00	2000
232	11.32	2057	2092	0.00	199	0	0	0	nan	0.00	0.00	5.74	82.62	88.68	0.00	39	0	42	0.00	0.00	64.42	7.61	0.00	0.00	2000
232	11.30	2040	2112	0.00	199	0	0	0	nan	0.00	0.00	5.94	83.31	88.70	0.00	40	0	42	0.00	0.00	64.96	7.65	0.00	0.00	2000
227	11.01	2088	2077	0.00	200	0	0	0	nan	0.00	0.00	5.30	82.81	88.99	0.00	40	0	42	0.00	0.00	64.72	7.59	0.00	0.00	2000
233	11.24	2064	2113	0.00	200	0	0	0	nan	0.00	0.03	6.14	83.25	88.76	0.00	40	0	42	0.00	0.00	65.38	7.56	0.00	0.00	2000
232	10.81	2131	2112	0.00	198	0	0	0	nan	0.00	0.03	5.08	84.61	89.19	0.00	39	0	42	0.00	0.00	65.61	7.74	0.00	0.00	2000
237	11.26	2103	2101	0.52	201	0	0	12	80.87	0.00	0.00	6.64	82.18	88.74	0.00	39	0	42	0.00	0.00	64.78	7.72	0.00	0.00	2000
229	10.90	2102	2097	0.53	196	0	0	1	91.40	0.01	0.01	4.65	84.35	89.10	0.00	40	0	42	0.00	0.00	64.73	7.56	0.00	0.00	2000
232	11.38	2053	2090	0.00	201	0	0	0	nan	0.00	0.01	7.40	80.84	88.62	0.00	40	0	42	0.00	0.00	63.87	7.58	0.00	0.00	2000
226	11.11	2063	2074	0.00	198	0	0	0	nan	0.00	0.00	6.61	81.30	88.89	0.00	40	0	42	0.00	0.00	66.19	8.37	0.00	0.00	2000
231	11.50	2022	2084	0.00	198	0	0	0	nan	0.00	0.00	5.98	81.83	88.50	0.00	40	0	42	0.00	0.00	68.02	8.73	0.00	0.00	2000
230	10.67	2105	2150	0.00	212	0	0	0	nan	0.00	0.00	5.36	86.15	89.33	0.00	40	0	42	0.00	0.00	66.59	8.49	0.00	0.00	2000
229	10.69	2140	2101	0.00	196	0	0	0	nan	0.00	0.00	6.33	83.05	89.31	0.00	40	0	42	0.00	0.00	66.88	8.50	0.00	0.00	2000
231	11.03	2093	2098	0.00	198	0	0	0	nan	0.00	0.00	7.02	81.91	88.97	0.00	40	0	42	0.00	0.00	66.74	8.43	0.00	0.00	2000
230	11.06	2084	2095	0.00	204	0	0	0	nan	0.00	0.00	5.99	82.83	88.94	0.00	40	0	42	0.00	0.00	66.71	8.54	0.00	0.00	2000
229	10.87	2096	2108	0.00	198	0	0	0	nan	0.00	0.00	7.24	82.30	89.13	0.00	40	0	42	0.00	0.00	66.76	8.44	0.00	0.00	2000
230	10.77	2132	2100	0.00	198	0	0	0	nan	0.00	0.00	6.08	83.27	89.23	0.00	40	0	42	0.00	0.00	66.91	8.45	0.00	0.00	2000
224	10.91	2084	2073	0.00	202	1	0	0	nan	0.00	0.00	7.68	80.40	89.09	0.00	40	0	42	0.00	0.00	65.40	8.40	0.00	0.00	2000
227	11.31	2049	2059	0.00	200	0	0	0	nan	0.00	0.00	6.32	80.73	88.69	0.00	40	0	42	0.00	0.00	63.49	7.94	0.00	0.00	2000
231	10.96	2086	2122	0.00	221	0	0	0	nan	0.00	0.02	2.21	87.80	89.04	0.00	40	0	42	0.00	0.00	67.64	8.63	0.00	0.00	2000
229	10.64	2106	2143	0.00	212	0	0	0	nan	0.00	1.00	5.45	84.89	89.36	0.00	40	0	42	0.00	0.00	69.46	8.82	0.00	0.00	2000
229	11.04	2073	2098	0.00	198	0	0	0	nan	0.00	0.00	6.12	82.76	88.96	0.00	40	0	42	0.00	0.00	67.07	8.59	0.00	0.00	2000
232	11.42	2027	2105	0.00	197	0	0	0	nan	0.00	0.00	6.55	82.39	88.58	0.00	40	0	42	0.00	0.00	66.70	8.58	0.00	0.00	2000
230	11.01	2100	2088	1.08	202	0	0	49	2.79	0.00	0.00	6.46	82.08	88.99	0.00	40	0	42	0.00	0.00	67.10	8.33	0.00	0.00	2000
229	11.04	2070	2107	0.64	197	0	0	0	nan	0.00	0.00	7.41	81.94	88.96	0.00	40	0	42	0.00	0.00	66.78	8.36	0.00	0.00	2000
228	10.94	2080	2100	0.00	197	0	0	0	nan	0.00	0.00	6.69	82.46	89.06	0.00	40	0	42	0.00	0.00	66.87	8.50	0.00	0.00	2000
230	11.05	2071	2110	0.00	197	0	0	0	nan	0.00	0.00	6.54	82.92	88.95	0.00	40	0	42	0.00	0.00	66.92	8.44	0.00	0.00	2000
229	11.13	2060	2094	0.00	199	0	0	0	nan	0.00	0.00	6.57	82.05	88.87	0.00	40	0	42	0.00	0.00	66.46	8.29	0.00	0.00	2000
230	10.82	2134	2092	0.00	202	0	0	0	nan	0.00	0.00	6.10	82.81	89.18	0.00	40	0	42	0.00	0.00	66.80	8.40	0.00	0.00	2000
226	10.84	2095	2086	0.00	198	0	0	0	nan	0.00	0.00	6.33	82.32	89.16	0.00	40	0	42	0.00	0.00	66.30	8.34	0.00	0.00	2000
229	11.28	2054	2080	0.00	194	0	0	0	nan	0.00	0.02	3.67	84.18	88.72	0.00	40	0	42	0.00	0.00	64.70	8.06	0.00	0.00	2000
230	10.50	2149	2144	0.00	214	0	0	0	nan	0.00	0.10	4.18	87.11	89.50	0.00	40	0	42	0.00	0.00	70.13	8.72	0.00	0.00	2000
231	11.17	2066	2107	0.00	197	0	0	0	nan	0.00	0.02	5.90	83.25	88.83	0.00	40	0	42	0.00	0.00	66.49	8.49	0.00	0.00	2000
225	11.15	2053	2061	0.00	200	0	0	0	nan	0.00	0.02	6.42	80.88	88.85	0.00	40	0	42	0.00	0.00	65.84	8.50	0.00	0.00	2000
231	10.90	2086	2134	0.00	198	0	0	0	nan	0.00	0.00	6.69	83.93	89.10	0.00	40	0	42	0.00	0.00	67.49	8.61	0.00	0.00	2000
230	11.09	2068	2105	0.00	198	0	0	0	nan	0.00	0.00	6.32	82.88	88.91	0.00	40	0	42	0.00	0.00	67.41	8.53	0.00	0.00	2000
229	11.06	2072	2103	0.00	196	0	0	0	nan	0.00	0.03	6.61	82.48	88.94	0.00	40	0	43	0.00	0.00	66.71	8.57	0.00	0.00	2000
230	11.25	2053	2094	0.00	198	0	0	0	nan	0.00	0.00	6.12	82.43	88.75	0.00	40	0	42	0.00	0.00	66.99	8.36	0.00	0.00	2000
231	11.19	2082	2084	0.00	210	0	0	0	nan	0.00	0.00	7.30	80.96	88.81	0.00	40	0	42	0.00	0.00	66.80	8.54	0.00	0.00	2000
231	11.02	2083	2109	0.00	210	0	0	0	nan	0.00	0.00	9.07	80.46	88.98	0.00	40	0	42	0.00	0.00	66.66	8.41	0.00	0.00	2000
225	10.84	2098	2081	0.86	198	0	0	48	3.21	0.00	0.00	5.83	82.60	89.16	0.00	40	0	42	0.00	0.00	65.65	8.35	0.00	0.00	2000
228	10.63	2146	2103	0.84	195	0	0	0	91.41	0.00	0.00	5.21	84.23	89.37	0.00	41	0	42	0.00	0.00	66.95	8.49	0.00	0.00	2000
233	10.87	2120	2127	0.00	196	0	0	0	nan	0.00	1.11	3.59	85.66	89.13	0.00	40	0	42	0.00	0.00	67.76	8.46	0.00	0.00	2000
232	11.15	2086	2098	0.00	202	0	0	0	nan	0.00	0.03	6.16	82.65	88.85	0.00	40	0	42	0.00	0.00	67.08	8.67	0.00	0.00	2000
225	10.81	2112	2072	0.00	195	0	0	0	nan	0.00	0.97	5.38	81.71	89.19	0.00	40	0	42	0.00	0.00	65.97	8.36	0.00	0.00	2000
230	10.53	2164	2122	0.00	198	0	0	0	nan	0.00	0.02	7.09	83.22	89.47	0.00	40	0	42	0.00	0.00	67.58	8.63	0.00	0.00	2000
223	11.45	2014	2029	0.00	198	0	0	0	nan	0.00	0.00	5.28	80.39	88.55	0.00	40	0	43	0.00	0.00	63.14	8.17	0.00	0.00	2000
235	10.86	2084	2177	0.00	214	0	0	0	nan	0.00	0.00	5.20	87.28	89.14	0.00	40	0	42	0.00	0.00	71.04	9.07	0.00	0.00	2000
231	11.05	2091	2100	0.00	202	0	0	0	nan	0.00	0.00	6.37	82.58	88.95	0.00	40	0	42	0.00	0.00	67.52	8.71	0.00	0.00	2000
227	10.80	2098	2101	0.00	196	0	0	0	nan	0.00	0.00	8.14	81.16	89.20	0.00	40	0	42	0.00	0.00	66.43	8.38	0.00	0.00	2000
228	10.90	2093	2099	0.00	197	0	0	0	nan	0.00	0.00	6.19	82.87	89.10	0.00	40	0	42	0.00	0.00	66.69	8.40	0.00	0.00	2000
229	10.90	2091	2107	0.00	198	0	0	0	nan	0.00	0.00	6.08	83.34	89.10	0.00	40	0	42	0.00	0.00	66.84	8.31	0.00	0.00	2000
230	10.90	2110	2103	0.00	200	0	0	0	nan	0.00	0.00	6.13	83.08	89.10	0.00	40	0	42	0.00	0.00	64.92	8.51	0.00	0.00	2000
231	11.30	2046	2101	0.00	203	0	0	0	nan	0.01	0.01	6.21	82.49	88.70	0.00	40	0	42	0.00	0.00	69.09	8.34	0.00	0.00	2000
229	11.33	2133	1992	0.00	219	0	0	0	nan	0.00	0.00	7.45	76.69	88.67	0.00	38	0	42	0.00	0.00	59.35	7.13	0.00	0.00	2000
234	10.71	2083	2203	0.00	198	0	0	0	nan	0.00	0.00	7.50	86.21	89.29	0.00	39	0	42	0.00	0.00	66.58	8.05	0.00	0.00	2000
232	11.05	2089	2108	0.00	200	0	0	0	nan	0.00	0.06	4.80	84.52	88.95	0.00	39	0	42	0.00	0.00	64.26	7.75	0.00	0.00	2000
231	11.55	1991	2105	0.37	219	0	0	1	82.99	0.00	0.00	6.64	82.05	88.45	0.00	38	0	42	0.00	0.00	66.59	7.75	0.00	0.00	2000
229	11.42	2008	2100	0.33	205	0	0	0	90.39	0.00	0.00	6.96	81.72	88.58	0.00	39	0	42	0.00	0.00	66.55	7.58	0.00	0.00	2000
227	10.93	2085	2092	0.00	199	0	0	0	nan	0.00	0.00	6.56	82.25	89.07	0.00	39	0	42	0.00	0.00	63.03	7.41	0.00	0.00	2000
230	11.02	2077	2110	0.00	197	0	0	0	nan	0.00	0.00	6.67	82.77	88.98	0.00	39	0	42	0.00	0.00	62.82	7.06	0.00	0.00	2000
228	11.16	2040	2099	0.00	197	0	0	0	nan	0.00	0.00	5.75	83.18	88.84	0.00	39	0	42	0.00	0.00	64.43	7.62	0.00	0.00	2000
227	11.32	2042	2065	0.00	198	0	0	0	nan	0.00	0.00	5.69	81.60	88.68	0.00	39	0	42	0.00	0.00	67.46	7.81	0.00	0.00	2000
227	10.88	2075	2112	0.00	203	0	0	0	nan	0.00	0.00	5.91	83.79	89.12	0.00	39	0	43	0.00	0.00	60.22	6.89	0.00	0.00	2000
239	11.53	2047	2124	0.00	214	0	0	0	nan	0.00	0.00	8.56	81.02	88.47	0.00	39	0	42	0.00	0.00	69.84	7.99	0.00	0.00	2000
231	10.70	2151	2112	0.00	195	0	0	0	nan	0.00	0.00	3.82	85.94	89.30	0.00	39	0	42	0.00	0.00	64.09	7.42	0.00	0.00	2000
228	11.14	2057	2086	0.00	198	0	0	0	nan	0.00	0.00	4.73	83.69	88.86	0.00	39	0	42	0.00	0.00	63.78	7.33	0.00	0.00	2000
226	11.09	2042	2094	0.00	197	0	0	0	nan	0.00	0.00	5.00	83.77	88.91	0.00	39	0	43	0.00	0.00	64.06	7.31	0.00	0.00	2000
230	11.11	2091	2083	0.00	204	0	0	0	nan	0.00	0.02	5.04	83.20	88.89	0.00	39	0	42	0.00	0.00	66.47	7.52	0.00	0.00	2000
227	10.76	2094	2116	0.00	197	0	0	0	nan	0.00	0.98	3.66	85.32	89.24	0.00	39	0	42	0.00	0.00	65.01	7.27	0.00	0.00	2000
231	11.45	2006	2111	0.00	198	0	0	0	nan	0.00	0.00	6.81	82.34	88.55	0.00	39	0	42	0.00	0.00	62.65	7.51	0.00	0.00	2000
228	11.38	2011	2094	0.00	198	0	0	0	nan	0.00	0.00	5.96	82.53	88.62	0.00	38	0	42	0.00	0.00	64.05	7.60	0.00	0.00	2000
231	11.00	2105	2094	0.00	199	0	0	0	nan	0.00	0.00	6.54	82.29	89.00	0.00	38	0	43	0.00	0.00	64.47	7.61	0.00	0.00	2000
229	11.26	2051	2080	0.00	199	0	0	0	nan	0.00	0.00	6.94	81.04	88.74	0.00	38	0	42	0.00	0.00	61.88	7.19	0.00	0.00	2000
235	11.19	2066	2131	0.20	199	0	0	16	22.23	0.00	0.00	5.66	84.59	88.81	0.00	38	0	42	0.00	0.00	71.53	8.41	0.00	0.00	2000
189	10.24	1845	2102	0.47	202	0	0	5	61.48	0.00	0.01	5.56	84.46	89.76	0.00	38	0	42	0.00	0.00	63.58	7.44	0.00	0.00	2000
76	6.97	1105	2081	0.00	196	0	0	0	nan	0.00	0.00	6.51	85.79	93.03	0.00	37	0	42	0.00	0.00	56.25	7.28	0.00	0.00	2000
76	7.38	1031	2088	0.00	211	0	0	0	nan	0.00	0.00	7.59	84.63	92.62	0.00	37	0	42	0.00	0.00	55.66	7.21	0.00	0.00	2000
84	7.13	1171	2124	0.00	204	0	0	0	nan	0.00	0.01	8.81	85.16	92.87	0.00	37	0	42	0.00	0.00	63.14	8.10	0.00	0.00	2000
122	8.13	1547	2033	0.00	202	0	0	0	nan	0.00	0.10	4.65	84.20	91.87	0.00	38	0	42	0.00	0.00	51.89	6.52	0.00	0.00	2000
232	10.97	2041	2175	0.00	197	0	0	0	nan	0.00	0.00	7.00	85.32	89.03	0.00	40	0	42	0.00	0.00	70.80	8.30	0.00	0.00	2000
227	11.02	2076	2088	0.00	203	0	0	0	nan	0.00	2.19	4.58	81.86	88.98	0.00	40	0	42	0.00	0.00	64.40	7.58	0.00	0.00	2000
202	10.35	1957	2092	0.00	203	0	0	0	nan	0.00	0.60	4.06	84.84	89.65	0.00	39	0	42	0.00	0.00	63.29	7.48	0.00	0.00	2000
76	6.50	1162	2124	0.00	198	0	0	0	nan	0.00	0.00	8.17	86.42	93.50	0.00	38	0	42	0.00	0.00	58.94	7.40	0.00	0.00	2000
137	8.66	1621	2045	0.00	205	0	0	0	nan	0.00	0.00	8.04	80.88	91.34	0.00	40	0	42	0.00	0.00	56.31	7.06	0.00	0.00	2000
242	11.42	2070	2147	0.00	199	0	0	0	nan	0.00	0.01	7.43	83.16	88.58	0.00	40	0	42	0.00	0.00	67.54	7.65	0.00	0.00	2000
233	11.14	2095	2093	0.00	218	0	0	0	nan	0.00	0.00	7.65	80.89	88.86	0.00	40	0	42	0.00	0.00	65.32	7.50	0.00	0.00	2000
229	11.08	2058	2111	0.00	182	0	0	0	nan	0.00	0.01	7.34	82.13	88.92	0.00	41	0	42	0.00	0.00	63.83	7.40	0.00	0.00	2000
234	11.26	2072	2101	0.00	201	0	0	0	nan	0.00	0.02	6.98	81.81	88.74	0.00	40	0	42	0.00	0.00	64.45	7.34	0.00	0.00	2000
232	11.32	2069	2085	0.00	197	0	0	0	nan	0.00	0.00	9.05	79.04	88.68	0.00	41	0	42	0.00	0.00	64.44	7.31	0.00	0.00	2000
230	10.95	2071	2128	0.00	197	0	0	0	nan	0.00	0.00	7.66	82.58	89.05	0.00	41	0	42	0.00	0.00	65.95	7.48	0.00	0.00	2000
227	10.46	2179	2092	0.18	201	0	0	2	76.46	0.00	2.70	11.25	75.46	89.54	0.00	38	0	42	0.00	0.00	63.81	7.29	0.00	0.00	2000
229	11.09	2077	2092	1.04	198	0	0	2	89.72	0.00	0.03	2.45	86.14	88.91	0.00	38	0	42	0.00	0.00	62.11	7.23	0.00	0.00	2000
231	11.12	2069	2106	0.00	199	0	0	0	nan	0.00	0.00	4.32	84.89	88.88	0.00	38	0	42	0.00	0.00	67.40	7.46	0.00	0.00	2000
230	10.83	2127	2100	0.00	201	0	0	0	nan	0.00	0.04	2.72	86.47	89.17	0.00	39	0	42	0.00	0.00	62.63	7.23	0.00	0.00	2000
224	11.34	2047	2027	0.00	202	0	0	0	nan	0.00	0.93	4.60	80.13	88.66	0.00	38	0	42	0.00	0.00	61.76	7.26	0.00	0.00	2000
232	10.82	2084	2156	0.00	215	0	0	0	nan	0.00	0.45	6.17	85.07	89.18	0.00	38	0	42	0.00	0.00	67.45	7.90	0.00	0.00	2000
234	11.52	2052	2076	0.00	198	0	0	0	nan	0.00	0.00	5.21	82.30	88.48	0.00	38	0	42	0.00	0.00	66.14	7.72	0.00	0.00	2000
230	10.93	2076	2127	0.00	218	0	0	0	nan	0.00	0.01	6.46	83.87	89.07	0.00	38	0	42	0.00	0.00	64.34	7.58	0.00	0.00	2000
292	12.99	2278	2070	0.00	212	0	0	0	nan	0.00	0.00	6.62	79.28	87.01	0.00	39	0	42	0.00	0.00	67.50	7.90	0.00	0.00	2000
171	9.16	1839	2133	0.00	243	0	0	0	nan	0.00	0.00	11.91	80.36	90.84	0.00	38	0	42	0.00	0.00	61.36	7.21	0.00	0.00	2000
85	7.65	1100	2121	0.00	161	0	0	0	nan	0.00	0.00	4.53	88.79	92.35	0.00	37	0	42	0.00	0.00	61.47	7.89	0.00	0.00	2000
