Avg_MHz	Busy%	Bzy_MHz	TSC_MHz	IPC	IRQ	NMI	SMI	LLCMRPS	LLC%hit	POLL%	C1%	C1E%	C6%	CPU%c1	CPU%c6	CoreTmp	CoreThr	PkgTmp	Pkg%pc2	Pkg%pc6	PkgWatt	RAMWatt	PKG_%	RAM_%	UncMHz
219	13.42	1733	1978	0.00	226	0	0	0	nan	0.00	0.00	26.16	55.30	86.58	0.00	37	0	42	0.00	0.00	56.85	6.72	0.00	0.00	2000
384	16.57	2126	2288	0.00	252	0	0	0	nan	0.04	1.19	25.76	64.16	83.43	0.00	37	0	42	0.00	0.00	76.27	8.93	0.00	0.00	2000
78	6.67	1165	2117	0.00	211	0	0	0	nan	0.00	0.02	7.92	86.11	93.33	0.00	37	0	42	0.00	0.00	57.54	7.29	0.00	0.00	2000
73	6.69	1087	2102	0.00	193	0	0	0	nan	0.00	0.02	3.40	89.95	93.31	0.00	37	0	42	0.00	0.00	58.78	7.53	0.00	0.00	2000
72	6.51	1122	2068	0.00	197	0	0	0	nan	0.00	0.00	3.70	88.33	93.49	0.00	37	0	42	0.00	0.00	57.65	7.36	0.00	0.00	2000
74	6.63	1099	2130	0.00	194	0	0	0	nan	0.00	0.01	2.38	92.35	93.37	0.00	37	0	42	0.00	0.00	59.81	7.66	0.00	0.00	2000
72	6.72	1088	2078	0.00	194	0	0	0	nan	0.00	0.00	3.36	88.90	93.28	0.00	37	0	42	0.00	0.00	57.73	7.24	0.00	0.00	2000
73	6.65	1088	2112	0.00	194	0	0	0	nan	0.00	0.00	2.61	91.25	93.35	0.00	37	0	42	0.00	0.00	59.06	7.63	0.00	0.00	2000
73	6.61	1106	2102	0.00	193	0	0	0	nan	0.00	0.00	2.21	91.37	93.39	0.00	37	0	42	0.00	0.00	57.79	7.19	0.00	0.00	2000
71	6.23	1157	2076	0.00	193	0	0	0	nan	0.00	0.00	2.47	90.04	93.77	0.00	37	0	42	0.00	0.00	56.73	7.26	0.00	0.00	2000
74	7.02	1032	2133	0.00	210	0	0	0	nan	0.00	0.00	4.63	89.86	92.98	0.00	37	0	42	0.00	0.00	63.37	7.88	0.00	0.00	2000
73	6.71	1089	2096	0.00	194	0	0	0	nan	0.00	0.00	3.12	90.03	93.29	0.00	37	0	42	0.00	0.00	55.37	7.20	0.00	0.00	2000
73	6.66	1099	2082	0.00	193	0	0	0	nan	0.00	0.00	3.37	89.26	93.34	0.00	37	0	42	0.00	0.00	58.09	7.39	0.00	0.00	2000
72	6.58	1083	2117	0.00	193	0	0	0	nan	0.00	0.03	4.30	89.79	93.42	0.00	37	0	42	0.00	0.00	60.46	7.82	0.00	0.00	2000
71	6.55	1098	2072	0.00	194	0	0	0	nan	0.00	0.00	4.20	88.04	93.45	0.00	37	0	42	0.00	0.00	55.72	7.02	0.00	0.00	2000
72	6.78	1063	2109	0.00	193	0	0	1	86.07	0.00	0.02	1.87	91.72	93.22	0.00	37	0	42	0.00	0.00	57.87	7.27	0.00	0.00	2000
73	6.88	1058	2100	0.06	194	0	0	1	87.87	0.00	0.02	2.24	90.88	93.12	0.00	37	0	42	0.00	0.00	58.74	7.58	0.00	0.00	2000
72	6.67	1077	2115	0.00	210	0	0	0	nan	0.00	0.00	3.76	90.26	93.33	0.00	37	0	42	0.00	0.00	58.61	7.26	0.00	0.00	2000
166	8.91	1860	2108	0.00	212	0	0	0	nan	0.00	0.02	6.06	85.27	91.09	0.00	38	0	42	0.00	0.00	61.15	7.34	0.00	0.00	2000
225	10.79	2110	2079	0.00	202	0	0	0	nan	0.00	0.01	3.81	84.53	89.21	0.00	39	0	42	0.00	0.00	64.09	7.23	0.00	0.00	2000
231	11.29	2051	2092	0.00	202	0	0	0	nan	0.00	0.00	3.39	85.12	88.71	0.00	40	0	42	0.00	0.00	66.94	7.40	0.00	0.00	2000
231	11.43	1996	2125	0.00	227	0	0	0	nan	0.00	0.00	5.02	84.75	88.58	0.00	40	0	42	0.00	0.00	64.40	7.21	0.00	0.00	2000
236	11.41	2067	2104	0.00	197	0	0	0	nan	0.00	0.00	7.32	81.52	88.59	0.00	38	0	42	0.00	0.00	65.21	7.61	0.00	0.00	2000
231	10.98	2113	2094	0.00	200	0	0	0	nan	0.00	0.00	6.16	82.65	89.02	0.00	37	0	42	0.00	0.00	67.32	7.78	0.00	0.00	2000
227	11.12	2086	2056	0.00	201	0	0	0	nan	0.00	0.00	6.41	80.70	88.88	0.00	37	0	42	0.00	0.00	59.96	6.81	0.00	0.00	2000
236	10.94	2094	2164	0.00	233	0	0	0	nan	0.00	0.00	6.15	85.73	89.06	0.00	37	0	42	0.00	0.00	73.88	8.58	0.00	0.00	2000
232	11.13	2081	2102	0.00	196	0	0	0	nan	0.00	0.00	4.41	84.64	88.87	0.00	37	0	42	0.00	0.00	64.77	7.59	0.00	0.00	2000
228	11.36	2014	2090	0.00	200	0	0	0	nan	0.01	0.01	3.46	84.89	88.64	0.00	38	0	42	0.00	0.00	64.89	7.64	0.00	0.00	2000
231	11.12	2066	2108	0.00	197	0	0	0	nan	0.00	0.54	4.03	84.77	88.88	0.00	38	0	42	0.00	0.00	64.12	7.42	0.00	0.00	2000
230	11.15	2063	2099	0.00	198	0	0	0	nan	0.00	0.56	4.07	84.24	88.85	0.00	38	0	42	0.00	0.00	65.12	7.36	0.00	0.00	2000
225	10.82	2117	2059	0.00	200	0	0	0	nan	0.00	0.02	4.90	82.63	89.18	0.00	38	0	42	0.00	0.00	64.20	7.35	0.00	0.00	2000
233	10.86	2110	2131	0.00	212	0	0	0	nan	0.00	0.02	4.69	85.81	89.14	0.00	39	0	42	0.00	0.00	64.10	7.28	0.00	0.00	2000
227	11.26	2028	2086	0.21	197	0	0	10	95.49	0.00	0.00	5.30	82.96	88.74	0.00	38	0	42	0.00	0.00	66.30	7.51	0.00	0.00	2000
239	11.42	2067	2123	0.56	196	0	0	8	92.85	0.00	0.00	5.69	83.95	88.58	0.00	39	0	42	0.00	0.00	65.83	7.48	0.00	0.00	2000
231	11.05	2105	2082	0.00	204	0	0	0	nan	0.00	0.01	5.42	82.83	88.95	0.00	39	0	42	0.00	0.00	64.66	7.28	0.00	0.00	2000
229	10.88	2100	2101	0.00	198	0	0	0	nan	0.00	0.03	6.13	83.08	89.12	0.00	38	0	42	0.00	0.00	65.32	7.37	0.00	0.00	2000
228	11.10	2072	2085	0.00	197	0	0	0	nan	0.00	0.00	4.27	84.08	88.90	0.00	39	0	42	0.00	0.00	61.65	7.04	0.00	0.00	2000
231	10.93	2086	2131	0.00	214	0	0	0	nan	0.00	0.00	5.66	84.80	89.07	0.00	39	0	42	0.00	0.00	68.03	7.62	0.00	0.00	2000
231	10.96	2112	2100	0.00	199	0	0	0	nan	0.00	0.00	4.66	84.51	89.04	0.00	39	0	42	0.00	0.00	64.43	7.18	0.00	0.00	2000
233	10.89	2124	2113	0.00	202	0	0	0	nan	0.00	0.09	3.42	86.21	89.11	0.00	39	0	42	0.00	0.00	67.26	7.32	0.00	0.00	2000
225	10.70	2138	2067	0.00	196	0	0	0	nan	0.01	0.02	3.14	84.76	89.30	0.00	38	0	42	0.00	0.00	63.40	7.53	0.00	0.00	2000
231	11.23	2047	2114	0.00	196	0	0	0	nan	0.00	0.02	3.80	85.63	88.77	0.00	39	0	42	0.00	0.00	63.32	7.03	0.00	0.00	2000
229	11.09	2085	2080	0.00	215	0	0	0	nan	0.00	0.96	7.10	80.10	88.91	0.00	38	0	42	0.00	0.00	65.30	7.50	0.00	0.00	2000
237	11.39	2057	2126	0.00	196	0	0	0	nan	0.00	0.04	5.00	84.73	88.61	0.00	38	0	42	0.00	0.00	66.09	7.55	0.00	0.00	2000
232	11.17	2073	2099	0.00	201	0	0	0	nan	0.00	0.00	6.82	82.07	88.83	0.00	38	0	42	0.00	0.00	65.27	7.38	0.00	0.00	2000
230	11.19	2060	2098	0.00	199	0	0	0	nan	0.00	0.00	5.16	83.70	88.81	0.00	39	0	42	0.00	0.00	65.26	7.38	0.00	0.00	2000
229	11.01	2088	2096	0.00	197	0	0	0	nan	0.00	0.00	5.32	83.63	88.99	0.00	39	0	42	0.00	0.00	64.71	7.42	0.00	0.00	2000
231	10.72	2132	2118	0.00	199	0	0	0	nan	0.00	0.00	5.31	84.76	89.28	0.00	40	0	42	0.00	0.00	66.51	7.62	0.00	0.00	2000
230	11.13	2066	2097	0.00	199	0	0	0	nan	0.00	0.00	5.18	83.65	88.87	0.00	39	0	42	0.00	0.00	65.54	7.56	0.00	0.00	2000
232	11.09	2105	2083	0.16	201	0	0	10	67.31	0.00	0.00	5.62	82.65	88.91	0.00	39	0	42	0.00	0.00	63.22	7.34	0.00	0.00	2000
233	11.08	2092	2112	0.44	196	0	0	11	71.00	0.00	0.00	6.50	82.98	88.92	0.00	38	0	42	0.00	0.00	64.56	7.54	0.00	0.00	2000
230	11.38	2026	2100	0.00	197	0	0	0	nan	0.00	0.02	6.65	82.04	88.62	0.00	39	0	42	0.00	0.00	64.92	7.43	0.00	0.00	2000
231	11.08	2098	2091	0.00	197	0	0	0	nan	0.00	0.00	6.14	82.42	88.92	0.00	39	0	42	0.00	0.00	63.94	7.36	0.00	0.00	2000
225	11.05	2056	2078	0.00	198	0	0	0	nan	0.00	0.02	3.64	84.40	88.95	0.00	38	0	42	0.00	0.00	66.64	7.58	0.00	0.00	2000
238	11.42	2058	2131	0.00	219	0	0	0	nan	0.00	0.11	3.79	86.15	88.58	0.00	38	0	42	0.00	0.00	63.74	7.52	0.00	0.00	2000
227	10.55	2147	2100	0.00	199	0	0	0	nan	0.00	0.99	4.44	84.09	89.45	0.00	39	0	42	0.00	0.00	68.44	7.40	0.00	0.00	2000
224	10.87	2059	2099	0.00	195	0	0	0	nan	0.00	0.00	7.54	81.63	89.13	0.00	39	0	42	0.00	0.00	64.07	7.53	0.00	0.00	2000
222	10.74	2119	2045	0.00	194	0	0	0	nan	0.00	0.42	6.41	80.17	89.26	0.00	40	0	42	0.00	0.00	63.80	7.12	0.00	0.00	2000
230	10.82	2102	2127	0.00	196	0	0	0	nan	0.02	1.42	7.54	81.44	89.18	0.00	40	0	42	0.00	0.00	64.20	7.56	0.00	0.00	2000
228	10.88	2071	2123	0.00	200	0	0	0	nan	0.00	0.00	6.57	83.62	89.12	0.00	40	0	42	0.00	0.00	64.97	7.49	0.00	0.00	2000
225	11.01	2034	2109	0.00	197	0	0	0	nan	0.04	0.02	8.39	81.10	88.99	0.00	41	0	42	0.00	0.00	65.63	7.55	0.00	0.00	2000
492	22.32	2422	1911	0.00	209	0	0	0	nan	0.00	0.01	5.43	65.34	77.68	0.00	38	0	42	0.00	0.00	63.22	7.21	0.00	0.00	2000
689	27.61	2500	2098	0.00	247	0	0	0	nan	0.00	0.00	5.02	67.41	72.39	0.00	39	0	42	0.00	0.00	72.16	8.54	0.00	0.00	2000
688	27.54	2500	2099	0.00	235	0	0	0	nan	0.00	0.00	7.04	65.52	72.46	0.00	39	0	42	0.00	0.00	74.59	8.19	0.00	0.00	2000
548	20.91	2441	2255	0.00	333	0	0	0	nan	0.00	0.00	7.15	77.91	79.09	0.00	38	0	42	0.00	0.00	80.38	9.06	0.00	0.00	2000
226	10.74	2091	2111	0.00	199	0	0	6	51.14	0.00	0.00	6.89	82.88	89.26	0.00	39	0	42	0.00	0.00	64.90	7.72	0.00	0.00	2000
223	10.79	2070	2099	0.67	198	0	0	8	57.13	0.00	0.03	5.98	83.28	89.21	0.00	40	0	42	0.00	0.00	64.63	7.56	0.00	0.00	2000
222	10.94	2019	2112	0.00	210	0	0	0	nan	0.01	0.00	5.03	84.48	89.06	0.00	38	0	42	0.00	0.00	60.88	7.21	0.00	0.00	2000
227	11.82	1902	2117	0.00	264	0	0	0	nan	0.00	0.02	11.28	77.75	88.18	0.00	38	0	42	0.00	0.00	67.72	8.18	0.00	0.00	2000
78	7.44	1060	2073	0.00	192	0	0	0	nan	0.00	0.00	6.20	85.22	92.56	0.00	37	0	42	0.00	0.00	61.70	7.46	0.00	0.00	2000
75	6.71	1111	2120	0.00	209	0	0	0	nan	0.00	0.03	3.78	90.34	93.29	0.00	37	0	42	0.00	0.00	58.84	7.48	0.00	0.00	2000
90	7.56	1208	2064	0.00	98	0	0	0	nan	0.00	0.03	7.06	83.67	92.44	0.00	37	0	42	0.00	0.00	58.18	6.73	0.00	0.00	2000
