Avg_MHz	Busy%	Bzy_MHz	TSC_MHz	IPC	IRQ	NMI	SMI	LLCMRPS	LLC%hit	POLL%	C1%	C1E%	C6%	CPU%c1	CPU%c6	CoreTmp	CoreThr	PkgTmp	Pkg%pc2	Pkg%pc6	PkgWatt	RAMWatt	PKG_%	RAM_%	UncMHz
181	12.00	1463	2169	0.00	230	0	0	0	nan	0.00	0.00	24.19	66.82	88.00	0.00	37	0	43	0.00	0.00	61.79	7.70	0.00	0.00	2000
391	18.36	2165	2067	0.00	199	0	0	0	nan	0.00	1.18	12.35	67.15	81.64	0.00	37	0	43	0.00	0.00	65.74	7.36	0.00	0.00	2000
242	13.43	1795	2106	0.00	209	0	0	0	nan	0.04	0.29	18.21	68.54	86.57	0.00	37	0	43	0.00	0.00	66.68	8.00	0.00	0.00	2000
74	6.88	1059	2120	0.00	209	0	0	0	nan	0.00	0.03	4.49	89.67	93.12	0.00	37	0	43	0.00	0.00	57.39	7.11	0.00	0.00	2000
73	6.79	1082	2088	0.00	194	0	0	0	nan	0.00	0.00	2.62	90.15	93.21	0.00	37	0	42	0.00	0.00	56.43	7.34	0.00	0.00	2000
71	6.67	1067	2108	0.00	193	0	0	0	nan	0.00	0.00	2.17	91.60	93.33	0.00	37	0	42	0.00	0.00	58.27	7.51	0.00	0.00	2000
73	6.89	1039	2126	0.00	194	0	0	0	nan	0.00	0.02	2.74	91.69	93.11	0.00	37	0	43	0.00	0.00	63.52	8.35	0.00	0.00	2000
76	7.45	1025	2103	0.00	194	0	0	0	nan	0.00	0.02	3.39	89.50	92.55	0.00	37	0	42	0.00	0.00	56.63	7.26	0.00	0.00	2000
74	6.79	1085	2100	0.00	194	0	0	0	nan	0.00	0.00	2.98	90.30	93.21	0.00	37	0	42	0.00	0.00	56.71	7.14	0.00	0.00	2000
73	7.02	1047	2090	0.00	198	0	0	0	nan	0.00	0.00	4.21	88.46	92.98	0.00	37	0	42	0.00	0.00	58.82	7.48	0.00	0.00	2000
75	6.78	1093	2114	0.00	194	0	0	0	nan	0.00	0.02	2.50	91.46	93.22	0.00	37	0	42	0.00	0.00	60.38	7.56	0.00	0.00	2000
73	6.80	1076	2104	0.00	178	0	0	0	nan	0.00	0.00	3.45	90.13	93.20	0.00	37	0	42	0.00	0.00	57.59	7.31	0.00	0.00	2000
73	6.82	1081	2091	0.00	194	0	0	0	nan	0.00	0.00	3.73	89.20	93.18	0.00	37	0	42	0.00	0.00	57.12	7.39	0.00	0.00	2000
71	6.90	1032	2095	0.00	195	0	0	0	nan	0.00	0.00	2.52	90.42	93.10	0.00	37	0	42	0.00	0.00	57.77	7.50	0.00	0.00	2000
72	6.68	1086	2073	0.00	194	0	0	0	nan	0.00	0.00	2.14	89.99	93.32	0.00	37	0	42	0.00	0.00	58.95	7.58	0.00	0.00	2000
70	6.85	1016	2100	0.00	210	0	0	0	95.19	0.02	0.00	3.04	90.18	93.15	0.00	37	0	43	0.00	0.00	58.17	7.63	0.00	0.00	2000
72	6.97	1035	2096	0.28	194	0	0	1	86.09	0.00	0.02	2.23	90.70	93.03	0.00	37	0	43	0.00	0.00	59.44	7.51	0.00	0.00	2000
72	6.85	1027	2136	0.00	209	0	0	0	nan	0.00	0.00	4.58	90.19	93.15	0.00	37	0	43	0.00	0.00	58.20	7.42	0.00	0.00	2000
112	7.98	1419	2076	0.00	198	0	0	0	nan	0.01	0.00	4.65	86.38	92.02	0.00	38	0	42	0.00	0.00	58.88	7.34	0.00	0.00	2000
233	11.15	2068	2126	0.00	271	0	0	0	nan	0.00	0.03	6.14	83.91	88.85	0.00	40	0	43	0.00	0.00	66.61	7.62	0.00	0.00	2000
231	11.09	2073	2105	0.00	204	0	0	0	nan	0.00	0.04	3.77	85.47	88.91	0.00	40	0	43	0.00	0.00	65.46	7.42	0.00	0.00	2000
230	11.18	2056	2098	0.00	202	0	0	0	nan	0.00	0.02	3.45	85.37	88.82	0.00	40	0	42	0.00	0.00	63.86	7.27	0.00	0.00	2000
234	11.66	2022	2081	0.00	206	0	0	0	nan	0.00	0.00	3.24	84.32	88.34	0.00	39	0	42	0.00	0.00	61.51	7.24	0.00	0.00	2000
230	11.14	2049	2115	0.00	214	0	0	0	nan	0.00	0.02	7.81	81.76	88.86	0.00	38	0	43	0.00	0.00	70.40	8.23	0.00	0.00	2000
231	11.44	2014	2106	0.00	197	0	0	0	nan	0.00	0.02	5.65	83.33	88.56	0.00	38	0	42	0.00	0.00	64.98	7.49	0.00	0.00	2000
234	11.36	2050	2106	0.00	198	0	0	0	nan	0.00	0.00	6.24	82.73	88.64	0.00	38	0	43	0.00	0.00	63.65	7.68	0.00	0.00	2000
229	11.16	2083	2067	0.00	197	0	0	0	nan	0.00	0.01	4.32	83.11	88.84	0.00	37	0	42	0.00	0.00	67.29	7.51	0.00	0.00	2000
227	10.88	2126	2059	0.00	205	0	0	0	nan	0.00	0.01	3.53	83.93	89.12	0.00	38	0	43	0.00	0.00	63.78	7.23	0.00	0.00	2000
236	11.18	2038	2177	0.00	215	0	0	0	nan	0.01	0.00	3.59	88.61	88.82	0.00	38	0	43	0.00	0.00	69.41	7.81	0.00	0.00	2000
231	10.87	2122	2105	0.00	199	0	0	0	nan	0.00	0.01	3.00	86.22	89.13	0.00	38	0	42	0.00	0.00	65.77	7.38	0.00	0.00	2000
230	10.89	2119	2089	0.00	198	0	0	0	nan	0.00	0.06	2.66	86.04	89.11	0.00	38	0	42	0.00	0.00	66.13	7.58	0.00	0.00	2000
232	10.92	2118	2108	0.00	199	0	0	0	nan	0.00	1.02	5.67	82.87	89.08	0.00	38	0	43	0.00	0.00	67.17	7.67	0.00	0.00	2000
229	11.23	2049	2087	0.00	203	0	0	9	92.47	0.00	0.02	4.71	83.57	88.77	0.00	39	0	43	0.00	0.00	63.87	7.31	0.00	0.00	2000
230	10.87	2105	2112	0.67	198	0	0	10	96.93	0.00	0.00	6.18	83.52	89.13	0.00	39	0	42	0.00	0.00	67.08	7.47	0.00	0.00	2000
229	11.27	2044	2090	0.00	194	0	0	0	nan	0.00	0.00	5.43	83.06	88.73	0.00	39	0	42	0.00	0.00	63.50	7.35	0.00	0.00	2000
225	11.04	2066	2069	0.00	199	0	0	0	nan	0.00	0.00	6.09	81.58	88.96	0.00	39	0	43	0.00	0.00	63.56	7.43	0.00	0.00	2000
234	11.47	2060	2080	0.00	199	0	0	0	nan	0.00	0.01	4.77	82.98	88.53	0.00	37	0	42	0.00	0.00	61.05	7.04	0.00	0.00	2000
231	11.09	2027	2161	0.00	234	0	0	0	nan	0.00	0.00	7.10	84.51	88.91	0.00	38	0	42	0.00	0.00	71.49	8.20	0.00	0.00	2000
231	11.08	2090	2096	0.00	197	0	0	0	nan	0.00	0.00	4.60	84.34	88.92	0.00	38	0	43	0.00	0.00	64.15	7.45	0.00	0.00	2000
235	11.15	2093	2113	0.00	217	0	0	0	nan	0.00	0.00	6.36	83.14	88.85	0.00	38	0	43	0.00	0.00	65.94	7.66	0.00	0.00	2000
229	11.08	2089	2074	0.00	198	0	0	0	nan	0.00	0.06	4.68	83.14	88.92	0.00	39	0	42	0.00	0.00	63.39	7.31	0.00	0.00	2000
234	11.04	2092	2125	0.00	198	0	0	0	nan	0.00	0.12	2.30	87.66	88.96	0.00	39	0	43	0.00	0.00	67.33	7.83	0.00	0.00	2000
231	11.16	2071	2099	0.00	196	0	0	0	nan	0.00	0.51	3.89	84.45	88.84	0.00	38	0	42	0.00	0.00	66.18	7.69	0.00	0.00	2000
224	11.06	2103	2023	0.00	199	0	0	0	nan	0.00	0.47	5.55	79.75	88.94	0.00	39	0	43	0.00	0.00	62.09	7.24	0.00	0.00	2000
246	11.24	2110	2177	0.00	234	0	0	0	nan	0.00	0.03	5.45	86.59	88.76	0.00	39	0	42	0.00	0.00	69.13	7.94	0.00	0.00	2000
231	11.12	2080	2095	0.00	198	0	0	0	nan	0.00	0.00	5.79	82.90	88.88	0.00	39	0	43	0.00	0.00	65.10	7.52	0.00	0.00	2000
222	11.07	2079	2026	0.00	199	0	0	0	nan	0.00	0.00	4.45	81.42	88.93	0.00	38	0	43	0.00	0.00	54.45	6.38	0.00	0.00	2000
237	11.27	2005	2199	0.00	263	0	0	0	nan	0.00	0.06	9.51	83.55	88.73	0.00	39	0	43	0.00	0.00	78.92	9.16	0.00	0.00	2000
223	11.44	2045	2005	0.00	195	0	0	0	nan	0.00	0.00	6.29	78.48	88.56	0.00	39	0	42	0.00	0.00	62.33	7.06	0.00	0.00	2000
223	11.25	2123	1964	0.69	222	0	0	18	84.30	0.00	0.01	7.14	76.03	88.75	0.00	37	0	43	0.00	0.00	53.98	6.63	0.00	0.00	2000
226	10.22	1987	2341	0.06	261	0	0	0	nan	0.00	0.02	6.79	93.40	89.78	0.00	39	0	43	0.00	0.00	76.54	9.23	0.00	0.00	2000
163	9.65	1722	2057	0.00	163	0	0	0	nan	0.00	1.58	15.81	71.33	90.35	0.00	38	0	43	0.00	0.00	62.81	7.37	0.00	0.00	2000
