Avg_MHz	Busy%	Bzy_MHz	TSC_MHz	IPC	IRQ	NMI	SMI	LLCMRPS	LLC%hit	POLL%	C1%	C1E%	C6%	CPU%c1	CPU%c6	CoreTmp	CoreThr	PkgTmp	Pkg%pc2	Pkg%pc6	PkgWatt	RAMWatt	PKG_%	RAM_%	UncMHz
366	17.43	2107	2095	0.00	248	0	0	0	nan	0.02	0.77	41.15	40.55	82.57	0.00	38	0	42	0.00	0.00	66.03	7.21	0.00	0.00	2000
271	13.79	1921	2150	0.00	225	0	0	0	nan	0.05	0.34	23.50	64.60	86.21	0.00	37	0	42	0.00	0.00	62.61	7.75	0.00	0.00	2000
77	6.51	1190	2096	0.00	195	0	0	0	nan	0.00	0.00	4.24	89.05	93.49	0.00	37	0	42	0.00	0.00	58.42	7.40	0.00	0.00	2000
73	6.42	1130	2108	0.00	193	0	0	0	nan	0.00	0.00	3.60	90.35	93.58	0.00	37	0	42	0.00	0.00	58.81	7.54	0.00	0.00	2000
73	6.81	1066	2107	0.00	193	0	0	0	nan	0.00	0.00	3.87	89.71	93.19	0.00	37	0	42	0.00	0.00	57.41	7.23	0.00	0.00	2000
71	6.43	1117	2067	0.00	193	0	0	0	nan	0.00	0.00	2.99	89.06	93.57	0.00	37	0	42	0.00	0.00	58.98	7.04	0.00	0.00	2000
74	6.47	1146	2107	0.00	194	0	0	0	nan	0.00	0.02	2.22	91.51	93.53	0.00	37	0	42	0.00	0.00	57.78	7.77	0.00	0.00	2000
72	5.97	1207	2112	0.00	193	0	0	0	nan	0.01	0.02	2.20	92.25	94.03	0.00	37	0	42	0.00	0.00	58.49	7.53	0.00	0.00	2000
73	6.05	1215	2098	0.00	193	0	0	0	nan	0.00	0.00	2.52	91.22	93.95	0.00	37	0	42	0.00	0.00	58.69	7.54	0.00	0.00	2000
73	6.39	1132	2106	0.00	193	0	0	0	nan	0.00	0.01	1.92	91.96	93.61	0.00	37	0	42	0.00	0.00	59.86	7.35	0.00	0.00	2000
74	6.41	1164	2079	0.00	195	0	0	0	nan	0.00	0.02	2.91	89.69	93.59	0.00	37	0	42	0.00	0.00	55.13	7.52	0.00	0.00	2000
74	6.56	1115	2120	0.00	209	0	0	0	nan	0.00	0.00	2.49	91.80	93.44	0.00	37	0	42	0.00	0.00	60.35	7.49	0.00	0.00	2000
74	6.24	1173	2119	0.00	178	0	0	0	nan	0.00	0.01	3.25	91.25	93.76	0.00	37	0	42	0.00	0.00	57.80	7.44	0.00	0.00	2000
71	6.61	1084	2074	0.00	193	0	0	0	nan	0.00	0.00	3.28	89.02	93.39	0.00	37	0	42	0.00	0.00	56.25	7.27	0.00	0.00	2000
73	6.47	1120	2113	0.00	210	0	0	0	nan	0.00	0.00	3.03	91.03	93.53	0.00	37	0	42	0.00	0.00	60.11	7.68	0.00	0.00	2000
72	6.36	1134	2098	0.00	179	0	0	0	nan	0.00	0.01	3.65	89.87	93.64	0.00	37	0	42	0.00	0.00	56.65	7.32	0.00	0.00	2000
73	6.77	1087	2079	0.29	194	0	0	1	78.74	0.00	0.02	2.76	89.58	93.23	0.00	36	0	42	0.00	0.00	56.96	7.51	0.00	0.00	2000
73	6.41	1116	2129	0.05	210	0	0	0	nan	0.00	0.00	2.80	92.03	93.59	0.00	37	0	42	0.00	0.00	61.34	7.82	0.00	0.00	2000
215	10.32	2083	2101	0.00	217	0	0	0	nan	0.00	0.00	4.22	85.46	89.68	0.00	39	0	42	0.00	0.00	62.92	7.26	0.00	0.00	2000
226	10.66	2155	2064	0.00	211	0	0	0	nan	0.00	0.02	3.97	83.87	89.34	0.00	40	0	42	0.00	0.00	62.03	7.08	0.00	0.00	2000
232	10.91	2110	2118	0.00	203	0	0	0	nan	0.00	0.03	1.93	87.89	89.09	0.00	40	0	42	0.00	0.00	67.73	7.66	0.00	0.00	2000
232	10.67	2159	2113	0.00	202	0	0	0	nan	0.00	0.02	2.82	87.01	89.33	0.00	40	0	42	0.00	0.00	62.45	7.32	0.00	0.00	2000
236	11.44	2090	2069	0.00	199	0	0	0	nan	0.00	0.00	5.84	81.48	88.56	0.00	38	0	42	0.00	0.00	64.42	7.62	0.00	0.00	2000
234	11.40	2018	2134	0.00	220	0	0	0	nan	0.00	0.00	6.23	83.96	88.60	0.00	37	0	42	0.00	0.00	68.94	8.04	0.00	0.00	2000
234	11.17	2096	2102	0.00	197	0	0	0	nan	0.00	0.00	5.73	83.14	88.83	0.00	37	0	42	0.00	0.00	66.44	7.65	0.00	0.00	2000
229	10.95	2095	2094	0.00	197	0	0	0	nan	0.00	0.02	4.39	84.39	89.05	0.00	37	0	42	0.00	0.00	66.17	7.76	0.00	0.00	2000
232	11.30	2047	2102	0.00	196	0	0	0	nan	0.00	0.04	2.92	85.94	88.70	0.00	38	0	42	0.00	0.00	64.70	7.55	0.00	0.00	2000
226	11.23	2084	2025	0.00	199	0	0	0	nan	0.00	0.02	3.63	81.90	88.77	0.00	38	0	42	0.00	0.00	63.08	7.28	0.00	0.00	2000
231	10.55	2141	2150	0.00	216	0	0	0	nan	0.00	0.04	4.18	87.42	89.45	0.00	38	0	42	0.00	0.00	66.99	7.68	0.00	0.00	2000
233	11.41	2014	2130	0.00	196	0	0	0	nan	0.00	0.00	4.66	85.37	88.59	0.00	38	0	42	0.00	0.00	64.71	7.33	0.00	0.00	2000
228	10.85	2114	2092	0.00	195	0	0	0	nan	0.00	0.02	4.64	84.13	89.15	0.00	38	0	42	0.00	0.00	65.71	7.54	0.00	0.00	2000
232	10.94	2113	2103	0.00	199	0	0	0	nan	0.00	0.00	6.48	82.80	89.06	0.00	38	0	42	0.00	0.00	65.17	7.52	0.00	0.00	2000
266	12.44	2144	2092	0.00	196	0	0	1	89.35	0.00	0.00	6.48	80.77	87.56	0.00	39	0	42	0.00	0.00	65.59	7.37	0.00	0.00	2000
226	10.98	2099	2063	0.52	201	0	0	16	46.65	0.00	0.00	7.50	80.00	89.02	0.00	38	0	42	0.00	0.00	63.42	7.26	0.00	0.00	2000
233	11.26	2083	2087	0.00	198	0	0	0	nan	0.00	0.00	5.24	83.00	88.74	0.00	38	0	42	0.00	0.00	63.63	7.33	0.00	0.00	2000
229	11.89	2237	1810	0.00	217	0	0	0	nan	0.00	0.01	3.93	71.95	88.11	0.00	38	0	42	0.00	0.00	57.60	6.65	0.00	0.00	2000
243	9.95	2053	2496	0.00	228	0	0	0	nan	0.09	0.00	7.89	99.19	90.05	0.00	39	0	42	0.00	0.00	74.88	9.15	0.00	0.00	2000
215	10.33	2087	2091	0.00	206	0	0	0	nan	0.01	0.00	8.69	80.58	89.67	0.00	38	0	42	0.00	0.00	64.60	7.90	0.00	0.00	2000
109	7.64	1438	2092	0.00	219	0	0	0	nan	0.00	0.03	9.05	82.92	92.36	0.00	37	0	42	0.00	0.00	60.20	7.60	0.00	0.00	2000
90	7.46	1188	2122	0.00	145	0	0	0	nan	0.00	0.06	6.60	86.72	92.54	0.00	37	0	42	0.00	0.00	58.67	7.40	0.00	0.00	2000
