Avg_MHz	Busy%	Bzy_MHz	TSC_MHz	IPC	IRQ	NMI	SMI	LLCMRPS	LLC%hit	POLL%	C1%	C1E%	C6%	CPU%c1	CPU%c6	CoreTmp	CoreThr	PkgTmp	Pkg%pc2	Pkg%pc6	PkgWatt	RAMWatt	PKG_%	RAM_%	UncMHz
314	17.09	1907	2024	0.00	224	0	0	0	nan	0.00	0.00	27.80	52.11	82.91	0.00	37	0	42	0.00	0.00	58.10	7.11	0.00	0.00	2000
410	17.93	2118	2267	0.00	247	0	0	0	nan	0.00	1.71	15.99	71.13	82.07	0.00	38	0	42	0.00	0.00	75.37	8.75	0.00	0.00	2000
83	6.97	1193	2097	0.00	201	0	0	0	nan	0.00	0.00	11.24	81.75	93.03	0.00	37	0	42	0.00	0.00	60.04	7.55	0.00	0.00	2000
74	6.37	1157	2109	0.00	193	0	0	0	nan	0.00	0.00	3.74	90.21	93.63	0.00	37	0	42	0.00	0.00	58.68	7.37	0.00	0.00	2000
74	6.57	1125	2103	0.00	193	0	0	0	nan	0.00	0.00	3.87	89.81	93.43	0.00	37	0	42	0.00	0.00	55.94	7.65	0.00	0.00	2000
72	6.70	1084	2087	0.00	178	0	0	0	nan	0.00	0.02	3.17	89.68	93.30	0.00	37	0	42	0.00	0.00	58.26	7.55	0.00	0.00	2000
73	6.80	1073	2110	0.00	196	0	0	0	nan	0.00	0.02	4.04	89.69	93.20	0.00	37	0	42	0.00	0.00	57.95	7.85	0.00	0.00	2000
72	6.69	1080	2098	0.00	194	0	0	0	nan	0.00	0.00	3.04	90.28	93.31	0.00	37	0	43	0.00	0.00	58.57	7.71	0.00	0.00	2000
74	6.88	1072	2093	0.00	195	0	0	0	nan	0.00	0.02	3.16	89.76	93.12	0.00	37	0	42	0.00	0.00	57.62	7.79	0.00	0.00	2000
71	6.87	1039	2090	0.00	193	0	0	0	nan	0.00	0.01	2.82	90.03	93.13	0.00	37	0	43	0.00	0.00	57.18	7.26	0.00	0.00	2000
73	6.83	1060	2127	0.00	211	0	0	0	nan	0.00	0.04	4.42	89.90	93.17	0.00	37	0	43	0.00	0.00	57.61	7.68	0.00	0.00	2000
71	6.77	1061	2075	0.00	193	0	0	0	nan	0.00	0.02	3.47	88.77	93.23	0.00	37	0	43	0.00	0.00	56.53	7.37	0.00	0.00	2000
72	6.99	1038	2092	0.00	194	0	0	0	nan	0.00	0.00	2.01	90.65	93.01	0.00	37	0	42	0.00	0.00	59.77	7.84	0.00	0.00	2000
71	7.27	974	2111	0.00	193	0	0	0	nan	0.00	0.03	3.57	89.91	92.73	0.00	37	0	42	0.00	0.00	57.61	7.54	0.00	0.00	2000
73	6.82	1057	2123	0.00	212	0	0	0	nan	0.00	0.00	4.28	89.98	93.18	0.00	37	0	42	0.00	0.00	58.07	7.46	0.00	0.00	2000
71	6.36	1123	2096	0.00	195	0	0	1	87.53	0.00	0.00	3.40	90.08	93.64	0.00	37	0	42	0.00	0.00	57.66	7.71	0.00	0.00	2000
74	6.57	1124	2105	0.29	193	0	0	1	87.08	0.00	0.01	2.87	90.68	93.43	0.00	37	0	43	0.00	0.00	58.37	7.67	0.00	0.00	2000
72	6.47	1119	2096	0.00	193	0	0	0	nan	0.00	0.02	3.50	89.82	93.53	0.00	37	0	42	0.00	0.00	59.66	7.70	0.00	0.00	2000
133	8.58	1567	2081	0.00	210	0	0	0	nan	0.00	0.02	5.40	85.34	91.42	0.00	38	0	42	0.00	0.00	62.02	7.65	0.00	0.00	2000
228	10.87	2113	2088	0.00	203	0	0	0	nan	0.00	0.00	4.16	84.48	89.13	0.00	39	0	42	0.00	0.00	64.81	7.56	0.00	0.00	2000
234	11.22	2050	2135	0.00	219	0	0	0	nan	0.00	0.00	4.57	85.73	88.78	0.00	40	0	43	0.00	0.00	64.10	7.31	0.00	0.00	2000
232	10.62	2182	2100	0.00	204	0	0	0	nan	0.00	0.01	4.07	85.33	89.38	0.00	40	0	42	0.00	0.00	66.45	7.73	0.00	0.00	2000
234	11.38	2067	2093	0.00	206	0	0	0	nan	0.00	0.05	4.95	83.46	88.62	0.00	39	0	42	0.00	0.00	65.06	7.46	0.00	0.00	2000
230	11.11	2084	2084	0.00	199	0	0	0	nan	0.00	0.03	5.42	82.84	88.89	0.00	38	0	42	0.00	0.00	66.18	7.82	0.00	0.00	2000
234	10.83	2140	2119	0.00	199	0	0	0	nan	0.00	0.57	4.66	84.69	89.17	0.00	37	0	43	0.00	0.00	64.30	7.87	0.00	0.00	2000
231	10.76	2156	2091	0.00	198	0	0	0	nan	0.00	0.00	5.50	83.42	89.24	0.00	38	0	42	0.00	0.00	67.30	7.91	0.00	0.00	2000
236	11.18	2100	2108	0.00	198	0	0	0	nan	0.00	0.03	4.74	84.37	88.82	0.00	37	0	42	0.00	0.00	66.21	7.94	0.00	0.00	2000
231	11.01	2106	2091	0.00	202	0	0	0	nan	0.00	0.02	5.94	82.63	88.99	0.00	38	0	43	0.00	0.00	66.97	7.72	0.00	0.00	2000
230	11.36	2021	2103	0.00	195	0	0	0	nan	0.00	0.00	8.03	80.90	88.64	0.00	38	0	43	0.00	0.00	64.07	7.57	0.00	0.00	2000
231	10.84	2138	2096	0.00	197	0	0	0	nan	0.00	0.01	6.72	82.25	89.17	0.00	38	0	42	0.00	0.00	65.96	7.67	0.00	0.00	2000
230	10.99	2092	2101	0.00	195	0	0	0	nan	0.00	0.01	6.25	82.96	89.01	0.00	38	0	42	0.00	0.00	63.54	7.48	0.00	0.00	2000
225	10.95	2086	2074	0.00	199	0	0	0	nan	0.00	0.00	6.09	81.87	89.05	0.00	38	0	42	0.00	0.00	65.28	7.65	0.00	0.00	2000
238	11.28	2079	2128	0.00	198	0	0	1	90.44	0.00	0.02	4.79	85.21	88.72	0.00	38	0	42	0.00	0.00	65.28	7.54	0.00	0.00	2000
231	10.79	2128	2109	0.88	198	0	0	18	93.62	0.00	0.00	5.51	84.15	89.21	0.00	39	0	43	0.00	0.00	67.08	7.83	0.00	0.00	2000
230	10.83	2127	2096	0.02	198	0	0	0	nan	0.00	0.00	5.25	83.87	89.17	0.00	39	0	43	0.00	0.00	65.07	7.64	0.00	0.00	2000
232	10.93	2124	2104	0.00	199	0	0	0	nan	0.00	0.01	5.34	84.03	89.07	0.00	38	0	42	0.00	0.00	65.94	7.48	0.00	0.00	2000
230	11.24	2057	2086	0.00	198	0	0	0	nan	0.00	0.00	5.91	82.44	88.76	0.00	38	0	42	0.00	0.00	65.31	7.70	0.00	0.00	2000
234	11.33	2057	2110	0.00	201	0	0	0	nan	0.00	0.03	6.49	82.72	88.67	0.00	39	0	42	0.00	0.00	65.76	7.73	0.00	0.00	2000
232	10.73	2155	2104	0.00	182	0	0	0	nan	0.00	1.00	3.35	85.18	89.27	0.00	39	0	43	0.00	0.00	63.72	7.39	0.00	0.00	2000
228	11.30	2056	2065	0.00	197	0	0	0	nan	0.00	0.91	6.81	79.62	88.70	0.00	39	0	42	0.00	0.00	61.62	7.27	0.00	0.00	2000
230	11.06	2050	2128	0.00	213	0	0	0	nan	0.00	0.02	5.22	85.01	88.94	0.00	39	0	42	0.00	0.00	67.97	7.82	0.00	0.00	2000
234	11.00	2111	2112	0.00	198	0	0	0	nan	0.00	0.00	4.96	84.70	89.00	0.00	38	0	42	0.00	0.00	67.04	8.00	0.00	0.00	2000
234	11.58	2027	2092	0.00	205	0	0	0	nan	0.00	0.00	7.10	81.18	88.42	0.00	39	0	42	0.00	0.00	64.74	7.70	0.00	0.00	2000
232	11.28	2047	2106	0.00	199	0	0	0	nan	0.00	0.00	7.67	81.42	88.72	0.00	39	0	43	0.00	0.00	65.90	7.82	0.00	0.00	2000
238	11.19	2137	2091	0.00	199	0	0	0	nan	0.00	0.00	7.46	81.07	88.81	0.00	39	0	42	0.00	0.00	65.55	7.62	0.00	0.00	2000
230	11.26	2044	2102	0.00	197	0	0	0	nan	0.00	0.05	3.81	85.17	88.74	0.00	39	0	42	0.00	0.00	64.40	7.53	0.00	0.00	2000
227	11.23	2051	2069	0.00	197	0	0	0	nan	0.00	0.02	5.29	82.28	88.77	0.00	37	0	42	0.00	0.00	61.77	7.30	0.00	0.00	2000
239	11.33	2069	2141	0.00	218	0	0	0	nan	0.00	0.00	7.65	82.89	88.67	0.00	38	0	42	0.00	0.00	69.35	8.30	0.00	0.00	2000
225	11.00	2041	2101	0.00	196	0	0	0	nan	0.00	0.04	3.16	86.02	89.00	0.00	39	0	43	0.00	0.00	65.46	8.20	0.00	0.00	2000
224	11.03	2029	2100	0.00	197	0	0	0	nan	0.00	0.03	4.91	84.28	88.97	0.00	40	0	42	0.00	0.00	63.04	7.50	0.00	0.00	2000
223	11.01	2023	2098	0.70	181	0	0	3	52.63	0.00	0.50	5.15	83.46	88.99	0.00	40	0	42	0.00	0.00	62.44	7.54	0.00	0.00	2000
222	11.09	1998	2102	0.27	196	0	0	0	nan	0.00	0.00	7.05	82.16	88.91	0.00	40	0	42	0.00	0.00	64.91	7.93	0.00	0.00	2000
227	11.28	2012	2103	0.00	199	0	0	0	nan	0.00	0.00	6.42	82.65	88.72	0.00	40	0	43	0.00	0.00	65.25	7.89	0.00	0.00	2000
223	11.06	2014	2099	0.00	199	0	0	0	nan	0.01	0.00	6.72	82.42	88.94	0.00	40	0	42	0.00	0.00	66.54	7.96	0.00	0.00	2000
223	10.97	2034	2099	0.00	196	0	0	0	nan	0.00	0.47	7.27	81.47	89.03	0.00	40	0	43	0.00	0.00	62.67	7.70	0.00	0.00	2000
222	10.96	2024	2097	0.00	180	0	0	0	nan	0.00	0.00	6.25	82.85	89.04	0.00	40	0	43	0.00	0.00	62.53	7.46	0.00	0.00	2000
223	11.12	2000	2104	0.00	214	0	0	0	nan	0.00	0.02	6.66	82.59	88.88	0.00	40	0	42	0.00	0.00	66.39	7.90	0.00	0.00	2000
222	11.00	2021	2095	0.00	197	0	0	0	nan	0.00	0.00	6.00	83.00	89.00	0.00	40	0	42	0.00	0.00	64.61	7.83	0.00	0.00	2000
226	11.23	2005	2105	0.00	195	0	0	0	nan	0.00	0.00	6.54	82.66	88.77	0.00	40	0	43	0.00	0.00	65.23	7.90	0.00	0.00	2000
224	11.71	2059	1951	0.00	183	0	0	0	nan	0.00	0.00	7.29	74.82	88.29	0.00	40	0	42	0.00	0.00	56.18	6.70	0.00	0.00	2000
227	10.45	2022	2259	0.00	216	0	0	0	nan	0.00	0.00	5.27	91.22	89.55	0.00	41	0	42	0.00	0.00	70.42	8.51	0.00	0.00	2000
221	10.91	2030	2100	0.00	213	0	0	0	nan	0.00	0.00	6.31	82.95	89.09	0.00	40	0	43	0.00	0.00	65.78	7.93	0.00	0.00	2000
227	11.04	2057	2097	0.00	196	0	0	0	nan	0.00	0.22	6.80	81.99	88.96	0.00	40	0	42	0.00	0.00	63.92	7.77	0.00	0.00	2000
222	10.93	2032	2100	0.00	202	0	0	0	nan	0.00	0.88	3.47	84.94	89.07	0.00	40	0	43	0.00	0.00	64.79	7.84	0.00	0.00	2000
223	10.93	2034	2103	0.00	198	0	0	0	nan	0.00	0.00	6.69	82.69	89.07	0.00	41	0	43	0.00	0.00	62.96	7.56	0.00	0.00	2000
222	10.71	2079	2095	0.00	197	0	0	0	nan	0.00	0.01	6.44	82.82	89.29	0.00	40	0	42	0.00	0.00	62.44	7.52	0.00	0.00	2000
222	10.78	2058	2102	0.00	197	0	0	0	nan	0.00	0.46	6.31	82.72	89.22	0.00	40	0	43	0.00	0.00	67.08	8.16	0.00	0.00	2000
220	11.25	2026	2026	0.93	198	0	0	20	6.99	0.00	0.00	6.19	79.66	88.75	0.00	41	0	42	0.00	0.00	61.35	7.67	0.00	0.00	2000
219	11.36	2013	2016	0.58	201	0	0	0	nan	0.00	0.00	5.80	79.50	88.64	0.00	41	0	42	0.00	0.00	63.09	8.19	0.00	0.00	2000
258	12.52	2060	2100	0.00	229	0	0	0	nan	0.00	0.00	10.21	77.45	87.48	0.00	41	0	43	0.00	0.00	65.18	8.65	0.00	0.00	2000
226	10.74	1953	2259	0.00	213	0	0	0	nan	0.00	0.05	6.90	89.31	89.26	0.00	41	0	43	0.00	0.00	71.49	9.27	0.00	0.00	2000
222	11.23	1992	2087	0.00	194	0	0	0	nan	0.00	0.00	6.78	81.65	88.77	0.00	41	0	42	0.00	0.00	65.52	8.52	0.00	0.00	2000
222	10.99	2007	2116	0.00	199	0	0	0	nan	0.00	0.00	4.58	85.32	89.01	0.00	41	0	42	0.00	0.00	65.76	8.62	0.00	0.00	2000
219	11.23	2004	2046	0.00	195	0	0	0	nan	0.00	0.00	3.05	83.56	88.77	0.00	41	0	43	0.00	0.00	66.15	8.45	0.00	0.00	2000
221	10.74	2019	2143	0.00	195	0	0	0	nan	0.01	0.01	2.79	88.51	89.26	0.00	41	0	42	0.00	0.00	65.63	8.46	0.00	0.00	2000
221	11.15	2010	2072	0.00	194	0	0	0	nan	0.00	0.00	3.26	84.59	88.85	0.00	41	0	43	0.00	0.00	65.66	8.38	0.00	0.00	2000
221	10.74	2019	2141	0.00	196	0	0	0	nan	0.00	0.03	3.88	87.34	89.26	0.00	41	0	43	0.00	0.00	65.58	8.43	0.00	0.00	2000
223	11.31	1989	2078	0.00	197	0	0	0	nan	0.00	0.01	3.09	84.88	88.69	0.00	41	0	43	0.00	0.00	65.86	8.45	0.00	0.00	2000
221	11.10	1999	2087	0.00	194	0	0	0	nan	0.00	0.00	3.23	85.32	88.90	0.00	41	0	43	0.00	0.00	65.57	8.49	0.00	0.00	2000
220	11.01	1981	2115	0.00	195	0	0	0	nan	0.00	0.02	3.26	86.57	88.99	0.00	41	0	42	0.00	0.00	65.43	8.51	0.00	0.00	2000
216	11.67	1971	1971	0.00	195	0	0	0	nan	0.00	0.00	3.20	79.89	88.33	0.00	41	0	43	0.00	0.00	60.50	7.95	0.00	0.00	2000
223	10.67	1983	2214	0.00	211	0	0	0	nan	0.00	0.00	2.47	91.85	89.33	0.00	42	0	43	0.00	0.00	71.29	9.18	0.00	0.00	2000
222	10.77	2054	2106	0.00	196	0	0	0	nan	0.00	0.00	3.38	86.27	89.23	0.00	42	0	42	0.00	0.00	66.02	8.45	0.00	0.00	2000
222	10.83	2038	2109	0.00	199	0	0	0	nan	0.00	0.01	3.66	86.08	89.17	0.00	41	0	42	0.00	0.00	66.05	8.51	0.00	0.00	2000
220	10.97	1994	2117	1.18	197	0	0	23	25.35	0.00	0.00	3.54	86.40	89.03	0.00	41	0	43	0.00	0.00	65.01	8.42	0.00	0.00	2000
222	11.12	2003	2089	0.43	196	0	0	0	nan	0.00	0.00	3.70	84.87	88.88	0.00	41	0	43	0.00	0.00	65.64	8.42	0.00	0.00	2000
220	10.80	2045	2095	0.00	195	0	0	0	nan	0.00	0.00	3.37	85.82	89.20	0.00	41	0	42	0.00	0.00	65.62	8.55	0.00	0.00	2000
222	10.68	2079	2096	0.00	197	0	0	0	nan	0.00	0.00	3.10	86.20	89.32	0.00	41	0	42	0.00	0.00	66.07	8.46	0.00	0.00	2000
220	10.94	2007	2105	0.00	194	0	0	0	nan	0.00	0.02	2.91	86.57	89.06	0.00	41	0	42	0.00	0.00	65.82	8.48	0.00	0.00	2000
220	11.05	1999	2090	0.00	195	0	0	0	nan	0.00	0.00	3.52	85.21	88.95	0.00	41	0	42	0.00	0.00	65.64	8.52	0.00	0.00	2000
220	10.75	2047	2099	0.00	195	0	0	0	nan	0.00	0.00	3.00	86.32	89.25	0.00	42	0	43	0.00	0.00	65.94	8.39	0.00	0.00	2000
221	10.68	2047	2120	0.00	195	0	0	0	nan	0.00	0.01	3.13	87.13	89.32	0.00	41	0	42	0.00	0.00	66.26	8.30	0.00	0.00	2000
220	11.44	1956	2063	0.00	212	0	0	0	nan	0.00	0.00	3.40	83.83	88.56	0.00	41	0	43	0.00	0.00	63.04	8.17	0.00	0.00	2000
221	10.90	2000	2124	0.00	195	0	0	0	nan	0.00	0.02	3.31	87.02	89.10	0.00	41	0	42	0.00	0.00	68.02	8.12	0.00	0.00	2000
216	11.33	2016	1984	0.00	195	0	0	0	nan	0.00	0.00	2.66	81.28	88.67	0.00	42	0	42	0.00	0.00	60.52	8.01	0.00	0.00	2000
224	10.49	2019	2216	0.00	210	0	0	0	nan	0.00	0.00	2.82	91.81	89.51	0.00	41	0	42	0.00	0.00	69.04	8.78	0.00	0.00	2000
223	10.84	2042	2118	0.00	195	0	0	0	nan	0.00	0.02	3.36	86.69	89.16	0.00	42	0	42	0.00	0.00	68.49	8.63	0.00	0.00	2000
220	10.79	2032	2108	0.00	195	0	0	0	nan	0.00	0.00	3.93	85.82	89.21	0.00	41	0	43	0.00	0.00	63.40	8.13	0.00	0.00	2000
218	10.86	2041	2065	0.00	210	0	0	0	nan	0.00	0.00	3.20	84.63	89.14	0.00	41	0	43	0.00	0.00	62.97	8.05	0.00	0.00	2000
220	10.64	2052	2120	0.00	194	0	0	0	nan	0.00	0.00	2.80	87.61	89.36	0.00	41	0	43	0.00	0.00	68.72	8.70	0.00	0.00	2000
220	10.53	2054	2134	0.00	195	0	0	0	nan	0.00	0.00	2.98	88.10	89.47	0.00	41	0	43	0.00	0.00	68.36	8.71	0.00	0.00	2000
222	11.27	2020	2047	1.33	195	0	0	23	6.33	0.00	0.02	3.66	82.93	88.73	0.00	41	0	43	0.00	0.00	63.49	8.14	0.00	0.00	2000
224	10.72	2026	2163	0.21	195	0	0	0	nan	0.00	0.00	3.17	88.98	89.28	0.00	41	0	43	0.00	0.00	66.75	8.44	0.00	0.00	2000
224	10.87	2062	2095	0.00	199	0	0	0	nan	0.00	0.01	4.93	84.16	89.13	0.00	40	0	42	0.00	0.00	62.33	7.65	0.00	0.00	2000
216	12.64	2145	1671	0.00	197	0	0	0	nan	0.00	0.00	2.62	66.95	87.36	0.00	39	0	43	0.00	0.00	52.76	6.42	0.00	0.00	2000
227	9.33	1958	2614	0.00	259	0	0	0	nan	0.00	0.02	4.12	108.83	90.67	0.00	38	0	42	0.00	0.00	81.92	9.83	0.00	0.00	2000
231	11.22	2037	2119	0.00	220	0	0	0	nan	0.00	0.02	4.66	85.02	88.78	0.00	40	0	42	0.00	0.00	64.02	7.49	0.00	0.00	2000
230	10.96	2092	2103	0.00	218	0	0	0	nan	0.00	0.00	5.60	83.67	89.04	0.00	40	0	43	0.00	0.00	65.49	7.58	0.00	0.00	2000
228	10.86	2096	2101	0.00	203	0	0	0	nan	0.00	0.00	3.74	85.56	89.14	0.00	41	0	42	0.00	0.00	67.01	7.72	0.00	0.00	2000
233	10.85	2129	2114	0.00	213	0	0	0	nan	0.00	0.00	3.80	85.98	89.15	0.00	40	0	42	0.00	0.00	62.94	7.39	0.00	0.00	2000
229	10.64	2152	2098	0.00	202	0	0	0	nan	0.00	0.00	3.39	85.88	89.36	0.00	40	0	42	0.00	0.00	64.27	7.28	0.00	0.00	2000
224	10.84	2085	2076	0.00	203	0	0	0	nan	0.00	0.00	2.90	85.31	89.16	0.00	40	0	42	0.00	0.00	66.31	7.57	0.00	0.00	2000
230	11.03	2067	2115	0.00	203	0	0	0	nan	0.00	0.00	3.71	86.03	88.97	0.00	41	0	42	0.00	0.00	64.91	7.51	0.00	0.00	2000
226	10.73	2123	2084	0.00	189	0	0	0	nan	0.00	0.02	2.95	85.70	89.27	0.00	41	0	42	0.00	0.00	65.84	7.54	0.00	0.00	2000
229	10.90	2086	2110	0.00	219	0	0	0	nan	0.00	0.00	3.57	86.06	89.10	0.00	41	0	42	0.00	0.00	64.35	7.40	0.00	0.00	2000
228	11.00	2080	2095	0.00	213	0	0	0	nan	0.00	0.02	4.10	84.68	89.00	0.00	41	0	42	0.00	0.00	64.20	7.41	0.00	0.00	2000
230	10.96	2085	2111	0.00	203	0	0	0	nan	0.00	0.00	4.32	85.25	89.04	0.00	41	0	42	0.00	0.00	65.19	7.60	0.00	0.00	2000
225	10.67	2123	2084	0.00	188	0	0	1	87.75	0.00	0.00	3.19	85.49	89.33	0.00	41	0	43	0.00	0.00	62.51	7.29	0.00	0.00	2000
234	10.93	2114	2127	0.62	204	0	0	2	86.65	0.00	0.02	3.65	86.59	89.07	0.00	41	0	43	0.00	0.00	66.71	7.63	0.00	0.00	2000
222	10.91	2054	2077	0.01	203	0	0	0	nan	0.00	0.00	3.41	84.80	89.09	0.00	40	0	42	0.00	0.00	63.57	7.48	0.00	0.00	2000
232	11.12	2089	2098	0.00	230	0	0	0	nan	0.00	0.00	3.46	85.50	88.88	0.00	40	0	43	0.00	0.00	65.74	7.86	0.00	0.00	2000
232	11.22	2053	2119	0.00	203	0	0	0	nan	0.00	0.02	3.27	86.46	88.78	0.00	40	0	43	0.00	0.00	67.11	8.01	0.00	0.00	2000
230	11.23	2045	2101	0.00	205	0	0	0	nan	0.00	0.03	4.90	83.95	88.77	0.00	39	0	43	0.00	0.00	64.88	7.63	0.00	0.00	2000
76	7.00	1095	2085	0.00	202	0	0	0	nan	0.00	0.04	3.63	88.96	93.00	0.00	38	0	42	0.00	0.00	59.58	7.72	0.00	0.00	2000
132	9.00	1509	2034	0.00	202	0	0	0	nan	0.00	0.00	5.66	82.65	91.00	0.00	39	0	42	0.00	0.00	56.78	7.25	0.00	0.00	2000
233	11.00	2041	2179	0.00	204	0	0	0	nan	0.00	0.04	6.22	86.33	89.00	0.00	40	0	42	0.00	0.00	70.30	8.26	0.00	0.00	2000
236	11.59	2050	2087	0.00	208	0	0	0	nan	0.00	0.00	6.51	81.42	88.41	0.00	41	0	42	0.00	0.00	63.20	7.15	0.00	0.00	2000
185	10.08	1828	2109	0.00	222	0	0	0	nan	0.00	0.00	7.65	82.85	89.92	0.00	39	0	42	0.00	0.00	65.53	7.61	0.00	0.00	2000
76	7.17	1053	2108	0.00	198	0	0	0	nan	0.00	0.00	6.25	87.14	92.83	0.00	38	0	42	0.00	0.00	58.32	7.34	0.00	0.00	2000
107	7.95	1436	1971	0.00	188	0	0	0	nan	0.00	0.00	6.40	80.13	92.05	0.00	39	0	42	0.00	0.00	50.11	6.34	0.00	0.00	2000
236	11.10	2024	2209	0.00	239	0	0	0	nan	0.00	0.00	8.54	85.03	88.90	0.00	40	0	42	0.00	0.00	70.61	8.28	0.00	0.00	2000
230	11.36	2034	2094	0.00	187	0	0	0	nan	0.00	0.00	7.63	80.87	88.64	0.00	40	0	42	0.00	0.00	64.50	7.69	0.00	0.00	2000
229	11.18	2030	2120	0.00	199	0	0	0	nan	0.00	0.00	7.34	82.54	88.82	0.00	41	0	42	0.00	0.00	67.27	7.82	0.00	0.00	2000
228	11.31	2019	2101	0.00	198	0	0	0	nan	0.00	0.01	5.81	83.15	88.69	0.00	41	0	43	0.00	0.00	64.38	7.40	0.00	0.00	2000
231	11.37	2029	2106	0.00	216	0	0	1	77.05	0.00	0.00	5.80	83.22	88.63	0.00	40	0	43	0.00	0.00	64.91	7.42	0.00	0.00	2000
234	11.30	2059	2114	0.82	187	0	0	5	73.14	0.00	0.04	4.88	84.48	88.70	0.00	41	0	42	0.00	0.00	63.74	7.54	0.00	0.00	2000
225	11.10	2074	2052	0.01	217	0	0	0	nan	0.00	0.01	7.30	79.73	88.90	0.00	39	0	43	0.00	0.00	64.05	7.69	0.00	0.00	2000
221	10.72	2059	2105	0.00	214	0	0	0	nan	0.00	0.01	4.36	85.26	89.28	0.00	39	0	43	0.00	0.00	65.22	7.79	0.00	0.00	2000
278	12.61	2191	2111	0.00	211	0	0	0	nan	0.00	2.01	7.54	78.49	87.39	0.00	38	0	42	0.00	0.00	67.92	7.97	0.00	0.00	2000
112	8.45	1305	2127	0.00	233	0	0	0	nan	0.00	0.00	10.15	82.63	91.55	0.00	37	0	43	0.00	0.00	62.49	7.83	0.00	0.00	2000
81	7.26	1114	2102	0.00	193	0	0	0	nan	0.00	0.00	3.87	89.04	92.74	0.00	37	0	42	0.00	0.00	59.22	7.53	0.00	0.00	2000
71	6.85	1048	2077	0.00	193	0	0	0	nan	0.00	0.00	3.13	89.13	93.15	0.00	37	0	43	0.00	0.00	56.74	7.37	0.00	0.00	2000
84	7.59	1100	2117	0.00	147	0	0	0	nan	0.00	0.02	4.52	88.77	92.41	0.00	37	0	42	0.00	0.00	60.26	7.94	0.00	0.00	2000
