Avg_MHz	Busy%	Bzy_MHz	TSC_MHz	IPC	IRQ	NMI	SMI	LLCMRPS	LLC%hit	POLL%	C1%	C1E%	C6%	CPU%c1	CPU%c6	CoreTmp	CoreThr	PkgTmp	Pkg%pc2	Pkg%pc6	PkgWatt	RAMWatt	PKG_%	RAM_%	UncMHz
339	16.22	2022	2169	0.00	254	0	0	0	nan	0.00	0.87	28.09	57.55	83.78	0.00	37	0	42	0.00	0.00	66.43	7.75	0.00	0.00	2000
298	14.92	1988	2113	0.00	210	0	0	0	nan	0.06	0.71	18.10	66.87	85.08	0.00	37	0	42	0.00	0.00	65.21	7.52	0.00	0.00	2000
78	6.76	1146	2109	0.00	194	0	0	0	nan	0.00	0.00	3.28	90.36	93.24	0.00	37	0	42	0.00	0.00	59.38	7.38	0.00	0.00	2000
91	7.81	1166	2094	0.00	209	0	0	0	nan	0.00	0.00	7.01	84.81	92.19	0.00	37	0	42	0.00	0.00	59.56	7.42	0.00	0.00	2000
73	6.72	1082	2109	0.00	193	0	0	0	nan	0.00	0.00	2.75	90.88	93.28	0.00	37	0	42	0.00	0.00	57.26	7.37	0.00	0.00	2000
72	6.34	1146	2075	0.00	192	0	0	0	nan	0.00	0.00	2.92	89.59	93.66	0.00	37	0	42	0.00	0.00	58.54	7.44	0.00	0.00	2000
74	6.88	1076	2099	0.00	194	0	0	0	nan	0.00	0.00	2.06	90.97	93.12	0.00	37	0	42	0.00	0.00	56.35	7.26	0.00	0.00	2000
71	6.56	1092	2092	0.00	194	0	0	0	nan	0.00	0.00	3.27	89.79	93.44	0.00	37	0	42	0.00	0.00	60.09	7.74	0.00	0.00	2000
76	6.86	1096	2128	0.00	209	0	0	0	nan	0.00	0.00	4.55	89.80	93.14	0.00	37	0	42	0.00	0.00	57.08	7.42	0.00	0.00	2000
73	6.46	1126	2099	0.00	195	0	0	0	nan	0.00	0.00	3.30	90.26	93.54	0.00	37	0	42	0.00	0.00	60.47	7.53	0.00	0.00	2000
74	6.73	1100	2098	0.00	197	0	0	0	nan	0.00	0.04	5.50	87.62	93.27	0.00	37	0	42	0.00	0.00	57.81	7.36	0.00	0.00	2000
72	6.53	1112	2075	0.00	178	0	0	0	nan	0.00	0.00	3.46	88.85	93.47	0.00	37	0	42	0.00	0.00	57.70	7.33	0.00	0.00	2000
73	6.55	1105	2133	0.00	209	0	0	0	nan	0.00	0.00	4.29	90.58	93.45	0.00	37	0	42	0.00	0.00	58.20	7.29	0.00	0.00	2000
71	6.28	1144	2069	0.00	193	0	0	0	nan	0.00	0.00	3.21	89.08	93.72	0.00	37	0	42	0.00	0.00	58.62	7.32	0.00	0.00	2000
74	6.61	1104	2128	0.00	193	0	0	0	nan	0.00	0.00	3.10	91.50	93.39	0.00	37	0	42	0.00	0.00	58.81	7.46	0.00	0.00	2000
72	6.48	1107	2100	0.00	193	0	0	0	97.35	0.00	0.00	3.43	90.05	93.52	0.00	37	0	42	0.00	0.00	58.90	7.47	0.00	0.00	2000
73	6.47	1123	2103	0.30	193	0	0	1	86.92	0.00	0.02	3.98	89.66	93.53	0.00	37	0	42	0.00	0.00	57.38	7.25	0.00	0.00	2000
72	6.40	1131	2092	0.08	197	0	0	0	nan	0.00	0.01	4.21	88.87	93.60	0.00	37	0	42	0.00	0.00	58.71	7.35	0.00	0.00	2000
190	9.73	1973	2080	0.00	214	0	0	0	nan	0.00	0.02	4.93	84.49	90.27	0.00	39	0	42	0.00	0.00	63.27	7.36	0.00	0.00	2000
234	11.22	2062	2120	0.00	221	0	0	0	nan	0.00	0.00	5.10	84.62	88.78	0.00	40	0	42	0.00	0.00	64.14	7.19	0.00	0.00	2000
230	10.94	2096	2105	0.00	210	0	0	0	nan	0.00	0.02	5.15	84.16	89.06	0.00	40	0	42	0.00	0.00	67.11	7.62	0.00	0.00	2000
229	10.87	2104	2099	0.00	187	0	0	0	nan	0.00	0.00	3.85	85.32	89.13	0.00	40	0	42	0.00	0.00	63.48	7.08	0.00	0.00	2000
234	11.03	2121	2099	0.00	211	0	0	0	nan	0.00	0.02	5.89	83.02	88.97	0.00	38	0	42	0.00	0.00	65.38	7.59	0.00	0.00	2000
233	11.05	2102	2103	0.00	184	0	0	0	nan	0.00	0.03	5.00	84.23	88.95	0.00	39	0	42	0.00	0.00	67.88	7.94	0.00	0.00	2000
238	11.05	2212	2047	0.00	197	0	0	0	nan	0.00	0.00	5.26	81.46	88.95	0.00	38	0	42	0.00	0.00	66.01	7.46	0.00	0.00	2000
230	10.70	2098	2153	0.00	215	0	0	0	nan	0.00	0.04	6.56	85.08	89.30	0.00	38	0	42	0.00	0.00	66.86	7.69	0.00	0.00	2000
232	10.86	2135	2100	0.00	197	0	0	0	nan	0.00	1.77	3.98	83.52	89.14	0.00	38	0	42	0.00	0.00	63.93	7.31	0.00	0.00	2000
230	10.80	2136	2096	0.00	182	0	0	0	nan	0.00	1.03	5.48	82.63	89.20	0.00	38	0	42	0.00	0.00	67.21	7.74	0.00	0.00	2000
227	10.80	2113	2092	0.00	198	0	0	0	nan	0.00	0.01	6.20	82.74	89.20	0.00	38	0	42	0.00	0.00	64.98	7.39	0.00	0.00	2000
234	11.27	2103	2070	0.00	197	0	0	0	nan	0.00	0.46	3.69	83.39	88.73	0.00	38	0	42	0.00	0.00	62.75	7.02	0.00	0.00	2000
224	10.92	2061	2092	0.00	215	0	0	0	nan	0.00	0.00	7.55	81.32	89.08	0.00	39	0	42	0.00	0.00	66.19	7.48	0.00	0.00	2000
231	11.41	2029	2099	0.00	199	0	0	0	nan	0.00	0.00	6.24	82.34	88.59	0.00	39	0	42	0.00	0.00	63.29	7.31	0.00	0.00	2000
229	10.98	2039	2152	0.00	212	0	0	0	89.66	0.00	0.00	6.15	85.13	89.02	0.00	39	0	42	0.00	0.00	68.22	7.85	0.00	0.00	2000
226	10.96	2089	2071	0.61	198	0	0	20	82.11	0.00	0.00	6.29	81.56	89.04	0.00	39	0	42	0.00	0.00	62.65	7.23	0.00	0.00	2000
237	11.19	2092	2126	0.06	197	0	0	0	nan	0.00	0.00	7.04	82.97	88.81	0.00	39	0	42	0.00	0.00	65.77	7.42	0.00	0.00	2000
227	10.94	2100	2073	0.00	202	0	0	0	nan	0.00	0.03	7.01	81.02	89.06	0.00	39	0	42	0.00	0.00	66.16	7.58	0.00	0.00	2000
229	11.07	2054	2115	0.00	197	0	0	0	nan	0.00	0.03	4.75	84.89	88.93	0.00	39	0	42	0.00	0.00	65.26	7.38	0.00	0.00	2000
232	11.35	2025	2117	0.00	200	0	0	0	nan	0.00	0.05	5.51	83.96	88.65	0.00	39	0	42	0.00	0.00	65.60	7.57	0.00	0.00	2000
224	10.48	2175	2067	0.00	201	0	0	0	nan	0.00	0.00	6.66	81.46	89.52	0.00	38	0	42	0.00	0.00	62.26	7.08	0.00	0.00	2000
239	11.00	2126	2143	0.00	200	0	0	0	nan	0.01	0.03	4.79	86.08	89.00	0.00	38	0	42	0.00	0.00	67.18	7.93	0.00	0.00	2000
233	11.19	2089	2098	0.00	204	0	0	0	nan	0.00	0.00	3.73	85.02	88.81	0.00	38	0	42	0.00	0.00	67.12	7.65	0.00	0.00	2000
229	10.64	2167	2089	0.00	196	0	0	0	nan	0.00	0.00	6.10	82.89	89.36	0.00	38	0	42	0.00	0.00	63.41	7.33	0.00	0.00	2000
228	11.24	2039	2090	0.00	197	0	0	0	nan	0.00	0.02	5.28	83.13	88.77	0.00	38	0	42	0.00	0.00	64.90	7.51	0.00	0.00	2000
233	11.12	2077	2119	0.00	197	0	0	0	nan	0.00	0.00	6.89	82.87	88.88	0.00	38	0	42	0.00	0.00	66.69	7.73	0.00	0.00	2000
230	10.94	2105	2098	0.00	199	0	0	0	nan	0.00	0.00	5.94	83.06	89.06	0.00	39	0	42	0.00	0.00	64.82	7.22	0.00	0.00	2000
229	10.94	2110	2079	0.00	186	0	0	0	nan	0.00	0.00	5.97	82.25	89.06	0.00	39	0	42	0.00	0.00	65.48	7.48	0.00	0.00	2000
230	11.16	2075	2085	0.00	211	0	0	0	nan	0.00	0.00	7.02	81.20	88.84	0.00	38	0	42	0.00	0.00	62.89	7.23	0.00	0.00	2000
235	11.18	2088	2116	0.00	198	0	0	0	nan	0.00	0.00	5.79	83.61	88.82	0.00	37	0	43	0.00	0.00	64.24	7.53	0.00	0.00	2000
234	11.05	2089	2127	0.00	216	0	0	0	nan	0.00	0.02	3.13	87.06	88.95	0.00	38	0	42	0.00	0.00	68.10	7.80	0.00	0.00	2000
226	10.76	2142	2063	0.00	197	0	0	0	nan	0.00	0.11	5.57	82.09	89.24	0.00	39	0	42	0.00	0.00	62.07	7.04	0.00	0.00	2000
232	10.81	2137	2107	0.90	202	0	0	14	93.96	0.00	0.04	3.51	85.98	89.19	0.00	39	0	42	0.00	0.00	66.53	7.63	0.00	0.00	2000
232	11.04	2089	2111	0.14	195	0	0	0	nan	0.01	0.55	4.51	84.49	88.96	0.00	39	0	42	0.00	0.00	65.98	7.78	0.00	0.00	2000
236	10.98	2133	2114	0.00	195	0	0	0	nan	0.00	0.03	5.26	84.38	89.02	0.00	39	0	42	0.00	0.00	66.80	7.81	0.00	0.00	2000
227	11.14	2061	2079	0.00	198	0	0	0	nan	0.01	0.00	5.27	82.70	88.86	0.00	39	0	42	0.00	0.00	62.40	7.22	0.00	0.00	2000
231	11.42	2018	2107	0.00	215	0	0	0	nan	0.00	0.00	5.59	83.39	88.58	0.00	39	0	42	0.00	0.00	66.99	7.85	0.00	0.00	2000
229	11.24	2038	2099	0.00	199	0	0	0	nan	0.00	0.00	6.99	81.84	88.76	0.00	39	0	42	0.00	0.00	65.03	7.72	0.00	0.00	2000
235	11.23	2081	2108	0.00	199	0	0	0	nan	0.00	0.00	6.21	82.94	88.77	0.00	39	0	42	0.00	0.00	66.54	7.84	0.00	0.00	2000
224	12.22	2173	1775	0.00	208	0	0	0	nan	0.00	0.00	6.78	67.52	87.78	0.00	38	0	42	0.00	0.00	51.64	5.94	0.00	0.00	2000
241	9.78	2047	2527	0.00	246	0	0	0	nan	0.00	0.02	8.96	99.65	90.22	0.00	38	0	42	0.00	0.00	81.87	9.40	0.00	0.00	2000
414	17.96	2326	2081	0.00	309	0	0	0	nan	0.00	0.90	12.43	68.09	82.04	0.00	38	0	42	0.00	0.00	66.04	7.44	0.00	0.00	2000
233	11.25	2110	2062	0.00	197	0	0	0	nan	0.00	0.02	5.20	81.92	88.75	0.00	38	0	42	0.00	0.00	64.06	7.39	0.00	0.00	2000
229	10.25	2178	2155	0.00	215	0	0	0	nan	0.00	0.00	5.46	86.67	89.75	0.00	39	0	42	0.00	0.00	68.75	7.81	0.00	0.00	2000
232	11.12	2086	2098	0.00	199	0	0	0	nan	0.01	1.08	4.13	83.62	88.88	0.00	39	0	42	0.00	0.00	64.59	7.54	0.00	0.00	2000
227	10.91	2085	2101	0.00	201	0	0	0	nan	0.00	0.00	6.55	82.64	89.09	0.00	39	0	42	0.00	0.00	64.68	7.37	0.00	0.00	2000
230	10.84	2116	2106	0.00	198	0	0	0	nan	0.00	0.00	7.01	82.53	89.16	0.00	39	0	42	0.00	0.00	65.67	7.49	0.00	0.00	2000
227	11.01	2069	2092	0.00	194	0	0	0	nan	0.00	0.00	6.64	82.01	88.99	0.00	39	0	42	0.00	0.00	64.47	7.30	0.00	0.00	2000
228	10.83	2104	2105	0.00	198	0	0	1	89.71	0.00	0.00	6.20	83.26	89.17	0.00	39	0	42	0.00	0.00	65.10	7.52	0.00	0.00	2000
227	10.95	2079	2093	0.56	198	0	0	1	87.32	0.00	0.00	5.41	83.37	89.05	0.00	39	0	42	0.00	0.00	64.35	7.28	0.00	0.00	2000
230	11.11	2090	2084	0.00	200	0	0	0	nan	0.00	0.04	6.43	81.79	88.89	0.00	39	0	42	0.00	0.00	62.00	7.18	0.00	0.00	2000
231	11.07	2064	2124	0.00	198	0	0	0	nan	0.00	0.00	7.78	82.22	88.93	0.00	39	0	42	0.00	0.00	65.17	7.46	0.00	0.00	2000
229	10.82	2121	2097	0.00	197	0	0	0	nan	0.01	0.00	4.67	84.46	89.18	0.00	39	0	42	0.00	0.00	65.46	7.40	0.00	0.00	2000
226	10.90	2084	2090	0.00	178	0	0	0	nan	0.00	0.00	3.83	84.98	89.10	0.00	39	0	42	0.00	0.00	64.63	7.41	0.00	0.00	2000
230	11.11	2068	2105	0.00	214	0	0	0	nan	0.00	0.02	5.63	83.59	88.89	0.00	39	0	42	0.00	0.00	62.70	7.04	0.00	0.00	2000
231	10.86	2128	2097	0.00	183	0	0	0	nan	0.00	0.55	4.93	83.62	89.14	0.00	39	0	42	0.00	0.00	65.90	7.64	0.00	0.00	2000
233	11.21	2074	2107	0.00	205	0	0	0	nan	0.00	0.02	3.10	86.12	88.79	0.00	39	0	42	0.00	0.00	67.80	7.73	0.00	0.00	2000
223	10.98	2036	2092	0.00	197	0	0	0	nan	0.00	0.00	5.67	83.12	89.02	0.00	38	0	42	0.00	0.00	65.42	7.47	0.00	0.00	2000
78	6.66	1172	2109	0.00	197	0	0	0	nan	0.01	0.00	7.15	86.61	93.34	0.00	38	0	42	0.00	0.00	58.62	7.66	0.00	0.00	2000
129	7.92	1645	2075	0.00	223	0	0	0	nan	0.02	0.00	8.30	82.60	92.08	0.00	38	0	42	0.00	0.00	59.75	7.47	0.00	0.00	2000
224	10.73	2071	2120	0.00	201	0	0	0	nan	0.00	0.00	7.85	82.28	89.27	0.00	39	0	42	0.00	0.00	64.91	7.59	0.00	0.00	2000
222	10.60	2104	2088	0.00	203	0	0	0	nan	0.00	0.85	8.18	79.96	89.40	0.00	40	0	42	0.00	0.00	65.52	7.39	0.00	0.00	2000
213	10.35	2036	2124	0.00	196	0	0	0	nan	0.00	0.02	7.57	83.22	89.65	0.00	39	0	42	0.00	0.00	64.63	7.55	0.00	0.00	2000
76	6.78	1127	2092	0.00	201	0	0	0	nan	0.00	0.02	8.01	84.77	93.22	0.00	37	0	42	0.00	0.00	58.77	7.46	0.00	0.00	2000
106	8.21	1367	1990	0.00	204	0	0	0	nan	0.00	0.00	7.37	79.62	91.79	0.00	38	0	42	0.00	0.00	56.53	7.13	0.00	0.00	2000
232	10.90	2031	2202	0.00	232	0	0	2	69.59	0.00	0.00	9.84	83.68	89.10	0.00	39	0	42	0.00	0.00	67.24	7.87	0.00	0.00	2000
234	11.01	2097	2123	0.63	200	0	0	4	65.03	0.04	0.00	10.77	79.29	88.99	0.00	40	0	42	0.00	0.00	64.32	7.52	0.00	0.00	2000
229	10.91	2120	2080	0.00	198	0	0	0	nan	0.00	0.00	7.05	81.28	89.09	0.00	40	0	42	0.00	0.00	64.62	7.49	0.00	0.00	2000
230	10.90	2108	2102	0.00	197	0	0	0	nan	0.00	0.00	8.14	81.12	89.10	0.00	40	0	42	0.00	0.00	64.26	7.46	0.00	0.00	2000
243	11.54	2085	2121	0.00	195	0	0	0	nan	0.00	2.20	5.80	81.56	88.46	0.00	40	0	43	0.00	0.00	65.99	7.60	0.00	0.00	2000
234	11.08	2133	2076	0.00	183	0	0	0	nan	0.00	1.03	6.86	80.16	88.92	0.00	40	0	42	0.00	0.00	64.64	7.42	0.00	0.00	2000
229	10.87	2079	2128	0.00	215	0	0	0	nan	0.00	0.50	12.46	77.56	89.13	0.00	38	0	42	0.00	0.00	65.60	7.68	0.00	0.00	2000
215	10.30	2112	2075	0.00	199	0	0	0	nan	0.00	1.04	5.46	82.27	89.70	0.00	38	0	42	0.00	0.00	62.29	7.30	0.00	0.00	2000
327	13.96	2314	2127	0.00	233	0	0	0	nan	0.00	0.01	7.74	79.54	86.04	0.00	39	0	42	0.00	0.00	69.63	8.14	0.00	0.00	2000
143	8.81	1676	2038	0.00	217	0	0	0	nan	0.00	0.00	6.75	81.75	91.19	0.00	37	0	42	0.00	0.00	58.53	7.19	0.00	0.00	2000
119	8.43	1319	2243	0.00	116	0	0	0	nan	0.00	0.00	19.38	78.54	91.57	0.00	37	0	42	0.00	0.00	65.96	8.12	0.00	0.00	2000
