Avg_MHz	Busy%	Bzy_MHz	TSC_MHz	IPC	IRQ	NMI	SMI	LLCMRPS	LLC%hit	POLL%	C1%	C1E%	C6%	CPU%c1	CPU%c6	CoreTmp	CoreThr	PkgTmp	Pkg%pc2	Pkg%pc6	PkgWatt	RAMWatt	PKG_%	RAM_%	UncMHz
260	13.36	1952	2097	0.00	236	0	0	0	nan	0.02	0.03	26.61	59.89	86.64	0.00	37	0	42	0.00	0.00	60.24	7.28	0.00	0.00	2000
358	16.55	2089	2173	0.00	231	0	0	0	nan	0.03	1.55	14.29	70.81	83.45	0.00	38	0	42	0.00	0.00	68.14	7.67	0.00	0.00	2000
77	6.66	1156	2097	0.00	194	0	0	0	nan	0.00	0.00	8.41	84.76	93.34	0.00	37	0	42	0.00	0.00	60.30	7.67	0.00	0.00	2000
73	6.64	1106	2103	0.00	193	0	0	0	nan	0.01	0.00	2.62	90.88	93.36	0.00	37	0	42	0.00	0.00	60.16	7.78	0.00	0.00	2000
74	6.67	1099	2106	0.00	193	0	0	0	nan	0.00	0.00	2.55	91.07	93.33	0.00	37	0	42	0.00	0.00	58.04	7.39	0.00	0.00	2000
72	6.67	1087	2094	0.00	210	0	0	0	nan	0.00	0.00	3.09	89.99	93.33	0.00	37	0	42	0.00	0.00	57.36	7.24	0.00	0.00	2000
74	6.54	1121	2107	0.00	195	0	0	0	nan	0.00	0.03	3.82	89.95	93.46	0.00	37	0	42	0.00	0.00	58.63	7.35	0.00	0.00	2000
72	6.35	1142	2100	0.00	177	0	0	0	nan	0.00	0.00	3.83	89.82	93.65	0.00	37	0	42	0.00	0.00	56.59	7.10	0.00	0.00	2000
75	6.81	1099	2097	0.00	213	0	0	0	nan	0.00	0.00	3.75	89.29	93.19	0.00	37	0	42	0.00	0.00	58.16	7.30	0.00	0.00	2000
73	6.60	1120	2076	0.00	178	0	0	0	nan	0.00	0.00	3.63	88.70	93.40	0.00	37	0	42	0.00	0.00	59.44	7.59	0.00	0.00	2000
72	6.93	1032	2126	0.00	211	0	0	0	nan	0.00	0.00	4.24	90.08	93.07	0.00	37	0	42	0.00	0.00	58.22	7.39	0.00	0.00	2000
72	6.44	1118	2102	0.00	193	0	0	0	nan	0.00	0.00	3.35	90.29	93.56	0.00	37	0	42	0.00	0.00	58.36	7.42	0.00	0.00	2000
73	6.50	1128	2092	0.00	193	0	0	0	nan	0.00	0.00	3.28	89.85	93.50	0.00	37	0	42	0.00	0.00	56.12	7.31	0.00	0.00	2000
72	6.84	1051	2111	0.00	177	0	0	0	nan	0.00	0.00	3.52	90.09	93.16	0.00	37	0	42	0.00	0.00	59.48	7.57	0.00	0.00	2000
73	6.33	1170	2086	0.00	195	0	0	0	nan	0.00	0.02	3.09	89.93	93.67	0.00	37	0	42	0.00	0.00	56.42	7.02	0.00	0.00	2000
71	6.54	1098	2083	0.00	192	0	0	1	91.21	0.00	0.02	2.07	90.49	93.46	0.00	37	0	42	0.00	0.00	58.08	7.42	0.00	0.00	2000
74	6.77	1077	2117	0.29	209	0	0	2	88.34	0.00	0.00	4.17	89.72	93.23	0.00	37	0	42	0.00	0.00	58.57	7.42	0.00	0.00	2000
72	6.53	1094	2108	0.01	193	0	0	0	nan	0.00	0.00	3.70	90.12	93.47	0.00	37	0	42	0.00	0.00	60.38	7.77	0.00	0.00	2000
145	8.78	1661	2092	0.00	213	0	0	0	nan	0.02	0.00	5.42	85.50	91.22	0.00	38	0	42	0.00	0.00	59.96	7.25	0.00	0.00	2000
230	11.06	2070	2113	0.00	205	0	0	0	nan	0.00	0.01	3.29	86.35	88.94	0.00	40	0	42	0.00	0.00	65.40	7.65	0.00	0.00	2000
235	11.04	2146	2084	0.00	218	0	0	0	nan	0.00	0.00	6.35	82.04	88.96	0.00	40	0	42	0.00	0.00	62.30	7.30	0.00	0.00	2000
229	10.91	2113	2088	0.00	205	0	0	0	nan	0.00	0.02	3.01	85.65	89.09	0.00	40	0	42	0.00	0.00	64.92	7.42	0.00	0.00	2000
238	11.09	2117	2125	0.00	205	0	0	0	nan	0.00	0.00	4.17	85.88	88.91	0.00	38	0	42	0.00	0.00	67.12	7.86	0.00	0.00	2000
229	10.92	2115	2077	0.00	197	0	0	0	nan	0.00	0.02	5.01	83.23	89.08	0.00	38	0	42	0.00	0.00	63.44	7.43	0.00	0.00	2000
233	11.00	2105	2113	0.00	198	0	0	0	nan	0.00	0.00	4.29	85.32	89.00	0.00	38	0	42	0.00	0.00	67.16	7.83	0.00	0.00	2000
239	11.27	2119	2102	0.00	198	0	0	0	nan	0.00	0.04	2.77	86.05	88.73	0.00	37	0	42	0.00	0.00	66.10	7.78	0.00	0.00	2000
236	10.95	2138	2115	0.00	196	0	0	0	nan	0.00	0.00	3.94	85.79	89.05	0.00	37	0	42	0.00	0.00	67.27	7.99	0.00	0.00	2000
230	10.59	2186	2084	0.00	203	0	0	0	nan	0.00	0.00	6.88	81.81	89.41	0.00	37	0	42	0.00	0.00	64.55	7.25	0.00	0.00	2000
232	11.11	2096	2094	0.00	198	0	0	0	nan	0.00	0.02	7.25	81.50	88.89	0.00	38	0	42	0.00	0.00	63.66	7.35	0.00	0.00	2000
228	10.95	2081	2105	0.00	198	0	0	0	nan	0.00	0.00	6.81	82.38	89.05	0.00	38	0	42	0.00	0.00	65.52	7.69	0.00	0.00	2000
232	11.43	2026	2104	0.00	197	0	0	0	nan	0.00	0.00	5.92	82.94	88.57	0.00	38	0	42	0.00	0.00	66.17	7.52	0.00	0.00	2000
231	11.28	2042	2105	0.00	199	0	0	0	nan	0.00	0.00	7.11	81.98	88.72	0.00	39	0	42	0.00	0.00	64.12	7.38	0.00	0.00	2000
230	11.10	2083	2091	0.00	200	0	0	0	nan	0.00	0.00	5.59	82.98	88.90	0.00	38	0	42	0.00	0.00	62.98	7.11	0.00	0.00	2000
232	10.91	2127	2102	0.61	197	0	0	18	84.79	0.00	0.00	6.83	82.33	89.09	0.00	38	0	42	0.00	0.00	64.57	7.36	0.00	0.00	2000
230	11.05	2079	2106	0.15	201	0	0	0	nan	0.00	0.02	5.56	83.70	88.95	0.00	39	0	42	0.00	0.00	64.81	7.56	0.00	0.00	2000
231	11.30	2051	2097	0.00	198	0	0	0	nan	0.00	0.00	7.01	81.65	88.70	0.00	38	0	42	0.00	0.00	67.53	8.06	0.00	0.00	2000
226	10.90	2089	2080	0.00	198	0	0	0	nan	0.00	0.02	6.87	81.43	89.10	0.00	37	0	42	0.00	0.00	62.41	7.49	0.00	0.00	2000
239	11.24	2099	2130	0.00	201	0	0	0	nan	0.00	0.09	3.08	86.95	88.76	0.00	37	0	42	0.00	0.00	67.83	7.99	0.00	0.00	2000
227	11.02	2088	2073	0.00	198	0	0	0	nan	0.00	0.00	5.09	82.78	88.98	0.00	38	0	42	0.00	0.00	63.70	7.48	0.00	0.00	2000
233	11.11	2081	2117	0.00	195	0	0	0	nan	0.00	0.02	4.97	84.56	88.89	0.00	38	0	42	0.00	0.00	64.30	7.39	0.00	0.00	2000
232	10.97	2110	2105	0.00	214	0	0	0	nan	0.00	0.02	4.14	85.21	89.03	0.00	38	0	42	0.00	0.00	67.58	7.65	0.00	0.00	2000
232	11.02	2111	2098	0.00	196	0	0	0	nan	0.00	0.01	5.56	83.34	88.98	0.00	38	0	42	0.00	0.00	64.46	7.42	0.00	0.00	2000
232	11.17	2095	2084	0.00	198	0	0	0	nan	0.00	0.00	5.20	83.03	88.83	0.00	37	0	42	0.00	0.00	62.80	7.41	0.00	0.00	2000
230	10.82	2118	2112	0.00	211	0	0	0	nan	0.00	0.02	3.92	85.85	89.18	0.00	37	0	42	0.00	0.00	67.45	7.66	0.00	0.00	2000
232	11.12	2088	2094	0.00	199	0	0	0	nan	0.00	0.02	4.04	84.75	88.88	0.00	37	0	42	0.00	0.00	63.97	7.51	0.00	0.00	2000
331	14.69	2273	2082	0.00	205	0	0	0	nan	0.00	0.02	6.31	78.33	85.31	0.00	38	0	42	0.00	0.00	65.49	7.49	0.00	0.00	2000
181	9.95	1787	2135	0.00	262	0	0	0	nan	0.00	0.03	8.70	82.86	90.05	0.00	37	0	42	0.00	0.00	65.34	7.86	0.00	0.00	2000
79	6.99	1137	2099	0.00	195	0	0	0	nan	0.00	0.00	4.49	88.53	93.01	0.00	37	0	42	0.00	0.00	57.37	7.41	0.00	0.00	2000
