Avg_MHz	Busy%	Bzy_MHz	TSC_MHz	IPC	IRQ	NMI	SMI	LLCMRPS	LLC%hit	POLL%	C1%	C1E%	C6%	CPU%c1	CPU%c6	CoreTmp	CoreThr	PkgTmp	Pkg%pc2	Pkg%pc6	PkgWatt	RAMWatt	PKG_%	RAM_%	UncMHz
185	11.86	1506	2176	0.00	221	0	0	0	nan	0.00	0.00	25.10	66.34	88.14	0.00	38	0	42	0.00	0.00	64.41	7.99	0.00	0.00	2000
400	19.02	2110	2094	0.00	198	0	0	0	nan	0.00	1.51	15.94	63.57	80.98	0.00	38	0	42	0.00	0.00	68.31	7.66	0.00	0.00	2000
258	13.50	1907	2100	0.00	251	0	0	0	nan	0.00	0.90	17.79	68.02	86.50	0.00	38	0	43	0.00	0.00	61.42	7.32	0.00	0.00	2000
76	7.04	1071	2120	0.00	193	0	0	0	nan	0.00	0.03	3.84	90.17	92.96	0.00	37	0	42	0.00	0.00	58.09	7.39	0.00	0.00	2000
73	7.05	1043	2071	0.00	178	0	0	0	nan	0.00	0.02	3.10	88.79	92.95	0.00	37	0	42	0.00	0.00	57.08	7.28	0.00	0.00	2000
72	7.10	1000	2127	0.00	210	0	0	0	nan	0.00	0.03	4.67	89.60	92.90	0.00	38	0	42	0.00	0.00	57.56	7.35	0.00	0.00	2000
73	6.71	1086	2107	0.00	194	0	0	0	nan	0.00	0.00	4.25	89.44	93.29	0.00	37	0	42	0.00	0.00	58.36	7.44	0.00	0.00	2000
71	6.59	1083	2102	0.00	193	0	0	0	nan	0.00	0.00	3.52	89.95	93.41	0.00	37	0	42	0.00	0.00	57.45	7.33	0.00	0.00	2000
73	6.86	1060	2101	0.00	195	0	0	0	nan	0.00	0.00	3.33	90.05	93.14	0.00	37	0	43	0.00	0.00	57.20	7.37	0.00	0.00	2000
72	6.70	1083	2094	0.00	194	0	0	0	nan	0.00	0.00	3.13	90.03	93.30	0.00	37	0	43	0.00	0.00	59.04	7.51	0.00	0.00	2000
73	6.78	1080	2097	0.00	194	0	0	0	nan	0.00	0.00	3.93	89.26	93.22	0.00	37	0	42	0.00	0.00	57.70	7.42	0.00	0.00	2000
72	6.89	1042	2104	0.00	194	0	0	0	nan	0.00	0.01	3.74	89.67	93.11	0.00	37	0	42	0.00	0.00	57.99	7.44	0.00	0.00	2000
71	6.84	1050	2077	0.00	193	0	0	0	nan	0.00	0.00	3.39	88.91	93.16	0.00	37	0	42	0.00	0.00	55.42	7.25	0.00	0.00	2000
72	6.77	1052	2119	0.00	192	0	0	0	nan	0.00	0.01	1.79	92.39	93.23	0.00	37	0	43	0.00	0.00	58.46	7.61	0.00	0.00	2000
73	6.85	1067	2109	0.00	193	0	0	0	nan	0.00	0.02	2.31	91.43	93.15	0.00	37	0	42	0.00	0.00	62.40	8.12	0.00	0.00	2000
72	6.91	1037	2099	0.00	195	0	0	1	85.40	0.00	0.00	2.81	90.29	93.09	0.00	38	0	43	0.00	0.00	58.19	7.60	0.00	0.00	2000
79	7.15	1107	2097	0.36	199	0	0	2	86.99	0.00	0.04	3.76	89.11	92.85	0.00	38	0	43	0.00	0.00	54.12	7.04	0.00	0.00	2000
72	6.61	1090	2106	0.07	194	0	0	0	nan	0.00	0.00	2.84	90.94	93.39	0.00	37	0	42	0.00	0.00	58.93	7.58	0.00	0.00	2000
113	7.43	1535	2080	0.00	197	0	0	0	nan	0.00	0.00	3.84	87.81	92.57	0.00	38	0	42	0.00	0.00	61.62	7.66	0.00	0.00	2000
229	10.71	2149	2092	0.00	267	0	0	0	nan	0.01	0.02	3.80	85.12	89.29	0.00	40	0	42	0.00	0.00	64.65	7.33	0.00	0.00	2000
234	11.25	2055	2126	0.00	220	0	0	0	nan	0.00	0.00	4.46	85.48	88.75	0.00	40	0	42	0.00	0.00	64.79	7.25	0.00	0.00	2000
228	11.26	2034	2094	0.00	204	0	0	0	nan	0.00	0.02	3.50	85.04	88.74	0.00	41	0	42	0.00	0.00	64.05	7.44	0.00	0.00	2000
237	11.63	2052	2086	0.00	205	0	0	0	nan	0.00	0.00	4.37	83.58	88.37	0.00	40	0	42	0.00	0.00	63.50	7.42	0.00	0.00	2000
229	11.42	1985	2117	0.00	196	0	0	0	nan	0.00	0.00	7.66	81.70	88.58	0.00	38	0	42	0.00	0.00	65.63	7.71	0.00	0.00	2000
230	11.12	2086	2083	0.00	196	0	0	0	nan	0.00	0.03	3.81	84.49	88.88	0.00	38	0	42	0.00	0.00	64.46	7.47	0.00	0.00	2000
232	10.96	2102	2118	0.00	211	0	0	0	nan	0.00	0.00	4.35	85.55	89.04	0.00	38	0	43	0.00	0.00	71.36	8.21	0.00	0.00	2000
235	11.16	2103	2103	0.00	183	0	0	0	nan	0.00	0.00	5.14	83.99	88.84	0.00	38	0	42	0.00	0.00	67.23	7.93	0.00	0.00	2000
232	10.99	2112	2103	0.00	203	0	0	0	nan	0.00	0.00	4.61	84.64	89.01	0.00	38	0	42	0.00	0.00	61.74	7.13	0.00	0.00	2000
228	11.06	2067	2095	0.00	198	0	0	0	nan	0.00	0.00	4.27	84.55	88.94	0.00	39	0	43	0.00	0.00	64.59	7.33	0.00	0.00	2000
230	11.35	2023	2101	0.00	198	0	0	0	nan	0.00	0.57	2.86	85.44	88.65	0.00	38	0	42	0.00	0.00	64.71	7.45	0.00	0.00	2000
226	10.91	2103	2066	0.00	199	0	0	0	nan	0.00	0.03	2.98	84.80	89.09	0.00	39	0	43	0.00	0.00	63.78	7.31	0.00	0.00	2000
234	11.05	2098	2122	0.00	199	0	0	0	nan	0.00	0.00	4.36	85.53	88.95	0.00	39	0	42	0.00	0.00	64.02	7.25	0.00	0.00	2000
223	11.07	2050	2063	0.07	219	0	0	10	79.40	0.00	0.00	5.31	82.06	88.93	0.00	39	0	43	0.00	0.00	63.61	7.19	0.00	0.00	2000
235	10.91	2105	2147	0.61	211	0	0	9	94.71	0.00	0.04	6.01	85.10	89.10	0.00	39	0	42	0.00	0.00	69.31	7.96	0.00	0.00	2000
232	11.34	2036	2112	0.00	198	0	0	0	nan	0.00	0.02	4.65	84.67	88.66	0.00	39	0	43	0.00	0.00	65.41	7.62	0.00	0.00	2000
232	11.83	2019	2036	0.00	203	0	0	0	nan	0.00	0.00	7.00	78.57	88.17	0.00	38	0	43	0.00	0.00	62.93	7.36	0.00	0.00	2000
235	11.03	2072	2156	0.00	220	0	0	0	nan	0.00	0.00	4.30	87.19	88.97	0.00	38	0	42	0.00	0.00	68.12	8.03	0.00	0.00	2000
233	11.28	2061	2109	0.00	200	0	0	0	nan	0.00	0.02	4.64	84.58	88.72	0.00	38	0	42	0.00	0.00	66.75	7.86	0.00	0.00	2000
226	11.14	2053	2075	0.00	200	0	0	0	nan	0.00	0.00	3.09	84.86	88.86	0.00	38	0	43	0.00	0.00	63.33	7.30	0.00	0.00	2000
233	10.97	2100	2122	0.00	197	0	0	0	nan	0.00	0.04	3.75	86.27	89.03	0.00	38	0	42	0.00	0.00	65.87	7.26	0.00	0.00	2000
234	11.63	2047	2063	0.00	197	0	0	0	nan	0.02	0.02	4.09	82.84	88.37	0.00	38	0	43	0.00	0.00	64.26	7.23	0.00	0.00	2000
225	11.48	2042	2015	0.00	220	0	0	0	nan	0.00	0.85	6.17	78.05	88.52	0.00	38	0	43	0.00	0.00	61.96	7.18	0.00	0.00	2000
233	11.08	2030	2178	0.00	229	0	0	0	nan	0.00	0.00	5.19	87.11	88.92	0.00	39	0	43	0.00	0.00	68.26	7.72	0.00	0.00	2000
228	12.36	2114	1835	0.00	223	0	0	0	nan	0.00	0.02	5.62	71.06	87.64	0.00	38	0	42	0.00	0.00	57.24	6.56	0.00	0.00	2000
236	9.97	2014	2466	0.00	229	0	0	0	nan	0.00	0.44	9.35	96.18	90.03	0.00	39	0	42	0.00	0.00	74.99	8.81	0.00	0.00	2000
235	11.69	2007	2105	0.00	197	0	0	0	nan	0.00	0.02	7.57	81.08	88.31	0.00	39	0	42	0.00	0.00	65.07	7.58	0.00	0.00	2000
223	10.93	2034	2102	0.00	198	0	0	0	nan	0.00	0.01	5.89	83.43	89.07	0.00	39	0	42	0.00	0.00	63.25	7.37	0.00	0.00	2000
222	11.08	2008	2096	0.00	199	0	0	0	nan	0.00	0.00	6.29	82.71	88.92	0.00	39	0	42	0.00	0.00	62.69	7.44	0.00	0.00	2000
225	11.04	2038	2098	0.00	198	0	0	0	nan	0.00	0.01	6.79	82.25	88.96	0.00	39	0	43	0.00	0.00	62.73	7.45	0.00	0.00	2000
224	11.12	2013	2103	0.39	198	0	0	5	81.66	0.00	0.00	8.23	81.00	88.88	0.00	40	0	43	0.00	0.00	63.71	7.45	0.00	0.00	2000
580	26.10	2473	1888	0.05	198	0	0	0	nan	0.00	0.01	5.05	61.48	73.90	0.00	38	0	42	0.00	0.00	62.08	7.04	0.00	0.00	2000
688	27.82	2500	2076	0.00	231	0	0	0	nan	0.00	0.01	4.03	67.43	72.18	0.00	38	0	42	0.00	0.00	68.49	7.37	0.00	0.00	2000
686	27.39	2500	2104	0.00	248	0	0	0	nan	0.00	0.00	5.64	67.25	72.61	0.00	38	0	42	0.00	0.00	70.98	7.55	0.00	0.00	2000
686	27.50	2500	2095	0.00	244	0	0	0	nan	0.00	0.00	5.07	67.36	72.50	0.00	39	0	43	0.00	0.00	70.74	7.29	0.00	0.00	2000
549	20.65	2425	2304	0.00	325	0	0	0	nan	0.00	0.04	5.51	81.73	79.35	0.00	38	0	43	0.00	0.00	76.32	8.22	0.00	0.00	2000
223	11.34	1996	2068	0.00	198	0	0	0	nan	0.00	0.02	3.50	84.01	88.66	0.00	39	0	43	0.00	0.00	62.49	7.46	0.00	0.00	2000
225	10.81	2062	2124	0.00	198	0	0	0	nan	0.00	0.00	7.15	83.24	89.19	0.00	39	0	42	0.00	0.00	62.73	7.31	0.00	0.00	2000
213	10.57	1982	2131	0.00	206	0	0	0	nan	0.00	0.00	7.51	83.30	89.43	0.00	39	0	43	0.00	0.00	66.85	7.95	0.00	0.00	2000
113	7.93	1422	2096	0.00	245	0	0	0	nan	0.00	0.00	9.23	82.78	92.07	0.00	38	0	43	0.00	0.00	58.75	7.27	0.00	0.00	2000
74	7.03	1059	2102	0.00	193	0	0	0	nan	0.00	0.00	3.21	90.02	92.97	0.00	38	0	42	0.00	0.00	57.42	7.30	0.00	0.00	2000
77	7.11	1080	2106	0.00	193	0	0	0	nan	0.00	0.02	2.84	90.45	92.89	0.00	37	0	42	0.00	0.00	57.58	7.28	0.00	0.00	2000
73	6.65	1099	2103	0.00	193	0	0	0	nan	0.00	0.00	2.71	90.75	93.35	0.00	38	0	42	0.00	0.00	58.38	7.48	0.00	0.00	2000
84	6.88	1219	2093	0.00	147	0	0	0	nan	0.00	0.05	4.09	88.73	93.12	0.00	37	0	42	0.00	0.00	58.08	7.32	0.00	0.00	2000
