Avg_MHz	Busy%	Bzy_MHz	TSC_MHz	IPC	IRQ	NMI	SMI	LLCMRPS	LLC%hit	POLL%	C1%	C1E%	C6%	CPU%c1	CPU%c6	CoreTmp	CoreThr	PkgTmp	Pkg%pc2	Pkg%pc6	PkgWatt	RAMWatt	PKG_%	RAM_%	UncMHz
245	13.85	1812	2050	0.00	233	0	0	0	nan	0.00	0.00	25.66	58.44	86.15	0.00	38	0	43	0.00	0.00	58.37	7.09	0.00	0.00	2000
389	16.93	2178	2214	0.00	249	0	0	0	nan	0.00	1.88	18.32	67.67	83.07	0.00	38	0	43	0.00	0.00	73.26	8.25	0.00	0.00	2000
80	6.87	1154	2116	0.00	195	0	0	0	nan	0.00	0.00	9.54	84.42	93.13	0.00	38	0	43	0.00	0.00	59.38	7.24	0.00	0.00	2000
71	6.95	1041	2071	0.00	193	0	0	0	nan	0.00	0.00	3.07	88.78	93.05	0.00	38	0	43	0.00	0.00	56.91	7.39	0.00	0.00	2000
74	6.95	1054	2134	0.00	211	0	0	0	nan	0.00	0.02	2.41	92.21	93.05	0.00	38	0	43	0.00	0.00	60.10	7.62	0.00	0.00	2000
71	6.63	1085	2066	0.00	178	0	0	0	nan	0.00	0.00	3.16	88.70	93.37	0.00	38	0	44	0.00	0.00	55.29	7.14	0.00	0.00	2000
72	6.70	1071	2101	0.00	210	0	0	0	nan	0.00	0.00	4.07	89.21	93.30	0.00	38	0	43	0.00	0.00	60.86	7.89	0.00	0.00	2000
72	6.97	1024	2132	0.00	193	0	0	0	nan	0.00	0.02	1.83	92.78	93.03	0.00	38	0	43	0.00	0.00	56.05	7.53	0.00	0.00	2000
72	6.50	1116	2081	0.00	194	0	0	0	nan	0.00	0.00	2.36	90.36	93.50	0.00	38	0	43	0.00	0.00	60.01	7.27	0.00	0.00	2000
72	6.85	1035	2118	0.00	193	0	0	0	nan	0.00	0.03	2.33	91.71	93.15	0.00	38	0	43	0.00	0.00	58.24	7.38	0.00	0.00	2000
73	6.86	1067	2098	0.00	194	0	0	0	nan	0.00	0.02	3.18	89.97	93.14	0.00	38	0	43	0.00	0.00	58.32	7.33	0.00	0.00	2000
71	6.70	1058	2105	0.00	194	0	0	0	nan	0.00	0.02	2.68	90.93	93.30	0.00	38	0	43	0.00	0.00	59.94	7.64	0.00	0.00	2000
72	6.58	1095	2091	0.00	193	0	0	0	nan	0.00	0.01	2.83	90.26	93.42	0.00	38	0	43	0.00	0.00	56.42	7.22	0.00	0.00	2000
72	6.78	1054	2111	0.00	193	0	0	0	nan	0.00	0.00	2.78	91.06	93.22	0.00	38	0	43	0.00	0.00	59.13	7.53	0.00	0.00	2000
72	6.79	1064	2095	0.00	193	0	0	0	nan	0.00	0.02	2.76	90.40	93.21	0.00	38	0	43	0.00	0.00	57.35	7.26	0.00	0.00	2000
71	6.99	1030	2070	0.00	196	0	0	1	86.93	0.00	0.00	3.89	87.97	93.01	0.00	38	0	43	0.00	0.00	56.08	7.29	0.00	0.00	2000
81	7.20	1099	2139	0.06	213	0	0	1	89.38	0.00	0.00	5.21	89.39	92.80	0.00	38	0	43	0.00	0.00	61.53	7.92	0.00	0.00	2000
71	6.75	1072	2068	0.00	193	0	0	0	nan	0.00	0.00	2.72	89.21	93.25	0.00	38	0	43	0.00	0.00	57.21	7.41	0.00	0.00	2000
156	9.16	1710	2096	0.00	203	0	0	0	nan	0.01	0.81	4.46	85.63	90.84	0.00	39	0	43	0.00	0.00	61.33	7.36	0.00	0.00	2000
232	11.03	2081	2123	0.00	198	0	0	0	nan	0.00	0.01	5.35	84.79	88.97	0.00	40	0	43	0.00	0.00	62.74	7.62	0.00	0.00	2000
232	11.20	2072	2097	0.00	198	0	0	0	nan	0.00	0.08	2.66	86.17	88.80	0.00	40	0	43	0.00	0.00	66.37	7.31	0.00	0.00	2000
231	10.94	2105	2110	0.00	211	0	0	0	nan	0.00	0.05	2.50	86.99	89.06	0.00	40	0	43	0.00	0.00	68.04	7.90	0.00	0.00	2000
233	11.14	2091	2102	0.00	194	0	0	0	nan	0.00	0.02	3.37	85.72	88.86	0.00	39	0	43	0.00	0.00	65.02	7.54	0.00	0.00	2000
229	11.03	2080	2098	0.00	180	0	0	0	nan	0.00	0.00	3.05	85.99	88.97	0.00	39	0	43	0.00	0.00	64.29	7.62	0.00	0.00	2000
230	11.00	2100	2087	0.00	194	0	0	0	nan	0.00	0.00	2.11	86.49	89.00	0.00	39	0	43	0.00	0.00	66.41	7.66	0.00	0.00	2000
233	11.29	2054	2109	0.00	193	0	0	0	nan	0.00	0.03	2.79	86.46	88.71	0.00	38	0	43	0.00	0.00	67.14	7.89	0.00	0.00	2000
234	11.48	2041	2101	0.00	195	0	0	0	nan	0.00	0.00	3.27	85.46	88.52	0.00	38	0	43	0.00	0.00	66.19	7.72	0.00	0.00	2000
229	11.32	2020	2106	0.00	195	0	0	0	nan	0.00	0.00	4.21	84.89	88.68	0.00	39	0	43	0.00	0.00	65.54	7.57	0.00	0.00	2000
228	11.33	2015	2097	0.00	195	0	0	0	nan	0.00	0.00	3.53	85.19	88.67	0.00	39	0	43	0.00	0.00	64.34	7.36	0.00	0.00	2000
222	11.40	2000	2047	0.00	194	0	0	0	nan	0.00	0.00	2.74	83.80	88.60	0.00	39	0	43	0.00	0.00	61.11	6.96	0.00	0.00	2000
234	11.01	2058	2166	0.00	210	0	0	0	nan	0.00	0.00	2.40	89.54	88.99	0.00	39	0	43	0.00	0.00	69.37	7.96	0.00	0.00	2000
228	11.25	2038	2093	0.00	197	0	0	0	nan	0.00	0.00	4.31	84.33	88.75	0.00	40	0	43	0.00	0.00	65.29	7.53	0.00	0.00	2000
228	11.22	2034	2099	0.00	195	0	0	3	81.78	0.00	0.00	3.29	85.55	88.78	0.00	40	0	43	0.00	0.00	64.68	7.52	0.00	0.00	2000
223	11.14	2042	2058	0.75	194	0	0	8	84.47	0.00	0.00	3.10	84.20	88.86	0.00	39	0	43	0.00	0.00	63.67	7.25	0.00	0.00	2000
229	11.31	2031	2093	0.00	196	0	0	0	nan	0.00	0.00	2.86	85.73	88.69	0.00	38	0	43	0.00	0.00	62.13	7.40	0.00	0.00	2000
240	11.47	2041	2156	0.00	214	0	0	0	nan	0.01	0.03	4.88	86.11	88.53	0.00	39	0	43	0.00	0.00	69.70	7.93	0.00	0.00	2000
228	10.97	2106	2071	0.00	194	0	0	0	nan	0.00	0.04	2.83	85.08	89.03	0.00	39	0	43	0.00	0.00	65.23	7.50	0.00	0.00	2000
233	11.26	2043	2127	0.00	194	0	0	0	nan	0.00	0.02	1.67	88.31	88.74	0.00	40	0	43	0.00	0.00	65.42	7.61	0.00	0.00	2000
228	10.95	2099	2082	0.00	195	0	0	0	nan	0.00	0.02	2.48	85.94	89.05	0.00	40	0	43	0.00	0.00	64.40	7.51	0.00	0.00	2000
227	11.04	2051	2109	0.00	193	0	0	0	nan	0.00	0.02	3.00	86.52	88.96	0.00	41	0	43	0.00	0.00	65.13	7.49	0.00	0.00	2000
227	10.93	2100	2080	0.00	194	0	0	0	nan	0.00	0.02	2.19	86.03	89.07	0.00	40	0	43	0.00	0.00	64.97	7.56	0.00	0.00	2000
237	11.45	2039	2133	0.00	195	0	0	0	nan	0.00	0.01	2.77	87.33	88.55	0.00	39	0	43	0.00	0.00	67.24	7.91	0.00	0.00	2000
224	11.16	2058	2047	0.00	194	0	0	0	nan	0.00	0.02	2.58	84.20	88.84	0.00	39	0	43	0.00	0.00	61.98	7.19	0.00	0.00	2000
233	11.05	2053	2153	0.00	211	0	0	0	nan	0.00	0.02	2.39	89.00	88.95	0.00	40	0	43	0.00	0.00	69.65	7.95	0.00	0.00	2000
230	11.08	2079	2101	0.00	194	0	0	0	nan	0.00	0.02	2.55	86.56	88.92	0.00	39	0	43	0.00	0.00	64.50	7.38	0.00	0.00	2000
226	11.01	2080	2071	0.00	195	0	0	0	nan	0.00	0.01	3.04	84.79	88.99	0.00	40	0	43	0.00	0.00	63.77	7.39	0.00	0.00	2000
272	12.98	2078	2116	0.00	214	0	0	0	nan	0.00	0.02	4.38	83.38	87.02	0.00	38	0	43	0.00	0.00	67.50	7.76	0.00	0.00	2000
226	10.96	2050	2115	0.00	195	0	0	0	nan	0.00	0.03	1.98	87.82	89.04	0.00	39	0	43	0.00	0.00	66.03	7.82	0.00	0.00	2000
223	10.76	2066	2103	0.00	195	0	0	0	nan	0.00	0.00	3.10	86.41	89.24	0.00	39	0	43	0.00	0.00	65.65	7.72	0.00	0.00	2000
223	10.79	2072	2098	0.00	197	0	0	5	74.46	0.00	0.00	4.33	84.86	89.21	0.00	40	0	43	0.00	0.00	60.90	7.23	0.00	0.00	2000
224	10.71	2093	2100	0.91	196	0	0	7	81.98	0.00	0.00	2.42	86.96	89.29	0.00	40	0	43	0.00	0.00	68.52	8.00	0.00	0.00	2000
223	11.04	2023	2099	0.00	197	0	0	0	nan	0.00	0.02	3.80	85.25	88.96	0.00	40	0	43	0.00	0.00	62.33	7.36	0.00	0.00	2000
221	10.83	2039	2103	0.00	192	0	0	0	nan	0.00	0.00	2.49	86.96	89.17	0.00	40	0	43	0.00	0.00	65.14	7.61	0.00	0.00	2000
219	10.98	2094	2004	0.00	194	0	0	0	nan	0.01	0.00	2.43	82.54	89.02	0.00	40	0	43	0.00	0.00	63.15	6.95	0.00	0.00	2000
219	10.85	2067	2046	0.00	195	0	0	0	nan	0.00	0.01	2.76	84.21	89.15	0.00	41	0	43	0.00	0.00	62.02	7.59	0.00	0.00	2000
230	10.66	2003	2261	0.00	214	0	0	0	nan	0.00	0.00	4.19	92.11	89.34	0.00	40	0	43	0.00	0.00	68.74	8.16	0.00	0.00	2000
223	10.87	2048	2102	0.00	196	0	0	0	nan	0.00	0.03	3.37	85.92	89.13	0.00	40	0	43	0.00	0.00	65.98	7.77	0.00	0.00	2000
221	10.67	2081	2092	0.00	194	0	0	0	nan	0.00	0.00	3.08	85.94	89.33	0.00	40	0	43	0.00	0.00	63.87	7.43	0.00	0.00	2000
221	10.71	2059	2101	0.00	178	0	0	0	nan	0.00	0.02	2.47	86.90	89.29	0.00	40	0	43	0.00	0.00	64.15	7.60	0.00	0.00	2000
212	11.11	2086	1921	0.00	194	0	0	0	nan	0.00	0.00	2.42	79.02	88.89	0.00	39	0	43	0.00	0.00	55.24	6.53	0.00	0.00	2000
237	10.59	2033	2314	0.00	244	0	0	0	nan	0.00	0.00	4.57	93.97	89.41	0.00	38	0	43	0.00	0.00	76.20	8.94	0.00	0.00	2000
230	10.97	2091	2106	0.00	180	1	0	0	nan	0.00	0.03	2.96	86.37	89.03	0.00	38	0	43	0.00	0.00	66.65	7.75	0.00	0.00	2000
231	11.15	2072	2096	0.00	194	0	0	0	nan	0.00	0.00	2.92	85.87	88.85	0.00	38	0	43	0.00	0.00	62.54	7.35	0.00	0.00	2000
230	11.13	2073	2098	0.00	195	0	0	0	nan	0.00	0.00	2.79	86.10	88.87	0.00	38	0	43	0.00	0.00	65.69	7.27	0.00	0.00	2000
231	11.12	2077	2101	0.00	194	0	0	0	nan	0.00	0.00	2.94	85.98	88.88	0.00	38	0	43	0.00	0.00	63.26	7.66	0.00	0.00	2000
233	10.99	2113	2102	0.00	195	0	0	0	nan	0.00	0.00	3.11	85.96	89.01	0.00	38	0	43	0.00	0.00	67.28	7.83	0.00	0.00	2000
230	11.16	2070	2095	0.00	179	0	0	4	81.00	0.00	0.02	3.17	85.53	88.84	0.00	39	0	43	0.00	0.00	64.72	7.37	0.00	0.00	2000
231	11.06	2083	2108	0.92	194	0	0	8	79.56	0.00	0.03	2.91	86.37	88.94	0.00	39	0	43	0.00	0.00	65.50	7.53	0.00	0.00	2000
233	11.06	2106	2098	0.00	194	0	0	0	nan	0.00	0.01	3.38	85.50	88.94	0.00	39	0	43	0.00	0.00	66.15	7.47	0.00	0.00	2000
231	10.85	2132	2099	0.00	194	0	0	0	nan	0.00	0.00	3.61	85.52	89.15	0.00	39	0	43	0.00	0.00	64.92	7.85	0.00	0.00	2000
231	11.24	2061	2097	0.00	194	0	0	0	nan	0.00	0.00	3.10	85.61	88.76	0.00	39	0	43	0.00	0.00	65.81	7.46	0.00	0.00	2000
232	11.18	2073	2102	0.00	180	0	0	0	nan	0.00	0.00	3.07	85.88	88.82	0.00	39	0	43	0.00	0.00	63.51	7.44	0.00	0.00	2000
231	11.10	2078	2104	0.00	196	0	0	0	nan	0.00	0.00	4.04	85.08	88.90	0.00	39	0	43	0.00	0.00	66.61	7.48	0.00	0.00	2000
229	11.27	2037	2094	0.00	195	0	0	0	nan	0.00	0.01	2.83	85.77	88.73	0.00	39	0	43	0.00	0.00	62.61	7.51	0.00	0.00	2000
230	11.01	2093	2101	0.00	195	0	0	0	nan	0.00	0.01	2.63	86.45	88.99	0.00	39	0	43	0.00	0.00	65.33	7.64	0.00	0.00	2000
229	11.31	2019	2102	0.00	195	0	0	0	nan	0.00	0.00	3.40	85.46	88.69	0.00	39	0	43	0.00	0.00	66.15	7.78	0.00	0.00	2000
234	11.49	2037	2101	0.00	200	1	0	0	nan	0.00	0.00	3.88	84.70	88.51	0.00	39	0	43	0.00	0.00	66.01	7.71	0.00	0.00	2000
230	11.31	2036	2100	0.00	180	0	0	0	nan	0.00	0.00	3.37	85.40	88.69	0.00	39	0	43	0.00	0.00	66.29	7.87	0.00	0.00	2000
230	11.15	2113	2052	0.00	195	0	0	0	nan	0.00	0.00	3.09	83.73	88.85	0.00	39	0	43	0.00	0.00	61.25	7.16	0.00	0.00	2000
231	11.06	2039	2150	0.00	195	0	0	0	nan	0.00	0.00	4.41	86.62	88.94	0.00	39	0	43	0.00	0.00	66.77	7.90	0.00	0.00	2000
231	10.87	2125	2103	0.00	195	0	0	0	nan	0.00	0.02	3.93	85.43	89.13	0.00	39	0	43	0.00	0.00	64.11	7.49	0.00	0.00	2000
229	11.12	2068	2096	0.00	195	0	0	0	nan	0.00	0.02	3.53	85.26	88.88	0.00	39	0	43	0.00	0.00	66.22	7.82	0.00	0.00	2000
231	10.93	2122	2095	0.00	195	0	0	0	nan	0.00	0.00	3.71	85.30	89.07	0.00	39	0	43	0.00	0.00	64.57	7.73	0.00	0.00	2000
230	11.13	2059	2106	0.00	195	0	0	0	nan	0.00	0.00	3.34	85.87	88.87	0.00	39	0	43	0.00	0.00	66.45	7.80	0.00	0.00	2000
229	11.34	2022	2099	0.63	179	0	0	10	81.48	0.00	0.00	3.08	85.60	88.67	0.00	39	0	43	0.00	0.00	62.93	7.32	0.00	0.00	2000
230	11.00	2161	2035	0.39	196	0	0	0	nan	0.00	0.00	3.12	83.16	89.00	0.00	39	0	43	0.00	0.00	60.97	6.93	0.00	0.00	2000
232	11.00	2048	2166	0.00	210	0	0	0	nan	0.00	0.00	2.92	88.99	89.00	0.00	39	0	43	0.00	0.00	70.97	8.32	0.00	0.00	2000
232	11.18	2082	2093	0.00	179	0	0	0	nan	0.00	0.00	3.34	85.25	88.82	0.00	39	0	43	0.00	0.00	64.53	7.66	0.00	0.00	2000
231	11.20	2057	2106	0.00	211	0	0	0	nan	0.00	0.00	3.51	85.68	88.80	0.00	39	0	43	0.00	0.00	65.41	7.81	0.00	0.00	2000
231	10.92	2107	2106	0.00	179	0	0	0	nan	0.00	0.00	4.06	85.18	89.08	0.00	39	0	43	0.00	0.00	61.53	7.19	0.00	0.00	2000
231	10.83	2132	2098	0.00	195	0	0	0	nan	0.00	0.00	3.19	85.93	89.17	0.00	39	0	43	0.00	0.00	65.77	7.80	0.00	0.00	2000
229	11.01	2086	2097	0.00	194	0	0	0	nan	0.00	0.00	2.88	86.00	88.99	0.00	39	0	43	0.00	0.00	65.72	7.63	0.00	0.00	2000
230	11.08	2072	2100	0.00	195	0	0	0	nan	0.00	0.00	3.21	85.77	88.92	0.00	39	0	43	0.00	0.00	64.91	7.73	0.00	0.00	2000
228	11.14	2134	2009	0.00	196	0	0	0	nan	0.00	0.02	3.35	81.72	88.86	0.00	39	0	43	0.00	0.00	60.72	7.00	0.00	0.00	2000
233	10.97	2029	2197	0.00	211	0	0	0	nan	0.00	0.00	3.37	89.96	89.03	0.00	39	0	43	0.00	0.00	67.28	7.89	0.00	0.00	2000
230	11.15	2053	2107	0.00	179	0	0	0	nan	0.00	0.01	3.62	85.66	88.85	0.00	39	0	43	0.00	0.00	64.09	7.51	0.00	0.00	2000
231	11.26	2057	2097	0.00	198	0	0	0	nan	0.00	0.00	4.64	84.13	88.74	0.00	39	0	43	0.00	0.00	65.88	7.68	0.00	0.00	2000
230	10.83	2123	2097	0.00	195	0	0	0	nan	0.00	0.02	3.01	86.05	89.17	0.00	39	0	43	0.00	0.00	65.79	7.60	0.00	0.00	2000
233	11.54	2017	2101	0.00	198	0	0	0	nan	0.00	0.00	2.96	85.68	88.46	0.00	39	0	43	0.00	0.00	63.12	7.41	0.00	0.00	2000
236	11.48	2054	2098	0.00	181	0	0	0	nan	0.01	0.00	3.75	84.78	88.52	0.00	39	0	43	0.00	0.00	65.83	7.84	0.00	0.00	2000
230	11.44	2017	2098	0.00	195	0	0	0	nan	0.00	0.02	3.48	85.08	88.56	0.00	39	0	43	0.00	0.00	62.06	7.19	0.00	0.00	2000
228	11.37	2009	2100	0.28	195	0	0	9	81.59	0.00	0.01	3.21	85.52	88.63	0.00	39	0	43	0.00	0.00	65.61	7.58	0.00	0.00	2000
233	11.31	2053	2108	0.78	196	0	0	3	85.43	0.00	0.00	3.13	85.94	88.69	0.00	39	0	43	0.00	0.00	66.14	7.68	0.00	0.00	2000
228	11.42	2054	2038	0.00	195	0	0	0	nan	0.00	0.00	2.98	83.08	88.58	0.00	39	0	43	0.00	0.00	62.10	7.26	0.00	0.00	2000
233	11.29	2006	2162	0.00	211	0	0	0	nan	0.00	0.00	4.40	87.05	88.71	0.00	39	0	43	0.00	0.00	66.47	7.82	0.00	0.00	2000
235	11.31	2073	2100	0.00	182	0	0	0	nan	0.00	0.00	3.62	85.25	88.69	0.00	39	0	43	0.00	0.00	66.29	7.91	0.00	0.00	2000
232	11.15	2079	2098	0.00	194	0	0	0	nan	0.00	0.01	3.03	85.90	88.85	0.00	39	0	43	0.00	0.00	65.02	7.65	0.00	0.00	2000
229	11.01	2084	2100	0.00	195	0	0	0	nan	0.00	0.01	3.24	85.79	88.99	0.00	39	0	43	0.00	0.00	66.20	7.72	0.00	0.00	2000
231	11.10	2078	2102	0.00	194	0	0	0	nan	0.00	0.01	3.15	85.98	88.90	0.00	39	0	43	0.00	0.00	62.99	7.36	0.00	0.00	2000
232	11.37	2042	2100	0.00	179	0	0	0	nan	0.00	0.01	3.22	85.45	88.63	0.00	39	0	43	0.00	0.00	63.83	7.54	0.00	0.00	2000
230	11.17	2102	2062	0.00	195	0	0	0	nan	0.00	0.01	2.89	84.42	88.83	0.00	39	0	43	0.00	0.00	63.58	7.57	0.00	0.00	2000
231	11.04	2053	2141	0.00	194	0	0	0	nan	0.00	0.00	4.67	86.08	88.96	0.00	39	0	43	0.00	0.00	66.93	7.80	0.00	0.00	2000
231	11.32	2039	2102	0.00	195	0	0	0	nan	0.00	0.00	3.45	85.48	88.68	0.00	39	0	43	0.00	0.00	65.64	7.77	0.00	0.00	2000
229	10.79	2124	2096	0.00	194	0	0	0	nan	0.00	0.00	3.13	85.92	89.21	0.00	39	0	43	0.00	0.00	65.91	7.69	0.00	0.00	2000
230	11.16	2064	2101	0.00	196	0	0	0	nan	0.00	0.01	2.83	86.08	88.84	0.00	39	0	43	0.00	0.00	65.97	7.62	0.00	0.00	2000
232	11.19	2072	2102	0.00	195	0	0	0	nan	0.00	0.00	3.68	85.29	88.81	0.00	39	0	43	0.00	0.00	61.34	7.20	0.00	0.00	2000
238	11.66	2094	2044	0.00	195	0	0	0	nan	0.01	0.00	6.72	79.37	88.34	0.00	39	0	43	0.00	0.00	63.91	7.67	0.00	0.00	2000
232	10.78	2094	2158	0.00	197	0	0	0	nan	0.00	0.00	5.90	85.84	89.22	0.00	39	0	43	0.00	0.00	66.62	7.91	0.00	0.00	2000
230	11.23	2049	2101	0.00	195	0	0	4	81.62	0.00	0.02	3.73	85.16	88.77	0.00	39	0	43	0.00	0.00	65.82	7.68	0.00	0.00	2000
232	11.10	2086	2101	0.94	195	0	0	8	83.10	0.00	0.00	3.73	85.23	88.90	0.00	39	0	43	0.00	0.00	66.13	7.71	0.00	0.00	2000
230	10.99	2097	2098	0.00	194	0	0	0	nan	0.00	0.00	3.11	85.82	89.01	0.00	39	0	43	0.00	0.00	63.40	7.52	0.00	0.00	2000
232	11.33	2068	2083	0.00	180	0	0	0	nan	0.00	0.00	3.20	84.90	88.68	0.00	39	0	43	0.00	0.00	62.09	7.22	0.00	0.00	2000
229	11.20	2046	2103	0.00	212	0	0	0	nan	0.00	0.00	4.19	84.82	88.80	0.00	39	0	43	0.00	0.00	66.75	8.69	0.00	0.00	2000
228	11.20	2039	2094	0.00	179	0	0	0	nan	0.00	0.00	4.29	84.31	88.80	0.00	39	0	43	0.00	0.00	66.59	8.87	0.00	0.00	2000
229	11.11	2071	2094	0.00	210	0	0	0	nan	0.00	0.00	4.49	84.19	88.89	0.00	39	0	43	0.00	0.00	66.81	8.72	0.00	0.00	2000
229	10.97	2096	2091	0.00	179	0	0	0	nan	0.00	0.00	4.93	83.70	89.03	0.00	39	0	43	0.00	0.00	66.53	8.55	0.00	0.00	2000
230	11.26	2041	2105	0.00	212	0	0	0	nan	0.00	0.00	5.16	83.93	88.74	0.00	39	0	43	0.00	0.00	66.32	8.68	0.00	0.00	2000
238	11.52	2064	2101	0.00	180	0	0	0	nan	0.00	0.00	6.16	82.43	88.48	0.00	39	0	43	0.00	0.00	67.30	8.72	0.00	0.00	2000
229	11.11	2043	2117	0.00	211	0	0	0	nan	0.00	0.00	4.98	84.84	88.89	0.00	39	0	43	0.00	0.00	66.46	8.64	0.00	0.00	2000
227	11.48	1999	2077	0.00	178	0	0	0	nan	0.00	0.00	4.07	83.62	88.52	0.00	39	0	43	0.00	0.00	66.77	8.60	0.00	0.00	2000
228	11.02	2058	2110	0.00	210	0	0	0	nan	0.00	0.00	4.85	84.70	88.98	0.00	39	0	43	0.00	0.00	66.51	8.65	0.00	0.00	2000
229	11.23	2039	2103	0.00	180	0	0	0	nan	0.00	0.00	5.64	83.35	88.77	0.00	39	0	43	0.00	0.00	66.60	8.57	0.00	0.00	2000
231	11.50	2009	2099	0.00	210	0	0	0	nan	0.00	0.00	4.27	84.34	88.50	0.00	39	0	43	0.00	0.00	66.67	8.61	0.00	0.00	2000
229	11.15	2067	2087	0.00	180	0	0	0	nan	0.00	0.00	4.46	83.99	88.85	0.00	39	0	43	0.00	0.00	66.71	8.46	0.00	0.00	2000
229	10.92	2072	2124	0.00	212	0	0	0	nan	0.00	0.00	4.68	85.60	89.08	0.00	39	0	43	0.00	0.00	66.38	8.69	0.00	0.00	2000
228	11.27	2047	2075	0.00	180	0	0	0	93.72	0.00	0.00	5.12	82.58	88.73	0.00	39	0	43	0.00	0.00	66.78	8.59	0.00	0.00	2000
233	11.30	2025	2137	1.41	211	0	0	48	4.36	0.00	0.00	4.93	85.49	88.70	0.00	39	0	43	0.00	0.00	66.52	8.60	0.00	0.00	2000
230	11.39	2036	2082	0.23	182	0	0	0	nan	0.00	0.00	3.67	84.33	88.61	0.00	39	0	43	0.00	0.00	66.26	8.82	0.00	0.00	2000
229	11.12	2054	2106	0.00	213	0	0	0	nan	0.00	0.00	4.43	84.79	88.88	0.00	39	0	43	0.00	0.00	66.62	8.65	0.00	0.00	2000
228	11.09	2074	2080	0.00	179	0	0	0	nan	0.00	0.00	4.17	83.95	88.91	0.00	39	0	43	0.00	0.00	66.92	8.81	0.00	0.00	2000
229	11.30	2021	2104	0.00	212	0	0	0	nan	0.00	0.00	4.66	84.32	88.70	0.00	39	0	43	0.00	0.00	66.10	8.79	0.00	0.00	2000
228	11.07	2042	2114	0.00	178	0	0	0	nan	0.00	0.00	4.89	84.81	88.93	0.00	39	0	43	0.00	0.00	66.30	8.96	0.00	0.00	2000
230	11.20	2062	2087	0.00	211	0	0	0	nan	0.00	0.00	4.10	84.22	88.80	0.00	39	0	43	0.00	0.00	66.53	8.70	0.00	0.00	2000
228	11.17	2028	2110	0.00	179	0	0	0	nan	0.00	0.00	4.97	84.42	88.83	0.00	39	0	43	0.00	0.00	66.83	8.70	0.00	0.00	2000
229	11.09	2071	2090	0.00	211	0	0	0	nan	0.00	0.00	4.04	84.48	88.91	0.00	39	0	43	0.00	0.00	66.07	8.74	0.00	0.00	2000
228	11.32	2007	2106	0.00	178	0	0	0	nan	0.00	0.00	4.94	84.12	88.68	0.00	39	0	43	0.00	0.00	67.03	8.65	0.00	0.00	2000
228	11.31	2011	2107	0.00	212	0	0	0	nan	0.00	0.00	4.12	84.98	88.69	0.00	39	0	43	0.00	0.00	66.52	8.64	0.00	0.00	2000
230	11.39	2040	2077	0.00	179	0	0	0	nan	0.00	0.00	4.10	83.55	88.61	0.00	39	0	43	0.00	0.00	64.05	8.21	0.00	0.00	2000
230	11.16	2045	2120	0.00	212	0	0	0	nan	0.00	0.00	4.90	84.90	88.84	0.00	39	0	43	0.00	0.00	69.78	9.20	0.00	0.00	2000
227	11.25	2024	2096	0.00	179	0	0	0	nan	0.00	0.00	4.79	83.94	88.75	0.00	39	0	43	0.00	0.00	66.08	8.66	0.00	0.00	2000
228	11.06	2059	2105	0.00	211	0	0	0	nan	0.00	0.00	4.20	84.99	88.94	0.00	39	0	43	0.00	0.00	66.78	8.71	0.00	0.00	2000
228	11.11	2071	2079	0.00	178	0	0	0	nan	0.00	0.00	4.35	83.73	88.89	0.00	39	0	43	0.00	0.00	63.83	8.23	0.00	0.00	2000
232	10.97	2105	2109	0.00	213	0	0	0	nan	0.00	0.00	5.30	84.26	89.03	0.00	39	0	43	0.00	0.00	66.64	8.54	0.00	0.00	2000
228	10.90	2083	2110	1.07	178	0	0	48	2.57	0.00	0.00	4.91	84.66	89.10	0.00	39	0	43	0.00	0.00	69.64	8.88	0.00	0.00	2000
229	11.10	2062	2103	0.63	210	0	0	0	nan	0.00	0.00	4.31	84.83	88.90	0.00	39	0	43	0.00	0.00	66.14	8.71	0.00	0.00	2000
227	11.26	2024	2096	0.00	179	0	0	0	nan	0.00	0.00	4.26	84.50	88.74	0.00	39	0	43	0.00	0.00	66.21	8.67	0.00	0.00	2000
229	11.08	2059	2104	0.00	211	0	0	0	nan	0.00	0.00	4.03	85.16	88.92	0.00	39	0	43	0.00	0.00	66.37	8.58	0.00	0.00	2000
230	11.48	1993	2110	0.00	178	0	0	0	nan	0.00	0.00	3.87	85.15	88.52	0.00	39	0	43	0.00	0.00	66.17	8.55	0.00	0.00	2000
230	11.14	2071	2090	0.00	215	0	0	0	nan	0.00	0.00	4.77	83.83	88.86	0.00	39	0	43	0.00	0.00	66.74	8.67	0.00	0.00	2000
228	11.14	2046	2102	0.00	180	0	0	0	nan	0.00	0.00	4.52	84.55	88.86	0.00	39	0	43	0.00	0.00	66.08	8.52	0.00	0.00	2000
229	11.23	2034	2103	0.00	211	0	0	0	nan	0.00	0.00	4.09	84.93	88.77	0.00	39	0	43	0.00	0.00	66.65	8.61	0.00	0.00	2000
228	11.23	2032	2094	0.00	178	0	0	0	nan	0.00	0.00	3.93	84.69	88.77	0.00	39	0	43	0.00	0.00	66.75	8.55	0.00	0.00	2000
229	11.07	2061	2107	0.00	212	0	0	0	nan	0.00	0.00	3.81	85.53	88.93	0.00	39	0	43	0.00	0.00	66.28	8.58	0.00	0.00	2000
229	11.14	2081	2075	0.00	179	0	0	0	nan	0.00	0.00	3.89	84.05	88.86	0.00	39	0	43	0.00	0.00	63.21	8.21	0.00	0.00	2000
228	11.03	2047	2124	0.00	211	0	0	0	nan	0.00	0.00	4.72	85.42	88.97	0.00	39	0	43	0.00	0.00	69.54	9.02	0.00	0.00	2000
228	11.13	2075	2071	0.00	179	0	0	0	nan	0.00	0.00	4.40	83.29	88.87	0.00	39	0	43	0.00	0.00	63.14	8.30	0.00	0.00	2000
229	11.06	2041	2128	0.00	212	0	0	0	nan	0.00	0.00	4.89	85.34	88.94	0.00	39	0	43	0.00	0.00	69.43	9.06	0.00	0.00	2000
227	11.25	2030	2088	0.00	179	0	0	0	nan	0.00	0.00	3.97	84.44	88.75	0.00	39	0	43	0.00	0.00	66.76	8.43	0.00	0.00	2000
289	13.13	2234	2067	0.00	224	0	0	0	nan	0.00	0.00	4.30	81.37	86.87	0.00	39	0	43	0.00	0.00	62.02	7.43	0.00	0.00	2000
311	13.31	2311	2122	0.00	200	0	0	0	nan	0.00	0.00	5.06	82.66	86.69	0.00	38	0	43	0.00	0.00	70.12	7.80	0.00	0.00	2000
230	11.01	2057	2130	0.28	194	0	0	9	17.09	0.00	0.00	4.18	86.18	88.99	0.00	38	0	43	0.00	0.00	66.70	7.95	0.00	0.00	2000
216	10.51	2083	2070	0.23	203	0	0	0	nan	0.00	0.02	2.89	85.36	89.49	0.00	39	0	43	0.00	0.00	59.82	7.15	0.00	0.00	2000
233	10.97	2102	2125	0.00	212	0	0	0	nan	0.00	0.03	3.27	86.89	89.03	0.00	40	0	43	0.00	0.00	65.10	7.46	0.00	0.00	2000
229	11.16	2040	2110	0.00	195	0	0	0	nan	0.00	0.00	4.53	84.88	88.84	0.00	40	0	43	0.00	0.00	65.67	7.52	0.00	0.00	2000
228	11.21	2034	2103	0.00	195	0	0	0	nan	0.00	0.00	2.71	86.37	88.79	0.00	40	0	43	0.00	0.00	64.92	7.33	0.00	0.00	2000
227	11.20	2025	2100	0.00	194	0	0	0	nan	0.00	0.00	3.29	85.69	88.80	0.00	41	0	43	0.00	0.00	65.74	7.46	0.00	0.00	2000
230	10.90	2106	2104	0.00	195	0	0	0	nan	0.00	0.00	3.22	86.11	89.10	0.00	41	0	43	0.00	0.00	66.61	7.46	0.00	0.00	2000
226	10.81	2100	2094	0.00	195	0	0	0	nan	0.00	0.02	3.79	85.23	89.19	0.00	41	0	43	0.00	0.00	65.23	7.38	0.00	0.00	2000
233	11.23	2063	2110	0.00	182	0	0	0	nan	0.00	0.03	4.35	85.02	88.77	0.00	40	0	43	0.00	0.00	60.86	6.83	0.00	0.00	2000
225	11.11	2034	2090	0.00	194	0	0	0	nan	0.00	0.01	3.81	84.80	88.89	0.00	40	0	43	0.00	0.00	65.51	7.50	0.00	0.00	2000
227	11.17	2032	2099	0.00	193	0	0	0	nan	0.00	0.00	2.52	86.36	88.83	0.00	41	0	43	0.00	0.00	64.80	7.43	0.00	0.00	2000
227	11.18	2028	2101	0.00	195	0	0	0	nan	0.00	0.00	2.99	85.95	88.82	0.00	41	0	43	0.00	0.00	65.00	7.42	0.00	0.00	2000
227	11.10	2050	2099	0.00	193	0	0	0	nan	0.00	0.01	2.25	86.77	88.90	0.00	41	0	43	0.00	0.00	65.25	7.41	0.00	0.00	2000
232	11.37	2047	2096	0.00	197	0	0	0	nan	0.00	0.00	2.78	85.78	88.63	0.00	41	0	43	0.00	0.00	65.29	7.55	0.00	0.00	2000
229	11.37	2009	2106	0.00	193	0	0	0	nan	0.00	0.01	2.10	86.92	88.63	0.00	41	0	43	0.00	0.00	65.35	7.46	0.00	0.00	2000
226	11.17	2027	2100	0.00	196	0	0	0	nan	0.00	0.00	2.97	85.88	88.83	0.00	41	0	43	0.00	0.00	65.51	7.35	0.00	0.00	2000
231	11.14	2078	2100	0.00	195	0	0	0	nan	0.00	0.00	3.70	85.30	88.87	0.00	39	0	43	0.00	0.00	63.90	7.49	0.00	0.00	2000
225	11.01	2065	2076	0.17	194	0	0	7	33.20	0.00	0.00	3.23	84.89	88.99	0.00	39	0	43	0.00	0.00	63.46	7.52	0.00	0.00	2000
236	11.08	2101	2127	0.31	212	0	0	4	52.08	0.00	0.02	4.13	86.04	88.92	0.00	39	0	43	0.00	0.00	67.56	7.89	0.00	0.00	2000
228	10.81	2122	2086	0.00	178	0	0	0	nan	0.00	0.01	3.09	85.54	89.19	0.00	40	0	43	0.00	0.00	64.21	7.49	0.00	0.00	2000
230	11.00	2092	2101	0.00	195	0	0	0	nan	0.00	0.02	3.57	85.61	89.00	0.00	40	0	43	0.00	0.00	66.66	7.72	0.00	0.00	2000
99	7.26	1372	2094	0.00	198	0	0	0	nan	0.00	0.02	4.95	87.61	92.74	0.00	38	0	43	0.00	0.00	60.06	7.26	0.00	0.00	2000
79	7.30	1090	2093	0.00	196	0	0	0	nan	0.00	0.02	3.73	88.74	92.70	0.00	38	0	43	0.00	0.00	57.86	7.15	0.00	0.00	2000
82	6.92	1180	2120	0.00	216	0	0	0	nan	0.00	0.00	6.45	87.54	93.08	0.00	38	0	43	0.00	0.00	59.59	7.39	0.00	0.00	2000
75	6.74	1132	2076	0.00	180	0	0	0	nan	0.00	0.02	4.24	87.94	93.26	0.00	38	0	43	0.00	0.00	58.50	7.07	0.00	0.00	2000
202	10.53	1911	2108	0.00	214	0	0	0	nan	0.00	0.00	4.19	85.76	89.47	0.00	40	0	43	0.00	0.00	62.09	7.35	0.00	0.00	2000
232	10.83	2122	2122	0.00	194	0	0	0	nan	0.00	0.01	2.91	87.22	89.17	0.00	41	0	43	0.00	0.00	66.94	7.64	0.00	0.00	2000
223	10.91	2068	2076	0.00	218	0	0	0	nan	0.00	0.04	1.76	86.39	89.09	0.00	41	0	43	0.00	0.00	65.09	7.31	0.00	0.00	2000
104	7.67	1356	2092	0.00	201	0	0	0	nan	0.00	0.01	4.96	87.16	92.33	0.00	38	0	43	0.00	0.00	61.11	7.50	0.00	0.00	2000
110	7.72	1409	2122	0.00	203	0	0	0	nan	0.00	0.02	3.60	89.66	92.28	0.00	39	0	43	0.00	0.00	57.28	7.09	0.00	0.00	2000
228	10.73	2130	2098	0.00	210	0	0	0	nan	0.00	0.00	4.93	84.36	89.27	0.00	40	0	43	0.00	0.00	67.85	7.92	0.00	0.00	2000
228	10.90	2096	2092	0.00	199	0	0	0	nan	0.00	0.00	4.29	84.55	89.10	0.00	41	0	43	0.00	0.00	64.31	7.38	0.00	0.00	2000
232	11.16	2076	2103	0.00	212	0	0	0	nan	0.00	0.01	3.86	85.22	88.84	0.00	41	0	43	0.00	0.00	63.89	7.27	0.00	0.00	2000
227	10.92	2085	2093	0.00	194	0	0	0	nan	0.00	0.00	3.26	85.61	89.08	0.00	41	0	43	0.00	0.00	66.56	7.41	0.00	0.00	2000
229	11.07	2063	2110	0.36	194	0	0	6	74.81	0.00	0.00	2.50	86.89	88.93	0.00	41	0	43	0.00	0.00	62.70	7.27	0.00	0.00	2000
230	11.01	2070	2116	0.30	210	0	0	0	81.78	0.00	0.00	3.50	86.25	88.99	0.00	41	0	43	0.00	0.00	66.37	7.68	0.00	0.00	2000
238	11.24	2127	2095	0.00	216	0	0	0	nan	0.00	1.86	7.73	79.18	88.76	0.00	38	0	43	0.00	0.00	69.13	7.42	0.00	0.00	2000
231	11.07	2082	2104	0.00	196	0	0	0	nan	0.00	0.00	3.03	86.11	88.93	0.00	38	0	42	0.00	0.00	60.21	7.50	0.00	0.00	2000
229	11.00	2111	2071	0.00	178	0	0	0	nan	0.00	0.00	2.78	85.06	89.00	0.00	38	0	43	0.00	0.00	64.41	7.22	0.00	0.00	2000
228	11.02	2038	2135	0.00	195	0	0	0	nan	0.00	0.00	4.00	86.51	88.98	0.00	38	0	43	0.00	0.00	66.86	7.67	0.00	0.00	2000
227	11.35	2079	2025	0.00	204	0	0	0	nan	0.00	0.00	3.24	82.40	88.65	0.00	39	0	43	0.00	0.00	61.80	7.23	0.00	0.00	2000
230	10.99	2054	2142	0.00	193	0	0	0	nan	0.00	0.00	2.61	88.29	89.01	0.00	38	0	43	0.00	0.00	65.13	7.54	0.00	0.00	2000
256	12.68	1999	2119	0.00	212	0	0	0	nan	0.00	0.00	5.99	82.25	87.32	0.00	38	0	43	0.00	0.00	64.79	7.71	0.00	0.00	2000
229	11.46	2021	2073	0.00	179	0	0	0	nan	0.00	0.00	3.83	83.70	88.54	0.00	38	0	43	0.00	0.00	64.58	7.66	0.00	0.00	2000
231	11.20	2030	2128	0.00	212	0	0	0	nan	0.00	0.00	4.93	85.22	88.80	0.00	38	0	43	0.00	0.00	64.77	7.51	0.00	0.00	2000
305	14.32	2155	2076	0.00	202	0	0	0	nan	0.00	0.04	4.37	80.44	85.68	0.00	39	0	43	0.00	0.00	64.36	7.57	0.00	0.00	2000
113	8.22	1372	2100	0.00	222	0	0	0	nan	0.00	0.00	9.55	82.35	91.78	0.00	38	0	43	0.00	0.00	65.74	7.93	0.00	0.00	2000
108	8.22	1298	2127	0.00	216	0	0	0	nan	0.00	0.02	5.42	87.75	91.78	0.00	38	0	43	0.00	0.00	58.71	7.36	0.00	0.00	2000
83	6.84	1204	2110	0.00	178	0	0	0	nan	0.00	0.00	5.12	88.36	93.16	0.00	38	0	43	0.00	0.00	57.44	7.23	0.00	0.00	2000
