Avg_MHz	Busy%	Bzy_MHz	TSC_MHz	IPC	IRQ	NMI	SMI	LLCMRPS	LLC%hit	POLL%	C1%	C1E%	C6%	CPU%c1	CPU%c6	CoreTmp	CoreThr	PkgTmp	Pkg%pc2	Pkg%pc6	PkgWatt	RAMWatt	PKG_%	RAM_%	UncMHz
187	10.90	1686	2138	0.00	222	0	0	0	nan	0.01	0.00	24.47	66.35	89.10	0.00	37	0	43	0.00	0.00	62.54	7.72	0.00	0.00	2000
335	16.46	2054	2079	0.00	199	0	0	0	nan	0.00	0.52	13.88	68.53	83.54	0.00	38	0	43	0.00	0.00	64.42	7.51	0.00	0.00	2000
286	14.61	1929	2132	0.00	210	0	0	0	nan	0.06	0.79	16.26	69.73	85.39	0.00	38	0	43	0.00	0.00	65.61	7.67	0.00	0.00	2000
80	7.24	1111	2081	0.00	195	0	0	0	nan	0.00	0.00	3.49	88.64	92.76	0.00	37	0	42	0.00	0.00	56.34	7.39	0.00	0.00	2000
74	7.15	1022	2124	0.00	210	0	0	0	nan	0.00	0.00	4.95	89.08	92.85	0.00	38	0	43	0.00	0.00	60.84	7.71	0.00	0.00	2000
72	7.02	1023	2105	0.00	195	0	0	0	nan	0.00	0.00	3.69	89.60	92.98	0.00	37	0	43	0.00	0.00	57.86	7.32	0.00	0.00	2000
74	6.79	1088	2094	0.00	198	0	0	0	nan	0.00	0.02	4.50	88.57	93.21	0.00	37	0	43	0.00	0.00	58.15	7.50	0.00	0.00	2000
74	6.82	1079	2103	0.00	195	0	0	0	nan	0.00	0.00	3.76	89.51	93.18	0.00	38	0	43	0.00	0.00	58.13	7.52	0.00	0.00	2000
72	6.55	1103	2101	0.00	193	0	0	0	nan	0.00	0.02	3.46	89.99	93.45	0.00	37	0	43	0.00	0.00	58.01	7.54	0.00	0.00	2000
71	6.54	1099	2087	0.00	194	0	0	0	nan	0.00	0.00	3.34	89.63	93.46	0.00	37	0	43	0.00	0.00	57.51	7.48	0.00	0.00	2000
73	6.83	1060	2118	0.00	193	0	0	0	nan	0.00	0.01	2.05	91.91	93.17	0.00	37	0	42	0.00	0.00	57.71	7.39	0.00	0.00	2000
74	6.94	1070	2103	0.00	195	0	0	0	nan	0.00	0.00	3.06	90.06	93.06	0.00	37	0	43	0.00	0.00	58.50	7.48	0.00	0.00	2000
73	6.79	1077	2097	0.00	192	0	0	0	nan	0.00	0.02	3.08	90.04	93.21	0.00	37	0	43	0.00	0.00	58.26	7.36	0.00	0.00	2000
72	6.68	1079	2097	0.00	194	0	0	0	nan	0.00	0.02	2.75	90.43	93.32	0.00	37	0	43	0.00	0.00	54.58	7.54	0.00	0.00	2000
73	6.88	1073	2090	0.00	194	0	0	0	nan	0.00	0.02	3.02	89.71	93.12	0.00	37	0	43	0.00	0.00	60.50	7.32	0.00	0.00	2000
72	6.64	1075	2116	0.00	194	0	0	1	87.00	0.00	0.00	3.19	90.97	93.36	0.00	37	0	43	0.00	0.00	59.34	7.64	0.00	0.00	2000
72	6.91	1052	2074	0.29	194	0	0	1	85.80	0.00	0.00	2.98	89.05	93.09	0.00	38	0	43	0.00	0.00	56.71	7.32	0.00	0.00	2000
72	6.57	1091	2121	0.00	194	0	0	0	nan	0.00	0.02	2.87	91.48	93.43	0.00	37	0	43	0.00	0.00	59.12	7.48	0.00	0.00	2000
73	6.30	1160	2086	0.00	193	0	0	0	nan	0.00	0.00	2.68	90.34	93.70	0.00	37	0	43	0.00	0.00	58.15	7.41	0.00	0.00	2000
202	10.98	1871	2063	0.00	205	0	0	0	nan	0.00	0.67	5.39	81.53	89.02	0.00	38	0	43	0.00	0.00	62.79	7.35	0.00	0.00	2000
233	11.30	2009	2154	0.00	216	0	0	0	nan	0.00	0.06	6.46	84.57	88.70	0.00	39	0	43	0.00	0.00	67.97	7.75	0.00	0.00	2000
227	11.33	2016	2088	0.00	197	0	0	0	nan	0.00	0.00	6.36	82.03	88.67	0.00	39	0	43	0.00	0.00	62.06	7.15	0.00	0.00	2000
232	11.41	2027	2109	0.00	199	0	0	0	nan	0.00	0.00	5.90	83.10	88.59	0.00	39	0	43	0.00	0.00	67.66	7.64	0.00	0.00	2000
220	10.77	2070	2073	0.00	204	0	0	0	nan	0.00	0.00	4.80	83.42	89.23	0.00	39	0	42	0.00	0.00	61.71	7.24	0.00	0.00	2000
238	11.00	2130	2134	0.00	204	0	0	0	nan	0.00	0.00	2.85	87.65	89.00	0.00	39	0	43	0.00	0.00	67.62	7.90	0.00	0.00	2000
237	11.33	2088	2102	0.00	206	0	0	0	nan	0.00	0.02	4.34	84.55	88.67	0.00	38	0	43	0.00	0.00	66.61	7.66	0.00	0.00	2000
230	11.18	2065	2087	0.00	196	0	0	0	nan	0.00	0.03	5.97	82.42	88.82	0.00	38	0	43	0.00	0.00	66.68	7.73	0.00	0.00	2000
233	11.45	2027	2111	0.00	198	0	0	0	nan	0.00	1.00	4.15	84.06	88.55	0.00	38	0	42	0.00	0.00	66.27	7.71	0.00	0.00	2000
227	11.05	2072	2087	0.00	198	0	0	0	nan	0.00	0.45	6.16	81.93	88.95	0.00	38	0	43	0.00	0.00	63.38	7.28	0.00	0.00	2000
231	11.08	2076	2106	0.00	199	0	0	0	nan	0.00	0.00	4.79	84.48	88.92	0.00	39	0	43	0.00	0.00	66.38	7.67	0.00	0.00	2000
235	11.22	2093	2102	0.00	197	0	0	0	nan	0.00	0.01	4.61	84.35	88.78	0.00	39	0	43	0.00	0.00	65.20	7.46	0.00	0.00	2000
234	11.84	2011	2069	0.00	200	0	0	0	nan	0.00	0.00	7.38	79.61	88.16	0.00	39	0	43	0.00	0.00	61.62	7.10	0.00	0.00	2000
235	11.13	2076	2136	0.00	196	0	0	0	nan	0.00	0.01	5.19	85.24	88.87	0.00	39	0	43	0.00	0.00	68.61	7.66	0.00	0.00	2000
228	11.19	2038	2100	0.67	198	0	0	21	96.68	0.00	0.00	5.79	83.08	88.81	0.00	39	0	43	0.00	0.00	65.06	7.70	0.00	0.00	2000
226	11.09	2056	2084	0.13	195	0	0	0	nan	0.00	0.00	4.93	83.52	88.91	0.00	39	0	43	0.00	0.00	63.20	7.23	0.00	0.00	2000
230	11.32	2049	2081	0.00	198	0	0	0	nan	0.00	0.03	4.12	83.87	88.68	0.00	40	0	43	0.00	0.00	65.06	7.45	0.00	0.00	2000
238	11.02	2126	2130	0.00	220	0	0	0	nan	0.00	0.00	3.74	86.54	88.98	0.00	39	0	42	0.00	0.00	66.17	7.76	0.00	0.00	2000
229	11.01	2081	2094	0.00	188	0	0	0	nan	0.00	0.04	6.23	82.66	88.99	0.00	40	0	43	0.00	0.00	64.05	7.30	0.00	0.00	2000
232	10.88	2125	2105	0.00	198	0	0	0	nan	0.00	0.45	4.09	84.91	89.12	0.00	40	0	43	0.00	0.00	64.30	7.42	0.00	0.00	2000
228	11.08	2069	2087	0.00	215	0	0	0	nan	0.01	0.00	5.01	83.47	88.92	0.00	40	0	43	0.00	0.00	64.57	7.38	0.00	0.00	2000
234	10.85	2135	2121	0.00	199	0	0	0	nan	0.00	0.02	7.43	82.61	89.15	0.00	40	0	42	0.00	0.00	69.20	7.86	0.00	0.00	2000
223	11.24	2017	2063	0.00	202	0	0	0	nan	0.00	1.04	4.34	82.03	88.76	0.00	39	0	42	0.00	0.00	63.79	7.29	0.00	0.00	2000
228	11.16	2062	2082	0.00	194	0	0	0	nan	0.00	0.00	5.23	82.96	88.84	0.00	40	0	43	0.00	0.00	62.27	7.28	0.00	0.00	2000
227	11.15	2047	2093	0.00	215	0	0	0	nan	0.00	0.04	5.43	83.20	88.85	0.00	39	0	42	0.00	0.00	65.08	7.44	0.00	0.00	2000
234	10.88	2115	2135	0.00	215	0	0	0	nan	0.00	0.02	5.10	85.51	89.12	0.00	39	0	43	0.00	0.00	65.50	7.69	0.00	0.00	2000
231	10.83	2133	2104	0.00	218	0	0	0	nan	0.00	0.02	5.65	83.73	89.17	0.00	40	0	42	0.00	0.00	68.52	7.86	0.00	0.00	2000
236	11.18	2084	2124	0.00	201	0	0	0	nan	0.00	0.03	5.88	83.98	88.82	0.00	40	0	42	0.00	0.00	62.59	7.21	0.00	0.00	2000
232	11.00	2102	2104	0.00	196	0	0	0	nan	0.00	0.00	6.63	82.59	89.00	0.00	40	0	43	0.00	0.00	68.42	7.70	0.00	0.00	2000
232	10.86	2140	2098	0.00	199	0	0	0	nan	0.00	0.00	4.97	84.21	89.14	0.00	41	0	43	0.00	0.00	62.16	7.25	0.00	0.00	2000
229	10.67	2169	2077	0.00	197	0	0	9	78.32	0.00	0.00	5.60	82.78	89.33	0.00	40	0	43	0.00	0.00	64.16	7.40	0.00	0.00	2000
231	11.22	2059	2102	0.46	203	0	0	41	94.45	0.00	0.03	5.36	83.62	88.78	0.00	41	0	43	0.00	0.00	66.30	7.64	0.00	0.00	2000
230	11.32	2024	2113	0.00	214	0	0	0	nan	0.00	0.00	5.59	83.69	88.68	0.00	41	0	43	0.00	0.00	64.23	7.57	0.00	0.00	2000
231	11.16	2074	2091	0.00	200	0	0	0	nan	0.00	0.01	6.37	82.17	88.84	0.00	41	0	43	0.00	0.00	67.57	7.93	0.00	0.00	2000
237	11.53	2057	2097	0.00	201	0	0	0	nan	0.00	0.00	5.99	82.44	88.47	0.00	39	0	43	0.00	0.00	64.81	7.72	0.00	0.00	2000
231	11.19	2057	2110	0.00	200	0	0	0	nan	0.00	0.02	8.03	81.24	88.81	0.00	40	0	43	0.00	0.00	64.30	7.45	0.00	0.00	2000
233	11.36	2039	2108	0.00	196	0	0	0	nan	0.00	0.02	5.50	83.58	88.64	0.00	40	0	43	0.00	0.00	67.67	8.19	0.00	0.00	2000
394	18.19	2384	1906	0.00	209	0	0	0	nan	0.00	0.00	4.13	70.17	81.81	0.00	39	0	43	0.00	0.00	59.93	7.28	0.00	0.00	2000
684	27.59	2500	2083	0.00	229	0	0	0	nan	0.00	0.00	3.99	67.96	72.41	0.00	41	0	43	0.00	0.00	80.44	8.35	0.00	0.00	2000
683	27.26	2500	2103	0.00	252	0	0	0	nan	0.00	0.00	5.13	67.84	72.74	0.00	42	0	43	0.00	0.00	80.65	8.14	0.00	0.00	2000
685	27.17	2500	2116	0.00	246	0	0	0	nan	0.00	0.00	3.93	69.61	72.83	0.00	42	0	43	0.00	0.00	80.21	7.96	0.00	0.00	2000
681	27.45	2500	2084	0.00	232	0	0	0	nan	0.00	0.01	4.59	67.53	72.55	0.00	42	0	43	0.00	0.00	80.46	7.97	0.00	0.00	2000
683	27.10	2500	2116	0.00	246	0	0	0	nan	0.00	0.00	3.94	69.68	72.90	0.00	42	0	43	0.00	0.00	80.85	8.15	0.00	0.00	2000
683	27.51	2500	2086	0.00	233	0	0	0	nan	0.00	0.01	2.89	69.25	72.49	0.00	42	0	43	0.00	0.00	77.31	7.67	0.00	0.00	2000
682	27.08	2500	2115	0.00	247	0	0	0	nan	0.01	0.01	2.20	71.38	72.92	0.00	42	0	43	0.00	0.00	83.61	8.10	0.00	0.00	2000
683	27.52	2500	2085	0.00	230	0	0	0	89.99	0.00	0.81	4.01	67.29	72.48	0.00	42	0	43	0.00	0.00	77.65	7.88	0.00	0.00	2000
683	27.12	2500	2116	2.05	249	0	0	143	88.83	0.00	0.00	6.46	67.12	72.88	0.00	42	0	43	0.00	0.00	83.51	8.30	0.00	0.00	2000
685	27.60	2500	2085	0.00	232	0	0	0	nan	0.00	0.01	4.91	67.12	72.40	0.00	42	0	43	0.00	0.00	77.13	7.56	0.00	0.00	2000
683	27.11	2500	2115	0.00	248	0	0	0	nan	0.00	0.00	5.55	68.01	72.89	0.00	42	0	43	0.00	0.00	83.57	8.37	0.00	0.00	2000
682	27.49	2500	2085	0.00	230	0	0	0	nan	0.00	0.01	4.15	67.97	72.51	0.00	42	0	43	0.00	0.00	77.65	7.56	0.00	0.00	2000
682	27.09	2500	2116	0.00	250	0	0	0	nan	0.00	0.00	5.00	68.60	72.91	0.00	43	0	43	0.00	0.00	81.26	7.88	0.00	0.00	2000
681	27.43	2500	2086	0.00	230	0	0	0	nan	0.00	0.01	4.21	67.99	72.57	0.00	42	0	43	0.00	0.00	77.29	7.74	0.00	0.00	2000
685	27.18	2500	2116	0.00	249	0	0	0	nan	0.00	0.00	4.33	69.20	72.82	0.00	42	0	43	0.00	0.00	86.65	8.57	0.00	0.00	2000
680	27.43	2500	2084	0.00	227	0	0	0	nan	0.00	0.01	4.08	68.07	72.57	0.00	42	0	43	0.00	0.00	75.14	7.31	0.00	0.00	2000
684	27.37	2500	2098	0.00	248	0	0	0	nan	0.00	0.00	3.92	68.78	72.63	0.00	42	0	43	0.00	0.00	83.09	8.00	0.00	0.00	2000
682	27.25	2500	2102	0.00	253	0	0	0	nan	0.00	0.01	2.03	70.92	72.75	0.00	42	0	43	0.00	0.00	78.79	7.73	0.00	0.00	2000
684	27.16	2500	2115	0.00	245	0	0	0	nan	0.00	0.00	5.06	68.44	72.84	0.00	42	0	43	0.00	0.00	83.13	8.11	0.00	0.00	2000
682	27.49	2500	2086	0.00	232	0	0	0	nan	0.00	0.01	5.49	66.66	72.52	0.00	42	0	43	0.00	0.00	77.36	7.71	0.00	0.00	2000
685	27.20	2500	2117	0.00	246	0	0	0	nan	0.00	0.00	5.32	68.20	72.80	0.00	42	0	43	0.00	0.00	84.17	8.31	0.00	0.00	2000
681	27.45	2500	2084	0.00	231	0	0	0	nan	0.00	0.01	4.93	67.19	72.55	0.00	42	0	43	0.00	0.00	77.41	7.67	0.00	0.00	2000
682	27.08	2500	2116	1.60	246	0	0	144	87.86	0.00	0.00	4.56	69.06	72.92	0.00	42	0	43	0.00	0.00	83.68	8.22	0.00	0.00	2000
617	22.67	2475	2310	0.58	256	0	0	0	nan	0.00	0.09	6.84	78.29	77.33	0.00	42	0	43	0.00	0.00	88.56	9.02	0.00	0.00	2000
226	11.50	2110	1959	0.00	198	0	0	0	nan	0.00	0.02	7.52	75.14	88.50	0.00	42	0	43	0.00	0.00	63.35	7.32	0.00	0.00	2000
228	10.62	1993	2262	0.00	229	0	0	0	nan	0.00	0.05	6.10	90.34	89.38	0.00	39	0	43	0.00	0.00	67.51	7.98	0.00	0.00	2000
136	8.32	1631	2097	0.00	204	0	0	0	nan	0.00	0.04	3.89	87.72	91.68	0.00	38	0	43	0.00	0.00	64.45	7.68	0.00	0.00	2000
120	8.50	1433	2068	0.00	192	0	0	0	nan	0.00	0.63	11.16	78.37	91.50	0.00	38	0	43	0.00	0.00	56.62	7.43	0.00	0.00	2000
