Avg_MHz	Busy%	Bzy_MHz	TSC_MHz	IPC	IRQ	NMI	SMI	LLCMRPS	LLC%hit	POLL%	C1%	C1E%	C6%	CPU%c1	CPU%c6	CoreTmp	CoreThr	PkgTmp	Pkg%pc2	Pkg%pc6	PkgWatt	RAMWatt	PKG_%	RAM_%	UncMHz
185	11.87	1507	2173	0.00	229	0	0	0	nan	0.00	0.00	27.84	63.33	88.13	0.00	37	0	43	0.00	0.00	65.02	7.81	0.00	0.00	2000
402	19.34	2133	2048	0.00	200	0	0	0	nan	0.00	1.09	10.89	66.80	80.66	0.00	38	0	43	0.00	0.00	64.96	7.40	0.00	0.00	2000
289	14.20	1990	2151	0.00	239	0	0	0	nan	0.05	2.06	21.38	64.56	85.80	0.00	37	0	43	0.00	0.00	67.02	7.78	0.00	0.00	2000
74	6.74	1103	2085	0.00	194	0	0	0	nan	0.00	0.00	3.19	89.36	93.26	0.00	37	0	43	0.00	0.00	58.30	7.20	0.00	0.00	2000
74	6.86	1082	2099	0.00	193	0	0	0	nan	0.00	0.00	1.81	91.38	93.14	0.00	37	0	43	0.00	0.00	56.60	7.09	0.00	0.00	2000
72	6.66	1083	2112	0.00	193	0	0	0	nan	0.00	0.00	3.46	90.53	93.34	0.00	37	0	43	0.00	0.00	59.43	7.49	0.00	0.00	2000
72	6.62	1092	2092	0.00	193	0	0	0	nan	0.00	0.02	2.59	90.50	93.38	0.00	37	0	42	0.00	0.00	57.13	7.26	0.00	0.00	2000
73	6.67	1081	2126	0.00	195	0	0	0	nan	0.00	0.00	4.35	90.13	93.33	0.00	37	0	42	0.00	0.00	59.35	7.53	0.00	0.00	2000
73	6.59	1116	2081	0.00	195	0	0	0	nan	0.00	0.02	2.27	90.30	93.41	0.00	37	0	43	0.00	0.00	58.49	7.34	0.00	0.00	2000
71	6.60	1075	2113	0.00	197	0	0	0	nan	0.00	0.02	3.89	90.20	93.40	0.00	37	0	42	0.00	0.00	58.13	7.31	0.00	0.00	2000
74	6.88	1070	2098	0.00	211	0	0	0	nan	0.00	0.02	3.34	89.59	93.12	0.00	37	0	43	0.00	0.00	60.20	7.64	0.00	0.00	2000
74	6.52	1123	2106	0.00	194	0	0	0	nan	0.00	0.00	4.06	89.61	93.48	0.00	37	0	43	0.00	0.00	57.93	7.15	0.00	0.00	2000
73	6.62	1108	2102	0.00	194	0	0	0	nan	0.00	0.02	3.05	90.49	93.38	0.00	37	0	43	0.00	0.00	59.26	7.58	0.00	0.00	2000
73	6.55	1121	2091	0.00	194	0	0	0	nan	0.00	0.00	3.40	89.58	93.45	0.00	37	0	43	0.00	0.00	58.00	7.36	0.00	0.00	2000
73	6.50	1124	2103	0.00	193	0	0	0	nan	0.00	0.00	3.40	90.24	93.50	0.00	37	0	43	0.00	0.00	56.33	7.11	0.00	0.00	2000
70	6.45	1099	2084	0.00	178	0	0	1	87.70	0.00	0.02	3.29	89.59	93.55	0.00	37	0	43	0.00	0.00	57.42	7.28	0.00	0.00	2000
72	6.87	1043	2113	0.30	210	0	0	2	86.37	0.00	0.05	4.07	89.67	93.13	0.00	37	0	43	0.00	0.00	60.28	7.65	0.00	0.00	2000
71	6.72	1063	2100	0.00	194	0	0	0	nan	0.00	0.00	3.85	89.50	93.28	0.00	37	0	42	0.00	0.00	58.17	7.45	0.00	0.00	2000
113	7.76	1465	2087	0.00	195	0	0	0	nan	0.01	0.04	4.81	86.89	92.24	0.00	38	0	42	0.00	0.00	59.07	7.31	0.00	0.00	2000
233	11.17	2064	2126	0.00	269	0	0	0	nan	0.00	0.02	5.37	84.60	88.83	0.00	39	0	43	0.00	0.00	66.86	7.80	0.00	0.00	2000
229	11.20	2056	2093	0.00	204	0	0	0	nan	0.00	0.00	3.50	85.09	88.80	0.00	40	0	43	0.00	0.00	63.79	7.09	0.00	0.00	2000
225	10.84	2100	2075	0.00	202	0	0	0	nan	0.00	0.00	2.41	85.72	89.16	0.00	41	0	43	0.00	0.00	65.87	7.40	0.00	0.00	2000
236	11.11	2117	2109	0.00	205	0	0	0	nan	0.00	0.03	4.45	84.76	88.89	0.00	40	0	42	0.00	0.00	62.95	7.08	0.00	0.00	2000
235	11.27	2061	2126	0.00	215	0	0	0	nan	0.00	0.03	7.08	82.83	88.73	0.00	39	0	43	0.00	0.00	68.04	7.81	0.00	0.00	2000
230	11.06	2083	2095	0.00	196	0	0	0	nan	0.00	0.00	5.63	83.20	88.94	0.00	39	0	43	0.00	0.00	65.90	7.65	0.00	0.00	2000
235	11.33	2080	2097	0.00	198	0	0	0	nan	0.00	0.00	5.59	83.07	88.67	0.00	38	0	42	0.00	0.00	68.50	8.16	0.00	0.00	2000
233	11.06	2109	2097	0.00	197	0	0	0	nan	0.00	0.03	4.36	84.50	88.94	0.00	38	0	43	0.00	0.00	65.98	7.56	0.00	0.00	2000
229	11.10	2068	2093	0.00	199	0	0	0	nan	0.00	0.02	4.06	84.61	88.90	0.00	38	0	43	0.00	0.00	64.15	7.20	0.00	0.00	2000
226	11.54	2021	2031	0.00	195	0	0	0	nan	0.00	0.02	3.67	81.99	88.46	0.00	38	0	42	0.00	0.00	62.58	7.09	0.00	0.00	2000
232	11.17	2011	2169	0.00	216	0	0	0	nan	0.00	0.01	4.47	87.42	88.83	0.00	38	0	43	0.00	0.00	68.96	7.26	0.00	0.00	2000
230	10.92	2110	2097	0.00	197	0	0	0	nan	0.00	0.03	4.17	84.84	89.08	0.00	39	0	43	0.00	0.00	65.35	7.61	0.00	0.00	2000
232	11.22	2060	2105	0.00	199	0	0	0	nan	0.00	0.00	6.82	82.29	88.78	0.00	39	0	43	0.00	0.00	62.53	7.23	0.00	0.00	2000
231	11.04	2077	2116	0.00	200	0	0	10	78.23	0.00	0.00	6.63	83.17	88.96	0.00	39	0	43	0.00	0.00	66.50	7.38	0.00	0.00	2000
230	11.21	2058	2094	0.61	196	0	0	9	91.24	0.00	0.00	6.66	81.97	88.79	0.00	39	0	43	0.00	0.00	64.48	7.19	0.00	0.00	2000
229	10.99	2091	2094	0.00	195	0	0	0	nan	0.00	0.00	6.30	82.56	89.01	0.00	39	0	42	0.00	0.00	65.31	7.23	0.00	0.00	2000
231	11.17	2063	2106	0.00	200	0	0	0	nan	0.00	0.00	6.40	82.74	88.83	0.00	39	0	42	0.00	0.00	64.98	7.47	0.00	0.00	2000
228	11.12	2069	2078	0.00	197	0	0	0	nan	0.00	0.00	6.27	81.81	88.88	0.00	39	0	42	0.00	0.00	65.38	7.32	0.00	0.00	2000
230	11.15	2058	2103	0.00	202	0	0	0	nan	0.00	0.00	5.92	83.10	88.85	0.00	38	0	43	0.00	0.00	66.19	7.70	0.00	0.00	2000
234	11.28	2042	2128	0.00	196	0	0	0	nan	0.00	0.00	5.11	84.93	88.72	0.00	38	0	43	0.00	0.00	66.22	7.40	0.00	0.00	2000
232	11.24	2055	2107	0.00	195	0	0	0	nan	0.00	0.04	4.23	84.89	88.76	0.00	39	0	43	0.00	0.00	65.96	7.35	0.00	0.00	2000
229	11.00	2096	2084	0.00	197	0	0	0	nan	0.00	0.05	4.33	84.05	89.00	0.00	39	0	43	0.00	0.00	66.03	7.30	0.00	0.00	2000
230	11.30	2043	2091	0.00	198	0	0	0	nan	0.00	0.02	4.04	84.42	88.70	0.00	40	0	43	0.00	0.00	64.36	7.26	0.00	0.00	2000
229	10.80	2126	2096	0.00	203	0	0	0	nan	0.00	0.00	5.18	84.01	89.20	0.00	40	0	43	0.00	0.00	64.85	7.42	0.00	0.00	2000
233	11.29	2045	2118	0.00	195	0	0	0	nan	0.00	0.01	4.98	84.59	88.71	0.00	39	0	42	0.00	0.00	65.56	7.48	0.00	0.00	2000
229	10.94	2109	2080	0.00	199	0	0	0	nan	0.00	0.00	6.52	81.80	89.06	0.00	39	0	43	0.00	0.00	64.93	7.43	0.00	0.00	2000
230	10.96	2099	2102	0.00	196	0	0	0	nan	0.01	0.02	4.17	85.16	89.04	0.00	39	0	43	0.00	0.00	64.54	7.41	0.00	0.00	2000
233	11.03	2097	2117	0.00	196	0	0	0	nan	0.00	0.01	4.67	85.13	88.97	0.00	39	0	43	0.00	0.00	65.25	7.28	0.00	0.00	2000
232	11.36	2045	2103	0.00	201	0	0	0	nan	0.00	0.01	5.13	83.76	88.64	0.00	39	0	43	0.00	0.00	65.97	7.47	0.00	0.00	2000
221	11.01	2053	2051	0.00	198	0	0	0	nan	0.00	0.01	5.13	81.94	88.99	0.00	38	0	43	0.00	0.00	54.76	6.38	0.00	0.00	2000
238	11.18	2068	2162	0.20	281	0	0	4	64.92	0.00	0.02	6.59	84.92	88.82	0.00	38	0	43	0.00	0.00	78.71	8.81	0.00	0.00	2000
234	11.76	2066	2026	0.33	205	0	0	3	80.44	0.00	0.01	5.76	79.46	88.24	0.00	38	0	43	0.00	0.00	58.70	7.01	0.00	0.00	2000
231	10.66	2106	2158	0.00	213	0	0	0	nan	0.00	0.04	4.61	87.22	89.34	0.00	38	0	43	0.00	0.00	70.19	7.71	0.00	0.00	2000
237	11.04	2117	2127	0.00	196	0	0	0	nan	0.00	0.00	4.17	85.89	88.96	0.00	39	0	42	0.00	0.00	66.84	7.54	0.00	0.00	2000
231	11.15	2075	2096	0.00	198	0	0	0	nan	0.00	0.00	5.93	82.86	88.85	0.00	39	0	42	0.00	0.00	64.86	7.34	0.00	0.00	2000
232	11.16	2088	2094	0.00	197	0	0	0	nan	0.00	0.02	5.68	82.93	88.84	0.00	39	0	43	0.00	0.00	65.40	7.46	0.00	0.00	2000
549	27.67	2497	1670	0.00	201	0	0	0	nan	0.00	0.06	2.97	54.61	72.33	0.00	41	0	43	0.00	0.00	59.85	6.42	0.00	0.00	2000
748	26.62	2500	2359	0.00	279	0	0	0	nan	0.00	0.03	4.32	78.21	73.38	0.00	41	0	43	0.00	0.00	89.85	9.35	0.00	0.00	2000
679	26.83	2500	2126	0.00	247	0	0	0	nan	0.00	0.00	5.33	68.85	73.17	0.00	42	0	43	0.00	0.00	80.98	8.41	0.00	0.00	2000
677	27.37	2500	2078	0.00	229	0	0	0	nan	0.00	0.00	4.02	67.95	72.63	0.00	42	0	43	0.00	0.00	75.22	7.77	0.00	0.00	2000
682	26.97	2500	2125	0.00	249	0	0	0	nan	0.00	0.02	5.45	68.57	73.03	0.00	42	0	43	0.00	0.00	81.06	8.28	0.00	0.00	2000
678	27.41	2500	2079	0.00	228	1	0	0	nan	0.00	0.01	5.02	66.97	72.59	0.00	42	0	43	0.00	0.00	74.91	7.63	0.00	0.00	2000
681	27.28	2500	2096	0.00	250	0	0	0	nan	0.00	0.00	4.52	68.18	72.72	0.00	42	0	43	0.00	0.00	77.62	7.68	0.00	0.00	2000
679	27.12	2500	2104	0.00	245	0	0	0	nan	0.00	0.00	5.29	67.85	72.88	0.00	42	0	42	0.00	0.00	77.72	7.90	0.00	0.00	2000
681	27.27	2500	2098	0.00	249	0	0	0	nan	0.00	0.00	3.53	69.25	72.74	0.00	42	0	43	0.00	0.00	77.81	7.51	0.00	0.00	2000
679	27.13	2500	2103	1.33	246	0	0	40	88.32	0.00	0.01	5.11	67.99	72.87	0.00	42	0	43	0.00	0.00	77.65	7.46	0.00	0.00	2000
681	27.30	2500	2096	0.45	245	0	0	0	nan	0.00	0.01	3.35	69.34	72.70	0.00	42	0	43	0.00	0.00	77.66	7.53	0.00	0.00	2000
680	27.16	2500	2103	0.00	251	0	0	0	nan	0.00	1.66	2.35	69.14	72.84	0.00	42	0	43	0.00	0.00	77.53	7.58	0.00	0.00	2000
682	27.33	2500	2097	0.00	249	0	0	0	nan	0.00	0.01	3.35	69.33	72.68	0.00	42	0	43	0.00	0.00	75.05	7.24	0.00	0.00	2000
679	27.15	2500	2102	0.00	252	0	0	0	nan	0.00	0.35	6.28	66.43	72.85	0.00	42	0	43	0.00	0.00	80.70	7.71	0.00	0.00	2000
680	27.24	2500	2096	0.00	245	0	0	0	nan	0.00	0.00	4.11	68.65	72.76	0.00	42	0	43	0.00	0.00	74.84	7.19	0.00	0.00	2000
679	27.11	2500	2105	0.00	249	0	0	0	nan	0.00	0.00	5.74	67.46	72.89	0.00	42	0	43	0.00	0.00	80.56	7.78	0.00	0.00	2000
681	27.29	2500	2095	0.00	243	0	0	0	nan	0.00	0.00	4.32	68.35	72.71	0.00	42	0	43	0.00	0.00	74.99	7.39	0.00	0.00	2000
681	27.17	2500	2104	0.00	250	0	0	0	nan	0.00	0.02	5.15	67.95	72.84	0.00	42	0	43	0.00	0.00	77.55	7.53	0.00	0.00	2000
680	27.27	2500	2096	0.00	245	0	0	0	nan	0.00	0.00	4.27	68.44	72.73	0.00	42	0	43	0.00	0.00	77.76	7.56	0.00	0.00	2000
679	27.13	2500	2104	0.00	249	0	0	0	nan	0.00	0.00	4.60	68.53	72.87	0.00	42	0	43	0.00	0.00	80.69	7.92	0.00	0.00	2000
680	27.25	2500	2096	0.00	245	0	0	0	nan	0.00	0.00	3.85	68.89	72.75	0.00	42	0	43	0.00	0.00	75.39	7.32	0.00	0.00	2000
689	27.52	2500	2105	0.00	250	0	0	0	nan	0.00	0.00	5.18	67.58	72.48	0.00	42	0	43	0.00	0.00	77.69	7.50	0.00	0.00	2000
680	27.26	2500	2096	0.00	246	0	0	1	81.84	0.00	0.01	3.03	69.69	72.74	0.00	42	0	43	0.00	0.00	77.89	7.53	0.00	0.00	2000
681	27.20	2500	2103	1.78	252	0	0	39	91.04	0.00	0.05	2.88	70.11	72.80	0.00	43	0	43	0.00	0.00	77.45	7.57	0.00	0.00	2000
682	27.32	2500	2096	0.00	249	0	0	0	nan	0.00	0.00	4.15	68.50	72.68	0.00	42	0	42	0.00	0.00	77.97	7.43	0.00	0.00	2000
681	27.17	2500	2105	0.00	248	0	0	0	nan	0.00	0.00	5.39	67.73	72.83	0.00	42	0	43	0.00	0.00	77.71	7.46	0.00	0.00	2000
681	27.28	2500	2097	0.00	246	0	0	0	nan	0.00	0.00	4.77	67.95	72.72	0.00	42	0	43	0.00	0.00	77.35	7.57	0.00	0.00	2000
680	27.16	2500	2104	0.00	249	0	0	0	nan	0.00	0.00	5.19	67.92	72.84	0.00	42	0	42	0.00	0.00	77.99	7.58	0.00	0.00	2000
681	27.30	2500	2096	0.00	248	0	0	0	nan	0.00	0.00	4.86	67.84	72.70	0.00	43	0	43	0.00	0.00	77.62	7.65	0.00	0.00	2000
680	27.17	2500	2102	0.00	250	0	0	0	nan	0.00	0.01	5.41	67.60	72.83	0.00	42	0	43	0.00	0.00	78.07	7.52	0.00	0.00	2000
680	27.25	2500	2097	0.00	245	0	0	0	nan	0.00	0.00	4.28	68.50	72.75	0.00	42	0	43	0.00	0.00	77.51	7.45	0.00	0.00	2000
680	27.16	2500	2103	0.00	251	0	0	0	nan	0.00	0.01	4.51	68.55	72.84	0.00	42	0	43	0.00	0.00	77.73	7.48	0.00	0.00	2000
680	27.24	2500	2097	0.00	244	0	0	0	nan	0.00	0.00	3.79	68.98	72.77	0.00	42	0	43	0.00	0.00	77.80	7.45	0.00	0.00	2000
679	27.13	2500	2103	0.00	248	0	0	0	nan	0.00	0.00	4.77	68.32	72.87	0.00	43	0	43	0.00	0.00	77.59	7.37	0.00	0.00	2000
681	27.28	2500	2096	0.00	247	0	0	0	nan	0.00	0.05	3.05	69.64	72.72	0.00	43	0	43	0.00	0.00	77.69	7.76	0.00	0.00	2000
679	27.11	2500	2104	0.00	249	0	0	0	nan	0.00	0.81	2.71	69.65	72.89	0.00	43	0	43	0.00	0.00	77.72	7.59	0.00	0.00	2000
681	27.25	2500	2098	0.00	245	0	0	18	88.91	0.00	0.77	5.54	66.49	72.75	0.00	43	0	43	0.00	0.00	75.06	7.40	0.00	0.00	2000
682	27.24	2500	2102	1.78	250	0	0	24	88.97	0.00	0.01	4.78	68.18	72.76	0.00	42	0	43	0.00	0.00	77.93	7.49	0.00	0.00	2000
681	27.29	2500	2097	0.00	246	0	0	0	nan	0.00	0.00	3.83	68.90	72.71	0.00	43	0	43	0.00	0.00	77.60	7.48	0.00	0.00	2000
679	27.12	2500	2104	0.00	249	0	0	0	nan	0.00	0.01	4.74	68.40	72.88	0.00	43	0	43	0.00	0.00	77.89	7.61	0.00	0.00	2000
681	27.30	2500	2097	0.00	246	0	0	0	nan	0.00	0.00	4.53	68.19	72.71	0.00	43	0	43	0.00	0.00	77.72	7.48	0.00	0.00	2000
681	27.17	2500	2104	0.00	249	0	0	0	nan	0.00	0.01	4.14	68.94	72.83	0.00	43	0	42	0.00	0.00	77.85	7.57	0.00	0.00	2000
681	27.26	2500	2097	0.00	243	0	0	0	nan	0.00	0.00	3.72	69.05	72.74	0.00	43	0	43	0.00	0.00	77.61	7.44	0.00	0.00	2000
681	27.20	2500	2102	0.00	243	0	0	0	nan	0.00	0.00	2.17	70.80	72.80	0.00	43	0	43	0.00	0.00	77.89	7.50	0.00	0.00	2000
678	27.19	2500	2096	0.00	243	0	0	0	nan	0.00	0.00	2.59	70.20	72.81	0.00	43	0	43	0.00	0.00	77.48	7.48	0.00	0.00	2000
681	27.18	2500	2104	0.00	246	0	0	0	nan	0.00	0.00	2.03	71.05	72.82	0.00	42	0	43	0.00	0.00	77.66	7.53	0.00	0.00	2000
678	27.15	2500	2097	0.00	243	0	0	0	nan	0.00	0.00	2.25	70.63	72.85	0.00	43	0	43	0.00	0.00	77.77	7.51	0.00	0.00	2000
682	27.22	2500	2103	0.00	256	0	0	0	nan	0.00	0.01	3.28	69.72	72.78	0.00	42	0	42	0.00	0.00	77.64	7.64	0.00	0.00	2000
678	27.16	2500	2097	0.00	246	0	0	0	nan	0.00	0.00	1.93	70.92	72.84	0.00	43	0	43	0.00	0.00	77.55	7.59	0.00	0.00	2000
681	27.17	2500	2104	0.00	243	0	0	0	nan	0.00	0.01	1.93	71.17	72.83	0.00	43	0	43	0.00	0.00	77.74	7.60	0.00	0.00	2000
677	27.12	2500	2096	0.68	242	0	0	36	89.11	0.00	0.00	2.19	70.68	72.88	0.00	42	0	43	0.00	0.00	77.70	7.47	0.00	0.00	2000
682	27.25	2500	2103	1.11	245	0	0	5	91.91	0.00	0.01	2.87	70.11	72.75	0.00	43	0	43	0.00	0.00	77.66	7.62	0.00	0.00	2000
678	27.17	2500	2096	0.00	242	0	0	0	nan	0.00	0.00	2.19	70.61	72.83	0.00	43	0	43	0.00	0.00	77.95	7.51	0.00	0.00	2000
680	27.17	2500	2103	0.00	244	0	0	0	nan	0.00	0.01	2.97	70.09	72.83	0.00	42	0	43	0.00	0.00	77.64	7.60	0.00	0.00	2000
679	27.20	2500	2096	0.00	243	0	0	0	nan	0.00	0.00	2.29	70.49	72.80	0.00	43	0	43	0.00	0.00	77.53	7.48	0.00	0.00	2000
681	27.19	2500	2105	0.00	244	0	0	0	nan	0.00	0.00	2.62	70.47	72.81	0.00	43	0	43	0.00	0.00	77.80	7.60	0.00	0.00	2000
679	27.19	2500	2096	0.00	242	0	0	0	nan	0.00	0.00	2.21	70.57	72.81	0.00	43	0	43	0.00	0.00	77.78	7.51	0.00	0.00	2000
682	27.22	2500	2104	0.00	244	0	0	0	nan	0.00	0.03	1.95	71.07	72.78	0.00	43	0	43	0.00	0.00	77.71	7.56	0.00	0.00	2000
678	27.18	2500	2096	0.00	242	0	0	0	nan	0.00	0.00	1.84	70.97	72.82	0.00	43	0	43	0.00	0.00	77.61	7.70	0.00	0.00	2000
680	27.14	2500	2104	0.00	242	0	0	0	nan	0.00	0.01	1.89	71.23	72.86	0.00	42	0	43	0.00	0.00	77.74	7.61	0.00	0.00	2000
678	27.17	2500	2095	0.00	244	0	0	0	nan	0.00	0.00	2.28	70.52	72.84	0.00	42	0	43	0.00	0.00	77.88	7.56	0.00	0.00	2000
681	27.19	2500	2104	0.00	247	0	0	0	nan	0.00	0.01	3.56	69.50	72.81	0.00	42	0	43	0.00	0.00	77.78	7.44	0.00	0.00	2000
677	27.14	2500	2096	0.00	243	0	0	0	nan	0.00	0.00	2.29	70.56	72.86	0.00	42	0	43	0.00	0.00	77.94	7.54	0.00	0.00	2000
686	27.38	2500	2104	0.00	245	0	0	0	nan	0.00	0.01	2.84	70.04	72.62	0.00	43	0	43	0.00	0.00	77.59	7.59	0.00	0.00	2000
679	27.21	2500	2096	1.56	242	0	0	40	91.27	0.00	0.00	2.15	70.60	72.79	0.00	43	0	43	0.00	0.00	77.58	7.53	0.00	0.00	2000
681	27.18	2500	2103	0.22	243	0	0	0	nan	0.00	0.01	2.92	70.13	72.82	0.00	43	0	43	0.00	0.00	77.57	7.56	0.00	0.00	2000
678	27.15	2500	2097	0.00	242	0	0	0	nan	0.00	0.00	2.27	70.61	72.85	0.00	42	0	43	0.00	0.00	77.60	7.48	0.00	0.00	2000
680	27.16	2500	2103	0.00	244	0	0	0	nan	0.00	0.01	2.22	70.84	72.84	0.00	43	0	43	0.00	0.00	77.64	7.60	0.00	0.00	2000
679	27.20	2500	2098	0.00	243	0	0	0	nan	0.00	0.00	1.90	70.94	72.81	0.00	43	0	43	0.00	0.00	77.79	7.58	0.00	0.00	2000
681	27.17	2500	2107	0.00	242	0	0	0	nan	0.00	0.03	1.86	71.32	72.83	0.00	42	0	43	0.00	0.00	78.03	7.53	0.00	0.00	2000
677	27.19	2500	2093	0.00	243	0	0	0	nan	0.00	0.00	2.45	70.22	72.81	0.00	43	0	43	0.00	0.00	77.43	7.62	0.00	0.00	2000
678	27.09	2500	2103	0.00	242	0	0	0	nan	0.00	0.00	1.91	71.23	72.91	0.00	42	0	43	0.00	0.00	77.81	7.46	0.00	0.00	2000
679	27.20	2500	2097	0.00	243	0	0	0	nan	0.00	0.01	1.90	70.90	72.80	0.00	43	0	43	0.00	0.00	77.51	7.52	0.00	0.00	2000
678	27.08	2500	2104	0.00	243	0	0	0	nan	0.00	0.01	2.31	70.85	72.92	0.00	43	0	43	0.00	0.00	77.63	7.48	0.00	0.00	2000
680	27.25	2500	2096	0.00	247	0	0	0	nan	0.00	0.00	3.55	69.19	72.75	0.00	43	0	43	0.00	0.00	77.72	7.58	0.00	0.00	2000
679	27.13	2500	2103	0.00	246	0	0	0	nan	0.00	0.01	3.69	69.39	72.87	0.00	43	0	43	0.00	0.00	77.52	7.39	0.00	0.00	2000
692	27.27	2500	2130	0.00	251	0	0	0	nan	0.00	0.00	7.30	66.60	72.73	0.00	43	0	43	0.00	0.00	80.84	7.86	0.00	0.00	2000
678	27.45	2500	2074	0.00	250	0	0	1	92.52	0.00	0.01	5.62	66.15	72.55	0.00	43	0	43	0.00	0.00	75.00	7.25	0.00	0.00	2000
682	27.34	2500	2096	1.77	253	0	0	39	89.03	0.00	0.00	4.95	67.71	72.66	0.00	43	0	43	0.00	0.00	77.72	7.62	0.00	0.00	2000
678	27.11	2500	2102	0.00	245	0	0	0	nan	0.00	0.01	3.09	69.99	72.89	0.00	42	0	43	0.00	0.00	77.94	7.57	0.00	0.00	2000
680	27.22	2500	2097	0.00	252	0	0	0	nan	0.00	0.02	3.13	69.65	72.78	0.00	43	0	43	0.00	0.00	77.72	7.62	0.00	0.00	2000
680	27.13	2500	2104	0.00	248	0	0	0	nan	0.00	0.01	2.69	70.44	72.87	0.00	43	0	43	0.00	0.00	77.62	7.52	0.00	0.00	2000
386	15.23	2255	2360	0.00	306	0	0	0	nan	0.00	0.00	7.93	87.48	84.77	0.00	43	0	43	0.00	0.00	81.80	8.91	0.00	0.00	2000
218	11.27	2058	1976	0.00	197	0	0	0	nan	0.00	0.00	5.79	77.81	88.73	0.00	43	0	43	0.00	0.00	60.24	6.81	0.00	0.00	2000
225	10.46	2036	2218	0.00	215	0	0	0	nan	0.00	0.00	4.72	89.94	89.54	0.00	43	0	43	0.00	0.00	69.84	7.91	0.00	0.00	2000
223	10.52	2108	2108	0.00	200	0	0	0	nan	0.00	0.03	5.62	84.24	89.48	0.00	43	0	43	0.00	0.00	64.99	7.55	0.00	0.00	2000
232	11.07	2109	2085	0.00	203	0	0	0	nan	0.00	0.00	6.62	81.68	88.93	0.00	42	0	43	0.00	0.00	64.74	7.52	0.00	0.00	2000
222	10.63	2111	2078	0.00	206	0	0	0	nan	0.00	0.00	6.61	81.82	89.37	0.00	40	0	43	0.00	0.00	64.02	7.34	0.00	0.00	2000
225	10.11	2170	2154	0.00	222	0	0	0	nan	0.00	0.02	4.16	88.04	89.89	0.00	39	0	43	0.00	0.00	66.33	7.74	0.00	0.00	2000
151	9.05	1687	2080	0.00	229	0	0	0	nan	0.00	0.93	8.09	81.18	90.95	0.00	38	0	43	0.00	0.00	61.25	7.50	0.00	0.00	2000
78	7.05	1092	2115	0.00	193	0	0	0	nan	0.00	0.00	4.03	89.61	92.95	0.00	38	0	43	0.00	0.00	58.36	7.32	0.00	0.00	2000
76	6.77	1129	2088	0.00	215	0	0	0	nan	0.00	0.00	4.20	88.50	93.23	0.00	38	0	43	0.00	0.00	58.81	7.46	0.00	0.00	2000
74	6.49	1132	2125	0.00	194	0	0	0	nan	0.00	0.01	2.63	91.88	93.51	0.00	38	0	43	0.00	0.00	59.03	7.66	0.00	0.00	2000
106	8.73	1201	2118	0.00	81	0	0	0	nan	0.00	0.00	6.34	85.75	91.27	0.00	38	0	43	0.00	0.00	65.00	8.06	0.00	0.00	2000
