Avg_MHz	Busy%	Bzy_MHz	TSC_MHz	IPC	IRQ	NMI	SMI	LLCMRPS	LLC%hit	POLL%	C1%	C1E%	C6%	CPU%c1	CPU%c6	CoreTmp	CoreThr	PkgTmp	Pkg%pc2	Pkg%pc6	PkgWatt	RAMWatt	PKG_%	RAM_%	UncMHz
356	16.62	2099	2146	0.00	220	0	0	0	nan	0.00	0.64	40.31	44.40	83.38	0.00	38	0	43	0.00	0.00	67.92	8.18	0.00	0.00	2000
296	14.21	2090	2095	0.00	230	0	0	0	nan	0.01	1.18	15.30	69.24	85.79	0.00	38	0	43	0.00	0.00	64.17	7.58	0.00	0.00	2000
85	6.96	1206	2117	0.00	197	0	0	0	nan	0.00	0.02	6.35	87.52	93.04	0.00	38	0	43	0.00	0.00	60.38	7.76	0.00	0.00	2000
71	6.79	1061	2079	0.00	193	0	0	0	nan	0.00	0.00	3.37	88.94	93.21	0.00	38	0	43	0.00	0.00	56.51	7.33	0.00	0.00	2000
73	6.91	1052	2094	0.00	194	0	0	0	nan	0.00	0.02	1.63	91.28	93.09	0.00	38	0	43	0.00	0.00	57.54	7.52	0.00	0.00	2000
73	6.87	1043	2130	0.00	211	0	0	0	nan	0.00	0.03	3.79	90.72	93.13	0.00	38	0	43	0.00	0.00	60.82	7.93	0.00	0.00	2000
73	6.74	1083	2104	0.00	194	0	0	0	nan	0.00	0.00	3.58	89.97	93.26	0.00	37	0	43	0.00	0.00	57.21	7.58	0.00	0.00	2000
73	6.44	1135	2105	0.00	193	0	0	0	nan	0.00	0.00	3.43	90.37	93.56	0.00	38	0	43	0.00	0.00	55.59	7.61	0.00	0.00	2000
74	6.61	1126	2075	0.00	177	0	0	0	nan	0.00	0.01	2.48	89.82	93.39	0.00	38	0	43	0.00	0.00	60.83	7.61	0.00	0.00	2000
72	6.51	1103	2105	0.00	193	0	0	0	nan	0.00	0.00	2.42	91.34	93.49	0.00	38	0	43	0.00	0.00	58.45	7.54	0.00	0.00	2000
74	7.15	1023	2120	0.00	194	0	0	0	nan	0.00	0.00	2.48	91.40	92.85	0.00	37	0	43	0.00	0.00	58.79	7.59	0.00	0.00	2000
72	6.44	1131	2085	0.00	193	0	0	0	nan	0.00	0.02	2.94	90.01	93.56	0.00	38	0	43	0.00	0.00	57.62	7.54	0.00	0.00	2000
73	6.59	1119	2090	0.00	194	0	0	0	nan	0.00	0.00	2.51	90.59	93.41	0.00	38	0	43	0.00	0.00	57.56	7.34	0.00	0.00	2000
72	6.57	1093	2108	0.00	193	0	0	0	nan	0.00	0.01	2.28	91.56	93.43	0.00	37	0	43	0.00	0.00	57.78	7.54	0.00	0.00	2000
73	6.48	1115	2111	0.00	209	0	0	0	nan	0.00	0.00	2.86	91.03	93.52	0.00	37	0	43	0.00	0.00	57.17	7.24	0.00	0.00	2000
71	6.63	1085	2074	0.00	194	0	0	0	91.85	0.00	0.00	2.99	89.27	93.37	0.00	37	0	43	0.00	0.00	59.31	7.56	0.00	0.00	2000
74	6.92	1052	2128	0.29	194	0	0	1	82.94	0.00	0.02	2.54	91.88	93.08	0.00	38	0	43	0.00	0.00	57.72	7.43	0.00	0.00	2000
71	6.53	1088	2099	0.04	193	0	0	0	nan	0.01	0.00	2.81	90.66	93.47	0.00	38	0	43	0.00	0.00	58.69	7.48	0.00	0.00	2000
191	10.36	1871	2070	0.00	210	0	0	0	nan	0.00	0.03	4.49	83.88	89.64	0.00	40	0	43	0.00	0.00	63.53	7.53	0.00	0.00	2000
234	11.29	2050	2123	0.00	227	0	0	0	nan	0.00	0.00	5.47	84.30	88.71	0.00	40	0	43	0.00	0.00	64.66	7.24	0.00	0.00	2000
229	10.70	2147	2096	0.00	201	0	0	0	nan	0.00	0.02	4.32	84.81	89.30	0.00	40	0	43	0.00	0.00	65.19	7.66	0.00	0.00	2000
227	11.15	2043	2090	0.00	206	0	0	0	nan	0.00	0.00	4.45	84.13	88.85	0.00	41	0	43	0.00	0.00	65.51	7.58	0.00	0.00	2000
236	11.52	2078	2074	0.00	198	0	0	0	nan	0.00	0.02	6.44	81.03	88.48	0.00	39	0	43	0.00	0.00	65.55	7.80	0.00	0.00	2000
237	11.54	2015	2138	0.00	218	0	0	0	nan	0.00	0.00	6.77	83.38	88.46	0.00	39	0	43	0.00	0.00	65.01	7.68	0.00	0.00	2000
227	10.79	2120	2083	0.00	206	0	0	0	nan	0.00	0.02	4.10	84.48	89.21	0.00	38	0	43	0.00	0.00	65.92	7.67	0.00	0.00	2000
233	11.25	2047	2123	0.00	194	0	0	0	nan	0.01	0.00	4.24	85.64	88.75	0.00	38	0	43	0.00	0.00	66.11	8.04	0.00	0.00	2000
229	10.99	2102	2079	0.00	198	0	0	0	nan	0.00	0.05	3.16	85.11	89.01	0.00	38	0	43	0.00	0.00	66.08	7.82	0.00	0.00	2000
232	11.08	2071	2121	0.00	197	0	0	0	nan	0.00	1.03	2.52	86.36	88.92	0.00	39	0	43	0.00	0.00	64.98	7.50	0.00	0.00	2000
232	10.87	2139	2092	0.00	200	0	0	0	nan	0.00	0.01	3.69	85.04	89.13	0.00	39	0	43	0.00	0.00	64.67	7.40	0.00	0.00	2000
237	11.34	2097	2091	0.00	201	0	0	0	nan	0.00	0.02	4.69	83.68	88.66	0.00	39	0	43	0.00	0.00	64.70	7.49	0.00	0.00	2000
231	10.86	2114	2117	0.00	195	0	0	0	nan	0.00	0.00	5.95	83.99	89.14	0.00	39	0	43	0.00	0.00	66.73	7.50	0.00	0.00	2000
231	10.74	2153	2101	0.00	214	0	0	0	nan	0.00	0.01	5.65	83.68	89.26	0.00	39	0	43	0.00	0.00	64.45	7.28	0.00	0.00	2000
230	10.89	2118	2097	0.00	199	0	0	2	81.21	0.00	0.00	6.07	82.98	89.11	0.00	39	0	43	0.00	0.00	63.54	7.29	0.00	0.00	2000
233	11.30	2056	2105	0.55	198	0	0	15	45.73	0.00	0.00	6.49	82.56	88.70	0.00	39	0	43	0.00	0.00	66.66	7.65	0.00	0.00	2000
235	11.57	2057	2070	0.00	218	0	0	0	nan	0.00	0.00	9.15	78.15	88.43	0.00	40	0	43	0.00	0.00	64.37	7.18	0.00	0.00	2000
231	11.38	2085	2047	0.00	206	0	0	0	nan	0.00	0.00	6.59	79.92	88.62	0.00	38	0	43	0.00	0.00	59.63	7.15	0.00	0.00	2000
232	11.06	2038	2166	0.00	247	0	0	0	nan	0.00	0.02	5.07	86.71	88.94	0.00	39	0	43	0.00	0.00	71.06	8.32	0.00	0.00	2000
220	10.94	1996	2121	0.00	239	0	0	0	nan	0.00	0.02	6.96	83.05	89.06	0.00	39	0	43	0.00	0.00	67.75	8.07	0.00	0.00	2000
78	6.44	1201	2105	0.00	227	0	0	0	nan	0.00	0.01	5.81	88.05	93.56	0.00	38	0	43	0.00	0.00	58.89	7.43	0.00	0.00	2000
96	7.49	1282	2103	0.00	114	0	0	0	nan	0.00	0.00	6.86	85.82	92.51	0.00	38	0	43	0.00	0.00	58.71	7.43	0.00	0.00	2000
