Avg_MHz	Busy%	Bzy_MHz	TSC_MHz	IPC	IRQ	NMI	SMI	LLCMRPS	LLC%hit	POLL%	C1%	C1E%	C6%	CPU%c1	CPU%c6	CoreTmp	CoreThr	PkgTmp	Pkg%pc2	Pkg%pc6	PkgWatt	RAMWatt	PKG_%	RAM_%	UncMHz
343	19.20	1893	1981	0.00	249	0	0	0	nan	0.00	0.00	29.05	47.09	80.80	0.00	38	0	43	0.00	0.00	61.09	7.39	0.00	0.00	2000
397	17.47	2092	2280	0.00	230	0	0	0	nan	0.03	1.17	16.84	71.88	82.53	0.00	38	0	43	0.00	0.00	73.38	8.11	0.00	0.00	2000
81	7.09	1138	2115	0.00	195	0	0	0	nan	0.00	0.02	13.74	79.91	92.91	0.00	38	0	43	0.00	0.00	58.73	7.30	0.00	0.00	2000
73	6.47	1133	2082	0.00	193	0	0	0	nan	0.00	0.02	3.29	89.53	93.53	0.00	38	0	43	0.00	0.00	58.46	7.39	0.00	0.00	2000
75	6.78	1106	2112	0.00	194	0	0	0	nan	0.00	0.02	2.70	91.09	93.22	0.00	38	0	43	0.00	0.00	58.47	7.61	0.00	0.00	2000
71	6.65	1078	2075	0.00	197	0	0	0	nan	0.00	0.00	2.96	89.30	93.35	0.00	38	0	43	0.00	0.00	57.11	7.36	0.00	0.00	2000
74	6.81	1076	2108	0.00	194	0	0	0	nan	0.00	0.00	2.50	91.04	93.19	0.00	38	0	43	0.00	0.00	57.80	7.53	0.00	0.00	2000
72	6.75	1067	2099	0.00	193	0	0	0	nan	0.00	0.01	2.23	90.92	93.25	0.00	37	0	43	0.00	0.00	59.35	7.59	0.00	0.00	2000
73	6.87	1047	2126	0.00	209	0	0	0	nan	0.00	0.00	3.82	90.55	93.13	0.00	38	0	43	0.00	0.00	57.86	7.47	0.00	0.00	2000
73	6.66	1097	2097	0.00	193	0	0	0	nan	0.00	0.00	3.21	89.98	93.34	0.00	38	0	43	0.00	0.00	58.76	7.41	0.00	0.00	2000
74	6.61	1115	2101	0.00	178	0	0	0	nan	0.00	0.00	3.40	90.01	93.39	0.00	38	0	43	0.00	0.00	59.53	7.75	0.00	0.00	2000
70	6.76	1048	2072	0.00	193	0	0	0	nan	0.00	0.00	2.74	89.35	93.24	0.00	37	0	43	0.00	0.00	56.56	7.32	0.00	0.00	2000
73	6.93	1044	2123	0.00	209	0	0	0	nan	0.00	0.00	4.34	89.82	93.07	0.00	38	0	43	0.00	0.00	58.60	7.51	0.00	0.00	2000
73	6.69	1089	2098	0.00	193	0	0	0	nan	0.00	0.00	3.50	89.74	93.31	0.00	38	0	43	0.00	0.00	58.44	7.57	0.00	0.00	2000
72	6.79	1071	2080	0.00	194	0	0	0	nan	0.00	0.00	3.52	88.89	93.21	0.00	38	0	43	0.00	0.00	55.21	7.16	0.00	0.00	2000
79	6.89	1145	2117	0.00	196	0	0	0	85.17	0.00	0.00	5.16	88.71	93.11	0.00	38	0	43	0.00	0.00	59.66	7.63	0.00	0.00	2000
74	6.68	1101	2111	0.29	194	0	0	2	87.24	0.00	0.00	3.74	90.01	93.32	0.00	38	0	42	0.00	0.00	59.56	7.67	0.00	0.00	2000
73	6.35	1148	2102	0.00	195	0	0	0	nan	0.00	0.00	3.42	90.37	93.65	0.00	38	0	43	0.00	0.00	59.38	7.75	0.00	0.00	2000
129	8.07	1601	2091	0.00	197	0	0	0	nan	0.02	0.01	4.07	87.51	91.93	0.00	38	0	43	0.00	0.00	59.41	7.33	0.00	0.00	2000
230	10.83	2123	2103	0.00	228	0	0	0	nan	0.00	0.02	3.25	86.12	89.17	0.00	40	0	43	0.00	0.00	64.70	7.59	0.00	0.00	2000
230	10.88	2112	2104	0.00	208	0	0	0	nan	0.01	0.00	3.15	86.15	89.12	0.00	41	0	43	0.00	0.00	66.59	7.77	0.00	0.00	2000
229	11.20	2076	2065	0.00	189	0	0	0	nan	0.00	0.02	2.87	84.52	88.80	0.00	41	0	43	0.00	0.00	62.63	7.16	0.00	0.00	2000
238	11.52	2066	2102	0.00	220	0	0	0	nan	0.00	0.01	4.69	84.00	88.48	0.00	40	0	43	0.00	0.00	65.13	7.45	0.00	0.00	2000
231	11.01	2085	2113	0.00	198	0	0	0	nan	0.00	0.00	6.99	82.65	88.99	0.00	38	0	43	0.00	0.00	66.64	7.93	0.00	0.00	2000
231	10.91	2122	2091	0.00	198	0	0	0	nan	0.00	0.00	4.95	83.82	89.09	0.00	38	0	43	0.00	0.00	66.08	7.70	0.00	0.00	2000
230	11.21	2046	2106	0.00	201	0	0	0	nan	0.00	0.00	5.31	83.94	88.79	0.00	38	0	43	0.00	0.00	66.20	7.83	0.00	0.00	2000
234	11.21	2086	2105	0.00	199	0	0	0	nan	0.00	0.00	3.56	85.49	88.79	0.00	38	0	43	0.00	0.00	66.06	7.91	0.00	0.00	2000
235	11.34	2055	2121	0.00	204	0	0	0	nan	0.00	0.03	4.13	85.33	88.66	0.00	39	0	43	0.00	0.00	66.52	7.70	0.00	0.00	2000
229	11.33	2026	2090	0.00	195	0	0	0	nan	0.00	0.02	5.22	83.14	88.67	0.00	38	0	43	0.00	0.00	63.29	7.37	0.00	0.00	2000
228	11.04	2070	2090	0.00	197	0	0	0	nan	0.00	0.99	5.14	82.49	88.96	0.00	39	0	43	0.00	0.00	66.12	7.60	0.00	0.00	2000
228	11.17	2060	2077	0.00	197	0	0	0	nan	0.00	0.00	5.25	82.63	88.83	0.00	39	0	43	0.00	0.00	63.19	7.34	0.00	0.00	2000
234	11.19	2052	2143	0.00	200	0	0	0	nan	0.00	0.02	5.06	85.66	88.81	0.00	39	0	43	0.00	0.00	66.45	7.61	0.00	0.00	2000
229	11.22	2060	2085	0.00	201	0	0	0	nan	0.00	0.00	5.87	82.40	88.78	0.00	39	0	43	0.00	0.00	64.70	7.51	0.00	0.00	2000
232	11.35	2028	2115	0.64	196	0	0	15	80.32	0.00	0.00	5.13	84.25	88.65	0.00	39	0	43	0.00	0.00	65.12	7.66	0.00	0.00	2000
229	11.06	2076	2092	0.04	198	0	0	0	nan	0.00	0.01	4.96	83.68	88.94	0.00	40	0	43	0.00	0.00	65.79	7.62	0.00	0.00	2000
226	10.99	2079	2079	0.00	199	0	0	0	nan	0.00	0.00	5.80	82.42	89.01	0.00	39	0	42	0.00	0.00	65.29	7.52	0.00	0.00	2000
235	11.25	2062	2130	0.00	198	0	0	0	nan	0.00	0.00	4.28	85.77	88.75	0.00	40	0	43	0.00	0.00	64.68	7.60	0.00	0.00	2000
228	10.61	2173	2079	0.00	197	0	0	0	nan	0.00	0.00	5.07	83.47	89.39	0.00	39	0	43	0.00	0.00	64.09	7.63	0.00	0.00	2000
232	11.26	2072	2087	0.00	208	0	0	0	nan	0.00	0.04	2.89	85.37	88.74	0.00	39	0	43	0.00	0.00	65.32	7.55	0.00	0.00	2000
234	11.16	2068	2124	0.00	211	0	0	0	nan	0.00	0.59	4.62	84.81	88.84	0.00	39	0	43	0.00	0.00	66.02	7.77	0.00	0.00	2000
229	11.23	2084	2053	0.00	198	0	0	0	nan	0.00	0.02	3.20	83.58	88.77	0.00	40	0	42	0.00	0.00	62.48	7.27	0.00	0.00	2000
234	10.89	2098	2155	0.00	215	1	0	0	nan	0.00	0.58	3.77	87.20	89.11	0.00	40	0	43	0.00	0.00	68.10	8.00	0.00	0.00	2000
240	11.98	1998	2103	0.00	201	0	0	0	nan	0.00	0.00	6.86	81.43	88.02	0.00	40	0	43	0.00	0.00	65.14	7.66	0.00	0.00	2000
230	11.22	2050	2099	0.00	198	0	0	0	nan	0.00	0.00	6.30	82.62	88.78	0.00	40	0	43	0.00	0.00	65.34	7.61	0.00	0.00	2000
233	11.25	2069	2101	0.00	198	0	0	0	nan	0.01	0.00	5.41	83.49	88.75	0.00	40	0	43	0.00	0.00	65.74	7.90	0.00	0.00	2000
230	11.39	2021	2098	0.00	202	0	0	0	nan	0.00	0.00	7.15	81.52	88.61	0.00	40	0	43	0.00	0.00	63.42	7.34	0.00	0.00	2000
233	11.17	2096	2085	0.00	200	0	0	0	nan	0.00	0.02	6.31	81.95	88.83	0.00	41	0	43	0.00	0.00	65.11	7.61	0.00	0.00	2000
233	10.96	2132	2092	0.00	199	0	0	0	nan	0.00	0.02	5.02	83.73	89.04	0.00	40	0	43	0.00	0.00	66.71	7.87	0.00	0.00	2000
221	12.51	2104	1764	0.00	204	0	0	0	nan	0.00	0.00	6.29	67.29	87.49	0.00	38	0	43	0.00	0.00	49.33	5.91	0.00	0.00	2000
250	10.02	2033	2582	0.00	262	0	0	2	61.89	0.01	0.16	7.16	103.43	89.98	0.00	39	0	43	0.00	0.00	86.00	10.13	0.00	0.00	2000
238	11.24	2106	2113	0.47	203	0	0	3	71.96	0.00	0.00	6.71	82.65	88.76	0.00	38	0	43	0.00	0.00	64.99	8.04	0.00	0.00	2000
234	11.14	2103	2099	0.00	196	0	0	0	nan	0.00	0.04	5.51	83.36	88.86	0.00	38	0	43	0.00	0.00	66.19	8.01	0.00	0.00	2000
234	11.32	2069	2099	0.00	196	0	0	0	nan	0.00	0.06	3.92	84.79	88.68	0.00	38	0	43	0.00	0.00	64.84	7.90	0.00	0.00	2000
232	11.23	2061	2104	0.00	197	0	0	0	nan	0.00	0.05	2.82	86.23	88.77	0.00	38	0	43	0.00	0.00	63.71	7.84	0.00	0.00	2000
233	11.39	2044	2098	0.00	196	0	0	0	nan	0.00	0.00	6.34	82.35	88.61	0.00	38	0	43	0.00	0.00	65.08	8.03	0.00	0.00	2000
234	11.28	2074	2098	0.00	181	0	0	0	nan	0.00	0.00	6.43	82.25	88.72	0.00	38	0	43	0.00	0.00	63.89	7.68	0.00	0.00	2000
234	11.39	2052	2104	0.00	203	0	0	0	nan	0.00	0.00	6.92	82.00	88.61	0.00	38	0	43	0.00	0.00	65.32	8.09	0.00	0.00	2000
231	11.09	2086	2098	0.00	196	0	0	0	nan	0.00	0.55	7.87	80.62	88.92	0.00	38	0	43	0.00	0.00	63.58	7.65	0.00	0.00	2000
232	11.14	2083	2101	0.00	196	0	0	0	nan	0.00	0.02	7.24	81.79	88.86	0.00	39	0	43	0.00	0.00	65.80	8.03	0.00	0.00	2000
231	11.18	2066	2096	0.00	180	0	0	0	nan	0.00	0.00	5.36	83.34	88.82	0.00	38	0	43	0.00	0.00	65.52	7.99	0.00	0.00	2000
232	11.29	2060	2097	0.00	197	0	0	0	nan	0.00	0.01	6.90	81.76	88.71	0.00	38	0	43	0.00	0.00	64.31	7.79	0.00	0.00	2000
235	11.17	2101	2106	0.00	198	0	0	0	nan	0.00	0.02	6.41	82.69	88.83	0.00	38	0	43	0.00	0.00	64.12	7.78	0.00	0.00	2000
233	11.23	2074	2101	0.00	196	0	0	0	nan	0.00	0.00	7.91	81.05	88.77	0.00	38	0	43	0.00	0.00	63.29	7.69	0.00	0.00	2000
234	11.28	2076	2095	0.00	197	0	0	0	nan	0.00	0.02	6.36	82.26	88.72	0.00	39	0	43	0.00	0.00	65.58	8.09	0.00	0.00	2000
232	11.24	2069	2099	0.00	196	0	0	0	nan	0.00	0.00	5.96	82.86	88.76	0.00	39	0	43	0.00	0.00	64.59	7.86	0.00	0.00	2000
233	11.32	2051	2103	0.00	198	0	0	0	nan	0.00	0.00	8.09	80.84	88.68	0.00	39	0	43	0.00	0.00	65.53	7.99	0.00	0.00	2000
236	11.39	2068	2100	0.00	197	0	0	0	nan	0.05	0.00	8.29	80.41	88.61	0.00	39	0	43	0.00	0.00	65.63	8.06	0.00	0.00	2000
233	11.23	2079	2095	0.61	203	0	0	2	35.60	0.00	0.01	5.80	82.86	88.77	0.00	38	0	43	0.00	0.00	63.87	7.65	0.00	0.00	2000
232	11.40	2049	2083	0.12	180	0	0	0	nan	0.00	0.00	5.96	81.98	88.60	0.00	39	0	43	0.00	0.00	64.23	7.83	0.00	0.00	2000
232	11.37	2021	2123	0.00	200	0	0	0	nan	0.00	0.02	5.49	84.24	88.63	0.00	39	0	43	0.00	0.00	66.18	8.05	0.00	0.00	2000
232	10.88	2133	2101	0.00	195	0	0	0	nan	0.00	0.95	6.23	82.11	89.12	0.00	39	0	43	0.00	0.00	66.02	7.95	0.00	0.00	2000
231	11.24	2058	2099	0.00	196	0	0	0	nan	0.00	0.40	7.16	81.37	88.76	0.00	39	0	42	0.00	0.00	62.32	7.61	0.00	0.00	2000
235	11.40	2063	2099	0.00	198	0	0	0	nan	0.00	0.00	6.87	81.82	88.60	0.00	39	0	42	0.00	0.00	65.46	7.91	0.00	0.00	2000
231	11.15	2073	2103	0.00	194	0	0	0	nan	0.00	0.02	8.33	80.70	88.85	0.00	39	0	43	0.00	0.00	66.76	8.16	0.00	0.00	2000
232	11.21	2070	2097	0.00	198	0	0	0	nan	0.00	0.00	5.82	82.91	88.79	0.00	39	0	43	0.00	0.00	62.70	7.52	0.00	0.00	2000
230	11.21	2052	2097	0.00	181	0	0	0	nan	0.00	0.00	6.39	82.44	88.79	0.00	39	0	43	0.00	0.00	65.89	8.18	0.00	0.00	2000
232	11.30	2049	2104	0.00	197	0	0	0	nan	0.00	0.00	6.93	82.11	88.70	0.00	39	0	43	0.00	0.00	62.66	8.04	0.00	0.00	2000
229	11.18	2053	2098	0.00	198	0	0	0	nan	0.00	0.00	7.05	81.77	88.82	0.00	39	0	43	0.00	0.00	65.40	8.37	0.00	0.00	2000
233	11.27	2063	2105	0.00	200	0	0	0	nan	0.00	0.00	5.90	83.17	88.73	0.00	39	0	43	0.00	0.00	65.86	8.67	0.00	0.00	2000
229	11.10	2069	2098	0.00	195	0	0	0	nan	0.00	0.00	7.34	81.57	88.90	0.00	39	0	43	0.00	0.00	66.21	8.31	0.00	0.00	2000
230	11.21	2056	2096	0.00	195	0	0	0	nan	0.00	0.00	4.46	84.32	88.79	0.00	39	0	43	0.00	0.00	62.32	8.03	0.00	0.00	2000
230	11.18	2058	2103	0.00	180	0	0	0	nan	0.00	0.56	2.98	85.55	88.82	0.00	39	0	43	0.00	0.00	67.18	8.54	0.00	0.00	2000
232	11.04	2094	2104	0.00	197	0	0	0	nan	0.00	0.03	6.56	82.68	88.96	0.00	39	0	43	0.00	0.00	63.44	8.00	0.00	0.00	2000
232	11.15	2083	2101	0.00	195	0	0	0	nan	0.00	0.49	6.83	81.68	88.85	0.00	39	0	43	0.00	0.00	67.26	8.39	0.00	0.00	2000
232	11.30	2054	2096	0.32	199	0	0	14	21.35	0.00	0.00	5.80	82.90	88.70	0.00	39	0	43	0.00	0.00	63.17	8.14	0.00	0.00	2000
231	11.29	2044	2103	0.67	181	0	0	5	37.07	0.00	0.00	6.80	82.16	88.71	0.00	39	0	43	0.00	0.00	63.36	8.16	0.00	0.00	2000
233	11.28	2066	2100	0.00	199	0	0	0	nan	0.00	0.00	10.03	78.76	88.72	0.00	39	0	43	0.00	0.00	66.14	8.53	0.00	0.00	2000
231	11.11	2078	2099	0.00	198	0	0	0	nan	0.00	0.01	7.22	81.73	88.89	0.00	39	0	42	0.00	0.00	64.86	8.17	0.00	0.00	2000
231	11.24	2059	2095	0.00	196	0	0	0	nan	0.00	0.03	5.44	83.14	88.76	0.00	38	0	43	0.00	0.00	65.32	8.41	0.00	0.00	2000
233	11.34	2047	2108	0.00	180	0	0	0	nan	0.00	0.02	6.16	82.98	88.66	0.00	39	0	43	0.00	0.00	64.05	8.21	0.00	0.00	2000
231	11.23	2058	2096	0.00	199	0	0	0	nan	0.00	0.00	6.61	82.17	88.77	0.00	39	0	43	0.00	0.00	65.60	8.45	0.00	0.00	2000
230	11.31	2029	2100	0.00	196	0	0	0	nan	0.00	0.00	6.57	82.32	88.69	0.00	39	0	43	0.00	0.00	65.79	8.51	0.00	0.00	2000
227	11.43	2064	2019	0.00	196	0	0	0	nan	0.00	0.00	6.56	78.68	88.57	0.00	40	0	43	0.00	0.00	60.55	8.03	0.00	0.00	2000
229	11.14	2022	2133	0.00	196	0	0	0	nan	0.00	0.02	6.09	84.36	88.86	0.00	40	0	43	0.00	0.00	68.66	9.30	0.00	0.00	2000
232	10.92	2119	2108	0.00	198	0	0	0	nan	0.00	0.02	6.08	83.44	89.08	0.00	40	0	43	0.00	0.00	66.86	8.97	0.00	0.00	2000
228	10.79	2123	2090	0.00	198	0	0	0	nan	0.00	1.78	5.22	81.91	89.21	0.00	40	0	43	0.00	0.00	67.02	8.98	0.00	0.00	2000
231	10.81	2088	2149	0.00	195	0	0	0	nan	0.00	0.06	4.70	86.62	89.19	0.00	41	0	43	0.00	0.00	66.66	9.02	0.00	0.00	2000
229	11.28	2060	2067	0.00	194	0	0	0	nan	0.00	0.00	5.34	82.03	88.72	0.00	41	0	43	0.00	0.00	66.54	9.01	0.00	0.00	2000
236	11.39	2071	2098	0.00	199	0	0	0	nan	0.00	0.03	9.19	79.51	88.61	0.00	40	0	43	0.00	0.00	66.88	9.03	0.00	0.00	2000
229	11.01	2115	2065	0.00	195	0	0	0	nan	0.01	0.00	7.09	80.49	88.99	0.00	40	0	43	0.00	0.00	66.61	8.81	0.00	0.00	2000
234	11.15	2042	2156	0.00	197	0	0	0	nan	0.00	0.01	5.61	85.82	88.85	0.00	40	0	43	0.00	0.00	67.33	8.94	0.00	0.00	2000
228	11.06	2095	2062	0.00	195	0	0	14	8.85	0.00	0.00	7.85	79.56	88.94	0.00	40	0	43	0.00	0.00	66.47	8.96	0.00	0.00	2000
233	11.18	2072	2113	1.64	197	0	0	23	10.51	0.04	0.02	7.58	81.92	88.82	0.00	41	0	43	0.00	0.00	66.04	8.88	0.00	0.00	2000
229	10.98	2060	2128	0.00	196	0	0	0	nan	0.00	0.02	6.04	84.22	89.02	0.00	40	0	43	0.00	0.00	66.87	8.92	0.00	0.00	2000
229	11.34	2040	2083	0.00	197	0	0	0	nan	0.00	0.00	6.15	81.84	88.66	0.00	41	0	43	0.00	0.00	66.91	9.02	0.00	0.00	2000
231	11.24	2079	2076	0.00	197	0	0	0	nan	0.00	0.00	6.94	80.87	88.76	0.00	40	0	43	0.00	0.00	67.35	8.83	0.00	0.00	2000
226	11.41	2075	2004	0.00	195	0	0	0	nan	0.00	0.02	8.15	76.47	88.59	0.00	41	0	43	0.00	0.00	61.30	8.19	0.00	0.00	2000
234	10.70	2036	2254	0.00	218	0	0	0	nan	0.00	0.00	6.10	89.83	89.30	0.00	41	0	43	0.00	0.00	72.20	9.85	0.00	0.00	2000
229	11.34	2056	2064	0.00	196	0	0	0	nan	0.00	0.02	6.56	80.62	88.66	0.00	41	0	43	0.00	0.00	66.66	9.11	0.00	0.00	2000
229	10.82	2125	2088	0.00	196	0	0	0	nan	0.04	0.00	6.21	82.50	89.18	0.00	41	0	43	0.00	0.00	66.51	9.02	0.00	0.00	2000
234	10.86	2125	2126	0.00	202	0	0	0	nan	0.00	0.07	3.03	87.26	89.14	0.00	41	0	43	0.00	0.00	66.45	8.96	0.00	0.00	2000
228	11.09	2074	2083	0.00	198	0	0	0	nan	0.00	0.00	5.71	82.60	88.91	0.00	40	0	43	0.00	0.00	66.19	8.95	0.00	0.00	2000
230	10.81	2126	2101	0.00	198	0	0	0	nan	0.00	0.47	6.99	81.81	89.19	0.00	41	0	43	0.00	0.00	67.59	9.10	0.00	0.00	2000
229	10.93	2104	2093	0.00	199	0	0	0	nan	0.00	0.00	6.05	82.77	89.07	0.00	41	0	43	0.00	0.00	66.38	8.89	0.00	0.00	2000
230	10.93	2100	2109	0.00	196	0	0	0	nan	0.00	0.03	6.18	83.29	89.07	0.00	40	0	43	0.00	0.00	66.89	8.99	0.00	0.00	2000
232	11.19	2058	2115	0.00	201	0	0	0	nan	0.00	0.00	7.55	82.02	88.81	0.00	40	0	43	0.00	0.00	66.51	9.02	0.00	0.00	2000
230	11.40	2029	2087	0.00	196	0	0	0	nan	0.00	0.04	8.39	79.79	88.60	0.00	41	0	43	0.00	0.00	66.39	8.85	0.00	0.00	2000
229	11.04	2064	2106	0.00	199	0	0	0	nan	0.00	0.03	6.16	83.12	88.96	0.00	40	0	43	0.00	0.00	66.13	8.86	0.00	0.00	2000
231	11.15	2065	2103	0.00	195	0	0	10	10.60	0.04	0.04	7.65	81.36	88.85	0.00	41	0	43	0.00	0.00	66.37	8.95	0.00	0.00	2000
230	10.99	2091	2098	1.66	198	0	0	28	8.67	0.00	0.02	6.66	82.34	89.01	0.00	41	0	43	0.00	0.00	66.56	8.78	0.00	0.00	2000
232	11.21	2068	2105	0.00	201	0	0	0	nan	0.00	0.04	7.31	81.76	88.79	0.00	41	0	43	0.00	0.00	66.56	8.80	0.00	0.00	2000
228	11.03	2089	2074	0.00	195	0	0	0	nan	0.00	0.00	7.98	79.96	88.97	0.00	41	0	43	0.00	0.00	63.80	8.58	0.00	0.00	2000
231	10.92	2097	2121	0.00	196	0	0	0	nan	0.00	0.01	7.05	83.01	89.08	0.00	41	0	43	0.00	0.00	69.01	9.35	0.00	0.00	2000
228	11.08	2064	2097	0.00	197	0	0	0	nan	0.00	0.00	6.58	82.27	88.92	0.00	41	0	43	0.00	0.00	66.64	8.80	0.00	0.00	2000
230	10.93	2094	2110	0.00	195	0	0	0	nan	0.00	0.59	3.62	85.46	89.07	0.00	41	0	43	0.00	0.00	66.49	8.73	0.00	0.00	2000
230	11.18	2081	2073	0.00	196	0	0	0	nan	0.03	0.01	3.31	84.43	88.82	0.00	41	0	43	0.00	0.00	63.84	8.58	0.00	0.00	2000
231	11.02	2074	2127	0.00	201	0	0	0	nan	0.00	0.01	6.97	83.19	88.98	0.00	41	0	43	0.00	0.00	69.19	9.26	0.00	0.00	2000
230	11.25	2053	2090	0.00	200	0	0	0	nan	0.00	0.00	8.78	79.62	88.75	0.00	41	0	43	0.00	0.00	63.85	8.62	0.00	0.00	2000
244	12.31	2089	1990	0.00	198	0	0	0	nan	0.00	0.03	8.66	74.44	87.69	0.00	41	0	43	0.00	0.00	63.97	8.54	0.00	0.00	2000
233	10.91	2035	2208	0.00	211	0	0	0	nan	0.04	0.00	7.21	86.59	89.09	0.00	41	0	43	0.00	0.00	69.40	9.34	0.00	0.00	2000
233	11.19	2064	2117	0.00	196	0	0	0	nan	0.02	0.01	8.28	81.33	88.81	0.00	41	0	43	0.00	0.00	69.06	9.26	0.00	0.00	2000
229	11.13	2081	2075	0.00	199	0	0	0	nan	0.00	0.00	10.01	77.89	88.87	0.00	41	0	43	0.00	0.00	63.72	8.63	0.00	0.00	2000
232	10.85	2120	2114	0.00	196	0	0	0	nan	0.00	0.01	7.29	82.49	89.15	0.00	41	0	43	0.00	0.00	67.25	8.96	0.00	0.00	2000
228	10.97	2072	2109	0.00	196	0	0	0	nan	0.00	0.00	6.16	83.35	89.03	0.00	41	0	43	0.00	0.00	66.82	9.11	0.00	0.00	2000
232	11.28	2043	2112	0.00	196	0	0	0	nan	0.04	0.04	8.11	81.22	88.72	0.00	41	0	43	0.00	0.00	66.43	8.96	0.00	0.00	2000
236	11.09	2154	2078	0.00	215	0	0	2	65.42	0.00	1.03	8.45	78.55	88.91	0.00	40	0	43	0.00	0.00	66.06	7.99	0.00	0.00	2000
234	11.08	2093	2115	0.90	207	0	0	9	48.28	0.00	0.02	5.88	83.66	88.92	0.00	39	0	43	0.00	0.00	67.32	7.94	0.00	0.00	2000
229	11.16	2067	2084	0.00	194	0	0	0	nan	0.00	0.00	7.27	81.07	88.84	0.00	40	0	43	0.00	0.00	62.10	7.17	0.00	0.00	2000
231	11.02	2099	2102	0.00	195	0	0	0	nan	0.00	2.15	3.47	83.56	88.98	0.00	39	0	43	0.00	0.00	64.95	7.57	0.00	0.00	2000
218	10.25	2099	2126	0.00	200	0	0	0	nan	0.00	0.07	3.71	87.20	89.75	0.00	39	0	43	0.00	0.00	67.54	8.02	0.00	0.00	2000
134	9.19	1472	2083	0.00	225	0	0	0	nan	0.00	0.05	7.44	82.57	90.81	0.00	38	0	43	0.00	0.00	56.71	7.10	0.00	0.00	2000
78	6.63	1157	2139	0.00	241	0	0	0	nan	0.00	0.02	5.92	89.24	93.37	0.00	38	0	42	0.00	0.00	63.07	8.06	0.00	0.00	2000
78	7.02	1107	2094	0.00	194	0	0	0	nan	0.00	0.00	3.29	89.46	92.98	0.00	38	0	43	0.00	0.00	59.12	7.53	0.00	0.00	2000
73	6.60	1110	2082	0.00	177	0	0	0	nan	0.00	0.02	3.00	89.72	93.40	0.00	38	0	43	0.00	0.00	57.77	7.50	0.00	0.00	2000
147	9.22	1526	2194	0.00	65	0	0	0	nan	0.00	0.00	19.39	75.46	90.78	0.00	38	0	43	0.00	0.00	61.61	7.26	0.00	0.00	2000
