Avg_MHz	Busy%	Bzy_MHz	TSC_MHz	IPC	IRQ	NMI	SMI	LLCMRPS	LLC%hit	POLL%	C1%	C1E%	C6%	CPU%c1	CPU%c6	CoreTmp	CoreThr	PkgTmp	Pkg%pc2	Pkg%pc6	PkgWatt	RAMWatt	PKG_%	RAM_%	UncMHz
159	10.05	1541	2151	0.00	274	0	0	0	nan	0.00	0.00	21.30	71.10	89.95	0.00	38	0	42	0.00	0.00	60.83	7.71	0.00	0.00	2000
398	17.60	2202	2157	0.00	223	0	0	0	nan	0.04	1.31	12.94	70.67	82.40	0.00	38	0	43	0.00	0.00	68.53	7.80	0.00	0.00	2000
310	15.78	1961	2103	0.00	202	0	0	0	nan	0.00	0.18	19.79	64.49	84.22	0.00	38	0	43	0.00	0.00	67.18	8.01	0.00	0.00	2000
76	7.04	1063	2128	0.00	219	0	0	0	nan	0.00	0.97	6.44	86.98	92.96	0.00	38	0	43	0.00	0.00	58.65	7.40	0.00	0.00	2000
74	7.31	1008	2109	0.00	194	0	0	0	nan	0.00	0.00	3.94	89.41	92.69	0.00	37	0	43	0.00	0.00	56.88	7.34	0.00	0.00	2000
73	6.72	1090	2101	0.00	194	0	0	0	nan	0.00	0.00	2.83	90.59	93.28	0.00	37	0	43	0.00	0.00	59.88	7.87	0.00	0.00	2000
73	6.81	1072	2097	0.00	194	0	0	0	nan	0.00	0.00	3.19	90.05	93.19	0.00	37	0	42	0.00	0.00	57.95	7.49	0.00	0.00	2000
72	6.72	1067	2096	0.00	193	0	0	0	nan	0.00	0.00	3.23	90.11	93.28	0.00	37	0	42	0.00	0.00	58.50	7.59	0.00	0.00	2000
72	6.82	1053	2098	0.00	193	0	0	0	nan	0.00	0.00	2.87	90.46	93.18	0.00	38	0	43	0.00	0.00	57.38	7.42	0.00	0.00	2000
70	6.85	1035	2081	0.00	177	0	0	0	nan	0.00	0.02	3.06	89.43	93.15	0.00	37	0	43	0.00	0.00	57.45	7.48	0.00	0.00	2000
72	7.29	988	2100	0.00	210	0	0	0	nan	0.00	0.00	4.14	88.81	92.71	0.00	38	0	43	0.00	0.00	56.20	7.35	0.00	0.00	2000
72	7.20	984	2128	0.00	193	0	0	0	nan	0.01	0.00	2.14	92.15	92.80	0.00	37	0	42	0.00	0.00	56.97	7.43	0.00	0.00	2000
71	6.95	1033	2066	0.00	193	0	0	0	nan	0.00	0.00	2.76	88.94	93.05	0.00	37	0	43	0.00	0.00	60.25	7.81	0.00	0.00	2000
72	6.92	1028	2130	0.00	210	0	0	0	nan	0.00	0.00	4.39	90.16	93.08	0.00	38	0	43	0.00	0.00	58.47	7.63	0.00	0.00	2000
71	6.95	1038	2079	0.00	194	0	0	0	nan	0.00	0.01	3.37	88.93	93.05	0.00	38	0	43	0.00	0.00	56.20	7.21	0.00	0.00	2000
72	6.67	1069	2126	0.00	194	0	0	1	86.99	0.01	0.00	2.40	92.26	93.33	0.00	37	0	43	0.00	0.00	58.67	7.49	0.00	0.00	2000
72	6.93	1052	2078	0.11	194	0	0	1	87.70	0.00	0.02	2.94	89.33	93.07	0.00	37	0	42	0.00	0.00	56.66	7.28	0.00	0.00	2000
71	7.11	1005	2098	0.00	195	0	0	0	nan	0.00	0.02	1.93	91.01	92.89	0.00	37	0	43	0.00	0.00	56.39	7.32	0.00	0.00	2000
127	8.49	1507	2090	0.00	230	0	0	0	nan	0.02	0.02	4.82	86.30	91.51	0.00	38	0	42	0.00	0.00	59.75	7.47	0.00	0.00	2000
235	11.32	2045	2135	0.00	205	0	0	0	nan	0.00	0.00	4.67	85.62	88.68	0.00	40	0	42	0.00	0.00	66.51	7.56	0.00	0.00	2000
229	10.91	2113	2085	0.00	204	0	0	0	nan	0.00	0.02	3.80	84.74	89.09	0.00	40	0	42	0.00	0.00	65.40	7.50	0.00	0.00	2000
233	11.09	2087	2116	0.00	203	0	0	0	nan	0.00	0.00	3.23	86.44	88.91	0.00	40	0	43	0.00	0.00	67.02	7.71	0.00	0.00	2000
236	11.46	2112	2045	0.00	205	0	0	0	nan	0.00	0.00	4.57	81.71	88.54	0.00	40	0	43	0.00	0.00	62.27	7.23	0.00	0.00	2000
228	10.84	2075	2127	0.00	214	0	0	0	nan	0.00	0.00	7.66	82.74	89.16	0.00	38	0	43	0.00	0.00	68.97	8.19	0.00	0.00	2000
234	11.50	2011	2128	0.00	197	0	0	0	nan	0.00	0.03	3.94	85.89	88.50	0.00	38	0	43	0.00	0.00	65.70	7.79	0.00	0.00	2000
231	11.18	2078	2089	0.00	198	0	0	0	nan	0.00	0.01	4.92	83.52	88.82	0.00	38	0	43	0.00	0.00	67.04	7.75	0.00	0.00	2000
232	11.35	2043	2103	0.00	198	0	0	0	nan	0.00	0.00	4.93	83.90	88.65	0.00	38	0	43	0.00	0.00	66.14	7.70	0.00	0.00	2000
235	11.40	2063	2096	0.00	204	0	0	0	nan	0.00	0.00	5.61	82.94	88.60	0.00	39	0	43	0.00	0.00	65.86	7.73	0.00	0.00	2000
226	10.72	2125	2085	0.00	198	0	0	0	nan	0.00	0.00	5.63	83.10	89.28	0.00	39	0	43	0.00	0.00	64.50	7.54	0.00	0.00	2000
233	11.03	2097	2118	0.00	199	0	0	0	nan	0.00	0.04	3.27	86.47	88.97	0.00	39	0	43	0.00	0.00	65.63	7.64	0.00	0.00	2000
230	11.06	2071	2108	0.00	199	0	0	0	nan	0.00	0.06	3.76	85.59	88.94	0.00	40	0	43	0.00	0.00	64.96	7.52	0.00	0.00	2000
229	11.09	2068	2096	0.00	197	0	0	0	nan	0.00	0.00	6.52	82.27	88.91	0.00	40	0	42	0.00	0.00	62.60	7.55	0.00	0.00	2000
231	11.09	2081	2104	0.00	202	0	0	7	78.95	0.00	0.07	4.77	84.42	88.91	0.00	40	0	43	0.00	0.00	67.69	7.47	0.00	0.00	2000
231	11.23	2076	2082	0.63	199	0	0	11	93.81	0.00	0.00	6.28	81.77	88.77	0.00	39	0	42	0.00	0.00	61.57	7.13	0.00	0.00	2000
229	10.94	2084	2109	0.00	200	0	0	0	nan	0.00	0.00	6.82	82.71	89.06	0.00	39	0	43	0.00	0.00	68.29	7.85	0.00	0.00	2000
229	11.12	2062	2098	0.00	199	0	0	0	nan	0.00	0.00	6.31	82.57	88.88	0.00	40	0	42	0.00	0.00	65.91	7.69	0.00	0.00	2000
228	11.17	2062	2083	0.00	196	0	0	0	nan	0.00	0.00	6.08	82.16	88.83	0.00	40	0	43	0.00	0.00	63.54	7.34	0.00	0.00	2000
231	11.08	2083	2103	0.00	200	0	0	0	nan	0.00	0.00	5.96	83.20	88.92	0.00	40	0	43	0.00	0.00	65.11	7.54	0.00	0.00	2000
232	11.16	2102	2073	0.00	202	0	0	0	nan	0.00	0.00	5.27	82.48	88.84	0.00	40	0	43	0.00	0.00	63.44	7.41	0.00	0.00	2000
239	11.06	2116	2145	0.00	213	0	0	0	nan	0.00	0.02	6.46	84.55	88.94	0.00	38	0	43	0.00	0.00	68.45	8.11	0.00	0.00	2000
232	11.22	2064	2103	0.00	197	0	0	0	nan	0.00	0.00	4.81	84.29	88.78	0.00	38	0	42	0.00	0.00	66.20	7.89	0.00	0.00	2000
231	11.08	2078	2109	0.00	201	0	0	0	nan	0.00	0.00	4.46	84.89	88.93	0.00	39	0	42	0.00	0.00	66.55	7.71	0.00	0.00	2000
229	11.21	2072	2068	0.00	202	0	0	0	nan	0.00	0.00	4.56	82.91	88.79	0.00	38	0	43	0.00	0.00	63.83	7.34	0.00	0.00	2000
230	11.47	2013	2093	0.00	202	0	0	0	nan	0.00	0.00	7.29	81.08	88.53	0.00	39	0	43	0.00	0.00	62.30	7.17	0.00	0.00	2000
234	10.94	2097	2138	0.00	216	0	0	0	nan	0.00	0.01	6.65	84.17	89.06	0.00	38	0	43	0.00	0.00	70.39	8.07	0.00	0.00	2000
222	11.09	2038	2065	0.00	197	0	0	0	nan	0.00	0.96	6.06	80.58	88.91	0.00	39	0	43	0.00	0.00	59.37	7.00	0.00	0.00	2000
239	11.15	2101	2144	0.00	196	0	0	0	nan	0.00	0.00	4.97	85.77	88.85	0.00	39	0	43	0.00	0.00	70.51	7.79	0.00	0.00	2000
228	11.57	2041	2029	0.00	201	0	0	0	nan	0.00	0.02	5.97	79.61	88.43	0.00	38	0	42	0.00	0.00	62.47	7.19	0.00	0.00	2000
233	11.06	2034	2173	0.00	212	0	0	0	nan	0.00	0.01	5.82	86.30	88.94	0.00	39	0	43	0.00	0.00	68.24	7.83	0.00	0.00	2000
230	11.05	2086	2096	0.00	199	0	0	5	79.04	0.00	0.00	5.71	83.06	88.95	0.00	39	0	42	0.00	0.00	62.06	7.29	0.00	0.00	2000
231	11.20	2062	2096	0.77	199	0	0	6	88.12	0.00	0.00	4.95	83.78	88.80	0.00	40	0	43	0.00	0.00	67.69	7.82	0.00	0.00	2000
235	11.09	2111	2110	0.00	197	0	0	0	nan	0.00	0.00	4.63	84.81	88.91	0.00	40	0	43	0.00	0.00	63.45	6.95	0.00	0.00	2000
232	11.39	2041	2093	0.00	200	0	0	0	nan	0.00	0.03	5.73	82.69	88.61	0.00	40	0	43	0.00	0.00	64.60	7.84	0.00	0.00	2000
231	11.00	2099	2101	0.00	199	0	0	0	nan	0.00	0.02	5.25	83.81	89.00	0.00	40	0	42	0.00	0.00	65.89	7.62	0.00	0.00	2000
226	11.14	2061	2064	0.00	197	0	0	0	nan	0.00	0.47	6.61	80.39	88.86	0.00	40	0	43	0.00	0.00	63.31	7.17	0.00	0.00	2000
235	11.06	2083	2141	0.00	197	0	0	0	nan	0.00	0.00	4.47	86.32	88.94	0.00	40	0	42	0.00	0.00	68.30	8.02	0.00	0.00	2000
233	11.25	2066	2103	0.00	195	0	0	0	nan	0.00	0.00	4.21	84.80	88.75	0.00	40	0	43	0.00	0.00	65.04	7.61	0.00	0.00	2000
224	11.43	2026	2036	0.00	202	0	0	0	nan	0.00	2.40	5.16	78.37	88.57	0.00	40	0	42	0.00	0.00	63.32	7.36	0.00	0.00	2000
238	11.08	2086	2165	0.00	222	0	0	0	nan	0.00	0.00	5.01	86.75	88.92	0.00	39	0	43	0.00	0.00	64.38	7.56	0.00	0.00	2000
231	11.31	2046	2100	0.00	197	0	0	0	nan	0.00	0.02	5.72	83.19	88.69	0.00	38	0	43	0.00	0.00	65.90	7.68	0.00	0.00	2000
231	11.32	2045	2095	0.00	182	0	0	0	nan	0.00	0.02	5.97	82.61	88.68	0.00	38	0	43	0.00	0.00	64.50	7.38	0.00	0.00	2000
232	11.38	2035	2109	0.00	195	0	0	0	nan	0.00	0.32	7.59	81.21	88.62	0.00	38	0	43	0.00	0.00	66.14	7.56	0.00	0.00	2000
231	11.26	2054	2101	0.00	201	0	0	0	nan	0.00	0.00	5.82	83.12	88.74	0.00	38	0	43	0.00	0.00	62.87	7.00	0.00	0.00	2000
231	11.24	2061	2091	0.00	198	0	0	0	nan	0.00	0.00	7.73	80.84	88.76	0.00	38	0	43	0.00	0.00	62.45	7.12	0.00	0.00	2000
231	11.47	2010	2102	0.00	197	0	0	0	nan	0.00	0.00	9.02	79.84	88.53	0.00	38	0	43	0.00	0.00	64.58	7.48	0.00	0.00	2000
229	11.30	2030	2095	0.00	179	0	0	0	nan	0.00	0.03	6.17	82.48	88.70	0.00	38	0	43	0.00	0.00	64.56	7.51	0.00	0.00	2000
229	11.55	2004	2080	0.00	195	0	0	6	94.53	0.00	0.00	6.04	81.78	88.45	0.00	38	0	43	0.00	0.00	62.39	6.97	0.00	0.00	2000
232	11.54	1991	2118	0.66	198	0	0	16	94.97	0.00	0.00	7.85	81.58	88.46	0.00	38	0	42	0.00	0.00	63.56	7.55	0.00	0.00	2000
242	11.66	2072	2106	0.00	214	0	0	0	nan	0.00	0.03	8.14	80.61	88.34	0.00	38	0	42	0.00	0.00	64.13	7.56	0.00	0.00	2000
229	11.29	2040	2092	0.00	180	0	0	0	nan	0.03	0.05	2.99	85.51	88.71	0.00	38	0	43	0.00	0.00	63.83	7.48	0.00	0.00	2000
232	11.42	2023	2112	0.00	195	0	0	0	nan	0.00	0.03	5.68	83.52	88.58	0.00	38	0	42	0.00	0.00	64.88	7.61	0.00	0.00	2000
541	25.43	2443	1828	0.00	269	0	0	0	nan	0.00	0.01	5.00	60.04	74.57	0.00	38	0	42	0.00	0.00	54.24	6.31	0.00	0.00	2000
689	27.34	2500	2117	0.00	250	0	0	0	nan	0.00	0.00	5.04	68.33	72.66	0.00	38	0	42	0.00	0.00	73.56	7.96	0.00	0.00	2000
687	27.53	2500	2095	0.00	248	0	0	0	nan	0.00	0.00	5.29	67.13	72.47	0.00	38	0	42	0.00	0.00	70.93	7.60	0.00	0.00	2000
687	27.41	2500	2105	0.00	248	0	0	0	nan	0.00	0.02	4.87	68.00	72.59	0.00	38	0	42	0.00	0.00	71.00	7.49	0.00	0.00	2000
685	27.46	2500	2095	0.00	246	0	0	0	nan	0.00	0.00	5.23	67.26	72.54	0.00	38	0	43	0.00	0.00	70.76	7.55	0.00	0.00	2000
690	27.53	2500	2106	0.00	251	0	0	0	nan	0.01	0.00	4.59	68.20	72.47	0.00	38	0	43	0.00	0.00	70.93	7.62	0.00	0.00	2000
685	27.47	2500	2095	0.00	245	0	0	0	nan	0.00	0.00	4.27	68.22	72.53	0.00	38	0	43	0.00	0.00	71.00	7.50	0.00	0.00	2000
688	24.38	2500	2370	0.00	273	0	0	0	nan	0.01	0.01	7.50	78.00	75.62	0.00	38	0	42	0.00	0.00	81.99	8.80	0.00	0.00	2000
236	11.33	2110	2069	0.00	220	0	0	0	nan	0.00	0.02	9.08	78.52	88.67	0.00	38	0	42	0.00	0.00	60.96	7.03	0.00	0.00	2000
233	11.15	2016	2180	0.00	211	0	0	0	nan	0.01	0.00	7.52	84.88	88.85	0.00	38	0	42	0.00	0.00	69.55	8.09	0.00	0.00	2000
231	11.27	2057	2091	0.00	180	0	0	0	nan	0.00	0.10	5.45	83.03	88.73	0.00	38	0	43	0.00	0.00	64.18	7.60	0.00	0.00	2000
234	11.38	2051	2108	0.37	205	0	0	6	50.41	0.01	0.05	6.60	82.54	88.62	0.00	38	0	42	0.00	0.00	64.46	7.73	0.00	0.00	2000
233	11.45	2027	2107	0.25	197	0	0	0	nan	0.00	0.02	7.83	81.22	88.55	0.00	38	0	42	0.00	0.00	62.54	7.42	0.00	0.00	2000
229	11.48	2062	2036	0.00	194	0	0	0	nan	0.00	0.01	6.13	79.88	88.52	0.00	39	0	42	0.00	0.00	59.08	7.02	0.00	0.00	2000
232	11.20	2013	2163	0.00	195	0	0	0	nan	0.00	0.00	7.50	84.11	88.80	0.00	39	0	43	0.00	0.00	71.25	8.54	0.00	0.00	2000
231	11.34	2040	2099	0.00	196	0	0	0	nan	0.00	0.00	7.10	81.71	88.66	0.00	38	0	43	0.00	0.00	64.46	7.70	0.00	0.00	2000
233	11.50	2028	2096	0.00	200	0	0	0	nan	0.00	0.01	7.78	80.74	88.50	0.00	39	0	43	0.00	0.00	58.91	6.98	0.00	0.00	2000
232	11.32	2040	2110	0.00	195	0	0	0	nan	0.00	0.00	6.31	82.92	88.68	0.00	39	0	42	0.00	0.00	65.75	7.68	0.00	0.00	2000
230	11.05	2091	2094	0.00	195	0	0	0	nan	0.00	0.00	7.31	81.46	88.95	0.00	38	0	43	0.00	0.00	64.72	7.57	0.00	0.00	2000
231	11.16	2070	2102	0.00	196	0	0	0	nan	0.00	0.00	6.55	82.49	88.84	0.00	39	0	42	0.00	0.00	65.00	7.72	0.00	0.00	2000
230	11.35	2043	2084	0.00	196	0	0	0	nan	0.00	0.00	5.64	82.52	88.65	0.00	38	0	42	0.00	0.00	64.75	7.76	0.00	0.00	2000
233	11.51	2012	2114	0.00	195	0	0	0	nan	0.02	0.18	9.34	79.82	88.49	0.00	39	0	42	0.00	0.00	64.55	7.80	0.00	0.00	2000
218	12.19	2116	1777	0.00	185	0	0	0	nan	0.00	0.00	5.47	68.94	87.81	0.00	39	0	42	0.00	0.00	47.07	5.54	0.00	0.00	2000
242	10.37	1981	2476	0.00	243	0	0	0	nan	0.00	0.00	8.13	97.81	89.63	0.00	39	0	42	0.00	0.00	85.50	10.18	0.00	0.00	2000
223	11.98	2086	1870	0.00	199	1	0	0	nan	0.08	0.01	7.94	70.63	88.02	0.00	38	0	43	0.00	0.00	50.75	6.18	0.00	0.00	2000
226	9.91	1980	2417	0.00	282	0	0	0	nan	0.00	0.05	5.85	97.90	90.09	0.00	39	0	42	0.00	0.00	80.28	9.41	0.00	0.00	2000
105	8.05	1327	2065	0.00	223	0	0	0	nan	0.00	0.03	7.48	83.04	91.95	0.00	38	0	43	0.00	0.00	58.75	7.19	0.00	0.00	2000
77	7.11	1071	2126	0.00	193	0	0	1	83.58	0.00	0.02	4.31	89.81	92.89	0.00	38	0	43	0.00	0.00	61.13	8.15	0.00	0.00	2000
80	7.07	1138	2080	0.35	160	0	0	2	87.77	0.00	0.00	3.65	88.47	92.93	0.00	38	0	43	0.00	0.00	50.02	6.90	0.00	0.00	2000
