Avg_MHz	Busy%	Bzy_MHz	TSC_MHz	IPC	IRQ	NMI	SMI	LLCMRPS	LLC%hit	POLL%	C1%	C1E%	C6%	CPU%c1	CPU%c6	CoreTmp	CoreThr	PkgTmp	Pkg%pc2	Pkg%pc6	PkgWatt	RAMWatt	PKG_%	RAM_%	UncMHz
326	16.16	1992	2124	0.00	221	0	0	0	nan	0.00	0.64	39.73	44.42	83.84	0.00	38	0	43	0.00	0.00	63.55	7.47	0.00	0.00	2000
301	13.97	2128	2125	0.00	235	0	0	0	nan	0.00	1.38	21.53	64.20	86.03	0.00	38	0	43	0.00	0.00	69.76	8.05	0.00	0.00	2000
78	6.49	1195	2108	0.00	194	0	0	0	nan	0.00	0.00	5.32	88.44	93.51	0.00	38	0	43	0.00	0.00	57.81	7.50	0.00	0.00	2000
73	6.10	1200	2099	0.00	193	0	0	0	nan	0.00	0.02	3.49	90.12	93.90	0.00	38	0	43	0.00	0.00	59.92	7.38	0.00	0.00	2000
74	6.26	1184	2106	0.00	193	0	0	0	nan	0.00	0.00	3.12	90.71	93.74	0.00	38	0	43	0.00	0.00	59.01	7.51	0.00	0.00	2000
70	6.30	1132	2069	0.00	193	0	0	0	nan	0.00	0.02	3.47	88.68	93.70	0.00	38	0	43	0.00	0.00	56.99	7.32	0.00	0.00	2000
74	6.55	1117	2128	0.00	195	0	0	0	nan	0.00	0.00	2.29	92.35	93.45	0.00	38	0	43	0.00	0.00	59.52	7.60	0.00	0.00	2000
73	6.09	1201	2102	0.00	193	0	0	0	nan	0.00	0.00	2.86	90.85	93.91	0.00	38	0	42	0.00	0.00	59.93	7.75	0.00	0.00	2000
71	6.32	1141	2074	0.00	193	0	0	0	nan	0.00	0.01	2.87	89.49	93.68	0.00	38	0	43	0.00	0.00	57.77	7.19	0.00	0.00	2000
72	6.62	1088	2101	0.00	193	0	0	0	nan	0.00	0.00	1.73	91.62	93.38	0.00	38	0	43	0.00	0.00	57.71	7.36	0.00	0.00	2000
73	6.62	1092	2127	0.00	211	0	0	0	nan	0.00	0.00	4.19	90.31	93.38	0.00	37	0	43	0.00	0.00	63.05	8.21	0.00	0.00	2000
71	6.40	1119	2084	0.00	194	0	0	0	nan	0.00	0.00	3.37	89.41	93.60	0.00	37	0	43	0.00	0.00	58.97	7.62	0.00	0.00	2000
74	6.40	1146	2105	0.00	194	0	0	0	nan	0.00	0.00	3.86	89.85	93.60	0.00	38	0	42	0.00	0.00	59.40	7.58	0.00	0.00	2000
73	5.90	1234	2108	0.00	193	0	0	0	nan	0.00	0.00	3.89	90.34	94.10	0.00	38	0	42	0.00	0.00	55.77	7.07	0.00	0.00	2000
73	6.67	1089	2100	0.00	193	0	0	0	nan	0.00	0.02	3.90	89.44	93.33	0.00	37	0	43	0.00	0.00	62.25	7.91	0.00	0.00	2000
71	6.52	1085	2102	0.00	194	0	0	0	83.04	0.00	0.02	3.39	90.15	93.48	0.00	38	0	42	0.00	0.00	60.65	7.33	0.00	0.00	2000
73	6.44	1139	2087	0.30	194	0	0	1	85.03	0.00	0.02	3.42	89.56	93.56	0.00	38	0	43	0.00	0.00	53.57	7.15	0.00	0.00	2000
73	6.49	1113	2112	0.02	193	0	0	0	nan	0.00	0.00	3.87	90.15	93.51	0.00	38	0	43	0.00	0.00	64.07	8.08	0.00	0.00	2000
199	10.27	1945	2093	0.00	214	0	0	0	nan	0.01	0.02	5.22	84.38	89.73	0.00	40	0	42	0.00	0.00	61.99	7.29	0.00	0.00	2000
229	10.78	2147	2077	0.00	214	0	0	0	nan	0.00	0.00	4.99	83.33	89.22	0.00	41	0	43	0.00	0.00	65.89	7.62	0.00	0.00	2000
231	10.78	2147	2095	0.00	204	0	0	0	nan	0.00	0.00	3.49	85.42	89.22	0.00	40	0	43	0.00	0.00	65.55	7.55	0.00	0.00	2000
229	10.87	2105	2102	0.00	203	0	0	0	nan	0.00	0.00	3.15	86.07	89.13	0.00	41	0	43	0.00	0.00	65.23	7.44	0.00	0.00	2000
241	11.40	2095	2117	0.00	195	0	0	0	nan	0.00	0.01	5.84	83.61	88.60	0.00	39	0	43	0.00	0.00	66.26	7.71	0.00	0.00	2000
232	10.96	2154	2062	0.00	201	0	0	0	nan	0.00	0.02	5.01	82.40	89.04	0.00	38	0	43	0.00	0.00	66.41	7.93	0.00	0.00	2000
229	10.86	2060	2148	0.00	217	0	0	0	nan	0.00	0.06	5.72	85.55	89.14	0.00	38	0	42	0.00	0.00	66.84	7.67	0.00	0.00	2000
226	10.74	2137	2070	0.00	197	0	0	0	nan	0.00	0.04	4.08	83.92	89.26	0.00	39	0	43	0.00	0.00	62.32	7.28	0.00	0.00	2000
234	10.97	2104	2133	0.00	212	0	0	0	nan	0.00	0.99	5.95	83.60	89.03	0.00	39	0	43	0.00	0.00	68.34	8.13	0.00	0.00	2000
227	10.79	2113	2092	0.00	199	0	0	0	nan	0.00	0.57	4.28	84.09	89.21	0.00	40	0	43	0.00	0.00	64.62	7.42	0.00	0.00	2000
230	11.31	2044	2091	0.00	196	0	0	0	nan	0.00	0.00	6.14	82.26	88.69	0.00	40	0	43	0.00	0.00	64.95	7.53	0.00	0.00	2000
234	10.80	2147	2122	0.00	201	0	0	0	nan	0.00	0.00	6.20	83.95	89.20	0.00	40	0	43	0.00	0.00	66.43	7.59	0.00	0.00	2000
225	10.92	2081	2077	0.00	196	0	0	0	nan	0.00	0.04	6.34	81.83	89.08	0.00	40	0	43	0.00	0.00	66.69	7.64	0.00	0.00	2000
230	10.92	2108	2103	0.00	197	0	0	0	nan	0.00	0.05	4.29	84.82	89.08	0.00	41	0	43	0.00	0.00	65.56	7.53	0.00	0.00	2000
227	11.16	2042	2090	0.00	198	0	0	2	93.62	0.00	0.04	4.63	83.89	88.84	0.00	40	0	43	0.00	0.00	62.50	7.28	0.00	0.00	2000
236	11.25	2067	2132	0.77	216	0	0	13	85.64	0.00	0.00	5.69	84.43	88.75	0.00	41	0	43	0.00	0.00	70.51	8.17	0.00	0.00	2000
227	11.04	2081	2075	0.00	197	0	0	0	nan	0.00	0.02	5.82	82.11	88.96	0.00	41	0	43	0.00	0.00	63.15	7.20	0.00	0.00	2000
228	10.97	2090	2087	0.00	201	0	0	0	nan	0.00	0.00	3.34	85.22	89.03	0.00	40	0	43	0.00	0.00	62.44	7.27	0.00	0.00	2000
236	11.38	2093	2080	0.00	215	0	0	0	nan	0.01	0.04	3.91	84.02	88.62	0.00	38	0	43	0.00	0.00	66.07	7.73	0.00	0.00	2000
237	11.07	2101	2139	0.00	216	0	0	0	nan	0.00	0.03	2.53	88.02	88.93	0.00	38	0	43	0.00	0.00	68.18	7.82	0.00	0.00	2000
235	10.65	2238	2069	0.00	199	0	0	0	nan	0.00	0.04	5.19	82.75	89.35	0.00	39	0	43	0.00	0.00	63.28	7.44	0.00	0.00	2000
236	10.92	2123	2140	0.00	231	0	0	0	nan	0.01	0.67	5.28	84.92	89.08	0.00	39	0	43	0.00	0.00	65.85	7.76	0.00	0.00	2000
229	11.20	2049	2099	0.00	198	0	0	0	nan	0.00	0.00	5.97	82.95	88.80	0.00	39	0	43	0.00	0.00	65.39	7.49	0.00	0.00	2000
232	11.50	2015	2105	0.00	196	0	0	0	nan	0.00	0.00	5.59	83.27	88.51	0.00	39	0	42	0.00	0.00	65.63	7.72	0.00	0.00	2000
230	11.31	2058	2079	0.00	200	0	0	0	nan	0.00	0.00	5.82	82.02	88.69	0.00	39	0	43	0.00	0.00	68.72	7.67	0.00	0.00	2000
230	10.98	2094	2101	0.00	196	0	0	0	nan	0.00	0.02	5.31	83.73	89.02	0.00	39	0	43	0.00	0.00	65.02	7.92	0.00	0.00	2000
238	11.03	2118	2137	0.00	197	0	0	0	nan	0.00	0.01	6.77	83.74	88.97	0.00	39	0	43	0.00	0.00	66.81	7.73	0.00	0.00	2000
225	10.78	2123	2063	0.00	197	0	0	0	nan	0.00	0.00	4.62	83.09	89.22	0.00	40	0	43	0.00	0.00	61.32	7.10	0.00	0.00	2000
242	11.12	2147	2127	0.00	201	0	0	0	nan	0.00	0.00	5.05	84.97	88.88	0.00	38	0	43	0.00	0.00	66.68	7.79	0.00	0.00	2000
236	11.31	2119	2065	0.00	213	0	0	0	nan	0.00	0.71	8.53	78.07	88.69	0.00	40	0	43	0.00	0.00	64.90	7.45	0.00	0.00	2000
234	10.98	2099	2130	0.00	195	0	0	0	nan	0.00	0.00	9.81	80.59	89.02	0.00	41	0	43	0.00	0.00	65.35	7.77	0.00	0.00	2000
233	11.35	2069	2088	0.04	229	0	0	2	49.80	0.00	0.01	7.67	80.47	88.65	0.00	39	0	43	0.00	0.00	64.92	7.70	0.00	0.00	2000
229	10.71	2148	2095	0.51	207	0	0	12	57.94	0.01	0.54	4.81	83.78	89.29	0.00	40	0	43	0.00	0.00	68.95	7.89	0.00	0.00	2000
115	8.18	1393	2119	0.00	226	0	0	0	nan	0.00	0.02	10.74	81.94	91.82	0.00	38	0	43	0.00	0.00	60.34	7.41	0.00	0.00	2000
