Avg_MHz	Busy%	Bzy_MHz	TSC_MHz	IPC	IRQ	NMI	SMI	LLCMRPS	LLC%hit	POLL%	C1%	C1E%	C6%	CPU%c1	CPU%c6	CoreTmp	CoreThr	PkgTmp	Pkg%pc2	Pkg%pc6	PkgWatt	RAMWatt	PKG_%	RAM_%	UncMHz
312	15.80	1945	2132	0.00	230	0	0	0	nan	0.00	0.19	36.15	49.25	84.20	0.00	37	0	42	0.00	0.00	62.88	7.51	0.00	0.00	2000
337	16.02	2119	2087	0.00	216	0	0	0	nan	0.06	1.13	24.37	58.13	83.98	0.00	37	0	42	0.00	0.00	67.12	7.52	0.00	0.00	2000
77	7.02	1081	2137	0.00	210	0	0	0	nan	0.00	0.00	7.18	87.51	92.98	0.00	37	0	42	0.00	0.00	60.58	7.68	0.00	0.00	2000
74	6.80	1088	2096	0.00	196	0	0	0	nan	0.00	0.03	4.13	88.99	93.20	0.00	37	0	42	0.00	0.00	57.80	7.58	0.00	0.00	2000
75	7.02	1070	2107	0.00	194	0	0	0	nan	0.00	0.00	4.48	88.89	92.98	0.00	37	0	42	0.00	0.00	58.67	7.35	0.00	0.00	2000
72	6.77	1069	2101	0.00	193	0	0	0	nan	0.01	0.00	3.33	90.06	93.23	0.00	37	0	42	0.00	0.00	57.64	7.23	0.00	0.00	2000
73	6.70	1105	2078	0.00	195	0	0	0	nan	0.00	0.00	3.25	89.16	93.30	0.00	37	0	42	0.00	0.00	54.96	7.14	0.00	0.00	2000
70	6.86	1029	2088	0.00	193	0	0	0	nan	0.00	0.00	4.05	88.69	93.14	0.00	37	0	42	0.00	0.00	58.04	7.43	0.00	0.00	2000
74	7.03	1028	2139	0.00	194	0	0	0	nan	0.00	0.00	1.79	93.00	92.97	0.00	37	0	42	0.00	0.00	58.49	7.53	0.00	0.00	2000
72	6.85	1046	2099	0.00	193	0	0	0	nan	0.00	0.00	2.82	90.40	93.15	0.00	37	0	42	0.00	0.00	57.77	7.34	0.00	0.00	2000
73	6.73	1084	2091	0.00	195	0	0	0	nan	0.00	0.00	2.96	89.97	93.27	0.00	38	0	42	0.00	0.00	58.38	7.57	0.00	0.00	2000
71	6.52	1093	2101	0.00	193	0	0	0	nan	0.00	0.02	2.50	90.99	93.48	0.00	37	0	42	0.00	0.00	58.68	7.41	0.00	0.00	2000
72	6.59	1101	2097	0.00	193	0	0	0	nan	0.00	0.02	2.50	90.81	93.41	0.00	37	0	42	0.00	0.00	58.55	7.43	0.00	0.00	2000
72	6.91	1039	2110	0.00	193	0	0	0	nan	0.00	0.02	2.40	91.22	93.09	0.00	37	0	42	0.00	0.00	59.01	7.49	0.00	0.00	2000
72	6.86	1056	2098	0.00	194	0	0	0	nan	0.00	0.02	3.38	89.78	93.14	0.00	37	0	42	0.00	0.00	57.65	7.28	0.00	0.00	2000
71	6.53	1099	2086	0.00	194	0	0	0	nan	0.00	0.01	3.04	89.87	93.47	0.00	37	0	42	0.00	0.00	55.87	7.19	0.00	0.00	2000
72	6.83	1055	2113	0.30	193	0	0	0	79.53	0.00	0.00	3.93	89.89	93.17	0.00	37	0	43	0.00	0.00	60.17	7.72	0.00	0.00	2000
72	7.01	1023	2101	0.15	194	0	0	0	nan	0.00	0.00	2.47	90.69	92.99	0.00	37	0	42	0.00	0.00	55.62	7.22	0.00	0.00	2000
164	9.42	1752	2088	0.00	217	0	0	0	nan	0.00	0.04	4.19	86.00	90.58	0.00	39	0	42	0.00	0.00	61.44	7.48	0.00	0.00	2000
230	10.91	2101	2105	0.00	221	0	0	0	nan	0.00	0.00	3.58	85.81	89.09	0.00	40	0	42	0.00	0.00	64.01	7.38	0.00	0.00	2000
230	11.04	2112	2077	0.00	187	0	0	0	nan	0.00	0.01	3.79	84.18	88.96	0.00	40	0	43	0.00	0.00	65.11	7.42	0.00	0.00	2000
234	11.14	2070	2133	0.00	213	0	0	0	nan	0.00	0.01	4.63	85.76	88.86	0.00	40	0	42	0.00	0.00	66.41	7.63	0.00	0.00	2000
242	11.51	2114	2088	0.00	198	0	0	0	nan	0.00	0.56	5.28	82.34	88.49	0.00	38	0	42	0.00	0.00	65.53	7.64	0.00	0.00	2000
231	11.64	2041	2038	0.00	197	0	0	0	nan	0.00	0.03	6.27	79.64	88.36	0.00	38	0	42	0.00	0.00	63.71	7.91	0.00	0.00	2000
233	10.73	2105	2166	0.00	197	0	0	0	nan	0.04	0.01	7.62	84.61	89.27	0.00	37	0	42	0.00	0.00	65.04	7.73	0.00	0.00	2000
227	11.17	2115	2017	0.00	200	0	0	0	nan	0.00	0.02	5.16	80.24	88.83	0.00	37	0	42	0.00	0.00	62.00	7.74	0.00	0.00	2000
238	11.18	2044	2185	0.00	218	0	0	0	nan	0.00	0.02	4.45	88.05	88.82	0.00	38	0	42	0.00	0.00	72.32	7.99	0.00	0.00	2000
234	11.08	2104	2109	0.00	198	0	0	0	nan	0.00	0.03	4.19	85.20	88.92	0.00	38	0	42	0.00	0.00	63.47	7.31	0.00	0.00	2000
232	10.88	2132	2097	0.00	197	0	0	0	nan	0.00	0.05	4.40	84.62	89.12	0.00	39	0	43	0.00	0.00	64.99	7.17	0.00	0.00	2000
229	10.91	2106	2096	0.00	198	0	0	0	nan	0.00	0.00	6.55	82.47	89.09	0.00	39	0	42	0.00	0.00	65.31	7.56	0.00	0.00	2000
233	11.16	2085	2100	0.00	198	0	0	0	nan	0.00	0.00	5.94	82.96	88.84	0.00	38	0	42	0.00	0.00	64.53	7.47	0.00	0.00	2000
237	11.61	2053	2085	0.00	220	0	0	0	nan	0.00	0.00	10.12	77.77	88.39	0.00	39	0	42	0.00	0.00	65.01	7.42	0.00	0.00	2000
227	10.88	2077	2109	0.00	196	0	0	0	nan	0.00	0.00	8.04	81.57	89.12	0.00	39	0	42	0.00	0.00	64.79	7.43	0.00	0.00	2000
231	11.14	2071	2099	0.59	197	0	0	16	97.52	0.00	0.00	6.20	82.70	88.86	0.00	39	0	42	0.00	0.00	65.02	7.69	0.00	0.00	2000
229	11.08	2062	2108	0.22	197	0	0	0	nan	0.00	0.00	6.38	82.93	88.92	0.00	39	0	42	0.00	0.00	64.78	7.63	0.00	0.00	2000
230	10.99	2096	2098	0.00	199	0	0	0	nan	0.00	0.00	6.76	82.19	89.01	0.00	39	0	42	0.00	0.00	65.02	7.42	0.00	0.00	2000
226	11.01	2100	2057	0.00	203	0	0	0	nan	0.00	0.00	6.38	80.87	88.99	0.00	39	0	42	0.00	0.00	63.40	7.41	0.00	0.00	2000
232	10.79	2109	2142	0.00	198	0	0	0	nan	0.00	0.00	5.67	85.44	89.21	0.00	39	0	42	0.00	0.00	65.91	7.60	0.00	0.00	2000
228	11.05	2078	2083	0.00	197	0	0	0	nan	0.00	0.02	3.60	84.71	88.95	0.00	39	0	42	0.00	0.00	64.28	7.56	0.00	0.00	2000
228	11.22	2044	2086	0.00	197	0	0	0	nan	0.00	0.98	4.93	82.39	88.79	0.00	39	0	43	0.00	0.00	63.23	7.16	0.00	0.00	2000
234	11.25	2094	2089	0.00	201	0	0	0	nan	0.00	0.01	2.64	85.66	88.75	0.00	39	0	42	0.00	0.00	67.57	7.75	0.00	0.00	2000
230	11.01	2040	2154	0.00	215	0	0	0	nan	0.00	0.01	6.81	84.52	88.99	0.00	39	0	42	0.00	0.00	64.80	7.38	0.00	0.00	2000
231	10.99	2101	2096	0.00	199	0	0	0	nan	0.00	0.00	6.83	82.05	89.01	0.00	39	0	43	0.00	0.00	65.49	6.95	0.00	0.00	2000
228	10.90	2092	2102	0.00	196	0	0	0	nan	0.00	0.00	6.74	82.54	89.10	0.00	40	0	42	0.00	0.00	63.08	7.56	0.00	0.00	2000
227	11.24	2056	2063	0.00	199	0	0	0	nan	0.00	0.02	7.11	80.19	88.76	0.00	39	0	42	0.00	0.00	62.86	7.17	0.00	0.00	2000
229	11.64	2004	2058	0.00	200	0	0	0	nan	0.00	0.00	5.36	81.23	88.36	0.00	39	0	42	0.00	0.00	64.56	7.36	0.00	0.00	2000
233	10.92	2059	2179	0.00	218	0	0	0	nan	0.00	0.00	5.38	87.09	89.08	0.00	39	0	42	0.00	0.00	66.12	7.57	0.00	0.00	2000
225	11.46	2036	2029	0.00	199	0	0	0	nan	0.01	0.00	4.35	81.26	88.54	0.00	40	0	42	0.00	0.00	62.64	7.06	0.00	0.00	2000
240	11.01	2104	2172	0.00	216	0	0	0	nan	0.00	0.00	5.56	86.56	88.99	0.00	39	0	43	0.00	0.00	67.91	7.92	0.00	0.00	2000
230	11.06	2066	2110	0.00	199	0	0	0	nan	0.00	0.02	5.06	84.39	88.94	0.00	40	0	42	0.00	0.00	65.72	7.48	0.00	0.00	2000
227	10.98	2094	2072	0.72	199	0	0	17	85.84	0.00	0.05	5.88	82.00	89.02	0.00	39	0	42	0.00	0.00	64.02	7.31	0.00	0.00	2000
234	11.44	2016	2128	0.11	200	0	0	0	nan	0.00	0.00	4.93	84.88	88.56	0.00	39	0	42	0.00	0.00	67.61	7.89	0.00	0.00	2000
230	11.27	2041	2100	0.00	198	0	0	0	nan	0.00	0.00	5.50	83.30	88.73	0.00	39	0	42	0.00	0.00	65.03	7.48	0.00	0.00	2000
226	10.98	2078	2076	0.00	196	0	0	0	nan	0.00	0.00	4.96	83.07	89.02	0.00	39	0	42	0.00	0.00	62.97	7.24	0.00	0.00	2000
236	10.81	2154	2128	0.00	199	0	0	0	nan	0.00	0.48	5.12	84.63	89.19	0.00	39	0	43	0.00	0.00	66.76	7.57	0.00	0.00	2000
228	11.10	2064	2092	0.00	201	0	0	0	nan	0.00	0.00	6.47	82.21	88.90	0.00	39	0	42	0.00	0.00	64.84	7.48	0.00	0.00	2000
228	11.34	2036	2072	0.00	199	0	0	0	nan	0.00	0.00	6.40	81.16	88.66	0.00	39	0	42	0.00	0.00	63.64	7.49	0.00	0.00	2000
228	11.18	2101	2034	0.00	195	0	0	0	nan	0.00	0.00	4.59	81.59	88.82	0.00	39	0	42	0.00	0.00	62.43	7.34	0.00	0.00	2000
231	10.77	2115	2133	0.00	213	0	0	0	nan	0.00	0.00	4.06	86.62	89.23	0.00	39	0	43	0.00	0.00	67.34	7.61	0.00	0.00	2000
238	10.89	2108	2175	0.00	215	0	0	0	nan	0.00	0.01	5.20	87.18	89.11	0.00	39	0	42	0.00	0.00	69.29	7.86	0.00	0.00	2000
231	10.95	2137	2076	0.00	201	0	0	0	nan	0.00	0.00	5.45	82.57	89.05	0.00	39	0	42	0.00	0.00	63.88	7.41	0.00	0.00	2000
222	11.29	2142	1928	0.00	198	0	0	0	nan	0.00	0.00	5.97	75.52	88.71	0.00	39	0	43	0.00	0.00	57.66	6.78	0.00	0.00	2000
233	10.57	2013	2304	0.00	228	0	0	0	nan	0.04	0.02	6.22	92.03	89.43	0.00	39	0	42	0.00	0.00	70.78	8.28	0.00	0.00	2000
225	11.17	2015	2101	0.00	197	0	0	0	nan	0.00	0.00	6.69	82.40	88.83	0.00	40	0	42	0.00	0.00	64.56	7.39	0.00	0.00	2000
395	18.67	2322	1912	0.00	265	0	0	0	nan	0.00	0.00	6.80	67.43	81.33	0.00	39	0	42	0.00	0.00	59.41	6.96	0.00	0.00	2000
504	19.14	2393	2311	0.00	284	0	0	0	nan	0.00	0.50	10.26	78.32	80.86	0.00	39	0	42	0.00	0.00	81.74	8.72	0.00	0.00	2000
232	11.21	2060	2109	0.05	199	0	0	1	81.97	0.00	0.00	6.94	82.31	88.79	0.00	40	0	43	0.00	0.00	64.15	7.24	0.00	0.00	2000
234	11.16	2091	2102	0.55	199	0	0	2	87.50	0.00	0.01	6.29	82.70	88.84	0.00	40	0	43	0.00	0.00	65.83	7.35	0.00	0.00	2000
228	11.10	2066	2091	0.00	196	0	0	0	nan	0.00	0.00	6.76	81.87	88.90	0.00	40	0	43	0.00	0.00	64.86	7.28	0.00	0.00	2000
231	11.12	2065	2115	0.00	197	0	0	0	nan	0.00	0.00	6.66	82.98	88.88	0.00	40	0	43	0.00	0.00	67.05	7.48	0.00	0.00	2000
228	10.96	2088	2089	0.00	198	0	0	0	nan	0.00	0.00	5.26	83.41	89.04	0.00	40	0	43	0.00	0.00	64.28	7.33	0.00	0.00	2000
229	10.95	2088	2100	0.00	199	0	0	0	nan	0.01	0.00	4.88	84.20	89.05	0.00	40	0	43	0.00	0.00	62.05	7.10	0.00	0.00	2000
231	11.48	2012	2103	0.00	199	0	0	0	nan	0.00	0.02	5.27	83.49	88.52	0.00	40	0	43	0.00	0.00	67.29	7.61	0.00	0.00	2000
233	11.08	2101	2098	0.00	204	0	0	0	nan	0.00	0.00	6.56	82.35	88.92	0.00	40	0	42	0.00	0.00	65.36	7.45	0.00	0.00	2000
233	10.98	2101	2119	0.00	179	0	0	0	nan	0.00	0.05	4.23	85.70	89.02	0.00	40	0	42	0.00	0.00	60.90	6.88	0.00	0.00	2000
225	11.04	2059	2077	0.00	196	0	0	0	nan	0.00	0.03	5.10	82.98	88.96	0.00	40	0	42	0.00	0.00	65.86	7.53	0.00	0.00	2000
228	11.07	2065	2097	0.00	196	0	0	0	nan	0.00	0.02	4.78	84.14	88.93	0.00	40	0	43	0.00	0.00	65.20	7.34	0.00	0.00	2000
229	11.32	2015	2109	0.00	198	0	0	0	nan	0.00	0.98	6.65	81.61	88.68	0.00	40	0	42	0.00	0.00	65.18	7.49	0.00	0.00	2000
234	11.28	2070	2103	0.00	202	0	0	0	nan	0.00	0.01	7.71	81.20	88.72	0.00	40	0	43	0.00	0.00	65.15	7.49	0.00	0.00	2000
223	12.83	2123	1717	0.00	197	0	0	0	nan	0.00	0.00	6.02	65.36	87.17	0.00	40	0	42	0.00	0.00	52.86	6.10	0.00	0.00	2000
238	9.80	1980	2577	0.00	231	0	0	0	nan	0.00	0.00	10.07	100.88	90.20	0.00	39	0	43	0.00	0.00	75.97	9.20	0.00	0.00	2000
208	10.94	1923	2077	0.00	201	0	0	0	nan	0.02	1.38	8.53	78.42	89.06	0.00	38	0	43	0.00	0.00	64.62	7.71	0.00	0.00	2000
81	6.93	1163	2114	0.00	198	0	0	0	nan	0.04	0.89	9.72	83.28	93.07	0.00	38	0	42	0.00	0.00	58.97	7.51	0.00	0.00	2000
118	8.22	1448	2078	0.21	216	0	0	6	62.94	0.00	0.04	7.80	83.02	91.78	0.00	38	0	43	0.00	0.00	55.27	6.81	0.00	0.00	2000
234	10.92	2115	2127	0.95	202	0	0	3	88.13	0.00	0.00	7.02	83.23	89.08	0.00	40	0	43	0.00	0.00	69.00	7.80	0.00	0.00	2000
230	10.95	2090	2109	0.00	198	0	0	0	nan	0.01	0.01	4.31	85.28	89.05	0.00	40	0	43	0.00	0.00	66.12	7.53	0.00	0.00	2000
171	9.62	1787	2093	0.00	197	0	0	0	nan	0.00	0.00	4.99	85.21	90.38	0.00	38	0	43	0.00	0.00	63.48	7.40	0.00	0.00	2000
107	8.01	1335	2107	0.00	209	0	0	0	nan	0.00	0.19	5.82	86.57	91.99	0.00	37	0	42	0.00	0.00	58.65	7.37	0.00	0.00	2000
77	6.73	1145	2099	0.00	197	0	0	0	nan	0.00	1.09	6.55	85.82	93.27	0.00	37	0	43	0.00	0.00	56.32	7.46	0.00	0.00	2000
168	9.74	1757	2056	0.00	203	0	0	0	nan	0.00	0.00	5.52	82.99	90.26	0.00	39	0	42	0.00	0.00	55.62	6.41	0.00	0.00	2000
236	10.98	2102	2146	0.00	265	0	0	0	nan	0.01	0.00	6.05	85.00	89.02	0.00	40	0	42	0.00	0.00	72.51	8.16	0.00	0.00	2000
226	10.86	2097	2081	0.00	200	0	0	0	nan	0.00	0.02	6.05	82.26	89.14	0.00	39	0	42	0.00	0.00	66.21	7.64	0.00	0.00	2000
228	11.18	2043	2099	0.00	199	0	0	0	nan	0.00	0.01	5.40	83.56	88.82	0.00	40	0	42	0.00	0.00	65.18	7.52	0.00	0.00	2000
231	11.06	2073	2116	0.00	214	0	0	0	nan	0.00	0.04	6.07	83.59	88.94	0.00	40	0	43	0.00	0.00	65.69	7.56	0.00	0.00	2000
234	11.29	2055	2116	0.00	197	0	0	0	nan	0.00	0.00	6.59	82.88	88.71	0.00	40	0	43	0.00	0.00	65.19	7.29	0.00	0.00	2000
229	10.94	2106	2083	0.00	203	0	0	0	nan	0.00	0.01	8.79	79.66	89.06	0.00	38	0	43	0.00	0.00	64.72	7.42	0.00	0.00	2000
230	11.04	2076	2107	0.00	198	0	0	0	nan	0.00	0.00	5.97	83.39	88.96	0.00	38	0	43	0.00	0.00	66.33	7.53	0.00	0.00	2000
229	10.84	2142	2069	0.00	198	0	0	0	nan	0.00	1.78	6.47	79.77	89.16	0.00	38	0	42	0.00	0.00	64.42	7.47	0.00	0.00	2000
312	14.58	2147	2093	0.00	215	0	0	0	nan	0.00	0.09	4.61	80.53	85.42	0.00	38	0	43	0.00	0.00	64.92	7.67	0.00	0.00	2000
109	7.96	1363	2114	0.00	261	0	0	0	nan	0.04	0.07	9.80	82.89	92.04	0.00	37	0	42	0.00	0.00	63.25	7.92	0.00	0.00	2000
82	7.50	1097	2101	0.29	193	0	0	1	72.06	0.00	0.00	2.30	90.32	92.50	0.00	37	0	43	0.00	0.00	57.97	7.39	0.00	0.00	2000
