Avg_MHz	Busy%	Bzy_MHz	TSC_MHz	IPC	IRQ	NMI	SMI	LLCMRPS	LLC%hit	POLL%	C1%	C1E%	C6%	CPU%c1	CPU%c6	CoreTmp	CoreThr	PkgTmp	Pkg%pc2	Pkg%pc6	PkgWatt	RAMWatt	PKG_%	RAM_%	UncMHz
325	16.57	1937	2129	0.00	236	0	0	0	nan	0.02	0.46	29.68	54.55	83.43	0.00	38	0	43	0.00	0.00	67.22	7.98	0.00	0.00	2000
312	14.78	2067	2146	0.00	209	0	0	0	nan	0.00	1.64	18.80	66.77	85.22	0.00	38	0	43	0.00	0.00	65.42	7.51	0.00	0.00	2000
77	6.72	1143	2095	0.00	194	0	0	0	nan	0.00	0.02	5.40	87.72	93.28	0.00	38	0	43	0.00	0.00	57.49	7.43	0.00	0.00	2000
74	6.85	1065	2117	0.00	210	0	0	0	nan	0.00	0.00	3.78	90.19	93.15	0.00	38	0	43	0.00	0.00	60.68	7.86	0.00	0.00	2000
73	6.66	1102	2091	0.00	193	0	0	0	nan	0.01	0.00	2.98	89.97	93.34	0.00	38	0	43	0.00	0.00	58.53	7.61	0.00	0.00	2000
79	6.90	1140	2106	0.00	196	0	0	0	nan	0.00	0.02	4.36	89.13	93.10	0.00	38	0	43	0.00	0.00	58.53	7.60	0.00	0.00	2000
74	6.91	1075	2101	0.00	193	0	0	0	nan	0.00	0.02	3.53	89.67	93.09	0.00	38	0	43	0.00	0.00	57.43	7.62	0.00	0.00	2000
72	6.72	1071	2092	0.00	194	0	0	0	nan	0.00	0.00	3.76	89.30	93.28	0.00	37	0	43	0.00	0.00	58.68	7.63	0.00	0.00	2000
74	6.58	1112	2112	0.00	193	0	0	0	nan	0.00	0.00	3.46	90.45	93.42	0.00	38	0	43	0.00	0.00	58.61	7.55	0.00	0.00	2000
71	6.48	1101	2092	0.00	177	0	0	0	nan	0.00	0.01	2.71	90.51	93.52	0.00	38	0	43	0.00	0.00	56.19	7.14	0.00	0.00	2000
73	6.59	1108	2102	0.00	196	0	0	0	nan	0.00	0.00	2.41	91.13	93.41	0.00	38	0	43	0.00	0.00	58.12	7.48	0.00	0.00	2000
71	6.60	1090	2078	0.00	195	0	0	0	nan	0.00	0.01	2.84	89.65	93.40	0.00	38	0	43	0.00	0.00	57.68	7.38	0.00	0.00	2000
72	7.18	992	2116	0.00	209	0	0	0	nan	0.00	0.03	3.87	89.67	92.82	0.00	38	0	43	0.00	0.00	59.67	7.95	0.00	0.00	2000
72	6.89	1041	2107	0.00	193	0	0	0	nan	0.00	0.00	3.80	89.79	93.11	0.00	37	0	43	0.00	0.00	58.29	7.62	0.00	0.00	2000
71	6.81	1061	2078	0.00	193	0	0	0	nan	0.00	0.00	3.70	88.64	93.19	0.00	37	0	43	0.00	0.00	58.37	7.55	0.00	0.00	2000
73	6.76	1066	2122	0.00	193	0	0	1	88.34	0.00	0.00	1.78	92.38	93.24	0.00	38	0	43	0.00	0.00	57.72	7.44	0.00	0.00	2000
73	6.76	1082	2100	0.29	194	0	0	2	87.67	0.00	0.02	2.97	90.36	93.24	0.00	38	0	43	0.00	0.00	56.90	7.44	0.00	0.00	2000
72	6.56	1106	2094	0.02	210	0	0	0	nan	0.00	0.00	2.16	90.95	93.44	0.00	38	0	43	0.00	0.00	57.61	7.53	0.00	0.00	2000
187	10.09	1865	2082	0.00	213	0	0	0	nan	0.02	0.01	5.34	83.88	89.91	0.00	39	0	43	0.00	0.00	63.38	7.55	0.00	0.00	2000
236	11.29	2060	2131	0.00	206	0	0	0	nan	0.00	0.00	6.00	84.12	88.71	0.00	40	0	43	0.00	0.00	66.62	7.58	0.00	0.00	2000
230	10.97	2096	2099	0.00	230	1	0	0	nan	0.00	0.00	3.56	85.55	89.03	0.00	41	0	43	0.00	0.00	64.32	7.34	0.00	0.00	2000
229	10.70	2148	2090	0.00	187	0	0	0	nan	0.00	0.00	3.33	85.58	89.30	0.00	41	0	43	0.00	0.00	66.25	7.66	0.00	0.00	2000
237	11.26	2114	2094	0.00	196	0	0	0	nan	0.01	0.00	6.49	82.07	88.74	0.00	39	0	43	0.00	0.00	65.54	7.59	0.00	0.00	2000
231	11.26	2089	2067	0.00	199	0	0	0	nan	0.00	0.02	5.28	82.04	88.74	0.00	38	0	42	0.00	0.00	64.55	7.55	0.00	0.00	2000
225	10.86	2085	2087	0.00	212	0	0	0	nan	0.00	0.00	5.73	82.97	89.14	0.00	38	0	43	0.00	0.00	65.45	7.63	0.00	0.00	2000
234	11.08	2053	2163	0.00	218	0	0	0	nan	0.01	0.00	4.65	87.10	88.92	0.00	38	0	43	0.00	0.00	70.32	8.30	0.00	0.00	2000
234	11.00	2123	2105	0.00	200	0	0	0	nan	0.00	0.60	3.43	85.31	89.00	0.00	38	0	43	0.00	0.00	64.95	7.40	0.00	0.00	2000
230	11.02	2086	2097	0.00	199	0	0	0	nan	0.00	0.01	5.17	83.75	88.98	0.00	38	0	43	0.00	0.00	65.59	7.49	0.00	0.00	2000
227	10.90	2099	2088	0.00	198	0	0	0	nan	0.00	0.03	5.20	83.42	89.10	0.00	39	0	43	0.00	0.00	62.66	7.32	0.00	0.00	2000
229	11.39	2031	2081	0.00	201	0	0	0	nan	0.00	0.16	6.40	81.35	88.61	0.00	39	0	43	0.00	0.00	64.75	7.57	0.00	0.00	2000
226	10.92	2093	2077	0.00	196	0	0	0	nan	0.00	0.00	5.14	83.06	89.08	0.00	39	0	43	0.00	0.00	64.45	7.42	0.00	0.00	2000
238	11.41	2040	2150	0.00	214	0	0	0	nan	0.00	0.00	6.57	84.16	88.59	0.00	39	0	43	0.00	0.00	69.77	7.91	0.00	0.00	2000
230	11.15	2064	2095	0.00	196	0	0	6	94.78	0.00	0.01	4.40	84.38	88.85	0.00	39	0	43	0.00	0.00	64.03	7.44	0.00	0.00	2000
230	11.21	2069	2084	0.54	197	0	0	15	92.21	0.00	0.00	4.09	84.02	88.79	0.00	39	0	43	0.00	0.00	62.75	7.02	0.00	0.00	2000
229	11.08	2072	2096	0.00	218	0	0	0	nan	0.00	0.01	5.27	83.51	88.92	0.00	39	0	43	0.00	0.00	68.40	7.87	0.00	0.00	2000
235	11.15	2069	2140	0.00	198	0	0	0	nan	0.00	0.01	5.41	85.12	88.85	0.00	40	0	43	0.00	0.00	63.85	7.25	0.00	0.00	2000
229	10.98	2092	2094	0.00	198	0	0	0	nan	0.00	0.04	4.01	84.88	89.02	0.00	40	0	43	0.00	0.00	67.10	7.58	0.00	0.00	2000
237	11.40	2081	2097	0.00	197	0	0	0	nan	0.00	0.01	4.65	83.93	88.60	0.00	40	0	43	0.00	0.00	63.93	6.98	0.00	0.00	2000
234	11.22	2079	2110	0.00	200	0	0	0	nan	0.00	0.01	5.11	84.20	88.78	0.00	40	0	43	0.00	0.00	65.97	7.55	0.00	0.00	2000
225	10.78	2120	2071	0.00	204	0	0	0	nan	0.00	0.02	3.63	84.47	89.22	0.00	40	0	43	0.00	0.00	61.32	7.03	0.00	0.00	2000
229	11.23	2040	2097	0.00	202	0	0	0	nan	0.00	0.41	4.96	83.47	88.77	0.00	40	0	43	0.00	0.00	67.64	7.67	0.00	0.00	2000
232	11.02	2100	2107	0.00	198	0	0	0	nan	0.00	0.00	6.23	83.14	88.98	0.00	38	0	43	0.00	0.00	66.16	7.66	0.00	0.00	2000
237	11.21	2087	2128	0.00	198	0	0	0	nan	0.00	0.00	4.98	85.02	88.79	0.00	39	0	43	0.00	0.00	67.36	7.95	0.00	0.00	2000
235	11.62	2035	2083	0.00	197	0	0	0	nan	0.00	0.00	5.69	82.13	88.38	0.00	39	0	43	0.00	0.00	66.99	7.64	0.00	0.00	2000
234	11.50	2022	2112	0.00	201	0	0	0	nan	0.00	0.00	6.06	83.06	88.50	0.00	39	0	43	0.00	0.00	63.60	7.43	0.00	0.00	2000
225	11.03	2075	2062	0.00	197	0	0	0	nan	0.00	0.00	6.19	81.26	88.97	0.00	39	0	43	0.00	0.00	62.45	7.16	0.00	0.00	2000
233	11.01	2080	2138	0.00	198	0	0	0	nan	0.00	0.02	5.84	84.86	88.99	0.00	39	0	43	0.00	0.00	68.26	7.78	0.00	0.00	2000
229	11.01	2090	2087	0.00	198	0	0	0	nan	0.00	0.00	4.46	84.07	88.99	0.00	39	0	43	0.00	0.00	64.01	7.52	0.00	0.00	2000
233	11.12	2081	2114	0.00	220	0	0	0	nan	0.00	0.01	4.83	84.78	88.88	0.00	40	0	43	0.00	0.00	67.28	7.83	0.00	0.00	2000
224	10.92	2086	2064	0.00	196	0	0	5	93.53	0.00	0.00	5.77	81.87	89.08	0.00	40	0	43	0.00	0.00	60.63	6.81	0.00	0.00	2000
233	11.15	2067	2124	0.78	197	0	0	9	91.92	0.00	0.51	3.88	85.55	88.85	0.00	40	0	43	0.00	0.00	66.56	7.70	0.00	0.00	2000
231	11.04	2079	2110	0.00	213	0	0	0	nan	0.00	0.00	3.45	86.00	88.96	0.00	39	0	43	0.00	0.00	65.15	7.49	0.00	0.00	2000
226	11.04	2072	2077	0.00	195	0	0	0	nan	0.00	0.01	6.99	81.06	88.96	0.00	40	0	43	0.00	0.00	65.76	7.60	0.00	0.00	2000
233	11.20	2050	2128	0.00	244	0	0	0	nan	0.00	0.00	4.24	85.79	88.80	0.00	41	0	43	0.00	0.00	67.97	7.83	0.00	0.00	2000
231	11.02	2100	2098	0.00	188	0	0	0	nan	0.00	0.01	3.45	85.54	88.98	0.00	41	0	43	0.00	0.00	63.97	7.52	0.00	0.00	2000
228	10.90	2098	2097	0.00	202	0	0	0	nan	0.00	0.02	3.36	85.64	89.10	0.00	42	0	43	0.00	0.00	64.79	7.60	0.00	0.00	2000
230	10.88	2121	2091	0.00	204	0	0	0	nan	0.00	0.02	3.94	84.89	89.12	0.00	41	0	43	0.00	0.00	66.01	7.67	0.00	0.00	2000
230	11.16	2073	2083	0.00	203	0	0	0	nan	0.00	0.02	2.67	85.50	88.84	0.00	42	0	43	0.00	0.00	66.16	7.81	0.00	0.00	2000
238	11.46	2056	2121	0.00	230	0	0	0	nan	0.00	0.02	5.19	84.36	88.54	0.00	42	0	43	0.00	0.00	64.64	7.51	0.00	0.00	2000
231	10.86	2113	2110	0.00	219	0	0	0	nan	0.00	0.02	3.04	86.56	89.14	0.00	42	0	43	0.00	0.00	67.28	7.79	0.00	0.00	2000
230	11.28	2045	2091	0.00	204	0	0	0	nan	0.01	0.00	6.13	82.32	88.72	0.00	41	0	43	0.00	0.00	62.90	7.25	0.00	0.00	2000
225	11.90	2086	1900	0.00	205	0	0	0	nan	0.00	0.01	2.30	77.45	88.10	0.00	42	0	43	0.00	0.00	57.41	6.77	0.00	0.00	2000
242	10.49	2056	2355	0.00	253	0	0	0	nan	0.00	0.00	8.38	92.18	89.51	0.00	39	0	43	0.00	0.00	74.36	8.58	0.00	0.00	2000
343	16.03	2252	1993	0.00	206	0	0	0	nan	0.00	0.00	5.06	74.73	83.97	0.00	38	0	43	0.00	0.00	57.66	6.70	0.00	0.00	2000
262	11.59	2129	2234	0.00	273	0	0	0	nan	0.04	0.03	6.25	87.93	88.41	0.00	39	0	43	0.00	0.00	78.95	8.94	0.00	0.00	2000
218	10.89	2014	2087	0.00	216	0	0	0	nan	0.01	0.01	5.18	83.44	89.11	0.00	40	0	43	0.00	0.00	63.45	7.42	0.00	0.00	2000
153	8.85	1723	2109	0.32	226	0	0	11	64.19	0.00	0.13	6.33	85.10	91.15	0.00	39	0	43	0.00	0.00	62.57	7.67	0.00	0.00	2000
76	6.60	1170	2076	0.19	193	0	0	0	nan	0.00	0.00	4.39	87.89	93.40	0.00	38	0	43	0.00	0.00	56.10	7.14	0.00	0.00	2000
103	7.25	1408	2127	0.00	97	0	0	0	nan	0.00	0.00	4.94	88.95	92.75	0.00	38	0	43	0.00	0.00	65.38	8.09	0.00	0.00	2000
