Avg_MHz	Busy%	Bzy_MHz	TSC_MHz	IPC	IRQ	NMI	SMI	LLCMRPS	LLC%hit	POLL%	C1%	C1E%	C6%	CPU%c1	CPU%c6	CoreTmp	CoreThr	PkgTmp	Pkg%pc2	Pkg%pc6	PkgWatt	RAMWatt	PKG_%	RAM_%	UncMHz
336	16.72	1945	2170	0.00	232	0	0	0	nan	0.00	0.48	37.14	48.57	83.28	0.00	38	0	43	0.00	0.00	68.45	8.15	0.00	0.00	2000
285	15.61	1829	2096	0.00	210	0	0	0	nan	0.00	0.60	24.34	59.50	84.39	0.00	38	0	43	0.00	0.00	64.81	7.70	0.00	0.00	2000
76	7.19	1055	2095	0.00	210	0	0	0	nan	0.00	0.00	4.25	88.44	92.81	0.00	38	0	43	0.00	0.00	56.42	7.32	0.00	0.00	2000
73	6.97	1029	2138	0.00	193	0	0	0	nan	0.00	0.02	1.52	93.29	93.03	0.00	38	0	43	0.00	0.00	60.75	7.57	0.00	0.00	2000
74	6.76	1093	2093	0.00	194	0	0	0	nan	0.00	0.00	3.32	89.67	93.24	0.00	38	0	43	0.00	0.00	58.10	7.51	0.00	0.00	2000
72	6.88	1057	2079	0.00	194	0	0	0	nan	0.00	0.00	2.86	89.44	93.12	0.00	38	0	43	0.00	0.00	57.60	7.52	0.00	0.00	2000
74	6.86	1064	2133	0.00	194	0	0	0	nan	0.00	0.00	4.27	90.42	93.14	0.00	38	0	43	0.00	0.00	59.69	7.72	0.00	0.00	2000
74	6.61	1111	2101	0.00	194	0	0	0	nan	0.00	0.00	3.20	90.20	93.39	0.00	38	0	43	0.00	0.00	57.33	7.38	0.00	0.00	2000
72	6.74	1086	2079	0.00	192	0	0	0	nan	0.00	0.00	2.58	89.87	93.26	0.00	38	0	43	0.00	0.00	58.28	7.38	0.00	0.00	2000
72	7.04	1019	2094	0.00	211	0	0	0	nan	0.00	0.01	4.58	88.13	92.96	0.00	38	0	43	0.00	0.00	59.07	7.43	0.00	0.00	2000
74	6.94	1073	2089	0.00	194	0	0	0	nan	0.00	0.00	3.09	89.57	93.06	0.00	38	0	43	0.00	0.00	56.21	7.29	0.00	0.00	2000
73	6.78	1060	2123	0.00	209	0	0	0	nan	0.00	0.02	2.80	91.53	93.22	0.00	38	0	43	0.00	0.00	60.17	7.87	0.00	0.00	2000
74	6.69	1104	2112	0.00	194	0	0	0	nan	0.00	0.00	4.34	89.53	93.31	0.00	38	0	43	0.00	0.00	59.75	7.71	0.00	0.00	2000
71	6.56	1091	2071	0.00	194	0	0	0	nan	0.00	0.00	3.01	89.26	93.44	0.00	38	0	43	0.00	0.00	57.95	7.45	0.00	0.00	2000
74	7.11	1020	2127	0.00	194	0	0	0	nan	0.00	0.00	3.29	90.89	92.89	0.00	38	0	43	0.00	0.00	57.14	7.26	0.00	0.00	2000
69	6.70	1049	2069	0.00	192	0	0	1	88.66	0.00	0.00	2.14	89.90	93.30	0.00	38	0	43	0.00	0.00	55.34	7.44	0.00	0.00	2000
73	7.09	1018	2119	0.08	209	0	0	1	87.97	0.00	0.00	4.02	89.81	92.91	0.00	38	0	43	0.00	0.00	63.51	7.92	0.00	0.00	2000
72	6.94	1059	2055	0.00	193	0	0	0	nan	0.00	0.00	3.98	87.17	93.06	0.00	38	0	43	0.00	0.00	55.14	7.01	0.00	0.00	2000
235	11.52	1998	2142	0.00	224	0	0	0	nan	0.00	0.85	4.87	84.69	88.48	0.00	38	0	43	0.00	0.00	67.63	8.02	0.00	0.00	2000
229	11.13	2044	2114	0.00	196	0	0	0	nan	0.00	0.05	4.61	84.87	88.87	0.00	39	0	43	0.00	0.00	64.82	7.47	0.00	0.00	2000
227	11.02	2094	2065	0.00	199	0	0	0	nan	0.00	0.01	3.21	84.37	88.98	0.00	39	0	43	0.00	0.00	62.69	7.37	0.00	0.00	2000
234	11.27	2049	2127	0.00	197	0	0	0	nan	0.00	0.00	3.31	86.68	88.73	0.00	40	0	43	0.00	0.00	64.06	7.48	0.00	0.00	2000
226	11.11	2041	2094	0.00	219	0	0	0	nan	0.00	0.00	3.86	84.92	88.89	0.00	39	0	43	0.00	0.00	69.65	8.21	0.00	0.00	2000
230	11.61	1983	2095	0.00	212	0	0	0	nan	0.00	0.00	3.42	84.91	88.39	0.00	40	0	43	0.00	0.00	62.43	7.31	0.00	0.00	2000
236	11.43	2045	2123	0.00	212	0	0	0	nan	0.00	0.02	6.52	83.10	88.57	0.00	38	0	43	0.00	0.00	67.57	7.97	0.00	0.00	2000
229	11.31	2029	2100	0.00	196	0	0	0	nan	0.00	0.02	5.90	82.93	88.69	0.00	38	0	43	0.00	0.00	67.82	8.00	0.00	0.00	2000
232	10.98	2109	2105	0.00	198	0	0	0	nan	0.00	0.00	5.16	84.23	89.02	0.00	39	0	43	0.00	0.00	66.42	7.64	0.00	0.00	2000
231	11.02	2101	2093	0.00	199	0	0	0	nan	0.00	0.00	5.43	83.33	88.98	0.00	39	0	43	0.00	0.00	60.22	7.03	0.00	0.00	2000
230	11.31	2035	2099	0.00	204	0	0	0	nan	0.00	0.00	6.21	82.61	88.69	0.00	39	0	43	0.00	0.00	69.12	7.88	0.00	0.00	2000
227	11.14	2060	2079	0.00	203	0	0	0	nan	0.00	0.00	5.19	82.92	88.86	0.00	39	0	43	0.00	0.00	62.47	7.16	0.00	0.00	2000
227	11.35	2013	2087	0.00	213	0	0	0	nan	0.00	0.01	3.86	84.36	88.65	0.00	39	0	43	0.00	0.00	61.40	7.17	0.00	0.00	2000
231	11.22	2047	2113	0.00	200	0	0	0	nan	0.00	0.02	6.10	83.34	88.78	0.00	39	0	43	0.00	0.00	67.14	7.82	0.00	0.00	2000
230	11.24	2064	2078	0.13	217	0	0	15	57.47	0.00	0.00	5.26	82.68	88.76	0.00	39	0	43	0.00	0.00	62.84	7.43	0.00	0.00	2000
229	11.15	2043	2107	0.34	213	0	0	4	55.71	0.00	0.00	7.50	81.76	88.85	0.00	40	0	43	0.00	0.00	64.49	7.58	0.00	0.00	2000
228	10.98	2071	2108	0.00	213	0	0	0	nan	0.00	0.00	5.54	83.92	89.02	0.00	39	0	43	0.00	0.00	67.41	7.90	0.00	0.00	2000
240	11.88	2009	2114	0.00	256	0	0	0	nan	0.00	0.02	8.26	80.55	88.12	0.00	38	0	43	0.00	0.00	66.83	8.15	0.00	0.00	2000
225	11.22	1998	2112	0.00	197	0	0	0	nan	0.00	0.02	6.16	83.21	88.78	0.00	39	0	43	0.00	0.00	64.44	8.03	0.00	0.00	2000
222	11.17	1995	2092	0.00	213	0	0	0	nan	0.00	0.02	5.38	83.24	88.83	0.00	39	0	43	0.00	0.00	64.83	7.88	0.00	0.00	2000
227	11.64	1947	2105	0.00	200	0	0	0	nan	0.00	0.02	7.38	81.32	88.36	0.00	39	0	43	0.00	0.00	63.13	7.89	0.00	0.00	2000
224	11.96	1969	2000	0.00	219	0	0	0	nan	0.00	0.00	6.97	76.99	88.04	0.00	40	0	43	0.00	0.00	61.05	7.45	0.00	0.00	2000
226	10.73	2004	2211	0.00	196	0	0	0	nan	0.00	0.00	6.90	87.13	89.27	0.00	40	0	43	0.00	0.00	70.37	8.69	0.00	0.00	2000
223	11.22	1988	2103	0.00	199	1	0	0	nan	0.00	0.00	4.97	84.13	88.78	0.00	40	0	43	0.00	0.00	65.11	8.07	0.00	0.00	2000
222	11.17	1987	2099	0.00	213	0	0	0	nan	0.01	0.00	5.56	83.34	88.83	0.00	40	0	43	0.00	0.00	64.18	8.07	0.00	0.00	2000
223	11.41	1985	2065	0.00	199	0	0	0	nan	0.00	0.02	6.90	80.41	88.59	0.00	41	0	43	0.00	0.00	62.87	7.55	0.00	0.00	2000
229	11.57	1960	2124	0.00	211	0	0	0	nan	0.00	0.05	7.98	81.67	88.43	0.00	41	0	43	0.00	0.00	63.73	7.57	0.00	0.00	2000
219	11.11	1984	2084	0.00	211	0	0	0	nan	0.00	0.05	2.63	85.73	88.89	0.00	41	0	43	0.00	0.00	63.40	7.55	0.00	0.00	2000
223	10.97	2004	2132	0.00	195	0	0	0	nan	0.02	1.52	6.03	82.97	89.03	0.00	41	0	43	0.00	0.00	64.18	7.59	0.00	0.00	2000
223	11.20	2025	2067	0.00	199	0	0	0	nan	0.00	0.47	6.96	80.18	88.80	0.00	41	0	43	0.00	0.00	63.58	7.54	0.00	0.00	2000
222	11.13	1982	2112	0.00	198	0	0	2	91.87	0.00	0.02	6.94	82.60	88.87	0.00	41	0	43	0.00	0.00	61.08	7.44	0.00	0.00	2000
223	11.13	2001	2100	0.73	201	0	0	5	90.14	0.01	0.00	8.21	80.77	88.87	0.00	41	0	43	0.00	0.00	66.18	7.41	0.00	0.00	2000
222	10.78	2047	2109	0.00	196	0	0	0	nan	0.00	0.00	5.54	84.11	89.22	0.00	41	0	43	0.00	0.00	63.90	7.58	0.00	0.00	2000
219	10.95	2017	2083	0.00	198	0	0	0	nan	0.00	0.00	5.58	82.85	89.05	0.00	41	0	43	0.00	0.00	63.08	7.62	0.00	0.00	2000
223	10.98	2019	2113	0.00	198	0	0	0	nan	0.00	0.02	4.90	84.66	89.02	0.00	41	0	43	0.00	0.00	63.55	7.73	0.00	0.00	2000
221	11.04	2011	2093	0.00	201	0	0	0	nan	0.00	0.00	6.08	82.72	88.96	0.00	41	0	43	0.00	0.00	63.82	7.45	0.00	0.00	2000
220	11.05	2000	2093	0.00	195	0	0	0	nan	0.00	0.00	7.68	81.10	88.95	0.00	41	0	43	0.00	0.00	63.58	7.59	0.00	0.00	2000
223	10.84	2059	2098	0.00	198	0	0	0	nan	0.00	0.01	5.58	83.53	89.16	0.00	41	0	43	0.00	0.00	64.06	7.44	0.00	0.00	2000
221	10.90	2026	2099	0.00	195	0	0	0	nan	0.00	0.02	5.60	83.50	89.10	0.00	41	0	43	0.00	0.00	63.94	7.59	0.00	0.00	2000
221	10.79	2049	2099	0.00	198	0	0	0	nan	0.00	0.02	5.81	83.41	89.21	0.00	41	0	43	0.00	0.00	64.23	7.61	0.00	0.00	2000
224	10.86	2038	2129	0.00	196	0	0	0	nan	0.00	0.86	6.21	83.34	89.14	0.00	41	0	43	0.00	0.00	63.41	7.51	0.00	0.00	2000
221	11.24	1976	2088	0.00	197	0	0	0	nan	0.00	0.22	4.11	84.08	88.76	0.00	41	0	44	0.00	0.00	63.80	7.97	0.00	0.00	2000
221	11.17	1979	2102	0.00	198	0	0	0	nan	0.00	0.00	5.13	83.91	88.83	0.00	41	0	43	0.00	0.00	63.22	7.48	0.00	0.00	2000
223	10.79	2050	2112	0.00	197	0	0	0	nan	0.00	0.99	4.85	83.96	89.21	0.00	41	0	43	0.00	0.00	66.43	7.97	0.00	0.00	2000
221	11.01	2023	2081	0.00	196	0	0	0	nan	0.00	0.02	7.69	80.59	88.99	0.00	41	0	43	0.00	0.00	63.36	7.54	0.00	0.00	2000
223	10.97	2027	2104	0.00	201	0	0	0	nan	0.00	0.05	6.18	83.02	89.03	0.00	41	0	43	0.00	0.00	62.02	7.00	0.00	0.00	2000
221	11.20	1956	2117	0.00	195	0	0	0	nan	0.00	0.00	7.61	82.08	88.80	0.00	42	0	43	0.00	0.00	66.27	7.74	0.00	0.00	2000
225	11.55	1963	2086	0.00	198	0	0	0	nan	0.01	0.00	6.15	81.80	88.45	0.00	41	0	43	0.00	0.00	61.42	7.16	0.00	0.00	2000
221	11.12	1999	2090	0.88	197	0	0	6	86.06	0.00	0.00	5.51	83.04	88.88	0.00	41	0	43	0.00	0.00	63.78	7.52	0.00	0.00	2000
223	10.93	2026	2111	0.15	197	0	0	0	nan	0.00	0.01	6.51	83.06	89.07	0.00	42	0	43	0.00	0.00	64.70	7.57	0.00	0.00	2000
222	11.13	2002	2091	0.00	215	0	0	0	nan	0.00	0.00	7.02	81.50	88.87	0.00	41	0	43	0.00	0.00	64.46	7.36	0.00	0.00	2000
223	11.12	1992	2109	0.00	200	0	0	0	nan	0.00	0.00	7.08	82.27	88.88	0.00	41	0	43	0.00	0.00	64.55	7.39	0.00	0.00	2000
223	11.24	1998	2082	0.00	198	0	0	0	nan	0.04	0.01	7.34	80.78	88.76	0.00	41	0	43	0.00	0.00	64.15	7.39	0.00	0.00	2000
224	11.14	1988	2121	0.00	195	0	0	0	nan	0.00	0.01	6.03	83.84	88.86	0.00	42	0	43	0.00	0.00	67.40	7.55	0.00	0.00	2000
223	11.20	2005	2083	0.00	202	0	0	0	nan	0.00	0.04	6.00	82.23	88.80	0.00	41	0	43	0.00	0.00	61.66	7.52	0.00	0.00	2000
218	11.44	2024	1972	0.00	198	0	0	0	nan	0.01	1.98	3.31	78.00	88.56	0.00	41	0	43	0.00	0.00	59.09	6.94	0.00	0.00	2000
219	11.09	1963	2116	0.00	211	0	0	0	nan	0.00	0.00	3.78	85.91	88.91	0.00	41	0	43	0.00	0.00	66.46	7.76	0.00	0.00	2000
223	10.74	1961	2225	0.00	213	0	0	0	nan	0.00	0.01	5.39	89.32	89.26	0.00	41	0	43	0.00	0.00	64.12	7.63	0.00	0.00	2000
257	12.03	2115	2122	0.00	201	0	0	0	nan	0.00	0.00	5.37	83.51	87.97	0.00	42	0	43	0.00	0.00	70.81	7.65	0.00	0.00	2000
221	11.37	1988	2058	0.00	197	0	0	0	nan	0.00	0.05	6.92	80.03	88.63	0.00	42	0	43	0.00	0.00	58.76	6.83	0.00	0.00	2000
221	10.77	2032	2124	0.00	196	0	0	0	nan	0.00	0.01	8.02	82.30	89.23	0.00	42	0	43	0.00	0.00	64.39	7.31	0.00	0.00	2000
220	11.12	1993	2083	0.00	197	0	0	0	nan	0.00	0.00	6.11	82.21	88.88	0.00	42	0	43	0.00	0.00	63.50	7.54	0.00	0.00	2000
221	10.89	2017	2115	0.00	200	0	0	0	nan	0.00	0.05	4.65	85.18	89.11	0.00	42	0	43	0.00	0.00	64.43	7.34	0.00	0.00	2000
221	10.87	2024	2110	0.00	195	0	0	0	nan	0.00	0.03	6.94	82.60	89.13	0.00	42	0	43	0.00	0.00	66.59	7.61	0.00	0.00	2000
226	11.05	2058	2084	0.00	200	0	0	0	90.94	0.04	0.22	8.67	79.44	88.95	0.00	41	0	43	0.00	0.00	62.09	7.60	0.00	0.00	2000
224	11.07	2006	2114	1.11	196	0	0	8	69.84	0.00	0.00	7.64	81.96	88.93	0.00	41	0	43	0.00	0.00	63.73	7.59	0.00	0.00	2000
222	11.12	1995	2103	0.02	196	0	0	0	nan	0.00	0.00	8.29	80.71	88.88	0.00	41	0	43	0.00	0.00	63.99	7.37	0.00	0.00	2000
221	10.92	2036	2085	0.00	197	0	0	0	nan	0.00	0.00	4.83	83.63	89.08	0.00	41	0	43	0.00	0.00	64.02	7.56	0.00	0.00	2000
221	10.87	2021	2108	0.00	196	0	0	0	nan	0.00	0.02	6.08	83.45	89.13	0.00	42	0	43	0.00	0.00	63.19	7.56	0.00	0.00	2000
223	10.67	2100	2089	0.00	197	0	0	0	nan	0.01	2.63	4.14	82.14	89.33	0.00	41	0	43	0.00	0.00	63.78	7.54	0.00	0.00	2000
222	10.42	2109	2117	0.00	204	0	0	0	nan	0.03	2.11	3.97	84.40	89.58	0.00	41	0	43	0.00	0.00	65.23	7.56	0.00	0.00	2000
222	11.28	1972	2091	0.00	199	0	0	0	nan	0.00	0.02	7.49	81.01	88.72	0.00	41	0	43	0.00	0.00	63.75	7.53	0.00	0.00	2000
220	11.00	2001	2097	0.00	197	0	0	0	nan	0.00	0.00	7.33	81.66	89.00	0.00	41	0	43	0.00	0.00	63.78	7.43	0.00	0.00	2000
221	11.00	2000	2107	0.00	197	0	0	0	nan	0.00	0.04	4.83	84.53	89.00	0.00	41	0	43	0.00	0.00	63.65	7.48	0.00	0.00	2000
223	11.17	2001	2092	0.00	198	0	0	0	nan	0.00	0.00	7.64	80.92	88.83	0.00	41	0	43	0.00	0.00	63.23	7.46	0.00	0.00	2000
221	11.07	2013	2079	0.00	200	0	0	0	nan	0.00	0.01	6.11	82.05	88.93	0.00	41	0	43	0.00	0.00	63.45	7.49	0.00	0.00	2000
220	11.14	2009	2062	0.00	196	0	0	0	nan	0.00	0.01	7.09	80.25	88.86	0.00	41	0	43	0.00	0.00	63.61	7.21	0.00	0.00	2000
220	11.21	1956	2106	0.00	213	0	0	0	nan	0.00	0.00	6.26	82.95	88.79	0.00	41	0	43	0.00	0.00	63.55	7.83	0.00	0.00	2000
222	10.89	1991	2152	0.00	198	0	0	0	nan	0.00	0.00	6.87	84.56	89.11	0.00	41	0	43	0.00	0.00	63.27	7.34	0.00	0.00	2000
222	11.09	2018	2079	0.00	197	0	0	0	nan	0.00	0.01	6.78	81.35	88.91	0.00	41	0	43	0.00	0.00	63.43	7.44	0.00	0.00	2000
221	10.87	2010	2122	0.00	194	0	0	0	nan	0.00	0.02	7.62	82.54	89.13	0.00	41	0	43	0.00	0.00	63.64	7.48	0.00	0.00	2000
220	10.95	2002	2109	0.00	196	0	0	0	nan	0.00	0.01	6.57	82.93	89.05	0.00	41	0	43	0.00	0.00	63.43	7.60	0.00	0.00	2000
219	11.11	2004	2070	0.65	213	0	0	3	91.24	0.00	0.02	3.21	84.54	88.89	0.00	42	0	43	0.00	0.00	63.13	7.42	0.00	0.00	2000
221	10.72	2030	2135	0.03	197	0	0	0	nan	0.00	2.14	3.27	85.46	89.28	0.00	41	0	43	0.00	0.00	64.25	7.49	0.00	0.00	2000
225	10.22	2184	2121	0.00	198	0	0	0	nan	0.00	2.82	2.46	85.65	89.78	0.00	42	0	43	0.00	0.00	65.15	7.54	0.00	0.00	2000
220	11.05	2009	2082	0.00	196	0	0	0	nan	0.00	0.29	7.75	80.24	88.95	0.00	41	0	43	0.00	0.00	64.35	7.58	0.00	0.00	2000
221	10.79	2048	2103	0.00	197	0	0	0	nan	0.00	0.43	7.58	81.33	89.21	0.00	41	0	43	0.00	0.00	63.34	7.26	0.00	0.00	2000
221	11.17	1990	2082	0.00	198	0	0	0	nan	0.00	0.00	5.67	82.47	88.83	0.00	41	0	43	0.00	0.00	63.21	8.02	0.00	0.00	2000
222	11.13	1970	2130	0.00	211	0	0	0	nan	0.00	0.02	6.99	83.19	88.87	0.00	41	0	43	0.00	0.00	66.60	8.37	0.00	0.00	2000
222	11.12	2000	2097	0.00	200	0	0	0	nan	0.00	0.02	5.87	82.99	88.88	0.00	42	0	43	0.00	0.00	64.77	7.88	0.00	0.00	2000
221	11.09	1988	2103	0.00	196	0	0	0	nan	0.00	0.01	6.28	82.89	88.91	0.00	42	0	43	0.00	0.00	64.26	7.97	0.00	0.00	2000
219	11.26	2021	2027	0.00	202	0	0	0	nan	0.00	0.00	6.01	79.68	88.74	0.00	42	0	43	0.00	0.00	63.31	7.58	0.00	0.00	2000
223	10.90	1996	2150	0.00	199	0	0	0	nan	0.00	0.02	5.25	86.15	89.10	0.00	42	0	43	0.00	0.00	64.29	7.72	0.00	0.00	2000
219	11.02	2008	2080	0.00	198	0	0	0	nan	0.00	0.03	4.69	83.52	88.98	0.00	42	0	43	0.00	0.00	64.76	7.73	0.00	0.00	2000
226	10.93	2034	2131	0.00	198	0	0	0	nan	0.07	0.72	7.47	82.26	89.07	0.00	42	0	43	0.00	0.00	64.75	7.91	0.00	0.00	2000
220	11.17	1998	2073	0.00	198	0	0	0	nan	0.00	0.00	7.66	80.12	88.83	0.00	42	0	43	0.00	0.00	65.08	7.80	0.00	0.00	2000
221	10.91	2009	2122	0.00	194	0	0	0	nan	0.00	0.00	5.65	84.41	89.09	0.00	42	0	43	0.00	0.00	64.17	7.82	0.00	0.00	2000
223	10.83	2038	2122	0.00	197	0	0	0	nan	0.06	0.01	7.18	83.00	89.17	0.00	42	0	43	0.00	0.00	65.42	7.95	0.00	0.00	2000
220	10.93	2059	2051	0.00	196	0	0	0	nan	0.00	0.54	4.56	82.05	89.07	0.00	42	0	43	0.00	0.00	64.55	7.65	0.00	0.00	2000
226	10.93	2042	2127	1.43	200	0	0	13	26.87	0.02	1.54	7.27	81.49	89.07	0.00	42	0	43	0.00	0.00	64.15	7.72	0.00	0.00	2000
221	11.10	1976	2118	0.23	194	0	0	0	nan	0.00	0.00	8.45	81.33	88.90	0.00	42	0	43	0.00	0.00	64.29	7.73	0.00	0.00	2000
216	11.64	1995	1950	0.00	196	0	0	0	nan	0.00	0.02	6.57	75.60	88.36	0.00	42	0	43	0.00	0.00	59.87	7.33	0.00	0.00	2000
225	10.71	1973	2233	0.00	213	0	0	0	nan	0.00	0.00	5.38	89.63	89.29	0.00	41	0	43	0.00	0.00	69.50	8.68	0.00	0.00	2000
221	11.31	2016	2033	0.00	196	0	0	0	nan	0.02	0.88	6.83	78.33	88.69	0.00	41	0	43	0.00	0.00	60.10	7.21	0.00	0.00	2000
227	11.34	1960	2149	0.00	217	0	0	0	nan	0.00	0.00	7.24	83.70	88.66	0.00	41	0	43	0.00	0.00	66.88	7.98	0.00	0.00	2000
222	11.08	1974	2129	0.00	197	0	0	0	nan	0.01	0.00	6.08	84.18	88.92	0.00	41	0	43	0.00	0.00	63.63	8.18	0.00	0.00	2000
219	11.06	1983	2093	0.00	212	0	0	0	nan	0.00	0.02	6.31	82.44	88.94	0.00	41	0	43	0.00	0.00	63.09	7.55	0.00	0.00	2000
223	11.34	1950	2113	0.00	196	0	0	0	nan	0.00	0.00	7.37	81.97	88.66	0.00	41	0	43	0.00	0.00	62.70	7.39	0.00	0.00	2000
222	10.99	2019	2101	0.00	199	0	0	0	nan	0.00	0.48	6.02	82.63	89.01	0.00	41	0	43	0.00	0.00	63.40	7.46	0.00	0.00	2000
220	11.15	2006	2070	0.00	212	0	0	0	nan	0.00	0.00	6.76	80.90	88.85	0.00	41	0	43	0.00	0.00	63.95	7.95	0.00	0.00	2000
219	10.92	2026	2075	0.00	199	0	0	0	nan	0.00	0.02	4.21	83.94	89.08	0.00	38	0	43	0.00	0.00	61.97	7.51	0.00	0.00	2000
175	10.67	1564	2199	0.00	190	0	0	0	nan	0.00	0.11	11.85	81.87	89.33	0.00	38	0	43	0.00	0.00	63.24	7.69	0.00	0.00	2000
