Avg_MHz	Busy%	Bzy_MHz	TSC_MHz	IPC	IRQ	NMI	SMI	LLCMRPS	LLC%hit	POLL%	C1%	C1E%	C6%	CPU%c1	CPU%c6	CoreTmp	CoreThr	PkgTmp	Pkg%pc2	Pkg%pc6	PkgWatt	RAMWatt	PKG_%	RAM_%	UncMHz
342	16.78	1992	2151	0.00	230	0	0	0	nan	0.00	0.61	35.49	49.18	83.22	0.00	38	0	43	0.00	0.00	66.58	7.91	0.00	0.00	2000
303	15.24	1976	2111	0.00	213	0	0	0	nan	0.04	0.48	19.64	65.13	84.76	0.00	38	0	43	0.00	0.00	66.91	7.90	0.00	0.00	2000
78	7.03	1095	2123	0.00	210	0	0	0	nan	0.00	0.00	5.40	88.61	92.97	0.00	38	0	43	0.00	0.00	58.76	7.57	0.00	0.00	2000
73	6.69	1097	2099	0.00	193	0	0	0	nan	0.00	0.00	3.99	89.32	93.31	0.00	38	0	43	0.00	0.00	58.26	7.40	0.00	0.00	2000
74	7.09	1061	2070	0.00	193	0	0	0	nan	0.00	0.00	3.74	87.83	92.91	0.00	38	0	43	0.00	0.00	56.11	7.08	0.00	0.00	2000
75	6.90	1076	2124	0.00	196	0	0	0	nan	0.00	0.03	2.23	91.83	93.10	0.00	38	0	43	0.00	0.00	62.00	7.99	0.00	0.00	2000
74	6.64	1113	2103	0.00	195	0	0	0	nan	0.00	0.00	2.54	90.89	93.36	0.00	38	0	43	0.00	0.00	56.71	7.36	0.00	0.00	2000
72	6.66	1086	2106	0.00	194	0	0	0	nan	0.00	0.02	2.49	91.19	93.34	0.00	38	0	43	0.00	0.00	59.65	7.73	0.00	0.00	2000
73	6.62	1104	2098	0.00	193	0	0	0	nan	0.00	0.02	3.24	90.12	93.38	0.00	38	0	43	0.00	0.00	56.46	7.26	0.00	0.00	2000
119	8.26	1461	2075	0.00	194	0	0	0	nan	0.00	0.02	4.02	86.55	91.74	0.00	38	0	43	0.00	0.00	59.91	7.70	0.00	0.00	2000
74	6.59	1118	2122	0.00	193	0	0	0	nan	0.00	0.00	3.17	91.13	93.41	0.00	38	0	42	0.00	0.00	58.52	7.53	0.00	0.00	2000
73	6.56	1105	2104	0.00	194	0	0	0	nan	0.00	0.00	2.92	90.72	93.44	0.00	38	0	43	0.00	0.00	58.62	7.80	0.00	0.00	2000
74	6.91	1067	2098	0.00	196	0	0	0	nan	0.00	0.02	3.72	89.30	93.09	0.00	38	0	43	0.00	0.00	57.68	7.45	0.00	0.00	2000
70	6.71	1063	2073	0.00	195	0	0	0	nan	0.00	0.00	3.01	89.00	93.29	0.00	38	0	43	0.00	0.00	56.77	7.72	0.00	0.00	2000
74	6.58	1114	2115	0.00	194	0	0	0	nan	0.00	0.02	2.05	92.05	93.42	0.00	38	0	43	0.00	0.00	61.26	7.54	0.00	0.00	2000
73	6.56	1098	2121	0.00	194	0	0	0	92.35	0.00	0.02	2.86	91.43	93.44	0.00	38	0	43	0.00	0.00	59.79	7.75	0.00	0.00	2000
72	6.54	1124	2066	0.30	194	0	0	1	83.88	0.00	0.01	3.41	88.51	93.46	0.00	38	0	43	0.00	0.00	56.58	7.50	0.00	0.00	2000
73	6.70	1066	2132	0.08	193	0	0	0	nan	0.00	0.02	2.16	92.55	93.30	0.00	38	0	43	0.00	0.00	60.02	7.95	0.00	0.00	2000
188	10.10	1869	2086	0.00	210	0	0	0	nan	0.00	0.00	5.12	84.22	89.90	0.00	39	0	43	0.00	0.00	62.03	7.32	0.00	0.00	2000
233	11.06	2098	2105	0.00	220	0	0	0	nan	0.00	0.00	4.00	85.16	88.94	0.00	40	0	43	0.00	0.00	64.49	7.35	0.00	0.00	2000
227	11.15	2059	2080	0.00	213	0	0	0	nan	0.00	0.04	2.86	85.23	88.85	0.00	41	0	43	0.00	0.00	64.62	7.56	0.00	0.00	2000
233	11.14	2059	2131	0.00	220	0	0	0	nan	0.00	0.00	4.43	85.77	88.86	0.00	41	0	43	0.00	0.00	66.59	7.67	0.00	0.00	2000
238	11.41	2088	2099	0.00	196	0	0	0	nan	0.00	0.02	7.69	81.06	88.59	0.00	39	0	43	0.00	0.00	65.41	7.79	0.00	0.00	2000
232	10.86	2162	2075	0.00	199	0	0	0	nan	0.00	0.51	4.28	83.33	89.14	0.00	39	0	43	0.00	0.00	65.37	7.75	0.00	0.00	2000
228	10.64	2137	2105	0.00	204	0	0	0	nan	0.00	0.05	4.80	84.86	89.36	0.00	39	0	43	0.00	0.00	63.29	7.46	0.00	0.00	2000
231	11.08	2077	2111	0.00	201	0	0	0	nan	0.00	0.03	5.98	83.48	88.92	0.00	39	0	43	0.00	0.00	69.70	8.28	0.00	0.00	2000
230	11.26	2054	2089	0.00	195	0	0	0	nan	0.00	0.00	5.35	82.96	88.74	0.00	39	0	43	0.00	0.00	65.28	7.78	0.00	0.00	2000
231	11.15	2061	2116	0.00	198	0	0	0	nan	0.00	0.02	4.71	84.85	88.85	0.00	40	0	43	0.00	0.00	64.86	7.55	0.00	0.00	2000
230	10.93	2106	2100	0.00	214	0	0	0	nan	0.00	0.01	4.79	84.37	89.07	0.00	40	0	43	0.00	0.00	64.89	7.63	0.00	0.00	2000
230	10.99	2099	2092	0.00	187	0	0	0	nan	0.00	0.00	5.66	83.15	89.01	0.00	40	0	43	0.00	0.00	66.57	7.73	0.00	0.00	2000
229	10.78	2138	2090	0.00	194	0	0	0	nan	0.00	0.00	5.42	83.30	89.22	0.00	40	0	43	0.00	0.00	61.73	7.18	0.00	0.00	2000
228	10.78	2119	2095	0.00	197	0	0	0	nan	0.00	0.02	4.18	84.92	89.22	0.00	40	0	43	0.00	0.00	65.26	7.46	0.00	0.00	2000
232	10.62	2172	2114	0.00	197	0	0	1	89.89	0.00	0.02	4.03	85.94	89.38	0.00	41	0	43	0.00	0.00	65.80	7.74	0.00	0.00	2000
232	11.04	2083	2116	0.77	198	0	0	20	96.81	0.00	0.07	3.61	86.06	88.96	0.00	41	0	43	0.00	0.00	65.74	7.60	0.00	0.00	2000
233	10.81	2156	2099	0.04	198	0	0	0	nan	0.00	0.03	3.61	85.57	89.19	0.00	41	0	42	0.00	0.00	65.43	7.60	0.00	0.00	2000
226	11.13	2058	2074	0.00	199	0	0	0	nan	0.00	2.57	3.95	81.37	88.87	0.00	41	0	43	0.00	0.00	64.37	7.44	0.00	0.00	2000
230	11.15	2075	2091	0.00	199	0	0	0	nan	0.00	0.00	5.31	83.36	88.85	0.00	40	0	43	0.00	0.00	65.10	7.58	0.00	0.00	2000
237	11.42	2081	2092	0.00	229	0	0	0	nan	0.00	0.00	5.55	82.77	88.58	0.00	38	0	43	0.00	0.00	68.23	8.04	0.00	0.00	2000
233	11.06	2070	2139	0.00	196	0	0	0	nan	0.00	0.00	7.38	83.30	88.94	0.00	38	0	43	0.00	0.00	63.37	7.29	0.00	0.00	2000
230	11.08	2084	2089	0.00	201	0	0	0	nan	0.00	0.00	6.24	82.27	88.92	0.00	39	0	43	0.00	0.00	66.55	7.74	0.00	0.00	2000
230	11.33	2017	2110	0.00	199	0	0	0	nan	0.00	0.00	7.46	81.73	88.67	0.00	40	0	43	0.00	0.00	64.15	7.37	0.00	0.00	2000
232	11.19	2084	2092	0.00	196	0	0	0	nan	0.00	0.00	5.35	83.20	88.81	0.00	39	0	42	0.00	0.00	65.82	7.69	0.00	0.00	2000
231	11.22	2047	2110	0.00	199	0	0	0	nan	0.00	0.00	5.82	83.55	88.78	0.00	39	0	43	0.00	0.00	67.39	7.85	0.00	0.00	2000
231	10.94	2105	2104	0.00	199	0	0	0	nan	0.00	0.00	5.68	83.67	89.06	0.00	40	0	43	0.00	0.00	64.43	7.48	0.00	0.00	2000
234	11.53	2036	2092	0.00	202	0	0	0	nan	0.00	0.03	6.03	82.24	88.47	0.00	39	0	43	0.00	0.00	64.10	7.33	0.00	0.00	2000
229	11.22	2036	2103	0.00	200	0	0	0	nan	0.00	0.00	6.26	82.74	88.78	0.00	40	0	43	0.00	0.00	65.38	7.51	0.00	0.00	2000
223	12.62	2109	1758	0.00	202	0	0	0	nan	0.00	0.00	5.11	68.17	87.38	0.00	39	0	43	0.00	0.00	52.40	6.12	0.00	0.00	2000
243	9.75	2050	2553	0.00	243	0	0	0	nan	0.00	2.18	4.00	103.67	90.25	0.00	39	0	42	0.00	0.00	82.87	9.77	0.00	0.00	2000
225	10.79	2086	2103	0.00	201	0	0	0	nan	0.00	0.00	5.52	83.87	89.21	0.00	39	0	43	0.00	0.00	64.97	7.70	0.00	0.00	2000
224	10.61	2112	2099	0.00	196	0	0	2	67.21	0.00	0.56	7.17	81.73	89.39	0.00	39	0	43	0.00	0.00	65.86	7.36	0.00	0.00	2000
223	10.77	2070	2099	0.47	197	0	0	3	62.54	0.00	0.00	4.72	84.51	89.23	0.00	40	0	43	0.00	0.00	63.98	8.01	0.00	0.00	2000
223	10.87	2050	2100	0.00	194	0	0	0	nan	0.00	0.00	6.76	82.51	89.13	0.00	40	0	43	0.00	0.00	65.16	7.83	0.00	0.00	2000
223	10.84	2053	2103	0.00	195	0	0	0	nan	0.00	0.02	4.99	84.32	89.16	0.00	40	0	43	0.00	0.00	62.94	7.71	0.00	0.00	2000
228	10.86	2097	2098	0.00	199	0	0	0	nan	0.02	0.87	7.92	80.37	89.14	0.00	40	0	43	0.00	0.00	65.96	7.90	0.00	0.00	2000
224	10.69	2097	2098	0.00	196	0	0	0	nan	0.00	0.00	7.76	81.57	89.31	0.00	40	0	43	0.00	0.00	64.21	7.63	0.00	0.00	2000
223	10.85	2056	2102	0.00	195	0	0	0	nan	0.00	0.00	6.33	83.00	89.15	0.00	40	0	43	0.00	0.00	62.20	7.47	0.00	0.00	2000
232	11.29	2088	2068	0.00	215	0	0	0	nan	0.00	0.01	8.21	79.17	88.72	0.00	40	0	43	0.00	0.00	63.06	7.77	0.00	0.00	2000
224	10.70	2061	2132	0.00	196	0	0	0	nan	0.00	0.02	6.80	84.00	89.30	0.00	40	0	43	0.00	0.00	65.28	7.75	0.00	0.00	2000
226	10.94	2065	2101	0.00	199	0	0	0	nan	0.00	0.00	6.97	82.27	89.06	0.00	40	0	43	0.00	0.00	64.54	7.92	0.00	0.00	2000
224	10.81	2074	2099	0.00	195	0	0	0	nan	0.00	0.01	7.36	81.83	89.19	0.00	40	0	43	0.00	0.00	64.70	7.79	0.00	0.00	2000
223	10.90	2044	2099	0.00	196	0	0	0	nan	0.00	0.52	4.40	84.28	89.10	0.00	40	0	43	0.00	0.00	64.45	7.72	0.00	0.00	2000
230	10.95	2101	2101	0.00	198	0	0	0	nan	0.00	0.04	4.20	85.01	89.05	0.00	40	0	43	0.00	0.00	65.60	8.00	0.00	0.00	2000
224	10.88	2061	2100	0.00	196	0	0	0	nan	0.00	0.00	5.85	83.37	89.12	0.00	40	0	43	0.00	0.00	65.38	7.92	0.00	0.00	2000
226	10.72	2103	2106	0.00	180	0	0	0	nan	0.00	0.02	6.59	82.88	89.28	0.00	40	0	42	0.00	0.00	64.56	7.72	0.00	0.00	2000
223	10.82	2063	2097	0.00	204	0	0	0	nan	0.01	0.42	6.35	82.43	89.18	0.00	40	0	43	0.00	0.00	64.58	7.86	0.00	0.00	2000
224	10.69	2099	2099	0.00	194	0	0	0	nan	0.00	1.61	7.55	80.27	89.31	0.00	40	0	43	0.00	0.00	63.98	7.85	0.00	0.00	2000
223	11.04	2045	2077	0.00	202	0	0	1	42.60	0.00	0.02	7.35	80.78	88.96	0.00	40	0	43	0.00	0.00	64.60	7.96	0.00	0.00	2000
226	10.76	2077	2121	0.51	195	0	0	4	56.22	0.00	0.02	6.21	83.91	89.24	0.00	41	0	43	0.00	0.00	63.43	7.73	0.00	0.00	2000
225	10.92	2061	2097	0.16	197	0	0	0	nan	0.01	0.00	4.27	84.81	89.08	0.00	41	0	43	0.00	0.00	64.10	7.83	0.00	0.00	2000
225	11.04	2034	2101	0.00	198	0	0	0	nan	0.00	0.02	6.43	82.68	88.96	0.00	40	0	43	0.00	0.00	64.88	7.91	0.00	0.00	2000
223	11.03	2019	2104	0.00	195	0	0	0	nan	0.00	0.00	6.93	82.39	88.97	0.00	40	0	43	0.00	0.00	65.12	7.96	0.00	0.00	2000
223	11.01	2027	2101	0.00	198	0	0	0	nan	0.00	0.00	6.04	83.09	88.99	0.00	41	0	43	0.00	0.00	65.62	8.02	0.00	0.00	2000
223	10.83	2066	2096	0.00	197	0	0	0	nan	0.00	0.00	5.68	83.39	89.17	0.00	40	0	43	0.00	0.00	64.49	7.89	0.00	0.00	2000
224	10.99	2035	2100	0.00	197	0	0	0	nan	0.00	0.00	5.69	83.43	89.01	0.00	40	0	43	0.00	0.00	64.68	7.98	0.00	0.00	2000
222	10.99	2142	1977	0.00	201	0	0	0	nan	0.00	0.00	5.79	78.11	89.01	0.00	41	0	43	0.00	0.00	59.43	7.12	0.00	0.00	2000
225	10.32	2049	2236	0.00	194	0	0	0	nan	0.00	0.08	2.75	92.82	89.68	0.00	40	0	43	0.00	0.00	68.13	8.72	0.00	0.00	2000
221	10.93	2020	2099	0.00	195	0	0	0	nan	0.00	0.09	4.28	84.85	89.07	0.00	41	0	43	0.00	0.00	64.77	8.25	0.00	0.00	2000
222	10.86	2046	2097	0.00	200	0	0	0	nan	0.00	0.00	6.89	82.24	89.14	0.00	41	0	43	0.00	0.00	65.06	8.38	0.00	0.00	2000
222	11.01	2015	2102	0.00	196	0	0	0	nan	0.00	0.00	7.71	81.53	88.99	0.00	41	0	43	0.00	0.00	64.69	8.25	0.00	0.00	2000
223	11.02	2024	2100	0.00	200	0	0	0	nan	0.00	0.03	6.11	83.00	88.98	0.00	41	0	43	0.00	0.00	63.99	8.19	0.00	0.00	2000
219	11.10	2079	1992	0.00	195	0	0	0	nan	0.00	0.02	7.67	76.80	88.90	0.00	40	0	43	0.00	0.00	60.78	7.84	0.00	0.00	2000
226	10.38	2056	2219	0.00	196	0	0	0	nan	0.00	0.00	7.55	87.26	89.62	0.00	41	0	43	0.00	0.00	68.76	8.71	0.00	0.00	2000
222	10.72	2068	2101	0.00	197	0	0	0	nan	0.00	0.00	5.21	84.20	89.28	0.00	41	0	43	0.00	0.00	66.36	8.61	0.00	0.00	2000
217	11.19	2075	1966	0.00	195	0	0	0	nan	0.00	0.00	4.93	78.39	88.81	0.00	41	0	43	0.00	0.00	59.17	7.57	0.00	0.00	2000
229	10.70	2008	2243	0.55	198	0	0	16	13.04	0.00	0.00	4.90	90.72	89.30	0.00	41	0	43	0.00	0.00	68.26	8.92	0.00	0.00	2000
222	10.73	2075	2099	0.40	196	0	0	0	nan	0.00	0.00	7.78	81.58	89.27	0.00	40	0	43	0.00	0.00	66.66	8.09	0.00	0.00	2000
221	11.23	2091	1974	0.00	200	0	0	0	nan	0.00	0.01	7.58	75.98	88.77	0.00	41	0	42	0.00	0.00	59.24	7.71	0.00	0.00	2000
226	10.22	2077	2236	0.00	197	0	0	0	nan	0.00	0.03	6.19	89.45	89.78	0.00	41	0	43	0.00	0.00	69.20	9.16	0.00	0.00	2000
255	13.23	2095	1929	0.00	197	0	0	0	nan	0.00	0.00	6.15	73.65	86.77	0.00	40	0	43	0.00	0.00	58.01	7.42	0.00	0.00	2000
254	10.88	2143	2293	0.00	218	0	0	0	nan	0.00	0.09	3.95	93.47	89.12	0.00	40	0	43	0.00	0.00	72.62	9.27	0.00	0.00	2000
223	10.44	2133	2100	0.00	196	0	0	0	nan	0.00	1.06	2.60	86.00	89.56	0.00	41	0	43	0.00	0.00	66.10	8.25	0.00	0.00	2000
222	10.71	2072	2100	0.00	195	0	0	0	nan	0.00	0.01	4.58	84.83	89.29	0.00	41	0	43	0.00	0.00	63.68	8.11	0.00	0.00	2000
217	11.14	2097	1949	0.00	198	0	0	0	nan	0.00	0.00	4.49	77.96	88.86	0.00	41	0	43	0.00	0.00	58.87	7.70	0.00	0.00	2000
225	10.46	2035	2218	0.00	195	0	0	0	nan	0.00	0.01	6.62	88.09	89.54	0.00	42	0	43	0.00	0.00	71.84	9.71	0.00	0.00	2000
222	10.88	2081	2058	0.00	218	0	0	0	nan	0.00	0.00	7.20	80.21	89.12	0.00	42	0	43	0.00	0.00	66.50	8.73	0.00	0.00	2000
225	10.63	2077	2136	0.00	201	0	0	0	nan	0.01	0.01	7.08	83.90	89.37	0.00	41	0	43	0.00	0.00	66.77	9.41	0.00	0.00	2000
222	10.58	2063	2132	0.00	195	0	0	0	nan	0.00	0.00	6.23	84.65	89.42	0.00	42	0	43	0.00	0.00	66.06	9.00	0.00	0.00	2000
220	10.94	2054	2059	0.00	197	0	0	0	nan	0.00	0.00	5.58	81.83	89.06	0.00	42	0	43	0.00	0.00	66.41	8.84	0.00	0.00	2000
223	10.62	2082	2118	0.00	197	0	0	0	nan	0.04	0.03	7.09	83.10	89.38	0.00	42	0	43	0.00	0.00	66.03	8.95	0.00	0.00	2000
224	10.79	2074	2101	0.00	202	0	0	0	nan	0.00	0.00	8.04	81.32	89.21	0.00	42	0	43	0.00	0.00	66.12	9.06	0.00	0.00	2000
221	10.66	2062	2110	0.00	197	0	0	0	nan	0.00	0.00	7.39	82.44	89.34	0.00	42	0	43	0.00	0.00	66.14	8.99	0.00	0.00	2000
221	10.82	2067	2072	1.02	195	0	0	35	3.80	0.00	0.00	6.47	81.62	89.18	0.00	42	0	43	0.00	0.00	66.18	9.10	0.00	0.00	2000
222	10.48	2091	2131	0.66	196	0	0	0	nan	0.00	0.00	6.24	84.68	89.52	0.00	42	0	43	0.00	0.00	66.38	9.12	0.00	0.00	2000
220	10.69	2090	2069	0.00	197	0	0	0	nan	0.00	0.03	3.37	84.65	89.31	0.00	42	0	43	0.00	0.00	64.00	8.54	0.00	0.00	2000
223	10.32	2154	2109	0.00	198	0	0	0	nan	0.00	0.01	3.17	86.92	89.68	0.00	42	0	43	0.00	0.00	69.01	9.42	0.00	0.00	2000
222	10.62	2095	2098	0.00	197	0	0	0	nan	0.00	0.02	6.05	83.28	89.38	0.00	42	0	43	0.00	0.00	65.92	8.92	0.00	0.00	2000
223	10.76	2054	2123	0.00	199	0	0	0	nan	0.00	0.00	6.49	83.87	89.24	0.00	42	0	43	0.00	0.00	67.00	8.86	0.00	0.00	2000
221	10.74	2071	2084	0.00	199	0	0	0	nan	0.00	0.03	6.28	82.37	89.26	0.00	42	0	43	0.00	0.00	65.32	9.09	0.00	0.00	2000
222	10.63	2077	2111	0.00	195	0	0	0	nan	0.00	0.01	6.52	83.44	89.37	0.00	42	0	43	0.00	0.00	67.11	9.09	0.00	0.00	2000
223	10.80	2082	2079	0.00	199	0	0	0	nan	0.00	0.00	6.77	81.61	89.20	0.00	42	0	43	0.00	0.00	62.79	8.73	0.00	0.00	2000
222	10.58	2049	2151	0.00	197	0	0	0	nan	0.00	0.01	7.67	84.02	89.42	0.00	42	0	43	0.00	0.00	69.05	9.33	0.00	0.00	2000
220	10.88	2066	2059	0.00	198	0	0	0	nan	0.00	0.00	6.74	80.67	89.12	0.00	42	0	43	0.00	0.00	66.89	8.98	0.00	0.00	2000
221	10.47	2086	2126	0.00	195	0	0	0	nan	0.00	0.02	6.40	84.23	89.53	0.00	42	0	43	0.00	0.00	66.28	8.91	0.00	0.00	2000
221	10.79	2066	2077	0.00	196	0	0	0	nan	0.00	0.00	5.59	82.74	89.21	0.00	42	0	43	0.00	0.00	63.55	8.71	0.00	0.00	2000
224	10.81	2069	2099	0.00	199	0	0	0	nan	0.00	0.00	6.33	82.93	89.19	0.00	42	0	43	0.00	0.00	65.63	8.94	0.00	0.00	2000
221	10.76	2039	2111	0.00	196	0	0	0	nan	0.00	0.01	6.59	83.19	89.24	0.00	42	0	43	0.00	0.00	66.43	8.85	0.00	0.00	2000
221	10.94	2012	2103	0.00	197	0	0	0	nan	0.00	0.00	7.54	81.75	89.06	0.00	42	0	43	0.00	0.00	68.11	9.33	0.00	0.00	2000
220	10.53	2078	2109	0.00	195	0	0	0	nan	0.00	2.62	4.44	82.94	89.47	0.00	42	0	43	0.00	0.00	63.88	8.67	0.00	0.00	2000
222	10.90	2059	2078	0.59	197	0	0	33	5.59	0.00	0.00	6.74	81.50	89.10	0.00	42	0	43	0.00	0.00	66.41	9.15	0.00	0.00	2000
224	10.44	2158	2087	1.10	198	0	0	0	81.27	0.00	0.49	6.19	82.34	89.56	0.00	42	0	43	0.00	0.00	66.61	8.99	0.00	0.00	2000
222	10.61	2057	2138	0.00	201	0	0	0	nan	0.00	0.00	7.17	83.91	89.39	0.00	42	0	43	0.00	0.00	68.63	9.29	0.00	0.00	2000
221	10.89	2036	2093	0.00	198	0	0	0	nan	0.00	0.00	8.00	80.92	89.11	0.00	42	0	43	0.00	0.00	63.65	8.60	0.00	0.00	2000
221	10.95	2034	2081	0.00	196	0	0	0	nan	0.00	0.00	6.36	82.00	89.05	0.00	42	0	43	0.00	0.00	66.30	9.04	0.00	0.00	2000
222	10.49	2111	2103	0.00	198	0	0	0	nan	0.00	0.01	5.40	84.28	89.51	0.00	42	0	43	0.00	0.00	66.40	9.05	0.00	0.00	2000
222	10.81	2051	2104	0.00	196	0	0	0	nan	0.00	0.00	5.31	84.17	89.19	0.00	42	0	43	0.00	0.00	66.36	8.82	0.00	0.00	2000
223	10.65	2083	2111	0.00	198	0	0	0	nan	0.00	0.01	4.93	84.87	89.35	0.00	42	0	43	0.00	0.00	66.77	8.97	0.00	0.00	2000
216	11.22	2051	1971	0.00	194	0	0	0	nan	0.00	0.00	3.28	80.08	88.78	0.00	42	0	43	0.00	0.00	61.80	8.26	0.00	0.00	2000
226	10.55	2019	2230	0.00	214	0	0	0	nan	0.00	0.00	4.69	90.36	89.45	0.00	42	0	43	0.00	0.00	71.46	9.73	0.00	0.00	2000
218	10.79	2046	2078	0.00	211	0	0	0	nan	0.00	0.02	2.84	85.53	89.21	0.00	42	0	43	0.00	0.00	66.34	8.97	0.00	0.00	2000
222	10.36	2137	2109	0.00	195	0	0	0	nan	0.00	0.02	3.52	86.51	89.64	0.00	42	0	43	0.00	0.00	66.61	8.83	0.00	0.00	2000
216	10.88	2092	1993	0.00	195	0	0	0	nan	0.00	0.00	2.35	82.34	89.12	0.00	42	0	43	0.00	0.00	61.15	8.13	0.00	0.00	2000
224	10.51	2007	2227	0.00	211	0	0	0	nan	0.00	0.00	2.99	92.06	89.49	0.00	42	0	43	0.00	0.00	71.78	9.73	0.00	0.00	2000
221	10.64	2057	2116	0.00	195	0	0	0	nan	0.00	0.00	2.93	87.17	89.36	0.00	42	0	43	0.00	0.00	65.76	8.92	0.00	0.00	2000
220	10.93	2048	2065	0.00	212	0	0	0	nan	0.00	0.00	3.24	84.44	89.07	0.00	42	0	43	0.00	0.00	66.86	8.92	0.00	0.00	2000
222	10.58	2065	2132	0.00	195	0	0	0	nan	0.00	0.00	2.73	88.17	89.42	0.00	42	0	43	0.00	0.00	66.33	9.02	0.00	0.00	2000
218	10.73	2063	2074	1.04	195	0	0	35	3.87	0.00	0.00	3.77	84.40	89.27	0.00	42	0	43	0.00	0.00	65.90	8.86	0.00	0.00	2000
221	10.61	2061	2121	0.66	194	0	0	0	nan	0.00	0.02	2.95	87.41	89.39	0.00	42	0	43	0.00	0.00	66.50	8.95	0.00	0.00	2000
219	10.59	2081	2091	0.00	212	0	0	0	nan	0.00	0.00	2.95	86.09	89.41	0.00	41	0	43	0.00	0.00	66.04	8.59	0.00	0.00	2000
222	10.75	2078	2085	0.00	212	0	0	0	nan	0.00	0.00	3.48	85.19	89.25	0.00	41	0	42	0.00	0.00	61.75	7.50	0.00	0.00	2000
220	10.58	2074	2110	0.00	211	0	0	0	nan	0.00	0.00	3.40	86.54	89.42	0.00	41	0	43	0.00	0.00	66.52	8.00	0.00	0.00	2000
220	10.72	2063	2087	0.00	213	0	0	0	nan	0.00	0.01	2.97	85.84	89.28	0.00	42	0	43	0.00	0.00	61.96	7.37	0.00	0.00	2000
219	10.43	2051	2147	0.00	202	0	0	0	nan	0.00	0.02	3.07	88.52	89.57	0.00	39	0	43	0.00	0.00	66.88	8.01	0.00	0.00	2000
185	9.90	1879	2093	0.00	254	0	0	0	nan	0.00	0.02	6.58	83.15	90.10	0.00	38	0	43	0.00	0.00	64.21	7.84	0.00	0.00	2000
121	8.28	1408	2173	0.00	65	0	0	0	nan	0.00	0.00	14.19	80.68	91.72	0.00	38	0	43	0.00	0.00	61.91	8.07	0.00	0.00	2000
