Avg_MHz	Busy%	Bzy_MHz	TSC_MHz	IPC	IRQ	NMI	SMI	LLCMRPS	LLC%hit	POLL%	C1%	C1E%	C6%	CPU%c1	CPU%c6	CoreTmp	CoreThr	PkgTmp	Pkg%pc2	Pkg%pc6	PkgWatt	RAMWatt	PKG_%	RAM_%	UncMHz
290	16.41	1874	1980	0.00	246	0	0	0	nan	0.00	0.00	26.51	52.24	83.59	0.00	38	0	43	0.00	0.00	55.54	6.62	0.00	0.00	2000
404	16.98	2178	2296	0.00	242	0	0	0	nan	0.04	1.18	15.63	74.19	83.02	0.00	38	0	42	0.00	0.00	76.98	8.59	0.00	0.00	2000
79	6.61	1180	2126	0.00	211	0	0	0	nan	0.00	0.05	8.43	85.98	93.39	0.00	38	0	43	0.00	0.00	62.07	7.64	0.00	0.00	2000
74	6.64	1113	2103	0.00	193	0	0	0	nan	0.00	0.02	3.61	89.88	93.36	0.00	37	0	42	0.00	0.00	58.45	7.29	0.00	0.00	2000
73	6.16	1194	2098	0.00	193	0	0	0	nan	0.00	0.00	3.92	89.73	93.84	0.00	38	0	43	0.00	0.00	59.13	7.39	0.00	0.00	2000
72	6.47	1120	2082	0.00	195	0	0	0	nan	0.00	0.02	3.76	88.98	93.53	0.00	38	0	43	0.00	0.00	57.53	7.30	0.00	0.00	2000
75	6.48	1144	2123	0.00	194	0	0	0	nan	0.00	0.01	2.83	91.73	93.52	0.00	37	0	43	0.00	0.00	58.26	7.35	0.00	0.00	2000
73	6.31	1153	2107	0.00	195	0	0	0	nan	0.00	0.00	2.96	90.97	93.69	0.00	38	0	43	0.00	0.00	60.38	7.79	0.00	0.00	2000
73	6.48	1148	2072	0.00	193	0	0	0	nan	0.00	0.02	2.80	89.58	93.52	0.00	37	0	43	0.00	0.00	58.60	7.39	0.00	0.00	2000
72	6.40	1115	2123	0.00	193	0	0	0	nan	0.00	0.03	4.24	90.35	93.60	0.00	38	0	43	0.00	0.00	58.78	7.52	0.00	0.00	2000
73	6.64	1101	2092	0.00	193	0	0	0	nan	0.00	0.00	3.46	89.49	93.36	0.00	37	0	43	0.00	0.00	58.40	7.26	0.00	0.00	2000
73	6.21	1166	2110	0.00	194	0	0	0	nan	0.00	0.00	4.04	90.01	93.79	0.00	38	0	43	0.00	0.00	59.19	7.52	0.00	0.00	2000
70	6.27	1133	2067	0.00	193	0	0	0	nan	0.00	0.00	3.45	88.77	93.73	0.00	38	0	42	0.00	0.00	57.41	7.43	0.00	0.00	2000
73	6.60	1089	2134	0.00	194	0	0	0	nan	0.00	0.00	1.76	93.16	93.40	0.00	38	0	43	0.00	0.00	59.36	7.25	0.00	0.00	2000
74	6.55	1129	2103	0.00	193	0	0	0	nan	0.00	0.02	2.69	90.90	93.45	0.00	38	0	43	0.00	0.00	58.36	7.44	0.00	0.00	2000
72	6.35	1142	2094	0.00	194	0	0	1	88.72	0.03	0.00	3.35	90.02	93.65	0.00	38	0	43	0.00	0.00	60.86	7.70	0.00	0.00	2000
74	6.61	1114	2101	0.09	194	0	0	2	86.15	0.00	0.02	2.87	90.59	93.39	0.00	37	0	43	0.00	0.00	57.82	7.69	0.00	0.00	2000
70	6.16	1163	2064	0.00	194	0	0	0	nan	0.00	0.00	3.07	89.00	93.84	0.00	37	0	43	0.00	0.00	58.07	6.97	0.00	0.00	2000
141	8.72	1616	2107	0.00	212	0	0	0	nan	0.01	0.00	4.77	86.80	91.28	0.00	39	0	43	0.00	0.00	62.62	7.65	0.00	0.00	2000
233	11.14	2077	2117	0.00	202	0	0	0	nan	0.00	0.00	4.38	85.28	88.86	0.00	40	0	43	0.00	0.00	66.15	7.74	0.00	0.00	2000
246	11.52	2140	2091	0.00	202	0	0	0	nan	0.00	0.00	3.83	84.37	88.48	0.00	40	0	42	0.00	0.00	64.91	7.41	0.00	0.00	2000
236	10.75	2165	2129	0.00	202	0	0	0	nan	0.00	0.00	3.67	86.78	89.25	0.00	41	0	43	0.00	0.00	65.08	7.38	0.00	0.00	2000
227	11.05	2119	2039	0.00	204	0	0	0	nan	0.00	0.00	3.85	82.53	88.95	0.00	40	0	43	0.00	0.00	61.35	7.07	0.00	0.00	2000
236	10.98	2089	2165	0.00	215	0	0	0	nan	0.00	0.03	6.20	85.61	89.02	0.00	38	0	43	0.00	0.00	70.49	8.24	0.00	0.00	2000
232	11.15	2087	2093	0.00	199	0	0	0	nan	0.00	0.02	6.54	82.12	88.85	0.00	38	0	43	0.00	0.00	67.45	7.95	0.00	0.00	2000
232	11.33	2053	2099	0.00	199	0	0	0	nan	0.00	0.00	4.87	83.85	88.67	0.00	38	0	42	0.00	0.00	65.28	7.85	0.00	0.00	2000
230	10.92	2133	2074	0.00	205	0	0	0	nan	0.00	0.00	5.29	82.68	89.08	0.00	38	0	43	0.00	0.00	64.08	7.47	0.00	0.00	2000
234	10.89	2133	2110	0.00	199	0	0	0	nan	0.00	0.05	3.61	85.87	89.11	0.00	39	0	43	0.00	0.00	67.88	7.96	0.00	0.00	2000
232	10.70	2164	2107	0.00	197	0	0	0	nan	0.01	0.01	2.88	86.71	89.30	0.00	39	0	43	0.00	0.00	63.01	7.10	0.00	0.00	2000
232	10.77	2137	2115	0.00	198	0	0	0	nan	0.00	0.01	2.54	87.34	89.23	0.00	39	0	43	0.00	0.00	66.97	7.67	0.00	0.00	2000
228	11.27	2047	2074	0.00	198	0	0	0	nan	0.00	0.00	5.12	82.54	88.73	0.00	39	0	43	0.00	0.00	63.92	7.40	0.00	0.00	2000
232	11.11	2088	2103	0.00	218	0	0	0	nan	0.00	0.00	4.85	84.19	88.89	0.00	39	0	43	0.00	0.00	63.47	7.16	0.00	0.00	2000
231	10.95	2082	2123	0.00	197	0	0	5	92.53	0.00	0.02	6.42	83.52	89.05	0.00	39	0	43	0.00	0.00	68.04	7.98	0.00	0.00	2000
224	10.81	2114	2059	0.67	198	0	0	14	97.36	0.01	0.00	4.91	82.59	89.21	0.00	39	0	43	0.00	0.00	60.60	7.40	0.00	0.00	2000
230	11.05	2086	2099	0.00	197	0	0	0	nan	0.01	0.00	4.16	84.72	88.95	0.00	39	0	43	0.00	0.00	66.09	7.26	0.00	0.00	2000
232	10.99	2104	2106	0.00	215	0	0	0	nan	0.00	0.01	4.90	84.34	89.01	0.00	39	0	43	0.00	0.00	65.44	7.46	0.00	0.00	2000
227	10.69	2116	2108	0.00	217	0	0	0	nan	0.00	0.02	6.06	83.73	89.31	0.00	39	0	43	0.00	0.00	66.86	7.60	0.00	0.00	2000
230	10.92	2102	2107	0.00	196	0	0	0	nan	0.00	0.07	3.46	85.89	89.08	0.00	39	0	43	0.00	0.00	64.92	7.57	0.00	0.00	2000
224	10.77	2112	2071	0.00	214	0	0	0	nan	0.01	0.04	2.71	85.30	89.23	0.00	39	0	43	0.00	0.00	61.11	7.20	0.00	0.00	2000
235	11.11	2098	2119	0.00	198	0	0	0	nan	0.01	0.01	4.48	85.25	88.89	0.00	40	0	43	0.00	0.00	66.93	7.79	0.00	0.00	2000
231	10.63	2144	2128	0.00	216	0	0	0	nan	0.01	0.02	5.51	85.04	89.37	0.00	40	0	43	0.00	0.00	65.03	7.54	0.00	0.00	2000
224	10.86	2105	2060	0.00	196	0	0	0	nan	0.00	0.00	6.75	80.72	89.14	0.00	39	0	43	0.00	0.00	63.45	7.28	0.00	0.00	2000
232	11.08	2077	2112	0.00	196	0	0	0	nan	0.00	0.00	4.38	85.10	88.92	0.00	40	0	43	0.00	0.00	67.97	7.88	0.00	0.00	2000
231	11.03	2073	2125	0.00	212	0	0	0	nan	0.00	0.02	5.73	84.31	88.97	0.00	39	0	42	0.00	0.00	64.35	7.48	0.00	0.00	2000
231	11.13	2072	2106	0.00	202	0	0	0	nan	0.00	0.00	6.07	83.18	88.87	0.00	39	0	43	0.00	0.00	65.18	7.60	0.00	0.00	2000
228	10.90	2098	2098	0.00	199	0	0	0	nan	0.04	0.00	7.01	82.03	89.10	0.00	39	0	43	0.00	0.00	65.23	7.49	0.00	0.00	2000
225	10.86	2120	2055	0.00	199	0	0	0	nan	0.00	0.00	7.33	79.91	89.14	0.00	40	0	43	0.00	0.00	62.22	7.12	0.00	0.00	2000
235	10.93	2095	2153	0.00	199	0	0	0	nan	0.00	0.00	5.07	86.29	89.07	0.00	40	0	43	0.00	0.00	70.09	8.07	0.00	0.00	2000
228	10.72	2142	2082	0.00	198	0	0	0	nan	0.00	0.00	5.01	83.50	89.28	0.00	40	0	43	0.00	0.00	61.77	7.08	0.00	0.00	2000
231	10.98	2117	2083	0.29	197	0	0	8	95.65	0.00	0.00	4.85	83.44	89.02	0.00	40	0	43	0.00	0.00	65.55	7.55	0.00	0.00	2000
229	10.82	2083	2134	0.47	214	0	0	5	95.46	0.01	0.02	6.61	84.11	89.18	0.00	40	0	43	0.00	0.00	67.94	7.82	0.00	0.00	2000
226	10.48	2180	2076	0.00	197	0	0	0	nan	0.00	1.04	5.24	82.13	89.52	0.00	40	0	43	0.00	0.00	62.37	7.20	0.00	0.00	2000
230	10.76	2142	2092	0.00	197	0	0	0	nan	0.01	0.52	4.75	83.62	89.24	0.00	40	0	43	0.00	0.00	64.01	7.33	0.00	0.00	2000
233	10.89	2109	2132	0.00	197	0	0	0	nan	0.00	1.00	5.06	84.48	89.11	0.00	40	0	43	0.00	0.00	66.80	7.57	0.00	0.00	2000
234	10.90	2137	2104	0.00	199	0	0	0	nan	0.00	0.00	7.00	82.22	89.10	0.00	39	0	43	0.00	0.00	67.31	7.59	0.00	0.00	2000
228	11.02	2092	2075	0.00	197	0	0	0	nan	0.00	0.02	6.62	81.38	88.98	0.00	40	0	42	0.00	0.00	62.72	7.36	0.00	0.00	2000
230	10.96	2105	2089	0.00	196	0	0	0	nan	0.00	0.00	6.28	82.30	89.04	0.00	40	0	43	0.00	0.00	65.27	7.67	0.00	0.00	2000
225	10.75	2095	2100	0.00	212	0	0	0	nan	0.00	0.00	4.83	84.46	89.25	0.00	39	0	43	0.00	0.00	63.83	7.29	0.00	0.00	2000
229	11.09	2097	2067	0.00	194	0	0	0	nan	0.00	0.72	5.74	81.10	88.91	0.00	39	0	43	0.00	0.00	64.77	7.41	0.00	0.00	2000
236	10.77	2116	2175	0.00	220	0	0	0	nan	0.00	0.03	4.69	87.67	89.23	0.00	39	0	43	0.00	0.00	67.50	7.72	0.00	0.00	2000
226	11.06	2080	2063	0.00	196	0	0	0	nan	0.00	0.00	3.80	83.57	88.94	0.00	40	0	43	0.00	0.00	64.60	7.49	0.00	0.00	2000
224	10.74	2094	2094	0.00	215	0	0	0	nan	0.00	0.01	3.01	86.09	89.26	0.00	40	0	43	0.00	0.00	63.84	7.28	0.00	0.00	2000
230	10.72	2136	2111	0.00	198	0	0	0	nan	0.00	0.03	2.97	86.72	89.28	0.00	40	0	43	0.00	0.00	64.89	7.27	0.00	0.00	2000
236	11.32	2123	2066	0.00	199	0	0	0	nan	0.00	0.00	3.31	83.94	88.68	0.00	39	0	43	0.00	0.00	64.61	7.57	0.00	0.00	2000
229	10.72	2100	2140	0.00	214	0	0	0	nan	0.00	0.00	4.43	86.52	89.28	0.00	39	0	43	0.00	0.00	69.73	7.92	0.00	0.00	2000
231	10.98	2099	2106	0.00	198	0	0	0	nan	0.00	1.00	4.66	83.79	89.02	0.00	40	0	43	0.00	0.00	64.39	7.53	0.00	0.00	2000
232	11.12	2078	2104	0.53	202	0	0	10	92.68	0.00	0.02	6.30	82.84	88.88	0.00	40	0	43	0.00	0.00	65.92	7.56	0.00	0.00	2000
234	11.45	2068	2072	0.37	196	0	0	0	67.87	0.00	0.02	4.03	83.33	88.55	0.00	40	0	43	0.00	0.00	64.71	7.55	0.00	0.00	2000
231	10.79	2107	2135	0.00	216	0	0	0	nan	0.00	0.00	7.39	83.37	89.21	0.00	40	0	43	0.00	0.00	65.78	7.80	0.00	0.00	2000
230	11.01	2084	2109	0.00	198	0	0	0	nan	0.00	0.00	6.53	82.90	88.99	0.00	40	0	43	0.00	0.00	63.22	7.27	0.00	0.00	2000
232	10.96	2120	2101	0.00	199	0	0	0	nan	0.00	0.00	5.22	83.93	89.04	0.00	40	0	43	0.00	0.00	66.00	7.72	0.00	0.00	2000
226	10.92	2088	2082	0.00	195	0	0	0	nan	0.00	0.00	5.40	82.97	89.08	0.00	40	0	43	0.00	0.00	64.10	7.56	0.00	0.00	2000
224	11.01	2113	2023	0.00	199	0	0	0	nan	0.00	0.04	4.60	81.10	88.99	0.00	39	0	43	0.00	0.00	59.80	7.13	0.00	0.00	2000
252	11.27	2136	2196	0.00	238	0	0	0	nan	0.00	0.02	8.76	84.03	88.73	0.00	38	0	42	0.00	0.00	75.18	8.74	0.00	0.00	2000
233	11.40	2040	2104	0.00	197	0	0	0	nan	0.00	0.00	7.20	81.61	88.60	0.00	38	0	43	0.00	0.00	64.59	7.56	0.00	0.00	2000
232	11.05	2110	2093	0.00	198	0	0	0	nan	0.00	0.56	3.74	84.48	88.95	0.00	38	0	43	0.00	0.00	64.96	7.72	0.00	0.00	2000
232	11.88	2067	1981	0.00	195	0	0	0	nan	0.02	0.01	3.46	79.74	88.12	0.00	38	0	43	0.00	0.00	59.94	7.36	0.00	0.00	2000
243	10.97	2070	2249	0.00	222	0	0	0	nan	0.00	0.61	6.11	88.72	89.03	0.00	38	0	43	0.00	0.00	68.87	8.12	0.00	0.00	2000
233	11.15	2100	2089	0.00	200	0	0	0	nan	0.00	0.20	8.97	79.30	88.85	0.00	38	0	43	0.00	0.00	64.61	7.99	0.00	0.00	2000
232	11.03	2089	2113	0.00	196	0	0	0	nan	0.00	0.41	6.40	82.89	88.97	0.00	38	0	43	0.00	0.00	62.76	8.04	0.00	0.00	2000
233	11.06	2113	2098	0.00	197	0	0	0	nan	0.02	1.44	7.49	79.94	88.94	0.00	38	0	43	0.00	0.00	65.54	7.46	0.00	0.00	2000
235	11.20	2095	2099	0.00	196	0	0	0	nan	0.00	0.00	7.03	81.87	88.80	0.00	38	0	43	0.00	0.00	65.30	7.76	0.00	0.00	2000
234	11.07	2110	2101	0.00	204	0	0	0	nan	0.00	0.00	5.37	83.55	88.93	0.00	38	0	43	0.00	0.00	65.44	7.79	0.00	0.00	2000
231	11.04	2105	2090	0.21	180	0	0	12	26.56	0.00	0.01	7.23	81.36	88.96	0.00	38	0	43	0.00	0.00	62.83	7.59	0.00	0.00	2000
233	11.04	2099	2112	0.13	194	0	0	0	nan	0.01	0.00	6.04	83.54	88.96	0.00	38	0	43	0.00	0.00	61.76	8.02	0.00	0.00	2000
231	11.15	2087	2088	0.00	197	0	0	0	nan	0.00	0.00	5.85	82.54	88.85	0.00	37	0	43	0.00	0.00	64.54	7.54	0.00	0.00	2000
233	11.09	2089	2111	0.00	198	0	0	0	nan	0.02	0.01	7.72	81.69	88.91	0.00	38	0	43	0.00	0.00	64.44	7.76	0.00	0.00	2000
234	11.37	2059	2099	0.00	201	0	0	0	nan	0.01	0.00	6.93	81.79	88.63	0.00	38	0	43	0.00	0.00	66.14	7.75	0.00	0.00	2000
235	11.91	2117	1958	0.00	213	0	0	0	nan	0.00	0.02	9.63	72.35	88.09	0.00	38	0	43	0.00	0.00	61.21	7.09	0.00	0.00	2000
235	10.45	2104	2244	0.00	197	0	0	0	nan	0.00	0.00	5.73	90.07	89.55	0.00	38	0	43	0.00	0.00	67.32	8.01	0.00	0.00	2000
234	11.10	2100	2110	0.00	197	0	0	0	nan	0.00	0.07	3.12	86.26	88.90	0.00	38	0	43	0.00	0.00	66.30	7.85	0.00	0.00	2000
231	11.08	2093	2096	0.00	199	0	0	0	nan	0.00	0.03	5.31	83.55	88.92	0.00	38	0	43	0.00	0.00	62.50	7.41	0.00	0.00	2000
235	11.01	2133	2101	0.00	203	0	0	0	nan	0.00	0.00	5.52	83.50	88.99	0.00	38	0	43	0.00	0.00	65.95	7.85	0.00	0.00	2000
233	11.23	2075	2102	0.00	195	0	0	0	nan	0.00	0.02	7.67	81.33	88.77	0.00	38	0	43	0.00	0.00	66.43	8.11	0.00	0.00	2000
232	11.03	2099	2105	0.00	184	0	0	0	nan	0.00	0.01	6.35	82.84	88.97	0.00	38	0	43	0.00	0.00	63.28	7.93	0.00	0.00	2000
248	13.24	2174	1810	0.00	195	0	0	0	nan	0.00	0.01	5.83	69.10	86.76	0.00	38	0	43	0.00	0.00	47.70	5.92	0.00	0.00	2000
727	27.02	2490	2269	0.00	286	0	0	0	nan	0.00	0.01	2.91	76.07	72.98	0.00	39	0	43	0.00	0.00	82.18	10.40	0.00	0.00	2000
685	27.43	2500	2099	0.00	235	0	0	0	nan	0.00	0.00	4.43	68.22	72.57	0.00	39	0	43	0.00	0.00	73.21	8.96	0.00	0.00	2000
695	27.82	2500	2097	0.00	275	0	0	0	nan	0.00	0.00	3.84	68.37	72.18	0.00	39	0	43	0.00	0.00	73.32	8.59	0.00	0.00	2000
687	27.44	2500	2102	0.15	234	0	0	45	25.20	0.00	0.00	3.22	69.53	72.56	0.00	39	0	43	0.00	0.00	72.52	8.98	0.00	0.00	2000
692	27.68	2500	2101	0.08	275	0	0	2	34.81	0.00	0.00	3.89	68.59	72.32	0.00	39	0	43	0.00	0.00	73.28	8.96	0.00	0.00	2000
686	27.44	2500	2100	0.00	235	0	0	0	nan	0.00	0.00	3.21	69.48	72.56	0.00	39	0	43	0.00	0.00	73.03	9.00	0.00	0.00	2000
692	27.66	2500	2100	0.00	276	0	0	0	nan	0.00	0.01	4.37	68.10	72.34	0.00	40	0	43	0.00	0.00	72.55	8.85	0.00	0.00	2000
686	27.46	2500	2100	0.00	234	0	0	0	nan	0.00	0.00	3.62	69.03	72.54	0.00	39	0	43	0.00	0.00	73.19	8.45	0.00	0.00	2000
695	27.81	2500	2099	0.00	274	0	0	0	nan	0.00	0.00	6.05	66.22	72.19	0.00	40	0	43	0.00	0.00	70.32	9.02	0.00	0.00	2000
684	27.38	2500	2100	0.00	225	0	0	0	nan	0.00	0.00	4.00	68.72	72.62	0.00	40	0	43	0.00	0.00	73.12	8.89	0.00	0.00	2000
690	27.59	2500	2101	0.00	267	0	0	0	nan	0.00	0.00	3.90	68.67	72.42	0.00	40	0	43	0.00	0.00	73.00	8.81	0.00	0.00	2000
686	27.46	2500	2100	0.00	242	0	0	0	nan	0.00	0.00	3.57	69.09	72.54	0.00	40	0	43	0.00	0.00	72.99	8.87	0.00	0.00	2000
691	27.64	2500	2100	0.00	265	0	0	0	nan	0.00	0.00	3.58	68.91	72.36	0.00	40	0	43	0.00	0.00	73.00	9.08	0.00	0.00	2000
687	27.49	2500	2100	0.00	245	0	0	0	nan	0.00	0.00	3.17	69.49	72.51	0.00	40	0	43	0.00	0.00	72.91	8.78	0.00	0.00	2000
406	16.51	2320	2228	0.00	277	0	0	0	nan	0.00	0.02	4.67	84.05	83.49	0.00	39	0	43	0.00	0.00	79.37	9.53	0.00	0.00	2000
246	11.50	2127	2112	0.00	205	0	0	0	nan	0.00	0.02	6.83	82.21	88.50	0.00	38	0	43	0.00	0.00	66.92	8.34	0.00	0.00	2000
232	11.16	2111	2070	0.00	195	0	0	0	nan	0.00	0.00	7.50	80.14	88.84	0.00	38	0	43	0.00	0.00	61.79	7.70	0.00	0.00	2000
230	10.99	2069	2122	0.00	198	0	0	4	39.13	0.00	0.00	6.43	83.64	89.01	0.00	38	0	43	0.00	0.00	65.61	8.20	0.00	0.00	2000
234	10.77	2163	2105	0.55	198	0	0	14	36.19	0.00	0.03	4.34	84.96	89.23	0.00	38	0	43	0.00	0.00	65.98	8.21	0.00	0.00	2000
229	10.97	2138	2055	0.00	195	0	0	0	nan	0.00	0.03	2.97	84.17	89.03	0.00	38	0	43	0.00	0.00	62.33	7.69	0.00	0.00	2000
236	11.04	2118	2115	0.00	198	0	0	0	nan	0.00	0.23	6.19	83.26	88.96	0.00	38	0	43	0.00	0.00	67.63	8.37	0.00	0.00	2000
231	10.93	2102	2106	0.00	196	0	0	0	nan	0.00	0.43	7.74	81.36	89.07	0.00	38	0	43	0.00	0.00	64.68	7.91	0.00	0.00	2000
232	11.03	2070	2134	0.00	196	0	0	0	nan	0.00	0.00	7.62	82.92	88.97	0.00	38	0	43	0.00	0.00	65.55	8.16	0.00	0.00	2000
228	11.09	2090	2063	0.00	195	0	0	0	nan	0.00	0.02	5.64	81.74	88.91	0.00	38	0	43	0.00	0.00	64.70	8.12	0.00	0.00	2000
231	11.10	2066	2118	0.00	197	0	0	0	nan	0.00	0.02	6.49	83.32	88.90	0.00	38	0	43	0.00	0.00	64.96	8.10	0.00	0.00	2000
232	10.95	2090	2125	0.00	204	0	0	0	nan	0.00	0.00	8.09	82.07	89.05	0.00	39	0	43	0.00	0.00	64.61	7.61	0.00	0.00	2000
219	11.26	1955	2090	0.00	228	0	0	0	nan	0.00	0.04	8.44	79.92	88.74	0.00	39	0	43	0.00	0.00	63.74	7.46	0.00	0.00	2000
166	9.46	1726	2140	0.00	33	0	0	0	nan	0.00	0.00	26.54	65.90	90.54	0.00	38	0	43	0.00	0.00	63.33	7.09	0.00	0.00	2000
