Avg_MHz	Busy%	Bzy_MHz	TSC_MHz	IPC	IRQ	NMI	SMI	LLCMRPS	LLC%hit	POLL%	C1%	C1E%	C6%	CPU%c1	CPU%c6	CoreTmp	CoreThr	PkgTmp	Pkg%pc2	Pkg%pc6	PkgWatt	RAMWatt	PKG_%	RAM_%	UncMHz
200	11.38	1740	2123	0.00	242	0	0	0	nan	0.00	0.05	21.29	68.27	88.62	0.00	38	0	43	0.00	0.00	60.90	7.53	0.00	0.00	2000
316	14.64	2193	2066	0.00	203	0	0	0	nan	0.04	1.26	15.18	67.84	85.36	0.00	38	0	43	0.00	0.00	65.19	7.62	0.00	0.00	2000
212	11.71	1749	2169	0.00	218	0	0	0	nan	0.00	0.00	12.83	78.42	88.29	0.00	38	0	43	0.00	0.00	64.29	8.00	0.00	0.00	2000
75	6.57	1138	2102	0.00	193	0	0	0	nan	0.00	0.00	4.19	89.42	93.43	0.00	38	0	43	0.00	0.00	58.89	7.46	0.00	0.00	2000
71	6.75	1072	2068	0.00	194	0	0	0	nan	0.00	0.00	3.23	88.70	93.25	0.00	38	0	43	0.00	0.00	57.81	7.26	0.00	0.00	2000
73	6.94	1044	2102	0.00	194	0	0	0	nan	0.00	0.00	1.75	91.42	93.06	0.00	38	0	43	0.00	0.00	57.73	7.42	0.00	0.00	2000
75	6.43	1147	2124	0.00	211	0	0	0	nan	0.00	0.00	2.86	91.62	93.57	0.00	37	0	43	0.00	0.00	57.69	8.00	0.00	0.00	2000
73	6.44	1124	2102	0.00	177	0	0	0	nan	0.00	0.00	3.39	90.21	93.56	0.00	38	0	43	0.00	0.00	62.44	7.67	0.00	0.00	2000
72	6.49	1125	2082	0.00	194	0	0	0	nan	0.00	0.00	2.74	89.95	93.51	0.00	38	0	43	0.00	0.00	55.46	7.10	0.00	0.00	2000
71	6.45	1094	2120	0.00	193	0	0	0	nan	0.00	0.05	2.30	92.12	93.55	0.00	37	0	43	0.00	0.00	60.57	7.78	0.00	0.00	2000
74	6.46	1149	2090	0.00	194	0	0	0	nan	0.00	0.02	2.98	90.01	93.54	0.00	38	0	43	0.00	0.00	59.00	7.55	0.00	0.00	2000
72	6.32	1138	2111	0.00	197	1	0	0	nan	0.00	0.01	2.55	91.64	93.68	0.00	38	0	43	0.00	0.00	59.21	7.67	0.00	0.00	2000
74	6.77	1097	2083	0.00	207	0	0	0	nan	0.00	0.00	4.49	88.00	93.23	0.00	37	0	42	0.00	0.00	55.14	7.03	0.00	0.00	2000
73	6.56	1099	2114	0.00	195	0	0	0	nan	0.00	0.03	2.52	91.43	93.44	0.00	38	0	43	0.00	0.00	61.82	7.75	0.00	0.00	2000
74	6.52	1136	2101	0.00	196	0	0	0	nan	0.00	0.02	3.34	90.18	93.48	0.00	38	0	43	0.00	0.00	58.22	7.36	0.00	0.00	2000
74	6.33	1180	2074	0.00	195	0	0	1	90.05	0.00	0.02	3.13	89.36	93.67	0.00	37	0	43	0.00	0.00	56.04	7.19	0.00	0.00	2000
75	6.65	1123	2124	0.29	210	0	0	2	86.04	0.00	0.00	2.67	91.70	93.35	0.00	38	0	43	0.00	0.00	60.67	7.80	0.00	0.00	2000
72	6.33	1144	2086	0.00	193	0	0	0	nan	0.00	0.02	3.20	89.79	93.67	0.00	38	0	43	0.00	0.00	57.27	7.31	0.00	0.00	2000
135	8.72	1540	2108	0.00	200	0	0	0	nan	0.00	0.75	6.32	84.69	91.28	0.00	38	0	43	0.00	0.00	60.58	7.54	0.00	0.00	2000
228	11.06	2066	2097	0.00	197	0	0	0	nan	0.00	0.00	8.31	80.58	88.94	0.00	38	0	43	0.00	0.00	65.92	7.59	0.00	0.00	2000
231	11.10	2077	2101	0.00	197	0	0	0	nan	0.00	0.95	6.61	81.47	88.90	0.00	39	0	43	0.00	0.00	64.97	7.68	0.00	0.00	2000
232	11.28	2049	2106	0.00	198	0	0	0	nan	0.00	0.00	6.33	82.73	88.72	0.00	39	0	43	0.00	0.00	64.90	7.55	0.00	0.00	2000
225	10.78	2124	2060	0.00	197	0	0	0	nan	0.00	0.00	6.51	81.11	89.22	0.00	38	0	43	0.00	0.00	62.11	7.28	0.00	0.00	2000
233	10.81	2116	2139	0.00	215	0	0	0	nan	0.00	0.00	6.12	84.77	89.19	0.00	38	0	43	0.00	0.00	69.33	8.31	0.00	0.00	2000
232	11.07	2094	2105	0.00	215	0	0	0	nan	0.00	0.00	3.84	85.42	88.93	0.00	39	0	43	0.00	0.00	67.61	7.99	0.00	0.00	2000
227	10.92	2103	2077	0.00	198	0	0	0	nan	0.00	0.00	5.64	82.52	89.08	0.00	38	0	43	0.00	0.00	65.39	7.79	0.00	0.00	2000
234	11.30	2061	2112	0.00	199	0	0	0	nan	0.00	0.00	5.82	83.47	88.70	0.00	38	0	43	0.00	0.00	64.92	7.77	0.00	0.00	2000
229	11.34	2038	2083	0.00	203	0	0	0	nan	0.00	0.02	4.81	83.22	88.66	0.00	38	0	43	0.00	0.00	63.49	7.38	0.00	0.00	2000
233	10.87	2118	2129	0.00	199	0	0	0	nan	0.00	0.02	2.85	87.52	89.13	0.00	39	0	43	0.00	0.00	67.86	7.97	0.00	0.00	2000
231	10.90	2107	2116	0.00	196	0	0	0	nan	0.01	0.01	2.20	87.57	89.10	0.00	39	0	43	0.00	0.00	63.41	7.68	0.00	0.00	2000
230	11.09	2080	2098	0.00	200	0	0	0	nan	0.00	0.01	4.12	84.77	88.91	0.00	39	0	43	0.00	0.00	65.88	7.28	0.00	0.00	2000
229	11.52	1998	2089	0.00	197	0	0	0	nan	0.00	0.00	5.43	82.74	88.48	0.00	40	0	43	0.00	0.00	65.67	7.43	0.00	0.00	2000
233	11.38	2079	2068	0.00	199	0	0	4	94.61	0.00	0.00	2.66	84.63	88.62	0.00	39	0	43	0.00	0.00	63.11	7.35	0.00	0.00	2000
233	11.04	2075	2138	0.62	210	0	0	15	83.69	0.00	0.02	2.33	88.36	88.96	0.00	39	0	43	0.00	0.00	68.75	7.93	0.00	0.00	2000
224	10.69	2128	2072	0.00	194	0	0	0	nan	0.00	0.02	3.76	84.42	89.31	0.00	40	0	43	0.00	0.00	62.61	7.28	0.00	0.00	2000
229	11.07	2070	2098	0.00	198	0	0	0	nan	0.00	0.00	4.35	84.64	88.93	0.00	39	0	43	0.00	0.00	64.82	7.55	0.00	0.00	2000
230	11.26	2062	2084	0.00	213	0	0	0	nan	0.00	0.00	3.72	84.42	88.74	0.00	39	0	43	0.00	0.00	63.03	7.27	0.00	0.00	2000
233	11.17	2065	2119	0.00	194	0	0	0	nan	0.00	0.00	3.69	86.01	88.83	0.00	39	0	43	0.00	0.00	67.42	7.74	0.00	0.00	2000
232	10.80	2112	2134	0.00	211	0	0	0	nan	0.00	0.01	3.65	87.14	89.20	0.00	39	0	43	0.00	0.00	69.42	7.94	0.00	0.00	2000
228	11.04	2083	2085	0.00	195	0	0	0	nan	0.00	0.02	4.38	83.99	88.96	0.00	40	0	43	0.00	0.00	65.60	7.67	0.00	0.00	2000
229	11.05	2084	2089	0.00	194	0	0	0	nan	0.00	0.00	4.81	83.73	88.95	0.00	39	0	43	0.00	0.00	63.14	7.25	0.00	0.00	2000
231	11.20	2035	2124	0.00	195	0	0	0	nan	0.00	0.00	3.49	86.48	88.80	0.00	40	0	43	0.00	0.00	65.12	7.56	0.00	0.00	2000
225	10.86	2101	2075	0.00	194	0	0	0	nan	0.00	0.01	3.01	85.06	89.14	0.00	40	0	43	0.00	0.00	63.32	7.25	0.00	0.00	2000
234	11.24	2062	2121	0.00	211	0	0	0	nan	0.00	0.04	2.39	87.35	88.76	0.00	40	0	43	0.00	0.00	67.03	7.96	0.00	0.00	2000
226	10.84	2133	2056	0.00	194	0	0	0	nan	0.00	0.03	3.22	84.04	89.16	0.00	39	0	43	0.00	0.00	61.07	7.40	0.00	0.00	2000
233	11.03	2079	2131	0.00	195	0	0	0	nan	0.00	0.00	2.50	87.86	88.97	0.00	39	0	43	0.00	0.00	68.22	7.70	0.00	0.00	2000
231	10.87	2114	2111	0.00	193	0	0	0	nan	0.02	0.02	1.85	87.80	89.13	0.00	40	0	43	0.00	0.00	65.85	7.62	0.00	0.00	2000
231	10.90	2109	2107	0.00	197	0	0	0	nan	0.00	0.00	2.40	87.06	89.10	0.00	40	0	43	0.00	0.00	66.24	7.68	0.00	0.00	2000
231	10.95	2108	2102	0.00	198	0	0	0	nan	0.00	0.00	4.12	85.16	89.05	0.00	38	0	43	0.00	0.00	66.29	7.63	0.00	0.00	2000
228	11.17	2066	2079	0.00	195	0	0	5	71.27	0.00	0.00	4.06	83.94	88.83	0.00	39	0	43	0.00	0.00	63.59	7.36	0.00	0.00	2000
232	11.20	2072	2099	0.60	195	0	0	4	75.84	0.00	0.00	3.28	85.58	88.80	0.00	38	0	43	0.00	0.00	64.08	7.47	0.00	0.00	2000
235	11.14	2084	2128	0.00	195	0	0	0	nan	0.00	0.03	2.74	87.34	88.86	0.00	39	0	43	0.00	0.00	66.29	7.65	0.00	0.00	2000
230	10.95	2111	2093	0.00	194	0	0	0	nan	0.00	0.00	3.02	85.78	89.05	0.00	40	0	43	0.00	0.00	66.20	7.67	0.00	0.00	2000
227	10.96	2083	2090	0.00	194	0	0	0	nan	0.00	0.01	2.95	85.76	89.04	0.00	40	0	43	0.00	0.00	65.64	7.67	0.00	0.00	2000
405	19.29	2351	1873	0.00	210	0	0	0	nan	0.00	0.01	3.10	68.94	80.71	0.00	39	0	43	0.00	0.00	58.45	6.65	0.00	0.00	2000
688	26.94	2500	2144	0.00	265	0	0	0	nan	0.00	0.00	4.41	70.28	73.06	0.00	41	0	43	0.00	0.00	82.32	8.86	0.00	0.00	2000
683	27.31	2500	2101	0.00	244	0	0	0	nan	0.01	0.00	2.03	70.81	72.69	0.00	41	0	43	0.00	0.00	78.23	8.16	0.00	0.00	2000
685	27.42	2500	2098	0.00	243	0	0	0	nan	0.00	0.00	1.39	71.25	72.58	0.00	41	0	43	0.00	0.00	78.57	8.01	0.00	0.00	2000
692	27.62	2500	2103	0.00	242	0	0	0	nan	0.00	0.01	1.93	70.66	72.38	0.00	42	0	43	0.00	0.00	78.35	7.99	0.00	0.00	2000
686	27.45	2500	2098	0.00	244	0	0	0	nan	0.00	0.01	1.68	70.89	72.55	0.00	42	0	43	0.00	0.00	78.06	7.97	0.00	0.00	2000
686	27.38	2500	2104	0.00	242	0	0	0	nan	0.00	0.00	2.01	70.85	72.62	0.00	42	0	43	0.00	0.00	78.07	7.89	0.00	0.00	2000
686	27.47	2500	2096	0.00	245	0	0	0	nan	0.00	0.01	2.30	70.21	72.53	0.00	42	0	43	0.00	0.00	77.86	7.72	0.00	0.00	2000
690	27.55	2500	2104	0.00	245	0	0	0	nan	0.00	0.01	3.01	69.68	72.45	0.00	42	0	43	0.00	0.00	77.62	7.52	0.00	0.00	2000
686	27.49	2500	2097	0.00	244	0	0	0	nan	0.00	0.00	2.34	70.18	72.51	0.00	42	0	43	0.00	0.00	77.90	7.40	0.00	0.00	2000
686	27.40	2500	2104	1.47	242	0	0	40	91.71	0.00	0.01	2.27	70.58	72.60	0.00	42	0	43	0.00	0.00	77.94	7.47	0.00	0.00	2000
687	27.51	2500	2097	0.33	244	0	0	0	53.63	0.00	0.00	2.64	69.86	72.49	0.00	42	0	43	0.00	0.00	77.74	7.41	0.00	0.00	2000
689	27.53	2500	2103	0.00	245	0	0	0	nan	0.00	0.01	2.95	69.76	72.47	0.00	42	0	43	0.00	0.00	78.22	7.63	0.00	0.00	2000
686	27.47	2500	2096	0.00	243	0	0	0	nan	0.00	0.00	2.30	70.23	72.53	0.00	42	0	43	0.00	0.00	77.52	7.40	0.00	0.00	2000
685	27.37	2500	2103	0.00	242	0	0	0	nan	0.00	0.00	1.97	70.87	72.63	0.00	42	0	43	0.00	0.00	77.83	7.38	0.00	0.00	2000
686	27.45	2500	2098	0.00	244	0	0	0	nan	0.00	0.02	1.99	70.58	72.55	0.00	42	0	43	0.00	0.00	77.90	7.54	0.00	0.00	2000
685	27.38	2500	2103	0.00	242	0	0	0	nan	0.00	0.00	1.61	71.22	72.62	0.00	42	0	43	0.00	0.00	75.23	7.29	0.00	0.00	2000
686	27.48	2500	2096	0.00	245	0	0	0	nan	0.00	0.00	2.11	70.39	72.52	0.00	42	0	43	0.00	0.00	79.99	7.73	0.00	0.00	2000
687	27.43	2500	2104	0.00	244	0	0	0	nan	0.00	0.01	2.34	70.49	72.57	0.00	42	0	43	0.00	0.00	75.46	7.31	0.00	0.00	2000
685	27.46	2500	2096	0.00	244	0	0	0	nan	0.00	0.00	2.25	70.28	72.54	0.00	42	0	43	0.00	0.00	77.63	7.65	0.00	0.00	2000
686	27.39	2500	2103	0.00	243	0	0	0	nan	0.00	0.00	2.31	70.51	72.61	0.00	42	0	43	0.00	0.00	77.97	7.75	0.00	0.00	2000
686	27.48	2500	2097	0.00	244	0	0	0	nan	0.00	0.01	2.29	70.26	72.52	0.00	42	0	43	0.00	0.00	77.47	7.57	0.00	0.00	2000
685	27.38	2500	2103	0.00	242	0	0	0	nan	0.00	0.02	2.27	70.56	72.62	0.00	42	0	43	0.00	0.00	77.81	7.50	0.00	0.00	2000
685	27.46	2500	2097	0.00	243	0	0	2	84.60	0.00	0.01	2.29	70.25	72.54	0.00	42	0	43	0.00	0.00	77.91	7.70	0.00	0.00	2000
685	27.36	2500	2104	1.80	242	0	0	40	92.28	0.00	0.00	1.96	70.92	72.64	0.00	42	0	43	0.00	0.00	77.45	7.40	0.00	0.00	2000
687	27.51	2500	2097	0.00	244	0	0	0	nan	0.00	0.00	1.91	70.58	72.49	0.00	42	0	43	0.00	0.00	77.87	7.63	0.00	0.00	2000
686	27.37	2500	2104	0.00	242	0	0	0	nan	0.00	0.01	1.94	70.94	72.63	0.00	42	0	43	0.00	0.00	77.64	7.58	0.00	0.00	2000
685	27.45	2500	2096	0.00	244	0	0	0	nan	0.01	0.00	1.63	70.90	72.55	0.00	42	0	43	0.00	0.00	77.65	7.52	0.00	0.00	2000
685	27.36	2500	2104	0.00	242	0	0	0	nan	0.00	0.00	1.65	71.24	72.64	0.00	42	0	43	0.00	0.00	77.69	7.59	0.00	0.00	2000
685	27.45	2500	2096	0.00	243	0	0	0	nan	0.00	0.01	1.65	70.90	72.55	0.00	42	0	43	0.00	0.00	77.90	7.68	0.00	0.00	2000
685	27.38	2500	2103	0.00	242	0	0	0	nan	0.00	0.00	2.29	70.56	72.62	0.00	42	0	43	0.00	0.00	77.62	7.45	0.00	0.00	2000
686	27.48	2500	2096	0.00	244	0	0	0	nan	0.00	0.01	2.32	70.19	72.52	0.00	42	0	43	0.00	0.00	77.73	7.52	0.00	0.00	2000
686	27.38	2500	2104	0.00	242	0	0	0	nan	0.00	0.00	2.28	70.59	72.62	0.00	42	0	43	0.00	0.00	77.87	7.53	0.00	0.00	2000
687	27.50	2500	2097	0.00	244	0	0	0	nan	0.00	0.00	4.02	68.49	72.50	0.00	43	0	43	0.00	0.00	77.89	7.55	0.00	0.00	2000
687	27.44	2500	2103	0.00	247	0	0	0	nan	0.00	0.02	2.32	70.46	72.56	0.00	42	0	43	0.00	0.00	77.69	7.63	0.00	0.00	2000
686	27.49	2500	2096	0.00	246	0	0	0	nan	0.00	0.00	2.33	70.16	72.51	0.00	43	0	43	0.00	0.00	77.77	7.44	0.00	0.00	2000
687	27.44	2500	2104	0.00	243	0	0	0	nan	0.00	0.01	2.86	69.95	72.56	0.00	42	0	43	0.00	0.00	77.71	7.58	0.00	0.00	2000
685	27.46	2500	2097	0.00	243	0	0	18	91.61	0.00	0.00	2.26	70.28	72.54	0.00	42	0	43	0.00	0.00	77.80	7.59	0.00	0.00	2000
688	27.47	2500	2103	1.77	243	0	0	25	91.80	0.00	0.01	2.27	70.50	72.53	0.00	42	0	43	0.00	0.00	77.70	7.69	0.00	0.00	2000
686	27.46	2500	2097	0.00	242	0	0	0	nan	0.00	0.00	1.86	70.69	72.54	0.00	42	0	43	0.00	0.00	77.77	7.54	0.00	0.00	2000
686	27.40	2500	2103	0.00	243	0	0	0	nan	0.00	0.01	2.31	70.50	72.60	0.00	43	0	43	0.00	0.00	77.55	7.56	0.00	0.00	2000
685	27.44	2500	2096	0.00	245	0	0	0	nan	0.00	0.00	2.62	69.93	72.56	0.00	43	0	43	0.00	0.00	77.95	7.50	0.00	0.00	2000
686	27.40	2500	2103	0.00	242	0	0	0	nan	0.00	0.01	2.25	70.58	72.60	0.00	42	0	43	0.00	0.00	77.75	7.61	0.00	0.00	2000
687	27.50	2500	2098	0.00	243	0	0	0	nan	0.00	0.00	2.48	70.08	72.50	0.00	42	0	43	0.00	0.00	75.18	7.30	0.00	0.00	2000
685	27.40	2500	2102	0.00	242	0	0	0	nan	0.00	0.01	2.23	70.54	72.60	0.00	42	0	43	0.00	0.00	80.40	7.78	0.00	0.00	2000
687	27.52	2500	2098	0.00	244	0	0	0	nan	0.00	0.00	2.89	69.66	72.49	0.00	42	0	43	0.00	0.00	77.88	7.22	0.00	0.00	2000
690	27.47	2500	2110	0.00	242	0	0	0	nan	0.01	0.00	2.59	70.43	72.53	0.00	42	0	43	0.00	0.00	77.84	7.48	0.00	0.00	2000
693	27.86	2500	2090	0.00	320	0	0	0	nan	0.00	0.14	6.51	65.30	72.14	0.00	42	0	43	0.00	0.00	75.19	7.59	0.00	0.00	2000
692	27.65	2500	2104	0.00	245	0	0	0	nan	0.00	0.00	2.44	70.16	72.35	0.00	42	0	43	0.00	0.00	80.80	7.78	0.00	0.00	2000
686	27.42	2500	2100	0.00	242	0	0	0	nan	0.00	0.01	1.89	70.82	72.58	0.00	43	0	43	0.00	0.00	74.88	7.47	0.00	0.00	2000
687	27.51	2500	2098	0.00	246	0	0	0	nan	0.00	0.03	3.05	69.48	72.49	0.00	42	0	43	0.00	0.00	77.91	7.38	0.00	0.00	2000
684	27.39	2500	2096	0.78	243	0	0	37	92.11	0.00	0.00	1.95	70.64	72.61	0.00	43	0	43	0.00	0.00	77.74	7.63	0.00	0.00	2000
689	27.51	2500	2104	1.00	244	0	0	5	87.24	0.00	0.01	2.51	70.23	72.49	0.00	43	0	43	0.00	0.00	80.72	7.66	0.00	0.00	2000
684	27.42	2500	2097	0.00	242	0	0	0	nan	0.00	0.00	2.59	69.99	72.58	0.00	42	0	43	0.00	0.00	74.86	7.62	0.00	0.00	2000
688	27.47	2500	2104	0.00	244	0	0	0	nan	0.01	0.00	2.55	70.23	72.53	0.00	42	0	43	0.00	0.00	77.78	7.50	0.00	0.00	2000
684	27.42	2500	2096	0.00	244	0	0	0	nan	0.00	0.00	2.63	69.94	72.58	0.00	43	0	43	0.00	0.00	77.79	7.61	0.00	0.00	2000
688	27.45	2500	2104	0.00	243	0	0	0	nan	0.00	0.01	2.58	70.21	72.55	0.00	43	0	43	0.00	0.00	77.79	7.71	0.00	0.00	2000
683	27.40	2500	2096	0.00	242	0	0	0	nan	0.00	0.00	2.23	70.34	72.60	0.00	42	0	43	0.00	0.00	77.69	7.60	0.00	0.00	2000
688	27.48	2500	2104	0.00	245	0	0	0	nan	0.00	0.01	2.98	69.80	72.52	0.00	42	0	43	0.00	0.00	78.05	7.53	0.00	0.00	2000
684	27.41	2500	2097	0.00	243	0	0	0	nan	0.00	0.00	2.22	70.38	72.59	0.00	42	0	43	0.00	0.00	77.52	7.47	0.00	0.00	2000
687	27.45	2500	2103	0.00	244	0	0	0	nan	0.00	0.01	2.34	70.44	72.55	0.00	43	0	43	0.00	0.00	77.85	7.47	0.00	0.00	2000
683	27.38	2500	2096	0.00	244	0	0	0	nan	0.00	0.00	2.01	70.59	72.62	0.00	42	0	43	0.00	0.00	77.84	7.52	0.00	0.00	2000
688	27.47	2500	2104	0.00	242	0	0	0	nan	0.00	0.00	1.91	70.87	72.53	0.00	42	0	43	0.00	0.00	77.67	7.55	0.00	0.00	2000
684	27.39	2500	2096	0.00	242	0	0	0	nan	0.00	0.00	1.90	70.69	72.61	0.00	43	0	43	0.00	0.00	77.73	7.50	0.00	0.00	2000
687	27.45	2500	2103	0.00	243	0	0	0	nan	0.00	0.01	2.29	70.49	72.55	0.00	43	0	43	0.00	0.00	77.99	7.53	0.00	0.00	2000
685	27.44	2500	2098	1.69	243	0	0	40	91.38	0.00	0.00	2.25	70.34	72.56	0.00	42	0	43	0.00	0.00	77.68	7.47	0.00	0.00	2000
688	27.50	2500	2103	0.11	245	0	0	0	nan	0.00	0.00	2.95	69.77	72.50	0.00	42	0	43	0.00	0.00	77.83	7.61	0.00	0.00	2000
685	27.43	2500	2097	0.00	245	0	0	0	nan	0.00	0.00	2.63	69.94	72.57	0.00	42	0	43	0.00	0.00	77.72	7.65	0.00	0.00	2000
690	27.58	2500	2101	0.00	244	0	0	0	nan	0.01	0.00	2.86	69.73	72.42	0.00	43	0	43	0.00	0.00	77.71	7.46	0.00	0.00	2000
686	27.45	2500	2100	0.00	242	0	0	0	nan	0.00	0.00	2.21	70.45	72.55	0.00	42	0	43	0.00	0.00	77.81	7.70	0.00	0.00	2000
688	27.47	2500	2102	0.00	244	0	0	0	nan	0.00	0.00	2.58	70.14	72.53	0.00	43	0	43	0.00	0.00	77.72	7.49	0.00	0.00	2000
684	27.43	2500	2095	0.00	243	0	0	0	nan	0.00	0.00	2.23	70.30	72.57	0.00	43	0	43	0.00	0.00	78.22	7.63	0.00	0.00	2000
705	28.15	2500	2105	0.00	243	0	0	0	nan	0.00	0.01	2.11	70.02	71.85	0.00	43	0	43	0.00	0.00	77.99	7.56	0.00	0.00	2000
684	27.40	2500	2095	0.00	242	0	0	0	nan	0.00	0.00	2.26	70.30	72.60	0.00	43	0	43	0.00	0.00	77.39	7.68	0.00	0.00	2000
688	27.47	2500	2104	0.00	243	0	0	0	nan	0.00	0.01	1.89	70.90	72.53	0.00	42	0	43	0.00	0.00	78.19	7.54	0.00	0.00	2000
685	27.45	2500	2096	0.00	245	0	0	0	nan	0.00	0.00	3.12	69.39	72.55	0.00	43	0	43	0.00	0.00	77.77	7.65	0.00	0.00	2000
687	27.43	2500	2105	0.00	244	0	0	0	nan	0.00	0.01	2.24	70.60	72.57	0.00	42	0	43	0.00	0.00	77.95	7.72	0.00	0.00	2000
684	27.43	2500	2096	0.00	242	0	0	0	nan	0.00	0.00	2.23	70.33	72.57	0.00	42	0	43	0.00	0.00	77.63	7.57	0.00	0.00	2000
690	27.53	2500	2104	0.00	247	0	0	4	86.96	0.00	0.01	3.31	69.40	72.47	0.00	42	0	43	0.00	0.00	77.64	7.79	0.00	0.00	2000
684	27.42	2500	2096	1.81	242	0	0	38	91.48	0.00	0.00	2.23	70.33	72.58	0.00	42	0	43	0.00	0.00	77.99	7.75	0.00	0.00	2000
688	27.47	2500	2103	0.00	244	0	0	0	nan	0.00	0.01	2.99	69.75	72.53	0.00	43	0	43	0.00	0.00	77.80	7.69	0.00	0.00	2000
684	27.41	2500	2097	0.00	243	0	0	0	nan	0.00	0.00	2.29	70.31	72.59	0.00	43	0	43	0.00	0.00	78.02	7.58	0.00	0.00	2000
489	19.49	2334	2257	0.00	299	0	0	0	nan	0.00	0.01	5.10	81.43	80.51	0.00	40	0	43	0.00	0.00	75.12	8.01	0.00	0.00	2000
234	11.16	2070	2125	0.00	223	0	0	0	nan	0.00	0.02	4.77	85.14	88.84	0.00	39	0	43	0.00	0.00	70.52	8.47	0.00	0.00	2000
128	8.39	1498	2133	0.00	236	0	0	0	nan	0.00	0.00	7.18	85.90	91.61	0.00	39	0	43	0.00	0.00	62.15	7.46	0.00	0.00	2000
97	8.07	1192	2123	0.00	146	0	0	0	nan	0.00	0.03	6.47	86.35	91.93	0.00	39	0	43	0.00	0.00	59.68	7.71	0.00	0.00	2000
