Avg_MHz	Busy%	Bzy_MHz	TSC_MHz	IPC	IRQ	NMI	SMI	LLCMRPS	LLC%hit	POLL%	C1%	C1E%	C6%	CPU%c1	CPU%c6	CoreTmp	CoreThr	PkgTmp	Pkg%pc2	Pkg%pc6	PkgWatt	RAMWatt	PKG_%	RAM_%	UncMHz
334	15.93	2051	2149	0.00	238	0	0	0	nan	0.00	0.22	36.82	49.03	84.07	0.00	38	0	43	0.00	0.00	68.28	8.21	0.00	0.00	2000
320	15.58	2033	2120	0.00	208	0	0	0	nan	0.05	0.78	17.30	67.29	84.42	0.00	38	0	43	0.00	0.00	66.28	7.71	0.00	0.00	2000
77	6.78	1146	2086	0.00	194	0	0	0	nan	0.00	0.04	3.86	88.70	93.22	0.00	38	0	43	0.00	0.00	57.44	7.40	0.00	0.00	2000
74	6.60	1103	2121	0.00	193	0	0	0	nan	0.00	0.00	3.82	90.43	93.40	0.00	38	0	43	0.00	0.00	60.31	7.77	0.00	0.00	2000
77	6.23	1225	2109	0.00	194	0	0	0	nan	0.00	0.02	3.37	90.66	93.77	0.00	38	0	42	0.00	0.00	60.23	7.66	0.00	0.00	2000
73	6.37	1142	2095	0.00	193	0	0	0	nan	0.00	0.02	2.80	90.50	93.63	0.00	38	0	43	0.00	0.00	58.66	7.58	0.00	0.00	2000
72	6.49	1122	2087	0.00	194	0	0	0	nan	0.00	0.00	3.11	89.73	93.51	0.00	38	0	43	0.00	0.00	56.97	7.44	0.00	0.00	2000
72	6.80	1063	2091	0.00	193	0	0	0	nan	0.00	0.01	2.87	89.85	93.20	0.00	38	0	42	0.00	0.00	57.65	7.43	0.00	0.00	2000
73	6.82	1059	2119	0.00	210	0	0	0	nan	0.00	0.00	3.92	90.11	93.18	0.00	37	0	42	0.00	0.00	60.95	7.79	0.00	0.00	2000
71	6.38	1121	2076	0.00	193	0	0	0	nan	0.00	0.00	3.28	89.30	93.62	0.00	38	0	42	0.00	0.00	55.85	7.19	0.00	0.00	2000
75	6.64	1122	2126	0.00	193	0	0	0	nan	0.00	0.00	4.13	90.34	93.36	0.00	38	0	43	0.00	0.00	62.05	7.90	0.00	0.00	2000
74	6.60	1115	2101	0.00	197	0	0	0	nan	0.00	0.00	5.82	87.69	93.40	0.00	38	0	42	0.00	0.00	56.45	7.27	0.00	0.00	2000
71	6.56	1097	2078	0.00	196	0	0	0	nan	0.00	0.00	3.82	88.67	93.44	0.00	38	0	43	0.00	0.00	58.77	7.52	0.00	0.00	2000
73	6.60	1083	2134	0.00	192	0	0	0	nan	0.00	0.00	1.81	93.03	93.40	0.00	37	0	42	0.00	0.00	61.96	7.85	0.00	0.00	2000
72	6.84	1065	2063	0.00	194	0	0	0	nan	0.00	0.01	2.72	88.94	93.16	0.00	38	0	43	0.00	0.00	56.06	7.11	0.00	0.00	2000
72	7.07	1019	2105	0.00	196	0	0	1	86.78	0.00	0.00	5.15	88.12	92.93	0.00	37	0	43	0.00	0.00	59.15	7.45	0.00	0.00	2000
75	6.83	1090	2126	0.29	209	0	0	2	89.53	0.00	0.00	4.13	90.09	93.17	0.00	38	0	42	0.00	0.00	60.05	7.77	0.00	0.00	2000
72	6.59	1092	2095	0.00	193	0	0	0	nan	0.00	0.00	3.19	89.98	93.41	0.00	38	0	43	0.00	0.00	59.51	7.35	0.00	0.00	2000
173	9.72	1786	2089	0.00	216	0	0	0	nan	0.00	0.02	4.46	85.49	90.28	0.00	39	0	42	0.00	0.00	61.95	7.73	0.00	0.00	2000
229	10.87	2103	2105	0.00	204	0	0	0	nan	0.00	0.00	3.91	85.53	89.13	0.00	40	0	43	0.00	0.00	66.27	7.59	0.00	0.00	2000
233	11.18	2085	2096	0.00	213	0	0	0	nan	0.00	0.02	3.25	85.46	88.82	0.00	41	0	43	0.00	0.00	64.31	7.29	0.00	0.00	2000
231	10.89	2110	2114	0.00	219	0	0	0	nan	0.00	0.00	3.39	86.40	89.11	0.00	41	0	43	0.00	0.00	65.84	7.67	0.00	0.00	2000
227	11.09	2098	2053	0.00	181	0	0	0	nan	0.00	0.01	5.32	81.82	88.91	0.00	39	0	42	0.00	0.00	62.68	7.30	0.00	0.00	2000
237	11.13	2073	2156	0.00	215	0	0	0	nan	0.00	0.53	4.17	86.60	88.87	0.00	38	0	43	0.00	0.00	71.03	8.38	0.00	0.00	2000
228	11.67	2083	1971	0.00	198	0	0	0	nan	0.00	0.01	3.85	79.22	88.33	0.00	38	0	43	0.00	0.00	59.59	7.26	0.00	0.00	2000
234	10.65	2065	2231	0.00	233	0	0	0	nan	0.00	0.55	5.25	89.32	89.35	0.00	38	0	43	0.00	0.00	72.14	8.41	0.00	0.00	2000
229	11.19	2062	2083	0.00	195	0	0	0	nan	0.00	0.02	5.19	82.99	88.81	0.00	38	0	43	0.00	0.00	62.90	7.39	0.00	0.00	2000
232	11.03	2094	2113	0.00	200	0	0	0	nan	0.00	0.00	5.06	84.55	88.97	0.00	39	0	43	0.00	0.00	68.71	7.95	0.00	0.00	2000
229	11.09	2066	2098	0.00	198	0	0	0	nan	0.01	0.00	4.32	84.58	88.91	0.00	39	0	43	0.00	0.00	62.73	7.36	0.00	0.00	2000
234	11.28	2074	2102	0.00	201	0	0	0	nan	0.00	0.00	5.45	83.47	88.72	0.00	39	0	43	0.00	0.00	66.06	7.72	0.00	0.00	2000
229	11.27	2029	2104	0.00	197	0	0	0	nan	0.00	0.00	6.04	82.95	88.73	0.00	39	0	43	0.00	0.00	65.09	7.64	0.00	0.00	2000
228	11.12	2060	2090	0.00	199	0	0	0	nan	0.00	0.00	6.69	81.87	88.88	0.00	39	0	42	0.00	0.00	61.74	7.54	0.00	0.00	2000
232	11.33	2030	2115	0.00	201	0	0	6	90.38	0.00	0.00	5.47	83.91	88.67	0.00	39	0	43	0.00	0.00	70.93	7.62	0.00	0.00	2000
233	11.31	2058	2099	0.55	200	0	0	14	77.25	0.00	0.02	3.22	85.49	88.69	0.00	39	0	43	0.00	0.00	65.44	7.63	0.00	0.00	2000
229	11.22	2073	2069	0.00	201	0	0	0	nan	0.00	0.02	3.95	83.57	88.78	0.00	39	0	43	0.00	0.00	62.93	7.38	0.00	0.00	2000
231	11.13	2045	2128	0.00	214	0	0	0	nan	0.00	0.09	5.08	85.02	88.87	0.00	40	0	43	0.00	0.00	66.93	7.83	0.00	0.00	2000
231	11.20	2059	2103	0.00	198	0	0	0	nan	0.01	0.01	4.38	84.56	88.80	0.00	40	0	43	0.00	0.00	64.56	7.34	0.00	0.00	2000
225	11.08	2059	2071	0.00	200	0	0	0	nan	0.00	0.00	5.96	81.77	88.92	0.00	39	0	43	0.00	0.00	63.82	7.43	0.00	0.00	2000
235	11.12	2086	2132	0.00	197	0	0	0	nan	0.00	0.00	5.56	84.80	88.88	0.00	39	0	43	0.00	0.00	66.18	7.72	0.00	0.00	2000
234	11.35	2055	2105	0.00	204	0	0	0	nan	0.00	0.02	3.84	85.13	88.65	0.00	38	0	43	0.00	0.00	69.90	8.18	0.00	0.00	2000
231	11.05	2095	2095	0.00	198	0	0	0	nan	0.00	0.00	5.33	83.49	88.95	0.00	38	0	43	0.00	0.00	66.09	7.75	0.00	0.00	2000
230	11.27	2042	2101	0.00	199	0	0	0	nan	0.00	0.01	5.47	83.46	88.73	0.00	38	0	43	0.00	0.00	62.70	7.41	0.00	0.00	2000
229	11.07	2074	2095	0.00	197	0	0	0	nan	0.00	0.00	5.36	83.40	88.94	0.00	39	0	43	0.00	0.00	65.87	7.56	0.00	0.00	2000
230	11.15	2072	2095	0.00	196	0	0	0	nan	0.00	0.00	4.74	83.97	88.85	0.00	39	0	43	0.00	0.00	65.67	7.59	0.00	0.00	2000
235	11.09	2107	2114	0.00	200	0	0	0	nan	0.00	0.01	5.14	84.39	88.91	0.00	39	0	43	0.00	0.00	66.01	7.75	0.00	0.00	2000
226	10.91	2093	2079	0.00	203	0	0	0	nan	0.00	0.00	4.82	83.43	89.09	0.00	39	0	43	0.00	0.00	64.05	7.64	0.00	0.00	2000
235	11.08	2099	2119	0.00	199	0	0	0	nan	0.00	0.00	4.69	85.09	88.92	0.00	38	0	43	0.00	0.00	66.85	7.84	0.00	0.00	2000
232	10.93	2128	2097	0.00	198	0	0	0	nan	0.00	0.00	3.80	85.16	89.07	0.00	38	0	42	0.00	0.00	66.42	7.73	0.00	0.00	2000
230	11.18	2064	2098	0.00	199	0	0	0	nan	0.00	0.03	5.92	82.96	88.82	0.00	39	0	43	0.00	0.00	65.79	7.71	0.00	0.00	2000
229	11.28	2036	2093	0.00	197	0	0	8	93.38	0.00	0.00	5.81	82.69	88.72	0.00	39	0	42	0.00	0.00	66.03	7.61	0.00	0.00	2000
236	11.15	2109	2107	0.91	195	0	0	17	93.46	0.00	0.00	3.33	85.97	88.85	0.00	40	0	42	0.00	0.00	65.72	7.52	0.00	0.00	2000
231	11.10	2072	2109	0.00	194	0	0	0	nan	0.00	0.00	3.51	85.84	88.90	0.00	39	0	42	0.00	0.00	66.05	7.74	0.00	0.00	2000
231	11.17	2082	2086	0.00	197	0	0	0	nan	0.00	0.00	4.80	83.52	88.83	0.00	39	0	43	0.00	0.00	65.87	7.62	0.00	0.00	2000
231	11.05	2092	2101	0.00	194	0	0	0	nan	0.00	0.02	3.51	85.55	88.95	0.00	39	0	43	0.00	0.00	65.09	7.45	0.00	0.00	2000
231	11.16	2052	2116	0.00	194	0	0	0	nan	0.00	0.00	3.19	86.36	88.84	0.00	39	0	43	0.00	0.00	65.49	7.56	0.00	0.00	2000
230	11.23	2053	2096	0.00	195	0	0	0	nan	0.00	0.02	3.34	85.37	88.77	0.00	39	0	43	0.00	0.00	65.54	7.63	0.00	0.00	2000
227	11.25	2057	2058	0.00	194	0	0	0	nan	0.00	0.00	2.75	84.34	88.75	0.00	40	0	42	0.00	0.00	62.23	7.33	0.00	0.00	2000
224	12.11	2147	1812	0.00	217	0	0	0	nan	0.00	0.00	3.57	72.31	87.89	0.00	38	0	43	0.00	0.00	55.72	6.57	0.00	0.00	2000
237	9.97	2008	2490	0.00	243	0	0	0	nan	0.00	0.02	3.32	103.52	90.03	0.00	40	0	42	0.00	0.00	78.13	9.07	0.00	0.00	2000
222	10.52	2095	2115	0.00	194	0	0	0	nan	0.00	0.00	2.45	87.66	89.48	0.00	40	0	43	0.00	0.00	66.88	7.68	0.00	0.00	2000
221	10.45	2112	2102	0.00	195	0	0	0	nan	0.00	0.00	3.32	86.37	89.55	0.00	40	0	43	0.00	0.00	65.19	7.52	0.00	0.00	2000
226	10.66	2133	2089	0.00	196	0	0	0	nan	0.00	0.00	4.18	84.74	89.34	0.00	40	0	43	0.00	0.00	65.37	7.58	0.00	0.00	2000
221	10.85	2034	2104	0.00	198	0	0	0	nan	0.00	0.00	2.93	86.41	89.15	0.00	40	0	43	0.00	0.00	64.49	7.46	0.00	0.00	2000
223	10.49	2119	2105	0.00	196	0	0	0	nan	0.00	0.03	2.75	87.03	89.51	0.00	40	0	43	0.00	0.00	65.51	7.50	0.00	0.00	2000
221	10.79	2051	2097	0.00	195	0	0	0	nan	0.00	0.00	3.53	85.62	89.21	0.00	41	0	43	0.00	0.00	64.67	7.52	0.00	0.00	2000
218	10.98	2064	2024	0.00	194	0	0	0	nan	0.00	0.01	2.59	83.32	89.02	0.00	40	0	43	0.00	0.00	62.69	7.26	0.00	0.00	2000
222	10.63	2025	2169	0.00	194	0	0	12	95.12	0.00	0.00	2.97	89.40	89.37	0.00	40	0	43	0.00	0.00	64.92	7.45	0.00	0.00	2000
222	10.90	2038	2097	0.61	195	0	0	9	94.54	0.00	0.00	3.50	85.57	89.10	0.00	40	0	43	0.00	0.00	66.36	7.61	0.00	0.00	2000
228	10.93	2069	2116	0.00	197	0	0	0	nan	0.00	0.00	4.42	85.45	89.07	0.00	40	0	43	0.00	0.00	65.49	7.56	0.00	0.00	2000
220	10.77	2062	2084	0.00	194	0	0	0	nan	0.00	0.00	3.03	85.63	89.23	0.00	40	0	43	0.00	0.00	64.33	7.48	0.00	0.00	2000
221	10.88	2022	2112	0.00	197	0	0	0	nan	0.00	0.00	2.69	87.05	89.12	0.00	40	0	43	0.00	0.00	64.31	7.48	0.00	0.00	2000
528	23.03	2420	1990	0.00	279	0	0	0	nan	0.00	0.01	2.66	70.34	76.97	0.00	39	0	43	0.00	0.00	60.77	7.19	0.00	0.00	2000
689	27.53	2499	2102	0.00	265	0	0	0	nan	0.00	0.00	6.00	66.67	72.47	0.00	39	0	43	0.00	0.00	71.20	7.79	0.00	0.00	2000
683	27.34	2500	2100	0.00	252	0	0	0	nan	0.00	0.00	3.60	69.19	72.67	0.00	39	0	43	0.00	0.00	70.83	7.57	0.00	0.00	2000
686	27.47	2500	2099	0.00	261	0	0	0	nan	0.00	0.01	3.62	68.99	72.53	0.00	39	0	43	0.00	0.00	71.10	7.48	0.00	0.00	2000
684	27.37	2500	2100	0.00	251	0	0	0	nan	0.00	0.00	3.66	69.10	72.63	0.00	40	0	43	0.00	0.00	70.89	7.53	0.00	0.00	2000
689	28.53	2500	2028	0.00	255	0	0	0	nan	0.00	0.02	3.95	65.15	71.47	0.00	40	0	43	0.00	0.00	66.72	7.12	0.00	0.00	2000
685	27.42	2500	2098	0.00	248	0	0	0	nan	0.00	0.69	6.56	65.40	72.58	0.00	39	0	43	0.00	0.00	71.22	7.67	0.00	0.00	2000
674	24.40	2500	2322	0.00	266	0	0	0	nan	0.00	0.00	7.81	75.91	75.60	0.00	40	0	42	0.00	0.00	83.89	8.89	0.00	0.00	2000
229	11.67	2240	1837	0.00	202	0	0	0	nan	0.00	1.00	8.51	67.76	88.33	0.00	40	0	43	0.00	0.00	56.80	6.58	0.00	0.00	2000
227	10.07	1997	2368	0.00	230	0	0	0	nan	0.00	0.02	2.95	98.50	89.93	0.00	39	0	43	0.00	0.00	73.16	8.51	0.00	0.00	2000
231	10.71	2127	2126	0.00	210	0	0	1	82.72	0.00	0.00	3.42	87.09	89.29	0.00	39	0	43	0.00	0.00	67.67	7.91	0.00	0.00	2000
227	11.10	2075	2071	0.58	194	0	0	2	85.99	0.00	0.00	4.09	83.67	88.90	0.00	39	0	43	0.00	0.00	66.55	7.50	0.00	0.00	2000
236	10.88	2134	2134	0.04	195	0	0	0	nan	0.00	0.01	2.73	87.88	89.12	0.00	39	0	43	0.00	0.00	64.63	7.52	0.00	0.00	2000
228	10.87	2105	2096	0.00	194	0	0	0	nan	0.00	0.00	4.06	84.97	89.13	0.00	39	0	43	0.00	0.00	66.71	7.65	0.00	0.00	2000
224	10.78	2098	2084	0.00	178	0	0	0	nan	0.00	0.00	3.20	85.42	89.22	0.00	39	0	42	0.00	0.00	63.49	7.26	0.00	0.00	2000
229	10.89	2102	2099	0.00	194	0	0	0	nan	0.00	0.02	3.08	86.05	89.11	0.00	39	0	43	0.00	0.00	65.53	7.65	0.00	0.00	2000
234	11.13	2081	2125	0.00	196	0	0	0	nan	0.00	0.00	3.45	86.46	88.87	0.00	39	0	43	0.00	0.00	66.68	7.76	0.00	0.00	2000
228	11.04	2088	2077	0.00	195	0	0	0	nan	0.00	0.03	2.99	85.10	88.96	0.00	39	0	43	0.00	0.00	64.03	7.36	0.00	0.00	2000
228	11.13	2041	2109	0.00	194	0	0	0	nan	0.00	0.00	2.06	87.26	88.87	0.00	39	0	43	0.00	0.00	67.93	7.95	0.00	0.00	2000
231	10.95	2095	2114	0.00	192	0	0	0	nan	0.00	0.00	2.28	87.37	89.05	0.00	39	0	43	0.00	0.00	65.75	7.58	0.00	0.00	2000
229	10.76	2126	2098	0.00	198	0	0	0	nan	0.00	0.00	4.06	85.17	89.24	0.00	39	0	43	0.00	0.00	65.17	7.68	0.00	0.00	2000
228	10.68	2152	2082	0.00	199	0	0	0	nan	0.00	0.02	4.52	84.05	89.32	0.00	39	0	43	0.00	0.00	63.67	7.23	0.00	0.00	2000
228	10.88	2097	2095	0.00	195	0	0	0	nan	0.00	0.02	3.77	85.25	89.12	0.00	39	0	43	0.00	0.00	65.60	7.42	0.00	0.00	2000
233	11.16	2073	2112	0.00	195	0	0	0	nan	0.00	0.00	4.13	85.27	88.85	0.00	39	0	43	0.00	0.00	64.84	7.61	0.00	0.00	2000
229	11.29	2030	2098	0.00	194	0	0	0	nan	0.00	0.00	4.01	84.76	88.71	0.00	39	0	43	0.00	0.00	66.08	7.72	0.00	0.00	2000
164	9.28	1762	2105	0.00	198	0	0	0	nan	0.00	0.00	6.26	84.69	90.72	0.00	38	0	43	0.00	0.00	65.35	7.88	0.00	0.00	2000
76	6.92	1095	2100	0.00	195	0	0	0	nan	0.00	0.00	3.37	89.66	93.08	0.00	38	0	43	0.00	0.00	60.22	7.63	0.00	0.00	2000
207	10.41	2062	2025	0.00	200	0	0	0	nan	0.00	0.02	3.95	82.41	89.59	0.00	40	0	43	0.00	0.00	59.32	6.89	0.00	0.00	2000
233	11.15	2027	2165	0.85	215	0	0	3	86.56	0.00	0.00	3.37	88.24	88.85	0.00	41	0	43	0.00	0.00	67.64	7.95	0.00	0.00	2000
230	10.91	2105	2105	0.30	204	0	0	0	nan	0.00	0.03	4.95	84.40	89.09	0.00	41	0	43	0.00	0.00	65.11	7.55	0.00	0.00	2000
106	7.16	1477	2099	0.00	199	0	0	0	nan	0.00	0.00	5.80	86.89	92.84	0.00	38	0	43	0.00	0.00	62.08	7.60	0.00	0.00	2000
106	7.90	1494	1889	0.00	197	0	0	0	nan	0.00	0.02	3.40	79.53	92.10	0.00	40	0	43	0.00	0.00	54.17	6.66	0.00	0.00	2000
237	10.60	1989	2360	0.00	246	0	0	0	nan	0.00	0.00	4.58	95.92	89.40	0.00	40	0	43	0.00	0.00	73.29	8.62	0.00	0.00	2000
230	11.09	2057	2120	0.00	200	0	0	0	nan	0.00	0.00	5.02	84.72	88.91	0.00	41	0	43	0.00	0.00	65.84	7.71	0.00	0.00	2000
227	11.16	2068	2069	0.00	178	0	0	0	nan	0.00	0.00	3.37	84.18	88.84	0.00	41	0	43	0.00	0.00	63.79	7.49	0.00	0.00	2000
230	11.14	2045	2117	0.00	211	0	0	0	nan	0.00	0.00	4.55	85.08	88.86	0.00	41	0	43	0.00	0.00	64.77	7.60	0.00	0.00	2000
231	11.10	2069	2110	0.00	196	0	0	0	nan	0.00	0.00	4.36	85.07	88.90	0.00	41	0	43	0.00	0.00	65.66	7.70	0.00	0.00	2000
237	11.24	2109	2102	0.00	195	0	0	0	nan	0.00	0.00	7.57	81.31	88.76	0.00	41	0	43	0.00	0.00	65.49	7.78	0.00	0.00	2000
228	10.76	2122	2095	0.00	195	0	0	0	nan	0.00	0.01	5.93	83.08	89.24	0.00	39	0	43	0.00	0.00	64.94	7.69	0.00	0.00	2000
217	11.21	2063	1972	0.00	197	0	0	0	nan	0.00	0.00	2.31	81.13	88.79	0.00	39	0	43	0.00	0.00	60.71	7.22	0.00	0.00	2000
228	10.09	2106	2247	0.00	215	0	0	0	nan	0.00	0.00	3.17	93.03	89.91	0.00	40	0	43	0.00	0.00	69.33	8.37	0.00	0.00	2000
225	10.39	2171	2099	0.00	197	0	0	0	nan	0.00	0.02	3.17	86.41	89.61	0.00	40	0	43	0.00	0.00	64.98	7.68	0.00	0.00	2000
222	10.76	2054	2105	0.00	195	0	0	0	nan	0.00	0.00	2.96	86.60	89.24	0.00	40	0	43	0.00	0.00	63.45	7.59	0.00	0.00	2000
222	10.72	2071	2098	0.00	195	0	0	0	nan	0.00	0.00	2.59	86.72	89.28	0.00	40	0	43	0.00	0.00	65.27	7.95	0.00	0.00	2000
211	11.01	2091	1929	0.00	178	0	0	2	57.84	0.00	1.50	2.06	78.23	88.99	0.00	39	0	43	0.00	0.00	59.59	7.09	0.00	0.00	2000
239	10.80	2022	2301	0.59	247	0	0	7	61.94	0.00	0.00	6.58	91.15	89.20	0.00	40	0	43	0.00	0.00	70.62	8.30	0.00	0.00	2000
230	11.17	2061	2100	0.00	180	0	0	0	nan	0.00	0.00	3.66	85.21	88.83	0.00	40	0	43	0.00	0.00	66.62	7.85	0.00	0.00	2000
231	10.90	2115	2104	0.00	194	0	0	0	nan	0.00	0.02	3.47	85.87	89.10	0.00	40	0	43	0.00	0.00	63.67	7.54	0.00	0.00	2000
230	10.93	2113	2095	0.00	195	0	0	0	nan	0.00	0.02	3.05	85.89	89.07	0.00	40	0	43	0.00	0.00	62.64	7.42	0.00	0.00	2000
230	11.38	2015	2102	0.00	195	0	0	0	nan	0.00	0.00	3.55	85.31	88.62	0.00	40	0	43	0.00	0.00	65.29	7.69	0.00	0.00	2000
228	10.81	2112	2101	0.00	195	0	0	0	nan	0.00	0.00	3.31	85.95	89.19	0.00	40	0	43	0.00	0.00	65.77	7.87	0.00	0.00	2000
234	10.98	2137	2098	0.00	206	0	0	0	nan	0.00	0.00	5.03	83.77	89.02	0.00	40	0	43	0.00	0.00	63.43	7.49	0.00	0.00	2000
232	10.89	2121	2106	0.00	183	0	0	0	nan	0.00	0.02	2.90	86.57	89.11	0.00	40	0	43	0.00	0.00	66.98	8.05	0.00	0.00	2000
229	11.51	2070	2022	0.00	196	0	0	0	nan	0.00	0.00	3.69	81.62	88.49	0.00	39	0	43	0.00	0.00	59.26	6.99	0.00	0.00	2000
231	10.66	2126	2144	0.00	196	0	0	0	nan	0.00	0.02	2.68	88.46	89.34	0.00	38	0	43	0.00	0.00	67.20	7.95	0.00	0.00	2000
226	11.05	2118	2032	0.00	214	0	0	0	nan	0.00	0.02	4.06	82.01	88.95	0.00	39	0	43	0.00	0.00	64.41	7.62	0.00	0.00	2000
302	13.19	2202	2185	0.00	237	0	0	0	nan	0.00	0.00	6.34	84.16	86.81	0.00	39	0	43	0.00	0.00	69.66	8.24	0.00	0.00	2000
110	7.95	1401	2080	0.00	233	0	0	0	nan	0.00	0.00	8.48	82.79	92.05	0.00	38	0	43	0.00	0.00	58.44	7.36	0.00	0.00	2000
