Avg_MHz	Busy%	Bzy_MHz	TSC_MHz	IPC	IRQ	NMI	SMI	LLCMRPS	LLC%hit	POLL%	C1%	C1E%	C6%	CPU%c1	CPU%c6	CoreTmp	CoreThr	PkgTmp	Pkg%pc2	Pkg%pc6	PkgWatt	RAMWatt	PKG_%	RAM_%	UncMHz
251	12.84	1968	2088	0.00	247	0	0	0	nan	0.00	1.88	27.99	56.94	87.16	0.00	38	0	43	0.00	0.00	61.05	7.51	0.00	0.00	2000
375	17.66	2041	2186	0.00	228	0	0	0	nan	0.06	1.40	20.18	64.40	82.34	0.00	38	0	43	0.00	0.00	72.62	8.22	0.00	0.00	2000
78	6.95	1114	2109	0.00	194	0	0	0	nan	0.00	0.02	7.50	86.02	93.05	0.00	38	0	43	0.00	0.00	58.96	7.47	0.00	0.00	2000
73	6.69	1093	2098	0.00	192	0	0	0	nan	0.00	0.02	3.61	89.66	93.31	0.00	38	0	43	0.00	0.00	58.54	7.45	0.00	0.00	2000
76	6.79	1115	2109	0.00	194	0	0	0	nan	0.00	0.03	2.63	90.92	93.21	0.00	38	0	43	0.00	0.00	58.87	7.44	0.00	0.00	2000
71	6.66	1068	2090	0.00	193	0	0	0	nan	0.00	0.00	3.17	89.75	93.34	0.00	38	0	43	0.00	0.00	58.66	7.48	0.00	0.00	2000
72	7.03	1037	2075	0.00	192	0	0	0	nan	0.00	0.00	2.86	89.13	92.97	0.00	38	0	43	0.00	0.00	57.32	7.21	0.00	0.00	2000
73	6.80	1058	2137	0.00	194	0	0	0	nan	0.00	0.05	2.59	92.26	93.20	0.00	37	0	43	0.00	0.00	59.56	7.62	0.00	0.00	2000
75	6.93	1076	2099	0.00	196	0	0	0	nan	0.00	0.00	4.45	88.78	93.07	0.00	37	0	43	0.00	0.00	58.17	7.29	0.00	0.00	2000
72	6.30	1151	2074	0.00	194	0	0	0	nan	0.00	0.00	3.71	88.97	93.70	0.00	38	0	43	0.00	0.00	58.50	7.45	0.00	0.00	2000
88	7.58	1152	2124	0.00	261	0	0	0	nan	0.00	0.11	6.84	86.68	92.42	0.00	38	0	43	0.00	0.00	59.44	7.58	0.00	0.00	2000
73	6.71	1082	2101	0.00	194	0	0	0	nan	0.00	0.02	2.94	90.38	93.29	0.00	38	0	43	0.00	0.00	58.22	7.33	0.00	0.00	2000
71	6.87	1052	2062	0.00	193	0	0	0	nan	0.00	0.00	3.23	88.40	93.13	0.00	38	0	43	0.00	0.00	57.13	7.32	0.00	0.00	2000
72	6.77	1047	2142	0.00	193	0	0	0	nan	0.01	0.03	2.44	92.72	93.23	0.00	38	0	43	0.00	0.00	56.79	7.63	0.00	0.00	2000
72	6.34	1154	2059	0.00	194	0	0	0	nan	0.00	0.00	3.47	88.36	93.66	0.00	38	0	43	0.00	0.00	61.79	7.50	0.00	0.00	2000
72	6.84	1056	2103	0.00	195	0	0	0	94.14	0.00	0.03	1.81	91.47	93.16	0.00	38	0	43	0.00	0.00	57.94	7.38	0.00	0.00	2000
73	7.04	1026	2124	0.30	194	0	0	1	87.61	0.00	0.00	3.39	90.81	92.96	0.00	38	0	43	0.00	0.00	58.12	7.50	0.00	0.00	2000
72	6.32	1134	2104	0.02	194	0	0	0	nan	0.00	0.00	2.94	90.89	93.68	0.00	38	0	43	0.00	0.00	59.49	7.58	0.00	0.00	2000
133	8.25	1608	2102	0.00	210	0	0	0	nan	0.01	0.12	4.78	87.08	91.75	0.00	38	0	43	0.00	0.00	61.50	7.58	0.00	0.00	2000
230	11.22	2054	2100	0.00	204	0	0	0	nan	0.00	0.00	4.88	84.08	88.78	0.00	40	0	43	0.00	0.00	65.04	7.69	0.00	0.00	2000
250	11.97	2124	2065	0.00	218	0	0	0	nan	0.00	0.00	7.63	78.88	88.03	0.00	41	0	43	0.00	0.00	65.52	7.48	0.00	0.00	2000
233	11.15	2067	2127	0.00	203	0	0	0	nan	0.00	0.01	2.56	87.51	88.85	0.00	41	0	43	0.00	0.00	65.73	7.63	0.00	0.00	2000
232	11.87	2052	2002	0.00	206	0	0	0	nan	0.00	0.01	4.07	80.02	88.13	0.00	40	0	43	0.00	0.00	61.29	7.20	0.00	0.00	2000
235	10.96	2027	2221	0.00	230	0	0	0	nan	0.00	0.00	8.09	86.08	89.04	0.00	39	0	43	0.00	0.00	72.64	8.55	0.00	0.00	2000
231	11.36	2038	2099	0.00	196	0	0	0	nan	0.00	0.02	4.79	83.91	88.64	0.00	39	0	43	0.00	0.00	66.35	7.79	0.00	0.00	2000
229	11.08	2063	2102	0.00	198	0	0	0	nan	0.00	0.01	4.98	84.12	88.92	0.00	39	0	43	0.00	0.00	64.39	7.81	0.00	0.00	2000
232	11.47	2040	2085	0.00	203	0	0	0	nan	0.00	0.01	5.89	82.14	88.53	0.00	39	0	43	0.00	0.00	65.16	7.71	0.00	0.00	2000
233	11.42	2025	2113	0.00	208	0	0	0	nan	0.00	0.00	4.16	85.08	88.58	0.00	40	0	43	0.00	0.00	68.63	7.83	0.00	0.00	2000
226	11.20	2047	2075	0.00	198	0	0	0	nan	0.00	0.00	4.25	83.58	88.80	0.00	40	0	43	0.00	0.00	62.82	7.29	0.00	0.00	2000
232	11.05	2076	2124	0.00	198	0	0	0	nan	0.00	0.02	4.18	85.80	88.95	0.00	40	0	43	0.00	0.00	66.24	7.55	0.00	0.00	2000
232	11.07	2089	2109	0.00	198	0	0	0	nan	0.00	0.04	3.39	85.92	88.93	0.00	40	0	43	0.00	0.00	65.73	7.74	0.00	0.00	2000
230	10.62	2180	2084	0.00	195	0	0	0	nan	0.00	0.60	3.89	84.38	89.38	0.00	41	0	43	0.00	0.00	61.13	7.11	0.00	0.00	2000
230	10.98	2095	2104	0.00	207	0	0	1	95.26	0.00	0.02	3.91	85.34	89.02	0.00	41	0	43	0.00	0.00	66.95	7.67	0.00	0.00	2000
229	10.96	2088	2101	0.74	191	0	0	16	95.80	0.00	0.02	5.13	84.02	89.04	0.00	41	0	43	0.00	0.00	64.85	7.36	0.00	0.00	2000
230	11.04	2085	2099	0.01	197	0	0	0	nan	0.00	0.00	4.81	84.18	88.96	0.00	41	0	43	0.00	0.00	65.19	7.61	0.00	0.00	2000
231	11.02	2096	2100	0.00	216	0	0	0	nan	0.00	0.02	5.51	83.49	88.98	0.00	41	0	43	0.00	0.00	64.27	7.25	0.00	0.00	2000
228	11.01	2093	2077	0.00	198	0	0	0	nan	0.00	0.00	6.44	81.62	88.99	0.00	41	0	43	0.00	0.00	65.42	7.18	0.00	0.00	2000
227	11.22	2029	2097	0.00	204	0	0	0	nan	0.00	0.01	5.15	83.66	88.78	0.00	41	0	43	0.00	0.00	63.58	7.65	0.00	0.00	2000
232	11.14	2064	2118	0.00	197	0	0	0	nan	0.02	0.02	3.62	86.12	88.86	0.00	41	0	43	0.00	0.00	67.30	7.72	0.00	0.00	2000
232	11.10	2074	2120	0.00	200	0	0	0	nan	0.00	0.02	4.41	85.44	88.90	0.00	41	0	43	0.00	0.00	66.46	7.62	0.00	0.00	2000
231	11.01	2098	2103	0.00	200	0	0	0	nan	0.00	0.56	3.56	85.15	88.99	0.00	41	0	43	0.00	0.00	65.13	7.50	0.00	0.00	2000
228	10.65	2184	2062	0.00	198	0	0	0	nan	0.00	0.00	5.92	81.90	89.35	0.00	41	0	43	0.00	0.00	61.07	6.90	0.00	0.00	2000
240	11.61	2075	2093	0.00	201	0	0	0	nan	0.00	0.01	6.54	81.66	88.39	0.00	39	0	43	0.00	0.00	66.67	7.73	0.00	0.00	2000
229	10.78	2094	2131	0.00	213	0	0	0	nan	0.00	0.47	9.61	80.57	89.22	0.00	38	0	43	0.00	0.00	65.12	7.59	0.00	0.00	2000
233	11.33	2052	2100	0.00	197	0	0	0	nan	0.00	0.00	6.48	82.28	88.67	0.00	39	0	43	0.00	0.00	64.84	7.57	0.00	0.00	2000
229	10.83	2107	2104	0.00	198	0	0	0	nan	0.00	0.45	7.06	81.91	89.17	0.00	40	0	43	0.00	0.00	66.00	7.53	0.00	0.00	2000
235	11.16	2108	2101	0.00	199	0	0	0	nan	0.00	0.00	6.45	82.46	88.84	0.00	39	0	43	0.00	0.00	65.73	7.54	0.00	0.00	2000
229	10.88	2114	2089	0.00	180	0	0	0	nan	0.00	0.00	6.53	82.21	89.12	0.00	40	0	43	0.00	0.00	67.10	7.81	0.00	0.00	2000
231	11.02	2093	2105	0.00	215	0	0	0	nan	0.00	0.02	6.84	82.43	88.98	0.00	40	0	43	0.00	0.00	64.76	7.48	0.00	0.00	2000
227	11.16	2059	2071	0.00	181	0	0	0	nan	0.01	0.00	6.39	81.29	88.84	0.00	40	0	43	0.00	0.00	65.12	7.46	0.00	0.00	2000
233	11.10	2102	2097	0.61	216	0	0	17	81.02	0.00	0.00	5.32	83.57	88.90	0.00	40	0	43	0.00	0.00	63.37	7.29	0.00	0.00	2000
229	11.08	2110	2061	0.04	198	0	0	0	nan	0.00	0.00	6.39	81.03	88.92	0.00	39	0	43	0.00	0.00	62.35	7.39	0.00	0.00	2000
239	11.20	2061	2178	0.00	218	0	0	0	nan	0.00	0.00	9.09	83.16	88.80	0.00	38	0	43	0.00	0.00	68.18	7.80	0.00	0.00	2000
226	10.83	2090	2100	0.00	196	0	0	0	nan	0.00	0.01	5.50	83.71	89.17	0.00	39	0	43	0.00	0.00	66.20	7.82	0.00	0.00	2000
245	12.93	2190	1819	0.00	197	0	0	0	nan	0.00	0.00	4.17	71.35	87.07	0.00	39	0	43	0.00	0.00	55.66	7.07	0.00	0.00	2000
732	27.72	2498	2221	0.00	275	0	0	0	nan	0.00	0.02	3.84	72.70	72.28	0.00	41	0	43	0.00	0.00	83.61	8.83	0.00	0.00	2000
691	27.63	2500	2100	0.00	246	0	0	0	nan	0.00	0.41	5.62	66.47	72.37	0.00	41	0	43	0.00	0.00	80.90	8.07	0.00	0.00	2000
687	27.53	2500	2097	0.00	246	0	0	0	nan	0.00	0.00	5.62	66.89	72.47	0.00	41	0	43	0.00	0.00	80.80	7.92	0.00	0.00	2000
690	27.57	2500	2103	0.00	245	0	0	0	nan	0.00	0.00	6.08	66.57	72.43	0.00	42	0	43	0.00	0.00	80.92	7.95	0.00	0.00	2000
689	27.59	2500	2097	0.00	251	0	0	0	nan	0.00	0.00	5.51	66.94	72.41	0.00	42	0	43	0.00	0.00	80.72	7.88	0.00	0.00	2000
690	27.57	2500	2102	0.00	246	0	0	0	nan	0.00	0.00	5.99	66.64	72.43	0.00	42	0	43	0.00	0.00	80.69	7.96	0.00	0.00	2000
689	27.59	2500	2099	0.00	251	0	0	0	nan	0.00	0.00	5.88	66.61	72.41	0.00	42	0	43	0.00	0.00	80.65	8.12	0.00	0.00	2000
690	27.58	2500	2101	0.00	246	0	0	0	nan	0.00	0.00	5.52	67.08	72.42	0.00	42	0	43	0.00	0.00	80.72	7.97	0.00	0.00	2000
687	27.54	2500	2096	0.00	251	0	0	0	nan	0.00	0.00	5.27	67.17	72.46	0.00	42	0	43	0.00	0.00	80.60	7.98	0.00	0.00	2000
691	27.56	2500	2105	0.77	246	0	0	110	89.10	0.00	0.00	5.04	67.69	72.44	0.00	42	0	43	0.00	0.00	80.69	7.83	0.00	0.00	2000
687	27.53	2500	2097	1.09	250	0	0	20	94.22	0.00	0.00	4.98	67.50	72.47	0.00	42	0	43	0.00	0.00	80.86	7.81	0.00	0.00	2000
691	27.63	2500	2102	0.00	249	0	0	0	nan	0.00	0.01	4.27	68.30	72.37	0.00	42	0	43	0.00	0.00	80.58	7.94	0.00	0.00	2000
688	27.55	2500	2098	0.00	250	0	0	0	nan	0.00	0.41	5.32	66.80	72.45	0.00	42	0	43	0.00	0.00	80.72	7.83	0.00	0.00	2000
684	27.46	2500	2093	0.00	242	0	0	0	nan	0.00	0.00	6.55	65.88	72.54	0.00	42	0	43	0.00	0.00	80.16	7.65	0.00	0.00	2000
694	27.62	2500	2109	0.00	253	0	0	0	nan	0.00	0.00	5.42	67.39	72.38	0.00	42	0	43	0.00	0.00	81.25	7.82	0.00	0.00	2000
688	27.53	2500	2100	0.00	245	0	0	0	nan	0.00	0.00	5.61	66.97	72.47	0.00	42	0	43	0.00	0.00	80.59	7.87	0.00	0.00	2000
695	27.82	2500	2098	0.00	250	0	0	0	nan	0.00	0.01	5.10	67.14	72.18	0.00	42	0	43	0.00	0.00	80.53	7.92	0.00	0.00	2000
688	27.49	2500	2102	0.00	244	0	0	0	nan	0.00	0.00	6.05	66.64	72.51	0.00	42	0	43	0.00	0.00	80.67	7.95	0.00	0.00	2000
690	27.64	2500	2097	0.00	248	0	0	0	nan	0.00	0.00	5.20	67.20	72.36	0.00	42	0	43	0.00	0.00	80.66	7.79	0.00	0.00	2000
689	27.52	2500	2102	0.00	246	0	0	0	nan	0.00	0.00	5.12	67.55	72.48	0.00	43	0	43	0.00	0.00	80.60	7.85	0.00	0.00	2000
689	27.59	2500	2098	0.00	249	0	0	0	nan	0.00	0.00	4.63	67.83	72.42	0.00	42	0	43	0.00	0.00	80.74	7.70	0.00	0.00	2000
689	27.50	2500	2105	0.00	246	0	0	0	nan	0.00	0.05	4.59	68.16	72.50	0.00	43	0	43	0.00	0.00	80.59	7.83	0.00	0.00	2000
689	27.60	2500	2097	0.00	245	0	0	0	nan	0.01	0.02	2.92	69.48	72.40	0.00	43	0	43	0.00	0.00	77.73	7.95	0.00	0.00	2000
687	27.48	2500	2101	1.70	246	0	0	129	91.85	0.00	0.36	6.28	66.04	72.52	0.00	42	0	43	0.00	0.00	83.10	7.75	0.00	0.00	2000
258	11.21	2108	2288	0.19	279	0	0	0	nan	0.00	0.00	8.36	88.43	88.79	0.00	40	0	43	0.00	0.00	74.49	8.46	0.00	0.00	2000
233	11.18	2062	2123	0.00	221	0	0	0	nan	0.00	0.02	4.05	85.77	88.82	0.00	41	0	43	0.00	0.00	67.87	7.69	0.00	0.00	2000
228	10.92	2095	2096	0.00	187	0	0	0	nan	0.00	0.00	4.01	85.01	89.08	0.00	41	0	43	0.00	0.00	60.64	7.04	0.00	0.00	2000
228	10.91	2088	2100	0.00	219	0	0	0	nan	0.00	0.01	3.33	85.88	89.09	0.00	41	0	43	0.00	0.00	69.92	7.57	0.00	0.00	2000
232	11.09	2070	2120	0.00	191	0	0	0	nan	0.00	0.00	4.85	84.99	88.91	0.00	41	0	43	0.00	0.00	61.83	7.49	0.00	0.00	2000
226	10.92	2092	2076	0.00	215	0	0	0	nan	0.00	0.00	3.82	84.36	89.08	0.00	42	0	43	0.00	0.00	64.23	7.39	0.00	0.00	2000
229	11.05	2061	2116	0.00	202	0	0	0	nan	0.00	0.00	2.91	86.83	88.95	0.00	42	0	43	0.00	0.00	66.89	7.65	0.00	0.00	2000
228	10.95	2079	2100	0.00	203	0	0	0	nan	0.00	0.00	2.60	86.48	89.05	0.00	42	0	43	0.00	0.00	65.57	7.62	0.00	0.00	2000
228	11.22	2027	2108	0.00	201	0	0	0	nan	0.00	0.02	4.58	84.64	88.78	0.00	42	0	43	0.00	0.00	63.10	7.14	0.00	0.00	2000
229	11.11	2069	2093	0.00	204	0	0	0	nan	0.00	0.00	3.20	85.52	88.89	0.00	42	0	43	0.00	0.00	65.53	7.55	0.00	0.00	2000
231	11.05	2089	2099	0.00	203	0	0	0	nan	0.00	0.02	3.25	85.73	88.95	0.00	42	0	43	0.00	0.00	67.01	7.60	0.00	0.00	2000
228	10.83	2115	2086	0.00	211	0	0	0	nan	0.00	0.02	3.75	84.90	89.17	0.00	42	0	43	0.00	0.00	62.63	7.08	0.00	0.00	2000
227	10.85	2091	2103	0.00	203	0	0	0	nan	0.00	0.00	4.14	85.22	89.15	0.00	42	0	43	0.00	0.00	65.04	7.53	0.00	0.00	2000
232	10.96	2093	2121	0.00	188	0	0	0	nan	0.00	0.02	4.31	85.71	89.04	0.00	42	0	43	0.00	0.00	65.29	7.38	0.00	0.00	2000
231	11.08	2089	2098	0.00	203	0	0	0	nan	0.00	0.00	3.85	85.14	88.92	0.00	41	0	43	0.00	0.00	64.91	7.49	0.00	0.00	2000
229	10.86	2120	2089	0.00	203	0	0	0	nan	0.00	0.00	3.84	84.97	89.14	0.00	41	0	43	0.00	0.00	65.34	7.70	0.00	0.00	2000
225	10.91	2067	2096	0.45	205	0	0	16	46.96	0.00	0.00	5.38	83.65	89.09	0.00	40	0	43	0.00	0.00	67.31	7.77	0.00	0.00	2000
77	6.84	1123	2097	0.21	196	0	0	0	nan	0.00	0.02	8.35	84.77	93.16	0.00	39	0	43	0.00	0.00	58.95	7.49	0.00	0.00	2000
115	8.10	1461	2039	0.00	197	0	0	0	nan	0.00	0.04	2.79	86.52	91.90	0.00	38	0	43	0.00	0.00	56.34	7.18	0.00	0.00	2000
232	11.21	2010	2166	0.00	214	0	0	0	nan	0.04	0.00	7.39	84.37	88.79	0.00	38	0	43	0.00	0.00	64.47	7.56	0.00	0.00	2000
243	11.99	2035	2094	0.00	183	0	0	0	nan	0.00	0.00	8.47	79.49	88.01	0.00	38	0	43	0.00	0.00	64.61	7.39	0.00	0.00	2000
209	10.49	1988	2107	0.00	226	0	0	0	nan	0.05	0.72	9.17	80.10	89.51	0.00	38	0	43	0.00	0.00	66.57	7.85	0.00	0.00	2000
75	6.66	1122	2111	0.00	195	0	0	0	nan	0.00	0.24	6.25	87.44	93.34	0.00	38	0	43	0.00	0.00	57.13	7.29	0.00	0.00	2000
78	6.84	1160	2078	0.00	185	0	0	0	nan	0.00	0.00	9.73	82.58	93.16	0.00	38	0	43	0.00	0.00	57.77	7.66	0.00	0.00	2000
227	11.03	2055	2098	0.00	221	0	0	0	nan	0.00	0.42	8.53	80.09	88.97	0.00	38	0	43	0.00	0.00	64.56	7.17	0.00	0.00	2000
229	11.52	2031	2057	0.00	203	0	0	0	nan	0.00	0.04	9.21	77.64	88.48	0.00	38	0	43	0.00	0.00	63.35	7.47	0.00	0.00	2000
233	11.26	2053	2113	0.00	204	0	0	0	nan	0.00	0.00	5.85	83.60	88.74	0.00	38	0	43	0.00	0.00	64.63	7.47	0.00	0.00	2000
231	11.13	2040	2138	0.00	211	0	0	0	nan	0.00	0.00	7.62	82.97	88.87	0.00	38	0	43	0.00	0.00	64.26	7.58	0.00	0.00	2000
230	11.16	2043	2118	0.00	181	0	0	0	nan	0.00	0.00	8.69	80.98	88.84	0.00	38	0	43	0.00	0.00	66.37	7.75	0.00	0.00	2000
229	11.38	2064	2050	0.00	195	0	0	0	nan	0.00	0.00	6.88	79.81	88.62	0.00	38	0	43	0.00	0.00	62.68	7.33	0.00	0.00	2000
275	12.32	2221	2108	0.00	201	0	0	0	nan	0.00	0.98	9.46	77.65	87.68	0.00	39	0	43	0.00	0.00	65.70	7.68	0.00	0.00	2000
200	10.50	1876	2130	0.00	285	0	0	0	nan	0.00	0.00	12.66	78.36	89.50	0.00	38	0	43	0.00	0.00	64.95	7.87	0.00	0.00	2000
80	7.64	1059	2075	0.00	193	0	0	0	89.58	0.00	0.02	3.64	87.75	92.36	0.00	38	0	43	0.00	0.00	60.23	7.26	0.00	0.00	2000
79	7.14	1099	2104	0.33	177	0	0	1	80.70	0.01	0.00	2.97	90.17	92.86	0.00	38	0	43	0.00	0.00	55.31	7.49	0.00	0.00	2000
