Avg_MHz	Busy%	Bzy_MHz	TSC_MHz	IPC	IRQ	NMI	SMI	LLCMRPS	LLC%hit	POLL%	C1%	C1E%	C6%	CPU%c1	CPU%c6	CoreTmp	CoreThr	PkgTmp	Pkg%pc2	Pkg%pc6	PkgWatt	RAMWatt	PKG_%	RAM_%	UncMHz
161	9.23	1663	2198	0.00	253	0	0	0	nan	0.00	1.02	22.22	71.85	90.77	0.00	38	0	43	0.00	0.00	68.20	8.21	0.00	0.00	2000
401	19.31	2054	2122	0.00	212	0	0	0	nan	0.00	1.34	10.89	69.53	80.69	0.00	38	0	43	0.00	0.00	67.58	7.89	0.00	0.00	2000
228	12.34	1844	2106	0.00	217	0	0	0	nan	0.01	0.64	18.11	69.17	87.66	0.00	37	0	43	0.00	0.00	62.61	7.65	0.00	0.00	2000
93	7.70	1213	2088	0.00	196	0	0	0	nan	0.00	0.00	4.72	87.11	92.30	0.00	38	0	43	0.00	0.00	60.14	7.50	0.00	0.00	2000
73	6.81	1069	2117	0.00	193	0	0	0	nan	0.00	0.00	3.96	90.00	93.19	0.00	38	0	43	0.00	0.00	60.49	7.72	0.00	0.00	2000
72	6.60	1096	2081	0.00	193	0	0	0	nan	0.00	0.00	2.99	89.62	93.40	0.00	38	0	43	0.00	0.00	57.20	7.37	0.00	0.00	2000
75	6.32	1167	2125	0.00	193	0	0	0	nan	0.00	0.00	4.03	90.58	93.68	0.00	38	0	43	0.00	0.00	60.30	7.84	0.00	0.00	2000
73	6.46	1134	2085	0.00	194	0	0	0	nan	0.00	0.02	3.09	89.81	93.54	0.00	38	0	43	0.00	0.00	58.81	7.56	0.00	0.00	2000
74	6.84	1086	2106	0.00	194	0	0	0	nan	0.00	0.03	3.51	89.98	93.16	0.00	37	0	43	0.00	0.00	59.19	7.56	0.00	0.00	2000
70	6.49	1087	2072	0.00	194	0	0	0	nan	0.00	0.00	2.73	89.60	93.51	0.00	38	0	43	0.00	0.00	56.37	7.26	0.00	0.00	2000
75	6.89	1095	2097	0.00	199	0	0	0	nan	0.00	0.02	2.52	90.48	93.11	0.00	38	0	43	0.00	0.00	60.74	7.93	0.00	0.00	2000
77	6.99	1093	2128	0.00	213	0	0	0	nan	0.00	0.00	6.87	87.38	93.01	0.00	38	0	43	0.00	0.00	59.00	7.54	0.00	0.00	2000
74	6.88	1075	2098	0.00	194	0	0	0	nan	0.00	0.00	3.56	89.56	93.12	0.00	38	0	43	0.00	0.00	58.82	7.54	0.00	0.00	2000
79	6.94	1130	2106	0.00	209	0	0	0	nan	0.00	0.00	7.51	85.95	93.06	0.00	38	0	43	0.00	0.00	59.24	7.62	0.00	0.00	2000
71	6.67	1073	2071	0.00	193	0	0	0	nan	0.00	0.00	3.57	88.52	93.33	0.00	38	0	43	0.00	0.00	56.67	7.35	0.00	0.00	2000
73	6.77	1078	2099	0.00	195	0	0	1	88.70	0.00	0.02	1.85	91.36	93.23	0.00	38	0	43	0.00	0.00	60.94	7.97	0.00	0.00	2000
74	6.82	1066	2130	0.29	210	0	0	2	88.01	0.00	0.00	4.38	90.18	93.18	0.00	38	0	43	0.00	0.00	58.67	7.61	0.00	0.00	2000
72	6.40	1121	2099	0.00	193	0	0	0	nan	0.00	0.00	3.28	90.42	93.60	0.00	37	0	42	0.00	0.00	59.32	7.64	0.00	0.00	2000
117	8.00	1470	2084	0.00	212	0	0	0	nan	0.00	0.00	4.28	87.03	92.00	0.00	38	0	42	0.00	0.00	59.17	7.31	0.00	0.00	2000
233	11.18	2065	2116	0.00	237	0	0	0	nan	0.00	0.00	4.75	84.80	88.82	0.00	40	0	43	0.00	0.00	67.23	7.92	0.00	0.00	2000
226	11.14	2053	2074	0.00	203	0	0	0	nan	0.00	0.02	3.32	84.54	88.86	0.00	41	0	43	0.00	0.00	62.95	7.21	0.00	0.00	2000
232	11.11	2062	2125	0.00	202	0	0	0	nan	0.00	0.03	4.95	85.14	88.89	0.00	41	0	43	0.00	0.00	68.71	8.03	0.00	0.00	2000
230	11.44	2074	2033	0.00	193	0	0	0	nan	0.00	0.01	5.55	80.33	88.56	0.00	40	0	43	0.00	0.00	59.82	6.92	0.00	0.00	2000
236	10.85	2089	2188	0.00	230	0	0	0	nan	0.00	0.02	7.91	84.97	89.15	0.00	38	0	43	0.00	0.00	71.42	8.57	0.00	0.00	2000
230	11.19	2073	2085	0.00	199	0	0	0	nan	0.00	0.05	3.21	84.99	88.81	0.00	38	0	42	0.00	0.00	66.19	7.98	0.00	0.00	2000
229	10.95	2109	2086	0.00	198	0	0	0	nan	0.00	0.01	4.16	84.47	89.05	0.00	38	0	43	0.00	0.00	65.37	7.74	0.00	0.00	2000
237	11.11	2112	2118	0.00	197	0	0	0	nan	0.00	0.00	4.37	85.40	88.89	0.00	38	0	43	0.00	0.00	68.66	8.35	0.00	0.00	2000
231	10.89	2119	2101	0.00	199	0	0	0	nan	0.00	0.02	5.05	84.16	89.11	0.00	38	0	42	0.00	0.00	65.80	7.71	0.00	0.00	2000
232	11.10	2080	2110	0.00	196	0	0	0	nan	0.00	1.00	4.40	84.09	88.90	0.00	38	0	43	0.00	0.00	63.50	7.50	0.00	0.00	2000
231	11.00	2111	2091	0.00	197	0	0	0	nan	0.00	0.00	5.66	82.93	89.00	0.00	39	0	43	0.00	0.00	66.33	7.78	0.00	0.00	2000
229	11.18	2039	2107	0.00	197	0	0	0	nan	0.00	0.00	5.49	83.77	88.82	0.00	39	0	42	0.00	0.00	65.54	7.78	0.00	0.00	2000
232	11.37	2042	2098	0.00	198	0	0	0	nan	0.00	0.00	5.31	83.27	88.63	0.00	39	0	43	0.00	0.00	65.45	7.64	0.00	0.00	2000
226	10.91	2098	2069	0.00	200	0	0	5	80.64	0.00	0.00	5.86	82.03	89.09	0.00	39	0	43	0.00	0.00	63.98	7.57	0.00	0.00	2000
234	11.21	2063	2123	0.70	199	0	0	9	84.18	0.00	0.00	5.30	84.56	88.79	0.00	38	0	43	0.00	0.00	66.70	7.82	0.00	0.00	2000
231	11.08	2095	2095	0.00	196	0	0	0	nan	0.00	0.00	4.94	83.90	88.92	0.00	38	0	43	0.00	0.00	65.51	7.72	0.00	0.00	2000
231	11.28	2070	2076	0.00	198	0	0	0	nan	0.00	0.02	3.25	84.44	88.72	0.00	38	0	43	0.00	0.00	64.36	7.71	0.00	0.00	2000
238	11.74	2091	2035	0.00	218	0	0	0	nan	0.02	0.00	4.66	80.97	88.26	0.00	38	0	43	0.00	0.00	65.06	7.67	0.00	0.00	2000
220	10.34	2070	2162	0.00	202	0	0	0	nan	0.00	0.00	4.60	87.75	89.66	0.00	38	0	43	0.00	0.00	64.03	7.89	0.00	0.00	2000
147	8.77	1661	2124	0.00	261	0	0	0	nan	0.00	0.00	6.08	86.30	91.23	0.00	38	0	43	0.00	0.00	64.60	8.05	0.00	0.00	2000
124	8.44	1481	2085	0.00	184	0	0	0	nan	0.00	0.02	11.61	79.23	91.56	0.00	38	0	43	0.00	0.00	58.27	7.49	0.00	0.00	2000
