Avg_MHz	Busy%	Bzy_MHz	TSC_MHz	IPC	IRQ	NMI	SMI	LLCMRPS	LLC%hit	POLL%	C1%	C1E%	C6%	CPU%c1	CPU%c6	CoreTmp	CoreThr	PkgTmp	Pkg%pc2	Pkg%pc6	PkgWatt	RAMWatt	PKG_%	RAM_%	UncMHz
288	15.43	1851	2121	0.00	278	0	0	0	nan	0.00	0.05	21.46	64.02	84.57	0.00	38	0	42	0.00	0.00	62.79	7.96	0.00	0.00	2000
354	17.16	2059	2103	0.00	212	0	0	0	nan	0.07	1.70	13.41	68.17	82.84	0.00	38	0	43	0.00	0.00	69.16	7.59	0.00	0.00	2000
80	6.76	1165	2134	0.00	195	0	0	0	nan	0.00	0.03	7.15	87.58	93.24	0.00	37	0	43	0.00	0.00	59.49	7.64	0.00	0.00	2000
74	6.66	1110	2101	0.00	193	0	0	0	nan	0.00	0.00	3.29	90.18	93.34	0.00	37	0	43	0.00	0.00	60.51	7.62	0.00	0.00	2000
73	6.33	1160	2085	0.00	193	0	0	0	nan	0.00	0.02	2.61	90.46	93.67	0.00	37	0	43	0.00	0.00	58.56	7.40	0.00	0.00	2000
74	6.76	1086	2115	0.00	192	0	0	0	nan	0.00	0.02	2.85	91.08	93.24	0.00	37	0	42	0.00	0.00	58.37	7.33	0.00	0.00	2000
75	6.45	1164	2103	0.00	195	0	0	0	nan	0.00	0.00	3.17	90.61	93.55	0.00	37	0	42	0.00	0.00	59.54	7.46	0.00	0.00	2000
71	6.57	1088	2099	0.00	193	0	0	0	nan	0.00	0.00	3.12	90.24	93.43	0.00	37	0	42	0.00	0.00	59.20	7.48	0.00	0.00	2000
72	6.73	1084	2076	0.00	192	0	0	0	nan	0.00	0.00	2.45	89.85	93.27	0.00	37	0	43	0.00	0.00	60.05	7.51	0.00	0.00	2000
72	6.59	1091	2096	0.00	194	0	0	0	nan	0.00	0.00	2.35	90.80	93.41	0.00	37	0	43	0.00	0.00	58.54	7.32	0.00	0.00	2000
74	6.97	1049	2114	0.00	210	0	0	0	nan	0.00	0.00	4.43	89.23	93.03	0.00	37	0	43	0.00	0.00	58.90	7.60	0.00	0.00	2000
73	6.56	1103	2107	0.00	194	0	0	0	nan	0.00	0.04	3.63	90.09	93.44	0.00	37	0	43	0.00	0.00	59.31	7.24	0.00	0.00	2000
73	6.38	1154	2091	0.00	193	0	0	0	nan	0.00	0.00	3.56	89.64	93.62	0.00	37	0	42	0.00	0.00	59.52	7.51	0.00	0.00	2000
72	6.28	1135	2115	0.00	193	0	0	0	nan	0.00	0.01	3.70	90.64	93.72	0.00	37	0	42	0.00	0.00	60.07	7.52	0.00	0.00	2000
73	6.51	1125	2099	0.00	194	0	0	0	nan	0.00	0.00	2.67	90.76	93.49	0.00	37	0	43	0.00	0.00	59.65	7.58	0.00	0.00	2000
72	6.32	1146	2091	0.00	179	0	0	0	nan	0.00	0.02	3.40	89.85	93.68	0.00	37	0	42	0.00	0.00	59.80	7.58	0.00	0.00	2000
74	6.62	1108	2109	0.30	193	0	0	1	82.07	0.00	0.04	2.76	91.03	93.38	0.00	37	0	42	0.00	0.00	58.07	7.35	0.00	0.00	2000
77	6.78	1147	2068	0.16	196	0	0	0	nan	0.00	0.01	2.77	89.18	93.22	0.00	37	0	43	0.00	0.00	58.02	7.26	0.00	0.00	2000
135	8.53	1565	2131	0.00	213	0	0	0	nan	0.00	0.01	3.68	89.12	91.47	0.00	38	0	43	0.00	0.00	63.73	7.80	0.00	0.00	2000
229	10.77	2129	2093	0.00	203	0	0	0	nan	0.00	0.00	3.43	85.61	89.23	0.00	39	0	43	0.00	0.00	64.01	7.14	0.00	0.00	2000
230	11.18	2060	2096	0.00	204	0	0	0	nan	0.00	0.00	3.83	85.02	88.82	0.00	40	0	43	0.00	0.00	67.20	7.72	0.00	0.00	2000
231	11.38	2020	2113	0.00	220	0	0	0	nan	0.00	0.03	3.06	86.26	88.62	0.00	41	0	43	0.00	0.00	65.36	7.47	0.00	0.00	2000
229	11.27	2056	2072	0.00	191	0	0	0	nan	0.00	0.00	3.44	84.31	88.73	0.00	39	0	43	0.00	0.00	63.44	7.36	0.00	0.00	2000
230	11.03	2078	2103	0.00	212	0	0	0	nan	0.00	0.02	6.62	82.63	88.97	0.00	39	0	42	0.00	0.00	66.91	7.86	0.00	0.00	2000
236	11.25	2074	2124	0.00	215	0	0	0	nan	0.00	0.02	4.92	84.93	88.75	0.00	39	0	43	0.00	0.00	68.46	8.05	0.00	0.00	2000
228	11.22	2059	2075	0.00	198	0	0	0	nan	0.00	0.02	4.52	83.28	88.78	0.00	38	0	42	0.00	0.00	63.94	7.36	0.00	0.00	2000
238	11.43	2058	2127	0.00	202	0	0	0	nan	0.00	0.00	6.35	83.48	88.57	0.00	38	0	43	0.00	0.00	66.51	7.69	0.00	0.00	2000
230	10.96	2109	2091	0.00	199	0	0	0	nan	0.00	0.00	5.90	82.83	89.04	0.00	38	0	43	0.00	0.00	67.36	7.60	0.00	0.00	2000
232	11.07	2084	2112	0.00	195	0	0	0	nan	0.00	0.00	6.01	83.53	88.93	0.00	39	0	43	0.00	0.00	66.01	7.49	0.00	0.00	2000
225	10.87	2109	2063	0.00	197	0	0	0	nan	0.00	0.00	3.65	84.00	89.13	0.00	39	0	42	0.00	0.00	61.89	7.13	0.00	0.00	2000
230	10.88	2104	2113	0.00	199	0	0	0	nan	0.00	0.02	5.23	84.53	89.12	0.00	39	0	43	0.00	0.00	68.83	7.80	0.00	0.00	2000
237	11.33	2065	2127	0.00	220	0	0	0	nan	0.00	0.06	4.81	84.98	88.67	0.00	39	0	43	0.00	0.00	65.51	7.35	0.00	0.00	2000
228	10.81	2126	2086	0.00	198	0	0	0	87.35	0.00	0.00	5.12	83.54	89.19	0.00	39	0	43	0.00	0.00	66.30	7.47	0.00	0.00	2000
234	11.16	2089	2108	0.65	197	0	0	17	85.64	0.00	0.00	6.20	83.00	88.84	0.00	39	0	42	0.00	0.00	64.19	7.52	0.00	0.00	2000
225	10.79	2107	2076	0.04	198	0	0	0	nan	0.00	0.99	5.76	81.55	89.21	0.00	39	0	42	0.00	0.00	66.92	7.65	0.00	0.00	2000
236	11.50	2036	2113	0.00	199	0	0	0	nan	0.00	0.01	4.14	84.95	88.50	0.00	39	0	43	0.00	0.00	64.36	7.44	0.00	0.00	2000
230	11.32	2019	2118	0.00	216	0	0	0	nan	0.00	0.03	5.72	83.82	88.68	0.00	39	0	42	0.00	0.00	68.40	7.79	0.00	0.00	2000
226	10.64	2159	2067	0.00	198	0	0	0	nan	0.00	0.00	6.53	81.47	89.36	0.00	39	0	43	0.00	0.00	61.17	6.98	0.00	0.00	2000
232	11.11	2103	2086	0.00	199	0	0	0	nan	0.00	0.00	6.17	82.23	88.89	0.00	38	0	43	0.00	0.00	66.73	7.73	0.00	0.00	2000
232	11.17	2058	2123	0.00	213	0	0	0	nan	0.00	0.00	4.65	85.25	88.83	0.00	39	0	43	0.00	0.00	68.23	7.87	0.00	0.00	2000
236	11.07	2135	2093	0.00	205	0	0	0	nan	0.00	0.02	6.59	82.09	88.93	0.00	39	0	43	0.00	0.00	65.71	7.50	0.00	0.00	2000
237	11.28	2086	2114	0.00	213	0	0	0	nan	0.00	0.00	8.61	80.78	88.72	0.00	39	0	42	0.00	0.00	66.17	7.60	0.00	0.00	2000
234	11.15	2092	2109	0.00	214	0	0	0	nan	0.00	0.00	6.53	82.85	88.85	0.00	39	0	42	0.00	0.00	66.00	7.55	0.00	0.00	2000
227	11.35	2022	2077	0.00	199	0	0	0	nan	0.00	0.02	5.15	82.61	88.65	0.00	39	0	42	0.00	0.00	64.18	7.31	0.00	0.00	2000
235	11.20	2068	2133	0.00	198	0	0	0	nan	0.01	0.53	3.63	86.13	88.80	0.00	39	0	43	0.00	0.00	70.07	7.94	0.00	0.00	2000
233	10.90	2138	2099	0.00	203	0	0	0	nan	0.00	0.83	2.49	85.92	89.10	0.00	40	0	42	0.00	0.00	64.68	7.55	0.00	0.00	2000
231	10.79	2147	2091	0.00	196	0	0	0	nan	0.00	0.46	6.37	82.06	89.21	0.00	40	0	43	0.00	0.00	66.46	7.71	0.00	0.00	2000
248	12.15	2045	2099	0.00	236	0	0	0	nan	0.00	0.00	7.39	80.55	87.85	0.00	38	0	43	0.00	0.00	64.00	7.52	0.00	0.00	2000
226	11.13	2025	2104	0.00	195	0	0	0	nan	0.00	0.00	6.85	82.38	88.87	0.00	39	0	43	0.00	0.00	67.92	7.65	0.00	0.00	2000
224	11.10	2044	2070	0.00	200	0	0	14	34.05	0.00	0.00	5.86	81.85	88.90	0.00	40	0	43	0.00	0.00	61.30	7.87	0.00	0.00	2000
226	11.01	2050	2099	1.71	198	0	0	19	33.04	0.00	0.03	7.18	81.88	88.99	0.00	41	0	43	0.00	0.00	66.70	8.69	0.00	0.00	2000
218	10.32	2117	2097	0.00	197	0	0	0	nan	0.00	0.01	6.28	83.36	89.68	0.00	38	0	43	0.00	0.00	67.20	7.85	0.00	0.00	2000
233	11.37	2021	2129	0.00	253	0	0	0	nan	0.00	0.00	4.18	85.71	88.63	0.00	40	0	42	0.00	0.00	67.12	7.60	0.00	0.00	2000
229	11.07	2077	2093	0.00	213	0	0	0	nan	0.00	0.00	3.42	85.30	88.93	0.00	41	0	43	0.00	0.00	63.61	7.33	0.00	0.00	2000
230	11.00	2081	2109	0.00	203	0	0	0	nan	0.00	0.00	4.03	85.49	89.00	0.00	41	0	43	0.00	0.00	67.60	7.78	0.00	0.00	2000
229	10.91	2096	2101	0.00	205	0	0	0	nan	0.00	0.00	3.60	85.62	89.09	0.00	41	0	42	0.00	0.00	63.42	7.23	0.00	0.00	2000
233	11.08	2086	2114	0.00	188	0	0	0	nan	0.00	0.00	3.67	86.01	88.92	0.00	41	0	43	0.00	0.00	67.41	7.47	0.00	0.00	2000
226	10.96	2072	2092	0.00	203	0	0	0	nan	0.00	0.00	3.57	85.29	89.04	0.00	41	0	43	0.00	0.00	63.48	7.23	0.00	0.00	2000
230	11.18	2063	2097	0.00	202	0	0	0	nan	0.00	0.02	3.06	85.59	88.82	0.00	41	0	42	0.00	0.00	65.32	7.34	0.00	0.00	2000
226	11.17	2027	2097	0.00	213	0	0	0	nan	0.00	0.02	2.92	85.86	88.83	0.00	41	0	43	0.00	0.00	65.96	7.59	0.00	0.00	2000
228	11.30	2025	2089	0.00	205	0	0	0	nan	0.00	0.00	4.89	83.49	88.70	0.00	41	0	42	0.00	0.00	65.88	7.53	0.00	0.00	2000
227	11.22	2021	2107	0.00	203	0	0	0	nan	0.00	0.00	3.94	85.23	88.78	0.00	41	0	43	0.00	0.00	65.55	7.41	0.00	0.00	2000
229	10.93	2097	2096	0.00	202	0	0	0	nan	0.00	0.02	3.78	85.14	89.07	0.00	41	0	43	0.00	0.00	63.63	7.17	0.00	0.00	2000
227	10.87	2095	2097	0.00	203	0	0	0	nan	0.00	0.00	3.92	85.06	89.13	0.00	41	0	43	0.00	0.00	65.90	7.53	0.00	0.00	2000
231	11.15	2062	2109	0.00	212	0	0	0	nan	0.00	0.00	4.00	85.31	88.85	0.00	41	0	43	0.00	0.00	65.33	7.46	0.00	0.00	2000
218	12.40	2179	1693	0.00	185	0	0	0	nan	0.00	0.01	2.72	67.86	87.60	0.00	41	0	42	0.00	0.00	50.87	5.77	0.00	0.00	2000
238	9.64	1985	2609	0.05	246	0	0	17	18.95	0.00	0.01	6.41	105.94	90.36	0.00	39	0	43	0.00	0.00	82.27	9.97	0.00	0.00	2000
222	10.88	2074	2064	0.52	197	0	0	6	49.33	0.00	0.00	5.86	81.83	89.12	0.00	39	0	42	0.00	0.00	63.71	7.63	0.00	0.00	2000
86	5.95	1419	2145	0.00	199	0	0	0	nan	0.03	2.77	3.09	90.42	94.05	0.00	38	0	43	0.00	0.00	63.27	7.80	0.00	0.00	2000
115	7.97	1449	2082	0.00	248	0	0	0	nan	0.00	0.00	5.21	86.12	92.03	0.00	39	0	42	0.00	0.00	60.30	7.43	0.00	0.00	2000
220	10.85	2047	2081	0.00	196	0	0	0	nan	0.00	0.04	2.96	85.46	89.15	0.00	40	0	42	0.00	0.00	63.67	7.50	0.00	0.00	2000
224	10.93	2032	2121	0.00	203	0	0	0	nan	0.02	1.50	8.54	80.03	89.07	0.00	41	0	42	0.00	0.00	64.95	7.69	0.00	0.00	2000
214	10.50	2023	2117	0.00	197	0	0	0	nan	0.00	0.43	7.98	82.01	89.50	0.00	40	0	42	0.00	0.00	62.01	7.63	0.00	0.00	2000
111	8.04	1402	2068	0.00	202	0	0	0	nan	0.00	0.11	8.69	81.81	91.96	0.00	38	0	43	0.00	0.00	61.66	7.32	0.00	0.00	2000
117	7.91	1469	2120	0.00	254	0	0	0	nan	0.00	0.01	7.51	85.47	92.09	0.00	39	0	42	0.00	0.00	62.80	7.88	0.00	0.00	2000
224	11.12	2110	2000	0.00	197	0	0	0	nan	0.00	0.00	7.14	77.58	88.88	0.00	40	0	42	0.00	0.00	60.37	7.16	0.00	0.00	2000
225	10.43	2057	2205	0.00	209	0	0	0	nan	0.00	0.00	6.99	87.19	89.57	0.00	40	0	42	0.00	0.00	67.73	7.87	0.00	0.00	2000
220	10.92	2028	2088	0.00	194	0	0	0	nan	0.00	0.02	7.30	81.40	89.08	0.00	41	0	43	0.00	0.00	64.36	7.49	0.00	0.00	2000
222	10.83	2037	2110	0.00	195	0	0	0	nan	0.00	0.00	6.35	83.31	89.17	0.00	40	0	42	0.00	0.00	64.13	7.71	0.00	0.00	2000
224	10.98	2031	2106	0.00	194	0	0	0	nan	0.06	0.01	7.67	81.69	89.02	0.00	41	0	43	0.00	0.00	65.48	7.66	0.00	0.00	2000
225	11.08	2073	2062	0.00	201	0	0	0	nan	0.00	0.01	6.53	80.90	88.93	0.00	40	0	42	0.00	0.00	63.45	7.30	0.00	0.00	2000
262	11.77	2200	2123	0.00	207	0	0	0	nan	0.00	0.82	6.89	81.65	88.23	0.00	40	0	42	0.00	0.00	65.78	7.70	0.00	0.00	2000
170	9.54	1797	2082	0.00	269	0	0	1	86.82	0.00	0.02	5.67	84.12	90.46	0.00	38	0	43	0.00	0.00	63.50	7.59	0.00	0.00	2000
107	8.06	1327	2093	0.26	224	0	0	8	70.60	0.00	0.00	8.68	82.97	91.94	0.00	38	0	42	0.00	0.00	60.03	7.46	0.00	0.00	2000
115	8.73	1269	2177	0.00	97	0	0	0	nan	0.00	0.09	8.83	85.46	91.27	0.00	37	0	43	0.00	0.00	56.13	7.78	0.00	0.00	2000
