Avg_MHz	Busy%	Bzy_MHz	TSC_MHz	IPC	IRQ	NMI	SMI	LLCMRPS	LLC%hit	POLL%	C1%	C1E%	C6%	CPU%c1	CPU%c6	CoreTmp	CoreThr	PkgTmp	Pkg%pc2	Pkg%pc6	PkgWatt	RAMWatt	PKG_%	RAM_%	UncMHz
307	15.44	1939	2154	0.00	231	0	0	0	nan	0.00	0.15	40.43	46.17	84.56	0.00	38	0	42	0.00	0.00	64.71	7.60	0.00	0.00	2000
328	15.21	2191	2069	0.00	213	0	0	0	nan	0.01	3.54	18.66	61.61	84.79	0.00	38	0	43	0.00	0.00	68.25	7.77	0.00	0.00	2000
77	7.27	1051	2118	0.00	194	0	0	0	nan	0.00	0.00	8.16	85.48	92.73	0.00	37	0	42	0.00	0.00	60.60	7.64	0.00	0.00	2000
74	6.98	1049	2124	0.00	210	0	0	0	nan	0.00	0.00	4.29	89.81	93.02	0.00	37	0	42	0.00	0.00	58.01	7.33	0.00	0.00	2000
73	6.68	1099	2087	0.00	194	0	0	0	nan	0.00	0.00	3.57	89.33	93.32	0.00	37	0	43	0.00	0.00	59.24	7.53	0.00	0.00	2000
72	7.10	1010	2114	0.00	194	0	0	0	nan	0.00	0.00	4.29	89.39	92.90	0.00	37	0	43	0.00	0.00	58.36	7.55	0.00	0.00	2000
72	6.69	1080	2096	0.00	195	0	0	0	nan	0.01	0.00	3.97	89.34	93.31	0.00	37	0	42	0.00	0.00	58.48	7.46	0.00	0.00	2000
70	6.58	1084	2074	0.00	193	0	0	0	nan	0.00	0.02	3.69	88.67	93.42	0.00	37	0	43	0.00	0.00	57.70	7.19	0.00	0.00	2000
72	6.85	1052	2100	0.00	194	0	0	0	nan	0.00	0.01	2.33	90.88	93.15	0.00	38	0	43	0.00	0.00	58.35	7.29	0.00	0.00	2000
72	7.01	1013	2123	0.00	209	0	0	0	nan	0.00	0.00	3.42	90.77	92.99	0.00	37	0	43	0.00	0.00	61.13	7.67	0.00	0.00	2000
71	7.11	1006	2099	0.00	194	0	0	0	nan	0.00	0.00	4.25	88.73	92.89	0.00	37	0	42	0.00	0.00	57.77	7.48	0.00	0.00	2000
72	6.56	1099	2098	0.00	193	0	0	0	nan	0.00	0.00	3.46	89.86	93.44	0.00	38	0	42	0.00	0.00	59.73	7.55	0.00	0.00	2000
73	6.75	1081	2103	0.00	193	0	0	0	nan	0.00	0.00	3.74	89.76	93.25	0.00	37	0	43	0.00	0.00	58.94	7.51	0.00	0.00	2000
71	6.65	1074	2094	0.00	193	0	0	0	nan	0.00	0.00	3.80	89.32	93.35	0.00	37	0	43	0.00	0.00	58.67	7.24	0.00	0.00	2000
73	6.53	1114	2104	0.00	194	0	0	0	nan	0.00	0.00	4.53	89.21	93.47	0.00	37	0	42	0.00	0.00	59.25	7.40	0.00	0.00	2000
69	6.65	1049	2079	0.00	194	0	0	0	85.66	0.00	0.00	3.74	88.76	93.35	0.00	37	0	43	0.00	0.00	56.29	7.17	0.00	0.00	2000
74	6.77	1078	2131	0.29	192	0	0	1	86.32	0.00	0.02	1.91	92.67	93.23	0.00	37	0	42	0.00	0.00	58.31	7.61	0.00	0.00	2000
72	6.72	1074	2092	0.00	193	0	0	0	nan	0.00	0.00	3.07	89.90	93.28	0.00	37	0	43	0.00	0.00	59.80	7.76	0.00	0.00	2000
189	9.77	1950	2080	0.00	207	0	0	0	nan	0.00	0.57	6.77	82.06	90.23	0.00	39	0	43	0.00	0.00	61.29	7.27	0.00	0.00	2000
236	11.06	2109	2122	0.00	199	0	0	0	nan	0.00	0.02	5.18	84.64	88.94	0.00	39	0	42	0.00	0.00	66.89	7.63	0.00	0.00	2000
229	11.08	2093	2075	0.00	203	0	0	0	nan	0.00	0.02	7.22	80.72	88.92	0.00	39	0	42	0.00	0.00	63.34	7.26	0.00	0.00	2000
232	11.01	2088	2122	0.00	199	0	0	0	nan	0.00	0.00	6.02	83.99	88.99	0.00	40	0	42	0.00	0.00	66.46	7.61	0.00	0.00	2000
237	11.24	2100	2109	0.00	198	0	0	0	nan	0.00	0.03	5.82	83.38	88.76	0.00	38	0	42	0.00	0.00	67.17	7.88	0.00	0.00	2000
231	11.00	2108	2091	0.00	199	0	0	0	nan	0.00	0.00	6.50	82.10	89.00	0.00	37	0	42	0.00	0.00	67.05	7.90	0.00	0.00	2000
234	11.28	2107	2069	0.00	198	0	0	0	nan	0.00	0.01	4.59	82.79	88.72	0.00	37	0	42	0.00	0.00	63.27	7.43	0.00	0.00	2000
231	11.03	2057	2143	0.00	220	0	0	0	nan	0.00	0.00	6.43	84.53	88.97	0.00	38	0	42	0.00	0.00	69.86	8.23	0.00	0.00	2000
231	11.29	2045	2096	0.00	198	0	0	0	nan	0.00	0.00	6.56	82.03	88.71	0.00	37	0	42	0.00	0.00	65.84	7.60	0.00	0.00	2000
228	10.91	2108	2081	0.00	199	0	0	0	nan	0.00	0.00	5.19	83.08	89.09	0.00	38	0	42	0.00	0.00	64.81	7.47	0.00	0.00	2000
226	11.19	2039	2085	0.00	197	0	0	0	nan	0.00	0.00	4.37	83.97	88.81	0.00	38	0	42	0.00	0.00	64.17	7.40	0.00	0.00	2000
236	11.08	2090	2139	0.00	220	0	0	0	nan	0.00	0.00	6.06	84.63	88.92	0.00	39	0	42	0.00	0.00	65.77	7.52	0.00	0.00	2000
227	10.77	2132	2076	0.00	182	0	0	0	nan	0.01	0.00	4.48	83.79	89.23	0.00	39	0	42	0.00	0.00	64.82	7.36	0.00	0.00	2000
231	10.95	2097	2113	0.00	216	0	0	0	nan	0.00	0.71	4.53	84.36	89.05	0.00	39	0	42	0.00	0.00	64.20	7.42	0.00	0.00	2000
227	10.83	2103	2096	0.00	198	0	0	0	80.51	0.00	0.00	5.66	83.51	89.17	0.00	39	0	43	0.00	0.00	68.66	7.91	0.00	0.00	2000
227	11.08	2059	2086	0.75	197	0	0	17	97.89	0.00	0.96	5.25	82.15	88.92	0.00	39	0	43	0.00	0.00	64.01	7.23	0.00	0.00	2000
235	11.35	2076	2096	0.00	201	0	0	0	nan	0.00	0.00	5.09	83.39	88.65	0.00	39	0	42	0.00	0.00	63.90	7.32	0.00	0.00	2000
231	10.75	2112	2134	0.00	215	0	0	0	nan	0.00	0.03	6.75	83.95	89.25	0.00	39	0	42	0.00	0.00	68.99	7.88	0.00	0.00	2000
228	10.97	2105	2072	0.00	198	0	0	0	nan	0.00	0.00	5.06	82.95	89.03	0.00	39	0	43	0.00	0.00	63.80	7.38	0.00	0.00	2000
228	11.10	2056	2098	0.00	197	0	0	0	nan	0.00	0.02	4.46	84.43	88.90	0.00	39	0	43	0.00	0.00	65.10	7.39	0.00	0.00	2000
229	10.95	2094	2100	0.00	214	0	0	0	nan	0.00	0.01	5.00	84.14	89.05	0.00	39	0	42	0.00	0.00	62.46	7.03	0.00	0.00	2000
235	11.10	2103	2114	0.00	204	0	0	0	nan	0.00	0.04	6.49	83.00	88.90	0.00	39	0	42	0.00	0.00	67.55	7.59	0.00	0.00	2000
229	10.85	2102	2109	0.00	198	0	0	0	nan	0.00	0.00	7.50	82.13	89.15	0.00	40	0	43	0.00	0.00	65.14	7.50	0.00	0.00	2000
228	11.04	2067	2101	0.00	203	0	0	0	nan	0.00	0.00	5.65	83.37	88.96	0.00	39	0	42	0.00	0.00	67.88	7.80	0.00	0.00	2000
227	11.12	2088	2055	0.00	198	0	0	0	nan	0.00	0.00	3.83	83.24	88.88	0.00	38	0	43	0.00	0.00	62.69	7.21	0.00	0.00	2000
233	11.29	2062	2104	0.00	219	0	0	0	nan	0.00	0.05	4.20	84.70	88.71	0.00	38	0	43	0.00	0.00	66.39	7.65	0.00	0.00	2000
229	10.62	2135	2118	0.00	214	0	0	0	nan	0.00	0.02	3.95	86.20	89.38	0.00	38	0	42	0.00	0.00	65.38	7.54	0.00	0.00	2000
239	11.52	2055	2125	0.00	200	0	0	0	nan	0.00	0.03	2.69	87.00	88.48	0.00	39	0	42	0.00	0.00	69.32	7.87	0.00	0.00	2000
234	10.78	2163	2104	0.00	198	0	0	0	nan	0.00	0.00	4.51	84.85	89.22	0.00	39	0	43	0.00	0.00	63.27	7.24	0.00	0.00	2000
228	10.94	2082	2098	0.00	199	0	0	0	nan	0.00	0.00	7.30	81.79	89.06	0.00	40	0	43	0.00	0.00	66.37	7.76	0.00	0.00	2000
231	11.36	2032	2103	0.00	203	0	0	0	nan	0.00	0.00	7.10	81.78	88.64	0.00	39	0	42	0.00	0.00	65.17	7.40	0.00	0.00	2000
231	11.22	2058	2097	0.00	198	0	0	12	77.14	0.00	0.02	6.80	81.94	88.78	0.00	38	0	43	0.00	0.00	66.41	7.82	0.00	0.00	2000
227	11.13	2070	2071	0.57	199	0	0	14	69.78	0.00	0.02	5.66	82.05	88.87	0.00	38	0	42	0.00	0.00	63.80	7.56	0.00	0.00	2000
232	10.83	2139	2107	0.00	198	0	0	0	nan	0.00	0.00	5.40	84.10	89.17	0.00	38	0	42	0.00	0.00	65.87	7.63	0.00	0.00	2000
236	11.12	2087	2132	0.00	198	0	0	0	nan	0.00	0.00	4.42	85.84	88.88	0.00	39	0	42	0.00	0.00	69.84	7.82	0.00	0.00	2000
231	10.90	2133	2087	0.00	203	0	0	0	nan	0.00	0.03	5.13	83.51	89.10	0.00	38	0	43	0.00	0.00	63.53	7.32	0.00	0.00	2000
221	12.41	2153	1740	0.00	202	0	0	0	nan	0.00	0.00	4.53	68.07	87.59	0.00	38	0	43	0.00	0.00	49.99	5.93	0.00	0.00	2000
242	9.67	2015	2604	0.00	264	0	0	0	nan	0.00	0.02	5.00	107.16	90.33	0.00	39	0	43	0.00	0.00	88.97	10.56	0.00	0.00	2000
227	10.53	2152	2101	0.00	206	0	0	0	nan	0.00	1.08	4.42	84.19	89.47	0.00	40	0	42	0.00	0.00	66.95	7.79	0.00	0.00	2000
224	10.56	2125	2101	0.00	198	0	0	0	nan	0.00	0.01	4.49	85.01	89.44	0.00	40	0	42	0.00	0.00	58.39	7.21	0.00	0.00	2000
221	11.04	2110	1988	0.00	199	0	0	0	nan	0.00	0.44	4.10	79.90	88.96	0.00	41	0	42	0.00	0.00	64.55	7.18	0.00	0.00	2000
225	10.52	2036	2208	0.00	199	0	0	0	nan	0.00	0.00	5.78	88.42	89.48	0.00	41	0	43	0.00	0.00	70.30	8.21	0.00	0.00	2000
226	10.85	2070	2111	0.00	199	0	0	0	nan	0.00	0.00	5.55	84.23	89.15	0.00	40	0	42	0.00	0.00	65.47	7.73	0.00	0.00	2000
440	19.99	2368	1951	0.00	223	0	0	0	nan	0.00	0.00	5.48	68.97	80.01	0.00	39	0	42	0.00	0.00	59.66	7.39	0.00	0.00	2000
687	27.45	2500	2101	0.00	250	0	0	0	nan	0.00	0.00	3.80	68.93	72.55	0.00	40	0	42	0.00	0.00	77.44	8.69	0.00	0.00	2000
694	27.60	2500	2112	0.00	252	0	0	0	nan	0.00	0.00	4.61	68.34	72.40	0.00	40	0	43	0.00	0.00	72.60	8.35	0.00	0.00	2000
670	25.69	2461	2225	0.00	280	0	0	0	nan	0.00	0.00	5.92	72.92	74.31	0.00	40	0	43	0.00	0.00	82.50	9.35	0.00	0.00	2000
238	11.37	2052	2138	0.00	220	0	0	0	86.66	0.00	0.03	5.94	84.34	88.63	0.00	39	0	43	0.00	0.00	66.24	7.94	0.00	0.00	2000
219	11.20	2077	1974	0.58	183	0	0	2	83.89	0.00	0.00	3.89	79.67	88.80	0.00	40	0	43	0.00	0.00	61.25	7.17	0.00	0.00	2000
230	10.48	2055	2243	0.02	217	0	0	0	nan	0.00	0.03	3.53	92.10	89.52	0.00	41	0	43	0.00	0.00	69.80	8.24	0.00	0.00	2000
215	11.18	2146	1885	0.00	208	0	0	0	nan	0.00	0.00	3.75	76.06	88.82	0.00	41	0	43	0.00	0.00	56.38	6.44	0.00	0.00	2000
227	10.07	2023	2342	0.00	216	0	0	0	nan	0.00	0.03	4.17	96.23	89.93	0.00	41	0	43	0.00	0.00	72.97	8.53	0.00	0.00	2000
220	10.94	2014	2102	0.00	197	0	0	0	nan	0.00	0.00	5.47	83.76	89.06	0.00	41	0	42	0.00	0.00	65.63	7.74	0.00	0.00	2000
222	10.27	2158	2100	0.00	199	0	0	0	nan	0.00	1.05	5.53	83.30	89.73	0.00	41	0	43	0.00	0.00	65.11	7.48	0.00	0.00	2000
223	11.12	2009	2096	0.00	183	0	0	0	nan	0.00	0.00	4.93	83.92	88.88	0.00	41	0	43	0.00	0.00	63.86	7.60	0.00	0.00	2000
216	11.21	2077	1946	0.00	202	0	0	0	nan	0.00	0.00	4.54	77.79	88.79	0.00	41	0	42	0.00	0.00	57.53	6.58	0.00	0.00	2000
233	10.65	2026	2273	0.00	214	0	0	0	nan	0.00	0.00	6.56	90.20	89.35	0.00	41	0	43	0.00	0.00	71.60	8.30	0.00	0.00	2000
221	10.55	2100	2100	0.00	199	0	0	0	nan	0.00	0.02	5.24	84.27	89.45	0.00	41	0	42	0.00	0.00	63.36	7.37	0.00	0.00	2000
217	10.88	2094	2000	0.00	198	0	0	0	nan	0.00	0.00	4.44	80.57	89.12	0.00	41	0	43	0.00	0.00	61.51	7.14	0.00	0.00	2000
228	10.67	2029	2210	0.00	206	0	0	0	nan	0.00	0.01	6.57	87.60	89.33	0.00	41	0	43	0.00	0.00	66.54	7.70	0.00	0.00	2000
221	10.70	2067	2099	0.00	201	0	0	0	nan	0.00	0.05	4.86	84.50	89.30	0.00	41	0	43	0.00	0.00	65.62	7.53	0.00	0.00	2000
215	11.27	2051	1955	0.00	181	0	0	0	nan	0.00	0.03	2.40	80.39	88.73	0.00	41	0	42	0.00	0.00	60.95	7.11	0.00	0.00	2000
226	10.54	2018	2237	0.00	221	0	0	0	nan	0.00	0.00	5.24	90.25	89.47	0.00	41	0	42	0.00	0.00	67.28	8.05	0.00	0.00	2000
223	10.80	2060	2109	0.00	199	0	0	0	nan	0.00	0.51	5.28	83.94	89.20	0.00	41	0	42	0.00	0.00	65.95	8.25	0.00	0.00	2000
159	9.10	1764	2087	0.00	219	0	0	0	85.02	0.00	0.57	5.49	84.32	90.90	0.00	38	0	42	0.00	0.00	63.99	7.79	0.00	0.00	2000
77	7.17	1071	2116	0.34	206	0	0	2	83.93	0.00	0.02	4.91	88.67	92.83	0.00	38	0	43	0.00	0.00	58.36	7.32	0.00	0.00	2000
197	10.00	1977	2095	0.00	218	0	0	0	nan	0.00	0.01	9.10	80.60	90.00	0.00	39	0	42	0.00	0.00	64.48	7.57	0.00	0.00	2000
227	10.92	2085	2097	0.00	198	0	0	0	nan	0.00	0.00	5.38	83.65	89.08	0.00	40	0	43	0.00	0.00	63.41	7.38	0.00	0.00	2000
232	10.83	2130	2108	0.00	205	0	0	0	nan	0.00	0.02	5.85	83.63	89.17	0.00	40	0	42	0.00	0.00	67.79	7.88	0.00	0.00	2000
136	8.76	1565	2088	0.00	208	0	0	0	nan	0.00	0.00	8.49	82.32	91.24	0.00	38	0	43	0.00	0.00	60.09	7.45	0.00	0.00	2000
76	6.89	1104	2102	0.00	199	0	0	0	nan	0.00	0.00	5.91	87.37	93.11	0.00	38	0	42	0.00	0.00	56.78	7.45	0.00	0.00	2000
182	9.67	1915	2066	0.00	205	0	0	0	nan	0.00	0.01	6.28	82.77	90.33	0.00	39	0	42	0.00	0.00	62.44	7.04	0.00	0.00	2000
229	10.90	2092	2109	0.00	217	0	0	0	nan	0.00	0.02	5.30	84.26	89.10	0.00	40	0	42	0.00	0.00	66.04	7.78	0.00	0.00	2000
233	10.95	2102	2123	0.00	221	0	0	0	nan	0.00	0.00	4.84	85.20	89.05	0.00	40	0	42	0.00	0.00	67.28	7.55	0.00	0.00	2000
231	11.06	2082	2108	0.00	215	0	0	0	nan	0.00	0.00	6.77	82.58	88.94	0.00	40	0	42	0.00	0.00	68.13	7.73	0.00	0.00	2000
231	11.04	2081	2109	0.00	199	0	0	0	nan	0.00	0.00	5.23	84.15	88.96	0.00	40	0	42	0.00	0.00	64.37	7.34	0.00	0.00	2000
225	10.58	2161	2072	0.00	198	0	0	0	nan	0.00	0.00	4.64	83.57	89.42	0.00	40	0	42	0.00	0.00	64.68	7.50	0.00	0.00	2000
237	11.01	2179	2071	0.00	198	0	0	0	nan	0.00	2.83	4.98	80.11	88.99	0.00	38	0	42	0.00	0.00	62.50	7.26	0.00	0.00	2000
235	10.78	2126	2156	0.00	220	0	0	0	nan	0.00	0.02	8.93	82.70	89.22	0.00	38	0	43	0.00	0.00	69.16	8.14	0.00	0.00	2000
229	11.41	2006	2096	0.00	181	0	0	0	nan	0.00	0.00	5.87	82.79	88.59	0.00	39	0	42	0.00	0.00	65.34	7.85	0.00	0.00	2000
232	11.53	2004	2107	0.00	198	0	0	0	nan	0.00	0.06	5.76	83.20	88.47	0.00	39	0	42	0.00	0.00	63.49	7.61	0.00	0.00	2000
267	13.01	2124	2030	0.00	212	0	0	22	76.23	0.00	0.01	4.41	79.77	86.99	0.00	38	0	42	0.00	0.00	60.46	7.34	0.00	0.00	2000
203	10.97	1805	2149	0.49	245	0	0	21	65.57	0.00	0.04	9.75	81.46	89.03	0.00	38	0	43	0.00	0.00	69.25	8.35	0.00	0.00	2000
77	6.74	1131	2119	0.00	224	0	0	0	nan	0.00	0.02	5.86	88.38	93.26	0.00	38	0	43	0.00	0.00	61.37	7.70	0.00	0.00	2000
75	6.98	1080	2076	0.00	193	0	0	0	nan	0.00	0.01	2.60	89.43	93.02	0.00	38	0	43	0.00	0.00	57.16	7.41	0.00	0.00	2000
72	7.24	983	2122	0.00	209	0	0	0	nan	0.00	0.00	4.30	89.53	92.76	0.00	38	0	42	0.00	0.00	61.14	7.90	0.00	0.00	2000
93	7.33	1273	2094	0.00	113	0	0	0	nan	0.00	0.00	7.03	85.42	92.67	0.00	38	0	43	0.00	0.00	55.47	7.68	0.00	0.00	2000
