Avg_MHz	Busy%	Bzy_MHz	TSC_MHz	IPC	IRQ	NMI	SMI	LLCMRPS	LLC%hit	POLL%	C1%	C1E%	C6%	CPU%c1	CPU%c6	CoreTmp	CoreThr	PkgTmp	Pkg%pc2	Pkg%pc6	PkgWatt	RAMWatt	PKG_%	RAM_%	UncMHz
293	17.61	1779	1967	0.00	236	0	0	0	nan	0.00	0.05	26.46	50.65	82.39	0.00	38	0	42	0.00	0.00	57.07	7.12	0.00	0.00	2000
385	16.58	2137	2283	0.00	246	0	0	0	nan	0.06	1.15	19.67	70.10	83.42	0.00	38	0	42	0.00	0.00	76.27	8.62	0.00	0.00	2000
79	7.28	1079	2108	0.00	209	0	0	0	nan	0.00	0.00	6.89	86.24	92.72	0.00	37	0	42	0.00	0.00	59.24	7.56	0.00	0.00	2000
75	6.80	1114	2091	0.00	193	0	0	0	nan	0.00	0.04	1.95	90.87	93.20	0.00	37	0	42	0.00	0.00	57.55	7.43	0.00	0.00	2000
73	7.03	1031	2113	0.00	213	0	0	0	nan	0.00	0.00	4.14	89.46	92.97	0.00	37	0	42	0.00	0.00	59.13	7.66	0.00	0.00	2000
73	6.89	1058	2110	0.00	194	0	0	0	nan	0.00	0.00	3.70	89.80	93.11	0.00	37	0	42	0.00	0.00	61.31	8.02	0.00	0.00	2000
72	6.65	1094	2084	0.00	194	0	0	0	nan	0.00	0.00	3.88	88.76	93.35	0.00	37	0	42	0.00	0.00	56.80	7.36	0.00	0.00	2000
73	6.54	1104	2123	0.00	193	0	0	0	nan	0.00	0.03	1.85	92.52	93.46	0.00	37	0	43	0.00	0.00	58.55	7.55	0.00	0.00	2000
107	7.60	1409	2106	0.00	194	0	0	0	nan	0.00	0.01	2.52	90.14	92.40	0.00	37	0	42	0.00	0.00	59.93	7.58	0.00	0.00	2000
72	6.15	1176	2085	0.00	193	0	0	0	nan	0.00	0.00	3.30	89.75	93.85	0.00	37	0	42	0.00	0.00	58.02	7.56	0.00	0.00	2000
74	6.98	1049	2124	0.00	193	0	0	0	nan	0.00	0.00	2.66	91.48	93.02	0.00	37	0	42	0.00	0.00	58.75	7.63	0.00	0.00	2000
73	6.50	1119	2092	0.00	195	0	0	0	nan	0.00	0.00	4.15	88.98	93.50	0.00	37	0	42	0.00	0.00	58.75	7.58	0.00	0.00	2000
72	6.60	1096	2098	0.00	193	0	0	0	nan	0.00	0.00	3.39	89.93	93.40	0.00	37	0	42	0.00	0.00	58.25	7.41	0.00	0.00	2000
71	6.71	1062	2097	0.00	194	0	0	0	nan	0.01	0.00	2.77	90.47	93.29	0.00	37	0	42	0.00	0.00	58.96	7.47	0.00	0.00	2000
73	6.32	1160	2089	0.00	194	0	0	0	nan	0.00	0.01	2.85	90.21	93.68	0.00	37	0	42	0.00	0.00	55.53	7.59	0.00	0.00	2000
73	6.32	1146	2117	0.00	194	0	0	1	88.16	0.00	0.00	2.99	91.46	93.68	0.00	37	0	42	0.00	0.00	58.49	7.60	0.00	0.00	2000
71	6.64	1083	2071	0.08	194	0	0	1	87.56	0.00	0.00	2.90	89.23	93.36	0.00	37	0	42	0.00	0.00	59.53	7.84	0.00	0.00	2000
72	6.76	1056	2126	0.00	194	0	0	0	nan	0.00	0.02	2.22	92.27	93.24	0.00	37	0	42	0.00	0.00	59.80	7.68	0.00	0.00	2000
158	8.68	1812	2103	0.00	214	0	0	0	nan	0.01	0.07	5.22	86.17	91.32	0.00	38	0	42	0.00	0.00	60.69	7.60	0.00	0.00	2000
230	10.81	2125	2103	0.00	204	0	0	0	nan	0.00	0.03	5.43	83.89	89.19	0.00	39	0	43	0.00	0.00	65.88	7.76	0.00	0.00	2000
229	11.13	2070	2090	0.00	200	0	0	0	nan	0.00	0.00	3.75	84.80	88.87	0.00	40	0	42	0.00	0.00	62.23	7.47	0.00	0.00	2000
232	10.68	2171	2107	0.00	209	0	0	0	nan	0.00	0.00	3.74	85.84	89.32	0.00	40	0	42	0.00	0.00	66.10	7.64	0.00	0.00	2000
233	11.23	2076	2101	0.00	195	0	0	0	nan	0.00	0.02	4.78	84.04	88.77	0.00	39	0	42	0.00	0.00	64.88	7.86	0.00	0.00	2000
229	11.16	2069	2086	0.00	199	0	0	0	nan	0.00	0.02	6.72	81.60	88.84	0.00	39	0	42	0.00	0.00	63.96	7.54	0.00	0.00	2000
234	11.06	2101	2118	0.00	197	0	0	0	nan	0.00	0.00	5.03	84.70	88.94	0.00	39	0	42	0.00	0.00	70.75	8.33	0.00	0.00	2000
230	10.95	2116	2087	0.00	198	0	0	0	nan	0.00	0.00	5.15	83.32	89.05	0.00	37	0	42	0.00	0.00	63.24	7.59	0.00	0.00	2000
236	11.25	2096	2101	0.00	198	0	0	0	nan	0.00	0.02	5.31	83.51	88.75	0.00	37	0	42	0.00	0.00	66.76	7.94	0.00	0.00	2000
228	11.11	2076	2072	0.00	205	0	0	0	nan	0.00	0.05	4.01	83.75	88.89	0.00	38	0	42	0.00	0.00	63.27	7.44	0.00	0.00	2000
230	11.04	2083	2103	0.00	195	0	0	0	nan	0.00	0.04	2.65	86.43	88.96	0.00	38	0	42	0.00	0.00	66.42	7.66	0.00	0.00	2000
234	11.24	2054	2131	0.00	214	0	0	0	nan	0.00	0.03	4.66	85.51	88.76	0.00	38	0	42	0.00	0.00	65.82	7.57	0.00	0.00	2000
229	10.80	2120	2097	0.00	195	0	0	0	nan	0.00	1.09	3.63	84.42	89.20	0.00	38	0	42	0.00	0.00	63.72	7.35	0.00	0.00	2000
232	11.16	2081	2099	0.00	204	0	0	0	nan	0.00	0.05	6.28	82.48	88.84	0.00	38	0	42	0.00	0.00	65.22	7.36	0.00	0.00	2000
229	10.78	2128	2099	0.00	197	0	0	4	89.58	0.00	0.00	5.27	83.87	89.22	0.00	39	0	42	0.00	0.00	62.67	7.30	0.00	0.00	2000
228	11.06	2058	2107	0.63	197	0	0	14	84.48	0.00	0.44	6.27	82.66	88.94	0.00	38	0	42	0.00	0.00	67.72	7.90	0.00	0.00	2000
230	11.01	2089	2098	0.00	198	0	0	0	nan	0.00	0.00	5.28	83.60	88.99	0.00	39	0	42	0.00	0.00	62.54	7.44	0.00	0.00	2000
232	11.09	2094	2099	0.00	198	0	0	0	nan	0.00	0.00	4.81	84.17	88.91	0.00	39	0	42	0.00	0.00	67.79	8.15	0.00	0.00	2000
228	11.22	2071	2058	0.00	202	0	0	0	nan	0.00	0.00	5.05	82.08	88.78	0.00	38	0	42	0.00	0.00	64.01	7.56	0.00	0.00	2000
232	10.90	2109	2119	0.00	214	0	0	0	nan	0.00	0.02	6.45	83.42	89.10	0.00	38	0	42	0.00	0.00	67.81	7.91	0.00	0.00	2000
233	10.98	2117	2105	0.00	200	0	0	0	nan	0.00	0.03	5.52	83.75	89.02	0.00	38	0	42	0.00	0.00	65.00	7.72	0.00	0.00	2000
235	11.33	2068	2103	0.00	199	0	0	0	nan	0.00	0.03	6.16	82.78	88.67	0.00	38	0	42	0.00	0.00	64.44	7.78	0.00	0.00	2000
626	27.72	2498	1897	0.00	215	0	0	0	nan	0.00	0.00	4.84	60.57	72.28	0.00	39	0	42	0.00	0.00	66.66	6.58	0.00	0.00	2000
683	27.64	2500	2075	0.00	233	0	0	0	nan	0.00	0.00	4.74	66.86	72.36	0.00	40	0	42	0.00	0.00	78.23	7.56	0.00	0.00	2000
685	27.38	2500	2103	0.00	245	0	0	0	nan	0.00	0.00	3.16	69.68	72.62	0.00	41	0	42	0.00	0.00	83.67	7.94	0.00	0.00	2000
682	27.32	2500	2097	0.00	250	0	0	0	nan	0.00	0.05	2.17	70.48	72.68	0.00	41	0	42	0.00	0.00	77.87	7.41	0.00	0.00	2000
686	27.40	2500	2103	0.00	245	0	0	0	nan	0.01	0.01	3.13	69.70	72.60	0.00	41	0	42	0.00	0.00	83.65	7.81	0.00	0.00	2000
411	16.05	2308	2332	0.00	295	0	0	0	nan	0.00	0.92	8.16	84.37	83.95	0.00	39	0	42	0.00	0.00	82.41	8.80	0.00	0.00	2000
130	8.96	1433	2134	0.00	242	0	0	0	nan	0.00	1.00	9.64	82.06	91.04	0.00	38	0	42	0.00	0.00	63.04	7.76	0.00	0.00	2000
194	10.95	1713	2173	0.00	34	0	0	0	nan	0.00	0.05	19.32	72.91	89.05	0.00	37	0	42	0.00	0.00	56.60	6.94	0.00	0.00	2000
