Avg_MHz	Busy%	Bzy_MHz	TSC_MHz	IPC	IRQ	NMI	SMI	LLCMRPS	LLC%hit	POLL%	C1%	C1E%	C6%	CPU%c1	CPU%c6	CoreTmp	CoreThr	PkgTmp	Pkg%pc2	Pkg%pc6	PkgWatt	RAMWatt	PKG_%	RAM_%	UncMHz
288	16.22	1881	1982	0.00	254	0	0	0	nan	0.00	0.00	21.91	57.22	83.78	0.00	37	0	42	0.00	0.00	58.18	6.89	0.00	0.00	2000
285	13.15	1981	2295	0.00	287	0	0	0	nan	0.00	0.49	10.93	83.63	86.85	0.00	39	0	43	0.00	0.00	78.45	9.24	0.00	0.00	2000
437	19.28	2240	2127	0.00	250	0	0	0	nan	0.00	1.45	14.90	65.65	80.72	0.00	40	0	42	0.00	0.00	67.11	7.39	0.00	0.00	2000
263	12.62	2122	2066	0.00	193	0	0	0	nan	0.00	0.67	14.71	70.72	87.38	0.00	38	0	42	0.00	0.00	68.54	7.84	0.00	0.00	2000
165	10.33	1575	2130	0.00	232	0	0	0	nan	0.00	0.00	22.27	68.86	89.67	0.00	37	0	42	0.00	0.00	61.84	7.55	0.00	0.00	2000
77	7.03	1105	2087	0.00	195	0	0	0	nan	0.00	0.00	7.02	85.52	92.97	0.00	37	0	42	0.00	0.00	58.44	7.47	0.00	0.00	2000
75	6.79	1086	2127	0.00	195	0	0	0	nan	0.00	0.00	2.98	91.38	93.21	0.00	37	0	42	0.00	0.00	57.64	7.44	0.00	0.00	2000
77	7.18	1092	2068	0.00	193	0	0	0	nan	0.00	0.02	3.42	88.04	92.82	0.00	37	0	43	0.00	0.00	59.44	7.56	0.00	0.00	2000
74	6.93	1056	2124	0.00	194	0	0	0	nan	0.00	0.00	3.72	90.58	93.07	0.00	37	0	42	0.00	0.00	58.13	7.84	0.00	0.00	2000
75	6.65	1126	2100	0.00	209	0	0	0	nan	0.00	0.00	3.69	89.68	93.35	0.00	37	0	42	0.00	0.00	60.61	7.60	0.00	0.00	2000
74	6.81	1080	2104	0.00	194	0	0	0	nan	0.00	0.00	4.29	89.02	93.19	0.00	37	0	42	0.00	0.00	58.22	7.50	0.00	0.00	2000
73	6.40	1141	2105	0.00	195	0	0	0	nan	0.00	0.00	3.80	89.87	93.60	0.00	37	0	42	0.00	0.00	58.07	7.61	0.00	0.00	2000
74	6.38	1157	2099	0.00	194	0	0	0	nan	0.00	0.02	3.63	89.93	93.62	0.00	37	0	42	0.00	0.00	57.90	7.55	0.00	0.00	2000
72	6.73	1071	2102	0.00	194	0	0	0	nan	0.00	0.01	3.56	89.81	93.27	0.00	37	0	42	0.00	0.00	58.38	7.43	0.00	0.00	2000
72	7.09	1038	2062	0.00	196	0	0	0	nan	0.00	0.06	3.62	87.68	92.91	0.00	37	0	42	0.00	0.00	56.18	7.24	0.00	0.00	2000
72	6.73	1062	2119	0.27	194	0	0	1	84.47	0.00	0.02	1.85	92.28	93.27	0.00	37	0	42	0.00	0.00	58.76	7.52	0.00	0.00	2000
73	6.81	1071	2106	0.24	193	0	0	1	89.94	0.00	0.00	2.47	91.02	93.19	0.00	37	0	42	0.00	0.00	57.95	7.38	0.00	0.00	2000
73	7.10	1016	2118	0.00	193	0	0	0	nan	0.00	0.01	2.75	91.02	92.90	0.00	37	0	42	0.00	0.00	59.65	7.74	0.00	0.00	2000
75	6.69	1140	2068	0.00	194	0	0	0	nan	0.00	0.00	3.64	88.27	93.31	0.00	37	0	42	0.00	0.00	57.66	7.35	0.00	0.00	2000
228	11.21	2052	2081	0.00	195	0	0	0	nan	0.00	0.01	2.16	85.85	88.79	0.00	38	0	42	0.00	0.00	58.82	7.20	0.00	0.00	2000
231	10.98	2091	2115	0.00	210	0	0	0	nan	0.00	0.00	2.60	87.05	89.02	0.00	38	0	42	0.00	0.00	70.08	7.80	0.00	0.00	2000
233	10.93	2101	2129	0.00	212	0	0	0	nan	0.03	0.00	3.74	86.62	89.07	0.00	38	0	42	0.00	0.00	68.55	7.87	0.00	0.00	2000
229	10.86	2121	2087	0.00	195	0	0	0	nan	0.00	0.00	3.40	85.23	89.14	0.00	38	0	42	0.00	0.00	62.06	7.52	0.00	0.00	2000
239	11.36	2094	2113	0.00	194	0	0	0	nan	0.00	0.02	3.82	85.44	88.64	0.00	38	0	42	0.00	0.00	70.68	8.07	0.00	0.00	2000
232	11.14	2103	2082	0.00	195	0	0	0	nan	0.00	0.00	3.79	84.40	88.86	0.00	38	0	42	0.00	0.00	65.55	7.52	0.00	0.00	2000
227	10.97	2053	2115	0.00	194	0	0	0	nan	0.00	0.00	5.46	84.29	89.03	0.00	38	0	42	0.00	0.00	66.31	7.61	0.00	0.00	2000
232	10.96	2113	2106	0.00	195	0	0	0	nan	0.00	0.00	4.48	84.92	89.04	0.00	38	0	42	0.00	0.00	64.62	7.43	0.00	0.00	2000
227	11.04	2072	2089	0.00	194	0	0	0	nan	0.00	0.00	3.92	84.68	88.96	0.00	38	0	42	0.00	0.00	64.50	7.60	0.00	0.00	2000
232	11.00	2100	2107	0.00	195	0	0	0	nan	0.00	0.00	4.85	84.55	89.00	0.00	38	0	42	0.00	0.00	65.72	7.48	0.00	0.00	2000
230	10.94	2112	2096	0.00	195	0	0	0	nan	0.00	0.00	3.56	85.35	89.06	0.00	39	0	42	0.00	0.00	65.47	7.54	0.00	0.00	2000
226	10.80	2124	2068	0.00	194	0	0	0	nan	0.00	0.00	3.73	84.21	89.20	0.00	39	0	43	0.00	0.00	65.58	7.54	0.00	0.00	2000
233	10.77	2117	2144	0.00	194	0	0	0	nan	0.00	0.01	3.43	87.77	89.23	0.00	39	0	42	0.00	0.00	63.91	7.24	0.00	0.00	2000
229	10.83	2133	2080	0.18	194	0	0	18	88.08	0.00	0.00	3.69	84.73	89.17	0.00	39	0	42	0.00	0.00	65.34	7.29	0.00	0.00	2000
238	11.87	2001	2107	0.48	194	0	0	4	89.88	0.00	0.00	4.60	83.90	88.13	0.00	39	0	42	0.00	0.00	67.56	7.95	0.00	0.00	2000
232	11.24	2068	2097	0.00	195	0	0	0	nan	0.00	0.00	3.89	84.91	88.76	0.00	39	0	42	0.00	0.00	65.12	7.53	0.00	0.00	2000
231	11.14	2064	2109	0.00	199	0	0	0	nan	0.00	0.00	4.18	85.15	88.86	0.00	39	0	43	0.00	0.00	63.08	7.26	0.00	0.00	2000
228	11.02	2067	2097	0.00	194	0	0	0	nan	0.00	0.00	4.19	84.71	88.98	0.00	40	0	42	0.00	0.00	68.22	7.72	0.00	0.00	2000
231	11.23	2050	2104	0.00	194	0	0	0	nan	0.00	0.00	3.68	85.34	88.77	0.00	39	0	42	0.00	0.00	62.46	7.20	0.00	0.00	2000
223	11.29	2038	2040	0.00	196	0	0	0	nan	0.00	0.00	4.17	82.15	88.71	0.00	39	0	42	0.00	0.00	60.60	7.21	0.00	0.00	2000
236	11.01	2073	2168	0.00	228	0	0	0	nan	0.00	0.00	4.31	87.62	89.00	0.00	38	0	42	0.00	0.00	72.33	8.47	0.00	0.00	2000
233	11.36	2035	2114	0.00	197	0	0	0	nan	0.00	0.00	3.90	85.33	88.64	0.00	38	0	42	0.00	0.00	65.14	7.57	0.00	0.00	2000
226	10.92	2089	2083	0.00	196	0	0	0	nan	0.00	0.00	3.67	84.87	89.08	0.00	39	0	42	0.00	0.00	63.50	7.27	0.00	0.00	2000
227	11.01	2088	2074	0.00	195	0	0	0	nan	0.00	0.02	3.37	84.59	88.99	0.00	39	0	42	0.00	0.00	65.57	7.57	0.00	0.00	2000
238	11.31	2062	2139	0.00	196	0	0	0	nan	0.00	0.03	3.15	87.30	88.69	0.00	38	0	42	0.00	0.00	66.43	7.78	0.00	0.00	2000
230	11.13	2091	2076	0.00	194	0	0	0	nan	0.00	0.00	2.13	85.76	88.87	0.00	39	0	42	0.00	0.00	63.38	7.44	0.00	0.00	2000
227	10.82	2084	2117	0.00	210	0	0	0	nan	0.00	0.03	2.92	87.06	89.18	0.00	39	0	42	0.00	0.00	66.60	7.50	0.00	0.00	2000
230	11.19	2060	2100	0.00	194	0	0	0	nan	0.00	0.01	2.32	86.61	88.81	0.00	39	0	42	0.00	0.00	65.40	7.51	0.00	0.00	2000
226	11.27	2039	2069	0.00	196	0	0	0	nan	0.00	0.00	3.74	83.75	88.73	0.00	38	0	42	0.00	0.00	61.36	7.20	0.00	0.00	2000
239	11.13	2100	2145	0.00	233	0	0	0	nan	0.00	0.03	4.84	86.02	88.87	0.00	39	0	42	0.00	0.00	72.08	8.05	0.00	0.00	2000
224	11.20	2006	2094	0.40	194	0	0	3	46.65	0.00	0.00	3.10	85.57	88.80	0.00	39	0	42	0.00	0.00	62.37	7.72	0.00	0.00	2000
220	10.94	2084	2027	0.36	194	0	0	0	nan	0.00	0.00	2.80	83.20	89.06	0.00	40	0	42	0.00	0.00	62.87	7.86	0.00	0.00	2000
225	10.88	2000	2171	0.00	196	0	0	0	nan	0.00	0.02	3.55	88.73	89.12	0.00	41	0	42	0.00	0.00	69.03	8.65	0.00	0.00	2000
218	10.89	2013	2087	0.00	205	0	0	0	nan	0.00	0.01	3.71	85.03	89.11	0.00	39	0	42	0.00	0.00	64.74	8.06	0.00	0.00	2000
184	10.07	1803	2123	0.00	252	0	0	0	nan	0.00	0.00	9.22	81.83	89.93	0.00	38	0	42	0.00	0.00	63.26	7.62	0.00	0.00	2000
79	6.93	1148	2093	0.00	188	0	0	0	nan	0.00	0.00	3.86	89.02	93.07	0.00	37	0	42	0.00	0.00	59.26	7.60	0.00	0.00	2000
89	7.26	1221	2111	0.00	122	0	0	0	nan	0.01	0.00	6.83	86.37	92.74	0.00	38	0	42	0.00	0.00	61.63	7.98	0.00	0.00	2000
