Avg_MHz	Busy%	Bzy_MHz	TSC_MHz	IPC	IRQ	NMI	SMI	LLCMRPS	LLC%hit	POLL%	C1%	C1E%	C6%	CPU%c1	CPU%c6	CoreTmp	CoreThr	PkgTmp	Pkg%pc2	Pkg%pc6	PkgWatt	RAMWatt	PKG_%	RAM_%	UncMHz
213	13.70	1650	1977	0.00	250	0	0	0	nan	0.00	0.04	23.93	57.29	86.30	0.00	37	0	42	0.00	0.00	54.28	6.77	0.00	0.00	2000
392	17.08	2099	2295	0.00	242	0	0	0	nan	0.04	1.58	18.53	70.82	82.92	0.00	37	0	42	0.00	0.00	75.05	8.41	0.00	0.00	2000
86	7.06	1203	2120	0.00	193	0	0	0	nan	0.00	0.00	11.67	82.12	92.94	0.00	37	0	42	0.00	0.00	62.32	7.72	0.00	0.00	2000
72	6.70	1087	2073	0.00	194	0	0	0	nan	0.00	0.02	3.19	88.86	93.30	0.00	37	0	42	0.00	0.00	56.77	7.18	0.00	0.00	2000
75	7.01	1068	2110	0.00	196	0	0	0	nan	0.00	0.00	3.86	89.46	92.99	0.00	37	0	42	0.00	0.00	59.53	7.51	0.00	0.00	2000
73	6.90	1051	2121	0.00	211	0	0	0	nan	0.00	0.05	4.34	89.76	93.10	0.00	37	0	42	0.00	0.00	59.05	7.43	0.00	0.00	2000
74	6.55	1138	2095	0.00	195	0	0	0	nan	0.00	0.00	3.53	89.73	93.45	0.00	37	0	42	0.00	0.00	57.93	7.71	0.00	0.00	2000
72	6.17	1176	2088	0.00	177	0	0	0	nan	0.00	0.00	3.43	89.88	93.83	0.00	37	0	42	0.00	0.00	60.56	7.69	0.00	0.00	2000
73	6.48	1127	2091	0.00	193	0	0	0	nan	0.00	0.00	3.70	89.26	93.52	0.00	37	0	42	0.00	0.00	57.97	7.34	0.00	0.00	2000
77	6.95	1093	2121	0.00	216	0	0	0	nan	0.00	0.03	4.66	89.25	93.05	0.00	37	0	42	0.00	0.00	58.89	7.56	0.00	0.00	2000
74	6.20	1183	2109	0.00	194	0	0	0	nan	0.00	0.00	4.07	90.01	93.80	0.00	37	0	42	0.00	0.00	58.88	7.49	0.00	0.00	2000
74	6.41	1156	2094	0.00	197	0	0	0	nan	0.00	0.01	5.77	87.41	93.59	0.00	37	0	42	0.00	0.00	59.82	7.52	0.00	0.00	2000
72	6.39	1135	2074	0.00	195	0	0	0	nan	0.00	0.00	3.35	89.11	93.61	0.00	37	0	42	0.00	0.00	55.79	7.23	0.00	0.00	2000
72	6.51	1095	2120	0.00	193	0	0	0	nan	0.00	0.02	2.09	92.28	93.49	0.00	37	0	42	0.00	0.00	59.14	7.48	0.00	0.00	2000
73	6.46	1130	2110	0.00	193	0	0	0	nan	0.00	0.01	2.46	91.51	93.54	0.00	37	0	42	0.00	0.00	58.43	7.47	0.00	0.00	2000
71	6.88	1031	2101	0.00	195	0	0	1	88.24	0.00	0.00	3.26	89.93	93.12	0.00	37	0	42	0.00	0.00	60.16	7.67	0.00	0.00	2000
73	6.37	1157	2095	0.06	192	0	0	1	88.33	0.00	0.01	2.83	90.45	93.63	0.00	37	0	42	0.00	0.00	56.53	7.19	0.00	0.00	2000
72	6.43	1126	2096	0.00	193	0	0	0	nan	0.00	0.00	3.08	90.31	93.57	0.00	37	0	42	0.00	0.00	59.59	7.60	0.00	0.00	2000
144	8.69	1655	2104	0.00	212	0	0	0	nan	0.00	0.00	5.16	86.26	91.31	0.00	38	0	42	0.00	0.00	64.53	7.86	0.00	0.00	2000
232	11.08	2092	2104	0.00	204	0	0	0	nan	0.00	0.02	3.95	85.17	88.92	0.00	39	0	42	0.00	0.00	61.38	6.97	0.00	0.00	2000
230	10.94	2109	2093	0.00	203	0	0	0	nan	0.00	0.00	3.10	85.69	89.06	0.00	40	0	42	0.00	0.00	65.35	7.47	0.00	0.00	2000
234	11.09	2097	2113	0.00	202	0	0	0	nan	0.00	0.02	2.68	86.81	88.91	0.00	40	0	42	0.00	0.00	66.31	7.56	0.00	0.00	2000
229	11.03	2131	2047	0.00	204	0	0	0	nan	0.00	0.02	4.02	82.68	88.97	0.00	40	0	42	0.00	0.00	62.60	7.41	0.00	0.00	2000
237	11.19	2063	2159	0.00	199	0	0	0	nan	0.00	0.02	6.73	84.54	88.81	0.00	38	0	42	0.00	0.00	72.72	8.33	0.00	0.00	2000
229	11.13	2070	2086	0.00	197	0	0	0	nan	0.00	0.00	4.82	83.61	88.87	0.00	37	0	42	0.00	0.00	65.79	7.67	0.00	0.00	2000
229	10.88	2122	2083	0.00	198	0	0	0	nan	0.00	0.00	4.65	83.86	89.12	0.00	37	0	42	0.00	0.00	60.72	7.19	0.00	0.00	2000
239	11.25	2093	2130	0.00	197	0	0	0	nan	0.00	0.00	4.79	85.33	88.75	0.00	37	0	42	0.00	0.00	66.28	7.82	0.00	0.00	2000
231	11.12	2084	2095	0.00	204	0	0	0	nan	0.00	0.00	6.17	82.73	88.88	0.00	37	0	42	0.00	0.00	67.87	7.82	0.00	0.00	2000
229	10.76	2139	2087	0.00	196	0	0	0	nan	0.00	0.00	5.50	83.33	89.24	0.00	38	0	42	0.00	0.00	65.31	7.42	0.00	0.00	2000
230	11.12	2067	2097	0.00	198	0	0	0	nan	0.00	1.00	5.26	82.61	88.88	0.00	38	0	42	0.00	0.00	65.52	7.64	0.00	0.00	2000
231	11.35	2026	2106	0.00	198	0	0	0	nan	0.00	0.00	7.58	81.46	88.65	0.00	38	0	43	0.00	0.00	64.58	7.47	0.00	0.00	2000
227	10.82	2128	2072	0.00	201	0	0	0	nan	0.00	0.48	7.88	79.78	89.18	0.00	38	0	42	0.00	0.00	63.20	7.22	0.00	0.00	2000
231	10.64	2154	2116	0.00	202	0	0	1	93.23	0.00	0.28	5.98	83.88	89.36	0.00	39	0	43	0.00	0.00	64.60	7.49	0.00	0.00	2000
230	11.06	2068	2112	0.75	194	0	0	18	97.68	0.00	0.01	5.44	84.10	88.94	0.00	39	0	42	0.00	0.00	65.22	7.54	0.00	0.00	2000
233	11.10	2098	2104	0.04	206	0	0	0	nan	0.00	0.00	6.05	83.00	88.90	0.00	39	0	42	0.00	0.00	65.47	7.61	0.00	0.00	2000
229	11.08	2071	2098	0.00	204	0	0	0	nan	0.00	0.00	6.03	82.97	88.92	0.00	39	0	42	0.00	0.00	64.75	7.41	0.00	0.00	2000
233	10.88	2131	2109	0.00	197	0	0	0	nan	0.00	0.00	6.14	83.36	89.12	0.00	39	0	42	0.00	0.00	66.30	7.61	0.00	0.00	2000
232	11.00	2106	2100	0.00	198	0	0	0	nan	0.00	0.02	6.48	82.61	89.00	0.00	39	0	42	0.00	0.00	65.95	7.42	0.00	0.00	2000
226	10.87	2107	2069	0.00	203	0	0	0	nan	0.00	0.00	5.75	82.21	89.13	0.00	39	0	42	0.00	0.00	63.96	7.33	0.00	0.00	2000
232	11.20	2045	2129	0.00	196	0	0	0	nan	0.00	0.00	6.35	83.81	88.80	0.00	38	0	42	0.00	0.00	64.92	7.42	0.00	0.00	2000
225	11.05	2066	2072	0.00	197	0	0	0	nan	0.00	0.00	5.28	82.58	88.95	0.00	39	0	42	0.00	0.00	62.72	7.36	0.00	0.00	2000
232	11.33	2054	2093	0.00	197	0	0	0	nan	0.00	0.03	4.77	83.65	88.67	0.00	39	0	42	0.00	0.00	63.12	7.29	0.00	0.00	2000
235	10.98	2112	2129	0.00	220	0	0	0	nan	0.00	0.00	5.87	84.51	89.02	0.00	38	0	42	0.00	0.00	68.24	7.79	0.00	0.00	2000
228	10.98	2103	2078	0.00	195	0	0	0	nan	0.00	0.46	6.94	80.73	89.02	0.00	38	0	43	0.00	0.00	64.75	7.63	0.00	0.00	2000
231	11.01	2094	2103	0.00	195	0	0	0	nan	0.00	0.94	5.24	83.06	88.99	0.00	39	0	42	0.00	0.00	63.18	7.36	0.00	0.00	2000
230	11.15	2048	2113	0.00	199	0	0	0	nan	0.00	0.04	4.46	84.99	88.85	0.00	40	0	42	0.00	0.00	65.35	7.52	0.00	0.00	2000
228	11.50	2011	2066	0.00	214	0	0	0	nan	0.00	0.02	3.92	83.21	88.50	0.00	40	0	42	0.00	0.00	67.39	7.27	0.00	0.00	2000
233	11.23	2041	2139	0.00	200	0	0	0	nan	0.00	0.00	6.75	83.78	88.77	0.00	40	0	42	0.00	0.00	66.17	7.95	0.00	0.00	2000
230	11.35	2024	2104	0.00	199	0	0	0	nan	0.00	0.00	6.75	82.17	88.65	0.00	40	0	42	0.00	0.00	64.15	7.21	0.00	0.00	2000
225	11.04	2064	2072	0.00	196	0	0	0	90.13	0.00	0.00	5.00	82.83	88.98	0.00	40	0	42	0.00	0.00	64.04	7.55	0.00	0.00	2000
230	11.23	2087	2061	0.60	195	0	0	25	73.09	0.00	0.00	4.41	82.73	88.77	0.00	39	0	43	0.00	0.00	62.88	7.55	0.00	0.00	2000
234	10.58	2162	2146	0.01	217	0	0	0	nan	0.00	0.00	5.47	85.98	89.42	0.00	40	0	42	0.00	0.00	68.43	7.63	0.00	0.00	2000
232	10.77	2147	2106	0.00	202	0	0	0	nan	0.00	0.05	4.30	85.13	89.23	0.00	40	0	43	0.00	0.00	65.42	7.43	0.00	0.00	2000
232	11.43	2042	2085	0.00	197	0	0	0	nan	0.00	0.00	3.56	84.46	88.57	0.00	40	0	43	0.00	0.00	64.27	7.30	0.00	0.00	2000
230	11.34	2063	2066	0.00	217	0	0	0	nan	0.00	0.00	6.02	81.27	88.66	0.00	38	0	42	0.00	0.00	62.74	7.21	0.00	0.00	2000
231	11.07	2075	2112	0.00	218	0	0	0	nan	0.01	0.05	6.17	83.37	88.93	0.00	38	0	42	0.00	0.00	59.98	7.10	0.00	0.00	2000
234	11.01	2089	2142	0.00	251	0	0	0	nan	0.00	0.00	7.20	83.69	88.99	0.00	39	0	42	0.00	0.00	73.53	8.68	0.00	0.00	2000
232	11.18	2056	2117	0.00	214	0	0	0	nan	0.00	0.00	6.16	83.43	88.82	0.00	40	0	42	0.00	0.00	70.22	8.31	0.00	0.00	2000
234	11.45	2035	2109	0.00	197	0	0	0	nan	0.00	0.00	5.79	83.24	88.55	0.00	40	0	42	0.00	0.00	62.21	7.41	0.00	0.00	2000
231	10.96	2110	2099	0.00	201	0	0	0	nan	0.00	0.00	5.91	83.21	89.04	0.00	40	0	42	0.00	0.00	67.11	7.87	0.00	0.00	2000
229	11.06	2083	2085	0.00	197	0	0	0	nan	0.00	0.01	5.76	82.61	88.94	0.00	39	0	42	0.00	0.00	62.57	7.41	0.00	0.00	2000
231	11.00	2097	2104	0.00	197	0	0	0	nan	0.00	0.01	4.84	84.42	89.00	0.00	40	0	42	0.00	0.00	65.99	7.68	0.00	0.00	2000
232	11.04	2097	2101	0.00	194	0	0	0	nan	0.00	0.02	4.26	84.68	88.96	0.00	40	0	42	0.00	0.00	65.54	7.67	0.00	0.00	2000
231	10.98	2103	2100	0.00	197	0	0	0	nan	0.00	0.00	4.42	84.59	89.02	0.00	40	0	42	0.00	0.00	65.84	7.62	0.00	0.00	2000
233	11.00	2130	2093	0.00	201	0	0	0	nan	0.00	0.00	5.02	83.73	89.00	0.00	39	0	42	0.00	0.00	62.95	7.70	0.00	0.00	2000
230	10.71	2142	2111	0.00	199	0	0	0	nan	0.00	0.04	5.03	84.66	89.29	0.00	40	0	42	0.00	0.00	64.39	7.78	0.00	0.00	2000
228	11.06	2086	2080	0.22	198	0	0	8	77.55	0.00	0.00	5.43	82.65	88.94	0.00	40	0	42	0.00	0.00	64.53	7.47	0.00	0.00	2000
235	11.19	2066	2131	0.67	196	0	0	6	78.65	0.00	1.03	6.31	82.97	88.81	0.00	40	0	42	0.00	0.00	66.85	7.85	0.00	0.00	2000
229	10.83	2143	2071	0.00	200	0	0	0	nan	0.00	0.00	5.54	82.44	89.17	0.00	40	0	42	0.00	0.00	65.04	7.75	0.00	0.00	2000
238	11.24	2086	2132	0.00	200	0	0	0	nan	0.00	0.00	3.82	86.22	88.76	0.00	40	0	42	0.00	0.00	65.42	7.59	0.00	0.00	2000
237	11.50	2071	2094	0.00	212	0	0	0	nan	0.00	0.03	9.29	79.04	88.50	0.00	39	0	42	0.00	0.00	64.72	7.92	0.00	0.00	2000
232	10.96	2110	2107	0.00	197	0	0	0	nan	0.00	0.02	6.35	83.02	89.04	0.00	39	0	42	0.00	0.00	65.51	8.09	0.00	0.00	2000
229	10.81	2135	2081	0.00	198	0	0	0	nan	0.00	0.02	5.76	82.64	89.19	0.00	39	0	42	0.00	0.00	64.35	7.56	0.00	0.00	2000
229	10.94	2092	2106	0.00	198	0	0	0	nan	0.00	0.00	4.78	84.56	89.07	0.00	39	0	42	0.00	0.00	64.60	7.93	0.00	0.00	2000
235	11.06	2117	2108	0.00	198	0	0	0	nan	0.00	0.00	5.03	84.27	88.94	0.00	40	0	42	0.00	0.00	66.47	7.91	0.00	0.00	2000
231	11.25	2053	2099	0.00	196	0	0	0	nan	0.00	0.02	5.15	83.65	88.75	0.00	40	0	42	0.00	0.00	66.20	7.39	0.00	0.00	2000
233	11.04	2109	2102	0.00	196	0	0	0	nan	0.00	0.00	5.50	83.58	88.96	0.00	40	0	42	0.00	0.00	65.05	7.86	0.00	0.00	2000
230	11.07	2079	2097	0.00	198	0	0	0	nan	0.00	0.02	5.62	83.17	88.93	0.00	40	0	43	0.00	0.00	59.75	7.43	0.00	0.00	2000
232	10.73	2166	2099	0.00	196	0	0	0	nan	0.00	0.03	4.75	84.51	89.27	0.00	40	0	42	0.00	0.00	68.30	7.60	0.00	0.00	2000
231	11.64	1984	2097	0.00	198	0	0	0	nan	0.00	0.00	6.15	82.18	88.36	0.00	40	0	42	0.00	0.00	64.41	8.16	0.00	0.00	2000
232	11.33	2041	2105	0.00	200	0	0	0	nan	0.00	0.02	6.45	82.47	88.67	0.00	40	0	42	0.00	0.00	64.34	8.05	0.00	0.00	2000
258	12.84	2027	2084	0.00	197	0	0	0	nan	0.00	0.02	6.93	79.74	87.16	0.00	40	0	42	0.00	0.00	63.62	7.14	0.00	0.00	2000
232	11.02	2096	2112	0.00	197	0	0	0	nan	0.00	0.00	6.69	82.87	88.98	0.00	40	0	42	0.00	0.00	66.47	7.69	0.00	0.00	2000
227	10.91	2094	2088	0.00	197	0	0	3	85.03	0.00	0.00	5.34	83.24	89.09	0.00	40	0	42	0.00	0.00	64.89	7.61	0.00	0.00	2000
234	11.20	2083	2104	0.80	198	0	0	7	84.33	0.00	0.00	6.09	82.82	88.80	0.00	40	0	42	0.00	0.00	64.30	7.60	0.00	0.00	2000
232	10.99	2123	2090	0.00	202	0	0	0	nan	0.00	0.00	6.66	81.95	89.01	0.00	40	0	42	0.00	0.00	66.45	7.86	0.00	0.00	2000
382	19.42	2377	1739	0.00	210	0	0	0	nan	0.00	0.00	7.39	59.36	80.58	0.00	38	0	42	0.00	0.00	55.83	6.62	0.00	0.00	2000
731	26.84	2500	2288	0.00	235	0	0	0	nan	0.00	0.01	4.22	75.62	73.16	0.00	38	0	42	0.00	0.00	78.26	9.11	0.00	0.00	2000
682	27.27	2500	2100	0.00	232	0	0	0	nan	0.00	0.00	4.72	68.14	72.73	0.00	38	0	42	0.00	0.00	72.55	8.63	0.00	0.00	2000
680	27.22	2500	2098	0.00	231	0	0	0	nan	0.00	0.00	4.70	68.14	72.78	0.00	38	0	43	0.00	0.00	73.25	8.57	0.00	0.00	2000
682	27.25	2500	2102	0.00	230	0	0	0	nan	0.00	0.02	3.90	69.05	72.75	0.00	38	0	42	0.00	0.00	73.24	8.54	0.00	0.00	2000
681	27.26	2500	2098	0.00	239	0	0	0	nan	0.00	0.06	4.44	68.32	72.74	0.00	39	0	42	0.00	0.00	74.41	8.54	0.00	0.00	2000
681	27.18	2500	2103	0.00	232	0	0	0	nan	0.00	0.44	5.99	66.61	72.82	0.00	39	0	43	0.00	0.00	74.91	8.77	0.00	0.00	2000
682	27.30	2500	2098	0.00	233	0	0	0	nan	0.01	0.00	5.10	67.65	72.70	0.00	39	0	43	0.00	0.00	74.85	8.62	0.00	0.00	2000
680	27.16	2500	2102	0.00	228	0	0	0	nan	0.00	0.00	5.83	67.21	72.84	0.00	39	0	42	0.00	0.00	75.36	8.68	0.00	0.00	2000
681	27.29	2500	2098	0.00	228	0	0	0	nan	0.00	0.00	4.16	68.60	72.71	0.00	39	0	42	0.00	0.00	75.47	8.68	0.00	0.00	2000
679	27.37	2500	2084	0.00	233	0	0	0	nan	0.00	0.00	5.65	66.57	72.63	0.00	39	0	43	0.00	0.00	73.09	8.32	0.00	0.00	2000
680	26.97	2500	2116	0.00	244	0	0	0	nan	0.00	0.00	4.39	69.33	73.03	0.00	39	0	43	0.00	0.00	78.68	9.14	0.00	0.00	2000
680	27.39	2500	2085	0.01	234	0	0	19	29.72	0.00	0.00	4.63	67.56	72.61	0.00	39	0	42	0.00	0.00	72.79	8.32	0.00	0.00	2000
683	27.09	2500	2117	0.43	245	0	0	18	37.09	0.00	0.00	4.26	69.37	72.91	0.00	39	0	42	0.00	0.00	78.76	8.91	0.00	0.00	2000
681	27.45	2500	2084	0.00	234	0	0	0	nan	0.00	0.00	3.72	68.40	72.55	0.00	39	0	42	0.00	0.00	73.34	8.31	0.00	0.00	2000
680	27.00	2500	2117	0.00	245	0	0	0	nan	0.00	0.00	5.04	68.66	73.00	0.00	39	0	42	0.00	0.00	78.41	8.98	0.00	0.00	2000
682	27.48	2500	2085	0.00	228	0	0	0	nan	0.00	0.00	3.50	68.62	72.52	0.00	39	0	42	0.00	0.00	73.14	8.15	0.00	0.00	2000
680	26.99	2500	2117	0.00	248	0	0	0	nan	0.02	0.94	2.44	70.40	73.01	0.00	39	0	43	0.00	0.00	78.34	9.01	0.00	0.00	2000
681	27.44	2500	2084	0.00	230	0	0	0	nan	0.00	0.00	3.28	68.86	72.56	0.00	39	0	42	0.00	0.00	72.95	8.34	0.00	0.00	2000
681	27.02	2500	2116	0.00	248	0	0	0	nan	0.00	0.41	5.28	68.00	72.98	0.00	39	0	43	0.00	0.00	75.83	8.53	0.00	0.00	2000
679	27.36	2500	2085	0.00	228	0	0	0	nan	0.00	0.00	4.26	67.99	72.64	0.00	39	0	42	0.00	0.00	75.74	8.53	0.00	0.00	2000
683	27.12	2500	2117	0.00	249	0	0	0	nan	0.00	0.01	5.86	67.74	72.88	0.00	39	0	43	0.00	0.00	75.78	8.64	0.00	0.00	2000
624	24.63	2500	2130	0.00	252	0	0	0	nan	0.00	0.00	5.46	71.13	75.38	0.00	39	0	42	0.00	0.00	77.31	9.07	0.00	0.00	2000
454	18.92	2361	2136	0.00	243	0	0	0	nan	0.00	0.02	5.95	76.63	81.08	0.00	39	0	43	0.00	0.00	72.91	8.69	0.00	0.00	2000
374	17.11	2185	2103	0.00	216	0	0	0	nan	0.00	0.04	5.57	77.58	82.89	0.00	39	0	43	0.00	0.00	67.00	8.36	0.00	0.00	2000
361	15.42	2204	2229	0.00	217	0	0	0	nan	0.00	0.00	8.03	81.82	84.58	0.00	39	0	43	0.00	0.00	70.10	8.43	0.00	0.00	2000
222	10.82	2041	2107	0.00	196	0	0	0	nan	0.00	0.02	5.77	83.81	89.18	0.00	39	0	42	0.00	0.00	67.04	8.15	0.00	0.00	2000
218	10.54	2072	2099	0.12	198	0	0	9	38.23	0.00	0.00	6.83	82.68	89.46	0.00	38	0	43	0.00	0.00	61.37	7.33	0.00	0.00	2000
233	10.95	2117	2107	0.35	201	0	0	6	49.31	0.00	0.09	3.37	85.96	89.05	0.00	39	0	42	0.00	0.00	68.61	7.94	0.00	0.00	2000
232	11.22	2043	2125	0.00	199	0	0	0	nan	0.00	1.10	4.62	84.24	88.78	0.00	39	0	43	0.00	0.00	66.81	8.37	0.00	0.00	2000
231	10.76	2147	2100	0.00	195	0	0	0	nan	0.00	1.02	4.92	83.38	89.24	0.00	39	0	43	0.00	0.00	62.72	7.43	0.00	0.00	2000
224	10.98	2068	2069	0.00	198	0	0	0	nan	0.00	0.00	5.96	81.79	89.02	0.00	39	0	42	0.00	0.00	63.78	7.66	0.00	0.00	2000
233	10.98	2106	2117	0.00	199	0	0	0	nan	0.00	0.01	5.47	84.34	89.02	0.00	39	0	42	0.00	0.00	65.81	7.82	0.00	0.00	2000
234	11.28	2055	2115	0.00	200	0	0	0	nan	0.00	0.03	5.48	83.97	88.72	0.00	39	0	43	0.00	0.00	65.72	7.90	0.00	0.00	2000
226	10.82	2118	2071	0.00	199	0	0	0	nan	0.00	0.00	5.93	82.08	89.18	0.00	39	0	42	0.00	0.00	64.96	7.92	0.00	0.00	2000
235	10.95	2112	2135	0.00	194	0	0	0	nan	0.00	0.00	4.06	86.44	89.05	0.00	40	0	42	0.00	0.00	66.19	8.00	0.00	0.00	2000
225	10.88	2102	2065	0.00	195	0	0	0	nan	0.00	0.00	5.75	82.00	89.12	0.00	39	0	42	0.00	0.00	63.27	7.66	0.00	0.00	2000
229	11.09	2056	2109	0.00	199	0	0	0	nan	0.00	0.01	4.44	84.95	88.91	0.00	39	0	42	0.00	0.00	65.52	7.98	0.00	0.00	2000
236	11.32	2060	2121	0.00	214	0	0	0	nan	0.00	0.05	5.06	84.52	88.68	0.00	39	0	43	0.00	0.00	67.25	8.29	0.00	0.00	2000
225	10.94	2080	2073	0.00	198	0	0	0	nan	0.00	0.06	3.63	84.30	89.06	0.00	40	0	43	0.00	0.00	63.99	7.75	0.00	0.00	2000
236	11.36	2046	2133	0.00	198	0	0	0	nan	0.00	0.02	4.47	85.67	88.64	0.00	40	0	43	0.00	0.00	65.22	8.01	0.00	0.00	2000
225	11.01	2061	2081	0.00	198	0	0	0	nan	0.00	0.00	5.08	83.13	88.99	0.00	40	0	42	0.00	0.00	64.42	7.72	0.00	0.00	2000
233	11.03	2106	2104	0.00	200	0	0	0	nan	0.00	0.00	5.00	84.28	88.97	0.00	40	0	43	0.00	0.00	65.39	7.89	0.00	0.00	2000
231	10.90	2108	2110	0.00	202	0	0	0	nan	0.00	0.00	5.78	83.83	89.10	0.00	40	0	43	0.00	0.00	69.31	7.81	0.00	0.00	2000
230	10.97	2099	2100	0.14	211	0	0	8	41.04	0.00	0.02	6.71	82.36	89.03	0.00	40	0	42	0.00	0.00	63.51	7.97	0.00	0.00	2000
225	11.05	2069	2067	0.61	200	0	0	6	44.88	0.00	0.00	6.03	81.53	88.95	0.00	40	0	43	0.00	0.00	61.99	7.47	0.00	0.00	2000
230	12.75	2110	1793	0.00	225	0	0	0	nan	0.00	0.01	6.11	68.41	87.25	0.00	40	0	43	0.00	0.00	54.38	6.51	0.00	0.00	2000
223	10.10	1927	2405	0.00	234	0	0	0	nan	0.00	0.00	7.45	95.74	89.90	0.00	38	0	42	0.00	0.00	73.90	8.90	0.00	0.00	2000
156	9.07	1696	2125	0.00	269	0	0	0	nan	0.00	0.02	6.45	85.65	90.93	0.00	38	0	43	0.00	0.00	67.09	8.31	0.00	0.00	2000
107	7.68	1400	2088	0.00	205	0	0	0	nan	0.00	0.02	8.02	83.80	92.32	0.00	37	0	42	0.00	0.00	60.04	7.49	0.00	0.00	2000
80	7.48	1070	2092	0.00	210	0	0	0	nan	0.00	0.00	4.32	87.93	92.52	0.00	37	0	42	0.00	0.00	56.51	7.31	0.00	0.00	2000
72	6.66	1091	2092	0.00	192	0	0	0	nan	0.00	0.04	1.79	91.19	93.34	0.00	37	0	43	0.00	0.00	56.49	7.35	0.00	0.00	2000
92	7.31	1216	2172	0.00	130	0	0	0	nan	0.01	0.00	6.36	89.38	92.69	0.00	37	0	43	0.00	0.00	65.22	8.37	0.00	0.00	2000
