Avg_MHz	Busy%	Bzy_MHz	TSC_MHz	IPC	IRQ	NMI	SMI	LLCMRPS	LLC%hit	POLL%	C1%	C1E%	C6%	CPU%c1	CPU%c6	CoreTmp	CoreThr	PkgTmp	Pkg%pc2	Pkg%pc6	PkgWatt	RAMWatt	PKG_%	RAM_%	UncMHz
188	11.96	1520	2170	0.00	234	0	0	0	nan	0.00	0.02	26.34	64.64	88.04	0.00	38	0	42	0.00	0.00	65.83	8.13	0.00	0.00	2000
389	18.34	2158	2062	0.00	201	0	0	0	nan	0.00	1.13	10.32	69.01	81.66	0.00	37	0	42	0.00	0.00	64.52	7.28	0.00	0.00	2000
259	13.30	1912	2139	0.00	216	0	0	0	nan	0.06	0.02	16.53	71.80	86.70	0.00	37	0	42	0.00	0.00	66.83	7.85	0.00	0.00	2000
76	6.38	1188	2100	0.00	193	0	0	0	nan	0.00	0.01	2.66	90.96	93.62	0.00	37	0	42	0.00	0.00	57.26	7.18	0.00	0.00	2000
81	7.57	1084	2079	0.00	193	0	0	0	nan	0.00	0.00	2.91	88.64	92.43	0.00	37	0	42	0.00	0.00	59.95	7.44	0.00	0.00	2000
72	7.04	1014	2126	0.00	209	0	0	0	nan	0.00	0.03	4.54	89.75	92.96	0.00	37	0	42	0.00	0.00	58.32	7.36	0.00	0.00	2000
75	6.93	1077	2103	0.00	196	0	0	0	nan	0.00	0.02	5.07	88.23	93.07	0.00	37	0	42	0.00	0.00	58.09	7.45	0.00	0.00	2000
72	6.56	1102	2102	0.00	195	0	0	0	nan	0.00	0.00	3.63	89.83	93.44	0.00	37	0	42	0.00	0.00	60.72	7.64	0.00	0.00	2000
71	6.86	1049	2070	0.00	195	0	0	0	nan	0.00	0.02	3.67	88.16	93.14	0.00	37	0	42	0.00	0.00	56.80	7.35	0.00	0.00	2000
73	6.60	1098	2106	0.00	196	0	0	0	nan	0.00	0.01	1.67	91.92	93.40	0.00	37	0	42	0.00	0.00	58.20	7.37	0.00	0.00	2000
72	6.87	1059	2092	0.00	193	0	0	0	nan	0.00	0.02	2.31	90.54	93.13	0.00	37	0	42	0.00	0.00	60.11	7.65	0.00	0.00	2000
73	6.91	1034	2136	0.00	211	0	0	0	nan	0.00	0.00	4.08	90.68	93.09	0.00	37	0	42	0.00	0.00	59.41	7.53	0.00	0.00	2000
73	6.48	1131	2095	0.00	193	0	0	0	nan	0.00	0.00	3.37	89.90	93.52	0.00	37	0	42	0.00	0.00	58.75	7.50	0.00	0.00	2000
71	6.81	1051	2084	0.00	177	0	0	0	nan	0.00	0.02	3.68	88.93	93.19	0.00	37	0	42	0.00	0.00	58.59	7.45	0.00	0.00	2000
73	6.80	1063	2121	0.00	210	0	0	0	nan	0.00	0.00	3.92	90.28	93.20	0.00	37	0	42	0.00	0.00	59.01	7.59	0.00	0.00	2000
75	6.76	1113	2092	0.00	199	0	0	1	88.72	0.00	0.00	6.09	86.87	93.24	0.00	37	0	42	0.00	0.00	59.10	7.49	0.00	0.00	2000
73	6.52	1121	2106	0.29	194	0	0	2	88.33	0.00	0.00	4.60	89.11	93.48	0.00	37	0	42	0.00	0.00	59.80	7.58	0.00	0.00	2000
72	6.25	1156	2100	0.00	194	0	0	0	nan	0.00	0.00	3.55	90.14	93.75	0.00	37	0	42	0.00	0.00	57.25	7.26	0.00	0.00	2000
114	8.13	1445	2035	0.00	205	0	0	0	nan	0.00	0.21	3.22	85.64	91.87	0.00	37	0	42	0.00	0.00	54.93	7.02	0.00	0.00	2000
229	10.85	2046	2166	0.00	231	0	0	0	nan	0.00	0.78	8.81	82.48	89.15	0.00	37	0	42	0.00	0.00	69.18	7.79	0.00	0.00	2000
232	11.44	2016	2110	0.00	199	0	0	0	nan	0.00	0.00	5.00	84.07	88.56	0.00	38	0	42	0.00	0.00	66.91	7.74	0.00	0.00	2000
224	10.93	2076	2071	0.00	199	0	0	0	nan	0.00	0.00	5.01	82.92	89.07	0.00	38	0	42	0.00	0.00	62.55	7.09	0.00	0.00	2000
236	11.53	2068	2081	0.00	204	0	0	0	nan	0.00	0.00	4.96	82.86	88.47	0.00	37	0	42	0.00	0.00	64.57	7.58	0.00	0.00	2000
229	10.65	2115	2139	0.00	217	0	0	0	nan	0.00	0.00	7.31	83.75	89.35	0.00	37	0	42	0.00	0.00	68.00	7.88	0.00	0.00	2000
233	11.27	2053	2113	0.00	199	0	0	0	nan	0.00	0.02	5.67	83.65	88.73	0.00	37	0	42	0.00	0.00	66.09	7.79	0.00	0.00	2000
232	11.23	2070	2096	0.00	199	0	0	0	nan	0.00	0.00	6.06	82.65	88.77	0.00	37	0	42	0.00	0.00	66.44	7.78	0.00	0.00	2000
233	10.86	2137	2104	0.00	198	0	0	0	nan	0.00	0.00	6.17	83.27	89.14	0.00	38	0	42	0.00	0.00	66.70	7.88	0.00	0.00	2000
232	11.35	2052	2093	0.00	204	0	0	0	nan	0.00	0.00	6.87	81.64	88.65	0.00	39	0	42	0.00	0.00	64.88	7.59	0.00	0.00	2000
226	11.19	2041	2073	0.00	199	0	0	0	nan	0.00	0.00	6.77	81.09	88.81	0.00	39	0	42	0.00	0.00	63.25	7.38	0.00	0.00	2000
231	11.00	2074	2123	0.00	202	0	0	0	nan	0.00	0.00	5.70	84.43	89.00	0.00	39	0	42	0.00	0.00	63.83	7.66	0.00	0.00	2000
228	11.18	2042	2099	0.00	199	0	0	0	nan	0.00	0.00	4.85	84.04	88.82	0.00	39	0	42	0.00	0.00	68.04	7.48	0.00	0.00	2000
231	11.16	2059	2113	0.00	200	0	0	0	nan	0.00	0.00	4.33	85.19	88.84	0.00	39	0	42	0.00	0.00	65.96	7.63	0.00	0.00	2000
229	11.35	2054	2064	0.00	206	0	0	5	92.54	0.00	0.61	3.59	83.14	88.65	0.00	39	0	42	0.00	0.00	65.80	7.72	0.00	0.00	2000
231	11.19	2030	2138	0.65	198	0	0	14	96.85	0.00	0.00	6.14	84.39	88.81	0.00	40	0	42	0.00	0.00	63.26	7.18	0.00	0.00	2000
229	11.20	2042	2098	0.00	198	0	0	0	nan	0.00	0.00	5.96	82.91	88.80	0.00	40	0	42	0.00	0.00	65.85	7.64	0.00	0.00	2000
230	11.46	2013	2096	0.00	202	0	0	0	nan	0.00	0.00	6.50	82.01	88.54	0.00	39	0	42	0.00	0.00	64.59	7.44	0.00	0.00	2000
234	11.27	2075	2101	0.00	214	0	0	0	nan	0.00	0.00	7.91	80.99	88.73	0.00	39	0	42	0.00	0.00	66.45	7.56	0.00	0.00	2000
234	11.24	2084	2097	0.00	201	0	0	0	nan	0.00	0.00	6.85	81.96	88.76	0.00	38	0	42	0.00	0.00	65.73	7.69	0.00	0.00	2000
228	11.01	2083	2093	0.00	204	0	0	0	nan	0.00	0.00	7.06	81.74	88.99	0.00	38	0	42	0.00	0.00	65.57	7.42	0.00	0.00	2000
233	11.23	2065	2107	0.00	200	0	0	0	nan	0.00	0.00	6.72	82.43	88.77	0.00	38	0	42	0.00	0.00	65.08	7.43	0.00	0.00	2000
228	11.18	2041	2094	0.00	200	0	0	0	nan	0.00	0.00	6.53	82.26	88.82	0.00	39	0	42	0.00	0.00	65.07	7.50	0.00	0.00	2000
231	11.23	2056	2101	0.00	199	0	0	0	nan	0.00	0.00	5.86	83.11	88.77	0.00	39	0	42	0.00	0.00	63.05	7.29	0.00	0.00	2000
230	11.81	2001	2040	0.00	198	0	0	0	nan	0.00	0.02	5.87	79.97	88.19	0.00	39	0	42	0.00	0.00	64.62	7.55	0.00	0.00	2000
232	10.91	2064	2168	0.00	212	0	0	0	nan	0.00	0.02	3.78	88.37	89.10	0.00	39	0	42	0.00	0.00	69.29	7.79	0.00	0.00	2000
231	11.34	2033	2108	0.00	196	0	0	0	nan	0.00	0.00	3.80	85.39	88.66	0.00	39	0	42	0.00	0.00	65.45	7.53	0.00	0.00	2000
227	11.23	2031	2086	0.00	195	0	0	0	nan	0.00	0.00	3.60	84.78	88.77	0.00	39	0	42	0.00	0.00	65.21	7.58	0.00	0.00	2000
231	11.55	1987	2111	0.00	195	0	0	0	nan	0.00	0.00	3.68	85.44	88.45	0.00	39	0	42	0.00	0.00	63.78	7.51	0.00	0.00	2000
226	11.76	2038	1981	0.00	200	0	0	0	nan	0.00	0.00	3.12	80.29	88.24	0.00	38	0	42	0.00	0.00	60.36	7.10	0.00	0.00	2000
234	10.53	2094	2230	0.00	226	0	0	0	nan	0.00	0.00	3.71	91.43	89.47	0.00	39	0	42	0.00	0.00	71.85	8.31	0.00	0.00	2000
231	11.44	2011	2110	0.00	197	0	0	2	78.25	0.00	0.00	4.22	84.98	88.56	0.00	39	0	42	0.00	0.00	65.44	7.91	0.00	0.00	2000
230	11.17	2062	2095	0.87	197	0	0	3	69.84	0.00	0.01	3.76	85.10	88.83	0.00	39	0	42	0.00	0.00	65.14	7.79	0.00	0.00	2000
232	11.54	2002	2105	0.00	196	0	0	0	nan	0.00	0.01	4.10	84.69	88.46	0.00	40	0	42	0.00	0.00	65.01	7.68	0.00	0.00	2000
230	11.19	2061	2097	0.00	196	0	0	0	nan	0.00	0.01	3.91	84.93	88.81	0.00	40	0	42	0.00	0.00	65.27	7.84	0.00	0.00	2000
228	11.10	2060	2095	0.00	195	0	0	0	nan	0.00	0.02	4.10	84.67	88.90	0.00	40	0	42	0.00	0.00	65.71	8.06	0.00	0.00	2000
231	11.09	2070	2111	0.00	194	0	0	0	nan	0.00	0.00	4.75	84.73	88.91	0.00	40	0	42	0.00	0.00	66.09	7.89	0.00	0.00	2000
230	10.99	2084	2110	0.00	178	0	0	0	nan	0.00	0.00	3.86	85.73	89.01	0.00	40	0	42	0.00	0.00	59.27	7.43	0.00	0.00	2000
236	11.43	2074	2092	0.00	196	0	0	0	nan	0.00	0.00	3.49	84.82	88.57	0.00	40	0	42	0.00	0.00	68.77	7.87	0.00	0.00	2000
228	10.99	2090	2088	0.00	195	0	0	0	nan	0.00	0.02	3.36	85.23	89.01	0.00	40	0	42	0.00	0.00	66.33	7.92	0.00	0.00	2000
230	11.31	2032	2100	0.00	194	0	0	0	nan	0.00	0.00	3.12	85.70	88.69	0.00	40	0	42	0.00	0.00	65.80	7.92	0.00	0.00	2000
229	11.06	2063	2105	0.00	195	0	0	0	nan	0.01	0.00	3.41	85.84	88.94	0.00	40	0	42	0.00	0.00	65.81	7.86	0.00	0.00	2000
229	11.17	2058	2096	0.00	195	0	0	0	nan	0.00	0.02	3.80	84.98	88.83	0.00	40	0	42	0.00	0.00	62.19	7.29	0.00	0.00	2000
228	11.04	2068	2100	0.00	195	0	0	0	nan	0.00	0.00	4.06	85.02	88.96	0.00	40	0	42	0.00	0.00	65.73	7.74	0.00	0.00	2000
232	11.47	2021	2106	0.00	196	0	0	0	nan	0.00	0.00	4.04	84.95	88.53	0.00	40	0	43	0.00	0.00	67.90	8.08	0.00	0.00	2000
230	11.17	2054	2106	0.00	195	0	0	0	nan	0.00	0.00	4.06	85.22	88.83	0.00	39	0	42	0.00	0.00	62.31	7.37	0.00	0.00	2000
228	11.02	2080	2086	0.00	194	0	0	0	nan	0.00	0.00	3.23	85.32	88.98	0.00	40	0	42	0.00	0.00	65.54	7.76	0.00	0.00	2000
230	11.09	2066	2107	0.00	195	0	0	0	nan	0.00	0.00	4.92	84.47	88.91	0.00	40	0	42	0.00	0.00	65.04	7.67	0.00	0.00	2000
230	11.23	2055	2093	0.00	194	0	0	0	90.88	0.00	0.00	3.98	84.66	88.77	0.00	40	0	42	0.00	0.00	63.90	7.64	0.00	0.00	2000
237	11.39	2100	2079	1.56	245	0	0	23	8.31	0.00	0.18	5.96	81.70	88.61	0.00	40	0	42	0.00	0.00	66.66	8.34	0.00	0.00	2000
227	11.59	1992	2063	0.03	195	0	0	0	nan	0.00	0.01	5.37	81.70	88.41	0.00	41	0	43	0.00	0.00	66.18	8.37	0.00	0.00	2000
231	10.94	2057	2159	0.00	215	0	0	0	nan	0.00	0.01	3.81	87.87	89.06	0.00	41	0	43	0.00	0.00	67.33	8.36	0.00	0.00	2000
229	11.10	2058	2103	0.00	195	0	0	0	nan	0.00	0.00	4.05	85.12	88.90	0.00	41	0	42	0.00	0.00	66.89	8.34	0.00	0.00	2000
225	11.06	2060	2077	0.00	195	0	0	0	nan	0.00	0.00	4.13	84.00	88.94	0.00	41	0	42	0.00	0.00	66.24	8.22	0.00	0.00	2000
234	10.87	2119	2133	0.00	196	0	0	0	nan	0.00	0.00	4.16	86.45	89.13	0.00	41	0	42	0.00	0.00	71.00	8.48	0.00	0.00	2000
227	11.10	2054	2092	0.00	195	0	0	0	nan	0.00	0.00	4.35	84.30	88.90	0.00	41	0	42	0.00	0.00	63.68	8.10	0.00	0.00	2000
223	11.06	2042	2072	0.00	196	0	0	0	nan	0.00	0.00	3.90	83.98	88.94	0.00	41	0	42	0.00	0.00	64.92	8.06	0.00	0.00	2000
230	11.32	2041	2092	0.00	194	0	0	0	nan	0.00	0.00	2.15	86.29	88.68	0.00	41	0	42	0.00	0.00	68.21	8.24	0.00	0.00	2000
222	10.74	2061	2108	0.00	210	0	0	0	nan	0.00	0.00	3.00	86.75	89.26	0.00	41	0	42	0.00	0.00	65.05	8.01	0.00	0.00	2000
233	11.41	2048	2096	0.00	196	0	0	0	nan	0.00	0.00	2.58	86.01	88.59	0.00	41	0	42	0.00	0.00	68.14	8.56	0.00	0.00	2000
233	10.96	2116	2108	0.00	227	0	0	0	nan	0.01	0.00	6.74	82.78	89.04	0.00	41	0	42	0.00	0.00	66.13	8.19	0.00	0.00	2000
231	10.93	2092	2124	0.00	195	0	0	0	nan	0.00	0.00	3.71	86.53	89.07	0.00	41	0	42	0.00	0.00	67.35	8.41	0.00	0.00	2000
229	11.21	2043	2103	0.00	195	0	0	0	nan	0.00	0.00	4.11	84.94	88.79	0.00	41	0	42	0.00	0.00	66.96	8.14	0.00	0.00	2000
228	11.16	2043	2103	0.00	195	0	0	0	nan	0.00	0.00	5.11	83.99	88.84	0.00	41	0	42	0.00	0.00	66.83	8.20	0.00	0.00	2000
228	11.08	2066	2092	0.00	196	0	0	0	nan	0.00	0.00	4.30	84.41	88.92	0.00	41	0	42	0.00	0.00	66.45	8.34	0.00	0.00	2000
236	11.83	1991	2107	0.00	196	0	0	4	23.72	0.00	0.00	5.12	83.43	88.17	0.00	41	0	42	0.00	0.00	67.03	8.22	0.00	0.00	2000
230	11.05	2077	2101	1.61	195	0	0	22	13.10	0.00	0.00	3.63	85.55	88.95	0.00	41	0	42	0.00	0.00	67.24	8.43	0.00	0.00	2000
229	11.14	2061	2094	0.00	196	0	0	0	nan	0.00	0.00	4.79	83.97	88.86	0.00	41	0	42	0.00	0.00	66.77	8.36	0.00	0.00	2000
228	11.22	2026	2111	0.00	195	0	0	0	nan	0.00	0.00	4.71	84.64	88.78	0.00	41	0	42	0.00	0.00	67.17	8.30	0.00	0.00	2000
223	11.06	2053	2060	0.00	196	0	0	0	nan	0.00	0.00	3.52	83.86	88.94	0.00	41	0	42	0.00	0.00	64.98	8.07	0.00	0.00	2000
232	11.36	2045	2097	0.00	196	0	0	0	nan	0.00	0.00	2.31	86.31	88.64	0.00	41	0	42	0.00	0.00	68.32	8.47	0.00	0.00	2000
228	11.06	2024	2139	0.00	216	0	0	0	nan	0.00	0.02	4.02	86.69	88.94	0.00	41	0	42	0.00	0.00	63.58	8.29	0.00	0.00	2000
229	11.32	2019	2105	0.00	198	0	0	0	nan	0.00	0.00	3.74	85.32	88.68	0.00	41	0	42	0.00	0.00	70.43	8.41	0.00	0.00	2000
226	11.11	2064	2070	0.00	195	0	0	0	nan	0.00	0.00	3.48	84.30	88.89	0.00	41	0	42	0.00	0.00	65.92	8.01	0.00	0.00	2000
228	11.33	2041	2076	0.00	194	0	0	0	nan	0.00	0.00	2.83	84.99	88.67	0.00	41	0	42	0.00	0.00	64.12	8.19	0.00	0.00	2000
226	11.00	2012	2149	0.00	211	0	0	0	nan	0.00	0.00	4.30	86.95	89.00	0.00	41	0	42	0.00	0.00	69.64	8.57	0.00	0.00	2000
228	11.08	2063	2097	0.00	195	0	0	0	nan	0.00	0.00	3.72	85.23	88.92	0.00	41	0	42	0.00	0.00	66.85	8.42	0.00	0.00	2000
227	11.22	2012	2108	0.00	195	0	0	0	nan	0.00	0.00	4.31	84.96	88.78	0.00	41	0	42	0.00	0.00	66.81	8.31	0.00	0.00	2000
230	11.22	2056	2093	0.00	195	0	0	0	nan	0.00	0.00	4.07	84.55	88.78	0.00	41	0	42	0.00	0.00	66.66	8.32	0.00	0.00	2000
228	11.23	2020	2106	0.00	195	0	0	0	nan	0.00	0.00	4.68	84.44	88.77	0.00	41	0	42	0.00	0.00	66.76	8.34	0.00	0.00	2000
228	11.22	2045	2089	0.00	197	0	0	0	nan	0.00	0.00	4.21	84.33	88.78	0.00	41	0	42	0.00	0.00	66.88	8.42	0.00	0.00	2000
223	10.95	2056	2082	0.00	195	0	0	0	nan	0.00	0.00	4.56	83.90	89.05	0.00	41	0	42	0.00	0.00	65.65	8.13	0.00	0.00	2000
308	14.33	2281	1982	0.00	213	0	0	3	35.69	0.00	0.00	3.07	77.95	85.67	0.00	38	0	42	0.00	0.00	61.13	7.33	0.00	0.00	2000
377	14.99	2500	2113	0.31	211	0	0	7	33.04	0.00	0.01	2.86	82.79	85.01	0.00	39	0	42	0.00	0.00	68.74	7.72	0.00	0.00	2000
373	14.90	2500	2104	0.00	211	0	0	0	nan	0.00	0.02	2.57	82.80	85.10	0.00	39	0	43	0.00	0.00	68.78	7.71	0.00	0.00	2000
372	14.92	2500	2093	0.00	210	0	0	0	nan	0.00	0.00	2.39	82.54	85.08	0.00	40	0	42	0.00	0.00	68.35	7.69	0.00	0.00	2000
374	14.91	2500	2106	0.00	210	0	0	0	nan	0.00	0.01	2.19	83.27	85.09	0.00	40	0	42	0.00	0.00	68.09	7.89	0.00	0.00	2000
371	14.89	2500	2094	0.00	210	0	0	0	nan	0.00	0.00	2.14	82.87	85.11	0.00	40	0	42	0.00	0.00	68.40	7.71	0.00	0.00	2000
373	14.88	2500	2107	0.00	212	0	0	0	nan	0.00	0.01	2.23	83.29	85.12	0.00	40	0	42	0.00	0.00	68.66	7.80	0.00	0.00	2000
372	14.92	2500	2093	0.00	211	0	0	0	nan	0.00	0.00	2.80	82.13	85.08	0.00	40	0	43	0.00	0.00	68.52	7.57	0.00	0.00	2000
374	14.91	2500	2106	0.00	211	0	0	0	nan	0.00	0.01	2.97	82.49	85.09	0.00	40	0	42	0.00	0.00	68.40	7.52	0.00	0.00	2000
373	14.95	2500	2094	0.00	215	0	0	0	nan	0.00	0.00	4.05	80.88	85.05	0.00	40	0	42	0.00	0.00	68.23	7.70	0.00	0.00	2000
373	14.87	2500	2106	0.00	213	0	0	0	nan	0.00	0.02	2.69	82.80	85.13	0.00	40	0	42	0.00	0.00	68.12	7.68	0.00	0.00	2000
381	14.21	2500	2251	0.00	211	0	0	0	nan	0.00	0.00	3.39	88.69	85.79	0.00	40	0	42	0.00	0.00	76.47	8.46	0.00	0.00	2000
222	11.46	2009	2020	0.00	199	0	0	0	nan	0.00	0.01	3.86	81.46	88.54	0.00	39	0	42	0.00	0.00	59.93	6.92	0.00	0.00	2000
225	11.16	2023	2092	0.00	212	0	0	0	nan	0.00	0.00	2.45	86.22	88.84	0.00	40	0	42	0.00	0.00	64.91	7.35	0.00	0.00	2000
226	11.19	2014	2110	0.00	210	0	0	0	nan	0.00	0.00	2.64	86.81	88.81	0.00	40	0	42	0.00	0.00	65.21	7.57	0.00	0.00	2000
227	11.40	1980	2108	0.00	217	0	0	0	nan	0.00	0.00	2.44	86.66	88.60	0.00	39	0	42	0.00	0.00	64.79	7.52	0.00	0.00	2000
235	11.14	2037	2175	0.00	211	0	0	2	63.66	0.00	0.00	2.47	89.67	88.86	0.00	38	0	42	0.00	0.00	68.39	8.01	0.00	0.00	2000
228	11.59	2038	2028	0.69	196	0	0	5	62.63	0.00	0.02	2.63	82.83	88.41	0.00	38	0	43	0.00	0.00	62.60	7.31	0.00	0.00	2000
226	11.13	2031	2100	0.00	209	0	0	0	nan	0.00	0.00	1.99	87.01	88.87	0.00	39	0	42	0.00	0.00	64.42	7.43	0.00	0.00	2000
229	11.24	1996	2143	0.00	220	0	0	0	nan	0.00	0.00	3.21	87.58	88.76	0.00	38	0	42	0.00	0.00	67.20	7.92	0.00	0.00	2000
109	8.10	1340	2101	0.00	224	0	0	0	nan	0.00	0.02	4.58	87.39	91.90	0.00	38	0	42	0.00	0.00	61.99	7.38	0.00	0.00	2000
87	7.54	1126	2145	0.00	145	0	0	0	nan	0.00	0.01	4.77	89.79	92.46	0.00	38	0	42	0.00	0.00	63.52	7.86	0.00	0.00	2000
