Avg_MHz	Busy%	Bzy_MHz	TSC_MHz	IPC	IRQ	NMI	SMI	LLCMRPS	LLC%hit	POLL%	C1%	C1E%	C6%	CPU%c1	CPU%c6	CoreTmp	CoreThr	PkgTmp	Pkg%pc2	Pkg%pc6	PkgWatt	RAMWatt	PKG_%	RAM_%	UncMHz
240	13.33	1927	1965	0.00	226	0	0	0	nan	0.00	0.01	27.73	53.41	86.67	0.00	37	0	42	0.00	0.00	54.14	6.70	0.00	0.00	2000
379	15.86	2198	2284	0.00	243	0	0	0	nan	0.00	1.98	19.77	70.12	84.14	0.00	37	0	42	0.00	0.00	77.87	8.71	0.00	0.00	2000
78	7.12	1078	2130	0.00	193	0	0	0	nan	0.00	0.01	8.00	86.23	92.88	0.00	37	0	42	0.00	0.00	61.78	7.87	0.00	0.00	2000
73	6.71	1103	2071	0.00	194	0	0	0	nan	0.00	0.02	3.81	88.12	93.29	0.00	37	0	42	0.00	0.00	57.83	7.17	0.00	0.00	2000
74	6.64	1098	2121	0.00	193	0	0	0	nan	0.01	0.00	2.81	91.45	93.36	0.00	37	0	42	0.00	0.00	59.69	7.53	0.00	0.00	2000
72	6.67	1071	2105	0.00	194	0	0	0	nan	0.00	0.00	2.71	90.96	93.33	0.00	37	0	42	0.00	0.00	59.57	7.53	0.00	0.00	2000
74	6.93	1058	2107	0.00	193	0	0	0	nan	0.00	0.02	2.70	90.72	93.07	0.00	37	0	42	0.00	0.00	60.10	7.53	0.00	0.00	2000
73	6.71	1090	2093	0.00	193	0	0	0	nan	0.00	0.02	3.18	89.87	93.29	0.00	37	0	42	0.00	0.00	57.00	7.21	0.00	0.00	2000
73	7.00	1039	2107	0.00	193	0	0	0	nan	0.00	0.01	2.66	90.79	93.00	0.00	37	0	42	0.00	0.00	62.10	7.76	0.00	0.00	2000
70	6.86	1038	2070	0.00	193	0	0	0	nan	0.00	0.02	2.76	89.12	93.14	0.00	37	0	43	0.00	0.00	57.02	7.23	0.00	0.00	2000
73	6.83	1063	2119	0.00	210	0	0	0	nan	0.00	0.02	3.66	90.33	93.17	0.00	37	0	42	0.00	0.00	58.77	7.35	0.00	0.00	2000
71	6.87	1026	2101	0.00	194	0	0	0	nan	0.00	0.00	4.18	89.14	93.13	0.00	37	0	42	0.00	0.00	58.31	7.45	0.00	0.00	2000
73	7.08	1030	2107	0.00	196	0	0	0	nan	0.00	0.00	4.91	88.45	92.92	0.00	37	0	42	0.00	0.00	58.19	7.36	0.00	0.00	2000
72	6.90	1048	2096	0.00	195	0	0	0	nan	0.00	0.00	3.40	89.57	93.10	0.00	37	0	42	0.00	0.00	59.09	7.57	0.00	0.00	2000
74	6.63	1110	2103	0.00	193	0	0	0	nan	0.01	0.00	2.81	90.71	93.37	0.00	37	0	42	0.00	0.00	59.37	7.46	0.00	0.00	2000
71	6.76	1058	2071	0.00	195	0	0	1	87.99	0.00	0.02	3.79	88.14	93.24	0.00	37	0	42	0.00	0.00	58.56	7.44	0.00	0.00	2000
75	6.63	1117	2135	0.08	193	0	0	2	85.48	0.00	0.01	2.44	92.65	93.37	0.00	37	0	42	0.00	0.00	59.66	7.74	0.00	0.00	2000
72	6.54	1099	2092	0.00	194	0	0	0	nan	0.00	0.01	3.28	89.94	93.46	0.00	37	0	42	0.00	0.00	59.47	7.69	0.00	0.00	2000
148	8.93	1667	2095	0.00	214	0	0	0	nan	0.02	0.00	5.50	85.41	91.07	0.00	38	0	42	0.00	0.00	64.39	7.83	0.00	0.00	2000
233	10.71	2161	2113	0.00	203	0	0	0	nan	0.00	0.01	3.97	85.95	89.29	0.00	39	0	42	0.00	0.00	64.37	7.59	0.00	0.00	2000
227	11.02	2069	2088	0.00	200	0	0	0	nan	0.00	0.02	3.57	84.90	88.98	0.00	40	0	42	0.00	0.00	63.14	7.13	0.00	0.00	2000
233	11.39	2037	2113	0.00	204	0	0	0	nan	0.00	0.02	2.83	86.40	88.61	0.00	40	0	42	0.00	0.00	65.97	7.38	0.00	0.00	2000
231	11.07	2099	2084	0.00	205	0	0	0	nan	0.00	0.02	5.14	83.22	88.93	0.00	39	0	42	0.00	0.00	66.03	7.63	0.00	0.00	2000
229	11.17	2063	2085	0.00	199	0	0	0	nan	0.00	0.97	5.36	81.96	88.83	0.00	38	0	42	0.00	0.00	66.58	8.08	0.00	0.00	2000
233	11.21	2060	2119	0.00	214	0	0	0	nan	0.01	0.00	5.42	84.25	88.79	0.00	39	0	42	0.00	0.00	68.85	7.89	0.00	0.00	2000
227	11.31	2038	2072	0.00	199	0	0	0	nan	0.00	0.00	5.26	82.36	88.69	0.00	37	0	42	0.00	0.00	64.16	7.50	0.00	0.00	2000
237	11.29	2071	2126	0.00	201	0	0	0	nan	0.00	0.00	6.23	83.70	88.71	0.00	37	0	42	0.00	0.00	66.39	7.73	0.00	0.00	2000
231	11.32	2035	2102	0.00	198	0	0	0	nan	0.00	0.02	6.74	82.21	88.68	0.00	38	0	42	0.00	0.00	66.46	7.58	0.00	0.00	2000
229	11.22	2042	2102	0.00	197	0	0	0	nan	0.00	0.00	6.46	82.53	88.78	0.00	38	0	42	0.00	0.00	65.12	7.40	0.00	0.00	2000
227	11.05	2089	2068	0.00	199	0	0	0	nan	0.00	0.00	5.55	82.16	88.95	0.00	38	0	42	0.00	0.00	65.98	7.48	0.00	0.00	2000
229	11.19	2063	2085	0.00	198	0	0	0	nan	0.00	0.03	5.05	83.21	88.81	0.00	38	0	42	0.00	0.00	62.50	7.24	0.00	0.00	2000
231	11.23	2051	2102	0.00	218	0	0	0	nan	0.00	0.00	4.97	83.98	88.77	0.00	38	0	42	0.00	0.00	65.92	7.34	0.00	0.00	2000
233	10.99	2092	2125	0.00	198	0	0	3	86.00	0.00	0.03	6.30	83.91	89.01	0.00	38	0	42	0.00	0.00	67.38	7.84	0.00	0.00	2000
227	10.95	2105	2072	0.56	203	0	0	16	86.27	0.00	0.02	4.32	83.60	89.05	0.00	38	0	42	0.00	0.00	61.51	7.48	0.00	0.00	2000
232	11.20	2087	2085	0.00	214	0	0	0	nan	0.00	0.49	5.67	82.19	88.80	0.00	37	0	42	0.00	0.00	65.85	7.33	0.00	0.00	2000
225	10.89	2062	2106	0.00	218	0	0	0	nan	0.01	0.04	2.70	86.75	89.11	0.00	38	0	43	0.00	0.00	61.88	7.25	0.00	0.00	2000
243	11.49	2065	2148	0.00	265	0	0	0	nan	0.02	0.02	3.43	87.21	88.51	0.00	39	0	42	0.00	0.00	73.67	8.43	0.00	0.00	2000
226	10.76	2101	2101	0.00	197	0	0	0	nan	0.00	0.97	6.69	81.79	89.24	0.00	39	0	42	0.00	0.00	64.75	7.90	0.00	0.00	2000
229	10.46	2184	2101	0.00	197	0	0	0	nan	0.02	3.95	8.25	77.63	89.54	0.00	40	0	42	0.00	0.00	68.74	8.08	0.00	0.00	2000
224	11.01	2034	2106	0.00	198	0	0	0	nan	0.00	0.51	7.91	81.00	88.99	0.00	40	0	42	0.00	0.00	64.90	7.72	0.00	0.00	2000
224	10.96	2037	2104	0.00	213	0	0	0	nan	0.00	0.01	7.67	81.71	89.04	0.00	40	0	42	0.00	0.00	63.53	7.59	0.00	0.00	2000
224	10.97	2046	2099	0.00	196	0	0	0	nan	0.00	0.05	5.11	83.89	89.03	0.00	40	0	42	0.00	0.00	64.64	7.79	0.00	0.00	2000
225	11.12	2016	2104	0.00	197	0	0	0	nan	0.00	0.00	5.73	83.55	88.88	0.00	40	0	42	0.00	0.00	65.01	7.76	0.00	0.00	2000
224	10.74	2091	2094	0.00	200	0	0	0	nan	0.00	0.00	6.32	82.81	89.26	0.00	40	0	42	0.00	0.00	64.57	7.89	0.00	0.00	2000
220	11.25	2012	2037	0.00	198	0	0	0	nan	0.00	0.00	6.72	79.58	88.75	0.00	41	0	42	0.00	0.00	62.73	7.38	0.00	0.00	2000
228	10.60	2137	2119	0.00	198	0	0	0	nan	0.00	0.00	7.21	83.08	89.40	0.00	41	0	42	0.00	0.00	65.08	7.56	0.00	0.00	2000
222	10.64	2056	2136	0.00	197	0	0	0	nan	0.00	0.00	5.56	85.47	89.36	0.00	41	0	42	0.00	0.00	64.96	7.64	0.00	0.00	2000
224	10.94	2031	2116	0.00	214	0	0	0	nan	0.00	0.00	6.28	83.60	89.06	0.00	41	0	43	0.00	0.00	66.51	7.82	0.00	0.00	2000
221	10.98	2070	2041	0.00	200	0	0	0	nan	0.00	0.01	5.67	80.95	89.02	0.00	41	0	42	0.00	0.00	62.54	7.56	0.00	0.00	2000
222	10.66	2039	2144	0.36	195	0	0	5	88.57	0.00	0.33	4.29	86.83	89.34	0.00	41	0	42	0.00	0.00	65.87	7.79	0.00	0.00	2000
219	10.95	2056	2041	0.43	198	0	0	2	91.26	0.01	0.00	3.90	82.80	89.05	0.00	41	0	42	0.00	0.00	61.76	7.31	0.00	0.00	2000
223	10.64	2074	2118	0.00	196	0	0	0	nan	0.00	0.02	5.40	84.77	89.36	0.00	41	0	42	0.00	0.00	64.39	7.70	0.00	0.00	2000
226	10.77	2055	2142	0.00	200	0	0	0	nan	0.00	0.00	6.62	84.48	89.23	0.00	41	0	42	0.00	0.00	64.85	7.51	0.00	0.00	2000
221	10.82	2076	2066	0.00	202	0	0	0	nan	0.00	1.23	6.45	80.14	89.18	0.00	41	0	42	0.00	0.00	63.52	7.56	0.00	0.00	2000
220	10.58	2042	2138	0.00	195	0	0	0	nan	0.00	0.00	8.11	83.04	89.42	0.00	41	0	42	0.00	0.00	64.47	7.56	0.00	0.00	2000
219	10.98	2037	2057	0.00	196	0	0	0	nan	0.00	0.00	6.74	80.57	89.02	0.00	41	0	42	0.00	0.00	64.26	7.66	0.00	0.00	2000
222	10.62	2063	2126	0.00	197	0	0	0	nan	0.00	0.01	5.95	84.62	89.38	0.00	41	0	42	0.00	0.00	63.80	7.69	0.00	0.00	2000
222	10.93	2052	2080	0.00	196	0	0	0	nan	0.00	0.00	6.35	82.02	89.07	0.00	41	0	42	0.00	0.00	64.14	7.70	0.00	0.00	2000
221	10.79	2025	2126	0.00	200	0	0	0	nan	0.00	0.00	7.06	83.38	89.21	0.00	41	0	42	0.00	0.00	64.03	7.66	0.00	0.00	2000
219	10.69	2059	2090	0.00	196	0	0	0	nan	0.00	0.00	6.01	82.93	89.31	0.00	41	0	42	0.00	0.00	64.34	7.58	0.00	0.00	2000
222	10.91	2030	2100	0.00	197	0	0	0	nan	0.00	0.00	6.81	82.36	89.09	0.00	40	0	42	0.00	0.00	64.14	7.70	0.00	0.00	2000
223	10.78	2036	2136	0.00	199	0	0	0	nan	0.00	0.00	6.72	84.16	89.22	0.00	41	0	42	0.00	0.00	66.05	7.85	0.00	0.00	2000
222	10.94	2030	2099	0.00	196	0	0	0	nan	0.00	0.00	7.08	82.09	89.06	0.00	41	0	42	0.00	0.00	65.36	7.88	0.00	0.00	2000
222	11.02	2090	2021	0.00	199	0	0	0	nan	0.01	0.03	5.70	79.95	88.98	0.00	41	0	42	0.00	0.00	62.36	7.45	0.00	0.00	2000
223	10.46	2087	2145	0.00	199	0	0	0	nan	0.01	0.03	3.71	87.85	89.54	0.00	41	0	42	0.00	0.00	64.77	7.59	0.00	0.00	2000
220	10.91	2035	2086	0.00	199	0	0	0	nan	0.00	0.02	6.24	82.38	89.09	0.00	41	0	42	0.00	0.00	64.21	7.72	0.00	0.00	2000
222	10.70	2050	2123	0.19	196	0	0	3	87.30	0.00	0.00	4.84	85.54	89.30	0.00	41	0	42	0.00	0.00	64.20	7.64	0.00	0.00	2000
220	10.99	1994	2111	0.72	195	0	0	2	90.47	0.00	0.00	6.77	82.94	89.01	0.00	41	0	42	0.00	0.00	63.82	7.67	0.00	0.00	2000
227	11.04	2046	2108	0.00	200	0	0	0	nan	0.02	1.39	8.74	79.27	88.96	0.00	41	0	42	0.00	0.00	64.33	7.71	0.00	0.00	2000
222	10.71	2069	2098	0.00	198	0	0	0	nan	0.00	0.54	8.85	79.90	89.29	0.00	42	0	42	0.00	0.00	65.42	7.73	0.00	0.00	2000
219	10.86	2069	2051	0.00	196	0	0	0	nan	0.00	0.00	6.55	80.57	89.14	0.00	42	0	42	0.00	0.00	63.57	7.46	0.00	0.00	2000
222	10.54	2043	2162	0.00	197	0	0	0	nan	0.00	0.00	5.73	86.39	89.46	0.00	42	0	42	0.00	0.00	65.21	7.65	0.00	0.00	2000
221	10.99	2063	2051	0.00	212	0	0	0	nan	0.00	0.00	5.87	81.12	89.01	0.00	42	0	42	0.00	0.00	63.02	7.63	0.00	0.00	2000
240	11.69	2056	2100	0.00	217	0	0	0	nan	0.00	0.00	11.61	76.82	88.31	0.00	41	0	43	0.00	0.00	64.45	7.44	0.00	0.00	2000
216	10.82	2105	1994	0.00	195	0	0	0	nan	0.00	0.02	6.45	78.22	89.18	0.00	41	0	42	0.00	0.00	59.60	6.99	0.00	0.00	2000
226	10.35	2020	2267	0.00	213	0	0	0	nan	0.00	0.00	6.27	90.60	89.65	0.00	42	0	42	0.00	0.00	71.21	8.26	0.00	0.00	2000
221	10.61	2084	2103	0.00	197	0	0	0	nan	0.00	0.02	7.19	82.38	89.39	0.00	42	0	42	0.00	0.00	61.95	7.14	0.00	0.00	2000
220	11.29	2019	2022	0.00	200	0	0	0	nan	0.00	0.02	7.00	78.65	88.71	0.00	42	0	42	0.00	0.00	61.89	7.41	0.00	0.00	2000
224	10.67	2024	2177	0.00	202	0	0	0	nan	0.00	0.04	4.14	88.58	89.33	0.00	41	0	42	0.00	0.00	66.77	7.84	0.00	0.00	2000
220	10.91	2061	2057	0.00	214	0	0	0	nan	0.02	1.41	5.10	80.87	89.09	0.00	42	0	42	0.00	0.00	60.24	7.27	0.00	0.00	2000
221	10.50	2102	2105	0.00	197	0	0	0	nan	0.01	0.00	7.10	82.65	89.50	0.00	42	0	42	0.00	0.00	69.24	7.72	0.00	0.00	2000
220	10.80	2064	2077	0.00	197	0	0	0	nan	0.00	0.00	6.17	82.16	89.20	0.00	42	0	42	0.00	0.00	63.80	7.14	0.00	0.00	2000
226	10.72	2034	2174	0.00	197	0	0	0	nan	0.02	0.92	7.53	84.13	89.28	0.00	42	0	42	0.00	0.00	65.71	8.11	0.00	0.00	2000
218	10.95	2061	2033	0.33	196	0	0	16	38.91	0.00	0.00	7.80	78.51	89.05	0.00	41	0	42	0.00	0.00	60.27	7.51	0.00	0.00	2000
225	10.62	2094	2123	0.73	197	0	0	5	64.72	0.00	0.02	6.79	83.60	89.38	0.00	41	0	42	0.00	0.00	67.31	8.10	0.00	0.00	2000
226	10.86	2076	2105	0.00	203	0	0	0	nan	0.00	0.03	5.62	83.77	89.14	0.00	41	0	42	0.00	0.00	64.23	7.53	0.00	0.00	2000
221	10.88	2034	2101	0.00	196	0	0	0	nan	0.00	0.00	7.46	81.84	89.12	0.00	42	0	42	0.00	0.00	64.01	7.49	0.00	0.00	2000
223	10.72	2062	2117	0.00	198	0	0	0	nan	0.00	0.02	5.88	84.17	89.28	0.00	41	0	42	0.00	0.00	62.54	7.07	0.00	0.00	2000
221	11.02	1997	2109	0.00	196	0	0	0	nan	0.00	0.00	8.30	81.23	88.98	0.00	41	0	42	0.00	0.00	66.68	7.99	0.00	0.00	2000
221	10.81	2059	2087	0.00	199	0	0	0	nan	0.00	0.03	6.64	82.01	89.19	0.00	41	0	42	0.00	0.00	63.94	7.03	0.00	0.00	2000
221	10.81	2053	2090	0.00	197	0	0	0	nan	0.00	0.00	5.11	83.74	89.19	0.00	42	0	42	0.00	0.00	64.74	7.79	0.00	0.00	2000
221	10.63	2084	2094	0.00	197	0	0	0	nan	0.00	0.02	4.80	84.49	89.37	0.00	42	0	42	0.00	0.00	61.36	7.27	0.00	0.00	2000
222	10.91	2046	2091	0.00	196	0	0	0	nan	0.00	2.11	3.45	83.38	89.09	0.00	41	0	42	0.00	0.00	63.96	7.43	0.00	0.00	2000
222	9.79	2260	2107	0.00	205	0	0	0	nan	0.00	2.62	5.58	82.53	90.21	0.00	41	0	42	0.00	0.00	63.72	7.50	0.00	0.00	2000
221	10.51	2073	2132	0.00	197	0	0	0	nan	0.00	0.45	5.92	84.61	89.49	0.00	41	0	42	0.00	0.00	69.42	7.66	0.00	0.00	2000
220	10.87	2073	2047	0.00	195	0	0	0	nan	0.00	0.02	6.03	80.89	89.13	0.00	41	0	42	0.00	0.00	61.76	7.05	0.00	0.00	2000
222	10.56	2069	2138	0.00	196	0	0	0	nan	0.02	1.43	6.38	83.33	89.44	0.00	41	0	42	0.00	0.00	67.16	7.84	0.00	0.00	2000
222	11.07	2045	2064	0.00	197	0	0	0	nan	0.00	0.00	6.11	81.33	88.93	0.00	41	0	42	0.00	0.00	61.48	7.26	0.00	0.00	2000
222	10.58	2081	2114	0.00	200	0	0	0	nan	0.00	0.02	5.69	84.42	89.42	0.00	41	0	42	0.00	0.00	64.42	7.62	0.00	0.00	2000
221	10.76	2037	2117	0.00	196	0	0	0	nan	0.00	0.01	7.25	82.86	89.24	0.00	41	0	42	0.00	0.00	64.35	7.51	0.00	0.00	2000
215	11.33	2024	1970	0.16	197	0	0	4	92.62	0.00	0.00	6.37	76.97	88.67	0.00	41	0	42	0.00	0.00	59.24	6.98	0.00	0.00	2000
227	10.53	2027	2236	0.56	214	0	0	3	95.30	0.04	0.00	6.66	88.67	89.47	0.00	41	0	42	0.00	0.00	70.36	8.31	0.00	0.00	2000
224	10.51	2099	2137	0.00	200	0	0	0	nan	0.00	0.00	6.58	84.50	89.49	0.00	41	0	42	0.00	0.00	65.91	7.71	0.00	0.00	2000
218	11.05	2034	2038	0.00	197	0	0	0	nan	0.00	0.01	7.88	78.66	88.95	0.00	41	0	42	0.00	0.00	60.98	7.31	0.00	0.00	2000
221	10.45	2124	2089	0.00	195	0	0	0	nan	0.00	0.00	5.02	84.07	89.55	0.00	41	0	42	0.00	0.00	62.99	7.31	0.00	0.00	2000
260	11.39	2205	2176	0.00	196	0	0	0	nan	0.00	0.00	4.56	87.34	88.61	0.00	41	0	42	0.00	0.00	69.88	8.16	0.00	0.00	2000
220	10.66	2135	2034	0.00	195	0	0	0	nan	0.04	0.49	3.01	83.02	89.34	0.00	41	0	42	0.00	0.00	60.84	7.47	0.00	0.00	2000
224	10.86	2048	2115	0.00	197	0	0	0	nan	0.00	0.07	2.62	87.19	89.14	0.00	41	0	43	0.00	0.00	67.74	8.18	0.00	0.00	2000
224	10.34	2117	2153	0.00	213	0	0	0	nan	0.00	0.00	7.09	84.72	89.66	0.00	41	0	43	0.00	0.00	65.95	7.99	0.00	0.00	2000
222	10.82	2048	2100	0.00	198	0	0	0	nan	0.02	0.00	8.27	81.05	89.18	0.00	42	0	42	0.00	0.00	62.42	7.93	0.00	0.00	2000
220	10.95	2079	2033	0.00	197	0	0	0	nan	0.02	1.43	6.50	78.44	89.06	0.00	42	0	42	0.00	0.00	62.51	7.36	0.00	0.00	2000
222	10.63	2063	2129	0.00	199	0	0	0	nan	0.00	0.00	4.89	85.79	89.37	0.00	42	0	42	0.00	0.00	64.98	7.70	0.00	0.00	2000
224	10.77	2074	2108	0.00	196	0	0	0	nan	0.00	0.00	6.44	83.20	89.23	0.00	42	0	42	0.00	0.00	67.06	8.23	0.00	0.00	2000
223	10.84	2080	2074	0.00	205	0	0	0	nan	0.00	0.00	7.58	80.58	89.16	0.00	42	0	42	0.00	0.00	62.02	7.50	0.00	0.00	2000
221	10.69	2061	2108	0.00	200	0	0	0	nan	0.00	0.00	6.31	83.43	89.31	0.00	42	0	42	0.00	0.00	64.32	7.88	0.00	0.00	2000
222	10.67	2067	2115	0.00	194	0	0	0	nan	0.00	0.00	5.99	84.00	89.33	0.00	42	0	42	0.00	0.00	64.54	7.70	0.00	0.00	2000
222	10.87	2034	2104	0.00	198	0	0	0	nan	0.00	0.00	6.67	82.70	89.13	0.00	42	0	42	0.00	0.00	64.66	7.95	0.00	0.00	2000
220	10.78	2066	2070	0.00	196	0	0	6	38.06	0.02	0.00	8.33	79.71	89.22	0.00	42	0	42	0.00	0.00	64.64	7.78	0.00	0.00	2000
227	10.93	2048	2135	1.58	200	0	0	8	43.23	0.00	0.00	7.57	83.05	89.07	0.00	42	0	42	0.00	0.00	65.01	7.78	0.00	0.00	2000
221	10.84	2030	2107	0.00	195	0	0	0	nan	0.00	0.00	7.12	82.49	89.16	0.00	42	0	42	0.00	0.00	67.81	8.13	0.00	0.00	2000
221	11.01	2037	2070	0.00	196	0	0	0	nan	0.00	2.15	3.86	81.85	88.99	0.00	42	0	42	0.00	0.00	62.00	7.58	0.00	0.00	2000
222	10.54	2118	2089	0.00	200	0	0	0	nan	0.00	0.02	3.35	85.66	89.46	0.00	42	0	42	0.00	0.00	64.91	7.74	0.00	0.00	2000
222	10.59	2056	2138	0.00	198	0	0	0	nan	0.00	0.00	5.11	85.97	89.41	0.00	42	0	42	0.00	0.00	64.68	7.99	0.00	0.00	2000
223	10.94	2063	2078	0.00	198	0	0	0	nan	0.00	0.00	8.34	79.83	89.06	0.00	41	0	42	0.00	0.00	65.00	7.51	0.00	0.00	2000
221	10.35	2119	2118	0.00	199	0	0	0	nan	0.00	1.07	6.85	82.57	89.65	0.00	41	0	42	0.00	0.00	65.08	7.49	0.00	0.00	2000
221	10.89	2029	2095	0.00	198	0	0	0	nan	0.00	0.00	7.44	81.53	89.11	0.00	41	0	42	0.00	0.00	65.16	8.23	0.00	0.00	2000
221	10.66	2085	2085	0.00	199	0	0	0	nan	0.00	0.00	5.42	83.26	89.34	0.00	41	0	42	0.00	0.00	64.43	7.42	0.00	0.00	2000
220	10.58	2071	2111	0.00	198	0	0	0	nan	0.00	0.01	5.42	84.46	89.42	0.00	41	0	42	0.00	0.00	64.38	7.57	0.00	0.00	2000
226	11.17	2060	2061	0.00	217	0	0	0	nan	0.00	0.00	7.91	79.36	88.83	0.00	41	0	42	0.00	0.00	64.80	7.53	0.00	0.00	2000
222	10.63	2055	2134	0.00	213	0	0	0	nan	0.00	0.00	6.70	84.26	89.37	0.00	41	0	42	0.00	0.00	64.47	7.85	0.00	0.00	2000
214	10.70	1976	2125	0.00	208	0	0	0	nan	0.00	0.03	3.65	86.83	89.30	0.00	39	0	42	0.00	0.00	66.61	7.98	0.00	0.00	2000
136	9.02	1520	2087	0.00	226	0	0	0	nan	0.00	0.00	10.59	79.92	90.98	0.00	38	0	42	0.00	0.00	59.21	7.14	0.00	0.00	2000
79	7.09	1098	2127	0.00	193	0	0	0	nan	0.00	0.04	3.57	90.52	92.91	0.00	38	0	42	0.00	0.00	59.39	7.47	0.00	0.00	2000
74	6.77	1085	2102	0.00	194	0	0	0	nan	0.00	0.02	2.84	90.59	93.23	0.00	38	0	42	0.00	0.00	59.30	7.63	0.00	0.00	2000
73	6.66	1108	2075	0.01	198	0	0	1	84.03	0.00	0.00	3.95	88.26	93.34	0.00	37	0	42	0.00	0.00	59.22	7.55	0.00	0.00	2000
