Avg_MHz	Busy%	Bzy_MHz	TSC_MHz	IPC	IRQ	NMI	SMI	LLCMRPS	LLC%hit	POLL%	C1%	C1E%	C6%	CPU%c1	CPU%c6	CoreTmp	CoreThr	PkgTmp	Pkg%pc2	Pkg%pc6	PkgWatt	RAMWatt	PKG_%	RAM_%	UncMHz
350	17.14	2021	2121	0.00	226	0	0	0	nan	0.00	0.47	36.17	47.23	82.86	0.00	37	0	42	0.00	0.00	64.27	7.59	0.00	0.00	2000
285	14.66	1943	2099	0.00	225	0	0	0	nan	0.06	0.91	17.44	67.15	85.34	0.00	37	0	42	0.00	0.00	67.07	7.87	0.00	0.00	2000
76	7.05	1068	2132	0.00	210	0	0	0	nan	0.00	0.02	3.71	90.80	92.95	0.00	37	0	42	0.00	0.00	57.70	7.40	0.00	0.00	2000
79	7.01	1146	2076	0.00	179	0	0	0	nan	0.00	0.02	4.10	87.89	92.99	0.00	37	0	42	0.00	0.00	58.94	7.67	0.00	0.00	2000
74	6.84	1058	2132	0.00	211	0	0	0	nan	0.00	0.00	4.58	90.00	93.16	0.00	37	0	42	0.00	0.00	58.13	7.48	0.00	0.00	2000
74	6.96	1066	2101	0.00	197	0	0	0	nan	0.00	0.00	3.72	89.41	93.04	0.00	37	0	42	0.00	0.00	58.68	7.59	0.00	0.00	2000
73	6.59	1112	2098	0.00	193	0	0	0	nan	0.00	0.00	3.36	90.05	93.41	0.00	37	0	42	0.00	0.00	59.63	7.67	0.00	0.00	2000
72	6.86	1051	2094	0.00	194	0	0	0	nan	0.00	0.00	3.41	89.52	93.14	0.00	37	0	42	0.00	0.00	58.73	7.70	0.00	0.00	2000
73	6.94	1052	2108	0.00	193	0	0	0	nan	0.00	0.00	3.99	89.57	93.06	0.00	37	0	42	0.00	0.00	57.59	7.56	0.00	0.00	2000
71	6.84	1040	2098	0.00	193	0	0	0	nan	0.00	0.00	3.17	90.07	93.16	0.00	37	0	42	0.00	0.00	57.80	7.36	0.00	0.00	2000
72	6.92	1048	2098	0.00	193	0	0	0	nan	0.00	0.02	3.39	89.70	93.08	0.00	37	0	42	0.00	0.00	55.91	7.57	0.00	0.00	2000
70	6.69	1052	2074	0.00	194	0	0	0	nan	0.00	0.00	2.52	89.68	93.31	0.00	37	0	42	0.00	0.00	60.68	7.36	0.00	0.00	2000
74	6.87	1056	2134	0.00	194	0	0	0	nan	0.00	0.00	1.69	93.05	93.13	0.00	37	0	42	0.00	0.00	63.61	8.25	0.00	0.00	2000
71	6.73	1066	2084	0.00	194	0	0	0	nan	0.00	0.00	2.77	89.80	93.27	0.00	37	0	42	0.00	0.00	54.27	7.05	0.00	0.00	2000
74	6.60	1109	2110	0.00	194	0	0	0	nan	0.00	0.00	2.66	91.19	93.40	0.00	37	0	42	0.00	0.00	58.43	7.59	0.00	0.00	2000
75	6.83	1093	2106	0.00	194	0	0	0	77.79	0.00	0.00	3.56	89.98	93.17	0.00	37	0	42	0.00	0.00	58.90	7.62	0.00	0.00	2000
78	6.84	1148	2092	0.27	210	0	0	3	53.83	0.00	0.00	6.39	86.49	93.16	0.00	37	0	42	0.00	0.00	58.25	7.55	0.00	0.00	2000
71	6.70	1064	2084	0.04	193	0	0	0	nan	0.00	0.00	3.24	89.42	93.30	0.00	37	0	42	0.00	0.00	58.07	7.50	0.00	0.00	2000
195	9.90	1981	2093	0.00	215	0	0	0	nan	0.00	0.64	4.83	84.52	90.10	0.00	38	0	42	0.00	0.00	66.74	8.03	0.00	0.00	2000
234	11.37	2041	2120	0.00	230	0	0	0	nan	0.00	0.02	5.40	84.20	88.63	0.00	39	0	42	0.00	0.00	64.96	7.51	0.00	0.00	2000
227	10.89	2102	2083	0.00	203	0	0	0	nan	0.00	0.00	4.65	83.88	89.11	0.00	40	0	42	0.00	0.00	65.20	7.48	0.00	0.00	2000
233	11.19	2062	2117	0.00	203	0	0	0	nan	0.00	0.03	4.31	85.35	88.81	0.00	40	0	42	0.00	0.00	66.26	7.68	0.00	0.00	2000
233	11.20	2077	2105	0.00	194	0	0	0	nan	0.00	0.00	6.98	82.19	88.80	0.00	38	0	42	0.00	0.00	65.92	7.64	0.00	0.00	2000
228	11.18	2055	2085	0.00	183	0	0	0	nan	0.00	0.00	5.46	82.93	88.82	0.00	38	0	42	0.00	0.00	62.84	7.58	0.00	0.00	2000
233	11.33	2061	2094	0.00	220	0	0	0	nan	0.00	0.02	6.34	82.23	88.67	0.00	37	0	43	0.00	0.00	70.21	8.23	0.00	0.00	2000
233	11.04	2090	2124	0.00	197	0	0	0	nan	0.00	0.00	5.99	84.02	88.96	0.00	37	0	42	0.00	0.00	65.38	7.83	0.00	0.00	2000
232	11.19	2069	2100	0.00	195	0	0	0	nan	0.00	0.03	5.04	83.81	88.81	0.00	38	0	42	0.00	0.00	63.15	7.50	0.00	0.00	2000
228	10.83	2114	2091	0.00	198	0	0	0	nan	0.00	0.00	4.35	84.40	89.17	0.00	38	0	42	0.00	0.00	69.70	8.10	0.00	0.00	2000
230	11.22	2048	2102	0.00	214	0	0	0	nan	0.00	0.05	2.04	86.96	88.78	0.00	38	0	42	0.00	0.00	65.06	7.51	0.00	0.00	2000
233	11.19	2078	2100	0.00	203	0	0	0	nan	0.00	0.06	4.26	84.50	88.81	0.00	38	0	42	0.00	0.00	63.14	7.33	0.00	0.00	2000
224	10.85	2089	2071	0.00	197	0	0	0	nan	0.00	0.45	4.63	83.01	89.15	0.00	38	0	43	0.00	0.00	63.91	7.40	0.00	0.00	2000
236	11.29	2051	2138	0.00	199	0	0	0	nan	0.00	0.00	5.26	85.20	88.71	0.00	38	0	42	0.00	0.00	66.95	7.76	0.00	0.00	2000
231	10.82	2135	2102	0.00	199	0	0	1	85.72	0.00	0.00	4.76	84.59	89.18	0.00	38	0	42	0.00	0.00	66.75	7.50	0.00	0.00	2000
228	10.95	2088	2094	0.85	194	0	0	13	85.70	0.00	0.00	5.52	83.34	89.05	0.00	39	0	42	0.00	0.00	65.79	7.61	0.00	0.00	2000
232	11.36	2047	2100	0.02	201	0	0	0	nan	0.00	0.00	5.90	82.84	88.64	0.00	39	0	42	0.00	0.00	65.00	7.41	0.00	0.00	2000
232	10.99	2111	2101	0.00	198	0	0	0	nan	0.00	0.00	5.90	83.18	89.01	0.00	38	0	42	0.00	0.00	65.65	7.52	0.00	0.00	2000
232	11.22	2090	2077	0.00	199	0	0	0	nan	0.00	0.00	7.51	80.37	88.78	0.00	37	0	42	0.00	0.00	63.03	7.31	0.00	0.00	2000
230	11.02	2061	2123	0.00	215	0	0	0	nan	0.00	0.02	5.02	85.01	88.98	0.00	38	0	42	0.00	0.00	68.34	7.84	0.00	0.00	2000
233	11.41	2056	2089	0.00	202	0	0	0	nan	0.00	0.00	5.57	82.60	88.59	0.00	38	0	42	0.00	0.00	66.08	7.71	0.00	0.00	2000
234	11.01	2107	2117	0.00	202	0	0	0	nan	0.00	0.03	4.89	84.85	88.99	0.00	39	0	42	0.00	0.00	67.56	7.70	0.00	0.00	2000
229	11.12	2076	2085	0.00	198	0	0	0	nan	0.00	0.03	4.69	83.61	88.88	0.00	39	0	42	0.00	0.00	65.55	7.59	0.00	0.00	2000
232	11.01	2099	2112	0.00	197	0	0	0	nan	0.00	0.57	4.19	84.93	88.99	0.00	38	0	42	0.00	0.00	66.59	7.89	0.00	0.00	2000
233	10.86	2158	2085	0.00	195	0	0	0	nan	0.00	0.46	5.29	82.82	89.14	0.00	38	0	42	0.00	0.00	64.19	7.45	0.00	0.00	2000
228	11.10	2050	2106	0.00	197	0	0	0	nan	0.00	0.00	6.29	82.90	88.90	0.00	39	0	42	0.00	0.00	66.41	7.90	0.00	0.00	2000
234	11.18	2094	2098	0.00	204	0	0	0	nan	0.00	0.02	4.81	84.07	88.82	0.00	39	0	42	0.00	0.00	66.38	7.52	0.00	0.00	2000
233	11.07	2098	2105	0.00	197	0	0	0	nan	0.00	0.02	6.76	82.39	88.93	0.00	38	0	42	0.00	0.00	64.81	7.55	0.00	0.00	2000
227	12.49	2135	1788	0.00	203	0	0	0	nan	0.00	0.00	5.39	69.15	87.51	0.00	38	0	42	0.00	0.00	53.51	6.47	0.00	0.00	2000
242	10.03	2011	2515	0.00	244	0	0	0	nan	0.04	0.00	9.64	98.33	89.97	0.00	39	0	42	0.00	0.00	80.90	9.58	0.00	0.00	2000
225	10.90	2062	2103	0.00	200	0	0	0	nan	0.00	0.02	6.60	82.83	89.10	0.00	39	0	42	0.00	0.00	65.79	7.75	0.00	0.00	2000
223	11.05	2026	2093	0.00	196	0	0	2	70.31	0.00	0.01	6.77	82.13	88.95	0.00	39	0	42	0.00	0.00	64.85	7.75	0.00	0.00	2000
223	11.08	2005	2105	0.91	196	0	0	3	70.15	0.00	0.02	6.71	82.63	88.92	0.00	40	0	42	0.00	0.00	64.98	7.92	0.00	0.00	2000
225	10.97	2050	2100	0.00	198	0	0	0	nan	0.00	0.00	5.03	84.19	89.03	0.00	40	0	42	0.00	0.00	63.50	7.63	0.00	0.00	2000
224	11.09	2019	2103	0.00	182	0	0	0	nan	0.00	0.00	6.85	82.44	88.91	0.00	40	0	42	0.00	0.00	63.12	7.67	0.00	0.00	2000
225	10.85	2076	2098	0.00	196	0	0	0	nan	0.00	0.00	6.46	82.78	89.15	0.00	40	0	42	0.00	0.00	65.43	7.91	0.00	0.00	2000
222	11.04	2010	2102	0.00	198	0	0	0	nan	0.00	0.00	5.91	83.35	88.96	0.00	40	0	42	0.00	0.00	65.54	7.91	0.00	0.00	2000
223	10.82	2059	2099	0.00	195	0	0	0	nan	0.00	0.05	3.02	86.29	89.18	0.00	41	0	42	0.00	0.00	63.22	7.76	0.00	0.00	2000
223	10.92	2038	2101	0.00	199	0	0	0	nan	0.00	0.02	3.20	86.12	89.08	0.00	40	0	42	0.00	0.00	65.49	7.98	0.00	0.00	2000
224	10.80	2071	2099	0.00	197	0	0	0	nan	0.00	0.02	6.15	83.09	89.20	0.00	40	0	42	0.00	0.00	63.36	7.51	0.00	0.00	2000
223	10.90	2050	2099	0.00	197	0	0	0	nan	0.00	0.01	7.55	81.66	89.10	0.00	41	0	42	0.00	0.00	63.44	7.54	0.00	0.00	2000
227	11.09	2046	2101	0.00	199	0	0	0	nan	0.04	0.00	8.91	80.25	88.91	0.00	40	0	42	0.00	0.00	67.55	8.17	0.00	0.00	2000
222	10.85	2070	2075	0.00	198	0	0	0	nan	0.00	0.00	6.37	81.88	89.15	0.00	41	0	42	0.00	0.00	63.41	7.60	0.00	0.00	2000
223	10.91	2021	2125	0.00	197	0	0	0	nan	0.00	0.02	5.33	85.02	89.09	0.00	41	0	42	0.00	0.00	65.02	7.94	0.00	0.00	2000
223	10.93	2039	2100	0.00	199	0	0	0	nan	0.00	0.00	6.09	83.15	89.07	0.00	40	0	42	0.00	0.00	64.32	7.77	0.00	0.00	2000
223	11.14	2001	2100	0.00	197	0	0	0	nan	0.00	0.02	5.98	83.11	88.86	0.00	41	0	42	0.00	0.00	63.28	7.56	0.00	0.00	2000
225	11.24	2000	2100	0.00	201	0	0	0	nan	0.00	0.02	5.45	83.52	88.76	0.00	41	0	43	0.00	0.00	62.69	7.50	0.00	0.00	2000
222	10.99	2012	2104	0.00	196	0	0	0	nan	0.00	0.00	7.27	82.14	89.01	0.00	41	0	42	0.00	0.00	66.63	8.08	0.00	0.00	2000
221	10.89	2034	2098	0.00	195	0	0	0	nan	0.00	0.00	5.09	84.17	89.11	0.00	41	0	42	0.00	0.00	63.35	7.61	0.00	0.00	2000
217	11.26	2045	1982	1.31	196	0	0	16	6.08	0.00	0.01	5.01	78.90	88.74	0.00	41	0	42	0.00	0.00	60.91	7.70	0.00	0.00	2000
224	10.58	2041	2180	0.22	198	0	0	0	nan	0.00	0.00	3.73	89.30	89.42	0.00	41	0	42	0.00	0.00	68.27	8.63	0.00	0.00	2000
223	10.97	2036	2096	0.00	199	0	0	0	nan	0.00	0.82	5.87	82.46	89.03	0.00	41	0	42	0.00	0.00	66.26	8.59	0.00	0.00	2000
216	10.67	2137	1986	0.00	195	0	0	0	nan	0.01	1.26	3.54	79.85	89.33	0.00	41	0	42	0.00	0.00	61.71	7.78	0.00	0.00	2000
224	10.67	1985	2223	0.00	211	0	0	0	nan	0.00	0.00	6.89	87.88	89.33	0.00	41	0	43	0.00	0.00	71.41	9.10	0.00	0.00	2000
220	10.84	2028	2103	0.00	197	0	0	0	nan	0.01	0.00	6.04	83.48	89.16	0.00	41	0	42	0.00	0.00	66.00	8.50	0.00	0.00	2000
223	10.73	2089	2088	0.00	198	0	0	0	nan	0.00	0.45	7.00	81.47	89.27	0.00	41	0	42	0.00	0.00	67.10	8.57	0.00	0.00	2000
222	10.74	2027	2144	0.00	201	0	0	0	nan	0.00	0.01	6.98	84.31	89.26	0.00	41	0	42	0.00	0.00	66.07	8.42	0.00	0.00	2000
222	11.25	1983	2088	0.00	196	0	0	0	nan	0.06	0.03	8.68	79.78	88.75	0.00	42	0	42	0.00	0.00	65.97	8.35	0.00	0.00	2000
220	10.93	2035	2079	0.00	195	0	0	0	nan	0.00	0.00	6.66	81.64	89.07	0.00	42	0	42	0.00	0.00	65.79	8.30	0.00	0.00	2000
221	10.80	2027	2120	0.00	197	0	0	0	nan	0.00	0.00	6.80	83.42	89.20	0.00	41	0	42	0.00	0.00	65.85	8.50	0.00	0.00	2000
223	11.10	2033	2079	0.00	194	0	0	0	nan	0.00	0.00	6.57	81.62	88.90	0.00	41	0	42	0.00	0.00	63.45	8.27	0.00	0.00	2000
223	10.74	2060	2112	0.00	200	0	0	0	nan	0.00	0.00	7.08	82.81	89.26	0.00	41	0	42	0.00	0.00	68.80	8.89	0.00	0.00	2000
220	11.07	2006	2083	0.00	198	0	0	0	nan	0.00	0.00	7.91	80.51	88.93	0.00	42	0	42	0.00	0.00	65.47	8.36	0.00	0.00	2000
221	10.87	2026	2110	0.00	198	0	0	0	nan	0.00	0.02	6.32	83.43	89.13	0.00	41	0	42	0.00	0.00	65.07	8.31	0.00	0.00	2000
221	10.89	2024	2102	0.00	194	0	0	0	nan	0.00	0.00	5.85	83.55	89.11	0.00	41	0	42	0.00	0.00	65.52	8.38	0.00	0.00	2000
219	10.80	2051	2073	0.00	196	0	0	0	nan	0.01	0.00	6.55	81.65	89.20	0.00	42	0	43	0.00	0.00	62.80	8.12	0.00	0.00	2000
225	10.55	2075	2158	1.15	198	0	0	23	11.37	0.00	0.04	3.77	88.28	89.45	0.00	41	0	42	0.00	0.00	68.76	8.69	0.00	0.00	2000
220	11.22	2003	2059	0.44	199	0	0	0	nan	0.00	0.00	8.69	78.58	88.78	0.00	41	0	42	0.00	0.00	65.08	8.38	0.00	0.00	2000
228	10.90	2080	2113	0.00	200	0	0	0	nan	0.00	0.01	6.78	83.03	89.10	0.00	41	0	42	0.00	0.00	66.30	8.45	0.00	0.00	2000
220	10.96	2026	2086	0.00	196	0	0	0	nan	0.00	0.00	6.95	81.73	89.04	0.00	41	0	43	0.00	0.00	62.28	8.13	0.00	0.00	2000
221	10.79	2019	2132	0.00	198	0	0	0	nan	0.00	0.01	5.55	85.18	89.21	0.00	41	0	42	0.00	0.00	69.09	8.81	0.00	0.00	2000
223	11.14	2014	2085	0.00	196	0	0	0	nan	0.00	0.00	8.08	80.33	88.86	0.00	42	0	42	0.00	0.00	65.75	8.28	0.00	0.00	2000
220	10.81	2071	2067	0.00	213	0	0	0	nan	0.00	0.48	7.73	79.79	89.19	0.00	42	0	42	0.00	0.00	63.45	8.10	0.00	0.00	2000
221	10.81	1999	2144	0.00	196	0	0	0	nan	0.00	0.00	5.28	86.01	89.19	0.00	41	0	42	0.00	0.00	68.34	8.85	0.00	0.00	2000
221	11.00	2004	2109	0.00	198	0	0	0	nan	0.00	0.00	5.58	83.90	89.00	0.00	41	0	42	0.00	0.00	65.57	8.51	0.00	0.00	2000
223	11.22	1994	2090	0.00	197	0	0	0	nan	0.00	0.00	6.49	82.07	88.78	0.00	42	0	43	0.00	0.00	65.26	8.34	0.00	0.00	2000
221	11.01	2027	2078	0.00	201	0	0	0	nan	0.00	0.00	6.58	81.66	88.99	0.00	41	0	43	0.00	0.00	63.18	7.89	0.00	0.00	2000
220	10.73	2034	2121	0.00	195	0	0	0	nan	0.00	0.01	7.14	83.21	89.27	0.00	41	0	42	0.00	0.00	68.74	8.75	0.00	0.00	2000
220	11.06	2003	2086	0.00	195	0	0	0	nan	0.00	0.00	7.01	81.55	88.94	0.00	42	0	42	0.00	0.00	62.60	7.93	0.00	0.00	2000
220	10.84	2053	2074	0.00	197	0	0	0	nan	0.00	0.01	6.34	81.89	89.16	0.00	42	0	43	0.00	0.00	65.99	8.26	0.00	0.00	2000
222	10.59	2070	2123	0.00	197	0	0	0	nan	0.00	2.13	4.36	84.17	89.41	0.00	42	0	42	0.00	0.00	65.78	8.50	0.00	0.00	2000
225	11.04	2060	2081	0.00	201	0	0	0	nan	0.02	1.08	5.28	82.03	88.96	0.00	42	0	42	0.00	0.00	66.15	8.35	0.00	0.00	2000
221	10.67	2057	2112	0.00	197	0	0	0	nan	0.00	0.00	7.57	82.45	89.33	0.00	41	0	42	0.00	0.00	65.31	8.56	0.00	0.00	2000
222	10.88	2042	2098	0.94	197	0	0	23	6.73	0.00	0.00	6.99	82.24	89.12	0.00	41	0	42	0.00	0.00	65.45	8.35	0.00	0.00	2000
222	10.72	2021	2154	0.63	195	0	0	0	nan	0.00	0.03	7.26	84.50	89.28	0.00	42	0	42	0.00	0.00	67.11	8.52	0.00	0.00	2000
223	11.04	2025	2091	0.00	195	0	0	0	nan	0.00	0.03	5.85	82.94	88.96	0.00	41	0	42	0.00	0.00	62.89	7.65	0.00	0.00	2000
226	11.11	2031	2105	0.00	196	0	0	0	nan	0.00	0.00	6.76	82.59	88.89	0.00	41	0	42	0.00	0.00	65.19	7.91	0.00	0.00	2000
218	10.81	2067	2046	0.00	200	0	0	0	nan	0.00	0.00	6.77	80.27	89.19	0.00	40	0	42	0.00	0.00	61.19	7.16	0.00	0.00	2000
221	11.06	2012	2085	0.00	215	0	0	0	nan	0.02	0.00	6.87	81.66	88.94	0.00	40	0	42	0.00	0.00	63.94	7.74	0.00	0.00	2000
212	10.70	1944	2143	0.00	198	0	0	0	nan	0.00	0.00	5.85	85.46	89.30	0.00	38	0	42	0.00	0.00	68.49	8.17	0.00	0.00	2000
122	8.38	1435	2126	0.00	223	0	0	0	nan	0.00	0.00	6.31	86.54	91.62	0.00	37	0	43	0.00	0.00	59.99	7.52	0.00	0.00	2000
103	7.92	1306	2100	0.00	224	0	0	0	nan	0.00	0.02	7.41	84.85	92.08	0.00	38	0	42	0.00	0.00	56.12	7.61	0.00	0.00	2000
86	7.67	1116	2104	0.00	145	0	0	0	nan	0.00	0.02	4.80	87.97	92.33	0.00	38	0	42	0.00	0.00	65.61	7.82	0.00	0.00	2000
