Avg_MHz	Busy%	Bzy_MHz	TSC_MHz	IPC	IRQ	NMI	SMI	LLCMRPS	LLC%hit	POLL%	C1%	C1E%	C6%	CPU%c1	CPU%c6	CoreTmp	CoreThr	PkgTmp	Pkg%pc2	Pkg%pc6	PkgWatt	RAMWatt	PKG_%	RAM_%	UncMHz
274	16.06	1836	1954	0.00	231	0	0	0	nan	0.00	0.01	21.04	57.02	83.94	0.00	37	0	42	0.00	0.00	53.08	6.63	0.00	0.00	2000
394	16.91	2099	2333	0.00	278	0	0	0	nan	0.04	1.23	16.51	74.83	83.09	0.00	37	0	43	0.00	0.00	80.08	9.07	0.00	0.00	2000
80	6.58	1207	2116	0.00	195	0	0	0	nan	0.00	0.00	7.75	86.42	93.42	0.00	37	0	42	0.00	0.00	61.48	7.72	0.00	0.00	2000
72	6.86	1056	2094	0.00	193	0	0	0	nan	0.00	0.02	2.86	89.93	93.14	0.00	37	0	42	0.00	0.00	60.66	7.65	0.00	0.00	2000
74	6.79	1082	2099	0.00	193	0	0	0	nan	0.00	0.00	2.94	90.26	93.21	0.00	37	0	43	0.00	0.00	56.05	7.65	0.00	0.00	2000
73	6.78	1073	2094	0.00	193	0	0	0	nan	0.00	0.00	2.66	90.34	93.22	0.00	37	0	43	0.00	0.00	58.77	7.63	0.00	0.00	2000
74	6.78	1080	2109	0.00	193	0	0	0	nan	0.00	0.00	2.82	90.92	93.22	0.00	37	0	42	0.00	0.00	58.43	7.51	0.00	0.00	2000
84	7.35	1159	2065	0.00	210	0	0	0	nan	0.00	0.00	7.41	83.73	92.65	0.00	37	0	43	0.00	0.00	56.55	7.09	0.00	0.00	2000
74	6.67	1087	2135	0.00	211	0	0	0	nan	0.00	0.00	3.17	91.68	93.33	0.00	37	0	42	0.00	0.00	61.92	7.90	0.00	0.00	2000
73	6.69	1087	2098	0.00	180	0	0	0	nan	0.00	0.01	4.60	88.68	93.31	0.00	37	0	43	0.00	0.00	58.60	7.47	0.00	0.00	2000
74	6.35	1168	2094	0.00	196	0	0	0	nan	0.00	0.02	2.98	90.35	93.65	0.00	37	0	42	0.00	0.00	56.90	7.28	0.00	0.00	2000
72	6.74	1059	2111	0.00	193	0	0	0	nan	0.00	0.02	2.45	91.39	93.26	0.00	37	0	42	0.00	0.00	59.63	7.74	0.00	0.00	2000
73	6.55	1111	2095	0.00	195	0	0	0	nan	0.00	0.02	2.28	90.95	93.45	0.00	37	0	42	0.00	0.00	58.28	7.53	0.00	0.00	2000
72	6.49	1117	2075	0.00	209	0	0	0	nan	0.00	0.00	2.91	89.41	93.51	0.00	37	0	42	0.00	0.00	57.26	7.28	0.00	0.00	2000
76	7.04	1072	2120	0.00	198	0	0	0	nan	0.00	0.05	4.27	89.53	92.96	0.00	37	0	42	0.00	0.00	59.86	7.67	0.00	0.00	2000
72	6.70	1073	2099	0.00	196	0	0	1	82.96	0.00	0.00	3.14	90.08	93.30	0.00	37	0	42	0.00	0.00	58.07	7.39	0.00	0.00	2000
74	6.87	1068	2109	0.08	197	0	0	1	88.39	0.00	0.00	2.88	90.75	93.13	0.00	37	0	42	0.00	0.00	58.00	7.40	0.00	0.00	2000
72	6.76	1063	2099	0.00	194	0	0	0	nan	0.00	0.03	3.30	89.98	93.24	0.00	37	0	42	0.00	0.00	59.92	7.81	0.00	0.00	2000
141	8.16	1730	2095	0.00	210	0	0	0	nan	0.02	2.04	4.02	85.66	91.84	0.00	38	0	42	0.00	0.00	62.13	7.51	0.00	0.00	2000
231	11.14	2064	2108	0.00	203	0	0	0	nan	0.00	0.00	5.33	84.08	88.86	0.00	39	0	43	0.00	0.00	62.17	7.45	0.00	0.00	2000
228	11.11	2064	2086	0.00	201	0	0	0	nan	0.00	0.00	2.92	85.53	88.89	0.00	40	0	43	0.00	0.00	64.63	7.30	0.00	0.00	2000
232	11.07	2088	2109	0.00	203	0	0	0	nan	0.01	0.00	3.26	86.14	88.93	0.00	40	0	42	0.00	0.00	64.99	7.61	0.00	0.00	2000
228	11.01	2110	2064	0.00	207	0	0	0	nan	0.00	0.00	4.18	83.32	88.99	0.00	39	0	43	0.00	0.00	61.80	7.25	0.00	0.00	2000
233	11.24	2045	2129	0.00	232	0	0	0	nan	0.00	0.02	6.17	83.92	88.76	0.00	39	0	42	0.00	0.00	71.97	8.47	0.00	0.00	2000
233	11.00	2109	2111	0.00	197	0	0	0	nan	0.00	0.00	5.66	83.84	89.00	0.00	39	0	42	0.00	0.00	65.77	7.89	0.00	0.00	2000
233	10.85	2143	2100	0.00	181	0	0	0	nan	0.00	0.00	5.51	83.68	89.15	0.00	37	0	43	0.00	0.00	64.69	7.73	0.00	0.00	2000
232	11.00	2129	2082	0.00	200	0	0	0	nan	0.00	0.00	5.65	82.68	89.00	0.00	37	0	43	0.00	0.00	66.53	7.73	0.00	0.00	2000
226	10.95	2106	2062	0.00	199	0	0	0	nan	0.00	0.02	4.76	82.70	89.05	0.00	37	0	42	0.00	0.00	62.42	7.48	0.00	0.00	2000
234	11.10	2052	2160	0.00	214	0	0	0	nan	0.00	0.98	4.96	85.63	88.90	0.00	38	0	42	0.00	0.00	68.88	8.08	0.00	0.00	2000
227	11.16	2062	2069	0.00	197	0	0	0	nan	0.00	0.96	4.86	81.86	88.84	0.00	38	0	42	0.00	0.00	63.09	7.48	0.00	0.00	2000
236	10.84	2140	2137	0.00	213	0	0	0	nan	0.01	0.01	3.46	87.24	89.16	0.00	38	0	42	0.00	0.00	68.49	7.77	0.00	0.00	2000
228	11.13	2060	2090	0.00	203	0	0	0	nan	0.00	0.00	6.64	81.95	88.87	0.00	39	0	42	0.00	0.00	65.24	7.41	0.00	0.00	2000
228	11.10	2061	2090	0.10	196	0	0	6	78.15	0.00	0.00	5.60	83.02	88.90	0.00	39	0	42	0.00	0.00	63.43	7.24	0.00	0.00	2000
230	10.83	2123	2104	0.70	195	0	0	7	86.05	0.00	0.01	4.18	85.22	89.17	0.00	39	0	42	0.00	0.00	65.38	7.58	0.00	0.00	2000
233	11.17	2104	2080	0.00	199	0	0	0	nan	0.00	0.01	4.21	83.88	88.83	0.00	38	0	42	0.00	0.00	64.70	7.57	0.00	0.00	2000
237	10.76	2159	2140	0.00	217	0	0	0	nan	0.00	0.00	6.84	84.19	89.24	0.00	38	0	43	0.00	0.00	67.94	7.82	0.00	0.00	2000
232	10.83	2143	2096	0.00	198	0	0	0	nan	0.00	0.01	6.03	83.07	89.17	0.00	39	0	42	0.00	0.00	63.62	7.49	0.00	0.00	2000
227	10.92	2100	2082	0.00	186	0	0	0	nan	0.00	0.06	4.40	83.98	89.08	0.00	39	0	42	0.00	0.00	65.60	7.63	0.00	0.00	2000
233	11.26	2077	2093	0.00	199	0	0	0	nan	0.00	0.00	3.17	85.36	88.74	0.00	39	0	42	0.00	0.00	62.71	7.13	0.00	0.00	2000
229	10.88	2082	2124	0.00	230	0	0	0	nan	0.00	0.52	6.18	83.57	89.12	0.00	39	0	42	0.00	0.00	68.95	8.00	0.00	0.00	2000
235	11.15	2115	2089	0.00	198	0	0	0	nan	0.00	0.00	4.18	84.25	88.85	0.00	38	0	42	0.00	0.00	64.52	7.46	0.00	0.00	2000
230	10.84	2121	2103	0.00	201	0	0	0	nan	0.00	0.00	6.83	82.58	89.16	0.00	39	0	42	0.00	0.00	65.56	7.75	0.00	0.00	2000
230	11.31	2036	2096	0.00	198	0	0	0	nan	0.00	0.00	6.13	82.43	88.69	0.00	39	0	42	0.00	0.00	65.18	7.57	0.00	0.00	2000
233	11.38	2034	2115	0.00	198	0	0	0	nan	0.00	0.00	4.91	84.41	88.62	0.00	39	0	42	0.00	0.00	66.23	7.79	0.00	0.00	2000
229	11.26	2042	2094	0.00	197	0	0	0	nan	0.01	0.00	5.74	82.87	88.74	0.00	39	0	42	0.00	0.00	64.45	7.56	0.00	0.00	2000
229	11.00	2076	2103	0.00	197	0	0	0	nan	0.00	0.00	5.53	83.64	89.00	0.00	39	0	42	0.00	0.00	66.29	7.46	0.00	0.00	2000
239	11.24	2124	2099	0.00	201	0	0	0	nan	0.00	0.00	8.17	80.63	88.76	0.00	38	0	42	0.00	0.00	63.14	7.42	0.00	0.00	2000
225	10.81	2085	2097	0.00	181	0	0	0	nan	0.00	0.00	6.60	82.56	89.19	0.00	39	0	42	0.00	0.00	65.31	7.73	0.00	0.00	2000
223	10.81	2059	2101	0.00	198	0	0	0	nan	0.00	0.02	6.23	83.13	89.19	0.00	39	0	42	0.00	0.00	65.39	7.70	0.00	0.00	2000
224	10.84	2057	2104	0.00	194	0	0	4	84.47	0.00	0.00	6.72	82.73	89.16	0.00	39	0	42	0.00	0.00	62.82	7.41	0.00	0.00	2000
223	10.79	2063	2101	0.94	196	0	0	9	80.82	0.00	0.03	5.70	83.60	89.21	0.00	40	0	42	0.00	0.00	65.14	7.75	0.00	0.00	2000
225	10.78	2093	2096	0.00	196	0	0	0	nan	0.00	0.00	6.64	82.48	89.22	0.00	40	0	42	0.00	0.00	64.93	7.79	0.00	0.00	2000
222	10.74	2067	2103	0.00	201	0	0	0	nan	0.00	0.00	6.21	83.17	89.26	0.00	40	0	42	0.00	0.00	64.26	7.55	0.00	0.00	2000
222	10.89	2033	2101	0.00	197	0	0	0	nan	0.00	0.00	6.49	82.78	89.11	0.00	40	0	42	0.00	0.00	63.24	7.38	0.00	0.00	2000
222	10.76	2067	2099	0.00	197	0	0	0	nan	0.00	2.09	4.15	83.14	89.24	0.00	41	0	42	0.00	0.00	65.20	7.85	0.00	0.00	2000
222	10.95	2031	2100	0.00	197	0	0	0	nan	0.03	0.02	3.39	85.81	89.05	0.00	40	0	42	0.00	0.00	63.55	7.65	0.00	0.00	2000
222	11.00	2020	2100	0.00	199	0	0	0	nan	0.00	0.00	4.96	84.13	89.00	0.00	41	0	42	0.00	0.00	65.05	7.71	0.00	0.00	2000
227	11.11	2039	2103	0.00	183	0	0	0	nan	0.00	0.40	8.20	80.62	88.89	0.00	40	0	42	0.00	0.00	63.44	7.67	0.00	0.00	2000
222	10.54	2111	2095	0.00	196	0	0	0	nan	0.00	1.06	8.25	80.09	89.46	0.00	41	0	42	0.00	0.00	62.75	7.64	0.00	0.00	2000
228	11.09	2054	2104	0.00	198	0	0	0	nan	0.00	0.00	8.75	80.45	88.91	0.00	41	0	42	0.00	0.00	68.32	7.72	0.00	0.00	2000
224	10.89	2056	2098	0.00	198	0	0	0	nan	0.04	0.02	7.11	82.00	89.11	0.00	41	0	42	0.00	0.00	64.58	7.80	0.00	0.00	2000
222	10.92	2031	2102	0.00	198	0	0	0	nan	0.00	0.00	4.91	84.42	89.08	0.00	41	0	42	0.00	0.00	62.91	7.49	0.00	0.00	2000
224	11.01	2041	2095	0.00	195	0	0	0	nan	0.01	0.01	6.21	82.72	88.99	0.00	40	0	42	0.00	0.00	64.69	7.74	0.00	0.00	2000
222	10.82	2046	2107	0.00	182	0	0	0	nan	0.00	0.01	6.21	83.27	89.18	0.00	41	0	42	0.00	0.00	63.09	7.57	0.00	0.00	2000
222	10.79	2061	2097	0.00	214	0	0	0	nan	0.00	0.00	7.76	81.45	89.21	0.00	41	0	42	0.00	0.00	65.67	7.96	0.00	0.00	2000
224	10.59	2112	2099	0.00	196	0	0	0	nan	0.00	0.02	5.92	83.49	89.41	0.00	41	0	42	0.00	0.00	62.22	7.51	0.00	0.00	2000
222	10.74	2069	2101	0.00	196	0	0	0	nan	0.00	0.00	6.69	82.68	89.26	0.00	40	0	42	0.00	0.00	65.69	7.91	0.00	0.00	2000
226	10.80	2101	2094	0.73	182	0	0	12	82.69	0.00	0.00	7.18	81.86	89.20	0.00	41	0	42	0.00	0.00	65.25	7.82	0.00	0.00	2000
224	10.82	2070	2104	0.24	216	0	0	0	nan	0.00	0.10	3.22	86.23	89.18	0.00	41	0	43	0.00	0.00	64.27	7.69	0.00	0.00	2000
221	10.79	2051	2101	0.00	197	0	0	0	nan	0.01	0.03	3.52	85.77	89.21	0.00	41	0	42	0.00	0.00	62.22	7.35	0.00	0.00	2000
222	10.83	2059	2094	0.00	198	0	0	0	nan	0.00	0.00	7.05	81.96	89.17	0.00	41	0	42	0.00	0.00	64.19	7.65	0.00	0.00	2000
221	10.80	2042	2104	0.00	195	0	0	0	nan	0.00	0.00	6.81	82.68	89.20	0.00	41	0	42	0.00	0.00	64.47	7.62	0.00	0.00	2000
225	10.96	2050	2099	0.00	197	0	0	0	nan	0.00	0.00	5.19	83.91	89.04	0.00	41	0	43	0.00	0.00	65.45	7.89	0.00	0.00	2000
224	10.95	2046	2101	0.00	200	0	0	0	nan	0.04	0.00	6.55	82.65	89.05	0.00	41	0	43	0.00	0.00	63.30	7.43	0.00	0.00	2000
222	10.72	2069	2103	0.00	199	0	0	0	nan	0.00	0.00	7.30	82.27	89.28	0.00	41	0	42	0.00	0.00	66.21	7.95	0.00	0.00	2000
222	10.62	2085	2102	0.00	198	0	0	0	nan	0.00	0.00	4.59	84.90	89.38	0.00	41	0	42	0.00	0.00	63.13	7.34	0.00	0.00	2000
222	10.73	2076	2092	0.00	199	0	0	0	nan	0.00	0.00	4.53	84.53	89.27	0.00	41	0	42	0.00	0.00	64.03	7.61	0.00	0.00	2000
223	10.93	2037	2104	0.00	197	0	0	0	nan	0.00	0.00	6.45	82.92	89.07	0.00	41	0	42	0.00	0.00	65.66	7.68	0.00	0.00	2000
221	11.40	2083	1954	0.00	204	0	0	0	nan	0.00	0.00	6.61	75.96	88.60	0.00	40	0	42	0.00	0.00	58.47	7.00	0.00	0.00	2000
226	10.34	2034	2260	0.00	198	0	0	0	nan	0.00	0.00	7.19	89.30	89.66	0.00	41	0	42	0.00	0.00	71.40	8.57	0.00	0.00	2000
221	10.78	2049	2097	0.00	213	0	0	0	nan	0.00	0.02	4.52	84.69	89.22	0.00	41	0	43	0.00	0.00	61.92	7.35	0.00	0.00	2000
222	10.91	2034	2102	0.00	196	0	0	0	nan	0.00	0.00	6.77	82.50	89.09	0.00	41	0	43	0.00	0.00	65.26	7.75	0.00	0.00	2000
225	10.70	2104	2099	0.00	196	0	0	0	nan	0.00	0.58	3.36	85.52	89.30	0.00	41	0	42	0.00	0.00	65.35	7.66	0.00	0.00	2000
223	10.90	2045	2096	0.00	202	0	0	0	nan	0.00	0.01	4.88	84.15	89.10	0.00	41	0	42	0.00	0.00	62.76	7.58	0.00	0.00	2000
222	11.06	2007	2102	0.65	196	0	0	11	83.20	0.00	0.00	6.79	82.34	88.94	0.00	41	0	42	0.00	0.00	64.41	7.39	0.00	0.00	2000
213	11.41	2089	1881	0.32	184	0	0	0	nan	0.00	0.01	5.13	74.24	88.59	0.00	39	0	43	0.00	0.00	55.15	6.55	0.00	0.00	2000
243	10.77	2020	2344	0.00	248	0	0	0	nan	0.00	0.00	8.54	91.13	89.23	0.00	40	0	42	0.00	0.00	75.77	9.05	0.00	0.00	2000
232	11.21	2056	2116	0.00	180	0	0	0	nan	0.00	0.00	3.73	85.75	88.79	0.00	41	0	43	0.00	0.00	66.52	7.98	0.00	0.00	2000
232	11.24	2059	2104	0.00	195	0	0	0	nan	0.00	0.02	3.49	85.54	88.76	0.00	41	0	42	0.00	0.00	63.61	7.54	0.00	0.00	2000
229	11.16	2057	2096	0.00	196	0	0	0	nan	0.00	0.01	3.09	85.69	88.84	0.00	41	0	42	0.00	0.00	65.40	7.76	0.00	0.00	2000
230	11.37	2023	2102	0.00	194	0	0	0	nan	0.00	0.00	3.48	85.35	88.63	0.00	41	0	42	0.00	0.00	62.87	7.50	0.00	0.00	2000
230	11.02	2089	2094	0.00	194	0	0	0	nan	0.00	0.00	3.35	85.44	88.98	0.00	41	0	42	0.00	0.00	65.03	7.84	0.00	0.00	2000
232	11.33	2041	2103	0.00	198	0	0	0	nan	0.00	0.00	3.54	85.41	88.67	0.00	41	0	42	0.00	0.00	66.00	7.91	0.00	0.00	2000
233	11.03	2108	2103	0.00	180	0	0	0	nan	0.00	0.01	3.40	85.76	88.97	0.00	41	0	42	0.00	0.00	64.25	7.61	0.00	0.00	2000
230	11.20	2059	2098	0.00	195	0	0	0	nan	0.00	0.00	2.90	85.90	88.80	0.00	41	0	42	0.00	0.00	65.24	7.68	0.00	0.00	2000
227	11.25	2035	2086	0.00	194	0	0	0	nan	0.01	0.00	2.65	85.64	88.75	0.00	42	0	43	0.00	0.00	64.60	7.56	0.00	0.00	2000
230	11.10	2060	2116	0.00	195	0	0	0	nan	0.00	0.00	2.53	87.09	88.90	0.00	41	0	42	0.00	0.00	66.07	7.88	0.00	0.00	2000
230	11.27	2039	2099	0.00	195	0	0	0	nan	0.00	0.00	2.79	86.06	88.73	0.00	41	0	42	0.00	0.00	63.50	7.51	0.00	0.00	2000
233	11.55	2024	2097	0.00	182	0	0	0	nan	0.00	0.02	3.97	84.43	88.45	0.00	41	0	42	0.00	0.00	63.58	7.49	0.00	0.00	2000
231	11.09	2075	2107	0.00	197	0	0	0	nan	0.00	0.00	4.36	84.85	88.91	0.00	41	0	42	0.00	0.00	67.09	7.88	0.00	0.00	2000
230	11.05	2086	2099	0.00	196	0	0	0	nan	0.00	0.00	3.33	85.70	88.95	0.00	41	0	42	0.00	0.00	63.19	7.69	0.00	0.00	2000
229	11.03	2079	2099	0.43	195	0	0	11	81.72	0.00	0.00	3.27	85.74	88.97	0.00	42	0	42	0.00	0.00	63.55	7.62	0.00	0.00	2000
233	11.14	2092	2097	0.62	196	0	0	3	86.26	0.00	0.01	3.46	85.26	88.86	0.00	42	0	43	0.00	0.00	65.69	7.74	0.00	0.00	2000
229	11.04	2074	2098	0.00	178	0	0	0	nan	0.00	0.00	3.25	85.67	88.96	0.00	41	0	42	0.00	0.00	62.75	7.51	0.00	0.00	2000
233	11.42	2032	2108	0.00	196	0	0	0	nan	0.00	0.04	3.35	85.53	88.58	0.00	41	0	42	0.00	0.00	65.56	7.72	0.00	0.00	2000
230	11.01	2088	2100	0.00	194	0	0	0	nan	0.00	0.00	3.65	85.48	88.99	0.00	41	0	42	0.00	0.00	66.66	7.72	0.00	0.00	2000
231	10.82	2138	2094	0.00	196	0	0	0	nan	0.00	0.01	2.50	86.47	89.18	0.00	41	0	42	0.00	0.00	64.51	7.65	0.00	0.00	2000
229	10.93	2098	2100	0.00	194	0	0	0	nan	0.00	0.02	2.77	86.33	89.07	0.00	41	0	43	0.00	0.00	65.68	7.64	0.00	0.00	2000
231	11.24	2049	2103	0.00	195	0	0	0	nan	0.00	0.02	2.64	86.33	88.76	0.00	41	0	42	0.00	0.00	63.66	7.60	0.00	0.00	2000
229	11.21	2048	2095	0.00	179	0	0	0	nan	0.00	0.00	3.50	85.12	88.79	0.00	41	0	42	0.00	0.00	63.63	7.65	0.00	0.00	2000
233	11.36	2046	2107	0.00	196	0	0	0	nan	0.00	0.00	3.61	85.48	88.64	0.00	41	0	42	0.00	0.00	66.79	8.04	0.00	0.00	2000
229	11.05	2085	2092	0.00	195	0	0	0	nan	0.00	0.01	3.49	85.20	88.95	0.00	41	0	42	0.00	0.00	63.93	7.61	0.00	0.00	2000
232	11.30	2074	2076	0.00	194	0	0	0	nan	0.00	0.00	3.52	84.27	88.70	0.00	41	0	42	0.00	0.00	62.58	7.43	0.00	0.00	2000
229	11.01	2055	2127	0.00	179	0	0	0	nan	0.00	0.00	4.81	85.40	88.99	0.00	41	0	42	0.00	0.00	66.07	7.77	0.00	0.00	2000
229	11.13	2062	2100	0.00	195	0	0	0	nan	0.00	0.01	2.67	86.24	88.88	0.00	41	0	42	0.00	0.00	64.87	7.77	0.00	0.00	2000
230	10.99	2092	2100	0.00	196	0	0	0	nan	0.00	0.00	3.37	85.66	89.01	0.00	41	0	42	0.00	0.00	65.99	7.78	0.00	0.00	2000
231	11.20	2119	2048	0.00	195	0	0	0	nan	0.00	0.06	3.72	83.01	88.80	0.00	42	0	42	0.00	0.00	62.51	7.34	0.00	0.00	2000
229	11.08	2016	2154	0.00	194	0	0	0	nan	0.00	0.00	3.75	87.57	88.92	0.00	41	0	42	0.00	0.00	65.52	7.66	0.00	0.00	2000
230	10.89	2110	2099	0.00	195	0	0	5	83.84	0.00	0.02	2.29	86.82	89.11	0.00	41	0	42	0.00	0.00	65.30	7.68	0.00	0.00	2000
232	11.22	2071	2101	0.94	198	0	0	9	81.70	0.00	0.00	4.24	84.57	88.78	0.00	41	0	42	0.00	0.00	66.08	7.93	0.00	0.00	2000
232	11.32	2044	2104	0.00	196	0	0	0	nan	0.00	0.00	3.24	85.66	88.68	0.00	42	0	42	0.00	0.00	65.50	7.84	0.00	0.00	2000
231	11.42	2022	2102	0.00	195	0	0	0	nan	0.00	0.04	3.14	85.62	88.58	0.00	41	0	42	0.00	0.00	64.01	7.70	0.00	0.00	2000
230	11.04	2094	2090	0.00	195	0	0	0	nan	0.00	0.00	2.87	85.84	88.96	0.00	42	0	42	0.00	0.00	65.87	7.71	0.00	0.00	2000
228	11.22	2042	2089	0.00	179	0	0	0	nan	0.00	0.00	4.32	84.11	88.78	0.00	42	0	42	0.00	0.00	63.51	8.38	0.00	0.00	2000
230	11.18	2055	2098	0.00	195	0	0	0	nan	0.00	0.00	3.98	84.80	88.82	0.00	42	0	42	0.00	0.00	66.59	8.78	0.00	0.00	2000
227	11.17	2054	2082	0.00	195	0	0	0	nan	0.00	0.01	4.37	83.74	88.83	0.00	42	0	42	0.00	0.00	66.08	8.74	0.00	0.00	2000
229	11.04	2067	2107	0.00	194	0	0	0	nan	0.00	0.00	4.56	84.82	88.96	0.00	42	0	42	0.00	0.00	66.54	8.84	0.00	0.00	2000
230	11.10	2073	2100	0.00	196	0	0	0	nan	0.00	0.04	5.35	83.66	88.90	0.00	42	0	43	0.00	0.00	66.38	8.76	0.00	0.00	2000
229	10.84	2114	2101	0.00	195	0	0	0	nan	0.00	0.00	4.61	84.59	89.16	0.00	42	0	42	0.00	0.00	66.97	8.72	0.00	0.00	2000
227	11.04	2043	2117	0.00	194	0	0	0	nan	0.00	0.02	4.56	85.18	88.96	0.00	42	0	42	0.00	0.00	66.55	8.87	0.00	0.00	2000
228	10.98	2094	2084	0.00	194	0	0	0	nan	0.00	0.00	3.35	85.08	89.02	0.00	42	0	42	0.00	0.00	66.31	8.67	0.00	0.00	2000
227	10.83	2091	2110	0.00	195	0	0	0	nan	0.00	0.02	4.88	84.83	89.17	0.00	41	0	42	0.00	0.00	66.40	8.76	0.00	0.00	2000
230	11.11	2082	2090	0.00	196	0	0	0	nan	0.00	0.01	3.99	84.54	88.89	0.00	42	0	42	0.00	0.00	66.35	8.68	0.00	0.00	2000
227	11.07	2057	2097	0.00	195	0	0	0	nan	0.00	0.02	4.92	83.95	88.93	0.00	42	0	43	0.00	0.00	66.78	8.87	0.00	0.00	2000
229	11.28	2026	2103	0.00	195	0	0	0	nan	0.00	0.00	5.07	83.88	88.72	0.00	42	0	43	0.00	0.00	66.50	8.71	0.00	0.00	2000
226	11.03	2036	2116	0.00	194	0	0	0	95.11	0.00	0.01	4.93	84.80	88.97	0.00	42	0	42	0.00	0.00	66.40	8.77	0.00	0.00	2000
230	11.17	2080	2083	1.65	195	0	0	49	4.52	0.00	0.00	4.09	84.12	88.83	0.00	42	0	42	0.00	0.00	66.52	8.60	0.00	0.00	2000
229	11.22	2052	2088	0.02	196	0	0	0	nan	0.00	0.02	4.78	83.59	88.79	0.00	42	0	42	0.00	0.00	66.61	8.60	0.00	0.00	2000
229	10.85	2074	2135	0.00	194	0	0	0	nan	0.00	0.00	4.65	86.16	89.15	0.00	42	0	42	0.00	0.00	66.43	8.51	0.00	0.00	2000
230	10.91	2141	2065	0.00	198	0	0	0	nan	0.00	0.02	4.34	83.33	89.09	0.00	42	0	42	0.00	0.00	66.31	8.62	0.00	0.00	2000
230	11.15	2057	2111	0.00	197	0	0	0	nan	0.00	0.00	5.10	84.26	88.85	0.00	42	0	42	0.00	0.00	66.74	8.83	0.00	0.00	2000
227	11.08	2050	2100	0.00	194	0	0	0	nan	0.00	0.01	4.61	84.33	88.92	0.00	42	0	42	0.00	0.00	67.12	8.72	0.00	0.00	2000
231	11.32	2032	2109	0.00	196	0	0	0	nan	0.00	0.00	4.31	84.86	88.68	0.00	42	0	42	0.00	0.00	66.23	8.68	0.00	0.00	2000
233	11.19	2084	2093	0.00	196	0	0	0	nan	0.00	0.02	4.45	84.20	88.81	0.00	41	0	43	0.00	0.00	66.96	8.76	0.00	0.00	2000
229	11.37	2019	2098	0.00	196	0	0	0	nan	0.00	0.00	4.57	84.04	88.63	0.00	41	0	43	0.00	0.00	66.46	8.55	0.00	0.00	2000
227	11.27	2028	2090	0.00	195	0	0	0	nan	0.00	0.02	4.58	83.85	88.73	0.00	42	0	42	0.00	0.00	63.14	8.30	0.00	0.00	2000
229	10.98	2077	2111	0.00	195	0	0	0	nan	0.00	0.00	4.60	84.97	89.02	0.00	42	0	42	0.00	0.00	69.49	9.11	0.00	0.00	2000
227	11.07	2031	2120	0.00	194	0	0	0	nan	0.00	0.02	4.58	85.32	88.93	0.00	42	0	42	0.00	0.00	66.58	8.64	0.00	0.00	2000
230	11.43	2037	2079	0.00	196	0	0	0	nan	0.00	0.03	3.71	84.06	88.57	0.00	42	0	42	0.00	0.00	66.10	8.77	0.00	0.00	2000
228	11.06	2045	2119	0.00	195	0	0	0	nan	0.00	0.01	4.56	85.33	88.94	0.00	42	0	42	0.00	0.00	66.80	8.66	0.00	0.00	2000
229	11.02	2071	2102	0.00	195	0	0	0	nan	0.00	0.00	3.62	85.57	88.98	0.00	42	0	42	0.00	0.00	66.59	8.63	0.00	0.00	2000
228	11.15	2066	2080	0.00	195	0	0	0	nan	0.00	0.03	3.87	84.28	88.85	0.00	42	0	42	0.00	0.00	66.46	8.74	0.00	0.00	2000
230	10.97	2074	2118	0.00	195	0	0	0	nan	0.00	0.00	4.55	85.35	89.03	0.00	41	0	42	0.00	0.00	66.78	8.58	0.00	0.00	2000
231	11.15	2094	2075	1.24	195	0	0	48	2.75	0.00	0.01	3.54	84.30	88.85	0.00	42	0	42	0.00	0.00	63.79	8.26	0.00	0.00	2000
229	10.84	2094	2121	0.43	197	0	0	0	nan	0.00	0.00	4.06	86.02	89.16	0.00	42	0	42	0.00	0.00	69.63	9.08	0.00	0.00	2000
227	11.01	2082	2077	0.00	194	0	0	0	nan	0.00	0.01	3.90	84.16	88.99	0.00	42	0	42	0.00	0.00	63.45	8.28	0.00	0.00	2000
229	10.95	2066	2124	0.00	195	0	0	0	nan	0.00	0.00	4.47	85.65	89.05	0.00	42	0	42	0.00	0.00	69.75	9.15	0.00	0.00	2000
228	11.21	2056	2075	0.00	196	0	0	0	nan	0.00	0.02	4.26	83.52	88.79	0.00	42	0	42	0.00	0.00	63.56	8.32	0.00	0.00	2000
231	11.07	2082	2108	0.00	195	0	0	0	nan	0.00	0.00	4.92	84.39	88.93	0.00	42	0	42	0.00	0.00	66.76	8.83	0.00	0.00	2000
227	11.03	2055	2100	0.00	194	0	0	0	nan	0.00	0.01	4.65	84.43	88.97	0.00	42	0	42	0.00	0.00	66.93	8.70	0.00	0.00	2000
231	11.14	2069	2104	0.00	198	0	0	0	nan	0.00	0.00	6.03	82.98	88.86	0.00	42	0	42	0.00	0.00	66.86	8.84	0.00	0.00	2000
228	10.95	2064	2116	0.00	197	0	0	0	nan	0.00	0.01	4.97	84.90	89.05	0.00	42	0	42	0.00	0.00	69.37	9.23	0.00	0.00	2000
229	11.08	2083	2080	0.00	195	0	0	0	nan	0.00	0.00	3.60	84.53	88.92	0.00	42	0	42	0.00	0.00	63.72	8.23	0.00	0.00	2000
230	11.06	2085	2090	0.00	196	0	0	0	nan	0.00	0.02	4.89	83.72	88.94	0.00	42	0	42	0.00	0.00	66.56	8.77	0.00	0.00	2000
229	11.04	2068	2105	0.00	195	0	0	0	nan	0.00	0.00	4.62	84.72	88.96	0.00	42	0	42	0.00	0.00	66.33	8.80	0.00	0.00	2000
228	10.92	2066	2120	0.00	195	0	0	0	nan	0.00	0.00	4.82	85.23	89.08	0.00	42	0	42	0.00	0.00	69.65	9.22	0.00	0.00	2000
229	11.02	2078	2102	0.00	195	0	0	0	nan	0.00	0.00	3.50	85.66	88.98	0.00	42	0	42	0.00	0.00	66.77	8.88	0.00	0.00	2000
228	11.26	2050	2076	0.00	194	0	0	0	nan	0.00	0.02	4.04	83.65	88.74	0.00	42	0	42	0.00	0.00	63.62	8.38	0.00	0.00	2000
232	11.31	2016	2134	0.00	194	0	0	0	nan	0.00	0.00	4.36	85.86	88.69	0.00	42	0	42	0.00	0.00	69.25	9.33	0.00	0.00	2000
231	11.19	2063	2100	0.00	197	0	0	0	nan	0.00	0.00	4.04	84.88	88.81	0.00	42	0	43	0.00	0.00	66.27	8.36	0.00	0.00	2000
229	11.11	2052	2108	0.62	195	0	0	2	85.25	0.00	0.00	3.05	86.35	88.89	0.00	42	0	42	0.00	0.00	63.46	7.55	0.00	0.00	2000
227	10.98	2075	2097	0.68	193	0	0	1	90.33	0.00	0.00	3.62	85.33	89.02	0.00	42	0	42	0.00	0.00	63.12	7.38	0.00	0.00	2000
236	11.50	2051	2101	0.00	195	0	0	0	nan	0.00	0.00	3.62	84.89	88.50	0.00	41	0	42	0.00	0.00	65.48	7.60	0.00	0.00	2000
225	10.94	2148	2013	0.00	196	0	0	0	nan	0.00	0.01	3.73	81.69	89.06	0.00	41	0	43	0.00	0.00	61.44	7.07	0.00	0.00	2000
234	11.07	2039	2176	0.00	195	0	0	0	nan	0.00	0.00	2.94	89.23	88.93	0.00	41	0	42	0.00	0.00	67.27	7.91	0.00	0.00	2000
228	11.12	2056	2099	0.00	195	0	0	0	nan	0.00	0.02	4.22	84.66	88.88	0.00	41	0	42	0.00	0.00	65.05	7.66	0.00	0.00	2000
231	11.25	2049	2107	0.00	213	0	0	0	nan	0.00	0.00	4.47	84.66	88.75	0.00	41	0	42	0.00	0.00	64.32	7.82	0.00	0.00	2000
235	11.49	2056	2093	0.00	198	0	0	0	nan	0.00	0.00	7.74	80.59	88.51	0.00	41	0	43	0.00	0.00	64.66	7.76	0.00	0.00	2000
220	10.79	2040	2100	0.00	213	0	0	0	nan	0.00	0.01	3.66	85.61	89.21	0.00	39	0	42	0.00	0.00	66.12	7.93	0.00	0.00	2000
186	9.90	1879	2097	0.00	258	0	0	0	nan	0.00	0.00	8.73	81.26	90.10	0.00	38	0	42	0.00	0.00	62.94	7.78	0.00	0.00	2000
77	6.58	1167	2116	0.00	196	0	0	0	nan	0.00	0.01	5.16	88.92	93.42	0.00	38	0	42	0.00	0.00	59.31	7.61	0.00	0.00	2000
76	6.83	1124	2071	0.00	194	0	0	0	nan	0.00	0.01	4.02	87.92	93.17	0.00	38	0	42	0.00	0.00	56.53	7.22	0.00	0.00	2000
