Avg_MHz	Busy%	Bzy_MHz	TSC_MHz	IPC	IRQ	NMI	SMI	LLCMRPS	LLC%hit	POLL%	C1%	C1E%	C6%	CPU%c1	CPU%c6	CoreTmp	CoreThr	PkgTmp	Pkg%pc2	Pkg%pc6	PkgWatt	RAMWatt	PKG_%	RAM_%	UncMHz
325	16.05	1996	2131	0.00	225	0	0	0	nan	0.00	0.39	31.53	53.34	83.95	0.00	37	0	42	0.00	0.00	67.42	7.84	0.00	0.00	2000
340	15.17	2205	2137	0.00	210	0	0	0	nan	0.04	1.77	27.81	56.88	84.83	0.00	37	0	42	0.00	0.00	70.70	7.90	0.00	0.00	2000
80	7.10	1145	2079	0.00	212	0	0	0	nan	0.00	0.00	8.41	83.76	92.90	0.00	37	0	42	0.00	0.00	57.45	7.21	0.00	0.00	2000
74	6.46	1145	2109	0.00	193	0	0	0	nan	0.00	0.01	2.15	91.78	93.54	0.00	37	0	42	0.00	0.00	59.14	7.49	0.00	0.00	2000
74	6.58	1116	2103	0.00	193	0	0	0	nan	0.00	0.00	2.23	91.38	93.42	0.00	37	0	42	0.00	0.00	59.04	7.21	0.00	0.00	2000
71	6.52	1104	2084	0.00	194	0	0	0	nan	0.00	0.00	2.35	90.34	93.48	0.00	37	0	42	0.00	0.00	58.39	7.47	0.00	0.00	2000
73	6.71	1075	2128	0.00	209	0	0	0	nan	0.00	0.00	3.00	91.45	93.29	0.00	37	0	42	0.00	0.00	58.64	7.28	0.00	0.00	2000
72	6.53	1105	2106	0.00	194	0	0	0	nan	0.00	0.01	3.14	90.58	93.47	0.00	37	0	42	0.00	0.00	58.95	7.42	0.00	0.00	2000
73	6.44	1129	2098	0.00	193	0	0	0	nan	0.00	0.00	3.44	90.04	93.56	0.00	37	0	42	0.00	0.00	60.32	7.65	0.00	0.00	2000
71	6.78	1060	2081	0.00	193	0	0	0	nan	0.00	0.00	3.49	88.95	93.22	0.00	37	0	42	0.00	0.00	59.45	7.42	0.00	0.00	2000
73	6.84	1056	2110	0.00	194	0	0	0	nan	0.00	0.00	2.23	91.45	93.16	0.00	37	0	42	0.00	0.00	57.53	7.56	0.00	0.00	2000
72	6.33	1144	2076	0.00	195	0	0	0	nan	0.00	0.02	2.87	89.66	93.67	0.00	37	0	42	0.00	0.00	57.71	7.49	0.00	0.00	2000
74	6.32	1150	2142	0.00	209	0	0	0	nan	0.00	0.00	4.26	91.13	93.68	0.00	37	0	42	0.00	0.00	60.43	7.71	0.00	0.00	2000
72	6.35	1145	2092	0.00	194	0	0	0	nan	0.00	0.00	2.59	90.66	93.65	0.00	37	0	42	0.00	0.00	58.23	7.44	0.00	0.00	2000
73	6.55	1115	2096	0.00	177	0	0	0	nan	0.00	0.01	2.84	90.48	93.45	0.00	37	0	42	0.00	0.00	58.79	7.37	0.00	0.00	2000
72	6.26	1156	2094	0.00	196	0	0	1	88.46	0.00	0.00	3.06	90.27	93.74	0.00	37	0	42	0.00	0.00	60.02	7.72	0.00	0.00	2000
79	6.70	1189	2085	0.27	196	0	0	2	88.23	0.00	0.05	3.60	88.95	93.30	0.00	37	0	42	0.00	0.00	57.68	7.22	0.00	0.00	2000
70	6.56	1071	2097	0.00	209	0	0	0	nan	0.00	0.03	4.88	88.39	93.44	0.00	37	0	42	0.00	0.00	58.89	7.56	0.00	0.00	2000
198	10.34	1916	2104	0.00	205	0	0	0	nan	0.00	0.70	5.41	83.81	89.66	0.00	38	0	42	0.00	0.00	62.76	7.33	0.00	0.00	2000
235	11.05	2095	2130	0.00	218	0	0	0	nan	0.00	0.08	5.50	84.66	88.95	0.00	39	0	42	0.00	0.00	70.18	7.82	0.00	0.00	2000
228	11.07	2073	2090	0.00	198	0	0	0	nan	0.00	0.00	5.37	83.23	88.93	0.00	39	0	42	0.00	0.00	61.62	7.03	0.00	0.00	2000
231	11.08	2077	2109	0.00	200	0	0	0	nan	0.01	0.00	5.68	83.71	88.92	0.00	40	0	42	0.00	0.00	68.22	7.66	0.00	0.00	2000
235	11.19	2097	2100	0.00	198	0	0	0	nan	0.00	0.04	5.41	83.47	88.81	0.00	37	0	42	0.00	0.00	63.95	7.51	0.00	0.00	2000
227	11.03	2093	2061	0.00	197	0	0	0	nan	0.00	0.00	5.52	81.87	88.97	0.00	37	0	42	0.00	0.00	64.38	7.53	0.00	0.00	2000
242	11.12	2140	2140	0.00	200	0	0	0	nan	0.00	0.00	5.87	84.64	88.88	0.00	37	0	42	0.00	0.00	67.77	7.77	0.00	0.00	2000
230	11.08	2077	2097	0.00	197	0	0	0	nan	0.00	0.02	5.65	83.22	88.92	0.00	38	0	42	0.00	0.00	63.74	7.66	0.00	0.00	2000
231	10.99	2107	2099	0.00	198	0	0	0	nan	0.00	0.02	5.46	83.50	89.01	0.00	38	0	42	0.00	0.00	69.51	7.44	0.00	0.00	2000
231	10.86	2129	2101	0.00	197	0	0	0	nan	0.00	0.02	5.04	84.11	89.14	0.00	39	0	42	0.00	0.00	63.98	7.21	0.00	0.00	2000
230	11.10	2078	2095	0.00	199	0	0	0	nan	0.00	0.00	4.98	83.76	88.90	0.00	39	0	42	0.00	0.00	66.86	7.59	0.00	0.00	2000
233	10.96	2118	2104	0.00	199	0	0	0	nan	0.00	1.08	4.17	84.07	89.04	0.00	39	0	42	0.00	0.00	63.69	7.10	0.00	0.00	2000
232	10.99	2105	2103	0.00	202	0	0	0	nan	0.00	0.01	5.42	83.77	89.01	0.00	39	0	42	0.00	0.00	65.83	7.55	0.00	0.00	2000
230	10.97	2106	2087	0.00	198	0	0	0	nan	0.00	0.52	5.42	82.58	89.03	0.00	39	0	42	0.00	0.00	65.94	7.51	0.00	0.00	2000
227	10.86	2115	2071	0.00	195	0	0	1	90.27	0.00	0.98	6.58	80.46	89.14	0.00	39	0	42	0.00	0.00	63.01	7.24	0.00	0.00	2000
232	11.07	2054	2140	0.75	196	0	0	17	97.47	0.00	0.98	6.69	82.98	88.93	0.00	39	0	42	0.00	0.00	65.36	7.46	0.00	0.00	2000
233	11.42	2042	2098	0.04	198	0	0	0	nan	0.00	0.00	5.28	83.21	88.58	0.00	39	0	42	0.00	0.00	64.97	7.50	0.00	0.00	2000
231	11.09	2079	2103	0.00	198	0	0	0	nan	0.00	0.00	6.80	82.26	88.91	0.00	39	0	42	0.00	0.00	65.64	7.40	0.00	0.00	2000
226	10.99	2090	2064	0.00	198	0	0	0	nan	0.00	0.00	6.51	80.94	89.01	0.00	39	0	42	0.00	0.00	63.21	7.14	0.00	0.00	2000
232	10.98	2091	2127	0.00	196	0	0	0	nan	0.00	0.00	4.47	85.72	89.02	0.00	40	0	42	0.00	0.00	65.95	7.64	0.00	0.00	2000
229	11.35	2063	2059	0.00	196	0	0	0	nan	0.00	0.00	3.37	83.63	88.65	0.00	40	0	42	0.00	0.00	63.36	7.13	0.00	0.00	2000
228	10.41	2172	2117	0.00	212	0	0	0	nan	0.00	0.02	4.84	85.54	89.59	0.00	40	0	42	0.00	0.00	66.81	7.41	0.00	0.00	2000
233	10.99	2099	2121	0.00	205	0	0	0	nan	0.01	0.02	4.60	85.34	89.01	0.00	40	0	42	0.00	0.00	66.12	7.41	0.00	0.00	2000
233	11.03	2105	2112	0.00	199	0	0	0	nan	0.00	0.02	3.98	85.58	88.97	0.00	38	0	42	0.00	0.00	65.77	7.41	0.00	0.00	2000
227	11.10	2068	2073	0.00	201	0	0	0	nan	0.00	0.05	4.46	83.35	88.90	0.00	38	0	42	0.00	0.00	64.17	7.24	0.00	0.00	2000
235	11.26	2062	2122	0.00	204	0	0	0	nan	0.00	0.07	4.87	84.93	88.74	0.00	38	0	42	0.00	0.00	68.14	7.84	0.00	0.00	2000
235	11.62	2091	2034	0.00	198	0	0	0	nan	0.00	0.00	4.69	81.03	88.38	0.00	38	0	42	0.00	0.00	60.87	7.22	0.00	0.00	2000
239	11.02	2092	2177	0.00	217	0	0	0	nan	0.01	0.00	5.02	87.28	88.98	0.00	37	0	42	0.00	0.00	70.95	8.38	0.00	0.00	2000
233	11.35	2047	2107	0.00	194	0	0	0	nan	0.00	0.00	5.12	84.02	88.65	0.00	38	0	42	0.00	0.00	65.44	7.73	0.00	0.00	2000
231	11.31	2041	2105	0.00	198	0	0	0	nan	0.00	0.00	4.71	84.30	88.69	0.00	37	0	42	0.00	0.00	63.11	7.59	0.00	0.00	2000
234	11.15	2099	2099	0.00	196	0	0	0	nan	0.00	0.04	5.56	83.33	88.85	0.00	38	0	42	0.00	0.00	66.30	7.73	0.00	0.00	2000
235	11.32	2083	2094	0.00	203	0	0	1	78.24	0.00	0.00	6.24	82.28	88.68	0.00	38	0	42	0.00	0.00	66.57	7.96	0.00	0.00	2000
234	10.96	2136	2103	0.59	199	0	0	3	56.35	0.00	0.00	6.08	83.19	89.04	0.00	38	0	42	0.00	0.00	66.07	7.82	0.00	0.00	2000
232	11.06	2120	2075	0.04	197	0	0	0	nan	0.00	0.00	4.61	83.37	88.94	0.00	38	0	42	0.00	0.00	63.89	7.54	0.00	0.00	2000
228	10.75	2110	2112	0.00	197	0	0	0	nan	0.00	0.00	6.26	83.68	89.25	0.00	38	0	42	0.00	0.00	64.85	7.47	0.00	0.00	2000
224	10.94	2075	2074	0.00	195	0	0	0	nan	0.01	1.04	3.12	83.92	89.06	0.00	39	0	42	0.00	0.00	63.58	7.28	0.00	0.00	2000
236	11.22	2063	2138	0.00	200	0	0	0	nan	0.00	0.00	5.00	85.47	88.78	0.00	39	0	42	0.00	0.00	64.87	7.48	0.00	0.00	2000
228	10.92	2113	2076	0.00	199	0	0	0	nan	0.00	0.02	5.41	82.78	89.08	0.00	38	0	42	0.00	0.00	66.03	7.72	0.00	0.00	2000
228	10.97	2081	2094	0.00	214	0	0	0	nan	0.00	1.00	4.52	83.36	89.03	0.00	39	0	42	0.00	0.00	65.54	7.35	0.00	0.00	2000
233	11.42	2015	2127	0.00	198	0	0	0	nan	0.00	0.00	7.30	82.44	88.58	0.00	39	0	42	0.00	0.00	65.31	7.40	0.00	0.00	2000
225	11.00	2075	2068	0.00	201	0	0	0	nan	0.00	0.00	5.89	81.88	89.00	0.00	39	0	42	0.00	0.00	63.45	7.12	0.00	0.00	2000
229	11.43	2015	2092	0.00	199	0	0	0	nan	0.00	0.01	5.69	82.63	88.57	0.00	39	0	42	0.00	0.00	65.27	6.99	0.00	0.00	2000
230	11.10	2073	2098	0.00	197	0	0	0	nan	0.00	0.00	5.94	82.99	88.90	0.00	38	0	42	0.00	0.00	62.50	7.50	0.00	0.00	2000
226	11.01	2050	2107	0.00	213	0	0	0	nan	0.00	0.00	5.94	83.38	88.99	0.00	39	0	42	0.00	0.00	67.56	7.56	0.00	0.00	2000
230	11.01	2081	2106	0.00	198	0	0	0	nan	0.00	0.03	4.76	84.49	88.99	0.00	38	0	42	0.00	0.00	64.14	7.29	0.00	0.00	2000
234	11.22	2060	2127	0.00	216	0	0	0	nan	0.00	0.00	6.71	83.32	88.78	0.00	39	0	42	0.00	0.00	67.45	7.79	0.00	0.00	2000
229	10.78	2129	2093	0.00	204	0	0	0	nan	0.00	0.00	6.54	82.47	89.22	0.00	39	0	42	0.00	0.00	65.80	7.23	0.00	0.00	2000
229	11.04	2070	2108	0.00	195	0	0	0	nan	0.00	0.00	6.31	83.08	88.96	0.00	39	0	42	0.00	0.00	65.00	7.38	0.00	0.00	2000
228	10.93	2084	2099	0.00	196	0	0	1	93.42	0.00	0.01	6.08	82.99	89.07	0.00	39	0	42	0.00	0.00	64.16	7.24	0.00	0.00	2000
229	11.38	2013	2103	1.11	198	0	0	22	23.62	0.00	0.00	6.19	82.66	88.62	0.00	39	0	42	0.00	0.00	65.26	7.68	0.00	0.00	2000
233	11.08	2113	2092	0.00	197	0	0	0	nan	0.00	0.00	5.71	82.95	88.92	0.00	38	0	42	0.00	0.00	66.03	7.60	0.00	0.00	2000
232	11.32	2054	2094	0.00	205	0	0	0	nan	0.00	0.00	5.66	82.78	88.68	0.00	39	0	42	0.00	0.00	64.69	7.35	0.00	0.00	2000
228	10.81	2102	2103	0.00	196	0	0	0	nan	0.00	0.00	6.78	82.59	89.19	0.00	39	0	42	0.00	0.00	64.68	7.53	0.00	0.00	2000
230	11.02	2082	2103	0.00	198	0	0	0	nan	0.00	0.00	5.63	83.54	88.98	0.00	39	0	42	0.00	0.00	65.25	7.57	0.00	0.00	2000
224	10.98	2064	2076	0.00	198	0	0	0	nan	0.00	0.00	5.45	82.55	89.02	0.00	39	0	42	0.00	0.00	63.83	7.31	0.00	0.00	2000
228	11.18	2075	2065	0.00	198	0	0	0	nan	0.00	0.01	4.31	83.12	88.82	0.00	39	0	42	0.00	0.00	62.17	7.21	0.00	0.00	2000
232	11.01	2084	2125	0.00	217	0	0	0	nan	0.00	0.00	4.31	85.64	88.99	0.00	40	0	42	0.00	0.00	66.09	7.73	0.00	0.00	2000
230	11.20	2010	2144	0.00	215	0	0	0	nan	0.00	0.54	3.89	86.31	88.80	0.00	39	0	42	0.00	0.00	68.46	7.84	0.00	0.00	2000
227	10.98	2096	2075	0.00	198	0	0	0	nan	0.00	0.53	4.24	83.22	89.02	0.00	39	0	42	0.00	0.00	64.58	7.34	0.00	0.00	2000
232	11.20	2053	2118	0.00	198	0	0	0	nan	0.00	0.00	6.14	83.53	88.80	0.00	39	0	42	0.00	0.00	65.71	7.77	0.00	0.00	2000
229	11.04	2092	2077	0.00	200	0	0	0	nan	0.00	0.00	7.36	80.70	88.96	0.00	39	0	42	0.00	0.00	63.91	7.40	0.00	0.00	2000
232	11.57	2014	2086	0.00	210	0	0	0	nan	0.00	0.00	6.67	81.23	88.43	0.00	39	0	42	0.00	0.00	63.13	7.15	0.00	0.00	2000
229	10.68	2108	2137	0.00	213	0	0	0	nan	0.00	0.00	5.34	85.71	89.32	0.00	39	0	42	0.00	0.00	67.89	7.67	0.00	0.00	2000
228	11.15	2043	2105	0.00	200	0	0	0	nan	0.00	0.00	6.44	82.67	88.85	0.00	39	0	42	0.00	0.00	65.46	7.34	0.00	0.00	2000
230	11.20	2060	2091	0.00	200	0	0	0	nan	0.00	0.00	6.50	81.98	88.80	0.00	39	0	42	0.00	0.00	62.63	7.52	0.00	0.00	2000
227	11.16	2045	2091	0.00	204	0	0	1	82.29	0.00	0.00	6.30	82.34	88.84	0.00	39	0	42	0.00	0.00	62.63	6.82	0.00	0.00	2000
233	11.21	2070	2110	1.02	195	0	0	4	83.95	0.00	0.03	6.55	82.76	88.79	0.00	39	0	42	0.00	0.00	69.67	7.92	0.00	0.00	2000
223	11.03	2042	2078	0.00	200	0	0	0	nan	0.00	0.00	5.95	82.15	88.97	0.00	39	0	42	0.00	0.00	63.61	7.20	0.00	0.00	2000
229	11.24	2055	2084	0.00	197	0	0	0	nan	0.00	0.00	3.63	84.54	88.76	0.00	40	0	42	0.00	0.00	62.75	7.38	0.00	0.00	2000
234	10.95	2082	2155	0.00	215	0	0	0	nan	0.00	0.57	3.47	87.35	89.05	0.00	39	0	42	0.00	0.00	68.69	7.94	0.00	0.00	2000
231	11.25	2065	2091	0.00	205	0	0	0	nan	0.00	0.00	4.75	83.66	88.76	0.00	40	0	42	0.00	0.00	65.39	7.74	0.00	0.00	2000
223	10.68	2117	2070	0.00	197	0	0	0	nan	0.00	0.05	5.58	82.40	89.32	0.00	39	0	42	0.00	0.00	63.96	7.32	0.00	0.00	2000
227	11.31	2040	2070	0.00	199	0	0	0	nan	0.00	0.00	3.58	83.90	88.69	0.00	39	0	42	0.00	0.00	62.32	7.38	0.00	0.00	2000
233	10.90	2118	2121	0.00	212	0	0	0	nan	0.00	0.97	3.97	85.08	89.10	0.00	39	0	42	0.00	0.00	66.43	7.70	0.00	0.00	2000
229	10.77	2086	2144	0.00	216	0	0	0	nan	0.00	0.02	6.10	85.06	89.23	0.00	39	0	42	0.00	0.00	67.94	7.78	0.00	0.00	2000
223	10.75	2110	2067	0.00	198	0	0	0	nan	0.00	0.00	6.32	81.56	89.25	0.00	39	0	42	0.00	0.00	64.02	7.37	0.00	0.00	2000
227	11.19	2053	2073	0.00	198	0	0	0	nan	0.00	0.00	3.78	83.93	88.81	0.00	40	0	42	0.00	0.00	62.49	7.18	0.00	0.00	2000
230	10.50	2152	2134	0.00	212	0	0	0	nan	0.00	0.00	4.19	86.79	89.50	0.00	40	0	42	0.00	0.00	67.65	7.88	0.00	0.00	2000
229	11.21	2080	2064	0.00	204	0	0	0	nan	0.00	0.00	3.91	83.36	88.79	0.00	39	0	42	0.00	0.00	62.18	7.21	0.00	0.00	2000
231	11.09	2056	2128	0.00	211	0	0	0	nan	0.00	0.00	4.37	85.84	88.91	0.00	39	0	42	0.00	0.00	66.31	7.63	0.00	0.00	2000
237	10.83	2154	2133	0.00	215	0	0	0	nan	0.00	0.00	5.89	84.68	89.17	0.00	39	0	42	0.00	0.00	65.29	7.41	0.00	0.00	2000
223	10.89	2078	2071	0.00	198	0	0	0	nan	0.00	0.04	4.67	83.24	89.11	0.00	39	0	42	0.00	0.00	66.39	7.61	0.00	0.00	2000
239	10.70	2185	2141	0.26	198	0	0	3	89.52	0.00	0.00	2.85	88.17	89.30	0.00	39	0	43	0.00	0.00	67.46	7.64	0.00	0.00	2000
228	11.02	2076	2090	0.54	202	0	0	3	90.89	0.00	1.06	5.01	82.53	88.98	0.00	39	0	42	0.00	0.00	64.86	7.39	0.00	0.00	2000
229	10.84	2121	2096	0.00	199	0	0	0	nan	0.00	0.98	5.83	82.21	89.16	0.00	39	0	42	0.00	0.00	62.40	7.14	0.00	0.00	2000
228	10.81	2117	2089	0.00	198	0	0	0	nan	0.00	0.00	7.39	81.26	89.19	0.00	39	0	42	0.00	0.00	65.41	7.38	0.00	0.00	2000
228	11.11	2040	2109	0.00	197	0	0	0	nan	0.00	0.00	6.17	83.21	88.89	0.00	39	0	42	0.00	0.00	65.33	7.51	0.00	0.00	2000
227	11.22	2048	2077	0.00	200	0	0	0	nan	0.00	0.02	5.26	82.67	88.78	0.00	39	0	42	0.00	0.00	64.11	7.44	0.00	0.00	2000
230	11.06	2079	2098	0.00	203	0	0	0	nan	0.00	0.00	4.81	84.15	88.94	0.00	39	0	42	0.00	0.00	65.41	7.33	0.00	0.00	2000
232	11.27	2032	2128	0.00	213	0	0	0	nan	0.00	0.00	6.79	83.26	88.73	0.00	39	0	42	0.00	0.00	66.36	7.68	0.00	0.00	2000
228	10.98	2066	2106	0.00	197	0	0	0	nan	0.00	0.00	5.85	83.54	89.02	0.00	39	0	42	0.00	0.00	63.31	7.19	0.00	0.00	2000
228	10.99	2081	2098	0.00	199	0	0	0	nan	0.00	0.00	5.06	83.89	89.01	0.00	39	0	42	0.00	0.00	64.88	7.47	0.00	0.00	2000
232	10.71	2167	2103	0.00	198	0	0	0	nan	0.00	0.00	6.12	83.28	89.29	0.00	39	0	42	0.00	0.00	66.33	7.60	0.00	0.00	2000
230	10.93	2101	2099	0.00	200	0	0	0	nan	0.00	0.02	7.09	81.92	89.07	0.00	39	0	42	0.00	0.00	65.38	7.52	0.00	0.00	2000
230	11.15	2073	2089	0.00	199	0	0	0	nan	0.00	0.02	6.68	81.77	88.85	0.00	39	0	42	0.00	0.00	65.86	7.56	0.00	0.00	2000
226	11.07	2080	2058	0.00	195	0	0	0	nan	0.00	0.00	6.78	80.43	88.93	0.00	38	0	42	0.00	0.00	62.41	7.27	0.00	0.00	2000
234	11.10	2057	2149	0.00	198	0	0	0	nan	0.00	0.00	6.15	84.89	88.90	0.00	39	0	42	0.00	0.00	68.77	8.15	0.00	0.00	2000
234	10.95	2127	2110	0.00	199	0	0	0	nan	0.00	0.00	4.93	84.62	89.05	0.00	39	0	42	0.00	0.00	63.58	7.40	0.00	0.00	2000
226	10.87	2111	2069	0.00	199	0	0	0	nan	0.00	0.00	6.64	81.18	89.13	0.00	38	0	42	0.00	0.00	63.95	7.26	0.00	0.00	2000
233	10.95	2112	2116	0.12	197	0	0	5	66.12	0.00	0.02	6.07	83.66	89.05	0.00	39	0	42	0.00	0.00	65.64	7.61	0.00	0.00	2000
234	11.25	2059	2120	0.88	198	0	0	4	73.51	0.00	0.00	4.70	85.03	88.75	0.00	39	0	42	0.00	0.00	70.12	8.11	0.00	0.00	2000
229	10.66	2150	2098	0.00	196	0	0	0	nan	0.00	0.03	4.35	84.92	89.34	0.00	39	0	42	0.00	0.00	61.41	7.09	0.00	0.00	2000
230	11.07	2087	2087	0.00	197	0	0	0	nan	0.00	0.00	6.50	81.81	88.93	0.00	39	0	42	0.00	0.00	65.29	7.45	0.00	0.00	2000
231	11.12	2071	2107	0.00	202	0	0	0	nan	0.00	0.02	5.79	83.36	88.88	0.00	39	0	42	0.00	0.00	65.35	7.55	0.00	0.00	2000
227	10.94	2104	2070	0.00	200	0	0	0	nan	0.00	0.00	6.52	81.41	89.06	0.00	39	0	42	0.00	0.00	65.33	7.81	0.00	0.00	2000
235	11.60	2009	2117	0.00	198	0	0	0	nan	0.00	0.02	6.01	83.13	88.40	0.00	39	0	42	0.00	0.00	64.92	7.52	0.00	0.00	2000
227	10.70	2116	2106	0.00	195	0	0	0	nan	0.01	0.01	4.90	84.70	89.30	0.00	39	0	42	0.00	0.00	66.29	8.11	0.00	0.00	2000
229	11.29	2025	2106	0.00	196	0	0	0	nan	0.00	1.00	5.93	82.20	88.71	0.00	40	0	42	0.00	0.00	64.91	7.59	0.00	0.00	2000
231	11.13	2081	2095	0.00	199	0	0	0	nan	0.00	0.75	3.15	84.96	88.87	0.00	40	0	42	0.00	0.00	65.16	7.62	0.00	0.00	2000
228	11.29	2008	2108	0.00	195	0	0	0	nan	0.00	0.00	7.03	82.22	88.71	0.00	40	0	42	0.00	0.00	65.19	7.64	0.00	0.00	2000
230	11.12	2090	2077	0.00	198	0	0	0	nan	0.00	0.00	6.41	81.61	88.88	0.00	40	0	42	0.00	0.00	65.07	7.40	0.00	0.00	2000
232	10.94	2104	2121	0.00	198	0	0	0	nan	0.00	0.00	5.77	84.32	89.06	0.00	40	0	42	0.00	0.00	66.08	7.49	0.00	0.00	2000
224	11.02	2061	2068	0.00	196	0	0	0	nan	0.00	0.00	5.60	82.12	88.98	0.00	40	0	42	0.00	0.00	63.86	7.35	0.00	0.00	2000
233	11.40	2039	2103	0.00	204	0	0	0	nan	0.00	0.01	6.60	82.23	88.60	0.00	39	0	42	0.00	0.00	64.60	7.45	0.00	0.00	2000
231	10.90	2095	2122	0.00	213	0	0	0	nan	0.00	0.00	5.58	84.57	89.10	0.00	39	0	42	0.00	0.00	68.97	8.32	0.00	0.00	2000
227	10.82	2101	2098	0.00	199	0	0	0	nan	0.00	0.00	6.32	82.78	89.18	0.00	40	0	42	0.00	0.00	66.06	7.52	0.00	0.00	2000
228	11.14	2076	2071	0.00	197	0	0	3	42.43	0.00	0.00	5.51	82.25	88.86	0.00	40	0	42	0.00	0.00	63.43	7.14	0.00	0.00	2000
230	10.84	2102	2117	1.43	198	0	0	4	53.43	0.00	0.00	5.62	84.36	89.16	0.00	40	0	43	0.00	0.00	65.45	7.50	0.00	0.00	2000
231	10.72	2149	2108	0.00	202	0	0	0	nan	0.00	0.02	4.99	84.64	89.28	0.00	40	0	42	0.00	0.00	66.19	7.48	0.00	0.00	2000
230	11.09	2058	2121	0.00	197	0	0	0	nan	0.00	0.52	5.85	83.46	88.91	0.00	40	0	42	0.00	0.00	66.35	7.64	0.00	0.00	2000
228	10.89	2106	2090	0.00	195	0	0	0	nan	0.00	0.00	6.37	82.37	89.11	0.00	40	0	42	0.00	0.00	65.90	7.64	0.00	0.00	2000
226	11.02	2073	2076	0.00	198	0	0	0	nan	0.00	0.00	6.44	81.63	88.98	0.00	39	0	42	0.00	0.00	65.09	8.12	0.00	0.00	2000
231	11.27	2055	2095	0.00	196	0	0	0	nan	0.00	0.00	5.28	83.31	88.73	0.00	40	0	42	0.00	0.00	67.58	7.78	0.00	0.00	2000
228	11.00	2076	2100	0.00	216	0	0	0	nan	0.00	0.82	7.49	80.80	89.00	0.00	40	0	42	0.00	0.00	64.34	7.36	0.00	0.00	2000
228	10.68	2126	2110	0.00	196	0	0	0	nan	0.00	0.00	6.09	83.70	89.32	0.00	40	0	42	0.00	0.00	65.13	7.61	0.00	0.00	2000
231	11.20	2050	2117	0.00	201	0	0	0	nan	0.00	0.00	6.55	83.03	88.80	0.00	40	0	42	0.00	0.00	66.98	7.77	0.00	0.00	2000
232	10.87	2127	2108	0.00	199	0	0	0	nan	0.00	0.00	4.98	84.53	89.13	0.00	40	0	42	0.00	0.00	66.33	7.65	0.00	0.00	2000
229	10.98	2101	2084	0.00	198	0	0	0	nan	0.00	0.00	6.17	82.27	89.02	0.00	40	0	42	0.00	0.00	64.94	7.59	0.00	0.00	2000
232	11.08	2086	2109	0.00	202	0	0	0	nan	0.00	0.00	7.40	82.02	88.92	0.00	40	0	42	0.00	0.00	67.05	8.23	0.00	0.00	2000
229	11.20	2033	2109	0.00	198	0	0	0	nan	0.00	0.00	7.06	82.16	88.80	0.00	40	0	42	0.00	0.00	66.07	7.55	0.00	0.00	2000
229	10.79	2122	2102	0.00	197	0	0	0	nan	0.00	0.01	5.90	83.41	89.21	0.00	40	0	42	0.00	0.00	66.25	7.67	0.00	0.00	2000
222	11.02	2048	2065	0.00	195	0	0	0	nan	0.00	0.00	6.70	80.84	88.98	0.00	40	0	42	0.00	0.00	64.47	7.38	0.00	0.00	2000
232	11.21	2071	2096	0.00	198	0	0	0	nan	0.00	0.97	4.42	83.37	88.79	0.00	40	0	42	0.00	0.00	63.22	7.29	0.00	0.00	2000
228	10.89	2097	2097	0.00	217	0	0	3	45.33	0.00	0.00	7.44	81.57	89.11	0.00	40	0	42	0.00	0.00	69.96	8.10	0.00	0.00	2000
233	11.23	2038	2136	1.42	198	0	0	4	50.65	0.00	0.00	6.50	83.78	88.77	0.00	40	0	42	0.00	0.00	66.28	7.72	0.00	0.00	2000
230	11.27	2041	2103	0.00	199	0	0	0	nan	0.00	0.00	4.79	84.06	88.73	0.00	38	0	42	0.00	0.00	65.87	7.72	0.00	0.00	2000
225	10.97	2079	2072	0.00	200	0	0	0	nan	0.00	0.00	5.21	82.78	89.03	0.00	38	0	42	0.00	0.00	63.85	7.58	0.00	0.00	2000
237	11.16	2089	2136	0.00	200	0	0	0	nan	0.00	0.00	4.40	86.11	88.84	0.00	39	0	42	0.00	0.00	67.05	7.99	0.00	0.00	2000
226	11.25	2082	2028	0.00	197	0	0	0	nan	0.01	0.00	3.64	82.17	88.75	0.00	39	0	42	0.00	0.00	62.17	7.33	0.00	0.00	2000
234	10.89	2083	2169	0.00	210	0	0	0	nan	0.00	0.00	2.83	89.26	89.11	0.00	39	0	42	0.00	0.00	68.67	8.22	0.00	0.00	2000
230	11.04	2117	2063	0.00	194	0	0	0	nan	0.00	0.00	3.18	84.24	88.96	0.00	40	0	42	0.00	0.00	64.03	7.53	0.00	0.00	2000
233	11.12	2056	2140	0.00	211	0	0	0	nan	0.00	0.00	3.56	87.10	88.88	0.00	38	0	42	0.00	0.00	67.48	7.94	0.00	0.00	2000
235	11.31	2073	2108	0.00	196	0	0	0	nan	0.00	0.00	5.06	84.02	88.69	0.00	38	0	42	0.00	0.00	65.68	7.64	0.00	0.00	2000
231	11.33	2042	2097	0.00	194	0	0	0	nan	0.00	0.02	4.09	84.57	88.67	0.00	38	0	42	0.00	0.00	64.99	7.71	0.00	0.00	2000
223	11.40	2034	2016	0.00	194	0	0	0	nan	0.00	0.00	3.51	81.64	88.60	0.00	38	0	42	0.00	0.00	61.63	7.32	0.00	0.00	2000
235	10.69	2107	2189	0.00	214	0	0	0	nan	0.01	0.00	3.72	89.51	89.31	0.00	38	0	42	0.00	0.00	68.91	8.14	0.00	0.00	2000
232	11.25	2060	2100	0.00	195	0	0	0	nan	0.00	0.00	3.55	85.24	88.75	0.00	37	0	42	0.00	0.00	62.10	7.74	0.00	0.00	2000
229	11.08	2087	2075	0.00	194	0	0	0	nan	0.00	0.00	3.35	84.56	88.92	0.00	37	0	42	0.00	0.00	67.72	7.59	0.00	0.00	2000
224	11.66	2056	1960	0.00	194	0	0	0	nan	0.00	0.00	2.79	79.68	88.34	0.00	38	0	42	0.00	0.00	58.11	7.01	0.00	0.00	2000
237	10.19	2136	2286	0.00	243	0	0	0	nan	0.00	0.01	3.20	94.61	89.81	0.00	39	0	42	0.00	0.00	75.36	8.70	0.00	0.00	2000
233	11.45	2070	2060	0.47	195	0	0	19	56.78	0.00	0.00	2.83	84.16	88.55	0.00	38	0	42	0.00	0.00	62.51	7.48	0.00	0.00	2000
235	10.63	2146	2164	0.30	210	0	0	0	nan	0.00	0.02	3.02	89.10	89.37	0.00	39	0	42	0.00	0.00	69.62	8.14	0.00	0.00	2000
234	11.39	2059	2097	0.00	210	0	0	0	nan	0.00	0.00	8.02	80.45	88.61	0.00	38	0	42	0.00	0.00	64.53	7.58	0.00	0.00	2000
224	10.63	2147	2063	0.00	195	0	0	0	nan	0.00	0.00	3.75	84.03	89.37	0.00	38	0	42	0.00	0.00	64.02	7.27	0.00	0.00	2000
231	11.03	2096	2102	0.00	194	0	0	0	nan	0.00	0.02	2.69	86.39	88.97	0.00	38	0	42	0.00	0.00	63.91	7.52	0.00	0.00	2000
227	10.63	2128	2110	0.00	211	0	0	0	nan	0.00	0.00	3.72	86.07	89.37	0.00	38	0	42	0.00	0.00	67.41	7.79	0.00	0.00	2000
231	10.98	2079	2123	0.00	194	0	0	0	nan	0.00	0.00	2.72	87.39	89.02	0.00	38	0	42	0.00	0.00	66.23	7.67	0.00	0.00	2000
230	10.75	2135	2100	0.00	195	0	0	0	nan	0.00	0.00	2.97	86.32	89.25	0.00	38	0	42	0.00	0.00	65.79	7.62	0.00	0.00	2000
225	10.40	2197	2070	0.00	194	0	0	0	nan	0.00	0.02	3.27	84.89	89.60	0.00	39	0	42	0.00	0.00	64.25	7.55	0.00	0.00	2000
231	10.53	2180	2115	0.00	194	0	0	0	nan	0.00	0.00	2.42	87.62	89.47	0.00	39	0	42	0.00	0.00	66.28	7.72	0.00	0.00	2000
233	11.13	2081	2115	0.00	195	0	0	0	nan	0.00	0.00	2.41	87.18	88.87	0.00	39	0	42	0.00	0.00	66.28	7.71	0.00	0.00	2000
230	10.95	2102	2102	0.00	195	0	0	0	nan	0.00	0.00	2.85	86.33	89.05	0.00	39	0	42	0.00	0.00	65.88	7.60	0.00	0.00	2000
230	11.12	2070	2099	0.00	202	0	0	0	nan	0.00	0.00	4.88	84.04	88.88	0.00	39	0	42	0.00	0.00	66.01	7.88	0.00	0.00	2000
231	11.10	2108	2070	0.00	196	0	0	0	nan	0.00	0.00	4.93	82.74	88.90	0.00	39	0	42	0.00	0.00	64.25	7.27	0.00	0.00	2000
233	10.93	2097	2133	0.00	194	0	0	0	nan	0.00	0.00	2.79	87.67	89.07	0.00	39	0	42	0.00	0.00	66.99	7.60	0.00	0.00	2000
233	11.06	2112	2097	0.00	196	0	0	0	nan	0.00	0.02	3.59	85.26	88.94	0.00	38	0	42	0.00	0.00	64.68	7.91	0.00	0.00	2000
226	10.76	2135	2064	0.00	195	0	0	0	nan	0.00	0.00	3.08	84.65	89.24	0.00	38	0	42	0.00	0.00	67.87	9.52	0.00	0.00	2000
232	10.97	2098	2116	0.50	196	0	0	29	11.65	0.00	0.00	2.99	86.78	89.03	0.00	38	0	42	0.00	0.00	64.98	8.09	0.00	0.00	2000
226	10.83	2098	2092	0.30	210	0	0	0	nan	0.00	0.00	3.60	85.21	89.17	0.00	38	0	42	0.00	0.00	67.34	7.92	0.00	0.00	2000
232	11.05	2092	2107	0.00	202	0	0	0	nan	0.00	0.00	4.03	85.12	88.95	0.00	38	0	42	0.00	0.00	64.13	7.64	0.00	0.00	2000
110	8.26	1315	2123	0.00	229	0	0	0	nan	0.00	0.00	6.76	85.99	91.74	0.00	37	0	42	0.00	0.00	64.34	7.78	0.00	0.00	2000
74	6.52	1136	2102	0.00	194	0	0	0	nan	0.00	0.00	3.65	89.93	93.48	0.00	37	0	42	0.00	0.00	57.85	7.18	0.00	0.00	2000
76	6.94	1103	2098	0.00	193	0	0	0	nan	0.00	0.00	3.68	89.25	93.06	0.00	37	0	42	0.00	0.00	59.59	7.50	0.00	0.00	2000
73	6.64	1101	2104	0.00	193	0	0	0	nan	0.01	0.00	2.98	90.47	93.36	0.00	37	0	42	0.00	0.00	61.77	7.84	0.00	0.00	2000
113	8.42	1374	2055	0.00	65	0	0	0	nan	0.00	0.02	8.05	81.39	91.58	0.00	37	0	42	0.00	0.00	62.91	7.24	0.00	0.00	2000
