Avg_MHz	Busy%	Bzy_MHz	TSC_MHz	IPC	IRQ	NMI	SMI	LLCMRPS	LLC%hit	POLL%	C1%	C1E%	C6%	CPU%c1	CPU%c6	CoreTmp	CoreThr	PkgTmp	Pkg%pc2	Pkg%pc6	PkgWatt	RAMWatt	PKG_%	RAM_%	UncMHz
346	17.14	1998	2125	0.00	230	0	0	0	nan	0.00	0.63	38.02	45.34	82.86	0.00	37	0	42	0.00	0.00	65.16	7.54	0.00	0.00	2000
302	14.67	2064	2093	0.00	205	0	0	0	nan	0.06	0.59	17.74	66.85	85.33	0.00	37	0	42	0.00	0.00	68.74	7.97	0.00	0.00	2000
76	7.04	1073	2126	0.00	209	0	0	0	nan	0.00	0.00	5.85	88.35	92.96	0.00	37	0	42	0.00	0.00	58.68	7.42	0.00	0.00	2000
73	6.99	1041	2097	0.00	195	0	0	0	nan	0.00	0.00	4.23	88.83	93.01	0.00	37	0	42	0.00	0.00	58.30	7.37	0.00	0.00	2000
73	6.98	1036	2115	0.00	193	0	0	0	nan	0.00	0.00	4.20	89.65	93.02	0.00	37	0	42	0.00	0.00	57.75	7.26	0.00	0.00	2000
73	6.71	1078	2106	0.00	193	0	0	0	nan	0.00	0.00	3.41	90.32	93.29	0.00	37	0	42	0.00	0.00	59.46	7.76	0.00	0.00	2000
74	6.60	1116	2096	0.00	194	0	0	0	nan	0.00	0.00	2.73	90.55	93.40	0.00	37	0	42	0.00	0.00	58.54	7.46	0.00	0.00	2000
72	6.68	1080	2092	0.00	194	0	0	0	nan	0.00	0.00	3.24	89.85	93.32	0.00	37	0	42	0.00	0.00	57.50	7.28	0.00	0.00	2000
71	6.70	1063	2082	0.00	193	0	0	0	nan	0.00	0.00	4.28	88.31	93.30	0.00	37	0	42	0.00	0.00	55.83	7.09	0.00	0.00	2000
72	6.77	1057	2116	0.00	194	0	0	0	nan	0.00	0.01	1.61	92.50	93.23	0.00	36	0	42	0.00	0.00	57.40	7.27	0.00	0.00	2000
73	6.94	1059	2083	0.00	193	0	0	0	nan	0.00	0.00	3.07	89.39	93.06	0.00	36	0	42	0.00	0.00	57.91	7.27	0.00	0.00	2000
72	6.68	1060	2121	0.00	194	0	0	0	nan	0.00	0.00	2.85	91.49	93.32	0.00	37	0	42	0.00	0.00	58.88	7.67	0.00	0.00	2000
74	6.57	1119	2116	0.00	194	0	0	0	nan	0.00	0.02	2.43	91.67	93.43	0.00	37	0	42	0.00	0.00	59.07	7.63	0.00	0.00	2000
72	6.77	1063	2090	0.00	193	0	0	0	nan	0.00	0.03	3.41	89.56	93.23	0.00	37	0	42	0.00	0.00	59.21	7.43	0.00	0.00	2000
73	6.83	1063	2101	0.00	194	0	0	0	nan	0.00	0.01	2.87	90.52	93.17	0.00	37	0	42	0.00	0.00	58.36	7.39	0.00	0.00	2000
71	7.05	1016	2074	0.00	194	0	0	0	98.50	0.00	0.02	2.70	89.22	92.95	0.00	37	0	42	0.00	0.00	56.02	7.11	0.00	0.00	2000
73	6.85	1048	2136	0.31	194	0	0	1	85.74	0.00	0.00	2.84	92.04	93.15	0.00	37	0	42	0.00	0.00	59.25	7.65	0.00	0.00	2000
72	6.85	1051	2095	0.12	192	0	0	0	nan	0.00	0.00	3.05	90.03	93.15	0.00	37	0	42	0.00	0.00	58.49	7.49	0.00	0.00	2000
187	10.29	1820	2099	0.00	215	0	0	0	nan	0.00	0.02	4.17	85.64	89.71	0.00	39	0	42	0.00	0.00	62.14	7.35	0.00	0.00	2000
231	10.88	2121	2101	0.00	206	0	0	0	nan	0.00	0.03	4.76	84.57	89.12	0.00	40	0	42	0.00	0.00	66.31	7.51	0.00	0.00	2000
232	11.03	2105	2098	0.00	211	0	0	0	nan	0.00	0.02	4.08	84.95	88.97	0.00	40	0	42	0.00	0.00	63.90	7.14	0.00	0.00	2000
230	11.05	2071	2107	0.00	202	0	0	0	nan	0.00	0.02	3.54	85.90	88.95	0.00	40	0	42	0.00	0.00	65.04	7.49	0.00	0.00	2000
232	11.42	2041	2086	0.00	195	0	0	0	nan	0.00	0.00	7.64	80.57	88.58	0.00	38	0	42	0.00	0.00	65.84	7.39	0.00	0.00	2000
233	11.43	2035	2107	0.00	198	0	0	0	nan	0.00	0.02	4.74	84.27	88.57	0.00	37	0	42	0.00	0.00	66.88	7.79	0.00	0.00	2000
223	11.58	2028	1997	0.00	196	0	0	0	nan	0.00	0.00	5.13	79.09	88.42	0.00	37	0	43	0.00	0.00	59.01	6.78	0.00	0.00	2000
242	11.32	2015	2225	0.00	234	0	0	0	nan	0.00	0.00	5.70	88.46	88.68	0.00	37	0	42	0.00	0.00	70.64	8.41	0.00	0.00	2000
229	11.29	2041	2091	0.00	198	0	0	0	nan	0.00	0.00	4.95	83.59	88.71	0.00	37	0	42	0.00	0.00	68.84	7.73	0.00	0.00	2000
224	11.19	2033	2072	0.00	199	0	0	0	nan	0.00	0.01	4.59	83.19	88.81	0.00	38	0	42	0.00	0.00	63.71	7.38	0.00	0.00	2000
233	11.10	2073	2130	0.00	198	0	0	0	nan	0.00	0.01	3.53	86.79	88.90	0.00	37	0	42	0.00	0.00	64.94	7.50	0.00	0.00	2000
230	11.36	2050	2072	0.00	202	0	0	0	nan	0.00	0.00	3.51	84.11	88.64	0.00	38	0	42	0.00	0.00	63.29	7.22	0.00	0.00	2000
225	11.15	2016	2101	0.00	211	0	0	0	nan	0.00	0.00	5.38	83.67	88.85	0.00	38	0	42	0.00	0.00	64.60	7.17	0.00	0.00	2000
228	11.23	2042	2089	0.00	218	0	0	0	nan	0.00	0.02	3.22	85.22	88.77	0.00	38	0	42	0.00	0.00	66.34	7.65	0.00	0.00	2000
231	11.07	2064	2127	0.00	199	0	0	3	93.20	0.00	0.41	5.28	84.54	88.93	0.00	38	0	42	0.00	0.00	64.98	7.49	0.00	0.00	2000
236	11.40	2044	2122	0.73	195	0	0	19	92.67	0.00	0.02	4.81	84.86	88.60	0.00	39	0	42	0.00	0.00	66.23	7.67	0.00	0.00	2000
230	11.31	2033	2098	0.00	200	0	0	0	nan	0.00	0.01	4.25	84.59	88.69	0.00	39	0	42	0.00	0.00	65.43	7.53	0.00	0.00	2000
227	11.33	2025	2078	0.00	196	0	0	0	nan	0.00	0.00	5.26	82.71	88.67	0.00	38	0	42	0.00	0.00	64.17	7.43	0.00	0.00	2000
228	11.75	2012	2025	0.00	200	0	0	0	nan	0.00	0.02	5.39	79.92	88.25	0.00	37	0	42	0.00	0.00	60.52	7.06	0.00	0.00	2000
234	11.07	2011	2209	0.00	230	0	0	0	nan	0.00	0.00	5.03	88.66	88.93	0.00	37	0	42	0.00	0.00	71.61	8.26	0.00	0.00	2000
229	11.29	2041	2087	0.00	198	0	0	0	nan	0.00	0.00	5.67	82.66	88.71	0.00	38	0	42	0.00	0.00	65.63	7.54	0.00	0.00	2000
233	11.21	2069	2113	0.00	199	0	0	0	nan	0.00	0.00	8.49	80.98	88.79	0.00	38	0	42	0.00	0.00	60.44	6.95	0.00	0.00	2000
228	11.28	2052	2069	0.00	199	0	0	0	nan	0.00	0.00	4.50	83.10	88.72	0.00	39	0	42	0.00	0.00	64.53	7.46	0.00	0.00	2000
229	11.13	2029	2130	0.00	195	0	0	0	nan	0.00	0.00	4.66	85.61	88.87	0.00	40	0	42	0.00	0.00	68.45	7.95	0.00	0.00	2000
225	11.31	2030	2062	0.00	198	0	0	0	nan	0.00	0.00	3.18	84.05	88.69	0.00	39	0	42	0.00	0.00	63.41	7.22	0.00	0.00	2000
239	11.21	2090	2146	0.00	203	0	0	0	nan	0.00	0.03	3.54	87.27	88.79	0.00	39	0	42	0.00	0.00	67.94	8.05	0.00	0.00	2000
224	11.54	2006	2032	0.00	199	0	0	0	nan	0.00	0.00	5.20	80.59	88.46	0.00	39	0	42	0.00	0.00	61.22	7.24	0.00	0.00	2000
234	11.24	2013	2176	0.00	212	0	0	0	nan	0.00	0.00	4.14	88.05	88.76	0.00	39	0	42	0.00	0.00	69.00	8.01	0.00	0.00	2000
230	11.41	2021	2097	0.00	198	0	0	0	nan	0.00	0.00	4.81	83.85	88.59	0.00	39	0	42	0.00	0.00	64.61	7.48	0.00	0.00	2000
231	11.34	2034	2100	0.00	196	0	0	0	nan	0.00	0.01	4.52	84.27	88.66	0.00	38	0	42	0.00	0.00	65.58	7.66	0.00	0.00	2000
237	11.33	2090	2099	0.00	203	0	0	0	nan	0.06	0.00	8.18	80.63	88.67	0.00	37	0	42	0.00	0.00	66.11	7.85	0.00	0.00	2000
226	10.97	2060	2102	0.00	198	0	0	2	77.82	0.00	0.00	7.49	81.65	89.03	0.00	39	0	42	0.00	0.00	60.76	7.25	0.00	0.00	2000
216	11.28	2115	1899	0.53	197	0	0	4	72.10	0.00	0.00	5.56	74.78	88.72	0.00	38	0	42	0.00	0.00	55.17	6.57	0.00	0.00	2000
247	11.03	2011	2335	0.00	229	0	0	0	nan	0.00	0.00	9.67	89.36	88.97	0.00	39	0	42	0.00	0.00	77.38	9.31	0.00	0.00	2000
238	11.37	2090	2106	0.00	197	0	0	0	nan	0.04	0.02	9.76	79.21	88.63	0.00	40	0	42	0.00	0.00	65.55	7.62	0.00	0.00	2000
232	11.00	2105	2099	0.00	194	0	0	0	nan	0.00	0.02	7.69	81.30	89.00	0.00	40	0	42	0.00	0.00	65.82	7.69	0.00	0.00	2000
453	21.07	2404	1879	0.00	213	0	0	0	nan	0.00	0.01	4.83	65.85	78.93	0.00	39	0	42	0.00	0.00	62.24	6.99	0.00	0.00	2000
688	27.47	2500	2104	0.00	230	0	0	0	nan	0.00	0.00	4.97	67.80	72.53	0.00	41	0	42	0.00	0.00	76.90	8.36	0.00	0.00	2000
687	27.48	2500	2101	0.00	235	0	0	0	nan	0.00	0.06	5.16	67.46	72.52	0.00	41	0	42	0.00	0.00	79.13	8.48	0.00	0.00	2000
685	27.40	2500	2099	0.00	230	0	0	0	nan	0.00	0.91	2.47	69.32	72.60	0.00	41	0	42	0.00	0.00	81.11	8.59	0.00	0.00	2000
689	27.55	2500	2101	0.00	232	0	0	0	nan	0.00	0.00	6.33	66.27	72.45	0.00	41	0	42	0.00	0.00	75.89	7.96	0.00	0.00	2000
687	27.48	2500	2100	0.00	235	0	0	0	nan	0.01	2.17	7.47	63.05	72.52	0.00	41	0	42	0.00	0.00	77.89	8.25	0.00	0.00	2000
688	27.53	2500	2099	0.00	227	0	0	0	nan	0.00	0.00	5.59	66.96	72.47	0.00	41	0	42	0.00	0.00	77.94	8.17	0.00	0.00	2000
687	27.46	2500	2100	0.00	235	0	0	0	nan	0.00	0.00	6.12	66.55	72.54	0.00	41	0	42	0.00	0.00	77.73	8.02	0.00	0.00	2000
685	27.50	2500	2093	0.00	229	0	0	0	nan	0.00	0.00	5.66	66.71	72.50	0.00	41	0	42	0.00	0.00	74.95	7.34	0.00	0.00	2000
689	27.45	2500	2107	0.00	250	0	0	0	nan	0.00	0.00	6.41	66.51	72.55	0.00	41	0	42	0.00	0.00	80.86	7.96	0.00	0.00	2000
686	27.53	2500	2092	0.00	228	0	0	4	90.30	0.00	0.00	5.92	66.38	72.47	0.00	41	0	42	0.00	0.00	74.86	7.40	0.00	0.00	2000
690	27.48	2500	2109	1.89	245	0	0	40	90.01	0.00	0.00	4.81	68.13	72.52	0.00	41	0	42	0.00	0.00	80.50	7.86	0.00	0.00	2000
687	27.56	2500	2093	0.00	235	0	0	0	nan	0.00	0.04	4.72	67.57	72.44	0.00	41	0	42	0.00	0.00	75.09	7.30	0.00	0.00	2000
688	27.42	2500	2109	0.00	245	0	0	0	nan	0.00	0.00	5.18	67.81	72.58	0.00	41	0	42	0.00	0.00	80.68	7.88	0.00	0.00	2000
686	27.52	2500	2092	0.00	232	0	0	0	nan	0.00	0.04	4.61	67.70	72.48	0.00	41	0	42	0.00	0.00	75.20	7.41	0.00	0.00	2000
688	27.43	2500	2107	0.00	243	0	0	0	nan	0.00	0.01	2.76	70.19	72.57	0.00	41	0	43	0.00	0.00	80.56	7.92	0.00	0.00	2000
687	27.57	2500	2093	0.00	235	0	0	0	nan	0.00	0.00	5.21	67.10	72.43	0.00	41	0	42	0.00	0.00	74.98	7.30	0.00	0.00	2000
685	27.31	2500	2108	0.00	245	0	0	0	nan	0.00	0.00	6.10	66.99	72.69	0.00	41	0	42	0.00	0.00	80.70	7.76	0.00	0.00	2000
687	27.60	2500	2092	0.00	230	0	0	0	nan	0.00	0.00	4.79	67.47	72.40	0.00	41	0	43	0.00	0.00	75.10	7.32	0.00	0.00	2000
687	27.37	2500	2108	0.00	250	0	0	0	nan	0.00	0.00	6.35	66.69	72.63	0.00	41	0	42	0.00	0.00	81.03	7.97	0.00	0.00	2000
687	27.58	2500	2092	0.00	229	0	0	0	nan	0.00	0.00	4.73	67.54	72.42	0.00	42	0	42	0.00	0.00	74.60	7.31	0.00	0.00	2000
688	27.40	2500	2108	0.00	251	0	0	0	nan	0.00	0.02	7.03	65.96	72.60	0.00	41	0	42	0.00	0.00	81.11	8.07	0.00	0.00	2000
688	27.61	2500	2092	0.00	232	0	0	0	nan	0.00	0.00	4.73	67.50	72.39	0.00	42	0	42	0.00	0.00	75.62	7.34	0.00	0.00	2000
692	27.55	2500	2109	0.00	253	0	0	0	nan	0.00	0.00	5.72	67.17	72.45	0.00	41	0	42	0.00	0.00	80.89	7.96	0.00	0.00	2000
688	27.61	2500	2092	0.00	228	0	0	0	nan	0.00	0.02	4.87	67.35	72.39	0.00	41	0	42	0.00	0.00	74.77	7.34	0.00	0.00	2000
689	27.44	2500	2108	1.81	250	0	0	43	90.55	0.00	0.46	5.65	66.88	72.56	0.00	41	0	42	0.00	0.00	80.53	7.83	0.00	0.00	2000
686	27.53	2500	2092	0.11	231	0	0	0	nan	0.00	0.85	2.27	69.23	72.47	0.00	42	0	42	0.00	0.00	75.03	7.30	0.00	0.00	2000
689	27.43	2500	2108	0.00	246	0	0	0	nan	0.00	0.00	5.54	67.43	72.57	0.00	41	0	42	0.00	0.00	81.10	8.00	0.00	0.00	2000
686	27.52	2500	2092	0.00	235	0	0	0	nan	0.00	1.21	6.47	64.68	72.48	0.00	41	0	42	0.00	0.00	74.65	7.42	0.00	0.00	2000
687	27.39	2500	2108	0.00	245	0	0	0	nan	0.00	0.00	6.29	66.71	72.61	0.00	41	0	42	0.00	0.00	80.85	7.96	0.00	0.00	2000
686	27.53	2500	2093	0.00	234	0	0	0	nan	0.00	0.00	6.73	65.61	72.47	0.00	41	0	42	0.00	0.00	75.29	7.33	0.00	0.00	2000
688	27.42	2500	2108	0.00	244	0	0	0	nan	0.00	0.00	6.26	66.71	72.58	0.00	42	0	42	0.00	0.00	77.86	7.60	0.00	0.00	2000
685	27.49	2500	2092	0.00	231	0	0	0	nan	0.00	0.00	5.30	67.06	72.51	0.00	41	0	42	0.00	0.00	77.40	7.60	0.00	0.00	2000
687	27.37	2500	2109	0.00	247	0	0	0	nan	0.00	0.00	5.87	67.19	72.63	0.00	41	0	42	0.00	0.00	78.30	7.59	0.00	0.00	2000
687	27.59	2500	2092	0.00	234	0	0	0	nan	0.00	0.00	4.74	67.52	72.41	0.00	41	0	42	0.00	0.00	77.28	7.57	0.00	0.00	2000
686	27.33	2500	2108	0.00	247	0	0	0	nan	0.00	0.00	6.20	66.87	72.67	0.00	42	0	42	0.00	0.00	77.72	7.53	0.00	0.00	2000
687	27.57	2500	2092	0.00	229	0	0	0	nan	0.00	0.00	3.81	68.48	72.43	0.00	41	0	42	0.00	0.00	77.83	7.67	0.00	0.00	2000
686	27.34	2500	2108	0.00	252	0	0	0	nan	0.00	0.03	4.18	68.87	72.66	0.00	41	0	42	0.00	0.00	77.73	7.66	0.00	0.00	2000
689	27.64	2500	2092	0.00	232	0	0	0	nan	0.00	0.02	3.30	68.90	72.36	0.00	41	0	42	0.00	0.00	75.20	7.31	0.00	0.00	2000
687	27.39	2500	2108	1.16	254	0	0	42	90.11	0.00	0.00	6.79	66.24	72.61	0.00	41	0	42	0.00	0.00	80.56	7.88	0.00	0.00	2000
688	27.62	2500	2092	0.72	229	0	0	2	86.27	0.00	0.00	5.60	66.63	72.38	0.00	42	0	42	0.00	0.00	75.02	7.39	0.00	0.00	2000
686	27.32	2500	2109	0.00	250	0	0	0	nan	0.00	0.00	5.49	67.62	72.68	0.00	41	0	42	0.00	0.00	80.84	8.04	0.00	0.00	2000
686	27.53	2500	2092	0.00	231	0	0	0	nan	0.00	0.00	5.67	66.64	72.47	0.00	41	0	42	0.00	0.00	75.12	7.48	0.00	0.00	2000
688	27.40	2500	2109	0.00	248	0	0	0	nan	0.00	0.00	5.23	67.81	72.60	0.00	42	0	42	0.00	0.00	80.73	8.02	0.00	0.00	2000
685	27.52	2500	2092	0.00	230	0	0	0	nan	0.00	0.00	6.23	66.10	72.48	0.00	42	0	42	0.00	0.00	75.19	7.46	0.00	0.00	2000
688	27.41	2500	2107	0.00	246	0	0	0	nan	0.00	0.00	4.61	68.35	72.59	0.00	41	0	42	0.00	0.00	80.74	8.09	0.00	0.00	2000
667	27.75	2500	2018	0.00	234	0	0	0	nan	0.00	0.00	5.03	64.49	72.25	0.00	42	0	42	0.00	0.00	72.17	7.26	0.00	0.00	2000
723	27.76	2500	2187	0.00	262	0	0	0	nan	0.00	0.00	5.19	70.17	72.24	0.00	41	0	42	0.00	0.00	84.16	8.08	0.00	0.00	2000
686	27.51	2500	2095	0.00	234	0	0	0	nan	0.00	0.00	5.51	66.93	72.49	0.00	42	0	42	0.00	0.00	74.86	7.33	0.00	0.00	2000
688	27.41	2500	2108	0.00	246	0	0	0	nan	0.00	0.06	3.85	69.10	72.59	0.00	41	0	42	0.00	0.00	80.80	8.02	0.00	0.00	2000
686	27.55	2500	2091	0.00	238	0	0	0	nan	0.01	0.42	4.38	67.49	72.45	0.00	41	0	42	0.00	0.00	75.16	7.37	0.00	0.00	2000
686	27.38	2500	2103	0.00	246	0	0	0	nan	0.00	0.00	6.17	66.68	72.62	0.00	42	0	43	0.00	0.00	80.56	7.89	0.00	0.00	2000
688	27.56	2500	2098	0.00	232	0	0	0	nan	0.00	0.02	5.08	67.39	72.44	0.00	41	0	42	0.00	0.00	75.29	7.41	0.00	0.00	2000
687	27.36	2500	2108	0.68	243	0	0	36	90.60	0.00	0.00	6.74	66.31	72.64	0.00	41	0	42	0.00	0.00	80.84	7.90	0.00	0.00	2000
688	27.63	2500	2092	1.17	231	0	0	9	89.68	0.00	0.02	5.07	67.15	72.38	0.00	41	0	42	0.00	0.00	75.26	7.43	0.00	0.00	2000
688	27.41	2500	2108	0.00	255	0	0	0	nan	0.00	0.00	7.66	65.33	72.59	0.00	42	0	42	0.00	0.00	80.69	7.72	0.00	0.00	2000
687	27.58	2500	2092	0.00	231	0	0	0	nan	0.00	0.00	5.06	67.20	72.42	0.00	41	0	42	0.00	0.00	75.15	7.33	0.00	0.00	2000
688	27.38	2500	2109	0.00	249	0	0	0	nan	0.00	0.00	6.29	66.79	72.62	0.00	42	0	42	0.00	0.00	80.85	7.90	0.00	0.00	2000
689	27.65	2500	2092	0.00	230	0	0	0	nan	0.00	0.02	4.91	67.26	72.35	0.00	42	0	42	0.00	0.00	75.09	7.40	0.00	0.00	2000
687	27.36	2500	2108	0.00	249	0	0	0	nan	0.00	0.00	6.54	66.50	72.64	0.00	42	0	42	0.00	0.00	80.88	7.99	0.00	0.00	2000
690	27.73	2500	2092	0.00	228	0	0	0	nan	0.00	0.02	5.65	66.46	72.27	0.00	42	0	43	0.00	0.00	75.07	7.34	0.00	0.00	2000
688	27.40	2500	2109	0.00	250	0	0	0	nan	0.00	0.48	4.28	68.29	72.60	0.00	41	0	42	0.00	0.00	80.91	7.76	0.00	0.00	2000
686	27.54	2500	2092	0.00	229	0	0	0	nan	0.00	0.85	5.29	66.19	72.46	0.00	42	0	42	0.00	0.00	74.93	7.35	0.00	0.00	2000
689	27.43	2500	2109	0.00	246	0	0	0	nan	0.00	0.82	5.57	66.63	72.57	0.00	41	0	42	0.00	0.00	81.12	7.80	0.00	0.00	2000
685	27.51	2500	2092	0.00	231	0	0	0	nan	0.00	0.00	6.34	65.99	72.49	0.00	42	0	43	0.00	0.00	74.87	7.27	0.00	0.00	2000
688	27.41	2500	2108	0.00	246	0	0	0	nan	0.00	0.00	5.51	67.48	72.59	0.00	41	0	42	0.00	0.00	80.96	7.89	0.00	0.00	2000
686	27.54	2500	2092	0.00	233	0	0	0	nan	0.00	0.00	5.78	66.54	72.46	0.00	41	0	43	0.00	0.00	75.21	7.27	0.00	0.00	2000
689	27.46	2500	2108	0.06	247	0	0	20	90.43	0.00	0.00	5.70	67.24	72.54	0.00	42	0	42	0.00	0.00	80.88	7.90	0.00	0.00	2000
686	27.55	2500	2093	1.72	235	0	0	24	90.69	0.00	0.02	5.19	67.11	72.45	0.00	42	0	42	0.00	0.00	75.18	7.37	0.00	0.00	2000
687	27.37	2500	2108	0.00	247	0	0	0	nan	0.00	0.00	5.75	67.27	72.63	0.00	42	0	42	0.00	0.00	80.76	7.88	0.00	0.00	2000
688	27.60	2500	2092	0.00	233	0	0	0	nan	0.00	0.00	4.18	68.08	72.40	0.00	42	0	42	0.00	0.00	75.19	7.21	0.00	0.00	2000
686	27.35	2500	2108	0.00	247	0	0	0	nan	0.00	0.00	5.73	67.34	72.65	0.00	42	0	42	0.00	0.00	80.71	7.85	0.00	0.00	2000
689	27.67	2500	2091	0.00	232	0	0	0	nan	0.00	0.02	5.30	66.82	72.33	0.00	42	0	42	0.00	0.00	75.24	7.33	0.00	0.00	2000
687	27.36	2500	2110	0.00	250	0	0	0	nan	0.00	0.49	2.78	69.87	72.64	0.00	42	0	42	0.00	0.00	80.83	7.86	0.00	0.00	2000
689	27.65	2500	2092	0.00	228	0	0	0	nan	0.00	0.81	4.88	66.53	72.35	0.00	42	0	42	0.00	0.00	75.29	7.38	0.00	0.00	2000
687	27.36	2500	2108	0.00	247	0	0	0	nan	0.00	0.00	5.94	67.09	72.64	0.00	41	0	42	0.00	0.00	80.58	7.79	0.00	0.00	2000
687	27.60	2500	2091	0.00	230	0	0	0	nan	0.00	0.00	5.50	66.73	72.40	0.00	41	0	42	0.00	0.00	75.09	7.33	0.00	0.00	2000
686	27.34	2500	2109	0.00	248	0	0	0	nan	0.00	0.00	5.42	67.67	72.66	0.00	42	0	42	0.00	0.00	80.95	7.95	0.00	0.00	2000
686	27.53	2500	2092	0.00	228	0	0	0	nan	0.00	0.00	5.32	67.01	72.48	0.00	42	0	42	0.00	0.00	75.11	7.26	0.00	0.00	2000
689	27.44	2500	2108	0.00	248	0	0	0	nan	0.00	0.00	5.46	67.51	72.56	0.00	41	0	42	0.00	0.00	80.78	7.83	0.00	0.00	2000
685	27.51	2500	2092	0.00	230	0	0	0	nan	0.00	0.00	6.19	66.15	72.49	0.00	42	0	43	0.00	0.00	75.19	7.46	0.00	0.00	2000
689	27.47	2500	2107	0.00	246	0	0	5	87.70	0.00	0.00	4.83	68.06	72.53	0.00	42	0	42	0.00	0.00	78.12	7.58	0.00	0.00	2000
686	27.55	2500	2093	1.78	233	0	0	37	91.31	0.00	0.00	4.42	67.90	72.45	0.00	42	0	43	0.00	0.00	77.56	7.24	0.00	0.00	2000
689	27.45	2500	2109	0.00	245	0	0	0	nan	0.00	0.00	4.83	68.14	72.55	0.00	42	0	42	0.00	0.00	78.09	7.78	0.00	0.00	2000
686	27.55	2500	2091	0.00	232	0	0	0	nan	0.00	0.04	4.18	68.06	72.46	0.00	42	0	42	0.00	0.00	75.21	7.50	0.00	0.00	2000
446	17.82	2330	2255	0.00	308	0	0	0	nan	0.01	0.02	6.29	82.07	82.18	0.00	39	0	43	0.00	0.00	76.30	7.80	0.00	0.00	2000
241	11.55	2011	2175	0.00	284	0	0	0	nan	0.00	0.98	7.69	83.12	88.45	0.00	38	0	42	0.00	0.00	75.47	8.58	0.00	0.00	2000
82	7.49	1105	2082	0.00	193	0	0	0	nan	0.00	0.00	8.26	83.53	92.51	0.00	37	0	42	0.00	0.00	59.23	7.41	0.00	0.00	2000
75	6.69	1105	2124	0.00	209	0	0	0	nan	0.00	0.02	3.18	91.16	93.31	0.00	37	0	42	0.00	0.00	59.24	7.56	0.00	0.00	2000
133	8.49	1569	2091	0.00	49	0	0	0	nan	0.00	0.03	13.51	77.78	91.51	0.00	37	0	43	0.00	0.00	53.63	6.57	0.00	0.00	2000
