Avg_MHz	Busy%	Bzy_MHz	TSC_MHz	IPC	IRQ	NMI	SMI	LLCMRPS	LLC%hit	POLL%	C1%	C1E%	C6%	CPU%c1	CPU%c6	CoreTmp	CoreThr	PkgTmp	Pkg%pc2	Pkg%pc6	PkgWatt	RAMWatt	PKG_%	RAM_%	UncMHz
215	12.77	1769	2000	0.00	274	0	0	0	nan	0.00	0.01	17.51	65.53	87.23	0.00	38	0	42	0.00	0.00	49.97	6.42	0.00	0.00	2000
430	18.18	2199	2261	0.00	269	0	0	0	nan	0.01	1.27	13.86	73.42	81.82	0.00	38	0	42	0.00	0.00	80.24	8.77	0.00	0.00	2000
82	6.77	1190	2128	0.00	199	0	0	0	nan	0.00	0.00	12.97	81.50	93.23	0.00	37	0	42	0.00	0.00	61.95	7.73	0.00	0.00	2000
74	6.31	1176	2105	0.00	195	0	0	0	nan	0.00	0.02	2.64	91.10	93.69	0.00	37	0	43	0.00	0.00	58.89	7.50	0.00	0.00	2000
73	6.52	1127	2085	0.00	193	0	0	0	nan	0.00	0.00	3.23	89.53	93.48	0.00	37	0	43	0.00	0.00	55.76	7.12	0.00	0.00	2000
74	6.37	1148	2116	0.00	194	0	0	0	nan	0.00	0.00	3.45	90.85	93.63	0.00	37	0	43	0.00	0.00	58.35	7.45	0.00	0.00	2000
74	6.65	1108	2097	0.00	195	0	0	0	nan	0.00	0.00	3.26	90.02	93.35	0.00	37	0	42	0.00	0.00	58.09	7.33	0.00	0.00	2000
73	6.39	1132	2106	0.00	194	0	0	0	nan	0.00	0.00	3.32	90.52	93.61	0.00	37	0	43	0.00	0.00	59.02	7.58	0.00	0.00	2000
73	6.29	1159	2092	0.00	194	0	0	0	nan	0.00	0.00	3.44	89.81	93.71	0.00	37	0	42	0.00	0.00	58.32	7.57	0.00	0.00	2000
72	6.51	1100	2108	0.00	193	0	0	0	nan	0.00	0.00	3.35	90.48	93.49	0.00	37	0	43	0.00	0.00	58.12	7.48	0.00	0.00	2000
72	6.46	1120	2093	0.00	195	0	0	0	nan	0.00	0.00	3.59	89.59	93.54	0.00	37	0	42	0.00	0.00	57.90	7.39	0.00	0.00	2000
73	6.53	1108	2108	0.00	193	0	0	0	nan	0.00	0.01	2.46	91.37	93.47	0.00	37	0	42	0.00	0.00	58.62	7.58	0.00	0.00	2000
73	6.46	1128	2094	0.00	194	0	0	0	nan	0.00	0.01	2.75	90.41	93.54	0.00	37	0	42	0.00	0.00	57.98	7.60	0.00	0.00	2000
73	6.39	1132	2104	0.00	195	0	0	0	nan	0.00	0.00	2.85	90.89	93.61	0.00	37	0	43	0.00	0.00	58.87	7.48	0.00	0.00	2000
73	6.67	1098	2101	0.00	193	0	0	0	nan	0.00	0.01	2.88	90.58	93.33	0.00	37	0	43	0.00	0.00	55.45	7.54	0.00	0.00	2000
71	6.29	1138	2090	0.00	194	0	0	1	88.83	0.00	0.02	3.44	89.71	93.71	0.00	37	0	43	0.00	0.00	60.40	7.22	0.00	0.00	2000
73	6.39	1162	2075	0.07	195	0	0	1	87.93	0.00	0.00	3.19	89.11	93.61	0.00	37	0	43	0.00	0.00	59.03	7.58	0.00	0.00	2000
73	6.26	1162	2114	0.00	197	0	0	0	nan	0.00	0.01	2.22	92.02	93.74	0.00	37	0	42	0.00	0.00	58.59	7.50	0.00	0.00	2000
131	8.21	1585	2109	0.00	206	0	0	0	nan	0.00	0.58	5.33	86.28	91.79	0.00	38	0	43	0.00	0.00	61.06	7.52	0.00	0.00	2000
232	11.12	2074	2111	0.00	197	0	0	0	nan	0.00	0.00	7.39	82.06	88.88	0.00	40	0	42	0.00	0.00	65.46	7.59	0.00	0.00	2000
229	10.82	2121	2091	0.00	198	0	0	0	nan	0.00	0.00	5.69	83.13	89.18	0.00	40	0	42	0.00	0.00	63.08	7.30	0.00	0.00	2000
232	11.03	2091	2111	0.00	198	0	0	0	nan	0.00	0.00	4.37	85.12	88.97	0.00	40	0	42	0.00	0.00	67.00	7.83	0.00	0.00	2000
235	11.52	2086	2056	0.00	203	0	0	0	nan	0.00	0.00	6.29	80.44	88.48	0.00	39	0	42	0.00	0.00	61.20	7.10	0.00	0.00	2000
231	10.80	2109	2129	0.00	214	0	0	0	nan	0.00	0.00	7.24	83.28	89.20	0.00	38	0	42	0.00	0.00	69.79	8.20	0.00	0.00	2000
229	11.20	2057	2087	0.00	198	0	0	0	nan	0.00	0.00	5.82	82.54	88.80	0.00	37	0	42	0.00	0.00	65.75	7.67	0.00	0.00	2000
231	11.28	2021	2125	0.00	198	0	0	0	nan	0.00	0.00	6.11	83.70	88.72	0.00	38	0	43	0.00	0.00	66.51	7.86	0.00	0.00	2000
230	11.16	2068	2091	0.00	198	0	0	0	nan	0.00	0.00	5.65	82.94	88.84	0.00	38	0	43	0.00	0.00	65.70	7.85	0.00	0.00	2000
235	11.19	2086	2112	0.00	204	0	0	0	nan	0.00	0.00	6.93	82.55	88.81	0.00	38	0	43	0.00	0.00	67.34	7.66	0.00	0.00	2000
235	11.25	2116	2069	0.00	198	0	0	0	nan	0.00	0.00	6.29	81.24	88.75	0.00	39	0	42	0.00	0.00	60.83	7.17	0.00	0.00	2000
234	10.94	2103	2132	0.00	198	0	0	0	nan	0.00	0.00	6.18	84.34	89.06	0.00	39	0	42	0.00	0.00	66.47	7.58	0.00	0.00	2000
231	10.96	2115	2097	0.00	200	0	0	0	nan	0.00	0.01	2.71	86.18	89.04	0.00	39	0	43	0.00	0.00	64.77	7.33	0.00	0.00	2000
224	10.84	2109	2059	0.00	184	0	0	0	nan	0.00	0.04	2.85	84.58	89.16	0.00	39	0	42	0.00	0.00	60.74	7.03	0.00	0.00	2000
234	11.11	2078	2132	0.00	220	0	0	5	96.50	0.00	0.39	4.13	85.77	88.89	0.00	39	0	43	0.00	0.00	66.19	7.66	0.00	0.00	2000
224	10.70	2111	2082	0.66	212	0	0	14	97.45	0.00	0.00	7.07	81.54	89.30	0.00	39	0	43	0.00	0.00	66.74	7.36	0.00	0.00	2000
228	11.03	2071	2095	0.00	199	0	0	0	nan	0.00	0.00	4.73	84.13	88.97	0.00	39	0	43	0.00	0.00	62.05	7.16	0.00	0.00	2000
233	11.12	2079	2121	0.00	215	0	0	0	nan	0.00	0.00	5.41	84.42	88.88	0.00	39	0	43	0.00	0.00	65.99	7.51	0.00	0.00	2000
229	10.94	2094	2099	0.00	213	0	0	0	nan	0.00	0.02	4.91	84.09	89.06	0.00	39	0	43	0.00	0.00	65.12	7.26	0.00	0.00	2000
229	10.81	2097	2123	0.00	214	0	0	0	nan	0.00	0.03	3.77	86.43	89.19	0.00	39	0	43	0.00	0.00	67.99	7.82	0.00	0.00	2000
227	10.71	2137	2082	0.00	194	0	0	0	nan	0.00	0.02	3.87	84.74	89.29	0.00	39	0	42	0.00	0.00	64.33	7.43	0.00	0.00	2000
228	10.81	2108	2105	0.00	196	0	0	0	nan	0.00	0.02	3.63	85.81	89.19	0.00	39	0	42	0.00	0.00	66.42	7.60	0.00	0.00	2000
232	11.41	2026	2108	0.00	195	0	0	0	nan	0.00	0.00	3.04	85.98	88.59	0.00	39	0	43	0.00	0.00	63.62	7.45	0.00	0.00	2000
231	11.02	2089	2107	0.00	194	0	0	0	nan	0.00	0.00	3.35	85.94	88.98	0.00	39	0	43	0.00	0.00	65.11	7.79	0.00	0.00	2000
222	10.98	2058	2058	0.00	194	0	0	0	nan	0.00	0.02	3.49	83.92	89.02	0.00	39	0	43	0.00	0.00	63.18	7.41	0.00	0.00	2000
230	11.13	2037	2129	0.00	211	0	0	0	nan	0.01	0.02	2.98	87.13	88.87	0.00	39	0	43	0.00	0.00	67.79	7.97	0.00	0.00	2000
229	11.03	2072	2107	0.00	194	0	0	0	nan	0.00	0.00	2.94	86.42	88.97	0.00	39	0	43	0.00	0.00	64.92	7.77	0.00	0.00	2000
227	11.10	2060	2080	0.00	195	0	0	0	nan	0.00	0.03	3.34	84.76	88.90	0.00	39	0	43	0.00	0.00	62.85	7.33	0.00	0.00	2000
226	11.02	2071	2077	0.00	194	0	0	0	nan	0.00	0.00	2.40	85.80	88.98	0.00	39	0	43	0.00	0.00	61.26	7.13	0.00	0.00	2000
232	10.89	2084	2145	0.00	209	0	0	0	nan	0.00	0.00	2.19	88.88	89.11	0.00	39	0	42	0.00	0.00	69.55	8.14	0.00	0.00	2000
226	10.92	2087	2086	0.00	193	0	0	0	nan	0.00	0.02	3.02	85.59	89.08	0.00	39	0	43	0.00	0.00	65.32	7.66	0.00	0.00	2000
229	10.96	2077	2114	0.08	194	0	0	7	96.74	0.00	0.00	2.29	87.34	89.04	0.00	39	0	43	0.00	0.00	65.28	7.53	0.00	0.00	2000
230	11.26	2042	2097	0.71	195	0	0	6	96.87	0.00	0.00	3.23	85.47	88.74	0.00	39	0	43	0.00	0.00	64.12	7.38	0.00	0.00	2000
226	10.86	2107	2078	0.00	194	0	0	0	nan	0.00	0.00	2.99	85.27	89.14	0.00	39	0	43	0.00	0.00	64.66	7.47	0.00	0.00	2000
226	11.03	2070	2081	0.00	194	0	0	0	nan	0.01	0.00	2.07	86.20	88.97	0.00	39	0	43	0.00	0.00	60.96	7.13	0.00	0.00	2000
227	10.94	2074	2097	0.00	211	0	0	0	nan	0.00	0.02	2.28	86.76	89.06	0.00	39	0	43	0.00	0.00	64.59	7.32	0.00	0.00	2000
235	11.19	2061	2141	0.00	227	0	0	0	nan	0.00	0.00	3.09	87.55	88.81	0.00	39	0	42	0.00	0.00	66.37	7.68	0.00	0.00	2000
223	10.66	2116	2074	0.00	194	0	0	0	nan	0.00	0.00	4.67	83.59	89.34	0.00	39	0	43	0.00	0.00	63.26	7.37	0.00	0.00	2000
228	11.04	2082	2086	0.00	195	0	0	0	nan	0.00	0.03	3.46	85.02	88.96	0.00	40	0	43	0.00	0.00	64.54	7.49	0.00	0.00	2000
228	11.05	2050	2115	0.00	213	0	0	0	nan	0.01	0.00	3.16	86.56	88.95	0.00	39	0	43	0.00	0.00	65.75	7.56	0.00	0.00	2000
235	11.09	2079	2138	0.00	211	0	0	0	nan	0.00	0.00	2.84	87.76	88.91	0.00	39	0	43	0.00	0.00	68.75	8.02	0.00	0.00	2000
224	10.56	2162	2066	0.00	195	0	0	0	nan	0.00	0.00	3.03	84.86	89.44	0.00	39	0	43	0.00	0.00	60.07	7.05	0.00	0.00	2000
228	11.10	2065	2087	0.00	226	0	0	0	nan	0.00	0.02	3.66	84.79	88.90	0.00	39	0	43	0.00	0.00	64.51	7.52	0.00	0.00	2000
226	10.96	2065	2100	0.00	193	0	0	0	nan	0.00	0.01	2.97	86.10	89.04	0.00	40	0	43	0.00	0.00	64.75	7.57	0.00	0.00	2000
236	11.37	2133	2044	0.00	214	0	0	0	nan	0.00	0.00	3.35	82.92	88.63	0.00	38	0	43	0.00	0.00	65.14	7.90	0.00	0.00	2000
228	10.51	2085	2183	0.00	227	0	0	0	nan	0.00	0.00	5.58	87.57	89.49	0.00	39	0	43	0.00	0.00	67.88	8.08	0.00	0.00	2000
235	11.04	2103	2126	0.00	194	0	0	0	nan	0.00	0.00	3.99	86.19	88.96	0.00	40	0	43	0.00	0.00	63.90	7.48	0.00	0.00	2000
229	10.65	2158	2090	0.00	179	0	0	0	74.82	0.00	0.01	3.43	85.54	89.35	0.00	40	0	43	0.00	0.00	66.85	7.93	0.00	0.00	2000
228	11.23	2068	2058	0.53	196	0	0	21	91.27	0.00	0.01	3.34	83.81	88.78	0.00	40	0	43	0.00	0.00	62.34	7.23	0.00	0.00	2000
234	11.19	2049	2139	0.06	210	0	0	0	nan	0.00	0.00	4.42	86.15	88.81	0.00	40	0	42	0.00	0.00	67.60	7.80	0.00	0.00	2000
234	11.16	2091	2103	0.00	196	0	0	0	nan	0.00	0.00	4.01	85.00	88.84	0.00	39	0	42	0.00	0.00	65.11	7.67	0.00	0.00	2000
230	11.07	2067	2112	0.00	194	0	0	0	nan	0.00	0.00	4.29	85.24	88.93	0.00	40	0	43	0.00	0.00	63.28	7.43	0.00	0.00	2000
229	11.02	2083	2098	0.00	195	0	0	0	nan	0.00	0.00	4.23	84.70	88.98	0.00	40	0	42	0.00	0.00	65.09	7.91	0.00	0.00	2000
217	11.64	2041	1919	0.00	195	0	0	0	nan	0.00	0.01	2.93	77.92	88.36	0.00	38	0	43	0.00	0.00	56.06	6.71	0.00	0.00	2000
246	10.36	2124	2345	0.00	262	0	0	0	nan	0.00	0.03	4.17	96.09	89.64	0.00	38	0	43	0.00	0.00	78.71	8.96	0.00	0.00	2000
226	10.72	2115	2095	0.00	195	0	0	0	nan	0.00	0.00	2.84	86.26	89.28	0.00	39	0	43	0.00	0.00	65.01	7.43	0.00	0.00	2000
225	11.03	2036	2101	0.00	195	0	0	0	nan	0.00	0.00	2.79	86.29	88.97	0.00	39	0	43	0.00	0.00	66.93	7.89	0.00	0.00	2000
223	10.93	2034	2102	0.00	211	0	0	0	nan	0.00	0.00	3.48	85.78	89.07	0.00	39	0	43	0.00	0.00	65.52	7.54	0.00	0.00	2000
224	10.96	2041	2104	0.00	198	0	0	0	nan	0.00	0.03	3.56	85.74	89.04	0.00	39	0	42	0.00	0.00	62.45	7.74	0.00	0.00	2000
222	10.64	2091	2098	0.00	196	0	0	0	nan	0.00	0.01	3.46	85.89	89.36	0.00	39	0	42	0.00	0.00	64.97	7.87	0.00	0.00	2000
223	10.56	2111	2098	0.00	195	0	0	0	nan	0.00	0.00	2.98	86.43	89.44	0.00	39	0	43	0.00	0.00	62.38	7.67	0.00	0.00	2000
231	10.89	2119	2105	0.00	198	0	0	0	nan	0.00	0.01	4.37	85.01	89.11	0.00	39	0	43	0.00	0.00	66.40	7.92	0.00	0.00	2000
223	10.84	2064	2095	0.00	196	0	0	0	nan	0.00	0.00	2.64	86.33	89.16	0.00	40	0	43	0.00	0.00	64.87	7.62	0.00	0.00	2000
223	10.76	2071	2099	0.00	196	0	0	0	nan	0.00	0.00	2.93	86.33	89.24	0.00	40	0	42	0.00	0.00	65.09	7.68	0.00	0.00	2000
221	10.81	2051	2092	0.00	212	0	0	4	45.68	0.00	0.00	3.12	85.86	89.19	0.00	40	0	43	0.00	0.00	64.26	7.64	0.00	0.00	2000
223	10.59	2093	2110	0.23	195	0	0	9	40.18	0.00	0.02	3.08	86.84	89.41	0.00	39	0	43	0.00	0.00	64.90	7.92	0.00	0.00	2000
225	10.88	2069	2100	0.00	196	0	0	0	nan	0.00	0.00	3.65	85.52	89.12	0.00	38	0	43	0.00	0.00	61.80	7.57	0.00	0.00	2000
221	10.59	2094	2096	0.00	194	0	0	0	nan	0.00	0.00	2.78	86.50	89.41	0.00	38	0	43	0.00	0.00	64.55	7.89	0.00	0.00	2000
222	10.80	2051	2107	0.00	194	0	0	0	nan	0.00	0.02	3.10	86.47	89.20	0.00	39	0	43	0.00	0.00	64.21	7.74	0.00	0.00	2000
222	10.66	2084	2101	0.00	195	0	0	0	nan	0.00	0.00	3.34	86.07	89.34	0.00	39	0	43	0.00	0.00	66.59	7.86	0.00	0.00	2000
218	11.21	2079	1963	0.00	197	0	0	0	nan	0.00	0.00	2.50	80.62	88.79	0.00	39	0	43	0.00	0.00	61.34	7.27	0.00	0.00	2000
229	10.35	2064	2249	0.00	196	0	0	0	nan	0.00	0.00	2.83	93.13	89.65	0.00	39	0	43	0.00	0.00	66.32	7.78	0.00	0.00	2000
222	10.74	2070	2096	0.00	195	0	0	0	nan	0.00	0.01	3.01	86.14	89.26	0.00	40	0	43	0.00	0.00	65.01	7.63	0.00	0.00	2000
222	10.43	2134	2099	0.00	194	0	0	0	nan	0.00	0.02	2.98	86.51	89.57	0.00	40	0	43	0.00	0.00	65.01	7.86	0.00	0.00	2000
223	10.47	2125	2100	0.00	196	0	0	0	nan	0.00	0.02	3.06	86.45	89.53	0.00	40	0	42	0.00	0.00	64.81	7.69	0.00	0.00	2000
223	10.72	2073	2105	0.00	195	0	0	0	nan	0.00	0.02	2.94	86.63	89.28	0.00	40	0	42	0.00	0.00	66.40	7.93	0.00	0.00	2000
224	10.32	2178	2094	0.00	196	0	0	0	nan	0.00	0.00	2.52	86.96	89.68	0.00	41	0	43	0.00	0.00	64.53	7.76	0.00	0.00	2000
220	10.66	2056	2108	0.00	194	0	0	0	nan	0.01	0.00	3.15	86.51	89.34	0.00	40	0	43	0.00	0.00	66.56	8.08	0.00	0.00	2000
551	24.07	2455	1957	0.00	202	0	0	0	nan	0.00	0.01	1.96	68.89	75.93	0.00	38	0	42	0.00	0.00	60.89	7.72	0.00	0.00	2000
688	27.49	2500	2101	0.00	268	0	0	0	nan	0.00	0.00	3.81	68.87	72.51	0.00	39	0	43	0.00	0.00	72.90	9.07	0.00	0.00	2000
686	27.44	2500	2100	0.00	261	0	0	0	nan	0.00	0.00	3.45	69.23	72.56	0.00	39	0	43	0.00	0.00	73.06	8.91	0.00	0.00	2000
688	27.54	2500	2100	0.22	250	0	0	47	25.00	0.00	0.00	3.75	68.82	72.46	0.00	39	0	43	0.00	0.00	73.11	8.96	0.00	0.00	2000
687	27.49	2500	2100	0.00	260	0	0	0	nan	0.00	0.00	3.44	69.18	72.51	0.00	39	0	43	0.00	0.00	73.04	8.98	0.00	0.00	2000
688	27.51	2500	2100	0.00	251	0	0	0	nan	0.00	0.00	3.75	68.87	72.49	0.00	39	0	43	0.00	0.00	73.06	9.02	0.00	0.00	2000
687	27.47	2500	2100	0.00	261	0	0	0	nan	0.00	0.00	3.42	69.22	72.53	0.00	39	0	43	0.00	0.00	73.13	8.80	0.00	0.00	2000
689	27.54	2500	2100	0.00	252	0	0	0	nan	0.00	0.00	3.88	68.72	72.46	0.00	39	0	43	0.00	0.00	73.38	9.01	0.00	0.00	2000
698	27.92	2500	2099	0.00	262	0	0	0	nan	0.00	0.00	3.90	68.29	72.08	0.00	39	0	43	0.00	0.00	73.46	8.93	0.00	0.00	2000
688	27.52	2500	2100	0.00	251	0	0	0	nan	0.00	0.00	3.41	69.20	72.48	0.00	39	0	42	0.00	0.00	72.96	9.00	0.00	0.00	2000
688	27.50	2500	2100	0.00	261	0	0	0	nan	0.00	0.00	3.48	69.14	72.50	0.00	39	0	43	0.00	0.00	73.39	9.00	0.00	0.00	2000
688	27.51	2500	2099	0.00	251	0	0	0	nan	0.00	0.00	3.47	69.11	72.49	0.00	39	0	42	0.00	0.00	72.82	8.89	0.00	0.00	2000
686	27.47	2500	2099	0.00	259	0	0	0	nan	0.00	0.00	3.45	69.16	72.53	0.00	39	0	43	0.00	0.00	73.19	8.88	0.00	0.00	2000
645	24.89	2500	2175	0.00	262	0	0	0	nan	0.00	0.00	4.42	73.52	75.11	0.00	39	0	43	0.00	0.00	76.85	9.43	0.00	0.00	2000
353	15.26	2267	2140	0.00	263	0	0	0	nan	0.00	0.00	7.82	78.58	84.74	0.00	38	0	42	0.00	0.00	70.47	8.27	0.00	0.00	2000
222	10.57	2082	2115	0.00	206	0	0	0	nan	0.00	0.00	4.97	85.19	89.43	0.00	38	0	43	0.00	0.00	62.94	7.59	0.00	0.00	2000
230	10.90	2080	2128	0.00	215	0	0	0	nan	0.00	0.00	4.75	85.63	89.10	0.00	39	0	42	0.00	0.00	67.45	7.88	0.00	0.00	2000
232	11.48	2025	2098	0.30	206	0	0	2	71.60	0.00	0.02	6.41	82.14	88.52	0.00	39	0	43	0.00	0.00	64.66	7.42	0.00	0.00	2000
230	11.12	2068	2101	0.39	200	0	0	1	86.43	0.02	0.00	6.00	83.01	88.88	0.00	39	0	43	0.00	0.00	64.89	7.45	0.00	0.00	2000
227	11.10	2049	2097	0.00	198	0	0	0	nan	0.00	0.00	4.75	84.07	88.90	0.00	39	0	42	0.00	0.00	64.93	7.29	0.00	0.00	2000
228	10.97	2080	2094	0.00	197	0	0	0	nan	0.00	0.01	4.20	84.68	89.03	0.00	39	0	42	0.00	0.00	65.46	7.43	0.00	0.00	2000
228	10.97	2079	2098	0.00	199	0	0	0	nan	0.00	0.02	4.90	84.12	89.03	0.00	39	0	42	0.00	0.00	65.90	7.61	0.00	0.00	2000
232	10.96	2105	2115	0.00	199	0	0	0	nan	0.00	0.00	5.89	83.88	89.04	0.00	40	0	43	0.00	0.00	65.79	7.61	0.00	0.00	2000
229	10.97	2093	2093	0.00	203	0	0	0	nan	0.01	0.02	2.92	85.91	89.03	0.00	39	0	43	0.00	0.00	61.59	7.01	0.00	0.00	2000
229	11.03	2076	2104	0.00	199	0	0	0	nan	0.00	1.02	4.10	84.21	88.97	0.00	39	0	43	0.00	0.00	67.71	7.57	0.00	0.00	2000
227	10.82	2102	2095	0.00	198	0	0	0	nan	0.00	0.02	6.36	82.62	89.18	0.00	39	0	43	0.00	0.00	61.66	7.41	0.00	0.00	2000
229	11.05	2074	2103	0.00	198	0	0	0	nan	0.00	0.00	6.40	82.81	88.95	0.00	40	0	42	0.00	0.00	67.48	7.37	0.00	0.00	2000
228	10.88	2094	2098	0.00	198	0	0	0	nan	0.00	0.00	5.72	83.39	89.12	0.00	39	0	43	0.00	0.00	61.84	7.43	0.00	0.00	2000
231	11.07	2083	2102	0.00	202	0	0	0	nan	0.00	0.00	6.49	82.58	88.93	0.00	39	0	43	0.00	0.00	64.40	7.59	0.00	0.00	2000
224	11.00	2065	2072	0.00	182	0	0	0	nan	0.00	0.00	6.54	81.42	89.00	0.00	38	0	43	0.00	0.00	62.76	7.50	0.00	0.00	2000
236	11.09	2098	2132	0.00	215	0	0	0	nan	0.00	0.00	7.77	82.58	88.92	0.00	39	0	42	0.00	0.00	67.12	7.61	0.00	0.00	2000
232	10.85	2140	2095	0.00	198	0	0	0	nan	0.00	0.02	5.09	83.90	89.15	0.00	39	0	42	0.00	0.00	66.10	7.97	0.00	0.00	2000
93	7.03	1327	2103	0.00	202	0	0	0	nan	0.00	0.04	5.39	87.65	92.97	0.00	37	0	43	0.00	0.00	60.24	7.60	0.00	0.00	2000
82	6.19	1326	2090	0.00	190	0	0	0	nan	0.00	0.00	6.59	86.63	93.81	0.00	37	0	43	0.00	0.00	60.40	7.48	0.00	0.00	2000
83	6.89	1201	2100	0.01	202	0	0	2	79.08	0.00	0.00	9.76	83.35	93.11	0.00	37	0	43	0.00	0.00	59.56	7.37	0.00	0.00	2000
75	6.94	1089	2091	0.21	199	0	0	2	91.39	0.01	0.02	4.50	88.22	93.06	0.00	37	0	42	0.00	0.00	58.12	7.37	0.00	0.00	2000
207	10.73	1929	2101	0.00	219	0	0	0	nan	0.00	0.00	4.98	84.39	89.27	0.00	39	0	43	0.00	0.00	62.81	7.45	0.00	0.00	2000
230	10.88	2084	2128	0.00	198	0	0	0	nan	0.00	0.05	3.74	86.55	89.12	0.00	40	0	43	0.00	0.00	68.52	7.95	0.00	0.00	2000
232	11.19	2074	2096	0.00	208	0	0	0	nan	0.00	0.00	6.24	82.50	88.81	0.00	40	0	43	0.00	0.00	64.45	7.31	0.00	0.00	2000
76	6.75	1129	2105	0.00	199	0	0	0	nan	0.00	0.02	6.48	87.05	93.25	0.00	38	0	43	0.00	0.00	59.64	7.59	0.00	0.00	2000
75	6.89	1095	2097	0.00	197	0	0	0	nan	0.00	0.02	6.44	86.65	93.11	0.00	37	0	43	0.00	0.00	58.74	7.44	0.00	0.00	2000
74	6.66	1117	2091	0.00	198	0	0	0	nan	0.00	0.02	6.53	86.47	93.34	0.00	37	0	42	0.00	0.00	59.76	7.70	0.00	0.00	2000
77	6.63	1148	2113	0.00	197	0	0	0	nan	0.00	0.00	4.42	89.53	93.37	0.00	38	0	42	0.00	0.00	60.42	7.52	0.00	0.00	2000
74	6.57	1147	2073	0.00	199	0	0	0	nan	0.00	0.01	5.93	86.35	93.43	0.00	37	0	43	0.00	0.00	55.33	7.09	0.00	0.00	2000
78	6.58	1166	2126	0.00	195	0	0	0	nan	0.00	0.02	2.89	91.68	93.42	0.00	37	0	43	0.00	0.00	62.26	7.91	0.00	0.00	2000
73	6.50	1125	2085	0.00	194	0	0	0	nan	0.01	0.00	3.51	89.29	93.50	0.00	38	0	43	0.00	0.00	56.28	7.35	0.00	0.00	2000
75	6.46	1167	2095	0.00	194	0	0	0	nan	0.00	0.00	4.07	89.25	93.54	0.00	37	0	42	0.00	0.00	56.43	7.15	0.00	0.00	2000
76	6.53	1161	2118	0.00	195	0	0	0	nan	0.00	0.00	4.33	90.00	93.47	0.00	37	0	43	0.00	0.00	60.87	7.60	0.00	0.00	2000
76	6.34	1226	2067	0.00	179	0	0	0	nan	0.00	0.01	3.67	88.54	93.66	0.00	37	0	43	0.00	0.00	58.72	7.39	0.00	0.00	2000
84	7.48	1109	2124	0.00	211	0	0	0	nan	0.00	0.00	6.75	86.90	92.52	0.00	37	0	43	0.00	0.00	59.66	7.51	0.00	0.00	2000
75	6.55	1149	2095	0.00	196	0	0	0	nan	0.00	0.00	3.77	89.48	93.45	0.00	37	0	42	0.00	0.00	59.55	7.60	0.00	0.00	2000
75	6.74	1114	2096	0.00	196	0	0	1	87.10	0.00	0.00	3.63	89.45	93.26	0.00	37	0	42	0.00	0.00	59.05	7.45	0.00	0.00	2000
75	6.74	1118	2099	0.09	195	0	0	2	89.57	0.00	0.02	2.87	90.39	93.26	0.00	37	0	43	0.00	0.00	58.48	7.65	0.00	0.00	2000
74	6.85	1070	2124	0.00	194	0	0	0	nan	0.00	0.02	2.86	91.37	93.15	0.00	37	0	42	0.00	0.00	59.82	7.71	0.00	0.00	2000
78	6.83	1137	2102	0.00	196	0	0	0	nan	0.00	0.00	3.71	89.47	93.17	0.00	37	0	42	0.00	0.00	59.35	7.63	0.00	0.00	2000
74	6.62	1117	2094	0.00	194	0	0	0	nan	0.00	0.02	3.44	89.74	93.38	0.00	37	0	43	0.00	0.00	59.39	7.50	0.00	0.00	2000
74	6.47	1152	2098	0.00	194	0	0	0	nan	0.00	0.01	3.58	89.80	93.53	0.00	37	0	43	0.00	0.00	56.54	7.28	0.00	0.00	2000
75	6.34	1179	2107	0.00	194	0	0	0	nan	0.00	0.01	3.38	90.55	93.66	0.00	37	0	42	0.00	0.00	58.35	7.45	0.00	0.00	2000
76	6.61	1160	2094	0.00	195	0	0	0	nan	0.00	0.00	2.70	90.46	93.39	0.00	37	0	42	0.00	0.00	58.51	7.64	0.00	0.00	2000
74	6.54	1135	2100	0.00	197	0	0	0	nan	0.00	0.00	4.60	88.60	93.46	0.00	37	0	42	0.00	0.00	57.62	7.86	0.00	0.00	2000
77	6.98	1105	2098	0.00	196	0	0	0	nan	0.00	0.00	3.38	89.62	93.02	0.00	37	0	43	0.00	0.00	59.09	7.04	0.00	0.00	2000
72	6.77	1076	2067	0.00	195	0	0	0	nan	0.00	0.01	3.19	88.71	93.23	0.00	37	0	43	0.00	0.00	59.71	7.50	0.00	0.00	2000
75	6.75	1107	2107	0.00	195	0	0	0	nan	0.00	0.00	2.19	91.28	93.25	0.00	37	0	43	0.00	0.00	60.38	7.67	0.00	0.00	2000
80	7.22	1108	2107	0.00	196	0	0	0	nan	0.00	0.02	4.34	88.73	92.78	0.00	37	0	43	0.00	0.00	58.23	7.52	0.00	0.00	2000
77	6.97	1089	2126	0.00	212	0	0	0	nan	0.00	0.00	4.52	89.60	93.03	0.00	37	0	43	0.00	0.00	58.10	7.33	0.00	0.00	2000
73	6.49	1146	2068	0.00	195	0	0	0	nan	0.00	0.02	3.71	88.32	93.51	0.00	38	0	42	0.00	0.00	57.24	7.24	0.00	0.00	2000
75	6.88	1097	2097	0.00	195	0	0	0	nan	0.00	0.00	2.56	90.39	93.12	0.00	37	0	43	0.00	0.00	58.54	7.43	0.00	0.00	2000
74	6.76	1087	2110	0.00	195	0	0	0	nan	0.00	0.00	4.10	89.46	93.24	0.00	37	0	42	0.00	0.00	61.50	7.71	0.00	0.00	2000
76	6.85	1097	2113	0.00	212	0	0	1	87.40	0.00	0.00	4.33	89.34	93.15	0.00	37	0	43	0.00	0.00	58.50	7.62	0.00	0.00	2000
76	6.58	1160	2087	0.30	179	0	0	2	89.11	0.00	0.00	4.30	88.66	93.42	0.00	37	0	42	0.00	0.00	59.59	7.54	0.00	0.00	2000
75	6.33	1174	2121	0.00	210	0	0	0	nan	0.00	0.02	4.03	90.49	93.67	0.00	37	0	42	0.00	0.00	58.42	7.44	0.00	0.00	2000
74	6.22	1195	2094	0.00	194	0	0	0	nan	0.00	0.02	3.90	89.55	93.78	0.00	37	0	43	0.00	0.00	58.37	7.50	0.00	0.00	2000
75	6.52	1143	2106	0.00	195	0	0	0	nan	0.00	0.02	4.19	89.41	93.48	0.00	37	0	42	0.00	0.00	57.69	7.34	0.00	0.00	2000
74	6.33	1169	2098	0.00	194	0	0	0	nan	0.00	0.02	3.62	89.83	93.67	0.00	37	0	43	0.00	0.00	59.43	7.59	0.00	0.00	2000
76	6.69	1142	2097	0.00	195	0	0	0	nan	0.00	0.00	3.85	89.33	93.31	0.00	37	0	42	0.00	0.00	59.06	7.52	0.00	0.00	2000
74	6.75	1095	2097	0.00	194	0	0	0	nan	0.00	0.00	3.99	89.11	93.25	0.00	37	0	42	0.00	0.00	58.92	7.62	0.00	0.00	2000
75	6.39	1175	2108	0.00	196	0	0	0	nan	0.00	0.00	4.49	89.32	93.61	0.00	37	0	43	0.00	0.00	59.71	7.71	0.00	0.00	2000
74	6.26	1183	2102	0.00	179	0	0	0	nan	0.00	0.00	3.40	90.23	93.74	0.00	37	0	42	0.00	0.00	57.24	7.42	0.00	0.00	2000
75	6.45	1175	2089	0.00	194	0	0	0	nan	0.00	0.00	3.84	89.15	93.55	0.00	37	0	43	0.00	0.00	56.98	7.39	0.00	0.00	2000
74	6.94	1078	2083	0.00	198	0	0	0	nan	0.00	0.00	3.87	88.48	93.06	0.00	37	0	43	0.00	0.00	58.67	7.58	0.00	0.00	2000
75	6.73	1111	2103	0.00	213	0	0	0	nan	0.00	0.00	4.92	88.42	93.27	0.00	37	0	43	0.00	0.00	59.02	7.68	0.00	0.00	2000
74	6.70	1093	2121	0.00	194	0	0	0	nan	0.01	0.00	2.99	91.37	93.30	0.00	37	0	42	0.00	0.00	57.69	7.44	0.00	0.00	2000
75	6.37	1182	2098	0.00	195	0	0	0	nan	0.00	0.01	2.92	90.55	93.63	0.00	37	0	42	0.00	0.00	59.17	7.46	0.00	0.00	2000
74	6.68	1098	2107	0.00	194	0	0	0	nan	0.00	0.00	2.83	90.74	93.32	0.00	37	0	43	0.00	0.00	58.75	7.62	0.00	0.00	2000
75	6.95	1074	2099	0.00	196	0	0	0	nan	0.00	0.01	3.77	89.27	93.05	0.00	37	0	42	0.00	0.00	58.88	7.50	0.00	0.00	2000
76	6.87	1104	2099	0.00	195	0	0	0	87.31	0.00	0.00	3.05	90.11	93.13	0.00	37	0	42	0.00	0.00	59.43	7.52	0.00	0.00	2000
76	6.56	1158	2098	0.33	193	0	0	2	88.25	0.00	0.02	3.14	90.08	93.44	0.00	37	0	42	0.00	0.00	59.11	7.39	0.00	0.00	2000
73	6.64	1111	2082	0.13	195	0	0	0	nan	0.01	0.00	3.16	89.40	93.36	0.00	37	0	42	0.00	0.00	58.71	7.50	0.00	0.00	2000
74	6.77	1104	2083	0.00	195	0	0	0	nan	0.00	0.00	3.14	89.37	93.23	0.00	37	0	43	0.00	0.00	57.44	7.40	0.00	0.00	2000
73	6.61	1089	2137	0.00	194	0	0	0	nan	0.00	0.02	2.44	92.60	93.39	0.00	37	0	43	0.00	0.00	61.13	7.88	0.00	0.00	2000
77	6.75	1143	2094	0.00	196	0	0	0	nan	0.00	0.03	3.59	89.35	93.25	0.00	37	0	43	0.00	0.00	61.59	7.70	0.00	0.00	2000
73	6.70	1089	2107	0.00	211	0	0	0	nan	0.00	0.00	2.92	90.74	93.30	0.00	37	0	42	0.00	0.00	58.03	7.43	0.00	0.00	2000
98	7.65	1305	2070	0.00	178	0	0	0	nan	0.00	0.00	4.15	86.96	92.35	0.00	37	0	42	0.00	0.00	59.07	7.48	0.00	0.00	2000
74	6.94	1053	2123	0.00	211	0	0	0	nan	0.00	0.00	4.54	89.58	93.06	0.00	37	0	43	0.00	0.00	58.63	7.59	0.00	0.00	2000
74	6.50	1147	2086	0.00	194	0	0	0	nan	0.00	0.01	3.51	89.37	93.50	0.00	37	0	42	0.00	0.00	59.12	7.56	0.00	0.00	2000
76	6.35	1191	2109	0.00	197	0	0	0	nan	0.00	0.00	4.65	89.33	93.65	0.00	37	0	42	0.00	0.00	59.07	7.56	0.00	0.00	2000
74	6.95	1057	2109	0.00	196	0	0	0	nan	0.00	0.00	2.97	90.48	93.05	0.00	37	0	42	0.00	0.00	58.38	7.33	0.00	0.00	2000
74	6.61	1126	2098	0.00	195	0	0	0	nan	0.00	0.01	3.17	90.13	93.39	0.00	37	0	42	0.00	0.00	59.90	7.60	0.00	0.00	2000
75	6.81	1093	2103	0.00	194	0	0	0	nan	0.00	0.01	2.92	90.45	93.19	0.00	37	0	42	0.00	0.00	58.32	7.63	0.00	0.00	2000
75	7.11	1068	2085	0.00	196	0	0	0	nan	0.00	0.00	3.34	88.88	92.89	0.00	37	0	43	0.00	0.00	57.86	7.36	0.00	0.00	2000
76	6.74	1135	2099	0.00	204	0	0	0	nan	0.00	0.02	6.82	86.36	93.26	0.00	37	0	42	0.00	0.00	59.96	7.50	0.00	0.00	2000
75	6.70	1123	2085	0.00	199	0	0	0	nan	0.00	0.00	5.55	87.11	93.30	0.00	37	0	42	0.00	0.00	58.38	7.34	0.00	0.00	2000
75	6.65	1115	2131	0.00	200	0	0	0	86.97	0.00	0.00	6.14	88.61	93.35	0.00	37	0	42	0.00	0.00	59.29	7.53	0.00	0.00	2000
74	6.34	1170	2086	0.30	199	0	0	1	87.19	0.00	0.00	4.74	88.20	93.66	0.00	37	0	42	0.00	0.00	59.12	7.57	0.00	0.00	2000
75	6.43	1162	2094	0.19	198	0	0	0	nan	0.00	0.00	5.27	87.98	93.57	0.00	37	0	42	0.00	0.00	59.25	7.68	0.00	0.00	2000
77	6.66	1161	2100	0.00	203	0	0	0	nan	0.02	0.03	4.84	88.49	93.34	0.00	37	0	42	0.00	0.00	59.29	7.72	0.00	0.00	2000
76	6.06	1255	2111	0.00	198	0	0	0	nan	0.00	1.09	4.44	88.94	93.94	0.00	37	0	43	0.00	0.00	60.77	7.61	0.00	0.00	2000
74	6.47	1147	2106	0.00	199	0	0	0	nan	0.00	0.06	2.73	90.90	93.53	0.00	37	0	43	0.00	0.00	58.65	7.59	0.00	0.00	2000
76	6.60	1137	2112	0.00	199	0	0	0	nan	0.00	0.00	4.73	89.37	93.40	0.00	37	0	42	0.00	0.00	59.38	7.69	0.00	0.00	2000
74	6.86	1079	2088	0.00	200	0	0	0	nan	0.00	0.00	5.33	87.39	93.14	0.00	37	0	43	0.00	0.00	59.23	7.72	0.00	0.00	2000
77	6.96	1101	2098	0.00	202	0	0	0	nan	0.00	0.02	5.35	87.57	93.04	0.00	37	0	42	0.00	0.00	56.71	7.21	0.00	0.00	2000
74	6.74	1099	2106	0.00	214	0	0	0	nan	0.00	0.01	5.80	87.63	93.26	0.00	37	0	43	0.00	0.00	59.24	7.47	0.00	0.00	2000
75	6.17	1217	2099	0.00	198	0	0	0	nan	0.00	0.00	5.91	87.65	93.83	0.00	37	0	42	0.00	0.00	63.63	8.16	0.00	0.00	2000
72	6.74	1080	2080	0.00	199	0	0	0	nan	0.00	0.00	5.55	86.91	93.26	0.00	37	0	42	0.00	0.00	56.84	7.49	0.00	0.00	2000
76	6.66	1134	2108	0.00	198	0	0	0	nan	0.00	0.00	4.17	89.55	93.34	0.00	37	0	42	0.00	0.00	58.01	7.36	0.00	0.00	2000
75	6.75	1117	2099	0.00	203	0	0	0	nan	0.00	0.01	4.82	88.36	93.25	0.00	37	0	43	0.00	0.00	58.04	7.42	0.00	0.00	2000
75	6.33	1183	2112	0.00	215	0	0	0	nan	0.01	0.00	5.17	88.94	93.67	0.00	38	0	42	0.00	0.00	57.99	7.46	0.00	0.00	2000
75	6.36	1172	2104	0.00	184	0	0	0	nan	0.00	0.00	5.36	88.39	93.64	0.00	37	0	42	0.00	0.00	60.06	7.70	0.00	0.00	2000
76	6.23	1233	2090	0.00	199	0	0	0	nan	0.00	0.00	5.62	87.58	93.77	0.00	37	0	42	0.00	0.00	59.58	7.51	0.00	0.00	2000
74	6.88	1087	2084	0.00	201	0	0	0	nan	0.00	0.02	6.76	85.74	93.12	0.00	37	0	42	0.00	0.00	59.16	7.69	0.00	0.00	2000
77	7.23	1066	2100	0.32	206	0	0	1	81.34	0.00	0.00	4.39	88.46	92.77	0.00	37	0	42	0.00	0.00	57.03	7.22	0.00	0.00	2000
74	6.63	1103	2110	0.19	197	0	0	0	nan	0.00	0.02	7.10	86.69	93.37	0.00	37	0	42	0.00	0.00	59.13	7.57	0.00	0.00	2000
75	6.75	1107	2108	0.00	199	0	0	0	nan	0.00	0.01	6.66	87.00	93.25	0.00	37	0	43	0.00	0.00	59.38	7.62	0.00	0.00	2000
73	6.92	1066	2078	0.00	199	0	0	0	nan	0.00	0.00	5.64	86.61	93.08	0.00	37	0	42	0.00	0.00	57.20	7.30	0.00	0.00	2000
79	6.43	1217	2123	0.00	228	0	0	0	nan	0.00	1.86	7.85	85.01	93.57	0.00	37	0	42	0.00	0.00	59.14	7.62	0.00	0.00	2000
76	6.67	1140	2107	0.00	203	0	0	0	nan	0.00	0.01	6.33	87.24	93.33	0.00	37	0	42	0.00	0.00	57.82	7.40	0.00	0.00	2000
75	6.88	1096	2082	0.00	201	0	0	0	nan	0.00	0.00	6.63	85.82	93.12	0.00	37	0	42	0.00	0.00	58.58	7.44	0.00	0.00	2000
74	6.65	1099	2117	0.00	199	0	0	0	nan	0.00	0.00	6.38	87.80	93.35	0.00	37	0	42	0.00	0.00	60.23	7.82	0.00	0.00	2000
75	6.76	1116	2082	0.00	199	0	0	0	nan	0.00	0.01	3.28	89.21	93.24	0.00	37	0	42	0.00	0.00	57.95	7.41	0.00	0.00	2000
73	6.73	1093	2092	0.00	199	0	0	0	nan	0.00	0.00	3.86	89.08	93.27	0.00	37	0	42	0.00	0.00	60.53	7.67	0.00	0.00	2000
76	7.25	1052	2095	0.00	207	0	0	0	nan	0.00	0.05	5.11	87.54	92.75	0.00	37	0	42	0.00	0.00	56.59	7.17	0.00	0.00	2000
74	6.60	1119	2109	0.00	215	0	0	0	nan	0.00	0.05	5.21	88.59	93.40	0.00	37	0	42	0.00	0.00	58.49	7.51	0.00	0.00	2000
75	7.02	1061	2116	0.00	198	0	0	0	nan	0.00	0.00	6.46	87.25	92.98	0.00	37	0	43	0.00	0.00	60.38	7.75	0.00	0.00	2000
75	6.75	1101	2105	0.00	198	0	0	0	nan	0.00	0.02	5.80	87.53	93.25	0.00	37	0	42	0.00	0.00	58.93	7.50	0.00	0.00	2000
76	6.85	1133	2057	0.00	198	0	0	0	nan	0.00	0.00	5.96	85.18	93.15	0.00	37	0	42	0.00	0.00	56.92	7.37	0.00	0.00	2000
74	6.79	1083	2115	0.00	196	0	0	0	nan	0.00	0.03	1.76	92.12	93.21	0.00	37	0	43	0.00	0.00	59.78	7.64	0.00	0.00	2000
75	6.57	1122	2131	0.00	210	0	0	0	nan	0.00	0.00	4.29	90.42	93.43	0.00	37	0	43	0.00	0.00	60.46	7.89	0.00	0.00	2000
74	6.42	1145	2100	0.33	194	0	0	1	84.51	0.01	0.00	3.56	89.91	93.58	0.00	37	0	42	0.00	0.00	58.56	7.46	0.00	0.00	2000
73	6.86	1079	2069	0.19	195	0	0	0	nan	0.00	0.01	3.36	88.45	93.14	0.00	37	0	42	0.00	0.00	58.78	7.46	0.00	0.00	2000
76	6.88	1099	2119	0.00	199	0	0	0	nan	0.00	0.00	4.46	89.53	93.12	0.00	37	0	42	0.00	0.00	59.57	7.50	0.00	0.00	2000
75	6.83	1095	2101	0.00	211	0	0	0	nan	0.00	0.00	3.40	89.77	93.17	0.00	37	0	42	0.00	0.00	58.28	7.36	0.00	0.00	2000
74	6.35	1163	2114	0.00	179	0	0	0	nan	0.00	0.02	3.28	90.92	93.65	0.00	37	0	42	0.00	0.00	60.41	7.67	0.00	0.00	2000
74	6.50	1148	2072	0.00	195	0	0	0	nan	0.00	0.00	3.17	89.09	93.50	0.00	37	0	42	0.00	0.00	56.74	7.18	0.00	0.00	2000
75	6.57	1127	2138	0.00	194	0	0	0	nan	0.00	0.03	3.76	91.32	93.43	0.00	37	0	43	0.00	0.00	60.93	7.71	0.00	0.00	2000
74	6.60	1131	2093	0.00	196	0	0	0	nan	0.00	0.00	3.56	89.53	93.40	0.00	37	0	42	0.00	0.00	59.97	7.53	0.00	0.00	2000
76	6.53	1164	2092	0.00	194	0	0	0	nan	0.00	0.03	2.77	90.26	93.47	0.00	37	0	43	0.00	0.00	54.20	7.02	0.00	0.00	2000
81	6.63	1226	2103	0.00	197	0	0	0	nan	0.00	0.02	3.85	89.49	93.37	0.00	37	0	43	0.00	0.00	58.98	7.49	0.00	0.00	2000
73	6.77	1084	2100	0.00	194	0	0	0	nan	0.00	0.00	3.02	90.20	93.23	0.00	37	0	42	0.00	0.00	58.65	7.59	0.00	0.00	2000
75	6.30	1192	2098	0.00	194	0	0	0	nan	0.00	0.02	2.85	90.64	93.70	0.00	37	0	42	0.00	0.00	58.65	7.75	0.00	0.00	2000
74	6.44	1148	2101	0.00	195	0	0	0	nan	0.00	0.00	3.45	90.04	93.56	0.00	37	0	43	0.00	0.00	62.16	7.62	0.00	0.00	2000
76	6.76	1133	2074	0.00	195	0	0	0	nan	0.00	0.03	3.50	88.59	93.24	0.00	37	0	42	0.00	0.00	56.92	7.26	0.00	0.00	2000
75	6.97	1072	2114	0.00	195	0	0	0	nan	0.00	0.03	3.36	90.30	93.03	0.00	37	0	42	0.00	0.00	58.48	7.54	0.00	0.00	2000
75	6.25	1192	2106	0.00	195	0	0	0	nan	0.00	0.02	3.45	90.48	93.75	0.00	37	0	42	0.00	0.00	59.98	7.60	0.00	0.00	2000
73	6.55	1125	2090	0.00	195	0	0	0	nan	0.00	0.02	2.78	90.23	93.45	0.00	37	0	42	0.00	0.00	57.24	7.28	0.00	0.00	2000
74	6.71	1099	2115	0.28	210	0	0	1	85.46	0.00	0.00	3.62	90.26	93.29	0.00	37	0	42	0.00	0.00	60.59	7.69	0.00	0.00	2000
74	6.25	1191	2088	0.22	196	0	0	0	nan	0.00	0.02	3.63	89.47	93.75	0.00	37	0	42	0.00	0.00	56.99	7.22	0.00	0.00	2000
76	6.46	1174	2117	0.00	194	0	0	0	nan	0.00	0.02	2.93	91.26	93.54	0.00	37	0	43	0.00	0.00	58.94	7.45	0.00	0.00	2000
73	6.44	1134	2092	0.00	194	0	0	0	nan	0.00	0.00	3.74	89.37	93.56	0.00	38	0	42	0.00	0.00	58.96	7.32	0.00	0.00	2000
75	6.62	1129	2107	0.00	193	0	0	0	nan	0.00	0.00	2.95	90.69	93.38	0.00	37	0	42	0.00	0.00	59.05	7.57	0.00	0.00	2000
73	6.66	1099	2105	0.00	195	0	0	0	nan	0.00	0.00	4.20	89.31	93.34	0.00	37	0	42	0.00	0.00	59.45	7.62	0.00	0.00	2000
76	6.53	1175	2079	0.00	197	0	0	0	nan	0.00	0.00	4.78	87.79	93.47	0.00	37	0	43	0.00	0.00	58.81	7.44	0.00	0.00	2000
74	6.53	1126	2109	0.00	196	0	0	0	nan	0.00	0.00	3.04	90.78	93.47	0.00	38	0	43	0.00	0.00	59.69	7.52	0.00	0.00	2000
75	6.71	1111	2103	0.00	194	0	0	0	nan	0.00	0.02	2.82	90.52	93.29	0.00	37	0	43	0.00	0.00	58.85	7.48	0.00	0.00	2000
74	6.57	1124	2103	0.00	195	0	0	0	nan	0.00	0.00	3.60	89.92	93.43	0.00	37	0	42	0.00	0.00	58.70	7.57	0.00	0.00	2000
74	6.53	1131	2095	0.00	194	0	0	0	nan	0.00	0.00	3.15	90.06	93.47	0.00	37	0	42	0.00	0.00	58.82	7.45	0.00	0.00	2000
74	6.96	1070	2080	0.00	195	0	0	0	nan	0.00	0.01	2.81	89.37	93.04	0.00	37	0	42	0.00	0.00	56.59	7.30	0.00	0.00	2000
75	6.35	1170	2116	0.00	196	0	0	0	nan	0.00	0.00	3.28	91.02	93.65	0.00	37	0	42	0.00	0.00	59.34	7.58	0.00	0.00	2000
73	6.22	1190	2082	0.00	196	0	0	0	nan	0.00	0.02	3.30	89.55	93.78	0.00	37	0	43	0.00	0.00	58.27	7.45	0.00	0.00	2000
76	6.80	1114	2117	0.00	195	0	0	0	nan	0.00	0.02	3.31	90.53	93.20	0.00	37	0	42	0.00	0.00	59.63	7.60	0.00	0.00	2000
74	6.54	1130	2094	0.00	194	0	0	0	nan	0.00	0.02	2.79	90.23	93.46	0.00	37	0	43	0.00	0.00	58.61	7.38	0.00	0.00	2000
77	6.51	1169	2114	0.00	195	0	0	0	nan	0.00	0.03	2.49	91.51	93.49	0.00	37	0	42	0.00	0.00	59.31	7.50	0.00	0.00	2000
82	7.19	1146	2085	0.40	196	0	0	3	49.56	0.00	0.02	3.98	88.16	92.81	0.00	38	0	42	0.00	0.00	58.47	7.57	0.00	0.00	2000
75	6.75	1102	2123	0.23	195	0	0	0	nan	0.00	0.03	3.00	91.30	93.25	0.00	37	0	42	0.00	0.00	59.57	7.61	0.00	0.00	2000
73	6.63	1109	2097	0.00	194	0	0	0	nan	0.00	0.00	3.24	90.02	93.37	0.00	37	0	42	0.00	0.00	59.21	7.60	0.00	0.00	2000
75	6.69	1124	2103	0.00	194	0	0	0	nan	0.00	0.01	3.17	90.36	93.31	0.00	37	0	42	0.00	0.00	59.75	7.59	0.00	0.00	2000
75	6.56	1144	2093	0.00	194	0	0	0	nan	0.00	0.00	3.38	89.76	93.44	0.00	37	0	42	0.00	0.00	59.22	7.67	0.00	0.00	2000
74	6.72	1115	2072	0.00	196	0	0	0	nan	0.00	0.02	3.09	88.85	93.28	0.00	38	0	43	0.00	0.00	56.83	7.15	0.00	0.00	2000
74	6.95	1052	2129	0.00	195	0	0	0	nan	0.00	0.02	2.29	92.06	93.05	0.00	37	0	42	0.00	0.00	55.44	7.42	0.00	0.00	2000
75	6.60	1131	2104	0.00	198	0	0	0	nan	0.00	0.02	3.77	89.81	93.40	0.00	37	0	43	0.00	0.00	63.47	7.40	0.00	0.00	2000
73	6.40	1154	2069	0.00	196	0	0	0	nan	0.00	0.01	2.39	89.73	93.60	0.00	37	0	42	0.00	0.00	55.50	7.38	0.00	0.00	2000
78	7.13	1073	2132	0.00	215	0	0	0	nan	0.00	0.00	6.27	88.07	92.87	0.00	37	0	42	0.00	0.00	63.77	8.32	0.00	0.00	2000
72	6.68	1094	2075	0.00	195	0	0	0	nan	0.00	0.00	3.88	88.37	93.32	0.00	37	0	42	0.00	0.00	54.78	7.08	0.00	0.00	2000
75	6.89	1082	2126	0.00	195	0	0	0	nan	0.00	0.00	2.92	91.37	93.11	0.00	37	0	42	0.00	0.00	61.94	7.95	0.00	0.00	2000
72	6.39	1143	2081	0.00	194	0	0	0	nan	0.00	0.00	3.68	89.02	93.61	0.00	37	0	42	0.00	0.00	57.85	7.45	0.00	0.00	2000
76	6.83	1106	2125	0.00	196	0	0	0	nan	0.00	0.00	3.12	91.05	93.17	0.00	37	0	42	0.00	0.00	59.29	7.44	0.00	0.00	2000
74	6.51	1163	2063	0.00	195	0	0	0	nan	0.00	0.00	3.86	87.98	93.49	0.00	37	0	42	0.00	0.00	56.64	7.24	0.00	0.00	2000
76	6.76	1106	2128	0.00	211	0	0	0	nan	0.00	0.02	2.16	92.31	93.24	0.00	37	0	43	0.00	0.00	57.63	7.43	0.00	0.00	2000
72	6.54	1115	2080	0.00	196	0	0	0	nan	0.00	0.01	3.97	88.56	93.46	0.00	38	0	43	0.00	0.00	59.44	7.48	0.00	0.00	2000
75	6.49	1145	2126	0.27	195	0	0	1	88.17	0.00	0.00	3.72	90.79	93.51	0.00	37	0	43	0.00	0.00	60.96	7.83	0.00	0.00	2000
74	6.35	1163	2096	0.21	194	0	0	0	88.44	0.00	0.02	3.25	90.21	93.65	0.00	37	0	42	0.00	0.00	59.00	7.50	0.00	0.00	2000
76	7.25	1042	2102	0.00	195	0	0	0	nan	0.00	0.00	2.95	89.86	92.75	0.00	37	0	43	0.00	0.00	58.19	7.46	0.00	0.00	2000
73	6.64	1101	2093	0.00	194	0	0	0	nan	0.00	0.02	3.12	89.79	93.36	0.00	37	0	43	0.00	0.00	58.78	7.65	0.00	0.00	2000
75	6.53	1146	2115	0.00	196	0	0	0	nan	0.00	0.00	2.36	91.61	93.47	0.00	37	0	42	0.00	0.00	58.46	7.41	0.00	0.00	2000
74	6.41	1156	2098	0.00	194	0	0	0	nan	0.00	0.00	3.10	90.42	93.59	0.00	37	0	42	0.00	0.00	60.05	7.76	0.00	0.00	2000
75	6.18	1216	2096	0.00	194	0	0	0	nan	0.01	0.00	3.25	90.28	93.82	0.00	37	0	43	0.00	0.00	54.43	6.85	0.00	0.00	2000
75	6.66	1121	2100	0.00	195	0	0	0	nan	0.00	0.02	3.25	90.09	93.34	0.00	37	0	43	0.00	0.00	58.82	7.41	0.00	0.00	2000
75	6.31	1200	2095	0.00	180	0	0	0	nan	0.00	0.00	3.05	90.38	93.69	0.00	37	0	43	0.00	0.00	59.59	7.51	0.00	0.00	2000
73	6.17	1197	2090	0.00	196	0	0	0	nan	0.00	0.00	2.80	90.49	93.83	0.00	37	0	43	0.00	0.00	59.53	7.61	0.00	0.00	2000
74	6.83	1093	2083	0.00	194	0	0	0	nan	0.00	0.00	2.67	89.78	93.17	0.00	37	0	43	0.00	0.00	57.29	7.36	0.00	0.00	2000
73	6.60	1093	2130	0.00	195	0	0	0	nan	0.00	0.00	3.87	90.92	93.40	0.00	37	0	43	0.00	0.00	58.81	7.35	0.00	0.00	2000
74	6.34	1177	2088	0.00	195	0	0	0	nan	0.00	0.01	2.93	90.15	93.66	0.00	37	0	42	0.00	0.00	59.39	7.56	0.00	0.00	2000
77	6.53	1178	2109	0.00	197	0	0	0	nan	0.00	0.03	3.89	89.91	93.47	0.00	37	0	43	0.00	0.00	58.66	7.42	0.00	0.00	2000
75	6.27	1191	2104	0.00	196	0	0	0	nan	0.00	0.01	2.93	90.92	93.73	0.00	37	0	43	0.00	0.00	58.54	7.43	0.00	0.00	2000
74	6.63	1111	2109	0.00	194	0	0	0	nan	0.00	0.02	2.23	91.47	93.37	0.00	37	0	42	0.00	0.00	59.95	7.71	0.00	0.00	2000
75	6.66	1122	2096	0.00	194	0	0	0	nan	0.00	0.00	3.17	90.10	93.34	0.00	37	0	43	0.00	0.00	59.27	7.44	0.00	0.00	2000
73	6.31	1162	2085	0.02	194	0	0	1	88.38	0.00	0.03	2.93	89.94	93.69	0.00	37	0	42	0.00	0.00	56.65	7.13	0.00	0.00	2000
78	6.57	1174	2119	0.29	195	0	0	2	91.22	0.00	0.01	3.55	90.65	93.43	0.00	37	0	43	0.00	0.00	57.52	7.32	0.00	0.00	2000
74	6.34	1166	2090	0.00	195	0	0	0	nan	0.00	0.02	3.20	90.01	93.66	0.00	37	0	43	0.00	0.00	56.34	7.54	0.00	0.00	2000
78	7.11	1093	2104	0.00	196	0	0	0	nan	0.00	0.00	4.71	88.30	92.89	0.00	37	0	43	0.00	0.00	61.11	7.42	0.00	0.00	2000
75	6.46	1158	2097	0.00	195	0	0	0	nan	0.00	0.00	3.88	89.42	93.54	0.00	38	0	43	0.00	0.00	58.53	7.33	0.00	0.00	2000
75	6.52	1147	2099	0.00	195	0	0	0	nan	0.00	0.02	3.47	89.93	93.48	0.00	38	0	43	0.00	0.00	58.85	7.43	0.00	0.00	2000
73	6.31	1166	2072	0.00	178	0	0	0	nan	0.00	0.01	3.45	88.87	93.69	0.00	37	0	43	0.00	0.00	58.58	7.25	0.00	0.00	2000
77	6.74	1122	2129	0.00	212	0	0	0	nan	0.00	0.00	5.10	89.42	93.26	0.00	37	0	43	0.00	0.00	58.76	7.36	0.00	0.00	2000
74	6.68	1114	2097	0.00	196	0	0	0	nan	0.00	0.01	3.84	89.41	93.32	0.00	37	0	43	0.00	0.00	58.67	7.47	0.00	0.00	2000
73	6.75	1091	2083	0.00	195	0	0	0	nan	0.00	0.02	3.55	89.03	93.25	0.00	37	0	43	0.00	0.00	59.12	7.48	0.00	0.00	2000
73	7.06	1027	2125	0.00	194	0	0	0	nan	0.00	0.02	2.46	91.57	92.94	0.00	37	0	42	0.00	0.00	61.44	7.75	0.00	0.00	2000
76	6.24	1211	2103	0.00	196	0	0	0	nan	0.00	0.00	3.02	90.75	93.76	0.00	38	0	43	0.00	0.00	54.20	7.02	0.00	0.00	2000
76	6.87	1102	2098	0.00	195	0	0	0	nan	0.00	0.01	3.87	89.14	93.13	0.00	37	0	43	0.00	0.00	58.81	7.28	0.00	0.00	2000
75	6.73	1120	2095	0.00	194	0	0	0	nan	0.00	0.00	3.21	89.75	93.27	0.00	37	0	43	0.00	0.00	63.48	8.08	0.00	0.00	2000
79	6.56	1202	2097	0.00	212	0	0	0	nan	0.00	0.00	7.04	86.22	93.44	0.00	37	0	42	0.00	0.00	57.20	7.17	0.00	0.00	2000
74	6.46	1149	2081	0.00	194	0	0	0	nan	0.01	0.00	3.16	89.46	93.54	0.00	37	0	43	0.00	0.00	56.60	7.22	0.00	0.00	2000
76	6.53	1151	2126	0.00	199	0	0	0	nan	0.00	0.02	4.37	90.25	93.47	0.00	37	0	43	0.00	0.00	58.90	7.34	0.00	0.00	2000
74	6.90	1091	2070	0.00	196	0	0	1	88.22	0.00	0.02	3.60	88.21	93.10	0.00	37	0	43	0.00	0.00	60.85	7.53	0.00	0.00	2000
74	6.68	1094	2123	0.08	210	0	0	1	89.76	0.00	0.00	3.81	90.52	93.32	0.00	37	0	43	0.00	0.00	58.85	7.50	0.00	0.00	2000
76	6.60	1139	2110	0.00	195	0	0	0	nan	0.00	0.01	3.87	89.88	93.40	0.00	37	0	43	0.00	0.00	58.08	7.44	0.00	0.00	2000
73	6.37	1153	2098	0.00	194	0	0	0	nan	0.00	0.00	4.18	89.28	93.63	0.00	37	0	43	0.00	0.00	58.02	7.61	0.00	0.00	2000
74	6.45	1149	2091	0.00	196	0	0	0	nan	0.00	0.02	3.79	89.28	93.55	0.00	37	0	43	0.00	0.00	58.62	7.39	0.00	0.00	2000
76	6.30	1197	2114	0.00	195	0	0	0	nan	0.00	0.01	2.62	91.49	93.70	0.00	37	0	43	0.00	0.00	59.16	7.39	0.00	0.00	2000
74	6.57	1134	2099	0.00	194	0	0	0	nan	0.00	0.02	3.64	89.69	93.43	0.00	37	0	43	0.00	0.00	58.88	7.41	0.00	0.00	2000
80	6.84	1172	2098	0.00	195	0	0	0	nan	0.00	0.02	4.20	88.77	93.16	0.00	37	0	43	0.00	0.00	58.92	7.26	0.00	0.00	2000
76	6.60	1145	2099	0.00	196	0	0	0	nan	0.00	0.00	4.20	89.07	93.40	0.00	37	0	43	0.00	0.00	58.69	7.48	0.00	0.00	2000
74	6.74	1104	2092	0.00	194	0	0	0	nan	0.00	0.00	3.91	89.00	93.26	0.00	38	0	43	0.00	0.00	58.96	7.56	0.00	0.00	2000
76	6.82	1120	2102	0.00	195	0	0	0	nan	0.00	0.00	3.52	89.63	93.18	0.00	37	0	42	0.00	0.00	58.43	7.40	0.00	0.00	2000
74	6.25	1190	2102	0.00	195	0	0	0	nan	0.00	0.00	3.11	90.62	93.75	0.00	37	0	42	0.00	0.00	59.76	7.40	0.00	0.00	2000
75	6.26	1199	2100	0.00	196	0	0	0	nan	0.00	0.01	3.47	90.17	93.74	0.00	37	0	43	0.00	0.00	58.62	7.45	0.00	0.00	2000
74	6.80	1091	2100	0.00	194	0	0	0	nan	0.00	0.00	3.69	89.48	93.20	0.00	37	0	43	0.00	0.00	57.77	7.46	0.00	0.00	2000
75	6.20	1216	2085	0.00	194	0	0	0	nan	0.00	0.00	3.47	89.52	93.80	0.00	37	0	43	0.00	0.00	59.48	7.43	0.00	0.00	2000
77	6.41	1187	2117	0.00	195	0	0	0	nan	0.00	0.00	3.80	90.54	93.59	0.00	37	0	43	0.00	0.00	58.70	7.57	0.00	0.00	2000
75	6.08	1238	2093	0.00	196	0	0	0	nan	0.00	0.03	3.55	89.94	93.92	0.00	37	0	43	0.00	0.00	58.53	7.64	0.00	0.00	2000
72	6.86	1045	2104	0.00	194	0	0	1	89.82	0.00	0.02	2.71	90.74	93.14	0.00	37	0	42	0.00	0.00	58.28	7.43	0.00	0.00	2000
75	6.99	1067	2100	0.10	195	0	0	2	89.94	0.00	0.02	2.89	90.19	93.01	0.00	37	0	42	0.00	0.00	57.58	7.52	0.00	0.00	2000
74	6.64	1119	2095	0.00	195	0	0	0	nan	0.00	0.00	3.54	89.57	93.36	0.00	37	0	43	0.00	0.00	58.44	7.52	0.00	0.00	2000
76	6.72	1132	2096	0.00	199	0	0	0	nan	0.00	0.01	3.14	90.02	93.28	0.00	37	0	43	0.00	0.00	59.02	7.58	0.00	0.00	2000
74	6.68	1099	2103	0.00	195	0	0	0	nan	0.00	0.01	2.89	90.45	93.32	0.00	37	0	43	0.00	0.00	59.01	7.57	0.00	0.00	2000
75	6.67	1123	2102	0.00	194	0	0	0	nan	0.00	0.00	3.15	90.19	93.33	0.00	37	0	43	0.00	0.00	57.00	7.33	0.00	0.00	2000
74	6.52	1131	2107	0.00	195	0	0	0	nan	0.00	0.00	3.47	90.27	93.48	0.00	37	0	43	0.00	0.00	59.86	7.68	0.00	0.00	2000
75	6.60	1136	2092	0.00	194	0	0	0	nan	0.00	0.03	3.16	89.89	93.40	0.00	37	0	43	0.00	0.00	58.67	7.53	0.00	0.00	2000
76	6.88	1096	2107	0.00	194	0	0	0	nan	0.00	0.00	2.88	90.55	93.12	0.00	37	0	42	0.00	0.00	59.00	7.58	0.00	0.00	2000
75	6.59	1145	2099	0.00	195	0	0	0	nan	0.01	0.00	3.15	90.16	93.41	0.00	37	0	43	0.00	0.00	59.10	7.63	0.00	0.00	2000
74	6.79	1086	2104	0.00	194	0	0	0	nan	0.00	0.00	3.41	90.00	93.21	0.00	37	0	42	0.00	0.00	58.32	7.46	0.00	0.00	2000
77	6.54	1180	2091	0.00	198	0	0	0	nan	0.00	0.00	3.34	89.74	93.46	0.00	37	0	42	0.00	0.00	58.63	7.51	0.00	0.00	2000
73	6.59	1111	2102	0.00	195	0	0	0	nan	0.00	0.00	2.70	90.85	93.41	0.00	37	0	43	0.00	0.00	58.42	7.45	0.00	0.00	2000
75	6.85	1097	2101	0.00	195	0	0	0	nan	0.00	0.00	2.99	90.28	93.15	0.00	37	0	43	0.00	0.00	58.52	7.48	0.00	0.00	2000
75	6.47	1162	2084	0.00	195	0	0	0	nan	0.00	0.00	2.99	89.78	93.53	0.00	37	0	43	0.00	0.00	58.18	7.42	0.00	0.00	2000
74	6.86	1083	2092	0.00	194	0	0	0	nan	0.00	0.00	2.24	90.46	93.14	0.00	37	0	42	0.00	0.00	58.02	7.47	0.00	0.00	2000
75	6.64	1120	2120	0.00	211	0	0	0	nan	0.00	0.04	4.04	90.10	93.36	0.00	37	0	42	0.00	0.00	62.20	8.00	0.00	0.00	2000
87	7.05	1248	2075	0.00	178	0	0	3	40.20	0.01	0.00	3.92	87.74	92.95	0.00	37	0	43	0.00	0.00	55.20	7.05	0.00	0.00	2000
81	6.64	1192	2139	0.30	211	0	0	3	79.79	0.01	0.00	5.14	89.83	93.36	0.00	37	0	43	0.00	0.00	61.40	7.98	0.00	0.00	2000
76	6.45	1183	2090	0.00	197	1	0	0	nan	0.00	0.00	3.59	89.52	93.55	0.00	37	0	42	0.00	0.00	58.40	7.40	0.00	0.00	2000
73	6.78	1079	2101	0.00	195	0	0	0	nan	0.00	0.00	3.69	89.56	93.22	0.00	37	0	43	0.00	0.00	58.09	7.23	0.00	0.00	2000
74	6.19	1199	2082	0.00	194	0	0	0	nan	0.00	0.00	3.04	89.94	93.81	0.00	38	0	43	0.00	0.00	58.41	7.46	0.00	0.00	2000
76	6.49	1153	2126	0.00	195	0	0	0	nan	0.00	0.00	2.62	92.10	93.51	0.00	37	0	43	0.00	0.00	59.89	7.75	0.00	0.00	2000
75	6.34	1188	2080	0.00	198	0	0	0	nan	0.00	0.02	4.60	88.15	93.66	0.00	37	0	43	0.00	0.00	56.58	7.44	0.00	0.00	2000
76	6.79	1114	2110	0.00	196	0	0	0	nan	0.00	0.00	3.34	90.39	93.21	0.00	37	0	42	0.00	0.00	60.33	7.22	0.00	0.00	2000
75	6.77	1100	2108	0.00	195	0	0	0	nan	0.00	0.00	2.49	91.09	93.23	0.00	37	0	43	0.00	0.00	59.13	7.46	0.00	0.00	2000
73	6.70	1095	2096	0.00	194	0	0	0	nan	0.00	0.00	3.07	90.06	93.30	0.00	37	0	43	0.00	0.00	58.78	7.53	0.00	0.00	2000
73	6.80	1087	2080	0.00	194	0	0	0	nan	0.00	0.02	3.37	88.98	93.20	0.00	37	0	43	0.00	0.00	59.14	7.51	0.00	0.00	2000
73	6.43	1145	2098	0.00	195	0	0	0	nan	0.00	0.00	4.26	89.20	93.57	0.00	37	0	42	0.00	0.00	58.06	7.48	0.00	0.00	2000
77	6.85	1117	2123	0.00	196	0	0	0	nan	0.00	0.00	2.69	91.46	93.15	0.00	37	0	43	0.00	0.00	58.70	7.48	0.00	0.00	2000
74	6.55	1125	2098	0.00	194	0	0	0	nan	0.00	0.02	3.23	90.07	93.45	0.00	37	0	42	0.00	0.00	59.28	7.40	0.00	0.00	2000
73	6.38	1159	2084	0.00	195	0	0	0	nan	0.00	0.00	2.75	90.05	93.62	0.00	37	0	43	0.00	0.00	59.00	7.41	0.00	0.00	2000
75	6.79	1098	2113	0.00	197	0	0	0	nan	0.00	0.01	3.77	90.07	93.21	0.00	37	0	43	0.00	0.00	59.19	7.45	0.00	0.00	2000
73	7.06	1045	2072	0.00	194	0	0	0	nan	0.00	0.00	2.42	89.35	92.94	0.00	37	0	43	0.00	0.00	57.14	7.27	0.00	0.00	2000
77	6.26	1209	2141	0.00	195	0	0	0	92.35	0.00	0.02	2.81	92.63	93.74	0.00	37	0	43	0.00	0.00	60.25	7.59	0.00	0.00	2000
74	7.04	1060	2091	0.33	194	0	0	1	83.48	0.00	0.00	3.10	89.57	92.96	0.00	37	0	43	0.00	0.00	58.60	7.41	0.00	0.00	2000
71	6.74	1074	2074	0.17	195	0	0	0	nan	0.00	0.00	3.05	89.12	93.26	0.00	37	0	43	0.00	0.00	56.52	7.31	0.00	0.00	2000
74	7.32	992	2127	0.00	211	0	0	0	nan	0.00	0.04	4.14	89.79	92.68	0.00	37	0	43	0.00	0.00	62.01	7.87	0.00	0.00	2000
73	6.65	1098	2100	0.00	193	0	0	0	nan	0.00	0.02	3.73	89.59	93.35	0.00	37	0	43	0.00	0.00	60.32	7.57	0.00	0.00	2000
77	6.58	1164	2105	0.00	195	0	0	0	nan	0.00	0.00	4.62	89.01	93.42	0.00	37	0	42	0.00	0.00	55.98	7.15	0.00	0.00	2000
74	6.43	1145	2101	0.00	194	0	0	0	nan	0.00	0.00	3.93	89.61	93.57	0.00	37	0	43	0.00	0.00	61.40	7.70	0.00	0.00	2000
74	6.38	1162	2090	0.00	195	0	0	0	nan	0.00	0.00	3.76	89.36	93.62	0.00	37	0	43	0.00	0.00	58.48	7.37	0.00	0.00	2000
73	6.60	1110	2082	0.00	194	0	0	0	nan	0.00	0.00	3.00	89.64	93.40	0.00	37	0	43	0.00	0.00	53.98	6.91	0.00	0.00	2000
76	6.88	1092	2129	0.00	198	0	0	0	nan	0.00	0.00	5.41	88.99	93.12	0.00	37	0	43	0.00	0.00	64.11	8.09	0.00	0.00	2000
76	6.38	1194	2095	0.00	196	0	0	0	nan	0.00	0.00	4.71	88.67	93.62	0.00	37	0	43	0.00	0.00	55.41	7.00	0.00	0.00	2000
75	6.48	1152	2097	0.00	196	0	0	0	nan	0.01	0.02	4.20	89.08	93.52	0.00	37	0	43	0.00	0.00	58.62	7.36	0.00	0.00	2000
75	6.55	1144	2113	0.00	178	0	0	0	nan	0.00	0.00	3.89	90.18	93.45	0.00	37	0	43	0.00	0.00	58.67	7.81	0.00	0.00	2000
75	6.47	1160	2093	0.00	195	0	0	0	nan	0.00	0.00	3.26	90.00	93.53	0.00	37	0	43	0.00	0.00	62.64	7.52	0.00	0.00	2000
73	6.91	1051	2100	0.00	194	0	0	0	nan	0.00	0.00	3.10	90.04	93.09	0.00	37	0	43	0.00	0.00	58.73	7.63	0.00	0.00	2000
75	6.52	1154	2104	0.00	195	0	0	0	nan	0.00	0.01	3.58	90.05	93.48	0.00	37	0	43	0.00	0.00	59.63	7.52	0.00	0.00	2000
73	6.78	1093	2067	0.00	195	0	0	0	nan	0.00	0.02	3.60	88.21	93.22	0.00	37	0	43	0.00	0.00	55.11	7.06	0.00	0.00	2000
75	6.70	1115	2111	0.00	194	0	0	0	nan	0.00	0.01	1.92	91.93	93.30	0.00	37	0	42	0.00	0.00	60.89	7.72	0.00	0.00	2000
72	6.87	1057	2095	0.33	195	0	0	1	85.61	0.00	0.02	3.07	89.92	93.13	0.00	37	0	43	0.00	0.00	57.57	7.46	0.00	0.00	2000
77	6.54	1165	2122	0.22	226	0	0	0	nan	0.00	0.00	5.99	88.22	93.46	0.00	37	0	43	0.00	0.00	58.13	7.41	0.00	0.00	2000
74	6.30	1175	2100	0.00	194	0	0	0	nan	0.00	0.00	4.18	89.39	93.70	0.00	37	0	43	0.00	0.00	59.86	7.68	0.00	0.00	2000
77	6.29	1224	2099	0.00	196	0	0	0	nan	0.00	0.00	3.23	90.32	93.71	0.00	37	0	43	0.00	0.00	59.52	7.39	0.00	0.00	2000
73	6.31	1170	2090	0.00	178	0	0	0	nan	0.00	0.01	3.24	89.95	93.69	0.00	37	0	42	0.00	0.00	59.35	7.72	0.00	0.00	2000
74	6.58	1123	2106	0.00	214	0	0	0	nan	0.00	0.00	3.36	90.38	93.42	0.00	37	0	43	0.00	0.00	57.88	7.29	0.00	0.00	2000
74	6.67	1119	2097	0.00	195	0	0	0	nan	0.00	0.01	3.48	89.68	93.33	0.00	37	0	43	0.00	0.00	58.68	7.40	0.00	0.00	2000
72	6.68	1089	2078	0.00	194	0	0	0	nan	0.00	0.02	3.77	88.60	93.32	0.00	37	0	42	0.00	0.00	58.02	7.47	0.00	0.00	2000
77	6.78	1117	2122	0.00	194	0	0	0	nan	0.00	0.01	1.51	92.62	93.22	0.00	37	0	42	0.00	0.00	59.65	7.62	0.00	0.00	2000
76	6.76	1112	2109	0.00	196	0	0	0	nan	0.00	0.03	2.50	91.11	93.24	0.00	37	0	42	0.00	0.00	58.61	7.29	0.00	0.00	2000
73	6.60	1115	2093	0.00	193	0	0	0	nan	0.00	0.01	2.87	90.24	93.40	0.00	37	0	43	0.00	0.00	55.84	7.59	0.00	0.00	2000
76	6.78	1124	2106	0.00	194	0	0	0	nan	0.00	0.00	3.12	90.44	93.22	0.00	37	0	43	0.00	0.00	58.66	7.45	0.00	0.00	2000
75	6.18	1204	2104	0.00	198	0	0	0	nan	0.00	0.03	4.74	89.17	93.82	0.00	37	0	43	0.00	0.00	58.75	7.40	0.00	0.00	2000
77	6.49	1182	2100	0.00	196	0	0	0	nan	0.00	0.00	3.59	89.84	93.51	0.00	37	0	42	0.00	0.00	58.73	7.51	0.00	0.00	2000
73	6.43	1142	2096	0.00	195	0	0	0	nan	0.00	0.00	3.49	89.75	93.57	0.00	37	0	43	0.00	0.00	58.12	7.42	0.00	0.00	2000
74	6.45	1152	2080	0.00	194	0	0	0	nan	0.00	0.00	3.53	89.15	93.55	0.00	37	0	42	0.00	0.00	56.39	7.27	0.00	0.00	2000
74	6.50	1129	2116	0.00	194	0	0	0	nan	0.00	0.00	2.27	91.92	93.50	0.00	37	0	42	0.00	0.00	65.70	7.58	0.00	0.00	2000
74	6.32	1169	2096	0.27	193	0	0	1	81.99	0.00	0.03	2.60	90.87	93.68	0.00	37	0	43	0.00	0.00	57.30	7.48	0.00	0.00	2000
75	6.72	1120	2083	0.24	197	0	0	0	nan	0.00	0.00	3.25	89.16	93.28	0.00	37	0	43	0.00	0.00	56.80	7.40	0.00	0.00	2000
73	6.94	1051	2104	0.00	211	0	0	0	nan	0.00	0.00	4.10	89.15	93.06	0.00	37	0	43	0.00	0.00	57.19	7.15	0.00	0.00	2000
72	6.28	1161	2084	0.00	194	0	0	0	nan	0.00	0.01	2.53	90.34	93.72	0.00	37	0	43	0.00	0.00	57.44	7.44	0.00	0.00	2000
81	6.43	1248	2124	0.00	197	0	0	0	nan	0.00	0.00	2.10	92.59	93.57	0.00	37	0	43	0.00	0.00	62.04	8.05	0.00	0.00	2000
75	6.55	1144	2113	0.00	195	0	0	0	nan	0.00	0.03	2.69	91.13	93.45	0.00	37	0	43	0.00	0.00	57.01	7.23	0.00	0.00	2000
76	6.55	1167	2077	0.00	194	0	0	0	nan	0.00	0.01	3.28	89.16	93.45	0.00	37	0	42	0.00	0.00	58.15	7.42	0.00	0.00	2000
75	6.24	1186	2119	0.00	195	0	0	0	nan	0.00	0.00	1.88	92.59	93.76	0.00	37	0	42	0.00	0.00	60.56	7.81	0.00	0.00	2000
77	6.36	1213	2111	0.00	195	0	0	0	nan	0.00	0.00	3.23	90.78	93.64	0.00	37	0	43	0.00	0.00	57.00	7.39	0.00	0.00	2000
75	6.07	1241	2100	0.00	196	0	0	0	nan	0.00	0.00	3.90	89.95	93.93	0.00	37	0	43	0.00	0.00	60.73	7.77	0.00	0.00	2000
74	6.92	1079	2069	0.00	194	0	0	0	nan	0.00	0.01	3.12	88.62	93.08	0.00	37	0	42	0.00	0.00	56.13	7.06	0.00	0.00	2000
77	7.05	1081	2127	0.00	194	0	0	0	nan	0.00	0.02	2.35	91.82	92.95	0.00	37	0	43	0.00	0.00	60.39	7.75	0.00	0.00	2000
75	6.42	1172	2081	0.00	194	0	0	0	nan	0.00	0.00	3.27	89.41	93.58	0.00	37	0	43	0.00	0.00	58.29	7.32	0.00	0.00	2000
75	6.81	1095	2126	0.00	195	0	0	0	nan	0.00	0.02	3.43	90.95	93.19	0.00	37	0	42	0.00	0.00	57.39	7.45	0.00	0.00	2000
74	6.73	1105	2091	0.00	194	0	0	0	nan	0.00	0.02	3.30	89.72	93.27	0.00	37	0	43	0.00	0.00	59.72	7.65	0.00	0.00	2000
73	6.62	1107	2100	0.00	195	0	0	0	nan	0.00	0.02	3.15	90.28	93.38	0.00	37	0	43	0.00	0.00	61.12	7.79	0.00	0.00	2000
76	6.77	1115	2103	0.00	214	0	0	0	nan	0.00	0.00	3.14	90.34	93.23	0.00	37	0	43	0.00	0.00	57.07	7.36	0.00	0.00	2000
73	7.01	1037	2096	0.31	195	0	0	1	88.43	0.00	0.00	3.88	89.01	92.99	0.00	37	0	43	0.00	0.00	57.24	7.38	0.00	0.00	2000
73	6.84	1077	2088	0.23	193	0	0	0	94.49	0.00	0.00	2.87	89.79	93.16	0.00	37	0	43	0.00	0.00	58.04	7.44	0.00	0.00	2000
74	7.10	1026	2120	0.00	195	0	0	0	nan	0.00	0.02	2.55	91.27	92.90	0.00	37	0	43	0.00	0.00	57.58	7.46	0.00	0.00	2000
73	6.92	1059	2096	0.00	195	0	0	0	nan	0.00	0.00	3.37	89.61	93.08	0.00	37	0	43	0.00	0.00	58.48	7.46	0.00	0.00	2000
76	6.93	1097	2087	0.00	196	0	0	0	nan	0.00	0.00	4.48	88.08	93.07	0.00	37	0	43	0.00	0.00	60.00	7.69	0.00	0.00	2000
74	6.75	1101	2085	0.00	195	0	0	0	nan	0.00	0.00	2.51	90.10	93.25	0.00	37	0	43	0.00	0.00	58.60	7.25	0.00	0.00	2000
74	6.42	1157	2097	0.00	194	0	0	0	nan	0.00	0.04	3.24	90.13	93.58	0.00	37	0	42	0.00	0.00	56.95	7.55	0.00	0.00	2000
75	6.50	1143	2108	0.00	194	0	0	0	nan	0.00	0.00	2.86	90.91	93.50	0.00	37	0	43	0.00	0.00	58.31	7.74	0.00	0.00	2000
73	6.64	1098	2115	0.00	210	0	0	0	nan	0.00	0.01	3.68	90.32	93.36	0.00	37	0	43	0.00	0.00	59.29	7.63	0.00	0.00	2000
77	6.02	1283	2101	0.00	181	0	0	0	nan	0.00	0.02	3.95	89.93	93.98	0.00	37	0	43	0.00	0.00	60.33	7.61	0.00	0.00	2000
74	6.90	1073	2106	0.00	194	0	0	0	nan	0.00	0.00	3.08	90.39	93.10	0.00	37	0	43	0.00	0.00	59.52	7.51	0.00	0.00	2000
74	7.19	1041	2072	0.00	194	0	0	0	nan	0.00	0.03	2.94	88.61	92.81	0.00	37	0	42	0.00	0.00	56.47	7.14	0.00	0.00	2000
74	6.74	1085	2139	0.00	194	0	0	0	nan	0.00	0.00	3.82	91.19	93.26	0.00	37	0	43	0.00	0.00	60.48	7.97	0.00	0.00	2000
76	6.70	1132	2092	0.00	196	0	0	0	nan	0.00	0.00	4.57	88.42	93.30	0.00	37	0	43	0.00	0.00	58.88	7.52	0.00	0.00	2000
75	6.58	1146	2094	0.00	196	0	0	0	nan	0.00	0.00	3.27	89.89	93.42	0.00	37	0	43	0.00	0.00	58.42	7.31	0.00	0.00	2000
75	6.45	1163	2094	0.00	195	0	0	0	nan	0.00	0.02	3.48	89.67	93.55	0.00	37	0	43	0.00	0.00	58.12	7.44	0.00	0.00	2000
74	6.13	1200	2101	0.00	194	0	0	0	nan	0.00	0.02	3.19	90.60	93.87	0.00	37	0	42	0.00	0.00	60.15	7.34	0.00	0.00	2000
94	7.08	1325	2105	0.21	196	0	0	2	89.67	0.00	0.02	3.62	89.41	92.92	0.00	38	0	43	0.00	0.00	60.54	7.67	0.00	0.00	2000
75	6.41	1172	2104	0.26	197	0	0	2	94.33	0.00	0.00	4.51	89.18	93.59	0.00	37	0	42	0.00	0.00	59.21	7.45	0.00	0.00	2000
77	6.65	1151	2099	0.00	196	0	0	0	nan	0.00	0.00	4.41	88.88	93.35	0.00	37	0	42	0.00	0.00	59.17	7.33	0.00	0.00	2000
75	6.87	1093	2106	0.00	199	0	0	0	nan	0.00	0.02	3.15	90.19	93.13	0.00	37	0	43	0.00	0.00	59.69	7.64	0.00	0.00	2000
75	6.51	1149	2097	0.00	195	0	0	0	nan	0.00	0.00	3.42	89.82	93.49	0.00	37	0	42	0.00	0.00	58.27	7.36	0.00	0.00	2000
74	6.39	1157	2099	0.00	194	0	0	0	nan	0.01	0.00	3.11	90.36	93.61	0.00	37	0	42	0.00	0.00	59.37	7.60	0.00	0.00	2000
75	6.25	1207	2102	0.00	194	0	0	0	nan	0.00	0.00	3.52	90.29	93.75	0.00	37	0	42	0.00	0.00	59.20	7.39	0.00	0.00	2000
73	6.97	1054	2095	0.00	195	0	0	0	nan	0.00	0.00	4.04	88.83	93.03	0.00	37	0	42	0.00	0.00	58.48	7.48	0.00	0.00	2000
78	6.72	1151	2106	0.00	196	0	0	0	nan	0.00	0.03	3.10	90.36	93.28	0.00	37	0	43	0.00	0.00	59.48	7.62	0.00	0.00	2000
74	6.66	1115	2100	0.00	194	0	0	0	nan	0.00	0.00	3.87	89.38	93.34	0.00	37	0	43	0.00	0.00	58.98	7.45	0.00	0.00	2000
75	6.27	1205	2082	0.00	194	0	0	0	nan	0.00	0.02	3.67	89.14	93.73	0.00	37	0	43	0.00	0.00	59.28	7.33	0.00	0.00	2000
74	6.64	1103	2111	0.00	196	0	0	0	nan	0.00	0.00	3.56	90.32	93.36	0.00	37	0	42	0.00	0.00	56.30	7.31	0.00	0.00	2000
75	6.61	1134	2103	0.00	196	0	0	0	nan	0.00	0.00	3.89	89.58	93.39	0.00	37	0	42	0.00	0.00	59.56	7.48	0.00	0.00	2000
75	6.65	1126	2090	0.00	196	0	0	0	nan	0.00	0.02	4.34	88.65	93.35	0.00	37	0	43	0.00	0.00	57.78	7.22	0.00	0.00	2000
76	6.26	1204	2117	0.00	195	0	0	0	nan	0.00	0.02	3.00	91.43	93.74	0.00	37	0	43	0.00	0.00	57.47	7.31	0.00	0.00	2000
75	6.27	1199	2088	0.00	179	0	0	0	nan	0.00	0.00	3.32	89.93	93.73	0.00	37	0	42	0.00	0.00	59.20	7.56	0.00	0.00	2000
75	6.74	1107	2102	0.00	210	0	0	0	nan	0.00	0.00	3.61	89.71	93.26	0.00	37	0	42	0.00	0.00	58.22	7.44	0.00	0.00	2000
73	6.29	1170	2095	0.00	194	0	0	1	89.18	0.00	0.00	4.18	89.36	93.71	0.00	37	0	43	0.00	0.00	58.47	7.41	0.00	0.00	2000
77	6.87	1112	2103	0.11	196	0	0	2	91.26	0.00	0.00	3.76	89.37	93.13	0.00	37	0	43	0.00	0.00	58.96	7.42	0.00	0.00	2000
73	6.83	1071	2110	0.00	194	0	0	0	nan	0.00	0.00	4.05	89.66	93.17	0.00	37	0	43	0.00	0.00	60.28	7.61	0.00	0.00	2000
73	6.91	1060	2091	0.00	193	0	0	0	nan	0.00	0.00	3.11	89.70	93.09	0.00	37	0	43	0.00	0.00	58.31	7.26	0.00	0.00	2000
73	6.50	1121	2095	0.00	195	0	0	0	nan	0.00	0.01	3.11	90.12	93.50	0.00	37	0	43	0.00	0.00	59.67	7.50	0.00	0.00	2000
75	6.69	1120	2109	0.00	196	0	0	0	nan	0.00	0.01	3.82	89.99	93.31	0.00	37	0	42	0.00	0.00	59.05	7.50	0.00	0.00	2000
75	6.62	1133	2101	0.00	195	0	0	0	nan	0.00	0.00	4.04	89.38	93.38	0.00	38	0	42	0.00	0.00	60.86	7.74	0.00	0.00	2000
74	6.63	1123	2100	0.00	195	0	0	0	nan	0.00	0.02	2.82	90.45	93.37	0.00	37	0	43	0.00	0.00	58.76	7.26	0.00	0.00	2000
74	6.31	1170	2100	0.00	195	0	0	0	nan	0.00	0.00	3.36	90.25	93.69	0.00	37	0	43	0.00	0.00	56.49	7.19	0.00	0.00	2000
76	6.13	1234	2107	0.00	194	0	0	0	nan	0.00	0.01	3.12	90.90	93.87	0.00	37	0	42	0.00	0.00	57.36	7.37	0.00	0.00	2000
75	6.62	1131	2090	0.00	194	0	0	0	nan	0.00	0.00	3.74	89.17	93.38	0.00	37	0	42	0.00	0.00	59.03	7.56	0.00	0.00	2000
75	6.36	1181	2106	0.00	195	0	0	0	nan	0.00	0.00	4.04	89.82	93.64	0.00	37	0	43	0.00	0.00	60.15	7.58	0.00	0.00	2000
76	6.75	1119	2100	0.00	199	0	0	0	nan	0.00	0.00	4.06	89.23	93.25	0.00	37	0	43	0.00	0.00	58.39	7.30	0.00	0.00	2000
72	6.70	1090	2076	0.00	195	0	0	0	nan	0.00	0.02	2.98	89.35	93.30	0.00	37	0	43	0.00	0.00	57.15	7.41	0.00	0.00	2000
74	7.00	1046	2128	0.00	194	0	0	0	nan	0.00	0.04	2.36	91.89	93.00	0.00	37	0	42	0.00	0.00	61.24	7.87	0.00	0.00	2000
73	6.86	1076	2069	0.00	192	0	0	0	nan	0.00	0.02	2.89	88.89	93.14	0.00	37	0	43	0.00	0.00	56.68	7.08	0.00	0.00	2000
75	6.89	1086	2105	0.00	196	0	0	0	nan	0.00	0.00	3.85	89.43	93.11	0.00	37	0	42	0.00	0.00	57.81	7.26	0.00	0.00	2000
74	6.59	1123	2089	0.00	211	0	0	1	91.30	0.00	0.00	4.20	88.67	93.41	0.00	37	0	43	0.00	0.00	58.89	7.38	0.00	0.00	2000
74	6.89	1069	2109	0.07	193	0	0	1	89.98	0.00	0.02	1.86	91.63	93.11	0.00	37	0	42	0.00	0.00	59.30	7.53	0.00	0.00	2000
76	6.61	1136	2122	0.00	211	0	0	0	nan	0.00	0.00	4.11	90.19	93.39	0.00	37	0	42	0.00	0.00	58.63	7.48	0.00	0.00	2000
74	6.44	1155	2094	0.00	179	0	0	0	nan	0.00	0.01	3.92	89.30	93.56	0.00	37	0	43	0.00	0.00	59.92	7.48	0.00	0.00	2000
77	6.49	1181	2101	0.00	196	0	0	0	nan	0.00	0.04	3.59	89.95	93.51	0.00	37	0	43	0.00	0.00	59.02	7.62	0.00	0.00	2000
75	6.12	1213	2109	0.00	195	0	0	0	nan	0.00	0.00	3.41	90.72	93.88	0.00	37	0	43	0.00	0.00	57.82	7.36	0.00	0.00	2000
74	6.89	1080	2097	0.00	195	0	0	0	nan	0.00	0.00	3.35	89.66	93.11	0.00	37	0	42	0.00	0.00	58.48	7.51	0.00	0.00	2000
73	6.41	1144	2092	0.00	194	0	0	0	nan	0.00	0.01	2.86	90.47	93.59	0.00	37	0	43	0.00	0.00	57.18	7.26	0.00	0.00	2000
75	6.80	1108	2104	0.00	198	0	0	0	nan	0.00	0.02	4.67	88.74	93.20	0.00	37	0	42	0.00	0.00	59.45	7.48	0.00	0.00	2000
74	6.73	1096	2103	0.00	195	0	0	0	nan	0.00	0.00	3.17	90.25	93.27	0.00	37	0	43	0.00	0.00	58.22	7.53	0.00	0.00	2000
76	6.94	1114	2071	0.00	194	0	0	0	nan	0.00	0.01	2.62	89.17	93.06	0.00	37	0	43	0.00	0.00	60.87	7.86	0.00	0.00	2000
74	6.58	1101	2133	0.00	211	0	0	0	nan	0.00	0.00	3.79	91.02	93.42	0.00	37	0	42	0.00	0.00	59.27	7.50	0.00	0.00	2000
74	6.61	1129	2080	0.00	179	0	0	0	nan	0.00	0.00	3.81	88.67	93.39	0.00	37	0	42	0.00	0.00	58.56	7.32	0.00	0.00	2000
79	6.52	1211	2111	0.00	211	0	0	0	nan	0.00	0.00	7.20	86.52	93.48	0.00	37	0	42	0.00	0.00	60.87	7.60	0.00	0.00	2000
75	6.32	1182	2107	0.00	196	0	0	0	nan	0.00	0.02	4.41	89.53	93.68	0.00	37	0	42	0.00	0.00	59.06	7.29	0.00	0.00	2000
76	6.57	1153	2099	0.00	195	0	0	0	nan	0.00	0.02	2.85	90.36	93.43	0.00	37	0	43	0.00	0.00	58.58	7.43	0.00	0.00	2000
75	6.20	1221	2092	0.00	196	0	0	0	nan	0.00	0.00	3.81	89.51	93.80	0.00	37	0	43	0.00	0.00	57.19	7.17	0.00	0.00	2000
74	6.39	1154	2108	0.00	195	0	0	1	91.42	0.00	0.00	3.06	90.86	93.61	0.00	37	0	43	0.00	0.00	57.00	7.31	0.00	0.00	2000
75	6.48	1155	2105	0.32	195	0	0	2	89.86	0.00	0.00	2.99	90.68	93.52	0.00	37	0	43	0.00	0.00	57.71	7.42	0.00	0.00	2000
78	7.00	1127	2077	0.00	196	0	0	0	nan	0.00	0.03	3.66	88.40	93.00	0.00	37	0	42	0.00	0.00	58.36	7.37	0.00	0.00	2000
77	6.68	1154	2092	0.00	196	0	0	0	nan	0.01	0.00	3.19	89.67	93.32	0.00	37	0	43	0.00	0.00	61.18	7.70	0.00	0.00	2000
72	7.06	1027	2101	0.00	195	0	0	0	nan	0.00	0.00	3.60	89.45	92.94	0.00	37	0	43	0.00	0.00	60.70	7.72	0.00	0.00	2000
73	6.91	1051	2098	0.00	209	0	0	0	nan	0.00	0.04	4.10	88.92	93.09	0.00	37	0	42	0.00	0.00	56.30	7.25	0.00	0.00	2000
75	6.49	1147	2128	0.00	194	0	0	0	nan	0.00	0.01	1.66	93.00	93.51	0.00	37	0	42	0.00	0.00	59.24	7.37	0.00	0.00	2000
75	6.37	1178	2101	0.00	195	0	0	0	nan	0.00	0.02	2.84	90.73	93.63	0.00	37	0	43	0.00	0.00	59.01	7.55	0.00	0.00	2000
75	6.33	1191	2098	0.00	195	0	0	0	nan	0.00	0.00	3.55	89.87	93.67	0.00	37	0	43	0.00	0.00	59.58	7.42	0.00	0.00	2000
76	6.60	1150	2100	0.00	194	0	0	0	nan	0.00	0.01	2.80	90.61	93.40	0.00	37	0	43	0.00	0.00	58.73	7.57	0.00	0.00	2000
74	6.68	1102	2102	0.00	194	0	0	0	nan	0.00	0.00	2.89	90.46	93.32	0.00	37	0	43	0.00	0.00	59.24	7.84	0.00	0.00	2000
75	6.33	1183	2095	0.00	195	0	0	0	nan	0.00	0.00	4.01	89.23	93.67	0.00	37	0	43	0.00	0.00	59.18	7.52	0.00	0.00	2000
75	6.37	1169	2108	0.00	198	0	0	0	nan	0.00	0.00	3.59	90.35	93.63	0.00	37	0	42	0.00	0.00	59.40	7.60	0.00	0.00	2000
75	6.69	1128	2095	0.00	195	0	0	0	nan	0.00	0.00	3.84	89.33	93.31	0.00	37	0	43	0.00	0.00	58.41	7.44	0.00	0.00	2000
73	6.48	1134	2076	0.00	195	0	0	0	nan	0.00	0.02	2.85	89.70	93.52	0.00	37	0	43	0.00	0.00	58.97	7.52	0.00	0.00	2000
75	6.52	1142	2125	0.00	195	0	0	0	nan	0.00	0.02	1.75	92.81	93.48	0.00	37	0	42	0.00	0.00	57.65	7.51	0.00	0.00	2000
74	6.74	1100	2096	0.00	196	0	0	0	nan	0.00	0.01	2.90	90.20	93.26	0.00	37	0	42	0.00	0.00	59.58	7.36	0.00	0.00	2000
74	6.52	1140	2095	0.00	193	0	0	1	89.45	0.00	0.00	3.26	89.96	93.48	0.00	37	0	43	0.00	0.00	59.05	7.39	0.00	0.00	2000
76	6.87	1110	2107	0.29	195	0	0	2	91.26	0.00	0.00	3.65	89.71	93.13	0.00	37	0	43	0.00	0.00	60.01	7.59	0.00	0.00	2000
74	6.93	1083	2077	0.13	194	0	0	0	nan	0.00	0.03	2.69	89.36	93.07	0.00	37	0	43	0.00	0.00	59.12	7.25	0.00	0.00	2000
71	6.72	1061	2098	0.00	212	0	0	0	nan	0.00	0.00	4.23	88.92	93.28	0.00	37	0	42	0.00	0.00	59.50	7.61	0.00	0.00	2000
74	6.60	1115	2123	0.00	196	0	0	0	nan	0.00	0.00	2.35	92.08	93.40	0.00	37	0	42	0.00	0.00	56.42	7.21	0.00	0.00	2000
74	6.32	1163	2104	0.00	195	0	0	0	nan	0.00	0.00	2.55	91.25	93.68	0.00	37	0	43	0.00	0.00	59.14	7.39	0.00	0.00	2000
77	6.44	1191	2095	0.00	212	0	0	0	nan	0.00	0.00	3.16	90.06	93.56	0.00	37	0	43	0.00	0.00	58.43	7.40	0.00	0.00	2000
74	6.16	1189	2107	0.00	196	0	0	0	nan	0.00	0.00	4.22	89.79	93.84	0.00	37	0	42	0.00	0.00	59.07	7.44	0.00	0.00	2000
77	6.22	1241	2098	0.00	195	0	0	0	nan	0.00	0.00	3.77	89.77	93.78	0.00	37	0	43	0.00	0.00	61.14	7.78	0.00	0.00	2000
76	6.68	1134	2100	0.00	194	0	0	0	nan	0.00	0.00	4.62	88.68	93.32	0.00	37	0	43	0.00	0.00	56.59	7.18	0.00	0.00	2000
76	6.43	1177	2099	0.00	179	0	0	0	nan	0.00	0.02	3.72	89.76	93.57	0.00	37	0	43	0.00	0.00	59.40	7.60	0.00	0.00	2000
117	8.44	1414	2063	0.00	196	0	0	0	nan	0.00	0.00	3.89	86.16	91.56	0.00	37	0	42	0.00	0.00	59.77	7.49	0.00	0.00	2000
76	6.39	1163	2140	0.00	210	0	0	0	nan	0.00	0.00	3.84	91.47	93.61	0.00	37	0	43	0.00	0.00	61.99	7.60	0.00	0.00	2000
73	6.80	1071	2106	0.00	194	0	0	0	nan	0.00	0.00	2.73	90.68	93.20	0.00	37	0	43	0.00	0.00	58.05	7.15	0.00	0.00	2000
74	6.86	1097	2065	0.00	194	0	0	0	nan	0.00	0.01	3.21	88.37	93.14	0.00	37	0	43	0.00	0.00	57.27	7.16	0.00	0.00	2000
73	6.75	1089	2091	0.00	198	0	0	0	nan	0.00	0.00	5.28	87.61	93.25	0.00	37	0	43	0.00	0.00	58.85	7.38	0.00	0.00	2000
79	6.81	1147	2115	0.00	229	0	0	0	nan	0.00	0.01	3.96	89.99	93.19	0.00	37	0	43	0.00	0.00	58.66	7.45	0.00	0.00	2000
76	6.65	1130	2121	0.00	197	0	0	1	79.09	0.00	0.00	4.23	90.05	93.35	0.00	37	0	43	0.00	0.00	62.37	7.85	0.00	0.00	2000
75	6.53	1151	2083	0.33	196	0	0	2	91.22	0.00	0.00	3.98	88.74	93.47	0.00	37	0	43	0.00	0.00	56.06	7.00	0.00	0.00	2000
75	6.62	1121	2123	0.01	196	0	0	0	nan	0.00	0.00	3.38	90.97	93.38	0.00	37	0	43	0.00	0.00	61.53	7.71	0.00	0.00	2000
74	6.63	1117	2104	0.00	194	0	0	0	nan	0.00	0.02	3.88	89.73	93.37	0.00	38	0	43	0.00	0.00	59.48	7.51	0.00	0.00	2000
74	6.47	1158	2072	0.00	195	0	0	0	nan	0.00	0.02	3.48	88.83	93.53	0.00	37	0	43	0.00	0.00	55.07	6.75	0.00	0.00	2000
75	6.69	1111	2122	0.00	194	0	0	0	nan	0.00	0.00	2.43	91.79	93.31	0.00	37	0	43	0.00	0.00	60.75	7.64	0.00	0.00	2000
74	6.66	1117	2102	0.00	196	0	0	0	nan	0.00	0.01	3.33	90.27	93.34	0.00	37	0	43	0.00	0.00	59.29	7.58	0.00	0.00	2000
74	6.54	1131	2099	0.00	193	0	0	0	nan	0.00	0.00	2.63	90.76	93.46	0.00	37	0	43	0.00	0.00	58.23	7.38	0.00	0.00	2000
72	6.50	1118	2081	0.00	194	0	0	0	nan	0.00	0.00	3.27	89.35	93.50	0.00	37	0	43	0.00	0.00	56.21	7.15	0.00	0.00	2000
78	6.70	1156	2120	0.00	196	0	0	0	nan	0.00	0.00	3.00	91.09	93.30	0.00	37	0	43	0.00	0.00	61.17	7.71	0.00	0.00	2000
76	6.72	1138	2097	0.00	199	0	0	0	nan	0.00	0.02	5.14	87.93	93.28	0.00	37	0	42	0.00	0.00	59.03	7.33	0.00	0.00	2000
76	6.51	1159	2103	0.00	197	0	0	0	nan	0.00	0.01	3.17	90.44	93.49	0.00	37	0	43	0.00	0.00	59.56	7.44	0.00	0.00	2000
73	6.79	1078	2099	0.00	194	0	0	0	nan	0.01	0.00	3.09	90.13	93.21	0.00	37	0	42	0.00	0.00	56.42	7.06	0.00	0.00	2000
74	6.98	1060	2102	0.00	194	0	0	0	nan	0.00	0.01	2.97	90.16	93.02	0.00	37	0	42	0.00	0.00	60.33	7.69	0.00	0.00	2000
75	6.76	1109	2099	0.00	196	0	0	0	nan	0.00	0.00	3.27	89.81	93.24	0.00	37	0	43	0.00	0.00	58.56	7.42	0.00	0.00	2000
75	6.53	1147	2106	0.00	196	0	0	0	nan	0.00	0.01	3.46	90.25	93.47	0.00	37	0	42	0.00	0.00	59.02	7.41	0.00	0.00	2000
72	6.39	1138	2075	0.00	194	0	0	0	nan	0.00	0.00	3.23	89.15	93.61	0.00	37	0	43	0.00	0.00	58.43	7.36	0.00	0.00	2000
75	6.46	1150	2122	0.00	195	0	0	0	nan	0.00	0.00	1.77	92.75	93.54	0.00	37	0	43	0.00	0.00	58.98	7.52	0.00	0.00	2000
74	6.72	1108	2097	0.34	198	0	0	1	91.08	0.00	0.02	4.04	89.05	93.28	0.00	37	0	43	0.00	0.00	58.78	7.47	0.00	0.00	2000
77	6.40	1209	2087	0.19	196	0	0	0	nan	0.00	0.03	3.32	89.57	93.60	0.00	37	0	43	0.00	0.00	53.98	6.81	0.00	0.00	2000
74	6.58	1121	2104	0.00	194	0	0	0	nan	0.00	0.01	3.19	90.41	93.42	0.00	38	0	43	0.00	0.00	61.13	7.66	0.00	0.00	2000
74	6.69	1107	2106	0.00	194	0	0	0	nan	0.00	0.00	2.72	90.78	93.31	0.00	37	0	43	0.00	0.00	58.90	7.45	0.00	0.00	2000
73	6.52	1118	2102	0.00	194	0	0	0	nan	0.00	0.00	3.06	90.41	93.48	0.00	37	0	42	0.00	0.00	60.96	7.66	0.00	0.00	2000
75	6.44	1161	2099	0.00	195	0	0	0	nan	0.00	0.00	2.79	90.57	93.56	0.00	37	0	43	0.00	0.00	58.33	7.45	0.00	0.00	2000
76	6.58	1149	2110	0.00	195	0	0	0	nan	0.00	0.02	3.16	90.68	93.42	0.00	37	0	43	0.00	0.00	58.93	7.54	0.00	0.00	2000
75	6.02	1267	2073	0.00	195	0	0	0	nan	0.00	0.02	3.35	89.41	93.98	0.00	37	0	43	0.00	0.00	55.89	6.98	0.00	0.00	2000
75	6.42	1155	2122	0.00	195	0	0	0	nan	0.00	0.02	2.18	92.29	93.58	0.00	37	0	42	0.00	0.00	61.83	7.74	0.00	0.00	2000
73	6.23	1194	2069	0.00	194	0	0	0	nan	0.00	0.02	2.89	89.34	93.77	0.00	37	0	42	0.00	0.00	57.06	7.07	0.00	0.00	2000
73	6.41	1121	2132	0.00	210	0	0	0	nan	0.00	0.03	3.58	91.36	93.59	0.00	37	0	43	0.00	0.00	58.86	7.34	0.00	0.00	2000
77	6.35	1221	2091	0.00	196	0	0	0	nan	0.00	0.00	3.28	89.96	93.65	0.00	37	0	43	0.00	0.00	59.51	7.57	0.00	0.00	2000
73	6.36	1154	2091	0.00	179	0	0	0	nan	0.00	0.00	3.22	89.98	93.64	0.00	37	0	42	0.00	0.00	58.86	7.43	0.00	0.00	2000
74	6.47	1142	2116	0.00	211	0	0	0	nan	0.00	0.00	3.81	90.22	93.53	0.00	37	0	42	0.00	0.00	58.45	7.32	0.00	0.00	2000
74	6.58	1123	2095	0.00	194	0	0	0	nan	0.00	0.01	3.61	89.53	93.42	0.00	37	0	43	0.00	0.00	58.38	7.49	0.00	0.00	2000
75	6.45	1155	2103	0.00	194	0	0	0	nan	0.00	0.00	4.33	89.40	93.55	0.00	37	0	43	0.00	0.00	59.53	7.51	0.00	0.00	2000
74	6.10	1229	2084	0.00	180	0	0	0	nan	0.00	0.01	3.65	89.41	93.90	0.00	37	0	42	0.00	0.00	60.07	7.48	0.00	0.00	2000
76	6.50	1170	2087	0.31	196	0	0	0	80.46	0.00	0.03	3.64	89.22	93.50	0.00	37	0	42	0.00	0.00	58.21	7.21	0.00	0.00	2000
74	6.78	1087	2109	0.20	195	0	0	0	nan	0.00	0.00	4.32	89.34	93.22	0.00	37	0	42	0.00	0.00	59.53	7.25	0.00	0.00	2000
75	6.93	1067	2122	0.00	214	0	0	0	nan	0.00	0.00	4.52	89.46	93.07	0.00	38	0	42	0.00	0.00	57.81	7.28	0.00	0.00	2000
74	6.36	1163	2093	0.00	194	0	0	0	nan	0.00	0.00	3.63	89.62	93.64	0.00	37	0	42	0.00	0.00	58.83	7.37	0.00	0.00	2000
77	6.40	1207	2100	0.00	198	0	0	0	nan	0.00	0.01	3.53	89.90	93.60	0.00	37	0	42	0.00	0.00	59.30	7.43	0.00	0.00	2000
75	6.46	1166	2104	0.00	196	0	0	0	nan	0.00	0.02	2.95	90.73	93.54	0.00	37	0	43	0.00	0.00	59.06	7.16	0.00	0.00	2000
74	6.93	1076	2099	0.00	194	0	0	0	nan	0.00	0.02	2.93	90.02	93.07	0.00	37	0	42	0.00	0.00	57.98	7.36	0.00	0.00	2000
75	6.44	1161	2112	0.00	195	0	0	0	nan	0.00	0.00	2.53	91.38	93.56	0.00	37	0	42	0.00	0.00	60.81	7.59	0.00	0.00	2000
74	6.58	1127	2088	0.00	195	0	0	0	nan	0.00	0.01	3.70	89.16	93.42	0.00	37	0	43	0.00	0.00	59.01	7.04	0.00	0.00	2000
75	6.58	1128	2114	0.00	195	0	0	0	nan	0.00	0.02	3.34	90.75	93.42	0.00	37	0	43	0.00	0.00	56.35	7.44	0.00	0.00	2000
75	6.71	1128	2067	0.00	196	0	0	0	nan	0.00	0.01	3.61	88.19	93.29	0.00	38	0	43	0.00	0.00	58.61	7.37	0.00	0.00	2000
74	6.38	1152	2125	0.00	196	0	0	0	nan	0.00	0.06	4.16	90.44	93.62	0.00	37	0	42	0.00	0.00	62.09	7.79	0.00	0.00	2000
75	6.08	1244	2096	0.00	195	0	0	0	nan	0.00	0.01	2.90	90.65	93.92	0.00	37	0	42	0.00	0.00	59.01	7.33	0.00	0.00	2000
74	6.49	1145	2105	0.00	196	0	0	0	nan	0.00	0.00	3.06	90.48	93.51	0.00	37	0	42	0.00	0.00	59.21	7.41	0.00	0.00	2000
75	6.60	1142	2077	0.00	194	0	0	0	nan	0.00	0.02	3.22	89.05	93.40	0.00	37	0	43	0.00	0.00	54.82	6.92	0.00	0.00	2000
76	6.58	1137	2125	0.00	195	0	0	0	nan	0.00	0.01	4.36	90.11	93.42	0.00	37	0	42	0.00	0.00	61.55	7.83	0.00	0.00	2000
81	6.56	1231	2099	0.00	196	0	0	0	nan	0.00	0.02	3.03	90.45	93.44	0.00	37	0	42	0.00	0.00	58.81	7.44	0.00	0.00	2000
73	6.99	1061	2078	0.31	196	0	0	1	88.77	0.00	0.02	3.18	88.81	93.01	0.00	37	0	43	0.00	0.00	57.72	7.30	0.00	0.00	2000
75	7.29	1020	2119	0.23	210	0	0	0	nan	0.00	0.00	4.40	89.03	92.71	0.00	37	0	43	0.00	0.00	57.47	7.12	0.00	0.00	2000
73	6.78	1076	2087	0.00	193	0	0	0	nan	0.00	0.00	3.73	88.97	93.22	0.00	38	0	42	0.00	0.00	57.60	7.40	0.00	0.00	2000
76	6.95	1098	2083	0.00	195	0	0	0	nan	0.00	0.01	2.64	89.68	93.05	0.00	37	0	42	0.00	0.00	57.31	7.25	0.00	0.00	2000
75	6.66	1101	2139	0.00	196	0	0	0	nan	0.00	0.01	3.18	91.84	93.34	0.00	37	0	43	0.00	0.00	60.30	7.47	0.00	0.00	2000
74	6.56	1133	2094	0.00	194	0	0	0	nan	0.00	0.02	3.20	89.91	93.44	0.00	37	0	42	0.00	0.00	58.57	7.34	0.00	0.00	2000
74	6.53	1134	2100	0.00	195	0	0	0	nan	0.00	0.00	3.11	90.26	93.47	0.00	37	0	43	0.00	0.00	58.20	7.50	0.00	0.00	2000
77	6.39	1197	2103	0.00	197	0	0	0	nan	0.00	0.02	4.19	89.54	93.61	0.00	37	0	42	0.00	0.00	59.93	7.51	0.00	0.00	2000
76	6.58	1161	2092	0.00	197	0	0	0	nan	0.00	0.01	4.29	88.75	93.42	0.00	37	0	42	0.00	0.00	58.79	7.48	0.00	0.00	2000
75	7.13	1044	2103	0.00	195	0	0	0	nan	0.00	0.00	2.93	90.07	92.87	0.00	37	0	42	0.00	0.00	58.56	7.33	0.00	0.00	2000
74	6.42	1156	2105	0.00	194	0	0	0	nan	0.00	0.00	3.45	90.25	93.58	0.00	37	0	43	0.00	0.00	59.68	7.75	0.00	0.00	2000
73	6.49	1134	2071	0.00	195	0	0	0	nan	0.00	0.00	3.71	88.56	93.51	0.00	37	0	42	0.00	0.00	57.13	7.17	0.00	0.00	2000
76	6.18	1211	2138	0.00	194	0	0	0	nan	0.00	0.00	2.46	93.01	93.82	0.00	37	0	43	0.00	0.00	60.43	7.63	0.00	0.00	2000
78	6.78	1150	2094	0.00	196	0	0	0	nan	0.00	0.02	3.79	89.16	93.22	0.00	37	0	43	0.00	0.00	54.45	6.86	0.00	0.00	2000
73	6.55	1139	2067	0.00	178	0	0	0	nan	0.00	0.00	2.35	89.66	93.45	0.00	37	0	42	0.00	0.00	57.96	7.12	0.00	0.00	2000
74	6.97	1042	2134	0.00	211	0	0	0	nan	0.00	0.00	4.14	90.31	93.03	0.00	37	0	43	0.00	0.00	62.37	7.77	0.00	0.00	2000
73	6.40	1149	2085	0.00	194	0	0	0	nan	0.00	0.01	3.76	89.05	93.60	0.00	38	0	42	0.00	0.00	58.09	7.33	0.00	0.00	2000
75	6.83	1085	2113	0.27	195	0	0	1	86.90	0.00	0.00	2.80	90.86	93.17	0.00	37	0	43	0.00	0.00	57.98	7.43	0.00	0.00	2000
76	6.80	1115	2093	0.24	197	0	0	1	91.70	0.00	0.00	3.07	89.66	93.20	0.00	37	0	42	0.00	0.00	58.67	7.45	0.00	0.00	2000
76	6.51	1158	2115	0.00	193	0	0	0	nan	0.00	0.02	2.87	91.26	93.49	0.00	37	0	42	0.00	0.00	59.00	7.33	0.00	0.00	2000
72	6.26	1172	2066	0.00	194	0	0	0	nan	0.00	0.00	3.64	88.59	93.74	0.00	37	0	42	0.00	0.00	58.14	7.36	0.00	0.00	2000
76	6.79	1101	2128	0.00	195	0	0	0	nan	0.00	0.01	2.25	92.22	93.21	0.00	37	0	42	0.00	0.00	58.94	7.55	0.00	0.00	2000
73	6.69	1092	2099	0.00	193	0	0	0	nan	0.00	0.00	3.69	89.64	93.31	0.00	37	0	42	0.00	0.00	58.48	7.48	0.00	0.00	2000
76	7.00	1090	2091	0.00	194	0	0	0	nan	0.00	0.00	2.94	89.62	93.00	0.00	37	0	43	0.00	0.00	61.01	7.76	0.00	0.00	2000
73	6.68	1093	2106	0.00	211	0	0	0	nan	0.00	0.00	3.83	89.75	93.32	0.00	37	0	43	0.00	0.00	58.59	7.38	0.00	0.00	2000
75	6.71	1124	2099	0.00	194	0	0	0	nan	0.00	0.01	4.08	89.23	93.29	0.00	37	0	42	0.00	0.00	58.49	7.48	0.00	0.00	2000
74	6.56	1134	2102	0.00	196	0	0	0	nan	0.00	0.00	4.08	89.34	93.44	0.00	37	0	43	0.00	0.00	56.65	6.93	0.00	0.00	2000
86	6.93	1249	2096	0.00	197	0	0	0	nan	0.00	0.02	4.92	87.83	93.07	0.00	37	0	43	0.00	0.00	57.09	7.63	0.00	0.00	2000
75	6.38	1175	2089	0.00	180	0	0	0	nan	0.00	0.00	3.88	89.13	93.62	0.00	37	0	42	0.00	0.00	59.35	7.60	0.00	0.00	2000
76	6.70	1136	2095	0.00	196	0	0	0	nan	0.00	0.01	3.59	89.46	93.30	0.00	37	0	42	0.00	0.00	58.12	7.56	0.00	0.00	2000
73	6.84	1064	2113	0.00	211	0	0	0	nan	0.00	0.01	3.51	90.22	93.16	0.00	37	0	42	0.00	0.00	58.39	7.51	0.00	0.00	2000
74	6.47	1141	2109	0.00	195	0	0	0	nan	0.00	0.00	3.48	90.40	93.53	0.00	37	0	43	0.00	0.00	60.64	7.80	0.00	0.00	2000
74	6.63	1124	2096	0.00	182	0	0	0	nan	0.00	0.00	3.25	90.02	93.37	0.00	37	0	42	0.00	0.00	56.59	7.33	0.00	0.00	2000
75	6.49	1151	2103	0.00	210	0	0	0	nan	0.00	0.01	3.74	89.72	93.51	0.00	37	0	42	0.00	0.00	59.68	7.51	0.00	0.00	2000
75	6.29	1192	2102	0.24	197	0	0	1	86.84	0.00	0.00	3.34	90.45	93.71	0.00	37	0	42	0.00	0.00	60.67	7.79	0.00	0.00	2000
76	6.91	1099	2103	0.25	195	0	0	1	91.79	0.00	0.01	3.25	90.08	93.09	0.00	37	0	43	0.00	0.00	58.20	7.50	0.00	0.00	2000
74	6.34	1174	2090	0.00	194	0	0	0	nan	0.00	0.01	3.42	89.72	93.66	0.00	37	0	43	0.00	0.00	54.93	7.07	0.00	0.00	2000
73	6.57	1121	2083	0.00	194	0	0	0	nan	0.00	0.00	3.54	89.07	93.43	0.00	37	0	43	0.00	0.00	56.06	7.68	0.00	0.00	2000
74	6.66	1108	2119	0.00	195	0	0	0	nan	0.00	0.00	3.14	90.95	93.34	0.00	37	0	42	0.00	0.00	64.26	7.79	0.00	0.00	2000
76	6.50	1169	2090	0.00	195	0	0	0	nan	0.00	0.02	3.44	89.54	93.50	0.00	37	0	43	0.00	0.00	57.93	7.39	0.00	0.00	2000
74	6.94	1067	2087	0.00	195	0	0	0	nan	0.00	0.00	2.74	89.86	93.06	0.00	37	0	42	0.00	0.00	57.05	7.32	0.00	0.00	2000
74	6.65	1109	2119	0.00	196	0	0	0	nan	0.00	0.00	3.53	90.63	93.35	0.00	37	0	42	0.00	0.00	58.52	7.67	0.00	0.00	2000
73	6.90	1060	2108	0.00	195	0	0	0	nan	0.00	0.00	3.26	90.27	93.10	0.00	37	0	43	0.00	0.00	57.97	7.44	0.00	0.00	2000
75	6.43	1171	2091	0.00	210	0	0	0	nan	0.00	0.01	2.89	90.17	93.57	0.00	37	0	42	0.00	0.00	57.85	7.32	0.00	0.00	2000
75	6.39	1169	2104	0.00	195	0	0	0	nan	0.00	0.01	3.97	89.71	93.61	0.00	37	0	42	0.00	0.00	58.05	7.43	0.00	0.00	2000
75	6.07	1226	2108	0.00	195	0	0	0	nan	0.00	0.00	4.23	89.86	93.93	0.00	37	0	43	0.00	0.00	58.76	7.46	0.00	0.00	2000
74	6.00	1235	2092	0.00	196	0	0	0	nan	0.00	0.00	3.29	90.23	94.00	0.00	37	0	42	0.00	0.00	58.95	7.67	0.00	0.00	2000
72	6.74	1085	2080	0.00	195	0	0	0	nan	0.00	0.00	3.87	88.43	93.26	0.00	37	0	43	0.00	0.00	58.04	7.32	0.00	0.00	2000
75	7.22	1023	2125	0.00	199	0	0	0	nan	0.00	0.01	3.63	90.42	92.78	0.00	37	0	42	0.00	0.00	60.94	8.02	0.00	0.00	2000
76	6.65	1160	2079	0.00	196	0	0	0	nan	0.00	0.02	2.89	89.51	93.35	0.00	37	0	42	0.00	0.00	57.30	7.15	0.00	0.00	2000
73	6.62	1102	2112	0.00	195	0	0	0	nan	0.00	0.02	3.05	90.78	93.38	0.00	37	0	42	0.00	0.00	58.55	7.33	0.00	0.00	2000
75	6.56	1138	2103	0.13	211	0	0	2	88.76	0.00	0.01	3.10	90.35	93.44	0.00	37	0	43	0.00	0.00	57.65	7.33	0.00	0.00	2000
74	6.54	1132	2104	0.26	195	0	0	1	91.29	0.00	0.00	3.47	90.06	93.46	0.00	37	0	43	0.00	0.00	58.66	7.41	0.00	0.00	2000
76	6.59	1147	2107	0.00	194	0	0	0	nan	0.00	0.02	4.13	89.45	93.41	0.00	37	0	42	0.00	0.00	55.09	7.36	0.00	0.00	2000
74	6.42	1149	2099	0.00	196	0	0	0	nan	0.00	0.01	3.96	89.59	93.58	0.00	37	0	42	0.00	0.00	60.69	7.51	0.00	0.00	2000
74	6.74	1099	2101	0.00	194	0	0	0	nan	0.00	0.00	3.71	89.62	93.26	0.00	37	0	43	0.00	0.00	60.23	7.80	0.00	0.00	2000
71	6.62	1093	2071	0.00	194	0	0	0	nan	0.00	0.02	3.48	88.69	93.38	0.00	37	0	43	0.00	0.00	55.56	7.03	0.00	0.00	2000
75	6.95	1077	2098	0.00	194	0	0	0	nan	0.00	0.01	2.44	90.46	93.05	0.00	37	0	43	0.00	0.00	60.39	7.60	0.00	0.00	2000
76	6.51	1155	2119	0.00	196	0	0	0	nan	0.00	0.00	4.83	89.43	93.49	0.00	37	0	42	0.00	0.00	59.71	7.54	0.00	0.00	2000
74	6.67	1114	2102	0.00	194	0	0	0	nan	0.00	0.00	2.99	90.45	93.33	0.00	37	0	42	0.00	0.00	59.00	7.75	0.00	0.00	2000
74	6.51	1131	2110	0.00	196	0	0	0	nan	0.00	0.02	2.77	91.10	93.49	0.00	37	0	42	0.00	0.00	59.09	7.46	0.00	0.00	2000
74	6.76	1106	2078	0.00	196	0	0	0	nan	0.00	0.00	2.68	89.57	93.24	0.00	37	0	42	0.00	0.00	57.02	7.26	0.00	0.00	2000
74	6.37	1151	2114	0.00	195	0	0	0	nan	0.00	0.02	4.45	89.65	93.63	0.00	37	0	43	0.00	0.00	60.32	7.70	0.00	0.00	2000
74	6.62	1129	2079	0.00	195	0	0	0	nan	0.00	0.00	3.18	89.15	93.38	0.00	37	0	43	0.00	0.00	57.63	7.30	0.00	0.00	2000
75	6.65	1114	2123	0.00	196	0	0	0	nan	0.00	0.00	4.42	89.95	93.35	0.00	37	0	43	0.00	0.00	58.93	7.49	0.00	0.00	2000
74	6.44	1153	2103	0.00	211	0	0	0	nan	0.00	0.02	2.95	90.66	93.56	0.00	37	0	42	0.00	0.00	58.50	7.37	0.00	0.00	2000
73	6.42	1143	2101	0.00	179	0	0	0	nan	0.00	0.00	3.50	90.00	93.58	0.00	37	0	43	0.00	0.00	59.17	7.35	0.00	0.00	2000
75	6.48	1154	2097	0.00	212	0	0	0	nan	0.00	0.00	2.68	90.63	93.52	0.00	37	0	42	0.00	0.00	58.27	7.57	0.00	0.00	2000
73	6.41	1145	2084	0.02	182	0	0	1	88.93	0.00	0.04	5.11	87.69	93.59	0.00	37	0	42	0.00	0.00	58.22	7.54	0.00	0.00	2000
77	6.80	1116	2124	0.26	213	0	0	2	91.97	0.00	0.00	4.65	89.63	93.20	0.00	37	0	43	0.00	0.00	57.36	7.38	0.00	0.00	2000
75	6.64	1145	2080	0.00	196	0	0	0	nan	0.00	0.00	3.56	88.92	93.36	0.00	37	0	43	0.00	0.00	58.99	7.41	0.00	0.00	2000
75	6.89	1079	2110	0.00	195	0	0	0	nan	0.00	0.01	2.89	90.63	93.11	0.00	37	0	43	0.00	0.00	59.94	7.82	0.00	0.00	2000
75	6.71	1112	2104	0.00	194	0	0	0	nan	0.00	0.00	2.60	90.94	93.29	0.00	37	0	42	0.00	0.00	56.79	7.36	0.00	0.00	2000
75	6.13	1225	2106	0.00	193	0	0	0	nan	0.00	0.02	3.06	90.86	93.87	0.00	37	0	43	0.00	0.00	60.73	7.75	0.00	0.00	2000
75	6.57	1153	2072	0.00	195	0	0	0	nan	0.00	0.00	3.78	88.34	93.43	0.00	37	0	43	0.00	0.00	57.71	7.28	0.00	0.00	2000
77	6.50	1169	2132	0.00	194	0	0	0	nan	0.00	0.01	2.13	92.64	93.50	0.00	37	0	42	0.00	0.00	58.83	7.52	0.00	0.00	2000
72	6.54	1129	2060	0.00	195	0	0	0	nan	0.00	0.01	3.13	88.55	93.46	0.00	37	0	42	0.00	0.00	57.72	7.30	0.00	0.00	2000
75	6.75	1089	2137	0.00	195	0	0	0	nan	0.00	0.02	1.95	92.90	93.25	0.00	37	0	42	0.00	0.00	63.35	8.10	0.00	0.00	2000
75	6.39	1178	2098	0.00	195	0	0	0	nan	0.01	0.00	2.53	90.86	93.61	0.00	37	0	43	0.00	0.00	54.83	7.13	0.00	0.00	2000
75	6.59	1156	2079	0.00	197	0	0	0	nan	0.00	0.00	3.01	89.50	93.41	0.00	37	0	43	0.00	0.00	59.50	7.44	0.00	0.00	2000
76	6.45	1178	2111	0.00	211	0	0	0	nan	0.00	0.02	6.41	87.56	93.55	0.00	37	0	42	0.00	0.00	60.26	7.67	0.00	0.00	2000
76	5.81	1305	2092	0.00	194	0	0	0	nan	0.00	0.00	3.31	90.33	94.19	0.00	37	0	42	0.00	0.00	56.82	7.31	0.00	0.00	2000
78	6.67	1181	2093	0.00	198	0	0	0	nan	0.00	0.01	2.56	90.43	93.33	0.00	37	0	43	0.00	0.00	59.39	7.52	0.00	0.00	2000
75	7.08	1055	2119	0.00	211	0	0	0	nan	0.00	0.00	4.62	89.22	92.92	0.00	37	0	42	0.00	0.00	62.58	7.92	0.00	0.00	2000
76	6.70	1136	2100	0.00	194	0	0	0	nan	0.00	0.00	3.68	89.52	93.30	0.00	37	0	42	0.00	0.00	59.58	7.55	0.00	0.00	2000
75	6.63	1128	2105	0.00	194	0	0	1	89.13	0.00	0.02	3.15	90.53	93.37	0.00	37	0	43	0.00	0.00	58.29	7.38	0.00	0.00	2000
72	6.69	1089	2075	0.08	195	0	0	1	89.82	0.00	0.00	3.34	88.86	93.31	0.00	37	0	42	0.00	0.00	57.55	7.29	0.00	0.00	2000
76	6.98	1079	2127	0.00	196	0	0	0	nan	0.00	0.00	3.41	90.92	93.02	0.00	37	0	43	0.00	0.00	58.26	7.46	0.00	0.00	2000
74	6.76	1093	2100	0.00	196	0	0	0	nan	0.00	0.00	3.51	89.75	93.24	0.00	37	0	42	0.00	0.00	59.04	7.40	0.00	0.00	2000
76	6.46	1184	2097	0.00	197	0	0	0	nan	0.00	0.02	3.81	89.65	93.54	0.00	37	0	42	0.00	0.00	59.01	7.51	0.00	0.00	2000
74	6.72	1112	2080	0.00	195	0	0	0	nan	0.00	0.03	3.41	89.05	93.28	0.00	37	0	43	0.00	0.00	59.77	7.56	0.00	0.00	2000
73	6.71	1100	2086	0.00	195	0	0	0	nan	0.00	0.00	3.62	89.08	93.29	0.00	37	0	42	0.00	0.00	56.61	7.18	0.00	0.00	2000
74	6.57	1114	2123	0.00	195	0	0	0	nan	0.00	0.02	2.45	92.05	93.43	0.00	37	0	43	0.00	0.00	59.02	7.61	0.00	0.00	2000
75	6.44	1168	2096	0.00	195	0	0	0	nan	0.00	0.02	2.67	90.69	93.56	0.00	37	0	42	0.00	0.00	59.07	7.46	0.00	0.00	2000
76	6.59	1148	2122	0.00	194	0	0	0	nan	0.00	0.01	1.88	92.41	93.41	0.00	38	0	42	0.00	0.00	60.48	7.77	0.00	0.00	2000
76	6.30	1196	2104	0.00	194	0	0	0	nan	0.00	0.01	2.91	90.96	93.70	0.00	37	0	43	0.00	0.00	59.41	7.31	0.00	0.00	2000
74	6.52	1131	2098	0.00	195	0	0	0	nan	0.00	0.02	3.92	89.42	93.48	0.00	37	0	43	0.00	0.00	58.47	7.45	0.00	0.00	2000
74	6.69	1113	2100	0.00	193	0	0	0	nan	0.00	0.00	3.15	90.10	93.31	0.00	37	0	43	0.00	0.00	58.46	7.32	0.00	0.00	2000
74	6.49	1134	2101	0.00	194	0	0	0	nan	0.00	0.00	4.08	89.35	93.51	0.00	37	0	43	0.00	0.00	59.40	7.41	0.00	0.00	2000
77	6.68	1151	2097	0.00	196	0	0	0	nan	0.00	0.00	3.41	89.72	93.32	0.00	37	0	43	0.00	0.00	56.52	7.39	0.00	0.00	2000
74	6.58	1128	2099	0.00	195	0	0	0	nan	0.00	0.00	4.08	89.27	93.42	0.00	37	0	43	0.00	0.00	62.43	7.49	0.00	0.00	2000
75	6.78	1100	2103	0.00	194	0	0	0	nan	0.00	0.00	3.77	89.55	93.22	0.00	37	0	42	0.00	0.00	57.37	7.42	0.00	0.00	2000
73	6.60	1107	2097	0.00	195	0	0	1	90.07	0.00	0.02	3.71	89.49	93.40	0.00	37	0	43	0.00	0.00	58.79	7.43	0.00	0.00	2000
76	6.30	1201	2109	0.10	195	0	0	2	90.67	0.00	0.00	3.00	90.91	93.70	0.00	37	0	42	0.00	0.00	58.49	7.33	0.00	0.00	2000
74	6.11	1235	2063	0.00	196	0	0	0	nan	0.00	0.00	4.08	88.15	93.89	0.00	37	0	42	0.00	0.00	57.77	7.28	0.00	0.00	2000
76	6.74	1113	2133	0.00	196	0	0	0	nan	0.01	0.02	2.55	92.16	93.26	0.00	37	0	42	0.00	0.00	60.07	7.67	0.00	0.00	2000
74	6.44	1153	2103	0.00	195	0	0	0	nan	0.00	0.00	3.54	90.09	93.56	0.00	37	0	43	0.00	0.00	59.51	7.49	0.00	0.00	2000
76	6.87	1107	2088	0.00	194	0	0	0	nan	0.00	0.00	3.41	89.21	93.13	0.00	37	0	43	0.00	0.00	58.96	7.54	0.00	0.00	2000
75	6.58	1129	2109	0.00	196	0	0	0	nan	0.00	0.02	4.15	89.64	93.42	0.00	37	0	43	0.00	0.00	58.61	7.38	0.00	0.00	2000
75	6.47	1169	2092	0.00	197	0	0	0	nan	0.00	0.02	4.76	88.37	93.53	0.00	37	0	42	0.00	0.00	59.30	7.35	0.00	0.00	2000
75	6.60	1146	2096	0.00	196	0	0	0	nan	0.00	0.00	3.77	89.38	93.40	0.00	37	0	43	0.00	0.00	58.90	7.41	0.00	0.00	2000
74	6.66	1114	2103	0.00	194	0	0	0	nan	0.00	0.01	3.03	90.39	93.34	0.00	37	0	43	0.00	0.00	58.89	7.50	0.00	0.00	2000
83	7.27	1143	2106	0.00	195	0	0	0	nan	0.00	0.01	4.28	88.72	92.73	0.00	38	0	42	0.00	0.00	60.71	7.23	0.00	0.00	2000
75	6.53	1152	2098	0.00	195	0	0	0	nan	0.00	0.00	3.81	89.55	93.47	0.00	37	0	43	0.00	0.00	56.45	7.61	0.00	0.00	2000
74	6.33	1177	2085	0.00	178	0	0	0	nan	0.00	0.00	4.08	88.90	93.67	0.00	37	0	43	0.00	0.00	57.75	7.39	0.00	0.00	2000
77	6.65	1162	2102	0.00	200	0	0	0	nan	0.00	0.02	4.53	89.02	93.35	0.00	37	0	43	0.00	0.00	59.53	7.59	0.00	0.00	2000
73	6.58	1100	2115	0.00	194	0	0	0	nan	0.01	0.00	3.13	90.95	93.42	0.00	37	0	43	0.00	0.00	59.35	7.57	0.00	0.00	2000
75	6.52	1149	2098	0.00	196	0	0	0	nan	0.00	0.00	3.17	90.31	93.48	0.00	37	0	42	0.00	0.00	56.84	7.49	0.00	0.00	2000
74	6.88	1070	2099	0.00	195	0	0	0	nan	0.01	0.00	2.42	90.74	93.12	0.00	37	0	42	0.00	0.00	60.85	7.41	0.00	0.00	2000
74	6.77	1095	2103	0.00	195	0	0	0	91.81	0.00	0.03	3.25	90.11	93.23	0.00	37	0	42	0.00	0.00	59.57	7.59	0.00	0.00	2000
75	6.55	1151	2088	0.32	194	0	0	1	90.17	0.00	0.00	2.86	89.98	93.45	0.00	37	0	42	0.00	0.00	58.70	7.48	0.00	0.00	2000
74	6.70	1109	2090	0.19	211	0	0	0	nan	0.00	0.00	4.05	88.77	93.30	0.00	37	0	42	0.00	0.00	59.60	7.50	0.00	0.00	2000
75	6.52	1138	2128	0.00	195	0	0	0	nan	0.00	0.02	2.97	91.69	93.48	0.00	37	0	42	0.00	0.00	62.96	7.85	0.00	0.00	2000
75	6.38	1170	2100	0.00	194	0	0	0	nan	0.00	0.00	3.45	90.15	93.62	0.00	37	0	43	0.00	0.00	59.81	7.50	0.00	0.00	2000
74	6.42	1162	2078	0.00	195	0	0	0	nan	0.00	0.00	3.94	88.73	93.58	0.00	37	0	42	0.00	0.00	56.12	6.99	0.00	0.00	2000
76	7.11	1064	2121	0.00	197	0	0	0	nan	0.00	0.00	2.96	90.92	92.89	0.00	37	0	42	0.00	0.00	60.74	7.76	0.00	0.00	2000
73	6.37	1152	2096	0.00	197	0	0	0	nan	0.00	0.00	3.07	90.30	93.63	0.00	37	0	42	0.00	0.00	59.10	7.43	0.00	0.00	2000
94	7.18	1353	2038	0.00	193	0	0	0	nan	0.00	0.00	3.63	86.47	92.82	0.00	37	0	42	0.00	0.00	52.27	6.71	0.00	0.00	2000
77	6.60	1129	2177	0.00	255	0	0	0	nan	0.00	0.02	5.82	91.07	93.40	0.00	37	0	42	0.00	0.00	66.45	8.34	0.00	0.00	2000
79	7.21	1096	2096	0.00	201	0	0	0	nan	0.00	0.02	4.31	88.32	92.79	0.00	37	0	43	0.00	0.00	61.41	7.71	0.00	0.00	2000
189	10.11	1900	2066	0.00	201	0	0	0	nan	0.00	0.00	4.71	83.83	89.89	0.00	37	0	43	0.00	0.00	57.53	6.75	0.00	0.00	2000
231	10.63	2130	2141	0.00	210	0	0	0	nan	0.00	0.00	3.96	87.26	89.37	0.00	38	0	42	0.00	0.00	69.15	7.81	0.00	0.00	2000
228	10.91	2095	2093	0.00	196	0	0	0	nan	0.00	0.00	4.26	84.57	89.09	0.00	38	0	42	0.00	0.00	64.14	7.39	0.00	0.00	2000
228	10.94	2082	2102	0.00	195	0	0	0	nan	0.00	0.00	4.06	85.18	89.06	0.00	38	0	43	0.00	0.00	67.31	7.78	0.00	0.00	2000
232	10.85	2137	2102	0.00	195	0	0	0	nan	0.00	0.02	3.33	85.92	89.15	0.00	38	0	43	0.00	0.00	62.37	7.24	0.00	0.00	2000
224	10.59	2149	2064	0.00	194	0	0	0	nan	0.00	0.00	3.89	84.12	89.41	0.00	38	0	42	0.00	0.00	63.35	7.30	0.00	0.00	2000
228	10.90	2087	2104	0.00	196	0	0	2	61.94	0.00	0.01	5.34	84.00	89.10	0.00	38	0	42	0.00	0.00	67.90	7.83	0.00	0.00	2000
233	10.86	2118	2127	0.53	195	0	0	5	53.88	0.01	0.00	4.41	85.91	89.14	0.00	38	0	42	0.00	0.00	66.65	7.60	0.00	0.00	2000
230	11.06	2074	2106	0.00	193	0	0	0	nan	0.00	0.03	3.07	86.21	88.94	0.00	38	0	43	0.00	0.00	63.35	7.15	0.00	0.00	2000
232	11.06	2091	2105	0.00	196	0	0	0	nan	0.00	0.00	4.15	85.11	88.94	0.00	38	0	42	0.00	0.00	69.38	8.08	0.00	0.00	2000
227	11.10	2059	2086	0.00	194	0	0	0	nan	0.00	0.00	3.26	85.12	88.90	0.00	38	0	42	0.00	0.00	63.69	7.71	0.00	0.00	2000
232	11.09	2075	2115	0.00	196	0	0	0	nan	0.00	0.00	3.55	86.05	88.91	0.00	38	0	43	0.00	0.00	64.37	7.80	0.00	0.00	2000
224	11.27	2008	2083	0.00	194	0	0	0	nan	0.00	0.01	3.69	84.45	88.73	0.00	38	0	43	0.00	0.00	65.60	7.98	0.00	0.00	2000
229	11.04	2071	2099	0.00	196	1	0	0	nan	0.00	0.00	2.97	86.05	88.96	0.00	38	0	43	0.00	0.00	66.24	8.05	0.00	0.00	2000
232	11.15	2074	2103	0.00	198	0	0	0	nan	0.00	0.02	4.07	84.99	88.85	0.00	38	0	42	0.00	0.00	67.05	8.17	0.00	0.00	2000
233	11.01	2109	2112	0.00	207	0	0	0	nan	0.00	0.00	4.68	84.92	88.99	0.00	38	0	42	0.00	0.00	67.74	8.01	0.00	0.00	2000
228	11.04	2080	2088	0.00	178	0	0	0	nan	0.01	0.00	2.29	86.20	88.96	0.00	38	0	42	0.00	0.00	65.13	8.03	0.00	0.00	2000
227	10.76	2103	2103	0.00	210	0	0	0	nan	0.00	0.00	3.19	86.26	89.24	0.00	38	0	43	0.00	0.00	64.52	7.70	0.00	0.00	2000
227	10.94	2083	2094	0.00	194	0	0	0	nan	0.00	0.00	3.27	85.60	89.06	0.00	38	0	43	0.00	0.00	66.69	8.23	0.00	0.00	2000
232	11.24	2061	2103	0.00	198	0	0	0	nan	0.00	0.00	5.44	83.55	88.76	0.00	38	0	42	0.00	0.00	66.44	8.16	0.00	0.00	2000
228	11.24	2045	2084	0.00	196	0	0	0	nan	0.00	0.00	4.44	83.70	88.76	0.00	38	0	42	0.00	0.00	65.76	7.80	0.00	0.00	2000
278	13.53	2146	2012	0.00	196	0	0	0	nan	0.00	0.77	3.19	79.01	86.47	0.00	38	0	42	0.00	0.00	58.06	6.93	0.00	0.00	2000
155	8.55	1734	2197	0.00	248	0	0	0	nan	0.00	0.00	5.96	89.66	91.45	0.00	37	0	43	0.00	0.00	72.87	8.87	0.00	0.00	2000
120	8.44	1413	2119	0.00	218	0	0	3	70.34	0.00	0.02	6.59	85.82	91.56	0.00	37	0	42	0.00	0.00	59.80	7.38	0.00	0.00	2000
