Avg_MHz	Busy%	Bzy_MHz	TSC_MHz	IPC	IRQ	NMI	SMI	LLCMRPS	LLC%hit	POLL%	C1%	C1E%	C6%	CPU%c1	CPU%c6	CoreTmp	CoreThr	PkgTmp	Pkg%pc2	Pkg%pc6	PkgWatt	RAMWatt	PKG_%	RAM_%	UncMHz
347	16.80	2028	2142	0.00	256	0	0	0	nan	0.02	0.03	36.99	47.81	83.20	0.00	38	0	42	0.00	0.00	65.78	8.16	0.00	0.00	2000
477	21.07	2269	2097	0.00	207	0	0	0	nan	0.07	1.00	21.88	56.21	78.93	0.00	39	0	43	0.00	0.00	65.53	7.44	0.00	0.00	2000
91	7.05	1293	2091	0.00	215	0	0	0	nan	0.01	0.10	12.04	80.39	92.95	0.00	37	0	43	0.00	0.00	62.39	7.55	0.00	0.00	2000
74	6.80	1080	2106	0.00	209	0	0	0	nan	0.00	0.00	4.33	89.15	93.20	0.00	37	0	43	0.00	0.00	58.69	7.98	0.00	0.00	2000
73	6.49	1120	2115	0.00	194	0	0	0	nan	0.00	0.00	4.55	89.64	93.51	0.00	38	0	43	0.00	0.00	58.47	7.63	0.00	0.00	2000
72	6.23	1162	2104	0.00	193	0	0	0	nan	0.00	0.02	3.76	90.07	93.77	0.00	37	0	43	0.00	0.00	59.04	7.58	0.00	0.00	2000
72	6.64	1100	2075	0.00	195	0	0	0	nan	0.00	0.00	3.66	88.49	93.36	0.00	38	0	43	0.00	0.00	59.08	7.63	0.00	0.00	2000
74	6.82	1070	2130	0.00	193	0	0	0	nan	0.00	0.03	1.62	92.80	93.18	0.00	38	0	43	0.00	0.00	59.46	7.56	0.00	0.00	2000
86	7.39	1167	2086	0.00	194	0	0	0	nan	0.00	0.02	3.41	88.44	92.61	0.00	38	0	43	0.00	0.00	56.66	7.22	0.00	0.00	2000
73	7.10	1025	2111	0.00	194	0	0	0	nan	0.00	0.02	3.04	90.41	92.90	0.00	38	0	43	0.00	0.00	59.05	7.63	0.00	0.00	2000
75	7.11	1048	2112	0.00	196	0	0	0	nan	0.00	0.00	2.50	90.95	92.89	0.00	37	0	43	0.00	0.00	59.90	7.76	0.00	0.00	2000
74	6.88	1072	2099	0.00	192	0	0	0	nan	0.00	0.00	3.12	90.15	93.12	0.00	37	0	43	0.00	0.00	59.66	7.55	0.00	0.00	2000
73	6.31	1175	2081	0.00	196	0	0	0	nan	0.02	0.00	3.91	88.89	93.69	0.00	37	0	43	0.00	0.00	56.62	7.25	0.00	0.00	2000
72	6.55	1090	2111	0.00	194	0	0	0	nan	0.00	0.02	2.12	91.77	93.45	0.00	37	0	43	0.00	0.00	59.62	7.71	0.00	0.00	2000
75	6.57	1137	2100	0.00	197	0	0	0	nan	0.00	0.02	4.03	89.33	93.43	0.00	37	0	43	0.00	0.00	58.16	7.42	0.00	0.00	2000
72	6.52	1112	2084	0.00	195	0	0	0	96.30	0.00	0.00	3.29	89.48	93.48	0.00	37	0	43	0.00	0.00	58.64	7.51	0.00	0.00	2000
74	6.78	1083	2123	0.31	193	0	0	1	84.43	0.00	0.00	3.04	91.08	93.22	0.00	37	0	43	0.00	0.00	59.88	7.79	0.00	0.00	2000
72	6.53	1104	2101	0.10	192	0	0	0	nan	0.01	0.00	3.00	90.57	93.47	0.00	37	0	43	0.00	0.00	60.05	7.71	0.00	0.00	2000
135	8.63	1567	2089	0.00	212	0	0	0	nan	0.00	0.01	3.02	88.01	91.37	0.00	38	0	43	0.00	0.00	58.14	7.36	0.00	0.00	2000
222	11.07	2002	2101	0.00	195	0	0	0	nan	0.00	0.01	3.55	85.54	88.93	0.00	39	0	43	0.00	0.00	64.64	7.63	0.00	0.00	2000
221	11.03	2002	2102	0.00	196	0	0	0	nan	0.00	0.00	3.06	86.06	88.97	0.00	40	0	43	0.00	0.00	65.39	7.55	0.00	0.00	2000
222	10.85	2048	2098	0.00	196	0	0	0	nan	0.00	0.03	3.54	85.60	89.15	0.00	39	0	43	0.00	0.00	65.14	7.49	0.00	0.00	2000
224	10.69	2098	2099	0.00	196	0	0	0	nan	0.00	0.01	3.54	85.73	89.31	0.00	40	0	43	0.00	0.00	66.12	7.77	0.00	0.00	2000
224	11.08	2036	2087	0.00	195	0	0	0	nan	0.00	0.02	3.98	84.49	88.92	0.00	37	0	43	0.00	0.00	64.79	8.01	0.00	0.00	2000
233	11.06	2097	2112	0.00	194	0	0	0	nan	0.00	0.00	3.69	85.93	88.94	0.00	38	0	43	0.00	0.00	66.18	7.88	0.00	0.00	2000
228	10.92	2087	2101	0.00	195	0	0	0	nan	0.00	0.00	3.73	85.47	89.08	0.00	38	0	43	0.00	0.00	67.03	8.26	0.00	0.00	2000
224	10.94	2046	2103	0.00	195	0	0	0	nan	0.00	0.02	2.91	86.34	89.06	0.00	39	0	43	0.00	0.00	63.74	7.97	0.00	0.00	2000
221	11.38	2073	1968	0.00	197	0	0	0	nan	0.00	0.02	3.51	79.62	88.62	0.00	39	0	43	0.00	0.00	59.59	7.16	0.00	0.00	2000
225	10.21	2070	2233	0.00	194	0	0	0	nan	0.00	0.00	1.92	93.66	89.79	0.00	40	0	43	0.00	0.00	71.97	8.32	0.00	0.00	2000
221	10.83	2034	2106	0.00	194	0	0	0	nan	0.00	0.00	3.06	86.45	89.17	0.00	40	0	43	0.00	0.00	65.89	7.72	0.00	0.00	2000
220	10.93	2063	2049	0.00	193	0	0	0	nan	0.00	0.02	2.94	84.05	89.07	0.00	40	0	43	0.00	0.00	60.92	7.09	0.00	0.00	2000
222	10.86	2033	2108	0.00	196	0	0	0	nan	0.00	0.02	3.64	85.87	89.14	0.00	40	0	43	0.00	0.00	67.51	8.01	0.00	0.00	2000
222	10.89	2041	2103	0.00	195	0	0	0	nan	0.00	0.00	3.76	85.56	89.11	0.00	40	0	43	0.00	0.00	65.32	7.62	0.00	0.00	2000
222	10.39	2097	2138	0.62	195	0	0	16	94.76	0.00	0.00	3.50	87.80	89.61	0.00	40	0	43	0.00	0.00	66.70	7.76	0.00	0.00	2000
221	10.73	2107	2052	0.14	194	0	0	0	nan	0.00	0.02	3.03	84.23	89.27	0.00	40	0	43	0.00	0.00	61.49	7.08	0.00	0.00	2000
225	10.65	2079	2137	0.00	199	0	0	0	nan	0.00	0.00	3.71	87.20	89.35	0.00	40	0	43	0.00	0.00	68.69	8.05	0.00	0.00	2000
220	10.71	2058	2098	0.00	194	0	0	0	nan	0.00	0.00	3.06	86.21	89.29	0.00	40	0	43	0.00	0.00	61.79	7.12	0.00	0.00	2000
222	11.09	2005	2096	0.00	194	0	0	0	nan	0.00	0.00	3.50	85.33	88.91	0.00	41	0	43	0.00	0.00	63.72	7.42	0.00	0.00	2000
221	10.75	2058	2100	0.00	197	0	0	0	nan	0.00	0.02	3.44	85.86	89.25	0.00	40	0	43	0.00	0.00	67.25	7.77	0.00	0.00	2000
221	10.71	2056	2111	0.00	195	0	0	0	nan	0.00	0.00	3.13	86.75	89.29	0.00	41	0	43	0.00	0.00	63.21	7.30	0.00	0.00	2000
220	10.89	2061	2053	0.00	211	0	0	0	nan	0.00	0.00	2.40	84.84	89.11	0.00	40	0	43	0.00	0.00	63.72	7.51	0.00	0.00	2000
214	11.82	2072	1835	0.00	196	0	0	0	nan	0.00	0.00	2.47	74.69	88.18	0.00	40	0	43	0.00	0.00	55.63	6.76	0.00	0.00	2000
233	9.93	2007	2460	0.00	228	0	0	0	nan	0.00	0.00	3.01	102.61	90.07	0.00	40	0	43	0.00	0.00	77.95	9.54	0.00	0.00	2000
218	11.41	2048	1960	0.00	195	0	0	0	nan	0.00	0.00	2.15	80.57	88.59	0.00	40	0	43	0.00	0.00	61.24	7.39	0.00	0.00	2000
225	10.42	2017	2253	0.00	210	0	0	0	nan	0.00	0.00	2.52	93.67	89.58	0.00	40	0	43	0.00	0.00	70.87	8.34	0.00	0.00	2000
223	10.75	2085	2089	0.00	196	0	0	0	nan	0.00	0.00	3.06	85.78	89.25	0.00	40	0	43	0.00	0.00	62.54	7.49	0.00	0.00	2000
223	10.65	2081	2117	0.00	196	0	0	0	nan	0.00	0.00	3.33	86.79	89.35	0.00	40	0	43	0.00	0.00	63.07	7.33	0.00	0.00	2000
221	10.61	2100	2082	0.00	196	0	0	0	nan	0.00	0.02	3.20	85.45	89.39	0.00	40	0	43	0.00	0.00	64.46	7.78	0.00	0.00	2000
220	10.77	2074	2065	0.00	194	0	0	0	nan	0.00	0.00	2.59	85.22	89.23	0.00	40	0	43	0.00	0.00	65.66	7.78	0.00	0.00	2000
220	10.52	2091	2105	0.00	194	0	0	2	96.26	0.00	0.02	3.19	86.45	89.48	0.00	40	0	43	0.00	0.00	64.82	7.63	0.00	0.00	2000
218	10.69	2090	2048	0.85	194	0	0	10	91.84	0.00	0.02	2.97	84.14	89.31	0.00	40	0	43	0.00	0.00	61.79	7.15	0.00	0.00	2000
224	10.51	2104	2126	0.00	211	0	0	0	nan	0.00	0.01	2.58	88.06	89.49	0.00	40	0	43	0.00	0.00	65.78	7.53	0.00	0.00	2000
228	11.00	2048	2129	0.00	215	0	0	0	nan	0.00	0.03	3.59	86.77	89.00	0.00	40	0	43	0.00	0.00	64.53	7.69	0.00	0.00	2000
223	10.75	2031	2146	0.00	196	0	0	0	nan	0.00	0.00	2.91	88.44	89.25	0.00	40	0	43	0.00	0.00	68.80	8.06	0.00	0.00	2000
221	11.05	1999	2101	0.00	212	0	0	0	nan	0.00	0.00	4.28	84.84	88.95	0.00	40	0	42	0.00	0.00	63.24	7.46	0.00	0.00	2000
223	10.79	2072	2099	0.00	197	0	0	0	nan	0.00	0.00	2.97	86.30	89.21	0.00	40	0	43	0.00	0.00	64.93	7.43	0.00	0.00	2000
221	10.72	2067	2098	0.00	195	0	0	0	nan	0.00	0.00	3.29	85.91	89.28	0.00	40	0	43	0.00	0.00	65.34	7.58	0.00	0.00	2000
222	10.92	2044	2092	0.00	196	0	0	0	nan	0.00	0.00	2.79	86.05	89.08	0.00	40	0	43	0.00	0.00	64.48	7.63	0.00	0.00	2000
222	10.87	2047	2098	0.00	194	0	0	0	nan	0.00	0.02	2.94	86.18	89.13	0.00	40	0	43	0.00	0.00	66.83	7.97	0.00	0.00	2000
221	11.19	1997	2077	0.00	195	0	0	0	nan	0.00	0.00	3.17	84.74	88.81	0.00	40	0	43	0.00	0.00	61.44	7.32	0.00	0.00	2000
224	10.75	2055	2127	0.00	196	0	0	0	nan	0.00	0.00	3.78	86.76	89.25	0.00	40	0	43	0.00	0.00	67.00	7.95	0.00	0.00	2000
222	10.87	2040	2105	0.00	210	0	0	0	nan	0.00	0.00	2.11	87.31	89.13	0.00	40	0	43	0.00	0.00	64.67	7.56	0.00	0.00	2000
207	11.23	2064	1878	0.00	195	0	0	0	nan	0.01	0.00	2.14	77.29	88.77	0.00	38	0	42	0.00	0.00	56.13	6.92	0.00	0.00	2000
231	10.22	1985	2388	0.00	261	0	0	0	nan	0.00	0.00	4.35	97.82	89.78	0.00	40	0	43	0.00	0.00	78.30	9.27	0.00	0.00	2000
379	18.59	2327	1838	0.00	209	0	0	0	nan	0.00	0.01	2.96	68.35	81.41	0.00	39	0	43	0.00	0.00	59.15	6.71	0.00	0.00	2000
229	10.13	2037	2332	0.00	234	0	0	0	nan	0.00	0.01	3.74	96.08	89.87	0.00	38	0	43	0.00	0.00	69.55	8.20	0.00	0.00	2000
228	10.59	2101	2151	0.40	210	0	0	1	80.52	0.01	0.00	2.64	89.03	89.41	0.00	39	0	43	0.00	0.00	64.93	7.83	0.00	0.00	2000
232	11.28	2046	2114	0.27	195	0	0	1	89.42	0.00	0.00	3.65	85.82	88.72	0.00	39	0	42	0.00	0.00	67.75	7.43	0.00	0.00	2000
227	10.88	2099	2090	0.00	196	0	0	0	nan	0.00	0.02	4.15	84.60	89.12	0.00	39	0	43	0.00	0.00	64.83	7.50	0.00	0.00	2000
227	10.91	2088	2098	0.00	194	0	0	0	nan	0.00	0.00	4.27	84.72	89.09	0.00	39	0	43	0.00	0.00	64.99	7.82	0.00	0.00	2000
229	11.10	2056	2108	0.00	194	0	0	0	nan	0.00	0.00	4.37	84.91	88.90	0.00	39	0	43	0.00	0.00	64.20	7.55	0.00	0.00	2000
226	11.18	2022	2098	0.00	194	0	0	0	nan	0.00	0.00	4.08	84.77	88.82	0.00	39	0	43	0.00	0.00	64.44	7.76	0.00	0.00	2000
228	11.14	2060	2090	0.00	196	0	0	0	nan	0.00	0.00	5.00	83.53	88.86	0.00	39	0	43	0.00	0.00	64.87	7.66	0.00	0.00	2000
230	11.01	2078	2112	0.00	194	0	0	0	nan	0.00	0.00	4.72	84.85	88.99	0.00	39	0	43	0.00	0.00	65.47	7.63	0.00	0.00	2000
228	11.06	2071	2092	0.00	197	0	0	0	nan	0.00	0.00	5.23	83.48	88.94	0.00	39	0	43	0.00	0.00	64.09	7.61	0.00	0.00	2000
228	11.28	2017	2107	0.00	195	0	0	0	nan	0.00	0.03	5.08	84.07	88.72	0.00	39	0	43	0.00	0.00	64.25	7.51	0.00	0.00	2000
229	11.13	2066	2096	0.00	195	0	0	0	nan	0.00	0.00	4.58	84.20	88.87	0.00	39	0	43	0.00	0.00	65.04	7.57	0.00	0.00	2000
228	11.19	2034	2105	0.00	195	0	0	0	nan	0.00	0.00	4.63	84.52	88.81	0.00	39	0	43	0.00	0.00	64.34	7.60	0.00	0.00	2000
229	11.14	2050	2105	0.00	194	0	0	0	nan	0.00	0.00	3.73	85.45	88.86	0.00	39	0	43	0.00	0.00	64.66	7.42	0.00	0.00	2000
231	11.03	2091	2101	0.00	194	0	0	0	nan	0.00	0.00	3.46	85.68	88.97	0.00	39	0	43	0.00	0.00	63.60	7.52	0.00	0.00	2000
232	10.95	2108	2109	0.00	178	0	0	0	nan	0.00	0.03	3.49	86.01	89.05	0.00	39	0	43	0.00	0.00	65.19	7.76	0.00	0.00	2000
128	8.32	1550	2087	0.00	195	0	0	0	nan	0.00	0.01	4.54	86.64	91.68	0.00	38	0	43	0.00	0.00	61.97	7.60	0.00	0.00	2000
77	6.88	1115	2101	0.00	194	0	0	0	nan	0.01	0.00	2.88	90.39	93.12	0.00	38	0	43	0.00	0.00	59.19	7.65	0.00	0.00	2000
215	10.74	2059	2046	0.34	200	0	0	3	88.10	0.00	0.00	3.86	83.10	89.26	0.00	39	0	43	0.00	0.00	63.52	7.49	0.00	0.00	2000
232	11.14	2033	2149	0.80	212	0	0	3	92.16	0.00	0.00	4.32	86.76	88.86	0.00	40	0	43	0.00	0.00	64.72	7.68	0.00	0.00	2000
229	11.15	2040	2111	0.00	199	0	0	0	nan	0.00	0.00	4.53	84.88	88.85	0.00	40	0	43	0.00	0.00	64.87	7.51	0.00	0.00	2000
103	7.33	1404	2102	0.00	203	0	0	0	nan	0.00	0.00	6.45	86.33	92.67	0.00	38	0	43	0.00	0.00	59.23	7.50	0.00	0.00	2000
76	7.01	1086	2099	0.00	194	0	0	0	nan	0.00	0.02	3.94	89.03	92.99	0.00	38	0	43	0.00	0.00	58.26	7.58	0.00	0.00	2000
78	6.20	1255	2109	0.00	195	0	0	0	nan	0.00	0.02	3.84	90.16	93.80	0.00	38	0	43	0.00	0.00	58.33	7.61	0.00	0.00	2000
76	6.38	1201	2091	0.00	197	0	0	0	nan	0.00	0.02	2.92	90.39	93.62	0.00	37	0	43	0.00	0.00	58.21	7.50	0.00	0.00	2000
131	8.05	1653	2063	0.00	185	0	0	0	nan	0.00	0.02	3.88	86.38	91.95	0.00	39	0	43	0.00	0.00	62.39	7.81	0.00	0.00	2000
230	11.20	2033	2122	0.00	212	0	0	0	nan	0.00	0.00	6.04	83.81	88.80	0.00	39	0	43	0.00	0.00	64.65	7.67	0.00	0.00	2000
232	11.39	2020	2114	0.00	197	0	0	0	nan	0.00	0.00	5.03	84.26	88.61	0.00	39	0	43	0.00	0.00	64.85	7.65	0.00	0.00	2000
230	11.25	2061	2085	0.00	196	0	0	0	nan	0.00	0.01	4.07	84.09	88.75	0.00	39	0	43	0.00	0.00	64.39	7.69	0.00	0.00	2000
230	11.27	2028	2117	0.00	194	0	0	0	nan	0.00	0.00	4.33	85.23	88.73	0.00	39	0	43	0.00	0.00	62.60	7.53	0.00	0.00	2000
231	11.26	2090	2063	0.00	183	0	0	0	nan	0.00	0.00	5.48	81.67	88.74	0.00	40	0	43	0.00	0.00	66.43	8.04	0.00	0.00	2000
228	10.98	2054	2126	0.00	211	0	0	0	nan	0.00	0.00	4.55	85.69	89.02	0.00	40	0	43	0.00	0.00	64.67	7.62	0.00	0.00	2000
230	11.26	2050	2095	0.00	195	0	0	0	nan	0.00	0.01	7.32	81.32	88.74	0.00	38	0	43	0.00	0.00	63.35	7.59	0.00	0.00	2000
267	13.43	2161	1930	0.00	206	0	0	0	nan	0.00	0.21	2.11	77.38	86.57	0.00	38	0	43	0.00	0.00	60.96	7.31	0.00	0.00	2000
237	11.14	1949	2296	0.00	257	0	0	0	nan	0.00	0.35	11.48	85.42	88.86	0.00	38	0	43	0.00	0.00	69.97	8.66	0.00	0.00	2000
80	6.86	1160	2102	0.25	193	0	0	2	80.13	0.00	0.01	3.06	90.14	93.14	0.00	37	0	43	0.00	0.00	57.82	7.55	0.00	0.00	2000
107	8.54	1265	2075	0.81	81	0	0	4	91.04	0.00	0.00	7.83	82.61	91.46	0.00	37	0	43	0.00	0.00	62.53	7.80	0.00	0.00	2000
