Avg_MHz	Busy%	Bzy_MHz	TSC_MHz	IPC	IRQ	NMI	SMI	LLCMRPS	LLC%hit	POLL%	C1%	C1E%	C6%	CPU%c1	CPU%c6	CoreTmp	CoreThr	PkgTmp	Pkg%pc2	Pkg%pc6	PkgWatt	RAMWatt	PKG_%	RAM_%	UncMHz
419	19.62	2068	2171	0.00	258	0	0	0	nan	0.00	0.65	44.02	38.59	80.38	0.00	37	0	42	0.00	0.00	69.51	8.12	0.00	0.00	2000
414	19.12	2162	2104	0.00	241	0	0	0	nan	0.04	0.44	23.12	57.70	80.88	0.00	37	0	42	0.00	0.00	65.72	7.72	0.00	0.00	2000
79	6.74	1171	2100	0.00	196	0	0	0	nan	0.00	0.00	4.14	89.04	93.26	0.00	37	0	42	0.00	0.00	61.24	7.81	0.00	0.00	2000
75	6.43	1155	2116	0.00	212	0	0	0	nan	0.00	0.00	3.22	90.91	93.57	0.00	37	0	42	0.00	0.00	58.16	7.38	0.00	0.00	2000
74	6.76	1096	2099	0.00	195	0	0	0	nan	0.00	0.00	4.30	88.93	93.24	0.00	37	0	42	0.00	0.00	57.04	7.33	0.00	0.00	2000
73	6.65	1091	2102	0.00	194	0	0	0	nan	0.00	0.02	3.54	89.87	93.35	0.00	36	0	42	0.00	0.00	58.73	7.22	0.00	0.00	2000
74	6.54	1131	2091	0.00	195	0	0	0	nan	0.00	0.01	3.22	89.84	93.46	0.00	37	0	42	0.00	0.00	58.35	7.65	0.00	0.00	2000
72	6.53	1102	2110	0.00	194	0	0	0	nan	0.00	0.00	3.85	90.08	93.47	0.00	37	0	42	0.00	0.00	58.11	7.44	0.00	0.00	2000
73	6.56	1112	2097	0.00	196	0	0	0	nan	0.00	0.00	3.21	90.07	93.44	0.00	37	0	42	0.00	0.00	58.30	7.56	0.00	0.00	2000
72	6.79	1062	2108	0.00	196	0	0	0	nan	0.00	0.01	4.62	88.98	93.21	0.00	37	0	42	0.00	0.00	58.21	7.40	0.00	0.00	2000
70	6.87	1041	2068	0.00	195	0	0	0	nan	0.00	0.00	2.60	89.17	93.13	0.00	37	0	42	0.00	0.00	55.87	7.27	0.00	0.00	2000
72	6.79	1061	2104	0.00	193	0	0	0	nan	0.00	0.01	2.32	91.19	93.21	0.00	37	0	42	0.00	0.00	62.70	7.92	0.00	0.00	2000
75	6.91	1068	2127	0.00	199	0	0	0	nan	0.00	0.04	2.68	91.59	93.09	0.00	37	0	42	0.00	0.00	58.55	7.25	0.00	0.00	2000
74	6.35	1174	2092	0.00	194	0	0	0	nan	0.00	0.00	3.42	89.81	93.65	0.00	37	0	42	0.00	0.00	59.07	7.52	0.00	0.00	2000
74	6.53	1138	2097	0.00	196	0	0	0	nan	0.00	0.02	4.31	88.98	93.47	0.00	37	0	42	0.00	0.00	58.94	7.61	0.00	0.00	2000
72	6.73	1069	2111	0.00	194	0	0	1	89.46	0.00	0.02	3.08	90.77	93.27	0.00	36	0	42	0.00	0.00	56.31	7.40	0.00	0.00	2000
73	6.35	1164	2076	0.29	196	0	0	2	89.10	0.00	0.00	2.96	89.63	93.65	0.00	36	0	42	0.00	0.00	58.07	7.51	0.00	0.00	2000
72	6.76	1061	2120	0.02	194	0	0	0	nan	0.00	0.04	1.99	92.20	93.24	0.00	37	0	42	0.00	0.00	57.83	7.54	0.00	0.00	2000
228	11.04	2062	2101	0.00	231	0	0	0	nan	0.00	0.53	5.59	83.02	88.96	0.00	38	0	42	0.00	0.00	64.54	7.58	0.00	0.00	2000
219	11.34	2050	1981	0.00	202	0	0	0	nan	0.00	0.00	5.77	78.01	88.66	0.00	39	0	42	0.00	0.00	62.33	7.23	0.00	0.00	2000
226	10.50	2031	2223	0.00	199	0	0	0	nan	0.00	0.03	5.51	89.24	89.50	0.00	39	0	42	0.00	0.00	67.91	7.90	0.00	0.00	2000
222	11.11	2029	2071	0.00	200	0	0	0	nan	0.00	0.00	5.78	81.95	88.89	0.00	40	0	42	0.00	0.00	60.94	7.14	0.00	0.00	2000
215	10.59	2017	2113	0.00	198	0	0	0	nan	0.00	0.00	5.01	85.01	89.41	0.00	38	0	42	0.00	0.00	68.06	7.95	0.00	0.00	2000
236	11.15	2101	2120	0.00	214	0	0	0	nan	0.00	0.00	4.85	84.91	88.85	0.00	39	0	42	0.00	0.00	67.73	8.00	0.00	0.00	2000
228	11.00	2071	2098	0.00	252	0	0	0	nan	0.00	0.00	3.69	85.33	89.00	0.00	38	0	42	0.00	0.00	63.13	7.51	0.00	0.00	2000
226	10.53	2150	2096	0.00	200	0	0	0	nan	0.00	0.02	5.19	84.07	89.47	0.00	38	0	42	0.00	0.00	65.30	8.08	0.00	0.00	2000
226	10.65	2117	2105	0.00	202	0	0	0	nan	0.00	0.03	5.03	84.41	89.35	0.00	38	0	42	0.00	0.00	65.71	8.11	0.00	0.00	2000
224	10.80	2101	2073	0.00	205	0	0	0	nan	0.00	0.00	4.95	83.17	89.20	0.00	39	0	42	0.00	0.00	65.37	7.46	0.00	0.00	2000
223	10.42	2122	2122	0.00	200	0	0	0	nan	0.00	0.01	5.74	84.82	89.58	0.00	39	0	42	0.00	0.00	65.19	7.46	0.00	0.00	2000
225	10.98	2080	2068	0.00	202	0	0	0	nan	0.00	0.03	6.46	81.15	89.02	0.00	40	0	42	0.00	0.00	62.83	7.31	0.00	0.00	2000
221	11.11	2056	2028	0.00	202	0	0	0	nan	0.00	0.02	6.24	79.74	88.89	0.00	40	0	42	0.00	0.00	63.56	7.23	0.00	0.00	2000
224	10.57	2028	2190	0.00	200	0	0	0	nan	0.00	0.00	5.18	88.22	89.43	0.00	40	0	42	0.00	0.00	64.17	7.61	0.00	0.00	2000
225	11.36	1989	2088	0.00	207	0	0	9	95.37	0.00	0.03	6.03	82.25	88.64	0.00	40	0	42	0.00	0.00	64.76	7.52	0.00	0.00	2000
221	10.62	2061	2124	0.74	199	0	0	11	96.36	0.00	0.02	6.87	83.58	89.38	0.00	40	0	42	0.00	0.00	64.56	7.59	0.00	0.00	2000
223	11.07	2029	2090	0.00	201	0	0	0	nan	0.00	0.07	5.44	83.14	88.93	0.00	40	0	42	0.00	0.00	67.18	7.80	0.00	0.00	2000
222	10.87	2044	2096	0.00	198	0	0	0	nan	0.00	0.02	4.00	85.04	89.13	0.00	40	0	42	0.00	0.00	61.80	7.08	0.00	0.00	2000
210	12.34	2043	1746	0.00	205	0	0	0	nan	0.01	0.05	4.89	68.08	87.66	0.00	40	0	42	0.00	0.00	53.52	6.31	0.00	0.00	2000
240	9.69	2016	2579	0.00	255	0	0	0	nan	0.00	0.05	5.32	105.60	90.31	0.00	40	0	42	0.00	0.00	80.24	9.27	0.00	0.00	2000
223	10.80	2100	2068	0.00	198	0	0	0	nan	0.00	0.00	5.18	82.63	89.20	0.00	40	0	42	0.00	0.00	64.48	7.73	0.00	0.00	2000
223	10.67	2065	2128	0.00	202	0	0	0	nan	0.00	0.00	5.34	85.16	89.33	0.00	40	0	42	0.00	0.00	64.94	7.52	0.00	0.00	2000
229	11.31	2016	2107	0.00	201	0	0	0	nan	0.00	0.00	5.64	83.41	88.69	0.00	41	0	42	0.00	0.00	65.56	7.51	0.00	0.00	2000
226	10.96	2069	2092	0.00	203	0	0	0	nan	0.00	0.00	5.51	83.14	89.04	0.00	40	0	42	0.00	0.00	65.87	7.66	0.00	0.00	2000
224	10.61	2110	2097	0.00	201	0	0	0	nan	0.00	0.00	6.43	82.89	89.39	0.00	40	0	42	0.00	0.00	64.85	7.97	0.00	0.00	2000
222	11.21	2064	2011	0.00	201	0	0	0	nan	0.00	0.02	5.12	80.01	88.79	0.00	40	0	42	0.00	0.00	62.65	7.34	0.00	0.00	2000
227	10.54	2055	2196	0.00	201	0	0	0	nan	0.00	0.00	5.49	88.02	89.46	0.00	41	0	42	0.00	0.00	65.04	7.44	0.00	0.00	2000
222	10.65	2087	2102	0.00	199	0	0	0	nan	0.00	0.00	5.28	84.16	89.35	0.00	40	0	42	0.00	0.00	64.80	7.50	0.00	0.00	2000
227	10.82	2095	2101	0.00	201	0	0	0	nan	0.00	0.00	5.49	83.78	89.18	0.00	40	0	42	0.00	0.00	66.06	7.73	0.00	0.00	2000
214	10.43	2098	2056	0.00	205	0	0	0	nan	0.00	0.00	5.52	82.19	89.57	0.00	38	0	42	0.00	0.00	59.21	7.05	0.00	0.00	2000
222	12.10	2031	1899	0.00	220	0	0	0	nan	0.00	0.00	6.02	73.40	87.90	0.00	38	0	42	0.00	0.00	58.25	6.75	0.00	0.00	2000
239	10.20	2069	2379	0.38	233	0	0	3	55.94	0.00	0.04	5.27	96.47	89.80	0.00	37	0	42	0.00	0.00	76.01	9.04	0.00	0.00	2000
237	11.61	2036	2102	0.58	206	0	0	2	91.48	0.00	0.04	3.25	85.34	88.39	0.00	37	0	42	0.00	0.00	64.76	7.63	0.00	0.00	2000
231	11.21	2056	2100	0.00	200	0	0	0	nan	0.00	0.01	6.05	82.76	88.79	0.00	37	0	42	0.00	0.00	65.55	7.76	0.00	0.00	2000
234	11.37	2047	2107	0.00	199	0	0	0	nan	0.00	0.00	6.18	82.83	88.63	0.00	37	0	42	0.00	0.00	66.28	7.91	0.00	0.00	2000
231	11.13	2076	2097	0.00	199	0	0	0	nan	0.00	0.00	5.85	82.96	88.87	0.00	37	0	42	0.00	0.00	65.12	7.79	0.00	0.00	2000
231	11.21	2063	2100	0.00	199	0	0	0	nan	0.00	0.00	5.25	83.60	88.79	0.00	37	0	42	0.00	0.00	65.10	7.68	0.00	0.00	2000
235	11.50	2048	2100	0.00	208	0	0	0	nan	0.00	0.01	7.71	80.85	88.50	0.00	37	0	42	0.00	0.00	63.39	7.65	0.00	0.00	2000
234	11.10	2106	2100	0.00	204	0	0	0	nan	0.00	0.01	6.44	82.42	88.90	0.00	37	0	42	0.00	0.00	64.16	7.57	0.00	0.00	2000
231	10.85	2125	2102	0.00	184	0	0	0	nan	0.00	0.02	6.42	82.85	89.15	0.00	37	0	42	0.00	0.00	66.33	7.80	0.00	0.00	2000
231	10.93	2115	2098	0.00	196	0	0	0	nan	0.00	0.02	3.30	85.63	89.07	0.00	37	0	42	0.00	0.00	65.38	7.76	0.00	0.00	2000
231	10.91	2114	2102	0.00	201	0	0	0	nan	0.01	0.01	4.90	84.23	89.09	0.00	37	0	42	0.00	0.00	64.34	7.69	0.00	0.00	2000
233	11.25	2076	2099	0.00	201	0	0	0	nan	0.01	0.01	5.26	83.59	88.75	0.00	37	0	42	0.00	0.00	63.95	7.65	0.00	0.00	2000
235	10.87	2157	2102	0.00	183	0	0	0	nan	0.00	0.05	3.19	86.04	89.13	0.00	37	0	42	0.00	0.00	63.87	7.93	0.00	0.00	2000
235	10.87	2161	2099	0.00	208	0	0	0	nan	0.00	1.59	5.25	82.41	89.13	0.00	37	0	42	0.00	0.00	70.13	7.72	0.00	0.00	2000
230	11.18	2083	2076	0.00	199	0	0	0	nan	0.00	0.00	5.62	82.25	88.82	0.00	37	0	42	0.00	0.00	59.98	7.02	0.00	0.00	2000
232	11.14	2068	2119	0.00	201	0	0	0	nan	0.00	0.00	7.31	82.35	88.86	0.00	37	0	42	0.00	0.00	65.28	7.78	0.00	0.00	2000
230	11.15	2058	2107	0.00	182	0	0	0	nan	0.00	0.04	5.76	83.39	88.85	0.00	37	0	42	0.00	0.00	67.52	7.88	0.00	0.00	2000
232	11.12	2089	2097	0.00	202	0	0	1	70.17	0.00	0.00	5.15	83.67	88.88	0.00	37	0	42	0.00	0.00	65.44	7.85	0.00	0.00	2000
229	11.59	2064	2011	1.09	202	0	0	3	68.04	0.00	0.00	5.75	79.01	88.41	0.00	38	0	42	0.00	0.00	59.96	7.40	0.00	0.00	2000
235	10.95	2086	2160	0.00	196	0	0	0	nan	0.00	0.00	3.41	88.12	89.05	0.00	38	0	42	0.00	0.00	68.70	8.87	0.00	0.00	2000
228	10.99	2098	2080	0.00	198	0	0	0	nan	0.00	0.00	5.11	83.16	89.01	0.00	38	0	42	0.00	0.00	64.90	8.51	0.00	0.00	2000
230	10.96	2053	2146	0.00	197	0	0	0	nan	0.00	0.06	3.93	87.06	89.04	0.00	38	0	42	0.00	0.00	62.55	8.46	0.00	0.00	2000
228	11.38	2043	2057	0.00	196	0	0	0	nan	0.00	0.02	3.35	83.49	88.62	0.00	38	0	42	0.00	0.00	68.07	8.41	0.00	0.00	2000
232	10.64	2173	2112	0.00	197	0	0	0	nan	0.00	0.02	4.58	85.20	89.36	0.00	38	0	42	0.00	0.00	65.08	8.48	0.00	0.00	2000
229	11.08	2052	2111	0.00	197	0	0	0	nan	0.00	0.00	4.38	85.17	88.92	0.00	38	0	42	0.00	0.00	65.26	8.64	0.00	0.00	2000
229	11.14	2045	2111	0.00	195	0	0	0	nan	0.00	0.00	3.63	85.78	88.86	0.00	38	0	42	0.00	0.00	65.07	8.49	0.00	0.00	2000
227	11.39	1995	2096	0.00	196	0	0	0	nan	0.00	0.00	4.08	84.58	88.61	0.00	38	0	42	0.00	0.00	65.02	8.25	0.00	0.00	2000
229	11.35	2010	2107	0.00	195	0	0	0	nan	0.00	0.00	4.11	84.93	88.65	0.00	38	0	42	0.00	0.00	65.18	8.31	0.00	0.00	2000
229	11.41	2051	2058	0.00	197	0	0	0	nan	0.00	0.00	4.34	82.59	88.59	0.00	38	0	42	0.00	0.00	65.19	8.42	0.00	0.00	2000
228	11.41	2064	2029	0.00	196	0	0	0	nan	0.00	0.03	3.76	81.86	88.59	0.00	38	0	42	0.00	0.00	60.48	7.74	0.00	0.00	2000
232	11.14	1979	2212	0.00	214	0	0	0	nan	0.00	0.00	3.73	90.04	88.86	0.00	38	0	42	0.00	0.00	70.13	8.99	0.00	0.00	2000
229	11.22	2061	2081	0.00	195	0	0	0	nan	0.00	0.00	4.10	83.95	88.78	0.00	38	0	42	0.00	0.00	65.18	8.36	0.00	0.00	2000
229	11.23	2043	2092	0.00	196	0	0	0	nan	0.00	0.00	4.12	84.44	88.77	0.00	38	0	42	0.00	0.00	65.17	8.25	0.00	0.00	2000
231	11.14	2070	2107	0.00	196	0	0	0	nan	0.00	0.00	4.38	84.90	88.86	0.00	38	0	42	0.00	0.00	65.56	8.24	0.00	0.00	2000
228	10.81	2098	2113	0.00	195	0	0	6	19.21	0.00	0.00	4.38	85.23	89.19	0.00	38	0	42	0.00	0.00	65.81	8.24	0.00	0.00	2000
232	11.40	2022	2111	1.61	198	0	0	19	45.20	0.00	0.00	4.62	84.52	88.60	0.00	38	0	42	0.00	0.00	65.24	8.09	0.00	0.00	2000
229	11.21	2071	2075	0.00	196	0	0	0	nan	0.00	0.00	3.62	84.18	88.79	0.00	38	0	42	0.00	0.00	65.51	8.42	0.00	0.00	2000
229	10.88	2082	2120	0.00	194	0	0	0	nan	0.00	0.00	3.83	86.24	89.12	0.00	39	0	42	0.00	0.00	64.96	8.38	0.00	0.00	2000
229	11.54	1979	2105	0.00	194	0	0	0	nan	0.00	0.00	3.68	85.14	88.46	0.00	38	0	42	0.00	0.00	64.87	8.33	0.00	0.00	2000
230	11.19	2071	2079	0.00	194	0	0	0	nan	0.00	0.00	3.71	84.27	88.81	0.00	38	0	42	0.00	0.00	65.09	8.26	0.00	0.00	2000
228	11.29	2034	2088	0.00	196	0	0	0	nan	0.00	0.00	4.50	83.86	88.71	0.00	38	0	42	0.00	0.00	65.03	8.37	0.00	0.00	2000
231	11.13	2039	2134	0.00	198	0	0	0	nan	0.00	0.02	4.46	85.94	88.87	0.00	38	0	42	0.00	0.00	65.21	8.34	0.00	0.00	2000
228	10.91	2096	2090	0.00	195	0	0	0	nan	0.00	0.00	4.06	84.71	89.09	0.00	38	0	42	0.00	0.00	65.61	8.42	0.00	0.00	2000
228	10.99	2093	2085	0.00	195	0	0	0	nan	0.00	0.00	3.89	84.56	89.01	0.00	38	0	42	0.00	0.00	65.23	8.07	0.00	0.00	2000
230	11.05	2092	2086	0.00	196	0	0	0	nan	0.00	0.00	4.57	83.86	88.95	0.00	38	0	42	0.00	0.00	62.24	8.00	0.00	0.00	2000
230	10.64	2142	2120	0.00	194	0	0	0	nan	0.00	0.03	3.75	86.38	89.36	0.00	38	0	42	0.00	0.00	68.28	8.68	0.00	0.00	2000
227	10.82	2117	2085	0.00	194	0	0	0	nan	0.00	0.01	3.98	84.62	89.18	0.00	38	0	42	0.00	0.00	62.41	7.93	0.00	0.00	2000
230	10.82	2108	2112	0.00	194	0	0	0	nan	0.00	0.01	3.68	86.02	89.18	0.00	38	0	42	0.00	0.00	68.04	8.65	0.00	0.00	2000
228	11.19	2033	2100	0.00	196	0	0	0	nan	0.00	0.00	4.14	84.75	88.81	0.00	38	0	42	0.00	0.00	65.18	8.26	0.00	0.00	2000
231	11.46	2013	2105	0.00	196	0	0	0	nan	0.00	0.00	4.33	84.54	88.54	0.00	38	0	42	0.00	0.00	64.82	8.23	0.00	0.00	2000
227	11.05	2039	2113	0.00	193	0	0	0	nan	0.00	0.00	3.87	85.74	88.95	0.00	38	0	42	0.00	0.00	64.90	8.24	0.00	0.00	2000
228	11.40	2010	2090	0.00	194	0	0	0	96.17	0.00	0.00	3.41	84.89	88.60	0.00	38	0	42	0.00	0.00	64.90	8.48	0.00	0.00	2000
239	10.97	2165	2110	0.48	229	0	0	19	48.91	0.00	1.66	6.30	81.70	89.03	0.00	37	0	42	0.00	0.00	66.41	7.75	0.00	0.00	2000
233	11.38	2039	2106	0.11	195	0	0	0	nan	0.00	0.02	4.88	84.01	88.62	0.00	37	0	42	0.00	0.00	64.86	7.70	0.00	0.00	2000
230	11.15	2097	2066	0.00	197	0	0	0	nan	0.00	0.03	4.34	83.15	88.85	0.00	37	0	42	0.00	0.00	62.30	7.28	0.00	0.00	2000
230	11.07	2043	2132	0.00	195	0	0	0	nan	0.00	0.00	4.36	86.12	88.93	0.00	37	0	42	0.00	0.00	67.14	7.85	0.00	0.00	2000
216	11.08	1982	2070	0.00	217	0	0	0	nan	0.00	0.00	3.58	84.10	88.92	0.00	38	0	42	0.00	0.00	60.22	7.12	0.00	0.00	2000
158	9.52	1633	2128	0.00	228	0	0	0	nan	0.00	0.00	9.98	81.76	90.48	0.00	37	0	42	0.00	0.00	67.05	8.07	0.00	0.00	2000
76	7.15	1072	2082	0.00	209	0	0	0	nan	0.00	0.02	2.88	89.24	92.85	0.00	37	0	42	0.00	0.00	57.02	7.28	0.00	0.00	2000
84	7.01	1185	2116	0.00	193	0	0	0	nan	0.00	0.00	6.08	87.65	92.99	0.00	37	0	42	0.00	0.00	58.63	7.46	0.00	0.00	2000
74	6.47	1142	2115	0.00	209	0	0	0	nan	0.00	0.00	3.80	90.37	93.53	0.00	37	0	42	0.00	0.00	58.30	7.58	0.00	0.00	2000
187	9.58	1927	2125	0.00	33	0	0	0	nan	0.00	0.00	20.98	69.88	90.42	0.00	37	0	42	0.00	0.00	74.01	8.38	0.00	0.00	2000
