Avg_MHz	Busy%	Bzy_MHz	TSC_MHz	IPC	IRQ	NMI	SMI	LLCMRPS	LLC%hit	POLL%	C1%	C1E%	C6%	CPU%c1	CPU%c6	CoreTmp	CoreThr	PkgTmp	Pkg%pc2	Pkg%pc6	PkgWatt	RAMWatt	PKG_%	RAM_%	UncMHz
376	18.88	1941	2157	0.00	316	0	0	0	nan	0.00	0.00	28.32	55.05	81.12	0.00	37	0	43	0.00	0.00	64.16	7.83	0.00	0.00	2000
449	20.88	2166	2084	0.00	232	0	0	0	nan	0.03	1.19	24.40	53.22	79.12	0.00	37	0	43	0.00	0.00	68.36	7.92	0.00	0.00	2000
79	7.12	1098	2123	0.00	212	0	0	0	nan	0.00	0.00	8.33	85.62	92.88	0.00	37	0	42	0.00	0.00	59.56	7.76	0.00	0.00	2000
75	7.03	1052	2122	0.00	193	0	0	0	nan	0.00	0.00	2.59	91.42	92.97	0.00	37	0	43	0.00	0.00	56.57	7.37	0.00	0.00	2000
72	6.50	1130	2070	0.00	193	0	0	0	nan	0.01	0.00	2.51	89.66	93.50	0.00	37	0	43	0.00	0.00	57.40	7.24	0.00	0.00	2000
73	6.75	1078	2110	0.00	193	0	0	0	nan	0.00	0.02	1.79	91.85	93.25	0.00	37	0	43	0.00	0.00	58.30	7.46	0.00	0.00	2000
73	6.82	1059	2122	0.00	209	0	0	0	nan	0.00	0.00	2.06	92.16	93.18	0.00	37	0	43	0.00	0.00	62.10	8.06	0.00	0.00	2000
71	6.50	1103	2093	0.00	194	0	0	0	nan	0.00	0.00	2.94	90.36	93.50	0.00	37	0	42	0.00	0.00	57.13	7.41	0.00	0.00	2000
74	6.61	1118	2113	0.00	193	0	0	0	nan	0.00	0.02	3.55	90.46	93.39	0.00	37	0	43	0.00	0.00	60.10	7.72	0.00	0.00	2000
72	6.53	1103	2096	0.00	194	0	0	0	nan	0.00	0.00	2.60	90.79	93.47	0.00	37	0	42	0.00	0.00	58.28	7.33	0.00	0.00	2000
74	6.80	1089	2092	0.00	193	0	0	0	nan	0.00	0.01	2.59	90.32	93.20	0.00	37	0	43	0.00	0.00	55.62	7.92	0.00	0.00	2000
72	6.64	1097	2082	0.00	178	0	0	0	nan	0.00	0.01	3.43	89.22	93.36	0.00	37	0	42	0.00	0.00	58.18	7.14	0.00	0.00	2000
75	7.06	1058	2110	0.00	198	0	0	0	nan	0.00	0.03	4.54	88.94	92.94	0.00	37	0	43	0.00	0.00	58.64	7.27	0.00	0.00	2000
71	6.73	1065	2088	0.00	194	0	0	0	nan	0.00	0.02	2.93	89.94	93.27	0.00	37	0	42	0.00	0.00	57.05	7.22	0.00	0.00	2000
71	7.11	1005	2097	0.00	209	0	0	0	nan	0.00	0.00	3.88	89.03	92.89	0.00	38	0	43	0.00	0.00	58.37	7.64	0.00	0.00	2000
73	6.85	1050	2131	0.00	195	0	0	1	88.43	0.00	0.00	2.24	92.34	93.15	0.00	37	0	43	0.00	0.00	55.98	7.63	0.00	0.00	2000
72	6.74	1081	2073	0.29	192	0	0	1	86.29	0.00	0.02	3.11	89.02	93.26	0.00	37	0	43	0.00	0.00	59.93	7.50	0.00	0.00	2000
72	6.48	1102	2112	0.00	193	0	0	0	nan	0.00	0.02	2.47	91.63	93.52	0.00	37	0	43	0.00	0.00	59.32	7.19	0.00	0.00	2000
156	9.14	1713	2097	0.00	214	0	0	0	nan	0.02	0.00	4.56	86.23	90.86	0.00	38	0	43	0.00	0.00	64.79	7.76	0.00	0.00	2000
230	11.58	1974	2114	0.00	222	0	0	0	nan	0.03	0.00	4.27	84.90	88.42	0.00	40	0	43	0.00	0.00	64.52	7.38	0.00	0.00	2000
233	11.22	2074	2105	0.00	203	0	0	0	nan	0.00	0.00	4.06	85.01	88.78	0.00	40	0	43	0.00	0.00	62.06	7.15	0.00	0.00	2000
226	10.98	2081	2079	0.00	214	0	0	0	nan	0.00	0.00	3.44	84.70	89.02	0.00	41	0	43	0.00	0.00	64.32	7.36	0.00	0.00	2000
245	11.45	2140	2098	0.00	199	0	0	0	nan	0.00	0.00	5.62	82.94	88.55	0.00	39	0	43	0.00	0.00	67.46	7.97	0.00	0.00	2000
232	11.17	2066	2112	0.00	196	0	0	0	nan	0.00	0.02	8.37	81.02	88.83	0.00	38	0	43	0.00	0.00	65.86	8.34	0.00	0.00	2000
225	11.38	2077	1998	0.00	213	0	0	0	nan	0.00	0.00	5.87	78.49	88.62	0.00	38	0	43	0.00	0.00	59.54	7.33	0.00	0.00	2000
236	10.73	2089	2213	0.00	220	0	0	0	nan	0.00	0.00	6.21	87.97	89.27	0.00	38	0	43	0.00	0.00	73.75	8.84	0.00	0.00	2000
234	11.26	2070	2108	0.00	199	0	0	0	nan	0.00	0.00	6.20	82.99	88.74	0.00	38	0	43	0.00	0.00	66.16	7.86	0.00	0.00	2000
230	10.79	2142	2090	0.00	200	0	0	0	nan	0.00	0.00	5.12	83.70	89.21	0.00	38	0	43	0.00	0.00	62.74	7.27	0.00	0.00	2000
226	11.05	2080	2061	0.00	199	0	0	0	nan	0.00	0.54	3.96	82.93	88.95	0.00	38	0	43	0.00	0.00	62.30	7.19	0.00	0.00	2000
232	11.00	2072	2138	0.00	200	0	0	0	nan	0.00	0.05	3.33	87.45	89.00	0.00	39	0	43	0.00	0.00	67.59	7.81	0.00	0.00	2000
235	11.49	2032	2115	0.00	203	0	0	0	nan	0.01	0.02	1.92	87.31	88.51	0.00	39	0	43	0.00	0.00	65.53	7.51	0.00	0.00	2000
224	11.31	2029	2051	0.00	199	0	0	0	nan	0.00	0.01	5.04	81.65	88.69	0.00	39	0	43	0.00	0.00	62.91	7.08	0.00	0.00	2000
235	11.29	2074	2108	0.00	200	0	0	10	84.20	0.00	0.02	5.31	83.85	88.71	0.00	39	0	43	0.00	0.00	65.43	7.68	0.00	0.00	2000
231	10.70	2121	2140	0.52	217	0	0	13	56.34	0.00	0.00	8.23	82.81	89.30	0.00	39	0	43	0.00	0.00	66.30	7.81	0.00	0.00	2000
233	11.61	2016	2091	0.00	199	0	0	0	nan	0.00	0.00	6.34	81.76	88.39	0.00	39	0	43	0.00	0.00	67.27	7.75	0.00	0.00	2000
229	11.41	2001	2109	0.00	203	0	0	0	nan	0.00	0.02	5.97	83.14	88.59	0.00	38	0	43	0.00	0.00	63.26	7.42	0.00	0.00	2000
224	11.12	2007	2103	0.00	279	0	0	0	nan	0.00	0.51	3.91	85.11	88.88	0.00	39	0	43	0.00	0.00	67.38	8.21	0.00	0.00	2000
232	11.11	2084	2103	0.00	204	0	0	0	nan	0.00	0.02	3.86	85.14	88.89	0.00	40	0	43	0.00	0.00	65.58	7.89	0.00	0.00	2000
233	11.02	2115	2101	0.00	203	0	0	0	nan	0.00	0.02	4.08	84.94	88.98	0.00	40	0	43	0.00	0.00	62.26	7.58	0.00	0.00	2000
232	11.65	1996	2093	0.00	205	0	0	0	nan	0.00	0.00	3.71	84.52	88.35	0.00	40	0	43	0.00	0.00	64.41	7.80	0.00	0.00	2000
231	10.99	2106	2097	0.00	217	0	0	0	nan	0.00	0.00	3.79	85.24	89.01	0.00	40	0	43	0.00	0.00	65.49	7.78	0.00	0.00	2000
231	11.00	2107	2092	0.00	203	0	0	0	nan	0.00	0.02	3.94	84.75	89.00	0.00	41	0	43	0.00	0.00	63.26	7.70	0.00	0.00	2000
228	11.28	2034	2084	0.00	204	0	0	0	nan	0.00	0.00	3.64	84.57	88.72	0.00	40	0	43	0.00	0.00	65.13	7.88	0.00	0.00	2000
234	11.11	2074	2133	0.00	203	0	0	0	nan	0.00	0.00	4.91	85.42	88.89	0.00	40	0	43	0.00	0.00	65.20	7.89	0.00	0.00	2000
231	10.98	2106	2099	0.00	204	0	0	0	nan	0.01	0.00	3.90	85.17	89.02	0.00	42	0	42	0.00	0.00	65.89	7.60	0.00	0.00	2000
228	11.05	2071	2090	0.00	195	0	0	0	nan	0.00	0.03	3.74	84.99	88.95	0.00	41	0	43	0.00	0.00	66.04	7.62	0.00	0.00	2000
228	10.96	2082	2096	0.00	203	0	0	0	nan	0.00	0.02	3.23	85.81	89.04	0.00	42	0	43	0.00	0.00	65.18	7.51	0.00	0.00	2000
230	10.97	2089	2108	0.00	203	0	0	0	nan	0.00	0.00	2.84	86.61	89.03	0.00	41	0	43	0.00	0.00	64.69	7.77	0.00	0.00	2000
226	10.95	2075	2091	0.00	221	0	0	0	nan	0.00	0.01	3.41	85.34	89.05	0.00	41	0	43	0.00	0.00	63.61	7.67	0.00	0.00	2000
231	11.11	2070	2106	0.00	204	0	0	2	89.46	0.00	0.01	2.73	86.55	88.89	0.00	41	0	42	0.00	0.00	66.28	7.71	0.00	0.00	2000
226	10.88	2087	2092	0.66	214	0	0	4	93.90	0.00	0.01	3.04	85.83	89.12	0.00	41	0	43	0.00	0.00	64.06	7.49	0.00	0.00	2000
231	10.93	2101	2116	0.00	219	0	0	0	nan	0.00	0.04	3.36	86.41	89.07	0.00	41	0	43	0.00	0.00	65.58	7.66	0.00	0.00	2000
227	10.83	2105	2092	0.00	206	0	0	0	nan	0.00	0.00	4.01	84.94	89.17	0.00	42	0	42	0.00	0.00	64.96	7.30	0.00	0.00	2000
228	10.71	2135	2098	0.00	206	0	0	0	nan	0.00	0.00	3.07	86.20	89.29	0.00	41	0	43	0.00	0.00	64.39	7.48	0.00	0.00	2000
231	10.84	2114	2118	0.00	230	0	0	0	nan	0.00	0.05	2.64	87.30	89.16	0.00	41	0	43	0.00	0.00	65.91	7.82	0.00	0.00	2000
232	11.32	2048	2100	0.00	202	0	0	0	nan	0.00	0.01	4.23	84.51	88.68	0.00	42	0	43	0.00	0.00	65.05	7.51	0.00	0.00	2000
229	10.97	2090	2096	0.00	204	0	0	0	nan	0.00	0.02	4.14	84.87	89.03	0.00	41	0	43	0.00	0.00	65.32	7.52	0.00	0.00	2000
224	11.04	2050	2083	0.00	203	0	0	0	nan	0.00	0.00	3.20	85.16	88.96	0.00	41	0	42	0.00	0.00	63.52	7.24	0.00	0.00	2000
226	11.16	2039	2086	0.00	203	0	0	0	nan	0.00	0.02	2.94	85.45	88.84	0.00	42	0	43	0.00	0.00	62.51	7.21	0.00	0.00	2000
233	11.01	2091	2124	0.00	229	0	0	0	nan	0.00	0.03	1.72	88.30	88.99	0.00	42	0	43	0.00	0.00	66.11	7.94	0.00	0.00	2000
230	11.20	2056	2094	0.00	205	0	0	0	nan	0.00	0.00	3.46	85.14	88.80	0.00	41	0	43	0.00	0.00	65.89	7.65	0.00	0.00	2000
230	10.92	2109	2100	0.00	208	0	0	0	nan	0.00	0.01	3.59	85.62	89.08	0.00	42	0	43	0.00	0.00	65.74	7.69	0.00	0.00	2000
226	10.75	2118	2085	0.00	220	0	0	0	nan	0.00	0.00	2.99	85.70	89.25	0.00	42	0	43	0.00	0.00	64.26	7.28	0.00	0.00	2000
230	10.75	2137	2098	0.00	213	0	0	0	nan	0.00	0.02	3.92	85.28	89.25	0.00	42	0	43	0.00	0.00	64.83	7.42	0.00	0.00	2000
233	11.00	2094	2127	0.00	205	0	0	0	nan	0.02	0.01	5.27	84.95	89.00	0.00	41	0	43	0.00	0.00	66.28	7.66	0.00	0.00	2000
224	10.86	2091	2073	0.00	203	0	0	0	nan	0.00	0.04	3.38	84.68	89.14	0.00	42	0	43	0.00	0.00	63.75	7.30	0.00	0.00	2000
233	10.98	2090	2130	0.23	204	0	0	4	90.51	0.00	0.03	3.64	86.74	89.02	0.00	42	0	43	0.00	0.00	66.47	7.74	0.00	0.00	2000
227	11.17	2027	2101	0.90	204	0	0	2	89.21	0.00	0.00	3.65	85.38	88.83	0.00	42	0	42	0.00	0.00	63.13	7.38	0.00	0.00	2000
233	11.17	2078	2107	0.00	204	0	0	0	nan	0.00	0.01	3.44	85.76	88.83	0.00	42	0	43	0.00	0.00	66.94	7.64	0.00	0.00	2000
228	11.00	2074	2097	0.00	212	0	0	0	nan	0.00	0.00	3.29	85.68	89.00	0.00	42	0	43	0.00	0.00	64.88	7.41	0.00	0.00	2000
229	10.83	2112	2099	0.00	204	0	0	0	nan	0.00	0.00	3.63	85.54	89.17	0.00	42	0	43	0.00	0.00	65.46	7.25	0.00	0.00	2000
226	10.69	2126	2088	0.00	203	0	0	0	nan	0.00	0.00	3.60	85.27	89.31	0.00	42	0	43	0.00	0.00	64.08	7.44	0.00	0.00	2000
231	10.92	2102	2114	0.00	203	0	0	0	nan	0.00	0.00	3.05	86.64	89.08	0.00	42	0	43	0.00	0.00	65.70	7.91	0.00	0.00	2000
313	14.06	2233	2093	0.00	209	0	0	0	nan	0.00	0.02	6.32	79.36	85.94	0.00	42	0	43	0.00	0.00	65.42	7.68	0.00	0.00	2000
231	11.07	2082	2107	0.00	215	0	0	0	nan	0.00	0.00	3.77	85.68	88.93	0.00	42	0	43	0.00	0.00	62.35	7.33	0.00	0.00	2000
226	10.78	2102	2090	0.00	203	0	0	0	nan	0.00	0.02	3.84	85.03	89.22	0.00	42	0	43	0.00	0.00	63.40	7.36	0.00	0.00	2000
229	11.27	2030	2104	0.00	204	0	0	0	nan	0.00	0.00	2.39	86.69	88.73	0.00	42	0	43	0.00	0.00	66.75	7.75	0.00	0.00	2000
225	11.19	2022	2090	0.00	204	0	0	0	nan	0.00	0.00	3.70	84.82	88.81	0.00	42	0	43	0.00	0.00	63.20	7.29	0.00	0.00	2000
228	11.00	2084	2087	0.00	204	0	0	0	nan	0.00	0.02	2.05	86.42	89.00	0.00	42	0	43	0.00	0.00	64.36	7.45	0.00	0.00	2000
230	10.97	2080	2120	0.00	212	0	0	0	nan	0.00	0.00	3.31	86.63	89.03	0.00	42	0	43	0.00	0.00	63.52	7.19	0.00	0.00	2000
230	11.00	2084	2111	0.00	204	0	0	0	nan	0.00	0.00	3.29	86.25	89.00	0.00	42	0	43	0.00	0.00	67.38	7.69	0.00	0.00	2000
227	10.85	2099	2093	0.00	203	0	0	0	nan	0.00	0.00	3.62	85.30	89.15	0.00	42	0	43	0.00	0.00	64.47	7.90	0.00	0.00	2000
231	11.18	2059	2107	0.00	203	0	0	0	nan	0.00	0.00	3.59	85.70	88.82	0.00	42	0	43	0.00	0.00	65.26	7.55	0.00	0.00	2000
224	10.94	2066	2078	0.00	204	0	0	1	88.59	0.00	0.02	3.32	84.92	89.06	0.00	42	0	43	0.00	0.00	63.67	7.40	0.00	0.00	2000
233	11.11	2091	2110	0.86	213	0	0	2	86.27	0.00	0.00	4.01	85.36	88.89	0.00	42	0	43	0.00	0.00	65.31	7.55	0.00	0.00	2000
228	10.76	2114	2102	0.00	205	0	0	0	nan	0.00	0.01	3.11	86.32	89.24	0.00	42	0	42	0.00	0.00	65.16	7.63	0.00	0.00	2000
228	10.84	2105	2102	0.00	203	0	0	0	nan	0.00	0.02	3.07	86.28	89.16	0.00	42	0	43	0.00	0.00	64.88	7.40	0.00	0.00	2000
224	11.05	2051	2079	0.00	201	0	0	0	nan	0.00	0.00	3.03	85.08	88.95	0.00	42	0	42	0.00	0.00	63.83	7.44	0.00	0.00	2000
229	10.94	2087	2110	0.00	204	0	0	0	nan	0.00	0.01	3.22	86.32	89.06	0.00	42	0	43	0.00	0.00	65.28	7.44	0.00	0.00	2000
228	10.94	2083	2100	0.00	214	0	0	0	nan	0.00	0.02	3.09	85.99	89.06	0.00	42	0	43	0.00	0.00	64.87	7.51	0.00	0.00	2000
226	10.97	2060	2099	0.00	236	0	0	0	nan	0.00	0.00	2.71	86.44	89.03	0.00	42	0	43	0.00	0.00	64.60	7.49	0.00	0.00	2000
229	11.06	2048	2123	0.00	203	0	0	0	nan	0.00	0.00	2.60	87.52	88.94	0.00	42	0	43	0.00	0.00	62.93	7.50	0.00	0.00	2000
226	10.89	2091	2088	0.00	204	0	0	0	nan	0.00	0.00	3.65	85.10	89.11	0.00	42	0	43	0.00	0.00	64.15	7.36	0.00	0.00	2000
234	11.04	2107	2112	0.00	207	0	0	0	nan	0.00	0.01	4.48	85.10	88.96	0.00	42	0	43	0.00	0.00	65.57	7.66	0.00	0.00	2000
226	10.84	2097	2091	0.00	214	0	0	0	nan	0.00	0.00	4.20	84.68	89.16	0.00	42	0	43	0.00	0.00	66.84	7.74	0.00	0.00	2000
223	11.05	2048	2073	0.00	204	0	0	0	nan	0.00	0.00	3.44	84.51	88.95	0.00	41	0	42	0.00	0.00	63.11	7.33	0.00	0.00	2000
228	11.05	2049	2113	0.00	220	0	0	0	nan	0.00	0.00	3.20	86.40	88.95	0.00	42	0	43	0.00	0.00	63.10	7.27	0.00	0.00	2000
229	10.96	2082	2112	0.00	204	0	0	0	nan	0.00	0.02	3.15	86.36	89.04	0.00	42	0	43	0.00	0.00	65.39	7.50	0.00	0.00	2000
230	10.83	2128	2101	0.00	213	0	0	0	nan	0.00	0.02	3.79	85.48	89.17	0.00	42	0	43	0.00	0.00	64.78	7.51	0.00	0.00	2000
227	11.03	2063	2093	0.00	204	0	0	0	nan	0.00	0.02	3.45	85.40	88.97	0.00	42	0	43	0.00	0.00	65.95	7.73	0.00	0.00	2000
230	10.78	2123	2114	0.05	202	0	0	2	93.50	0.00	0.02	2.75	87.17	89.22	0.00	42	0	42	0.00	0.00	66.37	7.83	0.00	0.00	2000
225	11.05	2068	2066	0.58	207	0	0	4	85.83	0.01	0.00	3.88	83.69	88.95	0.00	42	0	43	0.00	0.00	62.21	7.22	0.00	0.00	2000
232	10.79	2136	2115	0.00	205	0	0	0	nan	0.00	0.04	2.26	87.61	89.21	0.00	42	0	43	0.00	0.00	64.52	7.67	0.00	0.00	2000
228	10.81	2121	2086	0.00	203	0	0	0	nan	0.00	0.00	2.83	85.70	89.19	0.00	42	0	43	0.00	0.00	65.22	8.15	0.00	0.00	2000
232	11.07	2077	2123	0.00	228	0	0	0	nan	0.00	0.00	4.94	85.10	88.93	0.00	42	0	43	0.00	0.00	67.06	8.18	0.00	0.00	2000
229	11.11	2059	2105	0.00	187	0	0	0	nan	0.00	0.00	3.65	85.57	88.89	0.00	42	0	43	0.00	0.00	65.23	7.73	0.00	0.00	2000
225	11.12	2047	2081	0.00	202	0	0	0	nan	0.00	0.00	3.68	84.48	88.88	0.00	42	0	43	0.00	0.00	64.91	7.80	0.00	0.00	2000
230	11.07	2058	2119	0.00	204	0	0	0	nan	0.00	0.00	3.44	86.47	88.93	0.00	43	0	43	0.00	0.00	67.27	7.97	0.00	0.00	2000
230	11.29	2044	2090	0.00	203	0	0	0	nan	0.00	0.02	3.12	85.13	88.71	0.00	43	0	43	0.00	0.00	65.45	7.77	0.00	0.00	2000
231	10.82	2111	2123	0.00	212	0	0	0	nan	0.00	0.02	2.94	87.28	89.18	0.00	43	0	43	0.00	0.00	67.57	7.91	0.00	0.00	2000
226	10.84	2110	2078	0.00	204	0	0	0	nan	0.00	0.00	4.06	84.19	89.16	0.00	43	0	43	0.00	0.00	65.03	7.76	0.00	0.00	2000
230	10.75	2123	2121	0.00	204	0	0	0	nan	0.00	0.01	2.81	87.29	89.25	0.00	43	0	43	0.00	0.00	67.82	7.95	0.00	0.00	2000
227	11.04	2071	2089	0.00	200	0	0	0	nan	0.00	0.00	3.15	85.52	88.96	0.00	42	0	43	0.00	0.00	62.33	7.74	0.00	0.00	2000
229	10.91	2110	2091	0.00	206	0	0	0	nan	0.00	0.02	3.92	84.91	89.09	0.00	43	0	43	0.00	0.00	68.77	7.78	0.00	0.00	2000
234	10.70	2165	2123	0.00	215	0	0	0	nan	0.00	0.04	4.06	86.11	89.30	0.00	42	0	43	0.00	0.00	67.90	7.90	0.00	0.00	2000
225	10.36	2188	2087	0.00	202	0	0	0	nan	0.00	0.00	3.50	85.60	89.64	0.00	43	0	43	0.00	0.00	65.78	7.65	0.00	0.00	2000
228	10.99	2068	2110	0.00	219	0	0	0	nan	0.00	0.01	2.78	86.75	89.01	0.00	43	0	43	0.00	0.00	67.00	7.73	0.00	0.00	2000
227	11.08	2045	2100	0.00	201	0	0	1	83.97	0.00	0.01	3.23	85.77	88.92	0.00	42	0	43	0.00	0.00	65.63	7.98	0.00	0.00	2000
230	11.23	2057	2092	0.62	204	0	0	4	87.94	0.00	0.00	3.56	84.90	88.77	0.00	42	0	43	0.00	0.00	64.18	7.45	0.00	0.00	2000
230	11.02	2075	2109	0.00	216	0	0	0	nan	0.00	0.01	3.41	86.04	88.98	0.00	41	0	43	0.00	0.00	65.89	7.64	0.00	0.00	2000
227	10.93	2096	2080	0.00	202	0	0	0	nan	0.00	0.02	3.17	85.08	89.07	0.00	41	0	43	0.00	0.00	63.74	7.87	0.00	0.00	2000
231	10.95	2083	2124	0.00	204	0	0	0	nan	0.00	0.00	3.20	87.00	89.05	0.00	42	0	43	0.00	0.00	65.89	7.58	0.00	0.00	2000
228	10.81	2112	2097	0.00	204	0	0	0	nan	0.00	0.00	3.47	85.70	89.19	0.00	42	0	43	0.00	0.00	64.86	7.48	0.00	0.00	2000
225	10.94	2089	2070	0.00	202	0	0	0	nan	0.00	0.00	3.72	84.17	89.06	0.00	41	0	43	0.00	0.00	63.55	7.52	0.00	0.00	2000
236	11.44	2040	2126	0.00	232	0	0	0	nan	0.00	0.02	4.12	85.58	88.56	0.00	42	0	43	0.00	0.00	65.99	7.79	0.00	0.00	2000
201	10.41	1935	2099	0.00	207	0	0	0	nan	0.00	0.00	5.32	84.35	89.59	0.00	40	0	43	0.00	0.00	66.05	7.74	0.00	0.00	2000
124	8.40	1482	2083	0.00	231	0	0	0	nan	0.00	0.01	9.89	81.04	91.60	0.00	38	0	43	0.00	0.00	59.88	7.38	0.00	0.00	2000
