Avg_MHz	Busy%	Bzy_MHz	TSC_MHz	IPC	IRQ	NMI	SMI	LLCMRPS	LLC%hit	POLL%	C1%	C1E%	C6%	CPU%c1	CPU%c6	CoreTmp	CoreThr	PkgTmp	Pkg%pc2	Pkg%pc6	PkgWatt	RAMWatt	PKG_%	RAM_%	UncMHz
341	18.21	1854	2121	0.00	244	0	0	0	nan	0.00	0.00	38.71	43.86	81.79	0.00	37	0	42	0.00	0.00	65.35	7.93	0.00	0.00	2000
477	21.37	2211	2120	0.00	241	0	0	0	nan	0.04	1.57	19.45	58.57	78.63	0.00	38	0	42	0.00	0.00	68.09	7.67	0.00	0.00	2000
79	7.08	1121	2083	0.00	197	0	0	0	nan	0.00	0.02	18.39	73.68	92.92	0.00	37	0	43	0.00	0.00	58.14	7.38	0.00	0.00	2000
75	6.85	1077	2134	0.00	211	0	0	0	nan	0.00	0.02	3.41	91.17	93.15	0.00	37	0	42	0.00	0.00	60.59	7.66	0.00	0.00	2000
74	6.84	1079	2097	0.00	193	0	0	0	nan	0.00	0.02	2.79	90.29	93.16	0.00	37	0	42	0.00	0.00	58.02	7.59	0.00	0.00	2000
73	6.56	1106	2101	0.00	195	0	0	0	nan	0.00	0.00	3.50	90.00	93.44	0.00	37	0	42	0.00	0.00	58.29	7.49	0.00	0.00	2000
73	6.77	1083	2098	0.00	194	0	0	0	nan	0.00	0.03	3.61	89.63	93.23	0.00	37	0	42	0.00	0.00	57.74	7.49	0.00	0.00	2000
73	6.69	1098	2092	0.00	195	0	0	0	nan	0.00	0.00	3.99	89.00	93.31	0.00	37	0	42	0.00	0.00	58.15	7.42	0.00	0.00	2000
73	6.63	1096	2115	0.00	193	0	0	0	nan	0.00	0.04	3.93	90.12	93.37	0.00	37	0	42	0.00	0.00	57.63	7.62	0.00	0.00	2000
74	6.87	1092	2082	0.00	195	0	0	0	nan	0.00	0.02	3.83	88.49	93.13	0.00	37	0	42	0.00	0.00	58.52	7.48	0.00	0.00	2000
73	7.04	1036	2090	0.00	193	0	0	0	nan	0.00	0.01	3.13	89.55	92.96	0.00	37	0	42	0.00	0.00	57.35	7.41	0.00	0.00	2000
75	6.90	1068	2129	0.00	199	0	0	0	nan	0.00	0.00	4.05	90.53	93.10	0.00	37	0	42	0.00	0.00	58.69	7.70	0.00	0.00	2000
75	6.50	1156	2100	0.00	194	0	0	0	nan	0.00	0.02	2.96	90.46	93.50	0.00	37	0	43	0.00	0.00	58.70	7.60	0.00	0.00	2000
73	6.17	1191	2096	0.00	195	0	0	0	nan	0.02	0.00	3.43	90.24	93.83	0.00	37	0	43	0.00	0.00	60.12	7.49	0.00	0.00	2000
74	6.69	1102	2103	0.00	194	0	0	0	nan	0.00	0.00	3.59	89.85	93.31	0.00	37	0	42	0.00	0.00	57.14	7.41	0.00	0.00	2000
78	6.62	1194	2081	0.00	196	0	0	1	86.49	0.00	0.00	3.73	88.73	93.38	0.00	37	0	42	0.00	0.00	58.26	7.50	0.00	0.00	2000
73	6.56	1108	2100	0.30	193	0	0	2	88.34	0.00	0.00	2.35	91.09	93.44	0.00	37	0	42	0.00	0.00	58.25	7.40	0.00	0.00	2000
73	6.58	1115	2093	0.00	197	0	0	0	nan	0.00	0.02	3.03	90.10	93.42	0.00	37	0	42	0.00	0.00	57.14	7.39	0.00	0.00	2000
141	8.96	1550	2127	0.00	214	0	0	0	nan	0.01	0.00	5.01	87.25	91.04	0.00	38	0	42	0.00	0.00	60.29	7.47	0.00	0.00	2000
229	11.21	2062	2081	0.00	206	0	0	0	nan	0.00	0.00	4.15	83.93	88.79	0.00	39	0	42	0.00	0.00	67.37	7.65	0.00	0.00	2000
233	10.99	2107	2117	0.00	220	0	0	0	nan	0.00	0.00	3.78	85.98	89.01	0.00	40	0	42	0.00	0.00	66.95	7.89	0.00	0.00	2000
233	10.86	2135	2107	0.00	187	0	0	0	nan	0.00	0.03	3.13	86.32	89.14	0.00	40	0	42	0.00	0.00	61.22	6.82	0.00	0.00	2000
242	11.67	2079	2092	0.00	207	0	0	0	nan	0.00	0.00	6.01	82.10	88.33	0.00	39	0	42	0.00	0.00	65.89	7.55	0.00	0.00	2000
231	11.57	2063	2036	0.00	198	0	0	0	nan	0.00	0.02	7.37	78.52	88.43	0.00	37	0	42	0.00	0.00	63.31	7.75	0.00	0.00	2000
217	10.87	2036	2059	0.00	214	0	0	0	nan	0.00	0.01	5.03	82.39	89.13	0.00	37	0	42	0.00	0.00	60.33	7.23	0.00	0.00	2000
236	10.88	2088	2184	0.00	216	0	0	0	nan	0.00	0.00	4.79	87.97	89.12	0.00	37	0	42	0.00	0.00	72.36	8.71	0.00	0.00	2000
241	11.20	2118	2131	0.00	204	0	0	0	nan	0.00	0.00	3.98	86.12	88.80	0.00	38	0	42	0.00	0.00	66.98	8.10	0.00	0.00	2000
229	11.20	2049	2096	0.00	198	0	0	0	nan	0.00	0.02	5.40	83.34	88.80	0.00	38	0	42	0.00	0.00	65.30	7.57	0.00	0.00	2000
233	10.89	2132	2104	0.00	198	0	0	0	nan	0.00	0.04	3.16	86.14	89.11	0.00	38	0	43	0.00	0.00	66.76	7.72	0.00	0.00	2000
223	11.08	2060	2055	0.00	198	0	0	0	nan	0.00	0.00	6.16	80.95	88.92	0.00	38	0	42	0.00	0.00	62.06	7.29	0.00	0.00	2000
235	11.32	2070	2110	0.00	198	0	0	0	nan	0.00	0.00	4.47	84.71	88.68	0.00	38	0	42	0.00	0.00	63.36	7.31	0.00	0.00	2000
225	10.72	2100	2102	0.00	219	0	0	0	nan	0.00	0.00	6.68	82.69	89.28	0.00	39	0	42	0.00	0.00	67.33	7.73	0.00	0.00	2000
235	11.42	2058	2097	0.00	202	0	0	3	81.39	0.00	0.00	6.19	82.30	88.58	0.00	39	0	43	0.00	0.00	64.01	7.43	0.00	0.00	2000
230	11.03	2058	2131	0.76	214	0	0	9	82.19	0.00	0.02	5.72	84.58	88.97	0.00	39	0	42	0.00	0.00	67.56	7.83	0.00	0.00	2000
228	11.59	2020	2045	0.00	198	0	0	0	nan	0.00	0.00	4.72	81.43	88.41	0.00	39	0	42	0.00	0.00	61.31	7.09	0.00	0.00	2000
236	10.88	2112	2160	0.00	222	0	0	0	nan	0.00	0.01	5.12	86.57	89.12	0.00	38	0	42	0.00	0.00	69.99	8.06	0.00	0.00	2000
234	11.41	2041	2111	0.00	197	0	0	0	nan	0.00	0.00	5.35	83.79	88.59	0.00	39	0	42	0.00	0.00	64.78	7.61	0.00	0.00	2000
232	11.08	2099	2097	0.00	198	0	0	0	nan	0.00	0.00	4.87	83.97	88.92	0.00	39	0	42	0.00	0.00	65.81	7.71	0.00	0.00	2000
232	10.71	2167	2098	0.00	199	0	0	0	nan	0.00	0.00	4.46	84.86	89.29	0.00	39	0	42	0.00	0.00	65.87	7.61	0.00	0.00	2000
229	10.83	2119	2099	0.00	200	0	0	0	nan	0.00	0.00	5.24	84.03	89.17	0.00	39	0	42	0.00	0.00	59.52	7.00	0.00	0.00	2000
234	11.14	2114	2086	0.00	183	0	0	0	nan	0.01	0.01	5.36	83.00	88.87	0.00	39	0	42	0.00	0.00	66.49	7.59	0.00	0.00	2000
230	10.99	2093	2099	0.00	201	0	0	0	nan	0.00	0.03	4.29	84.67	89.01	0.00	39	0	42	0.00	0.00	65.35	7.70	0.00	0.00	2000
232	11.02	2096	2108	0.00	214	0	0	0	nan	0.00	0.02	4.99	84.32	88.98	0.00	39	0	42	0.00	0.00	64.29	7.32	0.00	0.00	2000
227	11.09	2074	2076	0.00	199	0	0	0	nan	0.00	0.00	5.90	82.07	88.91	0.00	39	0	42	0.00	0.00	66.99	7.71	0.00	0.00	2000
234	11.29	2041	2134	0.00	199	0	0	0	nan	0.00	0.00	5.76	84.31	88.71	0.00	39	0	42	0.00	0.00	68.27	7.96	0.00	0.00	2000
212	12.72	2134	1638	0.00	202	0	0	0	nan	0.00	0.00	4.56	63.54	87.28	0.00	39	0	42	0.00	0.00	46.85	5.49	0.00	0.00	2000
245	9.61	1964	2724	0.00	269	0	0	0	nan	0.00	0.00	8.38	108.93	90.39	0.00	38	0	43	0.00	0.00	86.01	10.14	0.00	0.00	2000
236	11.17	2115	2100	0.00	226	0	0	0	nan	0.01	0.00	6.55	82.22	88.83	0.00	39	0	42	0.00	0.00	65.04	7.66	0.00	0.00	2000
230	11.01	2108	2081	0.00	202	0	0	0	nan	0.00	0.03	5.64	82.71	88.99	0.00	37	0	42	0.00	0.00	67.64	7.85	0.00	0.00	2000
235	11.23	2058	2132	0.27	220	0	0	2	82.68	0.00	0.00	5.57	84.65	88.77	0.00	38	0	42	0.00	0.00	64.60	7.48	0.00	0.00	2000
223	10.80	2059	2105	0.36	198	0	0	2	92.43	0.00	0.01	6.55	82.97	89.20	0.00	39	0	42	0.00	0.00	63.28	7.37	0.00	0.00	2000
223	10.85	2060	2098	0.00	201	0	0	0	nan	0.00	0.03	5.13	84.07	89.15	0.00	39	0	42	0.00	0.00	63.06	7.24	0.00	0.00	2000
223	10.59	2102	2103	0.00	181	0	0	0	nan	0.00	0.60	3.64	85.57	89.41	0.00	40	0	42	0.00	0.00	65.51	7.62	0.00	0.00	2000
223	10.91	2048	2099	0.00	200	0	0	0	nan	0.00	0.08	4.10	85.03	89.09	0.00	39	0	43	0.00	0.00	60.67	6.91	0.00	0.00	2000
217	11.26	2047	1975	0.00	198	0	0	0	nan	0.00	0.00	6.44	77.23	88.74	0.00	40	0	42	0.00	0.00	60.83	6.91	0.00	0.00	2000
224	10.62	1989	2229	0.00	198	0	0	0	nan	0.00	0.03	6.49	88.57	89.38	0.00	40	0	42	0.00	0.00	70.10	8.22	0.00	0.00	2000
227	11.15	2034	2104	0.00	215	0	0	0	nan	0.02	0.86	7.71	80.62	88.85	0.00	39	0	42	0.00	0.00	63.63	7.29	0.00	0.00	2000
222	10.77	2070	2094	0.00	196	0	0	0	nan	0.00	0.02	6.23	82.86	89.23	0.00	40	0	42	0.00	0.00	62.18	7.13	0.00	0.00	2000
220	11.32	2064	1974	0.00	202	0	0	0	nan	0.00	0.00	7.59	75.88	88.68	0.00	40	0	42	0.00	0.00	61.01	7.17	0.00	0.00	2000
226	10.29	2057	2243	0.00	199	0	0	0	nan	0.00	0.00	6.05	89.83	89.71	0.00	40	0	42	0.00	0.00	71.36	8.33	0.00	0.00	2000
223	10.93	2043	2099	0.00	196	0	0	0	nan	0.04	0.02	6.97	82.17	89.07	0.00	40	0	42	0.00	0.00	60.29	6.91	0.00	0.00	2000
217	11.15	2070	1970	0.00	179	0	0	0	nan	0.00	0.00	5.95	77.55	88.85	0.00	40	0	43	0.00	0.00	60.78	7.03	0.00	0.00	2000
226	10.38	2039	2241	0.00	216	0	0	0	nan	0.00	0.02	4.66	91.07	89.62	0.00	40	0	42	0.00	0.00	70.63	8.31	0.00	0.00	2000
223	10.93	2041	2100	0.00	201	0	0	0	nan	0.00	0.03	5.84	83.37	89.07	0.00	40	0	42	0.00	0.00	60.57	6.97	0.00	0.00	2000
223	10.76	2084	2091	0.00	199	0	0	0	nan	0.01	0.00	6.89	82.09	89.25	0.00	39	0	42	0.00	0.00	67.78	8.23	0.00	0.00	2000
223	10.89	2046	2098	0.00	198	0	0	0	nan	0.00	0.00	4.93	84.26	89.11	0.00	39	0	43	0.00	0.00	61.98	7.66	0.00	0.00	2000
113	7.37	1541	2086	0.17	198	0	0	2	85.63	0.00	0.04	4.25	87.76	92.63	0.00	37	0	42	0.00	0.00	61.83	7.57	0.00	0.00	2000
112	8.22	1384	2063	0.16	199	0	0	2	92.40	0.00	0.00	3.73	86.52	91.78	0.00	37	0	42	0.00	0.00	55.18	6.92	0.00	0.00	2000
228	10.99	2046	2127	0.00	234	0	0	0	nan	0.00	0.00	6.95	83.25	89.01	0.00	38	0	42	0.00	0.00	68.45	7.82	0.00	0.00	2000
235	11.08	2090	2132	0.00	206	0	0	0	nan	0.00	0.06	6.35	83.93	88.92	0.00	39	0	42	0.00	0.00	66.44	7.69	0.00	0.00	2000
201	10.28	1971	2079	0.00	203	0	0	0	nan	0.00	0.00	6.15	82.79	89.72	0.00	37	0	42	0.00	0.00	62.65	7.31	0.00	0.00	2000
76	6.81	1107	2124	0.00	214	0	0	0	nan	0.00	0.00	6.41	87.77	93.19	0.00	37	0	43	0.00	0.00	59.66	7.65	0.00	0.00	2000
159	9.13	1771	2071	0.00	213	0	0	0	nan	0.00	0.00	12.32	77.29	90.87	0.00	38	0	43	0.00	0.00	60.12	7.28	0.00	0.00	2000
232	11.05	2092	2105	0.00	214	0	0	0	nan	0.00	0.00	7.01	82.28	88.95	0.00	37	0	42	0.00	0.00	65.55	7.71	0.00	0.00	2000
226	11.23	2048	2063	0.00	203	0	0	0	nan	0.00	0.06	3.69	83.65	88.77	0.00	38	0	42	0.00	0.00	61.74	7.13	0.00	0.00	2000
235	11.07	2057	2170	0.00	216	0	0	0	nan	0.00	0.56	2.87	88.53	88.93	0.00	38	0	42	0.00	0.00	71.05	8.21	0.00	0.00	2000
228	10.83	2136	2071	0.00	199	0	0	0	nan	0.02	0.00	3.50	84.58	89.17	0.00	38	0	42	0.00	0.00	59.04	6.82	0.00	0.00	2000
228	11.06	2091	2074	0.00	204	0	0	0	nan	0.00	0.03	3.62	84.31	88.94	0.00	38	0	42	0.00	0.00	65.22	7.45	0.00	0.00	2000
228	11.03	2075	2095	0.00	213	0	0	0	nan	0.00	0.47	5.34	83.08	88.97	0.00	38	0	42	0.00	0.00	64.68	7.24	0.00	0.00	2000
283	13.29	2065	2163	0.00	227	0	0	0	nan	0.01	0.78	8.82	79.72	86.71	0.00	38	0	42	0.00	0.00	68.41	8.82	0.00	0.00	2000
176	11.00	1623	2066	0.00	148	0	0	0	nan	0.00	0.00	23.43	64.21	89.00	0.00	37	0	43	0.00	0.00	62.67	6.72	0.00	0.00	2000
