Avg_MHz	Busy%	Bzy_MHz	TSC_MHz	IPC	IRQ	NMI	SMI	LLCMRPS	LLC%hit	POLL%	C1%	C1E%	C6%	CPU%c1	CPU%c6	CoreTmp	CoreThr	PkgTmp	Pkg%pc2	Pkg%pc6	PkgWatt	RAMWatt	PKG_%	RAM_%	UncMHz
429	18.78	2244	2136	0.00	234	0	0	0	nan	0.00	0.67	49.91	32.10	81.22	0.00	38	0	42	0.00	0.00	66.10	7.72	0.00	0.00	2000
389	18.12	2150	2096	0.00	247	0	0	0	nan	0.06	2.85	21.85	57.25	81.88	0.00	37	0	42	0.00	0.00	70.39	8.01	0.00	0.00	2000
80	6.97	1136	2123	0.00	213	0	0	0	nan	0.00	0.01	7.06	86.93	93.03	0.00	37	0	42	0.00	0.00	57.54	7.34	0.00	0.00	2000
73	6.47	1125	2094	0.00	194	0	0	0	nan	0.00	0.00	3.59	89.62	93.53	0.00	37	0	42	0.00	0.00	59.09	7.44	0.00	0.00	2000
73	6.47	1138	2092	0.00	194	0	0	0	nan	0.00	0.02	2.78	90.40	93.53	0.00	37	0	42	0.00	0.00	58.74	7.62	0.00	0.00	2000
74	7.02	1043	2116	0.00	193	0	0	0	nan	0.00	0.00	3.83	89.84	92.98	0.00	37	0	43	0.00	0.00	58.20	7.39	0.00	0.00	2000
73	6.65	1093	2097	0.00	193	0	0	0	nan	0.00	0.00	2.59	90.67	93.35	0.00	37	0	42	0.00	0.00	58.32	7.37	0.00	0.00	2000
73	6.98	1041	2100	0.00	194	0	0	0	nan	0.00	0.05	2.58	90.38	93.02	0.00	37	0	42	0.00	0.00	58.70	7.48	0.00	0.00	2000
73	6.30	1155	2103	0.00	193	0	0	0	nan	0.00	0.00	2.92	90.88	93.70	0.00	37	0	43	0.00	0.00	58.42	7.52	0.00	0.00	2000
72	6.69	1079	2101	0.00	194	0	0	0	nan	0.00	0.00	3.25	90.18	93.31	0.00	37	0	43	0.00	0.00	58.32	7.45	0.00	0.00	2000
73	6.65	1099	2098	0.00	193	0	0	0	nan	0.00	0.00	3.26	90.02	93.35	0.00	37	0	42	0.00	0.00	58.66	7.36	0.00	0.00	2000
74	6.98	1052	2106	0.00	193	0	0	0	nan	0.00	0.01	3.81	89.44	93.02	0.00	37	0	42	0.00	0.00	58.24	7.43	0.00	0.00	2000
76	6.27	1212	2099	0.00	193	0	0	0	nan	0.00	0.00	3.21	90.42	93.73	0.00	37	0	43	0.00	0.00	59.58	7.62	0.00	0.00	2000
73	6.54	1110	2099	0.00	194	0	0	0	nan	0.00	0.00	3.55	89.84	93.46	0.00	37	0	42	0.00	0.00	58.33	7.51	0.00	0.00	2000
73	6.76	1092	2069	0.00	194	0	0	0	nan	0.00	0.00	3.15	88.68	93.24	0.00	37	0	42	0.00	0.00	57.27	7.31	0.00	0.00	2000
72	6.68	1069	2121	0.00	194	0	0	0	95.67	0.00	0.00	1.99	92.23	93.32	0.00	37	0	42	0.00	0.00	59.89	7.66	0.00	0.00	2000
74	6.57	1115	2109	0.30	209	0	0	1	82.43	0.00	0.00	2.40	91.42	93.43	0.00	37	0	42	0.00	0.00	59.01	7.47	0.00	0.00	2000
71	6.67	1081	2068	0.05	177	0	0	0	nan	0.00	0.00	2.50	89.38	93.33	0.00	37	0	42	0.00	0.00	57.40	7.37	0.00	0.00	2000
224	11.38	1950	2119	0.00	223	0	0	0	nan	0.00	0.55	8.18	80.80	88.62	0.00	37	0	42	0.00	0.00	65.22	7.68	0.00	0.00	2000
235	10.91	2140	2111	0.00	188	0	0	0	nan	0.00	0.00	6.54	83.10	89.09	0.00	37	0	42	0.00	0.00	64.42	7.44	0.00	0.00	2000
229	11.21	2127	2019	0.00	196	0	0	0	nan	0.00	0.01	5.63	79.76	88.79	0.00	37	0	42	0.00	0.00	63.17	7.34	0.00	0.00	2000
233	10.53	2123	2186	0.00	198	0	0	0	nan	0.00	0.00	4.93	88.30	89.47	0.00	37	0	42	0.00	0.00	66.12	7.88	0.00	0.00	2000
224	11.29	2047	2034	0.00	202	0	0	0	nan	0.00	0.01	5.58	80.35	88.71	0.00	37	0	43	0.00	0.00	63.97	7.67	0.00	0.00	2000
235	10.73	2120	2165	0.00	216	0	0	0	nan	0.00	0.02	5.91	86.21	89.27	0.00	38	0	43	0.00	0.00	69.47	8.19	0.00	0.00	2000
239	11.21	2126	2101	0.00	204	0	0	0	nan	0.00	0.00	6.52	82.41	88.79	0.00	38	0	42	0.00	0.00	63.95	7.45	0.00	0.00	2000
232	10.64	2181	2101	0.00	182	0	0	0	nan	0.02	0.04	5.24	84.18	89.36	0.00	37	0	43	0.00	0.00	64.91	8.07	0.00	0.00	2000
233	11.28	2067	2100	0.00	199	0	0	0	nan	0.00	0.00	5.07	83.67	88.72	0.00	37	0	42	0.00	0.00	64.81	7.97	0.00	0.00	2000
228	11.24	2088	2042	0.00	199	0	0	0	nan	0.00	0.00	5.19	81.27	88.76	0.00	38	0	43	0.00	0.00	63.17	7.36	0.00	0.00	2000
230	10.81	2092	2136	0.00	198	0	0	0	nan	0.00	0.00	5.81	84.99	89.19	0.00	38	0	43	0.00	0.00	65.13	7.37	0.00	0.00	2000
233	10.91	2115	2120	0.00	198	0	0	0	nan	0.00	0.00	5.14	84.79	89.09	0.00	38	0	43	0.00	0.00	65.28	7.77	0.00	0.00	2000
230	11.33	2031	2099	0.00	203	0	0	0	nan	0.00	0.00	6.52	82.14	88.67	0.00	38	0	42	0.00	0.00	65.05	7.41	0.00	0.00	2000
229	11.33	2084	2040	0.00	198	0	0	0	nan	0.00	0.01	6.61	79.59	88.67	0.00	39	0	42	0.00	0.00	64.12	7.40	0.00	0.00	2000
234	10.76	2102	2172	0.00	201	0	0	0	nan	0.00	0.00	6.42	85.92	89.24	0.00	39	0	42	0.00	0.00	66.12	7.64	0.00	0.00	2000
227	11.20	2084	2046	0.65	198	0	0	11	86.80	0.00	0.00	4.91	81.71	88.80	0.00	39	0	43	0.00	0.00	63.65	7.29	0.00	0.00	2000
231	10.97	2095	2108	0.26	197	0	0	0	nan	0.00	0.00	5.52	83.90	89.03	0.00	39	0	43	0.00	0.00	65.03	7.49	0.00	0.00	2000
237	11.12	2090	2145	0.00	206	0	0	0	nan	0.00	0.05	5.87	84.98	88.88	0.00	38	0	43	0.00	0.00	66.55	7.79	0.00	0.00	2000
231	10.78	2148	2091	0.00	199	0	0	0	nan	0.00	1.09	3.60	84.38	89.22	0.00	39	0	43	0.00	0.00	65.78	7.50	0.00	0.00	2000
231	11.21	2053	2106	0.00	197	0	0	0	nan	0.00	0.55	5.15	83.45	88.79	0.00	39	0	42	0.00	0.00	66.55	7.78	0.00	0.00	2000
229	11.47	2051	2043	0.00	198	0	0	0	nan	0.00	0.00	5.59	80.66	88.53	0.00	39	0	42	0.00	0.00	63.08	7.32	0.00	0.00	2000
230	10.80	2072	2162	0.00	198	0	0	0	nan	0.00	0.01	6.12	85.82	89.20	0.00	39	0	43	0.00	0.00	65.81	7.67	0.00	0.00	2000
233	11.57	2051	2064	0.00	203	0	0	0	nan	0.00	0.03	6.47	80.55	88.43	0.00	39	0	43	0.00	0.00	64.12	7.69	0.00	0.00	2000
231	11.88	2048	1993	0.00	197	0	0	0	nan	0.00	0.00	5.88	77.84	88.13	0.00	38	0	43	0.00	0.00	60.19	7.05	0.00	0.00	2000
238	10.73	2090	2226	0.00	219	0	0	0	nan	0.00	0.00	5.98	88.70	89.27	0.00	39	0	43	0.00	0.00	70.50	8.17	0.00	0.00	2000
233	11.06	2079	2126	0.00	199	0	0	0	nan	0.00	0.00	5.82	84.30	88.94	0.00	39	0	42	0.00	0.00	66.59	7.67	0.00	0.00	2000
235	11.18	2105	2098	0.00	201	0	0	0	nan	0.00	0.00	6.07	82.70	88.82	0.00	39	0	42	0.00	0.00	66.31	7.34	0.00	0.00	2000
215	11.67	2043	1890	0.00	203	0	0	0	nan	0.00	0.01	4.26	75.30	88.33	0.00	37	0	42	0.00	0.00	57.27	6.84	0.00	0.00	2000
237	10.41	2088	2291	0.00	246	0	0	0	nan	0.00	0.00	5.67	92.14	89.59	0.00	37	0	43	0.00	0.00	72.70	8.29	0.00	0.00	2000
234	10.85	2093	2166	0.00	198	0	0	0	nan	0.00	0.00	4.87	87.15	89.15	0.00	37	0	42	0.00	0.00	65.98	7.56	0.00	0.00	2000
237	11.54	2044	2106	0.00	200	0	0	0	nan	0.00	0.01	6.38	82.46	88.46	0.00	37	0	42	0.00	0.00	66.86	7.83	0.00	0.00	2000
232	10.80	2143	2101	0.00	204	0	0	0	nan	0.01	0.03	3.46	85.80	89.20	0.00	37	0	42	0.00	0.00	64.17	7.63	0.00	0.00	2000
232	11.08	2097	2096	0.88	198	0	0	2	46.86	0.00	0.02	4.57	84.32	88.92	0.00	37	0	42	0.00	0.00	63.90	7.44	0.00	0.00	2000
232	11.50	2022	2096	0.13	182	0	0	0	nan	0.00	0.01	5.79	82.67	88.50	0.00	37	0	42	0.00	0.00	65.24	7.77	0.00	0.00	2000
232	11.48	2031	2085	0.00	199	0	0	0	nan	0.00	0.02	5.92	82.08	88.52	0.00	37	0	42	0.00	0.00	65.66	7.48	0.00	0.00	2000
231	11.04	2069	2126	0.00	198	0	0	0	nan	0.00	0.00	6.63	83.50	88.96	0.00	37	0	42	0.00	0.00	66.86	7.88	0.00	0.00	2000
234	11.62	2018	2097	0.00	198	0	0	0	nan	0.00	0.02	5.46	83.00	88.38	0.00	37	0	42	0.00	0.00	63.36	7.61	0.00	0.00	2000
227	11.45	2116	1966	0.00	207	0	0	0	nan	0.00	0.00	3.76	79.23	88.55	0.00	37	0	42	0.00	0.00	59.26	7.02	0.00	0.00	2000
237	10.64	2080	2248	0.00	199	0	0	0	nan	0.00	0.00	5.41	90.43	89.36	0.00	37	0	42	0.00	0.00	71.78	8.67	0.00	0.00	2000
231	10.88	2133	2095	0.00	197	0	0	0	nan	0.00	0.00	4.77	84.19	89.12	0.00	38	0	42	0.00	0.00	60.21	7.31	0.00	0.00	2000
231	11.09	2088	2099	0.00	198	0	0	0	nan	0.00	0.02	4.77	84.24	88.91	0.00	38	0	42	0.00	0.00	64.98	7.34	0.00	0.00	2000
232	11.11	2094	2096	0.00	198	0	0	0	nan	0.00	0.02	3.47	85.28	88.89	0.00	38	0	42	0.00	0.00	65.09	7.74	0.00	0.00	2000
232	10.95	2116	2105	0.00	203	0	0	0	nan	0.00	0.04	4.26	85.04	89.05	0.00	37	0	42	0.00	0.00	66.17	7.92	0.00	0.00	2000
232	10.97	2115	2095	0.00	184	0	0	0	nan	0.00	0.00	4.16	84.71	89.03	0.00	37	0	42	0.00	0.00	65.36	7.64	0.00	0.00	2000
232	11.28	2052	2109	0.00	198	0	0	0	nan	0.00	0.02	5.78	83.39	88.72	0.00	37	0	42	0.00	0.00	66.50	7.90	0.00	0.00	2000
231	11.17	2074	2096	0.00	200	0	0	0	nan	0.00	0.00	6.68	82.02	88.83	0.00	37	0	42	0.00	0.00	62.15	7.37	0.00	0.00	2000
232	11.28	2057	2100	0.00	198	0	0	0	nan	0.00	0.02	4.99	83.82	88.72	0.00	37	0	42	0.00	0.00	62.49	7.38	0.00	0.00	2000
229	11.62	2088	1980	0.00	200	0	0	0	nan	0.01	0.00	4.87	78.53	88.38	0.00	38	0	42	0.00	0.00	62.28	7.65	0.00	0.00	2000
233	10.63	2108	2186	0.00	201	0	0	0	nan	0.00	0.00	5.84	87.30	89.37	0.00	38	0	43	0.00	0.00	70.81	9.08	0.00	0.00	2000
228	10.90	2100	2092	0.84	198	0	0	23	7.10	0.00	0.00	6.56	82.24	89.10	0.00	38	0	42	0.00	0.00	65.16	8.50	0.00	0.00	2000
231	11.09	2043	2145	0.80	198	0	0	1	88.17	0.00	0.02	5.19	85.73	88.91	0.00	38	0	42	0.00	0.00	65.11	8.47	0.00	0.00	2000
228	11.34	2060	2048	0.00	200	0	0	0	nan	0.00	0.01	4.82	81.73	88.66	0.00	38	0	43	0.00	0.00	61.89	8.08	0.00	0.00	2000
232	11.33	2023	2126	0.00	200	0	0	0	nan	0.00	0.06	4.54	85.23	88.67	0.00	38	0	42	0.00	0.00	68.46	8.69	0.00	0.00	2000
229	11.16	2050	2100	0.00	208	0	0	0	nan	0.00	0.00	4.62	84.36	88.84	0.00	38	0	42	0.00	0.00	65.44	8.34	0.00	0.00	2000
229	11.25	2051	2088	0.00	198	0	0	0	nan	0.00	0.00	7.39	80.95	88.75	0.00	38	0	42	0.00	0.00	65.22	8.45	0.00	0.00	2000
229	10.92	2094	2101	0.00	199	0	0	0	nan	0.00	0.00	6.49	82.70	89.08	0.00	39	0	42	0.00	0.00	62.52	7.87	0.00	0.00	2000
230	10.97	2060	2135	0.00	198	0	0	0	nan	0.00	0.00	6.22	84.46	89.03	0.00	38	0	42	0.00	0.00	68.44	8.79	0.00	0.00	2000
230	11.40	2053	2063	0.00	198	0	0	0	nan	0.00	0.02	4.94	82.19	88.60	0.00	38	0	42	0.00	0.00	62.48	8.01	0.00	0.00	2000
229	11.12	2030	2133	0.00	202	0	0	0	nan	0.00	0.01	7.08	83.29	88.88	0.00	38	0	43	0.00	0.00	68.28	8.48	0.00	0.00	2000
229	11.18	2081	2064	0.00	199	0	0	0	nan	0.00	0.00	7.14	80.17	88.82	0.00	38	0	43	0.00	0.00	63.08	7.86	0.00	0.00	2000
230	11.01	2074	2118	0.00	198	0	0	0	nan	0.00	0.01	5.19	84.60	88.99	0.00	38	0	42	0.00	0.00	68.78	8.73	0.00	0.00	2000
228	11.09	2075	2078	0.00	198	0	0	0	nan	0.00	0.00	6.38	81.72	88.91	0.00	38	0	42	0.00	0.00	62.45	8.07	0.00	0.00	2000
231	10.85	2087	2140	0.00	198	0	0	0	nan	0.00	0.02	5.61	85.27	89.15	0.00	39	0	42	0.00	0.00	68.55	8.86	0.00	0.00	2000
249	12.28	2049	2080	0.00	195	0	0	0	nan	0.00	0.00	4.64	82.37	87.72	0.00	38	0	43	0.00	0.00	62.86	8.13	0.00	0.00	2000
230	11.22	2058	2092	0.00	196	0	0	0	nan	0.00	0.02	4.09	84.49	88.78	0.00	38	0	43	0.00	0.00	65.06	8.19	0.00	0.00	2000
229	10.81	2129	2092	0.00	198	0	0	0	nan	0.00	0.00	5.33	83.67	89.19	0.00	38	0	42	0.00	0.00	65.13	8.34	0.00	0.00	2000
229	10.77	2088	2139	0.46	195	0	0	18	7.85	0.00	0.01	4.41	86.50	89.23	0.00	38	0	42	0.00	0.00	68.37	8.76	0.00	0.00	2000
231	11.03	2128	2063	1.19	198	0	0	7	26.10	0.00	0.05	3.17	84.24	88.97	0.00	39	0	43	0.00	0.00	63.22	8.00	0.00	0.00	2000
231	11.05	2083	2111	0.00	197	0	0	0	nan	0.00	0.00	4.46	84.99	88.95	0.00	39	0	42	0.00	0.00	65.72	8.45	0.00	0.00	2000
227	11.02	2081	2080	0.00	194	0	0	0	nan	0.00	0.00	3.99	84.24	88.98	0.00	38	0	43	0.00	0.00	65.37	8.16	0.00	0.00	2000
229	10.66	2138	2108	0.00	194	0	0	0	nan	0.00	0.01	3.28	86.43	89.34	0.00	38	0	43	0.00	0.00	65.99	8.67	0.00	0.00	2000
228	10.80	2114	2094	0.00	195	0	0	0	nan	0.00	0.00	4.04	84.96	89.20	0.00	38	0	42	0.00	0.00	65.81	8.12	0.00	0.00	2000
230	10.89	2099	2114	0.00	195	0	0	0	nan	0.00	0.00	4.15	85.54	89.11	0.00	38	0	42	0.00	0.00	65.49	8.65	0.00	0.00	2000
230	11.17	2042	2120	0.00	195	0	0	0	nan	0.00	0.00	4.33	85.38	88.83	0.00	38	0	42	0.00	0.00	65.82	8.32	0.00	0.00	2000
228	11.01	2102	2073	0.00	194	0	0	0	nan	0.00	0.00	3.93	84.00	88.99	0.00	38	0	43	0.00	0.00	65.59	8.34	0.00	0.00	2000
227	10.99	2074	2095	0.00	194	0	0	0	nan	0.00	0.00	3.84	84.99	89.01	0.00	38	0	43	0.00	0.00	62.90	8.02	0.00	0.00	2000
230	11.18	2013	2142	0.00	195	0	0	0	nan	0.00	0.01	4.41	86.30	88.82	0.00	38	0	42	0.00	0.00	71.12	9.13	0.00	0.00	2000
228	10.99	2118	2058	0.00	194	0	0	0	nan	0.00	0.02	3.52	83.72	89.01	0.00	38	0	42	0.00	0.00	60.43	7.65	0.00	0.00	2000
230	10.93	2086	2121	0.00	194	0	0	0	nan	0.00	0.02	3.62	86.45	89.07	0.00	39	0	43	0.00	0.00	68.13	8.87	0.00	0.00	2000
228	10.91	2117	2072	0.00	195	0	0	0	nan	0.00	0.00	4.21	83.68	89.09	0.00	38	0	43	0.00	0.00	63.29	8.08	0.00	0.00	2000
231	10.74	2131	2119	0.00	195	0	0	0	nan	0.00	0.02	4.00	86.12	89.26	0.00	38	0	42	0.00	0.00	68.38	8.72	0.00	0.00	2000
230	11.14	2075	2086	0.00	193	0	0	0	nan	0.00	0.00	3.64	84.71	88.86	0.00	37	0	43	0.00	0.00	61.66	7.61	0.00	0.00	2000
219	10.30	2089	2138	0.00	210	0	0	0	nan	0.00	0.02	3.98	87.34	89.70	0.00	39	0	42	0.00	0.00	69.04	8.24	0.00	0.00	2000
230	10.85	2125	2094	0.14	204	0	0	1	85.18	0.00	0.02	4.23	84.61	89.15	0.00	40	0	42	0.00	0.00	63.29	7.26	0.00	0.00	2000
231	10.70	2148	2107	0.45	232	0	0	2	88.94	0.01	0.00	4.12	85.39	89.30	0.00	40	0	42	0.00	0.00	63.67	7.31	0.00	0.00	2000
228	10.69	2130	2108	0.00	204	0	0	0	nan	0.00	0.00	3.45	86.10	89.31	0.00	40	0	42	0.00	0.00	67.75	7.60	0.00	0.00	2000
228	10.73	2124	2097	0.00	188	0	0	0	nan	0.00	0.03	3.17	85.97	89.27	0.00	41	0	43	0.00	0.00	60.41	6.73	0.00	0.00	2000
227	10.85	2091	2102	0.00	204	0	0	0	nan	0.00	0.00	2.95	86.31	89.15	0.00	41	0	43	0.00	0.00	66.24	7.41	0.00	0.00	2000
228	10.56	2183	2074	0.00	208	0	0	0	nan	0.00	0.02	2.94	85.20	89.44	0.00	41	0	43	0.00	0.00	63.70	7.41	0.00	0.00	2000
231	10.89	2097	2123	0.00	209	0	0	0	nan	0.00	0.00	2.31	87.79	89.11	0.00	41	0	42	0.00	0.00	64.74	7.35	0.00	0.00	2000
228	10.69	2138	2099	0.00	220	0	0	0	nan	0.00	0.00	3.24	85.94	89.31	0.00	41	0	42	0.00	0.00	66.72	7.58	0.00	0.00	2000
227	10.78	2110	2100	0.00	204	0	0	0	nan	0.00	0.00	3.23	86.01	89.22	0.00	41	0	43	0.00	0.00	63.71	7.48	0.00	0.00	2000
227	10.99	2069	2099	0.00	203	0	0	0	nan	0.00	0.01	3.72	85.31	89.01	0.00	42	0	43	0.00	0.00	64.89	7.45	0.00	0.00	2000
230	10.93	2093	2109	0.00	214	0	0	0	nan	0.00	0.00	3.56	85.96	89.07	0.00	41	0	42	0.00	0.00	65.58	7.34	0.00	0.00	2000
230	10.86	2108	2111	0.00	186	0	0	0	nan	0.00	0.02	3.21	86.50	89.14	0.00	41	0	43	0.00	0.00	63.61	7.54	0.00	0.00	2000
227	10.46	2176	2097	0.00	204	0	0	0	nan	0.00	0.00	3.87	85.43	89.54	0.00	42	0	42	0.00	0.00	67.19	7.67	0.00	0.00	2000
226	10.53	2162	2080	0.00	204	0	0	0	nan	0.00	0.02	3.22	85.37	89.47	0.00	40	0	42	0.00	0.00	61.01	7.21	0.00	0.00	2000
224	10.63	2109	2099	0.00	205	0	0	0	nan	0.00	0.00	3.29	86.10	89.37	0.00	40	0	43	0.00	0.00	68.42	8.12	0.00	0.00	2000
241	11.39	2105	2114	0.00	220	0	0	0	nan	0.00	0.00	4.19	85.07	88.61	0.00	40	0	43	0.00	0.00	66.54	7.97	0.00	0.00	2000
182	9.97	1842	2086	0.00	209	0	0	0	nan	0.00	0.00	5.87	83.59	90.03	0.00	39	0	43	0.00	0.00	63.41	7.50	0.00	0.00	2000
77	6.61	1182	2083	0.01	198	0	0	1	81.31	0.00	0.00	6.07	86.50	93.39	0.00	38	0	43	0.00	0.00	56.54	7.38	0.00	0.00	2000
194	10.33	1898	2075	0.70	202	0	0	3	66.45	0.01	0.00	3.68	84.96	89.67	0.00	37	0	42	0.00	0.00	61.84	7.44	0.00	0.00	2000
230	10.88	2062	2154	0.00	197	0	0	0	nan	0.00	0.03	3.75	87.66	89.12	0.00	37	0	42	0.00	0.00	64.90	7.53	0.00	0.00	2000
231	11.47	2038	2072	0.00	206	0	0	0	nan	0.00	0.01	6.42	81.03	88.53	0.00	38	0	43	0.00	0.00	65.08	7.76	0.00	0.00	2000
127	7.86	1597	2127	0.00	226	0	0	0	nan	0.02	0.04	4.26	89.13	92.14	0.00	37	0	42	0.00	0.00	59.70	7.29	0.00	0.00	2000
79	6.78	1158	2104	0.00	200	0	0	0	nan	0.00	0.37	4.10	89.03	93.22	0.00	37	0	42	0.00	0.00	59.18	7.63	0.00	0.00	2000
236	11.89	2026	2056	0.00	194	0	0	0	nan	0.00	0.02	8.04	78.34	88.11	0.00	37	0	42	0.00	0.00	64.71	7.53	0.00	0.00	2000
230	11.18	2047	2112	0.00	205	0	0	0	nan	0.00	0.00	8.34	81.03	88.82	0.00	37	0	42	0.00	0.00	65.27	7.44	0.00	0.00	2000
231	11.18	2040	2125	0.00	197	0	0	0	nan	0.00	0.00	6.59	83.38	88.82	0.00	37	0	42	0.00	0.00	65.15	7.59	0.00	0.00	2000
231	11.26	2042	2110	0.00	197	0	0	0	nan	0.00	0.00	4.63	84.69	88.74	0.00	37	0	42	0.00	0.00	65.94	7.60	0.00	0.00	2000
230	10.80	2138	2090	0.00	194	0	0	0	nan	0.00	0.01	3.24	85.54	89.20	0.00	37	0	42	0.00	0.00	65.27	7.45	0.00	0.00	2000
227	11.18	2108	2023	0.00	194	0	0	0	nan	0.00	0.02	3.10	82.44	88.82	0.00	37	0	42	0.00	0.00	59.47	7.02	0.00	0.00	2000
234	11.09	2055	2155	0.00	194	0	0	0	nan	0.00	0.01	5.69	85.60	88.91	0.00	37	0	42	0.00	0.00	67.69	7.93	0.00	0.00	2000
234	11.27	2042	2134	0.00	195	0	0	0	nan	0.00	0.00	3.78	86.49	88.73	0.00	38	0	42	0.00	0.00	65.72	8.05	0.00	0.00	2000
230	10.61	2188	2079	0.00	207	0	0	0	nan	0.00	2.39	4.58	81.75	89.39	0.00	39	0	43	0.00	0.00	64.46	7.70	0.00	0.00	2000
233	11.14	2098	2092	0.00	202	0	0	0	nan	0.00	0.00	5.80	82.79	88.86	0.00	38	0	42	0.00	0.00	64.77	7.72	0.00	0.00	2000
232	11.08	2095	2095	0.00	198	0	0	0	nan	0.01	0.01	5.37	83.43	88.92	0.00	38	0	42	0.00	0.00	64.49	7.59	0.00	0.00	2000
297	12.88	2352	2056	0.00	202	0	0	9	80.75	0.01	0.00	6.68	78.65	87.12	0.00	37	0	42	0.00	0.00	65.46	7.75	0.00	0.00	2000
149	9.10	1590	2170	0.29	250	0	0	14	69.76	0.00	0.51	7.93	85.88	90.90	0.00	37	0	42	0.00	0.00	64.28	7.78	0.00	0.00	2000
76	6.93	1105	2092	0.00	193	0	0	0	nan	0.00	0.00	2.88	89.85	93.07	0.00	37	0	42	0.00	0.00	57.72	7.51	0.00	0.00	2000
75	7.02	1053	2116	0.00	209	0	0	0	nan	0.00	0.00	2.83	90.91	92.98	0.00	37	0	42	0.00	0.00	57.55	7.40	0.00	0.00	2000
79	7.04	1119	2106	0.00	194	0	0	0	nan	0.00	0.00	6.65	86.57	92.96	0.00	37	0	43	0.00	0.00	59.82	7.70	0.00	0.00	2000
134	9.35	1444	2091	0.00	66	0	0	0	nan	0.00	0.05	10.90	79.50	90.65	0.00	37	0	43	0.00	0.00	65.90	8.00	0.00	0.00	2000
