Avg_MHz	Busy%	Bzy_MHz	TSC_MHz	IPC	IRQ	NMI	SMI	LLCMRPS	LLC%hit	POLL%	C1%	C1E%	C6%	CPU%c1	CPU%c6	CoreTmp	CoreThr	PkgTmp	Pkg%pc2	Pkg%pc6	PkgWatt	RAMWatt	PKG_%	RAM_%	UncMHz
429	19.56	2180	2112	0.00	240	0	0	0	nan	0.02	2.12	38.75	40.11	80.44	0.00	38	0	43	0.00	0.00	67.08	7.47	0.00	0.00	2000
351	16.95	2071	2102	0.00	248	0	0	0	nan	0.04	1.59	23.05	58.71	83.05	0.00	38	0	42	0.00	0.00	64.31	7.45	0.00	0.00	2000
79	6.56	1182	2145	0.00	195	0	0	0	nan	0.00	0.00	4.36	90.84	93.44	0.00	37	0	43	0.00	0.00	64.42	8.20	0.00	0.00	2000
72	6.41	1140	2082	0.00	194	0	0	0	nan	0.00	0.00	3.17	89.56	93.59	0.00	38	0	42	0.00	0.00	55.17	7.04	0.00	0.00	2000
73	6.98	1050	2097	0.00	192	0	0	0	nan	0.00	0.02	2.05	90.94	93.02	0.00	37	0	42	0.00	0.00	59.10	7.52	0.00	0.00	2000
72	6.63	1086	2111	0.00	193	0	0	0	nan	0.00	0.01	3.23	90.57	93.37	0.00	37	0	43	0.00	0.00	59.24	7.75	0.00	0.00	2000
73	6.52	1126	2100	0.00	195	0	0	0	nan	0.01	0.00	3.37	89.99	93.48	0.00	37	0	42	0.00	0.00	58.43	7.46	0.00	0.00	2000
71	6.39	1123	2086	0.00	193	0	0	0	nan	0.00	0.02	3.00	89.93	93.61	0.00	37	0	42	0.00	0.00	58.49	7.49	0.00	0.00	2000
73	6.53	1109	2118	0.00	194	0	0	0	nan	0.00	0.02	2.97	91.29	93.47	0.00	38	0	43	0.00	0.00	59.13	7.54	0.00	0.00	2000
71	6.73	1065	2079	0.00	194	0	0	0	nan	0.00	0.00	2.98	89.37	93.27	0.00	37	0	42	0.00	0.00	57.42	7.45	0.00	0.00	2000
74	6.73	1089	2121	0.00	194	0	0	0	nan	0.00	0.00	4.22	89.96	93.27	0.00	38	0	43	0.00	0.00	59.35	7.60	0.00	0.00	2000
72	6.66	1080	2113	0.00	194	0	0	0	nan	0.00	0.00	3.01	90.95	93.34	0.00	38	0	43	0.00	0.00	59.65	7.78	0.00	0.00	2000
74	6.49	1145	2097	0.00	193	0	0	0	nan	0.00	0.00	2.99	90.17	93.51	0.00	38	0	43	0.00	0.00	59.11	7.62	0.00	0.00	2000
71	6.05	1180	2077	0.00	193	0	0	0	nan	0.00	0.00	2.63	90.25	93.95	0.00	38	0	43	0.00	0.00	58.37	7.03	0.00	0.00	2000
75	6.89	1068	2125	0.00	193	0	0	0	nan	0.00	0.02	1.90	92.45	93.11	0.00	38	0	43	0.00	0.00	59.50	7.67	0.00	0.00	2000
74	6.53	1127	2101	0.00	194	0	0	0	nan	0.00	0.01	2.76	90.70	93.47	0.00	37	0	43	0.00	0.00	56.35	7.11	0.00	0.00	2000
72	6.51	1118	2072	0.31	194	0	0	1	74.64	0.00	0.00	2.81	89.49	93.49	0.00	38	0	43	0.00	0.00	56.08	7.08	0.00	0.00	2000
73	6.60	1099	2120	0.17	195	0	0	0	nan	0.00	0.02	2.35	92.05	93.40	0.00	37	0	43	0.00	0.00	62.35	7.73	0.00	0.00	2000
209	10.52	1998	2085	0.00	217	0	0	0	nan	0.00	0.02	6.08	82.88	89.48	0.00	40	0	43	0.00	0.00	63.27	7.48	0.00	0.00	2000
236	10.93	2126	2130	0.00	213	0	0	0	nan	0.00	0.00	4.33	86.06	89.07	0.00	41	0	43	0.00	0.00	67.01	7.76	0.00	0.00	2000
228	10.89	2107	2083	0.00	202	0	0	0	nan	0.00	0.01	4.23	84.23	89.11	0.00	41	0	43	0.00	0.00	65.36	7.58	0.00	0.00	2000
232	11.03	2092	2109	0.00	204	0	0	0	nan	0.00	0.02	3.05	86.38	88.97	0.00	41	0	43	0.00	0.00	65.56	7.55	0.00	0.00	2000
234	11.66	2006	2098	0.00	196	0	0	0	nan	0.00	0.54	5.01	82.85	88.34	0.00	39	0	43	0.00	0.00	62.63	7.59	0.00	0.00	2000
223	11.02	2084	2038	0.00	198	0	0	0	nan	0.00	0.00	6.39	80.00	88.98	0.00	39	0	43	0.00	0.00	63.90	7.73	0.00	0.00	2000
220	10.50	2062	2137	0.00	203	0	0	0	nan	0.00	0.01	7.45	83.68	89.50	0.00	38	0	43	0.00	0.00	67.73	7.90	0.00	0.00	2000
235	11.17	2079	2122	0.00	196	0	0	0	nan	0.00	0.02	5.96	83.89	88.83	0.00	39	0	43	0.00	0.00	67.24	8.21	0.00	0.00	2000
231	10.89	2131	2092	0.00	199	0	0	0	nan	0.00	0.00	5.39	83.37	89.11	0.00	39	0	43	0.00	0.00	63.34	7.36	0.00	0.00	2000
234	11.09	2085	2123	0.00	197	0	0	0	nan	0.00	0.01	4.18	85.68	88.91	0.00	40	0	43	0.00	0.00	68.63	7.84	0.00	0.00	2000
230	11.05	2079	2099	0.00	196	0	0	0	nan	0.00	0.03	5.08	83.99	88.95	0.00	40	0	43	0.00	0.00	65.10	7.32	0.00	0.00	2000
231	11.13	2084	2095	0.00	203	0	0	0	nan	0.00	0.01	5.70	83.08	88.87	0.00	40	0	43	0.00	0.00	61.88	7.14	0.00	0.00	2000
227	10.78	2132	2070	0.00	197	0	0	0	nan	0.00	0.00	6.20	81.83	89.22	0.00	40	0	43	0.00	0.00	64.04	7.44	0.00	0.00	2000
232	11.02	2118	2090	0.00	200	0	0	0	nan	0.00	0.51	3.68	84.33	88.98	0.00	41	0	43	0.00	0.00	64.51	7.57	0.00	0.00	2000
230	11.04	2074	2104	0.00	215	0	0	0	96.82	0.00	0.02	4.80	84.37	88.96	0.00	41	0	42	0.00	0.00	65.67	7.36	0.00	0.00	2000
230	11.15	2068	2094	0.74	215	0	0	17	97.04	0.00	0.00	6.72	81.97	88.85	0.00	40	0	43	0.00	0.00	63.90	7.46	0.00	0.00	2000
235	11.36	2028	2138	0.00	234	0	0	0	nan	0.00	0.02	6.18	84.22	88.64	0.00	40	0	42	0.00	0.00	67.25	7.59	0.00	0.00	2000
225	10.66	2130	2080	0.00	199	0	0	0	nan	0.00	0.00	6.39	82.16	89.34	0.00	40	0	43	0.00	0.00	60.92	7.28	0.00	0.00	2000
232	11.11	2074	2113	0.00	199	0	0	0	nan	0.00	0.00	4.86	84.73	88.89	0.00	41	0	43	0.00	0.00	65.93	7.42	0.00	0.00	2000
233	11.39	2030	2113	0.00	196	0	0	0	nan	0.00	0.04	5.08	84.08	88.61	0.00	41	0	43	0.00	0.00	68.28	7.51	0.00	0.00	2000
229	10.92	2120	2075	0.00	206	0	0	0	nan	0.00	0.00	6.22	81.90	89.08	0.00	41	0	43	0.00	0.00	62.71	7.14	0.00	0.00	2000
232	11.19	2057	2117	0.00	199	0	0	0	nan	0.00	0.00	5.02	84.61	88.81	0.00	41	0	43	0.00	0.00	67.83	7.70	0.00	0.00	2000
229	10.98	2103	2084	0.00	197	0	0	0	nan	0.00	0.02	4.51	83.93	89.02	0.00	41	0	43	0.00	0.00	63.69	7.42	0.00	0.00	2000
234	10.92	2112	2128	0.00	198	0	0	0	nan	0.00	0.02	4.40	85.85	89.08	0.00	41	0	42	0.00	0.00	66.66	7.59	0.00	0.00	2000
228	11.11	2071	2081	0.00	195	0	0	0	nan	0.00	0.59	4.36	83.25	88.89	0.00	40	0	43	0.00	0.00	63.71	7.34	0.00	0.00	2000
237	11.55	2069	2081	0.00	202	0	0	0	nan	0.00	0.02	5.90	81.71	88.45	0.00	41	0	43	0.00	0.00	65.74	7.42	0.00	0.00	2000
236	11.43	2033	2134	0.00	215	0	0	0	nan	0.00	0.00	5.31	84.77	88.57	0.00	41	0	43	0.00	0.00	65.28	7.56	0.00	0.00	2000
230	10.70	2149	2100	0.00	198	0	0	0	nan	0.00	0.04	4.12	85.24	89.30	0.00	41	0	43	0.00	0.00	67.18	7.90	0.00	0.00	2000
229	11.02	2088	2095	0.00	199	0	0	0	nan	0.00	0.93	5.10	82.88	88.98	0.00	41	0	43	0.00	0.00	64.61	7.26	0.00	0.00	2000
230	11.01	2080	2108	0.00	198	0	0	0	nan	0.00	0.00	5.45	83.94	88.99	0.00	41	0	43	0.00	0.00	63.06	7.31	0.00	0.00	2000
232	11.29	2064	2094	0.00	204	0	0	0	nan	0.00	0.00	5.99	82.57	88.71	0.00	41	0	43	0.00	0.00	65.66	7.56	0.00	0.00	2000
225	11.24	2035	2070	0.00	197	0	0	0	nan	0.00	0.02	5.56	82.10	88.76	0.00	41	0	43	0.00	0.00	63.04	7.81	0.00	0.00	2000
235	10.94	2131	2116	0.37	196	0	0	34	84.31	0.00	0.02	5.16	84.72	89.06	0.00	40	0	43	0.00	0.00	68.70	7.78	0.00	0.00	2000
234	11.20	2073	2114	0.04	197	0	0	0	nan	0.00	0.00	4.82	84.66	88.80	0.00	40	0	43	0.00	0.00	64.29	7.24	0.00	0.00	2000
230	11.19	2059	2095	0.00	199	0	0	0	nan	0.00	0.02	5.01	83.76	88.81	0.00	41	0	43	0.00	0.00	64.10	7.46	0.00	0.00	2000
233	11.25	2067	2108	0.00	205	0	0	0	nan	0.00	0.02	4.66	84.59	88.75	0.00	40	0	43	0.00	0.00	65.45	7.70	0.00	0.00	2000
223	11.20	1998	2088	0.00	203	0	0	0	nan	0.00	0.02	6.54	81.86	88.80	0.00	39	0	43	0.00	0.00	66.13	7.68	0.00	0.00	2000
234	10.99	2116	2115	0.00	203	0	0	0	nan	0.00	0.03	2.67	87.02	89.01	0.00	40	0	43	0.00	0.00	66.85	7.93	0.00	0.00	2000
231	11.18	2073	2092	0.00	203	0	0	0	nan	0.00	0.02	4.16	84.42	88.82	0.00	41	0	43	0.00	0.00	65.03	7.61	0.00	0.00	2000
229	10.83	2121	2093	0.00	203	0	0	0	nan	0.00	0.00	3.37	85.57	89.17	0.00	41	0	43	0.00	0.00	63.74	7.21	0.00	0.00	2000
232	10.92	2121	2104	0.00	204	0	0	0	nan	0.01	0.00	3.39	85.82	89.08	0.00	41	0	43	0.00	0.00	66.53	7.77	0.00	0.00	2000
231	11.32	2059	2082	0.00	216	0	0	0	nan	0.00	0.00	5.28	82.75	88.68	0.00	41	0	43	0.00	0.00	62.24	7.28	0.00	0.00	2000
337	15.41	2197	2088	0.00	208	0	0	0	nan	0.00	0.00	4.22	79.99	84.59	0.00	41	0	42	0.00	0.00	59.95	7.06	0.00	0.00	2000
638	27.08	2500	1977	0.00	238	0	0	0	nan	0.00	0.01	5.36	63.41	72.92	0.00	39	0	43	0.00	0.00	71.70	8.04	0.00	0.00	2000
689	27.63	2500	2095	0.00	235	0	0	0	nan	0.00	0.00	5.66	66.66	72.37	0.00	40	0	43	0.00	0.00	73.67	8.31	0.00	0.00	2000
716	27.60	2500	2178	0.00	246	0	0	0	nan	0.00	0.01	6.14	69.07	72.40	0.00	39	0	43	0.00	0.00	79.77	8.92	0.00	0.00	2000
298	13.00	2220	2170	0.00	289	0	0	0	nan	0.00	0.00	5.17	84.84	87.00	0.00	39	0	43	0.00	0.00	75.01	8.66	0.00	0.00	2000
234	10.99	2103	2129	0.00	203	0	0	0	nan	0.00	0.02	4.08	86.26	89.01	0.00	40	0	43	0.00	0.00	66.81	7.83	0.00	0.00	2000
212	12.96	2135	1613	0.69	203	0	0	9	45.50	0.00	0.00	2.67	64.24	87.04	0.00	41	0	43	0.00	0.00	48.61	5.67	0.00	0.00	2000
241	9.55	1956	2708	0.20	284	0	0	0	87.71	0.00	0.00	9.67	107.13	90.45	0.00	40	0	43	0.00	0.00	84.93	10.19	0.00	0.00	2000
118	8.34	1400	2116	0.00	227	0	0	0	nan	0.00	0.00	11.10	81.35	91.66	0.00	38	0	42	0.00	0.00	62.86	7.97	0.00	0.00	2000
87	7.55	1144	2109	0.00	193	0	0	0	nan	0.00	0.00	5.31	87.55	92.45	0.00	38	0	43	0.00	0.00	60.77	7.49	0.00	0.00	2000
75	6.53	1161	2085	0.00	193	0	0	0	nan	0.03	0.00	3.17	89.71	93.47	0.00	38	0	43	0.00	0.00	56.71	7.40	0.00	0.00	2000
75	6.59	1128	2116	0.00	196	0	0	0	nan	0.00	0.02	2.80	91.27	93.41	0.00	38	0	43	0.00	0.00	59.92	7.68	0.00	0.00	2000
