Avg_MHz	Busy%	Bzy_MHz	TSC_MHz	IPC	IRQ	NMI	SMI	LLCMRPS	LLC%hit	POLL%	C1%	C1E%	C6%	CPU%c1	CPU%c6	CoreTmp	CoreThr	PkgTmp	Pkg%pc2	Pkg%pc6	PkgWatt	RAMWatt	PKG_%	RAM_%	UncMHz
396	18.79	2045	2165	0.00	236	0	0	0	nan	0.00	0.45	33.21	50.15	81.21	0.00	37	0	42	0.00	0.00	66.56	8.01	0.00	0.00	2000
415	19.28	2142	2108	0.00	233	0	0	0	nan	0.07	0.95	26.10	54.10	80.72	0.00	37	0	43	0.00	0.00	66.28	7.62	0.00	0.00	2000
79	6.68	1175	2105	0.00	194	0	0	0	nan	0.00	0.03	7.44	86.11	93.32	0.00	37	0	43	0.00	0.00	59.25	7.61	0.00	0.00	2000
73	6.60	1113	2096	0.00	194	0	0	0	nan	0.00	0.02	2.90	90.43	93.40	0.00	37	0	43	0.00	0.00	59.23	7.45	0.00	0.00	2000
73	6.83	1072	2087	0.00	194	0	0	0	nan	0.00	0.00	2.24	90.46	93.17	0.00	37	0	42	0.00	0.00	55.77	7.10	0.00	0.00	2000
72	7.07	1009	2122	0.00	209	0	0	0	nan	0.00	0.03	4.02	89.83	92.93	0.00	37	0	42	0.00	0.00	60.29	7.78	0.00	0.00	2000
74	6.57	1126	2109	0.00	195	0	0	0	nan	0.00	0.00	3.97	89.75	93.43	0.00	37	0	43	0.00	0.00	58.86	7.39	0.00	0.00	2000
72	6.56	1100	2090	0.00	193	0	0	0	nan	0.00	0.00	3.56	89.49	93.44	0.00	37	0	43	0.00	0.00	58.53	7.62	0.00	0.00	2000
73	6.86	1069	2081	0.00	194	0	0	0	nan	0.00	0.00	3.92	88.43	93.14	0.00	37	0	42	0.00	0.00	56.28	7.07	0.00	0.00	2000
74	6.95	1042	2134	0.00	192	0	0	0	nan	0.00	0.02	1.73	92.88	93.05	0.00	37	0	42	0.00	0.00	60.94	7.75	0.00	0.00	2000
75	6.72	1109	2103	0.00	195	0	0	0	nan	0.00	0.00	4.39	89.08	93.28	0.00	37	0	42	0.00	0.00	59.80	7.51	0.00	0.00	2000
73	6.29	1158	2102	0.00	193	0	0	0	nan	0.00	0.02	3.09	90.69	93.71	0.00	37	0	43	0.00	0.00	57.98	7.48	0.00	0.00	2000
74	6.67	1121	2087	0.00	196	0	0	0	nan	0.00	0.00	3.44	89.45	93.33	0.00	37	0	42	0.00	0.00	56.36	7.05	0.00	0.00	2000
72	7.03	1027	2104	0.00	195	0	0	0	nan	0.00	0.02	3.33	89.87	92.97	0.00	37	0	42	0.00	0.00	58.79	7.45	0.00	0.00	2000
74	6.38	1160	2097	0.00	177	0	0	0	nan	0.00	0.01	3.50	89.95	93.62	0.00	37	0	42	0.00	0.00	60.32	7.87	0.00	0.00	2000
72	6.47	1125	2084	0.00	195	0	0	0	95.84	0.00	0.00	2.73	90.09	93.53	0.00	37	0	42	0.00	0.00	58.45	7.55	0.00	0.00	2000
74	6.71	1089	2118	0.30	193	0	0	1	84.39	0.01	0.01	2.92	91.20	93.29	0.00	37	0	42	0.00	0.00	59.41	7.44	0.00	0.00	2000
72	6.38	1128	2089	0.17	194	0	0	0	nan	0.00	0.02	2.47	90.71	93.62	0.00	37	0	42	0.00	0.00	59.17	7.47	0.00	0.00	2000
168	9.35	1813	2087	0.00	215	0	0	0	nan	0.03	0.02	4.63	85.48	90.65	0.00	38	0	43	0.00	0.00	61.42	7.43	0.00	0.00	2000
231	11.37	2014	2114	0.00	220	0	0	0	nan	0.00	0.00	4.52	84.91	88.63	0.00	40	0	42	0.00	0.00	64.52	7.45	0.00	0.00	2000
233	10.98	2114	2109	0.00	209	0	0	0	nan	0.00	0.03	4.02	85.50	89.02	0.00	40	0	43	0.00	0.00	65.02	7.54	0.00	0.00	2000
227	11.01	2072	2090	0.00	191	0	0	0	nan	0.00	0.02	2.89	85.80	88.99	0.00	40	0	42	0.00	0.00	65.61	7.58	0.00	0.00	2000
236	11.48	2043	2115	0.00	195	0	0	0	nan	0.04	0.00	7.54	81.77	88.52	0.00	38	0	43	0.00	0.00	66.22	7.84	0.00	0.00	2000
226	10.93	2073	2095	0.00	196	0	0	0	nan	0.04	0.00	8.61	80.37	89.07	0.00	38	0	43	0.00	0.00	63.98	7.93	0.00	0.00	2000
220	10.22	2152	2100	0.00	198	0	0	0	nan	0.00	0.00	5.26	84.40	89.78	0.00	39	0	43	0.00	0.00	63.10	7.65	0.00	0.00	2000
232	11.31	2059	2091	0.00	199	0	0	0	nan	0.00	0.01	5.29	83.17	88.69	0.00	38	0	43	0.00	0.00	65.93	7.88	0.00	0.00	2000
230	11.45	2032	2077	0.00	203	0	0	0	nan	0.00	0.00	5.95	81.83	88.55	0.00	38	0	43	0.00	0.00	65.75	7.85	0.00	0.00	2000
237	11.14	2087	2137	0.00	199	0	0	0	nan	0.00	0.00	6.18	84.37	88.86	0.00	38	0	43	0.00	0.00	66.32	7.84	0.00	0.00	2000
225	10.91	2107	2058	0.00	198	0	0	0	nan	0.00	0.00	5.00	82.41	89.09	0.00	38	0	43	0.00	0.00	65.41	7.62	0.00	0.00	2000
233	11.01	2078	2135	0.00	198	0	0	0	nan	0.00	0.00	4.61	85.98	88.99	0.00	39	0	43	0.00	0.00	65.29	7.54	0.00	0.00	2000
231	11.57	2045	2048	0.00	199	0	0	0	nan	0.00	1.03	2.17	83.27	88.43	0.00	39	0	43	0.00	0.00	60.72	7.14	0.00	0.00	2000
230	11.38	1966	2156	0.00	221	0	0	0	nan	0.01	0.02	4.94	86.25	88.62	0.00	39	0	42	0.00	0.00	67.58	7.87	0.00	0.00	2000
232	11.37	2052	2089	0.00	202	0	0	0	nan	0.00	0.00	6.61	81.64	88.63	0.00	39	0	42	0.00	0.00	65.25	7.46	0.00	0.00	2000
231	11.24	2044	2107	0.44	200	0	0	21	65.80	0.00	0.00	6.80	82.41	88.76	0.00	39	0	42	0.00	0.00	65.26	7.63	0.00	0.00	2000
225	11.20	2007	2103	0.16	198	0	0	0	nan	0.00	0.00	6.41	82.67	88.80	0.00	39	0	42	0.00	0.00	64.57	7.70	0.00	0.00	2000
225	10.79	2080	2104	0.00	267	0	0	0	nan	0.00	0.62	6.26	82.71	89.21	0.00	38	0	43	0.00	0.00	65.10	7.54	0.00	0.00	2000
219	10.48	2091	2100	0.00	207	0	0	0	nan	0.00	0.00	4.44	85.12	89.52	0.00	39	0	43	0.00	0.00	68.47	8.08	0.00	0.00	2000
223	10.98	2038	2089	0.00	204	0	0	0	nan	0.00	0.00	3.63	85.02	89.02	0.00	40	0	42	0.00	0.00	64.71	7.64	0.00	0.00	2000
152	9.53	1723	1948	0.00	222	1	0	0	nan	0.00	0.00	6.35	77.65	90.47	0.00	38	0	42	0.00	0.00	53.30	6.54	0.00	0.00	2000
133	7.74	1499	2412	0.00	164	0	0	0	nan	0.00	0.03	14.12	91.76	92.26	0.00	38	0	43	0.00	0.00	76.64	9.41	0.00	0.00	2000
