Avg_MHz	Busy%	Bzy_MHz	TSC_MHz	IPC	IRQ	NMI	SMI	LLCMRPS	LLC%hit	POLL%	C1%	C1E%	C6%	CPU%c1	CPU%c6	CoreTmp	CoreThr	PkgTmp	Pkg%pc2	Pkg%pc6	PkgWatt	RAMWatt	PKG_%	RAM_%	UncMHz
418	20.47	2017	2127	0.00	250	0	0	0	nan	0.00	0.99	39.44	40.20	79.53	0.00	38	0	42	0.00	0.00	67.48	7.65	0.00	0.00	2000
373	17.71	2066	2140	0.00	234	0	0	0	nan	0.06	0.52	26.24	57.15	82.29	0.00	37	0	42	0.00	0.00	67.47	7.82	0.00	0.00	2000
77	7.04	1100	2083	0.00	196	0	0	0	nan	0.00	0.01	3.25	89.02	92.96	0.00	37	0	42	0.00	0.00	57.27	7.14	0.00	0.00	2000
74	6.71	1081	2132	0.00	210	0	0	0	nan	0.00	0.00	3.96	90.76	93.29	0.00	37	0	43	0.00	0.00	58.71	7.44	0.00	0.00	2000
74	6.62	1117	2102	0.00	177	0	0	0	nan	0.00	0.00	3.13	90.33	93.38	0.00	37	0	42	0.00	0.00	59.66	7.61	0.00	0.00	2000
72	6.62	1101	2069	0.00	194	0	0	0	nan	0.00	0.01	2.79	89.17	93.38	0.00	37	0	42	0.00	0.00	56.77	7.26	0.00	0.00	2000
73	7.08	1015	2126	0.00	210	0	0	0	nan	0.00	0.00	4.62	89.43	92.92	0.00	37	0	42	0.00	0.00	59.95	7.77	0.00	0.00	2000
73	6.73	1091	2096	0.00	194	0	0	0	nan	0.00	0.00	3.91	89.19	93.27	0.00	37	0	42	0.00	0.00	56.15	7.19	0.00	0.00	2000
74	6.70	1109	2095	0.00	193	0	0	0	nan	0.00	0.00	4.13	88.93	93.30	0.00	37	0	42	0.00	0.00	58.26	7.51	0.00	0.00	2000
73	6.59	1099	2115	0.00	193	0	0	0	nan	0.00	0.00	3.99	90.10	93.41	0.00	37	0	42	0.00	0.00	60.19	7.62	0.00	0.00	2000
73	6.65	1113	2076	0.00	178	0	0	0	nan	0.00	0.04	3.42	88.86	93.35	0.00	37	0	42	0.00	0.00	57.02	7.29	0.00	0.00	2000
72	6.80	1051	2126	0.00	210	0	0	0	nan	0.00	0.00	3.73	90.56	93.20	0.00	37	0	42	0.00	0.00	59.32	7.72	0.00	0.00	2000
73	6.89	1058	2097	0.00	194	0	0	0	nan	0.00	0.03	2.76	90.15	93.11	0.00	37	0	42	0.00	0.00	58.69	7.51	0.00	0.00	2000
72	6.36	1136	2086	0.00	194	0	0	0	nan	0.00	0.00	3.87	89.15	93.64	0.00	37	0	42	0.00	0.00	53.69	7.23	0.00	0.00	2000
74	6.96	1052	2114	0.00	194	0	0	0	nan	0.00	0.00	4.38	89.37	93.04	0.00	37	0	42	0.00	0.00	61.12	7.40	0.00	0.00	2000
71	6.65	1071	2099	0.00	194	0	0	1	87.99	0.00	0.00	3.69	89.73	93.35	0.00	37	0	43	0.00	0.00	58.02	7.56	0.00	0.00	2000
71	6.73	1076	2068	0.30	193	0	0	2	86.21	0.00	0.00	3.72	88.20	93.27	0.00	37	0	42	0.00	0.00	56.37	7.02	0.00	0.00	2000
75	6.82	1080	2130	0.02	193	0	0	0	nan	0.00	0.02	2.11	92.46	93.18	0.00	37	0	42	0.00	0.00	62.59	8.06	0.00	0.00	2000
248	11.81	2118	2084	0.00	194	0	0	0	nan	0.00	0.00	2.32	85.20	88.19	0.00	38	0	42	0.00	0.00	63.13	7.35	0.00	0.00	2000
239	11.51	2093	2085	0.00	199	0	0	0	nan	0.00	0.00	3.09	84.94	88.49	0.00	39	0	42	0.00	0.00	64.21	7.46	0.00	0.00	2000
232	11.42	2003	2127	0.00	213	0	0	0	nan	0.00	0.00	4.32	85.46	88.58	0.00	39	0	42	0.00	0.00	63.43	7.49	0.00	0.00	2000
230	10.95	2118	2082	0.00	196	0	0	0	nan	0.00	0.00	3.22	85.12	89.05	0.00	40	0	42	0.00	0.00	64.56	7.33	0.00	0.00	2000
233	11.21	2065	2117	0.00	195	0	0	0	nan	0.00	0.00	4.68	84.97	88.79	0.00	38	0	42	0.00	0.00	64.92	8.14	0.00	0.00	2000
226	11.10	2030	2105	0.00	199	0	0	0	nan	0.00	0.01	4.98	84.23	88.90	0.00	38	0	42	0.00	0.00	65.47	7.70	0.00	0.00	2000
220	10.82	2047	2089	0.00	196	0	0	0	nan	0.01	0.00	4.20	84.49	89.18	0.00	37	0	42	0.00	0.00	64.43	7.86	0.00	0.00	2000
233	11.21	2067	2113	0.00	195	0	0	0	nan	0.00	0.00	3.93	85.40	88.79	0.00	38	0	42	0.00	0.00	66.71	8.03	0.00	0.00	2000
230	11.29	2037	2097	0.00	194	0	0	0	nan	0.00	0.00	4.09	84.62	88.71	0.00	38	0	42	0.00	0.00	68.00	8.02	0.00	0.00	2000
233	11.01	2119	2100	0.00	200	0	0	0	nan	0.00	0.02	5.01	84.01	88.99	0.00	38	0	42	0.00	0.00	63.30	7.50	0.00	0.00	2000
231	11.42	2024	2100	0.00	196	0	0	0	nan	0.00	0.00	5.20	83.54	88.58	0.00	38	0	42	0.00	0.00	63.62	7.70	0.00	0.00	2000
230	10.96	2098	2099	0.00	194	0	0	0	nan	0.00	0.00	4.24	84.76	89.04	0.00	39	0	42	0.00	0.00	64.83	7.68	0.00	0.00	2000
227	11.07	2049	2101	0.00	195	0	0	0	nan	0.00	0.00	4.27	84.75	88.93	0.00	39	0	42	0.00	0.00	64.03	7.24	0.00	0.00	2000
230	11.09	2072	2100	0.00	196	0	0	0	nan	0.00	0.02	2.82	86.11	88.93	0.00	39	0	42	0.00	0.00	65.59	7.61	0.00	0.00	2000
230	11.28	2040	2103	0.00	195	0	0	0	88.26	0.00	0.00	3.91	84.96	88.72	0.00	39	0	43	0.00	0.00	64.58	7.58	0.00	0.00	2000
227	11.18	2028	2100	0.50	196	0	0	18	53.39	0.00	0.02	4.21	84.68	88.82	0.00	38	0	42	0.00	0.00	65.76	7.75	0.00	0.00	2000
231	10.96	2115	2095	0.13	194	0	0	0	nan	0.00	0.00	3.51	85.40	89.04	0.00	39	0	42	0.00	0.00	65.34	7.58	0.00	0.00	2000
220	11.13	2060	2015	0.00	196	0	0	0	nan	0.00	0.03	3.28	82.07	88.87	0.00	38	0	42	0.00	0.00	61.17	7.12	0.00	0.00	2000
223	10.95	2003	2132	0.00	210	0	0	0	nan	0.00	0.01	2.95	87.61	89.05	0.00	39	0	42	0.00	0.00	65.79	8.09	0.00	0.00	2000
344	13.89	2394	2171	0.00	210	0	0	0	nan	0.00	0.00	3.64	85.54	86.11	0.00	38	0	42	0.00	0.00	66.48	7.67	0.00	0.00	2000
232	11.16	2088	2088	0.00	202	0	0	0	nan	0.00	0.00	3.98	84.54	88.84	0.00	39	0	42	0.00	0.00	69.85	8.28	0.00	0.00	2000
122	8.48	1441	2088	0.00	228	0	0	0	nan	0.00	0.00	7.75	83.19	91.52	0.00	38	0	42	0.00	0.00	59.70	7.57	0.00	0.00	2000
75	7.05	1072	2097	0.00	211	0	0	0	nan	0.00	0.00	3.76	89.13	92.95	0.00	38	0	42	0.00	0.00	56.56	7.31	0.00	0.00	2000
74	7.07	1055	2091	0.00	194	0	0	0	nan	0.00	0.00	3.85	88.71	92.93	0.00	37	0	42	0.00	0.00	56.51	7.20	0.00	0.00	2000
75	6.92	1061	2133	0.00	193	0	0	0	nan	0.00	0.03	1.83	92.78	93.08	0.00	37	0	42	0.00	0.00	62.99	7.98	0.00	0.00	2000
79	6.85	1164	2084	0.00	161	0	0	0	nan	0.00	0.03	4.17	88.29	93.15	0.00	37	0	42	0.00	0.00	57.27	7.32	0.00	0.00	2000
