Avg_MHz	Busy%	Bzy_MHz	TSC_MHz	IPC	IRQ	NMI	SMI	LLCMRPS	LLC%hit	POLL%	C1%	C1E%	C6%	CPU%c1	CPU%c6	CoreTmp	CoreThr	PkgTmp	Pkg%pc2	Pkg%pc6	PkgWatt	RAMWatt	PKG_%	RAM_%	UncMHz
262	13.61	1895	2130	0.00	245	0	0	0	nan	0.02	0.14	35.62	51.80	86.39	0.00	37	0	42	0.00	0.00	62.11	7.71	0.00	0.00	2000
439	20.65	2121	2103	0.00	215	0	0	0	nan	0.00	1.07	16.41	62.01	79.35	0.00	38	0	42	0.00	0.00	68.37	7.83	0.00	0.00	2000
364	17.27	2128	2079	0.00	231	0	0	0	nan	0.00	0.32	23.55	58.11	82.73	0.00	37	0	42	0.00	0.00	63.69	7.57	0.00	0.00	2000
78	6.67	1144	2148	0.00	194	0	0	0	nan	0.00	0.03	2.33	92.89	93.33	0.00	37	0	42	0.00	0.00	61.34	7.99	0.00	0.00	2000
75	6.57	1139	2101	0.00	194	0	0	0	nan	0.00	0.00	3.26	90.16	93.43	0.00	37	0	42	0.00	0.00	56.45	7.21	0.00	0.00	2000
72	6.94	1049	2063	0.00	193	0	0	0	nan	0.00	0.01	2.72	88.62	93.06	0.00	37	0	42	0.00	0.00	58.18	7.39	0.00	0.00	2000
74	6.98	1050	2118	0.00	209	0	0	0	nan	0.00	0.00	3.61	90.26	93.02	0.00	37	0	42	0.00	0.00	58.67	7.67	0.00	0.00	2000
73	6.39	1141	2105	0.00	179	0	0	0	nan	0.00	0.01	3.70	90.24	93.61	0.00	37	0	42	0.00	0.00	59.20	7.61	0.00	0.00	2000
73	6.32	1162	2100	0.00	194	0	0	0	nan	0.00	0.00	2.45	91.24	93.68	0.00	37	0	42	0.00	0.00	58.00	7.51	0.00	0.00	2000
73	6.48	1117	2118	0.00	194	0	0	0	nan	0.00	0.00	2.45	91.80	93.52	0.00	37	0	42	0.00	0.00	56.96	7.38	0.00	0.00	2000
72	6.47	1134	2071	0.00	192	0	0	0	nan	0.00	0.02	2.91	89.20	93.53	0.00	37	0	43	0.00	0.00	56.63	7.33	0.00	0.00	2000
72	6.55	1091	2113	0.00	193	0	0	0	nan	0.00	0.02	2.30	91.63	93.45	0.00	37	0	42	0.00	0.00	60.94	7.86	0.00	0.00	2000
73	6.49	1117	2103	0.00	193	0	0	0	nan	0.00	0.00	2.99	90.65	93.51	0.00	37	0	42	0.00	0.00	58.11	7.54	0.00	0.00	2000
73	6.72	1093	2084	0.00	194	0	0	0	nan	0.00	0.00	2.57	90.08	93.28	0.00	37	0	42	0.00	0.00	55.15	7.25	0.00	0.00	2000
75	6.76	1117	2096	0.00	195	0	0	0	nan	0.00	0.00	2.81	90.30	93.24	0.00	37	0	42	0.00	0.00	60.96	7.87	0.00	0.00	2000
73	6.49	1113	2111	0.00	195	0	0	0	91.90	0.00	0.02	3.96	89.98	93.51	0.00	37	0	42	0.00	0.00	55.97	7.44	0.00	0.00	2000
75	6.54	1135	2109	0.30	195	0	0	2	79.57	0.00	0.01	3.87	89.89	93.46	0.00	37	0	42	0.00	0.00	59.39	7.57	0.00	0.00	2000
72	6.75	1082	2075	0.08	195	0	0	0	nan	0.00	0.02	2.55	89.62	93.25	0.00	37	0	42	0.00	0.00	57.69	7.48	0.00	0.00	2000
105	8.52	1421	1829	0.00	194	0	0	0	nan	0.00	0.01	2.78	76.95	91.48	0.00	37	0	42	0.00	0.00	48.16	6.17	0.00	0.00	2000
241	10.08	2039	2467	0.00	257	0	0	0	nan	0.00	1.01	8.53	96.34	89.92	0.00	37	0	43	0.00	0.00	82.05	9.48	0.00	0.00	2000
233	11.49	2018	2105	0.00	198	0	0	0	nan	0.00	0.02	6.57	82.39	88.51	0.00	37	0	42	0.00	0.00	62.30	7.22	0.00	0.00	2000
229	11.16	2062	2093	0.00	199	0	0	0	nan	0.00	0.00	6.82	81.90	88.84	0.00	38	0	42	0.00	0.00	65.23	7.36	0.00	0.00	2000
226	11.41	2043	2038	0.00	212	0	0	0	nan	0.00	0.05	6.03	79.93	88.59	0.00	37	0	42	0.00	0.00	61.65	7.22	0.00	0.00	2000
235	10.32	2191	2183	0.00	220	0	0	0	nan	0.00	0.00	8.27	84.98	89.68	0.00	37	0	42	0.00	0.00	71.29	8.32	0.00	0.00	2000
233	10.89	2141	2096	0.00	196	0	0	0	nan	0.00	0.00	5.29	83.67	89.11	0.00	37	0	43	0.00	0.00	66.66	7.85	0.00	0.00	2000
231	11.21	2070	2090	0.00	197	0	0	0	nan	0.00	0.00	5.96	82.50	88.79	0.00	38	0	42	0.00	0.00	65.07	8.06	0.00	0.00	2000
227	11.01	2051	2110	0.00	199	0	0	0	nan	0.00	0.00	5.51	83.97	88.99	0.00	39	0	42	0.00	0.00	65.13	7.92	0.00	0.00	2000
224	10.88	2063	2096	0.00	201	0	0	0	nan	0.00	0.00	7.30	81.76	89.12	0.00	39	0	42	0.00	0.00	65.87	7.67	0.00	0.00	2000
222	11.02	2031	2086	0.00	200	0	0	0	nan	0.00	0.02	5.91	82.62	88.98	0.00	40	0	42	0.00	0.00	64.80	7.33	0.00	0.00	2000
223	10.73	2059	2116	0.00	194	0	0	0	nan	0.00	0.04	3.24	86.77	89.27	0.00	39	0	42	0.00	0.00	65.51	7.47	0.00	0.00	2000
222	10.78	2099	2059	0.00	195	0	0	0	nan	0.00	0.05	2.97	84.34	89.22	0.00	40	0	42	0.00	0.00	63.65	7.57	0.00	0.00	2000
224	10.73	2038	2149	0.00	198	0	0	0	nan	0.03	0.04	4.55	86.91	89.27	0.00	40	0	42	0.00	0.00	65.93	7.71	0.00	0.00	2000
222	10.63	2139	2055	0.00	202	0	0	7	90.12	0.00	0.96	6.30	80.25	89.37	0.00	40	0	42	0.00	0.00	64.39	7.23	0.00	0.00	2000
224	10.78	2068	2107	0.58	197	0	0	12	79.93	0.00	0.04	7.08	82.41	89.22	0.00	40	0	42	0.00	0.00	64.94	7.42	0.00	0.00	2000
224	10.70	2070	2124	0.00	197	0	0	0	nan	0.00	0.02	6.93	83.42	89.30	0.00	40	0	43	0.00	0.00	64.47	7.42	0.00	0.00	2000
223	10.93	2068	2069	0.00	234	0	0	0	nan	0.00	0.01	4.76	82.91	89.07	0.00	40	0	42	0.00	0.00	62.86	7.36	0.00	0.00	2000
225	11.15	1986	2134	0.00	207	0	0	0	nan	0.00	0.02	7.94	82.48	88.85	0.00	40	0	42	0.00	0.00	67.13	8.03	0.00	0.00	2000
226	10.80	2078	2115	0.00	199	0	0	0	nan	0.00	0.02	6.49	83.35	89.20	0.00	40	0	42	0.00	0.00	65.72	7.98	0.00	0.00	2000
230	11.09	2074	2101	0.00	197	0	0	0	nan	0.00	0.00	7.76	81.30	88.91	0.00	40	0	42	0.00	0.00	64.87	7.72	0.00	0.00	2000
222	11.01	2058	2055	0.00	197	0	0	0	nan	0.00	0.00	7.09	80.07	88.99	0.00	40	0	42	0.00	0.00	63.81	7.48	0.00	0.00	2000
224	10.79	2062	2118	0.00	195	0	0	0	nan	0.00	0.00	6.04	84.02	89.21	0.00	40	0	42	0.00	0.00	64.72	7.51	0.00	0.00	2000
225	10.87	2079	2087	0.00	199	0	0	0	nan	0.00	0.00	6.59	82.02	89.13	0.00	40	0	43	0.00	0.00	64.90	7.53	0.00	0.00	2000
222	10.82	2072	2083	0.00	202	0	0	0	nan	0.00	0.00	7.34	81.29	89.18	0.00	38	0	42	0.00	0.00	63.18	7.57	0.00	0.00	2000
230	10.66	2125	2131	0.00	215	0	0	0	nan	0.00	0.02	3.74	86.93	89.34	0.00	39	0	42	0.00	0.00	64.91	7.51	0.00	0.00	2000
228	12.06	2150	1843	0.00	203	0	0	0	nan	0.00	1.71	4.13	71.41	87.94	0.00	38	0	42	0.00	0.00	57.91	6.72	0.00	0.00	2000
349	14.31	2161	2374	0.00	241	0	0	0	nan	0.05	0.02	9.32	87.61	85.69	0.00	37	0	42	0.00	0.00	75.80	8.73	0.00	0.00	2000
188	10.10	1831	2139	0.00	249	0	0	0	nan	0.00	0.00	11.50	80.30	89.90	0.00	37	0	42	0.00	0.00	63.28	7.66	0.00	0.00	2000
80	6.92	1156	2096	0.00	177	0	0	0	nan	0.00	0.02	5.98	86.86	93.08	0.00	37	0	42	0.00	0.00	59.16	7.51	0.00	0.00	2000
148	9.08	1672	2049	0.00	49	0	0	0	nan	0.00	0.07	16.24	72.59	90.92	0.00	37	0	42	0.00	0.00	52.88	6.16	0.00	0.00	2000
