Delta,Time,CPU_FREQUENCY_0,CPU_FREQUENCY_1,CPU_FREQUENCY_10,CPU_FREQUENCY_11,CPU_FREQUENCY_12,CPU_FREQUENCY_13,CPU_FREQUENCY_14,CPU_FREQUENCY_15,CPU_FREQUENCY_2,CPU_FREQUENCY_3,CPU_FREQUENCY_4,CPU_FREQUENCY_5,CPU_FREQUENCY_6,CPU_FREQUENCY_7,CPU_FREQUENCY_8,CPU_FREQUENCY_9,CPU_USAGE_0,CPU_USAGE_1,CPU_USAGE_10,CPU_USAGE_11,CPU_USAGE_12,CPU_USAGE_13,CPU_USAGE_14,CPU_USAGE_15,CPU_USAGE_2,CPU_USAGE_3,CPU_USAGE_4,CPU_USAGE_5,CPU_USAGE_6,CPU_USAGE_7,CPU_USAGE_8,CPU_USAGE_9,DRAM_ENERGY (J),PACKAGE_ENERGY (J),PP0_ENERGY (J),TOTAL_MEMORY,TOTAL_SWAP,USED_MEMORY,USED_SWAP
0,1791557701959,2499,2499,2499,2499,2499,2499,2499,2499,2499,2500,2500,2500,2500,2499,2499,2499,8.333333969116211,8.333333969116211,0,4.1666669845581055,4.545454502105713,4.34782600402832,4.1666669845581055,9.090909004211426,8.333333969116211,0,0,8.333333969116211,4.34782600402832,4.34782600402832,4.34782600402832,4.1666669845581055,97367.16284179688,249533.5535888672,0,404327403520,8589930496,5156491264,114688
10,1791557701959,2499,2499,2499,2499,2499,2499,2499,2499,2499,2500,2500,2500,2500,2499,2499,2499,8.333333969116211,8.333333969116211,0,4.1666669845581055,4.545454502105713,4.34782600402832,4.1666669845581055,9.090909004211426,8.333333969116211,0,0,8.333333969116211,4.34782600402832,4.34782600402832,4.34782600402832,4.1666669845581055,97367.16284179688,249533.5535888672,0,404327403520,8589930496,5156491264,114688
9,1791557701969,2499,2499,2499,2499,2499,2499,2499,2499,2499,2500,2500,2500,2500,2499,2499,2499,8.333333969116211,8.333333969116211,0,4.1666669845581055,4.545454502105713,4.34782600402832,4.1666669845581055,9.090909004211426,8.333333969116211,0,0,8.333333969116211,4.34782600402832,4.34782600402832,4.34782600402832,4.1666669845581055,97367.32025146484,249533.9256591797,0,404327403520,8589930496,5156491264,114688
9,1791557701980,2499,2499,2499,2499,2499,2499,2499,2499,2499,2500,2500,2500,2500,2499,2499,2499,8.333333969116211,8.333333969116211,0,4.1666669845581055,4.545454502105713,4.34782600402832,4.1666669845581055,9.090909004211426,8.333333969116211,0,0,8.333333969116211,4.34782600402832,4.34782600402832,4.34782600402832,4.1666669845581055,97367.47387695313,249534.30279541016,0,404327403520,8589930496,5156491264,114688
9,1791557701990,2499,2499,2499,2499,2499,2499,2499,2499,2499,2500,2500,2500,2500,2499,2499,2499,8.333333969116211,8.333333969116211,0,4.1666669845581055,4.545454502105713,4.34782600402832,4.1666669845581055,9.090909004211426,8.333333969116211,0,0,8.333333969116211,4.34782600402832,4.34782600402832,4.34782600402832,4.1666669845581055,97367.63006591797,249534.67987060547,0,404327403520,8589930496,5156491264,114688
9,1791557702000,2499,2499,2499,2499,2499,2499,2499,2499,2499,2500,2500,2500,2500,2499,2499,2499,8.333333969116211,8.333333969116211,0,4.1666669845581055,4.545454502105713,4.34782600402832,4.1666669845581055,9.090909004211426,8.333333969116211,0,0,8.333333969116211,4.34782600402832,4.34782600402832,4.34782600402832,4.1666669845581055,97367.78723144531,249535.05682373047,0,404327403520,8589930496,5156491264,114688
10,1791557702010,2499,2499,2499,2499,2499,2499,2499,2499,2499,2500,2500,2500,2500,2499,2499,2499,8.333333969116211,8.333333969116211,0,4.1666669845581055,4.545454502105713,4.34782600402832,4.1666669845581055,9.090909004211426,8.333333969116211,0,0,8.333333969116211,4.34782600402832,4.34782600402832,4.34782600402832,4.1666669845581055,97367.93896484375,249535.43145751953,0,404327403520,8589930496,5156491264,114688
10,1791557702020,2499,2499,2499,2499,2499,2499,2499,2499,2499,2500,2500,2500,2500,2499,2499,2499,8.333333969116211,8.333333969116211,0,4.1666669845581055,4.545454502105713,4.34782600402832,4.1666669845581055,9.090909004211426,8.333333969116211,0,0,8.333333969116211,4.34782600402832,4.34782600402832,4.34782600402832,4.1666669845581055,97368.09521484375,249535.74114990234,0,404327403520,8589930496,5156491264,114688
10,1791557702030,2499,2499,2499,2499,2499,2499,2499,2499,2499,2500,2500,2500,2500,2499,2499,2499,8.333333969116211,8.333333969116211,0,4.1666669845581055,4.545454502105713,4.34782600402832,4.1666669845581055,9.090909004211426,8.333333969116211,0,0,8.333333969116211,4.34782600402832,4.34782600402832,4.34782600402832,4.1666669845581055,97368.251953125,249536.05438232422,0,404327403520,8589930496,5156491264,114688
9,1791557702040,2499,2499,2499,2499,2499,2499,2499,2499,2499,2500,2500,2500,2500,2499,2499,2499,8.333333969116211,8.333333969116211,0,4.1666669845581055,4.545454502105713,4.34782600402832,4.1666669845581055,9.090909004211426,8.333333969116211,0,0,8.333333969116211,4.34782600402832,4.34782600402832,4.34782600402832,4.1666669845581055,97368.41918945313,249536.42211914063,0,404327403520,8589930496,5156491264,114688
9,1791557702050,2499,2499,2499,2499,2499,2499,2499,2499,2499,2500,2500,2500,2500,2499,2499,2499,8.333333969116211,8.333333969116211,0,4.1666669845581055,4.545454502105713,4.34782600402832,4.1666669845581055,9.090909004211426,8.333333969116211,0,0,8.333333969116211,4.34782600402832,4.34782600402832,4.34782600402832,4.1666669845581055,97368.57690429688,249536.79901123047,0,404327403520,8589930496,5156491264,114688
9,1791557702060,2499,2499,2499,2499,2499,2499,2499,2499,2499,2500,2500,2500,2500,2499,2499,2499,8.333333969116211,8.333333969116211,0,4.1666669845581055,4.545454502105713,4.34782600402832,4.1666669845581055,9.090909004211426,8.333333969116211,0,0,8.333333969116211,4.34782600402832,4.34782600402832,4.34782600402832,4.1666669845581055,97368.73345947266,249537.17578125,0,404327403520,8589930496,5156491264,114688
10,1791557702070,2499,2499,2499,2499,2499,2499,2499,2499,2499,2500,2500,2500,2500,2499,2499,2499,8.333333969116211,8.333333969116211,0,4.1666669845581055,4.545454502105713,4.34782600402832,4.1666669845581055,9.090909004211426,8.333333969116211,0,0,8.333333969116211,4.34782600402832,4.34782600402832,4.34782600402832,4.1666669845581055,97368.88708496094,249537.55432128906,0,404327403520,8589930496,5156491264,114688
10,1791557702080,2499,2499,2499,2499,2499,2499,2499,2499,2499,2500,2500,2500,2500,2499,2499,2499,8.333333969116211,8.333333969116211,0,4.1666669845581055,4.545454502105713,4.34782600402832,4.1666669845581055,9.090909004211426,8.333333969116211,0,0,8.333333969116211,4.34782600402832,4.34782600402832,4.34782600402832,4.1666669845581055,97369.04455566406,249537.92938232422,0,404327403520,8589930496,5156491264,114688
9,1791557702090,2499,2499,2499,2499,2499,2499,2499,2499,2499,2500,2500,2500,2500,2499,2499,2499,8.333333969116211,8.333333969116211,0,4.1666669845581055,4.545454502105713,4.34782600402832,4.1666669845581055,9.090909004211426,8.333333969116211,0,0,8.333333969116211,4.34782600402832,4.34782600402832,4.34782600402832,4.1666669845581055,97369.20104980469,249538.30474853516,0,404327403520,8589930496,5156491264,114688
9,1791557702100,2499,2499,2499,2499,2499,2499,2499,2499,2499,2500,2500,2500,2500,2499,2499,2499,8.333333969116211,8.333333969116211,0,4.1666669845581055,4.545454502105713,4.34782600402832,4.1666669845581055,9.090909004211426,8.333333969116211,0,0,8.333333969116211,4.34782600402832,4.34782600402832,4.34782600402832,4.1666669845581055,97369.35430908203,249538.67987060547,0,404327403520,8589930496,5156491264,114688
10,1791557702110,2499,2499,2499,2499,2499,2499,2499,2499,2499,2500,2500,2500,2500,2499,2499,2499,8.333333969116211,8.333333969116211,0,4.1666669845581055,4.545454502105713,4.34782600402832,4.1666669845581055,9.090909004211426,8.333333969116211,0,0,8.333333969116211,4.34782600402832,4.34782600402832,4.34782600402832,4.1666669845581055,97369.5015258789,249539.05639648438,0,404327403520,8589930496,5156491264,114688
10,1791557702120,2499,2499,2499,2499,2499,2499,2499,2499,2499,2500,2500,2500,2500,2499,2499,2499,8.333333969116211,8.333333969116211,0,4.1666669845581055,4.545454502105713,4.34782600402832,4.1666669845581055,9.090909004211426,8.333333969116211,0,0,8.333333969116211,4.34782600402832,4.34782600402832,4.34782600402832,4.1666669845581055,97369.6586303711,249539.43408203125,0,404327403520,8589930496,5149159424,114688
10,1791557702130,2499,2499,2499,2499,2499,2499,2499,2499,2499,2500,2500,2500,2500,2499,2499,2499,8.333333969116211,8.333333969116211,0,4.1666669845581055,4.545454502105713,4.34782600402832,4.1666669845581055,9.090909004211426,8.333333969116211,0,0,8.333333969116211,4.34782600402832,4.34782600402832,4.34782600402832,4.1666669845581055,97369.80871582031,249539.81024169922,0,404327403520,8589930496,5149159424,114688
9,1791557702141,2499,2499,2499,2499,2499,2499,2499,2499,2499,2500,2500,2500,2500,2499,2499,2499,8.333333969116211,8.333333969116211,0,4.1666669845581055,4.545454502105713,4.34782600402832,4.1666669845581055,9.090909004211426,8.333333969116211,0,0,8.333333969116211,4.34782600402832,4.34782600402832,4.34782600402832,4.1666669845581055,97369.96594238281,249540.1854248047,0,404327403520,8589930496,5149159424,114688
9,1791557702151,2499,2499,2499,2499,2499,2499,2499,2499,2499,2500,2500,2500,2500,2499,2499,2499,8.333333969116211,8.333333969116211,0,4.1666669845581055,4.545454502105713,4.34782600402832,4.1666669845581055,9.090909004211426,8.333333969116211,0,0,8.333333969116211,4.34782600402832,4.34782600402832,4.34782600402832,4.1666669845581055,97370.12188720703,249540.55938720703,0,404327403520,8589930496,5149159424,114688
9,1791557702161,2499,2499,2499,2499,2499,2499,2499,2499,2499,2500,2500,2500,2500,2499,2499,2499,25,57.894737243652344,0,0,5,0,0,15.789472579956055,0,0,0,0,0,0,0,0,97370.29327392578,249540.97509765625,0,404327403520,8589930496,5149159424,114688
10,1791557702171,2499,2499,2499,2499,2499,2499,2499,2499,2499,2500,2500,2500,2500,2499,2499,2499,25,57.894737243652344,0,0,5,0,0,15.789472579956055,0,0,0,0,0,0,0,0,97370.43280029297,249541.2944946289,0,404327403520,8589930496,5149159424,114688
9,1791557702181,2499,2499,2499,2499,2499,2499,2499,2499,2499,2500,2500,2500,2500,2499,2499,2499,25,57.894737243652344,0,0,5,0,0,15.789472579956055,0,0,0,0,0,0,0,0,97370.61694335938,249541.68981933594,0,404327403520,8589930496,5158072320,114688
10,1791557702191,2499,2499,2499,2499,2499,2499,2499,2499,2499,2500,2500,2500,2500,2499,2499,2499,25,57.894737243652344,0,0,5,0,0,15.789472579956055,0,0,0,0,0,0,0,0,97370.76672363281,249542.03240966797,0,404327403520,8589930496,5158072320,114688
9,1791557702201,2499,2499,2499,2499,2499,2499,2499,2499,2499,2500,2500,2500,2500,2499,2499,2499,25,57.894737243652344,0,0,5,0,0,15.789472579956055,0,0,0,0,0,0,0,0,97370.95361328125,249542.44775390625,0,404327403520,8589930496,5166002176,114688
9,1791557702211,2499,2499,2499,2499,2499,2499,2499,2499,2499,2500,2500,2500,2500,2499,2499,2499,25,57.894737243652344,0,0,5,0,0,15.789472579956055,0,0,0,0,0,0,0,0,97371.12475585938,249542.82513427734,0,404327403520,8589930496,5181861888,114688
9,1791557702221,2499,2499,2499,2499,2499,2499,2499,2499,2499,2500,2500,2500,2500,2499,2499,2499,25,57.894737243652344,0,0,5,0,0,15.789472579956055,0,0,0,0,0,0,0,0,97371.29174804688,249543.2021484375,0,404327403520,8589930496,5198712832,114688
10,1791557702231,2499,2499,2499,2499,2499,2499,2499,2499,2499,2500,2500,2500,2500,2499,2499,2499,25,57.894737243652344,0,0,5,0,0,15.789472579956055,0,0,0,0,0,0,0,0,97371.45422363281,249543.5796508789,0,404327403520,8589930496,5212094464,114688
9,1791557702241,2499,2499,2499,2499,2499,2499,2499,2499,2499,2500,2500,2500,2500,2499,2499,2499,25,57.894737243652344,0,0,5,0,0,15.789472579956055,0,0,0,0,0,0,0,0,97371.62866210938,249543.95770263672,0,404327403520,8589930496,5223493632,114688
10,1791557702251,2499,2499,2499,2499,2499,2499,2499,2499,2499,2500,2500,2500,2500,2499,2499,2499,25,57.894737243652344,0,0,5,0,0,15.789472579956055,0,0,0,0,0,0,0,0,97371.79455566406,249544.3367919922,0,404327403520,8589930496,5239848960,114688
9,1791557702261,2499,2499,2499,2499,2499,2499,2499,2499,2499,2500,2500,2500,2500,2499,2499,2499,25,57.894737243652344,0,0,5,0,0,15.789472579956055,0,0,0,0,0,0,0,0,97371.9614868164,249544.7099609375,0,404327403520,8589930496,5256204288,114688
10,1791557702271,2499,2499,2499,2499,2499,2499,2499,2499,2499,2500,2500,2500,2500,2499,2499,2499,25,57.894737243652344,0,0,5,0,0,15.789472579956055,0,0,0,0,0,0,0,0,97372.12371826172,249545.0877685547,0,404327403520,8589930496,5264629760,114688
9,1791557702282,2499,2499,2499,2499,2499,2499,2499,2499,2499,2500,2500,2500,2500,2499,2499,2499,25,57.894737243652344,0,0,5,0,0,15.789472579956055,0,0,0,0,0,0,0,0,97372.27880859375,249545.46142578125,0,404327403520,8589930496,5264629760,114688
9,1791557702292,2499,2499,2499,2499,2499,2499,2499,2499,2499,2500,2500,2500,2500,2499,2499,2499,25,57.894737243652344,0,0,5,0,0,15.789472579956055,0,0,0,0,0,0,0,0,97372.43005371094,249545.8392944336,0,404327403520,8589930496,5264629760,114688
9,1791557702302,2499,2499,2499,2499,2499,2499,2499,2499,2499,2500,2500,2500,2500,2499,2499,2499,25,57.894737243652344,0,0,5,0,0,15.789472579956055,0,0,0,0,0,0,0,0,97372.580078125,249546.21704101563,0,404327403520,8589930496,5264629760,114688
10,1791557702312,2499,2499,2499,2499,2499,2499,2499,2499,2499,2500,2500,2500,2500,2499,2499,2499,25,57.894737243652344,0,0,5,0,0,15.789472579956055,0,0,0,0,0,0,0,0,97372.73736572266,249546.59490966797,0,404327403520,8589930496,5273055232,114688
9,1791557702322,2499,2499,2499,2499,2499,2499,2499,2499,2499,2500,2500,2500,2500,2499,2499,2499,25,57.894737243652344,0,0,5,0,0,15.789472579956055,0,0,0,0,0,0,0,0,97372.8998413086,249546.9697265625,0,404327403520,8589930496,5273055232,114688
9,1791557702332,2499,2499,2499,2499,2499,2499,2499,2499,2499,2500,2500,2500,2500,2499,2499,2499,25,57.894737243652344,0,0,5,0,0,15.789472579956055,0,0,0,0,0,0,0,0,97373.05676269531,249547.34442138672,0,404327403520,8589930496,5273055232,114688
9,1791557702342,2499,2499,2499,2499,2499,2499,2499,2499,2499,2500,2500,2500,2500,2499,2499,2499,25,57.894737243652344,0,0,5,0,0,15.789472579956055,0,0,0,0,0,0,0,0,97373.21112060547,249547.7202758789,0,404327403520,8589930496,5280985088,114688
9,1791557702352,2499,2499,2499,2499,2499,2499,2499,2499,2499,2500,2500,2500,2500,2499,2499,2499,25,57.894737243652344,0,0,5,0,0,15.789472579956055,0,0,0,0,0,0,0,0,97373.36853027344,249548.0961303711,0,404327403520,8589930496,5280985088,114688
9,1791557702362,2499,2499,2499,2499,2499,2499,2499,2499,2499,2500,2500,2500,2500,2499,2499,2499,0,5,0,0,10,0,0,10.526315689086914,90,0,0,0,0,0,0,0,97373.53771972656,249548.5106201172,0,404327403520,8589930496,5280985088,114688
9,1791557702372,2499,2499,2499,2499,2499,2499,2499,2499,2499,2500,2500,2500,2500,2499,2499,2499,0,5,0,0,10,0,0,10.526315689086914,90,0,0,0,0,0,0,0,97373.69500732422,249548.88452148438,0,404327403520,8589930496,5280985088,114688
9,1791557702382,2499,2499,2499,2499,2499,2499,2499,2499,2499,2500,2500,2500,2500,2499,2499,2499,0,5,0,0,10,0,0,10.526315689086914,90,0,0,0,0,0,0,0,97373.85040283203,249549.26025390625,0,404327403520,8589930496,5280985088,114688
9,1791557702392,2499,2499,2499,2499,2499,2499,2499,2499,2499,2500,2500,2500,2500,2499,2499,2499,0,5,0,0,10,0,0,10.526315689086914,90,0,0,0,0,0,0,0,97374.005859375,249549.63555908203,0,404327403520,8589930496,5280985088,114688
9,1791557702402,2499,2499,2499,2499,2499,2499,2499,2499,2499,2500,2500,2500,2500,2499,2499,2499,0,5,0,0,10,0,0,10.526315689086914,90,0,0,0,0,0,0,0,97374.16314697266,249550.01196289063,0,404327403520,8589930496,5280985088,114688
9,1791557702413,2499,2499,2499,2499,2499,2499,2499,2499,2499,2500,2500,2500,2500,2499,2499,2499,0,5,0,0,10,0,0,10.526315689086914,90,0,0,0,0,0,0,0,97374.31646728516,249550.38623046875,0,404327403520,8589930496,5280985088,114688
9,1791557702423,2499,2499,2499,2499,2499,2499,2499,2499,2499,2500,2500,2500,2500,2499,2499,2499,0,5,0,0,10,0,0,10.526315689086914,90,0,0,0,0,0,0,0,97374.47064208984,249550.76165771484,0,404327403520,8589930496,5280985088,114688
10,1791557702433,2499,2499,2499,2499,2499,2499,2499,2499,2499,2500,2500,2500,2500,2499,2499,2499,0,5,0,0,10,0,0,10.526315689086914,90,0,0,0,0,0,0,0,97374.6245727539,249551.13671875,0,404327403520,8589930496,5280985088,114688
9,1791557702443,2499,2499,2499,2499,2499,2499,2499,2499,2499,2500,2500,2500,2500,2499,2499,2499,0,5,0,0,10,0,0,10.526315689086914,90,0,0,0,0,0,0,0,97374.7798461914,249551.51623535156,0,404327403520,8589930496,5280985088,114688
9,1791557702453,2499,2499,2499,2499,2499,2499,2499,2499,2499,2500,2500,2500,2500,2499,2499,2499,0,5,0,0,10,0,0,10.526315689086914,90,0,0,0,0,0,0,0,97374.9330444336,249551.8963623047,0,404327403520,8589930496,5280985088,114688
9,1791557702463,2499,2499,2499,2499,2499,2499,2499,2499,2499,2500,2500,2500,2500,2499,2499,2499,0,5,0,0,10,0,0,10.526315689086914,90,0,0,0,0,0,0,0,97375.10070800781,249552.2777709961,0,404327403520,8589930496,5280985088,114688
9,1791557702473,2499,2499,2499,2499,2499,2499,2499,2499,2499,2500,2500,2500,2500,2499,2499,2499,0,5,0,0,10,0,0,10.526315689086914,90,0,0,0,0,0,0,0,97375.2583618164,249552.65454101563,0,404327403520,8589930496,5280985088,114688
9,1791557702483,2499,2499,2499,2499,2499,2499,2499,2499,2499,2500,2500,2500,2500,2499,2499,2499,0,5,0,0,10,0,0,10.526315689086914,90,0,0,0,0,0,0,0,97375.41925048828,249553.03283691406,0,404327403520,8589930496,5289410560,114688
10,1791557702493,2499,2499,2499,2499,2499,2499,2499,2499,2499,2500,2500,2500,2500,2499,2499,2499,0,5,0,0,10,0,0,10.526315689086914,90,0,0,0,0,0,0,0,97375.57147216797,249553.4047241211,0,404327403520,8589930496,5289410560,114688
9,1791557702503,2499,2499,2499,2499,2499,2499,2499,2499,2499,2500,2500,2500,2500,2499,2499,2499,0,5,0,0,10,0,0,10.526315689086914,90,0,0,0,0,0,0,0,97375.72595214844,249553.779296875,0,404327403520,8589930496,5289410560,114688
9,1791557702513,2499,2499,2499,2499,2499,2499,2499,2499,2499,2500,2500,2500,2500,2499,2499,2499,0,5,0,0,10,0,0,10.526315689086914,90,0,0,0,0,0,0,0,97375.90130615234,249554.19470214844,0,404327403520,8589930496,5289410560,114688
9,1791557702523,2499,2499,2499,2499,2499,2499,2499,2499,2499,2500,2500,2500,2500,2499,2499,2499,0,5,0,0,10,0,0,10.526315689086914,90,0,0,0,0,0,0,0,97376.0576171875,249554.5732421875,0,404327403520,8589930496,5289410560,114688
9,1791557702533,2499,2499,2499,2499,2499,2499,2499,2499,2499,2500,2500,2500,2500,2499,2499,2499,0,5,0,0,10,0,0,10.526315689086914,90,0,0,0,0,0,0,0,97376.21307373047,249554.9520263672,0,404327403520,8589930496,5289410560,114688
10,1791557702543,2499,2499,2499,2499,2499,2499,2499,2499,2499,2500,2500,2500,2500,2499,2499,2499,0,5,0,0,10,0,0,10.526315689086914,90,0,0,0,0,0,0,0,97376.35827636719,249555.287109375,0,404327403520,8589930496,5289410560,114688
9,1791557702553,2499,2499,2499,2499,2499,2499,2499,2499,2499,2500,2500,2500,2500,2499,2499,2499,0,5,0,0,10,0,0,10.526315689086914,90,0,0,0,0,0,0,0,97376.52624511719,249555.7012939453,0,404327403520,8589930496,5289410560,114688
9,1791557702564,2499,2499,2499,2499,2499,2499,2499,2499,2499,2500,2500,2500,2500,2499,2499,2499,0,5,0,0,0,5,0,10,100,0,0,0,0,0,0,0,97376.67810058594,249556.08074951172,0,404327403520,8589930496,5289410560,114688
9,1791557702574,2499,2499,2499,2499,2499,2499,2499,2499,2499,2500,2500,2500,2500,2499,2499,2499,0,5,0,0,0,5,0,10,100,0,0,0,0,0,0,0,97376.83087158203,249556.45526123047,0,404327403520,8589930496,5289410560,114688
9,1791557702584,2499,2499,2499,2499,2499,2499,2499,2499,2499,2500,2500,2500,2500,2499,2499,2499,0,5,0,0,0,5,0,10,100,0,0,0,0,0,0,0,97376.98596191406,249556.83587646484,0,404327403520,8589930496,5293375488,114688
10,1791557702594,2499,2499,2499,2499,2499,2499,2499,2499,2499,2500,2500,2500,2500,2499,2499,2499,0,5,0,0,0,5,0,10,100,0,0,0,0,0,0,0,97377.1351928711,249557.2117919922,0,404327403520,8589930496,5293375488,114688
9,1791557702604,2499,2499,2499,2499,2499,2499,2499,2499,2499,2500,2500,2500,2500,2499,2499,2499,0,5,0,0,0,5,0,10,100,0,0,0,0,0,0,0,97377.28894042969,249557.58862304688,0,404327403520,8589930496,5293375488,114688
9,1791557702614,2499,2499,2499,2499,2499,2499,2499,2499,2499,2500,2500,2500,2500,2499,2499,2499,0,5,0,0,0,5,0,10,100,0,0,0,0,0,0,0,97377.44647216797,249557.96405029297,0,404327403520,8589930496,5293375488,114688
9,1791557702624,2499,2499,2499,2499,2499,2499,2499,2499,2499,2500,2500,2500,2500,2499,2499,2499,0,5,0,0,0,5,0,10,100,0,0,0,0,0,0,0,97377.60119628906,249558.34088134766,0,404327403520,8589930496,5293375488,114688
9,1791557702634,2499,2499,2499,2499,2499,2499,2499,2499,2499,2500,2500,2500,2500,2499,2499,2499,0,5,0,0,0,5,0,10,100,0,0,0,0,0,0,0,97377.75518798828,249558.71600341797,0,404327403520,8589930496,5293375488,114688
10,1791557702644,2499,2499,2499,2499,2499,2499,2499,2499,2499,2500,2500,2500,2500,2499,2499,2499,0,5,0,0,0,5,0,10,100,0,0,0,0,0,0,0,97377.90588378906,249559.0912475586,0,404327403520,8589930496,5293375488,114688
9,1791557702654,2499,2499,2499,2499,2499,2499,2499,2499,2499,2500,2500,2500,2500,2499,2499,2499,0,5,0,0,0,5,0,10,100,0,0,0,0,0,0,0,97378.05969238281,249559.46551513672,0,404327403520,8589930496,5293375488,114688
10,1791557702664,2499,2499,2499,2499,2499,2499,2499,2499,2499,2500,2500,2500,2500,2499,2499,2499,0,5,0,0,0,5,0,10,100,0,0,0,0,0,0,0,97378.21118164063,249559.8426513672,0,404327403520,8589930496,5293375488,114688
9,1791557702674,2499,2499,2499,2499,2499,2499,2499,2499,2499,2500,2500,2500,2500,2499,2499,2499,0,5,0,0,0,5,0,10,100,0,0,0,0,0,0,0,97378.36444091797,249560.21740722656,0,404327403520,8589930496,5293375488,114688
9,1791557702684,2499,2499,2499,2499,2499,2499,2499,2499,2499,2500,2500,2500,2500,2499,2499,2499,0,5,0,0,0,5,0,10,100,0,0,0,0,0,0,0,97378.52215576172,249560.59552001953,0,404327403520,8589930496,5293375488,114688
9,1791557702694,2499,2499,2499,2499,2499,2499,2499,2499,2499,2500,2500,2500,2500,2499,2499,2499,0,5,0,0,0,5,0,10,100,0,0,0,0,0,0,0,97378.67364501953,249560.9698486328,0,404327403520,8589930496,5293375488,114688
9,1791557702705,2499,2499,2499,2499,2499,2499,2499,2499,2499,2500,2500,2500,2500,2499,2499,2499,0,5,0,0,0,5,0,10,100,0,0,0,0,0,0,0,97378.8256225586,249561.3461303711,0,404327403520,8589930496,5293375488,114688
9,1791557702715,2499,2499,2499,2499,2499,2499,2499,2499,2499,2500,2500,2500,2500,2499,2499,2499,0,5,0,0,0,5,0,10,100,0,0,0,0,0,0,0,97379.00854492188,249561.76342773438,0,404327403520,8589930496,5293375488,114688
9,1791557702725,2499,2499,2499,2499,2499,2499,2499,2499,2499,2500,2500,2500,2500,2499,2499,2499,0,5,0,0,0,5,0,10,100,0,0,0,0,0,0,0,97379.16040039063,249562.13989257813,0,404327403520,8589930496,5293375488,114688
9,1791557702735,2499,2499,2499,2499,2499,2499,2499,2499,2499,2500,2500,2500,2500,2499,2499,2499,0,5,0,0,0,5,0,10,100,0,0,0,0,0,0,0,97379.31237792969,249562.5170288086,0,404327403520,8589930496,5293375488,114688
9,1791557702745,2499,2499,2499,2499,2499,2499,2499,2499,2499,2500,2500,2500,2500,2499,2499,2499,0,5,0,0,0,5,0,10,100,0,0,0,0,0,0,0,97379.46697998047,249562.89434814453,0,404327403520,8589930496,5293375488,114688
9,1791557702755,2499,2499,2499,2499,2499,2499,2499,2499,2499,2500,2500,2500,2500,2499,2499,2499,0,5,0,0,0,5,0,10,100,0,0,0,0,0,0,0,97379.62280273438,249563.2709350586,0,404327403520,8589930496,5293375488,114688
9,1791557702765,2499,2499,2499,2499,2499,2499,2499,2499,2499,2500,2500,2500,2500,2499,2499,2499,0,0,0,0,0,0,0,5.263157844543457,100,0,0,0,0,4.761904716491699,5,0,97379.77368164063,249563.64575195313,0,404327403520,8589930496,5293375488,114688
9,1791557702775,2499,2499,2499,2499,2499,2499,2499,2499,2499,2500,2500,2500,2500,2499,2499,2499,0,0,0,0,0,0,0,5.263157844543457,100,0,0,0,0,4.761904716491699,5,0,97379.93444824219,249564.0205078125,0,404327403520,8589930496,5293375488,114688
9,1791557702785,2499,2499,2499,2499,2499,2499,2499,2499,2499,2500,2500,2500,2500,2499,2499,2499,0,0,0,0,0,0,0,5.263157844543457,100,0,0,0,0,4.761904716491699,5,0,97380.08953857422,249564.39654541016,0,404327403520,8589930496,5293375488,114688
9,1791557702795,2499,2499,2499,2499,2499,2499,2499,2499,2499,2500,2500,2500,2500,2499,2499,2499,0,0,0,0,0,0,0,5.263157844543457,100,0,0,0,0,4.761904716491699,5,0,97380.24334716797,249564.77215576172,0,404327403520,8589930496,5293375488,114688
10,1791557702805,2499,2499,2499,2499,2499,2499,2499,2499,2499,2500,2500,2500,2500,2499,2499,2499,0,0,0,0,0,0,0,5.263157844543457,100,0,0,0,0,4.761904716491699,5,0,97380.40063476563,249565.1492919922,0,404327403520,8589930496,5293375488,114688
9,1791557702815,2499,2499,2499,2499,2499,2499,2499,2499,2499,2500,2500,2500,2500,2499,2499,2499,0,0,0,0,0,0,0,5.263157844543457,100,0,0,0,0,4.761904716491699,5,0,97380.55261230469,249565.52124023438,0,404327403520,8589930496,5293375488,114688
9,1791557702825,2499,2499,2499,2499,2499,2499,2499,2499,2499,2500,2500,2500,2500,2499,2499,2499,0,0,0,0,0,0,0,5.263157844543457,100,0,0,0,0,4.761904716491699,5,0,97380.7060546875,249565.89697265625,0,404327403520,8589930496,5293375488,114688
9,1791557702835,2499,2499,2499,2499,2499,2499,2499,2499,2499,2500,2500,2500,2500,2499,2499,2499,0,0,0,0,0,0,0,5.263157844543457,100,0,0,0,0,4.761904716491699,5,0,97380.85736083984,249566.27380371094,0,404327403520,8589930496,5293375488,114688
9,1791557702845,2499,2499,2499,2499,2499,2499,2499,2499,2499,2500,2500,2500,2500,2499,2499,2499,0,0,0,0,0,0,0,5.263157844543457,100,0,0,0,0,4.761904716491699,5,0,97381.0298461914,249566.6851196289,0,404327403520,8589930496,5293375488,114688
9,1791557702856,2499,2499,2499,2499,2499,2499,2499,2499,2499,2500,2500,2500,2500,2499,2499,2499,0,0,0,0,0,0,0,5.263157844543457,100,0,0,0,0,4.761904716491699,5,0,97381.18493652344,249567.06201171875,0,404327403520,8589930496,5293375488,114688
10,1791557702866,2499,2499,2499,2499,2499,2499,2499,2499,2499,2500,2500,2500,2500,2499,2499,2499,0,0,0,0,0,0,0,5.263157844543457,100,0,0,0,0,4.761904716491699,5,0,97381.32434082031,249567.39825439453,0,404327403520,8589930496,5293375488,114688
10,1791557702876,2499,2499,2499,2499,2499,2499,2499,2499,2499,2500,2500,2500,2500,2499,2499,2499,0,0,0,0,0,0,0,5.263157844543457,100,0,0,0,0,4.761904716491699,5,0,97381.4790649414,249567.77362060547,0,404327403520,8589930496,5293375488,114688
9,1791557702886,2499,2499,2499,2499,2499,2499,2499,2499,2499,2500,2500,2500,2500,2499,2499,2499,0,0,0,0,0,0,0,5.263157844543457,100,0,0,0,0,4.761904716491699,5,0,97381.65228271484,249568.18786621094,0,404327403520,8589930496,5293375488,114688
9,1791557702896,2499,2499,2499,2499,2499,2499,2499,2499,2499,2500,2500,2500,2500,2499,2499,2499,0,0,0,0,0,0,0,5.263157844543457,100,0,0,0,0,4.761904716491699,5,0,97381.80682373047,249568.5643310547,0,404327403520,8589930496,5293375488,114688
9,1791557702906,2499,2499,2499,2499,2499,2499,2499,2499,2499,2500,2500,2500,2500,2499,2499,2499,0,0,0,0,0,0,0,5.263157844543457,100,0,0,0,0,4.761904716491699,5,0,97381.96337890625,249568.9384765625,0,404327403520,8589930496,5293375488,114688
9,1791557702916,2499,2499,2499,2499,2499,2499,2499,2499,2499,2500,2500,2500,2500,2499,2499,2499,0,0,0,0,0,0,0,5.263157844543457,100,0,0,0,0,4.761904716491699,5,0,97382.11853027344,249569.31561279297,0,404327403520,8589930496,5293375488,114688
10,1791557702926,2499,2499,2499,2499,2499,2499,2499,2499,2499,2500,2500,2500,2500,2499,2499,2499,0,0,0,0,0,0,0,5.263157844543457,100,0,0,0,0,4.761904716491699,5,0,97382.27410888672,249569.6884765625,0,404327403520,8589930496,5293375488,114688
9,1791557702936,2499,2499,2499,2499,2499,2499,2499,2499,2499,2500,2500,2500,2500,2499,2499,2499,0,0,0,0,0,0,0,5.263157844543457,100,0,0,0,0,4.761904716491699,5,0,97382.42791748047,249570.06329345703,0,404327403520,8589930496,5293375488,114688
9,1791557702946,2499,2499,2499,2499,2499,2499,2499,2499,2499,2500,2500,2500,2500,2499,2499,2499,0,0,0,0,0,0,0,5.263157844543457,100,0,0,0,0,4.761904716491699,5,0,97382.57598876953,249570.43786621094,0,404327403520,8589930496,5293375488,114688
9,1791557702956,2499,2499,2499,2499,2499,2499,2499,2499,2499,2500,2500,2500,2500,2499,2499,2499,0,0,0,0,0,0,0,5.263157844543457,100,0,0,0,0,4.761904716491699,5,0,97382.73388671875,249570.81268310547,0,404327403520,8589930496,5293375488,114688
9,1791557702966,2499,2499,2499,2499,2499,2499,2499,2499,2499,2500,2500,2500,2500,2499,2499,2499,0,0,0,0,5.263157844543457,0,0,0,100,5,0,0,0,0,0,0,97382.8857421875,249571.18878173828,0,404327403520,8589930496,5293375488,114688
9,1791557702976,2499,2499,2499,2499,2499,2499,2499,2499,2499,2500,2500,2500,2500,2499,2499,2499,0,0,0,0,5.263157844543457,0,0,0,100,5,0,0,0,0,0,0,97383.03881835938,249571.56506347656,0,404327403520,8589930496,5293375488,114688
9,1791557702987,2499,2499,2499,2499,2499,2499,2499,2499,2499,2500,2500,2500,2500,2499,2499,2499,0,0,0,0,5.263157844543457,0,0,0,100,5,0,0,0,0,0,0,97383.2294921875,249571.953125,0,404327403520,8589930496,5293375488,114688
10,1791557702996,2499,2499,2499,2499,2499,2499,2499,2499,2499,2500,2500,2500,2500,2499,2499,2499,0,0,0,0,5.263157844543457,0,0,0,100,5,0,0,0,0,0,0,97383.40203857422,249572.33221435547,0,404327403520,8589930496,5293375488,114688
9,1791557703007,2499,2499,2499,2499,2499,2499,2499,2499,2499,2500,2500,2500,2500,2499,2499,2499,0,0,0,0,5.263157844543457,0,0,0,100,5,0,0,0,0,0,0,97383.57122802734,249572.71197509766,0,404327403520,8589930496,5293375488,114688
9,1791557703017,2499,2499,2499,2499,2499,2499,2499,2499,2499,2500,2500,2500,2500,2499,2499,2499,0,0,0,0,5.263157844543457,0,0,0,100,5,0,0,0,0,0,0,97383.7562866211,249573.12744140625,0,404327403520,8589930496,5293871104,114688
9,1791557703027,2499,2499,2499,2499,2499,2499,2499,2499,2499,2500,2500,2500,2500,2499,2499,2499,0,0,0,0,5.263157844543457,0,0,0,100,5,0,0,0,0,0,0,97383.92266845703,249573.51245117188,0,404327403520,8589930496,5294862336,114688
9,1791557703037,2499,2499,2499,2499,2499,2499,2499,2499,2499,2500,2500,2500,2500,2499,2499,2499,0,0,0,0,5.263157844543457,0,0,0,100,5,0,0,0,0,0,0,97384.09149169922,249573.90142822266,0,404327403520,8589930496,5294862336,114688
9,1791557703047,2499,2499,2499,2499,2499,2499,2499,2499,2499,2500,2500,2500,2500,2499,2499,2499,0,0,0,0,5.263157844543457,0,0,0,100,5,0,0,0,0,0,0,97384.25592041016,249574.28826904297,0,404327403520,8589930496,5294862336,114688
9,1791557703057,2499,2499,2499,2499,2499,2499,2499,2499,2499,2500,2500,2500,2500,2499,2499,2499,0,0,0,0,5.263157844543457,0,0,0,100,5,0,0,0,0,0,0,97384.42199707031,249574.67608642578,0,404327403520,8589930496,5294862336,114688
9,1791557703067,2499,2499,2499,2499,2499,2499,2499,2499,2499,2500,2500,2500,2500,2499,2499,2499,0,0,0,0,5.263157844543457,0,0,0,100,5,0,0,0,0,0,0,97384.58673095703,249575.06225585938,0,404327403520,8589930496,5294862336,114688
9,1791557703077,2499,2499,2499,2499,2499,2499,2499,2499,2499,2500,2500,2500,2500,2499,2499,2499,0,0,0,0,5.263157844543457,0,0,0,100,5,0,0,0,0,0,0,97384.74676513672,249575.44818115234,0,404327403520,8589930496,5294862336,114688
9,1791557703087,2499,2499,2499,2499,2499,2499,2499,2499,2499,2500,2500,2500,2500,2499,2499,2499,0,0,0,0,5.263157844543457,0,0,0,100,5,0,0,0,0,0,0,97384.91137695313,249575.8299560547,0,404327403520,8589930496,5294092288,114688
9,1791557703097,2499,2499,2499,2499,2499,2499,2499,2499,2499,2500,2500,2500,2500,2499,2499,2499,0,0,0,0,5.263157844543457,0,0,0,100,5,0,0,0,0,0,0,97385.07318115234,249576.21160888672,0,404327403520,8589930496,5294092288,114688
9,1791557703107,2499,2499,2499,2499,2499,2499,2499,2499,2499,2500,2500,2500,2500,2499,2499,2499,0,0,0,0,5.263157844543457,0,0,0,100,5,0,0,0,0,0,0,97385.23663330078,249576.5977783203,0,404327403520,8589930496,5294092288,114688
10,1791557703117,2499,2499,2499,2499,2499,2499,2499,2499,2499,2500,2500,2500,2500,2499,2499,2499,0,0,0,0,5.263157844543457,0,0,0,100,5,0,0,0,0,0,0,97385.40203857422,249576.98614501953,0,404327403520,8589930496,5294092288,114688
9,1791557703127,2499,2499,2499,2499,2499,2499,2499,2499,2499,2500,2500,2500,2500,2499,2499,2499,0,0,0,0,5.263157844543457,0,0,0,100,5,0,0,0,0,0,0,97385.56396484375,249577.3720703125,0,404327403520,8589930496,5294092288,114688
9,1791557703138,2499,2499,2499,2499,2499,2499,2499,2499,2499,2500,2500,2500,2500,2499,2499,2499,0,0,0,0,5.263157844543457,0,0,0,100,5,0,0,0,0,0,0,97385.72827148438,249577.75732421875,0,404327403520,8589930496,5294092288,114688
9,1791557703148,2499,2499,2499,2499,2499,2499,2499,2499,2499,2500,2500,2500,2500,2499,2499,2499,0,0,0,0,5.263157844543457,0,0,0,100,5,0,0,0,0,0,0,97385.89331054688,249578.1430053711,0,404327403520,8589930496,5284208640,114688
9,1791557703158,2499,2499,2499,2499,2499,2499,2499,2499,2499,2500,2500,2500,2500,2499,2499,2499,0,0,0,0,5.263157844543457,0,0,0,100,5,0,0,0,0,0,0,97386.0658569336,249578.5267944336,0,404327403520,8589930496,5284208640,114688
9,1791557703168,2499,2499,2499,2499,2499,2499,2499,2499,2499,2500,2500,2500,2500,2499,2499,2499,4.761904716491699,0,0,0,0,0,0,10,100,0,0,0,0,0,0,0,97386.22760009766,249578.93939208984,0,404327403520,8589930496,5284208640,114688
9,1791557703178,2499,2499,2499,2499,2499,2499,2499,2499,2499,2500,2500,2500,2500,2499,2499,2499,4.761904716491699,0,0,0,0,0,0,10,100,0,0,0,0,0,0,0,97386.37762451172,249579.31732177734,0,404327403520,8589930496,5284208640,114688
9,1791557703188,2499,2499,2499,2499,2499,2499,2499,2499,2499,2500,2500,2500,2500,2499,2499,2499,4.761904716491699,0,0,0,0,0,0,10,100,0,0,0,0,0,0,0,97386.55255126953,249579.69842529297,0,404327403520,8589930496,5284208640,114688
10,1791557703198,2499,2499,2499,2499,2499,2499,2499,2499,2499,2500,2500,2500,2500,2499,2499,2499,4.761904716491699,0,0,0,0,0,0,10,100,0,0,0,0,0,0,0,97386.69049072266,249580.03540039063,0,404327403520,8589930496,5284208640,114688
9,1791557703208,2499,2499,2499,2499,2499,2499,2499,2499,2499,2500,2500,2500,2500,2499,2499,2499,4.761904716491699,0,0,0,0,0,0,10,100,0,0,0,0,0,0,0,97386.86016845703,249580.45135498047,0,404327403520,8589930496,5284208640,114688
9,1791557703218,2499,2499,2499,2499,2499,2499,2499,2499,2499,2500,2500,2500,2500,2499,2499,2499,4.761904716491699,0,0,0,0,0,0,10,100,0,0,0,0,0,0,0,97387.00848388672,249580.82592773438,0,404327403520,8589930496,5284208640,114688
9,1791557703228,2499,2499,2499,2499,2499,2499,2499,2499,2499,2500,2500,2500,2500,2499,2499,2499,4.761904716491699,0,0,0,0,0,0,10,100,0,0,0,0,0,0,0,97387.16137695313,249581.20245361328,0,404327403520,8589930496,5284208640,114688
9,1791557703238,2499,2499,2499,2499,2499,2499,2499,2499,2499,2500,2500,2500,2500,2499,2499,2499,4.761904716491699,0,0,0,0,0,0,10,100,0,0,0,0,0,0,0,97387.31982421875,249581.58038330078,0,404327403520,8589930496,5284208640,114688
9,1791557703248,2499,2499,2499,2499,2499,2499,2499,2499,2499,2500,2500,2500,2500,2499,2499,2499,4.761904716491699,0,0,0,0,0,0,10,100,0,0,0,0,0,0,0,97387.48168945313,249581.9536743164,0,404327403520,8589930496,5250654208,114688
0,1791557703258,2499,2499,2499,2499,2499,2499,2499,2499,2499,2500,2500,2500,2500,2499,2499,2499,4.761904716491699,0,0,0,0,0,0,10,100,0,0,0,0,0,0,0,97387.64056396484,249582.3162841797,0,404327403520,8589930496,5240246272,114688
